openEpochMillis,closeEpochMillis,open,high,low,close,volume,sourceBars
1294005660000,1294005719000,0.752252997728196,0.7528646499932242,0.752252997728196,0.7528079737420579,7500000,1
1294005720000,1294005779000,0.7527909725306574,0.7531311427258829,0.7527909725306574,0.7531311427258829,17410000,1
1294005780000,1294005839000,0.7531595041197825,0.7531651766548921,0.7527513060235159,0.7529836979029404,32190000,1
1294005840000,1294005899000,0.7529723583847237,0.7530233889064595,0.7529666887536896,0.753012048192771,8400000,1
1294005900000,1294005959000,0.7527399735035529,0.7527966395158012,0.7527399735035529,0.7527966395158012,4800000,1
1294005960000,1294006019000,0.7527966395158012,0.7529213347789423,0.7525247204370664,0.7526096740447501,37190000,1
1294006020000,1294006079000,0.7526096740447501,0.7527399735035529,0.7526096740447501,0.7526719855486979,9840000,1
1294006080000,1294006139000,0.7527399735035529,0.7527399735035529,0.7526946468356718,0.7527059779908771,15760000,1
1294006140000,1294006199000,0.7527003123706297,0.7528023065862673,0.7526719855486979,0.7526946468356718,8480000,1
1294006200000,1294006259000,0.7526946468356718,0.7527739720871411,0.7524058176017817,0.7527739720871411,53280000,1
1294006260000,1294006319000,0.752722975363377,0.7527286413248024,0.7524624333130169,0.7526776507425166,33620000,1
1294006320000,1294006379000,0.7525926817887623,0.752722975363377,0.7525926817887623,0.752722975363377,8150000,1
1294006380000,1294006439000,0.752717309487249,0.752717309487249,0.7527003123706297,0.7527003123706297,10550000,1
1294006440000,1294006499000,0.7527003123706297,0.7527116436964163,0.7526663204401592,0.7526889813860015,19820000,1
1294006500000,1294006559000,0.7526663204401592,0.7526663204401592,0.752179439927189,0.7523378899931537,102300000,1
1294006560000,1294006619000,0.7523322299127295,0.7525417096242559,0.7523152501824365,0.7525077320169465,61990000,1
1294006620000,1294006679000,0.7525077320169465,0.7525077320169465,0.7524454477050414,0.7524454477050414,15690000,1
1294006680000,1294006739000,0.7524850819832497,0.7526436608587663,0.7524850819832497,0.7525473728571214,18990000,1
1294006740000,1294006799000,0.7526040098741646,0.7526040098741646,0.7526040098741646,0.7526040098741646,4500000,1
1294006800000,1294006859000,0.7526040098741646,0.7526040098741646,0.752032367473096,0.7521511522955653,82110000,1
1294006860000,1294006919000,0.7522190461862495,0.7523265699174698,0.7522190461862495,0.7523265699174698,19350000,1
1294006920000,1294006979000,0.752258656616491,0.7523378899931537,0.7521511522955653,0.7521511522955653,28450000,1
1294006980000,1294007039000,0.7521624670928921,0.7521624670928921,0.7521454950245575,0.7521454950245575,14310000,1
1294007040000,1294007099000,0.7521058965102287,0.7521737822306466,0.7521058965102287,0.7521737822306466,6150000,1
1294007100000,1294007159000,0.7521737822306466,0.752258656616491,0.7521737822306466,0.752258656616491,4050000,1
1294007160000,1294007219000,0.7522247045637472,0.7522247045637472,0.752190755575614,0.752190755575614,7280000,1
1294007220000,1294007279000,0.7521737822306466,0.752190755575614,0.7521737822306466,0.7521737822306466,6840000,1
1294007280000,1294007339000,0.7521737822306466,0.7521737822306466,0.7519814711765502,0.7519814711765502,18540000,1
1294007340000,1294007399000,0.7519814711765502,0.7519984358432534,0.7519814711765502,0.7519871259804033,7660000,1
1294007400000,1294007459000,0.7520040909022545,0.7522473389250386,0.7519701618239789,0.7520719582449649,71150000,1
1294007460000,1294007519000,0.7520719582449649,0.7520719582449649,0.752066302165199,0.7520719582449649,6150000,1
1294007520000,1294007579000,0.752066302165199,0.7521285237221336,0.752038023042445,0.7520719582449649,36370000,1
1294007580000,1294007639000,0.7520832706597275,0.7520832706597275,0.752038023042445,0.7520719582449649,13360000,1
1294007640000,1294007699000,0.7521115531855684,0.7522303630263731,0.752066302165199,0.752066302165199,7150000,1
1294007700000,1294007759000,0.752066302165199,0.7528023065862673,0.752066302165199,0.7528023065862673,80990000,1
1294007760000,1294007819000,0.7527683054432677,0.7529496803728607,0.7519645072752567,0.7521681246192149,84860000,1
1294007820000,1294007879000,0.7522869523350987,0.7531538316701186,0.7521115531855684,0.7529950377627012,142660000,1
1294007880000,1294007939000,0.7529950377627012,0.7530404006174931,0.7525303834142303,0.7527343073715271,67010000,1
1294007940000,1294007999000,0.7526210026416997,0.7530630840945547,0.7526210026416997,0.7530347299617458,91590000,1
1294008000000,1294008059000,0.7530347299617458,0.7531311427258829,0.7530347299617458,0.7531311427258829,35400000,1
1294008060000,1294008119000,0.7532048867933054,0.753676054958058,0.7532048867933054,0.753641974843431,26400000,1
1294008120000,1294008179000,0.7536362951239732,0.7536362951239732,0.7535851815009911,0.7535851815009911,6000000,1
1294008180000,1294008239000,0.7535851815009911,0.7535851815009911,0.7534659433393611,0.7534659433393611,4500000,1
1294008240000,1294008299000,0.7534716204914141,0.7534716204914141,0.7532275801810759,0.7533978241870837,33610000,1
1294008300000,1294008359000,0.7533978241870837,0.7533978241870837,0.7531027834678877,0.7531027834678877,19140000,1
1294008360000,1294008419000,0.7531651766548921,0.7531651766548921,0.7529893677901267,0.7530063779640214,25880000,1
1294008420000,1294008479000,0.7530347299617458,0.7531878676498279,0.7530347299617458,0.7531878676498279,30300000,1
1294008480000,1294008539000,0.7532162333162604,0.7533637692296102,0.7530800975991807,0.7530800975991807,57550000,1
1294008540000,1294008599000,0.7530857689382243,0.7530857689382243,0.7530347299617458,0.7530347299617458,8630000,1
1294008600000,1294008659000,0.7530574130971746,0.7531254707034192,0.7530574130971746,0.7531254707034192,23860000,1
1294008660000,1294008719000,0.7532219067059346,0.7532219067059346,0.7531084551486259,0.7531084551486259,17480000,1
1294008720000,1294008779000,0.7531084551486259,0.7535454312540504,0.7531027834678877,0.7534829750521788,82740000,1
1294008780000,1294008839000,0.7534943299551671,0.7536476546484987,0.753341067634961,0.7533637692296102,60600000,1
1294008840000,1294008899000,0.7533637692296102,0.7535851815009911,0.7533353924500726,0.7535000075350001,34250000,1
1294008900000,1294008959000,0.7535567880395466,0.753960175823513,0.7533070178081779,0.7535567880395466,106770000,1
1294008960000,1294009019000,0.7535567880395466,0.7538180886188545,0.7535567880395466,0.7538180886188545,32260000,1
1294009020000,1294009079000,0.7538237710787972,0.7538919672810886,0.7537328619990503,0.7537328619990503,16170000,1
1294009080000,1294009139000,0.7537726320232765,0.7539658604258399,0.7537385431741438,0.7539033345144486,31900000,1
1294009140000,1294009199000,0.7539033345144486,0.7540511397482977,0.7538465017753085,0.7540511397482977,71070000,1
1294009200000,1294009259000,0.7540511397482977,0.7541250641006304,0.7537385431741438,0.7540511397482977,148000000,1
1294009260000,1294009319000,0.7540113403305585,0.7541136901799315,0.7538806003905101,0.7538806003905101,53770000,1
1294009320000,1294009379000,0.7539431225308363,0.7539999698400012,0.7537669503342956,0.7539942847233218,41770000,1
1294009380000,1294009439000,0.7539999698400012,0.7542103794432419,0.7537669503342956,0.7542103794432419,61770000,1
1294009440000,1294009499000,0.7541705632145765,0.7541990029489182,0.753960175823513,0.7539999698400012,65090000,1
1294009500000,1294009559000,0.7539999698400012,0.754278645617264,0.7539999698400012,0.7541990029489182,33990000,1
1294009560000,1294009619000,0.7541990029489182,0.754386759003606,0.7541990029489182,0.7543241632659219,35350000,1
1294009620000,1294009679000,0.7543639957152125,0.7543696864085214,0.7541705632145765,0.7541705632145765,30040000,1
1294009680000,1294009739000,0.7541705632145765,0.7542558888528522,0.7541364383644289,0.7541535004034722,19730000,1
1294009740000,1294009799000,0.7541648755250873,0.7542900245144258,0.7541648755250873,0.7542501998763029,40500000,1
1294009800000,1294009859000,0.7542558888528522,0.7542558888528522,0.7542103794432419,0.7542160678191089,13500000,1
1294009860000,1294009919000,0.7541876267977947,0.7541876267977947,0.7541648755250873,0.7541705632145765,10600000,1
1294009920000,1294009979000,0.7541648755250873,0.7541705632145765,0.7541648755250873,0.7541648755250873,5930000,1
1294009980000,1294010039000,0.7541648755250873,0.7542388221806553,0.7541648755250873,0.754233133461553,18040000,1
1294010040000,1294010099000,0.754233133461553,0.754233133461553,0.7541591879213865,0.7541591879213865,29020000,1
1294010100000,1294010159000,0.7541535004034722,0.7541591879213865,0.7540511397482977,0.7540511397482977,25480000,1
1294010160000,1294010219000,0.7540511397482977,0.7540568257223864,0.7539942847233218,0.7539999698400012,30620000,1
1294010220000,1294010279000,0.75402839670942,0.75402839670942,0.7539999698400012,0.7540113403305585,18910000,1
1294010280000,1294010339000,0.7540113403305585,0.7540113403305585,0.7539999698400012,0.7539999698400012,5780000,1
1294010340000,1294010399000,0.7540113403305585,0.7540852568791429,0.7539999698400012,0.7540852568791429,42030000,1
1294010400000,1294010459000,0.7540795704762767,0.7540795704762767,0.7539999698400012,0.7540568257223864,39220000,1
1294010460000,1294010519000,0.7540568257223864,0.7541193770973945,0.7540340823405217,0.7540568257223864,44330000,1
1294010520000,1294010579000,0.7540511397482977,0.7540625117822268,0.7539999698400012,0.75402839670942,41560000,1
1294010580000,1294010639000,0.75402839670942,0.7541136901799315,0.7539999698400012,0.7541136901799315,36690000,1
1294010640000,1294010699000,0.7541136901799315,0.7542274448282624,0.7541136901799315,0.7542274448282624,27950000,1
1294010700000,1294010759000,0.7542274448282624,0.7542957140917526,0.7541648755250873,0.754233133461553,64480000,1
1294010760000,1294010819000,0.754233133461553,0.75439245004036,0.754233133461553,0.7543696864085214,41800000,1
1294010820000,1294010879000,0.7543696864085214,0.7543810680527161,0.7541648755250873,0.7541705632145765,54500000,1
1294010880000,1294010939000,0.7541705632145765,0.7541705632145765,0.7540511397482977,0.7541136901799315,30770000,1
1294010940000,1294010999000,0.7541307511896412,0.7541535004034722,0.7541136901799315,0.7541535004034722,9310000,1
1294011000000,1294011059000,0.7541535004034722,0.7542217562807816,0.7539488068760132,0.7542217562807816,60250000,1
1294011060000,1294011119000,0.7542217562807816,0.754272956297425,0.7539317540976191,0.7540113403305585,62940000,1
1294011120000,1294011179000,0.7539658604258399,0.7539942847233218,0.7538237710787972,0.7538237710787972,33980000,1
1294011180000,1294011239000,0.7538237710787972,0.7539431225308363,0.7538237710787972,0.7539431225308363,38330000,1
1294011240000,1294011299000,0.7539431225308363,0.7539431225308363,0.7538237710787972,0.7538806003905101,25290000,1
1294011300000,1294011359000,0.7538806003905101,0.7538862837929526,0.7538237710787972,0.7538806003905101,34980000,1
1294011360000,1294011419000,0.7538806003905101,0.7539260700095749,0.7538806003905101,0.7539260700095749,8550000,1
1294011420000,1294011479000,0.7539260700095749,0.7539260700095749,0.7537726320232765,0.753829453624412,16660000,1
1294011480000,1294011539000,0.7538237710787972,0.7538408189726657,0.753488652460894,0.753488652460894,46680000,1
1294011540000,1294011599000,0.7535624665606656,0.7535624665606656,0.753443235586631,0.753443235586631,17400000,1
1294011600000,1294011659000,0.7533978241870837,0.7533978241870837,0.753199213660021,0.7532048867933054,48470000,1
1294011660000,1294011719000,0.7532048867933054,0.7532048867933054,0.7530914403626888,0.7531821947729155,43670000,1
1294011720000,1294011779000,0.7531708492754496,0.753255948838856,0.75297802810114,0.753097111872576,77490000,1
1294011780000,1294011839000,0.7531481593058986,0.7533751205400192,0.7531481593058986,0.7533751205400192,26020000,1
1294011840000,1294011899000,0.7533751205400192,0.7536022186049316,0.7533694448420561,0.7534943299551671,47190000,1
1294011900000,1294011959000,0.7535511096040088,0.7536476546484987,0.7535511096040088,0.7535681451673675,33030000,1
1294011960000,1294012019000,0.7535681451673675,0.7535851815009911,0.7535624665606656,0.7535624665606656,19210000,1
1294012020000,1294012079000,0.7535567880395466,0.7535567880395466,0.7533580937026797,0.7533751205400192,29740000,1
1294012080000,1294012139000,0.7533751205400192,0.7534262056702856,0.7532786453036843,0.7533751205400192,40000000,1
1294012140000,1294012199000,0.7533751205400192,0.7533751205400192,0.7533126925655571,0.753318367408434,6380000,1
1294012200000,1294012259000,0.753341067634961,0.7534716204914141,0.753341067634961,0.7534716204914141,20180000,1
1294012260000,1294012319000,0.7534602662728581,0.7536987767468853,0.7534035003126625,0.7536703747249103,42080000,1
1294012320000,1294012379000,0.7536590145154727,0.7537726320232765,0.7536590145154727,0.7537328619990503,39550000,1
1294012380000,1294012439000,0.7537271809095979,0.7537839956582042,0.753693096171239,0.7537839956582042,37200000,1
1294012440000,1294012499000,0.753812406244582,0.753812406244582,0.753812406244582,0.753812406244582,1050000,1
1294012500000,1294012559000,0.7538180886188545,0.7538521846636312,0.7537385431741438,0.7538521846636312,38500000,1
1294012560000,1294012619000,0.7538578676376355,0.7539544913069047,0.7538578676376355,0.7539431225308363,29560000,1
1294012620000,1294012679000,0.753960175823513,0.7540113403305585,0.7537726320232765,0.753829453624412,46140000,1
1294012680000,1294012739000,0.7538180886188545,0.7538465017753085,0.7537555872132903,0.7537555872132903,23030000,1
1294012740000,1294012799000,0.7537555872132903,0.7538806003905101,0.7537555872132903,0.7537669503342956,26550000,1
1294012800000,1294012859000,0.7537669503342956,0.7537669503342956,0.7535851815009911,0.7537612687309675,166000000,1
1294012860000,1294012919000,0.7537612687309675,0.7540227111640603,0.7537442244348802,0.7540227111640603,201000000,1
1294012920000,1294012979000,0.7540227111640603,0.7541193770973945,0.7539885996923728,0.7541080033482395,136000000,1
1294012980000,1294013039000,0.7541080033482395,0.7541819388509284,0.7540056550424129,0.7540795704762767,100000000,1
1294013040000,1294013099000,0.7540795704762767,0.7542672670634112,0.7540454538599587,0.7541193770973945,151000000,1
1294013100000,1294013159000,0.7541193770973945,0.7541478129713424,0.75402839670942,0.7540966299421608,94000000,1
1294013160000,1294013219000,0.7541193770973945,0.7543810680527161,0.7541193770973945,0.754341233800522,136000000,1
1294013220000,1294013279000,0.754341233800522,0.7545518339382323,0.754341233800522,0.75439245004036,126000000,1
1294013280000,1294013339000,0.75439245004036,0.7545290606867724,0.75439245004036,0.7543981411629801,69000000,1
1294013340000,1294013399000,0.7543981411629801,0.7544949033869276,0.7541535004034722,0.7542672670634112,120000000,1
1294013400000,1294013459000,0.754261577915221,0.7545689147789867,0.7541933148304574,0.7545062888099172,107000000,1
1294013460000,1294013519000,0.7545005960554709,0.7547910361016552,0.7544664413326896,0.7547910361016552,168000000,1
1294013520000,1294013579000,0.7547967332397386,0.7548537093511278,0.754734069450629,0.7547397657287768,146000000,1
1294013580000,1294013639000,0.754734069450629,0.7547397657287768,0.7544835183075426,0.7545062888099172,124000000,1
1294013640000,1294013699000,0.7545062888099172,0.754585996393079,0.7544493651308593,0.7545290606867724,132000000,1
1294013700000,1294013759000,0.7545290606867724,0.7548480113529141,0.7545119816502686,0.7548480113529141,164000000,1
1294013760000,1294013819000,0.7548480113529141,0.7552071533221563,0.7548480113529141,0.755161529051064,258000000,1
1294013820000,1294013879000,0.7551786375067022,0.755366881694439,0.7550759983992389,0.7550931029795973,143000000,1
1294013880000,1294013939000,0.7551330166808883,0.7552185602513367,0.7550759983992389,0.7551957467375544,144000000,1
1294013940000,1294013999000,0.7552071533221563,0.7552413751434959,0.755041791563163,0.755041791563163,181000000,1
1294014000000,1294014059000,0.755041791563163,0.755041791563163,0.7547910361016552,0.7549220920401014,278000000,1
1294014060000,1294014119000,0.7549277911567759,0.7550303899731965,0.7548480113529141,0.7549049952063532,148000000,1
1294014120000,1294014179000,0.7549106940648922,0.7550816998399227,0.7549049952063532,0.7550816998399227,146000000,1
1294014180000,1294014239000,0.7550816998399227,0.7550816998399227,0.7547910361016552,0.7550474924872775,168000000,1
1294014240000,1294014299000,0.7550474924872775,0.7550474924872775,0.7548708038619191,0.7549619876639211,166000000,1
1294014300000,1294014359000,0.75496768738298,0.7551216123356667,0.7549391896482738,0.7551216123356667,176000000,1
1294014360000,1294014419000,0.7551216123356667,0.7552584872172501,0.7551216123356667,0.7552584872172501,125000000,1
1294014420000,1294014479000,0.7552527831065058,0.7553098280914831,0.7551330166808883,0.7551330166808883,60000000,1
1294014480000,1294014539000,0.7551330166808883,0.7551387189826771,0.7551330166808883,0.7551330166808883,40000000,1
1294014540000,1294014599000,0.7551045064636946,0.7551159102922298,0.7550189887275665,0.7550189887275665,112000000,1
1294014600000,1294014659000,0.7550189887275665,0.7551387189826771,0.7550189887275665,0.7550246893073403,107000000,1
1294014660000,1294014719000,0.7550189887275665,0.7553440592189742,0.7550189887275665,0.7553440592189742,114000000,1
1294014720000,1294014779000,0.7553440592189742,0.7555266776469878,0.7552641914141566,0.755520969484508,123000000,1
1294014780000,1294014839000,0.755520969484508,0.7556180199785404,0.7554467712204997,0.7554924299658518,120000000,1
1294014840000,1294014899000,0.7554753072895813,0.7556579891940908,0.7554753072895813,0.7556237296076046,144000000,1
1294014900000,1294014959000,0.7556237296076046,0.7556636994272069,0.755452478261855,0.7554695999032999,176000000,1
1294014960000,1294015019000,0.7554695999032999,0.7554695999032999,0.7551330166808883,0.7551387189826771,141000000,1
1294015020000,1294015079000,0.7551387189826771,0.7553041232052086,0.7550189887275665,0.7551330166808883,139000000,1
1294015080000,1294015139000,0.7551330166808883,0.7551387189826771,0.7550759983992389,0.7550816998399227,69000000,1
1294015140000,1294015199000,0.7550816998399227,0.7550816998399227,0.7549049952063532,0.75496768738298,161000000,1
1294015200000,1294015259000,0.75496768738298,0.75496768738298,0.7548537093511278,0.7549106940648922,80000000,1
1294015260000,1294015319000,0.7549106940648922,0.7551387189826771,0.7549106940648922,0.7551387189826771,105000000,1
1294015320000,1294015379000,0.7551387189826771,0.755366881694439,0.7551387189826771,0.7553041232052086,85000000,1
1294015380000,1294015439000,0.7553041232052086,0.7554125307830607,0.7552527831065058,0.755287009063444,130000000,1
1294015440000,1294015499000,0.755287009063444,0.7553440592189742,0.7550759983992389,0.7550759983992389,180000000,1
1294015500000,1294015559000,0.7551102083349064,0.7551387189826771,0.7550531934974819,0.7551387189826771,142000000,1
1294015560000,1294015619000,0.7551387189826771,0.7553041232052086,0.7551387189826771,0.7551957467375544,132000000,1
1294015620000,1294015679000,0.7551900435744655,0.7551957467375544,0.7550759983992389,0.7550816998399227,54000000,1
1294015680000,1294015739000,0.7550816998399227,0.7551957467375544,0.7550759983992389,0.7551330166808883,100000000,1
1294015740000,1294015799000,0.7551330166808883,0.7552470790819216,0.7551330166808883,0.7552356712912265,55000000,1
1294015800000,1294015859000,0.7552356712912265,0.7552356712912265,0.7551330166808883,0.7551387189826771,58000000,1
1294015860000,1294015919000,0.7551387189826771,0.7552071533221563,0.7551330166808883,0.7551330166808883,92000000,1
1294015920000,1294015979000,0.7551330166808883,0.7551729346020238,0.7551330166808883,0.7551330166808883,62000000,1
1294015980000,1294016039000,0.7551330166808883,0.7551501238446202,0.7550759983992389,0.7551387189826771,78000000,1
1294016040000,1294016099000,0.7551387189826771,0.7552128567436732,0.7551330166808883,0.7551957467375544,68000000,1
1294016100000,1294016159000,0.7551957467375544,0.7552356712912265,0.755161529051064,0.7551900435744655,83000000,1
1294016160000,1294016219000,0.7551900435744655,0.7553839994561234,0.7551900435744655,0.7553440592189742,88000000,1
1294016220000,1294016279000,0.7553497647085483,0.7553839994561234,0.7553326484983987,0.7553326484983987,103000000,1
1294016280000,1294016339000,0.7553326484983987,0.7555438026519588,0.7553326484983987,0.7554867223208552,161000000,1
1294016340000,1294016399000,0.7554867223208552,0.7555723460521345,0.7554182373070851,0.755452478261855,132000000,1
1294016400000,1294016459000,0.755481014762099,0.7555552197532356,0.7554753072895813,0.7555552197532356,82000000,1
1294016460000,1294016519000,0.7555552197532356,0.7556294393229561,0.7554753072895813,0.7556237296076046,80000000,1
1294016520000,1294016579000,0.7555323858957215,0.7556294393229561,0.7554981376970905,0.7555894731274604,90000000,1
1294016580000,1294016639000,0.7555894731274604,0.7555951823251175,0.7553440592189742,0.7554239439173264,102000000,1
1294016640000,1294016699000,0.7554239439173264,0.7554239439173264,0.7553041232052086,0.7553041232052086,43000000,1
1294016700000,1294016759000,0.7553041232052086,0.7553041232052086,0.7551900435744655,0.7551900435744655,74000000,1
1294016760000,1294016819000,0.7551957467375544,0.7553041232052086,0.7550759983992389,0.7551786375067022,124000000,1
1294016820000,1294016879000,0.7551786375067022,0.7553098280914831,0.7551786375067022,0.7553041232052086,64000000,1
1294016880000,1294016939000,0.7553098280914831,0.755538094230711,0.7553098280914831,0.7555323858957215,120000000,1
1294016940000,1294016999000,0.755538094230711,0.7557036734755568,0.755481014762099,0.7556636994272069,108000000,1
1294017000000,1294017059000,0.7556579891940908,0.7557436517533254,0.7556465689867535,0.7557036734755568,72000000,1
1294017060000,1294017119000,0.7557036734755568,0.7560521978437391,0.7557036734755568,0.7560521978437391,129000000,1
1294017120000,1294017179000,0.7561093636583596,0.7561608202832578,0.7560464817376972,0.7560464817376972,68000000,1
1294017180000,1294017239000,0.7560464817376972,0.7562065653854007,0.7559378921427816,0.7559607505178331,143000000,1
1294017240000,1294017299000,0.7559607505178331,0.756246596890314,0.7559378921427816,0.7561608202832578,187000000,1
1294017300000,1294017359000,0.756132232404803,0.7562237212256874,0.7560807796704999,0.7561608202832578,121000000,1
1294017360000,1294017419000,0.7561665381183552,0.7562122839123399,0.756103646687888,0.7561265150885046,28000000,1
1294017420000,1294017479000,0.7561265150885046,0.7562180025257681,0.7558750387385957,0.7558750387385957,122000000,1
1294017480000,1294017539000,0.7558293337364422,0.755989325430725,0.7556522790472735,0.7556751201523441,111000000,1
1294017540000,1294017599000,0.7556694097466241,0.7559264634736332,0.7556522790472735,0.7558064833080138,179000000,1
1294017600000,1294017659000,0.7558064833080138,0.7560464817376972,0.7558064833080138,0.7558121957855912,173000000,1
1294017660000,1294017719000,0.7558064833080138,0.7558636119698561,0.7557379403118175,0.7557779222153362,108000000,1
1294017720000,1294017779000,0.7557779222153362,0.7557950586119068,0.755538094230711,0.7556979626382927,102000000,1
1294017780000,1294017839000,0.7556694097466241,0.7557950586119068,0.7556522790472735,0.7557722102558289,83000000,1
1294017840000,1294017899000,0.7557436517533254,0.7558578987150416,0.7557379403118175,0.7557550748953279,74000000,1
1294017900000,1294017959000,0.7557722102558289,0.7561207978586659,0.7557550748953279,0.7560521978437391,164000000,1
1294017960000,1294018019000,0.7560236181778318,0.7561665381183552,0.7560236181778318,0.7560521978437391,71000000,1
1294018020000,1294018079000,0.7560179025039313,0.7560464817376972,0.7559378921427816,0.7560464817376972,103000000,1
1294018080000,1294018139000,0.7559950406725332,0.7560179025039313,0.7558864658528288,0.7560121869164531,103000000,1
1294018140000,1294018199000,0.756000756000756,0.7563724377883669,0.7559950406725332,0.7561894103234978,115000000,1
1294018200000,1294018259000,0.7561608202832578,0.7562809129823181,0.756132232404803,0.7561836921424953,101000000,1
1294018260000,1294018319000,0.7561836921424953,0.7562237212256874,0.755989325430725,0.7560922130062983,131000000,1
1294018320000,1294018379000,0.7560922130062983,0.7561779740479719,0.755989325430725,0.755989325430725,101000000,1
1294018380000,1294018439000,0.7559950406725332,0.7560864962951762,0.7559378921427816,0.7560464817376972,102000000,1
1294018440000,1294018499000,0.7560407657180874,0.7560579140362151,0.7559378921427816,0.7559950406725332,89000000,1
1294018500000,1294018559000,0.7559950406725332,0.7559950406725332,0.7556237296076046,0.7558636119698561,176000000,1
1294018560000,1294018619000,0.7558350465594389,0.7560750631322678,0.7558350465594389,0.7559150351500492,152000000,1
1294018620000,1294018679000,0.7558978933125714,0.7560807796704999,0.7558978933125714,0.7560236181778318,90000000,1
1294018680000,1294018739000,0.7560236181778318,0.7560521978437391,0.7559207492686467,0.7560407657180874,91000000,1
1294018740000,1294018799000,0.7560979298038681,0.7563266726164365,0.7559378921427816,0.7562637545470359,185000000,1
1294018800000,1294018859000,0.7562637545470359,0.7563438339068941,0.7562008469449486,0.7563438339068941,127000000,1
1294018860000,1294018919000,0.7563438339068941,0.7563838799467506,0.7562809129823181,0.7562809129823181,119000000,1
1294018920000,1294018979000,0.7562751934173807,0.7562980721962139,0.7561665381183552,0.7561894103234978,91000000,1
1294018980000,1294019039000,0.7561894103234978,0.7562180025257681,0.7561608202832578,0.7561894103234978,105000000,1
1294019040000,1294019099000,0.7561951285909816,0.7565784496194411,0.7561836921424953,0.7565040435141125,114000000,1
1294019100000,1294019159000,0.7564811522720912,0.7568934067015342,0.7564811522720912,0.756744485224564,189000000,1
1294019160000,1294019219000,0.756767392406596,0.7571398285835429,0.7567559386422285,0.7571398285835429,128000000,1
1294019220000,1294019279000,0.7571914255642969,0.7575700184089516,0.757134096019746,0.7574265674942814,203000000,1
1294019280000,1294019339000,0.7574208305876828,0.7574208305876828,0.7571398285835429,0.7572200935924036,56000000,1
1294019340000,1294019399000,0.757225827458523,0.757225827458523,0.757134096019746,0.7571971589962595,26000000,1
1294019400000,1294019459000,0.7571914255642969,0.7573118458718932,0.757134096019746,0.7573118458718932,53000000,1
1294019460000,1294019519000,0.7573118458718932,0.7573118458718932,0.757248763791393,0.757248763791393,23000000,1
1294019520000,1294019579000,0.7572544980917187,0.7572544980917187,0.7571398285835429,0.7571971589962595,23000000,1
1294019580000,1294019639000,0.7571971589962595,0.7575126315231308,0.7571971589962595,0.7574839413404436,56000000,1
1294019640000,1294019699000,0.7574782035646924,0.7574782035646924,0.757248763791393,0.757248763791393,94000000,1
1294019700000,1294019759000,0.7572200935924036,0.7572659669529131,0.7571971589962595,0.7572659669529131,103000000,1
1294019760000,1294019819000,0.757248763791393,0.7572544980917187,0.7572086261206687,0.7572544980917187,29000000,1
1294019820000,1294019879000,0.7572200935924036,0.7572200935924036,0.7570423868032371,0.7570423868032371,71000000,1
1294019880000,1294019939000,0.7570595805889924,0.757134096019746,0.7570423868032371,0.757134096019746,44000000,1
1294019940000,1294019999000,0.757134096019746,0.7571570267957872,0.7571226311525678,0.7571570267957872,21000000,1
1294020000000,1294020059000,0.7571512939715613,0.7571512939715613,0.7570767751557685,0.7570767751557685,69000000,1
1294020060000,1294020119000,0.7570767751557685,0.7570767751557685,0.7569621594616486,0.7569965405258098,51000000,1
1294020120000,1294020179000,0.7569965405258098,0.7570251937984497,0.7567616654810734,0.7569621594616486,106000000,1
1294020180000,1294020239000,0.7569621594616486,0.7571111666325966,0.7568934067015342,0.7570481179783787,99000000,1
1294020240000,1294020299000,0.7570481179783787,0.7570825068515967,0.756990810131565,0.757019462970393,121000000,1
1294020300000,1294020359000,0.7570251937984497,0.7571971589962595,0.7569335109603972,0.7571398285835429,159000000,1
1294020360000,1294020419000,0.7571398285835429,0.7573692023387562,0.757134096019746,0.7573692023387562,180000000,1
1294020420000,1294020479000,0.7573634663011125,0.7573634663011125,0.7570767751557685,0.7571684927046816,109000000,1
1294020480000,1294020539000,0.7571398285835429,0.7571627597068267,0.7570767751557685,0.7570767751557685,67000000,1
1294020540000,1294020599000,0.7570825068515967,0.7571799589608462,0.7570251937984497,0.7571799589608462,106000000,1
1294020600000,1294020659000,0.7571799589608462,0.7572889057175313,0.7568533066920968,0.7569105937206698,145000000,1
1294020660000,1294020719000,0.7569105937206698,0.7570251937984497,0.7567903009755027,0.7570251937984497,158000000,1
1294020720000,1294020779000,0.7570251937984497,0.7571971589962595,0.7570251937984497,0.7571684927046816,73000000,1
1294020780000,1294020839000,0.7571914255642969,0.7573692023387562,0.7571914255642969,0.7573003756209863,109000000,1
1294020840000,1294020899000,0.7572889057175313,0.7573921473582163,0.7572831708960931,0.7573692023387562,58000000,1
1294020900000,1294020959000,0.7573692023387562,0.7573692023387562,0.7571627597068267,0.7572774361615122,84000000,1
1294020960000,1294021019000,0.7572831708960931,0.7573749384632863,0.7572774361615122,0.7573692023387562,74000000,1
1294021020000,1294021079000,0.7573692023387562,0.7574265674942814,0.7573634663011125,0.7573634663011125,65000000,1
1294021080000,1294021139000,0.7573634663011125,0.7574265674942814,0.7571226311525678,0.7573806746747049,145000000,1
1294021140000,1294021199000,0.7573749384632863,0.7574839413404436,0.7573749384632863,0.7574437787355234,96000000,1
1294021200000,1294021259000,0.7574495159897593,0.7575929755979302,0.7574265674942814,0.7575929755979302,68000000,1
1294021260000,1294021319000,0.7575929755979302,0.7575929755979302,0.7574782035646924,0.7574782035646924,54000000,1
1294021320000,1294021379000,0.7574839413404436,0.7575355852341163,0.7573175811276459,0.7574724658758655,159000000,1
1294021380000,1294021439000,0.7574896792031209,0.7575987151125791,0.7574495159897593,0.7575700184089516,88000000,1
1294021440000,1294021499000,0.7575413238792176,0.7576274139903478,0.7575126315231308,0.7575987151125791,78000000,1
1294021500000,1294021559000,0.7575987151125791,0.7575987151125791,0.7575642793291011,0.757587236170245,30000000,1
1294021560000,1294021619000,0.7575700184089516,0.7575700184089516,0.7575700184089516,0.7575700184089516,51000000,1
1294021620000,1294021679000,0.7575700184089516,0.7576274139903478,0.7575700184089516,0.7576274139903478,53000000,1
1294021680000,1294021739000,0.7575929755979302,0.7576733367176075,0.7575470626112648,0.7575700184089516,56000000,1
1294021740000,1294021799000,0.7575700184089516,0.7577824255099876,0.7574552533309095,0.7577135236709704,141000000,1
1294021800000,1294021859000,0.7577135236709704,0.7579260112627805,0.7576044547141938,0.7578972897592918,121000000,1
1294021860000,1294021919000,0.7578972897592918,0.7578972897592918,0.7577135236709704,0.757799652927759,102000000,1
1294021920000,1294021979000,0.7577766832114576,0.757822624036618,0.7577364895583911,0.7577939103681363,65000000,1
1294021980000,1294022039000,0.7577824255099876,0.7578053955744164,0.7577824255099876,0.7578053955744164,14000000,1
1294022040000,1294022099000,0.7578053955744164,0.757920266787934,0.757799652927759,0.7578685704325155,56000000,1
1294022100000,1294022159000,0.7578570833112291,0.758075398179103,0.7578283670314346,0.7578972897592918,76000000,1
1294022160000,1294022219000,0.757920266787934,0.7581673578625746,0.7579145224001638,0.7581098804460719,52000000,1
1294022220000,1294022279000,0.7581098804460719,0.7581156277955514,0.7577192650123129,0.757822624036618,113000000,1
1294022280000,1294022339000,0.757822624036618,0.7578283670314346,0.757822624036618,0.7578283670314346,71000000,1
1294022340000,1294022399000,0.7578283670314346,0.7578628268283442,0.757822624036618,0.7578628268283442,25000000,1
1294022400000,1294022459000,0.7578628268283442,0.7580121888359965,0.7578628268283442,0.7580006973606415,57000000,1
1294022460000,1294022519000,0.7579719701965422,0.7579719701965422,0.7578513398811689,0.7578628268283442,69000000,1
1294022520000,1294022579000,0.7578455965381613,0.7578455965381613,0.757822624036618,0.7578283670314346,85000000,1
1294022580000,1294022639000,0.7578283670314346,0.7578283670314346,0.757822624036618,0.7578283670314346,32000000,1
1294022640000,1294022699000,0.7578283670314346,0.7578283670314346,0.7578283670314346,0.7578283670314346,18000000,1
1294022700000,1294022759000,0.7578283670314346,0.7578283670314346,0.757822624036618,0.757822624036618,6000000,1
1294022760000,1294022819000,0.757822624036618,0.757822624036618,0.757822624036618,0.757822624036618,7000000,1
1294022820000,1294022879000,0.757822624036618,0.7578283670314346,0.7577135236709704,0.7577135236709704,55000000,1
1294022880000,1294022939000,0.7577135236709704,0.7577135236709704,0.7577077824166332,0.7577135236709704,24000000,1
1294022940000,1294022999000,0.7577364895583911,0.7577537148875872,0.7577077824166332,0.7577192650123129,40000000,1
1294023000000,1294023059000,0.7577364895583911,0.7577881678955465,0.7577192650123129,0.7577824255099876,27000000,1
1294023060000,1294023119000,0.7577824255099876,0.7577824255099876,0.7577307479560212,0.7577364895583911,52000000,1
1294023120000,1294023179000,0.7577077824166332,0.7577422312477742,0.7576618555138842,0.7577192650123129,43000000,1
1294023180000,1294023239000,0.7577537148875872,0.7577939103681363,0.7577077824166332,0.7577307479560212,81000000,1
1294023240000,1294023299000,0.7577135236709704,0.757822624036618,0.7576963001689663,0.757816881128844,71000000,1
1294023300000,1294023359000,0.7578283670314346,0.7579834608008853,0.7578283670314346,0.757937500473711,101000000,1
1294023360000,1294023419000,0.757937500473711,0.7579432452097986,0.7578800579020365,0.7578972897592918,69000000,1
1294023420000,1294023479000,0.7578972897592918,0.7579662250250129,0.7578972897592918,0.7579604799405759,40000000,1
1294023480000,1294023539000,0.7579604799405759,0.7579662250250129,0.7578972897592918,0.7579145224001638,66000000,1
1294023540000,1294023599000,0.7579145224001638,0.7579260112627805,0.7578513398811689,0.7579260112627805,85000000,1
1294023600000,1294023659000,0.757920266787934,0.7579260112627805,0.7578800579020365,0.7578858017673896,48000000,1
1294023660000,1294023719000,0.7578858017673896,0.7578858017673896,0.7578341101132962,0.7578341101132962,45000000,1
1294023720000,1294023779000,0.7578398532822045,0.7578685704325155,0.7577651988754766,0.7577824255099876,87000000,1
1294023780000,1294023839000,0.7577824255099876,0.757822624036618,0.7577250064406627,0.757822624036618,53000000,1
1294023840000,1294023899000,0.7578283670314346,0.7578800579020365,0.7577250064406627,0.7577250064406627,46000000,1
1294023900000,1294023959000,0.7577537148875872,0.7577939103681363,0.7577192650123129,0.7577364895583911,41000000,1
1294023960000,1294024019000,0.7577364895583911,0.7577479730241721,0.7576618555138842,0.7577135236709704,79000000,1
1294024020000,1294024079000,0.7577135236709704,0.7577307479560212,0.7576790774499553,0.7576963001689663,52000000,1
1294024080000,1294024139000,0.7576905591756327,0.7576905591756327,0.7576561150425045,0.7576561150425045,13000000,1
1294024140000,1294024199000,0.7576675960722512,0.7576675960722512,0.7576503746581102,0.7576503746581102,37000000,1
1294024200000,1294024259000,0.7575929755979302,0.7576503746581102,0.7575929755979302,0.7575987151125791,29000000,1
1294024260000,1294024319000,0.7575987151125791,0.7576446343606995,0.7574093570351969,0.7575700184089516,76000000,1
1294024320000,1294024379000,0.7575700184089516,0.7575700184089516,0.7574208305876828,0.7574667282739606,53000000,1
1294024380000,1294024439000,0.7574609907589759,0.7574896792031209,0.7574380415681997,0.7574724658758655,33000000,1
1294024440000,1294024499000,0.7574724658758655,0.7574839413404436,0.7573978838303125,0.7574782035646924,46000000,1
1294024500000,1294024559000,0.7574782035646924,0.7576905591756327,0.7574782035646924,0.757587236170245,98000000,1
1294024560000,1294024619000,0.757610194402776,0.7576274139903478,0.7575528014302596,0.7575528014302596,28000000,1
1294024620000,1294024679000,0.7575528014302596,0.7575528014302596,0.7574954171527262,0.7574954171527262,26000000,1
1294024680000,1294024739000,0.7574954171527262,0.7575413238792176,0.7574437787355234,0.7575241082047436,72000000,1
1294024740000,1294024799000,0.7575241082047436,0.757621674040851,0.7575068933127291,0.7576044547141938,29000000,1
1294024800000,1294024859000,0.7575987151125791,0.7576159341783276,0.7575987151125791,0.7576159341783276,6000000,1
1294024860000,1294024919000,0.7576618555138842,0.7579030338858446,0.7576618555138842,0.7578800579020365,80000000,1
1294024920000,1294024979000,0.7578800579020365,0.757937500473711,0.7578800579020365,0.7579145224001638,57000000,1
1294024980000,1294025039000,0.7579260112627805,0.757937500473711,0.7579087780994679,0.7579087780994679,25000000,1
1294025040000,1294025099000,0.7578858017673896,0.7578858017673896,0.7577192650123129,0.7577192650123129,28000000,1
1294025100000,1294025159000,0.7577192650123129,0.7577594568380214,0.7576733367176075,0.7576905591756327,49000000,1
1294025160000,1294025219000,0.7576963001689663,0.7578685704325155,0.7576963001689663,0.7578513398811689,42000000,1
1294025220000,1294025279000,0.7578513398811689,0.7579432452097986,0.7578513398811689,0.7579432452097986,50000000,1
1294025280000,1294025339000,0.7579432452097986,0.7579719701965422,0.7578685704325155,0.7578685704325155,22000000,1
1294025340000,1294025399000,0.7578628268283442,0.7578628268283442,0.757822624036618,0.757822624036618,12000000,1
1294025400000,1294025459000,0.7578283670314346,0.7578283670314346,0.7577824255099876,0.7577881678955465,13000000,1
1294025460000,1294025519000,0.7577881678955465,0.7577939103681363,0.7577135236709704,0.7577135236709704,48000000,1
1294025520000,1294025579000,0.7577364895583911,0.7577594568380214,0.7575929755979302,0.7576274139903478,74000000,1
1294025580000,1294025639000,0.7576274139903478,0.7576503746581102,0.7575700184089516,0.7575757575757576,76000000,1
1294025640000,1294025699000,0.7575987151125791,0.7576274139903478,0.7575126315231308,0.7575700184089516,77000000,1
1294025700000,1294025759000,0.7575700184089516,0.7575700184089516,0.7575413238792176,0.7575470626112648,55000000,1
1294025760000,1294025819000,0.7575470626112648,0.7576274139903478,0.7575183698204682,0.757621674040851,61000000,1
1294025820000,1294025879000,0.7576388941502701,0.7578628268283442,0.7575355852341163,0.7577364895583911,78000000,1
1294025880000,1294025939000,0.7577479730241721,0.7577594568380214,0.7576675960722512,0.7577020412492992,58000000,1
1294025940000,1294025999000,0.7577135236709704,0.7578111383081109,0.7576963001689663,0.7577651988754766,36000000,1
1294026000000,1294026059000,0.7577651988754766,0.7579087780994679,0.7576446343606995,0.7578341101132962,79000000,1
1294026060000,1294026119000,0.7578341101132962,0.7580179347043352,0.7578341101132962,0.7579604799405759,78000000,1
1294026120000,1294026179000,0.7579949517536213,0.7580351728320195,0.7579145224001638,0.7580121888359965,66000000,1
1294026180000,1294026239000,0.7580121888359965,0.7580639047871736,0.757937500473711,0.758052411743748,91000000,1
1294026240000,1294026299000,0.7580351728320195,0.7580868919195518,0.7580179347043352,0.7580179347043352,55000000,1
1294026300000,1294026359000,0.7580179347043352,0.7580179347043352,0.7579145224001638,0.7579432452097986,58000000,1
1294026360000,1294026419000,0.7579432452097986,0.7580006973606415,0.7578800579020365,0.7578800579020365,31000000,1
1294026420000,1294026479000,0.7578800579020365,0.7579432452097986,0.7578455965381613,0.7578455965381613,38000000,1
1294026480000,1294026539000,0.7578455965381613,0.7578800579020365,0.7577307479560212,0.7577307479560212,74000000,1
1294026540000,1294026599000,0.7577364895583911,0.7577479730241721,0.7577135236709704,0.7577135236709704,28000000,1
1294026600000,1294026659000,0.7576963001689663,0.7577020412492992,0.7576963001689663,0.7576963001689663,6000000,1
1294026660000,1294026719000,0.7577020412492992,0.7577077824166332,0.7576848182692963,0.7576848182692963,21000000,1
1294026720000,1294026779000,0.7576675960722512,0.7577077824166332,0.7576561150425045,0.7576905591756327,19000000,1
1294026780000,1294026839000,0.7576905591756327,0.7577077824166332,0.7575929755979302,0.7576274139903478,50000000,1
1294026840000,1294026899000,0.7576274139903478,0.7576274139903478,0.7576044547141938,0.7576044547141938,24000000,1
1294026900000,1294026959000,0.757610194402776,0.757621674040851,0.757587236170245,0.757587236170245,28000000,1
1294026960000,1294027019000,0.757587236170245,0.7576331540268202,0.7575814968295215,0.7576331540268202,27000000,1
1294027020000,1294027079000,0.7576388941502701,0.7577766832114576,0.7576388941502701,0.7577250064406627,56000000,1
1294027080000,1294027139000,0.7577250064406627,0.7578111383081109,0.7577250064406627,0.7578111383081109,35000000,1
1294027140000,1294027199000,0.757822624036618,0.7579949517536213,0.7577824255099876,0.7577881678955465,62000000,1
1294027200000,1294027259000,0.7577881678955465,0.757799652927759,0.7577250064406627,0.7577766832114576,55000000,1
1294027260000,1294027319000,0.7577766832114576,0.758052411743748,0.7577537148875872,0.758052411743748,70000000,1
1294027320000,1294027379000,0.7580696514395743,0.7580696514395743,0.7580064430547659,0.7580409190488102,56000000,1
1294027380000,1294027439000,0.7580179347043352,0.758052411743748,0.7580006973606415,0.758052411743748,34000000,1
1294027440000,1294027499000,0.7580581582218987,0.7580639047871736,0.7580294267023446,0.7580351728320195,41000000,1
1294027500000,1294027559000,0.7580351728320195,0.758052411743748,0.7580121888359965,0.7580121888359965,30000000,1
1294027560000,1294027619000,0.7580121888359965,0.7580121888359965,0.7579547349432292,0.7579834608008853,30000000,1
1294027620000,1294027679000,0.7579777154551657,0.7580236806597838,0.7579604799405759,0.7579834608008853,52000000,1
1294027680000,1294027739000,0.7579719701965422,0.7579719701965422,0.757920266787934,0.757920266787934,44000000,1
1294027740000,1294027799000,0.757920266787934,0.757920266787934,0.7577939103681363,0.757816881128844,90000000,1
1294027800000,1294027859000,0.757816881128844,0.757816881128844,0.7577307479560212,0.7577479730241721,46000000,1
1294027860000,1294027919000,0.7577479730241721,0.7577479730241721,0.7576963001689663,0.7577307479560212,60000000,1
1294027920000,1294027979000,0.7577307479560212,0.7577881678955465,0.7577307479560212,0.7577766832114576,56000000,1
1294027980000,1294028039000,0.7577594568380214,0.7577651988754766,0.7577422312477742,0.7577594568380214,39000000,1
1294028040000,1294028099000,0.7577594568380214,0.7577939103681363,0.7577594568380214,0.7577766832114576,53000000,1
1294028100000,1294028159000,0.7577766832114576,0.757816881128844,0.7577307479560212,0.7577824255099876,62000000,1
1294028160000,1294028219000,0.7577824255099876,0.757799652927759,0.7577709409999545,0.7577709409999545,46000000,1
1294028220000,1294028279000,0.7577709409999545,0.757816881128844,0.7577651988754766,0.7577651988754766,41000000,1
1294028280000,1294028339000,0.7577709409999545,0.7577939103681363,0.7577537148875872,0.7577537148875872,19000000,1
1294028340000,1294028399000,0.7577537148875872,0.7577939103681363,0.7577479730241721,0.7577537148875872,27000000,1
1294028400000,1294028459000,0.7577537148875872,0.757799652927759,0.7577537148875872,0.757799652927759,43000000,1
1294028460000,1294028519000,0.757799652927759,0.7579030338858446,0.757799652927759,0.7579030338858446,68000000,1
1294028520000,1294028579000,0.7579030338858446,0.7579030338858446,0.7578341101132962,0.7578628268283442,67000000,1
1294028580000,1294028639000,0.7578628268283442,0.7578628268283442,0.7577766832114576,0.7577766832114576,51000000,1
1294028640000,1294028699000,0.7577766832114576,0.7577881678955465,0.7577594568380214,0.7577709409999545,39000000,1
1294028700000,1294028759000,0.7577709409999545,0.7577709409999545,0.7577307479560212,0.7577364895583911,21000000,1
1294028760000,1294028819000,0.7577364895583911,0.7577479730241721,0.7577307479560212,0.7577479730241721,41000000,1
1294028820000,1294028879000,0.7577479730241721,0.7577479730241721,0.7576963001689663,0.7577250064406627,38000000,1
1294028880000,1294028939000,0.7577250064406627,0.7577537148875872,0.7577077824166332,0.7577307479560212,41000000,1
1294028940000,1294028999000,0.7577364895583911,0.7577766832114576,0.7577364895583911,0.7577594568380214,32000000,1
1294029000000,1294029059000,0.7577594568380214,0.7577651988754766,0.7577250064406627,0.7577250064406627,59000000,1
1294029060000,1294029119000,0.7577250064406627,0.7577422312477742,0.7577250064406627,0.7577250064406627,39000000,1
1294029120000,1294029179000,0.7577250064406627,0.7577250064406627,0.7576561150425045,0.7576963001689663,11000000,1
1294029180000,1294029239000,0.7577077824166332,0.7577479730241721,0.7577020412492992,0.7577250064406627,24000000,1
1294029240000,1294029299000,0.7577135236709704,0.7577135236709704,0.7576675960722512,0.7576675960722512,11000000,1
1294029300000,1294029359000,0.7576675960722512,0.7576675960722512,0.7576274139903478,0.7576274139903478,25000000,1
1294029360000,1294029419000,0.7576274139903478,0.7576675960722512,0.7576044547141938,0.7576159341783276,44000000,1
1294029420000,1294029479000,0.7576159341783276,0.7576790774499553,0.7576159341783276,0.7576561150425045,76000000,1
1294029480000,1294029539000,0.7576561150425045,0.7576848182692963,0.7576561150425045,0.7576675960722512,29000000,1
1294029540000,1294029599000,0.7576905591756327,0.7576963001689663,0.7576675960722512,0.7576790774499553,32000000,1
1294029600000,1294029659000,0.7576790774499553,0.7577709409999545,0.7576790774499553,0.7577250064406627,58000000,1
1294029660000,1294029719000,0.7577422312477742,0.7577422312477742,0.7577135236709704,0.7577135236709704,15000000,1
1294029720000,1294029779000,0.7577192650123129,0.7577766832114576,0.7577192650123129,0.7577594568380214,55000000,1
1294029780000,1294029839000,0.7577651988754766,0.7577939103681363,0.7577307479560212,0.7577307479560212,24000000,1
1294029840000,1294029899000,0.7577307479560212,0.7577537148875872,0.7577307479560212,0.7577479730241721,25000000,1
1294029900000,1294029959000,0.7577479730241721,0.7577939103681363,0.7577422312477742,0.7577939103681363,33000000,1
1294029960000,1294030019000,0.7577939103681363,0.757816881128844,0.7577537148875872,0.7577537148875872,50000000,1
1294030020000,1294030079000,0.7577594568380214,0.7577709409999545,0.7577594568380214,0.7577594568380214,16000000,1
1294030080000,1294030139000,0.7577594568380214,0.7577594568380214,0.7576503746581102,0.7576503746581102,45000000,1
1294030140000,1294030199000,0.7576503746581102,0.7576561150425045,0.7575355852341163,0.7576388941502701,91000000,1
1294030200000,1294030259000,0.7576388941502701,0.7576388941502701,0.7576331540268202,0.7576388941502701,43000000,1
1294030260000,1294030319000,0.7576388941502701,0.7577824255099876,0.7576388941502701,0.7577422312477742,64000000,1
1294030320000,1294030379000,0.7577422312477742,0.7577537148875872,0.7577422312477742,0.7577479730241721,20000000,1
1294030380000,1294030439000,0.7577479730241721,0.757822624036618,0.7577479730241721,0.7578053955744164,10000000,1
1294030440000,1294030499000,0.7578053955744164,0.7578111383081109,0.7577709409999545,0.7577709409999545,11000000,1
1294030500000,1294030559000,0.7577939103681363,0.7578111383081109,0.7577939103681363,0.7577939103681363,20000000,1
1294030560000,1294030619000,0.7578111383081109,0.757920266787934,0.7578111383081109,0.7579030338858446,70000000,1
1294030620000,1294030679000,0.7579030338858446,0.7580006973606415,0.7578800579020365,0.7579834608008853,78000000,1
1294030680000,1294030739000,0.7579432452097986,0.758052411743748,0.757937500473711,0.758052411743748,63000000,1
1294030740000,1294030799000,0.7580294267023446,0.758052411743748,0.7579949517536213,0.7579949517536213,36000000,1
1294030800000,1294030859000,0.7579949517536213,0.7579949517536213,0.7579489900329708,0.7579489900329708,10000000,1
1294030860000,1294030919000,0.7579489900329708,0.7579604799405759,0.7579489900329708,0.7579604799405759,15000000,1
1294030920000,1294030979000,0.7579662250250129,0.7582075972401243,0.7579662250250129,0.7582075972401243,81000000,1
1294030980000,1294031039000,0.7582075972401243,0.7582075972401243,0.7580983860085362,0.7581443658501452,30000000,1
1294031040000,1294031099000,0.7581443658501452,0.7581616097287297,0.7580868919195518,0.7580868919195518,16000000,1
1294031100000,1294031159000,0.7580926389204761,0.7582305930879699,0.758052411743748,0.7581673578625746,50000000,1
1294031160000,1294031219000,0.7581673578625746,0.7582305930879699,0.7581328703668605,0.7582133460713176,46000000,1
1294031220000,1294031279000,0.7582018484961066,0.7583398424169807,0.7581960998392624,0.7582478408892731,69000000,1
1294031280000,1294031339000,0.7582535903307501,0.7583570951889825,0.7581788543917509,0.758288088810701,90000000,1
1294031340000,1294031399000,0.758288088810701,0.758288088810701,0.7581673578625746,0.7581673578625746,60000000,1
1294031400000,1294031459000,0.7581443658501452,0.7581443658501452,0.758052411743748,0.758075398179103,56000000,1
1294031460000,1294031519000,0.758075398179103,0.758075398179103,0.7579662250250129,0.7579777154551657,56000000,1
1294031520000,1294031579000,0.7579834608008853,0.7579834608008853,0.7578800579020365,0.7579030338858446,17000000,1
1294031580000,1294031639000,0.7579030338858446,0.7579030338858446,0.7578800579020365,0.7578915457198074,16000000,1
1294031640000,1294031699000,0.7579087780994679,0.7579087780994679,0.7578455965381613,0.7578570833112291,24000000,1
1294031700000,1294031759000,0.7578628268283442,0.7579547349432292,0.7578570833112291,0.757920266787934,31000000,1
1294031760000,1294031819000,0.757920266787934,0.7579604799405759,0.7578743141237457,0.7578915457198074,71000000,1
1294031820000,1294031879000,0.7578915457198074,0.7580179347043352,0.7578743141237457,0.757920266787934,82000000,1
1294031880000,1294031939000,0.757920266787934,0.7579260112627805,0.7578743141237457,0.7579260112627805,28000000,1
1294031940000,1294031999000,0.7579260112627805,0.7579604799405759,0.7578513398811689,0.7578513398811689,53000000,1
1294032000000,1294032059000,0.7578628268283442,0.7578800579020365,0.7578455965381613,0.7578513398811689,14000000,1
1294032060000,1294032119000,0.7578513398811689,0.7578513398811689,0.7578111383081109,0.7578111383081109,11000000,1
1294032120000,1294032179000,0.757816881128844,0.757816881128844,0.757799652927759,0.757799652927759,11000000,1
1294032180000,1294032239000,0.757799652927759,0.7578283670314346,0.7577766832114576,0.7577939103681363,21000000,1
1294032240000,1294032299000,0.7577939103681363,0.7577939103681363,0.7575470626112648,0.7576274139903478,85000000,1
1294032300000,1294032359000,0.7576274139903478,0.7576733367176075,0.7575241082047436,0.7575241082047436,75000000,1
1294032360000,1294032419000,0.7575068933127291,0.7575470626112648,0.7574724658758655,0.7575011551892616,43000000,1
1294032420000,1294032479000,0.7575011551892616,0.7575011551892616,0.7574208305876828,0.7574839413404436,51000000,1
1294032480000,1294032539000,0.7574839413404436,0.7574896792031209,0.7574782035646924,0.7574839413404436,22000000,1
1294032540000,1294032599000,0.7574896792031209,0.7575126315231308,0.7574896792031209,0.7575068933127291,12000000,1
1294032600000,1294032659000,0.7575068933127291,0.7575355852341163,0.7575068933127291,0.7575355852341163,23000000,1
1294032660000,1294032719000,0.7575470626112648,0.7575814968295215,0.7575068933127291,0.7575241082047436,32000000,1
1294032720000,1294032779000,0.7575241082047436,0.757587236170245,0.7574954171527262,0.7574954171527262,28000000,1
1294032780000,1294032839000,0.7574954171527262,0.7576274139903478,0.7574954171527262,0.757621674040851,84000000,1
1294032840000,1294032899000,0.7576331540268202,0.7577077824166332,0.7576274139903478,0.7576848182692963,39000000,1
1294032900000,1294032959000,0.7577135236709704,0.757822624036618,0.7577077824166332,0.757822624036618,35000000,1
1294032960000,1294033019000,0.757822624036618,0.7578283670314346,0.7577364895583911,0.7577594568380214,25000000,1
1294033020000,1294033079000,0.7577594568380214,0.7578111383081109,0.7577594568380214,0.7578111383081109,27000000,1
1294033080000,1294033139000,0.7578111383081109,0.7578685704325155,0.7577651988754766,0.7577881678955465,41000000,1
1294033140000,1294033199000,0.7577881678955465,0.7577881678955465,0.7576274139903478,0.7576733367176075,33000000,1
1294033200000,1294033259000,0.7576733367176075,0.7577709409999545,0.7576733367176075,0.7577651988754766,24000000,1
1294033260000,1294033319000,0.7577651988754766,0.757822624036618,0.7577077824166332,0.757822624036618,22000000,1
1294033320000,1294033379000,0.757799652927759,0.7578283670314346,0.7577766832114576,0.7578283670314346,19000000,1
1294033380000,1294033439000,0.7577651988754766,0.757822624036618,0.7576503746581102,0.7576618555138842,60000000,1
1294033440000,1294033499000,0.7576618555138842,0.7577135236709704,0.7575929755979302,0.7575929755979302,49000000,1
1294033500000,1294033559000,0.7575987151125791,0.7577135236709704,0.7575987151125791,0.7577135236709704,19000000,1
1294033560000,1294033619000,0.7577077824166332,0.7577135236709704,0.7577077824166332,0.7577135236709704,5000000,1
1294033620000,1294033679000,0.7577077824166332,0.7577709409999545,0.7577077824166332,0.7577651988754766,20000000,1
1294033680000,1294033739000,0.7577709409999545,0.7578283670314346,0.7577709409999545,0.757799652927759,23000000,1
1294033740000,1294033799000,0.7578111383081109,0.7579087780994679,0.757799652927759,0.7578628268283442,37000000,1
1294033800000,1294033859000,0.7578455965381613,0.7578800579020365,0.7578455965381613,0.7578513398811689,9000000,1
1294033860000,1294033919000,0.7578570833112291,0.7580294267023446,0.7578570833112291,0.7579547349432292,47000000,1
1294033920000,1294033979000,0.7579489900329708,0.7581098804460719,0.7579489900329708,0.7581098804460719,21000000,1
1294033980000,1294034039000,0.7581098804460719,0.7581098804460719,0.7580006973606415,0.7580236806597838,21000000,1
1294034040000,1294034099000,0.7580236806597838,0.7580926389204761,0.7580236806597838,0.7580926389204761,12000000,1
1294034100000,1294034159000,0.7580868919195518,0.7580868919195518,0.7580581582218987,0.7580581582218987,30000000,1
1294034160000,1294034219000,0.758052411743748,0.758052411743748,0.7578341101132962,0.7578743141237457,31000000,1
1294034220000,1294034279000,0.7578743141237457,0.7578858017673896,0.7578283670314346,0.7578283670314346,17000000,1
1294034280000,1294034339000,0.757816881128844,0.757816881128844,0.7577939103681363,0.7577939103681363,24000000,1
1294034340000,1294034399000,0.7577881678955465,0.7577881678955465,0.7577537148875872,0.7577594568380214,29000000,1
1294034400000,1294034459000,0.7577594568380214,0.7577594568380214,0.7577250064406627,0.7577364895583911,24000000,1
1294034460000,1294034519000,0.7577250064406627,0.7577364895583911,0.7575413238792176,0.7575585403362045,110000000,1
1294034520000,1294034579000,0.7575700184089516,0.7576159341783276,0.7575413238792176,0.7576159341783276,64000000,1
1294034580000,1294034639000,0.7576159341783276,0.7576159341783276,0.7576159341783276,0.7576159341783276,25000000,1
1294034640000,1294034699000,0.757610194402776,0.7576733367176075,0.7574724658758655,0.7574724658758655,53000000,1
1294034700000,1294034759000,0.7574724658758655,0.7575241082047436,0.7574724658758655,0.7574782035646924,102000000,1
1294034760000,1294034819000,0.7574839413404436,0.7574839413404436,0.7574839413404436,0.7574839413404436,34000000,1
1294034820000,1294034879000,0.7575011551892616,0.7575126315231308,0.7574896792031209,0.7575126315231308,20000000,1
1294034880000,1294034939000,0.7575355852341163,0.7575700184089516,0.7574495159897593,0.7574839413404436,73000000,1
1294034940000,1294034999000,0.7574839413404436,0.7574839413404436,0.7574265674942814,0.7574265674942814,111000000,1
1294035000000,1294035059000,0.7574839413404436,0.7575355852341163,0.7574208305876828,0.7574782035646924,56000000,1
1294035060000,1294035119000,0.7574782035646924,0.7575126315231308,0.7574782035646924,0.7574839413404436,48000000,1
1294035120000,1294035179000,0.7574839413404436,0.7574839413404436,0.7574380415681997,0.7574839413404436,51000000,1
1294035180000,1294035239000,0.7574839413404436,0.7575355852341163,0.7574839413404436,0.7575298466759591,40000000,1
1294035240000,1294035299000,0.7575298466759591,0.7576905591756327,0.7575298466759591,0.7576905591756327,82000000,1
1294035300000,1294035359000,0.7576905591756327,0.7580581582218987,0.7576733367176075,0.7580294267023446,133000000,1
1294035360000,1294035419000,0.7580294267023446,0.7580409190488102,0.7578111383081109,0.7579777154551657,91000000,1
1294035420000,1294035479000,0.7579489900329708,0.7579777154551657,0.7578858017673896,0.7578858017673896,48000000,1
1294035480000,1294035539000,0.7578858017673896,0.7578858017673896,0.7578398532822045,0.7578858017673896,67000000,1
1294035540000,1294035599000,0.7578858017673896,0.7578858017673896,0.7577537148875872,0.7577594568380214,41000000,1
1294035600000,1294035659000,0.7577479730241721,0.7577939103681363,0.7577307479560212,0.7577939103681363,35000000,1
1294035660000,1294035719000,0.757822624036618,0.7578972897592918,0.757822624036618,0.7578570833112291,41000000,1
1294035720000,1294035779000,0.7578570833112291,0.7578743141237457,0.7577192650123129,0.7577479730241721,58000000,1
1294035780000,1294035839000,0.7577479730241721,0.7577939103681363,0.7577479730241721,0.7577537148875872,24000000,1
1294035840000,1294035899000,0.7577594568380214,0.757816881128844,0.7576848182692963,0.7576848182692963,37000000,1
1294035900000,1294035959000,0.7576848182692963,0.7577020412492992,0.7576618555138842,0.7576618555138842,57000000,1
1294035960000,1294036019000,0.7576618555138842,0.7577077824166332,0.7576274139903478,0.7576446343606995,32000000,1
1294036020000,1294036079000,0.7576446343606995,0.7576790774499553,0.7576331540268202,0.7576790774499553,49000000,1
1294036080000,1294036139000,0.7577192650123129,0.7577651988754766,0.7577192650123129,0.7577192650123129,9000000,1
1294036140000,1294036199000,0.7577020412492992,0.7578513398811689,0.7576905591756327,0.7578111383081109,44000000,1
1294036200000,1294036259000,0.7578111383081109,0.7578972897592918,0.7578111383081109,0.7578570833112291,48000000,1
1294036260000,1294036319000,0.7578570833112291,0.7578628268283442,0.757822624036618,0.757822624036618,30000000,1
1294036320000,1294036379000,0.757816881128844,0.757816881128844,0.7576503746581102,0.7576503746581102,78000000,1
1294036380000,1294036439000,0.7576503746581102,0.7578111383081109,0.7576503746581102,0.7577651988754766,66000000,1
1294036440000,1294036499000,0.7577709409999545,0.7577766832114576,0.7576331540268202,0.7577479730241721,95000000,1
1294036500000,1294036559000,0.7577479730241721,0.7579087780994679,0.7577364895583911,0.7578685704325155,48000000,1
1294036560000,1294036619000,0.7578685704325155,0.7580006973606415,0.7577479730241721,0.7577594568380214,101000000,1
1294036620000,1294036679000,0.7577594568380214,0.7578283670314346,0.7577594568380214,0.757816881128844,53000000,1
1294036680000,1294036739000,0.757816881128844,0.7578455965381613,0.7577537148875872,0.7577939103681363,42000000,1
1294036740000,1294036799000,0.7577939103681363,0.7577939103681363,0.7577651988754766,0.7577766832114576,13000000,1
1294036800000,1294036859000,0.7577709409999545,0.7579030338858446,0.7577709409999545,0.757822624036618,62000000,1
1294036860000,1294036919000,0.757822624036618,0.757822624036618,0.757822624036618,0.757822624036618,10000000,1
1294036920000,1294036979000,0.757822624036618,0.758052411743748,0.757822624036618,0.7580294267023446,75000000,1
1294036980000,1294037039000,0.7580006973606415,0.758075398179103,0.7579949517536213,0.758075398179103,44000000,1
1294037040000,1294037099000,0.7580696514395743,0.7581156277955514,0.758052411743748,0.7581156277955514,39000000,1
1294037100000,1294037159000,0.758052411743748,0.7580581582218987,0.758052411743748,0.758052411743748,7000000,1
1294037160000,1294037219000,0.7580006973606415,0.7580581582218987,0.7579949517536213,0.7580581582218987,99000000,1
1294037220000,1294037279000,0.7580581582218987,0.7580581582218987,0.7578858017673896,0.7579662250250129,49000000,1
1294037280000,1294037339000,0.7579777154551657,0.7579777154551657,0.7579432452097986,0.7579489900329708,54000000,1
1294037340000,1294037399000,0.7579489900329708,0.7579719701965422,0.7578800579020365,0.757937500473711,131000000,1
1294037400000,1294037459000,0.757937500473711,0.758052411743748,0.757937500473711,0.7580236806597838,101000000,1
1294037460000,1294037519000,0.7580236806597838,0.758075398179103,0.7580121888359965,0.758052411743748,67000000,1
1294037520000,1294037579000,0.758052411743748,0.758052411743748,0.7580006973606415,0.7580121888359965,54000000,1
1294037580000,1294037639000,0.7579949517536213,0.7580006973606415,0.7578972897592918,0.7579432452097986,99000000,1
1294037640000,1294037699000,0.7579432452097986,0.7580466653527191,0.7579145224001638,0.7579777154551657,67000000,1
1294037700000,1294037759000,0.7579777154551657,0.7579777154551657,0.7579145224001638,0.7579547349432292,80000000,1
1294037760000,1294037819000,0.7579547349432292,0.7580639047871736,0.7578341101132962,0.7579087780994679,105000000,1
1294037820000,1294037879000,0.7579087780994679,0.7579087780994679,0.7575298466759591,0.7575298466759591,261000000,1
1294037880000,1294037939000,0.7575355852341163,0.757587236170245,0.7574782035646924,0.757587236170245,164000000,1
1294037940000,1294037999000,0.7575528014302596,0.7575528014302596,0.7573634663011125,0.7573634663011125,150000000,1
1294038000000,1294038059000,0.7573692023387562,0.7573692023387562,0.7570309247132745,0.7571856922191598,120000000,1
1294038060000,1294038119000,0.7571914255642969,0.7572430295779127,0.7570251937984497,0.7572143598131195,154000000,1
1294038120000,1294038179000,0.7572889057175313,0.7573634663011125,0.7572889057175313,0.7573634663011125,34000000,1
1294038180000,1294038239000,0.7573634663011125,0.7574495159897593,0.7573003756209863,0.7573692023387562,75000000,1
1294038240000,1294038299000,0.7574208305876828,0.7574437787355234,0.7573347874161253,0.7574380415681997,70000000,1
1294038300000,1294038359000,0.7574552533309095,0.7575011551892616,0.7573978838303125,0.7574609907589759,44000000,1
1294038360000,1294038419000,0.7574724658758655,0.7576159341783276,0.7573921473582163,0.757587236170245,60000000,1
1294038420000,1294038479000,0.757587236170245,0.7576618555138842,0.7575757575757576,0.7576618555138842,34000000,1
1294038480000,1294038539000,0.7576618555138842,0.7577135236709704,0.7575470626112648,0.7576561150425045,64000000,1
1294038540000,1294038599000,0.7576561150425045,0.7577135236709704,0.7575355852341163,0.7576503746581102,82000000,1
1294038600000,1294038659000,0.7576503746581102,0.7577766832114576,0.7576159341783276,0.7576561150425045,68000000,1
1294038660000,1294038719000,0.7576561150425045,0.7577594568380214,0.757587236170245,0.7576044547141938,77000000,1
1294038720000,1294038779000,0.7576274139903478,0.7577709409999545,0.7576274139903478,0.7576503746581102,70000000,1
1294038780000,1294038839000,0.7576675960722512,0.7577135236709704,0.7575814968295215,0.7575814968295215,62000000,1
1294038840000,1294038899000,0.7575413238792176,0.7575413238792176,0.7574208305876828,0.7574724658758655,58000000,1
1294038900000,1294038959000,0.7574724658758655,0.7575929755979302,0.7574380415681997,0.7574839413404436,40000000,1
1294038960000,1294039019000,0.7574782035646924,0.7574954171527262,0.7573978838303125,0.7574265674942814,39000000,1
1294039020000,1294039079000,0.7574437787355234,0.7575126315231308,0.7574265674942814,0.7574265674942814,47000000,1
1294039080000,1294039139000,0.7574380415681997,0.7574724658758655,0.7572200935924036,0.7573118458718932,127000000,1
1294039140000,1294039199000,0.7573118458718932,0.7573806746747049,0.7571914255642969,0.7573347874161253,75000000,1
1294039200000,1294039259000,0.7573347874161253,0.7574036203893054,0.7573347874161253,0.7573864109730143,24000000,1
1294039260000,1294039319000,0.7573864109730143,0.7574609907589759,0.7573175811276459,0.7573978838303125,77000000,1
1294039320000,1294039379000,0.7574036203893054,0.7575011551892616,0.7573347874161253,0.7574896792031209,70000000,1
1294039380000,1294039439000,0.7574896792031209,0.7575814968295215,0.7574839413404436,0.7575585403362045,46000000,1
1294039440000,1294039499000,0.7575700184089516,0.7575929755979302,0.7574437787355234,0.7575241082047436,46000000,1
1294039500000,1294039559000,0.7575528014302596,0.7576331540268202,0.7575011551892616,0.7576044547141938,67000000,1
1294039560000,1294039619000,0.7576044547141938,0.7579719701965422,0.757587236170245,0.7576963001689663,129000000,1
1294039620000,1294039679000,0.7577135236709704,0.7579489900329708,0.7577135236709704,0.7578743141237457,148000000,1
1294039680000,1294039739000,0.7578685704325155,0.7578800579020365,0.7575929755979302,0.7578398532822045,108000000,1
1294039740000,1294039799000,0.7578570833112291,0.7579719701965422,0.7578570833112291,0.757937500473711,114000000,1
1294039800000,1294039859000,0.757920266787934,0.7581328703668605,0.7577881678955465,0.7581328703668605,168000000,1
1294039860000,1294039919000,0.7581328703668605,0.7581788543917509,0.7578570833112291,0.7578972897592918,175000000,1
1294039920000,1294039979000,0.7579145224001638,0.7579892062337032,0.7578283670314346,0.7578628268283442,276000000,1
1294039980000,1294040039000,0.7578743141237457,0.758075398179103,0.7578570833112291,0.7580121888359965,75000000,1
1294040040000,1294040099000,0.7580294267023446,0.7580466653527191,0.7579777154551657,0.7580006973606415,24000000,1
1294040100000,1294040159000,0.7580121888359965,0.7583340916674249,0.7580006973606415,0.7582420915349852,81000000,1
1294040160000,1294040219000,0.7582420915349852,0.758863525983487,0.7582018484961066,0.7588232169551459,110000000,1
1294040220000,1294040279000,0.7588232169551459,0.7593014426727411,0.7586217360299807,0.7592899120742281,171000000,1
1294040280000,1294040339000,0.7593475685690854,0.7593475685690854,0.7590766591518077,0.7591803888521952,154000000,1
1294040340000,1294040399000,0.7591976798918902,0.7592207358367372,0.758857767288677,0.7588750436353151,192000000,1
1294040400000,1294040459000,0.7588808025923368,0.7589614371693774,0.7588174588720938,0.7588462501612548,121000000,1
1294040460000,1294040519000,0.7588462501612548,0.7589787182367406,0.7587771547374252,0.7588980799878576,80000000,1
1294040520000,1294040579000,0.7588980799878576,0.7589671974377268,0.758857767288677,0.7588808025923368,59000000,1
1294040580000,1294040639000,0.7588808025923368,0.7590478503764878,0.758863525983487,0.7590478503764878,69000000,1
1294040640000,1294040699000,0.759036327478633,0.7590708972218005,0.7587598828474742,0.7588923207686061,129000000,1
1294040700000,1294040759000,0.7589268773953629,0.759584051773249,0.7589211177390222,0.7594975164431212,188000000,1
1294040760000,1294040819000,0.75947444368497,0.7595263593623016,0.7593129736214673,0.7593302707012415,100000000,1
1294040820000,1294040879000,0.7593187392271654,0.7596129012655151,0.7593187392271654,0.759537897143378,123000000,1
1294040880000,1294040939000,0.75951482193175,0.759589821496392,0.7593764001002377,0.7594629078315815,172000000,1
1294040940000,1294040999000,0.7594629078315815,0.759537897143378,0.7592899120742281,0.7593072081033264,117000000,1
1294041000000,1294041059000,0.7593072081033264,0.7593418025255708,0.7590305661608994,0.759191916124477,130000000,1
1294041060000,1294041119000,0.7592092076892708,0.7593302707012415,0.7591054701140176,0.7591054701140176,187000000,1
1294041120000,1294041179000,0.7591054701140176,0.7592495577371325,0.759036327478633,0.7590824211692906,114000000,1
1294041180000,1294041239000,0.7591227577411543,0.7591976798918902,0.7589383969703178,0.7589499168949841,151000000,1
1294041240000,1294041299000,0.7589499168949841,0.7591112325689083,0.7587944274137252,0.7588059429681453,174000000,1
1294041300000,1294041359000,0.7588174588720938,0.7590248049306252,0.7588174588720938,0.7589844787674092,154000000,1
1294041360000,1294041419000,0.7589902393855216,0.7591573353577529,0.7589787182367406,0.7590708972218005,81000000,1
1294041420000,1294041479000,0.759093945466691,0.7591342832633664,0.7589153581701034,0.7589441568889361,98000000,1
1294041480000,1294041539000,0.7589499168949841,0.7590017608840852,0.7588001851472451,0.7588059429681453,157000000,1
1294041540000,1294041599000,0.7588117008764276,0.7589383969703178,0.7587886697675831,0.7588923207686061,171000000,1
1294041600000,1294041659000,0.7589095986886042,0.7591400461557148,0.7588059429681453,0.7591400461557148,207000000,1
1294041660000,1294041719000,0.7591630986001032,0.7592610871100245,0.7591573353577529,0.7592610871100245,106000000,1
1294041720000,1294041779000,0.7592610871100245,0.7593418025255708,0.7591976798918902,0.7592899120742281,73000000,1
1294041780000,1294041839000,0.7592841469062968,0.7593533347001693,0.7592207358367372,0.7592322643343051,140000000,1
1294041840000,1294041899000,0.7592322643343051,0.7592322643343051,0.7589960000910795,0.7589960000910795,137000000,1
1294041900000,1294041959000,0.7589844787674092,0.7591342832633664,0.7589844787674092,0.7590478503764878,117000000,1
1294041960000,1294042019000,0.7590708972218005,0.7592899120742281,0.7590708972218005,0.7592783818259127,82000000,1
1294042020000,1294042079000,0.7592899120742281,0.7593418025255708,0.7591227577411543,0.7592322643343051,201000000,1
1294042080000,1294042139000,0.7592322643343051,0.7593533347001693,0.7590017608840852,0.7590017608840852,249000000,1
1294042140000,1294042199000,0.7590017608840852,0.7592495577371325,0.7589556769884638,0.7590190437878086,116000000,1
1294042200000,1294042259000,0.7590190437878086,0.7590190437878086,0.7586792910900705,0.758863525983487,135000000,1
1294042260000,1294042319000,0.7588347333834164,0.7591861524445794,0.7588347333834164,0.7591861524445794,118000000,1
1294042320000,1294042379000,0.7591861524445794,0.759191916124477,0.7590766591518077,0.759088183274251,40000000,1
1294042380000,1294042439000,0.759088183274251,0.7593072081033264,0.7587598828474742,0.7587713973534054,213000000,1
1294042440000,1294042499000,0.7587713973534054,0.7588232169551459,0.758662023655082,0.7587368548839891,108000000,1
1294042500000,1294042559000,0.7587426117438181,0.7587886697675831,0.7584893925258455,0.7585411736149038,138000000,1
1294042560000,1294042619000,0.7585354198114281,0.7588117008764276,0.7583916030881706,0.7584376185058779,147000000,1
1294042620000,1294042679000,0.7584433708257173,0.7584721337338066,0.758288088810701,0.7584031064191239,152000000,1
1294042680000,1294042739000,0.7584031064191239,0.7584606283087845,0.7581616097287297,0.7583110895413735,124000000,1
1294042740000,1294042799000,0.7583110895413735,0.7584318662732933,0.7582018484961066,0.7582363422678848,139000000,1
1294042800000,1294042859000,0.7582363422678848,0.7582363422678848,0.7579489900329708,0.758052411743748,99000000,1
1294042860000,1294042919000,0.758052411743748,0.758288088810701,0.7580294267023446,0.7580868919195518,134000000,1
1294042920000,1294042979000,0.7580811450057614,0.7581673578625746,0.7580236806597838,0.7580294267023446,53000000,1
1294042980000,1294043039000,0.7580294267023446,0.7582018484961066,0.7580294267023446,0.7581443658501452,70000000,1
1294043040000,1294043099000,0.7581443658501452,0.7581788543917509,0.7580409190488102,0.7580409190488102,65000000,1
1294043100000,1294043159000,0.7580294267023446,0.7581098804460719,0.7579547349432292,0.7580926389204761,85000000,1
1294043160000,1294043219000,0.7581098804460719,0.7581501137225171,0.7580811450057614,0.7580811450057614,34000000,1
1294043220000,1294043279000,0.7580811450057614,0.7581558616820445,0.7580294267023446,0.7580466653527191,103000000,1
1294043280000,1294043339000,0.7580466653527191,0.7580926389204761,0.7580294267023446,0.7580868919195518,29000000,1
1294043340000,1294043399000,0.7580409190488102,0.7582363422678848,0.7580409190488102,0.7582075972401243,89000000,1
1294043400000,1294043459000,0.7582248439952384,0.7583513441777575,0.7582018484961066,0.758322590429969,80000000,1
1294043460000,1294043519000,0.7583168399420646,0.7583801001061732,0.7582535903307501,0.7582535903307501,103000000,1
1294043520000,1294043579000,0.7582363422678848,0.7584663809776632,0.7582363422678848,0.7584433708257173,83000000,1
1294043580000,1294043639000,0.7584318662732933,0.7584318662732933,0.7582305930879699,0.7583398424169807,93000000,1
1294043640000,1294043699000,0.7583398424169807,0.7584376185058779,0.7582708391783378,0.7582765889685922,113000000,1
1294043700000,1294043759000,0.7582420915349852,0.7584318662732933,0.7582420915349852,0.7582420915349852,75000000,1
1294043760000,1294043819000,0.7582420915349852,0.7583513441777575,0.7581616097287297,0.7582593398594187,129000000,1
1294043820000,1294043879000,0.7582593398594187,0.758288088810701,0.7580868919195518,0.7582305930879699,136000000,1
1294043880000,1294043939000,0.7582305930879699,0.7582708391783378,0.758075398179103,0.7581960998392624,98000000,1
1294043940000,1294043999000,0.7582305930879699,0.7582765889685922,0.7580064430547659,0.7580351728320195,76000000,1
1294044000000,1294044059000,0.7580351728320195,0.758173106083581,0.7580121888359965,0.7580811450057614,76000000,1
1294044060000,1294044119000,0.7580639047871736,0.7580983860085362,0.7579547349432292,0.7580983860085362,55000000,1
1294044120000,1294044179000,0.7580983860085362,0.7580983860085362,0.757920266787934,0.7579432452097986,72000000,1
1294044180000,1294044239000,0.757937500473711,0.757937500473711,0.7574265674942814,0.7575700184089516,153000000,1
1294044240000,1294044299000,0.7575700184089516,0.7575700184089516,0.7573921473582163,0.7574609907589759,118000000,1
1294044300000,1294044359000,0.7574495159897593,0.7575068933127291,0.7571168988491823,0.757128363542755,163000000,1
1294044360000,1294044419000,0.757128363542755,0.7571742257893541,0.7569277815203652,0.7571455612341472,220000000,1
1294044420000,1294044479000,0.757134096019746,0.757134096019746,0.7568303943086355,0.7570481179783787,199000000,1
1294044480000,1294044539000,0.7570137322291026,0.7570595805889924,0.7568934067015342,0.757019462970393,163000000,1
1294044540000,1294044599000,0.7570137322291026,0.7570825068515967,0.7569220521670679,0.7570767751557685,150000000,1
1294044600000,1294044659000,0.7570767751557685,0.757099702459817,0.7570251937984497,0.7570251937984497,74000000,1
1294044660000,1294044719000,0.7570251937984497,0.7570251937984497,0.7569105937206698,0.7569277815203652,128000000,1
1294044720000,1294044779000,0.7569277815203652,0.7570481179783787,0.7569277815203652,0.7570423868032371,109000000,1
1294044780000,1294044839000,0.7570423868032371,0.757099702459817,0.756990810131565,0.7570825068515967,96000000,1
1294044840000,1294044899000,0.7570825068515967,0.757134096019746,0.7569965405258098,0.757134096019746,62000000,1
1294044900000,1294044959000,0.757134096019746,0.7573061107030072,0.7571226311525678,0.7572946406258283,99000000,1
1294044960000,1294045019000,0.7573061107030072,0.7574782035646924,0.7573003756209863,0.7573749384632863,139000000,1
1294045020000,1294045079000,0.7573749384632863,0.7574782035646924,0.7573577303503536,0.7573577303503536,99000000,1
1294045080000,1294045139000,0.7573577303503536,0.7574208305876828,0.7571168988491823,0.7571455612341472,155000000,1
1294045140000,1294045199000,0.7571684927046816,0.7573233164702674,0.7570309247132745,0.7570366557148697,146000000,1
1294045200000,1294045259000,0.7570309247132745,0.7570825068515967,0.7568762204629055,0.7569793496033428,144000000,1
1294045260000,1294045319000,0.7569850798240767,0.7573405230193652,0.7569736194693615,0.7573347874161253,153000000,1
1294045320000,1294045379000,0.7573347874161253,0.7573634663011125,0.7572200935924036,0.7572717015137861,126000000,1
1294045380000,1294045439000,0.7572659669529131,0.7573634663011125,0.7571398285835429,0.7572889057175313,156000000,1
1294045440000,1294045499000,0.757248763791393,0.7575183698204682,0.7572430295779127,0.7574036203893054,127000000,1
1294045500000,1294045559000,0.7573864109730143,0.7574036203893054,0.7572946406258283,0.7573519944864775,156000000,1
1294045560000,1294045619000,0.7573921473582163,0.7574552533309095,0.7570767751557685,0.757128363542755,87000000,1
1294045620000,1294045679000,0.757128363542755,0.757128363542755,0.7568704918901328,0.7571111666325966,178000000,1
1294045680000,1294045739000,0.7571742257893541,0.7572831708960931,0.7568132109314101,0.756904864627565,214000000,1
1294045740000,1294045799000,0.7568819491223954,0.756904864627565,0.756555553874321,0.756744485224564,200000000,1
1294045800000,1294045859000,0.7567101270516303,0.7568590350047304,0.7565441065214101,0.7565612776806858,160000000,1
1294045860000,1294045919000,0.7565612776806858,0.75668149762402,0.7565154896546507,0.7565441065214101,92000000,1
1294045920000,1294045979000,0.7565612776806858,0.7566013467503971,0.7565212128548086,0.756555553874321,52000000,1
1294045980000,1294046039000,0.756584173772253,0.7566414200646171,0.7565040435141125,0.7565784496194411,81000000,1
1294046040000,1294046099000,0.7565727255532438,0.756584173772253,0.7560693466804775,0.7560693466804775,161000000,1
1294046100000,1294046159000,0.7560693466804775,0.7562751934173807,0.7560579140362151,0.7562180025257681,133000000,1
1294046160000,1294046219000,0.7561951285909816,0.7563152321887763,0.7561665381183552,0.7563152321887763,80000000,1
1294046220000,1294046279000,0.7563266726164365,0.756555553874321,0.7563152321887763,0.7564983205737283,81000000,1
1294046280000,1294046339000,0.756509766541086,0.7567101270516303,0.756412486857333,0.7567101270516303,116000000,1
1294046340000,1294046399000,0.75668149762402,0.7567330321535866,0.7566127958356031,0.7567101270516303,88000000,1
1294046400000,1294046459000,0.7567044009927961,0.7569449701006737,0.75668149762402,0.7569449701006737,119000000,1
1294046460000,1294046519000,0.7569392404871661,0.7570309247132745,0.7568934067015342,0.7570080015745766,116000000,1
1294046520000,1294046579000,0.7570080015745766,0.7570080015745766,0.7568819491223954,0.7569105937206698,83000000,1
1294046580000,1294046639000,0.7569105937206698,0.7569220521670679,0.7566700464595408,0.7567845737032496,132000000,1
1294046640000,1294046699000,0.7567903009755027,0.7569850798240767,0.7567903009755027,0.7569736194693615,57000000,1
1294046700000,1294046759000,0.7569793496033428,0.7569793496033428,0.7568704918901328,0.7568934067015342,84000000,1
1294046760000,1294046819000,0.7568762204629055,0.756990810131565,0.7568590350047304,0.7568991356211872,175000000,1
1294046820000,1294046879000,0.7568934067015342,0.756904864627565,0.7567960283344433,0.7568533066920968,97000000,1
1294046880000,1294046939000,0.7568533066920968,0.7568876778686043,0.7567903009755027,0.7567903009755027,85000000,1
1294046940000,1294046999000,0.7567903009755027,0.7568704918901328,0.7567330321535866,0.7568361222744439,90000000,1
1294047000000,1294047059000,0.7568189386371205,0.7568590350047304,0.7567158531971245,0.7567960283344433,96000000,1
1294047060000,1294047119000,0.756807483312395,0.7569506998009219,0.7568017557800734,0.7568132109314101,116000000,1
1294047120000,1294047179000,0.7568132109314101,0.7568132109314101,0.7565784496194411,0.756687223336234,138000000,1
1294047180000,1294047239000,0.756687223336234,0.7567044009927961,0.7561779740479719,0.7562580352416244,187000000,1
1294047240000,1294047299000,0.7562580352416244,0.7563266726164365,0.7561779740479719,0.7562351588850068,102000000,1
1294047300000,1294047359000,0.756240877844411,0.7562751934173807,0.7561150807152849,0.7562523160227178,158000000,1
1294047360000,1294047419000,0.7562637545470359,0.7563438339068941,0.7560864962951762,0.7562866326337683,159000000,1
1294047420000,1294047479000,0.7562866326337683,0.7562866326337683,0.756103646687888,0.7561379498075629,94000000,1
1294047480000,1294047539000,0.7561379498075629,0.7561665381183552,0.7561093636583596,0.7561207978586659,45000000,1
1294047540000,1294047599000,0.7561207978586659,0.7563953224513259,0.7560864962951762,0.7563953224513259,78000000,1
1294047600000,1294047659000,0.7564067653021088,0.7567616654810734,0.7564067653021088,0.7567616654810734,93000000,1
1294047660000,1294047719000,0.7567616654810734,0.7567616654810734,0.7565727255532438,0.7566013467503971,60000000,1
1294047720000,1294047779000,0.7566013467503971,0.7566013467503971,0.7564239302274567,0.7564525401676299,48000000,1
1294047780000,1294047839000,0.75644681800646,0.7566013467503971,0.75642965204236,0.7565956223377291,80000000,1
1294047840000,1294047899000,0.7565956223377291,0.7566643210072715,0.7565441065214101,0.7566013467503971,80000000,1
1294047900000,1294047959000,0.7565956223377291,0.7566986750206199,0.7565956223377291,0.7566986750206199,60000000,1
1294047960000,1294048019000,0.7566700464595408,0.7569621594616486,0.7566356950455495,0.7569506998009219,114000000,1
1294048020000,1294048079000,0.7569335109603972,0.7570710435467264,0.756904864627565,0.7570595805889924,147000000,1
1294048080000,1294048139000,0.7570366557148697,0.7570366557148697,0.756904864627565,0.7569506998009219,69000000,1
1294048140000,1294048199000,0.7569564295879129,0.7574208305876828,0.7569163229005034,0.7573634663011125,110000000,1
1294048200000,1294048259000,0.7573634663011125,0.7574208305876828,0.7573577303503536,0.7574208305876828,75000000,1
1294048260000,1294048319000,0.7574208305876828,0.7575757575757576,0.7573749384632863,0.7575011551892616,87000000,1
1294048320000,1294048379000,0.7575183698204682,0.7576388941502701,0.7574782035646924,0.7575413238792176,171000000,1
1294048380000,1294048439000,0.7575528014302596,0.757621674040851,0.7574495159897593,0.7575413238792176,100000000,1
1294048440000,1294048499000,0.7575355852341163,0.7576733367176075,0.7575355852341163,0.7575642793291011,89000000,1
1294048500000,1294048559000,0.7575355852341163,0.7576044547141938,0.7572430295779127,0.7572430295779127,75000000,1
1294048560000,1294048619000,0.7572430295779127,0.7574380415681997,0.7572028925150494,0.7572946406258283,123000000,1
1294048620000,1294048679000,0.7572889057175313,0.7573749384632863,0.7572889057175313,0.7573577303503536,58000000,1
1294048680000,1294048739000,0.7573577303503536,0.7573749384632863,0.757128363542755,0.7572717015137861,77000000,1
1294048740000,1294048799000,0.757248763791393,0.7574208305876828,0.7571856922191598,0.7572200935924036,156000000,1
1294048800000,1294048859000,0.7572430295779127,0.7572889057175313,0.7570825068515967,0.757099702459817,116000000,1
1294048860000,1294048919000,0.7570882386342128,0.7570882386342128,0.7566471451703213,0.7567044009927961,174000000,1
1294048920000,1294048979000,0.7567215794292805,0.7568132109314101,0.7565956223377291,0.7566528703626637,157000000,1
1294048980000,1294049039000,0.7566528703626637,0.7567559386422285,0.7566127958356031,0.756618520508145,69000000,1
1294049040000,1294049099000,0.756618520508145,0.756618520508145,0.75633811339021,0.7563896011557633,76000000,1
1294049100000,1294049159000,0.7564010438334405,0.756618520508145,0.7564010438334405,0.7565441065214101,68000000,1
1294049160000,1294049219000,0.7565441065214101,0.7566757719984565,0.7564239302274567,0.7565269361415613,125000000,1
1294049220000,1294049279000,0.7565269361415613,0.7566414200646171,0.7565269361415613,0.7566414200646171,68000000,1
1294049280000,1294049339000,0.7566299701131162,0.7567158531971245,0.7565898980116817,0.7566299701131162,123000000,1
1294049340000,1294049399000,0.7566414200646171,0.7566528703626637,0.7565498301545631,0.7566242452673153,69000000,1
1294049400000,1294049459000,0.7566070712496878,0.7566299701131162,0.756584173772253,0.7565898980116817,54000000,1
1294049460000,1294049519000,0.7565898980116817,0.7566471451703213,0.7565212128548086,0.7565212128548086,105000000,1
1294049520000,1294049579000,0.7565212128548086,0.7567845737032496,0.7565212128548086,0.7567845737032496,82000000,1
1294049580000,1294049639000,0.7567387586457403,0.7567960283344433,0.7566700464595408,0.7567903009755027,106000000,1
1294049640000,1294049699000,0.7567273057481007,0.7568533066920968,0.7566643210072715,0.7568533066920968,98000000,1
1294049700000,1294049759000,0.7568533066920968,0.7569277815203652,0.7567044009927961,0.7567960283344433,93000000,1
1294049760000,1294049819000,0.7567960283344433,0.7568418503269557,0.7567731194187983,0.756807483312395,61000000,1
1294049820000,1294049879000,0.7568132109314101,0.7569506998009219,0.756767392406596,0.7567903009755027,130000000,1
1294049880000,1294049939000,0.756767392406596,0.7568533066920968,0.7567158531971245,0.7568132109314101,147000000,1
1294049940000,1294049999000,0.7567960283344433,0.756807483312395,0.7566242452673153,0.7566242452673153,130000000,1
1294050000000,1294050059000,0.7566242452673153,0.7566242452673153,0.756509766541086,0.7565383829748603,78000000,1
1294050060000,1294050119000,0.7565441065214101,0.7565670015736593,0.756240877844411,0.7562866326337683,184000000,1
1294050120000,1294050179000,0.7562923523717328,0.75642965204236,0.7562923523717328,0.7563667168389923,120000000,1
1294050180000,1294050239000,0.7563781588242858,0.7564010438334405,0.756132232404803,0.756246596890314,143000000,1
1294050240000,1294050299000,0.756246596890314,0.7563495545101123,0.7562122839123399,0.7563266726164365,144000000,1
1294050300000,1294050359000,0.7563266726164365,0.7564353739438271,0.7562237212256874,0.7563609959761596,185000000,1
1294050360000,1294050419000,0.7563667168389923,0.756555553874321,0.7563552751998669,0.7564868749527195,146000000,1
1294050420000,1294050479000,0.7564868749527195,0.7566242452673153,0.756412486857333,0.7564925977199313,94000000,1
1294050480000,1294050539000,0.756418208499115,0.756418208499115,0.756240877844411,0.7563724377883669,106000000,1
1294050540000,1294050599000,0.7563953224513259,0.7564525401676299,0.7563495545101123,0.75644681800646,67000000,1
1294050600000,1294050659000,0.75644681800646,0.75644681800646,0.755943606606947,0.7560693466804775,161000000,1
1294050660000,1294050719000,0.7560693466804775,0.756132232404803,0.7557836342611838,0.7558293337364422,193000000,1
1294050720000,1294050779000,0.7557893463933733,0.755846472464513,0.7555495111594663,0.7556694097466241,179000000,1
1294050780000,1294050839000,0.7556694097466241,0.7556694097466241,0.7553497647085483,0.7554581853894387,310000000,1
1294050840000,1294050899000,0.7554581853894387,0.7556180199785404,0.7554467712204997,0.7555552197532356,165000000,1
1294050900000,1294050959000,0.7555495111594663,0.7555495111594663,0.7553383538155918,0.7553839994561234,181000000,1
1294050960000,1294051019000,0.7553839994561234,0.755481014762099,0.7553041232052086,0.755481014762099,119000000,1
1294051020000,1294051079000,0.755481014762099,0.7555438026519588,0.755463892603253,0.7555323858957215,70000000,1
1294051080000,1294051139000,0.7555323858957215,0.7555438026519588,0.7553954117282692,0.7553954117282692,82000000,1
1294051140000,1294051199000,0.7554239439173264,0.7554867223208552,0.7554182373070851,0.7554296506137866,51000000,1
1294051200000,1294051259000,0.7554296506137866,0.755481014762099,0.7553383538155918,0.7554068243452511,87000000,1
1294051260000,1294051319000,0.7554068243452511,0.7555552197532356,0.7553897055490928,0.7553897055490928,65000000,1
1294051320000,1294051379000,0.7554011179936546,0.7554011179936546,0.7553326484983987,0.7553954117282692,57000000,1
1294051380000,1294051439000,0.7553897055490928,0.755463892603253,0.7553497647085483,0.7553497647085483,45000000,1
1294051440000,1294051499000,0.7554011179936546,0.7554125307830607,0.7553440592189742,0.7553440592189742,45000000,1
1294051500000,1294051559000,0.7553497647085483,0.7556294393229561,0.7553041232052086,0.7556180199785404,54000000,1
1294051560000,1294051619000,0.7556180199785404,0.7556351491245966,0.7553897055490928,0.7554981376970905,109000000,1
1294051620000,1294051679000,0.7554924299658518,0.7555837640160789,0.7554068243452511,0.7554239439173264,46000000,1
1294051680000,1294051739000,0.7553725875287985,0.7553725875287985,0.7552756000664642,0.7553212381225736,57000000,1
1294051740000,1294051799000,0.7553041232052086,0.7554981376970905,0.7552641914141566,0.7553897055490928,76000000,1
1294051800000,1294051859000,0.7554125307830607,0.7555266776469878,0.7553497647085483,0.755509553418303,106000000,1
1294051860000,1294051919000,0.7555266776469878,0.7555837640160789,0.755463892603253,0.755520969484508,76000000,1
1294051920000,1294051979000,0.755520969484508,0.7555609284332688,0.7555038455145736,0.7555609284332688,92000000,1
1294051980000,1294052039000,0.7555609284332688,0.7556408590125285,0.7555152614082804,0.7556408590125285,49000000,1
1294052040000,1294052099000,0.7556465689867535,0.7558578987150416,0.7556408590125285,0.7558293337364422,85000000,1
1294052100000,1294052159000,0.7558064833080138,0.7558978933125714,0.7557607865958267,0.7558007709167863,85000000,1
1294052160000,1294052219000,0.7558007709167863,0.7559207492686467,0.7557836342611838,0.7558921795395105,63000000,1
1294052220000,1294052279000,0.7558921795395105,0.7559264634736332,0.7557550748953279,0.7558350465594389,145000000,1
1294052280000,1294052339000,0.7558521855465945,0.7558521855465945,0.7558064833080138,0.7558236209998035,50000000,1
1294052340000,1294052399000,0.755846472464513,0.7558693253110402,0.7558064833080138,0.7558236209998035,98000000,1
1294052400000,1294052459000,0.7558064833080138,0.7558293337364422,0.7555266776469878,0.7556008916090521,143000000,1
1294052460000,1294052519000,0.7555951823251175,0.7556751201523441,0.7555837640160789,0.7556465689867535,70000000,1
1294052520000,1294052579000,0.7556579891940908,0.7560636303151272,0.7556579891940908,0.7560121869164531,99000000,1
1294052580000,1294052639000,0.7560121869164531,0.7563781588242858,0.7559493211575096,0.7563781588242858,103000000,1
1294052640000,1294052699000,0.7563781588242858,0.7566242452673153,0.756332392960058,0.7565269361415613,128000000,1
1294052700000,1294052759000,0.756509766541086,0.7566070712496878,0.7564697071705764,0.7564925977199313,85000000,1
1294052760000,1294052819000,0.756509766541086,0.7566127958356031,0.7564697071705764,0.7564925977199313,87000000,1
1294052820000,1294052879000,0.756509766541086,0.7567330321535866,0.7563838799467506,0.7566929491351,72000000,1
1294052880000,1294052939000,0.756687223336234,0.7566929491351,0.7565383829748603,0.7566528703626637,93000000,1
1294052940000,1294052999000,0.7566700464595408,0.7568533066920968,0.7566700464595408,0.7567903009755027,68000000,1
1294053000000,1294053059000,0.7567903009755027,0.7567903009755027,0.7566528703626637,0.7567559386422285,66000000,1
1294053060000,1294053119000,0.756744485224564,0.7567845737032496,0.7566643210072715,0.7567215794292805,54000000,1
1294053120000,1294053179000,0.7567215794292805,0.7567502118900593,0.7565898980116817,0.7565898980116817,57000000,1
1294053180000,1294053239000,0.7565784496194411,0.7566127958356031,0.7564925977199313,0.756555553874321,52000000,1
1294053240000,1294053299000,0.756555553874321,0.7565670015736593,0.7564239302274567,0.7564582624153713,37000000,1
1294053300000,1294053359000,0.7564353739438271,0.75644681800646,0.7562580352416244,0.7563896011557633,104000000,1
1294053360000,1294053419000,0.7563838799467506,0.756509766541086,0.7563781588242858,0.75644681800646,44000000,1
1294053420000,1294053479000,0.7564239302274567,0.7565441065214101,0.7563209523593433,0.7565212128548086,73000000,1
1294053480000,1294053539000,0.7564983205737283,0.7565784496194411,0.7564925977199313,0.7565154896546507,28000000,1
1294053540000,1294053599000,0.7565441065214101,0.7566013467503971,0.7565441065214101,0.7565727255532438,21000000,1
1294053600000,1294053659000,0.7566528703626637,0.7566643210072715,0.7565269361415613,0.7565612776806858,58000000,1
1294053660000,1294053719000,0.7565383829748603,0.7565612776806858,0.7563552751998669,0.7563552751998669,39000000,1
1294053720000,1294053779000,0.756332392960058,0.7564010438334405,0.7560750631322678,0.7560750631322678,72000000,1
1294053780000,1294053839000,0.7560407657180874,0.756103646687888,0.7559607505178331,0.7560407657180874,59000000,1
1294053840000,1294053899000,0.7560064714153953,0.7561150807152849,0.7560064714153953,0.7560922130062983,32000000,1
1294053900000,1294053959000,0.7560922130062983,0.7560922130062983,0.7558121957855912,0.7558578987150416,57000000,1
1294053960000,1294054019000,0.7558750387385957,0.7559778952063442,0.7558750387385957,0.7559264634736332,32000000,1
1294054020000,1294054079000,0.7559264634736332,0.7559721802237678,0.7559264634736332,0.7559607505178331,22000000,1
1294054080000,1294054139000,0.755955035794471,0.7559950406725332,0.7558693253110402,0.7559950406725332,49000000,1
1294054140000,1294054199000,0.7559950406725332,0.7560350497849081,0.7558636119698561,0.7560350497849081,67000000,1
1294054200000,1294054259000,0.7560521978437391,0.7560521978437391,0.7558407594687951,0.7559264634736332,83000000,1
1294054260000,1294054319000,0.7559264634736332,0.7560521978437391,0.7559264634736332,0.755955035794471,31000000,1
1294054320000,1294054379000,0.755955035794471,0.7560464817376972,0.7559264634736332,0.756000756000756,44000000,1
1294054380000,1294054439000,0.7560464817376972,0.7560636303151272,0.7559378921427816,0.7559378921427816,33000000,1
1294054440000,1294054499000,0.755955035794471,0.7561608202832578,0.755955035794471,0.7560636303151272,62000000,1
1294054500000,1294054559000,0.756103646687888,0.7561493848724754,0.7560179025039313,0.7560807796704999,47000000,1
1294054560000,1294054619000,0.7560750631322678,0.7561493848724754,0.7560350497849081,0.7560750631322678,36000000,1
1294054620000,1294054679000,0.7560350497849081,0.7560922130062983,0.7560350497849081,0.7560636303151272,29000000,1
1294054680000,1294054739000,0.7560693466804775,0.7561150807152849,0.7560636303151272,0.7561150807152849,5000000,1
1294054740000,1294054799000,0.7560864962951762,0.756103646687888,0.755966465327598,0.7560121869164531,39000000,1
1294054800000,1294054859000,0.7559778952063442,0.7560464817376972,0.7559378921427816,0.7560350497849081,41000000,1
1294054860000,1294054919000,0.7560521978437391,0.7561093636583596,0.7560521978437391,0.7560864962951762,15000000,1
1294054920000,1294054979000,0.7560464817376972,0.7560464817376972,0.7558693253110402,0.7559378921427816,28000000,1
1294054980000,1294055039000,0.7559378921427816,0.7560579140362151,0.7559264634736332,0.7560521978437391,25000000,1
1294055040000,1294055099000,0.7560579140362151,0.7561665381183552,0.7560521978437391,0.7561093636583596,30000000,1
1294055100000,1294055159000,0.756103646687888,0.7561093636583596,0.755943606606947,0.7560636303151272,60000000,1
1294055160000,1294055219000,0.7560464817376972,0.7562637545470359,0.7560407657180874,0.7560693466804775,55000000,1
1294055220000,1294055279000,0.7561265150885046,0.7561951285909816,0.755955035794471,0.755955035794471,68000000,1
1294055280000,1294055339000,0.7559150351500492,0.7559607505178331,0.7559150351500492,0.7559607505178331,41000000,1
1294055340000,1294055399000,0.7559607505178331,0.756000756000756,0.755846472464513,0.756000756000756,38000000,1
1294055400000,1294055459000,0.756000756000756,0.7560521978437391,0.7559950406725332,0.7559950406725332,14000000,1
1294055460000,1294055519000,0.7559836102753292,0.7559836102753292,0.7559207492686467,0.755943606606947,30000000,1
1294055520000,1294055579000,0.755943606606947,0.755943606606947,0.7558064833080138,0.7558350465594389,34000000,1
1294055580000,1294055639000,0.7558636119698561,0.7558864658528288,0.7557722102558289,0.7558293337364422,59000000,1
1294055640000,1294055699000,0.7558236209998035,0.7558293337364422,0.7556180199785404,0.7557779222153362,107000000,1
1294055700000,1294055759000,0.7557664983826597,0.7558921795395105,0.7557664983826597,0.7558750387385957,21000000,1
1294055760000,1294055819000,0.7558864658528288,0.7560693466804775,0.7558864658528288,0.7560064714153953,35000000,1
1294055820000,1294055879000,0.7560236181778318,0.7560693466804775,0.755943606606947,0.7559607505178331,29000000,1
1294055880000,1294055939000,0.7559721802237678,0.7560407657180874,0.7558807522525247,0.7559950406725332,31000000,1
1294055940000,1294055999000,0.7559950406725332,0.7561150807152849,0.7559950406725332,0.7560121869164531,84000000,1
1294056000000,1294056059000,0.7560636303151272,0.756103646687888,0.7559607505178331,0.7559721802237678,39000000,1
1294056060000,1294056119000,0.755955035794471,0.7560350497849081,0.755955035794471,0.7559778952063442,41000000,1
1294056120000,1294056179000,0.7559778952063442,0.7559778952063442,0.755943606606947,0.7559607505178331,27000000,1
1294056180000,1294056239000,0.7559607505178331,0.755989325430725,0.7558007709167863,0.7558293337364422,60000000,1
1294056240000,1294056299000,0.7558350465594389,0.7558350465594389,0.7556522790472735,0.7556694097466241,25000000,1
1294056300000,1294056359000,0.7556522790472735,0.7556522790472735,0.7553326484983987,0.7553326484983987,50000000,1
1294056360000,1294056419000,0.7553497647085483,0.7553954117282692,0.7552756000664642,0.7553041232052086,42000000,1
1294056420000,1294056479000,0.7553269432673932,0.7554011179936546,0.755292713691191,0.7553440592189742,57000000,1
1294056480000,1294056539000,0.7554068243452511,0.7554068243452511,0.7552756000664642,0.7553611759462786,36000000,1
1294056540000,1294056599000,0.7553725875287985,0.7554867223208552,0.755366881694439,0.7554410642653713,21000000,1
1294056600000,1294056659000,0.7554410642653713,0.7556522790472735,0.7554410642653713,0.755509553418303,55000000,1
1294056660000,1294056719000,0.7555552197532356,0.7558921795395105,0.7555552197532356,0.7558236209998035,99000000,1
1294056720000,1294056779000,0.7558236209998035,0.7558578987150416,0.7557150954090308,0.7558007709167863,66000000,1
1294056780000,1294056839000,0.7558064833080138,0.7558978933125714,0.7556465689867535,0.7557265176877792,76000000,1
1294056840000,1294056899000,0.7557093843991354,0.7557150954090308,0.7556066009792661,0.7557093843991354,27000000,1
1294056900000,1294056959000,0.755732228956636,0.7557893463933733,0.7555894731274604,0.7556465689867535,68000000,1
1294056960000,1294057019000,0.7556579891940908,0.7559036071720133,0.7556579891940908,0.7559036071720133,29000000,1
1294057020000,1294057079000,0.7558750387385957,0.755966465327598,0.7558064833080138,0.7559093211178387,32000000,1
1294057080000,1294057139000,0.7558750387385957,0.755932177765011,0.7557550748953279,0.7558693253110402,37000000,1
1294057140000,1294057199000,0.7558407594687951,0.7560521978437391,0.7558407594687951,0.756000756000756,68000000,1
1294057200000,1294057259000,0.7560521978437391,0.7560521978437391,0.7559093211178387,0.7560179025039313,41000000,1
1294057260000,1294057319000,0.7560121869164531,0.7560864962951762,0.7558978933125714,0.7560864962951762,46000000,1
1294057320000,1294057379000,0.7560864962951762,0.7560922130062983,0.755966465327598,0.7560579140362151,86000000,1
1294057380000,1294057439000,0.7560064714153953,0.756103646687888,0.755943606606947,0.7560121869164531,73000000,1
1294057440000,1294057499000,0.7560121869164531,0.7560521978437391,0.7558179083495205,0.7558236209998035,97000000,1
1294057500000,1294057559000,0.7558407594687951,0.7561436672967864,0.7558407594687951,0.7559150351500492,92000000,1
1294057560000,1294057619000,0.7559150351500492,0.7559150351500492,0.755366881694439,0.7553897055490928,146000000,1
1294057620000,1294057679000,0.7553839994561234,0.7553839994561234,0.755161529051064,0.755161529051064,126000000,1
1294057680000,1294057739000,0.7551729346020238,0.755292713691191,0.755161529051064,0.7551786375067022,97000000,1
1294057740000,1294057799000,0.7551729346020238,0.7551729346020238,0.754802430463826,0.7549790870792878,162000000,1
1294057800000,1294057859000,0.7549733871881017,0.7550246893073403,0.7547055893495946,0.7547967332397386,145000000,1
1294057860000,1294057919000,0.7548138251700218,0.7549163930094741,0.7547796420834938,0.7548765022042394,60000000,1
1294057920000,1294057979000,0.7548765022042394,0.7549220920401014,0.7547967332397386,0.7547967332397386,43000000,1
1294057980000,1294058039000,0.7547682484093259,0.7549163930094741,0.7547055893495946,0.7549049952063532,72000000,1
1294058040000,1294058099000,0.7548822006325913,0.7548822006325913,0.754585996393079,0.7546087730815958,110000000,1
1294058100000,1294058159000,0.7546087730815958,0.7546087730815958,0.7543469241504168,0.7544607491795239,135000000,1
1294058160000,1294058219000,0.7544607491795239,0.7547112851978476,0.7544379814257368,0.7546771113978884,63000000,1
1294058220000,1294058279000,0.7546543305838761,0.7546714160654451,0.7544038323714685,0.7546600256584409,66000000,1
1294058280000,1294058339000,0.7546600256584409,0.7547682484093259,0.7546600256584409,0.7546771113978884,61000000,1
1294058340000,1294058399000,0.7546600256584409,0.7548992964338557,0.7545746085644218,0.7548195226521338,81000000,1
1294058400000,1294058459000,0.7548195226521338,0.7553497647085483,0.7547283732584642,0.7553497647085483,132000000,1
1294058460000,1294058519000,0.7552813045218693,0.7552813045218693,0.7549505884839838,0.7550531934974819,146000000,1
1294058520000,1294058579000,0.7550246893073403,0.7551957467375544,0.75496768738298,0.7551330166808883,105000000,1
1294058580000,1294058639000,0.7551216123356667,0.7551444213705871,0.7550303899731965,0.755041791563163,80000000,1
1294058640000,1294058699000,0.7550531934974819,0.7550531934974819,0.7549163930094741,0.7550246893073403,81000000,1
1294058700000,1294058759000,0.7550360907251367,0.7551900435744655,0.7550189887275665,0.7551159102922298,57000000,1
1294058760000,1294058819000,0.7551330166808883,0.7553098280914831,0.7550645957761687,0.7553041232052086,59000000,1
1294058820000,1294058879000,0.7553326484983987,0.7555723460521345,0.7553326484983987,0.755520969484508,87000000,1
1294058880000,1294058939000,0.755520969484508,0.7556294393229561,0.7554296506137866,0.7554410642653713,43000000,1
1294058940000,1294058999000,0.755463892603253,0.7555609284332688,0.7553326484983987,0.7555609284332688,74000000,1
1294059000000,1294059059000,0.755538094230711,0.7556066009792661,0.7553954117282692,0.7554182373070851,47000000,1
1294059060000,1294059119000,0.7554239439173264,0.755463892603253,0.7552584872172501,0.7552584872172501,46000000,1
1294059120000,1294059179000,0.7552413751434959,0.7553212381225736,0.7550759983992389,0.7553212381225736,61000000,1
1294059180000,1294059239000,0.755366881694439,0.7556123104357616,0.7553611759462786,0.7555894731274604,106000000,1
1294059240000,1294059299000,0.7556008916090521,0.7556636994272069,0.7554581853894387,0.755538094230711,88000000,1
1294059300000,1294059359000,0.755538094230711,0.7555894731274604,0.7553497647085483,0.755509553418303,64000000,1
1294059360000,1294059419000,0.7554753072895813,0.7555266776469878,0.7553954117282692,0.7554068243452511,69000000,1
1294059420000,1294059479000,0.7553897055490928,0.7554182373070851,0.7553326484983987,0.7553326484983987,28000000,1
1294059480000,1294059539000,0.7553269432673932,0.7553611759462786,0.7552299675251114,0.755287009063444,47000000,1
1294059540000,1294059599000,0.7552641914141566,0.755366881694439,0.7552299675251114,0.7552984184051119,58000000,1
1294059600000,1294059659000,0.7552984184051119,0.7552984184051119,0.7551102083349064,0.7551159102922298,99000000,1
1294059660000,1294059719000,0.7551102083349064,0.7551159102922298,0.7549961872692542,0.7549961872692542,49000000,1
1294059720000,1294059779000,0.7549961872692542,0.7551216123356667,0.75496768738298,0.7550588945937783,19000000,1
1294059780000,1294059839000,0.7550474924872775,0.7556522790472735,0.7550474924872775,0.7555609284332688,156000000,1
1294059840000,1294059899000,0.7556008916090521,0.7558578987150416,0.7555609284332688,0.7556465689867535,129000000,1
1294059900000,1294059959000,0.7556408590125285,0.7556408590125285,0.7550645957761687,0.7551444213705871,167000000,1
1294059960000,1294060019000,0.7551501238446202,0.7554068243452511,0.7551501238446202,0.7553269432673932,201000000,1
1294060020000,1294060079000,0.7553269432673932,0.7554353573964676,0.7552413751434959,0.7554125307830607,129000000,1
1294060080000,1294060139000,0.7554125307830607,0.7556408590125285,0.7553782934493595,0.7555894731274604,66000000,1
1294060140000,1294060199000,0.7556066009792661,0.7556123104357616,0.755452478261855,0.7554581853894387,118000000,1
1294060200000,1294060259000,0.7554753072895813,0.7557436517533254,0.7554753072895813,0.7556465689867535,127000000,1
1294060260000,1294060319000,0.7556465689867535,0.7557093843991354,0.7555780549909709,0.7556465689867535,64000000,1
1294060320000,1294060379000,0.7556636994272069,0.7557093843991354,0.7556066009792661,0.7556465689867535,68000000,1
1294060380000,1294060439000,0.7556351491245966,0.7556579891940908,0.7554125307830607,0.755538094230711,76000000,1
1294060440000,1294060499000,0.7555666371995678,0.7556979626382927,0.755520969484508,0.7556979626382927,74000000,1
1294060500000,1294060559000,0.7557036734755568,0.7557550748953279,0.7555894731274604,0.7557379403118175,72000000,1
1294060560000,1294060619000,0.7557436517533254,0.7557550748953279,0.7555266776469878,0.7555266776469878,73000000,1
1294060620000,1294060679000,0.7555666371995678,0.7556808306443691,0.7555038455145736,0.7556751201523441,90000000,1
1294060680000,1294060739000,0.7557208065052448,0.7557779222153362,0.7556522790472735,0.7556694097466241,36000000,1
1294060740000,1294060799000,0.7556694097466241,0.7556751201523441,0.755481014762099,0.7555951823251175,58000000,1
1294060800000,1294060859000,0.7555495111594663,0.7559093211178387,0.755366881694439,0.7558121957855912,179000000,1
1294060860000,1294060919000,0.7558350465594389,0.7559093211178387,0.755732228956636,0.7558121957855912,143000000,1
1294060920000,1294060979000,0.7558064833080138,0.7558236209998035,0.7554981376970905,0.7555152614082804,124000000,1
1294060980000,1294061039000,0.7555152614082804,0.7556636994272069,0.7553954117282692,0.7556636994272069,115000000,1
1294061040000,1294061099000,0.7556751201523441,0.7557779222153362,0.755509553418303,0.7557493632811614,104000000,1
1294061100000,1294061159000,0.7557779222153362,0.7557779222153362,0.7555780549909709,0.7556465689867535,111000000,1
1294061160000,1294061219000,0.7556465689867535,0.7557150954090308,0.7556465689867535,0.7556922518873413,73000000,1
1294061220000,1294061279000,0.7556865412227008,0.755932177765011,0.7556865412227008,0.7558521855465945,99000000,1
1294061280000,1294061339000,0.755846472464513,0.7559150351500492,0.7557265176877792,0.7557436517533254,136000000,1
1294061340000,1294061399000,0.7557436517533254,0.7557664983826597,0.7555780549909709,0.7557265176877792,109000000,1
1294061400000,1294061459000,0.7557493632811614,0.7558293337364422,0.7557036734755568,0.7557493632811614,84000000,1
1294061460000,1294061519000,0.7557722102558289,0.7558236209998035,0.7556066009792661,0.7556066009792661,89000000,1
1294061520000,1294061579000,0.7555780549909709,0.7557607865958267,0.7555609284332688,0.7557036734755568,88000000,1
1294061580000,1294061639000,0.7556979626382927,0.7557836342611838,0.7554467712204997,0.755481014762099,78000000,1
1294061640000,1294061699000,0.7554867223208552,0.7555723460521345,0.755452478261855,0.7555323858957215,58000000,1
1294061700000,1294061759000,0.7555552197532356,0.7556979626382927,0.755509553418303,0.7556751201523441,66000000,1
1294061760000,1294061819000,0.7556751201523441,0.7557208065052448,0.7555951823251175,0.7556522790472735,67000000,1
1294061820000,1294061879000,0.7556123104357616,0.7556979626382927,0.7555780549909709,0.7556694097466241,68000000,1
1294061880000,1294061939000,0.7556751201523441,0.7556865412227008,0.7555552197532356,0.7555666371995678,47000000,1
1294061940000,1294061999000,0.7555609284332688,0.7556408590125285,0.7553155330639375,0.7553611759462786,85000000,1
1294062000000,1294062059000,0.7553897055490928,0.7554410642653713,0.7551444213705871,0.7551672317834784,72000000,1
1294062060000,1294062119000,0.7551843404975155,0.7552413751434959,0.7551216123356667,0.7551729346020238,119000000,1
1294062120000,1294062179000,0.7551843404975155,0.7552756000664642,0.7551330166808883,0.7551558264047786,113000000,1
1294062180000,1294062239000,0.7551216123356667,0.7553098280914831,0.7551216123356667,0.7551900435744655,115000000,1
1294062240000,1294062299000,0.755201449986784,0.7552641914141566,0.7551102083349064,0.755161529051064,51000000,1
1294062300000,1294062359000,0.755161529051064,0.7552071533221563,0.7550531934974819,0.7550531934974819,51000000,1
1294062360000,1294062419000,0.7550531934974819,0.7552641914141566,0.7550018875047187,0.755201449986784,74000000,1
1294062420000,1294062479000,0.7552128567436732,0.7553839994561234,0.7551444213705871,0.7553782934493595,96000000,1
1294062480000,1294062539000,0.7553611759462786,0.755463892603253,0.7553497647085483,0.7554581853894387,32000000,1
1294062540000,1294062599000,0.7554467712204997,0.7554467712204997,0.7552641914141566,0.7553212381225736,59000000,1
1294062600000,1294062659000,0.7553155330639375,0.7554011179936546,0.7552698956972274,0.755292713691191,47000000,1
1294062660000,1294062719000,0.7553098280914831,0.7554467712204997,0.7553098280914831,0.7553782934493595,90000000,1
1294062720000,1294062779000,0.7553782934493595,0.7554353573964676,0.7553212381225736,0.7553954117282692,42000000,1
1294062780000,1294062839000,0.7554125307830607,0.7554981376970905,0.7553954117282692,0.7554011179936546,38000000,1
1294062840000,1294062899000,0.7553954117282692,0.7554011179936546,0.7552641914141566,0.755287009063444,38000000,1
1294062900000,1294062959000,0.755287009063444,0.7553554702843158,0.7551102083349064,0.7552071533221563,102000000,1
1294062960000,1294063019000,0.7552071533221563,0.7553383538155918,0.7551159102922298,0.7552470790819216,119000000,1
1294063020000,1294063079000,0.755201449986784,0.755520969484508,0.755201449986784,0.7554981376970905,117000000,1
1294063080000,1294063139000,0.7554695999032999,0.7554695999032999,0.755287009063444,0.7553155330639375,48000000,1
1294063140000,1294063199000,0.7553326484983987,0.7554981376970905,0.7553212381225736,0.7554068243452511,91000000,1
1294063200000,1294063259000,0.7554125307830607,0.7555438026519588,0.7554125307830607,0.755452478261855,91000000,1
1294063260000,1294063319000,0.7554182373070851,0.7554182373070851,0.7553155330639375,0.7554011179936546,80000000,1
1294063320000,1294063379000,0.7554011179936546,0.7555723460521345,0.7554011179936546,0.7555152614082804,38000000,1
1294063380000,1294063439000,0.7554867223208552,0.756240877844411,0.7554867223208552,0.7562122839123399,166000000,1
1294063440000,1294063499000,0.7562065653854007,0.7562065653854007,0.7559207492686467,0.7561951285909816,111000000,1
1294063500000,1294063559000,0.7562122839123399,0.7562694739389539,0.7562008469449486,0.7562237212256874,23000000,1
1294063560000,1294063619000,0.7562180025257681,0.7563838799467506,0.7561665381183552,0.7563667168389923,65000000,1
1294063620000,1294063679000,0.7563667168389923,0.7563667168389923,0.7560236181778318,0.7560236181778318,91000000,1
1294063680000,1294063739000,0.7560064714153953,0.7562351588850068,0.7560064714153953,0.756132232404803,114000000,1
1294063740000,1294063799000,0.756132232404803,0.7561608202832578,0.755966465327598,0.7560236181778318,85000000,1
1294063800000,1294063859000,0.7560179025039313,0.7562065653854007,0.7560179025039313,0.7561150807152849,105000000,1
1294063860000,1294063919000,0.7561265150885046,0.7563724377883669,0.7561150807152849,0.7563037921072137,124000000,1
1294063920000,1294063979000,0.7562980721962139,0.7563838799467506,0.7562237212256874,0.7563095121047336,61000000,1
1294063980000,1294064039000,0.7562923523717328,0.756509766541086,0.7562923523717328,0.7564983205737283,62000000,1
1294064040000,1294064099000,0.75644681800646,0.756475429678044,0.7561665381183552,0.7561665381183552,75000000,1
1294064100000,1294064159000,0.7561836921424953,0.7562637545470359,0.7559950406725332,0.7561779740479719,82000000,1
1294064160000,1294064219000,0.7561436672967864,0.7562122839123399,0.7561150807152849,0.7561436672967864,49000000,1
1294064220000,1294064279000,0.7560864962951762,0.7561836921424953,0.7560807796704999,0.7561551025346318,58000000,1
1294064280000,1294064339000,0.7561265150885046,0.7561608202832578,0.7559607505178331,0.7560693466804775,69000000,1
1294064340000,1294064399000,0.756103646687888,0.756412486857333,0.7560750631322678,0.756332392960058,78000000,1
1294064400000,1294064459000,0.7563152321887763,0.7564811522720912,0.7563152321887763,0.7564811522720912,60000000,1
1294064460000,1294064519000,0.7564639847496861,0.756618520508145,0.7563667168389923,0.7564525401676299,106000000,1
1294064520000,1294064579000,0.75642965204236,0.7564868749527195,0.7563609959761596,0.7564639847496861,68000000,1
1294064580000,1294064639000,0.7564525401676299,0.7566356950455495,0.7564067653021088,0.7566356950455495,67000000,1
1294064640000,1294064699000,0.7566414200646171,0.7567845737032496,0.7564868749527195,0.7567387586457403,109000000,1
1294064700000,1294064759000,0.7567215794292805,0.7567731194187983,0.7566471451703213,0.7567273057481007,60000000,1
1294064760000,1294064819000,0.756767392406596,0.7568303943086355,0.7565784496194411,0.7566299701131162,123000000,1
1294064820000,1294064879000,0.7566356950455495,0.7568991356211872,0.7565956223377291,0.7568876778686043,125000000,1
1294064880000,1294064939000,0.7568647634040749,0.7569793496033428,0.756807483312395,0.7568876778686043,126000000,1
1294064940000,1294064999000,0.7569449701006737,0.7570423868032371,0.7568762204629055,0.7569678894221308,79000000,1
1294065000000,1294065059000,0.7569506998009219,0.7570137322291026,0.7568991356211872,0.7569678894221308,75000000,1
1294065060000,1294065119000,0.7569506998009219,0.7571054345028088,0.7569449701006737,0.7570538492402964,118000000,1
1294065120000,1294065179000,0.7570538492402964,0.7570538492402964,0.7568017557800734,0.756807483312395,43000000,1
1294065180000,1294065239000,0.7568017557800734,0.7569392404871661,0.7567502118900593,0.7568762204629055,73000000,1
1294065240000,1294065299000,0.7568991356211872,0.7570825068515967,0.7568704918901328,0.757019462970393,81000000,1
1294065300000,1294065359000,0.7570423868032371,0.7571684927046816,0.7569793496033428,0.7571570267957872,81000000,1
1294065360000,1294065419000,0.7571742257893541,0.757225827458523,0.7570710435467264,0.7571971589962595,67000000,1
1294065420000,1294065479000,0.7571914255642969,0.7573003756209863,0.7571398285835429,0.7571799589608462,104000000,1
1294065480000,1294065539000,0.7572028925150494,0.7574437787355234,0.7572028925150494,0.7572717015137861,128000000,1
1294065540000,1294065599000,0.7572544980917187,0.7573462587094819,0.7572086261206687,0.757225827458523,99000000,1
1294065600000,1294065659000,0.7572659669529131,0.7573749384632863,0.7571398285835429,0.7573175811276459,112000000,1
1294065660000,1294065719000,0.7573175811276459,0.7574036203893054,0.7571914255642969,0.7573749384632863,126000000,1
1294065720000,1294065779000,0.7573577303503536,0.7574609907589759,0.7572602324788914,0.7573462587094819,127000000,1
1294065780000,1294065839000,0.7573519944864775,0.7574380415681997,0.7572028925150494,0.7572774361615122,167000000,1
1294065840000,1294065899000,0.7572315614114796,0.7574150937679887,0.7571971589962595,0.7573921473582163,105000000,1
1294065900000,1294065959000,0.7574093570351969,0.7577709409999545,0.7574093570351969,0.7576561150425045,112000000,1
1294065960000,1294066019000,0.7577135236709704,0.7577537148875872,0.757621674040851,0.7577135236709704,62000000,1
1294066020000,1294066079000,0.7577135236709704,0.7577824255099876,0.7576503746581102,0.7577479730241721,90000000,1
1294066080000,1294066139000,0.7577250064406627,0.7577824255099876,0.757621674040851,0.7577192650123129,91000000,1
1294066140000,1294066199000,0.7577192650123129,0.757799652927759,0.7576790774499553,0.7576963001689663,75000000,1
1294066200000,1294066259000,0.7576733367176075,0.757822624036618,0.7576733367176075,0.757816881128844,56000000,1
1294066260000,1294066319000,0.7578053955744164,0.7579317558247055,0.7576503746581102,0.7577135236709704,92000000,1
1294066320000,1294066379000,0.7576905591756327,0.7577881678955465,0.7576159341783276,0.7577364895583911,68000000,1
1294066380000,1294066439000,0.7577250064406627,0.7581788543917509,0.7576331540268202,0.7579834608008853,155000000,1
1294066440000,1294066499000,0.7579777154551657,0.7581156277955514,0.7579547349432292,0.7580926389204761,81000000,1
1294066500000,1294066559000,0.7580696514395743,0.758138618064927,0.7580121888359965,0.7581098804460719,136000000,1
1294066560000,1294066619000,0.7581328703668605,0.7581443658501452,0.7579949517536213,0.7579949517536213,61000000,1
1294066620000,1294066679000,0.7580121888359965,0.7580868919195518,0.7578800579020365,0.7578800579020365,79000000,1
1294066680000,1294066739000,0.7578570833112291,0.7580351728320195,0.7578283670314346,0.7580006973606415,58000000,1
1294066740000,1294066799000,0.7580006973606415,0.7583916030881706,0.7579432452097986,0.7581673578625746,153000000,1
1294066800000,1294066859000,0.7581673578625746,0.7582708391783378,0.7580121888359965,0.7580983860085362,179000000,1
1294066860000,1294066919000,0.7580696514395743,0.758138618064927,0.7579604799405759,0.7579604799405759,60000000,1
1294066920000,1294066979000,0.7580064430547659,0.7580064430547659,0.7576790774499553,0.7578858017673896,102000000,1
1294066980000,1294067039000,0.7578858017673896,0.7580236806597838,0.7577651988754766,0.7578628268283442,199000000,1
1294067040000,1294067099000,0.7578628268283442,0.7580466653527191,0.7576675960722512,0.757937500473711,213000000,1
1294067100000,1294067159000,0.757937500473711,0.7579604799405759,0.757799652927759,0.757920266787934,117000000,1
1294067160000,1294067219000,0.7579317558247055,0.7580581582218987,0.757920266787934,0.7580064430547659,83000000,1
1294067220000,1294067279000,0.7580064430547659,0.758138618064927,0.7578341101132962,0.7578455965381613,147000000,1
1294067280000,1294067339000,0.7578628268283442,0.7580466653527191,0.757822624036618,0.7578915457198074,129000000,1
1294067340000,1294067399000,0.7579145224001638,0.7579432452097986,0.7577135236709704,0.7577651988754766,118000000,1
1294067400000,1294067459000,0.7577651988754766,0.757937500473711,0.7577192650123129,0.7578398532822045,102000000,1
1294067460000,1294067519000,0.757822624036618,0.7579260112627805,0.7577364895583911,0.7577651988754766,138000000,1
1294067520000,1294067579000,0.7577364895583911,0.7577537148875872,0.7574036203893054,0.7575470626112648,121000000,1
1294067580000,1294067639000,0.7575700184089516,0.7576618555138842,0.7574495159897593,0.7576388941502701,153000000,1
1294067640000,1294067699000,0.7576561150425045,0.7576675960722512,0.7574323044877864,0.7574323044877864,175000000,1
1294067700000,1294067759000,0.7574839413404436,0.7575757575757576,0.7573347874161253,0.7573347874161253,124000000,1
1294067760000,1294067819000,0.7573405230193652,0.7574609907589759,0.7572430295779127,0.7573577303503536,198000000,1
1294067820000,1294067879000,0.7573692023387562,0.7574036203893054,0.7571627597068267,0.7571971589962595,115000000,1
1294067880000,1294067939000,0.7571914255642969,0.7571914255642969,0.7568991356211872,0.7569965405258098,197000000,1
1294067940000,1294067999000,0.7569965405258098,0.7572315614114796,0.7569163229005034,0.7572315614114796,128000000,1
1294068000000,1294068059000,0.7571914255642969,0.7573462587094819,0.7570653120244684,0.7572831708960931,167000000,1
1294068060000,1294068119000,0.7572774361615122,0.75732905189976,0.7571570267957872,0.7572143598131195,153000000,1
1294068120000,1294068179000,0.7572143598131195,0.7573749384632863,0.7571226311525678,0.7573749384632863,149000000,1
1294068180000,1294068239000,0.7573749384632863,0.7575126315231308,0.7573405230193652,0.7574495159897593,163000000,1
1294068240000,1294068299000,0.7574495159897593,0.7575183698204682,0.7572774361615122,0.7573519944864775,88000000,1
1294068300000,1294068359000,0.7573233164702674,0.7573519944864775,0.7571398285835429,0.7571742257893541,163000000,1
1294068360000,1294068419000,0.7571684927046816,0.7572659669529131,0.7570653120244684,0.7570825068515967,113000000,1
1294068420000,1294068479000,0.7570595805889924,0.7571570267957872,0.7570595805889924,0.7570825068515967,82000000,1
1294068480000,1294068539000,0.7570825068515967,0.7570939705036189,0.7569736194693615,0.757002271006813,63000000,1
1294068540000,1294068599000,0.7569793496033428,0.7571455612341472,0.7569335109603972,0.7571455612341472,80000000,1
1294068600000,1294068659000,0.7571455612341472,0.7572028925150494,0.7570595805889924,0.7570825068515967,116000000,1
1294068660000,1294068719000,0.7570825068515967,0.7573921473582163,0.7570825068515967,0.7573692023387562,82000000,1
1294068720000,1294068779000,0.7573921473582163,0.7575298466759591,0.7573921473582163,0.7574839413404436,33000000,1
1294068780000,1294068839000,0.7575183698204682,0.7577135236709704,0.7575183698204682,0.7576044547141938,112000000,1
1294068840000,1294068899000,0.757587236170245,0.757822624036618,0.7575700184089516,0.757816881128844,108000000,1
1294068900000,1294068959000,0.7578398532822045,0.7579432452097986,0.7577824255099876,0.7578283670314346,108000000,1
1294068960000,1294069019000,0.7578685704325155,0.757937500473711,0.7577881678955465,0.7577881678955465,83000000,1
1294069020000,1294069079000,0.7577939103681363,0.7579834608008853,0.7577364895583911,0.7578341101132962,85000000,1
1294069080000,1294069139000,0.7578570833112291,0.757920266787934,0.7577939103681363,0.757920266787934,85000000,1
1294069140000,1294069199000,0.7578915457198074,0.7579432452097986,0.7577537148875872,0.7577766832114576,87000000,1
1294069200000,1294069259000,0.7577766832114576,0.7579489900329708,0.7577594568380214,0.7578685704325155,78000000,1
1294069260000,1294069319000,0.7578455965381613,0.7579317558247055,0.7577135236709704,0.7577135236709704,122000000,1
1294069320000,1294069379000,0.7576963001689663,0.7576963001689663,0.7575298466759591,0.7575642793291011,75000000,1
1294069380000,1294069439000,0.7575700184089516,0.7576044547141938,0.7574667282739606,0.7575183698204682,59000000,1
1294069440000,1294069499000,0.7574954171527262,0.7576274139903478,0.7574495159897593,0.7574495159897593,65000000,1
1294069500000,1294069559000,0.7574609907589759,0.7574609907589759,0.7572372954512756,0.7572946406258283,74000000,1
1294069560000,1294069619000,0.7572831708960931,0.7572831708960931,0.7568991356211872,0.7569965405258098,138000000,1
1294069620000,1294069679000,0.7570080015745766,0.7572831708960931,0.7569506998009219,0.7572659669529131,95000000,1
1294069680000,1294069739000,0.7572544980917187,0.7574437787355234,0.7572544980917187,0.7574437787355234,94000000,1
1294069740000,1294069799000,0.7574380415681997,0.7574609907589759,0.7572028925150494,0.7572315614114796,139000000,1
1294069800000,1294069859000,0.7572315614114796,0.7572315614114796,0.7570366557148697,0.7571856922191598,144000000,1
1294069860000,1294069919000,0.7571742257893541,0.7573634663011125,0.7571455612341472,0.7572143598131195,110000000,1
1294069920000,1294069979000,0.7572143598131195,0.7572200935924036,0.7568876778686043,0.7569506998009219,117000000,1
1294069980000,1294070039000,0.756904864627565,0.7569105937206698,0.7565612776806858,0.7566013467503971,140000000,1
1294070040000,1294070099000,0.7565956223377291,0.7566700464595408,0.756509766541086,0.7566700464595408,60000000,1
1294070100000,1294070159000,0.7566471451703213,0.7567273057481007,0.7564639847496861,0.7564868749527195,70000000,1
1294070160000,1294070219000,0.756475429678044,0.756475429678044,0.7561608202832578,0.7562294400120997,165000000,1
1294070220000,1294070279000,0.756246596890314,0.7562523160227178,0.7558864658528288,0.7560179025039313,120000000,1
1294070280000,1294070339000,0.7560179025039313,0.7560407657180874,0.7557093843991354,0.7557607865958267,125000000,1
1294070340000,1294070399000,0.7557664983826597,0.755955035794471,0.7554353573964676,0.7555152614082804,217000000,1
1294070400000,1294070459000,0.7555152614082804,0.7557093843991354,0.7554068243452511,0.7556636994272069,306000000,1
1294070460000,1294070519000,0.7557150954090308,0.7557208065052448,0.7554867223208552,0.7554981376970905,85000000,1
1294070520000,1294070579000,0.7554981376970905,0.7556066009792661,0.7554125307830607,0.7554581853894387,66000000,1
1294070580000,1294070639000,0.755463892603253,0.7557150954090308,0.755287009063444,0.7556808306443691,137000000,1
1294070640000,1294070699000,0.7557093843991354,0.7557093843991354,0.7553440592189742,0.7553554702843158,135000000,1
1294070700000,1294070759000,0.7553440592189742,0.7555152614082804,0.7545689147789867,0.7545689147789867,95000000,1
1294070760000,1294070819000,0.7546258565003472,0.7548081277739198,0.7544949033869276,0.7547169811320755,269000000,1
1294070820000,1294070879000,0.7547169811320755,0.7549619876639211,0.7546714160654451,0.7547910361016552,189000000,1
1294070880000,1294070939000,0.7548138251700218,0.7548423134407222,0.75431847325941,0.7544778258966969,212000000,1
1294070940000,1294070999000,0.7544835183075426,0.7545347538707633,0.7542501998763029,0.7544949033869276,189000000,1
1294071000000,1294071059000,0.754517674576527,0.7547511585430283,0.754517674576527,0.7547283732584642,95000000,1
1294071060000,1294071119000,0.7547397657287768,0.7548651056056283,0.7544835183075426,0.7546201619414867,119000000,1
1294071120000,1294071179000,0.7545973845654651,0.7546429406926113,0.7544607491795239,0.754540447140669,77000000,1
1294071180000,1294071239000,0.754540447140669,0.7546600256584409,0.7542672670634112,0.7542900245144258,125000000,1
1294071240000,1294071299000,0.7542672670634112,0.7542672670634112,0.753835136255701,0.7538862837929526,122000000,1
1294071300000,1294071359000,0.7539090182596765,0.7539147020906054,0.7535965394846907,0.7536874156812203,144000000,1
1294071360000,1294071419000,0.753693096171239,0.7537271809095979,0.7535738238596544,0.7535738238596544,99000000,1
1294071420000,1294071479000,0.7535738238596544,0.753704457408161,0.7534716204914141,0.7536817352768272,127000000,1
1294071480000,1294071539000,0.7537101381550684,0.7538408189726657,0.7535795026375283,0.753829453624412,143000000,1
1294071540000,1294071599000,0.7538408189726657,0.7538976508549199,0.7537499057812618,0.7537896776041549,107000000,1
1294071600000,1294071659000,0.7537839956582042,0.7538180886188545,0.7536533345391787,0.7536874156812203,78000000,1
1294071660000,1294071719000,0.7536476546484987,0.7538976508549199,0.7535965394846907,0.7538919672810886,132000000,1
1294071720000,1294071779000,0.7538976508549199,0.7540227111640603,0.7537328619990503,0.7538578676376355,150000000,1
1294071780000,1294071839000,0.7538749170737591,0.7538976508549199,0.7537555872132903,0.7538010417530396,71000000,1
1294071840000,1294071899000,0.7538180886188545,0.7539715451138873,0.7537839956582042,0.7539147020906054,30000000,1
1294071900000,1294071959000,0.7539488068760132,0.7540397680573674,0.7538067239559777,0.7540397680573674,32000000,1
1294071960000,1294072019000,0.7540397680573674,0.7540795704762767,0.7539317540976191,0.753960175823513,64000000,1
1294072020000,1294072079000,0.7539033345144486,0.7541478129713424,0.7539033345144486,0.7540681979278205,80000000,1
1294072080000,1294072139000,0.7540909433677702,0.7543014037549124,0.7540568257223864,0.7541705632145765,120000000,1
1294072140000,1294072199000,0.7541591879213865,0.7542103794432419,0.7539488068760132,0.7539942847233218,106000000,1
1294072200000,1294072259000,0.7539544913069047,0.754278645617264,0.7539374382713722,0.754278645617264,144000000,1
1294072260000,1294072319000,0.7542672670634112,0.754825220220258,0.7542046911531789,0.7548081277739198,134000000,1
1294072320000,1294072379000,0.7547967332397386,0.7548480113529141,0.7547169811320755,0.7547796420834938,98000000,1
1294072380000,1294072439000,0.7547796420834938,0.7547796420834938,0.7546828068162952,0.7547226771522805,61000000,1
1294072440000,1294072499000,0.7547283732584642,0.7547796420834938,0.7547112851978476,0.7547226771522805,104000000,1
1294072500000,1294072559000,0.7547397657287768,0.75496768738298,0.754734069450629,0.75496768738298,67000000,1
1294072560000,1294072619000,0.7549790870792878,0.7551387189826771,0.7549448890231013,0.7549619876639211,92000000,1
1294072620000,1294072679000,0.7549448890231013,0.7550531934974819,0.7549220920401014,0.7549961872692542,103000000,1
1294072680000,1294072739000,0.7550018875047187,0.7550018875047187,0.7548366156145503,0.7548992964338557,110000000,1
1294072740000,1294072799000,0.7548822006325913,0.7550246893073403,0.7548195226521338,0.7550246893073403,89000000,1
1294072800000,1294072859000,0.7550931029795973,0.7550988046785921,0.7549733871881017,0.7549790870792878,122000000,1
1294072860000,1294072919000,0.7549619876639211,0.7549619876639211,0.754802430463826,0.7548081277739198,74000000,1
1294072920000,1294072979000,0.7548195226521338,0.7548195226521338,0.7547283732584642,0.7547283732584642,71000000,1
1294072980000,1294073039000,0.754734069450629,0.7547967332397386,0.7546714160654451,0.7547853390495742,59000000,1
1294073040000,1294073099000,0.7547853390495742,0.7549448890231013,0.7547853390495742,0.7547967332397386,51000000,1
1294073100000,1294073159000,0.7547511585430283,0.7549277911567759,0.7546714160654451,0.7548992964338557,92000000,1
1294073160000,1294073219000,0.7548992964338557,0.7549163930094741,0.754802430463826,0.7548651056056283,69000000,1
1294073220000,1294073279000,0.7548651056056283,0.7550759983992389,0.7548081277739198,0.7550531934974819,57000000,1
1294073280000,1294073339000,0.7550531934974819,0.7550531934974819,0.7548935977473975,0.75496768738298,43000000,1
1294073340000,1294073399000,0.7549334903594994,0.7549334903594994,0.7547226771522805,0.7548081277739198,81000000,1
1294073400000,1294073459000,0.7548480113529141,0.7548992964338557,0.7547511585430283,0.7548594074353651,98000000,1
1294073460000,1294073519000,0.7548708038619191,0.7548708038619191,0.7546885023206671,0.7547853390495742,67000000,1
1294073520000,1294073579000,0.7547796420834938,0.7550132882338728,0.7547226771522805,0.75496768738298,72000000,1
1294073580000,1294073639000,0.75496768738298,0.7551672317834784,0.7548878991469766,0.7550759983992389,108000000,1
1294073640000,1294073699000,0.7550474924872775,0.7550931029795973,0.7550075878262577,0.7550645957761687,55000000,1
1294073700000,1294073759000,0.755041791563163,0.7551387189826771,0.7550189887275665,0.7550360907251367,70000000,1
1294073760000,1294073819000,0.7550531934974819,0.7550531934974819,0.7549049952063532,0.7549049952063532,34000000,1
1294073820000,1294073879000,0.7549049952063532,0.7550816998399227,0.7549049952063532,0.7549448890231013,66000000,1
1294073880000,1294073939000,0.7549619876639211,0.7550759983992389,0.7549163930094741,0.7550018875047187,87000000,1
1294073940000,1294073999000,0.7550075878262577,0.7551501238446202,0.7549619876639211,0.7550360907251367,74000000,1
1294074000000,1294074059000,0.7550474924872775,0.7551273144652189,0.7549904871198624,0.7550645957761687,58000000,1
1294074060000,1294074119000,0.7550645957761687,0.7550645957761687,0.7549505884839838,0.7549505884839838,25000000,1
1294074120000,1294074179000,0.7549505884839838,0.7550874013667083,0.7549220920401014,0.7550702970446549,56000000,1
1294074180000,1294074239000,0.7550588945937783,0.7551900435744655,0.7550474924872775,0.7551843404975155,78000000,1
1294074240000,1294074299000,0.7551843404975155,0.7552641914141566,0.7551672317834784,0.7551843404975155,41000000,1
1294074300000,1294074359000,0.7551843404975155,0.7552470790819216,0.7551501238446202,0.7551672317834784,59000000,1
1294074360000,1294074419000,0.7551330166808883,0.7552299675251114,0.7550874013667083,0.7551672317834784,70000000,1
1294074420000,1294074479000,0.7551330166808883,0.7552299675251114,0.7551159102922298,0.755201449986784,60000000,1
1294074480000,1294074539000,0.7552299675251114,0.7552299675251114,0.7549391896482738,0.7549391896482738,141000000,1
1294074540000,1294074599000,0.7549391896482738,0.7550531934974819,0.7549049952063532,0.7550360907251367,100000000,1
1294074600000,1294074659000,0.7550075878262577,0.7553897055490928,0.7549733871881017,0.755287009063444,131000000,1
1294074660000,1294074719000,0.755287009063444,0.755287009063444,0.7551273144652189,0.7551900435744655,65000000,1
1294074720000,1294074779000,0.7552071533221563,0.7553440592189742,0.755161529051064,0.7553440592189742,41000000,1
1294074780000,1294074839000,0.7553269432673932,0.7553440592189742,0.7551729346020238,0.7551957467375544,55000000,1
1294074840000,1294074899000,0.7551957467375544,0.7552698956972274,0.7551558264047786,0.7552185602513367,70000000,1
1294074900000,1294074959000,0.7552185602513367,0.7552299675251114,0.7550360907251367,0.7550645957761687,78000000,1
1294074960000,1294075019000,0.7550645957761687,0.7551786375067022,0.75496768738298,0.755161529051064,141000000,1
1294075020000,1294075079000,0.755161529051064,0.7553782934493595,0.7551501238446202,0.7553725875287985,105000000,1
1294075080000,1294075139000,0.755366881694439,0.7556522790472735,0.7553326484983987,0.7556066009792661,103000000,1
1294075140000,1294075199000,0.7556066009792661,0.7557436517533254,0.7555951823251175,0.7556694097466241,81000000,1
1294075200000,1294075259000,0.7556579891940908,0.7556579891940908,0.7555038455145736,0.7555837640160789,63000000,1
1294075260000,1294075319000,0.7555609284332688,0.7555609284332688,0.7553326484983987,0.7553383538155918,57000000,1
1294075320000,1294075379000,0.7553269432673932,0.7554182373070851,0.7552813045218693,0.7554182373070851,49000000,1
1294075380000,1294075439000,0.7554182373070851,0.7554753072895813,0.7554182373070851,0.7554239439173264,33000000,1
1294075440000,1294075499000,0.7554410642653713,0.7554581853894387,0.7553954117282692,0.7554581853894387,30000000,1
1294075500000,1294075559000,0.755481014762099,0.7556636994272069,0.755481014762099,0.7556636994272069,39000000,1
1294075560000,1294075619000,0.7556294393229561,0.7556694097466241,0.7554924299658518,0.7555438026519588,57000000,1
1294075620000,1294075679000,0.755538094230711,0.7557436517533254,0.755538094230711,0.7556237296076046,50000000,1
1294075680000,1294075739000,0.7556237296076046,0.7557607865958267,0.7555266776469878,0.7556351491245966,61000000,1
1294075740000,1294075799000,0.7556351491245966,0.7557436517533254,0.7555780549909709,0.7556123104357616,35000000,1
1294075800000,1294075859000,0.7556123104357616,0.7556180199785404,0.7556123104357616,0.7556123104357616,13000000,1
1294075860000,1294075919000,0.7555951823251175,0.7556123104357616,0.7555837640160789,0.7555951823251175,19000000,1
1294075920000,1294075979000,0.7555951823251175,0.7556123104357616,0.7555609284332688,0.7555609284332688,22000000,1
1294075980000,1294076039000,0.7555609284332688,0.7555609284332688,0.7554924299658518,0.7554924299658518,9000000,1
1294076040000,1294076099000,0.7554924299658518,0.7556066009792661,0.7554924299658518,0.7555837640160789,21000000,1
1294076100000,1294076159000,0.7556008916090521,0.7556522790472735,0.7555609284332688,0.7555951823251175,30000000,1
1294076160000,1294076219000,0.7555951823251175,0.7556351491245966,0.7554353573964676,0.7556123104357616,66000000,1
1294076220000,1294076279000,0.7556465689867535,0.7556522790472735,0.7556008916090521,0.7556522790472735,12000000,1
1294076280000,1294076339000,0.7556865412227008,0.7557208065052448,0.7556751201523441,0.7556751201523441,25000000,1
1294076340000,1294076399000,0.7556579891940908,0.7556579891940908,0.755463892603253,0.7555038455145736,46000000,1
1294076400000,1294076459000,0.755520969484508,0.7555723460521345,0.7553839994561234,0.7554410642653713,81000000,1
1294076460000,1294076519000,0.7554296506137866,0.7555038455145736,0.7553212381225736,0.7553326484983987,59000000,1
1294076520000,1294076579000,0.7553212381225736,0.7553897055490928,0.7552984184051119,0.7552984184051119,41000000,1
1294076580000,1294076639000,0.7553041232052086,0.7553041232052086,0.7552242638451488,0.7552756000664642,21000000,1
1294076640000,1294076699000,0.7552756000664642,0.7552756000664642,0.7552128567436732,0.7552128567436732,13000000,1
1294076700000,1294076759000,0.7552128567436732,0.7552185602513367,0.7551330166808883,0.7551729346020238,25000000,1
1294076760000,1294076819000,0.7551900435744655,0.7552356712912265,0.7551843404975155,0.755201449986784,22000000,1
1294076820000,1294076879000,0.7552071533221563,0.755292713691191,0.7552071533221563,0.7552299675251114,29000000,1
1294076880000,1294076939000,0.7552299675251114,0.7552299675251114,0.7551843404975155,0.7551843404975155,34000000,1
1294076940000,1294076999000,0.7551843404975155,0.7552128567436732,0.7550531934974819,0.7550531934974819,60000000,1
1294077000000,1294077059000,0.7550759983992389,0.7550759983992389,0.7549049952063532,0.7549106940648922,65000000,1
1294077060000,1294077119000,0.7549163930094741,0.7549334903594994,0.7548480113529141,0.7548480113529141,50000000,1
1294077120000,1294077179000,0.7548480113529141,0.7550018875047187,0.7548366156145503,0.7548935977473975,41000000,1
1294077180000,1294077239000,0.7548935977473975,0.7550360907251367,0.7548594074353651,0.7549847870565408,44000000,1
1294077240000,1294077299000,0.7549847870565408,0.7550018875047187,0.7549277911567759,0.7550018875047187,15000000,1
1294077300000,1294077359000,0.7549904871198624,0.7550531934974819,0.7549904871198624,0.7550531934974819,16000000,1
1294077360000,1294077419000,0.7550474924872775,0.7552356712912265,0.755041791563163,0.7550874013667083,69000000,1
1294077420000,1294077479000,0.7551045064636946,0.7551045064636946,0.7549847870565408,0.7549847870565408,43000000,1
1294077480000,1294077539000,0.7549334903594994,0.7549334903594994,0.7547169811320755,0.7548195226521338,96000000,1
1294077540000,1294077599000,0.7547853390495742,0.7549847870565408,0.7547853390495742,0.7549277911567759,77000000,1
1294077600000,1294077659000,0.7549277911567759,0.7549391896482738,0.7545632210794782,0.7546144674685703,107000000,1
1294077660000,1294077719000,0.7546372458759074,0.7547511585430283,0.7546087730815958,0.7547226771522805,26000000,1
1294077720000,1294077779000,0.7547511585430283,0.754802430463826,0.7547169811320755,0.754802430463826,37000000,1
1294077780000,1294077839000,0.754802430463826,0.7548537093511278,0.754802430463826,0.7548423134407222,12000000,1
1294077840000,1294077899000,0.7548366156145503,0.7548878991469766,0.754825220220258,0.7548594074353651,18000000,1
1294077900000,1294077959000,0.7548537093511278,0.7548992964338557,0.7548423134407222,0.7548423134407222,11000000,1
1294077960000,1294078019000,0.7548537093511278,0.754956288030923,0.7548480113529141,0.754956288030923,44000000,1
1294078020000,1294078079000,0.7549391896482738,0.7549505884839838,0.7548594074353651,0.7548878991469766,41000000,1
1294078080000,1294078139000,0.7548822006325913,0.7549163930094741,0.7548822006325913,0.7548935977473975,13000000,1
1294078140000,1294078199000,0.7549277911567759,0.7549619876639211,0.7548935977473975,0.7548992964338557,34000000,1
1294078200000,1294078259000,0.7549049952063532,0.7549505884839838,0.7548822006325913,0.7548822006325913,37000000,1
1294078260000,1294078319000,0.7548935977473975,0.7549505884839838,0.7548651056056283,0.7549505884839838,25000000,1
1294078320000,1294078379000,0.7549505884839838,0.7549505884839838,0.7547796420834938,0.7547796420834938,34000000,1
1294078380000,1294078439000,0.7547853390495742,0.7548651056056283,0.7546941979110064,0.7546941979110064,77000000,1
1294078440000,1294078499000,0.7547397657287768,0.7547397657287768,0.7546372458759074,0.7546543305838761,37000000,1
1294078500000,1294078559000,0.7546543305838761,0.7546543305838761,0.754557527465894,0.7545916904363049,23000000,1
1294078560000,1294078619000,0.7546087730815958,0.7546258565003472,0.7544892108042855,0.7545062888099172,45000000,1
1294078620000,1294078679000,0.7545005960554709,0.7546657208189632,0.7545005960554709,0.7545233675886942,41000000,1
1294078680000,1294078739000,0.7545461404964914,0.7545689147789867,0.7544038323714685,0.7544209065121612,93000000,1
1294078740000,1294078799000,0.7544209065121612,0.7544892108042855,0.7544209065121612,0.7544607491795239,50000000,1
1294078800000,1294078859000,0.7544607491795239,0.754585996393079,0.7544607491795239,0.754585996393079,13000000,1
1294078860000,1294078919000,0.7546144674685703,0.7546486355952668,0.754585996393079,0.7546486355952668,23000000,1
1294078920000,1294078979000,0.7546771113978884,0.7546771113978884,0.7546486355952668,0.7546657208189632,9000000,1
1294078980000,1294079039000,0.7546771113978884,0.7546828068162952,0.7545689147789867,0.7545689147789867,20000000,1
1294079040000,1294079099000,0.7545689147789867,0.7545689147789867,0.7543298533582765,0.7543298533582765,65000000,1
1294079100000,1294079159000,0.754341233800522,0.7543526145861622,0.7543355435364759,0.7543526145861622,16000000,1
1294079160000,1294079219000,0.7543469241504168,0.7543469241504168,0.7542160678191089,0.7542558888528522,60000000,1
1294079220000,1294079279000,0.754233133461553,0.7542672670634112,0.754233133461553,0.7542558888528522,59000000,1
1294079280000,1294079339000,0.754261577915221,0.7545803024357852,0.754261577915221,0.7545803024357852,88000000,1
1294079340000,1294079399000,0.7546030787805614,0.7546030787805614,0.7544721335717465,0.7544721335717465,21000000,1
1294079400000,1294079459000,0.7544721335717465,0.7544721335717465,0.754386759003606,0.7544095236658268,34000000,1
1294079460000,1294079519000,0.7544095236658268,0.754415215046057,0.7543241632659219,0.754415215046057,47000000,1
1294079520000,1294079579000,0.754386759003606,0.7544892108042855,0.7543696864085214,0.75439245004036,20000000,1
1294079580000,1294079639000,0.754386759003606,0.7544778258966969,0.75435830510776,0.7544778258966969,46000000,1
1294079640000,1294079699000,0.7544835183075426,0.7545233675886942,0.7543298533582765,0.7543526145861622,46000000,1
1294079700000,1294079759000,0.7543753771876887,0.754585996393079,0.7543753771876887,0.7545746085644218,43000000,1
1294079760000,1294079819000,0.754585996393079,0.7546543305838761,0.7545632210794782,0.754585996393079,48000000,1
1294079820000,1294079879000,0.7545689147789867,0.7546144674685703,0.7545518339382323,0.7545518339382323,6000000,1
1294079880000,1294079939000,0.7545518339382323,0.7546315511451533,0.7545518339382323,0.7546201619414867,17000000,1
1294079940000,1294079999000,0.7546429406926113,0.7546429406926113,0.7545916904363049,0.7546087730815958,13000000,1
1294080000000,1294080059000,0.7546258565003472,0.7546258565003472,0.7545518339382323,0.7545518339382323,7000000,1
1294080060000,1294080119000,0.7545347538707633,0.7545689147789867,0.754261577915221,0.754261577915221,71000000,1
1294080120000,1294080179000,0.754233133461553,0.754261577915221,0.7541535004034722,0.7541762509898563,29000000,1
1294080180000,1294080239000,0.7541705632145765,0.754233133461553,0.7541705632145765,0.7542103794432419,24000000,1
1294080240000,1294080299000,0.7541535004034722,0.7541819388509284,0.7541307511896412,0.7541819388509284,11000000,1
1294080300000,1294080359000,0.7541990029489182,0.754341233800522,0.7541990029489182,0.7542445109855712,60000000,1
1294080360000,1294080419000,0.754233133461553,0.754415215046057,0.754233133461553,0.754278645617264,54000000,1
1294080420000,1294080479000,0.754278645617264,0.754278645617264,0.7541876267977947,0.7542046911531789,12000000,1
1294080480000,1294080539000,0.7542274448282624,0.7542274448282624,0.7541990029489182,0.7541990029489182,14000000,1
1294080540000,1294080599000,0.7542103794432419,0.754341233800522,0.7542103794432419,0.754341233800522,34000000,1
1294080600000,1294080659000,0.754341233800522,0.7544835183075426,0.754341233800522,0.7544835183075426,23000000,1
1294080660000,1294080719000,0.7544778258966969,0.7545290606867724,0.754415215046057,0.7544550571122478,43000000,1
1294080720000,1294080779000,0.7544607491795239,0.7545119816502686,0.7544550571122478,0.7544892108042855,27000000,1
1294080780000,1294080839000,0.754517674576527,0.754585996393079,0.754517674576527,0.754557527465894,22000000,1
1294080840000,1294080899000,0.754557527465894,0.754557527465894,0.7544550571122478,0.7544721335717465,60000000,1
1294080900000,1294080959000,0.7545005960554709,0.7545973845654651,0.7544949033869276,0.7544949033869276,51000000,1
1294080960000,1294081019000,0.7545119816502686,0.7547169811320755,0.7545119816502686,0.7547112851978476,101000000,1
1294081020000,1294081079000,0.7547112851978476,0.7547454620929092,0.754585996393079,0.7546771113978884,88000000,1
1294081080000,1294081139000,0.7546771113978884,0.7547568550791363,0.7546372458759074,0.7546600256584409,79000000,1
1294081140000,1294081199000,0.7546600256584409,0.7547853390495742,0.7546258565003472,0.7547739452034116,51000000,1
1294081200000,1294081259000,0.7547796420834938,0.7548081277739198,0.7547169811320755,0.7547283732584642,45000000,1
1294081260000,1294081319000,0.7547454620929092,0.7547853390495742,0.7546543305838761,0.7547682484093259,48000000,1
1294081320000,1294081379000,0.7547682484093259,0.7547682484093259,0.7546885023206671,0.7547625517012347,61000000,1
1294081380000,1294081439000,0.7547625517012347,0.7547967332397386,0.754699893587315,0.7547454620929092,75000000,1
1294081440000,1294081499000,0.7547511585430283,0.7548366156145503,0.7546941979110064,0.7548195226521338,46000000,1
1294081500000,1294081559000,0.7548366156145503,0.7548878991469766,0.754734069450629,0.754734069450629,45000000,1
1294081560000,1294081619000,0.754734069450629,0.7550189887275665,0.754734069450629,0.7550018875047187,64000000,1
1294081620000,1294081679000,0.7550018875047187,0.7551045064636946,0.7549790870792878,0.7550588945937783,34000000,1
1294081680000,1294081739000,0.7550588945937783,0.7551045064636946,0.7549790870792878,0.7549904871198624,95000000,1
1294081740000,1294081799000,0.7549904871198624,0.7550132882338728,0.7548822006325913,0.7549220920401014,33000000,1
1294081800000,1294081859000,0.7549220920401014,0.7549220920401014,0.7546201619414867,0.7546315511451533,88000000,1
1294081860000,1294081919000,0.7546087730815958,0.7546941979110064,0.7545119816502686,0.7545916904363049,102000000,1
1294081920000,1294081979000,0.754557527465894,0.7545803024357852,0.7544209065121612,0.754540447140669,71000000,1
1294081980000,1294082039000,0.754557527465894,0.754802430463826,0.7545518339382323,0.7547568550791363,106000000,1
1294082040000,1294082099000,0.7547568550791363,0.7547853390495742,0.7544949033869276,0.7545746085644218,84000000,1
1294082100000,1294082159000,0.7545973845654651,0.7547112851978476,0.7545973845654651,0.7547112851978476,25000000,1
1294082160000,1294082219000,0.7547112851978476,0.7547283732584642,0.7546201619414867,0.7546885023206671,41000000,1
1294082220000,1294082279000,0.7546885023206671,0.7546885023206671,0.7545518339382323,0.7545916904363049,43000000,1
1294082280000,1294082339000,0.7545916904363049,0.7545916904363049,0.754415215046057,0.7545005960554709,61000000,1
1294082340000,1294082399000,0.7544664413326896,0.7544721335717465,0.7543127833387393,0.7543127833387393,57000000,1
1294082400000,1294082459000,0.7543127833387393,0.7543696864085214,0.754261577915221,0.75435830510776,35000000,1
1294082460000,1294082519000,0.75435830510776,0.7544209065121612,0.7543070935039073,0.7543981411629801,31000000,1
1294082520000,1294082579000,0.7543981411629801,0.7544607491795239,0.7543639957152125,0.75439245004036,34000000,1
1294082580000,1294082639000,0.75439245004036,0.754415215046057,0.75435830510776,0.7543753771876887,21000000,1
1294082640000,1294082699000,0.7543753771876887,0.7543753771876887,0.754272956297425,0.7543127833387393,22000000,1
1294082700000,1294082759000,0.75431847325941,0.754415215046057,0.7542957140917526,0.7543127833387393,41000000,1
1294082760000,1294082819000,0.754278645617264,0.754415215046057,0.754278645617264,0.7544095236658268,39000000,1
1294082820000,1294082879000,0.754386759003606,0.7544721335717465,0.754386759003606,0.7544721335717465,19000000,1
1294082880000,1294082939000,0.7544721335717465,0.7545005960554709,0.7543981411629801,0.7544038323714685,31000000,1
1294082940000,1294082999000,0.7543981411629801,0.7543981411629801,0.754261577915221,0.7543355435364759,62000000,1
1294083000000,1294083059000,0.7543355435364759,0.7543355435364759,0.7541250641006304,0.7543014037549124,59000000,1
1294083060000,1294083119000,0.7542957140917526,0.75431847325941,0.7541990029489182,0.754272956297425,45000000,1
1294083120000,1294083179000,0.7542900245144258,0.75435830510776,0.754233133461553,0.754233133461553,39000000,1
1294083180000,1294083239000,0.7542274448282624,0.7542843350229302,0.7541705632145765,0.7542103794432419,39000000,1
1294083240000,1294083299000,0.7542217562807816,0.7543014037549124,0.7541990029489182,0.754233133461553,67000000,1
1294083300000,1294083359000,0.7542217562807816,0.7542501998763029,0.7541535004034722,0.7542046911531789,22000000,1
1294083360000,1294083419000,0.7541990029489182,0.7542558888528522,0.7541591879213865,0.7542558888528522,47000000,1
1294083420000,1294083479000,0.7542217562807816,0.7543241632659219,0.7541819388509284,0.7543241632659219,40000000,1
1294083480000,1294083539000,0.7543355435364759,0.7543355435364759,0.7541762509898563,0.7541819388509284,29000000,1
1294083540000,1294083599000,0.7541990029489182,0.7541990029489182,0.7541421256249954,0.7541421256249954,11000000,1
1294083600000,1294083659000,0.7541421256249954,0.7542445109855712,0.7540852568791429,0.7541990029489182,53000000,1
1294083660000,1294083719000,0.7541648755250873,0.7542843350229302,0.7541648755250873,0.7542274448282624,50000000,1
1294083720000,1294083779000,0.7542160678191089,0.7542217562807816,0.7539999698400012,0.7540454538599587,47000000,1
1294083780000,1294083839000,0.7540738841591699,0.754272956297425,0.7540511397482977,0.7542558888528522,34000000,1
1294083840000,1294083899000,0.754261577915221,0.7544835183075426,0.754261577915221,0.7544835183075426,25000000,1
1294083900000,1294083959000,0.7544835183075426,0.7546087730815958,0.7544835183075426,0.754557527465894,31000000,1
1294083960000,1294084019000,0.754557527465894,0.754699893587315,0.754557527465894,0.7546600256584409,25000000,1
1294084020000,1294084079000,0.7546486355952668,0.7546828068162952,0.7546486355952668,0.7546771113978884,8000000,1
1294084080000,1294084139000,0.7546771113978884,0.7546771113978884,0.7546372458759074,0.7546372458759074,8000000,1
1294084140000,1294084199000,0.7546429406926113,0.7547055893495946,0.7546372458759074,0.7547055893495946,26000000,1
1294084200000,1294084259000,0.7547112851978476,0.7547112851978476,0.7546144674685703,0.7546771113978884,37000000,1
1294084260000,1294084319000,0.7546885023206671,0.7547226771522805,0.7546885023206671,0.7547226771522805,10000000,1
1294084320000,1294084379000,0.7547283732584642,0.7547910361016552,0.7547055893495946,0.7547511585430283,22000000,1
1294084380000,1294084439000,0.7547682484093259,0.7547682484093259,0.7546714160654451,0.7546714160654451,24000000,1
1294084440000,1294084499000,0.7546885023206671,0.7547055893495946,0.7546201619414867,0.7546201619414867,33000000,1
1294084500000,1294084559000,0.7546486355952668,0.7547796420834938,0.754585996393079,0.754585996393079,74000000,1
1294084560000,1294084619000,0.754585996393079,0.7546201619414867,0.7545746085644218,0.7546087730815958,26000000,1
1294084620000,1294084679000,0.7546315511451533,0.7546315511451533,0.7544835183075426,0.7544949033869276,57000000,1
1294084680000,1294084739000,0.7544949033869276,0.7544949033869276,0.7543753771876887,0.7543753771876887,62000000,1
1294084740000,1294084799000,0.754386759003606,0.7544550571122478,0.7543526145861622,0.7544550571122478,116000000,1
1294084800000,1294084859000,0.7544493651308593,0.7545119816502686,0.754386759003606,0.754386759003606,55000000,1
1294084860000,1294084919000,0.754386759003606,0.7544265980641414,0.7541819388509284,0.7541990029489182,77000000,1
1294084920000,1294084979000,0.7541819388509284,0.7543298533582765,0.7541819388509284,0.754278645617264,59000000,1
1294084980000,1294085039000,0.7542672670634112,0.7542900245144258,0.7542445109855712,0.7542900245144258,72000000,1
1294085040000,1294085099000,0.7542900245144258,0.7544322897019993,0.7542900245144258,0.7544322897019993,64000000,1
1294085100000,1294085159000,0.7543810680527161,0.75439245004036,0.7543127833387393,0.7543298533582765,28000000,1
1294085160000,1294085219000,0.7543469241504168,0.7543526145861622,0.7541762509898563,0.7542274448282624,53000000,1
1294085220000,1294085279000,0.7542388221806553,0.7542900245144258,0.7541136901799315,0.7541136901799315,51000000,1
1294085280000,1294085339000,0.7541307511896412,0.7542900245144258,0.7540568257223864,0.7541023166023166,89000000,1
1294085340000,1294085399000,0.7540966299421608,0.7541193770973945,0.7539374382713722,0.7539544913069047,97000000,1
1294085400000,1294085459000,0.7539544913069047,0.7540056550424129,0.7539374382713722,0.7539658604258399,66000000,1
1294085460000,1294085519000,0.7539658604258399,0.7539829147471518,0.7538067239559777,0.7538067239559777,41000000,1
1294085520000,1294085579000,0.7538237710787972,0.7540795704762767,0.753812406244582,0.7540113403305585,49000000,1
1294085580000,1294085639000,0.7540056550424129,0.7541193770973945,0.7540056550424129,0.7540170257044404,26000000,1
1294085640000,1294085699000,0.7540170257044404,0.7543241632659219,0.7540170257044404,0.7541876267977947,92000000,1
1294085700000,1294085759000,0.7542160678191089,0.7543014037549124,0.7542046911531789,0.7542160678191089,85000000,1
1294085760000,1294085819000,0.7542046911531789,0.7542900245144258,0.7540568257223864,0.7540681979278205,63000000,1
1294085820000,1294085879000,0.7540681979278205,0.7542445109855712,0.7540625117822268,0.7540795704762767,71000000,1
1294085880000,1294085939000,0.7540568257223864,0.7541535004034722,0.7540568257223864,0.7540966299421608,28000000,1
1294085940000,1294085999000,0.7540966299421608,0.7540966299421608,0.7539544913069047,0.7539544913069047,23000000,1
1294086000000,1294086059000,0.7539203860072377,0.753960175823513,0.7538749170737591,0.7539147020906054,37000000,1
1294086060000,1294086119000,0.7538919672810886,0.7541762509898563,0.7538919672810886,0.7541591879213865,26000000,1
1294086120000,1294086179000,0.7541591879213865,0.7541591879213865,0.7539203860072377,0.7539772298876574,42000000,1
1294086180000,1294086239000,0.7539772298876574,0.7542445109855712,0.7539203860072377,0.7542445109855712,22000000,1
1294086240000,1294086299000,0.7542445109855712,0.7542843350229302,0.7541876267977947,0.754233133461553,34000000,1
1294086300000,1294086359000,0.754233133461553,0.7542388221806553,0.7542046911531789,0.754233133461553,14000000,1
1294086360000,1294086419000,0.754233133461553,0.754233133461553,0.7540738841591699,0.7541478129713424,21000000,1
1294086420000,1294086479000,0.7541421256249954,0.7541421256249954,0.7540852568791429,0.7541136901799315,13000000,1
1294086480000,1294086539000,0.7540852568791429,0.7541136901799315,0.7539715451138873,0.7541136901799315,84000000,1
1294086540000,1294086599000,0.7540909433677702,0.7541080033482395,0.7540340823405217,0.7541080033482395,24000000,1
1294086600000,1294086659000,0.7540738841591699,0.7541023166023166,0.7540511397482977,0.7540852568791429,20000000,1
1294086660000,1294086719000,0.7541080033482395,0.7541421256249954,0.7539544913069047,0.7539544913069047,28000000,1
1294086720000,1294086779000,0.7539431225308363,0.7540397680573674,0.7539431225308363,0.7540227111640603,28000000,1
1294086780000,1294086839000,0.7540511397482977,0.7541364383644289,0.7540511397482977,0.7541364383644289,13000000,1
1294086840000,1294086899000,0.7541819388509284,0.754272956297425,0.7541535004034722,0.7541535004034722,14000000,1
1294086900000,1294086959000,0.7541193770973945,0.7541307511896412,0.7540966299421608,0.7541193770973945,19000000,1
1294086960000,1294087019000,0.7541193770973945,0.7541193770973945,0.7539772298876574,0.7539885996923728,75000000,1
1294087020000,1294087079000,0.7539942847233218,0.7540056550424129,0.7539942847233218,0.7540056550424129,5000000,1
1294087080000,1294087139000,0.7540227111640603,0.7541193770973945,0.7539715451138873,0.7539772298876574,77000000,1
1294087140000,1294087199000,0.7539772298876574,0.7539772298876574,0.7537896776041549,0.7538180886188545,23000000,1
1294087200000,1294087259000,0.753812406244582,0.7538692338426977,0.753715818987609,0.7537896776041549,45000000,1
1294087260000,1294087319000,0.7537953596357662,0.7538692338426977,0.7537783137979119,0.7538465017753085,50000000,1
1294087320000,1294087379000,0.7538521846636312,0.7539260700095749,0.7538465017753085,0.7538465017753085,36000000,1
1294087380000,1294087439000,0.7538237710787972,0.7538692338426977,0.7536306154901237,0.7536306154901237,26000000,1
1294087440000,1294087499000,0.7536249359418804,0.753641974843431,0.753607897810769,0.753607897810769,34000000,1
1294087500000,1294087559000,0.753607897810769,0.7536249359418804,0.7535227187099691,0.7535227187099691,37000000,1
1294087560000,1294087619000,0.7535227187099691,0.7537499057812618,0.7535227187099691,0.7536987767468853,72000000,1
1294087620000,1294087679000,0.7536987767468853,0.7536987767468853,0.7536987767468853,0.7536987767468853,16000000,1
1294087680000,1294087739000,0.753715818987609,0.753715818987609,0.7534545892919033,0.7535056852003948,67000000,1
1294087740000,1294087799000,0.7534659433393611,0.7534943299551671,0.7532843196336025,0.7534318822235281,65000000,1
1294087800000,1294087859000,0.7534318822235281,0.7534318822235281,0.753267296900305,0.753341067634961,98000000,1
1294087860000,1294087919000,0.7533353924500726,0.7534148528204084,0.7533070178081779,0.7533524182612626,24000000,1
1294087920000,1294087979000,0.7533694448420561,0.7534091765237702,0.7532786453036843,0.7532786453036843,36000000,1
1294087980000,1294088039000,0.7532616228268402,0.753392148147032,0.7532616228268402,0.7533126925655571,42000000,1
1294088040000,1294088099000,0.7532956685499059,0.7533524182612626,0.7532446011193215,0.7533467429053571,43000000,1
1294088100000,1294088159000,0.7533297173506901,0.7534205292025797,0.7533126925655571,0.7533807963235017,40000000,1
1294088160000,1294088219000,0.7533807963235017,0.7534375588623092,0.7532389273877674,0.7533353924500726,88000000,1
1294088220000,1294088279000,0.7533297173506901,0.7534829750521788,0.753267296900305,0.7534659433393611,47000000,1
1294088280000,1294088339000,0.7534659433393611,0.7535113629513532,0.7534318822235281,0.7535113629513532,66000000,1
1294088340000,1294088399000,0.7534602662728581,0.7536703747249103,0.7534262056702856,0.7536306154901237,147000000,1
1294088400000,1294088459000,0.7536306154901237,0.7537385431741438,0.7535624665606656,0.7536022186049316,91000000,1
1294088460000,1294088519000,0.753607897810769,0.753607897810769,0.7533978241870837,0.7534829750521788,44000000,1
1294088520000,1294088579000,0.7534716204914141,0.7534716204914141,0.753318367408434,0.7533297173506901,47000000,1
1294088580000,1294088639000,0.7533297173506901,0.7533467429053571,0.7532446011193215,0.7532956685499059,27000000,1
1294088640000,1294088699000,0.7532899940490091,0.7533694448420561,0.7532616228268402,0.7532843196336025,36000000,1
1294088700000,1294088759000,0.7532446011193215,0.7533467429053571,0.7532446011193215,0.7532956685499059,44000000,1
1294088760000,1294088819000,0.7533013431362948,0.7534318822235281,0.7532899940490091,0.7534318822235281,66000000,1
1294088820000,1294088879000,0.7534205292025797,0.7534716204914141,0.7533864721925053,0.7534716204914141,48000000,1
1294088880000,1294088939000,0.753443235586631,0.753443235586631,0.7533070178081779,0.7533070178081779,47000000,1
1294088940000,1294088999000,0.7532899940490091,0.7533297173506901,0.7532275801810759,0.7532332537416863,41000000,1
1294089000000,1294089059000,0.7532275801810759,0.7532446011193215,0.7532105600120513,0.7532446011193215,11000000,1
1294089060000,1294089119000,0.7533126925655571,0.7533126925655571,0.7532502749363503,0.7532616228268402,41000000,1
1294089120000,1294089179000,0.753318367408434,0.7533694448420561,0.753255948838856,0.7533694448420561,44000000,1
1294089180000,1294089239000,0.7533524182612626,0.7533751205400192,0.7533467429053571,0.7533524182612626,21000000,1
1294089240000,1294089299000,0.7533467429053571,0.7533524182612626,0.753255948838856,0.7532843196336025,16000000,1
1294089300000,1294089359000,0.7533070178081779,0.7535227187099691,0.7533070178081779,0.7535170407878774,19000000,1
1294089360000,1294089419000,0.7535000075350001,0.7535000075350001,0.7534091765237702,0.7534318822235281,16000000,1
1294089420000,1294089479000,0.7533637692296102,0.7534375588623092,0.7533297173506901,0.7533297173506901,25000000,1
1294089480000,1294089539000,0.7533297173506901,0.7533637692296102,0.7533297173506901,0.7533467429053571,6000000,1
1294089540000,1294089599000,0.7533467429053571,0.7533807963235017,0.7533240423368112,0.7533524182612626,27000000,1
1294089600000,1294089659000,0.753318367408434,0.7533580937026797,0.7531765219814568,0.7532105600120513,36000000,1
1294089660000,1294089719000,0.7531935406121957,0.7533126925655571,0.7531878676498279,0.753267296900305,38000000,1
1294089720000,1294089779000,0.7532332537416863,0.7532729710592525,0.7531538316701186,0.7532729710592525,31000000,1
1294089780000,1294089839000,0.7532446011193215,0.7533864721925053,0.7532332537416863,0.7533807963235017,28000000,1
1294089840000,1294089899000,0.7533694448420561,0.753392148147032,0.7533070178081779,0.7533637692296102,32000000,1
1294089900000,1294089959000,0.7533637692296102,0.753448912396495,0.7533467429053571,0.7533524182612626,30000000,1
1294089960000,1294090019000,0.7533751205400192,0.7533978241870837,0.7533751205400192,0.7533978241870837,4000000,1
1294090020000,1294090079000,0.7533580937026797,0.7534602662728581,0.7533297173506901,0.753392148147032,30000000,1
1294090080000,1294090139000,0.7533807963235017,0.7535340748108629,0.7533807963235017,0.7535340748108629,13000000,1
1294090140000,1294090199000,0.7535283967176303,0.7535681451673675,0.7534091765237702,0.7534091765237702,19000000,1
1294090200000,1294090259000,0.7534205292025797,0.753641974843431,0.7534205292025797,0.7536362951239732,19000000,1
1294090260000,1294090319000,0.7536590145154727,0.753960175823513,0.7536590145154727,0.7537839956582042,55000000,1
1294090320000,1294090379000,0.7538010417530396,0.7538010417530396,0.7536362951239732,0.753641974843431,38000000,1
1294090380000,1294090439000,0.7536022186049316,0.7536022186049316,0.7535113629513532,0.7535340748108629,10000000,1
1294090440000,1294090499000,0.7535567880395466,0.7536249359418804,0.7535567880395466,0.7535681451673675,17000000,1
1294090500000,1294090559000,0.7535681451673675,0.7535681451673675,0.7535511096040088,0.7535511096040088,2000000,1
1294090560000,1294090619000,0.7535511096040088,0.753641974843431,0.7535454312540504,0.753641974843431,17000000,1
1294090620000,1294090679000,0.753641974843431,0.753693096171239,0.7535965394846907,0.7535965394846907,24000000,1
1294090680000,1294090739000,0.7536135771022051,0.7536306154901237,0.7535624665606656,0.7535624665606656,28000000,1
1294090740000,1294090799000,0.7535227187099691,0.7535738238596544,0.7534716204914141,0.7535170407878774,23000000,1
1294090800000,1294090859000,0.7534148528204084,0.7535283967176303,0.7533240423368112,0.753443235586631,96000000,1
1294090860000,1294090919000,0.7534205292025797,0.7534375588623092,0.7533864721925053,0.7533864721925053,13000000,1
1294090920000,1294090979000,0.7533864721925053,0.753392148147032,0.7533580937026797,0.7533864721925053,17000000,1
1294090980000,1294091039000,0.7533467429053571,0.7533978241870837,0.7533126925655571,0.7533467429053571,74000000,1
1294091040000,1294091099000,0.7533240423368112,0.7533637692296102,0.753267296900305,0.7532843196336025,35000000,1
1294091100000,1294091159000,0.7532843196336025,0.7533353924500726,0.7531821947729155,0.7532332537416863,36000000,1
1294091160000,1294091219000,0.7532332537416863,0.7532729710592525,0.7531481593058986,0.7532275801810759,29000000,1
1294091220000,1294091279000,0.7532446011193215,0.753443235586631,0.7532446011193215,0.7533070178081779,40000000,1
1294091280000,1294091339000,0.7533070178081779,0.7533070178081779,0.7533013431362948,0.7533013431362948,2000000,1
1294091340000,1294091399000,0.7533013431362948,0.7533013431362948,0.7531935406121957,0.7532502749363503,15000000,1
1294091400000,1294091459000,0.7532502749363503,0.7533467429053571,0.7532502749363503,0.7533070178081779,7000000,1
1294091460000,1294091519000,0.7532899940490091,0.7534829750521788,0.7532899940490091,0.7534545892919033,21000000,1
1294091520000,1294091579000,0.7534318822235281,0.7534318822235281,0.7533467429053571,0.7533637692296102,8000000,1
1294091580000,1294091639000,0.7533864721925053,0.7534659433393611,0.7533864721925053,0.7533978241870837,24000000,1
1294091640000,1294091699000,0.7533978241870837,0.7533978241870837,0.7533070178081779,0.7533070178081779,6000000,1
1294091700000,1294091759000,0.7532786453036843,0.7533070178081779,0.753255948838856,0.7532786453036843,38000000,1
1294091760000,1294091819000,0.7532446011193215,0.7532446011193215,0.7530517421852055,0.7530517421852055,71000000,1
1294091820000,1294091879000,0.7530517421852055,0.7530857689382243,0.7530460713586458,0.7530857689382243,45000000,1
1294091880000,1294091939000,0.7530857689382243,0.7530857689382243,0.7530857689382243,0.7530857689382243,4000000,1
1294091940000,1294091999000,0.7530800975991807,0.7530800975991807,0.7528929913191439,0.7528929913191439,41000000,1
1294092000000,1294092059000,0.7529496803728607,0.7529496803728607,0.7528249757213945,0.7529440110833359,77000000,1
1294092060000,1294092119000,0.7529610192080356,0.7532048867933054,0.7526266670680675,0.7532048867933054,35000000,1
1294092120000,1294092179000,0.7526436608587663,0.7532275801810759,0.7524624333130169,0.753097111872576,60000000,1
1294092180000,1294092239000,0.7530914403626888,0.7531197987663898,0.7524341243924094,0.7530914403626888,60000000,1
1294092240000,1294092299000,0.753097111872576,0.7531368148337827,0.7524850819832497,0.7531311427258829,38000000,1
1294092300000,1294092359000,0.752881654532724,0.7532105600120513,0.752881654532724,0.752881654532724,48000000,1
1294092360000,1294092419000,0.752881654532724,0.7532162333162604,0.752881654532724,0.7531821947729155,42000000,1
1294092420000,1294092479000,0.7531821947729155,0.7531821947729155,0.7531197987663898,0.7531254707034192,26000000,1
1294092480000,1294092539000,0.753097111872576,0.7531254707034192,0.753097111872576,0.7531254707034192,15000000,1
1294092540000,1294092599000,0.7531254707034192,0.7532105600120513,0.7531254707034192,0.7532105600120513,12000000,1
1294092600000,1294092659000,0.7531821947729155,0.7532332537416863,0.7531595041197825,0.7531878676498279,12000000,1
1294092660000,1294092719000,0.7531878676498279,0.7532389273877674,0.7531765219814568,0.7532389273877674,9000000,1
1294092720000,1294092779000,0.7532446011193215,0.7532899940490091,0.7530914403626888,0.753267296900305,57000000,1
1294092780000,1294092839000,0.7532616228268402,0.7533013431362948,0.7532446011193215,0.7533013431362948,6000000,1
1294092840000,1294092899000,0.7532843196336025,0.7533467429053571,0.7532843196336025,0.7533467429053571,14000000,1
1294092900000,1294092959000,0.7533467429053571,0.753392148147032,0.7533467429053571,0.753392148147032,24000000,1
1294092960000,1294093019000,0.7533580937026797,0.7533864721925053,0.7532786453036843,0.7533297173506901,42000000,1
1294093020000,1294093079000,0.7533580937026797,0.7534772977290194,0.753318367408434,0.7534772977290194,72000000,1
1294093080000,1294093139000,0.7534716204914141,0.7535511096040088,0.7533580937026797,0.7533580937026797,68000000,1
1294093140000,1294093199000,0.7534205292025797,0.7536306154901237,0.7534205292025797,0.7535283967176303,48000000,1
1294093200000,1294093259000,0.7535283967176303,0.7535681451673675,0.7534943299551671,0.7534943299551671,49000000,1
1294093260000,1294093319000,0.7534943299551671,0.7535340748108629,0.7534943299551671,0.7535000075350001,19000000,1
1294093320000,1294093379000,0.7535227187099691,0.7535567880395466,0.7534943299551671,0.7535454312540504,11000000,1
1294093380000,1294093439000,0.7535454312540504,0.7535454312540504,0.7534772977290194,0.7535340748108629,6000000,1
1294093440000,1294093499000,0.753539752989669,0.7536249359418804,0.7535283967176303,0.7535908604500444,12000000,1
1294093500000,1294093559000,0.7535908604500444,0.7537328619990503,0.7535908604500444,0.7537328619990503,61000000,1
1294093560000,1294093619000,0.7537328619990503,0.7537328619990503,0.7536249359418804,0.7536249359418804,17000000,1
1294093620000,1294093679000,0.7536249359418804,0.7536249359418804,0.7535738238596544,0.7536249359418804,17000000,1
1294093680000,1294093739000,0.753641974843431,0.7536874156812203,0.753641974843431,0.7536817352768272,35000000,1
1294093740000,1294093799000,0.7536874156812203,0.7536987767468853,0.7536817352768272,0.7536987767468853,16000000,1
1294093800000,1294093859000,0.753704457408161,0.7537612687309675,0.7536987767468853,0.7537612687309675,18000000,1
1294093860000,1294093919000,0.7537612687309675,0.7537612687309675,0.7537612687309675,0.7537612687309675,6000000,1
1294093920000,1294093979000,0.7537953596357662,0.7537953596357662,0.7536817352768272,0.753704457408161,17000000,1
1294093980000,1294094039000,0.753704457408161,0.753704457408161,0.7536987767468853,0.7536987767468853,3000000,1
1294094040000,1294094099000,0.753704457408161,0.7540568257223864,0.753704457408161,0.7537783137979119,53000000,1
1294094100000,1294094159000,0.7537328619990503,0.7537612687309675,0.7537328619990503,0.7537612687309675,6000000,1
1294094160000,1294094219000,0.7537442244348802,0.7537442244348802,0.7537442244348802,0.7537442244348802,2000000,1
1294094220000,1294094279000,0.7537442244348802,0.753835136255701,0.7537442244348802,0.753835136255701,7000000,1
1294094280000,1294094339000,0.7538521846636312,0.7538919672810886,0.7538180886188545,0.7538180886188545,16000000,1
1294094340000,1294094399000,0.7537896776041549,0.7538692338426977,0.7537896776041549,0.7538692338426977,6000000,1
1294094400000,1294094459000,0.7538806003905101,0.7539488068760132,0.7538806003905101,0.7539317540976191,25000000,1
1294094460000,1294094519000,0.7539431225308363,0.7539885996923728,0.7539090182596765,0.7539090182596765,20000000,1
1294094520000,1294094579000,0.7539317540976191,0.753960175823513,0.7538919672810886,0.7539033345144486,46000000,1
1294094580000,1294094639000,0.7539033345144486,0.7539317540976191,0.7539033345144486,0.7539317540976191,3000000,1
1294094640000,1294094699000,0.7538749170737591,0.7539090182596765,0.7538578676376355,0.7539090182596765,11000000,1
1294094700000,1294094759000,0.7539090182596765,0.7539260700095749,0.7539090182596765,0.7539260700095749,4000000,1
1294094760000,1294094819000,0.7539260700095749,0.7539260700095749,0.7539260700095749,0.7539260700095749,7000000,1
1294094820000,1294094879000,0.7539260700095749,0.7539317540976191,0.7539260700095749,0.7539317540976191,51000000,1
1294094880000,1294094939000,0.7539203860072377,0.7539203860072377,0.7539203860072377,0.7539203860072377,11000000,1
1294094940000,1294094999000,0.7539203860072377,0.7539203860072377,0.7537442244348802,0.7537726320232765,31000000,1
1294095000000,1294095059000,0.7537953596357662,0.7538749170737591,0.7537271809095979,0.7537953596357662,53000000,1
1294095060000,1294095119000,0.7538180886188545,0.7538237710787972,0.753715818987609,0.7537669503342956,24000000,1
1294095120000,1294095179000,0.7537669503342956,0.753835136255701,0.7537499057812618,0.7537555872132903,9000000,1
1294095180000,1294095239000,0.7537555872132903,0.7537555872132903,0.7537214999057847,0.7537214999057847,19000000,1
1294095240000,1294095299000,0.7537271809095979,0.7537783137979119,0.7537214999057847,0.7537214999057847,33000000,1
1294095300000,1294095359000,0.7537328619990503,0.7537783137979119,0.7537328619990503,0.7537783137979119,3000000,1
1294095360000,1294095419000,0.7538067239559777,0.7538067239559777,0.7538067239559777,0.7538067239559777,14000000,1
1294095420000,1294095479000,0.7538067239559777,0.753835136255701,0.7537896776041549,0.753835136255701,8000000,1
1294095480000,1294095539000,0.7537896776041549,0.7539488068760132,0.753693096171239,0.7538919672810886,71000000,1
1294095540000,1294095599000,0.7538806003905101,0.7539374382713722,0.753835136255701,0.7538692338426977,111000000,1
1294095600000,1294095659000,0.7538465017753085,0.7539715451138873,0.7537385431741438,0.7539260700095749,99000000,1
1294095660000,1294095719000,0.7539715451138873,0.7541933148304574,0.7539715451138873,0.7541933148304574,76000000,1
1294095720000,1294095779000,0.7542160678191089,0.754557527465894,0.7542160678191089,0.754517674576527,66000000,1
1294095780000,1294095839000,0.754517674576527,0.7545347538707633,0.754341233800522,0.754341233800522,45000000,1
1294095840000,1294095899000,0.7543810680527161,0.7544379814257368,0.7543810680527161,0.7544209065121612,26000000,1
1294095900000,1294095959000,0.7544209065121612,0.7544265980641414,0.7543696864085214,0.7543810680527161,34000000,1
1294095960000,1294096019000,0.7543753771876887,0.7543753771876887,0.75435830510776,0.75435830510776,7000000,1
1294096020000,1294096079000,0.7543753771876887,0.7543810680527161,0.7543753771876887,0.7543810680527161,7000000,1
1294096080000,1294096139000,0.7543753771876887,0.7546258565003472,0.7543753771876887,0.7545973845654651,41000000,1
1294096140000,1294096199000,0.7545973845654651,0.7546144674685703,0.7544949033869276,0.7545916904363049,39000000,1
1294096200000,1294096259000,0.7545973845654651,0.7546372458759074,0.7545916904363049,0.7545973845654651,28000000,1
1294096260000,1294096319000,0.7545973845654651,0.7546201619414867,0.7544892108042855,0.7544892108042855,13000000,1
1294096320000,1294096379000,0.7545062888099172,0.7546372458759074,0.7545062888099172,0.7546372458759074,17000000,1
1294096380000,1294096439000,0.7545916904363049,0.7545916904363049,0.7544835183075426,0.7544835183075426,14000000,1
1294096440000,1294096499000,0.7544607491795239,0.7544607491795239,0.7542957140917526,0.7542957140917526,31000000,1
1294096500000,1294096559000,0.7542672670634112,0.7542900245144258,0.7542672670634112,0.7542843350229302,71000000,1
1294096560000,1294096619000,0.7542843350229302,0.7542843350229302,0.7541876267977947,0.7542388221806553,28000000,1
1294096620000,1294096679000,0.7542160678191089,0.7542501998763029,0.7542160678191089,0.7542274448282624,17000000,1
1294096680000,1294096739000,0.7542274448282624,0.7543241632659219,0.7542160678191089,0.7542501998763029,94000000,1
1294096740000,1294096799000,0.7542558888528522,0.7542957140917526,0.7542217562807816,0.7542274448282624,31000000,1
1294096800000,1294096859000,0.754233133461553,0.7543355435364759,0.7542274448282624,0.7543298533582765,29000000,1
1294096860000,1294096919000,0.7543298533582765,0.7543355435364759,0.7541080033482395,0.7541080033482395,73000000,1
1294096920000,1294096979000,0.7540852568791429,0.7541876267977947,0.7540738841591699,0.7541080033482395,25000000,1
1294096980000,1294097039000,0.7541080033482395,0.754261577915221,0.7541080033482395,0.7542274448282624,40000000,1
1294097040000,1294097099000,0.7542274448282624,0.7542843350229302,0.7541364383644289,0.7542046911531789,46000000,1
1294097100000,1294097159000,0.7542046911531789,0.7543696864085214,0.7542046911531789,0.7543526145861622,56000000,1
1294097160000,1294097219000,0.7543810680527161,0.7543810680527161,0.75435830510776,0.75435830510776,23000000,1
1294097220000,1294097279000,0.7543298533582765,0.7543298533582765,0.7541080033482395,0.7541591879213865,181000000,1
1294097280000,1294097339000,0.7541591879213865,0.7542957140917526,0.7541591879213865,0.7542501998763029,46000000,1
1294097340000,1294097399000,0.754233133461553,0.754233133461553,0.7542103794432419,0.7542103794432419,5000000,1
1294097400000,1294097459000,0.7542103794432419,0.7544664413326896,0.7541705632145765,0.754415215046057,55000000,1
1294097460000,1294097519000,0.754415215046057,0.7544209065121612,0.754341233800522,0.7543526145861622,43000000,1
1294097520000,1294097579000,0.7543469241504168,0.7544322897019993,0.7542388221806553,0.7542843350229302,77000000,1
1294097580000,1294097639000,0.7542900245144258,0.7544265980641414,0.7542900245144258,0.7544209065121612,44000000,1
1294097640000,1294097699000,0.75439245004036,0.7545005960554709,0.754272956297425,0.7544265980641414,74000000,1
1294097700000,1294097759000,0.754415215046057,0.7544265980641414,0.754415215046057,0.7544265980641414,8000000,1
1294097760000,1294097819000,0.7544265980641414,0.7544721335717465,0.7544265980641414,0.7544607491795239,23000000,1
1294097820000,1294097879000,0.7544664413326896,0.7545689147789867,0.7542843350229302,0.7542843350229302,67000000,1
1294097880000,1294097939000,0.7542843350229302,0.7544209065121612,0.7542843350229302,0.7544038323714685,24000000,1
1294097940000,1294097999000,0.7544038323714685,0.7544038323714685,0.7543526145861622,0.7543526145861622,13000000,1
1294098000000,1294098059000,0.75435830510776,0.75435830510776,0.754233133461553,0.754233133461553,11000000,1
1294098060000,1294098119000,0.754233133461553,0.7543014037549124,0.754233133461553,0.7542445109855712,38000000,1
1294098120000,1294098179000,0.754261577915221,0.754261577915221,0.7542274448282624,0.7542558888528522,18000000,1
1294098180000,1294098239000,0.7542558888528522,0.754272956297425,0.7541250641006304,0.7542558888528522,48000000,1
1294098240000,1294098299000,0.7542558888528522,0.7542672670634112,0.7542558888528522,0.7542558888528522,21000000,1
1294098300000,1294098359000,0.7542558888528522,0.754278645617264,0.7542558888528522,0.754261577915221,13000000,1
1294098360000,1294098419000,0.754261577915221,0.7545005960554709,0.754261577915221,0.7545005960554709,45000000,1
1294098420000,1294098479000,0.7545062888099172,0.7545746085644218,0.7545062888099172,0.7545632210794782,18000000,1
1294098480000,1294098539000,0.7545632210794782,0.7545689147789867,0.7545347538707633,0.7545347538707633,5000000,1
1294098540000,1294098599000,0.7545347538707633,0.7545916904363049,0.7543298533582765,0.7543298533582765,65000000,1
1294098600000,1294098659000,0.7543014037549124,0.7543469241504168,0.7542217562807816,0.754341233800522,62000000,1
1294098660000,1294098719000,0.7543526145861622,0.7543696864085214,0.7543298533582765,0.7543298533582765,23000000,1
1294098720000,1294098779000,0.7543298533582765,0.7544265980641414,0.7542672670634112,0.7542672670634112,51000000,1
1294098780000,1294098839000,0.7542672670634112,0.754341233800522,0.7542672670634112,0.754278645617264,31000000,1
1294098840000,1294098899000,0.754278645617264,0.754278645617264,0.7540681979278205,0.7541136901799315,93000000,1
1294098900000,1294098959000,0.7541136901799315,0.75439245004036,0.7541136901799315,0.754272956297425,116000000,1
1294098960000,1294099019000,0.754272956297425,0.7543127833387393,0.7540966299421608,0.7541080033482395,86000000,1
1294099020000,1294099079000,0.7541080033482395,0.7541080033482395,0.7540113403305585,0.7540625117822268,75000000,1
1294099080000,1294099139000,0.7540625117822268,0.7540795704762767,0.7540170257044404,0.7540795704762767,35000000,1
1294099140000,1294099199000,0.7540909433677702,0.7542388221806553,0.7540909433677702,0.7541990029489182,61000000,1
1294099200000,1294099259000,0.7541990029489182,0.7542388221806553,0.7539885996923728,0.7540397680573674,109000000,1
1294099260000,1294099319000,0.7539999698400012,0.7540909433677702,0.7539033345144486,0.7539942847233218,99000000,1
1294099320000,1294099379000,0.7540170257044404,0.7540681979278205,0.7538635506973238,0.7539829147471518,107000000,1
1294099380000,1294099439000,0.7539999698400012,0.7540397680573674,0.7537669503342956,0.7538976508549199,158000000,1
1294099440000,1294099499000,0.7538862837929526,0.7539885996923728,0.7538408189726657,0.7538635506973238,127000000,1
1294099500000,1294099559000,0.7539147020906054,0.7539715451138873,0.7538465017753085,0.753960175823513,60000000,1
1294099560000,1294099619000,0.7539885996923728,0.7539885996923728,0.7538976508549199,0.7539203860072377,47000000,1
1294099620000,1294099679000,0.7539203860072377,0.7539488068760132,0.7538976508549199,0.7539260700095749,49000000,1
1294099680000,1294099739000,0.7539203860072377,0.7539203860072377,0.7538180886188545,0.753835136255701,41000000,1
1294099740000,1294099799000,0.753835136255701,0.753835136255701,0.753539752989669,0.7535795026375283,183000000,1
1294099800000,1294099859000,0.7535795026375283,0.7538067239559777,0.7535056852003948,0.7537953596357662,97000000,1
1294099860000,1294099919000,0.7537953596357662,0.7538465017753085,0.753539752989669,0.7536987767468853,149000000,1
1294099920000,1294099979000,0.753693096171239,0.7538010417530396,0.753693096171239,0.7537499057812618,78000000,1
1294099980000,1294100039000,0.7538237710787972,0.753829453624412,0.7536362951239732,0.7537669503342956,130000000,1
1294100040000,1294100099000,0.7537612687309675,0.7537726320232765,0.7536533345391787,0.7537726320232765,93000000,1
1294100100000,1294100159000,0.7537726320232765,0.7538862837929526,0.7537214999057847,0.753829453624412,120000000,1
1294100160000,1294100219000,0.753835136255701,0.7539772298876574,0.7535624665606656,0.7539772298876574,245000000,1
1294100220000,1294100279000,0.7539772298876574,0.7545062888099172,0.7539544913069047,0.7543753771876887,338000000,1
1294100280000,1294100339000,0.7543469241504168,0.7545746085644218,0.7543127833387393,0.7545632210794782,102000000,1
1294100340000,1294100399000,0.7546372458759074,0.7548423134407222,0.7544550571122478,0.754557527465894,236000000,1
1294100400000,1294100459000,0.754557527465894,0.754585996393079,0.7544493651308593,0.7545518339382323,176000000,1
1294100460000,1294100519000,0.7545518339382323,0.7550018875047187,0.7544721335717465,0.7550018875047187,224000000,1
1294100520000,1294100579000,0.7549790870792878,0.7550702970446549,0.754802430463826,0.7548878991469766,204000000,1
1294100580000,1294100639000,0.7548423134407222,0.7548708038619191,0.7548081277739198,0.7548537093511278,33000000,1
1294100640000,1294100699000,0.7548537093511278,0.7550075878262577,0.754802430463826,0.7548765022042394,85000000,1
1294100700000,1294100759000,0.7548708038619191,0.7550816998399227,0.7548651056056283,0.7550075878262577,147000000,1
1294100760000,1294100819000,0.7550132882338728,0.7550132882338728,0.7547625517012347,0.7547739452034116,157000000,1
1294100820000,1294100879000,0.7547739452034116,0.7549448890231013,0.7547568550791363,0.7549448890231013,63000000,1
1294100880000,1294100939000,0.7548708038619191,0.7549334903594994,0.7547967332397386,0.7548822006325913,132000000,1
1294100940000,1294100999000,0.7548935977473975,0.7550702970446549,0.7548765022042394,0.7549391896482738,220000000,1
1294101000000,1294101059000,0.7549391896482738,0.7550246893073403,0.7547796420834938,0.7547853390495742,133000000,1
1294101060000,1294101119000,0.7547853390495742,0.7547853390495742,0.7546258565003472,0.7546258565003472,105000000,1
1294101120000,1294101179000,0.7546258565003472,0.7547796420834938,0.7546144674685703,0.7547055893495946,84000000,1
1294101180000,1294101239000,0.7547055893495946,0.7547226771522805,0.7546087730815958,0.7546941979110064,46000000,1
1294101240000,1294101299000,0.7546941979110064,0.7547967332397386,0.7546941979110064,0.7547739452034116,56000000,1
1294101300000,1294101359000,0.7547739452034116,0.7550132882338728,0.7547739452034116,0.7550132882338728,172000000,1
1294101360000,1294101419000,0.7550189887275665,0.7551444213705871,0.754956288030923,0.7551159102922298,123000000,1
1294101420000,1294101479000,0.7550816998399227,0.7551729346020238,0.7550189887275665,0.7550702970446549,115000000,1
1294101480000,1294101539000,0.7550931029795973,0.7550988046785921,0.7550018875047187,0.7550531934974819,95000000,1
1294101540000,1294101599000,0.755041791563163,0.7550588945937783,0.7549220920401014,0.7549220920401014,87000000,1
1294101600000,1294101659000,0.7549049952063532,0.75496768738298,0.7548138251700218,0.7548822006325913,103000000,1
1294101660000,1294101719000,0.7548480113529141,0.7550246893073403,0.7548366156145503,0.7550246893073403,122000000,1
1294101720000,1294101779000,0.7550189887275665,0.7550246893073403,0.7549733871881017,0.7549733871881017,29000000,1
1294101780000,1294101839000,0.7549847870565408,0.7549847870565408,0.7548992964338557,0.7549106940648922,75000000,1
1294101840000,1294101899000,0.7549163930094741,0.7550246893073403,0.7549049952063532,0.7549733871881017,88000000,1
1294101900000,1294101959000,0.7549733871881017,0.7550360907251367,0.7549733871881017,0.7550246893073403,76000000,1
1294101960000,1294102019000,0.7550189887275665,0.7550816998399227,0.7549790870792878,0.7549790870792878,73000000,1
1294102020000,1294102079000,0.75496768738298,0.75496768738298,0.7548309178743962,0.7549106940648922,200000000,1
1294102080000,1294102139000,0.7549106940648922,0.7549220920401014,0.7547169811320755,0.7547511585430283,101000000,1
1294102140000,1294102199000,0.7547568550791363,0.7548309178743962,0.7547055893495946,0.7548309178743962,65000000,1
1294102200000,1294102259000,0.7548309178743962,0.7549448890231013,0.7548195226521338,0.7548708038619191,50000000,1
1294102260000,1294102319000,0.7548708038619191,0.75496768738298,0.7548195226521338,0.7548708038619191,74000000,1
1294102320000,1294102379000,0.7548708038619191,0.7549220920401014,0.754825220220258,0.7549220920401014,58000000,1
1294102380000,1294102439000,0.7548765022042394,0.7549790870792878,0.7548594074353651,0.7549448890231013,91000000,1
1294102440000,1294102499000,0.7549448890231013,0.7549448890231013,0.7546486355952668,0.7546543305838761,146000000,1
1294102500000,1294102559000,0.7547454620929092,0.7548366156145503,0.7546144674685703,0.7546144674685703,140000000,1
1294102560000,1294102619000,0.754699893587315,0.7547511585430283,0.7546087730815958,0.7547454620929092,78000000,1
1294102620000,1294102679000,0.7547454620929092,0.7547454620929092,0.7546828068162952,0.7546828068162952,42000000,1
1294102680000,1294102739000,0.7546828068162952,0.7547454620929092,0.7545803024357852,0.7546600256584409,125000000,1
1294102740000,1294102799000,0.7546657208189632,0.7546714160654451,0.7545632210794782,0.754585996393079,69000000,1
1294102800000,1294102859000,0.754585996393079,0.7547397657287768,0.7544038323714685,0.7545347538707633,158000000,1
1294102860000,1294102919000,0.7545290606867724,0.7545290606867724,0.7541648755250873,0.7542046911531789,185000000,1
1294102920000,1294102979000,0.7542046911531789,0.754415215046057,0.7541819388509284,0.75435830510776,205000000,1
1294102980000,1294103039000,0.75435830510776,0.7544778258966969,0.7543469241504168,0.754415215046057,173000000,1
1294103040000,1294103099000,0.754415215046057,0.7545803024357852,0.754415215046057,0.7545803024357852,184000000,1
1294103100000,1294103159000,0.7545803024357852,0.7545916904363049,0.7544550571122478,0.7545290606867724,114000000,1
1294103160000,1294103219000,0.7545803024357852,0.7547796420834938,0.7545347538707633,0.7547568550791363,163000000,1
1294103220000,1294103279000,0.7547568550791363,0.7548081277739198,0.7545632210794782,0.7545746085644218,174000000,1
1294103280000,1294103339000,0.7546030787805614,0.7548138251700218,0.7546030787805614,0.7547967332397386,120000000,1
1294103340000,1294103399000,0.7547967332397386,0.7548992964338557,0.7547625517012347,0.7548878991469766,124000000,1
1294103400000,1294103459000,0.7549049952063532,0.7549049952063532,0.7547967332397386,0.7548423134407222,162000000,1
1294103460000,1294103519000,0.7548195226521338,0.7549106940648922,0.7548081277739198,0.7548138251700218,37000000,1
1294103520000,1294103579000,0.754825220220258,0.7548309178743962,0.7546657208189632,0.7546657208189632,86000000,1
1294103580000,1294103639000,0.7546771113978884,0.7546885023206671,0.7545347538707633,0.7545746085644218,178000000,1
1294103640000,1294103699000,0.7546486355952668,0.7546486355952668,0.7545233675886942,0.7545689147789867,173000000,1
1294103700000,1294103759000,0.7545689147789867,0.7546201619414867,0.7545689147789867,0.7546201619414867,108000000,1
1294103760000,1294103819000,0.7546201619414867,0.7546486355952668,0.7545461404964914,0.754585996393079,125000000,1
1294103820000,1294103879000,0.754585996393079,0.7546657208189632,0.754517674576527,0.7545461404964914,141000000,1
1294103880000,1294103939000,0.7545347538707633,0.7545803024357852,0.7543355435364759,0.7545746085644218,111000000,1
1294103940000,1294103999000,0.7545746085644218,0.7546030787805614,0.7545062888099172,0.7545518339382323,77000000,1
1294104000000,1294104059000,0.7545632210794782,0.7547625517012347,0.7545632210794782,0.7546714160654451,125000000,1
1294104060000,1294104119000,0.7546714160654451,0.7547511585430283,0.7546714160654451,0.754734069450629,100000000,1
1294104120000,1294104179000,0.754734069450629,0.7548537093511278,0.754734069450629,0.7547796420834938,164000000,1
1294104180000,1294104239000,0.7547796420834938,0.754825220220258,0.7545461404964914,0.7545916904363049,119000000,1
1294104240000,1294104299000,0.7546087730815958,0.7547682484093259,0.7545916904363049,0.7547112851978476,148000000,1
1294104300000,1294104359000,0.7547112851978476,0.7547112851978476,0.7544835183075426,0.7546087730815958,137000000,1
1294104360000,1294104419000,0.7546030787805614,0.7546828068162952,0.7545518339382323,0.7546087730815958,112000000,1
1294104420000,1294104479000,0.7546087730815958,0.7547511585430283,0.7546087730815958,0.7546771113978884,54000000,1
1294104480000,1294104539000,0.7546771113978884,0.7547967332397386,0.7546771113978884,0.7547967332397386,91000000,1
1294104540000,1294104599000,0.7547967332397386,0.7547967332397386,0.7547397657287768,0.7547796420834938,67000000,1
1294104600000,1294104659000,0.7547796420834938,0.7547967332397386,0.7546828068162952,0.754734069450629,78000000,1
1294104660000,1294104719000,0.754699893587315,0.754699893587315,0.7544664413326896,0.7545119816502686,153000000,1
1294104720000,1294104779000,0.7545119816502686,0.7545746085644218,0.7545062888099172,0.7545689147789867,121000000,1
1294104780000,1294104839000,0.7545689147789867,0.7546486355952668,0.7545518339382323,0.7546486355952668,74000000,1
1294104840000,1294104899000,0.7546258565003472,0.7546315511451533,0.7546144674685703,0.7546144674685703,39000000,1
1294104900000,1294104959000,0.7546144674685703,0.7546144674685703,0.7545518339382323,0.7545518339382323,23000000,1
1294104960000,1294105019000,0.7545803024357852,0.7546087730815958,0.7545005960554709,0.7545973845654651,93000000,1
1294105020000,1294105079000,0.7545973845654651,0.7546258565003472,0.7544835183075426,0.7544835183075426,68000000,1
1294105080000,1294105139000,0.7544835183075426,0.7547454620929092,0.7544835183075426,0.754734069450629,145000000,1
1294105140000,1294105199000,0.754734069450629,0.7547568550791363,0.7546600256584409,0.754734069450629,155000000,1
1294105200000,1294105259000,0.754734069450629,0.754734069450629,0.7545803024357852,0.754585996393079,137000000,1
1294105260000,1294105319000,0.7545803024357852,0.7547511585430283,0.754540447140669,0.754585996393079,208000000,1
1294105320000,1294105379000,0.754585996393079,0.7546144674685703,0.75439245004036,0.7545746085644218,187000000,1
1294105380000,1294105439000,0.754557527465894,0.7545746085644218,0.7543355435364759,0.7543981411629801,125000000,1
1294105440000,1294105499000,0.754386759003606,0.7544664413326896,0.754272956297425,0.7543355435364759,122000000,1
1294105500000,1294105559000,0.7543355435364759,0.754386759003606,0.7543070935039073,0.7543696864085214,121000000,1
1294105560000,1294105619000,0.7543696864085214,0.754540447140669,0.75435830510776,0.7544379814257368,151000000,1
1294105620000,1294105679000,0.7544379814257368,0.754699893587315,0.7544379814257368,0.7545632210794782,175000000,1
1294105680000,1294105739000,0.7545290606867724,0.7546600256584409,0.7544265980641414,0.7544949033869276,245000000,1
1294105740000,1294105799000,0.7544835183075426,0.7545632210794782,0.7544835183075426,0.7545461404964914,163000000,1
1294105800000,1294105859000,0.7545461404964914,0.7545518339382323,0.754540447140669,0.7545518339382323,68000000,1
1294105860000,1294105919000,0.7545518339382323,0.7545973845654651,0.7545518339382323,0.7545973845654651,61000000,1
1294105920000,1294105979000,0.7545689147789867,0.7546429406926113,0.7544778258966969,0.7546429406926113,226000000,1
1294105980000,1294106039000,0.7546429406926113,0.7547226771522805,0.7545689147789867,0.7547226771522805,56000000,1
1294106040000,1294106099000,0.7547226771522805,0.7547226771522805,0.7545062888099172,0.7545062888099172,191000000,1
1294106100000,1294106159000,0.7545062888099172,0.754699893587315,0.7545005960554709,0.7546714160654451,161000000,1
1294106160000,1294106219000,0.7546714160654451,0.7549334903594994,0.7546657208189632,0.754825220220258,151000000,1
1294106220000,1294106279000,0.7548195226521338,0.7550645957761687,0.7547397657287768,0.7549163930094741,98000000,1
1294106280000,1294106339000,0.7549619876639211,0.7549904871198624,0.7548992964338557,0.7549619876639211,116000000,1
1294106340000,1294106399000,0.7549904871198624,0.7550874013667083,0.7549448890231013,0.7549448890231013,152000000,1
1294106400000,1294106459000,0.75496768738298,0.7551444213705871,0.7549505884839838,0.7550816998399227,154000000,1
1294106460000,1294106519000,0.7550816998399227,0.7552584872172501,0.7550018875047187,0.7551558264047786,113000000,1
1294106520000,1294106579000,0.7551558264047786,0.7551558264047786,0.7550988046785921,0.7550988046785921,72000000,1
1294106580000,1294106639000,0.7550645957761687,0.7551444213705871,0.7550645957761687,0.7551444213705871,27000000,1
1294106640000,1294106699000,0.7551558264047786,0.7554125307830607,0.7551558264047786,0.7554068243452511,89000000,1
1294106700000,1294106759000,0.7553897055490928,0.7554467712204997,0.7552299675251114,0.7552756000664642,77000000,1
1294106760000,1294106819000,0.7552756000664642,0.7553269432673932,0.7551387189826771,0.755201449986784,48000000,1
1294106820000,1294106879000,0.755201449986784,0.7553041232052086,0.755201449986784,0.7552128567436732,32000000,1
1294106880000,1294106939000,0.7552128567436732,0.7553098280914831,0.7551729346020238,0.7553098280914831,57000000,1
1294106940000,1294106999000,0.7553098280914831,0.7553269432673932,0.7552128567436732,0.7552813045218693,61000000,1
1294107000000,1294107059000,0.7552756000664642,0.7554296506137866,0.7552756000664642,0.7553554702843158,73000000,1
1294107060000,1294107119000,0.7553554702843158,0.7553839994561234,0.7552242638451488,0.7553326484983987,173000000,1
1294107120000,1294107179000,0.7553326484983987,0.7553383538155918,0.7552584872172501,0.7552984184051119,58000000,1
1294107180000,1294107239000,0.7553041232052086,0.7553041232052086,0.7552470790819216,0.7552470790819216,14000000,1
1294107240000,1294107299000,0.7552470790819216,0.7552756000664642,0.7552356712912265,0.7552756000664642,16000000,1
1294107300000,1294107359000,0.7552756000664642,0.7552756000664642,0.7552470790819216,0.7552641914141566,30000000,1
1294107360000,1294107419000,0.755287009063444,0.755287009063444,0.7551900435744655,0.7552071533221563,55000000,1
1294107420000,1294107479000,0.7551900435744655,0.7552584872172501,0.7550816998399227,0.7551159102922298,60000000,1
1294107480000,1294107539000,0.7550816998399227,0.7550816998399227,0.7549448890231013,0.7550018875047187,102000000,1
1294107540000,1294107599000,0.7550075878262577,0.7550246893073403,0.7548708038619191,0.7548765022042394,90000000,1
1294107600000,1294107659000,0.7548935977473975,0.7549049952063532,0.7547625517012347,0.7547625517012347,108000000,1
1294107660000,1294107719000,0.7547511585430283,0.7547625517012347,0.7545973845654651,0.7547226771522805,114000000,1
1294107720000,1294107779000,0.7546941979110064,0.7547169811320755,0.7545916904363049,0.7545916904363049,33000000,1
1294107780000,1294107839000,0.7545916904363049,0.7548537093511278,0.7545916904363049,0.7547967332397386,120000000,1
1294107840000,1294107899000,0.7547967332397386,0.7548138251700218,0.7547739452034116,0.7547796420834938,40000000,1
1294107900000,1294107959000,0.7547682484093259,0.7547853390495742,0.754734069450629,0.7547454620929092,21000000,1
1294107960000,1294108019000,0.7547454620929092,0.7548480113529141,0.7547454620929092,0.7548309178743962,56000000,1
1294108020000,1294108079000,0.7548537093511278,0.754956288030923,0.7548537093511278,0.7549277911567759,38000000,1
1294108080000,1294108139000,0.7549619876639211,0.7552185602513367,0.7549619876639211,0.7552185602513367,134000000,1
1294108140000,1294108199000,0.7551672317834784,0.7552698956972274,0.7550531934974819,0.7552128567436732,166000000,1
1294108200000,1294108259000,0.755201449986784,0.7552984184051119,0.7551900435744655,0.7552413751434959,106000000,1
1294108260000,1294108319000,0.7552413751434959,0.7553326484983987,0.755201449986784,0.7553098280914831,44000000,1
1294108320000,1294108379000,0.7553155330639375,0.7553839994561234,0.7553098280914831,0.7553155330639375,70000000,1
1294108380000,1294108439000,0.7553155330639375,0.755463892603253,0.7552527831065058,0.755463892603253,132000000,1
1294108440000,1294108499000,0.755463892603253,0.7556066009792661,0.7554239439173264,0.7555152614082804,164000000,1
1294108500000,1294108559000,0.7555152614082804,0.7555152614082804,0.7554353573964676,0.7554924299658518,64000000,1
1294108560000,1294108619000,0.7555038455145736,0.755538094230711,0.7554182373070851,0.7554981376970905,105000000,1
1294108620000,1294108679000,0.755538094230711,0.7556922518873413,0.7553954117282692,0.7554353573964676,126000000,1
1294108680000,1294108739000,0.7554353573964676,0.7555323858957215,0.7554125307830607,0.7554239439173264,83000000,1
1294108740000,1294108799000,0.7554239439173264,0.7554581853894387,0.7550988046785921,0.755161529051064,137000000,1
1294108800000,1294108859000,0.7551159102922298,0.7551159102922298,0.7548765022042394,0.7550075878262577,102000000,1
1294108860000,1294108919000,0.7550075878262577,0.7550474924872775,0.7550018875047187,0.755041791563163,80000000,1
1294108920000,1294108979000,0.755041791563163,0.7550988046785921,0.7548765022042394,0.7549106940648922,102000000,1
1294108980000,1294109039000,0.7549220920401014,0.7549790870792878,0.7548935977473975,0.7549334903594994,80000000,1
1294109040000,1294109099000,0.7549220920401014,0.75496768738298,0.7548935977473975,0.7549049952063532,97000000,1
1294109100000,1294109159000,0.7549049952063532,0.7549049952063532,0.754557527465894,0.754585996393079,142000000,1
1294109160000,1294109219000,0.7545973845654651,0.7546771113978884,0.754517674576527,0.7546372458759074,161000000,1
1294109220000,1294109279000,0.7546372458759074,0.7546543305838761,0.7545347538707633,0.754540447140669,84000000,1
1294109280000,1294109339000,0.7545632210794782,0.7547169811320755,0.7545518339382323,0.7546885023206671,75000000,1
1294109340000,1294109399000,0.7546828068162952,0.7547853390495742,0.7546315511451533,0.7547853390495742,80000000,1
1294109400000,1294109459000,0.7547625517012347,0.7548878991469766,0.7547226771522805,0.7548822006325913,109000000,1
1294109460000,1294109519000,0.7549106940648922,0.7549106940648922,0.7546657208189632,0.7546885023206671,57000000,1
1294109520000,1294109579000,0.7547454620929092,0.7547454620929092,0.7546885023206671,0.754734069450629,48000000,1
1294109580000,1294109639000,0.754734069450629,0.7548081277739198,0.7546828068162952,0.7548081277739198,49000000,1
1294109640000,1294109699000,0.7547967332397386,0.7547967332397386,0.754540447140669,0.754540447140669,93000000,1
1294109700000,1294109759000,0.7545632210794782,0.7545746085644218,0.7544949033869276,0.7544949033869276,51000000,1
1294109760000,1294109819000,0.7544949033869276,0.7545119816502686,0.7544550571122478,0.7544550571122478,50000000,1
1294109820000,1294109879000,0.7544721335717465,0.7547682484093259,0.7544721335717465,0.7547511585430283,103000000,1
1294109880000,1294109939000,0.7547511585430283,0.754802430463826,0.7547055893495946,0.7547511585430283,67000000,1
1294109940000,1294109999000,0.7547454620929092,0.7547454620929092,0.7546657208189632,0.7547112851978476,92000000,1
1294110000000,1294110059000,0.7547112851978476,0.7547454620929092,0.7546941979110064,0.7547454620929092,76000000,1
1294110060000,1294110119000,0.7547454620929092,0.7547682484093259,0.7546657208189632,0.7546885023206671,118000000,1
1294110120000,1294110179000,0.7546885023206671,0.7547055893495946,0.7546543305838761,0.7546657208189632,61000000,1
1294110180000,1294110239000,0.7546600256584409,0.7546714160654451,0.7545746085644218,0.7546087730815958,94000000,1
1294110240000,1294110299000,0.7546087730815958,0.7546771113978884,0.7546030787805614,0.7546600256584409,82000000,1
1294110300000,1294110359000,0.7546600256584409,0.7547112851978476,0.7546201619414867,0.7546941979110064,133000000,1
1294110360000,1294110419000,0.7546941979110064,0.7547511585430283,0.7546941979110064,0.7547511585430283,72000000,1
1294110420000,1294110479000,0.7547454620929092,0.7548822006325913,0.7547454620929092,0.7548765022042394,101000000,1
1294110480000,1294110539000,0.7548765022042394,0.7548765022042394,0.7546771113978884,0.754699893587315,86000000,1
1294110540000,1294110599000,0.7546771113978884,0.7547169811320755,0.7546657208189632,0.7547112851978476,98000000,1
1294110600000,1294110659000,0.7547112851978476,0.754734069450629,0.7547112851978476,0.754734069450629,20000000,1
1294110660000,1294110719000,0.7547283732584642,0.7547283732584642,0.7545005960554709,0.754557527465894,48000000,1
1294110720000,1294110779000,0.754557527465894,0.7546885023206671,0.7545518339382323,0.7546543305838761,77000000,1
1294110780000,1294110839000,0.7546543305838761,0.7546543305838761,0.7546030787805614,0.7546087730815958,60000000,1
1294110840000,1294110899000,0.7546087730815958,0.7546600256584409,0.7546030787805614,0.7546087730815958,46000000,1
1294110900000,1294110959000,0.7546201619414867,0.7546885023206671,0.7545803024357852,0.7546087730815958,119000000,1
1294110960000,1294111019000,0.7546087730815958,0.7547226771522805,0.7545973845654651,0.7547226771522805,125000000,1
1294111020000,1294111079000,0.7547226771522805,0.7547454620929092,0.7546087730815958,0.7546372458759074,98000000,1
1294111080000,1294111139000,0.7546372458759074,0.7546372458759074,0.7546315511451533,0.7546315511451533,14000000,1
1294111140000,1294111199000,0.7546315511451533,0.7546714160654451,0.7546087730815958,0.7546714160654451,36000000,1
1294111200000,1294111259000,0.7546657208189632,0.7548935977473975,0.7546657208189632,0.7548366156145503,75000000,1
1294111260000,1294111319000,0.7548366156145503,0.7549049952063532,0.7548366156145503,0.7548935977473975,67000000,1
1294111320000,1294111379000,0.7548935977473975,0.7548935977473975,0.7548423134407222,0.7548765022042394,72000000,1
1294111380000,1294111439000,0.7548765022042394,0.7548822006325913,0.754734069450629,0.7548138251700218,120000000,1
1294111440000,1294111499000,0.7548138251700218,0.7548138251700218,0.7547625517012347,0.7547682484093259,45000000,1
1294111500000,1294111559000,0.7547796420834938,0.7547796420834938,0.754734069450629,0.754734069450629,50000000,1
1294111560000,1294111619000,0.754734069450629,0.7548138251700218,0.7546714160654451,0.7547511585430283,89000000,1
1294111620000,1294111679000,0.7547511585430283,0.7547796420834938,0.7547511585430283,0.7547625517012347,46000000,1
1294111680000,1294111739000,0.7547625517012347,0.7547625517012347,0.7546258565003472,0.7546429406926113,93000000,1
1294111740000,1294111799000,0.7546429406926113,0.7546429406926113,0.7546144674685703,0.7546144674685703,18000000,1
1294111800000,1294111859000,0.7546144674685703,0.7546657208189632,0.7545347538707633,0.7545347538707633,134000000,1
1294111860000,1294111919000,0.7545119816502686,0.7546543305838761,0.7545119816502686,0.7545803024357852,82000000,1
1294111920000,1294111979000,0.7545689147789867,0.7545689147789867,0.7542046911531789,0.7543469241504168,274000000,1
1294111980000,1294112039000,0.7543469241504168,0.7543810680527161,0.7542672670634112,0.7543355435364759,172000000,1
1294112040000,1294112099000,0.754341233800522,0.7544038323714685,0.75431847325941,0.7543526145861622,125000000,1
1294112100000,1294112159000,0.7543526145861622,0.7543696864085214,0.7540852568791429,0.7541705632145765,207000000,1
1294112160000,1294112219000,0.7541762509898563,0.7541990029489182,0.7538862837929526,0.7540397680573674,219000000,1
1294112220000,1294112279000,0.7540397680573674,0.7542160678191089,0.7540227111640603,0.7541591879213865,153000000,1
1294112280000,1294112339000,0.7541591879213865,0.7542274448282624,0.7541364383644289,0.7541364383644289,120000000,1
1294112340000,1294112399000,0.7541364383644289,0.7542217562807816,0.7538465017753085,0.7538465017753085,131000000,1
1294112400000,1294112459000,0.7538465017753085,0.7538465017753085,0.7535454312540504,0.7535851815009911,246000000,1
1294112460000,1294112519000,0.7535851815009911,0.7537328619990503,0.7535738238596544,0.753715818987609,185000000,1
1294112520000,1294112579000,0.753704457408161,0.753704457408161,0.7535567880395466,0.7536533345391787,138000000,1
1294112580000,1294112639000,0.7536590145154727,0.7537271809095979,0.7536590145154727,0.7536646945773825,108000000,1
1294112640000,1294112699000,0.753676054958058,0.7538521846636312,0.7536590145154727,0.753835136255701,130000000,1
1294112700000,1294112759000,0.753835136255701,0.7539431225308363,0.753812406244582,0.753835136255701,109000000,1
1294112760000,1294112819000,0.753835136255701,0.7538692338426977,0.7537726320232765,0.7537953596357662,89000000,1
1294112820000,1294112879000,0.7537896776041549,0.7538578676376355,0.7537669503342956,0.7537669503342956,149000000,1
1294112880000,1294112939000,0.7537669503342956,0.7538692338426977,0.7537669503342956,0.7538237710787972,151000000,1
1294112940000,1294112999000,0.7538237710787972,0.7539203860072377,0.7538237710787972,0.7538749170737591,117000000,1
1294113000000,1294113059000,0.7538749170737591,0.7538749170737591,0.7537669503342956,0.7538237710787972,66000000,1
1294113060000,1294113119000,0.7538237710787972,0.7538465017753085,0.7537385431741438,0.7537499057812618,89000000,1
1294113120000,1294113179000,0.7537499057812618,0.7537669503342956,0.7537101381550684,0.7537101381550684,74000000,1
1294113180000,1294113239000,0.753715818987609,0.753715818987609,0.7536987767468853,0.7537101381550684,41000000,1
1294113240000,1294113299000,0.7537101381550684,0.7537499057812618,0.7537101381550684,0.7537385431741438,32000000,1
1294113300000,1294113359000,0.7537328619990503,0.7538237710787972,0.753704457408161,0.7538010417530396,254000000,1
1294113360000,1294113419000,0.7537839956582042,0.7537953596357662,0.7537669503342956,0.7537783137979119,118000000,1
1294113420000,1294113479000,0.7537783137979119,0.753835136255701,0.7537555872132903,0.7537726320232765,209000000,1
1294113480000,1294113539000,0.7537726320232765,0.7538806003905101,0.7537669503342956,0.7538180886188545,270000000,1
1294113540000,1294113599000,0.7538180886188545,0.7539090182596765,0.7537896776041549,0.7538976508549199,116000000,1
1294113600000,1294113659000,0.7539203860072377,0.7539544913069047,0.7537101381550684,0.7538408189726657,151000000,1
1294113660000,1294113719000,0.7538408189726657,0.7539317540976191,0.7538408189726657,0.7538692338426977,112000000,1
1294113720000,1294113779000,0.7538692338426977,0.7538692338426977,0.7533524182612626,0.7536249359418804,217000000,1
1294113780000,1294113839000,0.7536249359418804,0.753704457408161,0.7535624665606656,0.7536874156812203,157000000,1
1294113840000,1294113899000,0.753693096171239,0.7537783137979119,0.7536533345391787,0.7537783137979119,65000000,1
1294113900000,1294113959000,0.7537783137979119,0.7538237710787972,0.7536476546484987,0.7537442244348802,180000000,1
1294113960000,1294114019000,0.7537442244348802,0.7539772298876574,0.753704457408161,0.7539090182596765,240000000,1
1294114020000,1294114079000,0.7539090182596765,0.754272956297425,0.7538749170737591,0.7541535004034722,159000000,1
1294114080000,1294114139000,0.7541705632145765,0.7542103794432419,0.7540170257044404,0.7540681979278205,166000000,1
1294114140000,1294114199000,0.7540568257223864,0.7541990029489182,0.7540568257223864,0.7541421256249954,326000000,1
1294114200000,1294114259000,0.7541535004034722,0.754272956297425,0.7541421256249954,0.7542046911531789,184000000,1
1294114260000,1294114319000,0.7542046911531789,0.7542160678191089,0.7540056550424129,0.7541762509898563,149000000,1
1294114320000,1294114379000,0.7541762509898563,0.7542388221806553,0.7540795704762767,0.7541876267977947,142000000,1
1294114380000,1294114439000,0.7542103794432419,0.7542160678191089,0.7541023166023166,0.7541023166023166,121000000,1
1294114440000,1294114499000,0.7540909433677702,0.7542046911531789,0.7540909433677702,0.7542046911531789,35000000,1
1294114500000,1294114559000,0.7542046911531789,0.7547226771522805,0.7542046911531789,0.7545689147789867,257000000,1
1294114560000,1294114619000,0.7545689147789867,0.7546885023206671,0.7545461404964914,0.7546087730815958,143000000,1
1294114620000,1294114679000,0.7546087730815958,0.7546201619414867,0.7545062888099172,0.7545689147789867,89000000,1
1294114680000,1294114739000,0.7545689147789867,0.7545689147789867,0.7541591879213865,0.754233133461553,167000000,1
1294114740000,1294114799000,0.7542160678191089,0.7544038323714685,0.7541136901799315,0.7543127833387393,122000000,1
1294114800000,1294114859000,0.7543127833387393,0.754415215046057,0.7543127833387393,0.75439245004036,101000000,1
1294114860000,1294114919000,0.754415215046057,0.7544550571122478,0.754386759003606,0.7544038323714685,66000000,1
1294114920000,1294114979000,0.7544038323714685,0.7544607491795239,0.7543639957152125,0.754415215046057,46000000,1
1294114980000,1294115039000,0.7543981411629801,0.7544493651308593,0.754261577915221,0.7542843350229302,176000000,1
1294115040000,1294115099000,0.7542843350229302,0.7543298533582765,0.7541364383644289,0.7541933148304574,192000000,1
1294115100000,1294115159000,0.7542274448282624,0.7544778258966969,0.7542217562807816,0.7544778258966969,305000000,1
1294115160000,1294115219000,0.7544835183075426,0.7544835183075426,0.7544379814257368,0.7544436732353562,132000000,1
1294115220000,1294115279000,0.7544550571122478,0.7546144674685703,0.7544550571122478,0.754585996393079,132000000,1
1294115280000,1294115339000,0.754585996393079,0.7546771113978884,0.7544493651308593,0.7545973845654651,206000000,1
1294115340000,1294115399000,0.7545973845654651,0.7546372458759074,0.7543810680527161,0.754386759003606,174000000,1
1294115400000,1294115459000,0.75439245004036,0.7544322897019993,0.7541591879213865,0.7543014037549124,181000000,1
1294115460000,1294115519000,0.7543014037549124,0.7543014037549124,0.7542217562807816,0.754233133461553,103000000,1
1294115520000,1294115579000,0.7541819388509284,0.7542900245144258,0.7541535004034722,0.7541535004034722,190000000,1
1294115580000,1294115639000,0.7541591879213865,0.7541762509898563,0.7540909433677702,0.7541136901799315,68000000,1
1294115640000,1294115699000,0.7541023166023166,0.7541136901799315,0.7539772298876574,0.7539829147471518,100000000,1
1294115700000,1294115759000,0.7539885996923728,0.7539885996923728,0.7534375588623092,0.7534375588623092,212000000,1
1294115760000,1294115819000,0.7534375588623092,0.7535113629513532,0.7532616228268402,0.7532616228268402,218000000,1
1294115820000,1294115879000,0.7532616228268402,0.753341067634961,0.7532616228268402,0.753341067634961,108000000,1
1294115880000,1294115939000,0.7533353924500726,0.7535340748108629,0.7533297173506901,0.7535340748108629,148000000,1
1294115940000,1294115999000,0.7535283967176303,0.7536249359418804,0.7533978241870837,0.7535056852003948,159000000,1
1294116000000,1294116059000,0.7535056852003948,0.753704457408161,0.7535000075350001,0.7536703747249103,245000000,1
1294116060000,1294116119000,0.753676054958058,0.7537612687309675,0.7535567880395466,0.7536476546484987,175000000,1
1294116120000,1294116179000,0.7536703747249103,0.7537612687309675,0.7536306154901237,0.7536476546484987,157000000,1
1294116180000,1294116239000,0.7536476546484987,0.7536646945773825,0.753607897810769,0.753641974843431,103000000,1
1294116240000,1294116299000,0.753676054958058,0.7537612687309675,0.753641974843431,0.7537271809095979,78000000,1
1294116300000,1294116359000,0.7537442244348802,0.7537499057812618,0.7536817352768272,0.7537101381550684,77000000,1
1294116360000,1294116419000,0.753704457408161,0.7537385431741438,0.7536874156812203,0.753704457408161,52000000,1
1294116420000,1294116479000,0.753715818987609,0.7537953596357662,0.7536987767468853,0.7537953596357662,69000000,1
1294116480000,1294116539000,0.7537953596357662,0.753812406244582,0.7537328619990503,0.7537896776041549,68000000,1
1294116540000,1294116599000,0.7537896776041549,0.753829453624412,0.7537442244348802,0.7538237710787972,62000000,1
1294116600000,1294116659000,0.7538237710787972,0.7538635506973238,0.7538237710787972,0.7538521846636312,65000000,1
1294116660000,1294116719000,0.7538521846636312,0.7538521846636312,0.7538237710787972,0.753829453624412,19000000,1
1294116720000,1294116779000,0.7538578676376355,0.7538919672810886,0.7538465017753085,0.7538749170737591,48000000,1
1294116780000,1294116839000,0.7538749170737591,0.7539147020906054,0.7538408189726657,0.7538578676376355,112000000,1
1294116840000,1294116899000,0.753835136255701,0.7538521846636312,0.753835136255701,0.753835136255701,67000000,1
1294116900000,1294116959000,0.753835136255701,0.7538862837929526,0.753829453624412,0.753835136255701,43000000,1
1294116960000,1294117019000,0.753835136255701,0.7538578676376355,0.753812406244582,0.7538521846636312,108000000,1
1294117020000,1294117079000,0.7538521846636312,0.7538749170737591,0.7538237710787972,0.753835136255701,54000000,1
1294117080000,1294117139000,0.7538408189726657,0.7538521846636312,0.7537612687309675,0.7538010417530396,53000000,1
1294117140000,1294117199000,0.7538010417530396,0.7538692338426977,0.7537499057812618,0.7538521846636312,39000000,1
1294117200000,1294117259000,0.7538521846636312,0.7538635506973238,0.7536646945773825,0.7536646945773825,155000000,1
1294117260000,1294117319000,0.7536646945773825,0.7537271809095979,0.7536646945773825,0.753693096171239,87000000,1
1294117320000,1294117379000,0.753676054958058,0.753676054958058,0.753607897810769,0.7536306154901237,36000000,1
1294117380000,1294117439000,0.7536249359418804,0.753676054958058,0.7536249359418804,0.753676054958058,57000000,1
1294117440000,1294117499000,0.753676054958058,0.7536987767468853,0.7536590145154727,0.7536987767468853,96000000,1
1294117500000,1294117559000,0.753676054958058,0.7537555872132903,0.7536590145154727,0.7536703747249103,73000000,1
1294117560000,1294117619000,0.7536703747249103,0.7537499057812618,0.7536590145154727,0.7537499057812618,40000000,1
1294117620000,1294117679000,0.7537499057812618,0.7538237710787972,0.7537499057812618,0.7537896776041549,37000000,1
1294117680000,1294117739000,0.7537896776041549,0.7538521846636312,0.7537896776041549,0.7537896776041549,21000000,1
1294117740000,1294117799000,0.7537896776041549,0.753835136255701,0.7537555872132903,0.7537669503342956,87000000,1
1294117800000,1294117859000,0.7537669503342956,0.754272956297425,0.7537669503342956,0.7540852568791429,210000000,1
1294117860000,1294117919000,0.7540852568791429,0.7540852568791429,0.7540113403305585,0.7540511397482977,123000000,1
1294117920000,1294117979000,0.7540511397482977,0.7541990029489182,0.7540454538599587,0.7540795704762767,220000000,1
1294117980000,1294118039000,0.7540795704762767,0.7541421256249954,0.7540056550424129,0.7540511397482977,185000000,1
1294118040000,1294118099000,0.7540227111640603,0.7541193770973945,0.7539772298876574,0.7540454538599587,155000000,1
1294118100000,1294118159000,0.7540568257223864,0.7540909433677702,0.7538408189726657,0.7538408189726657,226000000,1
1294118160000,1294118219000,0.753829453624412,0.753829453624412,0.7536022186049316,0.7536022186049316,289000000,1
1294118220000,1294118279000,0.7536362951239732,0.753693096171239,0.7535851815009911,0.7536476546484987,172000000,1
1294118280000,1294118339000,0.7536533345391787,0.753715818987609,0.7536192564792416,0.7536987767468853,161000000,1
1294118340000,1294118399000,0.7536987767468853,0.7538067239559777,0.7536874156812203,0.7537271809095979,95000000,1
1294118400000,1294118459000,0.7537271809095979,0.7537839956582042,0.753704457408161,0.7537271809095979,92000000,1
1294118460000,1294118519000,0.7537271809095979,0.7538180886188545,0.7537101381550684,0.7537669503342956,110000000,1
1294118520000,1294118579000,0.7537669503342956,0.7538408189726657,0.7537669503342956,0.753835136255701,48000000,1
1294118580000,1294118639000,0.753835136255701,0.7538578676376355,0.7537612687309675,0.7538465017753085,131000000,1
1294118640000,1294118699000,0.7538465017753085,0.7538465017753085,0.7537499057812618,0.7537953596357662,144000000,1
1294118700000,1294118759000,0.7537953596357662,0.7538408189726657,0.7537726320232765,0.7537726320232765,134000000,1
1294118760000,1294118819000,0.7537726320232765,0.7538408189726657,0.7537101381550684,0.7537726320232765,112000000,1
1294118820000,1294118879000,0.7537783137979119,0.7537953596357662,0.753715818987609,0.7537896776041549,82000000,1
1294118880000,1294118939000,0.7537896776041549,0.7538067239559777,0.753693096171239,0.753693096171239,94000000,1
1294118940000,1294118999000,0.753693096171239,0.7538976508549199,0.753693096171239,0.7538578676376355,241000000,1
1294119000000,1294119059000,0.7538465017753085,0.7539374382713722,0.7538180886188545,0.7539317540976191,108000000,1
1294119060000,1294119119000,0.7539317540976191,0.7541023166023166,0.7539260700095749,0.7539942847233218,120000000,1
1294119120000,1294119179000,0.7539885996923728,0.7541136901799315,0.7538465017753085,0.7539374382713722,194000000,1
1294119180000,1294119239000,0.7539374382713722,0.7540454538599587,0.7538806003905101,0.7540454538599587,131000000,1
1294119240000,1294119299000,0.7540454538599587,0.7541478129713424,0.7540056550424129,0.7540340823405217,224000000,1
1294119300000,1294119359000,0.7540397680573674,0.7540511397482977,0.7539829147471518,0.7539942847233218,129000000,1
1294119360000,1294119419000,0.7539942847233218,0.7540966299421608,0.7539942847233218,0.7540340823405217,111000000,1
1294119420000,1294119479000,0.7540340823405217,0.7541250641006304,0.75402839670942,0.7540909433677702,95000000,1
1294119480000,1294119539000,0.7540909433677702,0.7542957140917526,0.7540909433677702,0.7542274448282624,159000000,1
1294119540000,1294119599000,0.7542103794432419,0.7542558888528522,0.7541591879213865,0.7542558888528522,172000000,1
1294119600000,1294119659000,0.7542558888528522,0.7542558888528522,0.7541819388509284,0.7542046911531789,94000000,1
1294119660000,1294119719000,0.7542103794432419,0.7543810680527161,0.7541990029489182,0.7543810680527161,124000000,1
1294119720000,1294119779000,0.7543810680527161,0.75439245004036,0.754272956297425,0.75439245004036,120000000,1
1294119780000,1294119839000,0.75439245004036,0.7544778258966969,0.7543696864085214,0.7544209065121612,206000000,1
1294119840000,1294119899000,0.7544209065121612,0.7545119816502686,0.7543355435364759,0.7543810680527161,222000000,1
1294119900000,1294119959000,0.7543981411629801,0.7544209065121612,0.7541023166023166,0.7541080033482395,165000000,1
1294119960000,1294120019000,0.7541080033482395,0.7541080033482395,0.7540625117822268,0.7540625117822268,78000000,1
1294120020000,1294120079000,0.7540681979278205,0.7541023166023166,0.75402839670942,0.7540738841591699,196000000,1
1294120080000,1294120139000,0.7540795704762767,0.7542274448282624,0.7540795704762767,0.7541023166023166,193000000,1
1294120140000,1294120199000,0.7541023166023166,0.7541591879213865,0.7540511397482977,0.7540511397482977,191000000,1
1294120200000,1294120259000,0.7540568257223864,0.7540568257223864,0.7540056550424129,0.7540056550424129,147000000,1
1294120260000,1294120319000,0.7540056550424129,0.7540113403305585,0.7539715451138873,0.7539829147471518,60000000,1
1294120320000,1294120379000,0.7539829147471518,0.7540113403305585,0.7539715451138873,0.7539942847233218,81000000,1
1294120380000,1294120439000,0.7539942847233218,0.7540397680573674,0.7539942847233218,0.7540397680573674,183000000,1
1294120440000,1294120499000,0.7540397680573674,0.75439245004036,0.7540397680573674,0.7543070935039073,128000000,1
1294120500000,1294120559000,0.7543070935039073,0.75439245004036,0.7542957140917526,0.7543753771876887,112000000,1
1294120560000,1294120619000,0.7543639957152125,0.7544209065121612,0.7543241632659219,0.754386759003606,151000000,1
1294120620000,1294120679000,0.7543696864085214,0.7548480113529141,0.7543696864085214,0.7547283732584642,242000000,1
1294120680000,1294120739000,0.7547397657287768,0.7547682484093259,0.7545005960554709,0.7545005960554709,154000000,1
1294120740000,1294120799000,0.7544835183075426,0.7545916904363049,0.75435830510776,0.7544038323714685,222000000,1
1294120800000,1294120859000,0.7544038323714685,0.7545518339382323,0.7543639957152125,0.7544607491795239,86000000,1
1294120860000,1294120919000,0.7544607491795239,0.7544607491795239,0.754341233800522,0.7543753771876887,84000000,1
1294120920000,1294120979000,0.7543810680527161,0.7544038323714685,0.7542388221806553,0.7544038323714685,150000000,1
1294120980000,1294121039000,0.7544038323714685,0.7544038323714685,0.7542900245144258,0.7543696864085214,76000000,1
1294121040000,1294121099000,0.7543696864085214,0.7545119816502686,0.7543696864085214,0.7545119816502686,83000000,1
1294121100000,1294121159000,0.7545119816502686,0.7545461404964914,0.7544892108042855,0.7545233675886942,112000000,1
1294121160000,1294121219000,0.754517674576527,0.754517674576527,0.7543526145861622,0.7543526145861622,145000000,1
1294121220000,1294121279000,0.7543469241504168,0.7544209065121612,0.75431847325941,0.754415215046057,116000000,1
1294121280000,1294121339000,0.754415215046057,0.754557527465894,0.7543696864085214,0.7545461404964914,154000000,1
1294121340000,1294121399000,0.7545518339382323,0.7546144674685703,0.7541990029489182,0.7542445109855712,313000000,1
1294121400000,1294121459000,0.7542160678191089,0.754278645617264,0.7541648755250873,0.7541933148304574,217000000,1
1294121460000,1294121519000,0.7541876267977947,0.7542672670634112,0.7541648755250873,0.7542217562807816,197000000,1
1294121520000,1294121579000,0.7542217562807816,0.7542445109855712,0.7541819388509284,0.7542160678191089,134000000,1
1294121580000,1294121639000,0.7542160678191089,0.7542445109855712,0.7540852568791429,0.7541535004034722,124000000,1
1294121640000,1294121699000,0.7541535004034722,0.7541705632145765,0.7538862837929526,0.7540397680573674,223000000,1
1294121700000,1294121759000,0.7540454538599587,0.7541421256249954,0.7539658604258399,0.7540340823405217,171000000,1
1294121760000,1294121819000,0.7540113403305585,0.7541080033482395,0.7538976508549199,0.7539033345144486,123000000,1
1294121820000,1294121879000,0.7539033345144486,0.7539885996923728,0.753835136255701,0.7539885996923728,132000000,1
1294121880000,1294121939000,0.7539885996923728,0.7541136901799315,0.7539374382713722,0.7540113403305585,141000000,1
1294121940000,1294121999000,0.7540113403305585,0.7540738841591699,0.7538692338426977,0.7538749170737591,96000000,1
1294122000000,1294122059000,0.7538862837929526,0.7539942847233218,0.7538862837929526,0.7539033345144486,100000000,1
1294122060000,1294122119000,0.7539203860072377,0.753960175823513,0.7538919672810886,0.753960175823513,59000000,1
1294122120000,1294122179000,0.753960175823513,0.7542445109855712,0.7539260700095749,0.754233133461553,86000000,1
1294122180000,1294122239000,0.7542957140917526,0.7545803024357852,0.7542957140917526,0.7545461404964914,99000000,1
1294122240000,1294122299000,0.754557527465894,0.7545916904363049,0.7544379814257368,0.7545916904363049,119000000,1
1294122300000,1294122359000,0.7545746085644218,0.7546885023206671,0.754540447140669,0.754540447140669,126000000,1
1294122360000,1294122419000,0.754540447140669,0.7547511585430283,0.7544835183075426,0.7546315511451533,210000000,1
1294122420000,1294122479000,0.7546201619414867,0.7546258565003472,0.7545233675886942,0.7545746085644218,124000000,1
1294122480000,1294122539000,0.7545746085644218,0.7546258565003472,0.7543981411629801,0.7544209065121612,188000000,1
1294122540000,1294122599000,0.7544209065121612,0.7546657208189632,0.7544209065121612,0.754557527465894,150000000,1
1294122600000,1294122659000,0.754557527465894,0.7546372458759074,0.7545290606867724,0.7546315511451533,120000000,1
1294122660000,1294122719000,0.7546429406926113,0.7549448890231013,0.7546087730815958,0.7549049952063532,183000000,1
1294122720000,1294122779000,0.7549049952063532,0.7549049952063532,0.7546486355952668,0.7547283732584642,280000000,1
1294122780000,1294122839000,0.7547568550791363,0.7549790870792878,0.7547511585430283,0.7548423134407222,233000000,1
1294122840000,1294122899000,0.7549049952063532,0.7550874013667083,0.7548822006325913,0.7550474924872775,115000000,1
1294122900000,1294122959000,0.7550531934974819,0.7550931029795973,0.7549847870565408,0.7550531934974819,84000000,1
1294122960000,1294123019000,0.7550360907251367,0.7551558264047786,0.7549904871198624,0.7550759983992389,148000000,1
1294123020000,1294123079000,0.7550759983992389,0.7550759983992389,0.7549334903594994,0.7550246893073403,218000000,1
1294123080000,1294123139000,0.7550531934974819,0.7551444213705871,0.7550189887275665,0.7550588945937783,162000000,1
1294123140000,1294123199000,0.7550588945937783,0.7552185602513367,0.7550246893073403,0.7552185602513367,130000000,1
1294123200000,1294123259000,0.7552071533221563,0.7552698956972274,0.7550874013667083,0.7550874013667083,144000000,1
1294123260000,1294123319000,0.7550988046785921,0.7552185602513367,0.7550759983992389,0.7551672317834784,125000000,1
1294123320000,1294123379000,0.7551672317834784,0.7551672317834784,0.7549391896482738,0.7549847870565408,111000000,1
1294123380000,1294123439000,0.7549733871881017,0.7549733871881017,0.7547226771522805,0.7547283732584642,174000000,1
1294123440000,1294123499000,0.7547283732584642,0.7548708038619191,0.7546828068162952,0.7547454620929092,141000000,1
1294123500000,1294123559000,0.7547454620929092,0.7547511585430283,0.7545005960554709,0.7545347538707633,158000000,1
1294123560000,1294123619000,0.754557527465894,0.7548651056056283,0.7544949033869276,0.7545689147789867,158000000,1
1294123620000,1294123679000,0.7545689147789867,0.7546258565003472,0.7544721335717465,0.7545689147789867,153000000,1
1294123680000,1294123739000,0.7545689147789867,0.7546714160654451,0.7543753771876887,0.7546201619414867,221000000,1
1294123740000,1294123799000,0.7546201619414867,0.7546258565003472,0.7545005960554709,0.7545233675886942,129000000,1
1294123800000,1294123859000,0.7545233675886942,0.7547169811320755,0.754517674576527,0.7546885023206671,126000000,1
1294123860000,1294123919000,0.754699893587315,0.754699893587315,0.7544550571122478,0.7544835183075426,100000000,1
1294123920000,1294123979000,0.7544778258966969,0.7544778258966969,0.7541990029489182,0.7542388221806553,191000000,1
1294123980000,1294124039000,0.7542501998763029,0.7543127833387393,0.7542388221806553,0.7542672670634112,100000000,1
1294124040000,1294124099000,0.7542672670634112,0.7542672670634112,0.7542217562807816,0.7542217562807816,65000000,1
1294124100000,1294124159000,0.7542217562807816,0.7542274448282624,0.7539942847233218,0.7540625117822268,178000000,1
1294124160000,1294124219000,0.7540795704762767,0.7541136901799315,0.7540227111640603,0.7541136901799315,114000000,1
1294124220000,1294124279000,0.7541080033482395,0.7541421256249954,0.7540511397482977,0.7540511397482977,101000000,1
1294124280000,1294124339000,0.7540568257223864,0.7541421256249954,0.7538635506973238,0.7539942847233218,172000000,1
1294124340000,1294124399000,0.7539942847233218,0.7540568257223864,0.753829453624412,0.7538806003905101,155000000,1
1294124400000,1294124459000,0.7538806003905101,0.7539715451138873,0.753715818987609,0.753812406244582,179000000,1
1294124460000,1294124519000,0.7538010417530396,0.7539658604258399,0.7536646945773825,0.7538692338426977,205000000,1
1294124520000,1294124579000,0.7538806003905101,0.7539374382713722,0.7536987767468853,0.7537726320232765,178000000,1
1294124580000,1294124639000,0.7537726320232765,0.7537783137979119,0.7535454312540504,0.7536703747249103,154000000,1
1294124640000,1294124699000,0.7536590145154727,0.753829453624412,0.7535965394846907,0.7537669503342956,190000000,1
1294124700000,1294124759000,0.7537669503342956,0.753829453624412,0.7536646945773825,0.7536817352768272,183000000,1
1294124760000,1294124819000,0.7536817352768272,0.7537499057812618,0.753607897810769,0.7537499057812618,126000000,1
1294124820000,1294124879000,0.7537442244348802,0.753812406244582,0.7537442244348802,0.7537669503342956,107000000,1
1294124880000,1294124939000,0.7537669503342956,0.7538578676376355,0.7537669503342956,0.753829453624412,96000000,1
1294124940000,1294124999000,0.7538521846636312,0.75402839670942,0.753829453624412,0.7539999698400012,104000000,1
1294125000000,1294125059000,0.7540170257044404,0.7541648755250873,0.7540170257044404,0.7541193770973945,147000000,1
1294125060000,1294125119000,0.7541193770973945,0.7541762509898563,0.7540170257044404,0.7540454538599587,165000000,1
1294125120000,1294125179000,0.7540454538599587,0.7542274448282624,0.7540113403305585,0.7540852568791429,187000000,1
1294125180000,1294125239000,0.7540795704762767,0.754278645617264,0.7540568257223864,0.7541193770973945,142000000,1
1294125240000,1294125299000,0.7541193770973945,0.7542103794432419,0.7540795704762767,0.7541364383644289,162000000,1
1294125300000,1294125359000,0.7541421256249954,0.7543241632659219,0.7540625117822268,0.7540738841591699,130000000,1
1294125360000,1294125419000,0.7540795704762767,0.7541535004034722,0.7539374382713722,0.7541193770973945,174000000,1
1294125420000,1294125479000,0.7541193770973945,0.7542103794432419,0.7539374382713722,0.7541421256249954,250000000,1
1294125480000,1294125539000,0.7541421256249954,0.7541762509898563,0.7539829147471518,0.7539829147471518,156000000,1
1294125540000,1294125599000,0.7539942847233218,0.7542046911531789,0.7539772298876574,0.7542046911531789,122000000,1
1294125600000,1294125659000,0.7542046911531789,0.7542957140917526,0.7540909433677702,0.7541876267977947,222000000,1
1294125660000,1294125719000,0.7541876267977947,0.754734069450629,0.7541876267977947,0.7546429406926113,131000000,1
1294125720000,1294125779000,0.7546486355952668,0.7547625517012347,0.7546258565003472,0.7546600256584409,70000000,1
1294125780000,1294125839000,0.7546372458759074,0.7549505884839838,0.7546372458759074,0.7548423134407222,191000000,1
1294125840000,1294125899000,0.7548822006325913,0.7548935977473975,0.7547226771522805,0.7547454620929092,83000000,1
1294125900000,1294125959000,0.7547568550791363,0.7548309178743962,0.7546600256584409,0.7547910361016552,124000000,1
1294125960000,1294126019000,0.7547739452034116,0.7549163930094741,0.7545290606867724,0.7545689147789867,182000000,1
1294126020000,1294126079000,0.7545689147789867,0.7546429406926113,0.7543810680527161,0.754517674576527,128000000,1
1294126080000,1294126139000,0.754517674576527,0.7545632210794782,0.7542957140917526,0.7545233675886942,103000000,1
1294126140000,1294126199000,0.7545062888099172,0.7545062888099172,0.7541705632145765,0.7544095236658268,141000000,1
1294126200000,1294126259000,0.7543469241504168,0.7544721335717465,0.754261577915221,0.7543696864085214,137000000,1
1294126260000,1294126319000,0.754386759003606,0.7544607491795239,0.754278645617264,0.7543241632659219,139000000,1
1294126320000,1294126379000,0.7543241632659219,0.7543241632659219,0.7541535004034722,0.7542046911531789,224000000,1
1294126380000,1294126439000,0.7542046911531789,0.7542445109855712,0.7541193770973945,0.7541364383644289,185000000,1
1294126440000,1294126499000,0.7541535004034722,0.7542046911531789,0.7538465017753085,0.7539431225308363,206000000,1
1294126500000,1294126559000,0.7539431225308363,0.7540056550424129,0.7538180886188545,0.7538180886188545,204000000,1
1294126560000,1294126619000,0.7538180886188545,0.7539374382713722,0.7536476546484987,0.7538976508549199,133000000,1
1294126620000,1294126679000,0.7538976508549199,0.7540568257223864,0.7538976508549199,0.7540568257223864,97000000,1
1294126680000,1294126739000,0.7540568257223864,0.7540568257223864,0.7537271809095979,0.7537896776041549,151000000,1
1294126740000,1294126799000,0.7537896776041549,0.7540681979278205,0.7537839956582042,0.7540227111640603,185000000,1
1294126800000,1294126859000,0.7540056550424129,0.7540170257044404,0.7538976508549199,0.7539431225308363,116000000,1
1294126860000,1294126919000,0.7539488068760132,0.7540681979278205,0.7538976508549199,0.75402839670942,126000000,1
1294126920000,1294126979000,0.7540454538599587,0.7540966299421608,0.7537271809095979,0.7538919672810886,208000000,1
1294126980000,1294127039000,0.7538919672810886,0.7540113403305585,0.753676054958058,0.753676054958058,133000000,1
1294127040000,1294127099000,0.7536817352768272,0.7539260700095749,0.753676054958058,0.7539260700095749,125000000,1
1294127100000,1294127159000,0.7539260700095749,0.7540511397482977,0.7538180886188545,0.7538521846636312,219000000,1
1294127160000,1294127219000,0.7538465017753085,0.7539203860072377,0.753812406244582,0.753812406244582,141000000,1
1294127220000,1294127279000,0.7538067239559777,0.7539260700095749,0.7537385431741438,0.7537555872132903,85000000,1
1294127280000,1294127339000,0.7537555872132903,0.7538010417530396,0.7536192564792416,0.7537271809095979,112000000,1
1294127340000,1294127399000,0.7537271809095979,0.753835136255701,0.7536590145154727,0.7538067239559777,170000000,1
1294127400000,1294127459000,0.7537953596357662,0.7538919672810886,0.7535738238596544,0.7535738238596544,177000000,1
1294127460000,1294127519000,0.7535851815009911,0.7535851815009911,0.7532219067059346,0.7532446011193215,113000000,1
1294127520000,1294127579000,0.7532389273877674,0.7532786453036843,0.7530914403626888,0.7530914403626888,103000000,1
1294127580000,1294127639000,0.7530914403626888,0.7533240423368112,0.7530914403626888,0.7532956685499059,101000000,1
1294127640000,1294127699000,0.7532956685499059,0.7534772977290194,0.7532843196336025,0.7533637692296102,145000000,1
1294127700000,1294127759000,0.7533524182612626,0.7533524182612626,0.7529723583847237,0.7529723583847237,142000000,1
1294127760000,1294127819000,0.7529893677901267,0.7531708492754496,0.7529213347789423,0.7529213347789423,179000000,1
1294127820000,1294127879000,0.7529213347789423,0.7529270037269887,0.7526946468356718,0.7527626388847068,195000000,1
1294127880000,1294127939000,0.7527626388847068,0.7527626388847068,0.7526153383005946,0.752637996176599,170000000,1
1294127940000,1294127999000,0.7526210026416997,0.7529440110833359,0.7525473728571214,0.752909997138942,182000000,1
1294128000000,1294128059000,0.7528646499932242,0.7531424870271207,0.7528419784687194,0.7530800975991807,241000000,1
1294128060000,1294128119000,0.7530857689382243,0.7533807963235017,0.7530290593914019,0.7533807963235017,179000000,1
1294128120000,1294128179000,0.7533807963235017,0.7536817352768272,0.7533637692296102,0.7535170407878774,142000000,1
1294128180000,1294128239000,0.7534545892919033,0.7534829750521788,0.753267296900305,0.7534716204914141,215000000,1
1294128240000,1294128299000,0.7534716204914141,0.7537726320232765,0.753392148147032,0.7536874156812203,216000000,1
1294128300000,1294128359000,0.7536590145154727,0.7536987767468853,0.7534205292025797,0.7535113629513532,192000000,1
1294128360000,1294128419000,0.7535567880395466,0.7540681979278205,0.753443235586631,0.7539374382713722,181000000,1
1294128420000,1294128479000,0.7539317540976191,0.7540340823405217,0.7535624665606656,0.7535681451673675,201000000,1
1294128480000,1294128539000,0.7536135771022051,0.7538408189726657,0.7535283967176303,0.7537839956582042,96000000,1
1294128540000,1294128599000,0.7538010417530396,0.7539374382713722,0.7536135771022051,0.7539374382713722,115000000,1
1294128600000,1294128659000,0.7539885996923728,0.7539885996923728,0.7537101381550684,0.7537101381550684,77000000,1
1294128660000,1294128719000,0.753704457408161,0.7537783137979119,0.7535170407878774,0.7535170407878774,67000000,1
1294128720000,1294128779000,0.7535170407878774,0.753715818987609,0.7534772977290194,0.7537101381550684,126000000,1
1294128780000,1294128839000,0.7537101381550684,0.7537101381550684,0.7535738238596544,0.7536362951239732,126000000,1
1294128840000,1294128899000,0.7537101381550684,0.7539260700095749,0.7537101381550684,0.753812406244582,86000000,1
1294128900000,1294128959000,0.753829453624412,0.7539658604258399,0.753715818987609,0.7537896776041549,83000000,1
1294128960000,1294129019000,0.7537896776041549,0.7538408189726657,0.753488652460894,0.7535113629513532,84000000,1
1294129020000,1294129079000,0.7535113629513532,0.7535567880395466,0.7532332537416863,0.7532502749363503,129000000,1
1294129080000,1294129139000,0.7532616228268402,0.7534262056702856,0.7531651766548921,0.7533297173506901,96000000,1
1294129140000,1294129199000,0.7533637692296102,0.7533637692296102,0.7531311427258829,0.7531311427258829,128000000,1
1294129200000,1294129259000,0.7531424870271207,0.7532219067059346,0.7531368148337827,0.7532105600120513,81000000,1
1294129260000,1294129319000,0.7531821947729155,0.7532162333162604,0.7531311427258829,0.7531651766548921,92000000,1
1294129320000,1294129379000,0.7531708492754496,0.7533524182612626,0.7530290593914019,0.7530290593914019,116000000,1
1294129380000,1294129439000,0.7530404006174931,0.7531254707034192,0.752637996176599,0.752756972411457,214000000,1
1294129440000,1294129499000,0.7527626388847068,0.7527626388847068,0.7524001564992325,0.7526776507425166,126000000,1
1294129500000,1294129559000,0.7526719855486979,0.7527853056308341,0.7526719855486979,0.752717309487249,80000000,1
1294129560000,1294129619000,0.7527116436964163,0.7528363108009425,0.7526889813860015,0.7527966395158012,94000000,1
1294129620000,1294129679000,0.7527966395158012,0.7527966395158012,0.7526776507425166,0.752756972411457,140000000,1
1294129680000,1294129739000,0.752756972411457,0.7529666887536896,0.7527116436964163,0.7529156659162607,167000000,1
1294129740000,1294129799000,0.7529213347789423,0.7531027834678877,0.7528363108009425,0.7530063779640214,277000000,1
1294129800000,1294129859000,0.753012048192771,0.7531481593058986,0.7528929913191439,0.7528929913191439,208000000,1
1294129860000,1294129919000,0.7529043284469843,0.7530744263455558,0.7529043284469843,0.7530630840945547,128000000,1
1294129920000,1294129979000,0.7530800975991807,0.7534205292025797,0.7530177185069165,0.7533467429053571,114000000,1
1294129980000,1294130039000,0.7533580937026797,0.7534091765237702,0.753199213660021,0.7532105600120513,100000000,1
1294130040000,1294130099000,0.753199213660021,0.7537442244348802,0.7531935406121957,0.7536590145154727,140000000,1
1294130100000,1294130159000,0.7536703747249103,0.7537612687309675,0.7536192564792416,0.7537101381550684,158000000,1
1294130160000,1294130219000,0.7537214999057847,0.7538237710787972,0.7535511096040088,0.7535511096040088,161000000,1
1294130220000,1294130279000,0.7536703747249103,0.7537442244348802,0.7535738238596544,0.7536590145154727,88000000,1
1294130280000,1294130339000,0.7536533345391787,0.7537271809095979,0.7535454312540504,0.7535454312540504,90000000,1
1294130340000,1294130399000,0.7535511096040088,0.7535567880395466,0.7533637692296102,0.7533807963235017,60000000,1
1294130400000,1294130459000,0.7533467429053571,0.7535454312540504,0.7533353924500726,0.7535454312540504,50000000,1
1294130460000,1294130519000,0.7535738238596544,0.7536306154901237,0.753539752989669,0.7535851815009911,92000000,1
1294130520000,1294130579000,0.7535851815009911,0.7536135771022051,0.753443235586631,0.7535908604500444,108000000,1
1294130580000,1294130639000,0.7535738238596544,0.7537101381550684,0.7535738238596544,0.7536476546484987,101000000,1
1294130640000,1294130699000,0.7536476546484987,0.7536476546484987,0.753488652460894,0.7536022186049316,165000000,1
1294130700000,1294130759000,0.753607897810769,0.7539147020906054,0.753443235586631,0.7538578676376355,255000000,1
1294130760000,1294130819000,0.7538237710787972,0.7539203860072377,0.7537271809095979,0.7539203860072377,195000000,1
1294130820000,1294130879000,0.7539203860072377,0.7541250641006304,0.7539033345144486,0.7539715451138873,192000000,1
1294130880000,1294130939000,0.7539488068760132,0.7539488068760132,0.7536646945773825,0.753693096171239,151000000,1
1294130940000,1294130999000,0.753693096171239,0.753693096171239,0.7533070178081779,0.7533637692296102,268000000,1
1294131000000,1294131059000,0.7533864721925053,0.7534545892919033,0.7532275801810759,0.7534091765237702,132000000,1
1294131060000,1294131119000,0.753392148147032,0.7534602662728581,0.7533524182612626,0.7534545892919033,133000000,1
1294131120000,1294131179000,0.7534545892919033,0.7535454312540504,0.7533807963235017,0.7534772977290194,98000000,1
1294131180000,1294131239000,0.7534829750521788,0.7535795026375283,0.7534091765237702,0.7534602662728581,58000000,1
1294131240000,1294131299000,0.7534602662728581,0.753539752989669,0.7533694448420561,0.753443235586631,130000000,1
1294131300000,1294131359000,0.753443235586631,0.7535113629513532,0.7532446011193215,0.7532502749363503,138000000,1
1294131360000,1294131419000,0.7532332537416863,0.7533807963235017,0.7530460713586458,0.7530857689382243,160000000,1
1294131420000,1294131479000,0.753097111872576,0.7531424870271207,0.7528986598403855,0.7531368148337827,110000000,1
1294131480000,1294131539000,0.7531368148337827,0.7533751205400192,0.7531311427258829,0.7533013431362948,134000000,1
1294131540000,1294131599000,0.7533013431362948,0.753341067634961,0.753267296900305,0.7533070178081779,69000000,1
1294131600000,1294131659000,0.7533070178081779,0.7533297173506901,0.7530290593914019,0.7531027834678877,135000000,1
1294131660000,1294131719000,0.7530630840945547,0.7532616228268402,0.7530460713586458,0.7531708492754496,137000000,1
1294131720000,1294131779000,0.7531708492754496,0.7533580937026797,0.7531708492754496,0.7533297173506901,96000000,1
1294131780000,1294131839000,0.7533353924500726,0.7534035003126625,0.7533013431362948,0.7533070178081779,114000000,1
1294131840000,1294131899000,0.7533070178081779,0.7534772977290194,0.7533013431362948,0.7533864721925053,161000000,1
1294131900000,1294131959000,0.7533864721925053,0.7533864721925053,0.7531084551486259,0.7531538316701186,169000000,1
1294131960000,1294132019000,0.7531368148337827,0.7532729710592525,0.7530744263455558,0.753267296900305,253000000,1
1294132020000,1294132079000,0.7532729710592525,0.7533070178081779,0.7531254707034192,0.7533070178081779,206000000,1
1294132080000,1294132139000,0.7533126925655571,0.7534375588623092,0.7532616228268402,0.7532956685499059,129000000,1
1294132140000,1294132199000,0.7532956685499059,0.7534375588623092,0.7530800975991807,0.7531708492754496,169000000,1
1294132200000,1294132259000,0.7531708492754496,0.7531708492754496,0.7528023065862673,0.7530063779640214,138000000,1
1294132260000,1294132319000,0.7529893677901267,0.753012048192771,0.7527966395158012,0.7528929913191439,161000000,1
1294132320000,1294132379000,0.7529496803728607,0.7530574130971746,0.752717309487249,0.7527343073715271,155000000,1
1294132380000,1294132439000,0.7527399735035529,0.7527739720871411,0.7524794196878716,0.7525190575451324,118000000,1
1294132440000,1294132499000,0.7524794196878716,0.7528589819840845,0.7522926117342602,0.7527796388163293,259000000,1
1294132500000,1294132559000,0.7527853056308341,0.7528363108009425,0.7524454477050414,0.7524454477050414,177000000,1
1294132560000,1294132619000,0.752451109489161,0.7525247204370664,0.752258656616491,0.7523322299127295,263000000,1
1294132620000,1294132679000,0.7523322299127295,0.7524850819832497,0.752179439927189,0.7523152501824365,190000000,1
1294132680000,1294132739000,0.7522982712185727,0.752683316021617,0.7522982712185727,0.752683316021617,168000000,1
1294132740000,1294132799000,0.7526606554168987,0.753012048192771,0.7526606554168987,0.7528363108009425,201000000,1
1294132800000,1294132859000,0.7528363108009425,0.7529893677901267,0.7527286413248024,0.7527286413248024,215000000,1
1294132860000,1294132919000,0.7527343073715271,0.7528136409831747,0.7526153383005946,0.7527909725306574,142000000,1
1294132920000,1294132979000,0.7527909725306574,0.7527909725306574,0.7526606554168987,0.752717309487249,118000000,1
1294132980000,1294133039000,0.752717309487249,0.7527796388163293,0.7526663204401592,0.7527116436964163,117000000,1
1294133040000,1294133099000,0.7526946468356718,0.752717309487249,0.7526549904789144,0.7526663204401592,82000000,1
1294133100000,1294133159000,0.7526663204401592,0.7527116436964163,0.7526436608587663,0.7526549904789144,65000000,1
1294133160000,1294133219000,0.7526549904789144,0.7526889813860015,0.7524114787895204,0.7524228014205743,147000000,1
1294133220000,1294133279000,0.7524228014205743,0.7525077320169465,0.7524228014205743,0.7524624333130169,102000000,1
1294133280000,1294133339000,0.7524624333130169,0.7529326727604017,0.7523888345496953,0.7529326727604017,218000000,1
1294133340000,1294133399000,0.7529893677901267,0.7533524182612626,0.7527966395158012,0.7533240423368112,177000000,1
1294133400000,1294133459000,0.7533013431362948,0.7533013431362948,0.7530630840945547,0.7530744263455558,170000000,1
1294133460000,1294133519000,0.7530744263455558,0.7533126925655571,0.7530744263455558,0.7533070178081779,145000000,1
1294133520000,1294133579000,0.7533070178081779,0.7533070178081779,0.7530574130971746,0.7531254707034192,149000000,1
1294133580000,1294133639000,0.7531027834678877,0.7532275801810759,0.7530630840945547,0.7531311427258829,196000000,1
1294133640000,1294133699000,0.7531141269147926,0.7533467429053571,0.7530347299617458,0.7532389273877674,156000000,1
1294133700000,1294133759000,0.7532389273877674,0.7535908604500444,0.7531821947729155,0.7535795026375283,282000000,1
1294133760000,1294133819000,0.7535340748108629,0.7537385431741438,0.7533070178081779,0.7533467429053571,179000000,1
1294133820000,1294133879000,0.7533524182612626,0.7534772977290194,0.7531765219814568,0.7532162333162604,113000000,1
1294133880000,1294133939000,0.7532332537416863,0.7532956685499059,0.7529836979029404,0.7530347299617458,146000000,1
1294133940000,1294133999000,0.7530347299617458,0.7531027834678877,0.7528363108009425,0.7528363108009425,145000000,1
1294134000000,1294134059000,0.7528419784687194,0.7528419784687194,0.7523775129408932,0.7524397860061248,260000000,1
1294134060000,1294134119000,0.7524397860061248,0.7524397860061248,0.751834476121737,0.751834476121737,218000000,1
1294134120000,1294134179000,0.751794910348457,0.7519362358072035,0.751676238010764,0.751794910348457,375000000,1
1294134180000,1294134239000,0.7518062144301685,0.7519418899307462,0.7517723032048054,0.7518457813933206,140000000,1
1294134240000,1294134299000,0.7518231711901361,0.7521850977088441,0.7518231711901361,0.7521058965102287,180000000,1
1294134300000,1294134359000,0.7520436786968587,0.7520493344363389,0.7514954759972344,0.7516423385096436,333000000,1
1294134360000,1294134419000,0.7516310393554012,0.7517157912936278,0.7515124187427197,0.7516253899056711,215000000,1
1294134420000,1294134479000,0.7516253899056711,0.7517610001428346,0.7515689000789147,0.7517610001428346,162000000,1
1294134480000,1294134539000,0.7517610001428346,0.7518853525214475,0.7517044899309183,0.7518514341566107,114000000,1
1294134540000,1294134599000,0.751834476121737,0.7519758164577427,0.7517892584350755,0.7519758164577427,129000000,1
1294134600000,1294134659000,0.7519645072752567,0.7519871259804033,0.7517610001428346,0.7518683929564969,196000000,1
1294134660000,1294134719000,0.7518627399381969,0.7518740460598041,0.7516592878779906,0.7517610001428346,214000000,1
1294134720000,1294134779000,0.7517553487393063,0.7517553487393063,0.7514841812579846,0.7515576031324921,154000000,1
1294134780000,1294134839000,0.7515632515632515,0.7516310393554012,0.7513938355649731,0.7514728868582422,175000000,1
1294134840000,1294134899000,0.7514898285851701,0.7515576031324921,0.7513430256583643,0.7514277126540427,206000000,1
1294134900000,1294134959000,0.7514333591325454,0.7514615927979921,0.7511060035902867,0.7512301393531908,210000000,1
1294134960000,1294135019000,0.7511849943285533,0.7512696457012351,0.7508240293722359,0.7509537112132408,259000000,1
1294135020000,1294135079000,0.7509537112132408,0.7511116452349477,0.7507902066925438,0.7510213890891613,196000000,1
1294135080000,1294135139000,0.7509931884917804,0.7509988284418276,0.750666216266937,0.7507169346726124,140000000,1
1294135140000,1294135199000,0.7507338423308784,0.7512357828628093,0.7506943923128894,0.7511511391207024,169000000,1
1294135200000,1294135259000,0.7511624238509093,0.7513204456832885,0.7511229287785239,0.7511737089201878,200000000,1
1294135260000,1294135319000,0.751196280076021,0.7512075661626063,0.7508973223001487,0.7509085994052804,195000000,1
1294135320000,1294135379000,0.7509085994052804,0.7509537112132408,0.7508465795184069,0.7509480719408252,127000000,1
1294135380000,1294135439000,0.7509480719408252,0.7510608734837958,0.7507169346726124,0.7508578550994511,168000000,1
1294135440000,1294135499000,0.7508578550994511,0.7509255156980978,0.7507394783862105,0.75078456987552,85000000,1
1294135500000,1294135559000,0.750756387059963,0.7508071176514753,0.7501031391816374,0.7501031391816374,181000000,1
1294135560000,1294135619000,0.7501200192030725,0.7503338985848702,0.7501200192030725,0.7501931747424962,145000000,1
1294135620000,1294135679000,0.7501931747424962,0.7505253677574302,0.7501931747424962,0.7504183582347159,191000000,1
1294135680000,1294135739000,0.750435252446419,0.7507000277759011,0.750435252446419,0.7505929684450716,92000000,1
1294135740000,1294135799000,0.7505929684450716,0.7507620234538056,0.7505929684450716,0.7507620234538056,121000000,1
1294135800000,1294135859000,0.7508183920473316,0.7509480719408252,0.750756387059963,0.7508522172665976,158000000,1
1294135860000,1294135919000,0.7508240293722359,0.7509255156980978,0.7507676599322807,0.7507732964953903,85000000,1
1294135920000,1294135979000,0.7507676599322807,0.7507958435942099,0.7505535332307577,0.7505704335294824,167000000,1
1294135980000,1294136039000,0.750581700818134,0.7507112989557605,0.750581700818134,0.7507056633235242,54000000,1
1294136040000,1294136099000,0.7507902066925438,0.7508691310191546,0.7507169346726124,0.7508353042760071,122000000,1
1294136100000,1294136159000,0.7508353042760071,0.7508522172665976,0.7506436769529872,0.7506436769529872,107000000,1
1294136160000,1294136219000,0.7506718513069196,0.7507620234538056,0.7506324078035745,0.7506324078035745,89000000,1
1294136220000,1294136279000,0.7506436769529872,0.7507338423308784,0.7504915719796467,0.7505141021599796,108000000,1
1294136280000,1294136339000,0.7505141021599796,0.7505141021599796,0.7503564192991671,0.7504690431519699,122000000,1
1294136340000,1294136399000,0.7504690431519699,0.7506267733557521,0.7503902029055108,0.7505141021599796,156000000,1
1294136400000,1294136459000,0.7505366336930906,0.7507056633235242,0.7504521474188198,0.7507056633235242,83000000,1
1294136460000,1294136519000,0.7507056633235242,0.7510326699211416,0.7506436769529872,0.7510044684765874,128000000,1
1294136520000,1294136579000,0.7509988284418276,0.7510552326018055,0.7509367936500785,0.7509537112132408,115000000,1
1294136580000,1294136639000,0.7509762691498949,0.7510552326018055,0.7509367936500785,0.7509593505703536,73000000,1
1294136640000,1294136699000,0.7509706295386788,0.7510157488002522,0.7508747691060085,0.7509593505703536,80000000,1
1294136700000,1294136759000,0.7509311546317434,0.7509311546317434,0.750564800012009,0.7506436769529872,167000000,1
1294136760000,1294136819000,0.7505760671315234,0.7506155047138653,0.7504746752320843,0.7505535332307577,108000000,1
1294136820000,1294136879000,0.7505535332307577,0.7506098705197973,0.7504746752320843,0.7506042364103103,59000000,1
1294136880000,1294136939000,0.7505873345893161,0.750756387059963,0.7504296209579985,0.7506718513069196,117000000,1
1294136940000,1294136999000,0.7506718513069196,0.7507282063601695,0.7505253677574302,0.7507169346726124,156000000,1
1294137000000,1294137059000,0.7507000277759011,0.7507676599322807,0.7506211389925163,0.7507169346726124,199000000,1
1294137060000,1294137119000,0.7507169346726124,0.7508240293722359,0.7506211389925163,0.7507338423308784,163000000,1
1294137120000,1294137179000,0.7506943923128894,0.7507620234538056,0.7504521474188198,0.7504521474188198,112000000,1
1294137180000,1294137239000,0.7504746752320843,0.7504972043979137,0.7497151082588617,0.7497544554158514,110000000,1
1294137240000,1294137299000,0.7497544554158514,0.7499231328788799,0.7497263498822929,0.7498612756640022,90000000,1
1294137300000,1294137359000,0.7498500299940013,0.7501143924448479,0.7497151082588617,0.7500412522688749,126000000,1
1294137360000,1294137419000,0.7500862599198908,0.7501706638260205,0.7499962500187499,0.7500750075007501,113000000,1
1294137420000,1294137479000,0.7500750075007501,0.7502044307073678,0.7500693814177811,0.7501762914284856,78000000,1
1294137480000,1294137539000,0.7501762914284856,0.7502269436504543,0.750097512676648,0.7501650363079878,84000000,1
1294137540000,1294137599000,0.7501819191153855,0.750564800012009,0.7501594088743858,0.7504803073967339,167000000,1
1294137600000,1294137659000,0.7504803073967339,0.7505704335294824,0.7503170089362756,0.7505253677574302,157000000,1
1294137660000,1294137719000,0.7505478999669759,0.7507169346726124,0.7504915719796467,0.7506211389925163,99000000,1
1294137720000,1294137779000,0.7506211389925163,0.7507676599322807,0.7505704335294824,0.7507282063601695,192000000,1
1294137780000,1294137839000,0.7507169346726124,0.7508634930169694,0.7506267733557521,0.7507000277759011,151000000,1
1294137840000,1294137899000,0.7506831216406931,0.7508296667817939,0.7506774864315044,0.7506943923128894,120000000,1
1294137900000,1294137959000,0.7507225704740813,0.7509931884917804,0.7507225704740813,0.7508127548070787,111000000,1
1294137960000,1294138019000,0.7508916838746011,0.7509367936500785,0.750778933143136,0.7508183920473316,98000000,1
1294138020000,1294138079000,0.7507902066925438,0.7508296667817939,0.7506324078035745,0.7506943923128894,189000000,1
1294138080000,1294138139000,0.7506943923128894,0.7509988284418276,0.7506943923128894,0.7509480719408252,196000000,1
1294138140000,1294138199000,0.7509706295386788,0.7511229287785239,0.7508127548070787,0.7509085994052804,110000000,1
1294138200000,1294138259000,0.7509029608103744,0.7510383104642168,0.7508465795184069,0.7509255156980978,134000000,1
1294138260000,1294138319000,0.7509367936500785,0.7512978670653554,0.7509367936500785,0.7512527139004289,90000000,1
1294138320000,1294138379000,0.7512640016828313,0.7514728868582422,0.7512640016828313,0.7513091562046866,128000000,1
1294138380000,1294138439000,0.7513317355011758,0.7515350102584528,0.7513317355011758,0.7515350102584528,48000000,1
1294138440000,1294138499000,0.7515350102584528,0.7517779548632516,0.7514841812579846,0.7514954759972344,103000000,1
1294138500000,1294138559000,0.7515180664943185,0.7515689000789147,0.7512696457012351,0.7513373805373565,149000000,1
1294138560000,1294138619000,0.751376898165889,0.7515067710760074,0.7512865782652792,0.7512922226229114,177000000,1
1294138620000,1294138679000,0.7512922226229114,0.7515519547866344,0.7512132093330729,0.7512696457012351,125000000,1
1294138680000,1294138739000,0.7512696457012351,0.7512696457012351,0.7510834378591118,0.7511454968827462,125000000,1
1294138740000,1294138799000,0.7512075661626063,0.7512865782652792,0.7511229287785239,0.7512301393531908,129000000,1
1294138800000,1294138859000,0.7512301393531908,0.75125835774923,0.7510270294627904,0.751089079164789,221000000,1
1294138860000,1294138919000,0.7510947205552092,0.7511511391207024,0.7509029608103744,0.7511342126611182,164000000,1
1294138920000,1294138979000,0.7511567814434229,0.7512527139004289,0.7508409418548775,0.7508916838746011,189000000,1
1294138980000,1294139039000,0.7508804072775329,0.7511793515819837,0.7508409418548775,0.7511737089201878,174000000,1
1294139040000,1294139099000,0.7511737089201878,0.7514672397856815,0.7511737089201878,0.7514672397856815,122000000,1
1294139100000,1294139159000,0.7514672397856815,0.7515971439308531,0.7512357828628093,0.7512357828628093,172000000,1
1294139160000,1294139219000,0.7512470701364264,0.751371252535878,0.7509931884917804,0.7510665144505198,193000000,1
1294139220000,1294139279000,0.7510552326018055,0.7511567814434229,0.7510101085960618,0.7511567814434229,255000000,1
1294139280000,1294139339000,0.7511342126611182,0.7513430256583643,0.7510270294627904,0.7512978670653554,179000000,1
1294139340000,1294139399000,0.7512978670653554,0.7512978670653554,0.7510326699211416,0.751089079164789,143000000,1
1294139400000,1294139459000,0.7511342126611182,0.7512865782652792,0.7511003620303744,0.7512188525883245,107000000,1
1294139460000,1294139519000,0.7512132093330729,0.7515067710760074,0.7511906371598984,0.7514841812579846,78000000,1
1294139520000,1294139579000,0.7514841812579846,0.7515914949906426,0.7513938355649731,0.7515914949906426,122000000,1
1294139580000,1294139639000,0.7515914949906426,0.7517157912936278,0.7515350102584528,0.7515971439308531,125000000,1
1294139640000,1294139699000,0.7515971439308531,0.7518457813933206,0.7515914949906426,0.7517383950385267,97000000,1
1294139700000,1294139759000,0.751732743974862,0.7518062144301685,0.7517270929961586,0.7518062144301685,22000000,1
1294139760000,1294139819000,0.7517892584350755,0.751834476121737,0.7517723032048054,0.7518118665985024,37000000,1
1294139820000,1294139879000,0.751834476121737,0.7519814711765502,0.7518288236134397,0.7519645072752567,57000000,1
1294139880000,1294139939000,0.7519645072752567,0.7520040909022545,0.7518740460598041,0.7519079664649048,73000000,1
1294139940000,1294139999000,0.7519249278152069,0.7521058965102287,0.7518796992481203,0.7521058965102287,133000000,1
1294140000000,1294140059000,0.7521058965102287,0.7521511522955653,0.7521058965102287,0.752139837838651,54000000,1
1294140060000,1294140119000,0.752139837838651,0.7521568096516762,0.7521058965102287,0.7521285237221336,167000000,1
1294140120000,1294140179000,0.7521285237221336,0.7522643155899257,0.7521115531855684,0.752139837838651,193000000,1
1294140180000,1294140239000,0.7521454950245575,0.7521568096516762,0.7520889269947278,0.7520945834148103,94000000,1
1294140240000,1294140299000,0.7520945834148103,0.7520945834148103,0.7519814711765502,0.7519814711765502,95000000,1
1294140300000,1294140359000,0.7519984358432534,0.7519984358432534,0.7519079664649048,0.7519362358072035,109000000,1
1294140360000,1294140419000,0.7519362358072035,0.7519418899307462,0.7519136201633156,0.7519305817686912,119000000,1
1294140420000,1294140479000,0.7519305817686912,0.7520267119888099,0.7519079664649048,0.7519079664649048,75000000,1
1294140480000,1294140539000,0.7519079664649048,0.7521115531855684,0.75184012871503,0.7520436786968587,137000000,1
1294140540000,1294140599000,0.7520549902608878,0.7521002399199765,0.7519249278152069,0.7519249278152069,123000000,1
1294140600000,1294140659000,0.7519249278152069,0.7520436786968587,0.7518570870049022,0.7518966593231425,84000000,1
1294140660000,1294140719000,0.7519192739467491,0.752139837838651,0.7518683929564969,0.752139837838651,107000000,1
1294140720000,1294140779000,0.7521511522955653,0.7523152501824365,0.7521285237221336,0.7521624670928921,152000000,1
1294140780000,1294140839000,0.7521681246192149,0.7522190461862495,0.7520267119888099,0.752032367473096,118000000,1
1294140840000,1294140899000,0.7519984358432534,0.7520493344363389,0.7518966593231425,0.7519927808693037,181000000,1
1294140900000,1294140959000,0.7520097460463088,0.7521285237221336,0.7518457813933206,0.7520493344363389,228000000,1
1294140960000,1294141019000,0.7520493344363389,0.752190755575614,0.7520267119888099,0.7520776144098071,116000000,1
1294141020000,1294141079000,0.7520493344363389,0.7524114787895204,0.752038023042445,0.7523378899931537,178000000,1
1294141080000,1294141139000,0.7523378899931537,0.7524114787895204,0.7522190461862495,0.7523548707454333,160000000,1
1294141140000,1294141199000,0.7523548707454333,0.7523548707454333,0.7521058965102287,0.752117209945998,123000000,1
1294141200000,1294141259000,0.752117209945998,0.7523548707454333,0.7521058965102287,0.7523548707454333,110000000,1
1294141260000,1294141319000,0.7523039307880384,0.752468095352757,0.7522869523350987,0.752468095352757,58000000,1
1294141320000,1294141379000,0.752468095352757,0.752468095352757,0.7522190461862495,0.7523831737027034,174000000,1
1294141380000,1294141439000,0.7523775129408932,0.752394495481871,0.7522190461862495,0.7523265699174698,116000000,1
1294141440000,1294141499000,0.752366191672811,0.7523718522642632,0.7523039307880384,0.7523548707454333,127000000,1
1294141500000,1294141559000,0.7522982712185727,0.752366191672811,0.752139837838651,0.7521964135275003,138000000,1
1294141560000,1294141619000,0.7521964135275003,0.7525360464766262,0.7521850977088441,0.7524284628638932,223000000,1
1294141620000,1294141679000,0.7524454477050414,0.7524567713584854,0.7523039307880384,0.752366191672811,184000000,1
1294141680000,1294141739000,0.7523831737027034,0.752468095352757,0.7522756337922215,0.7524228014205743,165000000,1
1294141740000,1294141799000,0.7524058176017817,0.7524907443638442,0.7522926117342602,0.7523209100073727,126000000,1
1294141800000,1294141859000,0.7523209100073727,0.7523209100073727,0.752032367473096,0.7520493344363389,122000000,1
1294141860000,1294141919000,0.7520493344363389,0.7521624670928921,0.7519871259804033,0.7521228667915191,136000000,1
1294141920000,1294141979000,0.7521228667915191,0.752179439927189,0.752066302165199,0.7521115531855684,141000000,1
1294141980000,1294142039000,0.7521115531855684,0.7521850977088441,0.752038023042445,0.7521737822306466,121000000,1
1294142040000,1294142099000,0.7521737822306466,0.7523265699174698,0.7521454950245575,0.7522926117342602,170000000,1
1294142100000,1294142159000,0.7522869523350987,0.752360531166535,0.7522020715645051,0.7522020715645051,89000000,1
1294142160000,1294142219000,0.7522133878938777,0.7523209100073727,0.752179439927189,0.752252997728196,72000000,1
1294142220000,1294142279000,0.7521850977088441,0.752190755575614,0.7520889269947278,0.7520889269947278,60000000,1
1294142280000,1294142339000,0.7520549902608878,0.7520719582449649,0.7519927808693037,0.752066302165199,36000000,1
1294142340000,1294142399000,0.7520889269947278,0.752117209945998,0.7519362358072035,0.7520945834148103,98000000,1
1294142400000,1294142459000,0.752179439927189,0.752179439927189,0.7519814711765502,0.752066302165199,152000000,1
1294142460000,1294142519000,0.7520549902608878,0.7521228667915191,0.7519814711765502,0.7520267119888099,69000000,1
1294142520000,1294142579000,0.7520267119888099,0.752190755575614,0.7520210565895845,0.7521511522955653,76000000,1
1294142580000,1294142639000,0.7521568096516762,0.7521681246192149,0.7519927808693037,0.7519927808693037,93000000,1
1294142640000,1294142699000,0.7520097460463088,0.7521341807378437,0.75184012871503,0.7518966593231425,109000000,1
1294142700000,1294142759000,0.7518966593231425,0.7519136201633156,0.75184012871503,0.7518910058797877,47000000,1
1294142760000,1294142819000,0.7519192739467491,0.7520040909022545,0.7518118665985024,0.7518118665985024,87000000,1
1294142820000,1294142879000,0.7518118665985024,0.7518457813933206,0.7516875385239863,0.7517101405697962,42000000,1
1294142880000,1294142939000,0.7516931889080153,0.7517553487393063,0.7515858461353456,0.7517101405697962,82000000,1
1294142940000,1294142999000,0.7517270929961586,0.751794910348457,0.7516423385096436,0.751676238010764,61000000,1
1294143000000,1294143059000,0.7516649378373097,0.751794910348457,0.7515632515632515,0.7517440461871542,77000000,1
1294143060000,1294143119000,0.751732743974862,0.751732743974862,0.751371252535878,0.7515971439308531,101000000,1
1294143120000,1294143179000,0.7515858461353456,0.7517610001428346,0.7515576031324921,0.751698839376992,80000000,1
1294143180000,1294143239000,0.751698839376992,0.7518288236134397,0.7516140912609829,0.7517779548632516,96000000,1
1294143240000,1294143299000,0.7517610001428346,0.7518740460598041,0.7517496974207468,0.7517666516313336,115000000,1
1294143300000,1294143359000,0.7517666516313336,0.7519927808693037,0.7517553487393063,0.7519701618239789,97000000,1
1294143360000,1294143419000,0.7519531984329295,0.7520040909022545,0.7519475441393209,0.7519984358432534,41000000,1
1294143420000,1294143479000,0.7519418899307462,0.7521737822306466,0.7518231711901361,0.7521058965102287,120000000,1
1294143480000,1294143539000,0.7520889269947278,0.7522699746485019,0.7520889269947278,0.7521737822306466,63000000,1
1294143540000,1294143599000,0.7521568096516762,0.7522133878938777,0.7520210565895845,0.752190755575614,60000000,1
1294143600000,1294143659000,0.7522133878938777,0.752309590442659,0.7520945834148103,0.7522416802070169,74000000,1
1294143660000,1294143719000,0.7522699746485019,0.7523548707454333,0.7518910058797877,0.7518910058797877,93000000,1
1294143720000,1294143779000,0.7518966593231425,0.7519531984329295,0.7518175188518244,0.751834476121737,88000000,1
1294143780000,1294143839000,0.751834476121737,0.7518740460598041,0.7516366888900581,0.7516931889080153,115000000,1
1294143840000,1294143899000,0.7516931889080153,0.7517553487393063,0.7515689000789147,0.7515858461353456,128000000,1
1294143900000,1294143959000,0.7515350102584528,0.7515914949906426,0.7514672397856815,0.7515350102584528,156000000,1
1294143960000,1294144019000,0.7515463065256767,0.7515576031324921,0.7514390056959076,0.7514446523441316,110000000,1
1294144020000,1294144079000,0.7514785340156758,0.7515971439308531,0.7512470701364264,0.7512640016828313,152000000,1
1294144080000,1294144139000,0.7512696457012351,0.7514164199516088,0.7512640016828313,0.7513938355649731,131000000,1
1294144140000,1294144199000,0.7513938355649731,0.7515745486794835,0.7513317355011758,0.7515576031324921,172000000,1
1294144200000,1294144259000,0.7515519547866344,0.7515745486794835,0.7513881896804346,0.7514615927979921,153000000,1
1294144260000,1294144319000,0.7514615927979921,0.7515745486794835,0.7514107737276737,0.7515689000789147,116000000,1
1294144320000,1294144379000,0.7515689000789147,0.751698839376992,0.7514841812579846,0.7514841812579846,130000000,1
1294144380000,1294144439000,0.7514559458951718,0.7516084420660212,0.7513994815343576,0.7515689000789147,76000000,1
1294144440000,1294144499000,0.7515801973649598,0.7516818882249032,0.7515576031324921,0.751653638003608,129000000,1
1294144500000,1294144559000,0.751676238010764,0.7517270929961586,0.7515914949906426,0.7516649378373097,138000000,1
1294144560000,1294144619000,0.7516592878779906,0.7516592878779906,0.7515293622521833,0.7515801973649598,73000000,1
1294144620000,1294144679000,0.7515858461353456,0.7517101405697962,0.7514898285851701,0.751698839376992,133000000,1
1294144680000,1294144739000,0.7516875385239863,0.7518005623468206,0.7516592878779906,0.7517383950385267,89000000,1
1294144740000,1294144799000,0.7517440461871542,0.7517723032048054,0.751653638003608,0.751676238010764,86000000,1
1294144800000,1294144859000,0.7516705878815667,0.751794910348457,0.7516027929559786,0.7517214421024145,84000000,1
1294144860000,1294144919000,0.7517440461871542,0.7517892584350755,0.751676238010764,0.7517496974207468,88000000,1
1294144920000,1294144979000,0.7517723032048054,0.7517779548632516,0.7516931889080153,0.7517610001428346,60000000,1
1294144980000,1294145039000,0.7517496974207468,0.7518910058797877,0.7516931889080153,0.7518910058797877,97000000,1
1294145040000,1294145099000,0.7518910058797877,0.7519701618239789,0.7518570870049022,0.7519475441393209,103000000,1
1294145100000,1294145159000,0.7519362358072035,0.7519984358432534,0.7517836066066743,0.7519871259804033,81000000,1
1294145160000,1294145219000,0.7520097460463088,0.7521737822306466,0.7519758164577427,0.7520889269947278,126000000,1
1294145220000,1294145279000,0.7520832706597275,0.7520832706597275,0.7519023128515143,0.7519418899307462,81000000,1
1294145280000,1294145339000,0.7519418899307462,0.7521002399199765,0.7518231711901361,0.7518514341566107,100000000,1
1294145340000,1294145399000,0.7518514341566107,0.7518910058797877,0.7516310393554012,0.7516875385239863,91000000,1
1294145400000,1294145459000,0.7516875385239863,0.7517779548632516,0.7515914949906426,0.751732743974862,59000000,1
1294145460000,1294145519000,0.7517157912936278,0.7519136201633156,0.7516310393554012,0.7518966593231425,135000000,1
1294145520000,1294145579000,0.7518796992481203,0.7518796992481203,0.7516140912609829,0.7517214421024145,148000000,1
1294145580000,1294145639000,0.7517044899309183,0.7519418899307462,0.7516592878779906,0.7518514341566107,173000000,1
1294145640000,1294145699000,0.751834476121737,0.7520210565895845,0.7518062144301685,0.7518627399381969,142000000,1
1294145700000,1294145759000,0.7518627399381969,0.7520040909022545,0.7517666516313336,0.7519814711765502,151000000,1
1294145760000,1294145819000,0.7519758164577427,0.7519758164577427,0.7517836066066743,0.7518288236134397,71000000,1
1294145820000,1294145879000,0.7518288236134397,0.7519305817686912,0.7518288236134397,0.7519305817686912,51000000,1
1294145880000,1294145939000,0.7519418899307462,0.7520493344363389,0.7518288236134397,0.7520040909022545,117000000,1
1294145940000,1294145999000,0.7520210565895845,0.7520210565895845,0.7518118665985024,0.7518910058797877,135000000,1
1294146000000,1294146059000,0.7518910058797877,0.7518910058797877,0.7513260905498204,0.7513994815343576,222000000,1
1294146060000,1294146119000,0.7514164199516088,0.7514672397856815,0.7510439510920179,0.7510495918045469,170000000,1
1294146120000,1294146179000,0.7510495918045469,0.7513881896804346,0.7510495918045469,0.7511624238509093,170000000,1
1294146180000,1294146239000,0.7511624238509093,0.7512244959283633,0.7510947205552092,0.7511060035902867,99000000,1
1294146240000,1294146299000,0.7511285706774429,0.7511680663431636,0.7508916838746011,0.7508916838746011,106000000,1
1294146300000,1294146359000,0.7508916838746011,0.7509706295386788,0.750463411156389,0.7505873345893161,219000000,1
1294146360000,1294146419000,0.7505873345893161,0.7507620234538056,0.7505197349164295,0.7506493116545813,172000000,1
1294146420000,1294146479000,0.7506605813115541,0.7507676599322807,0.750564800012009,0.7506098705197973,129000000,1
1294146480000,1294146539000,0.7505873345893161,0.7506493116545813,0.7503789413653895,0.7505929684450716,244000000,1
1294146540000,1294146599000,0.7506436769529872,0.7507169346726124,0.7503958338023308,0.7504915719796467,195000000,1
1294146600000,1294146659000,0.7505310006829833,0.7506493116545813,0.7505141021599796,0.7505760671315234,85000000,1
1294146660000,1294146719000,0.7505535332307577,0.750581700818134,0.7502325720973502,0.7502888612115665,186000000,1
1294146720000,1294146779000,0.7503001200480193,0.7505253677574302,0.7502776027130038,0.7503902029055108,181000000,1
1294146780000,1294146839000,0.75041272699985,0.7505986023854023,0.7503676801632799,0.7503958338023308,263000000,1
1294146840000,1294146899000,0.7503845720931979,0.7503845720931979,0.749911885353471,0.7499456289419018,183000000,1
1294146900000,1294146959000,0.7499456289419018,0.750255086729488,0.7499400047996161,0.7502100588164686,190000000,1
1294146960000,1294147019000,0.7501988026827109,0.7502832319200499,0.7501706638260205,0.7501988026827109,155000000,1
1294147020000,1294147079000,0.7502156870100153,0.7502663445523161,0.7497375918428549,0.7497375918428549,193000000,1
1294147080000,1294147139000,0.7497038669725459,0.7498387846612978,0.7496308068276374,0.7496926260233304,229000000,1
1294147140000,1294147199000,0.7497094875735653,0.7499906251171861,0.7496308068276374,0.7499175090740019,197000000,1
1294147200000,1294147259000,0.7498950146979423,0.7500750075007501,0.7495914726474071,0.749951253168544,260000000,1
1294147260000,1294147319000,0.7499681263546298,0.7500075000750007,0.7497825630567135,0.749951253168544,228000000,1
1294147320000,1294147379000,0.749889391314781,0.7500243757922131,0.7498219172946425,0.7499400047996161,181000000,1
1294147380000,1294147439000,0.7499343807416851,0.7501425270801452,0.749866898625494,0.7498950146979423,186000000,1
1294147440000,1294147499000,0.7498612756640022,0.7499062617172854,0.7497375918428549,0.7497488341405629,105000000,1
1294147500000,1294147559000,0.7497038669725459,0.7499006381654431,0.7495577609210566,0.7498950146979423,195000000,1
1294147560000,1294147619000,0.7499062617172854,0.7499062617172854,0.7497656982193065,0.7498219172946425,225000000,1
1294147620000,1294147679000,0.7498331621214279,0.7498837680159576,0.74967014513614,0.7497038669725459,166000000,1
1294147680000,1294147739000,0.7496926260233304,0.7497656982193065,0.7496195680692049,0.7496757652315374,80000000,1
1294147740000,1294147799000,0.7496757652315374,0.7498500299940013,0.7495802350683618,0.7495970915632848,139000000,1
1294147800000,1294147859000,0.7495802350683618,0.7498387846612978,0.7494341771962169,0.7494566439331485,233000000,1
1294147860000,1294147919000,0.7494566439331485,0.7497263498822929,0.7494566439331485,0.7496139488163596,129000000,1
1294147920000,1294147979000,0.7495802350683618,0.7496870056751306,0.749512816669165,0.7496476655971693,100000000,1
1294147980000,1294148039000,0.7496532853555231,0.7496532853555231,0.7493667850666187,0.7494060956691821,101000000,1
1294148040000,1294148099000,0.7494060956691821,0.7494734948698539,0.7492769477454257,0.74934993892798,192000000,1
1294148100000,1294148159000,0.7494173280274586,0.749608329647759,0.749400479616307,0.7494791120171481,153000000,1
1294148160000,1294148219000,0.749462260827856,0.749462260827856,0.7493218637133394,0.7493611696029135,164000000,1
1294148220000,1294148279000,0.7493611696029135,0.7494117118062321,0.7492376506904226,0.7494060956691821,129000000,1
1294148280000,1294148339000,0.7494060956691821,0.7494847292486416,0.7492151970810577,0.7493274785879673,165000000,1
1294148340000,1294148399000,0.7493330935467435,0.7495296701319921,0.7492769477454257,0.7493611696029135,175000000,1
1294148400000,1294148459000,0.7493611696029135,0.7493836319627106,0.7491871319618214,0.7493218637133394,121000000,1
1294148460000,1294148519000,0.749316248922858,0.7493443237167479,0.7491197842535021,0.7492376506904226,118000000,1
1294148520000,1294148579000,0.7492376506904226,0.7493106342165208,0.749142232144195,0.7491983577571998,69000000,1
1294148580000,1294148639000,0.749209583888997,0.7492544917806783,0.7490356166435713,0.7491702938995063,144000000,1
1294148640000,1294148699000,0.7491927448174592,0.749288176232579,0.7490636704119851,0.7490748925077529,56000000,1
1294148700000,1294148759000,0.7490468378987738,0.7490468378987738,0.7486823191183517,0.7488505144603034,214000000,1
1294148760000,1294148819000,0.7488449067313668,0.7491759065028468,0.7488280840484641,0.7491085608126329,146000000,1
1294148820000,1294148879000,0.7490917262818831,0.7494847292486416,0.7490580594901911,0.7493892477630731,154000000,1
1294148880000,1294148939000,0.7494117118062321,0.7496476655971693,0.7493274785879673,0.7495689978262499,149000000,1
1294148940000,1294148999000,0.7495352881213647,0.7498781448014697,0.749462260827856,0.7498725216713158,187000000,1
1294149000000,1294149059000,0.7498612756640022,0.7498725216713158,0.7496870056751306,0.7496870056751306,170000000,1
1294149060000,1294149119000,0.7496420459230717,0.7497938067031565,0.7496308068276374,0.7496926260233304,199000000,1
1294149120000,1294149179000,0.7496870056751306,0.7499456289419018,0.7496532853555231,0.749911885353471,148000000,1
1294149180000,1294149239000,0.749911885353471,0.7499231328788799,0.7497825630567135,0.7498725216713158,106000000,1
1294149240000,1294149299000,0.7498725216713158,0.7499906251171861,0.7496645251250065,0.749928756768107,112000000,1
1294149300000,1294149359000,0.7499456289419018,0.7500581295050367,0.7497769413599453,0.7498387846612978,131000000,1
1294149360000,1294149419000,0.7498219172946425,0.749911885353471,0.7497094875735653,0.7497881848377833,188000000,1
1294149420000,1294149479000,0.7497825630567135,0.749889391314781,0.7496757652315374,0.7498275396658769,113000000,1
1294149480000,1294149539000,0.7498387846612978,0.7499400047996161,0.7498162950077231,0.7498275396658769,95000000,1
1294149540000,1294149599000,0.7497994286528353,0.7498331621214279,0.7496589051981349,0.7496589051981349,123000000,1
1294149600000,1294149659000,0.7496870056751306,0.7497432129495648,0.749608329647759,0.7496645251250065,83000000,1
1294149660000,1294149719000,0.7496645251250065,0.7498950146979423,0.7495521425947996,0.7497151082588617,163000000,1
1294149720000,1294149779000,0.7497151082588617,0.7500187504687618,0.7497094875735653,0.7500075000750007,149000000,1
1294149780000,1294149839000,0.7500018750046875,0.7501594088743858,0.749928756768107,0.7499850002999939,161000000,1
1294149840000,1294149899000,0.7499906251171861,0.7500412522688749,0.7498444072854883,0.7498837680159576,151000000,1
1294149900000,1294149959000,0.7499625018749063,0.7500131252296915,0.7497825630567135,0.7498387846612978,154000000,1
1294149960000,1294150019000,0.7498444072854883,0.7499456289419018,0.7497094875735653,0.7497938067031565,71000000,1
1294150020000,1294150079000,0.7497994286528353,0.7498387846612978,0.7496589051981349,0.7497319708204317,137000000,1
1294150080000,1294150139000,0.7497094875735653,0.749979375567172,0.7496476655971693,0.749956877479545,139000000,1
1294150140000,1294150199000,0.7499737509187179,0.7501650363079878,0.749889391314781,0.7501650363079878,170000000,1
1294150200000,1294150259000,0.7501650363079878,0.750435252446419,0.7501312729727703,0.7504070958494983,197000000,1
1294150260000,1294150319000,0.75041272699985,0.7506267733557521,0.7504014647836593,0.7506098705197973,139000000,1
1294150320000,1294150379000,0.7506211389925163,0.7506324078035745,0.7503676801632799,0.7503676801632799,152000000,1
1294150380000,1294150439000,0.7503057495929591,0.7505422667877542,0.7502607155986706,0.7504803073967339,167000000,1
1294150440000,1294150499000,0.750435252446419,0.7506605813115541,0.7503958338023308,0.7506605813115541,104000000,1
1294150500000,1294150559000,0.7506436769529872,0.7506718513069196,0.7504408840193614,0.7506605813115541,150000000,1
1294150560000,1294150619000,0.7506718513069196,0.7508860455337297,0.7505366336930906,0.7506098705197973,135000000,1
1294150620000,1294150679000,0.7506211389925163,0.750666216266937,0.7503564192991671,0.7503845720931979,119000000,1
1294150680000,1294150739000,0.7504070958494983,0.7504972043979137,0.7503282686175201,0.7503902029055108,123000000,1
1294150740000,1294150799000,0.7503902029055108,0.7504465156768276,0.7503113792223772,0.7503507889938545,119000000,1
1294150800000,1294150859000,0.7503507889938545,0.7505478999669759,0.7503451587730356,0.7505141021599796,175000000,1
1294150860000,1294150919000,0.7505310006829833,0.7506436769529872,0.7502719735904265,0.7503282686175201,153000000,1
1294150920000,1294150979000,0.7503001200480193,0.7504859396459207,0.7501650363079878,0.7504521474188198,118000000,1
1294150980000,1294151039000,0.7504465156768276,0.7505197349164295,0.7503789413653895,0.7504465156768276,90000000,1
1294151040000,1294151099000,0.7504577792453397,0.750564800012009,0.7503170089362756,0.7504577792453397,116000000,1
1294151100000,1294151159000,0.7504746752320843,0.7505197349164295,0.7503057495929591,0.7503338985848702,140000000,1
1294151160000,1294151219000,0.7503338985848702,0.7504915719796467,0.7502888612115665,0.7504915719796467,122000000,1
1294151220000,1294151279000,0.7504746752320843,0.7505760671315234,0.7504014647836593,0.7504465156768276,127000000,1
1294151280000,1294151339000,0.7504408840193614,0.7507958435942099,0.7504239895540981,0.7506887569344874,110000000,1
1294151340000,1294151399000,0.7506831216406931,0.7508240293722359,0.750581700818134,0.7506718513069196,70000000,1
1294151400000,1294151459000,0.7506943923128894,0.7507676599322807,0.7506042364103103,0.7506831216406931,158000000,1
1294151460000,1294151519000,0.7506380423359855,0.7508804072775329,0.750581700818134,0.7508127548070787,139000000,1
1294151520000,1294151579000,0.7507958435942099,0.7509367936500785,0.750666216266937,0.7508973223001487,165000000,1
1294151580000,1294151639000,0.7508804072775329,0.7509311546317434,0.7506211389925163,0.7509311546317434,183000000,1
1294151640000,1294151699000,0.7509198768491402,0.7510270294627904,0.7506436769529872,0.7506605813115541,167000000,1
1294151700000,1294151759000,0.7506605813115541,0.7506605813115541,0.7503676801632799,0.7504014647836593,160000000,1
1294151760000,1294151819000,0.7503733107220842,0.7507000277759011,0.7503733107220842,0.7506211389925163,126000000,1
1294151820000,1294151879000,0.7506098705197973,0.7506436769529872,0.7504859396459207,0.7505422667877542,121000000,1
1294151880000,1294151939000,0.7505197349164295,0.7506267733557521,0.7503676801632799,0.7506211389925163,112000000,1
1294151940000,1294151999000,0.7506380423359855,0.7506380423359855,0.7502156870100153,0.7502832319200499,123000000,1
1294152000000,1294152059000,0.7502663445523161,0.750362049688975,0.7502100588164686,0.7502607155986706,86000000,1
1294152060000,1294152119000,0.750255086729488,0.7503451587730356,0.750097512676648,0.7501087657710368,144000000,1
1294152120000,1294152179000,0.7501087657710368,0.7502100588164686,0.7499343807416851,0.749956877479545,177000000,1
1294152180000,1294152239000,0.749956877479545,0.7501087657710368,0.7498275396658769,0.7500412522688749,163000000,1
1294152240000,1294152299000,0.7500468779298706,0.7500468779298706,0.7498162950077231,0.7499625018749063,170000000,1
1294152300000,1294152359000,0.7500075000750007,0.7501819191153855,0.7499850002999939,0.7500750075007501,189000000,1
1294152360000,1294152419000,0.7500750075007501,0.7501312729727703,0.7499962500187499,0.7500412522688749,111000000,1
1294152420000,1294152479000,0.7500581295050367,0.7502663445523161,0.7499175090740019,0.7501706638260205,124000000,1
1294152480000,1294152539000,0.7501875468867217,0.7505028369007234,0.7501481542604664,0.7504521474188198,129000000,1
1294152540000,1294152599000,0.7504690431519699,0.7505253677574302,0.7503226387346559,0.7503338985848702,191000000,1
1294152600000,1294152659000,0.7503451587730356,0.7504296209579985,0.7502044307073678,0.7503338985848702,163000000,1
1294152660000,1294152719000,0.7503282686175201,0.7504014647836593,0.7502100588164686,0.7502382006286996,190000000,1
1294152720000,1294152779000,0.7502325720973502,0.7502663445523161,0.7500693814177811,0.750097512676648,190000000,1
1294152780000,1294152839000,0.7501143924448479,0.7501200192030725,0.7499231328788799,0.7499231328788799,140000000,1
1294152840000,1294152899000,0.749979375567172,0.7501481542604664,0.7499737509187179,0.7501312729727703,119000000,1
1294152900000,1294152959000,0.7501200192030725,0.7504296209579985,0.7500581295050367,0.7503789413653895,141000000,1
1294152960000,1294153019000,0.7503958338023308,0.7504746752320843,0.7502607155986706,0.750362049688975,166000000,1
1294153020000,1294153079000,0.7503451587730356,0.7505141021599796,0.7502888612115665,0.7502888612115665,126000000,1
1294153080000,1294153139000,0.7502719735904265,0.7503338985848702,0.750136899984247,0.7502156870100153,163000000,1
1294153140000,1294153199000,0.7501875468867217,0.7504239895540981,0.7500750075007501,0.7500750075007501,111000000,1
1294153200000,1294153259000,0.7500525036752573,0.7506211389925163,0.7500525036752573,0.7504972043979137,146000000,1
1294153260000,1294153319000,0.7505084694880781,0.7508127548070787,0.75041272699985,0.7506549464407696,120000000,1
1294153320000,1294153379000,0.7506267733557521,0.7507620234538056,0.7505366336930906,0.750666216266937,140000000,1
1294153380000,1294153439000,0.7506887569344874,0.7509255156980978,0.750666216266937,0.7508409418548775,184000000,1
1294153440000,1294153499000,0.7508409418548775,0.7508522172665976,0.7505591665791014,0.7505929684450716,181000000,1
1294153500000,1294153559000,0.7505929684450716,0.7507732964953903,0.7505591665791014,0.7505591665791014,205000000,1
1294153560000,1294153619000,0.7505986023854023,0.7507394783862105,0.7505310006829833,0.7506211389925163,92000000,1
1294153620000,1294153679000,0.750581700818134,0.7507958435942099,0.7505535332307577,0.7506774864315044,163000000,1
1294153680000,1294153739000,0.7506774864315044,0.7507507507507507,0.7505028369007234,0.7507451145261673,166000000,1
1294153740000,1294153799000,0.7507338423308784,0.7508860455337297,0.7507000277759011,0.7508409418548775,215000000,1
1294153800000,1294153859000,0.7508353042760071,0.7510044684765874,0.7507958435942099,0.7508071176514753,123000000,1
1294153860000,1294153919000,0.7508071176514753,0.7508634930169694,0.7507000277759011,0.7507676599322807,142000000,1
1294153920000,1294153979000,0.7507676599322807,0.7508353042760071,0.7505366336930906,0.7505366336930906,122000000,1
1294153980000,1294154039000,0.7505310006829833,0.7505929684450716,0.7503789413653895,0.7504577792453397,143000000,1
1294154040000,1294154099000,0.7504239895540981,0.7504915719796467,0.7503113792223772,0.7503451587730356,171000000,1
1294154100000,1294154159000,0.7503395286367082,0.7504859396459207,0.7502607155986706,0.750362049688975,166000000,1
1294154160000,1294154219000,0.7504070958494983,0.7505535332307577,0.7503282686175201,0.7505422667877542,167000000,1
1294154220000,1294154279000,0.7505422667877542,0.7506718513069196,0.7504296209579985,0.7504408840193614,162000000,1
1294154280000,1294154339000,0.7504915719796467,0.7506549464407696,0.7504859396459207,0.7505704335294824,135000000,1
1294154340000,1294154399000,0.7505310006829833,0.7505310006829833,0.7502607155986706,0.7502776027130038,132000000,1
1294154400000,1294154459000,0.7503170089362756,0.7504296209579985,0.7502494579447667,0.7503057495929591,146000000,1
1294154460000,1294154519000,0.7503001200480193,0.7503902029055108,0.7502325720973502,0.7503282686175201,137000000,1
1294154520000,1294154579000,0.750362049688975,0.7506718513069196,0.7502832319200499,0.7506718513069196,167000000,1
1294154580000,1294154639000,0.7506831216406931,0.7506943923128894,0.7504803073967339,0.7506436769529872,115000000,1
1294154640000,1294154699000,0.7506493116545813,0.7507169346726124,0.7505366336930906,0.7507169346726124,141000000,1
1294154700000,1294154759000,0.7507169346726124,0.7509085994052804,0.7506324078035745,0.7507056633235242,199000000,1
1294154760000,1294154819000,0.7507282063601695,0.7512019230769231,0.7507056633235242,0.7511060035902867,323000000,1
1294154820000,1294154879000,0.7511003620303744,0.7512357828628093,0.7510439510920179,0.7511567814434229,223000000,1
1294154880000,1294154939000,0.7511567814434229,0.7512357828628093,0.7510608734837958,0.7511116452349477,251000000,1
1294154940000,1294154999000,0.7511229287785239,0.7512244959283633,0.7508014805805198,0.7508296667817939,196000000,1
1294155000000,1294155059000,0.7508296667817939,0.7512809339924572,0.7508014805805198,0.7511793515819837,211000000,1
1294155060000,1294155119000,0.7511737089201878,0.7513035115926131,0.7510044684765874,0.7510665144505198,164000000,1
1294155120000,1294155179000,0.7510552326018055,0.7510552326018055,0.7508240293722359,0.7510157488002522,157000000,1
1294155180000,1294155239000,0.7510213890891613,0.7510608734837958,0.7508240293722359,0.7509537112132408,180000000,1
1294155240000,1294155299000,0.7509762691498949,0.7512527139004289,0.7508409418548775,0.7509367936500785,172000000,1
1294155300000,1294155359000,0.7509480719408252,0.7510213890891613,0.750756387059963,0.7509537112132408,221000000,1
1294155360000,1294155419000,0.7509142380848683,0.751196280076021,0.7508296667817939,0.7510213890891613,273000000,1
1294155420000,1294155479000,0.7510383104642168,0.7510495918045469,0.7508240293722359,0.7509255156980978,148000000,1
1294155480000,1294155539000,0.7509255156980978,0.7510834378591118,0.7508296667817939,0.7510383104642168,158000000,1
1294155540000,1294155599000,0.7510157488002522,0.7511511391207024,0.7506042364103103,0.7506831216406931,207000000,1
1294155600000,1294155659000,0.7507000277759011,0.7507000277759011,0.7503226387346559,0.7503789413653895,204000000,1
1294155660000,1294155719000,0.750362049688975,0.7505253677574302,0.7502382006286996,0.7503113792223772,197000000,1
1294155720000,1294155779000,0.7503001200480193,0.7505141021599796,0.7501762914284856,0.7503451587730356,161000000,1
1294155780000,1294155839000,0.7503676801632799,0.7506324078035745,0.7503113792223772,0.7506324078035745,139000000,1
1294155840000,1294155899000,0.7506380423359855,0.7507394783862105,0.7504803073967339,0.750666216266937,236000000,1
1294155900000,1294155959000,0.7506943923128894,0.7508296667817939,0.7505366336930906,0.7507507507507507,224000000,1
1294155960000,1294156019000,0.7507225704740813,0.750756387059963,0.750463411156389,0.750463411156389,156000000,1
1294156020000,1294156079000,0.7504408840193614,0.7506098705197973,0.7503676801632799,0.75041272699985,230000000,1
1294156080000,1294156139000,0.7503902029055108,0.7505986023854023,0.7502607155986706,0.7504070958494983,259000000,1
1294156140000,1294156199000,0.7504183582347159,0.7504239895540981,0.7500693814177811,0.7501931747424962,226000000,1
1294156200000,1294156259000,0.7501819191153855,0.750581700818134,0.7501200192030725,0.7505591665791014,192000000,1
1294156260000,1294156319000,0.7505760671315234,0.750756387059963,0.750564800012009,0.7507225704740813,157000000,1
1294156320000,1294156379000,0.7507394783862105,0.7508183920473316,0.7503789413653895,0.750463411156389,219000000,1
1294156380000,1294156439000,0.750463411156389,0.7506493116545813,0.750463411156389,0.750581700818134,146000000,1
1294156440000,1294156499000,0.750581700818134,0.7507394783862105,0.7505478999669759,0.7505929684450716,114000000,1
1294156500000,1294156559000,0.7505873345893161,0.7506267733557521,0.7505084694880781,0.7506267733557521,106000000,1
1294156560000,1294156619000,0.7506380423359855,0.7506436769529872,0.7504972043979137,0.7505704335294824,122000000,1
1294156620000,1294156679000,0.7506098705197973,0.7506943923128894,0.7504746752320843,0.7506718513069196,101000000,1
1294156680000,1294156739000,0.7506887569344874,0.7510834378591118,0.7506887569344874,0.7508860455337297,200000000,1
1294156740000,1294156799000,0.7508860455337297,0.751732743974862,0.7508860455337297,0.751698839376992,246000000,1
1294156800000,1294156859000,0.751676238010764,0.7518910058797877,0.7515971439308531,0.7516197405408656,254000000,1
1294156860000,1294156919000,0.7516366888900581,0.7517270929961586,0.7515632515632515,0.7516366888900581,250000000,1
1294156920000,1294156979000,0.7516705878815667,0.7519249278152069,0.7516649378373097,0.7518231711901361,222000000,1
1294156980000,1294157039000,0.75184012871503,0.752252997728196,0.7518118665985024,0.7521964135275003,174000000,1
1294157040000,1294157099000,0.7522190461862495,0.7524964068296573,0.752190755575614,0.7524228014205743,212000000,1
1294157100000,1294157159000,0.7524284628638932,0.7525133947384263,0.7521058965102287,0.752117209945998,196000000,1
1294157160000,1294157219000,0.7521002399199765,0.752881654532724,0.7520606461705072,0.7526210026416997,212000000,1
1294157220000,1294157279000,0.7526096740447501,0.7526946468356718,0.7522247045637472,0.7525247204370664,236000000,1
1294157280000,1294157339000,0.7525247204370664,0.7526096740447501,0.7523831737027034,0.7524171400624506,156000000,1
1294157340000,1294157399000,0.7523718522642632,0.7525530361752244,0.7522756337922215,0.752366191672811,178000000,1
1294157400000,1294157459000,0.752366191672811,0.7524341243924094,0.7521285237221336,0.7521511522955653,177000000,1
1294157460000,1294157519000,0.7521568096516762,0.7522416802070169,0.7520719582449649,0.7521115531855684,179000000,1
1294157520000,1294157579000,0.7521511522955653,0.7522699746485019,0.7519814711765502,0.7519814711765502,166000000,1
1294157580000,1294157639000,0.7520097460463088,0.752366191672811,0.7520097460463088,0.7522303630263731,191000000,1
1294157640000,1294157699000,0.7522133878938777,0.7522643155899257,0.7518570870049022,0.7519645072752567,187000000,1
1294157700000,1294157759000,0.7519079664649048,0.7519814711765502,0.7516875385239863,0.7519758164577427,227000000,1
1294157760000,1294157819000,0.7519758164577427,0.752139837838651,0.7518175188518244,0.7519305817686912,227000000,1
1294157820000,1294157879000,0.7519305817686912,0.7520436786968587,0.7519023128515143,0.7519871259804033,140000000,1
1294157880000,1294157939000,0.7519814711765502,0.7521568096516762,0.7519023128515143,0.7521568096516762,206000000,1
1294157940000,1294157999000,0.7521568096516762,0.7522077296866302,0.7519136201633156,0.7521228667915191,170000000,1
1294158000000,1294158059000,0.7521228667915191,0.7522982712185727,0.7520097460463088,0.7521115531855684,120000000,1
1294158060000,1294158119000,0.7521341807378437,0.7522982712185727,0.7520549902608878,0.752190755575614,133000000,1
1294158120000,1294158179000,0.7521681246192149,0.7521964135275003,0.7520267119888099,0.7521115531855684,181000000,1
1294158180000,1294158239000,0.7521058965102287,0.7521568096516762,0.7520210565895845,0.7520493344363389,142000000,1
1294158240000,1294158299000,0.752066302165199,0.7521341807378437,0.7519588528115742,0.752038023042445,98000000,1
1294158300000,1294158359000,0.752038023042445,0.7520549902608878,0.7518966593231425,0.7519305817686912,116000000,1
1294158360000,1294158419000,0.7519362358072035,0.7520097460463088,0.75184012871503,0.7519588528115742,121000000,1
1294158420000,1294158479000,0.7519814711765502,0.7519814711765502,0.7517892584350755,0.751834476121737,83000000,1
1294158480000,1294158539000,0.7518175188518244,0.7519079664649048,0.7517610001428346,0.7518683929564969,81000000,1
1294158540000,1294158599000,0.7518740460598041,0.7521681246192149,0.7518740460598041,0.7520436786968587,155000000,1
1294158600000,1294158659000,0.7520549902608878,0.752258656616491,0.7520097460463088,0.7521681246192149,149000000,1
1294158660000,1294158719000,0.7521681246192149,0.752258656616491,0.7519871259804033,0.7521002399199765,112000000,1
1294158720000,1294158779000,0.752117209945998,0.752190755575614,0.7520606461705072,0.752179439927189,78000000,1
1294158780000,1294158839000,0.752179439927189,0.7522020715645051,0.7520267119888099,0.752038023042445,96000000,1
1294158840000,1294158899000,0.7520493344363389,0.7520606461705072,0.751834476121737,0.7518627399381969,97000000,1
1294158900000,1294158959000,0.7518683929564969,0.7518853525214475,0.7517101405697962,0.751732743974862,71000000,1
1294158960000,1294159019000,0.751732743974862,0.751732743974862,0.7516592878779906,0.7516931889080153,55000000,1
1294159020000,1294159079000,0.7517044899309183,0.7517779548632516,0.7516084420660212,0.751698839376992,137000000,1
1294159080000,1294159139000,0.7517044899309183,0.7517779548632516,0.7516027929559786,0.7517779548632516,71000000,1
1294159140000,1294159199000,0.7518118665985024,0.7519588528115742,0.7517553487393063,0.7518683929564969,93000000,1
1294159200000,1294159259000,0.7518514341566107,0.7520097460463088,0.7518175188518244,0.7519192739467491,109000000,1
1294159260000,1294159319000,0.7519362358072035,0.7520776144098071,0.75184012871503,0.7520606461705072,163000000,1
1294159320000,1294159379000,0.7520606461705072,0.7524171400624506,0.7519927808693037,0.7523718522642632,111000000,1
1294159380000,1294159439000,0.7523831737027034,0.7524058176017817,0.7521850977088441,0.752190755575614,110000000,1
1294159440000,1294159499000,0.7521850977088441,0.7522190461862495,0.75184012871503,0.7518683929564969,112000000,1
1294159500000,1294159559000,0.7518175188518244,0.7518796992481203,0.7517157912936278,0.7517610001428346,96000000,1
1294159560000,1294159619000,0.7517666516313336,0.7520776144098071,0.7517666516313336,0.7520154012754181,135000000,1
1294159620000,1294159679000,0.7520154012754181,0.7521228667915191,0.7518627399381969,0.7521228667915191,151000000,1
1294159680000,1294159739000,0.752179439927189,0.7522699746485019,0.7519588528115742,0.7519984358432534,118000000,1
1294159740000,1294159799000,0.7520267119888099,0.7521285237221336,0.7519814711765502,0.7520945834148103,116000000,1
1294159800000,1294159859000,0.752066302165199,0.7521341807378437,0.7519645072752567,0.7520606461705072,86000000,1
1294159860000,1294159919000,0.752038023042445,0.7520832706597275,0.7518740460598041,0.7519927808693037,138000000,1
1294159920000,1294159979000,0.7519701618239789,0.752117209945998,0.7519701618239789,0.7520945834148103,57000000,1
1294159980000,1294160039000,0.752117209945998,0.752190755575614,0.7520549902608878,0.7520832706597275,76000000,1
1294160040000,1294160099000,0.7520719582449649,0.7520945834148103,0.7516875385239863,0.7517270929961586,115000000,1
1294160100000,1294160159000,0.7517101405697962,0.7517270929961586,0.7515067710760074,0.7516310393554012,133000000,1
1294160160000,1294160219000,0.7516140912609829,0.7518796992481203,0.7515745486794835,0.7518231711901361,107000000,1
1294160220000,1294160279000,0.7518231711901361,0.7519249278152069,0.751794910348457,0.7518910058797877,100000000,1
1294160280000,1294160339000,0.7518910058797877,0.7520776144098071,0.7517836066066743,0.7520210565895845,123000000,1
1294160340000,1294160399000,0.752032367473096,0.7526266670680675,0.752032367473096,0.7526210026416997,176000000,1
1294160400000,1294160459000,0.7525530361752244,0.7526153383005946,0.7524114787895204,0.7524171400624506,100000000,1
1294160460000,1294160519000,0.752394495481871,0.752394495481871,0.7521454950245575,0.752179439927189,142000000,1
1294160520000,1294160579000,0.7521681246192149,0.7521681246192149,0.7519645072752567,0.7519984358432534,51000000,1
1294160580000,1294160639000,0.7520210565895845,0.752139837838651,0.7519701618239789,0.752032367473096,111000000,1
1294160640000,1294160699000,0.752032367473096,0.7521568096516762,0.7519588528115742,0.7519588528115742,77000000,1
1294160700000,1294160759000,0.7519701618239789,0.7520945834148103,0.7518853525214475,0.7518910058797877,117000000,1
1294160760000,1294160819000,0.7519079664649048,0.7519758164577427,0.7519079664649048,0.7519192739467491,95000000,1
1294160820000,1294160879000,0.7518966593231425,0.7520436786968587,0.7518966593231425,0.7519023128515143,61000000,1
1294160880000,1294160939000,0.7519927808693037,0.7523039307880384,0.7518627399381969,0.7522247045637472,150000000,1
1294160940000,1294160999000,0.7522190461862495,0.7522416802070169,0.7521285237221336,0.752139837838651,128000000,1
1294161000000,1294161059000,0.7521568096516762,0.7522020715645051,0.7520776144098071,0.7520832706597275,101000000,1
1294161060000,1294161119000,0.7521002399199765,0.7522020715645051,0.7521002399199765,0.7521228667915191,80000000,1
1294161120000,1294161179000,0.7521228667915191,0.7521228667915191,0.751698839376992,0.7518062144301685,110000000,1
1294161180000,1294161239000,0.7518175188518244,0.7519588528115742,0.7516197405408656,0.751794910348457,119000000,1
1294161240000,1294161299000,0.7518118665985024,0.7518175188518244,0.7514220662603978,0.7514220662603978,85000000,1
1294161300000,1294161359000,0.7514446523441316,0.7515914949906426,0.7514220662603978,0.7514615927979921,141000000,1
1294161360000,1294161419000,0.751450299077219,0.7516027929559786,0.7513317355011758,0.7515463065256767,163000000,1
1294161420000,1294161479000,0.7515350102584528,0.7515406583496167,0.7514220662603978,0.7515067710760074,102000000,1
1294161480000,1294161539000,0.7515067710760074,0.7515067710760074,0.7513317355011758,0.7514615927979921,75000000,1
1294161540000,1294161599000,0.7514333591325454,0.7516875385239863,0.7514107737276737,0.7516875385239863,76000000,1
1294161600000,1294161659000,0.7517044899309183,0.7517157912936278,0.7515858461353456,0.7516479882141595,97000000,1
1294161660000,1294161719000,0.7516366888900581,0.7517270929961586,0.7515801973649598,0.7517101405697962,131000000,1
1294161720000,1294161779000,0.751698839376992,0.751834476121737,0.7516197405408656,0.7516197405408656,158000000,1
1294161780000,1294161839000,0.7516197405408656,0.7516366888900581,0.75078456987552,0.7508973223001487,208000000,1
1294161840000,1294161899000,0.7509367936500785,0.7509819088458158,0.7500581295050367,0.7506324078035745,289000000,1
1294161900000,1294161959000,0.7506436769529872,0.7507225704740813,0.7501031391816374,0.7501312729727703,189000000,1
1294161960000,1294162019000,0.7501594088743858,0.7503338985848702,0.7500018750046875,0.7500243757922131,190000000,1
1294162020000,1294162079000,0.7500243757922131,0.7506493116545813,0.7500243757922131,0.7505704335294824,222000000,1
1294162080000,1294162139000,0.7506324078035745,0.7506324078035745,0.7504408840193614,0.7504521474188198,174000000,1
1294162140000,1294162199000,0.750463411156389,0.7506098705197973,0.7504183582347159,0.7504859396459207,88000000,1
1294162200000,1294162259000,0.7504915719796467,0.7504915719796467,0.7495858538157667,0.7497488341405629,238000000,1
1294162260000,1294162319000,0.7497375918428549,0.7498837680159576,0.749462260827856,0.7494791120171481,174000000,1
1294162320000,1294162379000,0.7494678778067573,0.7498331621214279,0.7494678778067573,0.749495963964234,159000000,1
1294162380000,1294162439000,0.7495071990166466,0.7496308068276374,0.7492769477454257,0.7493050195943263,175000000,1
1294162440000,1294162499000,0.7493050195943263,0.7497319708204317,0.7492937906023573,0.7495970915632848,186000000,1
1294162500000,1294162559000,0.7495970915632848,0.7497488341405629,0.7495352881213647,0.7495352881213647,85000000,1
1294162560000,1294162619000,0.7495352881213647,0.7496645251250065,0.7493667850666187,0.7494341771962169,130000000,1
1294162620000,1294162679000,0.7494791120171481,0.7496308068276374,0.7494791120171481,0.749495963964234,74000000,1
1294162680000,1294162739000,0.7495184344058943,0.7497769413599453,0.7494847292486416,0.7497600767754319,130000000,1
1294162740000,1294162799000,0.7497600767754319,0.7497656982193065,0.7494678778067573,0.7495184344058943,146000000,1
1294162800000,1294162859000,0.7495184344058943,0.7496308068276374,0.7494397937541688,0.7496308068276374,116000000,1
1294162860000,1294162919000,0.7495858538157667,0.7497319708204317,0.7495296701319921,0.7495689978262499,143000000,1
1294162920000,1294162979000,0.7495577609210566,0.7497207290284369,0.7495071990166466,0.7496420459230717,152000000,1
1294162980000,1294163039000,0.7496420459230717,0.7498444072854883,0.7496364263332285,0.7497432129495648,154000000,1
1294163040000,1294163099000,0.7496982464558016,0.7499456289419018,0.74967014513614,0.7499343807416851,129000000,1
1294163100000,1294163159000,0.749951253168544,0.7500412522688749,0.7497263498822929,0.7497263498822929,77000000,1
1294163160000,1294163219000,0.7497263498822929,0.7499006381654431,0.7497263498822929,0.749889391314781,43000000,1
1294163220000,1294163279000,0.7498725216713158,0.7499006381654431,0.7496757652315374,0.7497600767754319,93000000,1
1294163280000,1294163339000,0.7497432129495648,0.7497432129495648,0.7495352881213647,0.7495746164051901,111000000,1
1294163340000,1294163399000,0.7495858538157667,0.749608329647759,0.7494566439331485,0.7494903465643362,102000000,1
1294163400000,1294163459000,0.7494791120171481,0.7496251874062968,0.7494791120171481,0.7496251874062968,51000000,1
1294163460000,1294163519000,0.7495914726474071,0.7496195680692049,0.7495577609210566,0.7496195680692049,49000000,1
1294163520000,1294163579000,0.7496195680692049,0.749928756768107,0.749608329647759,0.7496476655971693,127000000,1
1294163580000,1294163639000,0.7496364263332285,0.7497151082588617,0.749512816669165,0.7496195680692049,111000000,1
1294163640000,1294163699000,0.7495970915632848,0.7500750075007501,0.7495689978262499,0.7499175090740019,119000000,1
1294163700000,1294163759000,0.7499062617172854,0.7499906251171861,0.7497544554158514,0.7499850002999939,108000000,1
1294163760000,1294163819000,0.7500018750046875,0.750030001200048,0.7498950146979423,0.7499850002999939,87000000,1
1294163820000,1294163879000,0.7499625018749063,0.7499625018749063,0.7497038669725459,0.7497656982193065,121000000,1
1294163880000,1294163939000,0.7497656982193065,0.7498219172946425,0.7495802350683618,0.7496532853555231,134000000,1
1294163940000,1294163999000,0.7496364263332285,0.7499456289419018,0.7495689978262499,0.7499006381654431,149000000,1
1294164000000,1294164059000,0.7498781448014697,0.7500356266922679,0.7498556527868385,0.7499962500187499,102000000,1
1294164060000,1294164119000,0.7500468779298706,0.7502156870100153,0.7499681263546298,0.750030001200048,136000000,1
1294164120000,1294164179000,0.7500412522688749,0.7500581295050367,0.749866898625494,0.7498781448014697,83000000,1
1294164180000,1294164239000,0.7499006381654431,0.7500581295050367,0.7499006381654431,0.7500525036752573,58000000,1
1294164240000,1294164299000,0.7499962500187499,0.7500918862560664,0.7498612756640022,0.7499062617172854,100000000,1
1294164300000,1294164359000,0.7499062617172854,0.7500525036752573,0.7499006381654431,0.7499962500187499,83000000,1
1294164360000,1294164419000,0.7499625018749063,0.7501087657710368,0.7498950146979423,0.7499006381654431,103000000,1
1294164420000,1294164479000,0.749911885353471,0.7501875468867217,0.7498331621214279,0.7500750075007501,121000000,1
1294164480000,1294164539000,0.7500581295050367,0.7501425270801452,0.7500356266922679,0.7501425270801452,50000000,1
1294164540000,1294164599000,0.7501200192030725,0.750255086729488,0.7500581295050367,0.7502269436504543,52000000,1
1294164600000,1294164659000,0.7502438292445045,0.7502944905875556,0.7501988026827109,0.7502944905875556,47000000,1
1294164660000,1294164719000,0.7502944905875556,0.7503733107220842,0.7502100588164686,0.750362049688975,54000000,1
1294164720000,1294164779000,0.7503789413653895,0.7505253677574302,0.7503789413653895,0.7505253677574302,29000000,1
1294164780000,1294164839000,0.7505028369007234,0.7505028369007234,0.7503789413653895,0.7504408840193614,38000000,1
1294164840000,1294164899000,0.7504690431519699,0.7505929684450716,0.7504690431519699,0.7505873345893161,73000000,1
1294164900000,1294164959000,0.750564800012009,0.7505760671315234,0.7503451587730356,0.7503451587730356,39000000,1
1294164960000,1294165019000,0.7503789413653895,0.7505028369007234,0.7503789413653895,0.7504465156768276,65000000,1
1294165020000,1294165079000,0.7504239895540981,0.7506324078035745,0.7504239895540981,0.7505028369007234,78000000,1
1294165080000,1294165139000,0.7505028369007234,0.7506380423359855,0.7504915719796467,0.7504915719796467,44000000,1
1294165140000,1294165199000,0.7504915719796467,0.7508353042760071,0.7504408840193614,0.7508353042760071,66000000,1
1294165200000,1294165259000,0.7508127548070787,0.7508409418548775,0.7505873345893161,0.7506436769529872,86000000,1
1294165260000,1294165319000,0.7506436769529872,0.7507620234538056,0.7504915719796467,0.7506493116545813,146000000,1
1294165320000,1294165379000,0.7506493116545813,0.7506493116545813,0.7503733107220842,0.7503733107220842,75000000,1
1294165380000,1294165439000,0.7503507889938545,0.7504521474188198,0.7503507889938545,0.7504521474188198,70000000,1
1294165440000,1294165499000,0.7504465156768276,0.7505141021599796,0.7503902029055108,0.7505141021599796,65000000,1
1294165500000,1294165559000,0.7504972043979137,0.750581700818134,0.7504408840193614,0.7504746752320843,36000000,1
1294165560000,1294165619000,0.7504239895540981,0.7505591665791014,0.7503902029055108,0.7505197349164295,63000000,1
1294165620000,1294165679000,0.7505253677574302,0.7505253677574302,0.7504296209579985,0.7504296209579985,33000000,1
1294165680000,1294165739000,0.7504465156768276,0.7506324078035745,0.7503057495929591,0.7503113792223772,78000000,1
1294165740000,1294165799000,0.7503395286367082,0.7503902029055108,0.7501988026827109,0.7501988026827109,91000000,1
1294165800000,1294165859000,0.7502100588164686,0.7502100588164686,0.7501143924448479,0.750136899984247,45000000,1
1294165860000,1294165919000,0.750136899984247,0.7502663445523161,0.7501087657710368,0.7501706638260205,71000000,1
1294165920000,1294165979000,0.7502156870100153,0.7504183582347159,0.7502156870100153,0.7503789413653895,46000000,1
1294165980000,1294166039000,0.7503845720931979,0.7505310006829833,0.7503733107220842,0.7505084694880781,56000000,1
1294166040000,1294166099000,0.7505028369007234,0.7505141021599796,0.7503845720931979,0.7504465156768276,35000000,1
1294166100000,1294166159000,0.7504746752320843,0.7505591665791014,0.75041272699985,0.7504859396459207,42000000,1
1294166160000,1294166219000,0.750463411156389,0.750463411156389,0.7501706638260205,0.7502438292445045,92000000,1
1294166220000,1294166279000,0.7502438292445045,0.7503845720931979,0.7502269436504543,0.7503507889938545,113000000,1
1294166280000,1294166339000,0.7502776027130038,0.7504972043979137,0.7502325720973502,0.7503733107220842,162000000,1
1294166340000,1294166399000,0.7503338985848702,0.7505084694880781,0.7503170089362756,0.7504408840193614,81000000,1
1294166400000,1294166459000,0.7504577792453397,0.750581700818134,0.7504408840193614,0.7505760671315234,62000000,1
1294166460000,1294166519000,0.7505591665791014,0.7505873345893161,0.7504690431519699,0.7505253677574302,62000000,1
1294166520000,1294166579000,0.7505084694880781,0.7505084694880781,0.7503170089362756,0.7503170089362756,41000000,1
1294166580000,1294166639000,0.7503282686175201,0.75041272699985,0.7502325720973502,0.7502325720973502,47000000,1
1294166640000,1294166699000,0.7502382006286996,0.7502607155986706,0.7502100588164686,0.75022131528801,36000000,1
1294166700000,1294166759000,0.7502325720973502,0.7503902029055108,0.7502100588164686,0.7503057495929591,99000000,1
1294166760000,1294166819000,0.7502832319200499,0.7503170089362756,0.75022131528801,0.7503057495929591,45000000,1
1294166820000,1294166879000,0.7502944905875556,0.7503338985848702,0.750255086729488,0.7502719735904265,27000000,1
1294166880000,1294166939000,0.7502663445523161,0.7503113792223772,0.7502382006286996,0.7502382006286996,22000000,1
1294166940000,1294166999000,0.7502382006286996,0.7503789413653895,0.7502382006286996,0.7503170089362756,61000000,1
1294167000000,1294167059000,0.7503170089362756,0.7504915719796467,0.7503113792223772,0.7504296209579985,51000000,1
1294167060000,1294167119000,0.7504296209579985,0.750581700818134,0.7503451587730356,0.7505310006829833,68000000,1
1294167120000,1294167179000,0.7505310006829833,0.750564800012009,0.7504014647836593,0.7504465156768276,49000000,1
1294167180000,1294167239000,0.7504803073967339,0.7505141021599796,0.7504465156768276,0.7505141021599796,17000000,1
1294167240000,1294167299000,0.7504972043979137,0.7507056633235242,0.750435252446419,0.7506774864315044,72000000,1
1294167300000,1294167359000,0.7506155047138653,0.7507394783862105,0.7504408840193614,0.7504408840193614,94000000,1
1294167360000,1294167419000,0.7504577792453397,0.7505591665791014,0.7503902029055108,0.7503902029055108,94000000,1
1294167420000,1294167479000,0.750362049688975,0.7504521474188198,0.7502832319200499,0.7503226387346559,69000000,1
1294167480000,1294167539000,0.7503507889938545,0.7504465156768276,0.7502776027130038,0.7503564192991671,58000000,1
1294167540000,1294167599000,0.7503564192991671,0.7503789413653895,0.750030001200048,0.7500693814177811,147000000,1
1294167600000,1294167659000,0.7500693814177811,0.7505873345893161,0.7499681263546298,0.7504972043979137,249000000,1
1294167660000,1294167719000,0.7504577792453397,0.7506493116545813,0.7503958338023308,0.7504577792453397,69000000,1
1294167720000,1294167779000,0.7504183582347159,0.7505028369007234,0.7500131252296915,0.7501762914284856,186000000,1
1294167780000,1294167839000,0.7501762914284856,0.7503451587730356,0.7500862599198908,0.7501931747424962,115000000,1
1294167840000,1294167899000,0.7502100588164686,0.7503057495929591,0.7501762914284856,0.7501931747424962,128000000,1
1294167900000,1294167959000,0.7501988026827109,0.7504296209579985,0.7501988026827109,0.7504296209579985,91000000,1
1294167960000,1294168019000,0.7503845720931979,0.7505535332307577,0.7502607155986706,0.7505478999669759,116000000,1
1294168020000,1294168079000,0.7505591665791014,0.7506380423359855,0.7505028369007234,0.7506042364103103,71000000,1
1294168080000,1294168139000,0.7506267733557521,0.7507000277759011,0.7505478999669759,0.7506098705197973,79000000,1
1294168140000,1294168199000,0.7506098705197973,0.7507282063601695,0.7504915719796467,0.7506211389925163,52000000,1
1294168200000,1294168259000,0.7505986023854023,0.7509029608103744,0.7505591665791014,0.7509029608103744,66000000,1
1294168260000,1294168319000,0.7508973223001487,0.7510439510920179,0.7508973223001487,0.7510270294627904,37000000,1
1294168320000,1294168379000,0.7509875486264438,0.7510608734837958,0.7509875486264438,0.7510157488002522,41000000,1
1294168380000,1294168439000,0.7510326699211416,0.7511342126611182,0.7509762691498949,0.7511172869643594,61000000,1
1294168440000,1294168499000,0.7510947205552092,0.7511342126611182,0.7510326699211416,0.7510495918045469,95000000,1
1294168500000,1294168559000,0.7510326699211416,0.7512019230769231,0.7509819088458158,0.7512019230769231,42000000,1
1294168560000,1294168619000,0.7511849943285533,0.7513035115926131,0.7510383104642168,0.7512978670653554,67000000,1
1294168620000,1294168679000,0.7512865782652792,0.7514728868582422,0.7511849943285533,0.7512357828628093,96000000,1
1294168680000,1294168739000,0.7512075661626063,0.7512075661626063,0.7509593505703536,0.7510101085960618,61000000,1
1294168740000,1294168799000,0.7510101085960618,0.7511793515819837,0.7510101085960618,0.7511680663431636,54000000,1
1294168800000,1294168859000,0.7511567814434229,0.7513881896804346,0.7509198768491402,0.7510213890891613,110000000,1
1294168860000,1294168919000,0.7509931884917804,0.7510777966381758,0.7508296667817939,0.7509706295386788,109000000,1
1294168920000,1294168979000,0.7509931884917804,0.751275289804443,0.7509931884917804,0.751275289804443,64000000,1
1294168980000,1294169039000,0.7512922226229114,0.7513656069907055,0.751196280076021,0.751275289804443,56000000,1
1294169040000,1294169099000,0.7512978670653554,0.7515971439308531,0.7512978670653554,0.7515801973649598,52000000,1
1294169100000,1294169159000,0.7515801973649598,0.7516931889080153,0.7514220662603978,0.751450299077219,91000000,1
1294169160000,1294169219000,0.7514785340156758,0.7516649378373097,0.7514728868582422,0.7516253899056711,66000000,1
1294169220000,1294169279000,0.7516140912609829,0.751794910348457,0.7515914949906426,0.7517496974207468,56000000,1
1294169280000,1294169339000,0.7517496974207468,0.7519192739467491,0.7517496974207468,0.7518118665985024,77000000,1
1294169340000,1294169399000,0.7517779548632516,0.7517779548632516,0.7516366888900581,0.7516366888900581,47000000,1
1294169400000,1294169459000,0.7516592878779906,0.7516649378373097,0.7515463065256767,0.7516140912609829,65000000,1
1294169460000,1294169519000,0.7516479882141595,0.751732743974862,0.7516027929559786,0.7517157912936278,78000000,1
1294169520000,1294169579000,0.7517101405697962,0.7517836066066743,0.7516705878815667,0.751698839376992,25000000,1
1294169580000,1294169639000,0.7516931889080153,0.7518231711901361,0.7516649378373097,0.7518118665985024,44000000,1
1294169640000,1294169699000,0.751794910348457,0.7518118665985024,0.7517440461871542,0.7517440461871542,41000000,1
1294169700000,1294169759000,0.7517383950385267,0.7519362358072035,0.7517383950385267,0.7519362358072035,35000000,1
1294169760000,1294169819000,0.7519531984329295,0.7520436786968587,0.7519531984329295,0.7519645072752567,46000000,1
1294169820000,1294169879000,0.7519758164577427,0.7521568096516762,0.7519362358072035,0.7520889269947278,80000000,1
1294169880000,1294169939000,0.7520776144098071,0.7523435501587444,0.752066302165199,0.7521737822306466,60000000,1
1294169940000,1294169999000,0.7521737822306466,0.7521737822306466,0.7519871259804033,0.7519984358432534,79000000,1
1294170000000,1294170059000,0.7519984358432534,0.7521058965102287,0.7519927808693037,0.7520154012754181,77000000,1
1294170060000,1294170119000,0.7520436786968587,0.7522812930210864,0.7520097460463088,0.7522699746485019,65000000,1
1294170120000,1294170179000,0.7522699746485019,0.7522699746485019,0.7520945834148103,0.7520945834148103,51000000,1
1294170180000,1294170239000,0.7520945834148103,0.7523039307880384,0.7519871259804033,0.7522416802070169,66000000,1
1294170240000,1294170299000,0.7522416802070169,0.7523152501824365,0.7522360215741292,0.7522926117342602,42000000,1
1294170300000,1294170359000,0.7522756337922215,0.752451109489161,0.7521964135275003,0.7523492104095036,78000000,1
1294170360000,1294170419000,0.7523775129408932,0.7524114787895204,0.7522643155899257,0.7522643155899257,68000000,1
1294170420000,1294170479000,0.7522416802070169,0.7522869523350987,0.7521964135275003,0.7522756337922215,47000000,1
1294170480000,1294170539000,0.752258656616491,0.7523775129408932,0.7522303630263731,0.7522643155899257,47000000,1
1294170540000,1294170599000,0.7522473389250386,0.7523039307880384,0.7521511522955653,0.7522643155899257,52000000,1
1294170600000,1294170659000,0.752258656616491,0.752366191672811,0.7522360215741292,0.752366191672811,26000000,1
1294170660000,1294170719000,0.7523888345496953,0.7524058176017817,0.7522926117342602,0.7522926117342602,38000000,1
1294170720000,1294170779000,0.7522926117342602,0.7523265699174698,0.7522360215741292,0.7522699746485019,38000000,1
1294170780000,1294170839000,0.7522643155899257,0.7523548707454333,0.7522360215741292,0.7522699746485019,41000000,1
1294170840000,1294170899000,0.7522360215741292,0.7522360215741292,0.7521285237221336,0.7521850977088441,31000000,1
1294170900000,1294170959000,0.7522020715645051,0.7523718522642632,0.7522020715645051,0.7523265699174698,32000000,1
1294170960000,1294171019000,0.7523888345496953,0.752394495481871,0.7522020715645051,0.7522643155899257,57000000,1
1294171020000,1294171079000,0.7522473389250386,0.7522473389250386,0.752032367473096,0.7520606461705072,70000000,1
1294171080000,1294171139000,0.752032367473096,0.752032367473096,0.7518175188518244,0.7518175188518244,86000000,1
1294171140000,1294171199000,0.7518062144301685,0.7518514341566107,0.751732743974862,0.7518118665985024,134000000,1
1294171200000,1294171259000,0.7518175188518244,0.7520267119888099,0.7518062144301685,0.7519475441393209,88000000,1
1294171260000,1294171319000,0.7519645072752567,0.7520097460463088,0.7519079664649048,0.7519418899307462,35000000,1
1294171320000,1294171379000,0.7519249278152069,0.7519249278152069,0.751794910348457,0.751794910348457,16000000,1
1294171380000,1294171439000,0.751794910348457,0.7520154012754181,0.7517496974207468,0.7518853525214475,40000000,1
1294171440000,1294171499000,0.7519531984329295,0.7521228667915191,0.7519023128515143,0.7520436786968587,101000000,1
1294171500000,1294171559000,0.7520606461705072,0.752066302165199,0.7519249278152069,0.7520436786968587,63000000,1
1294171560000,1294171619000,0.752032367473096,0.752032367473096,0.7519701618239789,0.7519871259804033,10000000,1
1294171620000,1294171679000,0.7520154012754181,0.7521058965102287,0.7519136201633156,0.7521058965102287,35000000,1
1294171680000,1294171739000,0.7520889269947278,0.7521681246192149,0.752066302165199,0.7521454950245575,42000000,1
1294171740000,1294171799000,0.7521568096516762,0.7522473389250386,0.7520889269947278,0.7522473389250386,64000000,1
1294171800000,1294171859000,0.7522643155899257,0.7522643155899257,0.7521681246192149,0.752258656616491,20000000,1
1294171860000,1294171919000,0.7522643155899257,0.7523152501824365,0.7522247045637472,0.7522643155899257,18000000,1
1294171920000,1294171979000,0.7522643155899257,0.7523209100073727,0.7522303630263731,0.7522303630263731,12000000,1
1294171980000,1294172039000,0.7522077296866302,0.7522699746485019,0.7522020715645051,0.752258656616491,50000000,1
1294172040000,1294172099000,0.7522416802070169,0.7523718522642632,0.7522416802070169,0.7523718522642632,50000000,1
1294172100000,1294172159000,0.752394495481871,0.7524114787895204,0.752394495481871,0.7524114787895204,5000000,1
1294172160000,1294172219000,0.7524058176017817,0.7526323315797,0.7524058176017817,0.7525020693806909,68000000,1
1294172220000,1294172279000,0.7525360464766262,0.7525700266409789,0.7524850819832497,0.7525643630671514,85000000,1
1294172280000,1294172339000,0.7525643630671514,0.7526436608587663,0.7525586995785671,0.7526436608587663,24000000,1
1294172340000,1294172399000,0.7526436608587663,0.7527059779908771,0.7526436608587663,0.7526889813860015,37000000,1
1294172400000,1294172459000,0.7526889813860015,0.7527116436964163,0.7524850819832497,0.7524850819832497,99000000,1
1294172460000,1294172519000,0.7524850819832497,0.7524850819832497,0.7523322299127295,0.7524284628638932,57000000,1
1294172520000,1294172579000,0.7524058176017817,0.7524341243924094,0.7523888345496953,0.7524001564992325,50000000,1
1294172580000,1294172639000,0.7523775129408932,0.7524964068296573,0.7522982712185727,0.7524907443638442,114000000,1
1294172640000,1294172699000,0.7524964068296573,0.7525813540443722,0.7524964068296573,0.7525360464766262,44000000,1
1294172700000,1294172759000,0.7525360464766262,0.7526889813860015,0.7525360464766262,0.7526776507425166,55000000,1
1294172760000,1294172819000,0.752683316021617,0.7527796388163293,0.752637996176599,0.752722975363377,38000000,1
1294172820000,1294172879000,0.752717309487249,0.7529043284469843,0.752717309487249,0.7528079737420579,60000000,1
1294172880000,1294172939000,0.7528023065862673,0.7528533140602885,0.7527513060235159,0.7527683054432677,40000000,1
1294172940000,1294172999000,0.752756972411457,0.7528929913191439,0.7527343073715271,0.7528419784687194,68000000,1
1294173000000,1294173059000,0.7528419784687194,0.7528929913191439,0.7528419784687194,0.7528589819840845,8000000,1
1294173060000,1294173119000,0.7528646499932242,0.7529156659162607,0.7527739720871411,0.7527909725306574,37000000,1
1294173120000,1294173179000,0.7528136409831747,0.7528136409831747,0.752717309487249,0.752717309487249,35000000,1
1294173180000,1294173239000,0.752717309487249,0.752722975363377,0.752637996176599,0.7527116436964163,22000000,1
1294173240000,1294173299000,0.7526889813860015,0.7527796388163293,0.7526549904789144,0.7527456397208819,67000000,1
1294173300000,1294173359000,0.7527626388847068,0.7527739720871411,0.7526096740447501,0.7526549904789144,113000000,1
1294173360000,1294173419000,0.7526549904789144,0.752717309487249,0.7525643630671514,0.7525643630671514,84000000,1
1294173420000,1294173479000,0.7525643630671514,0.7526889813860015,0.7525643630671514,0.7526210026416997,81000000,1
1294173480000,1294173539000,0.7526210026416997,0.752756972411457,0.7526210026416997,0.7526493256262042,50000000,1
1294173540000,1294173599000,0.752637996176599,0.752756972411457,0.752637996176599,0.7527116436964163,61000000,1
1294173600000,1294173659000,0.752717309487249,0.752717309487249,0.7525870178739417,0.7526323315797,53000000,1
1294173660000,1294173719000,0.7526096740447501,0.7526266670680675,0.7525813540443722,0.7525813540443722,19000000,1
1294173720000,1294173779000,0.7525643630671514,0.7526493256262042,0.7525586995785671,0.7525700266409789,28000000,1
1294173780000,1294173839000,0.7526210026416997,0.7526663204401592,0.7525417096242559,0.7525870178739417,22000000,1
1294173840000,1294173899000,0.7525813540443722,0.7528589819840845,0.7525530361752244,0.7527796388163293,120000000,1
1294173900000,1294173959000,0.7527966395158012,0.7528193083096195,0.7527739720871411,0.7528193083096195,48000000,1
1294173960000,1294174019000,0.7527739720871411,0.7528249757213945,0.7527399735035529,0.7527683054432677,39000000,1
1294174020000,1294174079000,0.7527739720871411,0.7528023065862673,0.7527399735035529,0.7527399735035529,53000000,1
1294174080000,1294174139000,0.7527116436964163,0.752756972411457,0.7526663204401592,0.752756972411457,20000000,1
1294174140000,1294174199000,0.752756972411457,0.7528306432185016,0.7527003123706297,0.7527626388847068,43000000,1
1294174200000,1294174259000,0.7527626388847068,0.7528476462218341,0.752722975363377,0.7527343073715271,65000000,1
1294174260000,1294174319000,0.7527513060235159,0.7528589819840845,0.7525926817887623,0.7525926817887623,74000000,1
1294174320000,1294174379000,0.7526210026416997,0.7527683054432677,0.7525133947384263,0.752756972411457,76000000,1
1294174380000,1294174439000,0.7527003123706297,0.752756972411457,0.7526606554168987,0.7526663204401592,60000000,1
1294174440000,1294174499000,0.752683316021617,0.7527739720871411,0.752683316021617,0.7527626388847068,20000000,1
1294174500000,1294174559000,0.7527513060235159,0.7528023065862673,0.7527003123706297,0.7527909725306574,45000000,1
1294174560000,1294174619000,0.7527909725306574,0.7528646499932242,0.7527909725306574,0.7528079737420579,24000000,1
1294174620000,1294174679000,0.7528193083096195,0.752909997138942,0.7528023065862673,0.7528023065862673,42000000,1
1294174680000,1294174739000,0.7527626388847068,0.7528873228832573,0.7527626388847068,0.7528476462218341,66000000,1
1294174740000,1294174799000,0.7528533140602885,0.7530290593914019,0.7528533140602885,0.7530290593914019,84000000,1
1294174800000,1294174859000,0.7530574130971746,0.7530574130971746,0.7528363108009425,0.7528703180877094,73000000,1
1294174860000,1294174919000,0.7528873228832573,0.7529723583847237,0.7528419784687194,0.7529723583847237,77000000,1
1294174920000,1294174979000,0.7529723583847237,0.7529950377627012,0.7528929913191439,0.7529440110833359,38000000,1
1294174980000,1294175039000,0.7529440110833359,0.7529836979029404,0.7527683054432677,0.7528363108009425,72000000,1
1294175040000,1294175099000,0.7528023065862673,0.7529043284469843,0.7527683054432677,0.7528193083096195,93000000,1
1294175100000,1294175159000,0.7528193083096195,0.7528306432185016,0.7525700266409789,0.7525700266409789,100000000,1
1294175160000,1294175219000,0.7525700266409789,0.7526549904789144,0.7525133947384263,0.7525303834142303,95000000,1
1294175220000,1294175279000,0.7525247204370664,0.7525247204370664,0.7523152501824365,0.7523152501824365,65000000,1
1294175280000,1294175339000,0.7523548707454333,0.7524001564992325,0.7522756337922215,0.7522982712185727,69000000,1
1294175340000,1294175399000,0.7522926117342602,0.7523322299127295,0.7520832706597275,0.752139837838651,88000000,1
1294175400000,1294175459000,0.752117209945998,0.7521228667915191,0.7520097460463088,0.752038023042445,85000000,1
1294175460000,1294175519000,0.7520776144098071,0.7521058965102287,0.7520097460463088,0.7520889269947278,22000000,1
1294175520000,1294175579000,0.7521058965102287,0.752258656616491,0.7520945834148103,0.7522303630263731,35000000,1
1294175580000,1294175639000,0.7522303630263731,0.7523322299127295,0.752190755575614,0.7523152501824365,26000000,1
1294175640000,1294175699000,0.7522982712185727,0.7523435501587444,0.7522643155899257,0.7522812930210864,26000000,1
1294175700000,1294175759000,0.7522812930210864,0.7522926117342602,0.7522812930210864,0.7522869523350987,8000000,1
1294175760000,1294175819000,0.7522699746485019,0.752360531166535,0.7521850977088441,0.7521850977088441,49000000,1
1294175820000,1294175879000,0.7521511522955653,0.7521964135275003,0.7521341807378437,0.7521681246192149,27000000,1
1294175880000,1294175939000,0.7521681246192149,0.7523322299127295,0.7521681246192149,0.7522982712185727,40000000,1
1294175940000,1294175999000,0.7523265699174698,0.7523265699174698,0.7523265699174698,0.7523265699174698,1000000,1
1294176000000,1294176059000,0.7525586995785671,0.7527286413248024,0.7525020693806909,0.7525020693806909,32000000,1
1294176060000,1294176119000,0.7523209100073727,0.7523209100073727,0.7521341807378437,0.7521341807378437,31000000,1
1294176120000,1294176179000,0.752139837838651,0.752139837838651,0.7521115531855684,0.752117209945998,11000000,1
1294176180000,1294176239000,0.7521228667915191,0.7522643155899257,0.7519814711765502,0.7520267119888099,28000000,1
1294176240000,1294176299000,0.7520267119888099,0.752117209945998,0.7520267119888099,0.752066302165199,23000000,1
1294176300000,1294176359000,0.7520436786968587,0.752066302165199,0.7519701618239789,0.7520493344363389,27000000,1
1294176360000,1294176419000,0.752066302165199,0.7522077296866302,0.752066302165199,0.752139837838651,37000000,1
1294176420000,1294176479000,0.7521624670928921,0.7521624670928921,0.7521624670928921,0.7521624670928921,2000000,1
1294176480000,1294176539000,0.7521454950245575,0.7521454950245575,0.7520945834148103,0.7520945834148103,11000000,1
1294176540000,1294176599000,0.7521058965102287,0.7521454950245575,0.7521058965102287,0.752139837838651,11000000,1
1294176600000,1294176659000,0.7521624670928921,0.7522190461862495,0.7521624670928921,0.7522190461862495,7000000,1
1294176660000,1294176719000,0.752258656616491,0.752366191672811,0.7522360215741292,0.752366191672811,29000000,1
1294176720000,1294176779000,0.7524001564992325,0.7524341243924094,0.752394495481871,0.7524001564992325,13000000,1
1294176780000,1294176839000,0.7524171400624506,0.7524228014205743,0.7524171400624506,0.7524228014205743,4000000,1
1294176840000,1294176899000,0.7524341243924094,0.7524624333130169,0.7522416802070169,0.7522756337922215,28000000,1
1294176900000,1294176959000,0.7523152501824365,0.7523322299127295,0.7522416802070169,0.7522416802070169,11000000,1
1294176960000,1294177019000,0.7522416802070169,0.7522699746485019,0.7522416802070169,0.7522643155899257,7000000,1
1294177020000,1294177079000,0.7522643155899257,0.7523775129408932,0.752252997728196,0.7523775129408932,21000000,1
1294177080000,1294177139000,0.7523492104095036,0.7525756903000519,0.752309590442659,0.752394495481871,68000000,1
1294177140000,1294177199000,0.752360531166535,0.7526096740447501,0.7523435501587444,0.7525417096242559,23000000,1
1294177200000,1294177259000,0.7525473728571214,0.752717309487249,0.7525417096242559,0.752598345788836,38000000,1
1294177260000,1294177319000,0.7525756903000519,0.7526493256262042,0.7524964068296573,0.7525020693806909,40000000,1
1294177320000,1294177379000,0.7525020693806909,0.7525473728571214,0.7524794196878716,0.7524907443638442,19000000,1
1294177380000,1294177439000,0.7525133947384263,0.7525133947384263,0.7523775129408932,0.7523775129408932,10000000,1
1294177440000,1294177499000,0.7523775129408932,0.752473757477708,0.7523322299127295,0.752366191672811,34000000,1
1294177500000,1294177559000,0.7524171400624506,0.7525586995785671,0.7524171400624506,0.7525077320169465,17000000,1
1294177560000,1294177619000,0.7525133947384263,0.7525133947384263,0.7524171400624506,0.7524794196878716,11000000,1
1294177620000,1294177679000,0.752473757477708,0.752473757477708,0.7524567713584854,0.7524567713584854,3000000,1
1294177680000,1294177739000,0.752451109489161,0.752473757477708,0.752451109489161,0.752473757477708,4000000,1
1294177740000,1294177799000,0.7524794196878716,0.7524850819832497,0.7524567713584854,0.7524850819832497,7000000,1
1294177800000,1294177859000,0.7525020693806909,0.752598345788836,0.7525020693806909,0.752598345788836,11000000,1
1294177860000,1294177919000,0.7525813540443722,0.7526096740447501,0.7525473728571214,0.7525473728571214,10000000,1
1294177920000,1294177979000,0.7525247204370664,0.7525756903000519,0.7525247204370664,0.7525756903000519,20000000,1
1294177980000,1294178039000,0.7525813540443722,0.7526549904789144,0.7525303834142303,0.7526549904789144,28000000,1
1294178040000,1294178099000,0.7526549904789144,0.7526549904789144,0.7525190575451324,0.7525303834142303,30000000,1
1294178100000,1294178159000,0.7525190575451324,0.7525247204370664,0.7525190575451324,0.7525190575451324,8000000,1
1294178160000,1294178219000,0.7525247204370664,0.7525700266409789,0.7525190575451324,0.7525417096242559,21000000,1
1294178220000,1294178279000,0.7525417096242559,0.7526210026416997,0.752468095352757,0.7524964068296573,53000000,1
1294178280000,1294178339000,0.7525190575451324,0.7525417096242559,0.7524624333130169,0.7524624333130169,28000000,1
1294178340000,1294178399000,0.7524850819832497,0.7525700266409789,0.7524058176017817,0.7524454477050414,91000000,1
1294178400000,1294178459000,0.7525133947384263,0.7525133947384263,0.7524228014205743,0.752451109489161,88000000,1
1294178460000,1294178519000,0.752451109489161,0.752451109489161,0.752139837838651,0.752139837838651,45000000,1
1294178520000,1294178579000,0.752139837838651,0.7524454477050414,0.752139837838651,0.752366191672811,62000000,1
1294178580000,1294178639000,0.7521511522955653,0.7523718522642632,0.7519758164577427,0.7521568096516762,102000000,1
1294178640000,1294178699000,0.752366191672811,0.7524907443638442,0.752190755575614,0.7524284628638932,30000000,1
1294178700000,1294178759000,0.7524284628638932,0.7524850819832497,0.7524228014205743,0.7524624333130169,29000000,1
1294178760000,1294178819000,0.752451109489161,0.7524964068296573,0.7523888345496953,0.7524171400624506,17000000,1
1294178820000,1294178879000,0.7524341243924094,0.7524397860061248,0.7522756337922215,0.7524228014205743,30000000,1
1294178880000,1294178939000,0.7523775129408932,0.7524228014205743,0.752366191672811,0.752366191672811,4000000,1
1294178940000,1294178999000,0.7523888345496953,0.7524171400624506,0.752360531166535,0.752360531166535,9000000,1
1294179000000,1294179059000,0.752360531166535,0.752366191672811,0.7520776144098071,0.752190755575614,45000000,1
1294179060000,1294179119000,0.7522190461862495,0.7524341243924094,0.7519079664649048,0.7524001564992325,78000000,1
1294179120000,1294179179000,0.7524058176017817,0.7525303834142303,0.7524058176017817,0.7524228014205743,57000000,1
1294179180000,1294179239000,0.7524171400624506,0.7525530361752244,0.752366191672811,0.7525530361752244,55000000,1
1294179240000,1294179299000,0.7525473728571214,0.7525473728571214,0.7525417096242559,0.7525473728571214,7000000,1
1294179300000,1294179359000,0.7525643630671514,0.7526663204401592,0.7525643630671514,0.7526266670680675,27000000,1
1294179360000,1294179419000,0.7526663204401592,0.7526663204401592,0.7525586995785671,0.7525586995785671,35000000,1
1294179420000,1294179479000,0.7525473728571214,0.7525700266409789,0.7525417096242559,0.7525643630671514,16000000,1
1294179480000,1294179539000,0.7525530361752244,0.7525926817887623,0.7525077320169465,0.7525530361752244,33000000,1
1294179540000,1294179599000,0.7525586995785671,0.7525643630671514,0.7525303834142303,0.7525643630671514,10000000,1
1294179600000,1294179659000,0.7525530361752244,0.752598345788836,0.7525417096242559,0.7525586995785671,19000000,1
1294179660000,1294179719000,0.7525700266409789,0.7526153383005946,0.7525020693806909,0.7526153383005946,44000000,1
1294179720000,1294179779000,0.7526266670680675,0.7527399735035529,0.7525813540443722,0.7525870178739417,27000000,1
1294179780000,1294179839000,0.7525643630671514,0.7525813540443722,0.7525360464766262,0.7525417096242559,15000000,1
1294179840000,1294179899000,0.7526040098741646,0.7528589819840845,0.7525700266409789,0.7528589819840845,34000000,1
1294179900000,1294179959000,0.7528589819840845,0.7528589819840845,0.7526946468356718,0.7526946468356718,40000000,1
1294179960000,1294180019000,0.7526946468356718,0.7527286413248024,0.7526889813860015,0.7527286413248024,12000000,1
1294180020000,1294180079000,0.752717309487249,0.7527626388847068,0.7527059779908771,0.7527626388847068,28000000,1
1294180080000,1294180139000,0.7527739720871411,0.7527739720871411,0.752717309487249,0.752717309487249,12000000,1
1294180140000,1294180199000,0.752717309487249,0.752881654532724,0.752717309487249,0.7528193083096195,66000000,1
1294180200000,1294180259000,0.7528193083096195,0.7528703180877094,0.7527739720871411,0.7528079737420579,40000000,1
1294180260000,1294180319000,0.7528249757213945,0.7528589819840845,0.7526663204401592,0.7526663204401592,25000000,1
1294180320000,1294180379000,0.7526946468356718,0.7527853056308341,0.7525417096242559,0.7525473728571214,64000000,1
1294180380000,1294180439000,0.7525473728571214,0.7525926817887623,0.752473757477708,0.7525530361752244,36000000,1
1294180440000,1294180499000,0.7525360464766262,0.7526323315797,0.7524794196878716,0.7524907443638442,24000000,1
1294180500000,1294180559000,0.752473757477708,0.7524850819832497,0.7523888345496953,0.7523888345496953,22000000,1
1294180560000,1294180619000,0.7524001564992325,0.7524114787895204,0.7523322299127295,0.7524114787895204,18000000,1
1294180620000,1294180679000,0.7524058176017817,0.7525077320169465,0.7524058176017817,0.7524907443638442,13000000,1
1294180680000,1294180739000,0.7525133947384263,0.7525700266409789,0.7525133947384263,0.7525700266409789,4000000,1
1294180740000,1294180799000,0.7525643630671514,0.7525643630671514,0.7525020693806909,0.7525133947384263,9000000,1
1294180800000,1294180859000,0.7525247204370664,0.7525473728571214,0.7524794196878716,0.7525020693806909,16000000,1
1294180860000,1294180919000,0.7524850819832497,0.7524850819832497,0.752451109489161,0.752451109489161,4000000,1
1294180920000,1294180979000,0.7525020693806909,0.7525020693806909,0.7525020693806909,0.7525020693806909,1000000,1
1294180980000,1294181039000,0.7524964068296573,0.7525247204370664,0.7524964068296573,0.7525247204370664,3000000,1
1294181040000,1294181099000,0.7525303834142303,0.7525926817887623,0.752473757477708,0.752473757477708,14000000,1
1294181100000,1294181159000,0.7524624333130169,0.7524850819832497,0.7523775129408932,0.7524454477050414,15000000,1
1294181160000,1294181219000,0.7524624333130169,0.7524907443638442,0.752451109489161,0.752451109489161,9000000,1
1294181220000,1294181279000,0.7524397860061248,0.7525247204370664,0.752360531166535,0.752468095352757,18000000,1
1294181280000,1294181339000,0.752468095352757,0.7524850819832497,0.752468095352757,0.7524850819832497,2000000,1
1294181340000,1294181399000,0.7524850819832497,0.7524850819832497,0.752451109489161,0.7524624333130169,7000000,1
1294181400000,1294181459000,0.752468095352757,0.7525020693806909,0.752468095352757,0.7525020693806909,5000000,1
1294181460000,1294181519000,0.7525190575451324,0.7526153383005946,0.7524114787895204,0.7524114787895204,22000000,1
1294181520000,1294181579000,0.7524114787895204,0.7524567713584854,0.7524114787895204,0.7524567713584854,9000000,1
1294181580000,1294181639000,0.7524624333130169,0.7524907443638442,0.7524397860061248,0.7524397860061248,8000000,1
1294181640000,1294181699000,0.7524397860061248,0.7524397860061248,0.7523492104095036,0.7523888345496953,7000000,1
1294181700000,1294181759000,0.752366191672811,0.752366191672811,0.752309590442659,0.752309590442659,5000000,1
1294181760000,1294181819000,0.752309590442659,0.7523831737027034,0.752309590442659,0.7523831737027034,4000000,1
1294181820000,1294181879000,0.7524001564992325,0.7524001564992325,0.7523831737027034,0.7523831737027034,31000000,1
1294181880000,1294181939000,0.7523831737027034,0.7523831737027034,0.7523831737027034,0.7523831737027034,7000000,1
1294181940000,1294181999000,0.7523831737027034,0.7524284628638932,0.752366191672811,0.7524114787895204,21000000,1
1294182000000,1294182059000,0.7524171400624506,0.7524341243924094,0.7523718522642632,0.7523718522642632,15000000,1
1294182060000,1294182119000,0.7523718522642632,0.7524284628638932,0.7523718522642632,0.7524171400624506,16000000,1
1294182120000,1294182179000,0.7524171400624506,0.752468095352757,0.7524114787895204,0.752468095352757,26000000,1
1294182180000,1294182239000,0.7524624333130169,0.7525586995785671,0.7524228014205743,0.7525133947384263,89000000,1
1294182240000,1294182299000,0.7524907443638442,0.7525247204370664,0.7524284628638932,0.7524284628638932,41000000,1
1294182300000,1294182359000,0.7524454477050414,0.7525190575451324,0.7523209100073727,0.752394495481871,50000000,1
1294182360000,1294182419000,0.7524058176017817,0.7524114787895204,0.7523775129408932,0.7524114787895204,21000000,1
1294182420000,1294182479000,0.7523775129408932,0.7525643630671514,0.7523775129408932,0.7524964068296573,18000000,1
1294182480000,1294182539000,0.7524964068296573,0.7524964068296573,0.7523548707454333,0.7523831737027034,38000000,1
1294182540000,1294182599000,0.7523831737027034,0.7524624333130169,0.7523548707454333,0.7523775129408932,69000000,1
1294182600000,1294182659000,0.7523775129408932,0.7525473728571214,0.7523718522642632,0.7523718522642632,32000000,1
1294182660000,1294182719000,0.7523718522642632,0.7524341243924094,0.7523548707454333,0.7523888345496953,38000000,1
1294182720000,1294182779000,0.7523888345496953,0.7525756903000519,0.7523888345496953,0.7525077320169465,37000000,1
1294182780000,1294182839000,0.7525247204370664,0.7526210026416997,0.7525077320169465,0.7525813540443722,43000000,1
1294182840000,1294182899000,0.7525813540443722,0.7525813540443722,0.7525530361752244,0.7525530361752244,10000000,1
1294182900000,1294182959000,0.7525530361752244,0.7525530361752244,0.7525303834142303,0.7525303834142303,13000000,1
1294182960000,1294183019000,0.7525530361752244,0.7525926817887623,0.7525360464766262,0.7525473728571214,37000000,1
1294183020000,1294183079000,0.7525473728571214,0.7525870178739417,0.7525303834142303,0.7525473728571214,17000000,1
1294183080000,1294183139000,0.7525473728571214,0.7525473728571214,0.7525247204370664,0.7525247204370664,7000000,1
1294183140000,1294183199000,0.7528419784687194,0.753012048192771,0.7527853056308341,0.7528986598403855,37000000,1
1294183200000,1294183259000,0.7525417096242559,0.7525473728571214,0.7525417096242559,0.7525473728571214,5000000,1
1294183260000,1294183319000,0.7525473728571214,0.7525473728571214,0.7525133947384263,0.7525303834142303,18000000,1
1294183320000,1294183379000,0.7525473728571214,0.7525643630671514,0.7525473728571214,0.7525643630671514,2000000,1
1294183380000,1294183439000,0.7525643630671514,0.7525870178739417,0.7525473728571214,0.7525870178739417,22000000,1
1294183440000,1294183499000,0.752598345788836,0.7526493256262042,0.7525700266409789,0.752637996176599,20000000,1
1294183500000,1294183559000,0.7526549904789144,0.7526889813860015,0.7526040098741646,0.7526889813860015,35000000,1
1294183560000,1294183619000,0.7526889813860015,0.7527399735035529,0.7526606554168987,0.7526889813860015,37000000,1
1294183620000,1294183679000,0.752722975363377,0.7527683054432677,0.752722975363377,0.7527343073715271,33000000,1
1294183680000,1294183739000,0.7527399735035529,0.7527399735035529,0.7527003123706297,0.7527003123706297,25000000,1
1294183740000,1294183799000,0.7527059779908771,0.752722975363377,0.752683316021617,0.752683316021617,21000000,1
1294183800000,1294183859000,0.7527059779908771,0.7527399735035529,0.7527059779908771,0.7527116436964163,30000000,1
1294183860000,1294183919000,0.7527626388847068,0.7527626388847068,0.7527626388847068,0.7527626388847068,8000000,1
1294183920000,1294183979000,0.7527626388847068,0.7528249757213945,0.752598345788836,0.752598345788836,74000000,1
1294183980000,1294184039000,0.752598345788836,0.7527116436964163,0.752598345788836,0.7526493256262042,86000000,1
1294184040000,1294184099000,0.7526493256262042,0.7526719855486979,0.7526436608587663,0.7526436608587663,17000000,1
1294184100000,1294184159000,0.7526436608587663,0.7527116436964163,0.752598345788836,0.752598345788836,58000000,1
1294184160000,1294184219000,0.7525643630671514,0.7525643630671514,0.7524907443638442,0.7525530361752244,56000000,1
1294184220000,1294184279000,0.7525530361752244,0.7526776507425166,0.7524228014205743,0.7526549904789144,69000000,1
1294184280000,1294184339000,0.7526549904789144,0.7526776507425166,0.7526096740447501,0.7526323315797,52000000,1
1294184340000,1294184399000,0.7526323315797,0.7526493256262042,0.7526323315797,0.7526493256262042,18000000,1
1294184400000,1294184459000,0.7526493256262042,0.7527059779908771,0.7526493256262042,0.7527059779908771,37000000,1
1294184460000,1294184519000,0.7527059779908771,0.7527399735035529,0.7527003123706297,0.7527003123706297,35000000,1
1294184520000,1294184579000,0.752683316021617,0.7526889813860015,0.7525303834142303,0.7525700266409789,102000000,1
1294184580000,1294184639000,0.7525756903000519,0.7527059779908771,0.7525756903000519,0.7526889813860015,33000000,1
1294184640000,1294184699000,0.7526889813860015,0.7526889813860015,0.7526889813860015,0.7526889813860015,10000000,1
1294184700000,1294184759000,0.7526889813860015,0.7526889813860015,0.7526549904789144,0.7526606554168987,34000000,1
1294184760000,1294184819000,0.7526606554168987,0.7526606554168987,0.7525700266409789,0.7526096740447501,50000000,1
1294184820000,1294184879000,0.7526266670680675,0.7526776507425166,0.7526266670680675,0.7526719855486979,47000000,1
1294184880000,1294184939000,0.7526776507425166,0.7527003123706297,0.7526776507425166,0.752683316021617,19000000,1
1294184940000,1294184999000,0.752683316021617,0.752717309487249,0.752683316021617,0.752717309487249,31000000,1
1294185000000,1294185059000,0.7527003123706297,0.7527003123706297,0.7525756903000519,0.7525756903000519,25000000,1
1294185060000,1294185119000,0.7525700266409789,0.7526096740447501,0.7525417096242559,0.7525926817887623,98000000,1
1294185120000,1294185179000,0.7525926817887623,0.7526946468356718,0.7525926817887623,0.752637996176599,22000000,1
1294185180000,1294185239000,0.7526266670680675,0.7526606554168987,0.7526266670680675,0.7526606554168987,14000000,1
1294185240000,1294185299000,0.7526606554168987,0.7526606554168987,0.7526266670680675,0.7526493256262042,23000000,1
1294185300000,1294185359000,0.7526493256262042,0.7528249757213945,0.7526493256262042,0.7527966395158012,53000000,1
1294185360000,1294185419000,0.7528249757213945,0.7528363108009425,0.7527909725306574,0.7527909725306574,36000000,1
1294185420000,1294185479000,0.752756972411457,0.7528023065862673,0.7525417096242559,0.7527853056308341,146000000,1
1294185480000,1294185539000,0.7527853056308341,0.7528589819840845,0.7527456397208819,0.7527456397208819,91000000,1
1294185540000,1294185599000,0.752756972411457,0.7527853056308341,0.7527456397208819,0.7527796388163293,36000000,1
1294185600000,1294185659000,0.7528023065862673,0.7529043284469843,0.7526153383005946,0.7527116436964163,195000000,1
1294185660000,1294185719000,0.7527116436964163,0.7528873228832573,0.752683316021617,0.7528023065862673,105000000,1
1294185720000,1294185779000,0.7528249757213945,0.7529893677901267,0.7527909725306574,0.7528533140602885,110000000,1
1294185780000,1294185839000,0.7528589819840845,0.7528703180877094,0.7528306432185016,0.7528476462218341,79000000,1
1294185840000,1294185899000,0.7528476462218341,0.7528533140602885,0.752722975363377,0.7527739720871411,65000000,1
1294185900000,1294185959000,0.7527739720871411,0.7528079737420579,0.7524341243924094,0.7525020693806909,255000000,1
1294185960000,1294186019000,0.7524907443638442,0.7525303834142303,0.7524058176017817,0.7524114787895204,138000000,1
1294186020000,1294186079000,0.7524114787895204,0.752473757477708,0.7521341807378437,0.7521681246192149,160000000,1
1294186080000,1294186139000,0.7521681246192149,0.7522643155899257,0.7521681246192149,0.7521850977088441,127000000,1
1294186140000,1294186199000,0.7521850977088441,0.7522020715645051,0.7519758164577427,0.7520889269947278,90000000,1
1294186200000,1294186259000,0.7520719582449649,0.7522473389250386,0.7520719582449649,0.7521568096516762,125000000,1
1294186260000,1294186319000,0.7521681246192149,0.7523548707454333,0.7521681246192149,0.7523548707454333,143000000,1
1294186320000,1294186379000,0.7523548707454333,0.7523548707454333,0.7522247045637472,0.7522416802070169,88000000,1
1294186380000,1294186439000,0.7522416802070169,0.7523775129408932,0.7521964135275003,0.7523548707454333,241000000,1
1294186440000,1294186499000,0.7523548707454333,0.7525133947384263,0.7523548707454333,0.7523548707454333,175000000,1
1294186500000,1294186559000,0.7523548707454333,0.7524171400624506,0.7522133878938777,0.7524171400624506,191000000,1
1294186560000,1294186619000,0.752394495481871,0.7525190575451324,0.752366191672811,0.752473757477708,148000000,1
1294186620000,1294186679000,0.7524794196878716,0.7526323315797,0.7523548707454333,0.7523548707454333,120000000,1
1294186680000,1294186739000,0.752366191672811,0.7525643630671514,0.752360531166535,0.7524624333130169,222000000,1
1294186740000,1294186799000,0.7524624333130169,0.7526266670680675,0.7524114787895204,0.7526266670680675,176000000,1
1294186800000,1294186859000,0.7526266670680675,0.7528193083096195,0.7526040098741646,0.7527853056308341,115000000,1
1294186860000,1294186919000,0.7527909725306574,0.7529270037269887,0.7527739720871411,0.7528703180877094,159000000,1
1294186920000,1294186979000,0.7528476462218341,0.7531084551486259,0.7528363108009425,0.75297802810114,192000000,1
1294186980000,1294187039000,0.7529553497477599,0.7530857689382243,0.7528646499932242,0.7530800975991807,146000000,1
1294187040000,1294187099000,0.7530800975991807,0.7534829750521788,0.7530800975991807,0.7533070178081779,232000000,1
1294187100000,1294187159000,0.7533070178081779,0.7534829750521788,0.753199213660021,0.7534602662728581,227000000,1
1294187160000,1294187219000,0.7534716204914141,0.7534716204914141,0.7533126925655571,0.7533126925655571,168000000,1
1294187220000,1294187279000,0.753341067634961,0.753392148147032,0.7533070178081779,0.7533807963235017,208000000,1
1294187280000,1294187339000,0.7533694448420561,0.7533751205400192,0.7532956685499059,0.7533013431362948,73000000,1
1294187340000,1294187399000,0.7533013431362948,0.7533694448420561,0.753255948838856,0.7533694448420561,126000000,1
1294187400000,1294187459000,0.7533637692296102,0.7534262056702856,0.7531821947729155,0.7532502749363503,197000000,1
1294187460000,1294187519000,0.7532502749363503,0.7534375588623092,0.7531935406121957,0.7534262056702856,236000000,1
1294187520000,1294187579000,0.7534091765237702,0.7534091765237702,0.7533240423368112,0.7533864721925053,92000000,1
1294187580000,1294187639000,0.7533864721925053,0.7536022186049316,0.7533524182612626,0.7534375588623092,115000000,1
1294187640000,1294187699000,0.7534318822235281,0.7534829750521788,0.753341067634961,0.753448912396495,111000000,1
1294187700000,1294187759000,0.753448912396495,0.7535624665606656,0.7534035003126625,0.7535624665606656,106000000,1
1294187760000,1294187819000,0.7535624665606656,0.7538521846636312,0.7535113629513532,0.7537101381550684,238000000,1
1294187820000,1294187879000,0.753693096171239,0.7538578676376355,0.7536022186049316,0.7538010417530396,356000000,1
1294187880000,1294187939000,0.7538010417530396,0.753835136255701,0.7536987767468853,0.7536987767468853,151000000,1
1294187940000,1294187999000,0.753715818987609,0.7537271809095979,0.7535965394846907,0.7536533345391787,286000000,1
1294188000000,1294188059000,0.7536590145154727,0.7536703747249103,0.7536362951239732,0.7536590145154727,147000000,1
1294188060000,1294188119000,0.7536590145154727,0.7536590145154727,0.7534659433393611,0.7535340748108629,137000000,1
1294188120000,1294188179000,0.7535340748108629,0.7535340748108629,0.7533751205400192,0.753443235586631,241000000,1
1294188180000,1294188239000,0.753443235586631,0.7535000075350001,0.7533751205400192,0.7534545892919033,203000000,1
1294188240000,1294188299000,0.7534772977290194,0.7535567880395466,0.7534659433393611,0.7535056852003948,109000000,1
1294188300000,1294188359000,0.7535000075350001,0.753693096171239,0.7534829750521788,0.7536646945773825,172000000,1
1294188360000,1294188419000,0.7536590145154727,0.7536703747249103,0.7535340748108629,0.7535340748108629,130000000,1
1294188420000,1294188479000,0.7535340748108629,0.7536362951239732,0.7535340748108629,0.7535851815009911,51000000,1
1294188480000,1294188539000,0.7535681451673675,0.7535851815009911,0.7533751205400192,0.7533751205400192,96000000,1
1294188540000,1294188599000,0.753392148147032,0.7535738238596544,0.7533580937026797,0.7535738238596544,116000000,1
1294188600000,1294188659000,0.7535738238596544,0.7535738238596544,0.7532446011193215,0.7532446011193215,117000000,1
1294188660000,1294188719000,0.7532616228268402,0.7533580937026797,0.7531821947729155,0.7532729710592525,198000000,1
1294188720000,1294188779000,0.7532729710592525,0.7533353924500726,0.753255948838856,0.7533297173506901,224000000,1
1294188780000,1294188839000,0.7533297173506901,0.7533297173506901,0.7532956685499059,0.7533297173506901,99000000,1
1294188840000,1294188899000,0.7533297173506901,0.7535851815009911,0.7533240423368112,0.7535227187099691,197000000,1
1294188900000,1294188959000,0.7535056852003948,0.7535908604500444,0.7534943299551671,0.7535113629513532,123000000,1
1294188960000,1294189019000,0.7535113629513532,0.7535113629513532,0.7533694448420561,0.7533864721925053,53000000,1
1294189020000,1294189079000,0.7533694448420561,0.7533751205400192,0.753267296900305,0.7533240423368112,142000000,1
1294189080000,1294189139000,0.7533240423368112,0.7533524182612626,0.7532275801810759,0.753267296900305,72000000,1
1294189140000,1294189199000,0.753267296900305,0.753267296900305,0.7531197987663898,0.7531481593058986,42000000,1
1294189200000,1294189259000,0.7531595041197825,0.7531708492754496,0.7530914403626888,0.7531141269147926,34000000,1
1294189260000,1294189319000,0.7531084551486259,0.7531935406121957,0.7530914403626888,0.7531935406121957,32000000,1
1294189320000,1294189379000,0.7531878676498279,0.7534262056702856,0.7531878676498279,0.753392148147032,63000000,1
1294189380000,1294189439000,0.7533978241870837,0.7535170407878774,0.7533751205400192,0.753443235586631,65000000,1
1294189440000,1294189499000,0.7534545892919033,0.7534602662728581,0.7533864721925053,0.7534375588623092,37000000,1
1294189500000,1294189559000,0.753443235586631,0.753443235586631,0.753341067634961,0.7533637692296102,36000000,1
1294189560000,1294189619000,0.7533637692296102,0.7533864721925053,0.7532899940490091,0.7533353924500726,77000000,1
1294189620000,1294189679000,0.7533637692296102,0.7535113629513532,0.7533637692296102,0.7534829750521788,73000000,1
1294189680000,1294189739000,0.7535000075350001,0.7537499057812618,0.7534205292025797,0.7536476546484987,119000000,1
1294189740000,1294189799000,0.753641974843431,0.753641974843431,0.7533353924500726,0.7534318822235281,198000000,1
1294189800000,1294189859000,0.7534318822235281,0.753539752989669,0.7533978241870837,0.7535056852003948,172000000,1
1294189860000,1294189919000,0.753488652460894,0.7536192564792416,0.753488652460894,0.7536135771022051,159000000,1
1294189920000,1294189979000,0.7536135771022051,0.7537442244348802,0.7535511096040088,0.7536135771022051,139000000,1
1294189980000,1294190039000,0.753607897810769,0.7536135771022051,0.7534545892919033,0.7535283967176303,155000000,1
1294190040000,1294190099000,0.7535227187099691,0.7535624665606656,0.7534716204914141,0.7535056852003948,75000000,1
1294190100000,1294190159000,0.7535056852003948,0.7535113629513532,0.7531821947729155,0.7531821947729155,123000000,1
1294190160000,1294190219000,0.7532105600120513,0.7533353924500726,0.7531084551486259,0.7531481593058986,144000000,1
1294190220000,1294190279000,0.7531481593058986,0.7531821947729155,0.7531481593058986,0.7531595041197825,62000000,1
1294190280000,1294190339000,0.7531821947729155,0.7531821947729155,0.7530347299617458,0.7531424870271207,103000000,1
1294190340000,1294190399000,0.7531595041197825,0.7531595041197825,0.7531197987663898,0.7531481593058986,56000000,1
1294190400000,1294190459000,0.7531595041197825,0.7533013431362948,0.7531424870271207,0.7532162333162604,109000000,1
1294190460000,1294190519000,0.7532105600120513,0.7535681451673675,0.7531368148337827,0.7534943299551671,193000000,1
1294190520000,1294190579000,0.7534943299551671,0.7535738238596544,0.7533751205400192,0.7534148528204084,189000000,1
1294190580000,1294190639000,0.753392148147032,0.7534829750521788,0.7533467429053571,0.753443235586631,161000000,1
1294190640000,1294190699000,0.753448912396495,0.7536022186049316,0.7534148528204084,0.7535567880395466,157000000,1
1294190700000,1294190759000,0.753539752989669,0.7536590145154727,0.753267296900305,0.7535227187099691,205000000,1
1294190760000,1294190819000,0.7535511096040088,0.7536192564792416,0.7532446011193215,0.7533070178081779,209000000,1
1294190820000,1294190879000,0.7532786453036843,0.753443235586631,0.7532162333162604,0.7533353924500726,206000000,1
1294190880000,1294190939000,0.7533353924500726,0.7533353924500726,0.7531481593058986,0.7532332537416863,230000000,1
1294190940000,1294190999000,0.7532389273877674,0.753255948838856,0.7529156659162607,0.7530460713586458,193000000,1
1294191000000,1294191059000,0.7530063779640214,0.7531027834678877,0.7529496803728607,0.7529666887536896,149000000,1
1294191060000,1294191119000,0.7530063779640214,0.7531197987663898,0.7529610192080356,0.7530800975991807,102000000,1
1294191120000,1294191179000,0.7530800975991807,0.7531141269147926,0.7530177185069165,0.7531027834678877,104000000,1
1294191180000,1294191239000,0.7531027834678877,0.753255948838856,0.7530574130971746,0.753097111872576,98000000,1
1294191240000,1294191299000,0.7531084551486259,0.7531197987663898,0.7529496803728607,0.7530007078206654,122000000,1
1294191300000,1294191359000,0.7530404006174931,0.7530574130971746,0.7529213347789423,0.7529270037269887,114000000,1
1294191360000,1294191419000,0.7529270037269887,0.753012048192771,0.7529156659162607,0.7529213347789423,127000000,1
1294191420000,1294191479000,0.7529156659162607,0.7529440110833359,0.7528193083096195,0.7529326727604017,99000000,1
1294191480000,1294191539000,0.7529156659162607,0.7531538316701186,0.7529156659162607,0.7530517421852055,84000000,1
1294191540000,1294191599000,0.7530404006174931,0.7531141269147926,0.7530290593914019,0.7530914403626888,92000000,1
1294191600000,1294191659000,0.7530914403626888,0.7530914403626888,0.7529213347789423,0.7530574130971746,135000000,1
1294191660000,1294191719000,0.7530460713586458,0.7531141269147926,0.7530177185069165,0.7531027834678877,95000000,1
1294191720000,1294191779000,0.7531254707034192,0.7531368148337827,0.7529950377627012,0.753012048192771,66000000,1
1294191780000,1294191839000,0.7530063779640214,0.7531027834678877,0.7529723583847237,0.753097111872576,58000000,1
1294191840000,1294191899000,0.753097111872576,0.7533807963235017,0.7530687551773476,0.7533751205400192,87000000,1
1294191900000,1294191959000,0.753392148147032,0.7535681451673675,0.7533807963235017,0.7533807963235017,164000000,1
1294191960000,1294192019000,0.7533807963235017,0.7534659433393611,0.7533070178081779,0.7533240423368112,67000000,1
1294192020000,1294192079000,0.7533524182612626,0.753641974843431,0.7533240423368112,0.7535851815009911,111000000,1
1294192080000,1294192139000,0.7535851815009911,0.7536306154901237,0.7535227187099691,0.7536306154901237,68000000,1
1294192140000,1294192199000,0.7536306154901237,0.7536306154901237,0.7534943299551671,0.7534943299551671,80000000,1
1294192200000,1294192259000,0.7534943299551671,0.753539752989669,0.753341067634961,0.7533807963235017,81000000,1
1294192260000,1294192319000,0.7533807963235017,0.7533807963235017,0.7532105600120513,0.7532332537416863,85000000,1
1294192320000,1294192379000,0.7532332537416863,0.7532729710592525,0.7531424870271207,0.7532048867933054,92000000,1
1294192380000,1294192439000,0.7532048867933054,0.7532219067059346,0.7531765219814568,0.753199213660021,29000000,1
1294192440000,1294192499000,0.753199213660021,0.753267296900305,0.753199213660021,0.753267296900305,32000000,1
1294192500000,1294192559000,0.7532332537416863,0.7532899940490091,0.7531595041197825,0.7531878676498279,78000000,1
1294192560000,1294192619000,0.7531878676498279,0.7534035003126625,0.7531821947729155,0.753392148147032,67000000,1
1294192620000,1294192679000,0.753392148147032,0.7535567880395466,0.753392148147032,0.7534035003126625,86000000,1
1294192680000,1294192739000,0.7534035003126625,0.7534262056702856,0.7533467429053571,0.7533694448420561,85000000,1
1294192740000,1294192799000,0.7533807963235017,0.7533864721925053,0.753267296900305,0.7532843196336025,99000000,1
1294192800000,1294192859000,0.7532616228268402,0.7532786453036843,0.7530630840945547,0.7531311427258829,230000000,1
1294192860000,1294192919000,0.7531311427258829,0.7532899940490091,0.7531311427258829,0.753199213660021,50000000,1
1294192920000,1294192979000,0.7531538316701186,0.7531878676498279,0.7531141269147926,0.7531368148337827,56000000,1
1294192980000,1294193039000,0.7531368148337827,0.7531708492754496,0.7530460713586458,0.7530460713586458,137000000,1
1294193040000,1294193099000,0.7530574130971746,0.7530744263455558,0.7528759862675419,0.7528986598403855,118000000,1
1294193100000,1294193159000,0.7528986598403855,0.7529383418791835,0.7528363108009425,0.7528363108009425,190000000,1
1294193160000,1294193219000,0.7528363108009425,0.7529496803728607,0.7528193083096195,0.7529270037269887,74000000,1
1294193220000,1294193279000,0.7529270037269887,0.7529893677901267,0.7529270037269887,0.7529496803728607,53000000,1
1294193280000,1294193339000,0.7529383418791835,0.753012048192771,0.7529043284469843,0.753012048192771,106000000,1
1294193340000,1294193399000,0.753012048192771,0.7530857689382243,0.7529610192080356,0.7529893677901267,136000000,1
1294193400000,1294193459000,0.7529893677901267,0.7530290593914019,0.7529836979029404,0.7529950377627012,96000000,1
1294193460000,1294193519000,0.7529950377627012,0.753012048192771,0.7529440110833359,0.7529496803728607,99000000,1
1294193520000,1294193579000,0.7529496803728607,0.7531424870271207,0.7529156659162607,0.7530744263455558,150000000,1
1294193580000,1294193639000,0.7530744263455558,0.7532275801810759,0.7530744263455558,0.7531878676498279,112000000,1
1294193640000,1294193699000,0.753199213660021,0.753199213660021,0.7530347299617458,0.7531424870271207,85000000,1
1294193700000,1294193759000,0.7531254707034192,0.7531538316701186,0.7530347299617458,0.7530744263455558,115000000,1
1294193760000,1294193819000,0.7530744263455558,0.7531254707034192,0.7530744263455558,0.7531141269147926,77000000,1
1294193820000,1294193879000,0.7531197987663898,0.7531197987663898,0.7528703180877094,0.7529270037269887,171000000,1
1294193880000,1294193939000,0.7529156659162607,0.7530177185069165,0.752909997138942,0.7529666887536896,44000000,1
1294193940000,1294193999000,0.7529723583847237,0.7530857689382243,0.7529666887536896,0.7530857689382243,36000000,1
1294194000000,1294194059000,0.7530857689382243,0.7531197987663898,0.7530744263455558,0.7531197987663898,40000000,1
1294194060000,1294194119000,0.7531368148337827,0.7531481593058986,0.7529950377627012,0.7530857689382243,67000000,1
1294194120000,1294194179000,0.7531027834678877,0.7532729710592525,0.7531027834678877,0.7532275801810759,90000000,1
1294194180000,1294194239000,0.7532275801810759,0.7532616228268402,0.7531935406121957,0.7532219067059346,61000000,1
1294194240000,1294194299000,0.7532219067059346,0.753267296900305,0.753199213660021,0.7532502749363503,71000000,1
1294194300000,1294194359000,0.7532275801810759,0.753267296900305,0.7532105600120513,0.7532616228268402,25000000,1
1294194360000,1294194419000,0.7532616228268402,0.7532786453036843,0.7530687551773476,0.7530687551773476,77000000,1
1294194420000,1294194479000,0.7530687551773476,0.7531481593058986,0.7530517421852055,0.7531141269147926,90000000,1
1294194480000,1294194539000,0.7531141269147926,0.7532332537416863,0.7531141269147926,0.7531595041197825,70000000,1
1294194540000,1294194599000,0.7531821947729155,0.7533126925655571,0.7531765219814568,0.7533126925655571,105000000,1
1294194600000,1294194659000,0.7533353924500726,0.7533353924500726,0.7531424870271207,0.7532502749363503,102000000,1
1294194660000,1294194719000,0.7532502749363503,0.7532843196336025,0.7531254707034192,0.7531595041197825,86000000,1
1294194720000,1294194779000,0.7531651766548921,0.7532389273877674,0.7531651766548921,0.7532332537416863,43000000,1
1294194780000,1294194839000,0.7532332537416863,0.7532332537416863,0.7531311427258829,0.7531538316701186,28000000,1
1294194840000,1294194899000,0.7531538316701186,0.7532502749363503,0.7531424870271207,0.7532502749363503,50000000,1
1294194900000,1294194959000,0.7532219067059346,0.7532219067059346,0.7531878676498279,0.7532219067059346,31000000,1
1294194960000,1294195019000,0.7532219067059346,0.7532843196336025,0.7532219067059346,0.7532446011193215,71000000,1
1294195020000,1294195079000,0.7532446011193215,0.7533864721925053,0.7532389273877674,0.7532899940490091,101000000,1
1294195080000,1294195139000,0.7532899940490091,0.7533013431362948,0.7532162333162604,0.7532899940490091,67000000,1
1294195140000,1294195199000,0.7532899940490091,0.7532899940490091,0.7531538316701186,0.7531538316701186,53000000,1
1294195200000,1294195259000,0.7531538316701186,0.7531595041197825,0.7531084551486259,0.7531197987663898,38000000,1
1294195260000,1294195319000,0.7531254707034192,0.7531765219814568,0.7531197987663898,0.7531651766548921,38000000,1
1294195320000,1294195379000,0.7531424870271207,0.7531424870271207,0.7530800975991807,0.7530800975991807,24000000,1
1294195380000,1294195439000,0.7530800975991807,0.7530800975991807,0.7530233889064595,0.7530290593914019,42000000,1
1294195440000,1294195499000,0.7530290593914019,0.7530460713586458,0.7530290593914019,0.7530460713586458,35000000,1
1294195500000,1294195559000,0.7530460713586458,0.7531027834678877,0.7530460713586458,0.7530744263455558,25000000,1
1294195560000,1294195619000,0.7530744263455558,0.753097111872576,0.7530404006174931,0.7530687551773476,18000000,1
1294195620000,1294195679000,0.7530687551773476,0.7531424870271207,0.7530233889064595,0.7531084551486259,110000000,1
1294195680000,1294195739000,0.753097111872576,0.7531651766548921,0.7529893677901267,0.7530630840945547,106000000,1
1294195740000,1294195799000,0.7530687551773476,0.7531141269147926,0.7529043284469843,0.7529043284469843,77000000,1
1294195800000,1294195859000,0.7529270037269887,0.7529270037269887,0.7528589819840845,0.7529156659162607,46000000,1
1294195860000,1294195919000,0.7529213347789423,0.7529610192080356,0.7528249757213945,0.7528249757213945,58000000,1
1294195920000,1294195979000,0.7528533140602885,0.7528589819840845,0.7528023065862673,0.7528306432185016,21000000,1
1294195980000,1294196039000,0.7528306432185016,0.7528703180877094,0.7527966395158012,0.7528249757213945,38000000,1
1294196040000,1294196099000,0.7528249757213945,0.7528533140602885,0.7527513060235159,0.7528533140602885,74000000,1
1294196100000,1294196159000,0.7528533140602885,0.7528533140602885,0.7526889813860015,0.7528476462218341,107000000,1
1294196160000,1294196219000,0.7528589819840845,0.7528703180877094,0.7528476462218341,0.7528533140602885,46000000,1
1294196220000,1294196279000,0.7528419784687194,0.7528703180877094,0.7528306432185016,0.7528419784687194,36000000,1
1294196280000,1294196339000,0.7528533140602885,0.7528533140602885,0.7528306432185016,0.7528306432185016,20000000,1
1294196340000,1294196399000,0.7528306432185016,0.7528306432185016,0.7527343073715271,0.7528023065862673,35000000,1
1294196400000,1294196459000,0.7528136409831747,0.7528136409831747,0.7526663204401592,0.7526663204401592,74000000,1
1294196460000,1294196519000,0.7526719855486979,0.752756972411457,0.7526323315797,0.7526323315797,58000000,1
1294196520000,1294196579000,0.7526323315797,0.7527286413248024,0.7526323315797,0.7527286413248024,34000000,1
1294196580000,1294196639000,0.7527343073715271,0.7527343073715271,0.7526663204401592,0.7526663204401592,20000000,1
1294196640000,1294196699000,0.7526436608587663,0.7526436608587663,0.7525530361752244,0.7525530361752244,23000000,1
1294196700000,1294196759000,0.7525530361752244,0.752598345788836,0.7524624333130169,0.7525417096242559,83000000,1
1294196760000,1294196819000,0.7525586995785671,0.7526210026416997,0.7525586995785671,0.752598345788836,12000000,1
1294196820000,1294196879000,0.7525756903000519,0.7526210026416997,0.7525303834142303,0.7526210026416997,32000000,1
1294196880000,1294196939000,0.7526210026416997,0.7526266670680675,0.7526210026416997,0.7526266670680675,8000000,1
1294196940000,1294196999000,0.7526266670680675,0.7526606554168987,0.7525643630671514,0.7526606554168987,70000000,1
1294197000000,1294197059000,0.7526606554168987,0.7526606554168987,0.7525247204370664,0.7525247204370664,64000000,1
1294197060000,1294197119000,0.7525247204370664,0.7525530361752244,0.7525247204370664,0.7525247204370664,52000000,1
1294197120000,1294197179000,0.7525247204370664,0.7525700266409789,0.7525247204370664,0.7525643630671514,67000000,1
1294197180000,1294197239000,0.7525643630671514,0.7527116436964163,0.7525643630671514,0.7526266670680675,67000000,1
1294197240000,1294197299000,0.7526266670680675,0.7526266670680675,0.7525417096242559,0.7525417096242559,47000000,1
1294197300000,1294197359000,0.7525530361752244,0.7525530361752244,0.7524624333130169,0.7525473728571214,45000000,1
1294197360000,1294197419000,0.7525417096242559,0.7525586995785671,0.7525417096242559,0.7525417096242559,25000000,1
1294197420000,1294197479000,0.7525473728571214,0.7526719855486979,0.7525473728571214,0.7526549904789144,50000000,1
1294197480000,1294197539000,0.7526549904789144,0.7526776507425166,0.7526549904789144,0.7526719855486979,19000000,1
1294197540000,1294197599000,0.7526719855486979,0.7527343073715271,0.7526719855486979,0.7527059779908771,53000000,1
1294197600000,1294197659000,0.7527003123706297,0.752722975363377,0.7526719855486979,0.7526946468356718,48000000,1
1294197660000,1294197719000,0.7527059779908771,0.7527059779908771,0.7526493256262042,0.7526663204401592,27000000,1
1294197720000,1294197779000,0.752683316021617,0.7527909725306574,0.752683316021617,0.7527683054432677,27000000,1
1294197780000,1294197839000,0.7527853056308341,0.7528873228832573,0.7527513060235159,0.7527683054432677,101000000,1
1294197840000,1294197899000,0.7527909725306574,0.7528703180877094,0.7527683054432677,0.7527853056308341,59000000,1
1294197900000,1294197959000,0.7527853056308341,0.7528306432185016,0.7527626388847068,0.7528306432185016,27000000,1
1294197960000,1294198019000,0.7528306432185016,0.7528306432185016,0.7526889813860015,0.7526946468356718,94000000,1
1294198020000,1294198079000,0.7526946468356718,0.7527966395158012,0.7526946468356718,0.7527626388847068,61000000,1
1294198080000,1294198139000,0.7527626388847068,0.7528079737420579,0.7527456397208819,0.7527513060235159,34000000,1
1294198140000,1294198199000,0.7527456397208819,0.7528079737420579,0.7527456397208819,0.7527626388847068,38000000,1
1294198200000,1294198259000,0.7527626388847068,0.7528079737420579,0.7527513060235159,0.7528079737420579,39000000,1
1294198260000,1294198319000,0.7528023065862673,0.7528646499932242,0.7528023065862673,0.7528023065862673,37000000,1
1294198320000,1294198379000,0.7528023065862673,0.7528023065862673,0.7527513060235159,0.7527513060235159,25000000,1
1294198380000,1294198439000,0.7527513060235159,0.7527626388847068,0.752722975363377,0.7527513060235159,39000000,1
1294198440000,1294198499000,0.752756972411457,0.7528193083096195,0.7527456397208819,0.7528193083096195,77000000,1
1294198500000,1294198559000,0.7528249757213945,0.7528589819840845,0.7527853056308341,0.7528533140602885,182000000,1
1294198560000,1294198619000,0.7528533140602885,0.7528589819840845,0.7527683054432677,0.7528589819840845,62000000,1
1294198620000,1294198679000,0.7528589819840845,0.7528986598403855,0.7528193083096195,0.7528986598403855,68000000,1
1294198680000,1294198739000,0.7528986598403855,0.752909997138942,0.7528363108009425,0.7528986598403855,48000000,1
1294198740000,1294198799000,0.7528929913191439,0.7529213347789423,0.7528873228832573,0.7529043284469843,26000000,1
1294198800000,1294198859000,0.7529156659162607,0.7530857689382243,0.7529156659162607,0.7529723583847237,82000000,1
1294198860000,1294198919000,0.7529666887536896,0.7530744263455558,0.7529666887536896,0.7530744263455558,64000000,1
1294198920000,1294198979000,0.7530744263455558,0.7531481593058986,0.7530744263455558,0.7531027834678877,30000000,1
1294198980000,1294199039000,0.753097111872576,0.7531311427258829,0.753097111872576,0.7531311427258829,59000000,1
1294199040000,1294199099000,0.7531141269147926,0.7531141269147926,0.7530517421852055,0.7530630840945547,42000000,1
1294199100000,1294199159000,0.7530630840945547,0.7530914403626888,0.7530630840945547,0.7530914403626888,13000000,1
1294199160000,1294199219000,0.7530914403626888,0.7530914403626888,0.7529610192080356,0.7529836979029404,35000000,1
1294199220000,1294199279000,0.75297802810114,0.75297802810114,0.7529610192080356,0.75297802810114,20000000,1
1294199280000,1294199339000,0.7529666887536896,0.7531197987663898,0.7529553497477599,0.7530914403626888,55000000,1
1294199340000,1294199399000,0.7530800975991807,0.7531141269147926,0.7530290593914019,0.7530574130971746,43000000,1
1294199400000,1294199459000,0.7530290593914019,0.7531027834678877,0.7529950377627012,0.7531027834678877,94000000,1
1294199460000,1294199519000,0.7530687551773476,0.7530687551773476,0.7530290593914019,0.7530290593914019,12000000,1
1294199520000,1294199579000,0.7530290593914019,0.7532332537416863,0.7530290593914019,0.7531141269147926,94000000,1
1294199580000,1294199639000,0.7531141269147926,0.7531651766548921,0.7531141269147926,0.7531651766548921,40000000,1
1294199640000,1294199699000,0.7531651766548921,0.7532502749363503,0.7531651766548921,0.7531765219814568,72000000,1
1294199700000,1294199759000,0.7531765219814568,0.7531935406121957,0.7531765219814568,0.7531935406121957,10000000,1
1294199760000,1294199819000,0.7531878676498279,0.7532162333162604,0.7531765219814568,0.7531935406121957,27000000,1
1294199820000,1294199879000,0.7531935406121957,0.753199213660021,0.7531368148337827,0.7531368148337827,16000000,1
1294199880000,1294199939000,0.7531368148337827,0.7532219067059346,0.7531368148337827,0.7532048867933054,20000000,1
1294199940000,1294199999000,0.7532048867933054,0.7532048867933054,0.7532048867933054,0.7532048867933054,2000000,1
1294200000000,1294200059000,0.7532048867933054,0.7532048867933054,0.7531878676498279,0.7531935406121957,24000000,1
1294200060000,1294200119000,0.7531935406121957,0.7532332537416863,0.7531084551486259,0.7531821947729155,80000000,1
1294200120000,1294200179000,0.7531821947729155,0.7532786453036843,0.7531821947729155,0.7532786453036843,68000000,1
1294200180000,1294200239000,0.7532786453036843,0.7533070178081779,0.7532162333162604,0.7533070178081779,51000000,1
1294200240000,1294200299000,0.7533070178081779,0.7533126925655571,0.7532446011193215,0.7532446011193215,20000000,1
1294200300000,1294200359000,0.7532616228268402,0.7534205292025797,0.7532616228268402,0.7534205292025797,35000000,1
1294200360000,1294200419000,0.7534205292025797,0.7534659433393611,0.7534205292025797,0.7534205292025797,62000000,1
1294200420000,1294200479000,0.7534205292025797,0.7534659433393611,0.7533807963235017,0.7534545892919033,79000000,1
1294200480000,1294200539000,0.7534545892919033,0.7534545892919033,0.7533694448420561,0.7533694448420561,56000000,1
1294200540000,1294200599000,0.7533353924500726,0.7533864721925053,0.7532786453036843,0.7533807963235017,40000000,1
1294200600000,1294200659000,0.7533864721925053,0.7534035003126625,0.7533807963235017,0.7534035003126625,17000000,1
1294200660000,1294200719000,0.7533978241870837,0.7533978241870837,0.7533807963235017,0.7533864721925053,26000000,1
1294200720000,1294200779000,0.7533864721925053,0.7533978241870837,0.7533864721925053,0.7533978241870837,25000000,1
1294200780000,1294200839000,0.7533694448420561,0.7534602662728581,0.7533694448420561,0.7534091765237702,76000000,1
1294200840000,1294200899000,0.7534148528204084,0.7534318822235281,0.7534035003126625,0.7534318822235281,37000000,1
1294200900000,1294200959000,0.7534318822235281,0.7534772977290194,0.7534262056702856,0.7534716204914141,57000000,1
1294200960000,1294201019000,0.7534659433393611,0.7535170407878774,0.753448912396495,0.753448912396495,52000000,1
1294201020000,1294201079000,0.7534716204914141,0.7534943299551671,0.7533297173506901,0.7533297173506901,72000000,1
1294201080000,1294201139000,0.7533297173506901,0.7535340748108629,0.7533070178081779,0.7534602662728581,107000000,1
1294201140000,1294201199000,0.7534602662728581,0.7534602662728581,0.753318367408434,0.7533864721925053,96000000,1
1294201200000,1294201259000,0.7534035003126625,0.753443235586631,0.7532786453036843,0.7532786453036843,95000000,1
1294201260000,1294201319000,0.7533070178081779,0.7533637692296102,0.7532332537416863,0.753341067634961,78000000,1
1294201320000,1294201379000,0.753341067634961,0.7533694448420561,0.7533126925655571,0.7533524182612626,63000000,1
1294201380000,1294201439000,0.7533524182612626,0.7533637692296102,0.7532956685499059,0.7532956685499059,61000000,1
1294201440000,1294201499000,0.7532729710592525,0.7533013431362948,0.7531424870271207,0.7531424870271207,71000000,1
1294201500000,1294201559000,0.7531424870271207,0.7531765219814568,0.7530914403626888,0.7531765219814568,72000000,1
1294201560000,1294201619000,0.7531765219814568,0.7532616228268402,0.7531141269147926,0.7531141269147926,60000000,1
1294201620000,1294201679000,0.7531084551486259,0.7531651766548921,0.7530857689382243,0.7531651766548921,65000000,1
1294201680000,1294201739000,0.7531538316701186,0.7532729710592525,0.7531538316701186,0.7532275801810759,170000000,1
1294201740000,1294201799000,0.7532446011193215,0.7532616228268402,0.7531821947729155,0.7532332537416863,137000000,1
1294201800000,1294201859000,0.7532105600120513,0.7533580937026797,0.7532105600120513,0.753267296900305,147000000,1
1294201860000,1294201919000,0.753267296900305,0.7533126925655571,0.7532048867933054,0.7532899940490091,153000000,1
1294201920000,1294201979000,0.7533070178081779,0.753448912396495,0.753267296900305,0.7532956685499059,188000000,1
1294201980000,1294202039000,0.7532956685499059,0.7533070178081779,0.7532332537416863,0.7532332537416863,109000000,1
1294202040000,1294202099000,0.7532332537416863,0.7532332537416863,0.7531424870271207,0.7531878676498279,53000000,1
1294202100000,1294202159000,0.7531878676498279,0.7533978241870837,0.7531878676498279,0.7533126925655571,147000000,1
1294202160000,1294202219000,0.7533070178081779,0.7533978241870837,0.7532446011193215,0.7533013431362948,112000000,1
1294202220000,1294202279000,0.7533013431362948,0.7534205292025797,0.7532219067059346,0.7532956685499059,154000000,1
1294202280000,1294202339000,0.7532956685499059,0.7532956685499059,0.7531197987663898,0.7531197987663898,157000000,1
1294202340000,1294202399000,0.7531197987663898,0.7532616228268402,0.753097111872576,0.7532048867933054,51000000,1
1294202400000,1294202459000,0.753199213660021,0.7532616228268402,0.7531197987663898,0.7531481593058986,67000000,1
1294202460000,1294202519000,0.7531481593058986,0.7532502749363503,0.7531481593058986,0.7532275801810759,94000000,1
1294202520000,1294202579000,0.7532275801810759,0.7533070178081779,0.7532275801810759,0.7532616228268402,181000000,1
1294202580000,1294202639000,0.7532389273877674,0.7532843196336025,0.7532219067059346,0.7532729710592525,57000000,1
1294202640000,1294202699000,0.7532729710592525,0.7533240423368112,0.7532446011193215,0.753267296900305,52000000,1
1294202700000,1294202759000,0.7532899940490091,0.7533524182612626,0.7531651766548921,0.7532446011193215,193000000,1
1294202760000,1294202819000,0.7532729710592525,0.7533126925655571,0.7532219067059346,0.7533126925655571,185000000,1
1294202820000,1294202879000,0.7533126925655571,0.7533751205400192,0.7532446011193215,0.7533580937026797,187000000,1
1294202880000,1294202939000,0.7533580937026797,0.7535795026375283,0.7533580937026797,0.7534545892919033,126000000,1
1294202940000,1294202999000,0.7534262056702856,0.7534716204914141,0.7534148528204084,0.753443235586631,88000000,1
1294203000000,1294203059000,0.7534318822235281,0.753443235586631,0.7533353924500726,0.753392148147032,113000000,1
1294203060000,1294203119000,0.7534091765237702,0.7535624665606656,0.7533751205400192,0.7535624665606656,33000000,1
1294203120000,1294203179000,0.7535624665606656,0.7535738238596544,0.7534829750521788,0.7535113629513532,32000000,1
1294203180000,1294203239000,0.7535113629513532,0.7535851815009911,0.7533240423368112,0.7533297173506901,79000000,1
1294203240000,1294203299000,0.753341067634961,0.753392148147032,0.7533013431362948,0.753318367408434,37000000,1
1294203300000,1294203359000,0.7533297173506901,0.7533353924500726,0.753267296900305,0.7533353924500726,67000000,1
1294203360000,1294203419000,0.7533297173506901,0.7533353924500726,0.7533013431362948,0.7533297173506901,49000000,1
1294203420000,1294203479000,0.7533070178081779,0.7534091765237702,0.7533070178081779,0.7534091765237702,160000000,1
1294203480000,1294203539000,0.7534262056702856,0.7535908604500444,0.7533978241870837,0.7534262056702856,171000000,1
1294203540000,1294203599000,0.753443235586631,0.7535908604500444,0.7534148528204084,0.753488652460894,105000000,1
1294203600000,1294203659000,0.753488652460894,0.753488652460894,0.7533240423368112,0.7533353924500726,155000000,1
1294203660000,1294203719000,0.7533467429053571,0.7534205292025797,0.753341067634961,0.7533467429053571,63000000,1
1294203720000,1294203779000,0.7533524182612626,0.753392148147032,0.7531254707034192,0.7532219067059346,140000000,1
1294203780000,1294203839000,0.7532502749363503,0.7532502749363503,0.7530347299617458,0.7530744263455558,110000000,1
1294203840000,1294203899000,0.7530744263455558,0.7531368148337827,0.7530574130971746,0.7531084551486259,83000000,1
1294203900000,1294203959000,0.7531311427258829,0.7532105600120513,0.7530857689382243,0.7531254707034192,100000000,1
1294203960000,1294204019000,0.7531254707034192,0.7531481593058986,0.7529156659162607,0.7529610192080356,81000000,1
1294204020000,1294204079000,0.7529326727604017,0.7530630840945547,0.752909997138942,0.7529666887536896,143000000,1
1294204080000,1294204139000,0.7529836979029404,0.7530517421852055,0.7529723583847237,0.7530290593914019,52000000,1
1294204140000,1294204199000,0.7530347299617458,0.7530347299617458,0.752881654532724,0.7529496803728607,160000000,1
1294204200000,1294204259000,0.7529610192080356,0.7529610192080356,0.7528249757213945,0.7529270037269887,152000000,1
1294204260000,1294204319000,0.7529156659162607,0.7529156659162607,0.7526323315797,0.7526323315797,165000000,1
1294204320000,1294204379000,0.7526493256262042,0.7527059779908771,0.7525756903000519,0.752637996176599,157000000,1
1294204380000,1294204439000,0.752637996176599,0.752722975363377,0.7526040098741646,0.7526436608587663,143000000,1
1294204440000,1294204499000,0.7526436608587663,0.7527116436964163,0.7524171400624506,0.7524454477050414,201000000,1
1294204500000,1294204559000,0.7524624333130169,0.7525417096242559,0.7524397860061248,0.7524397860061248,128000000,1
1294204560000,1294204619000,0.7524624333130169,0.7525020693806909,0.7524114787895204,0.7524114787895204,95000000,1
1294204620000,1294204679000,0.752394495481871,0.752468095352757,0.752360531166535,0.7523831737027034,99000000,1
1294204680000,1294204739000,0.7523831737027034,0.752473757477708,0.7523548707454333,0.7524454477050414,88000000,1
1294204740000,1294204799000,0.752468095352757,0.7525586995785671,0.7524341243924094,0.7525586995785671,94000000,1
1294204800000,1294204859000,0.7525586995785671,0.7527796388163293,0.7525586995785671,0.7527116436964163,86000000,1
1294204860000,1294204919000,0.7527116436964163,0.7527116436964163,0.7526436608587663,0.7526436608587663,42000000,1
1294204920000,1294204979000,0.752637996176599,0.752756972411457,0.7525417096242559,0.7527456397208819,127000000,1
1294204980000,1294205039000,0.7527456397208819,0.7528929913191439,0.7526040098741646,0.7528873228832573,150000000,1
1294205040000,1294205099000,0.7528873228832573,0.7530290593914019,0.7527739720871411,0.7530007078206654,115000000,1
1294205100000,1294205159000,0.7529553497477599,0.7530800975991807,0.7528873228832573,0.7530460713586458,172000000,1
1294205160000,1294205219000,0.7530517421852055,0.7532616228268402,0.7530517421852055,0.7532616228268402,141000000,1
1294205220000,1294205279000,0.7532616228268402,0.7533126925655571,0.7531821947729155,0.753255948838856,86000000,1
1294205280000,1294205339000,0.753255948838856,0.7533126925655571,0.7531197987663898,0.7531424870271207,131000000,1
1294205340000,1294205399000,0.7531424870271207,0.7531651766548921,0.7530063779640214,0.7530404006174931,123000000,1
1294205400000,1294205459000,0.7530404006174931,0.7530687551773476,0.7529553497477599,0.753012048192771,113000000,1
1294205460000,1294205519000,0.753012048192771,0.7532332537416863,0.7529723583847237,0.7531481593058986,114000000,1
1294205520000,1294205579000,0.7531651766548921,0.7535000075350001,0.7531481593058986,0.7535000075350001,159000000,1
1294205580000,1294205639000,0.7535056852003948,0.7535056852003948,0.7533070178081779,0.7533126925655571,104000000,1
1294205640000,1294205699000,0.7532956685499059,0.7532956685499059,0.7531595041197825,0.7532105600120513,218000000,1
1294205700000,1294205759000,0.7532275801810759,0.7533070178081779,0.7531084551486259,0.7531084551486259,268000000,1
1294205760000,1294205819000,0.753097111872576,0.7531424870271207,0.7530517421852055,0.7531424870271207,154000000,1
1294205820000,1294205879000,0.7531368148337827,0.7533070178081779,0.7531084551486259,0.7533070178081779,76000000,1
1294205880000,1294205939000,0.7533070178081779,0.7533637692296102,0.7532616228268402,0.7532786453036843,167000000,1
1294205940000,1294205999000,0.7532899940490091,0.7533070178081779,0.7531765219814568,0.7532162333162604,125000000,1
1294206000000,1294206059000,0.7532162333162604,0.753255948838856,0.7532162333162604,0.7532502749363503,94000000,1
1294206060000,1294206119000,0.7532446011193215,0.7533126925655571,0.7532332537416863,0.7533070178081779,49000000,1
1294206120000,1294206179000,0.7533013431362948,0.7533694448420561,0.7532332537416863,0.7532389273877674,179000000,1
1294206180000,1294206239000,0.7532275801810759,0.7532729710592525,0.7532219067059346,0.7532446011193215,21000000,1
1294206240000,1294206299000,0.7532446011193215,0.7532502749363503,0.7532446011193215,0.7532502749363503,9000000,1
1294206300000,1294206359000,0.753392148147032,0.7534318822235281,0.7532956685499059,0.7534148528204084,66000000,1
1294206360000,1294206419000,0.7534091765237702,0.7534091765237702,0.7532275801810759,0.7532616228268402,114000000,1
1294206420000,1294206479000,0.7532502749363503,0.7532786453036843,0.7530063779640214,0.7530574130971746,224000000,1
1294206480000,1294206539000,0.7530574130971746,0.7531368148337827,0.7530063779640214,0.7530574130971746,167000000,1
1294206540000,1294206599000,0.7530574130971746,0.7531027834678877,0.7530517421852055,0.7530574130971746,61000000,1
1294206600000,1294206659000,0.7530574130971746,0.7531027834678877,0.75297802810114,0.7529950377627012,135000000,1
1294206660000,1294206719000,0.753012048192771,0.7531311427258829,0.753012048192771,0.7530574130971746,145000000,1
1294206720000,1294206779000,0.7530857689382243,0.7532219067059346,0.7530630840945547,0.7532162333162604,110000000,1
1294206780000,1294206839000,0.7532162333162604,0.7532219067059346,0.7531595041197825,0.7532219067059346,112000000,1
1294206840000,1294206899000,0.7532219067059346,0.7532219067059346,0.7531765219814568,0.753199213660021,111000000,1
1294206900000,1294206959000,0.7532105600120513,0.7533240423368112,0.7532105600120513,0.7533070178081779,46000000,1
1294206960000,1294207019000,0.7533070178081779,0.7535624665606656,0.7533013431362948,0.7535454312540504,175000000,1
1294207020000,1294207079000,0.7534772977290194,0.7535454312540504,0.7534091765237702,0.7535454312540504,80000000,1
1294207080000,1294207139000,0.753539752989669,0.7535567880395466,0.753488652460894,0.7535000075350001,103000000,1
1294207140000,1294207199000,0.7535000075350001,0.7535000075350001,0.7534772977290194,0.7534772977290194,20000000,1
1294207200000,1294207259000,0.753488652460894,0.753488652460894,0.7533694448420561,0.7533807963235017,62000000,1
1294207260000,1294207319000,0.7533864721925053,0.7534091765237702,0.7532616228268402,0.7532616228268402,87000000,1
1294207320000,1294207379000,0.7532729710592525,0.7534545892919033,0.753267296900305,0.7533694448420561,158000000,1
1294207380000,1294207439000,0.7533751205400192,0.7534205292025797,0.7532899940490091,0.7532956685499059,115000000,1
1294207440000,1294207499000,0.7533013431362948,0.7534262056702856,0.7531651766548921,0.7534262056702856,138000000,1
1294207500000,1294207559000,0.753443235586631,0.7534659433393611,0.7533978241870837,0.7534205292025797,61000000,1
1294207560000,1294207619000,0.753443235586631,0.753488652460894,0.753341067634961,0.753341067634961,84000000,1
1294207620000,1294207679000,0.753341067634961,0.7534035003126625,0.7532843196336025,0.7532843196336025,69000000,1
1294207680000,1294207739000,0.7532899940490091,0.753318367408434,0.7532843196336025,0.7532843196336025,25000000,1
1294207740000,1294207799000,0.7532899940490091,0.7534035003126625,0.7532616228268402,0.7532843196336025,100000000,1
1294207800000,1294207859000,0.7532843196336025,0.7532899940490091,0.753255948838856,0.7532843196336025,54000000,1
1294207860000,1294207919000,0.7532843196336025,0.7534318822235281,0.7532843196336025,0.7534318822235281,96000000,1
1294207920000,1294207979000,0.7534318822235281,0.7534318822235281,0.753341067634961,0.753341067634961,100000000,1
1294207980000,1294208039000,0.753341067634961,0.7533637692296102,0.7531538316701186,0.753255948838856,84000000,1
1294208040000,1294208099000,0.7532843196336025,0.7534602662728581,0.7532843196336025,0.7533070178081779,96000000,1
1294208100000,1294208159000,0.7533070178081779,0.7533978241870837,0.7532786453036843,0.7533580937026797,142000000,1
1294208160000,1294208219000,0.7533580937026797,0.7536703747249103,0.7533580937026797,0.7536703747249103,67000000,1
1294208220000,1294208279000,0.7536533345391787,0.7536533345391787,0.7535170407878774,0.7535795026375283,103000000,1
1294208280000,1294208339000,0.7535170407878774,0.7535340748108629,0.753318367408434,0.7534035003126625,189000000,1
1294208340000,1294208399000,0.7534035003126625,0.7535000075350001,0.7533297173506901,0.7534772977290194,209000000,1
1294208400000,1294208459000,0.7534772977290194,0.7534772977290194,0.753199213660021,0.753199213660021,217000000,1
1294208460000,1294208519000,0.7531935406121957,0.7533013431362948,0.7530630840945547,0.7530630840945547,386000000,1
1294208520000,1294208579000,0.7530914403626888,0.7531141269147926,0.752881654532724,0.7529043284469843,264000000,1
1294208580000,1294208639000,0.7529043284469843,0.7529610192080356,0.7528476462218341,0.7528533140602885,154000000,1
1294208640000,1294208699000,0.7528419784687194,0.7528476462218341,0.7526889813860015,0.7528249757213945,315000000,1
1294208700000,1294208759000,0.7528249757213945,0.7529610192080356,0.752717309487249,0.7528476462218341,176000000,1
1294208760000,1294208819000,0.7528476462218341,0.753012048192771,0.7528136409831747,0.7529610192080356,192000000,1
1294208820000,1294208879000,0.7529213347789423,0.7530517421852055,0.7528759862675419,0.752881654532724,218000000,1
1294208880000,1294208939000,0.752881654532724,0.7529383418791835,0.7528476462218341,0.7528929913191439,163000000,1
1294208940000,1294208999000,0.7528929913191439,0.7531254707034192,0.7528476462218341,0.7531254707034192,180000000,1
1294209000000,1294209059000,0.7531424870271207,0.7532899940490091,0.7530744263455558,0.7530744263455558,179000000,1
1294209060000,1294209119000,0.7530574130971746,0.7531311427258829,0.7529213347789423,0.7529326727604017,236000000,1
1294209120000,1294209179000,0.7529326727604017,0.7531254707034192,0.7528929913191439,0.7530574130971746,202000000,1
1294209180000,1294209239000,0.7530574130971746,0.7531481593058986,0.7530574130971746,0.7531197987663898,117000000,1
1294209240000,1294209299000,0.7531254707034192,0.7532219067059346,0.7531141269147926,0.7531424870271207,111000000,1
1294209300000,1294209359000,0.7531311427258829,0.7531595041197825,0.7529836979029404,0.7529893677901267,122000000,1
1294209360000,1294209419000,0.7529723583847237,0.7529723583847237,0.752909997138942,0.7529440110833359,143000000,1
1294209420000,1294209479000,0.7529440110833359,0.7530177185069165,0.7528589819840845,0.7530063779640214,152000000,1
1294209480000,1294209539000,0.7530687551773476,0.7531027834678877,0.7530177185069165,0.7530574130971746,151000000,1
1294209540000,1294209599000,0.7530744263455558,0.7531481593058986,0.7530574130971746,0.7530744263455558,154000000,1
1294209600000,1294209659000,0.7530744263455558,0.7532446011193215,0.7530517421852055,0.7532162333162604,174000000,1
1294209660000,1294209719000,0.7532162333162604,0.7532162333162604,0.7531708492754496,0.7531821947729155,90000000,1
1294209720000,1294209779000,0.7531821947729155,0.7531935406121957,0.7529043284469843,0.7529043284469843,130000000,1
1294209780000,1294209839000,0.7529043284469843,0.7530290593914019,0.7527966395158012,0.7529326727604017,326000000,1
1294209840000,1294209899000,0.7529156659162607,0.7530063779640214,0.7529156659162607,0.7529553497477599,154000000,1
1294209900000,1294209959000,0.7529496803728607,0.7529723583847237,0.7528646499932242,0.7529723583847237,147000000,1
1294209960000,1294210019000,0.7529723583847237,0.7530914403626888,0.7529043284469843,0.7530574130971746,272000000,1
1294210020000,1294210079000,0.7530347299617458,0.7530347299617458,0.7527343073715271,0.752756972411457,73000000,1
1294210080000,1294210139000,0.752756972411457,0.7528363108009425,0.7527513060235159,0.7527796388163293,94000000,1
1294210140000,1294210199000,0.7527626388847068,0.7527853056308341,0.7527003123706297,0.752722975363377,118000000,1
1294210200000,1294210259000,0.752722975363377,0.7527513060235159,0.7526153383005946,0.7526323315797,152000000,1
1294210260000,1294210319000,0.7526323315797,0.752637996176599,0.7524397860061248,0.7525813540443722,142000000,1
1294210320000,1294210379000,0.7525870178739417,0.7526153383005946,0.7525417096242559,0.7526040098741646,109000000,1
1294210380000,1294210439000,0.7526040098741646,0.7526719855486979,0.7525643630671514,0.7525643630671514,83000000,1
1294210440000,1294210499000,0.7525643630671514,0.752598345788836,0.7524624333130169,0.7525190575451324,142000000,1
1294210500000,1294210559000,0.7525190575451324,0.7525870178739417,0.7524850819832497,0.7525190575451324,144000000,1
1294210560000,1294210619000,0.7525190575451324,0.7526323315797,0.7524794196878716,0.7525530361752244,131000000,1
1294210620000,1294210679000,0.7525643630671514,0.7528136409831747,0.7525360464766262,0.7527909725306574,137000000,1
1294210680000,1294210739000,0.7528136409831747,0.7529496803728607,0.7526889813860015,0.7529213347789423,144000000,1
1294210740000,1294210799000,0.7529270037269887,0.7529893677901267,0.7528136409831747,0.7528929913191439,168000000,1
1294210800000,1294210859000,0.7528929913191439,0.7530517421852055,0.7528929913191439,0.7529950377627012,216000000,1
1294210860000,1294210919000,0.7530574130971746,0.753255948838856,0.7530574130971746,0.7531595041197825,151000000,1
1294210920000,1294210979000,0.7531538316701186,0.7531765219814568,0.7531141269147926,0.7531538316701186,139000000,1
1294210980000,1294211039000,0.7531538316701186,0.7532956685499059,0.7531538316701186,0.7532616228268402,97000000,1
1294211040000,1294211099000,0.7532616228268402,0.7534318822235281,0.7532446011193215,0.7534091765237702,54000000,1
1294211100000,1294211159000,0.7534091765237702,0.7534602662728581,0.7533580937026797,0.7533694448420561,96000000,1
1294211160000,1294211219000,0.7533807963235017,0.7539488068760132,0.7533807963235017,0.7538465017753085,241000000,1
1294211220000,1294211279000,0.753835136255701,0.7539147020906054,0.7535000075350001,0.753704457408161,228000000,1
1294211280000,1294211339000,0.753704457408161,0.7537214999057847,0.7535624665606656,0.753693096171239,167000000,1
1294211340000,1294211399000,0.7536817352768272,0.7537101381550684,0.7535283967176303,0.753607897810769,183000000,1
1294211400000,1294211459000,0.753607897810769,0.7536476546484987,0.7535283967176303,0.7535681451673675,204000000,1
1294211460000,1294211519000,0.7535567880395466,0.7536874156812203,0.7535283967176303,0.7535454312540504,141000000,1
1294211520000,1294211579000,0.7535454312540504,0.7535454312540504,0.7534091765237702,0.7534829750521788,154000000,1
1294211580000,1294211639000,0.7534602662728581,0.7535000075350001,0.7533524182612626,0.7533524182612626,118000000,1
1294211640000,1294211699000,0.7533240423368112,0.7534659433393611,0.7533013431362948,0.7534091765237702,78000000,1
1294211700000,1294211759000,0.7534091765237702,0.753443235586631,0.7532956685499059,0.753318367408434,44000000,1
1294211760000,1294211819000,0.7533013431362948,0.7534035003126625,0.7532105600120513,0.7532502749363503,60000000,1
1294211820000,1294211879000,0.7532332537416863,0.753318367408434,0.7530517421852055,0.7532729710592525,99000000,1
1294211880000,1294211939000,0.753267296900305,0.753267296900305,0.7530517421852055,0.7531765219814568,63000000,1
1294211940000,1294211999000,0.7532275801810759,0.7533467429053571,0.7531141269147926,0.7532616228268402,125000000,1
1294212000000,1294212059000,0.7532616228268402,0.7534035003126625,0.7531651766548921,0.7532332537416863,151000000,1
1294212060000,1294212119000,0.753255948838856,0.7533637692296102,0.7532048867933054,0.7532502749363503,182000000,1
1294212120000,1294212179000,0.7532446011193215,0.7535795026375283,0.7532446011193215,0.7534205292025797,161000000,1
1294212180000,1294212239000,0.7534262056702856,0.7534659433393611,0.7533126925655571,0.753318367408434,162000000,1
1294212240000,1294212299000,0.753318367408434,0.7534716204914141,0.7531197987663898,0.7531197987663898,236000000,1
1294212300000,1294212359000,0.7531481593058986,0.753318367408434,0.7531311427258829,0.753318367408434,106000000,1
1294212360000,1294212419000,0.753318367408434,0.753488652460894,0.7532729710592525,0.7533070178081779,182000000,1
1294212420000,1294212479000,0.7533297173506901,0.7533864721925053,0.753267296900305,0.7533751205400192,153000000,1
1294212480000,1294212539000,0.7533751205400192,0.7534659433393611,0.7532956685499059,0.7533694448420561,153000000,1
1294212540000,1294212599000,0.7533694448420561,0.7533694448420561,0.7532729710592525,0.7532899940490091,72000000,1
1294212600000,1294212659000,0.7532843196336025,0.7532843196336025,0.7530914403626888,0.7532616228268402,112000000,1
1294212660000,1294212719000,0.7532332537416863,0.753267296900305,0.7531481593058986,0.7531821947729155,70000000,1
1294212720000,1294212779000,0.7531821947729155,0.753255948838856,0.7531424870271207,0.753255948838856,86000000,1
1294212780000,1294212839000,0.7532162333162604,0.753443235586631,0.7531595041197825,0.753392148147032,106000000,1
1294212840000,1294212899000,0.7533864721925053,0.7535283967176303,0.7533240423368112,0.7535283967176303,66000000,1
1294212900000,1294212959000,0.7535283967176303,0.7535283967176303,0.7534035003126625,0.7534205292025797,60000000,1
1294212960000,1294213019000,0.7534035003126625,0.7535908604500444,0.7533864721925053,0.7535624665606656,64000000,1
1294213020000,1294213079000,0.7535283967176303,0.7535340748108629,0.7532446011193215,0.7532446011193215,68000000,1
1294213080000,1294213139000,0.753267296900305,0.7533694448420561,0.7532446011193215,0.7533070178081779,80000000,1
1294213140000,1294213199000,0.7532843196336025,0.7533580937026797,0.7532502749363503,0.7532956685499059,67000000,1
1294213200000,1294213259000,0.7533070178081779,0.7533467429053571,0.7529836979029404,0.7529836979029404,64000000,1
1294213260000,1294213319000,0.7529950377627012,0.7530914403626888,0.7529723583847237,0.7529950377627012,47000000,1
1294213320000,1294213379000,0.7530233889064595,0.7531424870271207,0.7529893677901267,0.7530857689382243,80000000,1
1294213380000,1294213439000,0.7530460713586458,0.7530460713586458,0.7528419784687194,0.7528873228832573,128000000,1
1294213440000,1294213499000,0.7528759862675419,0.7530687551773476,0.7528759862675419,0.7529666887536896,72000000,1
1294213500000,1294213559000,0.7529666887536896,0.7529893677901267,0.7528703180877094,0.7528986598403855,37000000,1
1294213560000,1294213619000,0.7528759862675419,0.7531197987663898,0.7528759862675419,0.7530744263455558,72000000,1
1294213620000,1294213679000,0.7530404006174931,0.7530744263455558,0.7528079737420579,0.7530517421852055,83000000,1
1294213680000,1294213739000,0.7530347299617458,0.7531141269147926,0.752909997138942,0.7530007078206654,68000000,1
1294213740000,1294213799000,0.75297802810114,0.7533694448420561,0.7529553497477599,0.7532275801810759,96000000,1
1294213800000,1294213859000,0.7532502749363503,0.753318367408434,0.7528873228832573,0.7528873228832573,96000000,1
1294213860000,1294213919000,0.7529156659162607,0.7530857689382243,0.7528759862675419,0.752881654532724,94000000,1
1294213920000,1294213979000,0.7529270037269887,0.7531708492754496,0.7529270037269887,0.7529836979029404,123000000,1
1294213980000,1294214039000,0.7529836979029404,0.7530630840945547,0.7528476462218341,0.7530630840945547,86000000,1
1294214040000,1294214099000,0.7530517421852055,0.7532786453036843,0.7530063779640214,0.7532786453036843,68000000,1
1294214100000,1294214159000,0.7532389273877674,0.753392148147032,0.7532162333162604,0.7532786453036843,178000000,1
1294214160000,1294214219000,0.753255948838856,0.7537271809095979,0.7532219067059346,0.7536817352768272,165000000,1
1294214220000,1294214279000,0.7536817352768272,0.7536874156812203,0.7534035003126625,0.7534659433393611,177000000,1
1294214280000,1294214339000,0.7534716204914141,0.7536192564792416,0.753448912396495,0.7536022186049316,130000000,1
1294214340000,1294214399000,0.7535965394846907,0.7540056550424129,0.7535795026375283,0.7539374382713722,161000000,1
1294214400000,1294214459000,0.7539431225308363,0.75431847325941,0.7538067239559777,0.7543014037549124,278000000,1
1294214460000,1294214519000,0.7542900245144258,0.7543753771876887,0.754233133461553,0.7542957140917526,160000000,1
1294214520000,1294214579000,0.7543070935039073,0.7544209065121612,0.7542274448282624,0.754278645617264,250000000,1
1294214580000,1294214639000,0.7542558888528522,0.7543810680527161,0.7541307511896412,0.754272956297425,148000000,1
1294214640000,1294214699000,0.7542501998763029,0.7546201619414867,0.7542217562807816,0.7543696864085214,195000000,1
1294214700000,1294214759000,0.7543639957152125,0.7545005960554709,0.7542501998763029,0.754278645617264,219000000,1
1294214760000,1294214819000,0.7542672670634112,0.7543014037549124,0.7540511397482977,0.7541023166023166,174000000,1
1294214820000,1294214879000,0.7541023166023166,0.7541648755250873,0.7540170257044404,0.7540852568791429,159000000,1
1294214880000,1294214939000,0.7540397680573674,0.7540568257223864,0.7538521846636312,0.7538976508549199,178000000,1
1294214940000,1294214999000,0.7538919672810886,0.7541535004034722,0.7538806003905101,0.7541307511896412,107000000,1
1294215000000,1294215059000,0.7541307511896412,0.7542672670634112,0.7541136901799315,0.7541307511896412,128000000,1
1294215060000,1294215119000,0.7541307511896412,0.7541990029489182,0.7540568257223864,0.7540795704762767,116000000,1
1294215120000,1294215179000,0.7540852568791429,0.7541250641006304,0.7537783137979119,0.7538465017753085,133000000,1
1294215180000,1294215239000,0.7538578676376355,0.7539090182596765,0.7537271809095979,0.753829453624412,161000000,1
1294215240000,1294215299000,0.7538521846636312,0.7538806003905101,0.7537271809095979,0.7537271809095979,81000000,1
1294215300000,1294215359000,0.7536874156812203,0.7537328619990503,0.753607897810769,0.753704457408161,160000000,1
1294215360000,1294215419000,0.7536987767468853,0.7539033345144486,0.7536874156812203,0.7538862837929526,223000000,1
1294215420000,1294215479000,0.7538692338426977,0.7539260700095749,0.7538408189726657,0.7538635506973238,93000000,1
1294215480000,1294215539000,0.7538408189726657,0.7538635506973238,0.7536192564792416,0.7536306154901237,184000000,1
1294215540000,1294215599000,0.7536362951239732,0.7536987767468853,0.7535340748108629,0.7536646945773825,89000000,1
1294215600000,1294215659000,0.7536874156812203,0.7536987767468853,0.7534659433393611,0.753488652460894,157000000,1
1294215660000,1294215719000,0.7535283967176303,0.753704457408161,0.7535283967176303,0.7536874156812203,120000000,1
1294215720000,1294215779000,0.7536874156812203,0.7537442244348802,0.7534829750521788,0.7535170407878774,137000000,1
1294215780000,1294215839000,0.7535283967176303,0.7536646945773825,0.7534772977290194,0.7536306154901237,241000000,1
1294215840000,1294215899000,0.7536306154901237,0.753676054958058,0.7534148528204084,0.7534318822235281,127000000,1
1294215900000,1294215959000,0.7534205292025797,0.7535283967176303,0.7533240423368112,0.7533751205400192,93000000,1
1294215960000,1294216019000,0.7533751205400192,0.7537271809095979,0.7533751205400192,0.753715818987609,152000000,1
1294216020000,1294216079000,0.753676054958058,0.7537726320232765,0.7536022186049316,0.7537726320232765,92000000,1
1294216080000,1294216139000,0.7537726320232765,0.7537726320232765,0.7536476546484987,0.7537669503342956,105000000,1
1294216140000,1294216199000,0.7537669503342956,0.7540113403305585,0.7537669503342956,0.7537783137979119,97000000,1
1294216200000,1294216259000,0.7537839956582042,0.7538465017753085,0.7537101381550684,0.7537385431741438,101000000,1
1294216260000,1294216319000,0.7537214999057847,0.7538806003905101,0.7537214999057847,0.7538521846636312,76000000,1
1294216320000,1294216379000,0.7538521846636312,0.7540056550424129,0.753835136255701,0.7539658604258399,95000000,1
1294216380000,1294216439000,0.7539999698400012,0.754261577915221,0.7539772298876574,0.7540625117822268,170000000,1
1294216440000,1294216499000,0.7540625117822268,0.7544493651308593,0.7540625117822268,0.75439245004036,159000000,1
1294216500000,1294216559000,0.754386759003606,0.7545973845654651,0.7542558888528522,0.7544949033869276,342000000,1
1294216560000,1294216619000,0.7544835183075426,0.7548651056056283,0.7544721335717465,0.7547112851978476,251000000,1
1294216620000,1294216679000,0.7547112851978476,0.7547226771522805,0.7543070935039073,0.754415215046057,225000000,1
1294216680000,1294216739000,0.754415215046057,0.754415215046057,0.7541193770973945,0.7541478129713424,158000000,1
1294216740000,1294216799000,0.7541421256249954,0.754517674576527,0.7541080033482395,0.7545062888099172,259000000,1
1294216800000,1294216859000,0.7544778258966969,0.7546030787805614,0.7544607491795239,0.7545632210794782,151000000,1
1294216860000,1294216919000,0.7545689147789867,0.754585996393079,0.754278645617264,0.754278645617264,103000000,1
1294216920000,1294216979000,0.7542274448282624,0.7548366156145503,0.7542274448282624,0.7547739452034116,294000000,1
1294216980000,1294217039000,0.7547283732584642,0.7547967332397386,0.7540966299421608,0.7543981411629801,277000000,1
1294217040000,1294217099000,0.754415215046057,0.7546486355952668,0.7543469241504168,0.7545290606867724,244000000,1
1294217100000,1294217159000,0.7544778258966969,0.7549619876639211,0.7544778258966969,0.7548992964338557,234000000,1
1294217160000,1294217219000,0.7548309178743962,0.7549334903594994,0.7545632210794782,0.7547568550791363,214000000,1
1294217220000,1294217279000,0.754699893587315,0.7547910361016552,0.7545233675886942,0.7546771113978884,227000000,1
1294217280000,1294217339000,0.7546828068162952,0.7547511585430283,0.7546144674685703,0.7546600256584409,91000000,1
1294217340000,1294217399000,0.7546771113978884,0.7548992964338557,0.7546486355952668,0.7548765022042394,113000000,1
1294217400000,1294217459000,0.7548822006325913,0.7548992964338557,0.7547226771522805,0.7548765022042394,191000000,1
1294217460000,1294217519000,0.7548309178743962,0.7548309178743962,0.7545916904363049,0.7546771113978884,94000000,1
1294217520000,1294217579000,0.754699893587315,0.7547397657287768,0.754517674576527,0.7546087730815958,127000000,1
1294217580000,1294217639000,0.7546258565003472,0.7546315511451533,0.7544322897019993,0.7544949033869276,141000000,1
1294217640000,1294217699000,0.7545233675886942,0.7546885023206671,0.7545233675886942,0.7546258565003472,62000000,1
1294217700000,1294217759000,0.7546714160654451,0.7546941979110064,0.7542388221806553,0.7544265980641414,128000000,1
1294217760000,1294217819000,0.7544265980641414,0.7544436732353562,0.7541762509898563,0.7542558888528522,154000000,1
1294217820000,1294217879000,0.7542900245144258,0.7543639957152125,0.754261577915221,0.7543639957152125,102000000,1
1294217880000,1294217939000,0.754386759003606,0.7544322897019993,0.7542672670634112,0.754386759003606,67000000,1
1294217940000,1294217999000,0.754386759003606,0.7544550571122478,0.7542558888528522,0.7544265980641414,90000000,1
1294218000000,1294218059000,0.75439245004036,0.754415215046057,0.7540909433677702,0.7541876267977947,74000000,1
1294218060000,1294218119000,0.7541876267977947,0.7543469241504168,0.7540511397482977,0.7543241632659219,112000000,1
1294218120000,1294218179000,0.7543298533582765,0.7543469241504168,0.7540056550424129,0.7540511397482977,95000000,1
1294218180000,1294218239000,0.7540511397482977,0.7541307511896412,0.7538180886188545,0.7538180886188545,131000000,1
1294218240000,1294218299000,0.7538692338426977,0.7541023166023166,0.7537101381550684,0.7537328619990503,120000000,1
1294218300000,1294218359000,0.7537328619990503,0.7537896776041549,0.7534659433393611,0.7535851815009911,120000000,1
1294218360000,1294218419000,0.753607897810769,0.7538521846636312,0.753607897810769,0.7538521846636312,101000000,1
1294218420000,1294218479000,0.7538521846636312,0.7538806003905101,0.7538180886188545,0.753835136255701,39000000,1
1294218480000,1294218539000,0.7538578676376355,0.7539431225308363,0.7537896776041549,0.7539317540976191,75000000,1
1294218540000,1294218599000,0.7539317540976191,0.7539317540976191,0.7537726320232765,0.7537726320232765,59000000,1
1294218600000,1294218659000,0.7538067239559777,0.75402839670942,0.7538067239559777,0.753960175823513,82000000,1
1294218660000,1294218719000,0.753960175823513,0.753960175823513,0.7538237710787972,0.7538237710787972,88000000,1
1294218720000,1294218779000,0.7538408189726657,0.7540170257044404,0.7537328619990503,0.7539431225308363,121000000,1
1294218780000,1294218839000,0.7539942847233218,0.754272956297425,0.7539374382713722,0.7540795704762767,108000000,1
1294218840000,1294218899000,0.7541250641006304,0.7542672670634112,0.7541023166023166,0.7541933148304574,50000000,1
1294218900000,1294218959000,0.7541762509898563,0.7541762509898563,0.7539147020906054,0.7539374382713722,104000000,1
1294218960000,1294219019000,0.7539317540976191,0.7539317540976191,0.753267296900305,0.7534545892919033,195000000,1
1294219020000,1294219079000,0.7535511096040088,0.7535511096040088,0.7529383418791835,0.7530290593914019,151000000,1
1294219080000,1294219139000,0.7530290593914019,0.7531935406121957,0.7529440110833359,0.7530630840945547,141000000,1
1294219140000,1294219199000,0.7530404006174931,0.7532048867933054,0.7528079737420579,0.7528249757213945,141000000,1
1294219200000,1294219259000,0.7528419784687194,0.7530630840945547,0.7528363108009425,0.753012048192771,186000000,1
1294219260000,1294219319000,0.7530460713586458,0.753097111872576,0.7528306432185016,0.7528363108009425,105000000,1
1294219320000,1294219379000,0.7528363108009425,0.7529723583847237,0.7527626388847068,0.7528419784687194,147000000,1
1294219380000,1294219439000,0.7528589819840845,0.7530460713586458,0.7528589819840845,0.7529553497477599,124000000,1
1294219440000,1294219499000,0.7529723583847237,0.7533013431362948,0.7529723583847237,0.7531708492754496,166000000,1
1294219500000,1294219559000,0.7531878676498279,0.753255948838856,0.7530630840945547,0.753255948838856,70000000,1
1294219560000,1294219619000,0.7532616228268402,0.7533751205400192,0.7532048867933054,0.7532843196336025,115000000,1
1294219620000,1294219679000,0.7532729710592525,0.7532729710592525,0.753097111872576,0.753097111872576,93000000,1
1294219680000,1294219739000,0.7531254707034192,0.7534375588623092,0.7531254707034192,0.7534148528204084,66000000,1
1294219740000,1294219799000,0.753392148147032,0.7534262056702856,0.7533070178081779,0.7533467429053571,85000000,1
1294219800000,1294219859000,0.7533637692296102,0.753443235586631,0.7533580937026797,0.7533694448420561,58000000,1
1294219860000,1294219919000,0.7533751205400192,0.753715818987609,0.7533751205400192,0.753715818987609,54000000,1
1294219920000,1294219979000,0.753715818987609,0.7537442244348802,0.7535567880395466,0.7536192564792416,75000000,1
1294219980000,1294220039000,0.7535908604500444,0.7539203860072377,0.7535795026375283,0.7538237710787972,85000000,1
1294220040000,1294220099000,0.753829453624412,0.7540795704762767,0.7538010417530396,0.7539431225308363,102000000,1
1294220100000,1294220159000,0.7539544913069047,0.7541136901799315,0.7538180886188545,0.7539260700095749,125000000,1
1294220160000,1294220219000,0.7539431225308363,0.7542103794432419,0.7538408189726657,0.7541705632145765,146000000,1
1294220220000,1294220279000,0.7541535004034722,0.7542957140917526,0.7540966299421608,0.7541762509898563,158000000,1
1294220280000,1294220339000,0.7541933148304574,0.754278645617264,0.7541250641006304,0.7542388221806553,98000000,1
1294220340000,1294220399000,0.754261577915221,0.754261577915221,0.7540511397482977,0.7541364383644289,96000000,1
1294220400000,1294220459000,0.7541535004034722,0.7541705632145765,0.7539715451138873,0.7541080033482395,93000000,1
1294220460000,1294220519000,0.7541080033482395,0.7544778258966969,0.7540852568791429,0.7544607491795239,91000000,1
1294220520000,1294220579000,0.7544607491795239,0.7545347538707633,0.754341233800522,0.7544778258966969,92000000,1
1294220580000,1294220639000,0.7544892108042855,0.7546258565003472,0.7544892108042855,0.754540447140669,58000000,1
1294220640000,1294220699000,0.754540447140669,0.7545916904363049,0.7544095236658268,0.7544095236658268,102000000,1
1294220700000,1294220759000,0.7544038323714685,0.7544095236658268,0.7541819388509284,0.75431847325941,119000000,1
1294220760000,1294220819000,0.7543127833387393,0.7544436732353562,0.7541421256249954,0.7542843350229302,140000000,1
1294220820000,1294220879000,0.7543014037549124,0.754415215046057,0.7542388221806553,0.7543469241504168,127000000,1
1294220880000,1294220939000,0.7543469241504168,0.754415215046057,0.7542957140917526,0.7543696864085214,89000000,1
1294220940000,1294220999000,0.7543639957152125,0.7545290606867724,0.7542957140917526,0.7543014037549124,121000000,1
1294221000000,1294221059000,0.754272956297425,0.7544778258966969,0.754272956297425,0.7543981411629801,116000000,1
1294221060000,1294221119000,0.754386759003606,0.754386759003606,0.7542501998763029,0.7543298533582765,51000000,1
1294221120000,1294221179000,0.7543298533582765,0.7544493651308593,0.7541990029489182,0.754272956297425,115000000,1
1294221180000,1294221239000,0.754272956297425,0.7542843350229302,0.7541762509898563,0.7542217562807816,93000000,1
1294221240000,1294221299000,0.7542217562807816,0.7545062888099172,0.7542217562807816,0.754415215046057,74000000,1
1294221300000,1294221359000,0.7544095236658268,0.7544265980641414,0.7540681979278205,0.7542388221806553,209000000,1
1294221360000,1294221419000,0.7542388221806553,0.754278645617264,0.7541080033482395,0.754278645617264,80000000,1
1294221420000,1294221479000,0.7542900245144258,0.754341233800522,0.7541762509898563,0.7541762509898563,98000000,1
1294221480000,1294221539000,0.7541535004034722,0.7542558888528522,0.7540966299421608,0.7542103794432419,56000000,1
1294221540000,1294221599000,0.7542217562807816,0.7542672670634112,0.7541933148304574,0.7542672670634112,32000000,1
1294221600000,1294221659000,0.7542558888528522,0.7543070935039073,0.7541990029489182,0.7542957140917526,72000000,1
1294221660000,1294221719000,0.75431847325941,0.7548081277739198,0.7542900245144258,0.7546771113978884,151000000,1
1294221720000,1294221779000,0.7546543305838761,0.7548878991469766,0.7546201619414867,0.7547283732584642,155000000,1
1294221780000,1294221839000,0.7547397657287768,0.7549277911567759,0.7546657208189632,0.7548935977473975,121000000,1
1294221840000,1294221899000,0.7548935977473975,0.7548935977473975,0.7546030787805614,0.7546087730815958,98000000,1
1294221900000,1294221959000,0.7546087730815958,0.7547397657287768,0.7545119816502686,0.7546486355952668,114000000,1
1294221960000,1294222019000,0.7546486355952668,0.7546600256584409,0.7544835183075426,0.7546030787805614,106000000,1
1294222020000,1294222079000,0.7546030787805614,0.7546429406926113,0.7545005960554709,0.7545233675886942,161000000,1
1294222080000,1294222139000,0.754540447140669,0.754585996393079,0.7543298533582765,0.75435830510776,88000000,1
1294222140000,1294222199000,0.7543355435364759,0.7544721335717465,0.75431847325941,0.754415215046057,89000000,1
1294222200000,1294222259000,0.7543981411629801,0.7545746085644218,0.754386759003606,0.754540447140669,99000000,1
1294222260000,1294222319000,0.754540447140669,0.7546030787805614,0.7544664413326896,0.7545689147789867,112000000,1
1294222320000,1294222379000,0.7545803024357852,0.754699893587315,0.7544550571122478,0.7546486355952668,148000000,1
1294222380000,1294222439000,0.7546486355952668,0.7546657208189632,0.7544721335717465,0.7545290606867724,171000000,1
1294222440000,1294222499000,0.7544949033869276,0.7546315511451533,0.7544892108042855,0.754585996393079,131000000,1
1294222500000,1294222559000,0.7545973845654651,0.7545973845654651,0.7543810680527161,0.7544095236658268,87000000,1
1294222560000,1294222619000,0.754386759003606,0.7544778258966969,0.754386759003606,0.7544664413326896,49000000,1
1294222620000,1294222679000,0.7544778258966969,0.7545290606867724,0.7544607491795239,0.7544835183075426,84000000,1
1294222680000,1294222739000,0.7544721335717465,0.7545005960554709,0.7542388221806553,0.7542900245144258,83000000,1
1294222740000,1294222799000,0.7543014037549124,0.7544038323714685,0.7542558888528522,0.7544038323714685,71000000,1
1294222800000,1294222859000,0.75439245004036,0.7544892108042855,0.7542445109855712,0.7544892108042855,111000000,1
1294222860000,1294222919000,0.7544892108042855,0.7546429406926113,0.7543355435364759,0.7546372458759074,174000000,1
1294222920000,1294222979000,0.7546372458759074,0.7547625517012347,0.7545461404964914,0.7547055893495946,138000000,1
1294222980000,1294223039000,0.7546885023206671,0.7547796420834938,0.7546087730815958,0.7547454620929092,105000000,1
1294223040000,1294223099000,0.7547397657287768,0.7548138251700218,0.7546657208189632,0.754802430463826,116000000,1
1294223100000,1294223159000,0.754802430463826,0.7550189887275665,0.7547625517012347,0.754825220220258,167000000,1
1294223160000,1294223219000,0.7548423134407222,0.7549049952063532,0.7547910361016552,0.754825220220258,160000000,1
1294223220000,1294223279000,0.754825220220258,0.7548309178743962,0.7546600256584409,0.7548138251700218,193000000,1
1294223280000,1294223339000,0.7548480113529141,0.7548878991469766,0.7546657208189632,0.7546657208189632,86000000,1
1294223340000,1294223399000,0.7547112851978476,0.7547682484093259,0.7545803024357852,0.7546030787805614,121000000,1
1294223400000,1294223459000,0.7546258565003472,0.7546258565003472,0.7544835183075426,0.7545119816502686,93000000,1
1294223460000,1294223519000,0.7544949033869276,0.7545347538707633,0.7544379814257368,0.7545347538707633,48000000,1
1294223520000,1294223579000,0.7545347538707633,0.7548708038619191,0.7545347538707633,0.7546714160654451,178000000,1
1294223580000,1294223639000,0.7546657208189632,0.7548480113529141,0.7546201619414867,0.7547112851978476,118000000,1
1294223640000,1294223699000,0.7547568550791363,0.7550360907251367,0.7547568550791363,0.7550303899731965,130000000,1
1294223700000,1294223759000,0.7550588945937783,0.7550702970446549,0.7549277911567759,0.7549847870565408,89000000,1
1294223760000,1294223819000,0.7549790870792878,0.7550759983992389,0.7549049952063532,0.7549961872692542,70000000,1
1294223820000,1294223879000,0.7549505884839838,0.7551444213705871,0.7547967332397386,0.7549904871198624,135000000,1
1294223880000,1294223939000,0.7549904871198624,0.7550702970446549,0.7548878991469766,0.7549220920401014,105000000,1
1294223940000,1294223999000,0.7549505884839838,0.7551900435744655,0.7549277911567759,0.7549277911567759,127000000,1
1294224000000,1294224059000,0.7549391896482738,0.7549505884839838,0.7548366156145503,0.7548594074353651,111000000,1
1294224060000,1294224119000,0.7548878991469766,0.7550645957761687,0.7548765022042394,0.7550645957761687,93000000,1
1294224120000,1294224179000,0.7550874013667083,0.7551729346020238,0.7549049952063532,0.7549391896482738,148000000,1
1294224180000,1294224239000,0.7549163930094741,0.7549619876639211,0.7547796420834938,0.7547796420834938,141000000,1
1294224240000,1294224299000,0.7547796420834938,0.7549733871881017,0.7547796420834938,0.7549334903594994,79000000,1
1294224300000,1294224359000,0.7549277911567759,0.7549277911567759,0.7547169811320755,0.7547625517012347,145000000,1
1294224360000,1294224419000,0.7547625517012347,0.7547682484093259,0.7546258565003472,0.7546315511451533,205000000,1
1294224420000,1294224479000,0.7546315511451533,0.7546315511451533,0.7543070935039073,0.7543526145861622,179000000,1
1294224480000,1294224539000,0.754341233800522,0.7543696864085214,0.7541762509898563,0.754278645617264,139000000,1
1294224540000,1294224599000,0.754278645617264,0.7544721335717465,0.754278645617264,0.754415215046057,179000000,1
1294224600000,1294224659000,0.7543753771876887,0.7550018875047187,0.7543753771876887,0.7550018875047187,295000000,1
1294224660000,1294224719000,0.7550075878262577,0.7551444213705871,0.7549334903594994,0.7550018875047187,175000000,1
1294224720000,1294224779000,0.7550246893073403,0.7550988046785921,0.754956288030923,0.7550816998399227,135000000,1
1294224780000,1294224839000,0.7550816998399227,0.7552698956972274,0.7548935977473975,0.7549904871198624,197000000,1
1294224840000,1294224899000,0.7549904871198624,0.7553440592189742,0.7549904871198624,0.7553041232052086,194000000,1
1294224900000,1294224959000,0.7553041232052086,0.7553155330639375,0.7550988046785921,0.7551501238446202,161000000,1
1294224960000,1294225019000,0.7551216123356667,0.7554182373070851,0.7550588945937783,0.7553098280914831,178000000,1
1294225020000,1294225079000,0.7553155330639375,0.7553155330639375,0.7549163930094741,0.755041791563163,191000000,1
1294225080000,1294225139000,0.7549904871198624,0.7550246893073403,0.7547853390495742,0.7547853390495742,107000000,1
1294225140000,1294225199000,0.754802430463826,0.755201449986784,0.754802430463826,0.7551672317834784,129000000,1
1294225200000,1294225259000,0.7551273144652189,0.7555495111594663,0.7551273144652189,0.7554867223208552,107000000,1
1294225260000,1294225319000,0.7554867223208552,0.7556522790472735,0.755481014762099,0.7556408590125285,116000000,1
1294225320000,1294225379000,0.7556465689867535,0.7556465689867535,0.7553554702843158,0.7553554702843158,116000000,1
1294225380000,1294225439000,0.7553269432673932,0.7553269432673932,0.75496768738298,0.7550189887275665,124000000,1
1294225440000,1294225499000,0.7550189887275665,0.7550303899731965,0.7548765022042394,0.7550246893073403,93000000,1
1294225500000,1294225559000,0.7550474924872775,0.755161529051064,0.7549790870792878,0.7550360907251367,106000000,1
1294225560000,1294225619000,0.7550132882338728,0.755161529051064,0.7549904871198624,0.755161529051064,67000000,1
1294225620000,1294225679000,0.7551672317834784,0.7552470790819216,0.7550874013667083,0.7552470790819216,60000000,1
1294225680000,1294225739000,0.7552470790819216,0.7552470790819216,0.7549733871881017,0.7551273144652189,134000000,1
1294225740000,1294225799000,0.7551102083349064,0.7553554702843158,0.7550759983992389,0.7552813045218693,133000000,1
1294225800000,1294225859000,0.7553611759462786,0.7556979626382927,0.7553554702843158,0.7554353573964676,242000000,1
1294225860000,1294225919000,0.7554239439173264,0.755481014762099,0.7552413751434959,0.7553440592189742,138000000,1
1294225920000,1294225979000,0.7553554702843158,0.755520969484508,0.7552756000664642,0.7553611759462786,218000000,1
1294225980000,1294226039000,0.755366881694439,0.7558121957855912,0.755366881694439,0.7556579891940908,199000000,1
1294226040000,1294226099000,0.7556751201523441,0.7558350465594389,0.7556294393229561,0.7558064833080138,169000000,1
1294226100000,1294226159000,0.7557836342611838,0.7558521855465945,0.7557093843991354,0.7557722102558289,116000000,1
1294226160000,1294226219000,0.7557722102558289,0.7557722102558289,0.7555323858957215,0.7556808306443691,148000000,1
1294226220000,1294226279000,0.7556979626382927,0.755943606606947,0.7556694097466241,0.7558521855465945,121000000,1
1294226280000,1294226339000,0.7558179083495205,0.7558693253110402,0.7555894731274604,0.7555951823251175,117000000,1
1294226340000,1294226399000,0.7555266776469878,0.7556751201523441,0.7554695999032999,0.7556522790472735,110000000,1
1294226400000,1294226459000,0.7557093843991354,0.7557093843991354,0.7553383538155918,0.755481014762099,142000000,1
1294226460000,1294226519000,0.755509553418303,0.7555780549909709,0.7551786375067022,0.7553497647085483,176000000,1
1294226520000,1294226579000,0.7553782934493595,0.7554239439173264,0.7551387189826771,0.7551843404975155,107000000,1
1294226580000,1294226639000,0.7551957467375544,0.7552756000664642,0.7551387189826771,0.7551672317834784,120000000,1
1294226640000,1294226699000,0.7551672317834784,0.7553383538155918,0.7551330166808883,0.7552356712912265,157000000,1
1294226700000,1294226759000,0.7552356712912265,0.7555666371995678,0.7552356712912265,0.7555038455145736,168000000,1
1294226760000,1294226819000,0.7554753072895813,0.7554753072895813,0.7552185602513367,0.7552984184051119,98000000,1
1294226820000,1294226879000,0.7553212381225736,0.7554353573964676,0.7553212381225736,0.7554353573964676,75000000,1
1294226880000,1294226939000,0.7554239439173264,0.755463892603253,0.755287009063444,0.755287009063444,67000000,1
1294226940000,1294226999000,0.7553155330639375,0.7554353573964676,0.7553155330639375,0.7553269432673932,66000000,1
1294227000000,1294227059000,0.7553212381225736,0.7554410642653713,0.755287009063444,0.755287009063444,87000000,1
1294227060000,1294227119000,0.755287009063444,0.755287009063444,0.7551558264047786,0.7551558264047786,80000000,1
1294227120000,1294227179000,0.7551729346020238,0.7553725875287985,0.7551729346020238,0.755292713691191,101000000,1
1294227180000,1294227239000,0.7552698956972274,0.7553554702843158,0.755161529051064,0.7553383538155918,146000000,1
1294227240000,1294227299000,0.7553383538155918,0.7553782934493595,0.7550702970446549,0.7550931029795973,154000000,1
1294227300000,1294227359000,0.7550931029795973,0.7552641914141566,0.7550645957761687,0.7552527831065058,122000000,1
1294227360000,1294227419000,0.7552698956972274,0.7552698956972274,0.755041791563163,0.755041791563163,140000000,1
1294227420000,1294227479000,0.755041791563163,0.7551159102922298,0.755041791563163,0.7550588945937783,120000000,1
1294227480000,1294227539000,0.7550588945937783,0.7551444213705871,0.75496768738298,0.7549961872692542,128000000,1
1294227540000,1294227599000,0.7550075878262577,0.7550988046785921,0.7546543305838761,0.7547625517012347,238000000,1
1294227600000,1294227659000,0.7547796420834938,0.7548765022042394,0.7546714160654451,0.7547397657287768,204000000,1
1294227660000,1294227719000,0.7547226771522805,0.7547454620929092,0.7547055893495946,0.754734069450629,33000000,1
1294227720000,1294227779000,0.7547397657287768,0.7549106940648922,0.7547397657287768,0.7548594074353651,138000000,1
1294227780000,1294227839000,0.7548651056056283,0.7551330166808883,0.7548309178743962,0.7550816998399227,94000000,1
1294227840000,1294227899000,0.7550702970446549,0.7550702970446549,0.7548480113529141,0.7549277911567759,186000000,1
1294227900000,1294227959000,0.7549277911567759,0.7551330166808883,0.7549277911567759,0.754956288030923,145000000,1
1294227960000,1294228019000,0.754956288030923,0.7550816998399227,0.7549505884839838,0.7550816998399227,47000000,1
1294228020000,1294228079000,0.7551045064636946,0.7551444213705871,0.7549733871881017,0.7550531934974819,91000000,1
1294228080000,1294228139000,0.7550645957761687,0.7551672317834784,0.7549847870565408,0.7550360907251367,72000000,1
1294228140000,1294228199000,0.755041791563163,0.755041791563163,0.754802430463826,0.7548423134407222,61000000,1
1294228200000,1294228259000,0.7548366156145503,0.7549961872692542,0.7547625517012347,0.7549790870792878,107000000,1
1294228260000,1294228319000,0.7549790870792878,0.7549790870792878,0.7547682484093259,0.7548935977473975,179000000,1
1294228320000,1294228379000,0.7548992964338557,0.7550702970446549,0.7548992964338557,0.7549334903594994,91000000,1
1294228380000,1294228439000,0.7549334903594994,0.7549334903594994,0.7546941979110064,0.7548935977473975,42000000,1
1294228440000,1294228499000,0.7549277911567759,0.7550246893073403,0.7548651056056283,0.7548992964338557,101000000,1
1294228500000,1294228559000,0.7548935977473975,0.7548935977473975,0.7545746085644218,0.7546201619414867,119000000,1
1294228560000,1294228619000,0.7546315511451533,0.7546600256584409,0.75435830510776,0.7545233675886942,177000000,1
1294228620000,1294228679000,0.7544778258966969,0.7548081277739198,0.7544664413326896,0.754802430463826,145000000,1
1294228680000,1294228739000,0.7547967332397386,0.7548878991469766,0.7546201619414867,0.7546201619414867,79000000,1
1294228740000,1294228799000,0.7546201619414867,0.7546543305838761,0.7541933148304574,0.7544095236658268,114000000,1
1294228800000,1294228859000,0.7544721335717465,0.7549106940648922,0.7544550571122478,0.7548423134407222,134000000,1
1294228860000,1294228919000,0.7548594074353651,0.7548822006325913,0.7547226771522805,0.7548537093511278,79000000,1
1294228920000,1294228979000,0.7548423134407222,0.75496768738298,0.7547739452034116,0.7547739452034116,56000000,1
1294228980000,1294229039000,0.7547739452034116,0.7548138251700218,0.7547283732584642,0.7547568550791363,26000000,1
1294229040000,1294229099000,0.754734069450629,0.7548765022042394,0.754734069450629,0.7548309178743962,61000000,1
1294229100000,1294229159000,0.7548309178743962,0.7549391896482738,0.754825220220258,0.7549049952063532,88000000,1
1294229160000,1294229219000,0.7548878991469766,0.7551444213705871,0.7548878991469766,0.7551444213705871,89000000,1
1294229220000,1294229279000,0.7551216123356667,0.7552698956972274,0.7550816998399227,0.7551957467375544,115000000,1
1294229280000,1294229339000,0.7551729346020238,0.7552698956972274,0.7550531934974819,0.755161529051064,34000000,1
1294229340000,1294229399000,0.7551786375067022,0.7551786375067022,0.7549904871198624,0.7550189887275665,47000000,1
1294229400000,1294229459000,0.7550132882338728,0.755041791563163,0.7548195226521338,0.7549106940648922,56000000,1
1294229460000,1294229519000,0.7548878991469766,0.7549904871198624,0.7547910361016552,0.7549448890231013,81000000,1
1294229520000,1294229579000,0.7549277911567759,0.7549277911567759,0.7547568550791363,0.7548138251700218,88000000,1
1294229580000,1294229639000,0.7547967332397386,0.7549733871881017,0.7546543305838761,0.7547055893495946,113000000,1
1294229640000,1294229699000,0.7547226771522805,0.7548480113529141,0.7547055893495946,0.7548138251700218,53000000,1
1294229700000,1294229759000,0.7547967332397386,0.7550303899731965,0.7547853390495742,0.7549847870565408,80000000,1
1294229760000,1294229819000,0.7549847870565408,0.7553041232052086,0.7549049952063532,0.7552128567436732,154000000,1
1294229820000,1294229879000,0.7552128567436732,0.7553326484983987,0.7551045064636946,0.7552242638451488,98000000,1
1294229880000,1294229939000,0.7552356712912265,0.7552356712912265,0.7549847870565408,0.7551387189826771,100000000,1
1294229940000,1294229999000,0.7551387189826771,0.7552242638451488,0.7550132882338728,0.7551387189826771,77000000,1
1294230000000,1294230059000,0.7551558264047786,0.7552756000664642,0.7551045064636946,0.7551216123356667,89000000,1
1294230060000,1294230119000,0.7551045064636946,0.7552527831065058,0.7550588945937783,0.7552527831065058,46000000,1
1294230120000,1294230179000,0.7552756000664642,0.7553440592189742,0.7551672317834784,0.7553155330639375,51000000,1
1294230180000,1294230239000,0.7553098280914831,0.755520969484508,0.7551957467375544,0.7552071533221563,187000000,1
1294230240000,1294230299000,0.7551501238446202,0.755161529051064,0.7549733871881017,0.7549961872692542,154000000,1
1294230300000,1294230359000,0.7549904871198624,0.7550018875047187,0.7547910361016552,0.7549277911567759,158000000,1
1294230360000,1294230419000,0.7549277911567759,0.7552356712912265,0.7549277911567759,0.7552185602513367,163000000,1
1294230420000,1294230479000,0.7552185602513367,0.7552185602513367,0.7550702970446549,0.7550816998399227,74000000,1
1294230480000,1294230539000,0.7550531934974819,0.7550531934974819,0.7548878991469766,0.7548878991469766,118000000,1
1294230540000,1294230599000,0.7548878991469766,0.7550531934974819,0.7548708038619191,0.7549847870565408,100000000,1
1294230600000,1294230659000,0.7549847870565408,0.7550075878262577,0.7545803024357852,0.7546372458759074,130000000,1
1294230660000,1294230719000,0.7546486355952668,0.754734069450629,0.7545803024357852,0.7545973845654651,189000000,1
1294230720000,1294230779000,0.7545803024357852,0.7546486355952668,0.7544778258966969,0.7544949033869276,126000000,1
1294230780000,1294230839000,0.7545347538707633,0.754540447140669,0.7543810680527161,0.7544550571122478,223000000,1
1294230840000,1294230899000,0.7544721335717465,0.7545689147789867,0.7544038323714685,0.7544949033869276,84000000,1
1294230900000,1294230959000,0.7545119816502686,0.7545518339382323,0.7544664413326896,0.7545347538707633,68000000,1
1294230960000,1294231019000,0.7545518339382323,0.7546486355952668,0.7545062888099172,0.7545803024357852,123000000,1
1294231020000,1294231079000,0.7546087730815958,0.7547112851978476,0.7545347538707633,0.7545689147789867,195000000,1
1294231080000,1294231139000,0.7545632210794782,0.7546030787805614,0.7544607491795239,0.7545005960554709,106000000,1
1294231140000,1294231199000,0.7545119816502686,0.7547055893495946,0.7544436732353562,0.7545746085644218,119000000,1
1294231200000,1294231259000,0.7546315511451533,0.7547397657287768,0.754585996393079,0.7547283732584642,61000000,1
1294231260000,1294231319000,0.7547283732584642,0.7547625517012347,0.754699893587315,0.754699893587315,89000000,1
1294231320000,1294231379000,0.754699893587315,0.7547625517012347,0.754540447140669,0.7546657208189632,110000000,1
1294231380000,1294231439000,0.7546657208189632,0.7546657208189632,0.7545233675886942,0.7546144674685703,65000000,1
1294231440000,1294231499000,0.7545973845654651,0.7545973845654651,0.7543639957152125,0.7544778258966969,86000000,1
1294231500000,1294231559000,0.7544721335717465,0.7545347538707633,0.75439245004036,0.7544778258966969,126000000,1
1294231560000,1294231619000,0.7544778258966969,0.7547283732584642,0.7544778258966969,0.7545746085644218,144000000,1
1294231620000,1294231679000,0.7545689147789867,0.7549904871198624,0.7545347538707633,0.7549904871198624,103000000,1
1294231680000,1294231739000,0.7549790870792878,0.7551045064636946,0.7548708038619191,0.7549391896482738,155000000,1
1294231740000,1294231799000,0.7549220920401014,0.7550988046785921,0.7548594074353651,0.7550988046785921,76000000,1
1294231800000,1294231859000,0.7551159102922298,0.7552641914141566,0.7549163930094741,0.7551387189826771,132000000,1
1294231860000,1294231919000,0.7551387189826771,0.7552584872172501,0.7549334903594994,0.7550246893073403,176000000,1
1294231920000,1294231979000,0.7549733871881017,0.7550531934974819,0.7548195226521338,0.7550018875047187,151000000,1
1294231980000,1294232039000,0.7550246893073403,0.7551045064636946,0.7548935977473975,0.7548935977473975,92000000,1
1294232040000,1294232099000,0.7548878991469766,0.755201449986784,0.7548765022042394,0.7549334903594994,89000000,1
1294232100000,1294232159000,0.7548822006325913,0.7550075878262577,0.7548537093511278,0.7550075878262577,78000000,1
1294232160000,1294232219000,0.7549961872692542,0.7550189887275665,0.7548594074353651,0.7549220920401014,75000000,1
1294232220000,1294232279000,0.7548878991469766,0.7550075878262577,0.7548480113529141,0.7549904871198624,101000000,1
1294232280000,1294232339000,0.7549961872692542,0.7551102083349064,0.75496768738298,0.7549847870565408,112000000,1
1294232340000,1294232399000,0.7550132882338728,0.7553839994561234,0.7550132882338728,0.7552527831065058,137000000,1
1294232400000,1294232459000,0.7552527831065058,0.7552756000664642,0.7551102083349064,0.7551900435744655,199000000,1
1294232460000,1294232519000,0.7551900435744655,0.7553269432673932,0.7549961872692542,0.7551843404975155,173000000,1
1294232520000,1294232579000,0.7551900435744655,0.7553554702843158,0.7551330166808883,0.7553212381225736,116000000,1
1294232580000,1294232639000,0.755292713691191,0.7552984184051119,0.7550588945937783,0.7550702970446549,125000000,1
1294232640000,1294232699000,0.7550702970446549,0.7552299675251114,0.7549790870792878,0.7552299675251114,70000000,1
1294232700000,1294232759000,0.7552242638451488,0.7552813045218693,0.7551387189826771,0.755161529051064,91000000,1
1294232760000,1294232819000,0.7551672317834784,0.7554125307830607,0.755161529051064,0.7554125307830607,63000000,1
1294232820000,1294232879000,0.7553897055490928,0.7553954117282692,0.755287009063444,0.7553440592189742,74000000,1
1294232880000,1294232939000,0.755366881694439,0.7553897055490928,0.7552641914141566,0.7553897055490928,50000000,1
1294232940000,1294232999000,0.755366881694439,0.7556408590125285,0.7553326484983987,0.7556408590125285,53000000,1
1294233000000,1294233059000,0.7556751201523441,0.7558236209998035,0.7555780549909709,0.7558236209998035,99000000,1
1294233060000,1294233119000,0.7558236209998035,0.7559836102753292,0.7557779222153362,0.7559036071720133,76000000,1
1294233120000,1294233179000,0.7559036071720133,0.755989325430725,0.7557208065052448,0.7559093211178387,59000000,1
1294233180000,1294233239000,0.7559264634736332,0.755955035794471,0.7558179083495205,0.7558864658528288,79000000,1
1294233240000,1294233299000,0.7558750387385957,0.7561436672967864,0.7557664983826597,0.7558407594687951,210000000,1
1294233300000,1294233359000,0.7558407594687951,0.7579777154551657,0.7558407594687951,0.7578743141237457,268000000,1
1294233360000,1294233419000,0.7578858017673896,0.7588692847656991,0.7578685704325155,0.7587771547374252,479000000,1
1294233420000,1294233479000,0.7587771547374252,0.7588289751255862,0.7582938388625592,0.758552681483729,300000000,1
1294233480000,1294233539000,0.7585469275056701,0.759036327478633,0.7585008988235651,0.7590017608840852,261000000,1
1294233540000,1294233599000,0.7589787182367406,0.7593418025255708,0.7589787182367406,0.7593418025255708,284000000,1
1294233600000,1294233659000,0.7594225351043068,0.7609886764884939,0.7594225351043068,0.7609076105979212,259000000,1
1294233660000,1294233719000,0.7609018208380572,0.761307316924623,0.7603811030088281,0.7604100130790522,196000000,1
1294233720000,1294233779000,0.7604273601764191,0.7605488120227556,0.7600747913594698,0.7603175085915879,192000000,1
1294233780000,1294233839000,0.7603579765353529,0.7604736229723872,0.7600343535527806,0.7600401301188703,128000000,1
1294233840000,1294233899000,0.7600632372613402,0.7601787940523611,0.7599708171206226,0.7599939200486395,122000000,1
1294233900000,1294233959000,0.7599708171206226,0.7601441233257826,0.7598553235463967,0.7600863458088839,127000000,1
1294233960000,1294234019000,0.7600747913594698,0.7601152334693939,0.7598322290438272,0.759866871324144,144000000,1
1294234020000,1294234079000,0.759866871324144,0.7600228006840205,0.7598091359450506,0.7599650416080861,156000000,1
1294234080000,1294234139000,0.7600112481664728,0.7605950895981016,0.7599881441849508,0.7605025400784838,175000000,1
1294234140000,1294234199000,0.7604736229723872,0.7608091966615693,0.7604504908707919,0.7607628930291296,240000000,1
1294234200000,1294234259000,0.760768680674954,0.761185622725958,0.7606240159426794,0.7609886764884939,274000000,1
1294234260000,1294234319000,0.7609655130429489,0.7609828854949052,0.7607165950325205,0.7607339561208655,93000000,1
1294234320000,1294234379000,0.7607339561208655,0.7608091966615693,0.7606645165216332,0.7607397433264106,106000000,1
1294234380000,1294234439000,0.7607397433264106,0.7611045148719823,0.7606818752329588,0.7610118413442513,129000000,1
1294234440000,1294234499000,0.7610292159115989,0.7612899296568104,0.7610292159115989,0.7612551575036921,129000000,1
1294234500000,1294234559000,0.7612841340773617,0.7612841340773617,0.7609655130429489,0.7611161006499931,108000000,1
1294234560000,1294234619000,0.7610987221152455,0.7611334799783838,0.7607165950325205,0.7607165950325205,157000000,1
1294234620000,1294234679000,0.7606992347365699,0.7609713037721348,0.7606008746910058,0.7609423510074876,151000000,1
1294234680000,1294234739000,0.7609423510074876,0.7614986293024673,0.7609365607189328,0.7614696363982486,200000000,1
1294234740000,1294234799000,0.7614870318758471,0.7615972216933353,0.7612261831357952,0.761272543183185,179000000,1
1294234800000,1294234859000,0.7612609526419561,0.7613826709304097,0.7610987221152455,0.7613131128570558,185000000,1
1294234860000,1294234919000,0.7612609526419561,0.7613942651783947,0.7610697596541698,0.7610697596541698,131000000,1
1294234920000,1294234979000,0.7610697596541698,0.7612261831357952,0.7608728733603191,0.7610871368662999,194000000,1
1294234980000,1294235039000,0.7611276867807344,0.7615392230776846,0.7610813443740867,0.7614174547337323,194000000,1
1294235040000,1294235099000,0.7614058597794968,0.7615102270823497,0.7612841340773617,0.761376873938831,178000000,1
1294235100000,1294235159000,0.7613826709304097,0.761695839617324,0.7613420938430265,0.7614928305450004,161000000,1
1294235160000,1294235219000,0.7614580398547138,0.7615856212634705,0.761197210973419,0.761376873938831,131000000,1
1294235220000,1294235279000,0.761376873938831,0.7614696363982486,0.7611392732642219,0.7612609526419561,132000000,1
1294235280000,1294235339000,0.7612261831357952,0.7612957253245023,0.7610755519700441,0.7611045148719823,126000000,1
1294235340000,1294235399000,0.7611045148719823,0.7612145940061963,0.7609713037721348,0.761185622725958,139000000,1
1294235400000,1294235459000,0.761185622725958,0.7613247049866769,0.7610929294466854,0.761266747868453,95000000,1
1294235460000,1294235519000,0.7613131128570558,0.7613131128570558,0.7609307705184983,0.7613015210804391,173000000,1
1294235520000,1294235579000,0.7613015210804391,0.7616378259809896,0.7612783385861539,0.7614174547337323,114000000,1
1294235580000,1294235639000,0.76142325234328,0.7617596648257474,0.76142325234328,0.7616030220407914,104000000,1
1294235640000,1294235699000,0.7616146230007617,0.7616610303750418,0.761376873938831,0.7613826709304097,102000000,1
1294235700000,1294235759000,0.7613942651783947,0.7618351084091359,0.7613942651783947,0.7617944830843536,115000000,1
1294235760000,1294235819000,0.7618467164406522,0.7619221772688137,0.7617538620920808,0.7618525205890644,117000000,1
1294235820000,1294235879000,0.7618002864369077,0.7620557215143571,0.7616784345984813,0.7618989569603278,189000000,1
1294235880000,1294235939000,0.7618931521043489,0.7619163720590028,0.761695839617324,0.7617712705583022,104000000,1
1294235940000,1294235999000,0.7617712705583022,0.7619163720590028,0.7616436269469515,0.7618931521043489,134000000,1
1294236000000,1294236059000,0.7619337879538268,0.7619512046448546,0.7617480594468186,0.7618815426577475,89000000,1
1294236060000,1294236119000,0.7618699335649418,0.7619221772688137,0.7616378259809896,0.7618815426577475,104000000,1
1294236120000,1294236179000,0.7618931521043489,0.7621196070511306,0.7618757380671212,0.7620383000449602,162000000,1
1294236180000,1294236239000,0.7619860404157396,0.7621776941076043,0.7618815426577475,0.7620441071129197,160000000,1
1294236240000,1294236299000,0.7620266861745498,0.7624682622585834,0.7620266861745498,0.7622299800295744,115000000,1
1294236300000,1294236359000,0.762189312581459,0.7626194452706155,0.7621602670609576,0.7626194452706155,180000000,1
1294236360000,1294236419000,0.762660158633313,0.7627357806982084,0.7625903669584846,0.7626776085480906,122000000,1
1294236420000,1294236479000,0.762700876343307,0.7628055989930965,0.7625845515621544,0.7626892422682378,142000000,1
1294236480000,1294236539000,0.7626892422682378,0.7628870698270535,0.7625612908637532,0.7628579711029401,167000000,1
1294236540000,1294236599000,0.7628637906701758,0.7630151305900397,0.7627241455582758,0.7628346937218705,129000000,1
1294236600000,1294236659000,0.7628288745985613,0.7629918436171917,0.7627648701011426,0.7629685580657221,160000000,1
1294236660000,1294236719000,0.7629802006637927,0.7631257631257631,0.762869610326203,0.7629394531249999,179000000,1
1294236720000,1294236779000,0.7629743793203425,0.7629918436171917,0.7627415984012936,0.7627415984012936,130000000,1
1294236780000,1294236839000,0.7627765064836003,0.7627939617229991,0.7625671059053196,0.7625671059053196,159000000,1
1294236840000,1294236899000,0.7625671059053196,0.7626485258003995,0.7624101309058194,0.7625264024766857,150000000,1
1294236900000,1294236959000,0.7625380315843253,0.7627881432211018,0.7625031453254745,0.762770688247992,145000000,1
1294236960000,1294237019000,0.762811417761301,0.7629743793203425,0.7626717918211077,0.7626717918211077,156000000,1
1294237020000,1294237079000,0.7626659751828492,0.7630034869259352,0.7626368933223514,0.7628579711029401,188000000,1
1294237080000,1294237139000,0.7628579711029401,0.7630151305900397,0.7627125107733143,0.7628463322348346,146000000,1
1294237140000,1294237199000,0.7628463322348346,0.7628987099382816,0.7626485258003995,0.7626776085480906,187000000,1
1294237200000,1294237259000,0.7627125107733143,0.7628405129339608,0.7626252611991519,0.7627532340737124,153000000,1
1294237260000,1294237319000,0.7627939617229991,0.7630093087135663,0.7624624487244004,0.762479889592912,216000000,1
1294237320000,1294237379000,0.762479889592912,0.7626834253638,0.7624043182580587,0.7625205880558775,145000000,1
1294237380000,1294237439000,0.7625205880558775,0.7627299630838698,0.7624682622585834,0.7626834253638,146000000,1
1294237440000,1294237499000,0.7626543421724972,0.7626543421724972,0.7625147737237409,0.7625903669584846,113000000,1
1294237500000,1294237559000,0.7626078136796589,0.7627066935139423,0.7625554759108725,0.7625845515621544,88000000,1
1294237560000,1294237619000,0.7626078136796589,0.7628521516244937,0.7625845515621544,0.7626776085480906,120000000,1
1294237620000,1294237679000,0.762660158633313,0.7627532340737124,0.7625089594802739,0.7625089594802739,102000000,1
1294237680000,1294237739000,0.7625205880558775,0.7627765064836003,0.762479889592912,0.7626485258003995,212000000,1
1294237740000,1294237799000,0.7625903669584846,0.7626310772163966,0.762369444232675,0.7625322169861677,188000000,1
1294237800000,1294237859000,0.7625438462711607,0.7629452739355006,0.7625438462711607,0.7626485258003995,170000000,1
1294237860000,1294237919000,0.7626776085480906,0.7626950592614061,0.7622822731257385,0.7622997057523135,218000000,1
1294237920000,1294237979000,0.7623055168050251,0.7623636322052894,0.7621660759879578,0.7623345733975727,201000000,1
1294237980000,1294238039000,0.7623520084163662,0.7625612908637532,0.7622299800295744,0.7624159436422134,170000000,1
1294238040000,1294238099000,0.762439195474161,0.7627125107733143,0.7623403849818944,0.7625264024766857,145000000,1
1294238100000,1294238159000,0.7625671059053196,0.7626310772163966,0.7621428408112249,0.7621544582225034,196000000,1
1294238160000,1294238219000,0.7621544582225034,0.762439195474161,0.7621544582225034,0.7623403849818944,172000000,1
1294238220000,1294238279000,0.7623578202665203,0.7625671059053196,0.7622009314095382,0.7622938947881966,146000000,1
1294238280000,1294238339000,0.7623229504947476,0.7623229504947476,0.7619686221321407,0.7620208793720947,179000000,1
1294238340000,1294238399000,0.7620208793720947,0.7622009314095382,0.7618989569603278,0.7619279825670878,166000000,1
1294238400000,1294238459000,0.7619628162145687,0.7621951219512195,0.7619628162145687,0.7620847590669034,141000000,1
1294238460000,1294238519000,0.7620324930655044,0.7622009314095382,0.7619686221321407,0.7620208793720947,113000000,1
1294238520000,1294238579000,0.7620441071129197,0.7624217564672425,0.761939593429033,0.7623229504947476,167000000,1
1294238580000,1294238639000,0.7623229504947476,0.7624159436422134,0.7622241701284348,0.7622706518176343,106000000,1
1294238640000,1294238699000,0.7622590308638681,0.76237525634868,0.762171885003506,0.7623055168050251,149000000,1
1294238700000,1294238759000,0.7622938947881966,0.7624217564672425,0.7622648412964601,0.7623578202665203,87000000,1
1294238760000,1294238819000,0.7623810685533057,0.7625089594802739,0.7622764624273931,0.7623403849818944,127000000,1
1294238820000,1294238879000,0.7623403849818944,0.76247407588142,0.7622822731257385,0.7624275693809087,144000000,1
1294238880000,1294238939000,0.7624275693809087,0.7624275693809087,0.7623287619018577,0.762369444232675,75000000,1
1294238940000,1294238999000,0.7623345733975727,0.7625845515621544,0.7623171391762401,0.7625438462711607,153000000,1
1294239000000,1294239059000,0.7625031453254745,0.7625496610466757,0.7624566352788685,0.7624973312593406,60000000,1
1294239060000,1294239119000,0.762450821921986,0.7626252611991519,0.7624217564672425,0.7626078136796589,86000000,1
1294239120000,1294239179000,0.7626078136796589,0.7626834253638,0.7625264024766857,0.7626136294307851,119000000,1
1294239180000,1294239239000,0.7626136294307851,0.7627066935139423,0.7625264024766857,0.7627066935139423,127000000,1
1294239240000,1294239299000,0.7627066935139423,0.7629569158229635,0.7626368933223514,0.7629161707711557,100000000,1
1294239300000,1294239359000,0.7629161707711557,0.7631024693995909,0.762869610326203,0.7631024693995909,132000000,1
1294239360000,1294239419000,0.7630791770954154,0.7630850000381543,0.7629569158229635,0.7629976652271445,133000000,1
1294239420000,1294239479000,0.7630267746095211,0.7631315867795084,0.7630034869259352,0.7630442413051108,64000000,1
1294239480000,1294239539000,0.7630442413051108,0.7630500637146803,0.7628055989930965,0.7628987099382816,74000000,1
1294239540000,1294239599000,0.7628987099382816,0.7628987099382816,0.762439195474161,0.762439195474161,126000000,1
1294239600000,1294239659000,0.7624043182580587,0.7633412975275375,0.7623403849818944,0.7628987099382816,201000000,1
1294239660000,1294239719000,0.762869610326203,0.7628987099382816,0.7625612908637532,0.762660158633313,246000000,1
1294239720000,1294239779000,0.7626717918211077,0.7626776085480906,0.7622822731257385,0.7623229504947476,116000000,1
1294239780000,1294239839000,0.7623171391762401,0.762439195474161,0.7622706518176343,0.762346196654825,129000000,1
1294239840000,1294239899000,0.7623636322052894,0.7625903669584846,0.7623229504947476,0.7625729210355741,139000000,1
1294239900000,1294239959000,0.7625961824435107,0.762700876343307,0.7623113279463333,0.7623113279463333,176000000,1
1294239960000,1294240019000,0.7622706518176343,0.7623403849818944,0.7621660759879578,0.7622706518176343,140000000,1
1294240020000,1294240079000,0.7621660759879578,0.7622997057523135,0.762009266032675,0.7621079907022825,155000000,1
1294240080000,1294240139000,0.7621254153583514,0.762369444232675,0.7620789513793629,0.7622474102644237,155000000,1
1294240140000,1294240199000,0.7622648412964601,0.7623229504947476,0.7620557215143571,0.762212550591858,170000000,1
1294240200000,1294240259000,0.7622183603158633,0.7626078136796589,0.7621835033002546,0.7625729210355741,168000000,1
1294240260000,1294240319000,0.7626252611991519,0.7629802006637927,0.7625903669584846,0.7628055989930965,177000000,1
1294240320000,1294240379000,0.7627997803136634,0.762869610326203,0.7626252611991519,0.7628230555640313,166000000,1
1294240380000,1294240439000,0.7628288745985613,0.7628288745985613,0.7625554759108725,0.7626543421724972,142000000,1
1294240440000,1294240499000,0.7626136294307851,0.7629860220960751,0.7626136294307851,0.762910350404724,145000000,1
1294240500000,1294240559000,0.7629161707711557,0.7630791770954154,0.7628637906701758,0.7630558862131063,216000000,1
1294240560000,1294240619000,0.7630558862131063,0.763213127265789,0.7630325967525333,0.7631840036632832,209000000,1
1294240620000,1294240679000,0.7632480785229624,0.7633879155692965,0.7631374105221386,0.7632247773291712,257000000,1
1294240680000,1294240739000,0.7632597296534037,0.763644416613848,0.7632597296534037,0.7636269224307772,225000000,1
1294240740000,1294240799000,0.7636269224307772,0.7636269224307772,0.7633296439067212,0.763457853309208,219000000,1
1294240800000,1294240859000,0.7634345393054272,0.7636560798478796,0.7634053988029803,0.7636385851304295,152000000,1
1294240860000,1294240919000,0.7635802751943311,0.7638660789990299,0.7635802751943311,0.7637085688101422,137000000,1
1294240920000,1294240979000,0.7637085688101422,0.7637318995539806,0.7635103150243561,0.7635977672401286,193000000,1
1294240980000,1294241039000,0.7636152600873576,0.7637144013624665,0.7634869978164273,0.7636910716876808,157000000,1
1294241040000,1294241099000,0.7636910716876808,0.7639244325951278,0.7636385851304295,0.7638485746585596,168000000,1
1294241100000,1294241159000,0.7638660789990299,0.7638719139574676,0.7635044855888529,0.7635219741624164,193000000,1
1294241160000,1294241219000,0.7635278038649778,0.7636269224307772,0.7634695108450844,0.7635744446904851,159000000,1
1294241220000,1294241279000,0.7635627839499103,0.7637085688101422,0.7634811687369731,0.7636210912145394,176000000,1
1294241280000,1294241339000,0.7636385851304295,0.7640761936780336,0.7636385851304295,0.7639711218915924,228000000,1
1294241340000,1294241399000,0.7639652854174307,0.7642046540063429,0.7638485746585596,0.7639302684450963,169000000,1
1294241400000,1294241459000,0.7639127611626751,0.7640353289936127,0.7637085688101422,0.7638135683842288,204000000,1
1294241460000,1294241519000,0.7638077343171178,0.7638077343171178,0.7633937432248805,0.7634170547370028,218000000,1
1294241520000,1294241579000,0.7633995709694411,0.7633995709694411,0.7628579711029401,0.7630384189843958,265000000,1
1294241580000,1294241639000,0.7630267746095211,0.7630791770954154,0.7627241455582758,0.7629045301270999,208000000,1
1294241640000,1294241699000,0.7629161707711557,0.7629860220960751,0.7627590520430502,0.762770688247992,204000000,1
1294241700000,1294241759000,0.7627881432211018,0.7630558862131063,0.7626776085480906,0.7630442413051108,196000000,1
1294241760000,1294241819000,0.7630034869259352,0.7631199395609007,0.7629569158229635,0.7629743793203425,193000000,1
1294241820000,1294241879000,0.7629743793203425,0.7631723548446181,0.7629510948348212,0.7630558862131063,205000000,1
1294241880000,1294241939000,0.7630850000381543,0.7632772070160441,0.7630733542415433,0.763207302367469,261000000,1
1294241940000,1294241999000,0.763207302367469,0.7632422530911311,0.7629976652271445,0.7631082926978168,229000000,1
1294242000000,1294242059000,0.7630966461902401,0.7633646058366858,0.7629802006637927,0.7632888590358136,189000000,1
1294242060000,1294242119000,0.7632713811395642,0.7634461961293278,0.7632713811395642,0.7634228828374902,115000000,1
1294242120000,1294242179000,0.7634345393054272,0.7635919364691508,0.7631781792095,0.7631781792095,146000000,1
1294242180000,1294242239000,0.7632480785229624,0.7634170547370028,0.7631840036632832,0.7633762605250501,168000000,1
1294242240000,1294242299000,0.7633587786259541,0.7634287110269643,0.7632655553520181,0.7633179906417213,216000000,1
1294242300000,1294242359000,0.7633179906417213,0.7633412975275375,0.7630850000381543,0.7630850000381543,202000000,1
1294242360000,1294242419000,0.7630850000381543,0.7631840036632832,0.7629918436171917,0.7630209525553572,191000000,1
1294242420000,1294242479000,0.7631257631257631,0.763213127265789,0.7629278117704503,0.7630442413051108,187000000,1
1294242480000,1294242539000,0.7630500637146803,0.7633587786259541,0.7629976652271445,0.7632655553520181,166000000,1
1294242540000,1294242599000,0.7632364277482235,0.7632888590358136,0.7628405129339608,0.7629045301270999,154000000,1
1294242600000,1294242659000,0.7628870698270535,0.7629860220960751,0.7627881432211018,0.7628346937218705,120000000,1
1294242660000,1294242719000,0.7628346937218705,0.7630500637146803,0.7627765064836003,0.7629860220960751,142000000,1
1294242720000,1294242779000,0.7629860220960751,0.7631024693995909,0.7627415984012936,0.7627590520430502,144000000,1
1294242780000,1294242839000,0.7627590520430502,0.7629394531249999,0.7626776085480906,0.7627881432211018,172000000,1
1294242840000,1294242899000,0.7628055989930965,0.7629510948348212,0.7626776085480906,0.7628812499046398,156000000,1
1294242900000,1294242959000,0.7629045301270999,0.7630034869259352,0.7627765064836003,0.7628870698270535,150000000,1
1294242960000,1294243019000,0.7628870698270535,0.7631257631257631,0.7628754300710238,0.7629743793203425,144000000,1
1294243020000,1294243079000,0.7629336324033172,0.7629627368999298,0.7625787362545183,0.762770688247992,120000000,1
1294243080000,1294243139000,0.7627881432211018,0.7629452739355006,0.7626717918211077,0.7629161707711557,140000000,1
1294243140000,1294243199000,0.7629161707711557,0.763988631849158,0.7628637906701758,0.7639827951074543,234000000,1
1294243200000,1294243259000,0.763988631849158,0.7641812943702765,0.7638602441297341,0.7639361043842293,202000000,1
1294243260000,1294243319000,0.7639361043842293,0.7640645176078669,0.7638252367858235,0.7639302684450963,156000000,1
1294243320000,1294243379000,0.7639302684450963,0.7640937084524045,0.7637727317859297,0.7637902326505048,129000000,1
1294243380000,1294243439000,0.7638194025404633,0.7639010900868556,0.7637085688101422,0.7637085688101422,75000000,1
1294243440000,1294243499000,0.7637668983426259,0.7639944686800467,0.7637202340038797,0.7639711218915924,86000000,1
1294243500000,1294243559000,0.7639244325951278,0.7640703555983435,0.7639069255801874,0.7640294915383733,135000000,1
1294243560000,1294243619000,0.76401781689549,0.7640995468889688,0.7638194025404633,0.763988631849158,113000000,1
1294243620000,1294243679000,0.763976958454933,0.764245536806065,0.7639185968343214,0.764245536806065,152000000,1
1294243680000,1294243739000,0.7642163343599306,0.7643448418188349,0.7641287404101843,0.7641404184432932,119000000,1
1294243740000,1294243799000,0.7641462575937034,0.764257218409428,0.7639827951074543,0.7641053854147564,180000000,1
1294243800000,1294243859000,0.7640645176078669,0.7644091117566121,0.7640236541723332,0.7643214736118011,146000000,1
1294243860000,1294243919000,0.7643039483941974,0.7646604525260557,0.7642630593450266,0.7645727567435318,112000000,1
1294243920000,1294243979000,0.7645902942908043,0.7646429117602079,0.7643565264582012,0.764368211454822,119000000,1
1294243980000,1294244039000,0.7643623689118537,0.764514304062629,0.7643097900441006,0.764379896808714,105000000,1
1294244040000,1294244099000,0.7644324853228963,0.7645786025032304,0.7643214736118011,0.764520148928525,86000000,1
1294244100000,1294244159000,0.7645318389284321,0.7645552200007646,0.7641053854147564,0.7641053854147564,128000000,1
1294244160000,1294244219000,0.7641170627340108,0.7643915825198933,0.7640119797078418,0.7643097900441006,137000000,1
1294244220000,1294244279000,0.7642922653622746,0.7644500164356753,0.7642630593450266,0.7643974255094709,99000000,1
1294244280000,1294244339000,0.7643740540871081,0.7643740540871081,0.7638660789990299,0.7639361043842293,142000000,1
1294244340000,1294244399000,0.7639361043842293,0.7641754546843955,0.7639185968343214,0.7640294915383733,165000000,1
1294244400000,1294244459000,0.7640294915383733,0.764245536806065,0.7640294915383733,0.7641637755803824,104000000,1
1294244460000,1294244519000,0.7641871341454095,0.7641871341454095,0.7639652854174307,0.7640995468889688,109000000,1
1294244520000,1294244579000,0.7640995468889688,0.7641812943702765,0.7639010900868556,0.7639652854174307,167000000,1
1294244580000,1294244639000,0.7639361043842293,0.7640937084524045,0.7639361043842293,0.76401781689549,170000000,1
1294244640000,1294244699000,0.76401781689549,0.7640528418945454,0.7637027363469043,0.763831071120311,172000000,1
1294244700000,1294244759000,0.7638485746585596,0.7639711218915924,0.7637202340038797,0.7639244325951278,161000000,1
1294244760000,1294244819000,0.7639302684450963,0.7640645176078669,0.763831071120311,0.7639361043842293,107000000,1
1294244820000,1294244879000,0.7639361043842293,0.7640820318469391,0.7639069255801874,0.7640761936780336,61000000,1
1294244880000,1294244939000,0.7640761936780336,0.7642864239802508,0.7640761936780336,0.7641988139634408,97000000,1
1294244940000,1294244999000,0.7641871341454095,0.7642046540063429,0.7640761936780336,0.7641404184432932,151000000,1
1294245000000,1294245059000,0.7641345793821208,0.7643623689118537,0.7641229015274817,0.7643623689118537,164000000,1
1294245060000,1294245119000,0.7643448418188349,0.7644909254927144,0.7643273155296023,0.764379896808714,174000000,1
1294245120000,1294245179000,0.764379896808714,0.7644558603186252,0.7641287404101843,0.7644032685883765,145000000,1
1294245180000,1294245239000,0.7644032685883765,0.7644967700011468,0.7642396961382969,0.7642922653622746,162000000,1
1294245240000,1294245299000,0.7642864239802508,0.7644383289378129,0.764245536806065,0.7644324853228963,134000000,1
1294245300000,1294245359000,0.7644324853228963,0.7645844483523204,0.7643623689118537,0.7645786025032304,111000000,1
1294245360000,1294245419000,0.7645786025032304,0.7646896889242345,0.764520148928525,0.7645610654923009,209000000,1
1294245420000,1294245479000,0.7645727567435318,0.7648417542410475,0.764525993883792,0.764525993883792,155000000,1
1294245480000,1294245539000,0.7645493745986116,0.7646195253241987,0.764520148928525,0.764520148928525,192000000,1
1294245540000,1294245599000,0.764520148928525,0.7647657140235089,0.764520148928525,0.7646955364721536,164000000,1
1294245600000,1294245659000,0.7646896889242345,0.7647364718118137,0.7644207983610819,0.7644617042909235,191000000,1
1294245660000,1294245719000,0.7644558603186252,0.7645376840624475,0.764368211454822,0.764368211454822,129000000,1
1294245720000,1294245779000,0.764368211454822,0.7645844483523204,0.764368211454822,0.7645493745986116,141000000,1
1294245780000,1294245839000,0.7645435292858398,0.7645727567435318,0.7642163343599306,0.7642221746706203,145000000,1
1294245840000,1294245899000,0.7642221746706203,0.7642221746706203,0.7639477765299963,0.7640703555983435,245000000,1
1294245900000,1294245959000,0.7640528418945454,0.7641112240297697,0.7639477765299963,0.763976958454933,137000000,1
1294245960000,1294246019000,0.763976958454933,0.7640411665380531,0.7639010900868556,0.7639711218915924,138000000,1
1294246020000,1294246079000,0.7639944686800467,0.7640878701050621,0.7638835841417768,0.7639827951074543,141000000,1
1294246080000,1294246139000,0.763988631849158,0.7640119797078418,0.7638194025404633,0.763976958454933,210000000,1
1294246140000,1294246199000,0.7639652854174307,0.7641929740097969,0.7639652854174307,0.7641345793821208,152000000,1
1294246200000,1294246259000,0.7641520968333537,0.7642747414840687,0.7639944686800467,0.7639944686800467,153000000,1
1294246260000,1294246319000,0.7640294915383733,0.7640703555983435,0.7638135683842288,0.7638719139574676,109000000,1
1294246320000,1294246379000,0.7638777490050492,0.7639069255801874,0.7636269224307772,0.7636269224307772,104000000,1
1294246380000,1294246439000,0.7636269224307772,0.763667743438185,0.7633587786259541,0.7635744446904851,171000000,1
1294246440000,1294246499000,0.7635744446904851,0.7636969039727513,0.7634753397465261,0.7635977672401286,193000000,1
1294246500000,1294246559000,0.7635802751943311,0.7637027363469043,0.763498656242365,0.7635569537131774,153000000,1
1294246560000,1294246619000,0.7635569537131774,0.7635919364691508,0.7634928269848904,0.7635219741624164,107000000,1
1294246620000,1294246679000,0.7635278038649778,0.7635278038649778,0.7632306024942377,0.7633937432248805,95000000,1
1294246680000,1294246739000,0.7633995709694411,0.7635278038649778,0.7633587786259541,0.7633937432248805,117000000,1
1294246740000,1294246799000,0.7633995709694411,0.7634753397465261,0.7631956528375615,0.7631956528375615,121000000,1
1294246800000,1294246859000,0.7631607063815498,0.7632830329814598,0.7631257631257631,0.7632539040437193,95000000,1
1294246860000,1294246919000,0.7632772070160441,0.7636210912145394,0.7632772070160441,0.7635919364691508,126000000,1
1294246920000,1294246979000,0.7635919364691508,0.7637144013624665,0.7635686142756789,0.7636619115984972,70000000,1
1294246980000,1294247039000,0.763667743438185,0.7639185968343214,0.7636094290492299,0.7639185968343214,109000000,1
1294247040000,1294247099000,0.7639302684450963,0.7639652854174307,0.7638194025404633,0.7638427400566772,50000000,1
1294247100000,1294247159000,0.7638427400566772,0.7638427400566772,0.7635219741624164,0.7636152600873576,125000000,1
1294247160000,1294247219000,0.7636152600873576,0.7636210912145394,0.7633646058366858,0.763440367672881,92000000,1
1294247220000,1294247279000,0.763440367672881,0.7636969039727513,0.7634345393054272,0.7636094290492299,131000000,1
1294247280000,1294247339000,0.7635919364691508,0.7638894193676523,0.7635452935068109,0.7638544093495779,85000000,1
1294247340000,1294247399000,0.7638602441297341,0.7640236541723332,0.7638602441297341,0.7639594490324454,78000000,1
1294247400000,1294247459000,0.7639477765299963,0.763976958454933,0.7637435654604611,0.7637727317859297,80000000,1
1294247460000,1294247519000,0.7637668983426259,0.7637668983426259,0.7635278038649778,0.7636735753669451,125000000,1
1294247520000,1294247579000,0.7636735753669451,0.7637552317233373,0.763644416613848,0.7636852394916911,69000000,1
1294247580000,1294247639000,0.7636969039727513,0.7639069255801874,0.7636969039727513,0.763831071120311,99000000,1
1294247640000,1294247699000,0.7638019003391281,0.7639419404125287,0.7638019003391281,0.763831071120311,73000000,1
1294247700000,1294247759000,0.7638194025404633,0.7639827951074543,0.7638077343171178,0.7638952546826779,84000000,1
1294247760000,1294247819000,0.7639010900868556,0.7639361043842293,0.7637902326505048,0.7639010900868556,138000000,1
1294247820000,1294247879000,0.7638485746585596,0.7639069255801874,0.7637902326505048,0.7638019003391281,70000000,1
1294247880000,1294247939000,0.7638427400566772,0.7638427400566772,0.7635919364691508,0.7635919364691508,118000000,1
1294247940000,1294247999000,0.7635977672401286,0.7636910716876808,0.7635686142756789,0.7635977672401286,119000000,1
1294248000000,1294248059000,0.7636210912145394,0.7636560798478796,0.7634695108450844,0.7635336336565626,130000000,1
1294248060000,1294248119000,0.7635336336565626,0.7635336336565626,0.7633937432248805,0.7634053988029803,52000000,1
1294248120000,1294248179000,0.7634053988029803,0.7634053988029803,0.7633063377325222,0.7633354706726512,82000000,1
1294248180000,1294248239000,0.7633121641426478,0.7633296439067212,0.7631607063815498,0.7631607063815498,53000000,1
1294248240000,1294248299000,0.7631956528375615,0.763207302367469,0.7631548822833595,0.7631548822833595,15000000,1
1294248300000,1294248359000,0.7631840036632832,0.7632597296534037,0.7631315867795084,0.7631315867795084,46000000,1
1294248360000,1294248419000,0.7631082926978168,0.7631956528375615,0.7630908230697618,0.7631082926978168,94000000,1
1294248420000,1294248479000,0.7631082926978168,0.7633471244713821,0.7631082926978168,0.7633471244713821,108000000,1
1294248480000,1294248539000,0.7633238172297452,0.7633238172297452,0.7630558862131063,0.7631257631257631,78000000,1
1294248540000,1294248599000,0.7631315867795084,0.7632364277482235,0.7631199395609007,0.763207302367469,98000000,1
1294248600000,1294248659000,0.763207302367469,0.7633063377325222,0.7632014775580606,0.7633005114113426,84000000,1
1294248660000,1294248719000,0.7633005114113426,0.7633471244713821,0.7632014775580606,0.763207302367469,80000000,1
1294248720000,1294248779000,0.763207302367469,0.763207302367469,0.7630209525553572,0.7630267746095211,121000000,1
1294248780000,1294248839000,0.7630267746095211,0.7631607063815498,0.7629452739355006,0.7631607063815498,165000000,1
1294248840000,1294248899000,0.7631432343536558,0.7631898282059697,0.7630267746095211,0.7631490582740621,173000000,1
1294248900000,1294248959000,0.7631432343536558,0.7633820880026871,0.7630675314765357,0.7633063377325222,186000000,1
1294248960000,1294249019000,0.7633063377325222,0.7633646058366858,0.7632364277482235,0.7632364277482235,182000000,1
1294249020000,1294249079000,0.7632480785229624,0.7632539040437193,0.7631781792095,0.763207302367469,114000000,1
1294249080000,1294249139000,0.763207302367469,0.763207302367469,0.7631082926978168,0.7631082926978168,120000000,1
1294249140000,1294249199000,0.7631082926978168,0.7632422530911311,0.7630791770954154,0.7632364277482235,123000000,1
1294249200000,1294249259000,0.7632364277482235,0.7632364277482235,0.7630093087135663,0.7630325967525333,137000000,1
1294249260000,1294249319000,0.7630675314765357,0.7631141160849194,0.7630267746095211,0.7630908230697618,67000000,1
1294249320000,1294249379000,0.7630966461902401,0.7631548822833595,0.7630791770954154,0.7630966461902401,77000000,1
1294249380000,1294249439000,0.7630966461902401,0.763207302367469,0.7630908230697618,0.7631432343536558,108000000,1
1294249440000,1294249499000,0.7631432343536558,0.7631898282059697,0.762921991226397,0.7629976652271445,173000000,1
1294249500000,1294249559000,0.7630093087135663,0.7631432343536558,0.7629976652271445,0.7630325967525333,197000000,1
1294249560000,1294249619000,0.7629976652271445,0.7630209525553572,0.7628987099382816,0.7629860220960751,124000000,1
1294249620000,1294249679000,0.7630151305900397,0.7630558862131063,0.7629627368999298,0.7629743793203425,157000000,1
1294249680000,1294249739000,0.7629860220960751,0.7631315867795084,0.7629802006637927,0.7631024693995909,131000000,1
1294249740000,1294249799000,0.7631024693995909,0.7632306024942377,0.7630442413051108,0.7631898282059697,128000000,1
1294249800000,1294249859000,0.7631898282059697,0.7632189522530223,0.7630267746095211,0.7630267746095211,136000000,1
1294249860000,1294249919000,0.7630267746095211,0.7630267746095211,0.7629627368999298,0.7630209525553572,78000000,1
1294249920000,1294249979000,0.7630209525553572,0.7630325967525333,0.7628463322348346,0.7628928898382668,151000000,1
1294249980000,1294250039000,0.7628754300710238,0.7629336324033172,0.7628230555640313,0.7629336324033172,101000000,1
1294250040000,1294250099000,0.7629452739355006,0.7629510948348212,0.7627997803136634,0.7628754300710238,78000000,1
1294250100000,1294250159000,0.7628346937218705,0.7628346937218705,0.7627939617229991,0.7628230555640313,79000000,1
1294250160000,1294250219000,0.7627939617229991,0.7628230555640313,0.7627066935139423,0.7627997803136634,117000000,1
1294250220000,1294250279000,0.7627997803136634,0.7627997803136634,0.7626194452706155,0.7627415984012936,133000000,1
1294250280000,1294250339000,0.7627648701011426,0.762811417761301,0.7626659751828492,0.7627532340737124,123000000,1
1294250340000,1294250399000,0.7627241455582758,0.7629045301270999,0.7625787362545183,0.7628405129339608,180000000,1
1294250400000,1294250459000,0.7628405129339608,0.7633587786259541,0.7626834253638,0.7631898282059697,211000000,1
1294250460000,1294250519000,0.7631898282059697,0.7635511235654784,0.7631024693995909,0.7635336336565626,149000000,1
1294250520000,1294250579000,0.763539463537173,0.7636969039727513,0.7635219741624164,0.7636735753669451,184000000,1
1294250580000,1294250639000,0.7636735753669451,0.7637552317233373,0.763644416613848,0.7636852394916911,143000000,1
1294250640000,1294250699000,0.7636794073847799,0.7636910716876808,0.7635686142756789,0.7636852394916911,171000000,1
1294250700000,1294250759000,0.7636852394916911,0.7637785653183429,0.7636327537360732,0.7636910716876808,114000000,1
1294250760000,1294250819000,0.7637027363469043,0.7638019003391281,0.7636502481863306,0.7636794073847799,120000000,1
1294250820000,1294250879000,0.7636794073847799,0.7637493985473486,0.7636152600873576,0.7637144013624665,104000000,1
1294250880000,1294250939000,0.7637027363469043,0.7637027363469043,0.763667743438185,0.7636735753669451,29000000,1
1294250940000,1294250999000,0.7636735753669451,0.7637318995539806,0.763667743438185,0.7637260667343837,35000000,1
1294251000000,1294251059000,0.7636852394916911,0.7637552317233373,0.7636560798478796,0.7637085688101422,68000000,1
1294251060000,1294251119000,0.7636735753669451,0.7636910716876808,0.763644416613848,0.763667743438185,21000000,1
1294251120000,1294251179000,0.7636502481863306,0.7638019003391281,0.7635977672401286,0.7637552317233373,70000000,1
1294251180000,1294251239000,0.7637377324626723,0.7638077343171178,0.7636910716876808,0.7637668983426259,82000000,1
1294251240000,1294251299000,0.7637668983426259,0.7638019003391281,0.7636910716876808,0.7637493985473486,57000000,1
1294251300000,1294251359000,0.7637727317859297,0.7638485746585596,0.7637493985473486,0.7637843989398673,33000000,1
1294251360000,1294251419000,0.763761064988429,0.763761064988429,0.7636560798478796,0.7636560798478796,34000000,1
1294251420000,1294251479000,0.7636794073847799,0.7637668983426259,0.7636735753669451,0.7637668983426259,34000000,1
1294251480000,1294251539000,0.7637435654604611,0.763831071120311,0.7637085688101422,0.7637435654604611,33000000,1
1294251540000,1294251599000,0.7637668983426259,0.7638252367858235,0.7637668983426259,0.7637843989398673,60000000,1
1294251600000,1294251659000,0.7637960664502578,0.7638835841417768,0.7637435654604611,0.7638660789990299,63000000,1
1294251660000,1294251719000,0.7638544093495779,0.7638719139574676,0.7637377324626723,0.7637377324626723,62000000,1
1294251720000,1294251779000,0.7637493985473486,0.7637960664502578,0.7636152600873576,0.7637960664502578,85000000,1
1294251780000,1294251839000,0.7638019003391281,0.7638485746585596,0.7637318995539806,0.7637318995539806,43000000,1
1294251840000,1294251899000,0.7637260667343837,0.7639944686800467,0.7636619115984972,0.7639652854174307,89000000,1
1294251900000,1294251959000,0.763976958454933,0.7641287404101843,0.763976958454933,0.7640411665380531,90000000,1
1294251960000,1294252019000,0.7640061426093865,0.7642747414840687,0.7640061426093865,0.7642163343599306,84000000,1
1294252020000,1294252079000,0.7642104941385055,0.7642689003699061,0.764157936162246,0.7641696150877648,43000000,1
1294252080000,1294252139000,0.7641637755803824,0.7641637755803824,0.7639127611626751,0.763988631849158,56000000,1
1294252140000,1294252199000,0.7639419404125287,0.7639711218915924,0.7638660789990299,0.7638660789990299,29000000,1
1294252200000,1294252259000,0.7638835841417768,0.7640003056001222,0.7638602441297341,0.7638777490050492,47000000,1
1294252260000,1294252319000,0.7638777490050492,0.7640236541723332,0.7638485746585596,0.7639185968343214,92000000,1
1294252320000,1294252379000,0.7638952546826779,0.763976958454933,0.7637027363469043,0.7637785653183429,91000000,1
1294252380000,1294252439000,0.7637668983426259,0.7638427400566772,0.7637027363469043,0.7637902326505048,42000000,1
1294252440000,1294252499000,0.7637727317859297,0.7639652854174307,0.7637727317859297,0.7639652854174307,86000000,1
1294252500000,1294252559000,0.7639711218915924,0.7640820318469391,0.7639711218915924,0.7640470041716966,77000000,1
1294252560000,1294252619000,0.76401781689549,0.7640236541723332,0.7638835841417768,0.7638835841417768,49000000,1
1294252620000,1294252679000,0.7638952546826779,0.7640703555983435,0.7638777490050492,0.7640411665380531,38000000,1
1294252680000,1294252739000,0.7640236541723332,0.7641112240297697,0.7640236541723332,0.7640761936780336,68000000,1
1294252740000,1294252799000,0.7640937084524045,0.7641170627340108,0.7639711218915924,0.7640761936780336,85000000,1
1294252800000,1294252859000,0.7641287404101843,0.7642338555598013,0.763976958454933,0.7640119797078418,100000000,1
1294252860000,1294252919000,0.763976958454933,0.7641053854147564,0.7639302684450963,0.7639711218915924,86000000,1
1294252920000,1294252979000,0.763976958454933,0.7640119797078418,0.7638602441297341,0.7639185968343214,154000000,1
1294252980000,1294253039000,0.7638894193676523,0.7640353289936127,0.7638835841417768,0.7640353289936127,120000000,1
1294253040000,1294253099000,0.7640003056001222,0.7640761936780336,0.763976958454933,0.7640353289936127,66000000,1
1294253100000,1294253159000,0.7640061426093865,0.7640411665380531,0.7638952546826779,0.7639652854174307,120000000,1
1294253160000,1294253219000,0.7639711218915924,0.7640645176078669,0.7639185968343214,0.7639944686800467,30000000,1
1294253220000,1294253279000,0.76401781689549,0.7640353289936127,0.7638369055439282,0.7638369055439282,37000000,1
1294253280000,1294253339000,0.7638719139574676,0.7638719139574676,0.7636210912145394,0.7637843989398673,91000000,1
1294253340000,1294253399000,0.7637902326505048,0.763831071120311,0.7637668983426259,0.763831071120311,47000000,1
1294253400000,1294253459000,0.763831071120311,0.763831071120311,0.7637493985473486,0.7638252367858235,28000000,1
1294253460000,1294253519000,0.7638019003391281,0.7638894193676523,0.7637727317859297,0.7637727317859297,67000000,1
1294253520000,1294253579000,0.7637493985473486,0.7637668983426259,0.7636969039727513,0.7637668983426259,42000000,1
1294253580000,1294253639000,0.763761064988429,0.7638835841417768,0.763761064988429,0.7638660789990299,73000000,1
1294253640000,1294253699000,0.7638777490050492,0.7640820318469391,0.7638777490050492,0.7639944686800467,103000000,1
1294253700000,1294253759000,0.763988631849158,0.7640119797078418,0.7638894193676523,0.7638894193676523,64000000,1
1294253760000,1294253819000,0.7638952546826779,0.7640995468889688,0.7638835841417768,0.763976958454933,36000000,1
1294253820000,1294253879000,0.7639594490324454,0.763976958454933,0.7638602441297341,0.7638602441297341,27000000,1
1294253880000,1294253939000,0.7638719139574676,0.7638894193676523,0.7638077343171178,0.7638602441297341,32000000,1
1294253940000,1294253999000,0.7638602441297341,0.7638602441297341,0.763644416613848,0.7636852394916911,92000000,1
1294254000000,1294254059000,0.7636852394916911,0.7637902326505048,0.7636852394916911,0.7637260667343837,77000000,1
1294254060000,1294254119000,0.7637260667343837,0.7637727317859297,0.7636852394916911,0.7637377324626723,61000000,1
1294254120000,1294254179000,0.763761064988429,0.7637843989398673,0.7636910716876808,0.7637318995539806,52000000,1
1294254180000,1294254239000,0.7637260667343837,0.7637435654604611,0.7635802751943311,0.7636094290492299,66000000,1
1294254240000,1294254299000,0.7635569537131774,0.7637727317859297,0.7635511235654784,0.7637144013624665,80000000,1
1294254300000,1294254359000,0.7636794073847799,0.7637085688101422,0.7635278038649778,0.7636385851304295,75000000,1
1294254360000,1294254419000,0.7636385851304295,0.7637144013624665,0.7635861057872191,0.7636794073847799,35000000,1
1294254420000,1294254479000,0.7636560798478796,0.763831071120311,0.7636327537360732,0.7638019003391281,60000000,1
1294254480000,1294254539000,0.7637843989398673,0.7638952546826779,0.7635919364691508,0.7636502481863306,86000000,1
1294254540000,1294254599000,0.7636502481863306,0.7636735753669451,0.7636152600873576,0.7636152600873576,33000000,1
1294254600000,1294254659000,0.7636152600873576,0.7638077343171178,0.7634753397465261,0.7637144013624665,76000000,1
1294254660000,1294254719000,0.7637202340038797,0.7637727317859297,0.7637144013624665,0.7637493985473486,44000000,1
1294254720000,1294254779000,0.7637435654604611,0.763831071120311,0.7636910716876808,0.7637493985473486,124000000,1
1294254780000,1294254839000,0.7637668983426259,0.7637960664502578,0.7637027363469043,0.7637144013624665,42000000,1
1294254840000,1294254899000,0.7637318995539806,0.7637318995539806,0.7636094290492299,0.7636269224307772,42000000,1
1294254900000,1294254959000,0.7636560798478796,0.7636852394916911,0.7635686142756789,0.7636094290492299,60000000,1
1294254960000,1294255019000,0.7635861057872191,0.7636910716876808,0.7635802751943311,0.7636385851304295,50000000,1
1294255020000,1294255079000,0.7636385851304295,0.7637260667343837,0.7635861057872191,0.7636152600873576,91000000,1
1294255080000,1294255139000,0.7635744446904851,0.7636152600873576,0.763539463537173,0.7635511235654784,49000000,1
1294255140000,1294255199000,0.7635802751943311,0.763644416613848,0.763539463537173,0.7635977672401286,98000000,1
1294255200000,1294255259000,0.7635919364691508,0.7637318995539806,0.7635686142756789,0.7635919364691508,110000000,1
1294255260000,1294255319000,0.7635919364691508,0.7636385851304295,0.7635161445488764,0.7635219741624164,59000000,1
1294255320000,1294255379000,0.7635336336565626,0.7635919364691508,0.7635161445488764,0.7635627839499103,27000000,1
1294255380000,1294255439000,0.7636035981001542,0.763667743438185,0.7635686142756789,0.7636035981001542,55000000,1
1294255440000,1294255499000,0.7636035981001542,0.763831071120311,0.7636035981001542,0.7637843989398673,54000000,1
1294255500000,1294255559000,0.7637960664502578,0.7639127611626751,0.7637202340038797,0.7637902326505048,88000000,1
1294255560000,1294255619000,0.763831071120311,0.7639302684450963,0.7638135683842288,0.7638194025404633,117000000,1
1294255620000,1294255679000,0.763831071120311,0.7638485746585596,0.763667743438185,0.7637260667343837,96000000,1
1294255680000,1294255739000,0.7637435654604611,0.7638135683842288,0.7635861057872191,0.7636502481863306,75000000,1
1294255740000,1294255799000,0.7636327537360732,0.7639594490324454,0.7636152600873576,0.7639127611626751,182000000,1
1294255800000,1294255859000,0.7639302684450963,0.7641988139634408,0.7638427400566772,0.7641112240297697,140000000,1
1294255860000,1294255919000,0.7641229015274817,0.7645552200007646,0.7640411665380531,0.7643974255094709,159000000,1
1294255920000,1294255979000,0.7644032685883765,0.7645727567435318,0.764333157536707,0.7644733925035739,101000000,1
1294255980000,1294256039000,0.7644500164356753,0.7646721468170522,0.7644500164356753,0.7645610654923009,120000000,1
1294256040000,1294256099000,0.7645669110732225,0.7646429117602079,0.76447923674393,0.7645844483523204,121000000,1
1294256100000,1294256159000,0.7645844483523204,0.7645844483523204,0.7642864239802508,0.7644733925035739,128000000,1
1294256160000,1294256219000,0.76447923674393,0.7645376840624475,0.7643039483941974,0.7643623689118537,83000000,1
1294256220000,1294256279000,0.7643623689118537,0.7644207983610819,0.7642981068335895,0.7644207983610819,80000000,1
1294256280000,1294256339000,0.7644207983610819,0.7645961403186837,0.7642922653622746,0.7644324853228963,95000000,1
1294256340000,1294256399000,0.7644032685883765,0.7644032685883765,0.7641929740097969,0.7642221746706203,56000000,1
1294256400000,1294256459000,0.7641871341454095,0.7642221746706203,0.7640470041716966,0.7640995468889688,69000000,1
1294256460000,1294256519000,0.7640820318469391,0.7642922653622746,0.7640353289936127,0.7642922653622746,93000000,1
1294256520000,1294256579000,0.7643565264582012,0.7643565264582012,0.7640353289936127,0.7640353289936127,122000000,1
1294256580000,1294256639000,0.7640411665380531,0.7641462575937034,0.7639419404125287,0.7639419404125287,76000000,1
1294256640000,1294256699000,0.7639419404125287,0.7641287404101843,0.7639244325951278,0.7639244325951278,62000000,1
1294256700000,1294256759000,0.7639244325951278,0.7639302684450963,0.7637727317859297,0.7637727317859297,105000000,1
1294256760000,1294256819000,0.7637727317859297,0.7640236541723332,0.7637435654604611,0.76401781689549,51000000,1
1294256820000,1294256879000,0.7640003056001222,0.7640353289936127,0.7639069255801874,0.7639069255801874,43000000,1
1294256880000,1294256939000,0.7639244325951278,0.7640761936780336,0.7639010900868556,0.7640411665380531,40000000,1
1294256940000,1294256999000,0.7640703555983435,0.7642221746706203,0.7640411665380531,0.7641404184432932,69000000,1
1294257000000,1294257059000,0.7641404184432932,0.7642747414840687,0.7640645176078669,0.7641053854147564,100000000,1
1294257060000,1294257119000,0.7641053854147564,0.7641404184432932,0.763988631849158,0.763988631849158,75000000,1
1294257120000,1294257179000,0.763988631849158,0.763988631849158,0.7637493985473486,0.7637785653183429,89000000,1
1294257180000,1294257239000,0.7638077343171178,0.7638077343171178,0.763644416613848,0.763761064988429,82000000,1
1294257240000,1294257299000,0.7637843989398673,0.7637843989398673,0.7636910716876808,0.7637668983426259,64000000,1
1294257300000,1294257359000,0.7637668983426259,0.7637668983426259,0.7634228828374902,0.7635044855888529,133000000,1
1294257360000,1294257419000,0.763498656242365,0.7635452935068109,0.7634695108450844,0.7635044855888529,57000000,1
1294257420000,1294257479000,0.7634811687369731,0.7634811687369731,0.7632189522530223,0.7632713811395642,118000000,1
1294257480000,1294257539000,0.7632539040437193,0.763294685179107,0.7631781792095,0.7632189522530223,101000000,1
1294257540000,1294257599000,0.7632247773291712,0.7632422530911311,0.7631141160849194,0.7631723548446181,92000000,1
1294257600000,1294257659000,0.7631956528375615,0.7632772070160441,0.7630442413051108,0.7630966461902401,114000000,1
1294257660000,1294257719000,0.7631257631257631,0.7631607063815498,0.7629802006637927,0.7630442413051108,76000000,1
1294257720000,1294257779000,0.7630442413051108,0.7630850000381543,0.7630267746095211,0.7630850000381543,38000000,1
1294257780000,1294257839000,0.7630791770954154,0.7630850000381543,0.7630267746095211,0.7630325967525333,50000000,1
1294257840000,1294257899000,0.7630034869259352,0.7632480785229624,0.7630034869259352,0.7632480785229624,55000000,1
1294257900000,1294257959000,0.7632480785229624,0.763294685179107,0.763207302367469,0.7632480785229624,54000000,1
1294257960000,1294258019000,0.7632422530911311,0.7632772070160441,0.763213127265789,0.7632713811395642,53000000,1
1294258020000,1294258079000,0.7632713811395642,0.7632713811395642,0.7631781792095,0.7631781792095,60000000,1
1294258080000,1294258139000,0.7631840036632832,0.7632189522530223,0.7631199395609007,0.7631840036632832,49000000,1
1294258140000,1294258199000,0.7631723548446181,0.763207302367469,0.7630617088003907,0.7630733542415433,96000000,1
1294258200000,1294258259000,0.7630733542415433,0.7630966461902401,0.7630209525553572,0.7630850000381543,60000000,1
1294258260000,1294258319000,0.7630500637146803,0.7630791770954154,0.7629976652271445,0.7630151305900397,58000000,1
1294258320000,1294258379000,0.7629918436171917,0.7631257631257631,0.7629918436171917,0.7630733542415433,54000000,1
1294258380000,1294258439000,0.7630966461902401,0.7631199395609007,0.7630675314765357,0.7630908230697618,30000000,1
1294258440000,1294258499000,0.7630791770954154,0.7632655553520181,0.7630733542415433,0.7632655553520181,88000000,1
1294258500000,1294258559000,0.7632830329814598,0.7632830329814598,0.763207302367469,0.7632189522530223,41000000,1
1294258560000,1294258619000,0.7631898282059697,0.7631898282059697,0.7630500637146803,0.7630500637146803,68000000,1
1294258620000,1294258679000,0.7630500637146803,0.7630675314765357,0.7629510948348212,0.7629802006637927,37000000,1
1294258680000,1294258739000,0.7629336324033172,0.7629860220960751,0.7628987099382816,0.7628987099382816,34000000,1
1294258740000,1294258799000,0.7628812499046398,0.7629161707711557,0.7628637906701758,0.7628987099382816,47000000,1
1294258800000,1294258859000,0.7628987099382816,0.7630733542415433,0.7628987099382816,0.7630325967525333,34000000,1
1294258860000,1294258919000,0.7630500637146803,0.7631548822833595,0.7630500637146803,0.7631374105221386,20000000,1
1294258920000,1294258979000,0.7631257631257631,0.7631607063815498,0.7630733542415433,0.7631315867795084,25000000,1
1294258980000,1294259039000,0.763207302367469,0.763207302367469,0.7631315867795084,0.7631956528375615,16000000,1
1294259040000,1294259099000,0.7632830329814598,0.763294685179107,0.7631490582740621,0.763294685179107,38000000,1
1294259100000,1294259159000,0.7632713811395642,0.7632713811395642,0.7631665305686354,0.7632364277482235,31000000,1
1294259160000,1294259219000,0.7632422530911311,0.7632422530911311,0.7630675314765357,0.763213127265789,74000000,1
1294259220000,1294259279000,0.7631898282059697,0.7631956528375615,0.7631315867795084,0.7631490582740621,18000000,1
1294259280000,1294259339000,0.7631723548446181,0.763294685179107,0.7631723548446181,0.7632480785229624,54000000,1
1294259340000,1294259399000,0.7632364277482235,0.7632364277482235,0.7631548822833595,0.7631548822833595,17000000,1
1294259400000,1294259459000,0.7631315867795084,0.7631607063815498,0.7630908230697618,0.7631432343536558,34000000,1
1294259460000,1294259519000,0.7631432343536558,0.7631956528375615,0.7630500637146803,0.7630500637146803,49000000,1
1294259520000,1294259579000,0.7630558862131063,0.7631607063815498,0.7628288745985613,0.7628405129339608,73000000,1
1294259580000,1294259639000,0.7628754300710238,0.7628754300710238,0.7627415984012936,0.7627765064836003,83000000,1
1294259640000,1294259699000,0.7627881432211018,0.7629627368999298,0.7627881432211018,0.7629627368999298,19000000,1
1294259700000,1294259759000,0.7629627368999298,0.7630209525553572,0.7629278117704503,0.7629278117704503,21000000,1
1294259760000,1294259819000,0.7629278117704503,0.7629510948348212,0.7627590520430502,0.7629161707711557,56000000,1
1294259820000,1294259879000,0.7629161707711557,0.7629452739355006,0.7628405129339608,0.7629045301270999,39000000,1
1294259880000,1294259939000,0.7629802006637927,0.7631432343536558,0.7629802006637927,0.7631082926978168,65000000,1
1294259940000,1294259999000,0.7631082926978168,0.7631082926978168,0.7630267746095211,0.7630267746095211,42000000,1
1294260000000,1294260059000,0.7630325967525333,0.7631024693995909,0.7630034869259352,0.7630093087135663,35000000,1
1294260060000,1294260119000,0.7629918436171917,0.7631840036632832,0.7629569158229635,0.7630325967525333,93000000,1
1294260120000,1294260179000,0.7629976652271445,0.7630791770954154,0.7628579711029401,0.7629627368999298,126000000,1
1294260180000,1294260239000,0.7629802006637927,0.763294685179107,0.762921991226397,0.763213127265789,82000000,1
1294260240000,1294260299000,0.7632539040437193,0.7632772070160441,0.7631723548446181,0.7631723548446181,36000000,1
1294260300000,1294260359000,0.763207302367469,0.7632364277482235,0.7630966461902401,0.7631199395609007,47000000,1
1294260360000,1294260419000,0.7631199395609007,0.7631840036632832,0.7630791770954154,0.7631607063815498,35000000,1
1294260420000,1294260479000,0.7631665305686354,0.7631665305686354,0.7627299630838698,0.7627648701011426,75000000,1
1294260480000,1294260539000,0.7627765064836003,0.7629278117704503,0.7627765064836003,0.762921991226397,58000000,1
1294260540000,1294260599000,0.7629278117704503,0.7630325967525333,0.7628812499046398,0.7629860220960751,99000000,1
1294260600000,1294260659000,0.7629860220960751,0.7632189522530223,0.7629685580657221,0.7631665305686354,62000000,1
1294260660000,1294260719000,0.7631665305686354,0.7631665305686354,0.7630151305900397,0.7630675314765357,65000000,1
1294260720000,1294260779000,0.7631082926978168,0.7632014775580606,0.7630151305900397,0.7630267746095211,57000000,1
1294260780000,1294260839000,0.7630442413051108,0.7630500637146803,0.7629743793203425,0.7629918436171917,28000000,1
1294260840000,1294260899000,0.7629860220960751,0.7630034869259352,0.7628230555640313,0.7628230555640313,51000000,1
1294260900000,1294260959000,0.7628230555640313,0.7628230555640313,0.7625903669584846,0.7625903669584846,37000000,1
1294260960000,1294261019000,0.7626136294307851,0.7627299630838698,0.7626136294307851,0.762700876343307,19000000,1
1294261020000,1294261079000,0.7627066935139423,0.7629045301270999,0.7627066935139423,0.7628055989930965,36000000,1
1294261080000,1294261139000,0.7627590520430502,0.7629918436171917,0.7627125107733143,0.7629918436171917,96000000,1
1294261140000,1294261199000,0.7629976652271445,0.7629976652271445,0.7627415984012936,0.7628870698270535,153000000,1
1294261200000,1294261259000,0.7628870698270535,0.7629452739355006,0.7628230555640313,0.7628812499046398,128000000,1
1294261260000,1294261319000,0.7629394531249999,0.7629394531249999,0.7627415984012936,0.7628055989930965,86000000,1
1294261320000,1294261379000,0.7627823248079695,0.7628987099382816,0.7627823248079695,0.7628987099382816,111000000,1
1294261380000,1294261439000,0.7628754300710238,0.7628754300710238,0.7627125107733143,0.7627125107733143,14000000,1
1294261440000,1294261499000,0.7627241455582758,0.7627881432211018,0.7626717918211077,0.7627183281214248,51000000,1
1294261500000,1294261559000,0.7627183281214248,0.7627357806982084,0.7625496610466757,0.7625612908637532,131000000,1
1294261560000,1294261619000,0.7626019980172348,0.7626776085480906,0.7624450086537509,0.7625089594802739,126000000,1
1294261620000,1294261679000,0.7625554759108725,0.7625845515621544,0.7624333823832142,0.76247407588142,60000000,1
1294261680000,1294261739000,0.7625205880558775,0.7628230555640313,0.7625031453254745,0.7628230555640313,78000000,1
1294261740000,1294261799000,0.7628288745985613,0.7628463322348346,0.7626950592614061,0.7627532340737124,62000000,1
1294261800000,1294261859000,0.7627241455582758,0.7630093087135663,0.762700876343307,0.7629569158229635,55000000,1
1294261860000,1294261919000,0.7629452739355006,0.7630034869259352,0.7629161707711557,0.7629685580657221,15000000,1
1294261920000,1294261979000,0.7629743793203425,0.7630966461902401,0.7629743793203425,0.7630617088003907,35000000,1
1294261980000,1294262039000,0.7630675314765357,0.7631665305686354,0.7629627368999298,0.7630733542415433,42000000,1
1294262040000,1294262099000,0.7630733542415433,0.7631490582740621,0.7630442413051108,0.7630675314765357,21000000,1
1294262100000,1294262159000,0.7630442413051108,0.7630558862131063,0.762921991226397,0.7630325967525333,31000000,1
1294262160000,1294262219000,0.7630384189843958,0.7630850000381543,0.7630384189843958,0.7630850000381543,18000000,1
1294262220000,1294262279000,0.7630850000381543,0.7631548822833595,0.7630267746095211,0.7630325967525333,26000000,1
1294262280000,1294262339000,0.7630384189843958,0.7631024693995909,0.7630325967525333,0.7631024693995909,47000000,1
1294262340000,1294262399000,0.7631024693995909,0.7634053988029803,0.7631024693995909,0.7633179906417213,44000000,1
1294262400000,1294262459000,0.7633121641426478,0.763352951504187,0.7630325967525333,0.7630325967525333,47000000,1
1294262460000,1294262519000,0.7630325967525333,0.7630908230697618,0.7630209525553572,0.7630442413051108,30000000,1
1294262520000,1294262579000,0.7630384189843958,0.7630384189843958,0.7629860220960751,0.7629860220960751,5000000,1
1294262580000,1294262639000,0.7629627368999298,0.7629627368999298,0.7627415984012936,0.7627415984012936,33000000,1
1294262640000,1294262699000,0.7627590520430502,0.7630500637146803,0.7627590520430502,0.7629336324033172,65000000,1
1294262700000,1294262759000,0.7629045301270999,0.7629045301270999,0.7628346937218705,0.7628928898382668,18000000,1
1294262760000,1294262819000,0.7628928898382668,0.762921991226397,0.7628928898382668,0.762921991226397,7000000,1
1294262820000,1294262879000,0.7629045301270999,0.7630093087135663,0.7629045301270999,0.7629452739355006,20000000,1
1294262880000,1294262939000,0.7629452739355006,0.7629452739355006,0.7629452739355006,0.7629452739355006,4000000,1
1294262940000,1294262999000,0.7629452739355006,0.7629452739355006,0.7628754300710238,0.762910350404724,14000000,1
1294263000000,1294263059000,0.7629685580657221,0.7630325967525333,0.7629045301270999,0.7629045301270999,61000000,1
1294263060000,1294263119000,0.762921991226397,0.762921991226397,0.7627997803136634,0.7628055989930965,13000000,1
1294263120000,1294263179000,0.7628346937218705,0.7629161707711557,0.7628346937218705,0.7628812499046398,31000000,1
1294263180000,1294263239000,0.7629510948348212,0.7629510948348212,0.7627939617229991,0.7628346937218705,25000000,1
1294263240000,1294263299000,0.7628346937218705,0.7629685580657221,0.762811417761301,0.7629569158229635,38000000,1
1294263300000,1294263359000,0.7629161707711557,0.7629161707711557,0.762811417761301,0.762869610326203,23000000,1
1294263360000,1294263419000,0.7628579711029401,0.7628579711029401,0.7627939617229991,0.762811417761301,7000000,1
1294263420000,1294263479000,0.762811417761301,0.7628172366182787,0.762811417761301,0.7628172366182787,2000000,1
1294263480000,1294263539000,0.762811417761301,0.7628928898382668,0.762811417761301,0.7628928898382668,8000000,1
1294263540000,1294263599000,0.762869610326203,0.762869610326203,0.7628521516244937,0.7628521516244937,4000000,1
1294263600000,1294263659000,0.762869610326203,0.7628754300710238,0.7627357806982084,0.7627415984012936,52000000,1
1294263660000,1294263719000,0.7627939617229991,0.7628230555640313,0.7627357806982084,0.7627357806982084,43000000,1
1294263720000,1294263779000,0.7627357806982084,0.7627532340737124,0.7627357806982084,0.7627357806982084,32000000,1
1294263780000,1294263839000,0.7627357806982084,0.7627415984012936,0.7626776085480906,0.7626834253638,29000000,1
1294263840000,1294263899000,0.7626834253638,0.7627241455582758,0.7626834253638,0.7626892422682378,11000000,1
1294263900000,1294263959000,0.7626892422682378,0.762700876343307,0.7626776085480906,0.7626776085480906,9000000,1
1294263960000,1294264019000,0.7626834253638,0.7627415984012936,0.7626834253638,0.7627241455582758,21000000,1
1294264020000,1294264079000,0.7627241455582758,0.7627590520430502,0.7626892422682378,0.7627241455582758,18000000,1
1294264080000,1294264139000,0.7627357806982084,0.7628230555640313,0.7627357806982084,0.7628055989930965,24000000,1
1294264140000,1294264199000,0.7628405129339608,0.7630500637146803,0.7628405129339608,0.7630500637146803,28000000,1
1294264200000,1294264259000,0.7630791770954154,0.7631082926978168,0.7629510948348212,0.7630675314765357,70000000,1
1294264260000,1294264319000,0.7630675314765357,0.7630791770954154,0.7629685580657221,0.7630791770954154,24000000,1
1294264320000,1294264379000,0.7630325967525333,0.7630617088003907,0.7629569158229635,0.7630617088003907,29000000,1
1294264380000,1294264439000,0.7630500637146803,0.7631490582740621,0.7630500637146803,0.7631024693995909,18000000,1
1294264440000,1294264499000,0.7630675314765357,0.7630791770954154,0.7629860220960751,0.7629976652271445,18000000,1
1294264500000,1294264559000,0.7630617088003907,0.7630617088003907,0.7629452739355006,0.7629685580657221,21000000,1
1294264560000,1294264619000,0.7630034869259352,0.7631956528375615,0.7630034869259352,0.7631840036632832,19000000,1
1294264620000,1294264679000,0.7632014775580606,0.7633296439067212,0.7632014775580606,0.7633238172297452,17000000,1
1294264680000,1294264739000,0.7633179906417213,0.7634287110269643,0.763213127265789,0.7634112267255003,38000000,1
1294264740000,1294264799000,0.7634053988029803,0.7637552317233373,0.7630558862131063,0.7634811687369731,117000000,1
1294264800000,1294264859000,0.7634520246747695,0.7637260667343837,0.7634228828374902,0.7637260667343837,133000000,1
1294264860000,1294264919000,0.7637260667343837,0.7637260667343837,0.7630151305900397,0.763207302367469,39000000,1
1294264920000,1294264979000,0.7631840036632832,0.7631840036632832,0.7629452739355006,0.7631024693995909,76000000,1
1294264980000,1294265039000,0.7630675314765357,0.7631374105221386,0.7629394531249999,0.7629627368999298,57000000,1
1294265040000,1294265099000,0.7631548822833595,0.7631840036632832,0.7627823248079695,0.7628521516244937,40000000,1
1294265100000,1294265159000,0.7628637906701758,0.7629743793203425,0.7628637906701758,0.7628987099382816,10000000,1
1294265160000,1294265219000,0.7628987099382816,0.7629394531249999,0.7627997803136634,0.7628987099382816,38000000,1
1294265220000,1294265279000,0.7628812499046398,0.7630966461902401,0.7627997803136634,0.7629743793203425,23000000,1
1294265280000,1294265339000,0.7628579711029401,0.762910350404724,0.7628579711029401,0.7628870698270535,44000000,1
1294265340000,1294265399000,0.762869610326203,0.7629976652271445,0.7628405129339608,0.7628987099382816,19000000,1
1294265400000,1294265459000,0.7629510948348212,0.7630325967525333,0.7629161707711557,0.7630034869259352,17000000,1
1294265460000,1294265519000,0.7630384189843958,0.7630558862131063,0.7629743793203425,0.7630267746095211,32000000,1
1294265520000,1294265579000,0.7630151305900397,0.7630267746095211,0.7628637906701758,0.7628637906701758,41000000,1
1294265580000,1294265639000,0.7628987099382816,0.7629394531249999,0.7627648701011426,0.7629394531249999,68000000,1
1294265640000,1294265699000,0.7629452739355006,0.7629452739355006,0.7629045301270999,0.762910350404724,30000000,1
1294265700000,1294265759000,0.7629394531249999,0.7629452739355006,0.7625961824435107,0.7628230555640313,71000000,1
1294265760000,1294265819000,0.7628928898382668,0.7629627368999298,0.7625554759108725,0.7627183281214248,58000000,1
1294265820000,1294265879000,0.7627183281214248,0.7627183281214248,0.7626427095170184,0.7627183281214248,40000000,1
1294265880000,1294265939000,0.7627474161931276,0.7627648701011426,0.7626310772163966,0.7626892422682378,69000000,1
1294265940000,1294265999000,0.7626659751828492,0.7626659751828492,0.7626252611991519,0.7626252611991519,13000000,1
1294266000000,1294266059000,0.7626310772163966,0.7626717918211077,0.7625554759108725,0.7625787362545183,20000000,1
1294266060000,1294266119000,0.7626136294307851,0.7626252611991519,0.762450821921986,0.7626078136796589,133000000,1
1294266120000,1294266179000,0.7626078136796589,0.7626659751828492,0.7624624487244004,0.7625961824435107,71000000,1
1294266180000,1294266239000,0.7626252611991519,0.7626950592614061,0.7626252611991519,0.762660158633313,26000000,1
1294266240000,1294266299000,0.762660158633313,0.762660158633313,0.7626252611991519,0.7626252611991519,8000000,1
1294266300000,1294266359000,0.7626252611991519,0.7626310772163966,0.7625787362545183,0.7626194452706155,13000000,1
1294266360000,1294266419000,0.7626019980172348,0.7627183281214248,0.7626019980172348,0.7626543421724972,19000000,1
1294266420000,1294266479000,0.7626543421724972,0.7627357806982084,0.7626543421724972,0.7627183281214248,59000000,1
1294266480000,1294266539000,0.7627241455582758,0.7628754300710238,0.7627241455582758,0.7628230555640313,39000000,1
1294266540000,1294266599000,0.762811417761301,0.7629627368999298,0.7627590520430502,0.7629278117704503,35000000,1
1294266600000,1294266659000,0.7629743793203425,0.7629743793203425,0.7627997803136634,0.7628172366182787,25000000,1
1294266660000,1294266719000,0.7628172366182787,0.7628230555640313,0.7626194452706155,0.7626194452706155,99000000,1
1294266720000,1294266779000,0.7626427095170184,0.7626427095170184,0.7626078136796589,0.7626078136796589,15000000,1
1294266780000,1294266839000,0.7626078136796589,0.7626078136796589,0.7625264024766857,0.7626019980172348,53000000,1
1294266840000,1294266899000,0.7626019980172348,0.7626485258003995,0.7625787362545183,0.7626485258003995,17000000,1
1294266900000,1294266959000,0.7626717918211077,0.7628288745985613,0.7626717918211077,0.762700876343307,53000000,1
1294266960000,1294267019000,0.762700876343307,0.7627125107733143,0.7625845515621544,0.7626834253638,78000000,1
1294267020000,1294267079000,0.7626834253638,0.7626834253638,0.7626834253638,0.7626834253638,1000000,1
1294267080000,1294267139000,0.762700876343307,0.7627299630838698,0.762700876343307,0.7627299630838698,10000000,1
1294267140000,1294267199000,0.7627241455582758,0.7627474161931276,0.7627183281214248,0.7627474161931276,10000000,1
1294267200000,1294267259000,0.7627474161931276,0.7627823248079695,0.7627183281214248,0.7627823248079695,41000000,1
1294267260000,1294267319000,0.7627823248079695,0.7628172366182787,0.762660158633313,0.7626834253638,53000000,1
1294267320000,1294267379000,0.7626834253638,0.7626834253638,0.7626659751828492,0.7626776085480906,11000000,1
1294267380000,1294267439000,0.7626659751828492,0.7626659751828492,0.7623810685533057,0.762479889592912,46000000,1
1294267440000,1294267499000,0.762479889592912,0.7626543421724972,0.7624101309058194,0.7624915172818703,67000000,1
1294267500000,1294267559000,0.7624915172818703,0.7625322169861677,0.7623810685533057,0.7624857033930613,73000000,1
1294267560000,1294267619000,0.762479889592912,0.7625961824435107,0.762479889592912,0.7625845515621544,29000000,1
1294267620000,1294267679000,0.7625845515621544,0.7626019980172348,0.7625845515621544,0.7626019980172348,10000000,1
1294267680000,1294267739000,0.7626194452706155,0.7629045301270999,0.7626194452706155,0.7628928898382668,29000000,1
1294267740000,1294267799000,0.7628928898382668,0.7629627368999298,0.7628928898382668,0.7628987099382816,31000000,1
1294267800000,1294267859000,0.7628987099382816,0.7628987099382816,0.7628637906701758,0.7628637906701758,3000000,1
1294267860000,1294267919000,0.7628812499046398,0.7631199395609007,0.7628812499046398,0.7629976652271445,40000000,1
1294267920000,1294267979000,0.7629976652271445,0.7630151305900397,0.7629394531249999,0.7630151305900397,24000000,1
1294267980000,1294268039000,0.7630151305900397,0.7630151305900397,0.7630034869259352,0.7630151305900397,19000000,1
1294268040000,1294268099000,0.7630151305900397,0.7630151305900397,0.7629860220960751,0.7630034869259352,9000000,1
1294268100000,1294268159000,0.7630034869259352,0.7630034869259352,0.7629860220960751,0.7630034869259352,5000000,1
1294268160000,1294268219000,0.7630034869259352,0.7630151305900397,0.7629394531249999,0.7629743793203425,32000000,1
1294268220000,1294268279000,0.7629918436171917,0.7630034869259352,0.7629860220960751,0.7629860220960751,15000000,1
1294268280000,1294268339000,0.7629860220960751,0.7629860220960751,0.762910350404724,0.7629627368999298,25000000,1
1294268340000,1294268399000,0.7629627368999298,0.7629860220960751,0.762910350404724,0.762910350404724,25000000,1
1294268400000,1294268459000,0.762910350404724,0.762910350404724,0.762700876343307,0.7628579711029401,65000000,1
1294268460000,1294268519000,0.7628521516244937,0.762869610326203,0.7627939617229991,0.762869610326203,39000000,1
1294268520000,1294268579000,0.762869610326203,0.762869610326203,0.7627474161931276,0.7627474161931276,14000000,1
1294268580000,1294268639000,0.7627357806982084,0.7628405129339608,0.7627357806982084,0.7628405129339608,14000000,1
1294268640000,1294268699000,0.7628579711029401,0.7628579711029401,0.7627939617229991,0.7628230555640313,21000000,1
1294268700000,1294268759000,0.7628230555640313,0.7630325967525333,0.7627939617229991,0.762921991226397,35000000,1
1294268760000,1294268819000,0.7629394531249999,0.7631257631257631,0.7629394531249999,0.7631257631257631,17000000,1
1294268820000,1294268879000,0.7631199395609007,0.7632247773291712,0.7630966461902401,0.7632247773291712,33000000,1
1294268880000,1294268939000,0.763207302367469,0.7632364277482235,0.7631840036632832,0.7632014775580606,21000000,1
1294268940000,1294268999000,0.7631432343536558,0.7631490582740621,0.7631432343536558,0.7631490582740621,8000000,1
1294269000000,1294269059000,0.7631723548446181,0.7633238172297452,0.7631723548446181,0.7632655553520181,43000000,1
1294269060000,1294269119000,0.7632655553520181,0.7632655553520181,0.7631490582740621,0.7631840036632832,44000000,1
1294269120000,1294269179000,0.763213127265789,0.7632539040437193,0.7632014775580606,0.7632539040437193,18000000,1
1294269180000,1294269239000,0.7632830329814598,0.7633471244713821,0.763207302367469,0.7632189522530223,46000000,1
1294269240000,1294269299000,0.7632364277482235,0.7632480785229624,0.7630966461902401,0.7631665305686354,22000000,1
1294269300000,1294269359000,0.7631898282059697,0.7632655553520181,0.7631374105221386,0.763207302367469,20000000,1
1294269360000,1294269419000,0.763207302367469,0.763207302367469,0.7631432343536558,0.7632014775580606,38000000,1
1294269420000,1294269479000,0.763207302367469,0.7632597296534037,0.7631490582740621,0.7632597296534037,15000000,1
1294269480000,1294269539000,0.7632597296534037,0.7632655553520181,0.7632014775580606,0.763207302367469,12000000,1
1294269540000,1294269599000,0.763207302367469,0.7632597296534037,0.763207302367469,0.7632189522530223,9000000,1
1294269600000,1294269659000,0.7632247773291712,0.7633704331363838,0.763207302367469,0.7633238172297452,26000000,1
1294269660000,1294269719000,0.7633412975275375,0.763352951504187,0.7632597296534037,0.763352951504187,17000000,1
1294269720000,1294269779000,0.7633354706726512,0.7633587786259541,0.7632713811395642,0.7632713811395642,70000000,1
1294269780000,1294269839000,0.7632713811395642,0.7633296439067212,0.7630267746095211,0.7631024693995909,127000000,1
1294269840000,1294269899000,0.7631257631257631,0.7632539040437193,0.7631257631257631,0.7632306024942377,36000000,1
1294269900000,1294269959000,0.763207302367469,0.7632480785229624,0.7631315867795084,0.7631315867795084,35000000,1
1294269960000,1294270019000,0.7631548822833595,0.7632364277482235,0.762770688247992,0.7628230555640313,62000000,1
1294270020000,1294270079000,0.7628463322348346,0.762869610326203,0.762811417761301,0.762811417761301,23000000,1
1294270080000,1294270139000,0.7627881432211018,0.7628812499046398,0.762770688247992,0.7628463322348346,66000000,1
1294270140000,1294270199000,0.7628812499046398,0.762921991226397,0.7628637906701758,0.7629161707711557,39000000,1
1294270200000,1294270259000,0.7629278117704503,0.7629278117704503,0.7627357806982084,0.762869610326203,18000000,1
1294270260000,1294270319000,0.762869610326203,0.762869610326203,0.7627648701011426,0.7627765064836003,50000000,1
1294270320000,1294270379000,0.7627648701011426,0.7627648701011426,0.7626368933223514,0.762700876343307,52000000,1
1294270380000,1294270439000,0.762700876343307,0.7627474161931276,0.7626834253638,0.7626834253638,28000000,1
1294270440000,1294270499000,0.7626834253638,0.7627590520430502,0.7626834253638,0.7627590520430502,13000000,1
1294270500000,1294270559000,0.7627590520430502,0.7627590520430502,0.7627532340737124,0.7627590520430502,5000000,1
1294270560000,1294270619000,0.7627590520430502,0.7628288745985613,0.7626485258003995,0.7626834253638,55000000,1
1294270620000,1294270679000,0.7626834253638,0.7626834253638,0.7626485258003995,0.7626543421724972,32000000,1
1294270680000,1294270739000,0.7626368933223514,0.7626368933223514,0.7626252611991519,0.7626368933223514,20000000,1
1294270740000,1294270799000,0.7626310772163966,0.7626310772163966,0.7626310772163966,0.7626310772163966,4000000,1
1294270800000,1294270859000,0.7626368933223514,0.7626368933223514,0.7626310772163966,0.7626368933223514,12000000,1
1294270860000,1294270919000,0.7626368933223514,0.762700876343307,0.7626252611991519,0.7626252611991519,45000000,1
1294270920000,1294270979000,0.7626252611991519,0.7626950592614061,0.7626194452706155,0.7626485258003995,25000000,1
1294270980000,1294271039000,0.762660158633313,0.7626892422682378,0.7626427095170184,0.7626659751828492,60000000,1
1294271040000,1294271099000,0.7626659751828492,0.7626659751828492,0.7626427095170184,0.762660158633313,12000000,1
1294271100000,1294271159000,0.762660158633313,0.762660158633313,0.7626368933223514,0.7626368933223514,12000000,1
1294271160000,1294271219000,0.7626368933223514,0.7626543421724972,0.7625903669584846,0.7626368933223514,32000000,1
1294271220000,1294271279000,0.7625845515621544,0.7625845515621544,0.7624101309058194,0.7624682622585834,92000000,1
1294271280000,1294271339000,0.7624682622585834,0.7625903669584846,0.7623926932284281,0.7623926932284281,63000000,1
1294271340000,1294271399000,0.7624101309058194,0.7624857033930613,0.7624101309058194,0.7624217564672425,53000000,1
1294271400000,1294271459000,0.7623926932284281,0.7623926932284281,0.7623868808465545,0.7623926932284281,38000000,1
1294271460000,1294271519000,0.7623868808465545,0.7623926932284281,0.7623868808465545,0.7623926932284281,32000000,1
1294271520000,1294271579000,0.7623926932284281,0.762479889592912,0.7623926932284281,0.762479889592912,40000000,1
1294271580000,1294271639000,0.762479889592912,0.7624973312593406,0.7624566352788685,0.7624566352788685,11000000,1
1294271640000,1294271699000,0.7624624487244004,0.7625089594802739,0.7624624487244004,0.7624915172818703,22000000,1
1294271700000,1294271759000,0.7624973312593406,0.7625264024766857,0.762479889592912,0.7624857033930613,19000000,1
1294271760000,1294271819000,0.7624915172818703,0.7625089594802739,0.7623868808465545,0.7624101309058194,34000000,1
1294271820000,1294271879000,0.7624101309058194,0.7625089594802739,0.7623985056989289,0.7624450086537509,45000000,1
1294271880000,1294271939000,0.7624450086537509,0.7624973312593406,0.7624450086537509,0.7624682622585834,46000000,1
1294271940000,1294271999000,0.7624682622585834,0.7625031453254745,0.762439195474161,0.7625031453254745,33000000,1
1294272000000,1294272059000,0.7625031453254745,0.7625322169861677,0.7623868808465545,0.7623868808465545,92000000,1
1294272060000,1294272119000,0.7623926932284281,0.7627474161931276,0.7623868808465545,0.7626310772163966,100000000,1
1294272120000,1294272179000,0.7626543421724972,0.7626543421724972,0.7625205880558775,0.7626252611991519,112000000,1
1294272180000,1294272239000,0.7626252611991519,0.7626252611991519,0.7624101309058194,0.7625205880558775,48000000,1
1294272240000,1294272299000,0.7625380315843253,0.7626543421724972,0.762439195474161,0.762450821921986,87000000,1
1294272300000,1294272359000,0.762450821921986,0.7625612908637532,0.7623985056989289,0.7623985056989289,86000000,1
1294272360000,1294272419000,0.7624275693809087,0.7626543421724972,0.7623985056989289,0.7626485258003995,94000000,1
1294272420000,1294272479000,0.7626543421724972,0.7626543421724972,0.762439195474161,0.762439195474161,80000000,1
1294272480000,1294272539000,0.762450821921986,0.7625961824435107,0.7624275693809087,0.7625787362545183,54000000,1
1294272540000,1294272599000,0.7625496610466757,0.7627648701011426,0.7625205880558775,0.7625845515621544,119000000,1
1294272600000,1294272659000,0.7625845515621544,0.7625845515621544,0.7624566352788685,0.7624973312593406,102000000,1
1294272660000,1294272719000,0.7624973312593406,0.7625205880558775,0.7624333823832142,0.7624333823832142,25000000,1
1294272720000,1294272779000,0.762450821921986,0.7625147737237409,0.7624450086537509,0.762479889592912,23000000,1
1294272780000,1294272839000,0.762479889592912,0.7625671059053196,0.7624450086537509,0.7625496610466757,69000000,1
1294272840000,1294272899000,0.7625496610466757,0.7628230555640313,0.7625496610466757,0.7626310772163966,115000000,1
1294272900000,1294272959000,0.7626310772163966,0.7626368933223514,0.7625031453254745,0.7625961824435107,64000000,1
1294272960000,1294273019000,0.7626019980172348,0.7627299630838698,0.7625903669584846,0.7627241455582758,102000000,1
1294273020000,1294273079000,0.7627183281214248,0.7628230555640313,0.7626543421724972,0.7627299630838698,60000000,1
1294273080000,1294273139000,0.7627299630838698,0.7627648701011426,0.7627183281214248,0.7627474161931276,19000000,1
1294273140000,1294273199000,0.7627648701011426,0.7627823248079695,0.7626543421724972,0.762700876343307,41000000,1
1294273200000,1294273259000,0.762700876343307,0.7627299630838698,0.762660158633313,0.7626717918211077,37000000,1
1294273260000,1294273319000,0.7626776085480906,0.7627183281214248,0.7626776085480906,0.7627183281214248,9000000,1
1294273320000,1294273379000,0.7627415984012936,0.7628230555640313,0.7626252611991519,0.7627125107733143,75000000,1
1294273380000,1294273439000,0.7627125107733143,0.7627125107733143,0.7624159436422134,0.7625089594802739,108000000,1
1294273440000,1294273499000,0.7625089594802739,0.7625322169861677,0.7623985056989289,0.7624101309058194,89000000,1
1294273500000,1294273559000,0.7624101309058194,0.7626136294307851,0.7623868808465545,0.7626136294307851,75000000,1
1294273560000,1294273619000,0.7626136294307851,0.7626543421724972,0.7623985056989289,0.7623985056989289,142000000,1
1294273620000,1294273679000,0.7624043182580587,0.7625496610466757,0.7623868808465545,0.7624450086537509,98000000,1
1294273680000,1294273739000,0.7624915172818703,0.7626368933223514,0.762439195474161,0.7624915172818703,99000000,1
1294273740000,1294273799000,0.7625089594802739,0.7628172366182787,0.7624915172818703,0.762700876343307,185000000,1
1294273800000,1294273859000,0.762700876343307,0.7630675314765357,0.762660158633313,0.7628812499046398,194000000,1
1294273860000,1294273919000,0.7628812499046398,0.7628987099382816,0.7626776085480906,0.7628521516244937,189000000,1
1294273920000,1294273979000,0.7628579711029401,0.7628579711029401,0.7627415984012936,0.7627765064836003,124000000,1
1294273980000,1294274039000,0.7627765064836003,0.7628870698270535,0.7627648701011426,0.7628812499046398,71000000,1
1294274040000,1294274099000,0.7628579711029401,0.7628870698270535,0.762811417761301,0.7628870698270535,63000000,1
1294274100000,1294274159000,0.7628870698270535,0.7628870698270535,0.7628055989930965,0.7628346937218705,85000000,1
1294274160000,1294274219000,0.7628346937218705,0.7628521516244937,0.7627357806982084,0.7627357806982084,49000000,1
1294274220000,1294274279000,0.7627357806982084,0.7627357806982084,0.7626019980172348,0.7626194452706155,57000000,1
1294274280000,1294274339000,0.7626136294307851,0.7627241455582758,0.7626136294307851,0.7626834253638,73000000,1
1294274340000,1294274399000,0.7626834253638,0.762770688247992,0.7626543421724972,0.7626950592614061,66000000,1
1294274400000,1294274459000,0.7626950592614061,0.7626950592614061,0.7625671059053196,0.7625671059053196,49000000,1
1294274460000,1294274519000,0.7625671059053196,0.7626019980172348,0.7625380315843253,0.7626019980172348,83000000,1
1294274520000,1294274579000,0.7625845515621544,0.7626078136796589,0.762450821921986,0.76247407588142,118000000,1
1294274580000,1294274639000,0.76247407588142,0.7626368933223514,0.7624624487244004,0.7626252611991519,87000000,1
1294274640000,1294274699000,0.762660158633313,0.7626892422682378,0.7625671059053196,0.7626368933223514,153000000,1
1294274700000,1294274759000,0.7626717918211077,0.7627997803136634,0.7626078136796589,0.7627183281214248,104000000,1
1294274760000,1294274819000,0.7627241455582758,0.7627881432211018,0.7627066935139423,0.762770688247992,80000000,1
1294274820000,1294274879000,0.762770688247992,0.762770688247992,0.7626368933223514,0.7626485258003995,116000000,1
1294274880000,1294274939000,0.7626834253638,0.7627241455582758,0.7626194452706155,0.7626834253638,143000000,1
1294274940000,1294274999000,0.7626892422682378,0.7627532340737124,0.7626485258003995,0.7627066935139423,120000000,1
1294275000000,1294275059000,0.7627066935139423,0.7627125107733143,0.7625554759108725,0.7625961824435107,114000000,1
1294275060000,1294275119000,0.7625787362545183,0.7626659751828492,0.7625554759108725,0.7626485258003995,94000000,1
1294275120000,1294275179000,0.7626485258003995,0.7628230555640313,0.7626194452706155,0.7626892422682378,156000000,1
1294275180000,1294275239000,0.7626834253638,0.7627590520430502,0.7626485258003995,0.7626543421724972,58000000,1
1294275240000,1294275299000,0.7626485258003995,0.7629802006637927,0.7626485258003995,0.7629802006637927,167000000,1
1294275300000,1294275359000,0.7629802006637927,0.7632772070160441,0.7629045301270999,0.7632772070160441,238000000,1
1294275360000,1294275419000,0.7632772070160441,0.7637377324626723,0.763207302367469,0.7637377324626723,154000000,1
1294275420000,1294275479000,0.7637318995539806,0.7640703555983435,0.7636735753669451,0.7640294915383733,195000000,1
1294275480000,1294275539000,0.7640061426093865,0.7640061426093865,0.7637785653183429,0.7638135683842288,175000000,1
1294275540000,1294275599000,0.7637960664502578,0.7637960664502578,0.7635802751943311,0.763667743438185,159000000,1
1294275600000,1294275659000,0.7636560798478796,0.7637377324626723,0.7635569537131774,0.7635569537131774,122000000,1
1294275660000,1294275719000,0.7635569537131774,0.7635569537131774,0.7634228828374902,0.7634811687369731,145000000,1
1294275720000,1294275779000,0.7634811687369731,0.7635977672401286,0.7634228828374902,0.7635627839499103,138000000,1
1294275780000,1294275839000,0.7635569537131774,0.7635744446904851,0.7635044855888529,0.7635336336565626,108000000,1
1294275840000,1294275899000,0.7635336336565626,0.7635336336565626,0.7633704331363838,0.7634461961293278,135000000,1
1294275900000,1294275959000,0.7634753397465261,0.7635511235654784,0.7634520246747695,0.7634811687369731,108000000,1
1294275960000,1294276019000,0.7634461961293278,0.7634636820326457,0.7633937432248805,0.7634053988029803,102000000,1
1294276020000,1294276079000,0.7633879155692965,0.7633879155692965,0.7629743793203425,0.7630908230697618,228000000,1
1294276080000,1294276139000,0.7631257631257631,0.7634053988029803,0.7630791770954154,0.7634053988029803,175000000,1
1294276140000,1294276199000,0.7633937432248805,0.7634112267255003,0.7633412975275375,0.7633646058366858,114000000,1
1294276200000,1294276259000,0.7633646058366858,0.7634287110269643,0.7632830329814598,0.7634287110269643,139000000,1
1294276260000,1294276319000,0.7634287110269643,0.7636269224307772,0.7633587786259541,0.7636269224307772,165000000,1
1294276320000,1294276379000,0.7636327537360732,0.7636852394916911,0.7636094290492299,0.763667743438185,175000000,1
1294276380000,1294276439000,0.763667743438185,0.7636735753669451,0.7636152600873576,0.7636560798478796,101000000,1
1294276440000,1294276499000,0.7636560798478796,0.7636560798478796,0.7635802751943311,0.7636094290492299,120000000,1
1294276500000,1294276559000,0.7636210912145394,0.7636210912145394,0.7635336336565626,0.7635452935068109,102000000,1
1294276560000,1294276619000,0.7635278038649778,0.7635278038649778,0.7634345393054272,0.7634753397465261,107000000,1
1294276620000,1294276679000,0.7634753397465261,0.7634928269848904,0.7634753397465261,0.7634928269848904,22000000,1
1294276680000,1294276739000,0.7634928269848904,0.7636035981001542,0.763457853309208,0.7635861057872191,133000000,1
1294276740000,1294276799000,0.7635861057872191,0.7635861057872191,0.7633646058366858,0.7635627839499103,143000000,1
1294276800000,1294276859000,0.7635627839499103,0.763644416613848,0.763498656242365,0.763644416613848,137000000,1
1294276860000,1294276919000,0.763644416613848,0.763644416613848,0.7634228828374902,0.7635802751943311,166000000,1
1294276920000,1294276979000,0.7635802751943311,0.7635802751943311,0.763440367672881,0.7635336336565626,121000000,1
1294276980000,1294277039000,0.7635336336565626,0.7635511235654784,0.7635103150243561,0.7635511235654784,108000000,1
1294277040000,1294277099000,0.7635511235654784,0.7635511235654784,0.7634928269848904,0.7635161445488764,63000000,1
1294277100000,1294277159000,0.7635278038649778,0.7635569537131774,0.7633587786259541,0.7633820880026871,215000000,1
1294277160000,1294277219000,0.7634053988029803,0.7638019003391281,0.7633646058366858,0.7637552317233373,150000000,1
1294277220000,1294277279000,0.7637552317233373,0.7637843989398673,0.7635511235654784,0.7636152600873576,226000000,1
1294277280000,1294277339000,0.7636152600873576,0.7637435654604611,0.7635919364691508,0.7636735753669451,116000000,1
1294277340000,1294277399000,0.7636794073847799,0.7637668983426259,0.7636619115984972,0.7636852394916911,176000000,1
1294277400000,1294277459000,0.7636852394916911,0.7636852394916911,0.7635452935068109,0.7635861057872191,107000000,1
1294277460000,1294277519000,0.7635569537131774,0.7636152600873576,0.7634811687369731,0.7635627839499103,141000000,1
1294277520000,1294277579000,0.7635627839499103,0.7635627839499103,0.7634112267255003,0.7634287110269643,139000000,1
1294277580000,1294277639000,0.7634228828374902,0.7634811687369731,0.763352951504187,0.7634520246747695,204000000,1
1294277640000,1294277699000,0.7634520246747695,0.7634520246747695,0.7633937432248805,0.7634112267255003,88000000,1
1294277700000,1294277759000,0.7634112267255003,0.763539463537173,0.7634053988029803,0.7634928269848904,125000000,1
1294277760000,1294277819000,0.7634869978164273,0.7635569537131774,0.7634228828374902,0.763498656242365,194000000,1
1294277820000,1294277879000,0.763498656242365,0.7635919364691508,0.7634228828374902,0.7635627839499103,175000000,1
1294277880000,1294277939000,0.7635627839499103,0.7635627839499103,0.7633471244713821,0.7633820880026871,205000000,1
1294277940000,1294277999000,0.7633820880026871,0.7635452935068109,0.7633820880026871,0.7634461961293278,205000000,1
1294278000000,1294278059000,0.7634636820326457,0.7636735753669451,0.7634636820326457,0.7635919364691508,169000000,1
1294278060000,1294278119000,0.7635919364691508,0.7635919364691508,0.7635278038649778,0.7635452935068109,147000000,1
1294278120000,1294278179000,0.7635278038649778,0.7635977672401286,0.7634811687369731,0.7635452935068109,156000000,1
1294278180000,1294278239000,0.7635452935068109,0.7635511235654784,0.7632539040437193,0.7632597296534037,211000000,1
1294278240000,1294278299000,0.7632597296534037,0.7633121641426478,0.7632480785229624,0.7632888590358136,132000000,1
1294278300000,1294278359000,0.7632772070160441,0.7633995709694411,0.7632422530911311,0.7633820880026871,142000000,1
1294278360000,1294278419000,0.7633879155692965,0.7633879155692965,0.7633121641426478,0.7633587786259541,59000000,1
1294278420000,1294278479000,0.7633587786259541,0.7633704331363838,0.7632655553520181,0.7633179906417213,79000000,1
1294278480000,1294278539000,0.7633121641426478,0.763352951504187,0.7633005114113426,0.7633471244713821,42000000,1
1294278540000,1294278599000,0.7633471244713821,0.7634520246747695,0.7633471244713821,0.763440367672881,81000000,1
1294278600000,1294278659000,0.763440367672881,0.763644416613848,0.763440367672881,0.7635802751943311,88000000,1
1294278660000,1294278719000,0.7635802751943311,0.763667743438185,0.7635744446904851,0.7636035981001542,86000000,1
1294278720000,1294278779000,0.7636035981001542,0.7636560798478796,0.7635919364691508,0.7636094290492299,58000000,1
1294278780000,1294278839000,0.7636094290492299,0.7638369055439282,0.7636094290492299,0.7638077343171178,152000000,1
1294278840000,1294278899000,0.7637843989398673,0.7639185968343214,0.7637785653183429,0.7638777490050492,54000000,1
1294278900000,1294278959000,0.7638602441297341,0.7638602441297341,0.7638077343171178,0.7638427400566772,22000000,1
1294278960000,1294279019000,0.7638427400566772,0.7639010900868556,0.7637202340038797,0.7639010900868556,88000000,1
1294279020000,1294279079000,0.7639010900868556,0.7640820318469391,0.7639010900868556,0.7640003056001222,121000000,1
1294279080000,1294279139000,0.7639827951074543,0.7640119797078418,0.763761064988429,0.7638719139574676,67000000,1
1294279140000,1294279199000,0.7638719139574676,0.7638719139574676,0.7637668983426259,0.7637960664502578,49000000,1
1294279200000,1294279259000,0.7637785653183429,0.7637785653183429,0.7637027363469043,0.7637202340038797,17000000,1
1294279260000,1294279319000,0.7637260667343837,0.7638077343171178,0.7637260667343837,0.763761064988429,49000000,1
1294279320000,1294279379000,0.7637435654604611,0.7640061426093865,0.7637435654604611,0.7639419404125287,109000000,1
1294279380000,1294279439000,0.7639069255801874,0.7640236541723332,0.7638602441297341,0.7638602441297341,81000000,1
1294279440000,1294279499000,0.7638660789990299,0.7639477765299963,0.7638660789990299,0.7638952546826779,42000000,1
1294279500000,1294279559000,0.7639127611626751,0.7639302684450963,0.7638544093495779,0.7639302684450963,32000000,1
1294279560000,1294279619000,0.7639652854174307,0.76401781689549,0.7638777490050492,0.7638894193676523,72000000,1
1294279620000,1294279679000,0.7638894193676523,0.7639069255801874,0.7638427400566772,0.7639069255801874,108000000,1
1294279680000,1294279739000,0.7639069255801874,0.7639361043842293,0.7638019003391281,0.7638019003391281,80000000,1
1294279740000,1294279799000,0.7638019003391281,0.7639711218915924,0.7637144013624665,0.7639185968343214,171000000,1
1294279800000,1294279859000,0.7639594490324454,0.7639827951074543,0.7638894193676523,0.7639302684450963,94000000,1
1294279860000,1294279919000,0.7639302684450963,0.7639594490324454,0.7638427400566772,0.7638485746585596,97000000,1
1294279920000,1294279979000,0.7638427400566772,0.7638777490050492,0.7637027363469043,0.7637202340038797,94000000,1
1294279980000,1294280039000,0.7637202340038797,0.7638660789990299,0.7637027363469043,0.763831071120311,145000000,1
1294280040000,1294280099000,0.763831071120311,0.7638660789990299,0.7637493985473486,0.7637843989398673,75000000,1
1294280100000,1294280159000,0.7637727317859297,0.7640236541723332,0.7637727317859297,0.7639010900868556,94000000,1
1294280160000,1294280219000,0.7638952546826779,0.7638952546826779,0.7638485746585596,0.7638660789990299,25000000,1
1294280220000,1294280279000,0.7638485746585596,0.7639477765299963,0.7638369055439282,0.7638894193676523,51000000,1
1294280280000,1294280339000,0.7638894193676523,0.7639244325951278,0.7638485746585596,0.7638894193676523,59000000,1
1294280340000,1294280399000,0.7638952546826779,0.7638952546826779,0.7637318995539806,0.7637493985473486,65000000,1
1294280400000,1294280459000,0.7637144013624665,0.7638194025404633,0.7636735753669451,0.7637902326505048,88000000,1
1294280460000,1294280519000,0.7637902326505048,0.7638777490050492,0.7637902326505048,0.7638369055439282,57000000,1
1294280520000,1294280579000,0.7638544093495779,0.7640411665380531,0.7638544093495779,0.7640353289936127,78000000,1
1294280580000,1294280639000,0.7640353289936127,0.7640353289936127,0.7639944686800467,0.76401781689549,35000000,1
1294280640000,1294280699000,0.7640236541723332,0.7640236541723332,0.7639419404125287,0.7640236541723332,56000000,1
1294280700000,1294280759000,0.7640236541723332,0.7640820318469391,0.7640236541723332,0.7640645176078669,60000000,1
1294280760000,1294280819000,0.7640645176078669,0.7640645176078669,0.7639827951074543,0.7640236541723332,34000000,1
1294280820000,1294280879000,0.7640061426093865,0.7640703555983435,0.7640061426093865,0.7640236541723332,64000000,1
1294280880000,1294280939000,0.7640236541723332,0.7640937084524045,0.7640236541723332,0.7640820318469391,57000000,1
1294280940000,1294280999000,0.7640995468889688,0.7642221746706203,0.7640820318469391,0.764157936162246,104000000,1
1294281000000,1294281059000,0.7641812943702765,0.7642163343599306,0.7641345793821208,0.7641988139634408,38000000,1
1294281060000,1294281119000,0.7641988139634408,0.7642163343599306,0.7641637755803824,0.7641637755803824,64000000,1
1294281120000,1294281179000,0.7641637755803824,0.7641754546843955,0.7639652854174307,0.763988631849158,98000000,1
1294281180000,1294281239000,0.763988631849158,0.7640937084524045,0.7639536127366346,0.7639536127366346,91000000,1
1294281240000,1294281299000,0.7639711218915924,0.7642163343599306,0.7639711218915924,0.764157936162246,148000000,1
1294281300000,1294281359000,0.7641637755803824,0.7641637755803824,0.7640236541723332,0.7641229015274817,77000000,1
1294281360000,1294281419000,0.7641229015274817,0.7641287404101843,0.7640878701050621,0.7640995468889688,42000000,1
1294281420000,1294281479000,0.7641053854147564,0.7643506840938622,0.7640703555983435,0.7643214736118011,124000000,1
1294281480000,1294281539000,0.7643097900441006,0.7643565264582012,0.7642630593450266,0.7643039483941974,170000000,1
1294281540000,1294281599000,0.7643039483941974,0.7643156317833012,0.7641871341454095,0.7642396961382969,195000000,1
1294281600000,1294281659000,0.764251377563108,0.764333157536707,0.7642104941385055,0.764257218409428,166000000,1
1294281660000,1294281719000,0.7642805826875163,0.7643857396196416,0.7642747414840687,0.7643506840938622,151000000,1
1294281720000,1294281779000,0.7643506840938622,0.7643565264582012,0.7642163343599306,0.7642163343599306,88000000,1
1294281780000,1294281839000,0.7642046540063429,0.7642630593450266,0.7641404184432932,0.7641871341454095,155000000,1
1294281840000,1294281899000,0.7641929740097969,0.764251377563108,0.7641754546843955,0.7642396961382969,97000000,1
1294281900000,1294281959000,0.764251377563108,0.7642689003699061,0.7641754546843955,0.7641929740097969,83000000,1
1294281960000,1294282019000,0.7641988139634408,0.764257218409428,0.7641404184432932,0.7641404184432932,75000000,1
1294282020000,1294282079000,0.7641462575937034,0.7642221746706203,0.7640995468889688,0.7640995468889688,89000000,1
1294282080000,1294282139000,0.7640995468889688,0.7641112240297697,0.7639536127366346,0.7639711218915924,83000000,1
1294282140000,1294282199000,0.763988631849158,0.7640820318469391,0.7639711218915924,0.7640586797066015,37000000,1
1294282200000,1294282259000,0.7640820318469391,0.7641871341454095,0.7640528418945454,0.7641754546843955,67000000,1
1294282260000,1294282319000,0.7641754546843955,0.7642630593450266,0.7641520968333537,0.7641754546843955,111000000,1
1294282320000,1294282379000,0.7641754546843955,0.764257218409428,0.7640470041716966,0.7640586797066015,94000000,1
1294282380000,1294282439000,0.7640761936780336,0.7642221746706203,0.7638952546826779,0.7638952546826779,135000000,1
1294282440000,1294282499000,0.7638427400566772,0.763976958454933,0.7638427400566772,0.7639244325951278,150000000,1
1294282500000,1294282559000,0.7639594490324454,0.7640119797078418,0.7639361043842293,0.763988631849158,112000000,1
1294282560000,1294282619000,0.7639711218915924,0.7640995468889688,0.7639302684450963,0.7640528418945454,178000000,1
1294282620000,1294282679000,0.7640528418945454,0.7640995468889688,0.7640236541723332,0.7640294915383733,92000000,1
1294282680000,1294282739000,0.7640353289936127,0.7641053854147564,0.7638660789990299,0.7641053854147564,194000000,1
1294282740000,1294282799000,0.7641053854147564,0.7641929740097969,0.7639711218915924,0.7640353289936127,162000000,1
1294282800000,1294282859000,0.7640294915383733,0.7640937084524045,0.7639711218915924,0.7640236541723332,167000000,1
1294282860000,1294282919000,0.76401781689549,0.7640411665380531,0.7639536127366346,0.7639827951074543,72000000,1
1294282920000,1294282979000,0.763976958454933,0.7640411665380531,0.7638485746585596,0.7639419404125287,126000000,1
1294282980000,1294283039000,0.7639419404125287,0.7640236541723332,0.7638952546826779,0.7640236541723332,81000000,1
1294283040000,1294283099000,0.7640236541723332,0.7640411665380531,0.7638252367858235,0.7638835841417768,146000000,1
1294283100000,1294283159000,0.7639010900868556,0.7639069255801874,0.7637552317233373,0.7637785653183429,136000000,1
1294283160000,1294283219000,0.7637668983426259,0.7639594490324454,0.7637377324626723,0.7639302684450963,127000000,1
1294283220000,1294283279000,0.7639536127366346,0.7640586797066015,0.7638894193676523,0.76401781689549,110000000,1
1294283280000,1294283339000,0.7640294915383733,0.7640294915383733,0.7639944686800467,0.7639944686800467,57000000,1
1294283340000,1294283399000,0.7639944686800467,0.7640470041716966,0.763976958454933,0.763976958454933,47000000,1
1294283400000,1294283459000,0.763976958454933,0.7640820318469391,0.7639419404125287,0.7640820318469391,86000000,1
1294283460000,1294283519000,0.7640761936780336,0.7640937084524045,0.7638602441297341,0.7639361043842293,132000000,1
1294283520000,1294283579000,0.7639419404125287,0.7639944686800467,0.7638660789990299,0.763988631849158,129000000,1
1294283580000,1294283639000,0.7639652854174307,0.7640119797078418,0.7639361043842293,0.7639652854174307,104000000,1
1294283640000,1294283699000,0.7639652854174307,0.7640528418945454,0.7639652854174307,0.7640470041716966,86000000,1
1294283700000,1294283759000,0.7640470041716966,0.7641170627340108,0.7640119797078418,0.7640119797078418,137000000,1
1294283760000,1294283819000,0.7640119797078418,0.76401781689549,0.7639594490324454,0.763976958454933,88000000,1
1294283820000,1294283879000,0.763976958454933,0.7640294915383733,0.7639127611626751,0.7640236541723332,98000000,1
1294283880000,1294283939000,0.7640061426093865,0.7640236541723332,0.7638485746585596,0.7638660789990299,120000000,1
1294283940000,1294283999000,0.7638660789990299,0.7639827951074543,0.7638485746585596,0.7639594490324454,124000000,1
1294284000000,1294284059000,0.7639536127366346,0.7640294915383733,0.7639536127366346,0.7639711218915924,61000000,1
1294284060000,1294284119000,0.7639827951074543,0.76401781689549,0.7639594490324454,0.7639711218915924,53000000,1
1294284120000,1294284179000,0.7639711218915924,0.7640119797078418,0.7639594490324454,0.7640119797078418,29000000,1
1294284180000,1294284239000,0.7640003056001222,0.7640003056001222,0.7639302684450963,0.7639302684450963,46000000,1
1294284240000,1294284299000,0.7639302684450963,0.7639652854174307,0.7638427400566772,0.7639069255801874,91000000,1
1294284300000,1294284359000,0.7639010900868556,0.7639127611626751,0.7638194025404633,0.7638544093495779,123000000,1
1294284360000,1294284419000,0.7638544093495779,0.7639536127366346,0.7638485746585596,0.7639010900868556,68000000,1
1294284420000,1294284479000,0.7639594490324454,0.7639827951074543,0.7639127611626751,0.7639185968343214,66000000,1
1294284480000,1294284539000,0.7639185968343214,0.7640061426093865,0.7639010900868556,0.7640003056001222,110000000,1
1294284540000,1294284599000,0.763988631849158,0.7640353289936127,0.7639244325951278,0.7639477765299963,106000000,1
1294284600000,1294284659000,0.7639477765299963,0.7639477765299963,0.7638544093495779,0.7638544093495779,66000000,1
1294284660000,1294284719000,0.7638660789990299,0.7639594490324454,0.7638602441297341,0.7639361043842293,62000000,1
1294284720000,1294284779000,0.7639361043842293,0.7639419404125287,0.7639185968343214,0.7639185968343214,22000000,1
1294284780000,1294284839000,0.7639185968343214,0.7639185968343214,0.7638194025404633,0.7638485746585596,72000000,1
1294284840000,1294284899000,0.7638719139574676,0.7638719139574676,0.7637960664502578,0.7638485746585596,96000000,1
1294284900000,1294284959000,0.7638369055439282,0.7639010900868556,0.7638194025404633,0.7638194025404633,96000000,1
1294284960000,1294285019000,0.7638194025404633,0.7638427400566772,0.7637435654604611,0.7638135683842288,173000000,1
1294285020000,1294285079000,0.7638077343171178,0.7638660789990299,0.7638077343171178,0.7638135683842288,101000000,1
1294285080000,1294285139000,0.7638077343171178,0.7638835841417768,0.7638019003391281,0.7638485746585596,118000000,1
1294285140000,1294285199000,0.7638485746585596,0.7638485746585596,0.7638252367858235,0.763831071120311,99000000,1
1294285200000,1294285259000,0.763831071120311,0.7638894193676523,0.763831071120311,0.7638660789990299,88000000,1
1294285260000,1294285319000,0.7638660789990299,0.7639302684450963,0.7638544093495779,0.7639302684450963,44000000,1
1294285320000,1294285379000,0.7639302684450963,0.7639302684450963,0.7638019003391281,0.7638194025404633,114000000,1
1294285380000,1294285439000,0.7638194025404633,0.7638194025404633,0.763761064988429,0.7637668983426259,74000000,1
1294285440000,1294285499000,0.7637727317859297,0.7638194025404633,0.763761064988429,0.7637843989398673,47000000,1
1294285500000,1294285559000,0.7637843989398673,0.7638194025404633,0.7636852394916911,0.7637785653183429,79000000,1
1294285560000,1294285619000,0.7637785653183429,0.7637785653183429,0.7635861057872191,0.7636094290492299,140000000,1
1294285620000,1294285679000,0.7636210912145394,0.7636735753669451,0.7635219741624164,0.7636735753669451,124000000,1
1294285680000,1294285739000,0.763667743438185,0.7636735753669451,0.7635802751943311,0.7636210912145394,74000000,1
1294285740000,1294285799000,0.7636210912145394,0.763667743438185,0.763498656242365,0.7636327537360732,83000000,1
1294285800000,1294285859000,0.7636269224307772,0.7636385851304295,0.7635744446904851,0.7635744446904851,46000000,1
1294285860000,1294285919000,0.7635744446904851,0.7636560798478796,0.7635569537131774,0.7635627839499103,50000000,1
1294285920000,1294285979000,0.7635452935068109,0.7637027363469043,0.7635452935068109,0.7637027363469043,53000000,1
1294285980000,1294286039000,0.7637027363469043,0.7637202340038797,0.763667743438185,0.7637144013624665,62000000,1
1294286040000,1294286099000,0.7637493985473486,0.7637493985473486,0.7636210912145394,0.7636619115984972,58000000,1
1294286100000,1294286159000,0.7636735753669451,0.7637144013624665,0.7636735753669451,0.7636735753669451,36000000,1
1294286160000,1294286219000,0.7636735753669451,0.7637318995539806,0.7636269224307772,0.7636969039727513,112000000,1
1294286220000,1294286279000,0.7636969039727513,0.7637027363469043,0.7635919364691508,0.7635919364691508,31000000,1
1294286280000,1294286339000,0.7635861057872191,0.7635977672401286,0.7635627839499103,0.7635744446904851,46000000,1
1294286340000,1294286399000,0.7635744446904851,0.7636152600873576,0.7635336336565626,0.7635627839499103,78000000,1
1294286400000,1294286459000,0.7635569537131774,0.7635861057872191,0.7634928269848904,0.7635861057872191,55000000,1
1294286460000,1294286519000,0.7635686142756789,0.7636035981001542,0.7635161445488764,0.7635627839499103,59000000,1
1294286520000,1294286579000,0.7635977672401286,0.7636152600873576,0.7635977672401286,0.7636094290492299,15000000,1
1294286580000,1294286639000,0.7636094290492299,0.763644416613848,0.7636035981001542,0.7636035981001542,10000000,1
1294286640000,1294286699000,0.7636094290492299,0.7637260667343837,0.7636035981001542,0.7636269224307772,72000000,1
1294286700000,1294286759000,0.7636502481863306,0.7636735753669451,0.7636035981001542,0.7636735753669451,27000000,1
1294286760000,1294286819000,0.7636735753669451,0.7638719139574676,0.7636735753669451,0.7637960664502578,68000000,1
1294286820000,1294286879000,0.7637960664502578,0.7639185968343214,0.763761064988429,0.7639069255801874,48000000,1
1294286880000,1294286939000,0.7639185968343214,0.7640411665380531,0.7638835841417768,0.76401781689549,103000000,1
1294286940000,1294286999000,0.7640236541723332,0.7640236541723332,0.7638835841417768,0.763988631849158,67000000,1
1294287000000,1294287059000,0.7639711218915924,0.7640119797078418,0.7638719139574676,0.7638719139574676,56000000,1
1294287060000,1294287119000,0.7638602441297341,0.7638602441297341,0.7638427400566772,0.7638485746585596,15000000,1
1294287120000,1294287179000,0.7638485746585596,0.7638485746585596,0.7637377324626723,0.7637493985473486,31000000,1
1294287180000,1294287239000,0.7637377324626723,0.7638194025404633,0.7637260667343837,0.7637260667343837,35000000,1
1294287240000,1294287299000,0.7637260667343837,0.7637727317859297,0.7637260667343837,0.7637727317859297,28000000,1
1294287300000,1294287359000,0.7637727317859297,0.7637843989398673,0.7637435654604611,0.7637435654604611,19000000,1
1294287360000,1294287419000,0.7637552317233373,0.7638369055439282,0.7637552317233373,0.7638194025404633,32000000,1
1294287420000,1294287479000,0.7638194025404633,0.7638194025404633,0.7637318995539806,0.7637318995539806,67000000,1
1294287480000,1294287539000,0.7637318995539806,0.7637377324626723,0.7637085688101422,0.7637377324626723,33000000,1
1294287540000,1294287599000,0.7637377324626723,0.7638194025404633,0.7637085688101422,0.7637085688101422,31000000,1
1294287600000,1294287659000,0.7637085688101422,0.7637085688101422,0.7636210912145394,0.7636735753669451,63000000,1
1294287660000,1294287719000,0.763667743438185,0.7637377324626723,0.763644416613848,0.7637260667343837,85000000,1
1294287720000,1294287779000,0.7637202340038797,0.7638544093495779,0.763667743438185,0.763831071120311,88000000,1
1294287780000,1294287839000,0.7638019003391281,0.7638485746585596,0.7637843989398673,0.7638485746585596,44000000,1
1294287840000,1294287899000,0.7638485746585596,0.7638485746585596,0.7637260667343837,0.7637260667343837,55000000,1
1294287900000,1294287959000,0.7637260667343837,0.7638019003391281,0.7636735753669451,0.7636794073847799,62000000,1
1294287960000,1294288019000,0.7636794073847799,0.7637318995539806,0.7635511235654784,0.7635569537131774,34000000,1
1294288020000,1294288079000,0.763539463537173,0.7636619115984972,0.763539463537173,0.7636560798478796,29000000,1
1294288080000,1294288139000,0.7636560798478796,0.7636560798478796,0.7636210912145394,0.7636210912145394,58000000,1
1294288140000,1294288199000,0.7636269224307772,0.7636735753669451,0.7635744446904851,0.7635802751943311,68000000,1
1294288200000,1294288259000,0.7636152600873576,0.763667743438185,0.7635336336565626,0.7635336336565626,55000000,1
1294288260000,1294288319000,0.7635511235654784,0.763644416613848,0.7635511235654784,0.7636210912145394,27000000,1
1294288320000,1294288379000,0.7636210912145394,0.7636502481863306,0.7636152600873576,0.7636327537360732,25000000,1
1294288380000,1294288439000,0.7636327537360732,0.7636385851304295,0.7636327537360732,0.7636327537360732,17000000,1
1294288440000,1294288499000,0.7636327537360732,0.7637318995539806,0.7636327537360732,0.7636735753669451,39000000,1
1294288500000,1294288559000,0.7636735753669451,0.7637318995539806,0.7635278038649778,0.7635627839499103,95000000,1
1294288560000,1294288619000,0.7635861057872191,0.7636210912145394,0.7634753397465261,0.763498656242365,73000000,1
1294288620000,1294288679000,0.7635044855888529,0.7635219741624164,0.7634636820326457,0.7634753397465261,47000000,1
1294288680000,1294288739000,0.7634753397465261,0.7635511235654784,0.7634520246747695,0.763498656242365,69000000,1
1294288740000,1294288799000,0.763498656242365,0.7635219741624164,0.7634928269848904,0.7634928269848904,41000000,1
1294288800000,1294288859000,0.763498656242365,0.763539463537173,0.763498656242365,0.7635278038649778,48000000,1
1294288860000,1294288919000,0.7635278038649778,0.7635569537131774,0.7635161445488764,0.7635278038649778,26000000,1
1294288920000,1294288979000,0.7635219741624164,0.7635219741624164,0.7634520246747695,0.7634520246747695,11000000,1
1294288980000,1294289039000,0.7634461961293278,0.7634928269848904,0.763440367672881,0.7634520246747695,68000000,1
1294289040000,1294289099000,0.763457853309208,0.7636152600873576,0.763457853309208,0.7635861057872191,61000000,1
1294289100000,1294289159000,0.7635919364691508,0.7636152600873576,0.7635686142756789,0.7635744446904851,50000000,1
1294289160000,1294289219000,0.7635744446904851,0.7636035981001542,0.7635278038649778,0.7635744446904851,59000000,1
1294289220000,1294289279000,0.7635627839499103,0.7635861057872191,0.7635278038649778,0.7635627839499103,60000000,1
1294289280000,1294289339000,0.7635627839499103,0.7635977672401286,0.7635452935068109,0.7635744446904851,17000000,1
1294289340000,1294289399000,0.7635977672401286,0.7636794073847799,0.7635336336565626,0.7635336336565626,69000000,1
1294289400000,1294289459000,0.7635511235654784,0.7636035981001542,0.7635161445488764,0.7635919364691508,44000000,1
1294289460000,1294289519000,0.7636035981001542,0.7636152600873576,0.7635861057872191,0.7635977672401286,21000000,1
1294289520000,1294289579000,0.7635802751943311,0.7636735753669451,0.7635569537131774,0.7636152600873576,54000000,1
1294289580000,1294289639000,0.7636152600873576,0.7636269224307772,0.7636152600873576,0.7636269224307772,11000000,1
1294289640000,1294289699000,0.7636269224307772,0.763644416613848,0.7635919364691508,0.7636035981001542,27000000,1
1294289700000,1294289759000,0.7636035981001542,0.7636094290492299,0.7635861057872191,0.7636094290492299,16000000,1
1294289760000,1294289819000,0.7636094290492299,0.763667743438185,0.7636094290492299,0.7636619115984972,34000000,1
1294289820000,1294289879000,0.763667743438185,0.763667743438185,0.7636385851304295,0.763644416613848,9000000,1
1294289880000,1294289939000,0.763644416613848,0.763667743438185,0.7635977672401286,0.763644416613848,60000000,1
1294289940000,1294289999000,0.763644416613848,0.7636852394916911,0.7636327537360732,0.7636852394916911,44000000,1
1294290000000,1294290059000,0.7636794073847799,0.7636794073847799,0.7636735753669451,0.7636735753669451,24000000,1
1294290060000,1294290119000,0.7636852394916911,0.7637493985473486,0.7636852394916911,0.7637318995539806,57000000,1
1294290120000,1294290179000,0.7637318995539806,0.7637493985473486,0.7637202340038797,0.7637260667343837,58000000,1
1294290180000,1294290239000,0.7637260667343837,0.7637318995539806,0.763667743438185,0.7636735753669451,103000000,1
1294290240000,1294290299000,0.7636735753669451,0.7638019003391281,0.7635919364691508,0.7636794073847799,108000000,1
1294290300000,1294290359000,0.7636735753669451,0.7636852394916911,0.7635452935068109,0.7635627839499103,87000000,1
1294290360000,1294290419000,0.7635627839499103,0.7635627839499103,0.7634811687369731,0.7635044855888529,53000000,1
1294290420000,1294290479000,0.7635044855888529,0.7635044855888529,0.7634636820326457,0.7634636820326457,57000000,1
1294290480000,1294290539000,0.7634636820326457,0.763498656242365,0.763457853309208,0.763498656242365,46000000,1
1294290540000,1294290599000,0.763498656242365,0.7635744446904851,0.763440367672881,0.7635569537131774,99000000,1
1294290600000,1294290659000,0.7635569537131774,0.7636619115984972,0.7635569537131774,0.7636619115984972,82000000,1
1294290660000,1294290719000,0.7636502481863306,0.7636619115984972,0.7635802751943311,0.7635977672401286,143000000,1
1294290720000,1294290779000,0.7635977672401286,0.7636035981001542,0.7635103150243561,0.7635103150243561,110000000,1
1294290780000,1294290839000,0.7635103150243561,0.7635511235654784,0.7634811687369731,0.7635103150243561,110000000,1
1294290840000,1294290899000,0.7635044855888529,0.7635278038649778,0.7635044855888529,0.7635219741624164,33000000,1
1294290900000,1294290959000,0.7635103150243561,0.7635452935068109,0.7634636820326457,0.7635278038649778,125000000,1
1294290960000,1294291019000,0.7635278038649778,0.7635278038649778,0.7635103150243561,0.7635103150243561,57000000,1
1294291020000,1294291079000,0.7635219741624164,0.763539463537173,0.7634520246747695,0.763457853309208,63000000,1
1294291080000,1294291139000,0.7634461961293278,0.7634695108450844,0.7634170547370028,0.7634695108450844,87000000,1
1294291140000,1294291199000,0.7634695108450844,0.7635569537131774,0.7633354706726512,0.763539463537173,142000000,1
1294291200000,1294291259000,0.7635569537131774,0.7636094290492299,0.7635044855888529,0.7635219741624164,63000000,1
1294291260000,1294291319000,0.763539463537173,0.7635627839499103,0.7635103150243561,0.7635336336565626,174000000,1
1294291320000,1294291379000,0.7635336336565626,0.7635977672401286,0.7635161445488764,0.7635977672401286,80000000,1
1294291380000,1294291439000,0.7635977672401286,0.7636035981001542,0.7635452935068109,0.7635802751943311,98000000,1
1294291440000,1294291499000,0.7635802751943311,0.7637435654604611,0.7635744446904851,0.7636852394916911,97000000,1
1294291500000,1294291559000,0.7636735753669451,0.7637318995539806,0.7636269224307772,0.7637144013624665,82000000,1
1294291560000,1294291619000,0.7637144013624665,0.7638777490050492,0.7636269224307772,0.7638544093495779,98000000,1
1294291620000,1294291679000,0.7638544093495779,0.7638777490050492,0.7638369055439282,0.7638777490050492,63000000,1
1294291680000,1294291739000,0.7638777490050492,0.7638894193676523,0.7638369055439282,0.7638369055439282,43000000,1
1294291740000,1294291799000,0.7638252367858235,0.7639069255801874,0.7638077343171178,0.7639010900868556,106000000,1
1294291800000,1294291859000,0.7639010900868556,0.7639477765299963,0.7639010900868556,0.7639419404125287,57000000,1
1294291860000,1294291919000,0.7639419404125287,0.7639536127366346,0.7639069255801874,0.7639536127366346,100000000,1
1294291920000,1294291979000,0.7639594490324454,0.7639594490324454,0.7638602441297341,0.7638835841417768,70000000,1
1294291980000,1294292039000,0.7638835841417768,0.7638835841417768,0.7638019003391281,0.7638485746585596,53000000,1
1294292040000,1294292099000,0.7638485746585596,0.7639302684450963,0.763831071120311,0.7639069255801874,62000000,1
1294292100000,1294292159000,0.7638660789990299,0.7639652854174307,0.7638427400566772,0.7639302684450963,73000000,1
1294292160000,1294292219000,0.7639127611626751,0.7639302684450963,0.7638135683842288,0.7638194025404633,70000000,1
1294292220000,1294292279000,0.7638194025404633,0.7638952546826779,0.7637902326505048,0.7638544093495779,64000000,1
1294292280000,1294292339000,0.7638544093495779,0.7639185968343214,0.7638369055439282,0.7639185968343214,56000000,1
1294292340000,1294292399000,0.7638835841417768,0.7639185968343214,0.7638369055439282,0.7638369055439282,40000000,1
1294292400000,1294292459000,0.7638369055439282,0.7639185968343214,0.763831071120311,0.763831071120311,98000000,1
1294292460000,1294292519000,0.7638485746585596,0.7639185968343214,0.763831071120311,0.7638427400566772,89000000,1
1294292520000,1294292579000,0.7638427400566772,0.7638894193676523,0.763831071120311,0.7638485746585596,82000000,1
1294292580000,1294292639000,0.7638485746585596,0.7639069255801874,0.7637902326505048,0.7639069255801874,110000000,1
1294292640000,1294292699000,0.7639069255801874,0.7639069255801874,0.7637727317859297,0.7638077343171178,107000000,1
1294292700000,1294292759000,0.7638077343171178,0.7638077343171178,0.7637493985473486,0.7638019003391281,27000000,1
1294292760000,1294292819000,0.7638019003391281,0.7638369055439282,0.7637318995539806,0.7637552317233373,93000000,1
1294292820000,1294292879000,0.7637785653183429,0.7637785653183429,0.7637552317233373,0.763761064988429,54000000,1
1294292880000,1294292939000,0.763761064988429,0.7638252367858235,0.7637435654604611,0.7638135683842288,73000000,1
1294292940000,1294292999000,0.7638135683842288,0.7638544093495779,0.7637843989398673,0.7637843989398673,68000000,1
1294293000000,1294293059000,0.7637843989398673,0.7638660789990299,0.7637843989398673,0.7638427400566772,73000000,1
1294293060000,1294293119000,0.7638427400566772,0.7639010900868556,0.7638369055439282,0.7638952546826779,85000000,1
1294293120000,1294293179000,0.7638835841417768,0.7638894193676523,0.7637727317859297,0.7638077343171178,127000000,1
1294293180000,1294293239000,0.7638077343171178,0.7638602441297341,0.7637668983426259,0.7638077343171178,154000000,1
1294293240000,1294293299000,0.7638135683842288,0.7638777490050492,0.7638135683842288,0.7638777490050492,76000000,1
1294293300000,1294293359000,0.7638719139574676,0.7638719139574676,0.7638194025404633,0.7638369055439282,101000000,1
1294293360000,1294293419000,0.7638369055439282,0.7639010900868556,0.7637960664502578,0.7637960664502578,84000000,1
1294293420000,1294293479000,0.7637960664502578,0.7638719139574676,0.7637202340038797,0.7637668983426259,95000000,1
1294293480000,1294293539000,0.7637668983426259,0.7637843989398673,0.7636735753669451,0.7636969039727513,74000000,1
1294293540000,1294293599000,0.7636910716876808,0.7637552317233373,0.7636910716876808,0.7637085688101422,94000000,1
1294293600000,1294293659000,0.7637085688101422,0.7637960664502578,0.7637027363469043,0.7637377324626723,85000000,1
1294293660000,1294293719000,0.7637377324626723,0.7638369055439282,0.7636910716876808,0.7637377324626723,120000000,1
1294293720000,1294293779000,0.763761064988429,0.7637727317859297,0.7636735753669451,0.7636910716876808,51000000,1
1294293780000,1294293839000,0.7636852394916911,0.7637960664502578,0.763667743438185,0.7637843989398673,78000000,1
1294293840000,1294293899000,0.7637902326505048,0.7638544093495779,0.7637902326505048,0.7638369055439282,65000000,1
1294293900000,1294293959000,0.7638369055439282,0.7638719139574676,0.763831071120311,0.763831071120311,57000000,1
1294293960000,1294294019000,0.763831071120311,0.7638485746585596,0.763831071120311,0.7638427400566772,48000000,1
1294294020000,1294294079000,0.7638427400566772,0.7639244325951278,0.7638135683842288,0.7638894193676523,64000000,1
1294294080000,1294294139000,0.7638777490050492,0.7639302684450963,0.7638777490050492,0.7639244325951278,53000000,1
1294294140000,1294294199000,0.7639419404125287,0.7640236541723332,0.7639361043842293,0.7639361043842293,79000000,1
1294294200000,1294294259000,0.7639361043842293,0.7639361043842293,0.7638719139574676,0.7639185968343214,58000000,1
1294294260000,1294294319000,0.7639185968343214,0.7639536127366346,0.7638952546826779,0.7639536127366346,81000000,1
1294294320000,1294294379000,0.7639536127366346,0.763976958454933,0.7639244325951278,0.7639536127366346,45000000,1
1294294380000,1294294439000,0.7639536127366346,0.7639536127366346,0.7639361043842293,0.7639419404125287,9000000,1
1294294440000,1294294499000,0.7639477765299963,0.7642280150705765,0.7639477765299963,0.7641462575937034,62000000,1
1294294500000,1294294559000,0.7641462575937034,0.7642280150705765,0.7641112240297697,0.7641871341454095,127000000,1
1294294560000,1294294619000,0.7641871341454095,0.7642280150705765,0.7641871341454095,0.7642046540063429,46000000,1
1294294620000,1294294679000,0.7642046540063429,0.7642981068335895,0.7642046540063429,0.7642747414840687,52000000,1
1294294680000,1294294739000,0.7642630593450266,0.7642630593450266,0.7641229015274817,0.7641754546843955,107000000,1
1294294740000,1294294799000,0.7641754546843955,0.7642338555598013,0.7641754546843955,0.7642338555598013,45000000,1
1294294800000,1294294859000,0.7642338555598013,0.7642338555598013,0.7641988139634408,0.7642104941385055,35000000,1
1294294860000,1294294919000,0.7641929740097969,0.7642221746706203,0.7641462575937034,0.7641462575937034,46000000,1
1294294920000,1294294979000,0.7641462575937034,0.7641637755803824,0.7641345793821208,0.7641520968333537,40000000,1
1294294980000,1294295039000,0.7641520968333537,0.7641871341454095,0.7641345793821208,0.764157936162246,49000000,1
1294295040000,1294295099000,0.7641462575937034,0.7641754546843955,0.7640411665380531,0.7640937084524045,91000000,1
1294295100000,1294295159000,0.7640703555983435,0.7640995468889688,0.7639944686800467,0.7640528418945454,57000000,1
1294295160000,1294295219000,0.7640470041716966,0.7640703555983435,0.7639827951074543,0.7640003056001222,46000000,1
1294295220000,1294295279000,0.7640411665380531,0.7640703555983435,0.7640411665380531,0.7640703555983435,44000000,1
1294295280000,1294295339000,0.7640703555983435,0.7640703555983435,0.7639594490324454,0.763988631849158,70000000,1
1294295340000,1294295399000,0.763988631849158,0.7640411665380531,0.763988631849158,0.76401781689549,56000000,1
1294295400000,1294295459000,0.76401781689549,0.7640353289936127,0.763988631849158,0.7640061426093865,31000000,1
1294295460000,1294295519000,0.7640820318469391,0.7641229015274817,0.7640411665380531,0.7640995468889688,88000000,1
1294295520000,1294295579000,0.7640995468889688,0.7641229015274817,0.7640645176078669,0.7641112240297697,63000000,1
1294295580000,1294295639000,0.7641229015274817,0.7641229015274817,0.7640645176078669,0.7640820318469391,34000000,1
1294295640000,1294295699000,0.7640937084524045,0.7641112240297697,0.7640820318469391,0.7640995468889688,23000000,1
1294295700000,1294295759000,0.7640995468889688,0.7641112240297697,0.7640470041716966,0.7640878701050621,50000000,1
1294295760000,1294295819000,0.7640761936780336,0.7640820318469391,0.7640119797078418,0.7640294915383733,103000000,1
1294295820000,1294295879000,0.7640294915383733,0.7641053854147564,0.7640294915383733,0.7640761936780336,45000000,1
1294295880000,1294295939000,0.7640878701050621,0.7640937084524045,0.7640586797066015,0.7640937084524045,17000000,1
1294295940000,1294295999000,0.7640937084524045,0.7640995468889688,0.7640761936780336,0.7640820318469391,44000000,1
1294296000000,1294296059000,0.7640820318469391,0.7641229015274817,0.7640761936780336,0.7640995468889688,17000000,1
1294296060000,1294296119000,0.7640995468889688,0.7640995468889688,0.7640061426093865,0.7640470041716966,39000000,1
1294296120000,1294296179000,0.7640470041716966,0.7641754546843955,0.7640061426093865,0.7641754546843955,46000000,1
1294296180000,1294296239000,0.7641462575937034,0.7641929740097969,0.7641462575937034,0.7641637755803824,63000000,1
1294296240000,1294296299000,0.7641637755803824,0.7642396961382969,0.7641462575937034,0.7642338555598013,50000000,1
1294296300000,1294296359000,0.7642747414840687,0.7644091117566121,0.7642747414840687,0.7643915825198933,70000000,1
1294296360000,1294296419000,0.7644091117566121,0.7644500164356753,0.7643565264582012,0.7644383289378129,128000000,1
1294296420000,1294296479000,0.7644266417973199,0.7646312183633833,0.7644207983610819,0.7646312183633833,164000000,1
1294296480000,1294296539000,0.764625371799087,0.7646955364721536,0.7645376840624475,0.7645376840624475,128000000,1
1294296540000,1294296599000,0.7645376840624475,0.7645435292858398,0.7644441726420719,0.76447923674393,114000000,1
1294296600000,1294296659000,0.76447923674393,0.764514304062629,0.7643915825198933,0.7644383289378129,58000000,1
1294296660000,1294296719000,0.7644266417973199,0.764508459286102,0.7642922653622746,0.7642922653622746,108000000,1
1294296720000,1294296779000,0.7642981068335895,0.7644617042909235,0.7642981068335895,0.7644441726420719,121000000,1
1294296780000,1294296839000,0.7644441726420719,0.7644617042909235,0.7643915825198933,0.7643974255094709,84000000,1
1294296840000,1294296899000,0.7643974255094709,0.7647715627342113,0.7643915825198933,0.7646896889242345,178000000,1
1294296900000,1294296959000,0.7647013841095052,0.7647364718118137,0.7645961403186837,0.764654605514689,203000000,1
1294296960000,1294297019000,0.7646604525260557,0.7647072318362914,0.7644850810736428,0.7646429117602079,131000000,1
1294297020000,1294297079000,0.7646195253241987,0.7647130796525144,0.7646136789387162,0.7646487585927404,76000000,1
1294297080000,1294297139000,0.7646487585927404,0.7647715627342113,0.7646078326426375,0.7647481684281366,99000000,1
1294297140000,1294297199000,0.7648066568771414,0.7648242051564448,0.7646312183633833,0.7646312183633833,81000000,1
1294297200000,1294297259000,0.7646429117602079,0.7646721468170522,0.7644091117566121,0.7644091117566121,151000000,1
1294297260000,1294297319000,0.7644091117566121,0.7645026145989419,0.764379896808714,0.7644324853228963,115000000,1
1294297320000,1294297379000,0.7644558603186252,0.7645786025032304,0.7644383289378129,0.7645786025032304,74000000,1
1294297380000,1294297439000,0.7645844483523204,0.7649236606186702,0.7645844483523204,0.7648710045050903,106000000,1
1294297440000,1294297499000,0.7648651542733016,0.7648651542733016,0.7646955364721536,0.7647657140235089,85000000,1
1294297500000,1294297559000,0.764777411534373,0.7650055845407672,0.7647540168704736,0.7648008076296529,77000000,1
1294297560000,1294297619000,0.7648183556405354,0.764830054761832,0.7647540168704736,0.7648008076296529,75000000,1
1294297620000,1294297679000,0.7648008076296529,0.7648066568771414,0.7646078326426375,0.7646078326426375,69000000,1
1294297680000,1294297739000,0.7646078326426375,0.7646078326426375,0.7644617042909235,0.7645376840624475,129000000,1
1294297740000,1294297799000,0.764520148928525,0.7645435292858398,0.7644149550141799,0.764525993883792,107000000,1
1294297800000,1294297859000,0.764525993883792,0.7645961403186837,0.7644733925035739,0.7645961403186837,98000000,1
1294297860000,1294297919000,0.7645961403186837,0.7646195253241987,0.764525993883792,0.7645610654923009,93000000,1
1294297920000,1294297979000,0.764514304062629,0.7646721468170522,0.764514304062629,0.7645376840624475,103000000,1
1294297980000,1294298039000,0.7645376840624475,0.7646721468170522,0.7643039483941974,0.7643740540871081,84000000,1
1294298040000,1294298099000,0.7643740540871081,0.7644324853228963,0.7640236541723332,0.7640528418945454,188000000,1
1294298100000,1294298159000,0.7640353289936127,0.7640937084524045,0.7639244325951278,0.7640937084524045,175000000,1
1294298160000,1294298219000,0.7640937084524045,0.7641229015274817,0.763976958454933,0.7640294915383733,147000000,1
1294298220000,1294298279000,0.7640294915383733,0.7640411665380531,0.7639069255801874,0.7639594490324454,185000000,1
1294298280000,1294298339000,0.7639594490324454,0.7641053854147564,0.7639594490324454,0.7641053854147564,155000000,1
1294298340000,1294298399000,0.7640995468889688,0.7641229015274817,0.7639536127366346,0.7640294915383733,65000000,1
1294298400000,1294298459000,0.7640294915383733,0.7641404184432932,0.763976958454933,0.7641053854147564,77000000,1
1294298460000,1294298519000,0.7641053854147564,0.7641404184432932,0.7639361043842293,0.7639944686800467,66000000,1
1294298520000,1294298579000,0.7639944686800467,0.7640528418945454,0.7638602441297341,0.7638719139574676,172000000,1
1294298580000,1294298639000,0.7638660789990299,0.7639944686800467,0.7638369055439282,0.7639477765299963,219000000,1
1294298640000,1294298699000,0.7639477765299963,0.7640878701050621,0.7639477765299963,0.7640820318469391,196000000,1
1294298700000,1294298759000,0.7640820318469391,0.7645376840624475,0.7640820318469391,0.764508459286102,169000000,1
1294298760000,1294298819000,0.764508459286102,0.764525993883792,0.7644733925035739,0.7644850810736428,123000000,1
1294298820000,1294298879000,0.7644675483525724,0.7646429117602079,0.7642922653622746,0.7646370650170897,160000000,1
1294298880000,1294298939000,0.7646370650170897,0.764654605514689,0.7645376840624475,0.764625371799087,103000000,1
1294298940000,1294298999000,0.7646078326426375,0.7646370650170897,0.7644032685883765,0.7644500164356753,90000000,1
1294299000000,1294299059000,0.7644558603186252,0.7645844483523204,0.7643623689118537,0.7645552200007646,105000000,1
1294299060000,1294299119000,0.7645552200007646,0.7646195253241987,0.7644207983610819,0.7644207983610819,105000000,1
1294299120000,1294299179000,0.7644091117566121,0.764625371799087,0.7643506840938622,0.764625371799087,76000000,1
1294299180000,1294299239000,0.7646429117602079,0.7648008076296529,0.764514304062629,0.764514304062629,118000000,1
1294299240000,1294299299000,0.7645318389284321,0.7645902942908043,0.7644967700011468,0.7645786025032304,77000000,1
1294299300000,1294299359000,0.7645669110732225,0.7646487585927404,0.7645435292858398,0.7645727567435318,87000000,1
1294299360000,1294299419000,0.7645727567435318,0.7647540168704736,0.7645026145989419,0.764683841465746,67000000,1
1294299420000,1294299479000,0.7647189275581759,0.764876854826373,0.7645435292858398,0.7647832604239958,103000000,1
1294299480000,1294299539000,0.7647832604239958,0.7650407001652487,0.764777411534373,0.7650407001652487,65000000,1
1294299540000,1294299599000,0.7649938800489596,0.7652397496135539,0.7649938800489596,0.7650524060898172,151000000,1
1294299600000,1294299659000,0.765058259186437,0.7654681986236882,0.765046553082755,0.7654330437444985,134000000,1
1294299660000,1294299719000,0.7654330437444985,0.7655619607572939,0.7653861755948964,0.7655619607572939,147000000,1
1294299720000,1294299779000,0.765591266134836,0.7663951073336348,0.7655736826390855,0.7662893968536156,226000000,1
1294299780000,1294299839000,0.7663128855511705,0.7663657403859419,0.7658668463900866,0.7658961751145015,224000000,1
1294299840000,1294299899000,0.7659020411289397,0.7659255060852782,0.765620573756058,0.7656322974328349,208000000,1
1294299900000,1294299959000,0.7656322974328349,0.7658375199117755,0.7655560999510044,0.7658257899493024,224000000,1
1294299960000,1294300019000,0.7658257899493024,0.7661954564609431,0.7658023311022959,0.7661954564609431,245000000,1
1294300020000,1294300079000,0.7661719749614998,0.7664009809932557,0.7661367554108408,0.766242423778035,249000000,1
1294300080000,1294300139000,0.7662365525485028,0.7669005713409257,0.766160234751496,0.7668652847754236,240000000,1
1294300140000,1294300199000,0.7668652847754236,0.7668770466031182,0.7667006570624632,0.7667359284788726,239000000,1
1294300200000,1294300259000,0.7667359284788726,0.7669535072783887,0.766512597634542,0.7668417622023695,232000000,1
1294300260000,1294300319000,0.7668358817845805,0.7671241283552093,0.7667947213851379,0.7668535233085129,271000000,1
1294300320000,1294300379000,0.7668535233085129,0.7670358665971221,0.7668123610152595,0.7669240975220682,192000000,1
1294300380000,1294300439000,0.7669593895003259,0.7669711542148899,0.7664362248417309,0.7665008469834359,206000000,1
1294300440000,1294300499000,0.7664714719318146,0.7665243486459348,0.7662659095959481,0.7663951073336348,193000000,1
1294300500000,1294300559000,0.7663833602844815,0.7666242467916776,0.7663363756887448,0.7665654800233036,238000000,1
1294300560000,1294300619000,0.766553727750778,0.7666066158150944,0.7664303506418854,0.7665831091077739,213000000,1
1294300620000,1294300679000,0.7665831091077739,0.7665831091077739,0.766447973511558,0.7665713562947006,159000000,1
1294300680000,1294300739000,0.766541975838597,0.7667770825665563,0.7665243486459348,0.7666477560220181,189000000,1
1294300740000,1294300799000,0.7666712666942668,0.7667359284788726,0.7665184730952016,0.7666830225711482,139000000,1
1294300800000,1294300859000,0.7667182923650192,0.7667418073637884,0.766301141022399,0.7663481212975806,126000000,1
1294300860000,1294300919000,0.766359867266471,0.7666477560220181,0.7663481212975806,0.7665713562947006,137000000,1
1294300920000,1294300979000,0.7666007390031124,0.7666477560220181,0.7664068547429089,0.7664068547429089,124000000,1
1294300980000,1294301039000,0.7664127285825962,0.766553727750778,0.7664068547429089,0.766512597634542,96000000,1
1294301040000,1294301099000,0.7665067222639543,0.7666947788085563,0.7664538479815438,0.7666066158150944,162000000,1
1294301100000,1294301159000,0.7666007390031124,0.7666653888910185,0.7665302242867436,0.7665302242867436,128000000,1
1294301160000,1294301219000,0.766512597634542,0.766512597634542,0.766160234751496,0.7662248103593595,169000000,1
1294301220000,1294301279000,0.7662306814089449,0.7664244765320826,0.7661778452014282,0.7664068547429089,176000000,1
1294301280000,1294301339000,0.7663951073336348,0.7665067222639543,0.7663481212975806,0.7664714719318146,92000000,1
1294301340000,1294301399000,0.7664714719318146,0.7666653888910185,0.7664244765320826,0.7666653888910185,95000000,1
1294301400000,1294301459000,0.7666889006447853,0.7667888416887757,0.7666007390031124,0.766618369709375,56000000,1
1294301460000,1294301519000,0.766618369709375,0.7666242467916776,0.766377486894945,0.766494971792985,92000000,1
1294301520000,1294301579000,0.7664655971916701,0.7667476863388564,0.7664420991316211,0.7665654800233036,134000000,1
1294301580000,1294301639000,0.7665654800233036,0.766618369709375,0.7664186025123202,0.7665008469834359,141000000,1
1294301640000,1294301699000,0.7664655971916701,0.7666477560220181,0.766389233764044,0.7665361000176303,143000000,1
1294301700000,1294301759000,0.766553727750778,0.7666360012266176,0.7663657403859419,0.7666360012266176,142000000,1
1294301760000,1294301819000,0.7666418785792594,0.7666830225711482,0.7664538479815438,0.7664890966925995,127000000,1
1294301820000,1294301879000,0.7664538479815438,0.7666477560220181,0.7664362248417309,0.7666242467916776,162000000,1
1294301880000,1294301939000,0.7666360012266176,0.7666947788085563,0.7665361000176303,0.766553727750778,111000000,1
1294301940000,1294301999000,0.7665361000176303,0.7666360012266176,0.7664362248417309,0.766618369709375,107000000,1
1294302000000,1294302059000,0.766618369709375,0.7667829620825826,0.7665654800233036,0.7667182923650192,154000000,1
1294302060000,1294302119000,0.7667241709794902,0.7669299792928905,0.7666830225711482,0.7667535654040791,147000000,1
1294302120000,1294302179000,0.7667770825665563,0.76700056758042,0.7667653238049963,0.7668594039968712,145000000,1
1294302180000,1294302239000,0.7668711656441718,0.7669240975220682,0.7666242467916776,0.7666712666942668,128000000,1
1294302240000,1294302299000,0.7666947788085563,0.7667653238049963,0.766630123964091,0.7666536335548962,64000000,1
1294302300000,1294302359000,0.7666360012266176,0.7666947788085563,0.7665889856494541,0.7666066158150944,34000000,1
1294302360000,1294302419000,0.7666360012266176,0.7667888416887757,0.7666066158150944,0.7666712666942668,69000000,1
1294302420000,1294302479000,0.7666889006447853,0.7667535654040791,0.766389233764044,0.7664303506418854,182000000,1
1294302480000,1294302539000,0.7664186025123202,0.7664186025123202,0.766160234751496,0.766242423778035,172000000,1
1294302540000,1294302599000,0.766242423778035,0.7664714719318146,0.7662130685300969,0.7663833602844815,148000000,1
1294302600000,1294302659000,0.7663833602844815,0.7665713562947006,0.7663716135954324,0.766512597634542,137000000,1
1294302660000,1294302719000,0.7664773467620164,0.7664773467620164,0.7662776530448042,0.766301141022399,143000000,1
1294302720000,1294302779000,0.766301141022399,0.7663363756887448,0.7660428524371654,0.7660721946436232,135000000,1
1294302780000,1294302839000,0.7660721946436232,0.766119146849718,0.7659255060852782,0.766119146849718,120000000,1
1294302840000,1294302899000,0.7661250162801566,0.7661308858005301,0.7657847379101734,0.7658492502335841,171000000,1
1294302900000,1294302959000,0.7658433850277618,0.7658785776103056,0.7656322974328349,0.7656909212027474,135000000,1
1294302960000,1294303019000,0.7656909212027474,0.765872711955273,0.7656088504383111,0.7658433850277618,210000000,1
1294303020000,1294303079000,0.7658551155292441,0.7659372391026279,0.7657612815780809,0.7657788736924326,160000000,1
1294303080000,1294303139000,0.7657788736924326,0.7658433850277618,0.7656264355495667,0.7657906022177297,158000000,1
1294303140000,1294303199000,0.7658375199117755,0.7661778452014282,0.7657847379101734,0.7660487206986365,197000000,1
1294303200000,1294303259000,0.7660604574913052,0.7664244765320826,0.7660604574913052,0.7662013270606984,146000000,1
1294303260000,1294303319000,0.7661895859511477,0.7662600380064979,0.7661074082586379,0.7662600380064979,187000000,1
1294303320000,1294303379000,0.7662600380064979,0.7666066158150944,0.7662130685300969,0.7666066158150944,196000000,1
1294303380000,1294303439000,0.766630123964091,0.7666830225711482,0.766447973511558,0.7666477560220181,130000000,1
1294303440000,1294303499000,0.7666360012266176,0.7667182923650192,0.7664538479815438,0.7665243486459348,166000000,1
1294303500000,1294303559000,0.7665243486459348,0.7666066158150944,0.766242423778035,0.7662659095959481,149000000,1
1294303560000,1294303619000,0.7662659095959481,0.766553727750778,0.7662659095959481,0.7665067222639543,146000000,1
1294303620000,1294303679000,0.7665067222639543,0.766630123964091,0.7663187579505572,0.766618369709375,116000000,1
1294303680000,1294303739000,0.766618369709375,0.7666595111778957,0.7665008469834359,0.7666007390031124,61000000,1
1294303740000,1294303799000,0.766594862281233,0.7666007390031124,0.7665008469834359,0.766512597634542,46000000,1
1294303800000,1294303859000,0.7664890966925995,0.7665008469834359,0.7662952688930098,0.7663128855511705,90000000,1
1294303860000,1294303919000,0.7663187579505572,0.7664420991316211,0.7663187579505572,0.7664420991316211,62000000,1
1294303920000,1294303979000,0.7664655971916701,0.7665713562947006,0.7663539942370179,0.7664186025123202,68000000,1
1294303980000,1294304039000,0.766389233764044,0.7664127285825962,0.7662306814089449,0.7663363756887448,110000000,1
1294304040000,1294304099000,0.766324630439947,0.7664890966925995,0.766301141022399,0.7664890966925995,76000000,1
1294304100000,1294304159000,0.7664890966925995,0.7666771445876427,0.7664303506418854,0.7664303506418854,95000000,1
1294304160000,1294304219000,0.766447973511558,0.766512597634542,0.766359867266471,0.766512597634542,61000000,1
1294304220000,1294304279000,0.7664890966925995,0.7665596038419967,0.7664890966925995,0.7665596038419967,37000000,1
1294304280000,1294304339000,0.766541975838597,0.766630123964091,0.7664890966925995,0.766630123964091,40000000,1
1294304340000,1294304399000,0.7666242467916776,0.7666712666942668,0.7665889856494541,0.7666712666942668,75000000,1
1294304400000,1294304459000,0.7666477560220181,0.7667418073637884,0.7665596038419967,0.7665654800233036,78000000,1
1294304460000,1294304519000,0.7665654800233036,0.7667653238049963,0.7665654800233036,0.766594862281233,85000000,1
1294304520000,1294304579000,0.7666124927171813,0.766977036707521,0.7666124927171813,0.7669535072783887,82000000,1
1294304580000,1294304639000,0.7668888087916133,0.7668946900211663,0.7667241709794902,0.7668594039968712,109000000,1
1294304640000,1294304699000,0.7668594039968712,0.7671653241273494,0.7668064810483778,0.766830001456977,174000000,1
1294304700000,1294304759000,0.7667829620825826,0.766830001456977,0.7664890966925995,0.7665831091077739,183000000,1
1294304760000,1294304819000,0.7665361000176303,0.7667124138406924,0.7664597225415805,0.7665302242867436,195000000,1
1294304820000,1294304879000,0.7665302242867436,0.766553727750778,0.7664362248417309,0.7664890966925995,97000000,1
1294304880000,1294304939000,0.7665008469834359,0.7665889856494541,0.7664538479815438,0.7665184730952016,69000000,1
1294304940000,1294304999000,0.7665184730952016,0.766594862281233,0.7664773467620164,0.766494971792985,45000000,1
1294305000000,1294305059000,0.766512597634542,0.7666360012266176,0.7663305030193421,0.7663481212975806,94000000,1
1294305060000,1294305119000,0.7664068547429089,0.7664068547429089,0.7662835249042146,0.766301141022399,55000000,1
1294305120000,1294305179000,0.766301141022399,0.766324630439947,0.7661661048115231,0.7661954564609431,112000000,1
1294305180000,1294305239000,0.7661954564609431,0.766301141022399,0.7659607062157712,0.7659900421294522,164000000,1
1294305240000,1294305299000,0.7660193802903214,0.7663305030193421,0.7658668463900866,0.7662952688930098,174000000,1
1294305300000,1294305359000,0.7662659095959481,0.766359867266471,0.7661895859511477,0.766301141022399,101000000,1
1294305360000,1294305419000,0.766301141022399,0.766301141022399,0.7659431057461052,0.7661308858005301,163000000,1
1294305420000,1294305479000,0.766119146849718,0.7663833602844815,0.766119146849718,0.766242423778035,115000000,1
1294305480000,1294305539000,0.7662659095959481,0.766618369709375,0.7662071977504157,0.7665713562947006,183000000,1
1294305540000,1294305599000,0.7665654800233036,0.7665654800233036,0.7662071977504157,0.7662071977504157,263000000,1
1294305600000,1294305659000,0.7662189393997441,0.7663070132417853,0.7660076447562947,0.7660076447562947,90000000,1
1294305660000,1294305719000,0.76601351247836,0.7662189393997441,0.7659841747669494,0.7661954564609431,119000000,1
1294305720000,1294305779000,0.7662071977504157,0.7662952688930098,0.7661778452014282,0.7662130685300969,152000000,1
1294305780000,1294305839000,0.7662130685300969,0.7665008469834359,0.7661484949012818,0.7665008469834359,153000000,1
1294305840000,1294305899000,0.7665008469834359,0.7666771445876427,0.7664186025123202,0.7664773467620164,141000000,1
1294305900000,1294305959000,0.7664714719318146,0.7665184730952016,0.7663951073336348,0.7664832216822774,76000000,1
1294305960000,1294306019000,0.7664832216822774,0.766541975838597,0.7663951073336348,0.766494971792985,109000000,1
1294306020000,1294306079000,0.766494971792985,0.766512597634542,0.7663363756887448,0.7664362248417309,88000000,1
1294306080000,1294306139000,0.7664009809932557,0.7666007390031124,0.7663187579505572,0.7664068547429089,175000000,1
1294306140000,1294306199000,0.7663951073336348,0.7666536335548962,0.7663128855511705,0.7665772326561902,116000000,1
1294306200000,1294306259000,0.7665831091077739,0.766594862281233,0.7664714719318146,0.7665067222639543,79000000,1
1294306260000,1294306319000,0.7664655971916701,0.7665713562947006,0.7663539942370179,0.7664832216822774,208000000,1
1294306320000,1294306379000,0.7664773467620164,0.7666242467916776,0.766389233764044,0.7664773467620164,173000000,1
1294306380000,1294306439000,0.766541975838597,0.7666242467916776,0.7662952688930098,0.766324630439947,147000000,1
1294306440000,1294306499000,0.766324630439947,0.7663657403859419,0.7660604574913052,0.7662717812753828,144000000,1
1294306500000,1294306559000,0.7662776530448042,0.7663363756887448,0.7662130685300969,0.7662776530448042,71000000,1
1294306560000,1294306619000,0.7662659095959481,0.766324630439947,0.7662013270606984,0.7662835249042146,163000000,1
1294306620000,1294306679000,0.7662717812753828,0.7662893968536156,0.7660604574913052,0.766095670027273,199000000,1
1294306680000,1294306739000,0.766095670027273,0.7661719749614998,0.7660487206986365,0.7660663260225071,132000000,1
1294306740000,1294306799000,0.766083932155607,0.7661132775092124,0.7659255060852782,0.7660604574913052,82000000,1
1294306800000,1294306859000,0.7660663260225071,0.7661484949012818,0.7658844433551866,0.7659607062157712,101000000,1
1294306860000,1294306919000,0.7659548393026747,0.7660898010464786,0.7659020411289397,0.7659489724794535,120000000,1
1294306920000,1294306979000,0.7659489724794535,0.7660193802903214,0.7658785776103056,0.7660193802903214,77000000,1
1294306980000,1294307039000,0.7660487206986365,0.7662248103593595,0.7659255060852782,0.7660545890500157,212000000,1
1294307040000,1294307099000,0.766083932155607,0.7661719749614998,0.7659783074943317,0.7660076447562947,117000000,1
1294307100000,1294307159000,0.7659959095818428,0.7661837155313101,0.7659548393026747,0.7661308858005301,107000000,1
1294307160000,1294307219000,0.7661074082586379,0.7663833602844815,0.766095670027273,0.7662893968536156,199000000,1
1294307220000,1294307279000,0.7662893968536156,0.7663363756887448,0.7662189393997441,0.7662541665070304,107000000,1
1294307280000,1294307339000,0.7662600380064979,0.7665008469834359,0.7661895859511477,0.7665008469834359,118000000,1
1294307340000,1294307399000,0.7664714719318146,0.766594862281233,0.7664244765320826,0.7665654800233036,137000000,1
1294307400000,1294307459000,0.7665361000176303,0.766594862281233,0.7664655971916701,0.766512597634542,128000000,1
1294307460000,1294307519000,0.766512597634542,0.766618369709375,0.766512597634542,0.7666066158150944,116000000,1
1294307520000,1294307579000,0.7666066158150944,0.7666066158150944,0.7664832216822774,0.766494971792985,156000000,1
1294307580000,1294307639000,0.766494971792985,0.7665772326561902,0.7664420991316211,0.7664538479815438,85000000,1
1294307640000,1294307699000,0.7664362248417309,0.7664420991316211,0.7663481212975806,0.7663716135954324,62000000,1
1294307700000,1294307759000,0.7664244765320826,0.7666418785792594,0.766342248448157,0.7665243486459348,121000000,1
1294307760000,1294307819000,0.7665361000176303,0.7668182410723187,0.7664186025123202,0.7667888416887757,178000000,1
1294307820000,1294307879000,0.766830001456977,0.7669535072783887,0.7666242467916776,0.7666360012266176,162000000,1
1294307880000,1294307939000,0.7666712666942668,0.7670064505242489,0.766618369709375,0.7670064505242489,125000000,1
1294307940000,1294307999000,0.7670123335583237,0.7673066003713763,0.7669888019634913,0.7672712764324955,140000000,1
1294308000000,1294308059000,0.7673066003713763,0.767324263560538,0.7670064505242489,0.7671417831443608,203000000,1
1294308060000,1294308119000,0.7671417831443608,0.7672006383109311,0.7668888087916133,0.7669005713409257,161000000,1
1294308120000,1294308179000,0.7669064527508934,0.7669652718124923,0.7665713562947006,0.7665772326561902,165000000,1
1294308180000,1294308239000,0.7665831091077739,0.7666595111778957,0.7665008469834359,0.7665008469834359,109000000,1
1294308240000,1294308299000,0.766618369709375,0.7668064810483778,0.7664244765320826,0.7667359284788726,182000000,1
1294308300000,1294308359000,0.7667594445594584,0.7668770466031182,0.7666477560220181,0.7668241212195571,104000000,1
1294308360000,1294308419000,0.7668241212195571,0.7672124104279511,0.7667653238049963,0.767112358947215,191000000,1
1294308420000,1294308479000,0.7671417831443608,0.7673124880107424,0.7669888019634913,0.7671300131946363,136000000,1
1294308480000,1294308539000,0.7671358981243528,0.7671947523878937,0.7669711542148899,0.7670064505242489,121000000,1
1294308540000,1294308599000,0.7670064505242489,0.7670240998972189,0.7668064810483778,0.7668711656441718,158000000,1
1294308600000,1294308659000,0.7668711656441718,0.76700056758042,0.7668123610152595,0.7669417431051938,173000000,1
1294308660000,1294308719000,0.7669417431051938,0.7671829808127537,0.7668946900211663,0.7671712095988461,125000000,1
1294308720000,1294308779000,0.7671653241273494,0.7673772580075817,0.7670888212146084,0.7673301514709718,135000000,1
1294308780000,1294308839000,0.7673301514709718,0.7673478157444424,0.767112358947215,0.7671594387461547,166000000,1
1294308840000,1294308899000,0.7671712095988461,0.7673478157444424,0.7670535173239037,0.7673478157444424,176000000,1
1294308900000,1294308959000,0.7673478157444424,0.7674008134448623,0.7670476336580501,0.7670947055123426,155000000,1
1294308960000,1294309019000,0.767071168863047,0.7671417831443608,0.7668711656441718,0.7669829192903874,149000000,1
1294309020000,1294309079000,0.7669829192903874,0.7672124104279511,0.7669829192903874,0.7670829370071492,129000000,1
1294309080000,1294309139000,0.7670594010800197,0.7673595923785845,0.7670299832020433,0.7673183757404622,128000000,1
1294309140000,1294309199000,0.7673419275629221,0.7673831467313316,0.7672124104279511,0.7672124104279511,94000000,1
1294309200000,1294309259000,0.7672182966219379,0.7672241829062453,0.7670770528899629,0.7671182436060695,109000000,1
1294309260000,1294309319000,0.7671241283552093,0.7671947523878937,0.7669417431051938,0.7670594010800197,97000000,1
1294309320000,1294309379000,0.767071168863047,0.7670770528899629,0.7669182158414627,0.7670358665971221,107000000,1
1294309380000,1294309439000,0.7670182166826462,0.7671594387461547,0.76700056758042,0.767041750082457,100000000,1
1294309440000,1294309499000,0.767041750082457,0.7673007128223622,0.7670064505242489,0.7673007128223622,104000000,1
1294309500000,1294309559000,0.7673007128223622,0.7677896870489236,0.7672948253636978,0.7676835915309147,218000000,1
1294309560000,1294309619000,0.7676835915309147,0.7677071657786854,0.767324263560538,0.7673772580075817,133000000,1
1294309620000,1294309679000,0.7674008134448623,0.7676069852235655,0.7674008134448623,0.7676069852235655,90000000,1
1294309680000,1294309739000,0.7676423400809096,0.7676718049499478,0.7674243703283041,0.7674420389400091,89000000,1
1294309740000,1294309799000,0.7674184809718588,0.7675834171278564,0.7673007128223622,0.7673772580075817,134000000,1
1294309800000,1294309859000,0.7673772580075817,0.7674832688647388,0.76723595574583,0.7674655983545537,123000000,1
1294309860000,1294309919000,0.7674655983545537,0.7675598504793412,0.7672889379953809,0.7674655983545537,128000000,1
1294309920000,1294309979000,0.7674597083653109,0.7674597083653109,0.7672830507174098,0.7673831467313316,71000000,1
1294309980000,1294310039000,0.7673772580075817,0.7674538184664738,0.767324263560538,0.7674302597751429,92000000,1
1294310040000,1294310099000,0.7674302597751429,0.7674655983545537,0.7672536156826639,0.7674125917058047,115000000,1
1294310100000,1294310159000,0.7674125917058047,0.7676541257570989,0.7674125917058047,0.7676305547666019,167000000,1
1294310160000,1294310219000,0.7676364473785215,0.7678368500261065,0.7674773786042657,0.7678014772500423,181000000,1
1294310220000,1294310279000,0.7678014772500423,0.7679311933650744,0.7676718049499478,0.7677661077329402,111000000,1
1294310280000,1294310339000,0.7677602131302352,0.7678663298293033,0.7675834171278564,0.7677130595668563,190000000,1
1294310340000,1294310399000,0.7677130595668563,0.7677543186180422,0.7674302597751429,0.767518612326349,197000000,1
1294310400000,1294310459000,0.7675245032197652,0.7676953784738216,0.7675127215233593,0.7676718049499478,106000000,1
1294310460000,1294310519000,0.7676718049499478,0.767783792084149,0.7676718049499478,0.767783792084149,53000000,1
1294310520000,1294310579000,0.7677896870489236,0.7678014772500423,0.7676482328737679,0.7677543186180422,79000000,1
1294310580000,1294310639000,0.7677720024261595,0.7679665780945213,0.7676541257570989,0.7676541257570989,154000000,1
1294310640000,1294310699000,0.7676541257570989,0.7678309543370931,0.7675657420058027,0.7675716336227079,158000000,1
1294310700000,1294310759000,0.7675834171278564,0.7676541257570989,0.7674184809718588,0.767589309016104,165000000,1
1294310760000,1294310819000,0.7675834171278564,0.7675834171278564,0.7674184809718588,0.7674538184664738,79000000,1
1294310820000,1294310879000,0.7674538184664738,0.7676776981951897,0.7674184809718588,0.7676305547666019,150000000,1
1294310880000,1294310939000,0.7676423400809096,0.767925296227183,0.7676128774736325,0.7676600187309045,157000000,1
1294310940000,1294310999000,0.7676482328737679,0.7678899153017423,0.7675362852778865,0.7678014772500423,133000000,1
1294311000000,1294311059000,0.7678014772500423,0.767860433687573,0.7675657420058027,0.767783792084149,208000000,1
1294311060000,1294311119000,0.7677425298651844,0.7680078644005314,0.7677248474146865,0.7679901697258275,156000000,1
1294311120000,1294311179000,0.7679960678601325,0.7680491551459293,0.767825058738617,0.7680491551459293,103000000,1
1294311180000,1294311239000,0.7680491551459293,0.7681317499577528,0.7678014772500423,0.7678368500261065,97000000,1
1294311240000,1294311299000,0.7678309543370931,0.7678309543370931,0.7674184809718588,0.7675362852778865,148000000,1
1294311300000,1294311359000,0.7675362852778865,0.7676894849571245,0.7674067025301399,0.7674067025301399,147000000,1
1294311360000,1294311419000,0.7674243703283041,0.7676835915309147,0.7674243703283041,0.7675009401886518,117000000,1
1294311420000,1294311479000,0.7675127215233593,0.7676246622451486,0.7674832688647388,0.7675539590433208,50000000,1
1294311480000,1294311539000,0.767589309016104,0.7676128774736325,0.7674597083653109,0.7675539590433208,71000000,1
1294311540000,1294311599000,0.7675539590433208,0.7675539590433208,0.7672653894255483,0.7673537040163293,190000000,1
1294311600000,1294311659000,0.7673654808312103,0.7674479286580406,0.767041750082457,0.7674243703283041,303000000,1
1294311660000,1294311719000,0.7674243703283041,0.7675127215233593,0.7672418423011118,0.7672595025089386,129000000,1
1294311720000,1294311779000,0.7672595025089386,0.7673183757404622,0.7671712095988461,0.7672889379953809,80000000,1
1294311780000,1294311839000,0.7672889379953809,0.7675127215233593,0.7672889379953809,0.7674243703283041,154000000,1
1294311840000,1294311899000,0.7674243703283041,0.7676187698141596,0.7674125917058047,0.7675421764425956,69000000,1
1294311900000,1294311959000,0.767518612326349,0.767518612326349,0.7673066003713763,0.7673772580075817,129000000,1
1294311960000,1294312019000,0.7673890355454601,0.7674655983545537,0.7671888665551685,0.7672418423011118,163000000,1
1294312020000,1294312079000,0.7672418423011118,0.7672418423011118,0.7670064505242489,0.7670064505242489,197000000,1
1294312080000,1294312139000,0.7670123335583237,0.7672182966219379,0.7670123335583237,0.7671300131946363,122000000,1
1294312140000,1294312199000,0.7671358981243528,0.7671476682546623,0.7669829192903874,0.7671064743786437,121000000,1
1294312200000,1294312259000,0.7670888212146084,0.7672948253636978,0.7670829370071492,0.7672124104279511,93000000,1
1294312260000,1294312319000,0.7671888665551685,0.7672536156826639,0.7671300131946363,0.7672006383109311,42000000,1
1294312320000,1294312379000,0.7672124104279511,0.7673831467313316,0.7672124104279511,0.767324263560538,126000000,1
1294312380000,1294312439000,0.7672948253636978,0.7674655983545537,0.7671476682546623,0.7674479286580406,121000000,1
1294312440000,1294312499000,0.7674479286580406,0.7676305547666019,0.767324263560538,0.7674067025301399,164000000,1
1294312500000,1294312559000,0.7673949244499697,0.7674655983545537,0.7672948253636978,0.7673595923785845,179000000,1
1294312560000,1294312619000,0.7673419275629221,0.7673772580075817,0.7671888665551685,0.7672889379953809,149000000,1
1294312620000,1294312679000,0.7672889379953809,0.7674302597751429,0.7672889379953809,0.7673478157444424,103000000,1
1294312680000,1294312739000,0.7673478157444424,0.7673537040163293,0.7671770951606469,0.7672006383109311,79000000,1
1294312740000,1294312799000,0.7672241829062453,0.76723595574583,0.7670299832020433,0.7671653241273494,89000000,1
1294312800000,1294312859000,0.7671653241273494,0.7672006383109311,0.7671005899003537,0.7671005899003537,113000000,1
1294312860000,1294312919000,0.7671005899003537,0.7671005899003537,0.7669299792928905,0.7669946847268349,156000000,1
1294312920000,1294312979000,0.7670299832020433,0.767112358947215,0.7667829620825826,0.767112358947215,124000000,1
1294312980000,1294313039000,0.7671300131946363,0.7673713693742086,0.7671300131946363,0.767324263560538,141000000,1
1294313040000,1294313099000,0.767324263560538,0.767518612326349,0.7672948253636978,0.7674125917058047,138000000,1
1294313100000,1294313159000,0.7674125917058047,0.7674597083653109,0.7673478157444424,0.7673478157444424,111000000,1
1294313160000,1294313219000,0.7673478157444424,0.7674714884342047,0.7672536156826639,0.7674302597751429,142000000,1
1294313220000,1294313279000,0.7674361493123772,0.7675480676977395,0.7672712764324955,0.7674184809718588,144000000,1
1294313280000,1294313339000,0.7674302597751429,0.7675009401886518,0.7673537040163293,0.7674773786042657,173000000,1
1294313340000,1294313399000,0.7674773786042657,0.7675775253300584,0.7674125917058047,0.7674773786042657,66000000,1
1294313400000,1294313459000,0.7674832688647388,0.7675362852778865,0.7673360394717659,0.7673478157444424,187000000,1
1294313460000,1294313519000,0.7673478157444424,0.7674361493123772,0.76723595574583,0.7673007128223622,227000000,1
1294313520000,1294313579000,0.7672948253636978,0.7674597083653109,0.7672712764324955,0.7672948253636978,163000000,1
1294313580000,1294313639000,0.7673007128223622,0.7674302597751429,0.76723595574583,0.7672477289467223,109000000,1
1294313640000,1294313699000,0.7672300692808752,0.7673772580075817,0.7671947523878937,0.7673419275629221,121000000,1
1294313700000,1294313759000,0.7673478157444424,0.7673654808312103,0.7671888665551685,0.7673360394717659,91000000,1
1294313760000,1294313819000,0.7673360394717659,0.7675539590433208,0.7673007128223622,0.7674597083653109,98000000,1
1294313820000,1294313879000,0.7674714884342047,0.7678132678132679,0.7674361493123772,0.76773074147435,132000000,1
1294313880000,1294313939000,0.7677012720810079,0.7678073724863905,0.7676894849571245,0.7678073724863905,116000000,1
1294313940000,1294313999000,0.767783792084149,0.7678073724863905,0.7675421764425956,0.7675775253300584,113000000,1
1294314000000,1294314059000,0.767589309016104,0.7677484241963594,0.7674950496569297,0.7676010930639565,131000000,1
1294314060000,1294314119000,0.7676010930639565,0.7677071657786854,0.7675480676977395,0.7676541257570989,108000000,1
1294314120000,1294314179000,0.7676718049499478,0.7678663298293033,0.7676600187309045,0.7678663298293033,122000000,1
1294314180000,1294314239000,0.7679076053569234,0.7681848560037486,0.7679076053569234,0.7681789549693497,107000000,1
1294314240000,1294314299000,0.7681789549693497,0.7682969928855699,0.768090450331431,0.7682025596509288,97000000,1
1294314300000,1294314359000,0.7681789549693497,0.7681966583445362,0.7681199496113313,0.7681966583445362,50000000,1
1294314360000,1294314419000,0.7681907571288102,0.7684504964190206,0.7680963500061448,0.7682025596509288,167000000,1
1294314420000,1294314479000,0.768214362535722,0.7683087986723623,0.7681435506667486,0.7681907571288102,121000000,1
1294314480000,1294314539000,0.768161252410106,0.7682792848856417,0.7681376502669278,0.7682202641141268,91000000,1
1294314540000,1294314599000,0.7682261657832066,0.7682438713345163,0.7681199496113313,0.7681848560037486,86000000,1
1294314600000,1294314659000,0.7681848560037486,0.7682320675429634,0.7681258497392213,0.7681435506667486,110000000,1
1294314660000,1294314719000,0.7681907571288102,0.7683383147267405,0.7681081496274675,0.7682497733663168,119000000,1
1294314720000,1294314779000,0.7682497733663168,0.7682497733663168,0.7681848560037486,0.7681907571288102,64000000,1
1294314780000,1294314839000,0.7681907571288102,0.7682438713345163,0.768090450331431,0.7681435506667486,115000000,1
1294314840000,1294314899000,0.7681317499577528,0.7682438713345163,0.7680255598906331,0.7680373573370609,89000000,1
1294314900000,1294314959000,0.768066852538845,0.768066852538845,0.7678958118962419,0.7679783737289958,114000000,1
1294314960000,1294315019000,0.7679783737289958,0.7680786512538884,0.7678781223844152,0.7680491551459293,108000000,1
1294315020000,1294315079000,0.7680314585685429,0.7681022497714897,0.7679193991798621,0.7680727518510553,87000000,1
1294315080000,1294315139000,0.7680786512538884,0.7681494511572171,0.7679606804131629,0.7679842716821159,88000000,1
1294315140000,1294315199000,0.7679960678601325,0.7680196613033294,0.767783792084149,0.7679076053569234,75000000,1
1294315200000,1294315259000,0.7678958118962419,0.7678958118962419,0.7676305547666019,0.7676423400809096,128000000,1
1294315260000,1294315319000,0.7676423400809096,0.7676423400809096,0.7675009401886518,0.767589309016104,73000000,1
1294315320000,1294315379000,0.767589309016104,0.767589309016104,0.7675539590433208,0.7675539590433208,12000000,1
1294315380000,1294315439000,0.7675775253300584,0.7675775253300584,0.7673595923785845,0.7673595923785845,59000000,1
1294315440000,1294315499000,0.7673772580075817,0.7675362852778865,0.7673537040163293,0.7674067025301399,91000000,1
1294315500000,1294315559000,0.7674067025301399,0.7674067025301399,0.7672065243242828,0.7673007128223622,121000000,1
1294315560000,1294315619000,0.7673007128223622,0.7673007128223622,0.7671358981243528,0.7672065243242828,83000000,1
1294315620000,1294315679000,0.7672006383109311,0.7673419275629221,0.7671712095988461,0.7672889379953809,63000000,1
1294315680000,1294315739000,0.7673066003713763,0.7677189534455227,0.7673066003713763,0.7676010930639565,111000000,1
1294315740000,1294315799000,0.7676128774736325,0.7679076053569234,0.7676128774736325,0.7678899153017423,86000000,1
1294315800000,1294315859000,0.7679193991798621,0.7680196613033294,0.7677778972098952,0.7678545376363902,132000000,1
1294315860000,1294315919000,0.7678545376363902,0.7678545376363902,0.7676364473785215,0.7676835915309147,54000000,1
1294315920000,1294315979000,0.7677366356245154,0.768090450331431,0.7677130595668563,0.7680491551459293,70000000,1
1294315980000,1294316039000,0.7680727518510553,0.768090450331431,0.7678722260615833,0.7678722260615833,57000000,1
1294316040000,1294316099000,0.7679135022231096,0.767925296227183,0.7678014772500423,0.7678663298293033,84000000,1
1294316100000,1294316159000,0.7678368500261065,0.7679960678601325,0.7677896870489236,0.7679960678601325,72000000,1
1294316160000,1294316219000,0.7679960678601325,0.7680491551459293,0.7679370905935387,0.7679370905935387,55000000,1
1294316220000,1294316279000,0.7679429879125774,0.7679547828223874,0.7677071657786854,0.7677484241963594,117000000,1
1294316280000,1294316339000,0.7677484241963594,0.7678958118962419,0.7676541257570989,0.7678958118962419,119000000,1
1294316340000,1294316399000,0.7679076053569234,0.7680078644005314,0.767825058738617,0.7678545376363902,50000000,1
1294316400000,1294316459000,0.7678840187978008,0.7679901697258275,0.7678309543370931,0.7678781223844152,89000000,1
1294316460000,1294316519000,0.7679017085813017,0.7679076053569234,0.7678309543370931,0.767842745805659,53000000,1
1294316520000,1294316579000,0.7678309543370931,0.7678663298293033,0.7676953784738216,0.7677071657786854,57000000,1
1294316580000,1294316639000,0.7677012720810079,0.7677602131302352,0.7676246622451486,0.7677602131302352,58000000,1
1294316640000,1294316699000,0.7677602131302352,0.7678132678132679,0.7677130595668563,0.7677896870489236,68000000,1
1294316700000,1294316759000,0.7677955821042206,0.7681376502669278,0.7677955821042206,0.7681258497392213,59000000,1
1294316760000,1294316819000,0.768090450331431,0.7681081496274675,0.7679135022231096,0.767948885322193,77000000,1
1294316820000,1294316879000,0.7679311933650744,0.7680786512538884,0.7678545376363902,0.7679783737289958,108000000,1
1294316880000,1294316939000,0.767948885322193,0.7680491551459293,0.7679311933650744,0.7680314585685429,58000000,1
1294316940000,1294316999000,0.7680314585685429,0.7682733824003933,0.7680314585685429,0.7682202641141268,74000000,1
1294317000000,1294317059000,0.7682320675429634,0.7684150670826354,0.7682084610479899,0.768214362535722,108000000,1
1294317060000,1294317119000,0.768214362535722,0.7684977406166427,0.7680786512538884,0.7684327813424521,165000000,1
1294317120000,1294317179000,0.7684327813424521,0.7684859290226396,0.7682674800058388,0.7682674800058388,127000000,1
1294317180000,1294317239000,0.7682674800058388,0.768438686277222,0.7682379693933993,0.768438686277222,84000000,1
1294317240000,1294317299000,0.7684327813424521,0.7684918347742555,0.7684091625108538,0.7684682123123977,73000000,1
1294317300000,1294317359000,0.7684504964190206,0.7684977406166427,0.7681494511572171,0.7681966583445362,124000000,1
1294317360000,1294317419000,0.768214362535722,0.7682497733663168,0.7680845507473462,0.7681494511572171,85000000,1
1294317420000,1294317479000,0.7680963500061448,0.7681966583445362,0.768066852538845,0.7681435506667486,62000000,1
1294317480000,1294317539000,0.7681553517383356,0.7682261657832066,0.7681258497392213,0.7681435506667486,69000000,1
1294317540000,1294317599000,0.768161252410106,0.7682910901282277,0.7681317499577528,0.7681317499577528,77000000,1
1294317600000,1294317659000,0.7681022497714897,0.7681140495740808,0.7679370905935387,0.7679606804131629,56000000,1
1294317660000,1294317719000,0.7679606804131629,0.7680196613033294,0.7678781223844152,0.767925296227183,121000000,1
1294317720000,1294317779000,0.7679076053569234,0.7679311933650744,0.767783792084149,0.767783792084149,80000000,1
1294317780000,1294317839000,0.767783792084149,0.7679547828223874,0.767783792084149,0.7679017085813017,75000000,1
1294317840000,1294317899000,0.767925296227183,0.7680845507473462,0.7678486416757528,0.7680373573370609,120000000,1
1294317900000,1294317959000,0.7680373573370609,0.7682556754888027,0.7679370905935387,0.7681907571288102,163000000,1
1294317960000,1294318019000,0.768214362535722,0.768314701701817,0.7681258497392213,0.7682320675429634,87000000,1
1294318020000,1294318079000,0.7681966583445362,0.7682379693933993,0.767948885322193,0.7680078644005314,92000000,1
1294318080000,1294318139000,0.7680314585685429,0.7681553517383356,0.7680078644005314,0.7681553517383356,101000000,1
1294318140000,1294318199000,0.7681435506667486,0.7681730540256109,0.7680373573370609,0.7681730540256109,69000000,1
1294318200000,1294318259000,0.7681671531725303,0.7681671531725303,0.7679135022231096,0.7680491551459293,142000000,1
1294318260000,1294318319000,0.7680491551459293,0.7682261657832066,0.7679547828223874,0.768214362535722,130000000,1
1294318320000,1294318379000,0.7682379693933993,0.7682497733663168,0.7680786512538884,0.7681435506667486,71000000,1
1294318380000,1294318439000,0.7681376502669278,0.7683028957336141,0.7679783737289958,0.7682497733663168,137000000,1
1294318440000,1294318499000,0.7682202641141268,0.7684327813424521,0.7682084610479899,0.7683087986723623,154000000,1
1294318500000,1294318559000,0.7683206048219802,0.7685804319422028,0.7682910901282277,0.7684504964190206,121000000,1
1294318560000,1294318619000,0.768438686277222,0.7687458679909595,0.7684032580298141,0.7685981538272345,152000000,1
1294318620000,1294318679000,0.7685627108743939,0.7685686178061977,0.7683560254479516,0.7684918347742555,76000000,1
1294318680000,1294318739000,0.7684800233617928,0.768787238131847,0.7684682123123977,0.768751777738486,147000000,1
1294318740000,1294318799000,0.7687754176372457,0.7687754176372457,0.768544990623751,0.7685981538272345,146000000,1
1294318800000,1294318859000,0.7686158765295457,0.7687399583342943,0.7686158765295457,0.7686631410650597,134000000,1
1294318860000,1294318919000,0.7686572326802309,0.768763597506131,0.7685213648939441,0.768686775512714,105000000,1
1294318920000,1294318979000,0.768716320616203,0.768751777738486,0.7685981538272345,0.7686690495407202,114000000,1
1294318980000,1294319039000,0.7686985932815743,0.7688818151761894,0.7686336000491926,0.7688818151761894,82000000,1
1294319040000,1294319099000,0.7688818151761894,0.7689882421697772,0.7688345237454542,0.768923199950789,95000000,1
1294319100000,1294319159000,0.7689350249903883,0.7689586761607432,0.7687576875768758,0.7687813278391095,60000000,1
1294319160000,1294319219000,0.7687458679909595,0.768763597506131,0.7685981538272345,0.768716320616203,138000000,1
1294319220000,1294319279000,0.7687399583342943,0.7691065289453242,0.7686985932815743,0.7688995509626623,168000000,1
1294319280000,1294319339000,0.7688759034291865,0.7689172875673764,0.7687104114138121,0.768763597506131,164000000,1
1294319340000,1294319399000,0.768787238131847,0.7689291124251255,0.7686572326802309,0.7688759034291865,109000000,1
1294319400000,1294319459000,0.7688936389429251,0.7690414667158854,0.7688167909587146,0.7688818151761894,167000000,1
1294319460000,1294319519000,0.7688463460577403,0.7688818151761894,0.7686631410650597,0.7687990589899518,176000000,1
1294319520000,1294319579000,0.768787238131847,0.7688463460577403,0.7686749581072148,0.7687813278391095,147000000,1
1294319580000,1294319639000,0.7687813278391095,0.768869991773091,0.7685390840551196,0.768544990623751,125000000,1
1294319640000,1294319699000,0.768544990623751,0.7685686178061977,0.7683855451311249,0.7684504964190206,115000000,1
1294319700000,1294319759000,0.7684504964190206,0.7685390840551196,0.7683737369856698,0.7683855451311249,142000000,1
1294319760000,1294319819000,0.7684032580298141,0.7684800233617928,0.7682438713345163,0.7682497733663168,138000000,1
1294319820000,1294319879000,0.7682438713345163,0.7684091625108538,0.7682084610479899,0.7682320675429634,115000000,1
1294319880000,1294319939000,0.7682320675429634,0.7682497733663168,0.7680255598906331,0.7681022497714897,130000000,1
1294319940000,1294319999000,0.7681317499577528,0.768261577701976,0.7680609533172553,0.7681966583445362,101000000,1
1294320000000,1294320059000,0.7682025596509288,0.7682792848856417,0.7679783737289958,0.7680786512538884,150000000,1
1294320060000,1294320119000,0.7680727518510553,0.768090450331431,0.767842745805659,0.767860433687573,194000000,1
1294320120000,1294320179000,0.7678722260615833,0.7678840187978008,0.7676835915309147,0.7678014772500423,213000000,1
1294320180000,1294320239000,0.767825058738617,0.7679311933650744,0.7677012720810079,0.7678958118962419,216000000,1
1294320240000,1294320299000,0.7678958118962419,0.7680196613033294,0.7677189534455227,0.7677189534455227,130000000,1
1294320300000,1294320359000,0.7677248474146865,0.7677425298651844,0.7675716336227079,0.7675775253300584,122000000,1
1294320360000,1294320419000,0.7676541257570989,0.7676541257570989,0.7674832688647388,0.7676305547666019,58000000,1
1294320420000,1294320479000,0.7676069852235655,0.7676246622451486,0.7674184809718588,0.7676246622451486,127000000,1
1294320480000,1294320539000,0.7675716336227079,0.7676718049499478,0.7675362852778865,0.7676069852235655,71000000,1
1294320540000,1294320599000,0.7676659117951867,0.7676718049499478,0.7672182966219379,0.7674479286580406,216000000,1
1294320600000,1294320659000,0.7671829808127537,0.7675362852778865,0.7670123335583237,0.767041750082457,240000000,1
1294320660000,1294320719000,0.7670240998972189,0.7670240998972189,0.766359867266471,0.7664186025123202,202000000,1
1294320720000,1294320779000,0.766389233764044,0.7667241709794902,0.766389233764044,0.7666712666942668,155000000,1
1294320780000,1294320839000,0.7666712666942668,0.7668006011716714,0.766494971792985,0.7665243486459348,184000000,1
1294320840000,1294320899000,0.7665243486459348,0.7666830225711482,0.7663657403859419,0.7663657403859419,205000000,1
1294320900000,1294320959000,0.7663657403859419,0.7666595111778957,0.7661954564609431,0.766447973511558,202000000,1
1294320960000,1294321019000,0.7664420991316211,0.7665243486459348,0.7662482950975433,0.7664832216822774,226000000,1
1294321020000,1294321079000,0.7665772326561902,0.7667653238049963,0.7665008469834359,0.7666653888910185,231000000,1
1294321080000,1294321139000,0.7666947788085563,0.7669888019634913,0.766618369709375,0.7669888019634913,177000000,1
1294321140000,1294321199000,0.7669829192903874,0.7669829192903874,0.766553727750778,0.766553727750778,141000000,1
1294321200000,1294321259000,0.7665654800233036,0.7665654800233036,0.7662248103593595,0.7662835249042146,131000000,1
1294321260000,1294321319000,0.7662659095959481,0.7662952688930098,0.7660252481921804,0.7660898010464786,172000000,1
1294321320000,1294321379000,0.7660780633546558,0.7662659095959481,0.76601351247836,0.7662013270606984,144000000,1
1294321380000,1294321439000,0.7662013270606984,0.7663070132417853,0.7661837155313101,0.7662365525485028,52000000,1
1294321440000,1294321499000,0.7662130685300969,0.766359867266471,0.7661837155313101,0.766359867266471,70000000,1
1294321500000,1294321559000,0.7664244765320826,0.7664244765320826,0.7661543647814162,0.7661543647814162,74000000,1
1294321560000,1294321619000,0.7661367554108408,0.7664127285825962,0.76601351247836,0.7660545890500157,142000000,1
1294321620000,1294321679000,0.766083932155607,0.7661308858005301,0.7659900421294522,0.76601351247836,123000000,1
1294321680000,1294321739000,0.76601351247836,0.7660898010464786,0.766001777124123,0.7660780633546558,68000000,1
1294321740000,1294321799000,0.7660898010464786,0.7661250162801566,0.7659607062157712,0.7661132775092124,120000000,1
1294321800000,1294321859000,0.7661015390979921,0.7661543647814162,0.7659137734273875,0.7659196397114014,106000000,1
1294321860000,1294321919000,0.7659079072332343,0.7659489724794535,0.7657671455263884,0.765872711955273,151000000,1
1294321920000,1294321979000,0.7658961751145015,0.7658961751145015,0.7656616081956419,0.7657085100843811,147000000,1
1294321980000,1294322039000,0.7656791957305727,0.7658081956793102,0.7656029889140687,0.7657026470340508,146000000,1
1294322040000,1294322099000,0.7657085100843811,0.7657085100843811,0.7655795437145919,0.7656088504383111,63000000,1
1294322100000,1294322159000,0.7656088504383111,0.7657319631836071,0.7656088504383111,0.7656909212027474,69000000,1
1294322160000,1294322219000,0.7656733331291538,0.7657085100843811,0.7655736826390855,0.7657085100843811,50000000,1
1294322220000,1294322279000,0.7656616081956419,0.7656791957305727,0.7655385180705367,0.7656322974328349,162000000,1
1294322280000,1294322339000,0.7656322974328349,0.7657378266829002,0.7655385180705367,0.765720236454409,72000000,1
1294322340000,1294322399000,0.7657671455263884,0.7661719749614998,0.7657671455263884,0.7661543647814162,105000000,1
1294322400000,1294322459000,0.7661719749614998,0.7661954564609431,0.7659900421294522,0.76601351247836,102000000,1
1294322460000,1294322519000,0.7659841747669494,0.7660428524371654,0.7659372391026279,0.7659665732187447,158000000,1
1294322520000,1294322579000,0.7659900421294522,0.7660428524371654,0.7658551155292441,0.7658903091899177,85000000,1
1294322580000,1294322639000,0.7659255060852782,0.7659255060852782,0.7657671455263884,0.765814060346148,150000000,1
1294322640000,1294322699000,0.7658257899493024,0.7661367554108408,0.7657671455263884,0.7660193802903214,168000000,1
1294322700000,1294322759000,0.7660663260225071,0.766342248448157,0.7660545890500157,0.7662306814089449,199000000,1
1294322760000,1294322819000,0.7662541665070304,0.7662776530448042,0.7659665732187447,0.7659665732187447,112000000,1
1294322820000,1294322879000,0.7659900421294522,0.7661661048115231,0.7659665732187447,0.7661367554108408,121000000,1
1294322880000,1294322939000,0.7661543647814162,0.7663187579505572,0.7660898010464786,0.7663128855511705,111000000,1
1294322940000,1294322999000,0.7662659095959481,0.7663305030193421,0.7661543647814162,0.766324630439947,130000000,1
1294323000000,1294323059000,0.7663128855511705,0.7666771445876427,0.7661895859511477,0.7666771445876427,137000000,1
1294323060000,1294323119000,0.7666771445876427,0.7666771445876427,0.7664303506418854,0.7664303506418854,86000000,1
1294323120000,1294323179000,0.7664362248417309,0.766541975838597,0.7663716135954324,0.7665067222639543,84000000,1
1294323180000,1294323239000,0.7664655971916701,0.7664832216822774,0.7663363756887448,0.766447973511558,71000000,1
1294323240000,1294323299000,0.7664244765320826,0.7665654800233036,0.7663716135954324,0.7665596038419967,63000000,1
1294323300000,1294323359000,0.766553727750778,0.766553727750778,0.7663187579505572,0.7664655971916701,136000000,1
1294323360000,1294323419000,0.7664597225415805,0.7666124927171813,0.7663951073336348,0.766553727750778,123000000,1
1294323420000,1294323479000,0.766512597634542,0.7665478517496455,0.7661837155313101,0.7664127285825962,187000000,1
1294323480000,1294323539000,0.7664127285825962,0.7665067222639543,0.7662365525485028,0.7663128855511705,177000000,1
1294323540000,1294323599000,0.7663363756887448,0.7663833602844815,0.7661543647814162,0.7662952688930098,134000000,1
1294323600000,1294323659000,0.7662717812753828,0.766301141022399,0.7661426251110907,0.7662482950975433,172000000,1
1294323660000,1294323719000,0.7662600380064979,0.766389233764044,0.7662189393997441,0.766359867266471,134000000,1
1294323720000,1294323779000,0.766359867266471,0.7665184730952016,0.7663481212975806,0.7665067222639543,109000000,1
1294323780000,1294323839000,0.7665361000176303,0.7666242467916776,0.766494971792985,0.766512597634542,77000000,1
1294323840000,1294323899000,0.766512597634542,0.7665596038419967,0.7663539942370179,0.7663539942370179,122000000,1
1294323900000,1294323959000,0.7663716135954324,0.7665596038419967,0.7663716135954324,0.7665596038419967,98000000,1
1294323960000,1294324019000,0.766594862281233,0.766594862281233,0.7663833602844815,0.7665243486459348,69000000,1
1294324020000,1294324079000,0.7665184730952016,0.7666771445876427,0.7664655971916701,0.7664832216822774,109000000,1
1294324080000,1294324139000,0.766512597634542,0.7665184730952016,0.766324630439947,0.7664303506418854,70000000,1
1294324140000,1294324199000,0.7664127285825962,0.7664832216822774,0.7662600380064979,0.766342248448157,133000000,1
1294324200000,1294324259000,0.766359867266471,0.7664538479815438,0.7661426251110907,0.766160234751496,112000000,1
1294324260000,1294324319000,0.7661895859511477,0.7662776530448042,0.7661426251110907,0.7661954564609431,83000000,1
1294324320000,1294324379000,0.7662189393997441,0.7662952688930098,0.766160234751496,0.7662071977504157,104000000,1
1294324380000,1294324439000,0.7662013270606984,0.7662365525485028,0.7660428524371654,0.7660898010464786,91000000,1
1294324440000,1294324499000,0.7660898010464786,0.7665243486459348,0.7660898010464786,0.7663305030193421,138000000,1
1294324500000,1294324559000,0.7663187579505572,0.766447973511558,0.7662130685300969,0.7662659095959481,142000000,1
1294324560000,1294324619000,0.7662776530448042,0.7663657403859419,0.7662189393997441,0.7662893968536156,109000000,1
1294324620000,1294324679000,0.7663070132417853,0.7663657403859419,0.7659255060852782,0.7659255060852782,111000000,1
1294324680000,1294324739000,0.7659372391026279,0.7659372391026279,0.7655326576231741,0.7657260997741109,126000000,1
1294324740000,1294324799000,0.7657260997741109,0.7659137734273875,0.7657085100843811,0.7657085100843811,112000000,1
1294324800000,1294324859000,0.7657085100843811,0.7658668463900866,0.7656674706175108,0.7657143732244998,153000000,1
1294324860000,1294324919000,0.7656967840735068,0.765831654885623,0.7655678216533203,0.7655678216533203,210000000,1
1294324920000,1294324979000,0.7655736826390855,0.7656967840735068,0.7655560999510044,0.7656791957305727,141000000,1
1294324980000,1294325039000,0.7656791957305727,0.7656967840735068,0.7655854048798414,0.7655971274795776,106000000,1
1294325040000,1294325099000,0.7655795437145919,0.7656909212027474,0.7654916370038658,0.7656147120523068,95000000,1
1294325100000,1294325159000,0.7656322974328349,0.7656498836212178,0.7654916370038658,0.7655736826390855,162000000,1
1294325160000,1294325219000,0.7655267972655383,0.7657554177195803,0.7655267972655383,0.7657085100843811,99000000,1
1294325220000,1294325279000,0.7656616081956419,0.7657495539508848,0.765620573756058,0.7656791957305727,92000000,1
1294325280000,1294325339000,0.7657085100843811,0.7657260997741109,0.7656264355495667,0.7657260997741109,92000000,1
1294325340000,1294325399000,0.7657847379101734,0.7657847379101734,0.7656029889140687,0.7656440214686584,66000000,1
1294325400000,1294325459000,0.7656264355495667,0.7656498836212178,0.7654389026667892,0.7654974968231854,96000000,1
1294325460000,1294325519000,0.7654740580841715,0.7655150768194379,0.7653393131845003,0.7653393131845003,102000000,1
1294325520000,1294325579000,0.7653510282491065,0.7655267972655383,0.765345170671973,0.7653861755948964,147000000,1
1294325580000,1294325639000,0.7653803174797557,0.7654389026667892,0.7653041701424231,0.7654330437444985,83000000,1
1294325640000,1294325699000,0.7654213261689897,0.7654974968231854,0.7653686015184913,0.7653686015184913,77000000,1
1294325700000,1294325759000,0.7653627436723636,0.7653686015184913,0.7651460663840727,0.7652104711400871,59000000,1
1294325760000,1294325819000,0.7652221822606193,0.7652983132825175,0.7651343575931934,0.7652338937396216,77000000,1
1294325820000,1294325879000,0.76524560557711,0.7654389026667892,0.765011436920982,0.7653627436723636,136000000,1
1294325880000,1294325939000,0.7653627436723636,0.7655209369976269,0.7652748867393167,0.7654389026667892,190000000,1
1294325940000,1294325999000,0.7654389026667892,0.7656322974328349,0.7652924565122562,0.7655619607572939,245000000,1
1294326000000,1294326059000,0.765591266134836,0.765591266134836,0.7646955364721536,0.7652514616302918,317000000,1
1294326060000,1294326119000,0.76524560557711,0.7659783074943317,0.76524560557711,0.7659372391026279,302000000,1
1294326120000,1294326179000,0.7659607062157712,0.7661895859511477,0.7658257899493024,0.7658844433551866,277000000,1
1294326180000,1294326239000,0.765872711955273,0.7661250162801566,0.7656674706175108,0.766083932155607,266000000,1
1294326240000,1294326299000,0.766083932155607,0.7668241212195571,0.7658668463900866,0.7666771445876427,260000000,1
1294326300000,1294326359000,0.7666830225711482,0.7668946900211663,0.7665596038419967,0.7666712666942668,261000000,1
1294326360000,1294326419000,0.7666712666942668,0.7668594039968712,0.7666360012266176,0.7667476863388564,263000000,1
1294326420000,1294326479000,0.7667476863388564,0.7671064743786437,0.7666124927171813,0.7668182410723187,230000000,1
1294326480000,1294326539000,0.7668358817845805,0.7669476251466787,0.7667594445594584,0.7669358611539318,234000000,1
1294326540000,1294326599000,0.766977036707521,0.7672124104279511,0.7668417622023695,0.7668946900211663,170000000,1
1294326600000,1294326659000,0.7668946900211663,0.766977036707521,0.7667182923650192,0.7667829620825826,240000000,1
1294326660000,1294326719000,0.7667594445594584,0.7669299792928905,0.7667182923650192,0.7668594039968712,265000000,1
1294326720000,1294326779000,0.7668535233085129,0.7670476336580501,0.7668182410723187,0.76700056758042,143000000,1
1294326780000,1294326839000,0.7669888019634913,0.7670358665971221,0.7668006011716714,0.7670182166826462,233000000,1
1294326840000,1294326899000,0.7670240998972189,0.7671182436060695,0.7668770466031182,0.7669711542148899,190000000,1
1294326900000,1294326959000,0.766977036707521,0.7670123335583237,0.7668594039968712,0.7669829192903874,224000000,1
1294326960000,1294327019000,0.7669946847268349,0.7671712095988461,0.7669240975220682,0.7670947055123426,217000000,1
1294327020000,1294327079000,0.767112358947215,0.7672948253636978,0.7670358665971221,0.7672889379953809,184000000,1
1294327080000,1294327139000,0.7672653894255483,0.7673066003713763,0.7668594039968712,0.7669417431051938,220000000,1
1294327140000,1294327199000,0.7669358611539318,0.7669829192903874,0.7667829620825826,0.7668829276522646,204000000,1
1294327200000,1294327259000,0.7668829276522646,0.7670652849264,0.7667947213851379,0.7670240998972189,202000000,1
1294327260000,1294327319000,0.7670299832020433,0.7671888665551685,0.7669535072783887,0.7671476682546623,148000000,1
1294327320000,1294327379000,0.7671300131946363,0.7672595025089386,0.7670888212146084,0.76723595574583,181000000,1
1294327380000,1294327439000,0.7672536156826639,0.7676835915309147,0.7672124104279511,0.7676659117951867,193000000,1
1294327440000,1294327499000,0.7676659117951867,0.7678132678132679,0.7676305547666019,0.7677012720810079,136000000,1
1294327500000,1294327559000,0.7677012720810079,0.7677248474146865,0.7675480676977395,0.7675480676977395,100000000,1
1294327560000,1294327619000,0.7675775253300584,0.7677248474146865,0.7675657420058027,0.7676364473785215,96000000,1
1294327620000,1294327679000,0.7676423400809096,0.7680432561961891,0.7676010930639565,0.7679017085813017,160000000,1
1294327680000,1294327739000,0.767925296227183,0.767948885322193,0.7677484241963594,0.7677955821042206,161000000,1
1294327740000,1294327799000,0.767842745805659,0.7680845507473462,0.7673713693742086,0.7675834171278564,216000000,1
1294327800000,1294327859000,0.7675775253300584,0.7679135022231096,0.7675539590433208,0.7677896870489236,194000000,1
1294327860000,1294327919000,0.7677896870489236,0.7679370905935387,0.7677661077329402,0.7678722260615833,168000000,1
1294327920000,1294327979000,0.767860433687573,0.7678899153017423,0.7676364473785215,0.7678309543370931,268000000,1
1294327980000,1294328039000,0.7678309543370931,0.7682910901282277,0.7678073724863905,0.768090450331431,251000000,1
1294328040000,1294328099000,0.7680845507473462,0.7681140495740808,0.7679193991798621,0.7680019660850332,265000000,1
1294328100000,1294328159000,0.7680019660850332,0.768214362535722,0.7678309543370931,0.768214362535722,278000000,1
1294328160000,1294328219000,0.768214362535722,0.7682556754888027,0.7680845507473462,0.7681435506667486,221000000,1
1294328220000,1294328279000,0.7681376502669278,0.768344218209758,0.7681317499577528,0.7682792848856417,186000000,1
1294328280000,1294328339000,0.7682733824003933,0.768344218209758,0.7679429879125774,0.7682202641141268,202000000,1
1294328340000,1294328399000,0.7681907571288102,0.7683560254479516,0.7681140495740808,0.7682320675429634,218000000,1
1294328400000,1294328459000,0.7682084610479899,0.768344218209758,0.768090450331431,0.7682674800058388,213000000,1
1294328460000,1294328519000,0.7683560254479516,0.7683560254479516,0.7680019660850332,0.7681848560037486,209000000,1
1294328520000,1294328579000,0.7681848560037486,0.768533177577276,0.7681848560037486,0.7682733824003933,169000000,1
1294328580000,1294328639000,0.7682792848856417,0.7683796410130318,0.768090450331431,0.7682497733663168,167000000,1
1294328640000,1294328699000,0.768214362535722,0.7682969928855699,0.7680196613033294,0.7681199496113313,127000000,1
1294328700000,1294328759000,0.7681376502669278,0.7681553517383356,0.7680137628066295,0.7681317499577528,160000000,1
1294328760000,1294328819000,0.7681258497392213,0.7683855451311249,0.7680786512538884,0.768214362535722,185000000,1
1294328820000,1294328879000,0.7682261657832066,0.7687576875768758,0.7682084610479899,0.7687281392935388,176000000,1
1294328880000,1294328939000,0.7687458679909595,0.7689054630733151,0.7685390840551196,0.7686690495407202,195000000,1
1294328940000,1294328999000,0.7686395080707149,0.7691716021844474,0.76862178427861,0.7689941556444171,182000000,1
1294329000000,1294329059000,0.7690118966140406,0.7691834348655467,0.7690059828665466,0.7690414667158854,174000000,1
1294329060000,1294329119000,0.7690118966140406,0.7692544385981107,0.7689823287860845,0.7690946986302424,161000000,1
1294329120000,1294329179000,0.7690887836091798,0.7692248521165221,0.7689705022915321,0.7692248521165221,223000000,1
1294329180000,1294329239000,0.7693313741027673,0.7693313741027673,0.7689882421697772,0.7689882421697772,193000000,1
1294329240000,1294329299000,0.7689882421697772,0.7689882421697772,0.7686099688712963,0.76862178427861,229000000,1
1294329300000,1294329359000,0.7686276921184916,0.768751777738486,0.7684859290226396,0.7685627108743939,154000000,1
1294329360000,1294329419000,0.7685981538272345,0.7688581687336138,0.7685981538272345,0.7687222299094446,124000000,1
1294329420000,1294329479000,0.768751777738486,0.768787238131847,0.7684091625108538,0.7685627108743939,190000000,1
1294329480000,1294329539000,0.7685627108743939,0.7689172875673764,0.7685627108743939,0.76884043485615,163000000,1
1294329540000,1294329599000,0.7688345237454542,0.7693313741027673,0.7688167909587146,0.7690828686791003,228000000,1
1294329600000,1294329659000,0.7691065289453242,0.769662964587807,0.7689705022915321,0.76959188542316,223000000,1
1294329660000,1294329719000,0.7695504286395887,0.7698110883589167,0.7694379255953526,0.7694379255953526,206000000,1
1294329720000,1294329779000,0.7694616077130833,0.7695800401720782,0.7692781094221183,0.7695800401720782,219000000,1
1294329780000,1294329839000,0.7695563507637847,0.76959188542316,0.7692307692307692,0.769260356167545,236000000,1
1294329840000,1294329899000,0.7692840273557401,0.7693136183896727,0.7689113752748858,0.7689764154933368,169000000,1
1294329900000,1294329959000,0.7689764154933368,0.7692011845698242,0.7689172875673764,0.7691065289453242,226000000,1
1294329960000,1294330019000,0.7691065289453242,0.7692721915795466,0.7690473810091439,0.7690946986302424,166000000,1
1294330020000,1294330079000,0.7690946986302424,0.7692011845698242,0.7686631410650597,0.7686631410650597,179000000,1
1294330080000,1294330139000,0.7686276921184916,0.7686808667645454,0.7684268764984323,0.7685745248288001,227000000,1
1294330140000,1294330199000,0.768586339146408,0.7686572326802309,0.7684859290226396,0.7685627108743939,211000000,1
1294330200000,1294330259000,0.7685508972831726,0.768869991773091,0.7685272711902181,0.7688286127256512,182000000,1
1294330260000,1294330319000,0.7688227017967387,0.7689527632317547,0.7686040613038598,0.7687931485154604,275000000,1
1294330320000,1294330379000,0.768763597506131,0.7692366864360495,0.768763597506131,0.7691834348655467,226000000,1
1294330380000,1294330439000,0.7691834348655467,0.7696688884441912,0.7691124442393478,0.7695504286395887,202000000,1
1294330440000,1294330499000,0.7695622729791295,0.7699177727818669,0.7694497664719958,0.7695385846646351,209000000,1
1294330500000,1294330559000,0.7695326628138731,0.7695800401720782,0.7692130181611193,0.7694083249980764,179000000,1
1294330560000,1294330619000,0.7694083249980764,0.7696807364305287,0.7694083249980764,0.7696511171485965,167000000,1
1294330620000,1294330679000,0.7696511171485965,0.7696688884441912,0.7694438459881199,0.7696096539834996,166000000,1
1294330680000,1294330739000,0.7696451935657662,0.7699237005612745,0.7695859627520394,0.7698170144956544,155000000,1
1294330740000,1294330799000,0.769834793453325,0.7701371614284503,0.7698110883589167,0.7698940625769893,192000000,1
1294330800000,1294330859000,0.7698999899913002,0.7702380035430948,0.7698229407236336,0.7699829833760674,220000000,1
1294330860000,1294330919000,0.7699829833760674,0.7700659946557421,0.769852573232226,0.7699711260827719,216000000,1
1294330920000,1294330979000,0.7699711260827719,0.7700956458792182,0.7697103579922875,0.7698051623134186,201000000,1
1294330980000,1294331039000,0.7698110883589167,0.7699533408275459,0.769662964587807,0.769787384724339,188000000,1
1294331040000,1294331099000,0.7698466465480077,0.7699533408275459,0.7697399818341365,0.7698110883589167,162000000,1
1294331100000,1294331159000,0.7698110883589167,0.7701430925866026,0.7698110883589167,0.7698229407236336,182000000,1
1294331160000,1294331219000,0.7698229407236336,0.7701312303616535,0.7697755334544447,0.7700185574472345,232000000,1
1294331220000,1294331279000,0.7700185574472345,0.7700897154518501,0.7698051623134186,0.7698703538324145,205000000,1
1294331280000,1294331339000,0.7698822080221727,0.7699474125917201,0.7697222072554015,0.7697399818341365,189000000,1
1294331340000,1294331399000,0.7697459068761402,0.7698229407236336,0.7695800401720782,0.769662964587807,211000000,1
1294331400000,1294331459000,0.7696748123917645,0.7697459068761402,0.7695148978084215,0.7695445066065396,121000000,1
1294331460000,1294331519000,0.7696037310388881,0.7697814590437775,0.7696037310388881,0.7697399818341365,119000000,1
1294331520000,1294331579000,0.7697162825782417,0.7698762808816623,0.7696096539834996,0.7696866605604857,137000000,1
1294331580000,1294331639000,0.7697340568833468,0.7697814590437775,0.7696807364305287,0.7697755334544447,96000000,1
1294331640000,1294331699000,0.7697577572337986,0.7699711260827719,0.7696985090939878,0.7699296284319612,164000000,1
1294331700000,1294331759000,0.7699118450937368,0.7700244867786796,0.7697933104961318,0.7699296284319612,139000000,1
1294331760000,1294331819000,0.769905917496882,0.77000077000077,0.7697992363591576,0.7698703538324145,82000000,1
1294331820000,1294331879000,0.7698999899913002,0.7701608866092127,0.769852573232226,0.7701608866092127,149000000,1
1294331880000,1294331939000,0.7701668181328076,0.7704100892905292,0.7701668181328076,0.7702736011831403,183000000,1
1294331940000,1294331999000,0.7702736011831403,0.770540688401051,0.7702736011831403,0.7703388720698235,120000000,1
1294332000000,1294332059000,0.7703388720698235,0.770398218839318,0.7701786814540974,0.7701964771213137,159000000,1
1294332060000,1294332119000,0.7701786814540974,0.7703448063353158,0.7701075070079784,0.7701075070079784,117000000,1
1294332120000,1294332179000,0.7701727497477684,0.7702320709229691,0.7700837851158207,0.7702320709229691,138000000,1
1294332180000,1294332239000,0.7701905451408678,0.770202409193136,0.7699592691546617,0.7701371614284503,113000000,1
1294332240000,1294332299000,0.7701371614284503,0.7701964771213137,0.769941484447182,0.7699889121596648,142000000,1
1294332300000,1294332359000,0.770048205017634,0.7705288139249967,0.7699592691546617,0.7705169398149218,189000000,1
1294332360000,1294332419000,0.7704813196804043,0.7706000662716057,0.7704694470340779,0.7705703761924577,119000000,1
1294332420000,1294332479000,0.7705466257763257,0.7713490122875898,0.7705466257763257,0.7713430625404954,205000000,1
1294332480000,1294332539000,0.7713609120571424,0.7713966135688665,0.7710754188867213,0.7711705597927094,171000000,1
1294332540000,1294332599000,0.7711765068788944,0.7715096901617085,0.7711765068788944,0.7714442207256205,162000000,1
1294332600000,1294332659000,0.7714680265076413,0.7716644802839725,0.7713192644699494,0.7715573112770817,158000000,1
1294332660000,1294332719000,0.7715513583161664,0.7715513583161664,0.771289518946727,0.7713847126977638,162000000,1
1294332720000,1294332779000,0.7713430625404954,0.7713430625404954,0.7708733223869321,0.7709089787768758,254000000,1
1294332780000,1294332839000,0.7709208649732104,0.7714442207256205,0.7708020195012911,0.7712954678678309,214000000,1
1294332840000,1294332899000,0.7712716727340039,0.7717299871121092,0.7712716727340039,0.7713430625404954,144000000,1
1294332900000,1294332959000,0.7713073659853452,0.7713728121938614,0.770825785664182,0.7708733223869321,140000000,1
1294332960000,1294333019000,0.7708733223869321,0.7708733223869321,0.7706713317971285,0.770825785664182,154000000,1
1294333020000,1294333079000,0.7707901369694073,0.7708376692952231,0.7704219601075509,0.7704397670190144,138000000,1
1294333080000,1294333139000,0.7704694470340779,0.7705763140252595,0.7703507406922371,0.7704635108481263,114000000,1
1294333140000,1294333199000,0.7704872561407835,0.7712062436857489,0.7704516387506356,0.7710456921677179,186000000,1
1294333200000,1294333259000,0.7710813645055826,0.7712419308812981,0.7709565257615123,0.7709624695469824,118000000,1
1294333260000,1294333319000,0.7709624695469824,0.7711824540568053,0.7708554954288269,0.7711765068788944,165000000,1
1294333320000,1294333379000,0.7711765068788944,0.7714263673532361,0.7711467723651843,0.7712002961409137,140000000,1
1294333380000,1294333439000,0.7712002961409137,0.7715156424796513,0.7711705597927094,0.7714382695096738,147000000,1
1294333440000,1294333499000,0.7714501720333884,0.7714799299496223,0.77131331518176,0.7714620749243967,78000000,1
1294333500000,1294333559000,0.7714501720333884,0.7717716790664649,0.7714263673532361,0.7717061651605535,104000000,1
1294333560000,1294333619000,0.7717716790664649,0.7717716790664649,0.7714799299496223,0.7715454054471106,184000000,1
1294333620000,1294333679000,0.7715156424796513,0.7715930309717443,0.7714442207256205,0.7715096901617085,100000000,1
1294333680000,1294333739000,0.7715096901617085,0.7715930309717443,0.7714561234329798,0.7714561234329798,66000000,1
1294333740000,1294333799000,0.7714561234329798,0.7714739781827159,0.7712657241799518,0.7713966135688665,141000000,1
1294333800000,1294333859000,0.7714025641421232,0.7714561234329798,0.7712538273471182,0.7714561234329798,115000000,1
1294333860000,1294333919000,0.7714561234329798,0.7716704349906243,0.7713549621264714,0.7715870774596267,161000000,1
1294333920000,1294333979000,0.7716049382716049,0.7718014617919686,0.7715811240393815,0.7717776354276806,144000000,1
1294333980000,1294334039000,0.7717478545409644,0.7717538105344396,0.7714561234329798,0.7715275473910796,98000000,1
1294334040000,1294334099000,0.7715573112770817,0.7715989845757363,0.7715037379356102,0.7715275473910796,63000000,1
1294334100000,1294334159000,0.7715275473910796,0.7715811240393815,0.771390663087414,0.7714025641421232,80000000,1
1294334160000,1294334219000,0.7713966135688665,0.7714918337589397,0.7713192644699494,0.7714858818083629,75000000,1
1294334220000,1294334279000,0.7714323183855465,0.7716049382716049,0.7714085148071864,0.7715334999845693,52000000,1
1294334280000,1294334339000,0.7715632643298587,0.7715632643298587,0.7711289327575571,0.7711527190844876,198000000,1
1294334340000,1294334399000,0.7711646127982479,0.7713192644699494,0.7711646127982479,0.7713014168807028,72000000,1
1294334400000,1294334459000,0.7713252138499155,0.7713252138499155,0.7711884013264441,0.7712597757176571,46000000,1
1294334460000,1294334519000,0.7712240868706811,0.7712657241799518,0.7711824540568053,0.7712359827860128,44000000,1
1294334520000,1294334579000,0.7712121913223204,0.7712954678678309,0.771039747098963,0.771051637328152,95000000,1
1294334580000,1294334639000,0.7710694733595498,0.7711467723651843,0.7709921898491169,0.7710456921677179,133000000,1
1294334640000,1294334699000,0.771039747098963,0.771117040144353,0.7710159677406918,0.7710159677406918,94000000,1
1294334700000,1294334759000,0.7710100231303008,0.7712478790683326,0.7709446384655118,0.7711408257375961,167000000,1
1294334760000,1294334819000,0.7711408257375961,0.771158665895508,0.770968413424102,0.7710040786115758,103000000,1
1294334820000,1294334879000,0.7710278572364819,0.7711467723651843,0.7709862456053784,0.771099201912326,170000000,1
1294334880000,1294334939000,0.7711229864051017,0.7711884013264441,0.771051637328152,0.7710694733595498,83000000,1
1294334940000,1294334999000,0.7710635279240656,0.7712954678678309,0.7710635279240656,0.771289518946727,59000000,1
1294335000000,1294335059000,0.771289518946727,0.7713014168807028,0.7712121913223204,0.7712359827860128,81000000,1
1294335060000,1294335119000,0.7712716727340039,0.7712835701173893,0.771117040144353,0.7711824540568053,79000000,1
1294335120000,1294335179000,0.7711824540568053,0.7712419308812981,0.7711289327575571,0.7712419308812981,67000000,1
1294335180000,1294335239000,0.7712597757176571,0.7713192644699494,0.7711289327575571,0.7711289327575571,84000000,1
1294335240000,1294335299000,0.7711408257375961,0.7712716727340039,0.7710873102161357,0.771093256018383,97000000,1
1294335300000,1294335359000,0.771093256018383,0.7711348792017211,0.7710456921677179,0.771117040144353,99000000,1
1294335360000,1294335419000,0.771117040144353,0.771158665895508,0.7710754188867213,0.771099201912326,79000000,1
1294335420000,1294335479000,0.7711110939753091,0.7711348792017211,0.7710694733595498,0.771117040144353,78000000,1
1294335480000,1294335539000,0.7711229864051017,0.771158665895508,0.771093256018383,0.771158665895508,36000000,1
1294335540000,1294335599000,0.7711765068788944,0.7712240868706811,0.7711110939753091,0.7711408257375961,106000000,1
1294335600000,1294335659000,0.7711408257375961,0.7711884013264441,0.7710456921677179,0.7710456921677179,174000000,1
1294335660000,1294335719000,0.7710456921677179,0.7711527190844876,0.7709981341845152,0.7710635279240656,161000000,1
1294335720000,1294335779000,0.7710635279240656,0.7710635279240656,0.770968413424102,0.7710159677406918,116000000,1
1294335780000,1294335839000,0.7710159677406918,0.771039747098963,0.7709386949549771,0.7709803014532979,93000000,1
1294335840000,1294335899000,0.7710219124427516,0.7710219124427516,0.7709446384655118,0.770974357392873,91000000,1
1294335900000,1294335959000,0.7709624695469824,0.7709624695469824,0.7708198439860635,0.7708198439860635,100000000,1
1294335960000,1294336019000,0.7708198439860635,0.7710754188867213,0.7707901369694073,0.7710219124427516,87000000,1
1294336020000,1294336079000,0.7710040786115758,0.7711289327575571,0.7709862456053784,0.771051637328152,81000000,1
1294336080000,1294336139000,0.7710754188867213,0.771158665895508,0.7710100231303008,0.771158665895508,70000000,1
1294336140000,1294336199000,0.7711705597927094,0.7712240868706811,0.7710456921677179,0.771093256018383,62000000,1
1294336200000,1294336259000,0.771093256018383,0.7712240868706811,0.7710813645055826,0.7712062436857489,74000000,1
1294336260000,1294336319000,0.7712062436857489,0.77131331518176,0.7711408257375961,0.7712835701173893,135000000,1
1294336320000,1294336379000,0.7713192644699494,0.7714561234329798,0.77131331518176,0.7713371128851864,52000000,1
1294336380000,1294336439000,0.7713252138499155,0.7714204164127407,0.7712240868706811,0.7712359827860128,93000000,1
1294336440000,1294336499000,0.7711824540568053,0.771289518946727,0.7711527190844876,0.7711527190844876,79000000,1
1294336500000,1294336559000,0.7711289327575571,0.7712419308812981,0.7711289327575571,0.7712419308812981,66000000,1
1294336560000,1294336619000,0.7712419308812981,0.7712419308812981,0.771057582580267,0.7711765068788944,67000000,1
1294336620000,1294336679000,0.7711765068788944,0.7711765068788944,0.771099201912326,0.7711467723651843,61000000,1
1294336680000,1294336739000,0.7711467723651843,0.7712240868706811,0.7710694733595498,0.771117040144353,100000000,1
1294336740000,1294336799000,0.771099201912326,0.7711348792017211,0.7708139023995436,0.7709624695469824,177000000,1
1294336800000,1294336859000,0.7710100231303008,0.771051637328152,0.7709149218292268,0.7709327515360835,127000000,1
1294336860000,1294336919000,0.7709446384655118,0.7709921898491169,0.7709149218292268,0.7709565257615123,75000000,1
1294336920000,1294336979000,0.7709921898491169,0.7710278572364819,0.7709208649732104,0.770974357392873,54000000,1
1294336980000,1294337039000,0.7709862456053784,0.771039747098963,0.7709386949549771,0.7709446384655118,104000000,1
1294337040000,1294337099000,0.7709624695469824,0.7710635279240656,0.7709268082088286,0.7709386949549771,77000000,1
1294337100000,1294337159000,0.7709386949549771,0.7710100231303008,0.7708852074837537,0.7709921898491169,30000000,1
1294337160000,1294337219000,0.770974357392873,0.770974357392873,0.7706713317971285,0.7706950899015822,130000000,1
1294337220000,1294337279000,0.770689150238143,0.770903035816155,0.770689150238143,0.770903035816155,50000000,1
1294337280000,1294337339000,0.7709149218292268,0.770968413424102,0.7708614376565812,0.7709149218292268,41000000,1
1294337340000,1294337399000,0.7709386949549771,0.7710873102161357,0.7709149218292268,0.7710456921677179,31000000,1
1294337400000,1294337459000,0.7710100231303008,0.7710813645055826,0.7710100231303008,0.7710694733595498,21000000,1
1294337460000,1294337519000,0.7710694733595498,0.7712657241799518,0.7710635279240656,0.7712359827860128,81000000,1
1294337520000,1294337579000,0.7712657241799518,0.7713549621264714,0.7712121913223204,0.7713549621264714,90000000,1
1294337580000,1294337639000,0.7713311633216605,0.7713371128851864,0.7711943486878129,0.7712181390506304,37000000,1
1294337640000,1294337699000,0.7712657241799518,0.7712716727340039,0.7711467723651843,0.7711646127982479,48000000,1
1294337700000,1294337759000,0.7712121913223204,0.7712359827860128,0.7712062436857489,0.7712181390506304,48000000,1
1294337760000,1294337819000,0.7712181390506304,0.7712835701173893,0.7712062436857489,0.7712359827860128,67000000,1
1294337820000,1294337879000,0.7712359827860128,0.771289518946727,0.7712062436857489,0.7712716727340039,41000000,1
1294337880000,1294337939000,0.7712716727340039,0.7714561234329798,0.7712716727340039,0.7714144655640583,45000000,1
1294337940000,1294337999000,0.7714144655640583,0.7715632643298587,0.7714144655640583,0.7715394526699122,85000000,1
1294338000000,1294338059000,0.7715275473910796,0.7716585256692209,0.7715037379356102,0.7715692174744997,75000000,1
1294338060000,1294338119000,0.7715692174744997,0.7715692174744997,0.7715632643298587,0.7715692174744997,41000000,1
1294338120000,1294338179000,0.7715692174744997,0.7715692174744997,0.7713787623999135,0.771390663087414,78000000,1
1294338180000,1294338239000,0.771390663087414,0.7715930309717443,0.7713014168807028,0.7715811240393815,88000000,1
1294338240000,1294338299000,0.7715811240393815,0.7719265743442484,0.7715811240393815,0.7718848656534391,168000000,1
1294338300000,1294338359000,0.7718610341394134,0.77187890763697,0.7715275473910796,0.7715454054471106,151000000,1
1294338360000,1294338419000,0.7715454054471106,0.7717180759524931,0.7714382695096738,0.771646616715409,119000000,1
1294338420000,1294338479000,0.7716644802839725,0.7717538105344396,0.7716227999104918,0.771741898639419,109000000,1
1294338480000,1294338539000,0.771741898639419,0.7717478545409644,0.7715692174744997,0.7715751707110066,121000000,1
1294338540000,1294338599000,0.7715930309717443,0.7716108920593523,0.7714025641421232,0.7715334999845693,93000000,1
1294338600000,1294338659000,0.7715513583161664,0.7718133755257979,0.7715513583161664,0.7717895484259352,112000000,1
1294338660000,1294338719000,0.7718133755257979,0.7719384919409622,0.7718074186129077,0.7719206156838831,81000000,1
1294338720000,1294338779000,0.7719206156838831,0.7719861660079052,0.7717299871121092,0.7718491189342307,116000000,1
1294338780000,1294338839000,0.7718550764908381,0.7718908237618871,0.7716227999104918,0.7716704349906243,63000000,1
1294338840000,1294338899000,0.7716704349906243,0.7718610341394134,0.7716704349906243,0.7717835918808366,75000000,1
1294338900000,1294338959000,0.7718252896274399,0.7718908237618871,0.7716704349906243,0.7716704349906243,57000000,1
1294338960000,1294339019000,0.771700209902457,0.7717597666198467,0.7715692174744997,0.7716525711463671,129000000,1
1294339020000,1294339079000,0.7716347081291717,0.7716406623763445,0.7713073659853452,0.7714085148071864,134000000,1
1294339080000,1294339139000,0.7714263673532361,0.7714382695096738,0.7712954678678309,0.771366862079605,73000000,1
1294339140000,1294339199000,0.771366862079605,0.771390663087414,0.7713014168807028,0.7713430625404954,39000000,1
1294339200000,1294339259000,0.7713192644699494,0.7713371128851864,0.7712657241799518,0.7712716727340039,53000000,1
1294339260000,1294339319000,0.7712835701173893,0.7712835701173893,0.7712121913223204,0.7712597757176571,40000000,1
1294339320000,1294339379000,0.771289518946727,0.771366862079605,0.7712121913223204,0.7712478790683326,100000000,1
1294339380000,1294339439000,0.7712419308812981,0.7712478790683326,0.7711408257375961,0.7711884013264441,62000000,1
1294339440000,1294339499000,0.7711824540568053,0.7713073659853452,0.771158665895508,0.7712300347824746,62000000,1
1294339500000,1294339559000,0.7712597757176571,0.7712716727340039,0.7711229864051017,0.7711467723651843,22000000,1
1294339560000,1294339619000,0.7711527190844876,0.7713371128851864,0.7711527190844876,0.7712716727340039,63000000,1
1294339620000,1294339679000,0.771289518946727,0.7713252138499155,0.7711527190844876,0.7711527190844876,75000000,1
1294339680000,1294339739000,0.7712121913223204,0.7712121913223204,0.7711408257375961,0.7712062436857489,17000000,1
1294339740000,1294339799000,0.7712121913223204,0.7712597757176571,0.7711229864051017,0.7712597757176571,88000000,1
1294339800000,1294339859000,0.7712359827860128,0.7712835701173893,0.7709386949549771,0.7710219124427516,103000000,1
1294339860000,1294339919000,0.7710219124427516,0.771051637328152,0.7709505820676895,0.770974357392873,46000000,1
1294339920000,1294339979000,0.7709803014532979,0.7711348792017211,0.770974357392873,0.771099201912326,113000000,1
1294339980000,1294340039000,0.771093256018383,0.7711884013264441,0.771093256018383,0.771117040144353,90000000,1
1294340040000,1294340099000,0.7711229864051017,0.7713311633216605,0.771117040144353,0.7712657241799518,72000000,1
1294340100000,1294340159000,0.7713073659853452,0.7713073659853452,0.7711229864051017,0.7711824540568053,52000000,1
1294340160000,1294340219000,0.7711824540568053,0.7712002961409137,0.7711467723651843,0.7711527190844876,63000000,1
1294340220000,1294340279000,0.7711467723651843,0.7711467723651843,0.7709981341845152,0.7710873102161357,57000000,1
1294340280000,1294340339000,0.771093256018383,0.7712359827860128,0.771093256018383,0.7712240868706811,68000000,1
1294340340000,1294340399000,0.7712300347824746,0.7712300347824746,0.7711110939753091,0.7711527190844876,69000000,1
1294340400000,1294340459000,0.7711527190844876,0.7712121913223204,0.7710873102161357,0.7711467723651843,46000000,1
1294340460000,1294340519000,0.771158665895508,0.7713728121938614,0.7711408257375961,0.7713014168807028,96000000,1
1294340520000,1294340579000,0.7713014168807028,0.7714442207256205,0.7712716727340039,0.7714025641421232,111000000,1
1294340580000,1294340639000,0.7714144655640583,0.7715156424796513,0.7713787623999135,0.7715156424796513,113000000,1
1294340640000,1294340699000,0.7715096901617085,0.7715870774596267,0.7714977858013546,0.7715215948894409,60000000,1
1294340700000,1294340759000,0.7715394526699122,0.7715870774596267,0.7715037379356102,0.7715692174744997,58000000,1
1294340760000,1294340819000,0.7715751707110066,0.7716287539738881,0.7715037379356102,0.7716168459389806,70000000,1
1294340820000,1294340879000,0.7716227999104918,0.7716287539738881,0.7715037379356102,0.7716108920593523,75000000,1
1294340880000,1294340939000,0.7715989845757363,0.7716108920593523,0.7715632643298587,0.7715632643298587,19000000,1
1294340940000,1294340999000,0.7715632643298587,0.7715692174744997,0.7715632643298587,0.7715632643298587,22000000,1
1294341000000,1294341059000,0.7715632643298587,0.7716049382716049,0.7715156424796513,0.7715394526699122,26000000,1
1294341060000,1294341119000,0.7715454054471106,0.7716287539738881,0.7715156424796513,0.7715632643298587,42000000,1
1294341120000,1294341179000,0.7715632643298587,0.7715930309717443,0.7715632643298587,0.7715692174744997,32000000,1
1294341180000,1294341239000,0.7715692174744997,0.7715692174744997,0.7715632643298587,0.7715692174744997,11000000,1
1294341240000,1294341299000,0.7715037379356102,0.7715275473910796,0.7714144655640583,0.7714263673532361,72000000,1
1294341300000,1294341359000,0.7714442207256205,0.7714501720333884,0.7713966135688665,0.7714204164127407,33000000,1
1294341360000,1294341419000,0.7714204164127407,0.771682344679636,0.7714204164127407,0.7715989845757363,64000000,1
1294341420000,1294341479000,0.7715811240393815,0.7716882996620005,0.7715632643298587,0.7715632643298587,46000000,1
1294341480000,1294341539000,0.7715632643298587,0.7715692174744997,0.7713728121938614,0.7714501720333884,52000000,1
1294341540000,1294341599000,0.7714501720333884,0.7715394526699122,0.7714442207256205,0.7714442207256205,55000000,1
1294341600000,1294341659000,0.7714680265076413,0.7715632643298587,0.7713311633216605,0.7714323183855465,124000000,1
1294341660000,1294341719000,0.7714501720333884,0.7715811240393815,0.771390663087414,0.7715156424796513,106000000,1
1294341720000,1294341779000,0.7715156424796513,0.7715394526699122,0.7714442207256205,0.7715215948894409,65000000,1
1294341780000,1294341839000,0.7715573112770817,0.7716227999104918,0.7715394526699122,0.7716049382716049,71000000,1
1294341840000,1294341899000,0.7716227999104918,0.771646616715409,0.7715692174744997,0.7715989845757363,68000000,1
1294341900000,1294341959000,0.7716049382716049,0.771646616715409,0.7715870774596267,0.7716049382716049,47000000,1
1294341960000,1294342019000,0.7716108920593523,0.7716347081291717,0.7715454054471106,0.7715454054471106,43000000,1
1294342020000,1294342079000,0.7715394526699122,0.7715454054471106,0.7714561234329798,0.7715037379356102,57000000,1
1294342080000,1294342139000,0.7715334999845693,0.7715394526699122,0.7713847126977638,0.7713847126977638,66000000,1
1294342140000,1294342199000,0.771390663087414,0.771390663087414,0.7713430625404954,0.7713430625404954,18000000,1
1294342200000,1294342259000,0.7713490122875898,0.7713728121938614,0.7712835701173893,0.7713609120571424,23000000,1
1294342260000,1294342319000,0.7713609120571424,0.7714025641421232,0.7713371128851864,0.7714025641421232,18000000,1
1294342320000,1294342379000,0.7714085148071864,0.7714323183855465,0.7713490122875898,0.7713787623999135,35000000,1
1294342380000,1294342439000,0.7713787623999135,0.771390663087414,0.7713728121938614,0.771390663087414,9000000,1
1294342440000,1294342499000,0.7713847126977638,0.7714085148071864,0.7713728121938614,0.7714085148071864,16000000,1
1294342500000,1294342559000,0.7714085148071864,0.7714799299496223,0.7713847126977638,0.7714085148071864,9000000,1
1294342560000,1294342619000,0.7714501720333884,0.7715275473910796,0.7713490122875898,0.7713490122875898,39000000,1
1294342620000,1294342679000,0.7713609120571424,0.7713609120571424,0.7711705597927094,0.7711943486878129,49000000,1
1294342680000,1294342739000,0.7711824540568053,0.7712657241799518,0.7711765068788944,0.7712657241799518,45000000,1
1294342740000,1294342799000,0.7712716727340039,0.7713014168807028,0.7710694733595498,0.7711110939753091,56000000,1
1294342800000,1294342859000,0.771099201912326,0.7711289327575571,0.7709921898491169,0.7710100231303008,39000000,1
1294342860000,1294342919000,0.7709921898491169,0.771057582580267,0.7709446384655118,0.771039747098963,59000000,1
1294342920000,1294342979000,0.771039747098963,0.771051637328152,0.7710159677406918,0.771051637328152,22000000,1
1294342980000,1294343039000,0.771051637328152,0.7711051478979674,0.7710100231303008,0.7710873102161357,40000000,1
1294343040000,1294343099000,0.771099201912326,0.7711289327575571,0.7710100231303008,0.7710873102161357,57000000,1
1294343100000,1294343159000,0.7710873102161357,0.7711229864051017,0.771051637328152,0.771117040144353,34000000,1
1294343160000,1294343219000,0.771093256018383,0.7711705597927094,0.7710635279240656,0.7711110939753091,67000000,1
1294343220000,1294343279000,0.7711229864051017,0.7712002961409137,0.771117040144353,0.7711467723651843,52000000,1
1294343280000,1294343339000,0.771158665895508,0.7713787623999135,0.7711229864051017,0.7713787623999135,107000000,1
1294343340000,1294343399000,0.771390663087414,0.771390663087414,0.7712359827860128,0.7712835701173893,73000000,1
1294343400000,1294343459000,0.7712776213798156,0.7714680265076413,0.7712478790683326,0.7713014168807028,145000000,1
1294343460000,1294343519000,0.7712954678678309,0.7713192644699494,0.7711705597927094,0.7712419308812981,77000000,1
1294343520000,1294343579000,0.7711289327575571,0.771158665895508,0.771099201912326,0.7711348792017211,42000000,1
1294343580000,1294343639000,0.771158665895508,0.771158665895508,0.7711408257375961,0.7711408257375961,6000000,1
1294343640000,1294343699000,0.7711646127982479,0.7711943486878129,0.7711467723651843,0.7711646127982479,46000000,1
1294343700000,1294343759000,0.7711943486878129,0.7712181390506304,0.7709208649732104,0.7709565257615123,110000000,1
1294343760000,1294343819000,0.7710159677406918,0.7711884013264441,0.7709862456053784,0.7711884013264441,66000000,1
1294343820000,1294343879000,0.7711884013264441,0.7713847126977638,0.7711884013264441,0.7713847126977638,20000000,1
1294343880000,1294343939000,0.7713847126977638,0.7713847126977638,0.7712240868706811,0.7712240868706811,68000000,1
1294343940000,1294343999000,0.7712300347824746,0.7712538273471182,0.7712181390506304,0.7712181390506304,30000000,1
1294344000000,1294344059000,0.7712121913223204,0.7712181390506304,0.7711348792017211,0.7711348792017211,55000000,1
1294344060000,1294344119000,0.7711467723651843,0.7712240868706811,0.771051637328152,0.7711051478979674,57000000,1
1294344120000,1294344179000,0.7710694733595498,0.7711527190844876,0.7710694733595498,0.7711527190844876,26000000,1
1294344180000,1294344239000,0.7711289327575571,0.771289518946727,0.7711289327575571,0.7712002961409137,58000000,1
1294344240000,1294344299000,0.7712121913223204,0.7712478790683326,0.7711408257375961,0.7712181390506304,58000000,1
1294344300000,1294344359000,0.7712300347824746,0.7713073659853452,0.7712240868706811,0.7712776213798156,49000000,1
1294344360000,1294344419000,0.7713073659853452,0.7714204164127407,0.7712419308812981,0.7713609120571424,62000000,1
1294344420000,1294344479000,0.7713549621264714,0.7714144655640583,0.771289518946727,0.7713609120571424,77000000,1
1294344480000,1294344539000,0.7713787623999135,0.7715454054471106,0.7713787623999135,0.7714501720333884,44000000,1
1294344540000,1294344599000,0.7714263673532361,0.7714620749243967,0.7714263673532361,0.7714620749243967,16000000,1
1294344600000,1294344659000,0.7714620749243967,0.7715394526699122,0.7714442207256205,0.7715394526699122,38000000,1
1294344660000,1294344719000,0.7715215948894409,0.7715215948894409,0.771366862079605,0.7713966135688665,64000000,1
1294344720000,1294344779000,0.7713966135688665,0.7713966135688665,0.7712121913223204,0.7712597757176571,54000000,1
1294344780000,1294344839000,0.7712597757176571,0.771366862079605,0.7711765068788944,0.7712121913223204,77000000,1
1294344840000,1294344899000,0.7712419308812981,0.7713728121938614,0.7712419308812981,0.7713430625404954,43000000,1
1294344900000,1294344959000,0.7713609120571424,0.7714977858013546,0.7713609120571424,0.7714382695096738,45000000,1
1294344960000,1294345019000,0.7714263673532361,0.7715037379356102,0.771366862079605,0.7714263673532361,42000000,1
1294345020000,1294345079000,0.7714323183855465,0.7714382695096738,0.7712954678678309,0.7713192644699494,44000000,1
1294345080000,1294345139000,0.7713073659853452,0.7713549621264714,0.7712478790683326,0.7712776213798156,73000000,1
1294345140000,1294345199000,0.771289518946727,0.7713192644699494,0.7711824540568053,0.7711943486878129,59000000,1
1294345200000,1294345259000,0.7712062436857489,0.7712716727340039,0.7711229864051017,0.771158665895508,61000000,1
1294345260000,1294345319000,0.7711527190844876,0.7713430625404954,0.7711527190844876,0.7713073659853452,71000000,1
1294345320000,1294345379000,0.7713192644699494,0.7713252138499155,0.771289518946727,0.7712954678678309,8000000,1
1294345380000,1294345439000,0.7712657241799518,0.771366862079605,0.7712419308812981,0.771366862079605,25000000,1
1294345440000,1294345499000,0.7713549621264714,0.7714799299496223,0.7712538273471182,0.7713014168807028,87000000,1
1294345500000,1294345559000,0.7712954678678309,0.7713371128851864,0.7711824540568053,0.7712300347824746,100000000,1
1294345560000,1294345619000,0.7712300347824746,0.7712776213798156,0.7711289327575571,0.7711765068788944,98000000,1
1294345620000,1294345679000,0.7711943486878129,0.7713192644699494,0.7711943486878129,0.7713014168807028,95000000,1
1294345680000,1294345739000,0.7713192644699494,0.7713787623999135,0.7711824540568053,0.7713014168807028,61000000,1
1294345740000,1294345799000,0.7712835701173893,0.7713490122875898,0.7712597757176571,0.7712597757176571,31000000,1
1294345800000,1294345859000,0.7712597757176571,0.7713371128851864,0.7711765068788944,0.7713014168807028,33000000,1
1294345860000,1294345919000,0.7713192644699494,0.7714442207256205,0.7712716727340039,0.7714263673532361,115000000,1
1294345920000,1294345979000,0.7713966135688665,0.7715751707110066,0.7713549621264714,0.7715394526699122,64000000,1
1294345980000,1294346039000,0.7715513583161664,0.771741898639419,0.7715513583161664,0.7716287539738881,67000000,1
1294346040000,1294346099000,0.7716406623763445,0.7716525711463671,0.7713847126977638,0.7714085148071864,56000000,1
1294346100000,1294346159000,0.7714085148071864,0.7714085148071864,0.7712716727340039,0.7712716727340039,58000000,1
1294346160000,1294346219000,0.7712835701173893,0.7714263673532361,0.7711646127982479,0.7712240868706811,83000000,1
1294346220000,1294346279000,0.7712181390506304,0.7712776213798156,0.7711051478979674,0.7712478790683326,63000000,1
1294346280000,1294346339000,0.7712359827860128,0.7713371128851864,0.7712002961409137,0.7712716727340039,26000000,1
1294346340000,1294346399000,0.7712597757176571,0.7712657241799518,0.7712062436857489,0.7712657241799518,13000000,1
1294346400000,1294346459000,0.7712657241799518,0.7713787623999135,0.7712657241799518,0.7713430625404954,54000000,1
1294346460000,1294346519000,0.7713252138499155,0.7713252138499155,0.7712300347824746,0.7712657241799518,66000000,1
1294346520000,1294346579000,0.7712716727340039,0.7713430625404954,0.7712002961409137,0.7712181390506304,51000000,1
1294346580000,1294346639000,0.7712002961409137,0.7712002961409137,0.7709624695469824,0.7710278572364819,60000000,1
1294346640000,1294346699000,0.7710100231303008,0.7710873102161357,0.7708436112481499,0.7708852074837537,65000000,1
1294346700000,1294346759000,0.7709089787768758,0.7709446384655118,0.7708852074837537,0.770903035816155,38000000,1
1294346760000,1294346819000,0.770903035816155,0.7709327515360835,0.770825785664182,0.7709268082088286,28000000,1
1294346820000,1294346879000,0.7709268082088286,0.770974357392873,0.7707960781895541,0.7708198439860635,79000000,1
1294346880000,1294346939000,0.7708198439860635,0.7708554954288269,0.7708198439860635,0.7708376692952231,46000000,1
1294346940000,1294346999000,0.770825785664182,0.7709208649732104,0.7707426105052217,0.7709208649732104,64000000,1
1294347000000,1294347059000,0.7709386949549771,0.7710338021218851,0.7708139023995436,0.7708198439860635,102000000,1
1294347060000,1294347119000,0.7708554954288269,0.7709565257615123,0.7707366701092905,0.7707544915717995,56000000,1
1294347120000,1294347179000,0.7707544915717995,0.7708376692952231,0.7707188494709015,0.7707247895921324,52000000,1
1294347180000,1294347239000,0.7707247895921324,0.7708020195012911,0.7705644384511655,0.7705644384511655,74000000,1
1294347240000,1294347299000,0.7706297586387596,0.7707604322424504,0.7706297586387596,0.770689150238143,51000000,1
1294347300000,1294347359000,0.770689150238143,0.7707604322424504,0.7705941280727441,0.7706178814173203,51000000,1
1294347360000,1294347419000,0.7706000662716057,0.7707069695031252,0.7706000662716057,0.7706594532941838,46000000,1
1294347420000,1294347479000,0.7706594532941838,0.7707010296565756,0.7704575747536462,0.7705288139249967,55000000,1
1294347480000,1294347539000,0.7704991293359839,0.7706950899015822,0.7704694470340779,0.7706535141800246,153000000,1
1294347540000,1294347599000,0.7706356973867743,0.7706475751574048,0.7705525632431016,0.7705763140252595,85000000,1
1294347600000,1294347659000,0.7705941280727441,0.7707663730046785,0.7704991293359839,0.770689150238143,184000000,1
1294347660000,1294347719000,0.7706772711859181,0.7708020195012911,0.7705585008013808,0.7707247895921324,104000000,1
1294347720000,1294347779000,0.7707247895921324,0.7707426105052217,0.7706238199822757,0.770689150238143,41000000,1
1294347780000,1294347839000,0.7706832106662557,0.7707366701092905,0.7706713317971285,0.7706950899015822,36000000,1
1294347840000,1294347899000,0.7707010296565756,0.7708198439860635,0.7706950899015822,0.7707663730046785,26000000,1
1294347900000,1294347959000,0.7707901369694073,0.7709149218292268,0.7707901369694073,0.7708852074837537,44000000,1
1294347960000,1294348019000,0.770867379975949,0.7709208649732104,0.7707901369694073,0.770867379975949,33000000,1
1294348020000,1294348079000,0.770867379975949,0.770867379975949,0.7707901369694073,0.7707960781895541,54000000,1
1294348080000,1294348139000,0.7708020195012911,0.7708317274339013,0.7707960781895541,0.7708079609046202,26000000,1
1294348140000,1294348199000,0.7708079609046202,0.7708733223869321,0.7708020195012911,0.7708733223869321,14000000,1
1294348200000,1294348259000,0.7708970929470624,0.7709505820676895,0.770879264889533,0.770879264889533,35000000,1
1294348260000,1294348319000,0.7708852074837537,0.7710040786115758,0.7708852074837537,0.7709565257615123,26000000,1
1294348320000,1294348379000,0.7709624695469824,0.7710100231303008,0.7709327515360835,0.7709624695469824,18000000,1
1294348380000,1294348439000,0.7709624695469824,0.7711824540568053,0.7709624695469824,0.7710456921677179,33000000,1
1294348440000,1294348499000,0.7710754188867213,0.7711229864051017,0.7709981341845152,0.7711229864051017,72000000,1
1294348500000,1294348559000,0.7710813645055826,0.7714442207256205,0.7710813645055826,0.7714323183855465,102000000,1
1294348560000,1294348619000,0.7714323183855465,0.7715096901617085,0.7711765068788944,0.7712062436857489,132000000,1
1294348620000,1294348679000,0.7712062436857489,0.7713609120571424,0.7712062436857489,0.77131331518176,56000000,1
1294348680000,1294348739000,0.7713311633216605,0.7713430625404954,0.7712240868706811,0.7712478790683326,22000000,1
1294348740000,1294348799000,0.7712538273471182,0.7713966135688665,0.7712478790683326,0.7713728121938614,42000000,1
1294348800000,1294348859000,0.7713549621264714,0.7713549621264714,0.7711943486878129,0.7711943486878129,56000000,1
1294348860000,1294348919000,0.7711943486878129,0.7711943486878129,0.771093256018383,0.7711467723651843,38000000,1
1294348920000,1294348979000,0.7711467723651843,0.7711467723651843,0.7709149218292268,0.7709149218292268,33000000,1
1294348980000,1294349039000,0.7709149218292268,0.7709624695469824,0.770903035816155,0.770903035816155,22000000,1
1294349040000,1294349099000,0.7709208649732104,0.7709565257615123,0.7708317274339013,0.770879264889533,33000000,1
1294349100000,1294349159000,0.770879264889533,0.7709624695469824,0.7708376692952231,0.7708733223869321,62000000,1
1294349160000,1294349219000,0.7708970929470624,0.7710338021218851,0.7708079609046202,0.7708614376565812,64000000,1
1294349220000,1294349279000,0.7708614376565812,0.770867379975949,0.7707663730046785,0.7708436112481499,58000000,1
1294349280000,1294349339000,0.7709208649732104,0.7709208649732104,0.7707723138584861,0.7708614376565812,42000000,1
1294349340000,1294349399000,0.7708495532926839,0.770867379975949,0.7707841958408485,0.7708614376565812,49000000,1
1294349400000,1294349459000,0.7708614376565812,0.7709921898491169,0.7708376692952231,0.7709386949549771,34000000,1
1294349460000,1294349519000,0.770903035816155,0.770968413424102,0.770903035816155,0.770968413424102,23000000,1
1294349520000,1294349579000,0.770968413424102,0.771093256018383,0.7709386949549771,0.7710278572364819,41000000,1
1294349580000,1294349639000,0.7709921898491169,0.7712240868706811,0.7709921898491169,0.7711824540568053,38000000,1
1294349640000,1294349699000,0.7712002961409137,0.7715037379356102,0.7712002961409137,0.7715037379356102,33000000,1
1294349700000,1294349759000,0.7715096901617085,0.7715096901617085,0.7713966135688665,0.7713966135688665,8000000,1
1294349760000,1294349819000,0.7713549621264714,0.7714085148071864,0.7713549621264714,0.7713847126977638,13000000,1
1294349820000,1294349879000,0.7713430625404954,0.7713430625404954,0.7712954678678309,0.7713192644699494,11000000,1
1294349880000,1294349939000,0.7713192644699494,0.7713311633216605,0.7712002961409137,0.7712419308812981,32000000,1
1294349940000,1294349999000,0.7712121913223204,0.7713609120571424,0.7712121913223204,0.7713609120571424,41000000,1
1294350000000,1294350059000,0.7713787623999135,0.7714680265076413,0.7713549621264714,0.7714144655640583,27000000,1
1294350060000,1294350119000,0.7714085148071864,0.7714085148071864,0.7712419308812981,0.7713371128851864,28000000,1
1294350120000,1294350179000,0.7713430625404954,0.7713430625404954,0.7712181390506304,0.7712181390506304,12000000,1
1294350180000,1294350239000,0.7712478790683326,0.7712776213798156,0.7712062436857489,0.7712776213798156,10000000,1
1294350240000,1294350299000,0.7712954678678309,0.7712954678678309,0.7712716727340039,0.771289518946727,5000000,1
1294350300000,1294350359000,0.771289518946727,0.7713192644699494,0.7711289327575571,0.7711348792017211,20000000,1
1294350360000,1294350419000,0.7711110939753091,0.7713490122875898,0.7711110939753091,0.7712538273471182,29000000,1
1294350420000,1294350479000,0.7712419308812981,0.77131331518176,0.7712121913223204,0.7713014168807028,14000000,1
1294350480000,1294350539000,0.77131331518176,0.7715037379356102,0.7713073659853452,0.7714501720333884,29000000,1
1294350540000,1294350599000,0.7714085148071864,0.7715156424796513,0.7714025641421232,0.7714382695096738,27000000,1
1294350600000,1294350659000,0.7714501720333884,0.7715156424796513,0.7714501720333884,0.7714680265076413,9000000,1
1294350660000,1294350719000,0.7714858818083629,0.7715930309717443,0.7714739781827159,0.7715156424796513,22000000,1
1294350720000,1294350779000,0.7715394526699122,0.7715394526699122,0.7714501720333884,0.7714977858013546,19000000,1
1294350780000,1294350839000,0.7714739781827159,0.7715096901617085,0.7714263673532361,0.7715096901617085,10000000,1
1294350840000,1294350899000,0.7715096901617085,0.7715275473910796,0.7714501720333884,0.7715275473910796,14000000,1
1294350900000,1294350959000,0.7714977858013546,0.7714977858013546,0.7713728121938614,0.7713728121938614,15000000,1
1294350960000,1294351019000,0.7713609120571424,0.7713609120571424,0.7713549621264714,0.7713549621264714,7000000,1
1294351020000,1294351079000,0.7713966135688665,0.7714263673532361,0.7713966135688665,0.7714263673532361,4000000,1
1294351080000,1294351139000,0.7714144655640583,0.7714561234329798,0.7713787623999135,0.7714501720333884,45000000,1
1294351140000,1294351199000,0.7714501720333884,0.7715334999845693,0.7713966135688665,0.7714025641421232,125000000,1
1294351200000,1294351259000,0.7714025641421232,0.7714025641421232,0.7713311633216605,0.7713371128851864,165000000,1
1294351260000,1294351319000,0.7713371128851864,0.7714025641421232,0.7707544915717995,0.7707544915717995,118000000,1
1294351320000,1294351379000,0.7712776213798156,0.7713609120571424,0.7707307298049281,0.7713430625404954,21000000,1
1294351380000,1294351439000,0.7707069695031252,0.7713847126977638,0.7707069695031252,0.7712657241799518,19000000,1
1294351440000,1294351499000,0.7711824540568053,0.7713192644699494,0.7707010296565756,0.770825785664182,100000000,1
1294351500000,1294351559000,0.770825785664182,0.771039747098963,0.7707485509927242,0.7710040786115758,110000000,1
1294351560000,1294351619000,0.7710040786115758,0.7711884013264441,0.7708970929470624,0.7711884013264441,77000000,1
1294351620000,1294351679000,0.7711884013264441,0.7712359827860128,0.7711884013264441,0.7712002961409137,65000000,1
1294351680000,1294351739000,0.7712002961409137,0.7713192644699494,0.7712002961409137,0.7712954678678309,49000000,1
1294351740000,1294351799000,0.7712716727340039,0.7712954678678309,0.7712300347824746,0.7712300347824746,45000000,1
1294351800000,1294351859000,0.7711824540568053,0.7712300347824746,0.7709921898491169,0.7711110939753091,26000000,1
1294351860000,1294351919000,0.7710338021218851,0.7714977858013546,0.7710338021218851,0.7712835701173893,179000000,1
1294351920000,1294351979000,0.7712835701173893,0.7713549621264714,0.7712181390506304,0.7713073659853452,102000000,1
1294351980000,1294352039000,0.7712657241799518,0.7715215948894409,0.7712538273471182,0.7715156424796513,51000000,1
1294352040000,1294352099000,0.7715632643298587,0.7715811240393815,0.7713014168807028,0.7713787623999135,77000000,1
1294352100000,1294352159000,0.7715156424796513,0.7716406623763445,0.771390663087414,0.7714620749243967,57000000,1
1294352160000,1294352219000,0.7714323183855465,0.7716227999104918,0.7714025641421232,0.7715096901617085,49000000,1
1294352220000,1294352279000,0.7715692174744997,0.7717299871121092,0.7715692174744997,0.7716585256692209,41000000,1
1294352280000,1294352339000,0.7716108920593523,0.7718252896274399,0.7716108920593523,0.7717478545409644,39000000,1
1294352340000,1294352399000,0.7717478545409644,0.7717478545409644,0.7716108920593523,0.7716108920593523,14000000,1
1294352400000,1294352459000,0.7716227999104918,0.771682344679636,0.7716227999104918,0.771682344679636,6000000,1
1294352460000,1294352519000,0.7716763897891781,0.7716942547362735,0.7715930309717443,0.7716942547362735,28000000,1
1294352520000,1294352579000,0.7716942547362735,0.7717299871121092,0.7716942547362735,0.7717180759524931,10000000,1
1294352580000,1294352639000,0.771700209902457,0.7717835918808366,0.771700209902457,0.7717180759524931,19000000,1
1294352640000,1294352699000,0.7717359428298014,0.7721888465043011,0.7716347081291717,0.7718133755257979,96000000,1
1294352700000,1294352759000,0.7718014617919686,0.7718550764908381,0.7715334999845693,0.7716108920593523,100000000,1
1294352760000,1294352819000,0.7716227999104918,0.7719742469391221,0.7716227999104918,0.7719444508773148,84000000,1
1294352820000,1294352879000,0.7719325330966074,0.7719742469391221,0.7716585256692209,0.7717180759524931,81000000,1
1294352880000,1294352939000,0.771682344679636,0.7720040453011974,0.771682344679636,0.7718133755257979,82000000,1
1294352940000,1294352999000,0.7719146571155093,0.7719682875427477,0.7715811240393815,0.7716049382716049,42000000,1
1294353000000,1294353059000,0.7717657227971877,0.7718908237618871,0.7716882996620005,0.7717240314863405,49000000,1
1294353060000,1294353119000,0.7718669918799592,0.7719563690260227,0.7716168459389806,0.7716168459389806,87000000,1
1294353120000,1294353179000,0.7716168459389806,0.7717776354276806,0.7714620749243967,0.7717597666198467,76000000,1
1294353180000,1294353239000,0.7717776354276806,0.7718074186129077,0.7715334999845693,0.7715751707110066,42000000,1
1294353240000,1294353299000,0.7716049382716049,0.7716168459389806,0.7713073659853452,0.771366862079605,46000000,1
1294353300000,1294353359000,0.7713728121938614,0.7714977858013546,0.7713728121938614,0.7714620749243967,55000000,1
1294353360000,1294353419000,0.7714799299496223,0.771741898639419,0.7714799299496223,0.7716704349906243,45000000,1
1294353420000,1294353479000,0.7716644802839725,0.7717061651605535,0.7715573112770817,0.7716347081291717,43000000,1
1294353480000,1294353539000,0.7716227999104918,0.7716227999104918,0.7714204164127407,0.7714204164127407,13000000,1
1294353540000,1294353599000,0.7714144655640583,0.7714144655640583,0.7713252138499155,0.7713430625404954,39000000,1
1294353600000,1294353659000,0.7713787623999135,0.7715751707110066,0.7713371128851864,0.7715275473910796,85000000,1
1294353660000,1294353719000,0.7715215948894409,0.7715215948894409,0.771390663087414,0.7714085148071864,47000000,1
1294353720000,1294353779000,0.7714085148071864,0.7715037379356102,0.7712776213798156,0.7713787623999135,57000000,1
1294353780000,1294353839000,0.7713787623999135,0.7713966135688665,0.7712716727340039,0.7713252138499155,78000000,1
1294353840000,1294353899000,0.7713252138499155,0.771366862079605,0.7712002961409137,0.7712300347824746,51000000,1
1294353900000,1294353959000,0.7712300347824746,0.7712776213798156,0.7711646127982479,0.7711824540568053,42000000,1
1294353960000,1294354019000,0.7711884013264441,0.7713014168807028,0.7709565257615123,0.7712776213798156,76000000,1
1294354020000,1294354079000,0.771289518946727,0.771366862079605,0.7712478790683326,0.7713609120571424,27000000,1
1294354080000,1294354139000,0.7713609120571424,0.7713609120571424,0.7712597757176571,0.7712597757176571,44000000,1
1294354140000,1294354199000,0.7712597757176571,0.7713549621264714,0.7712419308812981,0.7713014168807028,27000000,1
1294354200000,1294354259000,0.7713014168807028,0.7714858818083629,0.771158665895508,0.7714382695096738,70000000,1
1294354260000,1294354319000,0.7714263673532361,0.7714263673532361,0.7712716727340039,0.7713311633216605,60000000,1
1294354320000,1294354379000,0.7713430625404954,0.7715096901617085,0.7712954678678309,0.7714025641421232,105000000,1
1294354380000,1294354439000,0.7714144655640583,0.7715632643298587,0.7713014168807028,0.7714323183855465,90000000,1
1294354440000,1294354499000,0.7714323183855465,0.7714323183855465,0.7712478790683326,0.7713847126977638,68000000,1
1294354500000,1294354559000,0.7714501720333884,0.7714501720333884,0.7712538273471182,0.7713371128851864,66000000,1
1294354560000,1294354619000,0.7713609120571424,0.7715811240393815,0.7712835701173893,0.7715156424796513,41000000,1
1294354620000,1294354679000,0.7715275473910796,0.7715394526699122,0.7713549621264714,0.7715394526699122,27000000,1
1294354680000,1294354739000,0.7715394526699122,0.7716168459389806,0.7714144655640583,0.7715573112770817,31000000,1
1294354740000,1294354799000,0.7715215948894409,0.7715454054471106,0.7714501720333884,0.7714501720333884,9000000,1
1294354800000,1294354859000,0.7714561234329798,0.7714739781827159,0.7713847126977638,0.7714739781827159,21000000,1
1294354860000,1294354919000,0.7714561234329798,0.7714561234329798,0.7711705597927094,0.7713073659853452,42000000,1
1294354920000,1294354979000,0.7713192644699494,0.7714085148071864,0.7713192644699494,0.7713490122875898,25000000,1
1294354980000,1294355039000,0.7713490122875898,0.7713490122875898,0.7711705597927094,0.7712657241799518,37000000,1
1294355040000,1294355099000,0.7712657241799518,0.771289518946727,0.7712181390506304,0.7712181390506304,23000000,1
1294355100000,1294355159000,0.7712240868706811,0.7712419308812981,0.7712121913223204,0.7712300347824746,26000000,1
1294355160000,1294355219000,0.7712300347824746,0.7712300347824746,0.7712062436857489,0.7712062436857489,21000000,1
1294355220000,1294355279000,0.7711527190844876,0.7712716727340039,0.7711527190844876,0.7712062436857489,13000000,1
1294355280000,1294355339000,0.7712062436857489,0.7712062436857489,0.7712062436857489,0.7712062436857489,3000000,1
1294355340000,1294355399000,0.7712062436857489,0.7712062436857489,0.7710338021218851,0.7711646127982479,53000000,1
1294355400000,1294355459000,0.7712300347824746,0.77131331518176,0.7711705597927094,0.7713073659853452,22000000,1
1294355460000,1294355519000,0.7712835701173893,0.7712835701173893,0.7712835701173893,0.7712835701173893,29000000,1
1294355520000,1294355579000,0.7712776213798156,0.7713252138499155,0.7712300347824746,0.7712300347824746,30000000,1
1294355580000,1294355639000,0.7712240868706811,0.7712538273471182,0.7712240868706811,0.7712478790683326,16000000,1
1294355640000,1294355699000,0.7712359827860128,0.7712359827860128,0.7711467723651843,0.7711705597927094,25000000,1
1294355700000,1294355759000,0.7711705597927094,0.7712062436857489,0.771158665895508,0.7712062436857489,14000000,1
1294355760000,1294355819000,0.7712062436857489,0.7712835701173893,0.7712062436857489,0.7712716727340039,58000000,1
1294355820000,1294355879000,0.7712716727340039,0.7713311633216605,0.7712716727340039,0.7713252138499155,73000000,1
1294355880000,1294355939000,0.7713252138499155,0.7713371128851864,0.7713252138499155,0.7713311633216605,37000000,1
1294355940000,1294355999000,0.7713371128851864,0.7715930309717443,0.7713371128851864,0.7714442207256205,120000000,1
1294356000000,1294356059000,0.7714323183855465,0.7717240314863405,0.7714323183855465,0.7717240314863405,115000000,1
1294356060000,1294356119000,0.7717299871121092,0.7724930668747247,0.7717240314863405,0.7723439092959313,259000000,1
1294356120000,1294356179000,0.7723140846919625,0.7723618051640111,0.7720398063724166,0.7722663701163804,211000000,1
1294356180000,1294356239000,0.7723260142571382,0.7724453301817564,0.7720517274657402,0.7720517274657402,159000000,1
1294356240000,1294356299000,0.7720517274657402,0.7722365515004557,0.7720517274657402,0.7721828837941979,198000000,1
1294356300000,1294356359000,0.7722007722007722,0.772242515039423,0.7719206156838831,0.7719265743442484,94000000,1
1294356360000,1294356419000,0.7719265743442484,0.7719265743442484,0.7716287539738881,0.7716287539738881,114000000,1
1294356420000,1294356479000,0.7716287539738881,0.7716525711463671,0.7715632643298587,0.7715870774596267,88000000,1
1294356480000,1294356539000,0.7715692174744997,0.7715930309717443,0.7714501720333884,0.7714501720333884,85000000,1
1294356540000,1294356599000,0.7715096901617085,0.7715692174744997,0.7714620749243967,0.7715394526699122,85000000,1
1294356600000,1294356659000,0.7715394526699122,0.7715394526699122,0.7715096901617085,0.7715096901617085,96000000,1
1294356660000,1294356719000,0.7715573112770817,0.7716168459389806,0.7714561234329798,0.7714561234329798,115000000,1
1294356720000,1294356779000,0.7714561234329798,0.7716347081291717,0.7714561234329798,0.7715096901617085,94000000,1
1294356780000,1294356839000,0.7715096901617085,0.7715156424796513,0.7714382695096738,0.7714442207256205,98000000,1
1294356840000,1294356899000,0.7714442207256205,0.7714501720333884,0.7713847126977638,0.7713966135688665,62000000,1
1294356900000,1294356959000,0.7713966135688665,0.7716287539738881,0.7713728121938614,0.7714085148071864,107000000,1
1294356960000,1294357019000,0.7714323183855465,0.7714977858013546,0.7714263673532361,0.7714977858013546,115000000,1
1294357020000,1294357079000,0.7714918337589397,0.7715930309717443,0.7714561234329798,0.7715573112770817,63000000,1
1294357080000,1294357139000,0.7715573112770817,0.7716704349906243,0.7715573112770817,0.7716704349906243,76000000,1
1294357140000,1294357199000,0.7716704349906243,0.7717121205105647,0.7715870774596267,0.7716287539738881,138000000,1
1294357200000,1294357259000,0.7716227999104918,0.7717240314863405,0.7716227999104918,0.7716882996620005,153000000,1
1294357260000,1294357319000,0.7717121205105647,0.7721769211761799,0.7716882996620005,0.7721649962163915,127000000,1
1294357320000,1294357379000,0.7721709586502451,0.7721709586502451,0.7717657227971877,0.7717835918808366,105000000,1
1294357380000,1294357439000,0.7717835918808366,0.7719206156838831,0.7717835918808366,0.7719206156838831,58000000,1
1294357440000,1294357499000,0.7719206156838831,0.7719265743442484,0.7718729497124773,0.7718848656534391,36000000,1
1294357500000,1294357559000,0.7718848656534391,0.7718848656534391,0.7717955050629786,0.7718074186129077,41000000,1
1294357560000,1294357619000,0.7718669918799592,0.7720278856472296,0.7718669918799592,0.7719206156838831,75000000,1
1294357620000,1294357679000,0.7719146571155093,0.7720457668730601,0.7718848656534391,0.7719980854447481,108000000,1
1294357680000,1294357739000,0.7719980854447481,0.7720278856472296,0.7718252896274399,0.7718431614695893,94000000,1
1294357740000,1294357799000,0.7718669918799592,0.7718669918799592,0.7717657227971877,0.7718014617919686,53000000,1
1294357800000,1294357859000,0.7718074186129077,0.7718252896274399,0.7717478545409644,0.7718014617919686,51000000,1
1294357860000,1294357919000,0.7718014617919686,0.7718669918799592,0.7717597666198467,0.7718431614695893,57000000,1
1294357920000,1294357979000,0.7718431614695893,0.7721113384550052,0.7718431614695893,0.7720874929547016,119000000,1
1294357980000,1294358039000,0.7720874929547016,0.7721173000602252,0.7719802064275072,0.772105376941845,190000000,1
1294358040000,1294358099000,0.7720994155207425,0.772242515039423,0.7720278856472296,0.772242515039423,120000000,1
1294358100000,1294358159000,0.772242515039423,0.7723439092959313,0.7721351854282648,0.7721649962163915,142000000,1
1294358160000,1294358219000,0.7721590338746168,0.772899067110826,0.772105376941845,0.7723856676115518,196000000,1
1294358220000,1294358279000,0.7723856676115518,0.7723856676115518,0.7719861660079052,0.7720398063724166,270000000,1
1294358280000,1294358339000,0.7720398063724166,0.7721709586502451,0.7719563690260227,0.7719563690260227,250000000,1
1294358340000,1294358399000,0.771962328238382,0.7721113384550052,0.7718669918799592,0.7720457668730601,206000000,1
1294358400000,1294358459000,0.7720696097960192,0.7720696097960192,0.771682344679636,0.771700209902457,229570000,1
1294358460000,1294358519000,0.771682344679636,0.7717180759524931,0.7714561234329798,0.7715215948894409,242540000,1
1294358520000,1294358579000,0.7715215948894409,0.771682344679636,0.7714263673532361,0.7714680265076413,225540000,1
1294358580000,1294358639000,0.7714680265076413,0.7715215948894409,0.7713252138499155,0.7713609120571424,233290000,1
1294358640000,1294358699000,0.7713609120571424,0.7714739781827159,0.7713252138499155,0.7714561234329798,101460000,1
1294358700000,1294358759000,0.7714561234329798,0.7714799299496223,0.7714025641421232,0.7714323183855465,69900000,1
1294358760000,1294358819000,0.7714323183855465,0.7714561234329798,0.7713252138499155,0.7713252138499155,89320000,1
1294358820000,1294358879000,0.7713252138499155,0.7714323183855465,0.7711943486878129,0.7712419308812981,138020000,1
1294358880000,1294358939000,0.7712419308812981,0.7712478790683326,0.770968413424102,0.7711051478979674,194830000,1
1294358940000,1294358999000,0.7711051478979674,0.7711943486878129,0.7710338021218851,0.7711943486878129,120660000,1
1294359000000,1294359059000,0.7711943486878129,0.771366862079605,0.7711467723651843,0.7712835701173893,103800000,1
1294359060000,1294359119000,0.7712835701173893,0.7715334999845693,0.7712716727340039,0.7715096901617085,109790000,1
1294359120000,1294359179000,0.7714977858013546,0.7716406623763445,0.7714561234329798,0.7715394526699122,148110000,1
1294359180000,1294359239000,0.7715394526699122,0.7716585256692209,0.7714739781827159,0.7714739781827159,109420000,1
1294359240000,1294359299000,0.7714739781827159,0.7714739781827159,0.7713728121938614,0.7713847126977638,123450000,1
1294359300000,1294359359000,0.7713847126977638,0.7714144655640583,0.771366862079605,0.7713966135688665,86710000,1
1294359360000,1294359419000,0.7713966135688665,0.7713966135688665,0.7712538273471182,0.7713014168807028,73890000,1
1294359420000,1294359479000,0.7713014168807028,0.7714144655640583,0.7712657241799518,0.7713847126977638,67570000,1
1294359480000,1294359539000,0.7713728121938614,0.7714323183855465,0.7713728121938614,0.7714204164127407,71280000,1
1294359540000,1294359599000,0.7714204164127407,0.7714323183855465,0.7713728121938614,0.7714204164127407,27260000,1
1294359600000,1294359659000,0.7714204164127407,0.7714263673532361,0.7713966135688665,0.7713966135688665,33340000,1
1294359660000,1294359719000,0.7714025641421232,0.7714144655640583,0.7713966135688665,0.7714144655640583,13150000,1
1294359720000,1294359779000,0.7713966135688665,0.7713966135688665,0.7710873102161357,0.7710873102161357,62360000,1
1294359780000,1294359839000,0.7710456921677179,0.7711943486878129,0.7710456921677179,0.7710813645055826,207270000,1
1294359840000,1294359899000,0.7711051478979674,0.7711527190844876,0.7708079609046202,0.7710635279240656,179170000,1
1294359900000,1294359959000,0.7710813645055826,0.7711289327575571,0.7709862456053784,0.7710635279240656,71600000,1
1294359960000,1294360019000,0.7710338021218851,0.7711467723651843,0.7710159677406918,0.771117040144353,42720000,1
1294360020000,1294360079000,0.7711110939753091,0.7711646127982479,0.7709089787768758,0.7709327515360835,81260000,1
1294360080000,1294360139000,0.7709089787768758,0.7709862456053784,0.7707960781895541,0.770968413424102,69570000,1
1294360140000,1294360199000,0.770968413424102,0.770968413424102,0.7709149218292268,0.7709505820676895,51110000,1
1294360200000,1294360259000,0.770968413424102,0.7710338021218851,0.7709149218292268,0.7709446384655118,95630000,1
1294360260000,1294360319000,0.770968413424102,0.7711289327575571,0.7709268082088286,0.771099201912326,58580000,1
1294360320000,1294360379000,0.771099201912326,0.7713073659853452,0.7710694733595498,0.7710694733595498,187170000,1
1294360380000,1294360439000,0.771039747098963,0.7711348792017211,0.7710338021218851,0.7711110939753091,48460000,1
1294360440000,1294360499000,0.7711051478979674,0.771158665895508,0.7710873102161357,0.7711408257375961,54990000,1
1294360500000,1294360559000,0.7711348792017211,0.7711646127982479,0.7710754188867213,0.7711229864051017,98060000,1
1294360560000,1294360619000,0.7711348792017211,0.7712240868706811,0.770974357392873,0.7709803014532979,87270000,1
1294360620000,1294360679000,0.7709803014532979,0.771158665895508,0.770974357392873,0.7710694733595498,128020000,1
1294360680000,1294360739000,0.7710694733595498,0.7711527190844876,0.7709862456053784,0.7711467723651843,92100000,1
1294360740000,1294360799000,0.7711527190844876,0.7711765068788944,0.7710635279240656,0.7710635279240656,54190000,1
1294360800000,1294360859000,0.7710635279240656,0.7711110939753091,0.7709921898491169,0.7711110939753091,44210000,1
1294360860000,1294360919000,0.771093256018383,0.7711527190844876,0.7710338021218851,0.7711467723651843,38530000,1
1294360920000,1294360979000,0.7711527190844876,0.7711824540568053,0.771099201912326,0.7711824540568053,27780000,1
1294360980000,1294361039000,0.7711646127982479,0.7711646127982479,0.770968413424102,0.770968413424102,68710000,1
1294361040000,1294361099000,0.7709862456053784,0.7710635279240656,0.7709446384655118,0.7710100231303008,91400000,1
1294361100000,1294361159000,0.7710100231303008,0.7711051478979674,0.7710040786115758,0.7710278572364819,90750000,1
1294361160000,1294361219000,0.7710278572364819,0.7710278572364819,0.7709149218292268,0.7709565257615123,119840000,1
1294361220000,1294361279000,0.7709565257615123,0.7710219124427516,0.7709565257615123,0.7710100231303008,40870000,1
1294361280000,1294361339000,0.7709921898491169,0.7711348792017211,0.7709921898491169,0.771051637328152,101660000,1
1294361340000,1294361399000,0.771051637328152,0.7710754188867213,0.7710040786115758,0.7710040786115758,122970000,1
1294361400000,1294361459000,0.7710040786115758,0.7710338021218851,0.7709565257615123,0.7709565257615123,89490000,1
1294361460000,1294361519000,0.7709446384655118,0.7709505820676895,0.7708614376565812,0.7708614376565812,115370000,1
1294361520000,1294361579000,0.770867379975949,0.7708970929470624,0.7706713317971285,0.7707782548038754,197210000,1
1294361580000,1294361639000,0.7708198439860635,0.7708198439860635,0.770689150238143,0.770712909441233,153500000,1
1294361640000,1294361699000,0.7707069695031252,0.770867379975949,0.7706950899015822,0.7707841958408485,175930000,1
1294361700000,1294361759000,0.7708020195012911,0.7709386949549771,0.7706713317971285,0.7707426105052217,224350000,1
1294361760000,1294361819000,0.7707307298049281,0.7707604322424504,0.7706832106662557,0.7706832106662557,103200000,1
1294361820000,1294361879000,0.7706832106662557,0.770712909441233,0.7706238199822757,0.7706594532941838,89100000,1
1294361880000,1294361939000,0.7706594532941838,0.7706594532941838,0.7706416362263221,0.7706594532941838,30680000,1
1294361940000,1294361999000,0.7706594532941838,0.7707188494709015,0.7705822519495731,0.7706713317971285,102640000,1
1294362000000,1294362059000,0.7707010296565756,0.7708614376565812,0.7707010296565756,0.7707723138584861,87770000,1
1294362060000,1294362119000,0.7707782548038754,0.7708554954288269,0.7707069695031252,0.7708020195012911,71350000,1
1294362120000,1294362179000,0.7708020195012911,0.770879264889533,0.7707307298049281,0.7707960781895541,131940000,1
1294362180000,1294362239000,0.7707960781895541,0.7709149218292268,0.7707901369694073,0.7707960781895541,114030000,1
1294362240000,1294362299000,0.7707960781895541,0.7708554954288269,0.7707307298049281,0.7707307298049281,105010000,1
1294362300000,1294362359000,0.7707307298049281,0.7707366701092905,0.7705941280727441,0.7707307298049281,83480000,1
1294362360000,1294362419000,0.7707307298049281,0.7707485509927242,0.7706119429438917,0.7706178814173203,84600000,1
1294362420000,1294362479000,0.7706178814173203,0.7706772711859181,0.7706119429438917,0.7706772711859181,58900000,1
1294362480000,1294362539000,0.7706832106662557,0.7707960781895541,0.7706832106662557,0.7707960781895541,104420000,1
1294362540000,1294362599000,0.7707901369694073,0.771093256018383,0.7707901369694073,0.7709386949549771,169400000,1
1294362600000,1294362659000,0.770968413424102,0.7710694733595498,0.7709386949549771,0.7710278572364819,72790000,1
1294362660000,1294362719000,0.7710338021218851,0.7711467723651843,0.770974357392873,0.7709981341845152,107450000,1
1294362720000,1294362779000,0.7710100231303008,0.7712776213798156,0.7710040786115758,0.7712776213798156,99620000,1
1294362780000,1294362839000,0.771289518946727,0.7716882996620005,0.771289518946727,0.7716287539738881,158340000,1
1294362840000,1294362899000,0.7716227999104918,0.7716406623763445,0.7712835701173893,0.7713787623999135,229070000,1
1294362900000,1294362959000,0.7714204164127407,0.7714204164127407,0.7712776213798156,0.77131331518176,135170000,1
1294362960000,1294363019000,0.7713192644699494,0.7714620749243967,0.7712419308812981,0.7713490122875898,182860000,1
1294363020000,1294363079000,0.7714025641421232,0.7715692174744997,0.7713311633216605,0.7715632643298587,145100000,1
1294363080000,1294363139000,0.7715454054471106,0.7715573112770817,0.7714442207256205,0.7714501720333884,94100000,1
1294363140000,1294363199000,0.7714501720333884,0.7714739781827159,0.7713787623999135,0.7714085148071864,104180000,1
1294363200000,1294363259000,0.771390663087414,0.7715096901617085,0.7712359827860128,0.7712954678678309,100030000,1
1294363260000,1294363319000,0.7713073659853452,0.7713549621264714,0.771051637328152,0.7712062436857489,156840000,1
1294363320000,1294363379000,0.7712121913223204,0.7714501720333884,0.7712002961409137,0.7713847126977638,153170000,1
1294363380000,1294363439000,0.771390663087414,0.771390663087414,0.7713192644699494,0.7713430625404954,105230000,1
1294363440000,1294363499000,0.7713609120571424,0.7714739781827159,0.7713311633216605,0.7714025641421232,58430000,1
1294363500000,1294363559000,0.7713966135688665,0.7714204164127407,0.771289518946727,0.771289518946727,147380000,1
1294363560000,1294363619000,0.7712776213798156,0.77131331518176,0.7712657241799518,0.7712657241799518,83420000,1
1294363620000,1294363679000,0.7712657241799518,0.7712954678678309,0.7712062436857489,0.7712954678678309,67730000,1
1294363680000,1294363739000,0.7712835701173893,0.7713014168807028,0.7712657241799518,0.7712835701173893,40690000,1
1294363740000,1294363799000,0.7712776213798156,0.7712835701173893,0.7711824540568053,0.7711824540568053,66100000,1
1294363800000,1294363859000,0.7712002961409137,0.7712002961409137,0.7710873102161357,0.7711824540568053,83850000,1
1294363860000,1294363919000,0.7711824540568053,0.7711884013264441,0.771057582580267,0.7710873102161357,79290000,1
1294363920000,1294363979000,0.7710873102161357,0.7711408257375961,0.771051637328152,0.7711110939753091,59040000,1
1294363980000,1294364039000,0.7711110939753091,0.771117040144353,0.7710338021218851,0.7711110939753091,84160000,1
1294364040000,1294364099000,0.771093256018383,0.7711527190844876,0.7710159677406918,0.7711467723651843,96670000,1
1294364100000,1294364159000,0.7711408257375961,0.7711646127982479,0.7708614376565812,0.7708614376565812,144710000,1
1294364160000,1294364219000,0.7709208649732104,0.7710873102161357,0.7708614376565812,0.7709446384655118,115440000,1
1294364220000,1294364279000,0.7709446384655118,0.7709921898491169,0.7708852074837537,0.770974357392873,157360000,1
1294364280000,1294364339000,0.770968413424102,0.7710694733595498,0.770968413424102,0.7710694733595498,106150000,1
1294364340000,1294364399000,0.7710694733595498,0.7710694733595498,0.770968413424102,0.7709981341845152,91620000,1
1294364400000,1294364459000,0.7709981341845152,0.7710338021218851,0.770968413424102,0.770974357392873,73740000,1
1294364460000,1294364519000,0.770968413424102,0.770974357392873,0.770968413424102,0.770968413424102,58460000,1
1294364520000,1294364579000,0.770974357392873,0.7710278572364819,0.770968413424102,0.7710278572364819,69900000,1
1294364580000,1294364639000,0.7710278572364819,0.7710338021218851,0.7708495532926839,0.7708495532926839,95500000,1
1294364640000,1294364699000,0.7708495532926839,0.770903035816155,0.7708495532926839,0.7708495532926839,70660000,1
1294364700000,1294364759000,0.7708495532926839,0.7709089787768758,0.7708495532926839,0.7708554954288269,32590000,1
1294364760000,1294364819000,0.7708554954288269,0.7709624695469824,0.7708554954288269,0.7709624695469824,85850000,1
1294364820000,1294364879000,0.7709624695469824,0.7709624695469824,0.770879264889533,0.770879264889533,38510000,1
1294364880000,1294364939000,0.7708495532926839,0.7709505820676895,0.7708495532926839,0.7709327515360835,100530000,1
1294364940000,1294364999000,0.7709327515360835,0.7709327515360835,0.7708495532926839,0.770903035816155,55040000,1
1294365000000,1294365059000,0.770903035816155,0.770968413424102,0.770879264889533,0.7709327515360835,51280000,1
1294365060000,1294365119000,0.7709149218292268,0.7710813645055826,0.7708852074837537,0.7710813645055826,94920000,1
1294365120000,1294365179000,0.7710813645055826,0.7711765068788944,0.771057582580267,0.7711705597927094,84540000,1
1294365180000,1294365239000,0.7711705597927094,0.7712657241799518,0.771093256018383,0.7711348792017211,102710000,1
1294365240000,1294365299000,0.7711348792017211,0.7712240868706811,0.7711348792017211,0.7711705597927094,65950000,1
1294365300000,1294365359000,0.7711705597927094,0.7712419308812981,0.771099201912326,0.7712181390506304,116760000,1
1294365360000,1294365419000,0.7712121913223204,0.7712121913223204,0.7710754188867213,0.771093256018383,60910000,1
1294365420000,1294365479000,0.7710873102161357,0.7712716727340039,0.7710635279240656,0.7712716727340039,42380000,1
1294365480000,1294365539000,0.7712716727340039,0.7712716727340039,0.7712657241799518,0.7712657241799518,39600000,1
1294365540000,1294365599000,0.7712716727340039,0.7712716727340039,0.7712657241799518,0.7712657241799518,36960000,1
1294365600000,1294365659000,0.7712657241799518,0.7712716727340039,0.7708614376565812,0.7708614376565812,72360000,1
1294365660000,1294365719000,0.770903035816155,0.7710219124427516,0.7708733223869321,0.7709981341845152,105690000,1
1294365720000,1294365779000,0.7709981341845152,0.771057582580267,0.770968413424102,0.7710278572364819,87310000,1
1294365780000,1294365839000,0.7710278572364819,0.7710338021218851,0.7710278572364819,0.7710278572364819,17830000,1
1294365840000,1294365899000,0.7710278572364819,0.7710338021218851,0.7710278572364819,0.7710278572364819,19390000,1
1294365900000,1294365959000,0.770974357392873,0.770974357392873,0.7705941280727441,0.7705941280727441,71150000,1
1294365960000,1294366019000,0.7706060045619876,0.7707960781895541,0.7705466257763257,0.7707960781895541,136490000,1
1294366020000,1294366079000,0.7707960781895541,0.7707960781895541,0.7706713317971285,0.7706713317971285,74470000,1
1294366080000,1294366139000,0.7706713317971285,0.7706713317971285,0.7704457028390924,0.7704813196804043,215130000,1
1294366140000,1294366199000,0.7705050660708095,0.7706772711859181,0.7704991293359839,0.7705822519495731,133730000,1
1294366200000,1294366259000,0.7705822519495731,0.7707366701092905,0.7705822519495731,0.7707366701092905,102840000,1
1294366260000,1294366319000,0.7707366701092905,0.7707960781895541,0.7707307298049281,0.7707960781895541,113200000,1
1294366320000,1294366379000,0.7707960781895541,0.7709149218292268,0.7707841958408485,0.770867379975949,133570000,1
1294366380000,1294366439000,0.770867379975949,0.770968413424102,0.7708436112481499,0.770968413424102,106830000,1
1294366440000,1294366499000,0.770968413424102,0.770974357392873,0.770968413424102,0.770974357392873,57900000,1
1294366500000,1294366559000,0.770974357392873,0.770974357392873,0.770968413424102,0.770968413424102,60150000,1
1294366560000,1294366619000,0.770974357392873,0.7710219124427516,0.770968413424102,0.7710219124427516,76250000,1
1294366620000,1294366679000,0.7710219124427516,0.7711110939753091,0.7709981341845152,0.7711051478979674,114280000,1
1294366680000,1294366739000,0.7711051478979674,0.7711646127982479,0.7710873102161357,0.7711051478979674,117460000,1
1294366740000,1294366799000,0.7711051478979674,0.7711051478979674,0.7708436112481499,0.7708436112481499,101650000,1
1294366800000,1294366859000,0.770825785664182,0.7708733223869321,0.7705644384511655,0.7707010296565756,301720000,1
1294366860000,1294366919000,0.7707307298049281,0.770825785664182,0.7706475751574048,0.7707307298049281,108750000,1
1294366920000,1294366979000,0.7707366701092905,0.7708554954288269,0.7706653924998844,0.7706653924998844,153990000,1
1294366980000,1294367039000,0.7706653924998844,0.7707307298049281,0.7706119429438917,0.7707307298049281,126740000,1
1294367040000,1294367099000,0.7707307298049281,0.7707426105052217,0.7706832106662557,0.770712909441233,65960000,1
1294367100000,1294367159000,0.770712909441233,0.7707426105052217,0.7706950899015822,0.7706950899015822,82030000,1
1294367160000,1294367219000,0.7706950899015822,0.7707604322424504,0.7706535141800246,0.7707485509927242,91780000,1
1294367220000,1294367279000,0.7707604322424504,0.7707663730046785,0.7706594532941838,0.7706594532941838,119750000,1
1294367280000,1294367339000,0.7706772711859181,0.7707188494709015,0.7706000662716057,0.7706950899015822,126310000,1
1294367340000,1294367399000,0.7706772711859181,0.7707307298049281,0.7706653924998844,0.7706950899015822,62230000,1
1294367400000,1294367459000,0.7707010296565756,0.7707010296565756,0.7706475751574048,0.7706594532941838,96430000,1
1294367460000,1294367519000,0.7706594532941838,0.7706653924998844,0.7705525632431016,0.7705941280727441,91610000,1
1294367520000,1294367579000,0.7705941280727441,0.7706238199822757,0.7705763140252595,0.7705941280727441,87600000,1
1294367580000,1294367639000,0.7705941280727441,0.7706119429438917,0.7704872561407835,0.7705288139249967,88270000,1
1294367640000,1294367699000,0.7705347511172753,0.770689150238143,0.7705347511172753,0.7706832106662557,70690000,1
1294367700000,1294367759000,0.7707010296565756,0.7707247895921324,0.7706594532941838,0.7707247895921324,79060000,1
1294367760000,1294367819000,0.770712909441233,0.7707426105052217,0.7706832106662557,0.7707366701092905,81210000,1
1294367820000,1294367879000,0.7707366701092905,0.7707782548038754,0.7707366701092905,0.7707723138584861,41930000,1
1294367880000,1294367939000,0.7707841958408485,0.770879264889533,0.7707426105052217,0.7708614376565812,145200000,1
1294367940000,1294367999000,0.7708614376565812,0.7709327515360835,0.7708020195012911,0.7709089787768758,82350000,1
1294368000000,1294368059000,0.7708970929470624,0.7709386949549771,0.770879264889533,0.770879264889533,39860000,1
1294368060000,1294368119000,0.7708852074837537,0.771051637328152,0.7708852074837537,0.7710456921677179,66540000,1
1294368120000,1294368179000,0.7710456921677179,0.771099201912326,0.7709921898491169,0.7710159677406918,75320000,1
1294368180000,1294368239000,0.7709981341845152,0.7710159677406918,0.7709386949549771,0.7710159677406918,69030000,1
1294368240000,1294368299000,0.7710219124427516,0.7712359827860128,0.7710100231303008,0.771117040144353,85070000,1
1294368300000,1294368359000,0.771117040144353,0.7711705597927094,0.7709862456053784,0.7709921898491169,105280000,1
1294368360000,1294368419000,0.770974357392873,0.7709921898491169,0.7709446384655118,0.7709624695469824,98740000,1
1294368420000,1294368479000,0.7709446384655118,0.7709624695469824,0.7708139023995436,0.7708198439860635,90580000,1
1294368480000,1294368539000,0.7708198439860635,0.7709268082088286,0.7707960781895541,0.7708852074837537,101140000,1
1294368540000,1294368599000,0.7708852074837537,0.7709624695469824,0.7708554954288269,0.7709624695469824,96020000,1
1294368600000,1294368659000,0.7709862456053784,0.7710338021218851,0.770879264889533,0.7709327515360835,137990000,1
1294368660000,1294368719000,0.7709327515360835,0.7710278572364819,0.7709149218292268,0.7709149218292268,131470000,1
1294368720000,1294368779000,0.7709149218292268,0.7709624695469824,0.7708495532926839,0.7708554954288269,46550000,1
1294368780000,1294368839000,0.7708554954288269,0.770968413424102,0.7708554954288269,0.770867379975949,83860000,1
1294368840000,1294368899000,0.770867379975949,0.770867379975949,0.7707188494709015,0.7707901369694073,80940000,1
1294368900000,1294368959000,0.770825785664182,0.7708911501695961,0.7707723138584861,0.7707841958408485,123820000,1
1294368960000,1294369019000,0.7707841958408485,0.7707841958408485,0.7705169398149218,0.7705169398149218,120670000,1
1294369020000,1294369079000,0.7705169398149218,0.7706772711859181,0.7705169398149218,0.7706594532941838,80720000,1
1294369080000,1294369139000,0.7706594532941838,0.7706594532941838,0.7706178814173203,0.7706238199822757,49400000,1
1294369140000,1294369199000,0.7706238199822757,0.7706416362263221,0.7706238199822757,0.7706297586387596,77400000,1
1294369200000,1294369259000,0.7706297586387596,0.7706297586387596,0.7706060045619876,0.7706060045619876,24460000,1
1294369260000,1294369319000,0.7706000662716057,0.7706297586387596,0.770540688401051,0.7706297586387596,68800000,1
1294369320000,1294369379000,0.7706297586387596,0.7706297586387596,0.7705703761924577,0.7706000662716057,46070000,1
1294369380000,1294369439000,0.7706000662716057,0.7706000662716057,0.7705288139249967,0.7705881899654007,42900000,1
1294369440000,1294369499000,0.7705881899654007,0.7706772711859181,0.7705703761924577,0.7706416362263221,149030000,1
1294369500000,1294369559000,0.7706772711859181,0.7707604322424504,0.7706416362263221,0.7707069695031252,75030000,1
1294369560000,1294369619000,0.7707069695031252,0.7707366701092905,0.7705822519495731,0.7705822519495731,69100000,1
1294369620000,1294369679000,0.7705822519495731,0.7706178814173203,0.7705822519495731,0.7705881899654007,43920000,1
1294369680000,1294369739000,0.7705822519495731,0.7707247895921324,0.7705822519495731,0.7706356973867743,73250000,1
1294369740000,1294369799000,0.7706356973867743,0.7706475751574048,0.7705881899654007,0.7706475751574048,56260000,1
1294369800000,1294369859000,0.7706475751574048,0.7707366701092905,0.7706475751574048,0.7706772711859181,39530000,1
1294369860000,1294369919000,0.7706416362263221,0.7707426105052217,0.7706416362263221,0.770712909441233,89920000,1
1294369920000,1294369979000,0.7707247895921324,0.7707604322424504,0.7706297586387596,0.7706297586387596,83280000,1
1294369980000,1294370039000,0.7706297586387596,0.7707485509927242,0.7706297586387596,0.7707366701092905,84110000,1
1294370040000,1294370099000,0.7707366701092905,0.7707901369694073,0.7707188494709015,0.7707841958408485,53190000,1
1294370100000,1294370159000,0.7707841958408485,0.7709149218292268,0.7707841958408485,0.7708317274339013,77340000,1
1294370160000,1294370219000,0.7708198439860635,0.7709089787768758,0.7708079609046202,0.770879264889533,62860000,1
1294370220000,1294370279000,0.770879264889533,0.7711705597927094,0.770879264889533,0.770974357392873,113630000,1
1294370280000,1294370339000,0.7710040786115758,0.771057582580267,0.7709268082088286,0.7710100231303008,121160000,1
1294370340000,1294370399000,0.7709981341845152,0.7710219124427516,0.7709089787768758,0.7709149218292268,118070000,1
1294370400000,1294370459000,0.7709149218292268,0.7709981341845152,0.7709089787768758,0.770968413424102,72760000,1
1294370460000,1294370519000,0.770968413424102,0.770968413424102,0.770867379975949,0.7709327515360835,29120000,1
1294370520000,1294370579000,0.7709327515360835,0.7709327515360835,0.7709089787768758,0.7709089787768758,15010000,1
1294370580000,1294370639000,0.7709089787768758,0.7709149218292268,0.7708733223869321,0.770879264889533,38100000,1
1294370640000,1294370699000,0.7708852074837537,0.7709149218292268,0.770867379975949,0.7709089787768758,35480000,1
1294370700000,1294370759000,0.7709089787768758,0.7710456921677179,0.7708139023995436,0.7710278572364819,83900000,1
1294370760000,1294370819000,0.7710278572364819,0.77131331518176,0.7710100231303008,0.7712121913223204,149790000,1
1294370820000,1294370879000,0.7712121913223204,0.7712121913223204,0.771099201912326,0.7711051478979674,112520000,1
1294370880000,1294370939000,0.771117040144353,0.771289518946727,0.7710040786115758,0.7712657241799518,97130000,1
1294370940000,1294370999000,0.7712776213798156,0.7714442207256205,0.7712121913223204,0.7712121913223204,157500000,1
1294371000000,1294371059000,0.7712300347824746,0.7712300347824746,0.7711408257375961,0.771158665895508,91500000,1
1294371060000,1294371119000,0.771158665895508,0.7712597757176571,0.7711051478979674,0.7711467723651843,79500000,1
1294371120000,1294371179000,0.7711467723651843,0.7711705597927094,0.7711348792017211,0.7711467723651843,46500000,1
1294371180000,1294371239000,0.7711467723651843,0.7713490122875898,0.7711229864051017,0.7712359827860128,88090000,1
1294371240000,1294371299000,0.7712359827860128,0.7712538273471182,0.7711527190844876,0.7711646127982479,77980000,1
1294371300000,1294371359000,0.7711646127982479,0.7712121913223204,0.7710873102161357,0.771099201912326,136700000,1
1294371360000,1294371419000,0.771099201912326,0.7711110939753091,0.7709981341845152,0.771057582580267,97290000,1
1294371420000,1294371479000,0.771057582580267,0.7711051478979674,0.7710040786115758,0.7710873102161357,75770000,1
1294371480000,1294371539000,0.7710873102161357,0.7711229864051017,0.7710754188867213,0.7710813645055826,41270000,1
1294371540000,1294371599000,0.7710813645055826,0.771099201912326,0.7710100231303008,0.771039747098963,75800000,1
1294371600000,1294371659000,0.7710338021218851,0.7710338021218851,0.7709565257615123,0.770974357392873,40900000,1
1294371660000,1294371719000,0.770974357392873,0.771093256018383,0.770974357392873,0.7710873102161357,65780000,1
1294371720000,1294371779000,0.771093256018383,0.7713787623999135,0.771039747098963,0.771289518946727,184860000,1
1294371780000,1294371839000,0.771289518946727,0.7714561234329798,0.771289518946727,0.771390663087414,118550000,1
1294371840000,1294371899000,0.771390663087414,0.771390663087414,0.7712240868706811,0.7713014168807028,94650000,1
1294371900000,1294371959000,0.7713014168807028,0.7713252138499155,0.7712181390506304,0.7713073659853452,63770000,1
1294371960000,1294372019000,0.7713073659853452,0.7713430625404954,0.7712597757176571,0.7713371128851864,58390000,1
1294372020000,1294372079000,0.7713371128851864,0.7713549621264714,0.7712776213798156,0.7713549621264714,79410000,1
1294372080000,1294372139000,0.7713549621264714,0.7713847126977638,0.771289518946727,0.7713490122875898,59860000,1
1294372140000,1294372199000,0.7713311633216605,0.7713490122875898,0.7712538273471182,0.7712538273471182,42150000,1
1294372200000,1294372259000,0.7712538273471182,0.7712538273471182,0.7711527190844876,0.7711646127982479,51980000,1
1294372260000,1294372319000,0.7711646127982479,0.7711943486878129,0.771158665895508,0.7711943486878129,17120000,1
1294372320000,1294372379000,0.7711943486878129,0.7712240868706811,0.7711527190844876,0.7712240868706811,39610000,1
1294372380000,1294372439000,0.7711943486878129,0.7711943486878129,0.771093256018383,0.7711348792017211,76570000,1
1294372440000,1294372499000,0.7710873102161357,0.7712776213798156,0.7710873102161357,0.7712776213798156,78210000,1
1294372500000,1294372559000,0.771289518946727,0.7713847126977638,0.7712657241799518,0.7713609120571424,105010000,1
1294372560000,1294372619000,0.7714501720333884,0.7715096901617085,0.7713609120571424,0.7714561234329798,124830000,1
1294372620000,1294372679000,0.7714561234329798,0.7715573112770817,0.7714144655640583,0.7715037379356102,72610000,1
1294372680000,1294372739000,0.7715037379356102,0.7716942547362735,0.7714323183855465,0.7716763897891781,105200000,1
1294372740000,1294372799000,0.7716704349906243,0.7717776354276806,0.7715989845757363,0.7717240314863405,144990000,1
1294372800000,1294372859000,0.7717240314863405,0.7718014617919686,0.7715275473910796,0.7717240314863405,147350000,1
1294372860000,1294372919000,0.7717121205105647,0.7717299871121092,0.771646616715409,0.7717061651605535,74120000,1
1294372920000,1294372979000,0.7717061651605535,0.7717061651605535,0.7716227999104918,0.7716585256692209,69550000,1
1294372980000,1294373039000,0.7716585256692209,0.7716763897891781,0.7716287539738881,0.771646616715409,66770000,1
1294373040000,1294373099000,0.7716227999104918,0.771741898639419,0.7716227999104918,0.7717061651605535,59650000,1
1294373100000,1294373159000,0.7717240314863405,0.7717240314863405,0.7716287539738881,0.7716704349906243,85770000,1
1294373160000,1294373219000,0.7716585256692209,0.7717180759524931,0.7716108920593523,0.771646616715409,78370000,1
1294373220000,1294373279000,0.771646616715409,0.7716882996620005,0.7716347081291717,0.7716585256692209,111830000,1
1294373280000,1294373339000,0.7716585256692209,0.7717121205105647,0.7715989845757363,0.7716406623763445,70320000,1
1294373340000,1294373399000,0.7716406623763445,0.771646616715409,0.7716049382716049,0.7716049382716049,82900000,1
1294373400000,1294373459000,0.7715989845757363,0.7715989845757363,0.7715156424796513,0.7715156424796513,72540000,1
1294373460000,1294373519000,0.7715454054471106,0.7715454054471106,0.7714858818083629,0.7714977858013546,38500000,1
1294373520000,1294373579000,0.7714977858013546,0.7715692174744997,0.7714977858013546,0.7715334999845693,71440000,1
1294373580000,1294373639000,0.7715394526699122,0.7715692174744997,0.7715156424796513,0.7715454054471106,46650000,1
1294373640000,1294373699000,0.7715454054471106,0.7715513583161664,0.7715275473910796,0.7715275473910796,40500000,1
1294373700000,1294373759000,0.7715275473910796,0.7716108920593523,0.7715275473910796,0.7715394526699122,50480000,1
1294373760000,1294373819000,0.7715513583161664,0.7715930309717443,0.7715215948894409,0.7715215948894409,75750000,1
1294373820000,1294373879000,0.7715215948894409,0.7716168459389806,0.7715215948894409,0.7716168459389806,52650000,1
1294373880000,1294373939000,0.7716168459389806,0.7716168459389806,0.7715989845757363,0.7716108920593523,48000000,1
1294373940000,1294373999000,0.7716108920593523,0.7716168459389806,0.7715692174744997,0.7715751707110066,31500000,1
1294374000000,1294374059000,0.7715751707110066,0.7715751707110066,0.7713549621264714,0.7714501720333884,99950000,1
1294374060000,1294374119000,0.7714442207256205,0.7714561234329798,0.7713966135688665,0.7713966135688665,89320000,1
1294374120000,1294374179000,0.7713966135688665,0.7713966135688665,0.7713371128851864,0.7713609120571424,147590000,1
1294374180000,1294374239000,0.7713609120571424,0.7714263673532361,0.7713609120571424,0.771390663087414,64600000,1
1294374240000,1294374299000,0.771390663087414,0.7714323183855465,0.771390663087414,0.7714323183855465,35270000,1
1294374300000,1294374359000,0.7714323183855465,0.7714858818083629,0.7714323183855465,0.7714739781827159,52150000,1
1294374360000,1294374419000,0.7714739781827159,0.7715275473910796,0.7714501720333884,0.7714977858013546,73580000,1
1294374420000,1294374479000,0.7714977858013546,0.7715394526699122,0.7714561234329798,0.7715334999845693,87370000,1
1294374480000,1294374539000,0.7715334999845693,0.7715692174744997,0.7715037379356102,0.7715692174744997,86340000,1
1294374540000,1294374599000,0.7715692174744997,0.7716287539738881,0.7715573112770817,0.7716287539738881,103710000,1
1294374600000,1294374659000,0.7716227999104918,0.7716763897891781,0.7715692174744997,0.771646616715409,90180000,1
1294374660000,1294374719000,0.7716347081291717,0.7717478545409644,0.7716049382716049,0.7717478545409644,128650000,1
1294374720000,1294374779000,0.7717478545409644,0.7717478545409644,0.771682344679636,0.771700209902457,80750000,1
1294374780000,1294374839000,0.7716882996620005,0.7717359428298014,0.7716585256692209,0.7716942547362735,96130000,1
1294374840000,1294374899000,0.7716882996620005,0.7718252896274399,0.7716882996620005,0.7717776354276806,122310000,1
1294374900000,1294374959000,0.7717776354276806,0.7718610341394134,0.7716882996620005,0.7717895484259352,136290000,1
1294374960000,1294375019000,0.7718074186129077,0.7718669918799592,0.7717538105344396,0.7717776354276806,111050000,1
1294375020000,1294375079000,0.7717776354276806,0.7717895484259352,0.7717061651605535,0.7717121205105647,69910000,1
1294375080000,1294375139000,0.7717121205105647,0.7717776354276806,0.7716704349906243,0.771700209902457,61780000,1
1294375140000,1294375199000,0.771700209902457,0.771700209902457,0.7715751707110066,0.7715930309717443,83070000,1
1294375200000,1294375259000,0.7715930309717443,0.7717776354276806,0.7715930309717443,0.7717776354276806,71680000,1
1294375260000,1294375319000,0.7717776354276806,0.7720219254226821,0.7717597666198467,0.7720219254226821,101450000,1
1294375320000,1294375379000,0.7720219254226821,0.772105376941845,0.7719265743442484,0.7719265743442484,116820000,1
1294375380000,1294375439000,0.771896781962316,0.771896781962316,0.7718014617919686,0.7718074186129077,90260000,1
1294375440000,1294375499000,0.7718074186129077,0.7718074186129077,0.771646616715409,0.771700209902457,103480000,1
1294375500000,1294375559000,0.771700209902457,0.7717061651605535,0.7715334999845693,0.7715394526699122,133200000,1
1294375560000,1294375619000,0.7715334999845693,0.7718133755257979,0.7715334999845693,0.7718014617919686,135300000,1
1294375620000,1294375679000,0.7717835918808366,0.7718074186129077,0.771682344679636,0.7717121205105647,76610000,1
1294375680000,1294375739000,0.7717359428298014,0.7717835918808366,0.7715692174744997,0.7716763897891781,121870000,1
1294375740000,1294375799000,0.7716763897891781,0.7717299871121092,0.7715632643298587,0.7717180759524931,116610000,1
1294375800000,1294375859000,0.7717299871121092,0.7718312468161961,0.7717240314863405,0.7717240314863405,68250000,1
1294375860000,1294375919000,0.7717061651605535,0.7718193325306413,0.7717061651605535,0.7718014617919686,31220000,1
1294375920000,1294375979000,0.7718074186129077,0.7718610341394134,0.7717240314863405,0.7718074186129077,96840000,1
1294375980000,1294376039000,0.7718074186129077,0.7718848656534391,0.7718014617919686,0.7718074186129077,46790000,1
1294376040000,1294376099000,0.7718074186129077,0.7718074186129077,0.7718014617919686,0.7718074186129077,38960000,1
1294376100000,1294376159000,0.7718074186129077,0.7718312468161961,0.7717716790664649,0.7718193325306413,145090000,1
1294376160000,1294376219000,0.7718312468161961,0.7719265743442484,0.7718133755257979,0.7719265743442484,140570000,1
1294376220000,1294376279000,0.7719265743442484,0.771962328238382,0.7719027402547278,0.7719563690260227,29940000,1
1294376280000,1294376339000,0.7719563690260227,0.7720755707568657,0.7719563690260227,0.7720636489272175,114760000,1
1294376340000,1294376399000,0.7720219254226821,0.7720219254226821,0.7718431614695893,0.7718848656534391,182400000,1
1294376400000,1294376459000,0.7718908237618871,0.7719206156838831,0.7718550764908381,0.7718550764908381,44910000,1
1294376460000,1294376519000,0.7718491189342307,0.7718491189342307,0.7716704349906243,0.7716763897891781,57240000,1
1294376520000,1294376579000,0.7716763897891781,0.7717061651605535,0.7715632643298587,0.7716108920593523,64490000,1
1294376580000,1294376639000,0.7716406623763445,0.7716644802839725,0.7714561234329798,0.7714561234329798,36220000,1
1294376640000,1294376699000,0.7714620749243967,0.7715156424796513,0.7713787623999135,0.7714025641421232,164210000,1
1294376700000,1294376759000,0.7714025641421232,0.7715394526699122,0.7713966135688665,0.7714799299496223,97230000,1
1294376760000,1294376819000,0.7714858818083629,0.7716406623763445,0.7714858818083629,0.7714918337589397,62290000,1
1294376820000,1294376879000,0.7715096901617085,0.7715096901617085,0.7714620749243967,0.7714620749243967,22660000,1
1294376880000,1294376939000,0.7714620749243967,0.7715156424796513,0.7714620749243967,0.7714739781827159,43740000,1
1294376940000,1294376999000,0.7714858818083629,0.7714858818083629,0.7714204164127407,0.7714501720333884,54760000,1
1294377000000,1294377059000,0.7714620749243967,0.7715394526699122,0.7714501720333884,0.7715156424796513,39840000,1
1294377060000,1294377119000,0.7715156424796513,0.7715751707110066,0.7714680265076413,0.7715751707110066,76200000,1
1294377120000,1294377179000,0.7715692174744997,0.7715870774596267,0.7715156424796513,0.7715870774596267,73060000,1
1294377180000,1294377239000,0.7715870774596267,0.7716644802839725,0.7715513583161664,0.7715751707110066,98060000,1
1294377240000,1294377299000,0.7715989845757363,0.7715989845757363,0.7715751707110066,0.7715751707110066,35390000,1
1294377300000,1294377359000,0.7715573112770817,0.7715989845757363,0.7715096901617085,0.7715989845757363,38120000,1
1294377360000,1294377419000,0.7715989845757363,0.7716704349906243,0.7715989845757363,0.7716168459389806,83130000,1
1294377420000,1294377479000,0.7715989845757363,0.7716347081291717,0.7715870774596267,0.7716168459389806,50570000,1
1294377480000,1294377539000,0.7716406623763445,0.7719384919409622,0.7716227999104918,0.7719384919409622,131020000,1
1294377540000,1294377599000,0.7719265743442484,0.7720159652901623,0.7718669918799592,0.7719504099056677,155930000,1
1294377600000,1294377659000,0.7719444508773148,0.7720576881504586,0.771896781962316,0.7719265743442484,137280000,1
1294377660000,1294377719000,0.7719265743442484,0.7719742469391221,0.7718491189342307,0.7718669918799592,70450000,1
1294377720000,1294377779000,0.7718669918799592,0.771896781962316,0.7718491189342307,0.7718908237618871,27290000,1
1294377780000,1294377839000,0.7719027402547278,0.7719027402547278,0.7717597666198467,0.7717597666198467,51040000,1
1294377840000,1294377899000,0.7717597666198467,0.7718550764908381,0.7717240314863405,0.7718193325306413,107630000,1
1294377900000,1294377959000,0.7718074186129077,0.7718312468161961,0.7717478545409644,0.7717478545409644,63600000,1
1294377960000,1294378019000,0.7717180759524931,0.7717180759524931,0.771646616715409,0.771682344679636,74560000,1
1294378020000,1294378079000,0.7716704349906243,0.7716704349906243,0.7715454054471106,0.7716168459389806,76960000,1
1294378080000,1294378139000,0.7716108920593523,0.7716704349906243,0.7715573112770817,0.7716704349906243,43110000,1
1294378140000,1294378199000,0.771700209902457,0.7717240314863405,0.7716704349906243,0.7716704349906243,35030000,1
1294378200000,1294378259000,0.7716704349906243,0.7716704349906243,0.7715215948894409,0.7715215948894409,97690000,1
1294378260000,1294378319000,0.7715215948894409,0.7715632643298587,0.7715156424796513,0.7715573112770817,94690000,1
1294378320000,1294378379000,0.7715454054471106,0.7717061651605535,0.7715275473910796,0.7717061651605535,77690000,1
1294378380000,1294378439000,0.7717299871121092,0.7717657227971877,0.7716585256692209,0.7716763897891781,45360000,1
1294378440000,1294378499000,0.7716704349906243,0.7717061651605535,0.7716525711463671,0.7716525711463671,15770000,1
1294378500000,1294378559000,0.7716644802839725,0.7716644802839725,0.7716287539738881,0.7716287539738881,27700000,1
1294378560000,1294378619000,0.7716227999104918,0.7716227999104918,0.7715632643298587,0.7715870774596267,37620000,1
1294378620000,1294378679000,0.7715870774596267,0.7716704349906243,0.7715870774596267,0.7716049382716049,63410000,1
1294378680000,1294378739000,0.7716049382716049,0.7716704349906243,0.7715394526699122,0.7716108920593523,93310000,1
1294378740000,1294378799000,0.7716108920593523,0.7716406623763445,0.7715513583161664,0.7715811240393815,89700000,1
1294378800000,1294378859000,0.7715811240393815,0.7716108920593523,0.7715215948894409,0.7716108920593523,40720000,1
1294378860000,1294378919000,0.7716049382716049,0.7717061651605535,0.7715751707110066,0.7717061651605535,76370000,1
1294378920000,1294378979000,0.7717061651605535,0.7717061651605535,0.7716108920593523,0.7716406623763445,51630000,1
1294378980000,1294379039000,0.7716347081291717,0.7717240314863405,0.7716227999104918,0.7717061651605535,114680000,1
1294379040000,1294379099000,0.7717061651605535,0.7717180759524931,0.7716644802839725,0.7716882996620005,40980000,1
1294379100000,1294379159000,0.771700209902457,0.7718193325306413,0.771700209902457,0.7717716790664649,66010000,1
1294379160000,1294379219000,0.7717597666198467,0.7718014617919686,0.7717061651605535,0.7717657227971877,57360000,1
1294379220000,1294379279000,0.7717657227971877,0.7718014617919686,0.7716347081291717,0.7716942547362735,90260000,1
1294379280000,1294379339000,0.7716942547362735,0.7717121205105647,0.7716525711463671,0.7716942547362735,53730000,1
1294379340000,1294379399000,0.7716763897891781,0.7718669918799592,0.7716763897891781,0.7718669918799592,100560000,1
1294379400000,1294379459000,0.77187890763697,0.7718848656534391,0.7718252896274399,0.7718550764908381,73400000,1
1294379460000,1294379519000,0.7718550764908381,0.7718550764908381,0.7717657227971877,0.7717895484259352,112690000,1
1294379520000,1294379579000,0.7717895484259352,0.7718133755257979,0.7717121205105647,0.7717955050629786,56420000,1
1294379580000,1294379639000,0.7717955050629786,0.7718193325306413,0.7716704349906243,0.7716942547362735,61040000,1
1294379640000,1294379699000,0.7717180759524931,0.7717359428298014,0.7716347081291717,0.7716882996620005,95360000,1
1294379700000,1294379759000,0.7717121205105647,0.7718729497124773,0.7717121205105647,0.7718669918799592,46180000,1
1294379760000,1294379819000,0.7718729497124773,0.77187890763697,0.7718252896274399,0.7718252896274399,29640000,1
1294379820000,1294379879000,0.7718372040969119,0.7718372040969119,0.7717776354276806,0.7717895484259352,64560000,1
1294379880000,1294379939000,0.7717895484259352,0.771896781962316,0.7717478545409644,0.7718729497124773,71510000,1
1294379940000,1294379999000,0.77187890763697,0.771896781962316,0.7718431614695893,0.7718908237618871,73410000,1
1294380000000,1294380059000,0.7718908237618871,0.7718908237618871,0.7717597666198467,0.7717597666198467,75580000,1
1294380060000,1294380119000,0.7717597666198467,0.7718610341394134,0.7717597666198467,0.7718372040969119,79900000,1
1294380120000,1294380179000,0.7718372040969119,0.7719265743442484,0.7716942547362735,0.7719146571155093,164420000,1
1294380180000,1294380239000,0.771896781962316,0.7719086986391249,0.7718372040969119,0.7718848656534391,135460000,1
1294380240000,1294380299000,0.7718848656534391,0.7718848656534391,0.7717538105344396,0.7717776354276806,92980000,1
1294380300000,1294380359000,0.7717776354276806,0.7717776354276806,0.7716763897891781,0.7717061651605535,101260000,1
1294380360000,1294380419000,0.7716942547362735,0.7718669918799592,0.7716525711463671,0.7717776354276806,113710000,1
1294380420000,1294380479000,0.7717716790664649,0.7717776354276806,0.771682344679636,0.771682344679636,44050000,1
1294380480000,1294380539000,0.7716882996620005,0.7716882996620005,0.7715454054471106,0.7716108920593523,62930000,1
1294380540000,1294380599000,0.7716108920593523,0.771700209902457,0.7715632643298587,0.7715692174744997,107950000,1
1294380600000,1294380659000,0.7715692174744997,0.7716049382716049,0.7715573112770817,0.7715751707110066,31760000,1
1294380660000,1294380719000,0.7715751707110066,0.7716882996620005,0.7715751707110066,0.7716882996620005,68370000,1
1294380720000,1294380779000,0.7716704349906243,0.7717895484259352,0.7716704349906243,0.771741898639419,79000000,1
1294380780000,1294380839000,0.771741898639419,0.7717835918808366,0.7717359428298014,0.7717538105344396,40500000,1
1294380840000,1294380899000,0.7717538105344396,0.7717597666198467,0.7716882996620005,0.7716942547362735,38100000,1
1294380900000,1294380959000,0.7716942547362735,0.771700209902457,0.7715870774596267,0.7715870774596267,32420000,1
1294380960000,1294381019000,0.7715870774596267,0.7715989845757363,0.7714680265076413,0.7714680265076413,150900000,1
1294381020000,1294381079000,0.7714680265076413,0.7715096901617085,0.7713966135688665,0.7715096901617085,200250000,1
1294381080000,1294381139000,0.7715096901617085,0.7715096901617085,0.7713847126977638,0.7713847126977638,87570000,1
1294381140000,1294381199000,0.7713847126977638,0.7714204164127407,0.7713073659853452,0.7713371128851864,242250000,1
1294381200000,1294381259000,0.7713430625404954,0.7714204164127407,0.77131331518176,0.7714204164127407,150530000,1
1294381260000,1294381319000,0.7714204164127407,0.7714204164127407,0.7713311633216605,0.7713490122875898,140610000,1
1294381320000,1294381379000,0.7713430625404954,0.7714025641421232,0.7712835701173893,0.7713728121938614,157540000,1
1294381380000,1294381439000,0.7713728121938614,0.7714204164127407,0.7712597757176571,0.771289518946727,171660000,1
1294381440000,1294381499000,0.771289518946727,0.7714858818083629,0.7712716727340039,0.7714799299496223,160160000,1
1294381500000,1294381559000,0.7714799299496223,0.7714799299496223,0.7714025641421232,0.7714561234329798,157440000,1
1294381560000,1294381619000,0.7714561234329798,0.7715096901617085,0.7714144655640583,0.7714799299496223,87320000,1
1294381620000,1294381679000,0.7714799299496223,0.7715215948894409,0.7714204164127407,0.7714561234329798,91160000,1
1294381680000,1294381739000,0.7714442207256205,0.7714918337589397,0.7713787623999135,0.7713966135688665,94150000,1
1294381740000,1294381799000,0.7713966135688665,0.7714323183855465,0.7713371128851864,0.7714025641421232,67850000,1
1294381800000,1294381859000,0.7714025641421232,0.7714025641421232,0.7713192644699494,0.7713311633216605,100820000,1
1294381860000,1294381919000,0.7713311633216605,0.7715632643298587,0.7713311633216605,0.7713728121938614,178670000,1
1294381920000,1294381979000,0.7713728121938614,0.7713728121938614,0.7712657241799518,0.7713192644699494,83170000,1
1294381980000,1294382039000,0.7713490122875898,0.7714501720333884,0.7713490122875898,0.7714085148071864,99510000,1
1294382040000,1294382099000,0.7714085148071864,0.7714858818083629,0.7713847126977638,0.771390663087414,105050000,1
1294382100000,1294382159000,0.771390663087414,0.771390663087414,0.7713430625404954,0.7713847126977638,46980000,1
1294382160000,1294382219000,0.771366862079605,0.7714144655640583,0.7712121913223204,0.7712359827860128,89210000,1
1294382220000,1294382279000,0.7712359827860128,0.7712538273471182,0.7711527190844876,0.7712002961409137,130770000,1
1294382280000,1294382339000,0.7712002961409137,0.7712062436857489,0.7710456921677179,0.7711943486878129,139340000,1
1294382340000,1294382399000,0.7711943486878129,0.7712240868706811,0.7711765068788944,0.7711943486878129,97410000,1
1294382400000,1294382459000,0.7712181390506304,0.7712478790683326,0.7711646127982479,0.7712181390506304,98390000,1
1294382460000,1294382519000,0.7712359827860128,0.7712716727340039,0.7712121913223204,0.7712181390506304,63470000,1
1294382520000,1294382579000,0.7712181390506304,0.7713609120571424,0.7712181390506304,0.7713311633216605,82690000,1
1294382580000,1294382639000,0.7713371128851864,0.7715096901617085,0.7713371128851864,0.7715096901617085,81680000,1
1294382640000,1294382699000,0.7714620749243967,0.7715930309717443,0.7714442207256205,0.7715275473910796,107630000,1
1294382700000,1294382759000,0.7715275473910796,0.7715573112770817,0.7714025641421232,0.7714204164127407,191500000,1
1294382760000,1294382819000,0.7714144655640583,0.7714977858013546,0.7712538273471182,0.771390663087414,215150000,1
1294382820000,1294382879000,0.771390663087414,0.771390663087414,0.7712002961409137,0.7712776213798156,141620000,1
1294382880000,1294382939000,0.7712776213798156,0.7714501720333884,0.7712776213798156,0.7713371128851864,155820000,1
1294382940000,1294382999000,0.7713371128851864,0.771390663087414,0.771289518946727,0.7713073659853452,118650000,1
1294383000000,1294383059000,0.7713252138499155,0.7713490122875898,0.7711765068788944,0.7711884013264441,101610000,1
1294383060000,1294383119000,0.7711884013264441,0.7711943486878129,0.771117040144353,0.771117040144353,121150000,1
1294383120000,1294383179000,0.771117040144353,0.7712181390506304,0.771117040144353,0.7711765068788944,88660000,1
1294383180000,1294383239000,0.7711765068788944,0.7712954678678309,0.7711348792017211,0.7712954678678309,143220000,1
1294383240000,1294383299000,0.7712954678678309,0.77131331518176,0.7712478790683326,0.7712597757176571,101200000,1
1294383300000,1294383359000,0.7712478790683326,0.7715394526699122,0.7712062436857489,0.7713311633216605,225280000,1
1294383360000,1294383419000,0.7713311633216605,0.7714204164127407,0.7713311633216605,0.7713311633216605,114920000,1
1294383420000,1294383479000,0.7712776213798156,0.7712776213798156,0.7703032683967679,0.7703863487539001,342260000,1
1294383480000,1294383539000,0.7703744790342585,0.7705763140252595,0.7701252993862102,0.7701668181328076,248290000,1
1294383540000,1294383599000,0.7701668181328076,0.7704457028390924,0.7701193685021178,0.7701490238361123,238300000,1
1294383600000,1294383659000,0.7701668181328076,0.7706772711859181,0.7701075070079784,0.7706772711859181,239070000,1
1294383660000,1294383719000,0.7707010296565756,0.7709862456053784,0.7706653924998844,0.7708614376565812,197390000,1
1294383720000,1294383779000,0.7708554954288269,0.7709268082088286,0.7707901369694073,0.7709268082088286,139650000,1
1294383780000,1294383839000,0.7709268082088286,0.771039747098963,0.7708911501695961,0.7710219124427516,91150000,1
1294383840000,1294383899000,0.771051637328152,0.7711051478979674,0.7709386949549771,0.7710456921677179,148700000,1
1294383900000,1294383959000,0.7710635279240656,0.771289518946727,0.7710456921677179,0.7712419308812981,134650000,1
1294383960000,1294384019000,0.7712240868706811,0.771289518946727,0.7711765068788944,0.7711765068788944,115960000,1
1294384020000,1294384079000,0.7711765068788944,0.7713014168807028,0.771158665895508,0.7712419308812981,136500000,1
1294384080000,1294384139000,0.7712657241799518,0.7713371128851864,0.7711705597927094,0.77131331518176,121990000,1
1294384140000,1294384199000,0.7712835701173893,0.7713430625404954,0.7709803014532979,0.7710040786115758,141790000,1
1294384200000,1294384259000,0.7710100231303008,0.771158665895508,0.7709268082088286,0.7710635279240656,69500000,1
1294384260000,1294384319000,0.7710873102161357,0.7712240868706811,0.771057582580267,0.771099201912326,50880000,1
1294384320000,1294384379000,0.771117040144353,0.7711467723651843,0.7709862456053784,0.7710456921677179,67440000,1
1294384380000,1294384439000,0.7710694733595498,0.7710694733595498,0.7709624695469824,0.7709921898491169,34480000,1
1294384440000,1294384499000,0.7710100231303008,0.7710873102161357,0.7709268082088286,0.7710456921677179,49260000,1
1294384500000,1294384559000,0.771051637328152,0.7711467723651843,0.7710456921677179,0.7710694733595498,44280000,1
1294384560000,1294384619000,0.7710813645055826,0.7712121913223204,0.7710456921677179,0.7711943486878129,66420000,1
1294384620000,1294384679000,0.7712419308812981,0.7712419308812981,0.7708970929470624,0.7708970929470624,93380000,1
1294384680000,1294384739000,0.7709089787768758,0.7710100231303008,0.770867379975949,0.7710100231303008,44310000,1
1294384740000,1294384799000,0.7710100231303008,0.771093256018383,0.7709921898491169,0.7710159677406918,68620000,1
1294384800000,1294384859000,0.7710159677406918,0.7710219124427516,0.7708376692952231,0.7708852074837537,124980000,1
1294384860000,1294384919000,0.770903035816155,0.7709624695469824,0.7708554954288269,0.7708970929470624,93700000,1
1294384920000,1294384979000,0.7708970929470624,0.770974357392873,0.7708317274339013,0.7709149218292268,96670000,1
1294384980000,1294385039000,0.7709149218292268,0.7709149218292268,0.7705822519495731,0.7705822519495731,97610000,1
1294385040000,1294385099000,0.7705941280727441,0.7707544915717995,0.7705881899654007,0.7706475751574048,111160000,1
1294385100000,1294385159000,0.7706653924998844,0.7707723138584861,0.7706653924998844,0.7707485509927242,60060000,1
1294385160000,1294385219000,0.7707307298049281,0.7707307298049281,0.7704635108481263,0.7705941280727441,83290000,1
1294385220000,1294385279000,0.7705941280727441,0.7707426105052217,0.770540688401051,0.7706653924998844,80540000,1
1294385280000,1294385339000,0.7706653924998844,0.7707188494709015,0.7705585008013808,0.7705941280727441,64710000,1
1294385340000,1294385399000,0.7705941280727441,0.7706950899015822,0.7704160246533127,0.7704931926926425,269780000,1
1294385400000,1294385459000,0.7704931926926425,0.7705228768242129,0.7704041540191985,0.7704041540191985,151710000,1
1294385460000,1294385519000,0.7704041540191985,0.7705110028971213,0.7703448063353158,0.7704041540191985,101980000,1
1294385520000,1294385579000,0.7704278956532459,0.7705466257763257,0.77035667514059,0.7704219601075509,105900000,1
1294385580000,1294385639000,0.7704219601075509,0.7705585008013808,0.7703448063353158,0.7705585008013808,174970000,1
1294385640000,1294385699000,0.7705703761924577,0.7705703761924577,0.7704160246533127,0.7704872561407835,99550000,1
1294385700000,1294385759000,0.7705228768242129,0.7706178814173203,0.7704516387506356,0.7705466257763257,69680000,1
1294385760000,1294385819000,0.7705466257763257,0.7705822519495731,0.7703448063353158,0.7704694470340779,74470000,1
1294385820000,1294385879000,0.7704694470340779,0.7706119429438917,0.7703507406922371,0.7705941280727441,76320000,1
1294385880000,1294385939000,0.7705703761924577,0.7707247895921324,0.7704397670190144,0.7706772711859181,130880000,1
1294385940000,1294385999000,0.7706950899015822,0.7708733223869321,0.7706713317971285,0.7708198439860635,111030000,1
1294386000000,1294386059000,0.7708317274339013,0.7709505820676895,0.7707901369694073,0.770825785664182,68960000,1
1294386060000,1294386119000,0.7708495532926839,0.7709327515360835,0.7707069695031252,0.7707069695031252,113060000,1
1294386120000,1294386179000,0.7707069695031252,0.7707188494709015,0.7705881899654007,0.7706119429438917,115050000,1
1294386180000,1294386239000,0.7706119429438917,0.770712909441233,0.7705347511172753,0.7706238199822757,52610000,1
1294386240000,1294386299000,0.7706060045619876,0.7706060045619876,0.7705288139249967,0.7705941280727441,36720000,1
1294386300000,1294386359000,0.770540688401051,0.7705881899654007,0.7703804138483583,0.7705347511172753,118240000,1
1294386360000,1294386419000,0.7705110028971213,0.7705347511172753,0.7702973347712216,0.7703685443115987,64630000,1
1294386420000,1294386479000,0.7704160246533127,0.7704931926926425,0.7702558019518282,0.7702854677943647,115510000,1
1294386480000,1294386539000,0.7702676680146351,0.7704219601075509,0.7702676680146351,0.7703685443115987,47570000,1
1294386540000,1294386599000,0.7703626096803766,0.7705941280727441,0.7703626096803766,0.7704753833115031,74620000,1
1294386600000,1294386659000,0.7704753833115031,0.7704753833115031,0.7703270038131187,0.7704338312903996,82620000,1
1294386660000,1294386719000,0.7704635108481263,0.7707366701092905,0.7704575747536462,0.7706772711859181,75380000,1
1294386720000,1294386779000,0.7706772711859181,0.770879264889533,0.7705763140252595,0.7708139023995436,137900000,1
1294386780000,1294386839000,0.7708317274339013,0.7708733223869321,0.7707604322424504,0.7707901369694073,91220000,1
1294386840000,1294386899000,0.7707723138584861,0.7708852074837537,0.7707188494709015,0.7707782548038754,65680000,1
1294386900000,1294386959000,0.7707723138584861,0.7709089787768758,0.7707188494709015,0.7707901369694073,95220000,1
1294386960000,1294387019000,0.7707901369694073,0.7708198439860635,0.7706178814173203,0.7706772711859181,104840000,1
1294387020000,1294387079000,0.7706772711859181,0.7706772711859181,0.7704516387506356,0.7704753833115031,79640000,1
1294387080000,1294387139000,0.7705822519495731,0.7706238199822757,0.7704457028390924,0.7705228768242129,101310000,1
1294387140000,1294387199000,0.7705288139249967,0.7705288139249967,0.7703151359221057,0.7703210698219017,126220000,1
1294387200000,1294387259000,0.7703210698219017,0.7704931926926425,0.7701964771213137,0.7704041540191985,200960000,1
1294387260000,1294387319000,0.7704100892905292,0.7706060045619876,0.7703804138483583,0.7704694470340779,245440000,1
1294387320000,1294387379000,0.7704516387506356,0.7704813196804043,0.7703032683967679,0.7703151359221057,217100000,1
1294387380000,1294387439000,0.7703448063353158,0.7704160246533127,0.770291401237088,0.7704100892905292,136210000,1
1294387440000,1294387499000,0.7704041540191985,0.7704575747536462,0.770202409193136,0.7703270038131187,131920000,1
1294387500000,1294387559000,0.7703448063353158,0.7703448063353158,0.7701964771213137,0.770202409193136,102320000,1
1294387560000,1294387619000,0.770202409193136,0.7702498690575222,0.7701964771213137,0.7702439362546118,173020000,1
1294387620000,1294387679000,0.7702142736109185,0.7704160246533127,0.7701964771213137,0.7703626096803766,132750000,1
1294387680000,1294387739000,0.7703804138483583,0.7705347511172753,0.7703804138483583,0.7705288139249967,133870000,1
1294387740000,1294387799000,0.7705288139249967,0.770712909441233,0.7705228768242129,0.770712909441233,110490000,1
1294387800000,1294387859000,0.7707069695031252,0.7707782548038754,0.7705763140252595,0.7706713317971285,156620000,1
1294387860000,1294387919000,0.7706713317971285,0.7706950899015822,0.7705881899654007,0.7706475751574048,205130000,1
1294387920000,1294387979000,0.7706832106662557,0.7708020195012911,0.7706416362263221,0.7707188494709015,153740000,1
1294387980000,1294388039000,0.7707247895921324,0.7707782548038754,0.7706535141800246,0.770689150238143,122230000,1
1294388040000,1294388099000,0.770712909441233,0.770903035816155,0.770712909441233,0.7708079609046202,82980000,1
1294388100000,1294388159000,0.7708079609046202,0.7710219124427516,0.7708079609046202,0.7709921898491169,168590000,1
1294388160000,1294388219000,0.7709921898491169,0.771117040144353,0.7708733223869321,0.7708970929470624,183320000,1
1294388220000,1294388279000,0.770879264889533,0.7710456921677179,0.7708317274339013,0.770903035816155,216130000,1
1294388280000,1294388339000,0.7708970929470624,0.7708970929470624,0.7706535141800246,0.7706653924998844,80100000,1
1294388340000,1294388399000,0.7706653924998844,0.7708554954288269,0.7706475751574048,0.7707366701092905,88320000,1
1294388400000,1294388459000,0.7707366701092905,0.7707901369694073,0.7705822519495731,0.7705822519495731,183660000,1
1294388460000,1294388519000,0.7705881899654007,0.7708376692952231,0.7705585008013808,0.7707188494709015,137170000,1
1294388520000,1294388579000,0.7707604322424504,0.7709327515360835,0.7707366701092905,0.7708079609046202,139060000,1
1294388580000,1294388639000,0.7708079609046202,0.7708852074837537,0.7705763140252595,0.7706297586387596,156580000,1
1294388640000,1294388699000,0.7705703761924577,0.7706297586387596,0.7705050660708095,0.7705644384511655,108440000,1
1294388700000,1294388759000,0.7705585008013808,0.7707247895921324,0.7705050660708095,0.7707010296565756,94090000,1
1294388760000,1294388819000,0.7707010296565756,0.7707426105052217,0.7705169398149218,0.7705288139249967,85440000,1
1294388820000,1294388879000,0.7705288139249967,0.7706832106662557,0.7705110028971213,0.7705941280727441,119930000,1
1294388880000,1294388939000,0.7705644384511655,0.7707069695031252,0.7704872561407835,0.7707069695031252,97780000,1
1294388940000,1294388999000,0.7707247895921324,0.7707604322424504,0.7705347511172753,0.7705703761924577,106220000,1
1294389000000,1294389059000,0.7705941280727441,0.770689150238143,0.7703092021137286,0.7703922837508859,147510000,1
1294389060000,1294389119000,0.7703922837508859,0.7705466257763257,0.7703388720698235,0.7704931926926425,144880000,1
1294389120000,1294389179000,0.7705228768242129,0.7705644384511655,0.7703922837508859,0.7704338312903996,124750000,1
1294389180000,1294389239000,0.7704338312903996,0.7705585008013808,0.7704338312903996,0.7704457028390924,102820000,1
1294389240000,1294389299000,0.7704694470340779,0.7705525632431016,0.7704041540191985,0.7705347511172753,175250000,1
1294389300000,1294389359000,0.7705347511172753,0.770689150238143,0.7705110028971213,0.7706594532941838,121750000,1
1294389360000,1294389419000,0.7706356973867743,0.7706653924998844,0.7704516387506356,0.7704516387506356,184330000,1
1294389420000,1294389479000,0.7704575747536462,0.7706713317971285,0.7704219601075509,0.7706238199822757,115150000,1
1294389480000,1294389539000,0.7706238199822757,0.7707485509927242,0.7705466257763257,0.7705703761924577,166870000,1
1294389540000,1294389599000,0.7705703761924577,0.7706713317971285,0.7705466257763257,0.7706356973867743,138840000,1
1294389600000,1294389659000,0.7706356973867743,0.7707069695031252,0.7705941280727441,0.7707010296565756,104090000,1
1294389660000,1294389719000,0.7707010296565756,0.770712909441233,0.7705822519495731,0.7706832106662557,160440000,1
1294389720000,1294389779000,0.7706772711859181,0.7707782548038754,0.7706060045619876,0.7707188494709015,147170000,1
1294389780000,1294389839000,0.7707069695031252,0.770867379975949,0.7706772711859181,0.7707841958408485,89290000,1
1294389840000,1294389899000,0.7708020195012911,0.7713847126977638,0.7707604322424504,0.7712954678678309,228970000,1
1294389900000,1294389959000,0.7712954678678309,0.7713192644699494,0.7708495532926839,0.771051637328152,243200000,1
1294389960000,1294390019000,0.771057582580267,0.7711110939753091,0.770879264889533,0.770879264889533,290530000,1
1294390020000,1294390079000,0.770879264889533,0.770968413424102,0.7707604322424504,0.7709089787768758,158280000,1
1294390080000,1294390139000,0.7709386949549771,0.7709862456053784,0.7707901369694073,0.7708198439860635,185820000,1
1294390140000,1294390199000,0.7708139023995436,0.7710278572364819,0.7707960781895541,0.770974357392873,231700000,1
1294390200000,1294390259000,0.7709862456053784,0.7710040786115758,0.770879264889533,0.7708911501695961,216890000,1
1294390260000,1294390319000,0.770879264889533,0.7709089787768758,0.7704041540191985,0.770540688401051,312650000,1
1294390320000,1294390379000,0.770540688401051,0.7705822519495731,0.7704278956532459,0.770540688401051,184860000,1
1294390380000,1294390439000,0.770540688401051,0.7706416362263221,0.7704160246533127,0.7705763140252595,170110000,1
1294390440000,1294390499000,0.7705703761924577,0.770712909441233,0.7705466257763257,0.7705822519495731,121910000,1
1294390500000,1294390559000,0.7705822519495731,0.7706950899015822,0.7705525632431016,0.7706238199822757,114620000,1
1294390560000,1294390619000,0.7706356973867743,0.7708495532926839,0.7705822519495731,0.7707307298049281,124260000,1
1294390620000,1294390679000,0.7707307298049281,0.770825785664182,0.7706713317971285,0.7706950899015822,102920000,1
1294390680000,1294390739000,0.7707010296565756,0.7708554954288269,0.7706950899015822,0.7708198439860635,149630000,1
1294390740000,1294390799000,0.7708020195012911,0.7708079609046202,0.7705585008013808,0.7705941280727441,119810000,1
1294390800000,1294390859000,0.7706178814173203,0.7706950899015822,0.7706119429438917,0.7706297586387596,119170000,1
1294390860000,1294390919000,0.7706297586387596,0.770712909441233,0.7705525632431016,0.7706832106662557,136350000,1
1294390920000,1294390979000,0.7706950899015822,0.7708139023995436,0.7704219601075509,0.7704813196804043,145880000,1
1294390980000,1294391039000,0.7704813196804043,0.7707010296565756,0.7704635108481263,0.7706594532941838,99090000,1
1294391040000,1294391099000,0.7706356973867743,0.7706594532941838,0.7704813196804043,0.7705585008013808,88330000,1
1294391100000,1294391159000,0.7705881899654007,0.7705881899654007,0.770398218839318,0.7704100892905292,62320000,1
1294391160000,1294391219000,0.7704100892905292,0.7704219601075509,0.7702736011831403,0.7703507406922371,105540000,1
1294391220000,1294391279000,0.7703744790342585,0.7704872561407835,0.7703270038131187,0.7704872561407835,59110000,1
1294391280000,1294391339000,0.7704694470340779,0.7704813196804043,0.7703151359221057,0.7703329378957585,100870000,1
1294391340000,1294391399000,0.7703329378957585,0.7704219601075509,0.770048205017634,0.770398218839318,135440000,1
1294391400000,1294391459000,0.7704041540191985,0.7704872561407835,0.7702142736109185,0.7702320709229691,99500000,1
1294391460000,1294391519000,0.7702320709229691,0.7703626096803766,0.7702202059568831,0.7702736011831403,141050000,1
1294391520000,1294391579000,0.7702558019518282,0.7702795344430494,0.7702320709229691,0.7702676680146351,52580000,1
1294391580000,1294391639000,0.7702676680146351,0.7703092021137286,0.7701252993862102,0.7701371614284503,112720000,1
1294391640000,1294391699000,0.7701490238361123,0.7702439362546118,0.7701134377093746,0.7701727497477684,104020000,1
1294391700000,1294391759000,0.7701668181328076,0.7703092021137286,0.7701668181328076,0.7702558019518282,121880000,1
1294391760000,1294391819000,0.7702558019518282,0.7702558019518282,0.7700837851158207,0.7700837851158207,115510000,1
1294391820000,1294391879000,0.7700837851158207,0.7701015763979269,0.7698940625769893,0.7699237005612745,117250000,1
1294391880000,1294391939000,0.7699237005612745,0.7699533408275459,0.7697459068761402,0.7699355563939299,165660000,1
1294391940000,1294391999000,0.7699296284319612,0.770202409193136,0.7698703538324145,0.770202409193136,134690000,1
1294392000000,1294392059000,0.770202409193136,0.7703626096803766,0.7700304162014399,0.7701015763979269,98530000,1
1294392060000,1294392119000,0.7701075070079784,0.7701075070079784,0.769941484447182,0.769941484447182,62140000,1
1294392120000,1294392179000,0.7699355563939299,0.7701430925866026,0.7698999899913002,0.7701430925866026,114040000,1
1294392180000,1294392239000,0.7701312303616535,0.7703092021137286,0.7700659946557421,0.7701371614284503,65930000,1
1294392240000,1294392299000,0.7701490238361123,0.770208341356337,0.7700600646850454,0.7701964771213137,124300000,1
1294392300000,1294392359000,0.7701964771213137,0.7704991293359839,0.7701846132517965,0.7704457028390924,60540000,1
1294392360000,1294392419000,0.7704575747536462,0.7704991293359839,0.7701964771213137,0.770291401237088,114600000,1
1294392420000,1294392479000,0.7702617349375318,0.7703922837508859,0.7701964771213137,0.770208341356337,111620000,1
1294392480000,1294392539000,0.7701668181328076,0.7703092021137286,0.7700837851158207,0.7701668181328076,179870000,1
1294392540000,1294392599000,0.7701905451408678,0.7703388720698235,0.7701015763979269,0.7702558019518282,114660000,1
1294392600000,1294392659000,0.7702676680146351,0.7704694470340779,0.770202409193136,0.7704635108481263,125810000,1
1294392660000,1294392719000,0.7704575747536462,0.7705228768242129,0.7703448063353158,0.7703685443115987,114930000,1
1294392720000,1294392779000,0.7703804138483583,0.7704041540191985,0.7702498690575222,0.7703210698219017,80960000,1
1294392780000,1294392839000,0.7703151359221057,0.7703744790342585,0.7702261383942326,0.7703448063353158,98480000,1
1294392840000,1294392899000,0.7703863487539001,0.7704813196804043,0.7703626096803766,0.7703626096803766,92220000,1
1294392900000,1294392959000,0.7703329378957585,0.7704160246533127,0.770202409193136,0.770202409193136,83520000,1
1294392960000,1294393019000,0.7701786814540974,0.7702617349375318,0.7701252993862102,0.7702617349375318,124550000,1
1294393020000,1294393079000,0.7702617349375318,0.7704397670190144,0.7702498690575222,0.7703744790342585,83770000,1
1294393080000,1294393139000,0.7703507406922371,0.7704694470340779,0.7703210698219017,0.7704694470340779,117220000,1
1294393140000,1294393199000,0.7704397670190144,0.7704397670190144,0.7702854677943647,0.7703685443115987,100700000,1
1294393200000,1294393259000,0.7703685443115987,0.7704931926926425,0.77035667514059,0.7703744790342585,62100000,1
1294393260000,1294393319000,0.7703863487539001,0.7704813196804043,0.7703626096803766,0.7704635108481263,77110000,1
1294393320000,1294393379000,0.7704872561407835,0.7706060045619876,0.7704575747536462,0.770540688401051,72390000,1
1294393380000,1294393439000,0.7705525632431016,0.7706772711859181,0.7704991293359839,0.7706772711859181,96640000,1
1294393440000,1294393499000,0.7706713317971285,0.7706772711859181,0.7705228768242129,0.7705881899654007,133760000,1
1294393500000,1294393559000,0.7706772711859181,0.7706772711859181,0.7704338312903996,0.7704813196804043,91760000,1
1294393560000,1294393619000,0.7704516387506356,0.7704516387506356,0.7703032683967679,0.7703032683967679,88780000,1
1294393620000,1294393679000,0.7703032683967679,0.7703922837508859,0.7702558019518282,0.770291401237088,56840000,1
1294393680000,1294393739000,0.7702854677943647,0.7703922837508859,0.7702676680146351,0.7703388720698235,79860000,1
1294393740000,1294393799000,0.7703507406922371,0.7705050660708095,0.7702973347712216,0.7704219601075509,138160000,1
1294393800000,1294393859000,0.7704219601075509,0.7704219601075509,0.7702261383942326,0.7702261383942326,53080000,1
1294393860000,1294393919000,0.7702261383942326,0.7703685443115987,0.7701549551769816,0.7703210698219017,94060000,1
1294393920000,1294393979000,0.7703329378957585,0.7704457028390924,0.7702498690575222,0.7702498690575222,129570000,1
1294393980000,1294394039000,0.7702736011831403,0.7702854677943647,0.7701608866092127,0.7701964771213137,66790000,1
1294394040000,1294394099000,0.7702142736109185,0.7702795344430494,0.7701608866092127,0.7702795344430494,57760000,1
1294394100000,1294394159000,0.7702795344430494,0.7703507406922371,0.7701312303616535,0.7701608866092127,81160000,1
1294394160000,1294394219000,0.7701608866092127,0.7701608866092127,0.7699889121596648,0.7700956458792182,130360000,1
1294394220000,1294394279000,0.7701075070079784,0.7701430925866026,0.7697696079563386,0.7698170144956544,138570000,1
1294394280000,1294394339000,0.7698407199550413,0.7698703538324145,0.7696096539834996,0.7696096539834996,138970000,1
1294394340000,1294394399000,0.7696215001462281,0.7696748123917645,0.7696037310388881,0.7696333466736447,63480000,1
1294394400000,1294394459000,0.7696392700741163,0.769852573232226,0.7695741176832741,0.7697814590437775,136200000,1
1294394460000,1294394519000,0.7697814590437775,0.7699592691546617,0.7697281320237691,0.7698703538324145,148670000,1
1294394520000,1294394579000,0.7698703538324145,0.7699118450937368,0.7697696079563386,0.7698881352539475,135090000,1
1294394580000,1294394639000,0.769941484447182,0.7699889121596648,0.7697518320093601,0.7698170144956544,215100000,1
1294394640000,1294394699000,0.7698170144956544,0.7698940625769893,0.769787384724339,0.7698762808816623,120000000,1
1294394700000,1294394759000,0.7698762808816623,0.7699770546837704,0.769787384724339,0.7698466465480077,83170000,1
1294394760000,1294394819000,0.7698466465480077,0.7698940625769893,0.7696688884441912,0.7697103579922875,131220000,1
1294394820000,1294394879000,0.7697222072554015,0.7697696079563386,0.7696037310388881,0.7696511171485965,176190000,1
1294394880000,1294394939000,0.7696688884441912,0.7697459068761402,0.7696037310388881,0.7696451935657662,132170000,1
1294394940000,1294394999000,0.769662964587807,0.7697103579922875,0.7696037310388881,0.7697103579922875,121550000,1
1294395000000,1294395059000,0.7696807364305287,0.7697399818341365,0.7695504286395887,0.7696333466736447,152200000,1
1294395060000,1294395119000,0.7696866605604857,0.7697459068761402,0.7696511171485965,0.7697162825782417,134060000,1
1294395120000,1294395179000,0.7697162825782417,0.7698762808816623,0.7695445066065396,0.7696807364305287,180480000,1
1294395180000,1294395239000,0.7696925847816382,0.769905917496882,0.7696451935657662,0.7698881352539475,135860000,1
1294395240000,1294395299000,0.7698881352539475,0.7702617349375318,0.7698881352539475,0.770208341356337,117620000,1
1294395300000,1294395359000,0.770208341356337,0.7702795344430494,0.7701786814540974,0.770208341356337,141220000,1
1294395360000,1294395419000,0.7702142736109185,0.7702498690575222,0.7701134377093746,0.770208341356337,162140000,1
1294395420000,1294395479000,0.7701964771213137,0.7702973347712216,0.7700541348056769,0.7701252993862102,179450000,1
1294395480000,1294395539000,0.7700422753209152,0.7703032683967679,0.7700422753209152,0.7702439362546118,241470000,1
1294395540000,1294395599000,0.7702617349375318,0.7703685443115987,0.7701786814540974,0.7703092021137286,115160000,1
1294395600000,1294395659000,0.7702795344430494,0.770291401237088,0.7701252993862102,0.7702795344430494,95330000,1
1294395660000,1294395719000,0.7702795344430494,0.7702795344430494,0.7701786814540974,0.7701964771213137,30090000,1
1294395720000,1294395779000,0.7701964771213137,0.7702736011831403,0.7701727497477684,0.7701964771213137,86680000,1
1294395780000,1294395839000,0.7702261383942326,0.7704338312903996,0.7701905451408678,0.7703922837508859,83410000,1
1294395840000,1294395899000,0.7703804138483583,0.7704991293359839,0.7703626096803766,0.7704575747536462,77990000,1
1294395900000,1294395959000,0.7704635108481263,0.7704694470340779,0.7702973347712216,0.7703685443115987,129590000,1
1294395960000,1294396019000,0.77035667514059,0.7703685443115987,0.7701490238361123,0.7702202059568831,106190000,1
1294396020000,1294396079000,0.7702261383942326,0.77035667514059,0.7701490238361123,0.7703329378957585,146970000,1
1294396080000,1294396139000,0.7703092021137286,0.7704219601075509,0.7701608866092127,0.7701727497477684,114290000,1
1294396140000,1294396199000,0.7701727497477684,0.7703448063353158,0.7701490238361123,0.7702854677943647,122870000,1
1294396200000,1294396259000,0.7703151359221057,0.7703151359221057,0.7700541348056769,0.7700600646850454,119040000,1
1294396260000,1294396319000,0.7700541348056769,0.7701193685021178,0.7699237005612745,0.7700244867786796,199470000,1
1294396320000,1294396379000,0.7700244867786796,0.7703507406922371,0.7699889121596648,0.7702973347712216,98310000,1
1294396380000,1294396439000,0.7702854677943647,0.7704635108481263,0.7702854677943647,0.7704041540191985,154700000,1
1294396440000,1294396499000,0.77035667514059,0.7704338312903996,0.7703151359221057,0.7704100892905292,82900000,1
1294396500000,1294396559000,0.7703744790342585,0.7705169398149218,0.7703744790342585,0.7705169398149218,79320000,1
1294396560000,1294396619000,0.770540688401051,0.7707544915717995,0.7704931926926425,0.7707366701092905,163960000,1
1294396620000,1294396679000,0.770712909441233,0.7707544915717995,0.7705763140252595,0.7706594532941838,174630000,1
1294396680000,1294396739000,0.7706653924998844,0.7707544915717995,0.7706594532941838,0.7707069695031252,134400000,1
1294396740000,1294396799000,0.7707247895921324,0.7707841958408485,0.7706060045619876,0.7707247895921324,100300000,1
1294396800000,1294396859000,0.7707010296565756,0.7708911501695961,0.7706713317971285,0.7708317274339013,113150000,1
1294396860000,1294396919000,0.7708317274339013,0.7708733223869321,0.7707901369694073,0.7708733223869321,22970000,1
1294396920000,1294396979000,0.7708554954288269,0.7708852074837537,0.7707663730046785,0.7707663730046785,104710000,1
1294396980000,1294397039000,0.770825785664182,0.7708436112481499,0.770712909441233,0.7708079609046202,96530000,1
1294397040000,1294397099000,0.7707723138584861,0.7707723138584861,0.7704278956532459,0.7704931926926425,204820000,1
1294397100000,1294397159000,0.7705110028971213,0.7706000662716057,0.7704635108481263,0.7705228768242129,129080000,1
1294397160000,1294397219000,0.7705288139249967,0.7706119429438917,0.7704991293359839,0.7705169398149218,109470000,1
1294397220000,1294397279000,0.7705169398149218,0.7706297586387596,0.7704219601075509,0.7704635108481263,171700000,1
1294397280000,1294397339000,0.7704635108481263,0.7705585008013808,0.7703507406922371,0.7704635108481263,262520000,1
1294397340000,1294397399000,0.7704753833115031,0.7706832106662557,0.7704694470340779,0.7705050660708095,223480000,1
1294397400000,1294397459000,0.7705050660708095,0.770540688401051,0.7702320709229691,0.7702439362546118,279120000,1
1294397460000,1294397519000,0.7702439362546118,0.7703863487539001,0.7702439362546118,0.77035667514059,196980000,1
1294397520000,1294397579000,0.7703448063353158,0.7703804138483583,0.7702261383942326,0.7702795344430494,136210000,1
1294397580000,1294397639000,0.7702795344430494,0.7705110028971213,0.7702795344430494,0.7705110028971213,225950000,1
1294397640000,1294397699000,0.7705228768242129,0.7707010296565756,0.7705228768242129,0.7706535141800246,161270000,1
1294397700000,1294397759000,0.7706713317971285,0.770825785664182,0.7706060045619876,0.7707663730046785,171240000,1
1294397760000,1294397819000,0.7707663730046785,0.7708554954288269,0.770689150238143,0.7707426105052217,152090000,1
1294397820000,1294397879000,0.7707426105052217,0.7708495532926839,0.770689150238143,0.770825785664182,103650000,1
1294397880000,1294397939000,0.7708079609046202,0.771390663087414,0.7707723138584861,0.7713847126977638,175050000,1
1294397940000,1294397999000,0.771366862079605,0.7716347081291717,0.7713192644699494,0.7716108920593523,129620000,1
1294398000000,1294398059000,0.7716347081291717,0.7716525711463671,0.7713787623999135,0.7714977858013546,161600000,1
1294398060000,1294398119000,0.7714680265076413,0.7715870774596267,0.7714204164127407,0.7715394526699122,109790000,1
1294398120000,1294398179000,0.7715394526699122,0.7716049382716049,0.7714977858013546,0.7714977858013546,136830000,1
1294398180000,1294398239000,0.7714977858013546,0.7715513583161664,0.7714382695096738,0.7715037379356102,55990000,1
1294398240000,1294398299000,0.7714977858013546,0.7717359428298014,0.7713966135688665,0.771682344679636,130790000,1
1294398300000,1294398359000,0.771682344679636,0.7717597666198467,0.7715334999845693,0.7717180759524931,119530000,1
1294398360000,1294398419000,0.7717180759524931,0.7717478545409644,0.7715811240393815,0.7716347081291717,51330000,1
1294398420000,1294398479000,0.7716347081291717,0.7718074186129077,0.7716347081291717,0.7717240314863405,52980000,1
1294398480000,1294398539000,0.7717359428298014,0.7717895484259352,0.7715573112770817,0.7716525711463671,104630000,1
1294398540000,1294398599000,0.7716525711463671,0.7716644802839725,0.7715692174744997,0.7716049382716049,117950000,1
1294398600000,1294398659000,0.7716049382716049,0.7716347081291717,0.7715394526699122,0.7716168459389806,116550000,1
1294398660000,1294398719000,0.7715930309717443,0.7716347081291717,0.7715751707110066,0.7716347081291717,95010000,1
1294398720000,1294398779000,0.771646616715409,0.7716525711463671,0.7715096901617085,0.7715215948894409,57190000,1
1294398780000,1294398839000,0.7715096901617085,0.7715513583161664,0.7713252138499155,0.7713252138499155,114550000,1
1294398840000,1294398899000,0.7713192644699494,0.7714680265076413,0.7713014168807028,0.7714204164127407,78360000,1
1294398900000,1294398959000,0.7714204164127407,0.7716049382716049,0.771390663087414,0.7715573112770817,92090000,1
1294398960000,1294399019000,0.7715573112770817,0.7716704349906243,0.7714382695096738,0.7716644802839725,138980000,1
1294399020000,1294399079000,0.7716347081291717,0.7717240314863405,0.7715930309717443,0.7716525711463671,80030000,1
1294399080000,1294399139000,0.7716525711463671,0.7716525711463671,0.7714501720333884,0.7715870774596267,75100000,1
1294399140000,1294399199000,0.7715632643298587,0.7716049382716049,0.7714620749243967,0.7714620749243967,95600000,1
1294399200000,1294399259000,0.7714620749243967,0.7716049382716049,0.7714263673532361,0.7715454054471106,97980000,1
1294399260000,1294399319000,0.7715215948894409,0.7715632643298587,0.771390663087414,0.7714799299496223,123310000,1
1294399320000,1294399379000,0.7715096901617085,0.7716585256692209,0.7714442207256205,0.7716287539738881,84450000,1
1294399380000,1294399439000,0.7716287539738881,0.771682344679636,0.7715751707110066,0.7715989845757363,77730000,1
1294399440000,1294399499000,0.7715989845757363,0.7716942547362735,0.7714204164127407,0.7714204164127407,56500000,1
1294399500000,1294399559000,0.7714323183855465,0.7717299871121092,0.7714323183855465,0.7717299871121092,28550000,1
1294399560000,1294399619000,0.7717299871121092,0.7722126982656102,0.7717240314863405,0.7720934541916954,146740000,1
1294399620000,1294399679000,0.7720934541916954,0.772487099465439,0.7720755707568657,0.7724632307502163,187810000,1
1294399680000,1294399739000,0.7724632307502163,0.7726184037703778,0.7723856676115518,0.772403565414858,101900000,1
1294399740000,1294399799000,0.7724154977445468,0.7729289369135403,0.7723379441908602,0.7728273890026663,147140000,1
1294399800000,1294399859000,0.7727855829121653,0.7729289369135403,0.7726840726632103,0.7728273890026663,142950000,1
1294399860000,1294399919000,0.772821416427092,0.7729110147548713,0.7726661618581077,0.7727318388699569,102890000,1
1294399920000,1294399979000,0.7727378100610462,0.7728273890026663,0.7727079550283971,0.772821416427092,93270000,1
1294399980000,1294400039000,0.7728154439438317,0.772821416427092,0.7725050019698878,0.7725050019698878,105640000,1
1294400040000,1294400099000,0.7725348413213435,0.7726542217826677,0.772499034376207,0.7726243732084773,115770000,1
1294400100000,1294400159000,0.7725825890787725,0.7728751729308199,0.772499034376207,0.7725945269403711,160130000,1
1294400160000,1294400219000,0.7725945269403711,0.7726064651709006,0.7724453301817564,0.7726064651709006,88610000,1
1294400220000,1294400279000,0.7726661618581077,0.772893093427317,0.7726243732084773,0.772893093427317,76960000,1
1294400280000,1294400339000,0.772893093427317,0.7729169887154119,0.77263034273882,0.7726482518833302,80070000,1
1294400340000,1294400399000,0.7726422820762444,0.7728691996166569,0.7725348413213435,0.7728154439438317,124360000,1
1294400400000,1294400459000,0.7728453072832941,0.7729886834456744,0.7726960136612655,0.7727378100610462,103960000,1
1294400460000,1294400519000,0.7726840726632103,0.7728453072832941,0.7724632307502163,0.7725288732666383,128850000,1
1294400520000,1294400579000,0.7725288732666383,0.7726960136612655,0.7724632307502163,0.7724691977907381,111200000,1
1294400580000,1294400639000,0.7724632307502163,0.772499034376207,0.772248478670497,0.7722902266671815,142040000,1
1294400640000,1294400699000,0.7722902266671815,0.772499034376207,0.7722067351871442,0.7724930668747247,115200000,1
1294400700000,1294400759000,0.7724512969457276,0.7726422820762444,0.7724333969303496,0.7725825890787725,189240000,1
1294400760000,1294400819000,0.7726004960095184,0.7728691996166569,0.7725945269403711,0.7727258677711496,161810000,1
1294400820000,1294400879000,0.7727437813444197,0.7728034992542446,0.7725825890787725,0.7725825890787725,201460000,1
1294400880000,1294400939000,0.7725825890787725,0.7728453072832941,0.7725825890787725,0.7727616957482651,187140000,1
1294400940000,1294400999000,0.7727616957482651,0.7728273890026663,0.7724274304429098,0.7725706515860875,152010000,1
1294401000000,1294401059000,0.7725706515860875,0.7725706515860875,0.7723677706376668,0.7724751649234477,155410000,1
1294401060000,1294401119000,0.772510969655769,0.7725587144622992,0.7723975993882611,0.7724453301817564,90750000,1
1294401120000,1294401179000,0.7724453301817564,0.7726900431161043,0.7723737362034742,0.7725467777073902,170170000,1
1294401180000,1294401239000,0.7725587144622992,0.7726661618581077,0.7725169374338532,0.7725646829780823,143660000,1
1294401240000,1294401299000,0.7725288732666383,0.7727796109827438,0.7725288732666383,0.7727378100610462,214450000,1
1294401300000,1294401359000,0.7727378100610462,0.7729349111511319,0.7726004960095184,0.7729349111511319,133800000,1
1294401360000,1294401419000,0.7729468599033816,0.7733413760836445,0.7729408854810784,0.7732337408275148,160320000,1
1294401420000,1294401479000,0.7732456988208003,0.7736824188407143,0.7731918907634497,0.7733473566987348,178310000,1
1294401480000,1294401539000,0.7733473566987348,0.7738261057975051,0.7732935344927582,0.7737722169347787,156220000,1
1294401540000,1294401599000,0.7737722169347787,0.7740177714480324,0.7735028851657616,0.7735028851657616,250320000,1
1294401600000,1294401659000,0.773496902144907,0.7747613734969628,0.7732158045310447,0.7746953510531984,240130000,1
1294401660000,1294401719000,0.7747553709916094,0.7752178362119756,0.7744733581164809,0.775211826631627,202370000,1
1294401720000,1294401779000,0.7751817801274399,0.7753440589261485,0.7750075563236741,0.775127702288952,147370000,1
1294401780000,1294401839000,0.7751036701158781,0.775235865512082,0.7750075563236741,0.775127702288952,117620000,1
1294401840000,1294401899000,0.775139718934338,0.7752298556522008,0.7750616173985833,0.7751096780194398,66920000,1
1294401900000,1294401959000,0.7750856469639894,0.7750856469639894,0.7748634303204059,0.774929481417191,86590000,1
1294401960000,1294402019000,0.7749234763067147,0.775091654588155,0.7748814431391998,0.7748814431391998,99010000,1
1294402020000,1294402079000,0.7748814431391998,0.7748994567954809,0.7746293398608766,0.7747793815710977,112820000,1
1294402080000,1294402139000,0.7748093968883655,0.7750255758440028,0.7747313619002612,0.7750255758440028,106080000,1
1294402140000,1294402199000,0.7750255758440028,0.7753140021708792,0.7750255758440028,0.7752779371404649,88900000,1
1294402200000,1294402259000,0.7752779371404649,0.7753681060083275,0.7751877892419438,0.7752719266282648,144840000,1
1294402260000,1294402319000,0.7752418754651451,0.7756146746296441,0.7752178362119756,0.7755485066813504,119790000,1
1294402320000,1294402379000,0.7755665513657727,0.7759095599816885,0.7755304628365802,0.7757891715347437,86650000,1
1294402380000,1294402439000,0.7758072274201306,0.7759035396719479,0.7757470444037609,0.7758794593671928,62140000,1
1294402440000,1294402499000,0.7759035396719479,0.7762588978676168,0.7758794593671928,0.7761624973804516,92660000,1
1294402500000,1294402559000,0.7761444249545956,0.7763372408974458,0.7760540754479772,0.7762287701431365,128420000,1
1294402560000,1294402619000,0.7761986447571663,0.7762227448788704,0.7758734395245448,0.7759818109863506,118000000,1
1294402620000,1294402679000,0.7759818109863506,0.7760360080707746,0.7758674197753088,0.7758674197753088,54090000,1
1294402680000,1294402739000,0.7758674197753088,0.7759216008814469,0.7758072274201306,0.7758614001194826,57190000,1
1294402740000,1294402799000,0.7758854793032548,0.7759276214714691,0.7758012086982831,0.7758012086982831,51630000,1
1294402800000,1294402859000,0.7758012086982831,0.7759818109863506,0.7757650983282262,0.7759396629318105,95060000,1
1294402860000,1294402919000,0.7759035396719479,0.7760420304363685,0.7757590802600344,0.7757650983282262,89830000,1
1294402920000,1294402979000,0.7757650983282262,0.7757771347447306,0.7756688204404247,0.7757289913195926,75190000,1
1294402980000,1294403039000,0.7757530622852135,0.7759216008814469,0.7756628038659034,0.7757289913195926,93730000,1
1294403040000,1294403099000,0.7757470444037609,0.7758313032414232,0.7756447547023463,0.7757951900698216,51270000,1
1294403100000,1294403159000,0.7757951900698216,0.7758252841460103,0.7756688204404247,0.7757590802600344,102320000,1
1294403160000,1294403219000,0.7757650983282262,0.7758072274201306,0.7756086588950679,0.7758072274201306,87130000,1
1294403220000,1294403279000,0.7758072274201306,0.7760299857986512,0.7757350089209527,0.7760058976448221,95870000,1
1294403280000,1294403339000,0.7760119195430841,0.7760600980939965,0.7759637469737414,0.7760179415348083,87810000,1
1294403340000,1294403399000,0.7760239636199965,0.7760661208334949,0.7758012086982831,0.7758072274201306,91450000,1
1294403400000,1294403459000,0.7758072274201306,0.7758794593671928,0.775692887671913,0.7757831530930474,73230000,1
1294403460000,1294403519000,0.7757891715347437,0.7758072274201306,0.7756688204404247,0.7757771347447306,64760000,1
1294403520000,1294403579000,0.7757771347447306,0.7761444249545956,0.7757771347447306,0.7760600980939965,81200000,1
1294403580000,1294403639000,0.7760600980939965,0.7760902127263273,0.7759276214714691,0.77599987584002,80060000,1
1294403640000,1294403699000,0.7759697682178303,0.7760962359332557,0.7759697682178303,0.7760360080707746,62800000,1
1294403700000,1294403759000,0.7760661208334949,0.7761022592336767,0.7759697682178303,0.7760179415348083,67050000,1
1294403760000,1294403819000,0.7760179415348083,0.7763673770428167,0.7760058976448221,0.7763613496265702,101540000,1
1294403820000,1294403879000,0.7763854598531079,0.776741259718975,0.7763251870943702,0.7766990291262136,121760000,1
1294403880000,1294403939000,0.7766990291262136,0.7772665091406542,0.7766447393968577,0.7772665091406542,187070000,1
1294403940000,1294403999000,0.77724234416291,0.7775082415873609,0.7769887025842644,0.7774598830700336,141350000,1
1294404000000,1294404059000,0.7774598830700336,0.7774598830700336,0.7771879784563493,0.7772060995134691,125540000,1
1294404060000,1294404119000,0.7772181806876827,0.7773269281594454,0.7767714272398204,0.7768076313581704,112470000,1
1294404120000,1294404179000,0.7768136657060071,0.7769524815862262,0.7767714272398204,0.7768378040348956,104630000,1
1294404180000,1294404239000,0.7768076313581704,0.7769404086706551,0.7765663342962756,0.7766447393968577,106230000,1
1294404240000,1294404299000,0.7766145817153863,0.7767352264959921,0.7763975155279503,0.7764095715771985,175800000,1
1294404300000,1294404359000,0.7763734045526536,0.7764035435057726,0.7761504490030348,0.776156473144986,144060000,1
1294404360000,1294404419000,0.7761504490030348,0.7761685217094335,0.7756628038659034,0.7757951900698216,121120000,1
1294404420000,1294404479000,0.7757891715347437,0.7758373224302328,0.7756808538694839,0.7757289913195926,62110000,1
1294404480000,1294404539000,0.7757530622852135,0.7760239636199965,0.7757410266156746,0.775975789555366,99380000,1
1294404540000,1294404599000,0.7760058976448221,0.7760480528954352,0.7759456838021338,0.7760239636199965,58400000,1
1294404600000,1294404659000,0.7760179415348083,0.7763131336655953,0.7759155803848542,0.7761986447571663,145300000,1
1294404660000,1294404719000,0.7762046696472926,0.7763010806111043,0.7761624973804516,0.7761986447571663,78670000,1
1294404720000,1294404779000,0.7761986447571663,0.7766326760432118,0.7761986447571663,0.7765783955890346,89480000,1
1294404780000,1294404839000,0.7765783955890346,0.7766447393968577,0.7764397133384578,0.7766145817153863,110500000,1
1294404840000,1294404899000,0.7766085504601405,0.7766809317064456,0.7764638284325525,0.7765723648958228,164420000,1
1294404900000,1294404959000,0.7765783955890346,0.7766809317064456,0.7765180928715639,0.7765542733781663,85860000,1
1294404960000,1294405019000,0.776536182703433,0.7765904572564613,0.7764336847989812,0.7764397133384578,112960000,1
1294405020000,1294405079000,0.7764336847989812,0.7764577995185962,0.776355322303912,0.7763734045526536,58700000,1
1294405080000,1294405139000,0.776355322303912,0.7766507712142159,0.7763071070915655,0.7765542733781663,81480000,1
1294405140000,1294405199000,0.77650603345188,0.7768619438639559,0.7764638284325525,0.7767834949043002,104750000,1
1294405200000,1294405259000,0.7767955629437445,0.7768197001475957,0.7765783955890346,0.7768197001475957,127110000,1
1294405260000,1294405319000,0.7767955629437445,0.7768921207601113,0.7766568031252669,0.7766869640859948,76340000,1
1294405320000,1294405379000,0.7766869640859948,0.7768679790556393,0.7766688672284572,0.7767653935481866,81020000,1
1294405380000,1294405439000,0.7767653935481866,0.7769162639650699,0.7767472930356838,0.7768619438639559,88020000,1
1294405440000,1294405499000,0.7768679790556393,0.7770249269596567,0.7768679790556393,0.7770128517925686,141280000,1
1294405500000,1294405559000,0.7770249269596567,0.7773510983971021,0.7769585181847142,0.7773510983971021,136030000,1
1294405560000,1294405619000,0.7773269281594454,0.7773450556967733,0.7770370025020592,0.7770671930001787,92230000,1
1294405620000,1294405679000,0.7770007770007771,0.777061154712876,0.7768981564206748,0.7769524815862262,128000000,1
1294405680000,1294405739000,0.7769464450815405,0.7771275810349785,0.7768498737618955,0.7770007770007771,131970000,1
1294405740000,1294405799000,0.776994739745612,0.776994739745612,0.7767653935481866,0.7767653935481866,122110000,1
1294405800000,1294405859000,0.7767593599502873,0.7769524815862262,0.7767050617868877,0.7769283361302753,103370000,1
1294405860000,1294405919000,0.7769283361302753,0.7769826655167323,0.7768679790556393,0.7768981564206748,52370000,1
1294405920000,1294405979000,0.7769041921750209,0.7771698582442178,0.7769041921750209,0.7770551165194147,121270000,1
1294405980000,1294406039000,0.7770249269596567,0.7771336203546838,0.7769887025842644,0.7769887025842644,61460000,1
1294406040000,1294406099000,0.776994739745612,0.777049078419793,0.7769162639650699,0.7769826655167323,140930000,1
1294406100000,1294406159000,0.7770068143497618,0.7772242214156362,0.7770068143497618,0.7771456992757003,154150000,1
1294406160000,1294406219000,0.7771698582442178,0.777441750176868,0.7771698582442178,0.777363184079602,74260000,1
1294406220000,1294406279000,0.777363184079602,0.7775686981944855,0.7773571411913776,0.777441750176868,90370000,1
1294406280000,1294406339000,0.777441750176868,0.7775324231020434,0.7773873565720327,0.7774357060671082,123030000,1
1294406340000,1294406399000,0.7774175743016847,0.777441750176868,0.777061154712876,0.7771638183612725,117660000,1
1294406400000,1294406459000,0.7771456992757003,0.7773933999300345,0.7770551165194147,0.7771336203546838,160110000,1
1294406460000,1294406519000,0.7771517388770157,0.7774054869279268,0.777061154712876,0.7773994433819985,84110000,1
1294406520000,1294406579000,0.7774175743016847,0.7774840615767377,0.777302759424796,0.777339013090389,184530000,1
1294406580000,1294406639000,0.7773571411913776,0.7775082415873609,0.777332970577947,0.7774296620513259,132690000,1
1294406640000,1294406699000,0.7774659275557249,0.7775807906441479,0.7773873565720327,0.7775142868250204,130020000,1
1294406700000,1294406759000,0.7774961513940505,0.7775203321566858,0.7773088014675591,0.7773813133079907,126010000,1
1294406760000,1294406819000,0.7773752701379063,0.7775203321566858,0.7772302622374904,0.7775142868250204,102150000,1
1294406820000,1294406879000,0.7774901064383956,0.777895326404879,0.7774901064383956,0.7778711223124553,145600000,1
1294406880000,1294406939000,0.7778590208310646,0.7779982106041157,0.7774719721354045,0.7775445144234507,265640000,1
1294406940000,1294406999000,0.7775324231020434,0.7780829592051105,0.7769041921750209,0.776994739745612,324080000,1
1294407000000,1294407059000,0.7770128517925686,0.7774901064383956,0.7761685217094335,0.7762528721356269,319240000,1
1294407060000,1294407119000,0.7762709496122526,0.7773510983971021,0.7762227448788704,0.7772967174759621,314090000,1
1294407120000,1294407179000,0.7772665091406542,0.7772725506198748,0.7757771347447306,0.7758794593671928,340910000,1
1294407180000,1294407239000,0.7758794593671928,0.7769404086706551,0.7758614001194826,0.7768619438639559,419010000,1
1294407240000,1294407299000,0.7768619438639559,0.7776412585346127,0.7768619438639559,0.7776412585346127,460250000,1
1294407300000,1294407359000,0.7776594007356658,0.7782888541253201,0.7776412585346127,0.7777380267230787,349320000,1
1294407360000,1294407419000,0.7777198808533143,0.7778832241703876,0.7770309646839426,0.7773450556967733,232210000,1
1294407420000,1294407479000,0.7773813133079907,0.7774598830700336,0.7766809317064456,0.7767110945412744,243130000,1
1294407480000,1294407539000,0.7767171273893761,0.7771155026771629,0.7766085504601405,0.777061154712876,208700000,1
1294407540000,1294407599000,0.7770188893291996,0.7772544264639587,0.7768136657060071,0.7768136657060071,234390000,1
1294407600000,1294407659000,0.7767533264461205,0.777061154712876,0.7763794321560833,0.7765723648958228,230590000,1
1294407660000,1294407719000,0.7766085504601405,0.7772060995134691,0.7764939744067585,0.7771638183612725,267450000,1
1294407720000,1294407779000,0.7771577785722057,0.7778711223124553,0.7770551165194147,0.7776291642041743,247750000,1
1294407780000,1294407839000,0.7775989300238723,0.7781071764824887,0.7775505602251787,0.7776110234138679,265840000,1
1294407840000,1294407899000,0.7775686981944855,0.7779861051681618,0.7774780168090747,0.7777198808533143,238890000,1
1294407900000,1294407959000,0.7777259293824855,0.778198004700316,0.7773692270617776,0.7781495603454984,238720000,1
1294407960000,1294408019000,0.7781737817689446,0.7782827968370587,0.7775566061209257,0.7775626521106938,174630000,1
1294408020000,1294408079000,0.7776352113223687,0.7776352113223687,0.7769041921750209,0.7771275810349785,186050000,1
1294408080000,1294408139000,0.777097385844394,0.7771517388770157,0.7769283361302753,0.7770068143497618,133370000,1
1294408140000,1294408199000,0.776994739745612,0.776994739745612,0.7760902127263273,0.7763734045526536,311860000,1
1294408200000,1294408259000,0.7764035435057726,0.7766568031252669,0.775975789555366,0.7766568031252669,257800000,1
1294408260000,1294408319000,0.7766869640859948,0.7767291933667327,0.7764819157361825,0.7765180928715639,200440000,1
1294408320000,1294408379000,0.7764758865413434,0.7765120631149005,0.7761143061150046,0.7762830017311111,242120000,1
1294408380000,1294408439000,0.7762830017311111,0.7768800497203232,0.7761865952574999,0.7768136657060071,247410000,1
1294408440000,1294408499000,0.7768076313581704,0.7768559087660422,0.7766568031252669,0.776741259718975,140770000,1
1294408500000,1294408559000,0.7767231603311947,0.7767472930356838,0.7764216280008696,0.776445741971551,182560000,1
1294408560000,1294408619000,0.776451770698263,0.776530152665828,0.7763191603331961,0.7763251870943702,156180000,1
1294408620000,1294408679000,0.776355322303912,0.7765120631149005,0.7760661208334949,0.7763010806111043,251500000,1
1294408680000,1294408739000,0.7763914876437294,0.776530152665828,0.77599987584002,0.7760299857986512,227780000,1
1294408740000,1294408799000,0.7760299857986512,0.7764276563531194,0.7759818109863506,0.7762830017311111,272660000,1
1294408800000,1294408859000,0.7762769756249029,0.7764336847989812,0.7761685217094335,0.7763794321560833,257220000,1
1294408860000,1294408919000,0.7763734045526536,0.7767653935481866,0.7761805706479555,0.7764939744067585,292590000,1
1294408920000,1294408979000,0.7765120631149005,0.7767171273893761,0.776355322303912,0.7766387076731904,225200000,1
1294408980000,1294409039000,0.7766748994206005,0.7767714272398204,0.7763251870943702,0.7763372408974458,235350000,1
1294409040000,1294409099000,0.7763372408974458,0.7763734045526536,0.7756206904575386,0.7758132462353663,273520000,1
1294409100000,1294409159000,0.7758373224302328,0.7760600980939965,0.7757169563969498,0.7759697682178303,315390000,1
1294409160000,1294409219000,0.7759517047658954,0.7763854598531079,0.7758734395245448,0.7760781665929393,332110000,1
1294409220000,1294409279000,0.7761082826275921,0.7765542733781663,0.7760841896128892,0.7765241227218723,284210000,1
1294409280000,1294409339000,0.77650603345188,0.7769705916631056,0.7764397133384578,0.7769343723535673,284660000,1
1294409340000,1294409399000,0.7769404086706551,0.7770188893291996,0.7766688672284572,0.776843838851514,275760000,1
1294409400000,1294409459000,0.7768378040348956,0.7769162639650699,0.7764879450246536,0.7765482430596001,264900000,1
1294409460000,1294409519000,0.7765482430596001,0.7768015971040836,0.7765422128346897,0.7767533264461205,229890000,1
1294409520000,1294409579000,0.7767714272398204,0.7768619438639559,0.7766809317064456,0.7767352264959921,188330000,1
1294409580000,1294409639000,0.7767231603311947,0.7773269281594454,0.7767231603311947,0.7772967174759621,321170000,1
1294409640000,1294409699000,0.7772967174759621,0.777441750176868,0.776843838851514,0.7769645548770064,232680000,1
1294409700000,1294409759000,0.7769766285430134,0.7774719721354045,0.7769404086706551,0.7773269281594454,299610000,1
1294409760000,1294409819000,0.777332970577947,0.7776412585346127,0.7772302622374904,0.7774296620513259,270280000,1
1294409820000,1294409879000,0.7774296620513259,0.7781677262717206,0.7774175743016847,0.7778892752405622,299830000,1
1294409880000,1294409939000,0.7778408693149556,0.7781071764824887,0.7775445144234507,0.777762222533327,316230000,1
1294409940000,1294409999000,0.7777561734396267,0.7778711223124553,0.7776049766718507,0.7777864198491093,310760000,1
1294410000000,1294410059000,0.7778106186705661,0.7780890133831311,0.777762222533327,0.7780103164167956,236760000,1
1294410060000,1294410119000,0.7779982106041157,0.7783433739628575,0.777937687191256,0.7780587434351294,318970000,1
1294410120000,1294410179000,0.7780647972363138,0.7782525118099819,0.777907429015947,0.778179837360414,257020000,1
1294410180000,1294410239000,0.778216172888505,0.7784827371453038,0.7781132310373805,0.7781132310373805,264250000,1
1294410240000,1294410299000,0.7781253404298365,0.778240398459084,0.7777803703790124,0.7779437391087877,223730000,1
1294410300000,1294410359000,0.7779679477205539,0.7779679477205539,0.7777501244400199,0.777762222533327,185390000,1
1294410360000,1294410419000,0.7777561734396267,0.7782101167315175,0.7777319780057397,0.7781435052252337,294140000,1
1294410420000,1294410479000,0.7781435052252337,0.778198004700316,0.7776956876774118,0.7778287687748419,255280000,1
1294410480000,1294410539000,0.7778287687748419,0.7780587434351294,0.777762222533327,0.7778166686112084,198370000,1
1294410540000,1294410599000,0.7778348189978376,0.7780284758422158,0.7777864198491093,0.7778166686112084,251240000,1
1294410600000,1294410659000,0.7778469197261978,0.7780103164167956,0.7773450556967733,0.7773813133079907,263390000,1
1294410660000,1294410719000,0.7774115305678214,0.777441750176868,0.7770732313813253,0.777441750176868,232570000,1
1294410720000,1294410779000,0.777441750176868,0.7777743210030178,0.7773813133079907,0.7777743210030178,265090000,1
1294410780000,1294410839000,0.7777561734396267,0.7779437391087877,0.7775505602251787,0.7775505602251787,267270000,1
1294410840000,1294410899000,0.7775505602251787,0.777937687191256,0.7775445144234507,0.7776835916538997,299440000,1
1294410900000,1294410959000,0.7776533532412592,0.777762222533327,0.7773269281594454,0.7774054869279268,260210000,1
1294410960000,1294411019000,0.7774296620513259,0.7780224226062196,0.7773994433819985,0.7779013776633399,157510000,1
1294411020000,1294411079000,0.777949791120481,0.7780103164167956,0.7775324231020434,0.7776049766718507,215790000,1
1294411080000,1294411139000,0.7775989300238723,0.7776473058409089,0.7773571411913776,0.7774961513940505,144900000,1
1294411140000,1294411199000,0.7775324231020434,0.777895326404879,0.7774780168090747,0.7777924694133111,119290000,1
1294411200000,1294411259000,0.777762222533327,0.7782646255379754,0.777762222533327,0.7782646255379754,197400000,1
1294411260000,1294411319000,0.7782949115078687,0.7785797148841085,0.7782949115078687,0.7784524365561264,241810000,1
1294411320000,1294411379000,0.7784281977830365,0.7787070348393527,0.7784039605193511,0.7784281977830365,195760000,1
1294411380000,1294411439000,0.7784221383256139,0.778640338241363,0.7782706825433886,0.7785251619332336,173180000,1
1294411440000,1294411499000,0.7785069793150695,0.7785554681843309,0.7782706825433886,0.7782706825433886,181860000,1
1294411500000,1294411559000,0.7782585686268405,0.7784827371453038,0.7781616708687397,0.7784342573347969,178640000,1
1294411560000,1294411619000,0.7784281977830365,0.7784281977830365,0.7782222291397531,0.7783736660621299,185950000,1
1294411620000,1294411679000,0.7783554905196302,0.778476676838762,0.7782040606687886,0.7782282854852642,152230000,1
1294411680000,1294411739000,0.7782343419250404,0.7785675913454426,0.7780466361153688,0.7780466361153688,127520000,1
1294411740000,1294411799000,0.7780950676553661,0.7780950676553661,0.7775142868250204,0.7778348189978376,215400000,1
1294411800000,1294411859000,0.7778590208310646,0.777907429015947,0.7776533532412592,0.7777198808533143,187960000,1
1294411860000,1294411919000,0.7777138324182234,0.7779134804627029,0.7774901064383956,0.7775505602251787,195390000,1
1294411920000,1294411979000,0.7776110234138679,0.7777198808533143,0.7773752701379063,0.7774840615767377,185180000,1
1294411980000,1294412039000,0.7774719721354045,0.7775445144234507,0.7772604677553495,0.7772906756210551,160910000,1
1294412040000,1294412099000,0.7772785921930138,0.7776473058409089,0.7771819382917541,0.7775203321566858,201170000,1
1294412100000,1294412159000,0.7775626521106938,0.7778529702315669,0.7774780168090747,0.7777743210030178,168980000,1
1294412160000,1294412219000,0.7777985190716197,0.7777985190716197,0.7775384687157396,0.7776412585346127,117790000,1
1294412220000,1294412279000,0.7776533532412592,0.7777198808533143,0.7774659275557249,0.7776835916538997,198900000,1
1294412280000,1294412339000,0.7777138324182234,0.7777743210030178,0.7775626521106938,0.777689639618621,197690000,1
1294412340000,1294412399000,0.777689639618621,0.7779618954263621,0.777689639618621,0.7779437391087877,167180000,1
1294412400000,1294412459000,0.7779316353678838,0.7780769051213021,0.7777864198491093,0.7777924694133111,211250000,1
1294412460000,1294412519000,0.7778166686112084,0.7778650715246933,0.7777259293824855,0.7777864198491093,123490000,1
1294412520000,1294412579000,0.7777561734396267,0.7777561734396267,0.7775686981944855,0.7775989300238723,110640000,1
1294412580000,1294412639000,0.7775566061209257,0.7775928834699305,0.7770128517925686,0.777061154712876,220280000,1
1294412640000,1294412699000,0.7770068143497618,0.7772000590672045,0.776777461025191,0.7768378040348956,184090000,1
1294412700000,1294412759000,0.7768378040348956,0.776994739745612,0.7768136657060071,0.7769826655167323,198320000,1
1294412760000,1294412819000,0.7769524815862262,0.7770188893291996,0.7767231603311947,0.7767231603311947,201330000,1
1294412820000,1294412879000,0.7767352264959921,0.7769464450815405,0.7767110945412744,0.776741259718975,166440000,1
1294412880000,1294412939000,0.7767714272398204,0.7768981564206748,0.7765964882306802,0.7766507712142159,202320000,1
1294412940000,1294412999000,0.7766507712142159,0.7768498737618955,0.7765723648958228,0.7766145817153863,183390000,1
1294413000000,1294413059000,0.7765964882306802,0.7766266445069198,0.7760721436664753,0.7761143061150046,178270000,1
1294413060000,1294413119000,0.7760600980939965,0.7763975155279503,0.7760420304363685,0.7761384009996662,209160000,1
1294413120000,1294413179000,0.776264923693158,0.7763854598531079,0.7760360080707746,0.7761444249545956,204100000,1
1294413180000,1294413239000,0.7761504490030348,0.776445741971551,0.7760962359332557,0.7763372408974458,139790000,1
1294413240000,1294413299000,0.7763372408974458,0.7764216280008696,0.7756868707240261,0.7757590802600344,163400000,1
1294413300000,1294413359000,0.7757650983282262,0.7761745461319342,0.7757650983282262,0.7760360080707746,153450000,1
1294413360000,1294413419000,0.7761022592336767,0.7764035435057726,0.7760661208334949,0.7763854598531079,184660000,1
1294413420000,1294413479000,0.7763854598531079,0.7764095715771985,0.7761143061150046,0.7763613496265702,195810000,1
1294413480000,1294413539000,0.7763613496265702,0.7763613496265702,0.7760179415348083,0.7760661208334949,192330000,1
1294413540000,1294413599000,0.7760661208334949,0.7763492950748402,0.7760179415348083,0.7762046696472926,133990000,1
1294413600000,1294413659000,0.7762046696472926,0.7762287701431365,0.7760781665929393,0.7761022592336767,119650000,1
1294413660000,1294413719000,0.7761022592336767,0.7762046696472926,0.7760480528954352,0.7761805706479555,122080000,1
1294413720000,1294413779000,0.7761865952574999,0.7763673770428167,0.7761685217094335,0.7762830017311111,116750000,1
1294413780000,1294413839000,0.7762769756249029,0.7766025192985726,0.7761986447571663,0.7765904572564613,113280000,1
1294413840000,1294413899000,0.7765904572564613,0.7769162639650699,0.7765180928715639,0.7769162639650699,119820000,1
1294413900000,1294413959000,0.7769524815862262,0.777061154712876,0.7767955629437445,0.7769041921750209,120910000,1
1294413960000,1294414019000,0.7769343723535673,0.7769343723535673,0.7766688672284572,0.7767110945412744,128400000,1
1294414020000,1294414079000,0.7766809317064456,0.7767593599502873,0.7766145817153863,0.7766266445069198,113260000,1
1294414080000,1294414139000,0.7766266445069198,0.7769404086706551,0.7765844263759134,0.7767714272398204,142690000,1
1294414140000,1294414199000,0.7767472930356838,0.7769162639650699,0.7766809317064456,0.7768740143410944,159500000,1
1294414200000,1294414259000,0.7768800497203232,0.7769041921750209,0.7766568031252669,0.7767714272398204,116950000,1
1294414260000,1294414319000,0.7768015971040836,0.7768076313581704,0.7766628351300133,0.7767472930356838,113380000,1
1294414320000,1294414379000,0.7767653935481866,0.7768136657060071,0.776536182703433,0.7766507712142159,190620000,1
1294414380000,1294414439000,0.7766326760432118,0.7766869640859948,0.7763794321560833,0.7764095715771985,190590000,1
1294414440000,1294414499000,0.7764397133384578,0.7766628351300133,0.776343267939352,0.7765180928715639,110490000,1
1294414500000,1294414559000,0.7765241227218723,0.7768015971040836,0.7765180928715639,0.7766447393968577,151930000,1
1294414560000,1294414619000,0.7766266445069198,0.7768559087660422,0.7765783955890346,0.7768076313581704,126470000,1
1294414620000,1294414679000,0.7768257346829386,0.7770732313813253,0.7768076313581704,0.7769887025842644,132040000,1
1294414680000,1294414739000,0.7769826655167323,0.7770128517925686,0.7768559087660422,0.7769283361302753,107360000,1
1294414740000,1294414799000,0.7769102280231519,0.7769766285430134,0.7767472930356838,0.7767955629437445,119930000,1
1294414800000,1294414859000,0.7768076313581704,0.776886085193328,0.7765904572564613,0.7767231603311947,105220000,1
1294414860000,1294414919000,0.7766929965592501,0.7767714272398204,0.7766326760432118,0.7766568031252669,107660000,1
1294414920000,1294414979000,0.7766568031252669,0.7767050617868877,0.776536182703433,0.7766447393968577,95260000,1
1294414980000,1294415039000,0.7766447393968577,0.7767895288771507,0.7765964882306802,0.7766266445069198,107820000,1
1294415040000,1294415099000,0.7766266445069198,0.776843838851514,0.7766025192985726,0.7767472930356838,133240000,1
1294415100000,1294415159000,0.776741259718975,0.7768257346829386,0.7764276563531194,0.776445741971551,128720000,1
1294415160000,1294415219000,0.7764095715771985,0.7764819157361825,0.7763010806111043,0.77641559974223,120280000,1
1294415220000,1294415279000,0.77641559974223,0.77650603345188,0.7763492950748402,0.7763492950748402,129360000,1
1294415280000,1294415339000,0.7763613496265702,0.7764095715771985,0.7761624973804516,0.7762106946309506,149980000,1
1294415340000,1294415399000,0.7761926199605694,0.7764577995185962,0.7761926199605694,0.7764276563531194,87520000,1
1294415400000,1294415459000,0.7764276563531194,0.7764638284325525,0.7761323771382447,0.7762347955009431,127040000,1
1294415460000,1294415519000,0.7762347955009431,0.7763794321560833,0.7761865952574999,0.7761865952574999,94150000,1
1294415520000,1294415579000,0.7761865952574999,0.7763734045526536,0.7761865952574999,0.7762950542242095,137510000,1
1294415580000,1294415639000,0.7763010806111043,0.7765904572564613,0.7762769756249029,0.7763071070915655,174370000,1
1294415640000,1294415699000,0.7762950542242095,0.7766025192985726,0.7762347955009431,0.776355322303912,144380000,1
1294415700000,1294415759000,0.7763372408974458,0.77641559974223,0.7762528721356269,0.7762950542242095,103590000,1
1294415760000,1294415819000,0.776264923693158,0.776264923693158,0.7759697682178303,0.7761624973804516,91130000,1
1294415820000,1294415879000,0.7761263533703286,0.7765120631149005,0.7761263533703286,0.7764939744067585,97350000,1
1294415880000,1294415939000,0.7765000038825,0.7766628351300133,0.7764939744067585,0.7765844263759134,108270000,1
1294415940000,1294415999000,0.7765542733781663,0.7773510983971021,0.7765241227218723,0.7773510983971021,273730000,1
1294416000000,1294416059000,0.7773510983971021,0.7773571411913776,0.7769404086706551,0.7769826655167323,227240000,1
1294416060000,1294416119000,0.7769826655167323,0.7772544264639587,0.7769585181847142,0.777194018714832,165490000,1
1294416120000,1294416179000,0.7772785921930138,0.7773752701379063,0.776994739745612,0.7770188893291996,143920000,1
1294416180000,1294416239000,0.7770068143497618,0.7770309646839426,0.7768498737618955,0.7768921207601113,175300000,1
1294416240000,1294416299000,0.7769162639650699,0.777332970577947,0.776886085193328,0.7772967174759621,203120000,1
1294416300000,1294416359000,0.7773088014675591,0.7774538386783285,0.7771396597682569,0.7771396597682569,148640000,1
1294416360000,1294416419000,0.7771638183612725,0.7774598830700336,0.7770913470878501,0.7773752701379063,180040000,1
1294416420000,1294416479000,0.7773994433819985,0.7774840615767377,0.7772242214156362,0.7772846338600733,191790000,1
1294416480000,1294416539000,0.7772846338600733,0.7774296620513259,0.7771396597682569,0.7771879784563493,146880000,1
1294416540000,1294416599000,0.7772121400536276,0.777339013090389,0.7771456992757003,0.7772181806876827,141090000,1
1294416600000,1294416659000,0.77724234416291,0.7774840615767377,0.7772242214156362,0.777302759424796,172240000,1
1294416660000,1294416719000,0.7772846338600733,0.7774115305678214,0.7772121400536276,0.7772121400536276,132720000,1
1294416720000,1294416779000,0.7771879784563493,0.7772665091406542,0.7770732313813253,0.7772121400536276,193630000,1
1294416780000,1294416839000,0.7772181806876827,0.7772483852664797,0.7771094636390482,0.7771094636390482,93520000,1
1294416840000,1294416899000,0.7771094636390482,0.7771336203546838,0.7768378040348956,0.7768619438639559,132130000,1
1294416900000,1294416959000,0.7768679790556393,0.7768679790556393,0.7767533264461205,0.7767955629437445,93450000,1
1294416960000,1294417019000,0.7768197001475957,0.7771698582442178,0.7767352264959921,0.7771698582442178,120150000,1
1294417020000,1294417079000,0.7771638183612725,0.7773994433819985,0.777061154712876,0.7773450556967733,137680000,1
1294417080000,1294417139000,0.777363184079602,0.7774961513940505,0.7772181806876827,0.7772665091406542,179330000,1
1294417140000,1294417199000,0.7772725506198748,0.777332970577947,0.777121541809139,0.777302759424796,137040000,1
1294417200000,1294417259000,0.7772846338600733,0.777339013090389,0.777079269856318,0.777097385844394,152280000,1
1294417260000,1294417319000,0.7771155026771629,0.7775324231020434,0.7771094636390482,0.7774901064383956,142000000,1
1294417320000,1294417379000,0.7774961513940505,0.7776231171800275,0.777332970577947,0.7773510983971021,162840000,1
1294417380000,1294417439000,0.7773510983971021,0.7775747443723028,0.7773148436042534,0.7774236181295188,153310000,1
1294417440000,1294417499000,0.7774659275557249,0.7776049766718507,0.7772725506198748,0.7773510983971021,200570000,1
1294417500000,1294417559000,0.777332970577947,0.7773752701379063,0.7769102280231519,0.7770913470878501,199610000,1
1294417560000,1294417619000,0.7771275810349785,0.7772000590672045,0.7769404086706551,0.7771819382917541,158690000,1
1294417620000,1294417679000,0.7772060995134691,0.7772242214156362,0.776994739745612,0.7771819382917541,101850000,1
1294417680000,1294417739000,0.7771698582442178,0.7775082415873609,0.7771698582442178,0.7773208858348815,148600000,1
1294417740000,1294417799000,0.7773269281594454,0.7774538386783285,0.7771819382917541,0.777194018714832,130540000,1
1294417800000,1294417859000,0.7771879784563493,0.7772302622374904,0.7769645548770064,0.7771094636390482,161970000,1
1294417860000,1294417919000,0.7771819382917541,0.7771819382917541,0.7767834949043002,0.7767834949043002,133370000,1
1294417920000,1294417979000,0.7767593599502873,0.7769524815862262,0.7766628351300133,0.7769524815862262,153810000,1
1294417980000,1294418039000,0.7769766285430134,0.777302759424796,0.7768740143410944,0.7772665091406542,208940000,1
1294418040000,1294418099000,0.77724234416291,0.777302759424796,0.7770249269596567,0.7770913470878501,133070000,1
1294418100000,1294418159000,0.7770732313813253,0.7771517388770157,0.7768740143410944,0.7768740143410944,161770000,1
1294418160000,1294418219000,0.7769645548770064,0.7769766285430134,0.7767895288771507,0.7769041921750209,157890000,1
1294418220000,1294418279000,0.776886085193328,0.7772785921930138,0.776886085193328,0.7770551165194147,106820000,1
1294418280000,1294418339000,0.777049078419793,0.7778529702315669,0.777049078419793,0.7778045688240373,222730000,1
1294418340000,1294418399000,0.7778650715246933,0.7778892752405622,0.7775868370100231,0.7778106186705661,177940000,1
1294418400000,1294418459000,0.7778045688240373,0.7783615489394824,0.7777501244400199,0.7782525118099819,252370000,1
1294418460000,1294418519000,0.7782646255379754,0.7782646255379754,0.7780466361153688,0.7780950676553661,214170000,1
1294418520000,1294418579000,0.7781132310373805,0.7784342573347969,0.7781132310373805,0.7782464550873971,249730000,1
1294418580000,1294418639000,0.7782767396430822,0.7784281977830365,0.7781435052252337,0.778198004700316,236590000,1
1294418640000,1294418699000,0.778198004700316,0.7783979014392577,0.778179837360414,0.7783070265558357,156680000,1
1294418700000,1294418759000,0.778325199834995,0.7784706166265755,0.7780284758422158,0.7780890133831311,178750000,1
1294418760000,1294418819000,0.7780647972363138,0.7781192856864957,0.7775445144234507,0.7776170702499262,321290000,1
1294418820000,1294418879000,0.7776170702499262,0.7777259293824855,0.777302759424796,0.7773933999300345,328110000,1
1294418880000,1294418939000,0.7773994433819985,0.7775747443723028,0.7772181806876827,0.7775747443723028,219030000,1
1294418940000,1294418999000,0.7776110234138679,0.7782646255379754,0.7775928834699305,0.7780829592051105,137380000,1
1294419000000,1294419059000,0.7780587434351294,0.778179837360414,0.7778469197261978,0.7778469197261978,132230000,1
1294419060000,1294419119000,0.7778287687748419,0.7778348189978376,0.7776352113223687,0.777689639618621,86490000,1
1294419120000,1294419179000,0.7776956876774118,0.7777138324182234,0.7774719721354045,0.7775142868250204,59470000,1
1294419180000,1294419239000,0.7775142868250204,0.7775807906441479,0.7773510983971021,0.7775807906441479,92030000,1
1294419240000,1294419299000,0.7775626521106938,0.7777138324182234,0.7774538386783285,0.7776594007356658,110500000,1
1294419300000,1294419359000,0.7776594007356658,0.7777501244400199,0.7775566061209257,0.7776775437832457,71570000,1
1294419360000,1294419419000,0.7776714960066569,0.7777924694133111,0.7775626521106938,0.7776594007356658,164550000,1
1294419420000,1294419479000,0.7776714960066569,0.7777803703790124,0.7775263775823594,0.7775626521106938,130390000,1
1294419480000,1294419539000,0.7775626521106938,0.7776775437832457,0.7775082415873609,0.7776412585346127,121290000,1
1294419540000,1294419599000,0.7776473058409089,0.7779618954263621,0.7776110234138679,0.7778106186705661,190490000,1
1294419600000,1294419659000,0.7777864198491093,0.7779861051681618,0.7777077840772109,0.7778771731943527,163960000,1
1294419660000,1294419719000,0.7779013776633399,0.7779134804627029,0.7776835916538997,0.7778166686112084,126490000,1
1294419720000,1294419779000,0.7777864198491093,0.7779800525914515,0.7777380267230787,0.7779134804627029,188520000,1
1294419780000,1294419839000,0.7779134804627029,0.7780405825967882,0.7777924694133111,0.7779558432263385,108390000,1
1294419840000,1294419899000,0.7779740001089164,0.7781919488260975,0.7779740001089164,0.7781495603454984,105400000,1
1294419900000,1294419959000,0.7781374501992032,0.7783433739628575,0.7781374501992032,0.7782827968370587,213220000,1
1294419960000,1294420019000,0.7783070265558357,0.7785191009661423,0.7783070265558357,0.7784645565087421,115490000,1
1294420020000,1294420079000,0.7784645565087421,0.7784706166265755,0.778240398459084,0.778240398459084,63880000,1
1294420080000,1294420139000,0.7782888541253201,0.7783918424534911,0.7782706825433886,0.778385783562049,51220000,1
1294420140000,1294420199000,0.7783979014392577,0.7784887975462033,0.7782888541253201,0.7784827371453038,101460000,1
1294420200000,1294420259000,0.7784827371453038,0.7785130400934216,0.7783070265558357,0.7784281977830365,123570000,1
1294420260000,1294420319000,0.7784281977830365,0.7784887975462033,0.7783009689847064,0.7783070265558357,113030000,1
1294420320000,1294420379000,0.7783433739628575,0.7783676074536482,0.7782222291397531,0.7782827968370587,127390000,1
1294420380000,1294420439000,0.7783191419809778,0.7784827371453038,0.7782888541253201,0.7784827371453038,85500000,1
1294420440000,1294420499000,0.7784706166265755,0.7787312909807341,0.7784706166265755,0.7785857767950295,119240000,1
1294420500000,1294420559000,0.7785979009000592,0.778980003583308,0.7785979009000592,0.7788829261073769,206980000,1
1294420560000,1294420619000,0.7789375292101574,0.7790346202985261,0.7787252268037224,0.7788283306593561,119360000,1
1294420620000,1294420679000,0.7788283306593561,0.7790346202985261,0.7787676780262911,0.7788404623196984,182530000,1
1294420680000,1294420739000,0.7788404623196984,0.7789921399693077,0.7786767167874914,0.7789132602193419,140030000,1
1294420740000,1294420799000,0.7788950594686378,0.7791013844631601,0.7787676780262911,0.7791013844631601,113960000,1
1294420800000,1294420859000,0.7790831749197544,0.7793199653981936,0.7789678675754625,0.7789678675754625,153020000,1
1294420860000,1294420919000,0.7789314618206744,0.7789557319457535,0.7786888437249359,0.778694907335306,73640000,1
1294420920000,1294420979000,0.7786888437249359,0.7786888437249359,0.7785069793150695,0.7785797148841085,74490000,1
1294420980000,1294421039000,0.7785797148841085,0.7786342754808067,0.7783433739628575,0.7784039605193511,76630000,1
1294421040000,1294421099000,0.7784221383256139,0.77845849648526,0.7783312577833126,0.7783433739628575,84890000,1
1294421100000,1294421159000,0.7782888541253201,0.778385783562049,0.7782888541253201,0.7783009689847064,93050000,1
1294421160000,1294421219000,0.7782949115078687,0.7782949115078687,0.7781677262717206,0.7781677262717206,47310000,1
1294421220000,1294421279000,0.7781677262717206,0.7781677262717206,0.7777077840772109,0.7778892752405622,201590000,1
1294421280000,1294421339000,0.7778892752405622,0.7778892752405622,0.7775384687157396,0.7775928834699305,95640000,1
1294421340000,1294421399000,0.7775928834699305,0.7778529702315669,0.7774659275557249,0.7777803703790124,140900000,1
1294421400000,1294421459000,0.7778106186705661,0.7778711223124553,0.7777077840772109,0.7777985190716197,109530000,1
1294421460000,1294421519000,0.7777985190716197,0.7779982106041157,0.7777864198491093,0.7779982106041157,54570000,1
1294421520000,1294421579000,0.7779982106041157,0.7779982106041157,0.7778650715246933,0.7778650715246933,70810000,1
1294421580000,1294421639000,0.7778348189978376,0.7778892752405622,0.7776835916538997,0.7777319780057397,119440000,1
1294421640000,1294421699000,0.7777319780057397,0.777895326404879,0.7776291642041743,0.7778469197261978,120470000,1
1294421700000,1294421759000,0.7777985190716197,0.7778711223124553,0.7776594007356658,0.7778045688240373,99960000,1
1294421760000,1294421819000,0.7778650715246933,0.7780769051213021,0.7778106186705661,0.7779255836386691,152120000,1
1294421820000,1294421879000,0.7779134804627029,0.7779134804627029,0.7777017358302744,0.7777440755345045,97210000,1
1294421880000,1294421939000,0.7777440755345045,0.7781313952674048,0.7776714960066569,0.7780163694644135,146740000,1
1294421940000,1294421999000,0.7779982106041157,0.7781071764824887,0.7778832241703876,0.7779013776633399,99020000,1
1294422000000,1294422059000,0.7778711223124553,0.777895326404879,0.7777380267230787,0.7778106186705661,73390000,1
1294422060000,1294422119000,0.7778408693149556,0.7781556155599997,0.7777682717211234,0.778070851131704,150590000,1
1294422120000,1294422179000,0.7780890133831311,0.7781192856864957,0.7779255836386691,0.778070851131704,157780000,1
1294422180000,1294422239000,0.7780769051213021,0.7781616708687397,0.7780163694644135,0.7780163694644135,139650000,1
1294422240000,1294422299000,0.7780163694644135,0.7781071764824887,0.7778650715246933,0.7780345291724047,147400000,1
1294422300000,1294422359000,0.7780284758422158,0.7780829592051105,0.7777864198491093,0.7778832241703876,128800000,1
1294422360000,1294422419000,0.7778650715246933,0.7778892752405622,0.7775747443723028,0.777665448324131,121220000,1
1294422420000,1294422479000,0.777665448324131,0.7777803703790124,0.7775747443723028,0.7776594007356658,170590000,1
1294422480000,1294422539000,0.7776412585346127,0.7778832241703876,0.7776412585346127,0.7778227186459663,98880000,1
1294422540000,1294422599000,0.7778106186705661,0.7778106186705661,0.7775324231020434,0.7776352113223687,128710000,1
1294422600000,1294422659000,0.7776231171800275,0.7777017358302744,0.7775505602251787,0.7776956876774118,95690000,1
1294422660000,1294422719000,0.7776956876774118,0.7777198808533143,0.7774357060671082,0.7774357060671082,98550000,1
1294422720000,1294422779000,0.7774054869279268,0.7774901064383956,0.7772725506198748,0.7774659275557249,102850000,1
1294422780000,1294422839000,0.7774357060671082,0.7775203321566858,0.7774054869279268,0.7774054869279268,44820000,1
1294422840000,1294422899000,0.7774054869279268,0.7774840615767377,0.7773208858348815,0.7774840615767377,105230000,1
1294422900000,1294422959000,0.7774901064383956,0.7775324231020434,0.7773813133079907,0.7775021964437049,120680000,1
1294422960000,1294423019000,0.7775021964437049,0.7775384687157396,0.7773752701379063,0.7774840615767377,181320000,1
1294423020000,1294423079000,0.7775505602251787,0.7775505602251787,0.7771638183612725,0.7772665091406542,122090000,1
1294423080000,1294423139000,0.7772544264639587,0.777339013090389,0.777121541809139,0.7771396597682569,126960000,1
1294423140000,1294423199000,0.777097385844394,0.7772242214156362,0.7770188893291996,0.7771456992757003,110260000,1
1294423200000,1294423259000,0.7771698582442178,0.7773088014675591,0.7769464450815405,0.7769464450815405,181920000,1
1294423260000,1294423319000,0.7769766285430134,0.777049078419793,0.7767050617868877,0.7768378040348956,165850000,1
1294423320000,1294423379000,0.7768378040348956,0.7770370025020592,0.7768197001475957,0.7770309646839426,105430000,1
1294423380000,1294423439000,0.7770188893291996,0.7770309646839426,0.7768619438639559,0.7768619438639559,39630000,1
1294423440000,1294423499000,0.7768740143410944,0.776994739745612,0.7768679790556393,0.776994739745612,36460000,1
1294423500000,1294423559000,0.7770188893291996,0.7770249269596567,0.7768257346829386,0.7768498737618955,105270000,1
1294423560000,1294423619000,0.776843838851514,0.7769404086706551,0.7767714272398204,0.7769102280231519,82210000,1
1294423620000,1294423679000,0.7769283361302753,0.7770671930001787,0.7768498737618955,0.7769766285430134,96790000,1
1294423680000,1294423739000,0.7769887025842644,0.777085308425159,0.7769705916631056,0.777085308425159,72760000,1
1294423740000,1294423799000,0.7771155026771629,0.7771275810349785,0.7769705916631056,0.777085308425159,59160000,1
1294423800000,1294423859000,0.7770671930001787,0.7772785921930138,0.7770249269596567,0.7772000590672045,106620000,1
1294423860000,1294423919000,0.7772000590672045,0.7772483852664797,0.7770551165194147,0.777061154712876,69710000,1
1294423920000,1294423979000,0.7770671930001787,0.7770732313813253,0.7769404086706551,0.7770732313813253,94470000,1
1294423980000,1294424039000,0.7770551165194147,0.7771396597682569,0.7769766285430134,0.7769766285430134,42150000,1
1294424040000,1294424099000,0.7769705916631056,0.7769887025842644,0.7768921207601113,0.7769464450815405,50610000,1
1294424100000,1294424159000,0.7769524815862262,0.7771517388770157,0.7769464450815405,0.7771094636390482,86200000,1
1294424160000,1294424219000,0.7770671930001787,0.7771275810349785,0.7769705916631056,0.7771034246947927,89480000,1
1294424220000,1294424279000,0.7771275810349785,0.7771275810349785,0.7768559087660422,0.7769705916631056,146300000,1
1294424280000,1294424339000,0.7770068143497618,0.7771336203546838,0.7769887025842644,0.777085308425159,100790000,1
1294424340000,1294424399000,0.777079269856318,0.7773208858348815,0.777061154712876,0.7772181806876827,90900000,1
1294424400000,1294424459000,0.7772121400536276,0.7772846338600733,0.7771758982210444,0.7772302622374904,102450000,1
1294424460000,1294424519000,0.7772363031532477,0.7773148436042534,0.7771819382917541,0.777302759424796,107240000,1
1294424520000,1294424579000,0.777302759424796,0.7773813133079907,0.7772363031532477,0.7772363031532477,45460000,1
1294424580000,1294424639000,0.7772483852664797,0.7773148436042534,0.7771698582442178,0.7772483852664797,102310000,1
1294424640000,1294424699000,0.7772242214156362,0.7774659275557249,0.7772242214156362,0.7774477943806074,66720000,1
1294424700000,1294424759000,0.7774477943806074,0.7774538386783285,0.7773088014675591,0.7773088014675591,77970000,1
1294424760000,1294424819000,0.777302759424796,0.7773933999300345,0.7771698582442178,0.7772665091406542,124600000,1
1294424820000,1294424879000,0.7772483852664797,0.7772967174759621,0.777049078419793,0.777049078419793,107320000,1
1294424880000,1294424939000,0.7770309646839426,0.7770309646839426,0.7768317693120378,0.7769887025842644,84360000,1
1294424940000,1294424999000,0.7770551165194147,0.7771638183612725,0.7770551165194147,0.7771638183612725,24840000,1
1294425000000,1294425059000,0.7771698582442178,0.7772363031532477,0.7771094636390482,0.7771758982210444,62510000,1
1294425060000,1294425119000,0.7771758982210444,0.777339013090389,0.7771758982210444,0.7772604677553495,89570000,1
1294425120000,1294425179000,0.7772604677553495,0.7773933999300345,0.7771879784563493,0.7772363031532477,107530000,1
1294425180000,1294425239000,0.7772181806876827,0.7772604677553495,0.7771275810349785,0.7772000590672045,37210000,1
1294425240000,1294425299000,0.7772363031532477,0.7772544264639587,0.777061154712876,0.7771034246947927,91920000,1
1294425300000,1294425359000,0.7770671930001787,0.7773088014675591,0.7770671930001787,0.7772604677553495,63320000,1
1294425360000,1294425419000,0.7772544264639587,0.7772544264639587,0.777097385844394,0.7771094636390482,49270000,1
1294425420000,1294425479000,0.7771094636390482,0.7771336203546838,0.7770430404140086,0.7770430404140086,28250000,1
1294425480000,1294425539000,0.7770430404140086,0.7772302622374904,0.7770430404140086,0.7771879784563493,43980000,1
1294425540000,1294425599000,0.7771638183612725,0.7773571411913776,0.7771336203546838,0.7773148436042534,82170000,1
1294425600000,1294425659000,0.777332970577947,0.7774115305678214,0.7773208858348815,0.7773933999300345,51810000,1
1294425660000,1294425719000,0.7774175743016847,0.7774236181295188,0.7772846338600733,0.7772846338600733,63850000,1
1294425720000,1294425779000,0.7773088014675591,0.7773269281594454,0.77724234416291,0.7772604677553495,38660000,1
1294425780000,1294425839000,0.7772302622374904,0.7772785921930138,0.7772000590672045,0.7772363031532477,39100000,1
1294425840000,1294425899000,0.7772363031532477,0.7773148436042534,0.7771879784563493,0.777194018714832,16460000,1
1294425900000,1294425959000,0.7772000590672045,0.7773088014675591,0.7772000590672045,0.7773088014675591,27410000,1
1294425960000,1294426019000,0.777339013090389,0.777339013090389,0.7771638183612725,0.7771638183612725,47810000,1
1294426020000,1294426079000,0.7772060995134691,0.7772060995134691,0.7769041921750209,0.7769041921750209,97000000,1
1294426080000,1294426139000,0.7769343723535673,0.777085308425159,0.7769343723535673,0.7770551165194147,53930000,1
1294426140000,1294426199000,0.777049078419793,0.7771155026771629,0.7770430404140086,0.7771155026771629,24880000,1
1294426200000,1294426259000,0.7771336203546838,0.777194018714832,0.7769343723535673,0.7769826655167323,88200000,1
1294426260000,1294426319000,0.7769887025842644,0.7772000590672045,0.7769283361302753,0.7772000590672045,65450000,1
1294426320000,1294426379000,0.7771638183612725,0.777302759424796,0.7771638183612725,0.7772302622374904,79960000,1
1294426380000,1294426439000,0.7772302622374904,0.7773208858348815,0.7770309646839426,0.7771517388770157,89490000,1
1294426440000,1294426499000,0.7771758982210444,0.7773088014675591,0.7771456992757003,0.7773088014675591,46750000,1
1294426500000,1294426559000,0.7773208858348815,0.7775566061209257,0.7772604677553495,0.7775566061209257,58250000,1
1294426560000,1294426619000,0.7775566061209257,0.7775747443723028,0.7775142868250204,0.7775324231020434,27360000,1
1294426620000,1294426679000,0.7775384687157396,0.7776110234138679,0.7775021964437049,0.7775021964437049,24760000,1
1294426680000,1294426739000,0.7775021964437049,0.7775384687157396,0.7772846338600733,0.7772906756210551,32480000,1
1294426740000,1294426799000,0.7772725506198748,0.7773269281594454,0.7772121400536276,0.7773088014675591,18400000,1
1294426800000,1294426859000,0.7773148436042534,0.7777138324182234,0.7773148436042534,0.7776110234138679,66440000,1
1294426860000,1294426919000,0.7776352113223687,0.7776775437832457,0.7774961513940505,0.7775686981944855,71030000,1
1294426920000,1294426979000,0.7775686981944855,0.7776533532412592,0.7775505602251787,0.7775505602251787,30620000,1
1294426980000,1294427039000,0.7775142868250204,0.7775868370100231,0.7774598830700336,0.7775868370100231,37060000,1
1294427040000,1294427099000,0.7775868370100231,0.7776956876774118,0.7775868370100231,0.777665448324131,70780000,1
1294427100000,1294427159000,0.7777138324182234,0.7777138324182234,0.7776352113223687,0.7776473058409089,23060000,1
1294427160000,1294427219000,0.7776473058409089,0.7776533532412592,0.7776049766718507,0.7776231171800275,24710000,1
1294427220000,1294427279000,0.7776049766718507,0.777689639618621,0.7775807906441479,0.7776110234138679,63010000,1
1294427280000,1294427339000,0.7776049766718507,0.777949791120481,0.7775807906441479,0.7778590208310646,83830000,1
1294427340000,1294427399000,0.7778711223124553,0.7778711223124553,0.7777985190716197,0.7778408693149556,40300000,1
1294427400000,1294427459000,0.7778408693149556,0.7778590208310646,0.7776594007356658,0.7776835916538997,44360000,1
1294427460000,1294427519000,0.7777077840772109,0.7777743210030178,0.7777017358302744,0.7777440755345045,40240000,1
1294427520000,1294427579000,0.7777501244400199,0.7777864198491093,0.7777259293824855,0.7777440755345045,39680000,1
1294427580000,1294427639000,0.7777501244400199,0.7777561734396267,0.7776170702499262,0.7776170702499262,34570000,1
1294427640000,1294427699000,0.7776473058409089,0.7777077840772109,0.7775989300238723,0.7776533532412592,36710000,1
1294427700000,1294427759000,0.7776473058409089,0.7776533532412592,0.7774296620513259,0.7774296620513259,28030000,1
1294427760000,1294427819000,0.7774236181295188,0.7774598830700336,0.77724234416291,0.7772725506198748,68620000,1
1294427820000,1294427879000,0.7772725506198748,0.7772725506198748,0.777049078419793,0.777061154712876,62990000,1
1294427880000,1294427939000,0.7770551165194147,0.7771517388770157,0.7770309646839426,0.7770309646839426,38790000,1
1294427940000,1294427999000,0.7770309646839426,0.777194018714832,0.7769645548770064,0.7771819382917541,78640000,1
1294428000000,1294428059000,0.7771819382917541,0.7774659275557249,0.7771819382917541,0.7774659275557249,62200000,1
1294428060000,1294428119000,0.7774780168090747,0.7776291642041743,0.7774538386783285,0.7775928834699305,65020000,1
1294428120000,1294428179000,0.7775868370100231,0.7776835916538997,0.7775505602251787,0.7776049766718507,40010000,1
1294428180000,1294428239000,0.7775989300238723,0.7776412585346127,0.7775384687157396,0.7776352113223687,38100000,1
1294428240000,1294428299000,0.7776352113223687,0.7777561734396267,0.7776170702499262,0.7776594007356658,68340000,1
1294428300000,1294428359000,0.7776775437832457,0.7778166686112084,0.7776775437832457,0.7778166686112084,29520000,1
1294428360000,1294428419000,0.7778045688240373,0.7778166686112084,0.7777864198491093,0.7778106186705661,24660000,1
1294428420000,1294428479000,0.7778106186705661,0.7778590208310646,0.7778106186705661,0.7778408693149556,36030000,1
1294428480000,1294428539000,0.7778590208310646,0.7779679477205539,0.7778529702315669,0.7779679477205539,38660000,1
1294428540000,1294428599000,0.777992157839049,0.7779982106041157,0.7777440755345045,0.7777440755345045,41600000,1
1294428600000,1294428659000,0.7777440755345045,0.7777501244400199,0.7776170702499262,0.7776231171800275,70370000,1
1294428660000,1294428719000,0.7776291642041743,0.7776291642041743,0.7776231171800275,0.7776231171800275,16650000,1
1294428720000,1294428779000,0.7776231171800275,0.7776291642041743,0.7775686981944855,0.7775686981944855,20460000,1
1294428780000,1294428839000,0.7775686981944855,0.7775807906441479,0.7775626521106938,0.7775807906441479,52440000,1
1294428840000,1294428899000,0.7775686981944855,0.7776291642041743,0.7775626521106938,0.7776231171800275,53040000,1
1294428900000,1294428959000,0.7776231171800275,0.7776473058409089,0.7776231171800275,0.7776412585346127,18300000,1
1294428960000,1294429019000,0.7776835916538997,0.7776835916538997,0.7776835916538997,0.7776835916538997,9840000,1
1294429020000,1294429079000,0.7776835916538997,0.7777319780057397,0.7776231171800275,0.7777077840772109,51000000,1
1294429080000,1294429139000,0.7777259293824855,0.7779740001089164,0.7777259293824855,0.7779618954263621,66880000,1
1294429140000,1294429199000,0.7779679477205539,0.7781556155599997,0.7779679477205539,0.7780647972363138,62570000,1
1294429200000,1294429259000,0.7780526897281483,0.7781253404298365,0.7780526897281483,0.7781071764824887,47780000,1
1294429260000,1294429319000,0.7781071764824887,0.7782525118099819,0.7781071764824887,0.778240398459084,49670000,1
1294429320000,1294429379000,0.7782222291397531,0.778325199834995,0.7781616708687397,0.778198004700316,66990000,1
1294429380000,1294429439000,0.7782040606687886,0.7782282854852642,0.7781858930461308,0.7782282854852642,12410000,1
1294429440000,1294429499000,0.7782282854852642,0.7783554905196302,0.7782101167315175,0.7783494321940893,34430000,1
1294429500000,1294429559000,0.7783554905196302,0.7783736660621299,0.7783494321940893,0.7783554905196302,36860000,1
1294429560000,1294429619000,0.7783554905196302,0.7786342754808067,0.7783554905196302,0.7786342754808067,85400000,1
1294429620000,1294429679000,0.7786342754808067,0.7787252268037224,0.7785918388003457,0.7787130987330337,44400000,1
1294429680000,1294429739000,0.7787130987330337,0.7787130987330337,0.7786039630941721,0.7786039630941721,27080000,1
1294429740000,1294429799000,0.7786282128146631,0.7786645902277595,0.778537284150538,0.7785918388003457,65060000,1
1294429800000,1294429859000,0.7785736530675802,0.7785979009000592,0.7785130400934216,0.7785979009000592,41540000,1
1294429860000,1294429919000,0.7786524640457224,0.7788586605188756,0.7786524640457224,0.7787373552521941,76910000,1
1294429920000,1294429979000,0.7787676780262911,0.7789435966941634,0.7787616132825581,0.7788343964422845,74350000,1
1294429980000,1294430039000,0.7788465282916002,0.7788465282916002,0.7787130987330337,0.7787191627211563,49980000,1
1294430040000,1294430099000,0.7787252268037224,0.778755548633284,0.7785979009000592,0.7785979009000592,51800000,1
1294430100000,1294430159000,0.7785979009000592,0.7786221502429301,0.7785918388003457,0.7785979009000592,33250000,1
1294430160000,1294430219000,0.7786100253826868,0.7786221502429301,0.778549406745352,0.7786160877656054,68720000,1
1294430220000,1294430279000,0.7785918388003457,0.778640338241363,0.7785918388003457,0.7786221502429301,58880000,1
1294430280000,1294430339000,0.7786100253826868,0.779058896852602,0.7785433454007551,0.7789071932079293,177620000,1
1294430340000,1294430399000,0.7789193273252689,0.7791135246316742,0.7788343964422845,0.7788343964422845,165110000,1
1294430400000,1294430459000,0.7788343964422845,0.7790406892952019,0.7788343964422845,0.7790224825888475,81920000,1
1294430460000,1294430519000,0.7790224825888475,0.7790224825888475,0.778961799713342,0.7789860717290376,42480000,1
1294430520000,1294430579000,0.778961799713342,0.7789860717290376,0.7788889927407546,0.7789011262910286,54060000,1
1294430580000,1294430639000,0.7789011262910286,0.7791560182010846,0.7789011262910286,0.7791560182010846,70010000,1
1294430640000,1294430699000,0.7791438767082729,0.7792835267255285,0.7791317355938543,0.7792774539447025,57990000,1
1294430700000,1294430759000,0.7792167313416554,0.7792228031761121,0.7789557319457535,0.7791317355938543,112540000,1
1294430760000,1294430819000,0.7791135246316742,0.7792349471289088,0.7790831749197544,0.7792349471289088,46940000,1
1294430820000,1294430879000,0.7792470914602311,0.7792835267255285,0.7791378061037655,0.7792835267255285,77040000,1
1294430880000,1294430939000,0.7792653086669887,0.7794536030242799,0.7792653086669887,0.7793746297970509,86540000,1
1294430940000,1294430999000,0.7793503335619427,0.7794961336991768,0.7793503335619427,0.779423226812159,55820000,1
1294431000000,1294431059000,0.779423226812159,0.7795204390259113,0.7793624814901411,0.7793928529675382,59080000,1
1294431060000,1294431119000,0.7793928529675382,0.7794414522553139,0.7793381860124383,0.7793867784826898,44430000,1
1294431120000,1294431179000,0.7793867784826898,0.7794596785508285,0.7793260388416098,0.7793260388416098,54590000,1
1294431180000,1294431239000,0.7793199653981936,0.7793807040925281,0.7792895996010037,0.7792895996010037,22400000,1
1294431240000,1294431299000,0.7792653086669887,0.779356407478704,0.7792653086669887,0.7793017456359103,11680000,1
1294431300000,1294431359000,0.7793199653981936,0.7795508228158934,0.7793199653981936,0.7795508228158934,34830000,1
1294431360000,1294431419000,0.7795690542268234,0.7798183023355557,0.7794900576043152,0.7798122212171309,81430000,1
1294431420000,1294431479000,0.7798243835488248,0.7803538124185505,0.7798243835488248,0.780219865958227,122550000,1
1294431480000,1294431539000,0.7801833430856252,0.7802442164397456,0.7801163933658902,0.7801163933658902,86890000,1
1294431540000,1294431599000,0.7801103075974942,0.7802076912874207,0.7800312012480499,0.7800677098772173,73910000,1
1294431600000,1294431659000,0.7800433704113949,0.780140737389025,0.779939944624264,0.779939944624264,62450000,1
1294431660000,1294431719000,0.7799338616085356,0.7799581942407887,0.7798547910379088,0.7799095304944627,40920000,1
1294431720000,1294431779000,0.7799156131306593,0.7799338616085356,0.7797878976918279,0.7797939784308986,43750000,1
1294431780000,1294431839000,0.7797818170475901,0.7797818170475901,0.7796480668626182,0.7797514152488187,35050000,1
1294431840000,1294431899000,0.7797514152488187,0.7797514152488187,0.7796055196070788,0.7796176754919387,30470000,1
1294431900000,1294431959000,0.7796115975021244,0.7797210158205394,0.7796115975021244,0.7797210158205394,46140000,1
1294431960000,1294432019000,0.7797514152488187,0.7797514152488187,0.7796845396352636,0.7796845396352636,9570000,1
1294432020000,1294432079000,0.7796845396352636,0.7797696560436047,0.7796845396352636,0.7796966979844839,52340000,1
1294432080000,1294432139000,0.7796906187624751,0.7796906187624751,0.7795994418067996,0.7796298317558824,51580000,1
1294432140000,1294432199000,0.7796480668626182,0.7796541454210911,0.7795629769950966,0.7795629769950966,47480000,1
1294432200000,1294432259000,0.7795629769950966,0.7796115975021244,0.77951436255213,0.7795629769950966,91730000,1
1294432260000,1294432319000,0.7795690542268234,0.7796480668626182,0.7795690542268234,0.7796480668626182,22130000,1
1294432320000,1294432379000,0.779587286490532,0.7797453351735323,0.779587286490532,0.7797453351735323,40240000,1
1294432380000,1294432439000,0.7797514152488187,0.7800798801797304,0.7797514152488187,0.7800251168087612,91270000,1
1294432440000,1294432499000,0.7800129482149404,0.7801468236322077,0.7799703611262772,0.7801468236322077,94330000,1
1294432500000,1294432559000,0.7801711695546002,0.7801894299936024,0.7801711695546002,0.7801772562726251,54190000,1
1294432560000,1294432619000,0.7801833430856252,0.7802929219629048,0.7801772562726251,0.7802929219629048,44700000,1
1294432620000,1294432679000,0.780274656679151,0.7803720814084156,0.780274656679151,0.7803599019867963,37170000,1
1294432680000,1294432739000,0.7803538124185505,0.7804025316258125,0.7803538124185505,0.7803781712617934,23710000,1
1294432740000,1294432799000,0.7803842612102199,0.7805426332386275,0.7803842612102199,0.7805426332386275,28980000,1
1294432800000,1294432859000,0.7805243562625371,0.7805243562625371,0.7803842612102199,0.7804390750236082,78440000,1
1294432860000,1294432919000,0.7804451659226422,0.7806584073007174,0.7804451659226422,0.7805670038716123,34420000,1
1294432920000,1294432979000,0.7805974693030046,0.7806888798675952,0.7804573480059314,0.7804573480059314,48550000,1
1294432980000,1294433039000,0.7804512569167493,0.7804512569167493,0.7802685684412576,0.7802868334399725,71020000,1
1294433040000,1294433099000,0.7802807450120554,0.7803172770048301,0.7802381286768721,0.7802624802983724,38980000,1
1294433100000,1294433159000,0.7802868334399725,0.7804695304695305,0.7802503042976188,0.7804695304695305,63260000,1
1294433160000,1294433219000,0.7804695304695305,0.7805913760264777,0.780420802896922,0.7804329842196451,54090000,1
1294433220000,1294433279000,0.780420802896922,0.7804756218439518,0.780420802896922,0.7804756218439518,33980000,1
1294433280000,1294433339000,0.7804756218439518,0.7807681196761374,0.7804756218439518,0.7807681196761374,74830000,1
1294433340000,1294433399000,0.7807681196761374,0.7808595702148926,0.7807620237351656,0.7807620237351656,82530000,1
1294433400000,1294433459000,0.7807803118436566,0.7808534728458204,0.7807437364833741,0.7807803118436566,45860000,1
1294433460000,1294433519000,0.7807254500882219,0.7807254500882219,0.7807193548135252,0.7807254500882219,25900000,1
1294433520000,1294433579000,0.7806705960420001,0.7807132596340016,0.7805243562625371,0.7805243562625371,69440000,1
1294433580000,1294433639000,0.7805243562625371,0.7806462189400385,0.7805182641273807,0.7805548183648938,50380000,1
1294433640000,1294433699000,0.78060356267466,0.7808351813099291,0.78060356267466,0.7808351813099291,66430000,1
1294433700000,1294433759000,0.7808229874287499,0.7811096443607789,0.7807986008089074,0.7810852398322229,82060000,1
1294433760000,1294433819000,0.7811645601262361,0.7813415634644685,0.7810608368285805,0.7810852398322229,137160000,1
1294433820000,1294433879000,0.7810730381397964,0.7810730381397964,0.7809449433814917,0.7809449433814917,68480000,1
1294433880000,1294433939000,0.7809327460719082,0.7809327460719082,0.7807803118436566,0.7807864080702084,73160000,1
1294433940000,1294433999000,0.7807071645496491,0.7809571410720979,0.7806949746664481,0.7808656676791892,122760000,1
1294434000000,1294434059000,0.7809022544648087,0.7809571410720979,0.7805913760264777,0.7806949746664481,59570000,1
1294434060000,1294434119000,0.7806705960420001,0.7807864080702084,0.7806645016237821,0.7807254500882219,40360000,1
1294434120000,1294434179000,0.7807254500882219,0.7807864080702084,0.7806888798675952,0.7807254500882219,32820000,1
1294434180000,1294434239000,0.7807254500882219,0.7807254500882219,0.7804756218439518,0.7805426332386275,78610000,1
1294434240000,1294434299000,0.7805487257542052,0.7805609110706954,0.7804147123781578,0.7804999882925001,65740000,1
1294434300000,1294434359000,0.7804695304695305,0.7805426332386275,0.7802807450120554,0.7803294550959415,45940000,1
1294434360000,1294434419000,0.7803538124185505,0.7804817133134571,0.7803538124185505,0.7803720814084156,44480000,1
1294434420000,1294434479000,0.7803720814084156,0.7805182641273807,0.7802868334399725,0.7805182641273807,56120000,1
1294434480000,1294434539000,0.7805365408181585,0.780615749703366,0.7803720814084156,0.7804390750236082,23540000,1
1294434540000,1294434599000,0.7804817133134571,0.7804817133134571,0.7802076912874207,0.7802381286768721,40660000,1
1294434600000,1294434659000,0.7802259534361151,0.7802442164397456,0.7800555399544448,0.7800555399544448,40020000,1
1294434660000,1294434719000,0.7800859654733951,0.780122479229239,0.7799156131306593,0.7800920508620017,60770000,1
1294434720000,1294434779000,0.7800859654733951,0.780140737389025,0.7800494551354555,0.7801285651875428,32150000,1
1294434780000,1294434839000,0.7801589964034671,0.7801589964034671,0.7800372857822604,0.7801163933658902,23490000,1
1294434840000,1294434899000,0.7801285651875428,0.7805426332386275,0.7801285651875428,0.7804999882925001,57880000,1
1294434900000,1294434959000,0.7804573480059314,0.7806888798675952,0.7804512569167493,0.7805974693030046,61470000,1
1294434960000,1294435019000,0.7806401249024201,0.7807315454580942,0.7805730967676469,0.7806705960420001,38370000,1
1294435020000,1294435079000,0.7806523130728036,0.7806523130728036,0.7804268935107503,0.7804268935107503,41390000,1
1294435080000,1294435139000,0.7804329842196451,0.7804573480059314,0.7802990105808546,0.7802990105808546,15820000,1
1294435140000,1294435199000,0.7802807450120554,0.7802807450120554,0.7800068640604036,0.7802137785753296,46450000,1
1294435200000,1294435259000,0.7802137785753296,0.7802503042976188,0.7800433704113949,0.7802503042976188,36020000,1
1294435260000,1294435319000,0.7802685684412576,0.7805426332386275,0.7802685684412576,0.7804634391901911,45540000,1
1294435320000,1294435379000,0.7804512569167493,0.7804512569167493,0.7802563922504935,0.7802563922504935,31880000,1
1294435380000,1294435439000,0.7802624802983724,0.7802624802983724,0.7798912831551282,0.7799521109403883,45020000,1
1294435440000,1294435499000,0.7799581942407887,0.7800798801797304,0.7799521109403883,0.7800190324643922,60220000,1
1294435500000,1294435559000,0.7799521109403883,0.7800677098772173,0.7799338616085356,0.7800372857822604,44400000,1
1294435560000,1294435619000,0.7800616248683646,0.7801650829315484,0.7800372857822604,0.7800798801797304,39880000,1
1294435620000,1294435679000,0.7800312012480499,0.7800677098772173,0.779994696036067,0.7800372857822604,19190000,1
1294435680000,1294435739000,0.7800129482149404,0.7801346512408042,0.7799460277348808,0.7800251168087612,44220000,1
1294435740000,1294435799000,0.7800251168087612,0.7801346512408042,0.779982528391364,0.7799886121662624,27090000,1
1294435800000,1294435859000,0.7799886121662624,0.7801103075974942,0.7799703611262772,0.7800312012480499,32370000,1
1294435860000,1294435919000,0.7800494551354555,0.7801894299936024,0.7800312012480499,0.7800555399544448,15020000,1
1294435920000,1294435979000,0.7800433704113949,0.780232041008996,0.7800433704113949,0.780232041008996,12190000,1
1294435980000,1294436039000,0.780232041008996,0.7803050992938239,0.780232041008996,0.7803050992938239,14370000,1
1294436040000,1294436099000,0.7803050992938239,0.7803111881018151,0.780219865958227,0.7803050992938239,18080000,1
1294436100000,1294436159000,0.7803050992938239,0.7804025316258125,0.7803050992938239,0.7803842612102199,11300000,1
1294436160000,1294436219000,0.7804025316258125,0.7804390750236082,0.7804025316258125,0.7804147123781578,14690000,1
1294436220000,1294436279000,0.7804451659226422,0.7804999882925001,0.7803233660028716,0.7803233660028716,22600000,1
1294436280000,1294436339000,0.7803233660028716,0.7803233660028716,0.7801103075974942,0.7801589964034671,53090000,1
1294436340000,1294436399000,0.7801833430856252,0.7802076912874207,0.7799886121662624,0.7800251168087612,53110000,1
1294436400000,1294436459000,0.7800190324643922,0.7800798801797304,0.7799460277348808,0.7800798801797304,32380000,1
1294436460000,1294436519000,0.7800920508620017,0.7800920508620017,0.7797635756838527,0.7797635756838527,36380000,1
1294436520000,1294436579000,0.7797392551930634,0.7797392551930634,0.7795629769950966,0.7795751315533034,17670000,1
1294436580000,1294436639000,0.7795690542268234,0.7795690542268234,0.7792895996010037,0.7793199653981936,33070000,1
1294436640000,1294436699000,0.7793199653981936,0.7793989275470757,0.7792349471289088,0.779356407478704,50490000,1
1294436700000,1294436759000,0.7793624814901411,0.779477905698763,0.7793503335619427,0.779477905698763,20660000,1
1294436760000,1294436819000,0.7794475275924424,0.7794839816041781,0.7792592361700967,0.7794839816041781,45310000,1
1294436820000,1294436879000,0.7794657541720905,0.7795447458684129,0.7794171518538437,0.7795447458684129,18570000,1
1294436880000,1294436939000,0.7795447458684129,0.7796176754919387,0.7795022098887651,0.7795022098887651,26620000,1
1294436940000,1294436999000,0.7794596785508285,0.7794596785508285,0.7793321123796906,0.7794475275924424,38330000,1
1294437000000,1294437059000,0.7794475275924424,0.7796845396352636,0.7793867784826898,0.7796845396352636,69530000,1
1294437060000,1294437119000,0.7797027773012928,0.7800007800007801,0.7797027773012928,0.7800007800007801,55650000,1
1294437120000,1294437179000,0.779994696036067,0.7800555399544448,0.7799764447113697,0.7800555399544448,43170000,1
1294437180000,1294437239000,0.7800555399544448,0.7802503042976188,0.7798608728202888,0.780140737389025,89020000,1
1294437240000,1294437299000,0.780140737389025,0.7801711695546002,0.7800555399544448,0.7801163933658902,90430000,1
1294437300000,1294437359000,0.7801346512408042,0.7804512569167493,0.7801346512408042,0.7803659916500839,123030000,1
1294437360000,1294437419000,0.7803720814084156,0.7804999882925001,0.7802929219629048,0.7802929219629048,83530000,1
1294437420000,1294437479000,0.7802624802983724,0.7803599019867963,0.780232041008996,0.7802381286768721,71880000,1
1294437480000,1294437539000,0.7801772562726251,0.7801772562726251,0.7798061401935479,0.7799034479531434,162100000,1
1294437540000,1294437599000,0.7800312012480499,0.7800920508620017,0.7797210158205394,0.7797210158205394,102400000,1
1294437600000,1294437659000,0.7797210158205394,0.7797210158205394,0.7797210158205394,0.7797210158205394,0,1
1294437660000,1294437719000,0.7797210158205394,0.7797210158205394,0.7797210158205394,0.7797210158205394,0,1
1294437720000,1294437779000,0.7797210158205394,0.7797210158205394,0.7797210158205394,0.7797210158205394,0,1
1294437780000,1294437839000,0.7797210158205394,0.7797210158205394,0.7797210158205394,0.7797210158205394,0,1
1294437840000,1294437899000,0.7797210158205394,0.7797210158205394,0.7797210158205394,0.7797210158205394,0,1
1294437900000,1294437959000,0.7797210158205394,0.7797210158205394,0.7797210158205394,0.7797210158205394,0,1
1294437960000,1294438019000,0.7797210158205394,0.7797210158205394,0.7797210158205394,0.7797210158205394,0,1
1294438020000,1294438079000,0.7797210158205394,0.7797210158205394,0.7797210158205394,0.7797210158205394,0,1
1294438080000,1294438139000,0.7797210158205394,0.7797210158205394,0.7797210158205394,0.7797210158205394,0,1
1294438140000,1294438199000,0.7797210158205394,0.7797210158205394,0.7797210158205394,0.7797210158205394,0,1
1294438200000,1294438259000,0.7797210158205394,0.7797210158205394,0.7797210158205394,0.7797210158205394,0,1
1294438260000,1294438319000,0.7797210158205394,0.7797210158205394,0.7797210158205394,0.7797210158205394,0,1
1294438320000,1294438379000,0.7797210158205394,0.7797210158205394,0.7797210158205394,0.7797210158205394,0,1
1294438380000,1294438439000,0.7797210158205394,0.7797210158205394,0.7797210158205394,0.7797210158205394,0,1
1294438440000,1294438499000,0.7797210158205394,0.7797210158205394,0.7797210158205394,0.7797210158205394,0,1
1294438500000,1294438559000,0.7797210158205394,0.7797210158205394,0.7797210158205394,0.7797210158205394,0,1
1294438560000,1294438619000,0.7797210158205394,0.7797210158205394,0.7797210158205394,0.7797210158205394,0,1
1294438620000,1294438679000,0.7797210158205394,0.7797210158205394,0.7797210158205394,0.7797210158205394,0,1
1294438680000,1294438739000,0.7797210158205394,0.7797210158205394,0.7797210158205394,0.7797210158205394,0,1
1294438740000,1294438799000,0.7797210158205394,0.7797210158205394,0.7797210158205394,0.7797210158205394,0,1
1294438800000,1294438859000,0.7797210158205394,0.7797210158205394,0.7797210158205394,0.7797210158205394,0,1
1294438860000,1294438919000,0.7797210158205394,0.7797210158205394,0.7797210158205394,0.7797210158205394,0,1
1294438920000,1294438979000,0.7797210158205394,0.7797210158205394,0.7797210158205394,0.7797210158205394,0,1
1294438980000,1294439039000,0.7797210158205394,0.7797210158205394,0.7797210158205394,0.7797210158205394,0,1
1294439040000,1294439099000,0.7797210158205394,0.7797210158205394,0.7797210158205394,0.7797210158205394,0,1
1294439100000,1294439159000,0.7797210158205394,0.7797210158205394,0.7797210158205394,0.7797210158205394,0,1
1294439160000,1294439219000,0.7797210158205394,0.7797210158205394,0.7797210158205394,0.7797210158205394,0,1
1294439220000,1294439279000,0.7797210158205394,0.7797210158205394,0.7797210158205394,0.7797210158205394,0,1
1294439280000,1294439339000,0.7797210158205394,0.7797210158205394,0.7797210158205394,0.7797210158205394,0,1
1294439340000,1294439399000,0.7797210158205394,0.7797210158205394,0.7797210158205394,0.7797210158205394,0,1
1294439400000,1294439459000,0.7797210158205394,0.7797210158205394,0.7797210158205394,0.7797210158205394,0,1
1294439460000,1294439519000,0.7797210158205394,0.7797210158205394,0.7797210158205394,0.7797210158205394,0,1
1294439520000,1294439579000,0.7797210158205394,0.7797210158205394,0.7797210158205394,0.7797210158205394,0,1
1294439580000,1294439639000,0.7797210158205394,0.7797210158205394,0.7797210158205394,0.7797210158205394,0,1
1294439640000,1294439699000,0.7797210158205394,0.7797210158205394,0.7797210158205394,0.7797210158205394,0,1
1294439700000,1294439759000,0.7797210158205394,0.7797210158205394,0.7797210158205394,0.7797210158205394,0,1
1294439760000,1294439819000,0.7797210158205394,0.7797210158205394,0.7797210158205394,0.7797210158205394,0,1
1294439820000,1294439879000,0.7797210158205394,0.7797210158205394,0.7797210158205394,0.7797210158205394,0,1
1294439880000,1294439939000,0.7797210158205394,0.7797210158205394,0.7797210158205394,0.7797210158205394,0,1
1294439940000,1294439999000,0.7797210158205394,0.7797210158205394,0.7797210158205394,0.7797210158205394,0,1
1294440000000,1294440059000,0.7797210158205394,0.7797210158205394,0.7797210158205394,0.7797210158205394,0,1
1294440060000,1294440119000,0.7797210158205394,0.7797210158205394,0.7797210158205394,0.7797210158205394,0,1
1294440120000,1294440179000,0.7797210158205394,0.7797210158205394,0.7797210158205394,0.7797210158205394,0,1
1294440180000,1294440239000,0.7797210158205394,0.7797210158205394,0.7797210158205394,0.7797210158205394,0,1
1294440240000,1294440299000,0.7797210158205394,0.7797210158205394,0.7797210158205394,0.7797210158205394,0,1
1294440300000,1294440359000,0.7797210158205394,0.7797210158205394,0.7797210158205394,0.7797210158205394,0,1
1294440360000,1294440419000,0.7797210158205394,0.7797210158205394,0.7797210158205394,0.7797210158205394,0,1
1294440420000,1294440479000,0.7797210158205394,0.7797210158205394,0.7797210158205394,0.7797210158205394,0,1
1294440480000,1294440539000,0.7797210158205394,0.7797210158205394,0.7797210158205394,0.7797210158205394,0,1
1294440540000,1294440599000,0.7797210158205394,0.7797210158205394,0.7797210158205394,0.7797210158205394,0,1
1294440600000,1294440659000,0.7797210158205394,0.7797210158205394,0.7797210158205394,0.7797210158205394,0,1
1294440660000,1294440719000,0.7797210158205394,0.7797210158205394,0.7797210158205394,0.7797210158205394,0,1
1294440720000,1294440779000,0.7797210158205394,0.7797210158205394,0.7797210158205394,0.7797210158205394,0,1
1294440780000,1294440839000,0.7797210158205394,0.7797210158205394,0.7797210158205394,0.7797210158205394,0,1
1294440840000,1294440899000,0.7797210158205394,0.7797210158205394,0.7797210158205394,0.7797210158205394,0,1
1294440900000,1294440959000,0.7797210158205394,0.7797210158205394,0.7797210158205394,0.7797210158205394,0,1
1294440960000,1294441019000,0.7797210158205394,0.7797210158205394,0.7797210158205394,0.7797210158205394,0,1
1294441020000,1294441079000,0.7797210158205394,0.7797210158205394,0.7797210158205394,0.7797210158205394,0,1
1294441080000,1294441139000,0.7797210158205394,0.7797210158205394,0.7797210158205394,0.7797210158205394,0,1
1294441140000,1294441199000,0.7797210158205394,0.7797210158205394,0.7797210158205394,0.7797210158205394,0,1
1294441200000,1294441259000,0.7797210158205394,0.7797210158205394,0.7797210158205394,0.7797210158205394,0,1
1294441260000,1294441319000,0.7797210158205394,0.7797210158205394,0.7797210158205394,0.7797210158205394,0,1
1294441320000,1294441379000,0.7797210158205394,0.7797210158205394,0.7797210158205394,0.7797210158205394,0,1
1294441380000,1294441439000,0.7797210158205394,0.7797210158205394,0.7797210158205394,0.7797210158205394,0,1
1294441440000,1294441499000,0.7797210158205394,0.7797210158205394,0.7797210158205394,0.7797210158205394,0,1
1294441500000,1294441559000,0.7797210158205394,0.7797210158205394,0.7797210158205394,0.7797210158205394,0,1
1294441560000,1294441619000,0.7797210158205394,0.7797210158205394,0.7797210158205394,0.7797210158205394,0,1
1294441620000,1294441679000,0.7797210158205394,0.7797210158205394,0.7797210158205394,0.7797210158205394,0,1
1294441680000,1294441739000,0.7797210158205394,0.7797210158205394,0.7797210158205394,0.7797210158205394,0,1
1294441740000,1294441799000,0.7797210158205394,0.7797210158205394,0.7797210158205394,0.7797210158205394,0,1
1294441800000,1294441859000,0.7797210158205394,0.7797210158205394,0.7797210158205394,0.7797210158205394,0,1
1294441860000,1294441919000,0.7797210158205394,0.7797210158205394,0.7797210158205394,0.7797210158205394,0,1
1294441920000,1294441979000,0.7797210158205394,0.7797210158205394,0.7797210158205394,0.7797210158205394,0,1
1294441980000,1294442039000,0.7797210158205394,0.7797210158205394,0.7797210158205394,0.7797210158205394,0,1
1294442040000,1294442099000,0.7797210158205394,0.7797210158205394,0.7797210158205394,0.7797210158205394,0,1
1294442100000,1294442159000,0.7797210158205394,0.7797210158205394,0.7797210158205394,0.7797210158205394,0,1
1294442160000,1294442219000,0.7797210158205394,0.7797210158205394,0.7797210158205394,0.7797210158205394,0,1
1294442220000,1294442279000,0.7797210158205394,0.7797210158205394,0.7797210158205394,0.7797210158205394,0,1
1294442280000,1294442339000,0.7797210158205394,0.7797210158205394,0.7797210158205394,0.7797210158205394,0,1
1294442340000,1294442399000,0.7797210158205394,0.7797210158205394,0.7797210158205394,0.7797210158205394,0,1
1294442400000,1294442459000,0.7797210158205394,0.7797210158205394,0.7797210158205394,0.7797210158205394,0,1
1294442460000,1294442519000,0.7797210158205394,0.7797210158205394,0.7797210158205394,0.7797210158205394,0,1
1294442520000,1294442579000,0.7797210158205394,0.7797210158205394,0.7797210158205394,0.7797210158205394,0,1
1294442580000,1294442639000,0.7797210158205394,0.7797210158205394,0.7797210158205394,0.7797210158205394,0,1
1294442640000,1294442699000,0.7797210158205394,0.7797210158205394,0.7797210158205394,0.7797210158205394,0,1
1294442700000,1294442759000,0.7797210158205394,0.7797210158205394,0.7797210158205394,0.7797210158205394,0,1
1294442760000,1294442819000,0.7797210158205394,0.7797210158205394,0.7797210158205394,0.7797210158205394,0,1
1294442820000,1294442879000,0.7797210158205394,0.7797210158205394,0.7797210158205394,0.7797210158205394,0,1
1294442880000,1294442939000,0.7797210158205394,0.7797210158205394,0.7797210158205394,0.7797210158205394,0,1
1294442940000,1294442999000,0.7797210158205394,0.7797210158205394,0.7797210158205394,0.7797210158205394,0,1
1294443000000,1294443059000,0.7797210158205394,0.7797210158205394,0.7797210158205394,0.7797210158205394,0,1
1294443060000,1294443119000,0.7797210158205394,0.7797210158205394,0.7797210158205394,0.7797210158205394,0,1
1294443120000,1294443179000,0.7797210158205394,0.7797210158205394,0.7797210158205394,0.7797210158205394,0,1
1294443180000,1294443239000,0.7797210158205394,0.7797210158205394,0.7797210158205394,0.7797210158205394,0,1
1294443240000,1294443299000,0.7797210158205394,0.7797210158205394,0.7797210158205394,0.7797210158205394,0,1
1294443300000,1294443359000,0.7797210158205394,0.7797210158205394,0.7797210158205394,0.7797210158205394,0,1
1294443360000,1294443419000,0.7797210158205394,0.7797210158205394,0.7797210158205394,0.7797210158205394,0,1
1294443420000,1294443479000,0.7797210158205394,0.7797210158205394,0.7797210158205394,0.7797210158205394,0,1
1294443480000,1294443539000,0.7797210158205394,0.7797210158205394,0.7797210158205394,0.7797210158205394,0,1
1294443540000,1294443599000,0.7797210158205394,0.7797210158205394,0.7797210158205394,0.7797210158205394,0,1
1294443600000,1294443659000,0.7797210158205394,0.7797210158205394,0.7797210158205394,0.7797210158205394,0,1
1294443660000,1294443719000,0.7797210158205394,0.7797210158205394,0.7797210158205394,0.7797210158205394,0,1
1294443720000,1294443779000,0.7797210158205394,0.7797210158205394,0.7797210158205394,0.7797210158205394,0,1
1294443780000,1294443839000,0.7797210158205394,0.7797210158205394,0.7797210158205394,0.7797210158205394,0,1
1294443840000,1294443899000,0.7797210158205394,0.7797210158205394,0.7797210158205394,0.7797210158205394,0,1
1294443900000,1294443959000,0.7797210158205394,0.7797210158205394,0.7797210158205394,0.7797210158205394,0,1
1294443960000,1294444019000,0.7797210158205394,0.7797210158205394,0.7797210158205394,0.7797210158205394,0,1
1294444020000,1294444079000,0.7797210158205394,0.7797210158205394,0.7797210158205394,0.7797210158205394,0,1
1294444080000,1294444139000,0.7797210158205394,0.7797210158205394,0.7797210158205394,0.7797210158205394,0,1
1294444140000,1294444199000,0.7797210158205394,0.7797210158205394,0.7797210158205394,0.7797210158205394,0,1
1294444200000,1294444259000,0.7797210158205394,0.7797210158205394,0.7797210158205394,0.7797210158205394,0,1
1294444260000,1294444319000,0.7797210158205394,0.7797210158205394,0.7797210158205394,0.7797210158205394,0,1
1294444320000,1294444379000,0.7797210158205394,0.7797210158205394,0.7797210158205394,0.7797210158205394,0,1
1294444380000,1294444439000,0.7797210158205394,0.7797210158205394,0.7797210158205394,0.7797210158205394,0,1
1294444440000,1294444499000,0.7797210158205394,0.7797210158205394,0.7797210158205394,0.7797210158205394,0,1
1294444500000,1294444559000,0.7797210158205394,0.7797210158205394,0.7797210158205394,0.7797210158205394,0,1
1294444560000,1294444619000,0.7797210158205394,0.7797210158205394,0.7797210158205394,0.7797210158205394,0,1
1294444620000,1294444679000,0.7797210158205394,0.7797210158205394,0.7797210158205394,0.7797210158205394,0,1
1294444680000,1294444739000,0.7797210158205394,0.7797210158205394,0.7797210158205394,0.7797210158205394,0,1
1294444740000,1294444799000,0.7797210158205394,0.7797210158205394,0.7797210158205394,0.7797210158205394,0,1
1294610400000,1294610459000,0.7814575746682713,0.7814575746682713,0.7813843004266359,0.7814453613403352,22400000,1
1294610460000,1294610519000,0.7814636814754035,0.78157972894815,0.7808778628934648,0.7814514679565825,83730000,1
1294610520000,1294610579000,0.7808778628934648,0.7815369706063945,0.7808290843217327,0.7815247547966082,89090000,1
1294610580000,1294610639000,0.7813537735480494,0.7814575746682713,0.7813232490545989,0.7814148296906378,24240000,1
1294610640000,1294610699000,0.7814331483941549,0.7814331483941549,0.7801346512408042,0.7813598787329469,133920000,1
1294610700000,1294610759000,0.7812561035633091,0.7814820024694832,0.7812561035633091,0.7814087236469908,158760000,1
1294610760000,1294610819000,0.7812561035633091,0.7814270420642178,0.7811889696117491,0.7812255867004155,84120000,1
1294610820000,1294610879000,0.7812255867004155,0.7814514679565825,0.7811340504143917,0.7813659840132521,105120000,1
1294610880000,1294610939000,0.7813843004266359,0.7813965118459711,0.7811340504143917,0.781390406088594,50040000,1
1294610940000,1294610999000,0.7813965118459711,0.7814697883779812,0.7811706623546046,0.7814331483941549,73200000,1
1294611000000,1294611059000,0.7812622072219879,0.7816652596691993,0.7812622072219879,0.7816347108342387,95500000,1
1294611060000,1294611119000,0.7815491867980712,0.78157972894815,0.7815308626537663,0.78157972894815,13880000,1
1294611120000,1294611179000,0.7815736203271667,0.7815736203271667,0.7815736203271667,0.7815736203271667,4350000,1
1294611180000,1294611239000,0.7815552950371238,0.7815552950371238,0.7815430786544955,0.7815430786544955,11080000,1
1294611240000,1294611299000,0.7815736203271667,0.7816347108342387,0.7815064317979338,0.7815064317979338,10660000,1
1294611300000,1294611359000,0.7815247547966082,0.7816163826793809,0.7815247547966082,0.7815858376646215,54560000,1
1294611360000,1294611419000,0.7815858376646215,0.7816224919688288,0.7815369706063945,0.7815980553840381,27480000,1
1294611420000,1294611479000,0.7815919464765836,0.7815980553840381,0.7815064317979338,0.7815369706063945,41350000,1
1294611480000,1294611539000,0.7815369706063945,0.7816347108342387,0.7815369706063945,0.78157972894815,29760000,1
1294611540000,1294611599000,0.7815736203271667,0.7815736203271667,0.7814820024694832,0.7814820024694832,48200000,1
1294611600000,1294611659000,0.7814942169427945,0.7814942169427945,0.7813232490545989,0.7813232490545989,76820000,1
1294611660000,1294611719000,0.7813232490545989,0.781372089388967,0.7812255867004155,0.7812255867004155,118550000,1
1294611720000,1294611779000,0.7812255867004155,0.7813415634644685,0.7812255867004155,0.7813110399249941,57330000,1
1294611780000,1294611839000,0.7813110399249941,0.7813110399249941,0.7812072777269993,0.7812072777269993,49070000,1
1294611840000,1294611899000,0.7812194836139214,0.7812683109760384,0.7812072777269993,0.7812316898822684,47900000,1
1294611900000,1294611959000,0.7812316898822684,0.7812377931594819,0.7809693391437452,0.7809876369657068,82660000,1
1294611960000,1294612019000,0.7809937364302338,0.7810486358985574,0.7809632400602904,0.7809937364302338,33050000,1
1294612020000,1294612079000,0.7809815375964512,0.7810120353954655,0.7809815375964512,0.7810120353954655,24850000,1
1294612080000,1294612139000,0.7809998359900344,0.7810120353954655,0.7809815375964512,0.7809815375964512,18990000,1
1294612140000,1294612199000,0.7809815375964512,0.7809876369657068,0.7809815375964512,0.7809876369657068,13520000,1
1294612200000,1294612259000,0.7809876369657068,0.7810120353954655,0.7809571410720979,0.7809632400602904,32320000,1
1294612260000,1294612319000,0.7809388446790732,0.7809388446790732,0.780896156429118,0.7809022544648087,48020000,1
1294612320000,1294612379000,0.7809083525957394,0.7809083525957394,0.7806949746664481,0.7807986008089074,61590000,1
1294612380000,1294612439000,0.7807986008089074,0.7808351813099291,0.7807681196761374,0.7808046973210592,83070000,1
1294612440000,1294612499000,0.7808046973210592,0.7808351813099291,0.7807132596340016,0.7807132596340016,73860000,1
1294612500000,1294612559000,0.7807132596340016,0.7807132596340016,0.7805670038716123,0.7806523130728036,119650000,1
1294612560000,1294612619000,0.7806523130728036,0.7807681196761374,0.7805913760264777,0.7805913760264777,83290000,1
1294612620000,1294612679000,0.7805913760264777,0.7805913760264777,0.7803720814084156,0.7803781712617934,65990000,1
1294612680000,1294612739000,0.7803781712617934,0.7804329842196451,0.7803720814084156,0.7804268935107503,108140000,1
1294612740000,1294612799000,0.7804268935107503,0.780615749703366,0.7803781712617934,0.7804086219544554,193060000,1
1294612800000,1294612859000,0.7803781712617934,0.7804147123781578,0.7803477229453445,0.7803781712617934,73730000,1
1294612860000,1294612919000,0.7803781712617934,0.7805487257542052,0.7803416335671757,0.7803720814084156,233440000,1
1294612920000,1294612979000,0.7803416335671757,0.7804878048780488,0.7803416335671757,0.7804086219544554,138480000,1
1294612980000,1294613039000,0.7804086219544554,0.7804634391901911,0.7804025316258125,0.7804268935107503,77830000,1
1294613040000,1294613099000,0.7804268935107503,0.7804329842196451,0.7804268935107503,0.7804268935107503,48940000,1
1294613100000,1294613159000,0.7804329842196451,0.7805487257542052,0.7804268935107503,0.7805487257542052,63880000,1
1294613160000,1294613219000,0.7805487257542052,0.7805487257542052,0.780420802896922,0.780420802896922,106930000,1
1294613220000,1294613279000,0.7804451659226422,0.7804938965377292,0.7804451659226422,0.7804938965377292,27720000,1
1294613280000,1294613339000,0.7804938965377292,0.7804938965377292,0.7804634391901911,0.7804695304695305,27130000,1
1294613340000,1294613399000,0.7804634391901911,0.7805730967676469,0.7804634391901911,0.7805730967676469,66690000,1
1294613400000,1294613459000,0.7805670038716123,0.7805670038716123,0.7805243562625371,0.7805243562625371,26620000,1
1294613460000,1294613519000,0.7805243562625371,0.7805730967676469,0.7803720814084156,0.7803720814084156,101590000,1
1294613520000,1294613579000,0.7803659916500839,0.7803720814084156,0.7803659916500839,0.7803659916500839,26690000,1
1294613580000,1294613639000,0.7803781712617934,0.7803781712617934,0.7803050992938239,0.7803172770048301,36080000,1
1294613640000,1294613699000,0.7803659916500839,0.7803720814084156,0.7803659916500839,0.7803659916500839,11780000,1
1294613700000,1294613759000,0.7803659916500839,0.7804268935107503,0.7803659916500839,0.7803720814084156,41420000,1
1294613760000,1294613819000,0.7803659916500839,0.7804268935107503,0.7803659916500839,0.7804268935107503,36320000,1
1294613820000,1294613879000,0.7803964413922272,0.7804878048780488,0.7803903512536972,0.7804634391901911,48430000,1
1294613880000,1294613939000,0.7804695304695305,0.7804695304695305,0.7804086219544554,0.7804268935107503,19420000,1
1294613940000,1294613999000,0.7804329842196451,0.7805548183648938,0.7804268935107503,0.7805426332386275,20740000,1
1294614000000,1294614059000,0.7805426332386275,0.7808473755719707,0.7804512569167493,0.780841278393341,126530000,1
1294614060000,1294614119000,0.780841278393341,0.7808473755719707,0.780841278393341,0.7808473755719707,34030000,1
1294614120000,1294614179000,0.7808473755719707,0.7808473755719707,0.780841278393341,0.780841278393341,18000000,1
1294614180000,1294614239000,0.780841278393341,0.7808473755719707,0.780841278393341,0.7808473755719707,7200000,1
1294614240000,1294614299000,0.7808473755719707,0.7808473755719707,0.7807803118436566,0.780841278393341,13820000,1
1294614300000,1294614359000,0.7808473755719707,0.7809083525957394,0.780841278393341,0.7809083525957394,23400000,1
1294614360000,1294614419000,0.780841278393341,0.7808473755719707,0.780841278393341,0.7808473755719707,10120000,1
1294614420000,1294614479000,0.780841278393341,0.7808473755719707,0.780841278393341,0.780841278393341,28550000,1
1294614480000,1294614539000,0.780841278393341,0.7808473755719707,0.780841278393341,0.7808473755719707,12220000,1
1294614540000,1294614599000,0.7807864080702084,0.7809083525957394,0.7807864080702084,0.7809022544648087,15270000,1
1294614600000,1294614659000,0.7809022544648087,0.7809083525957394,0.7809022544648087,0.7809083525957394,30020000,1
1294614660000,1294614719000,0.7809022544648087,0.7809083525957394,0.7809022544648087,0.7809083525957394,4740000,1
1294614720000,1294614779000,0.7809083525957394,0.7809083525957394,0.7807315454580942,0.7809022544648087,10720000,1
1294614780000,1294614839000,0.7809022544648087,0.7809022544648087,0.7809022544648087,0.7809022544648087,12480000,1
1294614840000,1294614899000,0.7809022544648087,0.7809083525957394,0.7806584073007174,0.7809022544648087,71580000,1
1294614900000,1294614959000,0.7809022544648087,0.7809083525957394,0.7809022544648087,0.7809083525957394,17430000,1
1294614960000,1294615019000,0.7809022544648087,0.7809083525957394,0.7809022544648087,0.7809022544648087,14000000,1
1294615020000,1294615079000,0.7809022544648087,0.7809632400602904,0.7807803118436566,0.7809632400602904,25930000,1
1294615080000,1294615139000,0.7809632400602904,0.7810669374365383,0.7809632400602904,0.7810486358985574,32600000,1
1294615140000,1294615199000,0.7810486358985574,0.7811096443607789,0.7809876369657068,0.7810608368285805,53630000,1
1294615200000,1294615259000,0.7810913408213956,0.7811218471969442,0.781054736315921,0.781054736315921,26640000,1
1294615260000,1294615319000,0.7810608368285805,0.7813965118459711,0.7810608368285805,0.7813965118459711,24030000,1
1294615320000,1294615379000,0.7813965118459711,0.7813965118459711,0.781390406088594,0.7813965118459711,9240000,1
1294615380000,1294615439000,0.781390406088594,0.7814087236469908,0.781390406088594,0.781390406088594,26010000,1
1294615440000,1294615499000,0.781390406088594,0.7813965118459711,0.781390406088594,0.7813965118459711,38500000,1
1294615500000,1294615559000,0.7813965118459711,0.7814820024694832,0.781390406088594,0.7814514679565825,38520000,1
1294615560000,1294615619000,0.7814942169427945,0.7814942169427945,0.7814575746682713,0.7814575746682713,39000000,1
1294615620000,1294615679000,0.7814881096584116,0.7815430786544955,0.781390406088594,0.781390406088594,60060000,1
1294615680000,1294615739000,0.7814087236469908,0.7817019214233228,0.7814087236469908,0.7816958108921495,56620000,1
1294615740000,1294615799000,0.7816958108921495,0.7817019214233228,0.7816958108921495,0.7817019214233228,22420000,1
1294615800000,1294615859000,0.7816958108921495,0.7817385866166354,0.7816347108342387,0.7816408204102051,84260000,1
1294615860000,1294615919000,0.7816408204102051,0.7816408204102051,0.7813293537624915,0.7815186470349182,27530000,1
1294615920000,1294615979000,0.7815186470349182,0.7815186470349182,0.7815125393686941,0.7815186470349182,55830000,1
1294615980000,1294616039000,0.7815125393686941,0.7815247547966082,0.7815125393686941,0.7815186470349182,58860000,1
1294616040000,1294616099000,0.7815186470349182,0.7815186470349182,0.7815125393686941,0.7815186470349182,53940000,1
1294616100000,1294616159000,0.7813781948600943,0.7815186470349182,0.7813781948600943,0.7815125393686941,41060000,1
1294616160000,1294616219000,0.7815125393686941,0.7815186470349182,0.7815125393686941,0.7815186470349182,18140000,1
1294616220000,1294616279000,0.7815186470349182,0.7817630319897432,0.7813965118459711,0.7815736203271667,42540000,1
1294616280000,1294616339000,0.7815736203271667,0.78157972894815,0.7815736203271667,0.7815736203271667,15440000,1
1294616340000,1294616399000,0.7815736203271667,0.78157972894815,0.7812133806227833,0.7814575746682713,41980000,1
1294616400000,1294616459000,0.7814575746682713,0.7814575746682713,0.7814514679565825,0.7814514679565825,15400000,1
1294616460000,1294616519000,0.7814514679565825,0.7814575746682713,0.7814514679565825,0.7814514679565825,39270000,1
1294616520000,1294616579000,0.7814514679565825,0.7816224919688288,0.7814514679565825,0.7816224919688288,115490000,1
1294616580000,1294616639000,0.7816224919688288,0.7817385866166354,0.7816224919688288,0.7817080320500294,33000000,1
1294616640000,1294616699000,0.781714142772271,0.781824152111707,0.7816958108921495,0.7817569205031388,65830000,1
1294616700000,1294616759000,0.7817569205031388,0.7817569205031388,0.7816958108921495,0.7817019214233228,58960000,1
1294616760000,1294616819000,0.7817019214233228,0.7819647646677041,0.7816347108342387,0.7817630319897432,109250000,1
1294616820000,1294616879000,0.7817630319897432,0.7818119273227633,0.7817630319897432,0.7818119273227633,22410000,1
1294616880000,1294616939000,0.7818119273227633,0.7818119273227633,0.7817569205031388,0.7817630319897432,45510000,1
1294616940000,1294616999000,0.7817630319897432,0.7818119273227633,0.7817569205031388,0.7818119273227633,45930000,1
1294617000000,1294617059000,0.7818363772829623,0.7821421308680213,0.781799702916113,0.7821421308680213,127920000,1
1294617060000,1294617119000,0.7821176617810383,0.7821727193798935,0.7818791683933165,0.7819464210312309,154060000,1
1294617120000,1294617179000,0.7819464210312309,0.7819464210312309,0.7818791683933165,0.7818852817914554,56160000,1
1294617180000,1294617239000,0.7818852817914554,0.7818852817914554,0.7818791683933165,0.7818791683933165,12240000,1
1294617240000,1294617299000,0.7818975088745368,0.7821237789092502,0.7818975088745368,0.7819892241884906,91390000,1
1294617300000,1294617359000,0.7819403066769883,0.781983109164842,0.7819403066769883,0.781983109164842,31700000,1
1294617360000,1294617419000,0.7819586500265866,0.7819586500265866,0.7816408204102051,0.7818180396694474,29320000,1
1294617420000,1294617479000,0.7818180396694474,0.781824152111707,0.7818180396694474,0.7818180396694474,15440000,1
1294617480000,1294617539000,0.7818180396694474,0.781824152111707,0.7817569205031388,0.7817630319897432,19340000,1
1294617540000,1294617599000,0.7815186470349182,0.7817630319897432,0.7815186470349182,0.7817569205031388,29560000,1
1294617600000,1294617659000,0.7817569205031388,0.7817630319897432,0.7817569205031388,0.7817569205031388,30000000,1
1294617660000,1294617719000,0.7817569205031388,0.7817630319897432,0.7814453613403352,0.7814820024694832,93000000,1
1294617720000,1294617779000,0.7814820024694832,0.7814820024694832,0.7814209358297127,0.7814453613403352,71000000,1
1294617780000,1294617839000,0.7814453613403352,0.7815736203271667,0.7814148296906378,0.7815369706063945,41000000,1
1294617840000,1294617899000,0.7815308626537663,0.7816102734854348,0.7815003243226346,0.7815614033716559,28000000,1
1294617900000,1294617959000,0.7815614033716559,0.7816835901163927,0.7815430786544955,0.78157972894815,61000000,1
1294617960000,1294618019000,0.78157972894815,0.7817446978165871,0.7815369706063945,0.7816835901163927,98000000,1
1294618020000,1294618079000,0.7816835901163927,0.7817630319897432,0.7816408204102051,0.7817630319897432,88000000,1
1294618080000,1294618139000,0.7817691435719032,0.781799702916113,0.7816713697227412,0.7817324755122302,49000000,1
1294618140000,1294618199000,0.7817324755122302,0.7818302646495445,0.7817324755122302,0.7817935908561422,117000000,1
1294618200000,1294618259000,0.7817935908561422,0.7818424900119623,0.7817202535900503,0.7817385866166354,125000000,1
1294618260000,1294618319000,0.7816958108921495,0.7821727193798935,0.7816958108921495,0.782099310970507,163000000,1
1294618320000,1294618379000,0.7820748445626245,0.7820809610210849,0.781799702916113,0.7818302646495445,123000000,1
1294618380000,1294618439000,0.7818669418838302,0.7818791683933165,0.7817569205031388,0.7817935908561422,59000000,1
1294618440000,1294618499000,0.7817691435719032,0.7817813670228984,0.7817263645033692,0.7817324755122302,14000000,1
1294618500000,1294618559000,0.781714142772271,0.7817813670228984,0.7817080320500294,0.7817630319897432,50000000,1
1294618560000,1294618619000,0.7817813670228984,0.7818302646495445,0.7817691435719032,0.7818302646495445,30000000,1
1294618620000,1294618679000,0.7818302646495445,0.7818363772829623,0.7817569205031388,0.7817935908561422,53000000,1
1294618680000,1294618739000,0.7818486028365467,0.7819097363400369,0.7816652596691993,0.7817019214233228,51000000,1
1294618740000,1294618799000,0.7816652596691993,0.7817569205031388,0.7816224919688288,0.7817324755122302,99000000,1
1294618800000,1294618859000,0.7817385866166354,0.7818119273227633,0.7816958108921495,0.7817263645033692,72000000,1
1294618860000,1294618919000,0.7817202535900503,0.7817569205031388,0.7816958108921495,0.7816958108921495,23000000,1
1294618920000,1294618979000,0.7816958108921495,0.7817080320500294,0.7816408204102051,0.7816408204102051,92000000,1
1294618980000,1294619039000,0.7816408204102051,0.7816408204102051,0.7814026176987693,0.7814087236469908,127000000,1
1294619040000,1294619099000,0.7814087236469908,0.7814270420642178,0.7813537735480494,0.7813781948600943,60000000,1
1294619100000,1294619159000,0.7813781948600943,0.7814209358297127,0.7813293537624915,0.7813537735480494,134000000,1
1294619160000,1294619219000,0.7813537735480494,0.7813965118459711,0.7812377931594819,0.7812377931594819,79000000,1
1294619220000,1294619279000,0.7812377931594819,0.7812927269460048,0.7811340504143917,0.7811950722214844,102000000,1
1294619280000,1294619339000,0.7811645601262361,0.7812316898822684,0.7810791389383572,0.7811584579932039,111000000,1
1294619340000,1294619399000,0.7811401521661016,0.7813232490545989,0.7810730381397964,0.7811523559555056,116000000,1
1294619400000,1294619459000,0.7811523559555056,0.7813232490545989,0.7809815375964512,0.7813232490545989,140000000,1
1294619460000,1294619519000,0.7812927269460048,0.7814270420642178,0.7812927269460048,0.7813476684585573,119000000,1
1294619520000,1294619579000,0.7813415634644685,0.7814942169427945,0.7813415634644685,0.7814453613403352,79000000,1
1294619580000,1294619639000,0.7814575746682713,0.7814575746682713,0.7813110399249941,0.7813232490545989,59000000,1
1294619640000,1294619699000,0.7813232490545989,0.7813232490545989,0.7811523559555056,0.7811828670973587,82000000,1
1294619700000,1294619759000,0.7812072777269993,0.7813049355032775,0.7811401521661016,0.7811401521661016,72000000,1
1294619760000,1294619819000,0.7811035430856714,0.7811157457312025,0.78103033521822,0.7810608368285805,62000000,1
1294619820000,1294619879000,0.7810852398322229,0.7810852398322229,0.7809937364302338,0.78103033521822,88000000,1
1294619880000,1294619939000,0.7810242351820177,0.7810730381397964,0.7809632400602904,0.7810730381397964,101000000,1
1294619940000,1294619999000,0.7810608368285805,0.7813110399249941,0.781054736315921,0.7812622072219879,108000000,1
1294620000000,1294620059000,0.7812377931594819,0.7812744148254633,0.7811767646783114,0.7812744148254633,91000000,1
1294620060000,1294620119000,0.7812744148254633,0.7814942169427945,0.7812316898822684,0.7812316898822684,179000000,1
1294620120000,1294620179000,0.7812316898822684,0.7812744148254633,0.781201174926567,0.7812744148254633,74000000,1
1294620180000,1294620239000,0.7812744148254633,0.7812927269460048,0.7812377931594819,0.78125,85000000,1
1294620240000,1294620299000,0.78125,0.7814026176987693,0.78125,0.7812744148254633,141000000,1
1294620300000,1294620359000,0.7812805187702645,0.7816469300816821,0.7812805187702645,0.7815308626537663,234000000,1
1294620360000,1294620419000,0.78157972894815,0.7815858376646215,0.7815186470349182,0.7815430786544955,157000000,1
1294620420000,1294620479000,0.7815186470349182,0.7815980553840381,0.7815186470349182,0.7815675118016695,70000000,1
1294620480000,1294620539000,0.7815675118016695,0.7815858376646215,0.7815003243226346,0.7815552950371238,64000000,1
1294620540000,1294620599000,0.7815614033716559,0.7815614033716559,0.7814697883779812,0.7815125393686941,51000000,1
1294620600000,1294620659000,0.7814881096584116,0.7815064317979338,0.7814331483941549,0.7814392548195266,58000000,1
1294620660000,1294620719000,0.7814087236469908,0.7814087236469908,0.7812805187702645,0.7813476684585573,71000000,1
1294620720000,1294620779000,0.7813354585657807,0.781390406088594,0.781201174926567,0.781201174926567,121000000,1
1294620780000,1294620839000,0.781201174926567,0.7812988311769485,0.7811767646783114,0.7812988311769485,51000000,1
1294620840000,1294620899000,0.7812927269460048,0.7813537735480494,0.7812194836139214,0.7813354585657807,81000000,1
1294620900000,1294620959000,0.7813232490545989,0.7814026176987693,0.7812805187702645,0.7813171444421005,99000000,1
1294620960000,1294621019000,0.7813171444421005,0.7813476684585573,0.7812438965320583,0.7812805187702645,86000000,1
1294621020000,1294621079000,0.7812744148254633,0.7813293537624915,0.7812561035633091,0.7813171444421005,35000000,1
1294621080000,1294621139000,0.7813476684585573,0.7813537735480494,0.7812805187702645,0.7812988311769485,55000000,1
1294621140000,1294621199000,0.7813049355032775,0.7813965118459711,0.7812927269460048,0.7813171444421005,79000000,1
1294621200000,1294621259000,0.7812988311769485,0.7812988311769485,0.7807925043919578,0.7807925043919578,170000000,1
1294621260000,1294621319000,0.7807925043919578,0.7808595702148926,0.7807193548135252,0.7808168906309781,178000000,1
1294621320000,1294621379000,0.7808351813099291,0.780896156429118,0.7807803118436566,0.7808168906309781,102000000,1
1294621380000,1294621439000,0.7808351813099291,0.7809327460719082,0.7808351813099291,0.7809205491433302,49000000,1
1294621440000,1294621499000,0.7809083525957394,0.7809144508219125,0.7808168906309781,0.780896156429118,98000000,1
1294621500000,1294621559000,0.7809327460719082,0.7809998359900344,0.7808778628934648,0.7809998359900344,150000000,1
1294621560000,1294621619000,0.7810059356451109,0.7812744148254633,0.7809754383224647,0.7811584579932039,176000000,1
1294621620000,1294621679000,0.7811401521661016,0.7811401521661016,0.7810974419058777,0.7810974419058777,45000000,1
1294621680000,1294621739000,0.7810974419058777,0.7811828670973587,0.7810669374365383,0.7811645601262361,85000000,1
1294621740000,1294621799000,0.7811584579932039,0.7811584579932039,0.7810730381397964,0.7811340504143917,93000000,1
1294621800000,1294621859000,0.7811035430856714,0.7811035430856714,0.781054736315921,0.7810913408213956,79000000,1
1294621860000,1294621919000,0.7810974419058777,0.7811157457312025,0.7810608368285805,0.7811157457312025,75000000,1
1294621920000,1294621979000,0.7811035430856714,0.7811401521661016,0.7809632400602904,0.7809876369657068,81000000,1
1294621980000,1294622039000,0.7809937364302338,0.78103033521822,0.7809327460719082,0.78103033521822,119000000,1
1294622040000,1294622099000,0.7810059356451109,0.7810059356451109,0.7809205491433302,0.7809754383224647,124000000,1
1294622100000,1294622159000,0.7809754383224647,0.781054736315921,0.7809754383224647,0.7809754383224647,58000000,1
1294622160000,1294622219000,0.7809754383224647,0.7810669374365383,0.7809510421791659,0.7809876369657068,150000000,1
1294622220000,1294622279000,0.7809876369657068,0.7809876369657068,0.7809205491433302,0.7809510421791659,60000000,1
1294622280000,1294622339000,0.7809510421791659,0.7809571410720979,0.7809449433814917,0.7809571410720979,56000000,1
1294622340000,1294622399000,0.7809571410720979,0.7810120353954655,0.7809510421791659,0.7809876369657068,70000000,1
1294622400000,1294622459000,0.7809876369657068,0.7811035430856714,0.7809876369657068,0.7810120353954655,55000000,1
1294622460000,1294622519000,0.7810181352411003,0.7812316898822684,0.7810120353954655,0.781201174926567,100000000,1
1294622520000,1294622579000,0.781201174926567,0.7812072777269993,0.7809510421791659,0.7809998359900344,201000000,1
1294622580000,1294622639000,0.7809998359900344,0.7811584579932039,0.7809937364302338,0.7810486358985574,132000000,1
1294622640000,1294622699000,0.7810242351820177,0.7812927269460048,0.7810242351820177,0.7812927269460048,124000000,1
1294622700000,1294622759000,0.7812866228104441,0.7812927269460048,0.7812377931594819,0.7812377931594819,54000000,1
1294622760000,1294622819000,0.7812377931594819,0.7813232490545989,0.7812316898822684,0.7812744148254633,73000000,1
1294622820000,1294622879000,0.7812927269460048,0.7813293537624915,0.7812805187702645,0.7812927269460048,96000000,1
1294622880000,1294622939000,0.7812927269460048,0.7812927269460048,0.7812255867004155,0.7812255867004155,31000000,1
1294622940000,1294622999000,0.7812377931594819,0.7813843004266359,0.7812255867004155,0.7813232490545989,161000000,1
1294623000000,1294623059000,0.7813232490545989,0.7813843004266359,0.7812316898822684,0.7812744148254633,108000000,1
1294623060000,1294623119000,0.7812805187702645,0.7812927269460048,0.7811950722214844,0.7812866228104441,117000000,1
1294623120000,1294623179000,0.7812866228104441,0.7813843004266359,0.7812866228104441,0.7813781948600943,90000000,1
1294623180000,1294623239000,0.7814636814754035,0.7815308626537663,0.7813049355032775,0.7813049355032775,105000000,1
1294623240000,1294623299000,0.7813049355032775,0.7814026176987693,0.7812622072219879,0.7813537735480494,135000000,1
1294623300000,1294623359000,0.7813781948600943,0.7814087236469908,0.7812194836139214,0.7812194836139214,103000000,1
1294623360000,1294623419000,0.7812438965320583,0.7812438965320583,0.7810486358985574,0.781054736315921,118000000,1
1294623420000,1294623479000,0.7810486358985574,0.7811950722214844,0.7810486358985574,0.7811096443607789,140000000,1
1294623480000,1294623539000,0.7811218471969442,0.7812744148254633,0.7811096443607789,0.7812561035633091,106000000,1
1294623540000,1294623599000,0.7812927269460048,0.7812927269460048,0.781201174926567,0.78125,62000000,1
1294623600000,1294623659000,0.78125,0.78125,0.7811523559555056,0.7811706623546046,81000000,1
1294623660000,1294623719000,0.7811706623546046,0.7811706623546046,0.7808839606434484,0.7809571410720979,140000000,1
1294623720000,1294623779000,0.7809571410720979,0.7810425355764875,0.7808778628934648,0.7809144508219125,174000000,1
1294623780000,1294623839000,0.7809144508219125,0.7809632400602904,0.7808839606434484,0.7808839606434484,77000000,1
1294623840000,1294623899000,0.7808778628934648,0.7808839606434484,0.7806401249024201,0.7808473755719707,197000000,1
1294623900000,1294623959000,0.780841278393341,0.7808473755719707,0.7806888798675952,0.7807376409231442,135000000,1
1294623960000,1294624019000,0.7807132596340016,0.7807376409231442,0.7806279371126134,0.7806340309599457,61000000,1
1294624020000,1294624079000,0.7806462189400385,0.7806462189400385,0.7803720814084156,0.7804147123781578,167000000,1
1294624080000,1294624139000,0.7804268935107503,0.7804268935107503,0.7802563922504935,0.7803842612102199,212000000,1
1294624140000,1294624199000,0.7803781712617934,0.7803964413922272,0.7803050992938239,0.7803233660028716,114000000,1
1294624200000,1294624259000,0.7803172770048301,0.7803172770048301,0.7802137785753296,0.7802503042976188,132000000,1
1294624260000,1294624319000,0.7802503042976188,0.7802990105808546,0.7801285651875428,0.7801589964034671,148000000,1
1294624320000,1294624379000,0.7801650829315484,0.7802990105808546,0.7801650829315484,0.7802381286768721,123000000,1
1294624380000,1294624439000,0.7802442164397456,0.7803903512536972,0.7801894299936024,0.7803538124185505,189000000,1
1294624440000,1294624499000,0.7803538124185505,0.7804390750236082,0.7802990105808546,0.7803294550959415,101000000,1
1294624500000,1294624559000,0.7803172770048301,0.7804634391901911,0.7802929219629048,0.7804634391901911,139000000,1
1294624560000,1294624619000,0.7804634391901911,0.7805548183648938,0.7804329842196451,0.7804878048780488,153000000,1
1294624620000,1294624679000,0.7805121720873237,0.7807254500882219,0.7805121720873237,0.7806888798675952,136000000,1
1294624680000,1294624739000,0.7806827851639044,0.7807315454580942,0.7806645016237821,0.7806705960420001,101000000,1
1294624740000,1294624799000,0.7806584073007174,0.7807254500882219,0.7806523130728036,0.7806766905553734,60000000,1
1294624800000,1294624859000,0.7806827851639044,0.7807254500882219,0.7806462189400385,0.7807254500882219,38000000,1
1294624860000,1294624919000,0.7807254500882219,0.7807254500882219,0.7805974693030046,0.7806096561414465,112000000,1
1294624920000,1294624979000,0.780615749703366,0.780615749703366,0.7805365408181585,0.7805730967676469,53000000,1
1294624980000,1294625039000,0.7805730967676469,0.7806888798675952,0.7804451659226422,0.7804512569167493,110000000,1
1294625040000,1294625099000,0.7804512569167493,0.7805670038716123,0.7804147123781578,0.7805060801423643,153000000,1
1294625100000,1294625159000,0.7805060801423643,0.7805060801423643,0.7804451659226422,0.7805060801423643,51000000,1
1294625160000,1294625219000,0.7805182641273807,0.7805852828450772,0.7804573480059314,0.7805670038716123,69000000,1
1294625220000,1294625279000,0.7805548183648938,0.7805609110706954,0.7805121720873237,0.7805365408181585,54000000,1
1294625280000,1294625339000,0.7805365408181585,0.7805365408181585,0.7802624802983724,0.7803355442840421,115000000,1
1294625340000,1294625399000,0.7803659916500839,0.7804817133134571,0.7803233660028716,0.7804086219544554,108000000,1
1294625400000,1294625459000,0.7804086219544554,0.7804634391901911,0.7802685684412576,0.7803050992938239,68000000,1
1294625460000,1294625519000,0.7803050992938239,0.7803964413922272,0.780274656679151,0.7803964413922272,110000000,1
1294625520000,1294625579000,0.7804268935107503,0.7805791897588011,0.7803781712617934,0.7804817133134571,202000000,1
1294625580000,1294625639000,0.7804817133134571,0.7805791897588011,0.7802990105808546,0.7803294550959415,140000000,1
1294625640000,1294625699000,0.7803599019867963,0.7803659916500839,0.7803172770048301,0.7803172770048301,35000000,1
1294625700000,1294625759000,0.7803050992938239,0.7803172770048301,0.7802624802983724,0.7802868334399725,79000000,1
1294625760000,1294625819000,0.7802868334399725,0.7803111881018151,0.780201604094498,0.780232041008996,108000000,1
1294625820000,1294625879000,0.780232041008996,0.780232041008996,0.7799581942407887,0.7800007800007801,131000000,1
1294625880000,1294625939000,0.7800129482149404,0.7800129482149404,0.779836546259904,0.7798487093503861,109000000,1
1294625940000,1294625999000,0.7798852008984277,0.7798852008984277,0.7796784606028474,0.7797392551930634,179000000,1
1294626000000,1294626059000,0.7797453351735323,0.7798669546975285,0.7797088567129035,0.7798669546975285,95000000,1
1294626060000,1294626119000,0.7798730366696303,0.7799642776360842,0.7798730366696303,0.779939944624264,74000000,1
1294626120000,1294626179000,0.779939944624264,0.7799764447113697,0.7798547910379088,0.7798791187365959,65000000,1
1294626180000,1294626239000,0.7798791187365959,0.7799521109403883,0.779836546259904,0.779939944624264,92000000,1
1294626240000,1294626299000,0.779939944624264,0.779939944624264,0.7797574954189247,0.7797574954189247,73000000,1
1294626300000,1294626359000,0.7797635756838527,0.7798912831551282,0.7797514152488187,0.7798487093503861,71000000,1
1294626360000,1294626419000,0.7798669546975285,0.7798973655066994,0.7798000592648044,0.7798608728202888,101000000,1
1294626420000,1294626479000,0.779836546259904,0.7799277786876935,0.7797635756838527,0.7799277786876935,137000000,1
1294626480000,1294626539000,0.7798730366696303,0.7800981363455523,0.7798608728202888,0.7800981363455523,99000000,1
1294626540000,1294626599000,0.7800981363455523,0.7801346512408042,0.779982528391364,0.7800129482149404,167000000,1
1294626600000,1294626659000,0.7800129482149404,0.7800129482149404,0.7797635756838527,0.7797757364981832,101000000,1
1294626660000,1294626719000,0.7797574954189247,0.7797574954189247,0.7792410192472531,0.7792410192472531,180000000,1
1294626720000,1294626779000,0.7792410192472531,0.7794353770128919,0.7792228031761121,0.7794353770128919,126000000,1
1294626780000,1294626839000,0.7794353770128919,0.7795022098887651,0.7793867784826898,0.7793867784826898,60000000,1
1294626840000,1294626899000,0.7793807040925281,0.7794900576043152,0.7793807040925281,0.7794596785508285,83000000,1
1294626900000,1294626959000,0.7794657541720905,0.7794657541720905,0.779356407478704,0.7793746297970509,37000000,1
1294626960000,1294627019000,0.7793746297970509,0.779526515594428,0.7793746297970509,0.7795204390259113,41000000,1
1294627020000,1294627079000,0.7795082861730821,0.7796723816652243,0.7794657541720905,0.7796602240743484,110000000,1
1294627080000,1294627139000,0.7796784606028474,0.7798426277577185,0.7796723816652243,0.7798243835488248,143000000,1
1294627140000,1294627199000,0.7798730366696303,0.7800372857822604,0.7797027773012928,0.7798791187365959,164000000,1
1294627200000,1294627259000,0.7798487093503861,0.7798912831551282,0.7797392551930634,0.7798791187365959,133000000,1
1294627260000,1294627319000,0.7798791187365959,0.779939944624264,0.779836546259904,0.7798852008984277,157000000,1
1294627320000,1294627379000,0.7798669546975285,0.7798912831551282,0.7797270955165693,0.7797331753074098,116000000,1
1294627380000,1294627439000,0.7797392551930634,0.7798426277577185,0.7796966979844839,0.7798304648569401,79000000,1
1294627440000,1294627499000,0.7798304648569401,0.7798791187365959,0.7798183023355557,0.7798608728202888,74000000,1
1294627500000,1294627559000,0.7798061401935479,0.7798243835488248,0.7797453351735323,0.7797696560436047,31000000,1
1294627560000,1294627619000,0.7797696560436047,0.7798000592648044,0.7797635756838527,0.7798000592648044,40000000,1
1294627620000,1294627679000,0.7797878976918279,0.7798000592648044,0.7797514152488187,0.7797878976918279,27000000,1
1294627680000,1294627739000,0.7797878976918279,0.7798061401935479,0.7797453351735323,0.7797818170475901,46000000,1
1294627740000,1294627799000,0.7797514152488187,0.7798852008984277,0.7797270955165693,0.7797270955165693,36000000,1
1294627800000,1294627859000,0.7797270955165693,0.7798061401935479,0.7796906187624751,0.7797027773012928,75000000,1
1294627860000,1294627919000,0.7797270955165693,0.7798730366696303,0.7797149362193182,0.7798183023355557,39000000,1
1294627920000,1294627979000,0.7798183023355557,0.7798730366696303,0.7796906187624751,0.7796906187624751,30000000,1
1294627980000,1294628039000,0.7796906187624751,0.7797878976918279,0.779635910030016,0.7796966979844839,53000000,1
1294628040000,1294628099000,0.7796906187624751,0.7797939784308986,0.7795994418067996,0.7795994418067996,70000000,1
1294628100000,1294628159000,0.779623753576524,0.7797331753074098,0.7795812089745389,0.7797331753074098,64000000,1
1294628160000,1294628219000,0.7797331753074098,0.7797878976918279,0.7796419883989272,0.7796784606028474,50000000,1
1294628220000,1294628279000,0.7796906187624751,0.7797149362193182,0.7796906187624751,0.7797149362193182,13000000,1
1294628280000,1294628339000,0.7797088567129035,0.7798183023355557,0.7795812089745389,0.779635910030016,94000000,1
1294628340000,1294628399000,0.779635910030016,0.7797453351735323,0.779587286490532,0.7796480668626182,90000000,1
1294628400000,1294628459000,0.7796480668626182,0.7798669546975285,0.7795751315533034,0.7798547910379088,145000000,1
1294628460000,1294628519000,0.7798426277577185,0.7799034479531434,0.7796602240743484,0.7797818170475901,211000000,1
1294628520000,1294628579000,0.7797818170475901,0.7797939784308986,0.7796055196070788,0.7796541454210911,80000000,1
1294628580000,1294628639000,0.7796541454210911,0.7797088567129035,0.7796541454210911,0.7796784606028474,62000000,1
1294628640000,1294628699000,0.7796784606028474,0.7798973655066994,0.7796784606028474,0.7797939784308986,133000000,1
1294628700000,1294628759000,0.7797939784308986,0.7798061401935479,0.7797757364981832,0.7797878976918279,35000000,1
1294628760000,1294628819000,0.7797818170475901,0.7798304648569401,0.7797635756838527,0.7797696560436047,47000000,1
1294628820000,1294628879000,0.7797635756838527,0.7797757364981832,0.779635910030016,0.7797088567129035,126000000,1
1294628880000,1294628939000,0.7797088567129035,0.7797088567129035,0.7794657541720905,0.7794961336991768,100000000,1
1294628940000,1294628999000,0.7794839816041781,0.7794839816041781,0.7794110769902262,0.7794293018651742,69000000,1
1294629000000,1294629059000,0.7794414522553139,0.779477905698763,0.7793381860124383,0.7793746297970509,106000000,1
1294629060000,1294629119000,0.7793503335619427,0.7794050022213043,0.7793381860124383,0.7793685555962558,60000000,1
1294629120000,1294629179000,0.7793807040925281,0.7795082861730821,0.7792653086669887,0.7793138920494397,121000000,1
1294629180000,1294629239000,0.7793138920494397,0.7793807040925281,0.7792835267255285,0.7793685555962558,102000000,1
1294629240000,1294629299000,0.7793685555962558,0.7793746297970509,0.7792956725711302,0.7793381860124383,94000000,1
1294629300000,1294629359000,0.7793078187953459,0.7793867784826898,0.7792531637678449,0.7793685555962558,81000000,1
1294629360000,1294629419000,0.7793685555962558,0.7794596785508285,0.7792349471289088,0.7792592361700967,116000000,1
1294629420000,1294629479000,0.7792713812585232,0.779526515594428,0.7790710356970348,0.7791074545001246,239000000,1
1294629480000,1294629539000,0.7791135246316742,0.7792531637678449,0.7791135246316742,0.7791681600723068,124000000,1
1294629540000,1294629599000,0.7791681600723068,0.7792167313416554,0.7790831749197544,0.7791499474073785,140000000,1
1294629600000,1294629659000,0.7791074545001246,0.7792228031761121,0.7791074545001246,0.7791803023219572,75000000,1
1294629660000,1294629719000,0.7791681600723068,0.7791681600723068,0.7790406892952019,0.7790649662275337,138000000,1
1294629720000,1294629779000,0.7790649662275337,0.7790649662275337,0.7790406892952019,0.7790649662275337,12000000,1
1294629780000,1294629839000,0.779058896852602,0.7790892446729774,0.7789071932079293,0.7789132602193419,63000000,1
1294629840000,1294629899000,0.7789193273252689,0.7789921399693077,0.7789071932079293,0.7789921399693077,57000000,1
1294629900000,1294629959000,0.7789982083041208,0.7790892446729774,0.7789982083041208,0.7790467583864383,46000000,1
1294629960000,1294630019000,0.7790953145207785,0.7791438767082729,0.7790953145207785,0.7791378061037655,28000000,1
1294630020000,1294630079000,0.7791378061037655,0.7791378061037655,0.7789314618206744,0.7789557319457535,121000000,1
1294630080000,1294630139000,0.7789557319457535,0.7789557319457535,0.778755548633284,0.7788283306593561,115000000,1
1294630140000,1294630199000,0.7788283306593561,0.7788768595685022,0.778755548633284,0.7787676780262911,73000000,1
1294630200000,1294630259000,0.7787676780262911,0.7788768595685022,0.778755548633284,0.778822264970911,55000000,1
1294630260000,1294630319000,0.778816199376947,0.778816199376947,0.7787130987330337,0.7787130987330337,65000000,1
1294630320000,1294630379000,0.7787130987330337,0.7789435966941634,0.7787130987330337,0.7789435966941634,116000000,1
1294630380000,1294630439000,0.7789435966941634,0.7789860717290376,0.7789011262910286,0.7789011262910286,61000000,1
1294630440000,1294630499000,0.7789011262910286,0.7789132602193419,0.7788829261073769,0.7789011262910286,74000000,1
1294630500000,1294630559000,0.7789011262910286,0.7789314618206744,0.7788465282916002,0.7788768595685022,77000000,1
1294630560000,1294630619000,0.7789314618206744,0.7789921399693077,0.778816199376947,0.7788343964422845,78000000,1
1294630620000,1294630679000,0.7788768595685022,0.7789435966941634,0.778755548633284,0.7787980031619199,163000000,1
1294630680000,1294630739000,0.778810133877462,0.778810133877462,0.7786464010963341,0.7787070348393527,151000000,1
1294630740000,1294630799000,0.7787191627211563,0.7791256651785367,0.7787191627211563,0.7789982083041208,215000000,1
1294630800000,1294630859000,0.7789982083041208,0.7791560182010846,0.7789982083041208,0.7791438767082729,183000000,1
1294630860000,1294630919000,0.7791438767082729,0.7792349471289088,0.7791195948578106,0.7792167313416554,55000000,1
1294630920000,1294630979000,0.7792167313416554,0.7792653086669887,0.7791742311498274,0.7792653086669887,108000000,1
1294630980000,1294631039000,0.7792653086669887,0.7793078187953459,0.7791863735886987,0.7793078187953459,111000000,1
1294631040000,1294631099000,0.7793078187953459,0.779356407478704,0.7792045879566138,0.7792410192472531,153000000,1
1294631100000,1294631159000,0.7792410192472531,0.7792895996010037,0.7790953145207785,0.7791924449500538,174000000,1
1294631160000,1294631219000,0.7791924449500538,0.7792410192472531,0.7791499474073785,0.7792410192472531,69000000,1
1294631220000,1294631279000,0.7792228031761121,0.7792713812585232,0.7791378061037655,0.7791985164060248,140000000,1
1294631280000,1294631339000,0.7791985164060248,0.7793746297970509,0.7791560182010846,0.7791742311498274,145000000,1
1294631340000,1294631399000,0.7791499474073785,0.7794293018651742,0.7791074545001246,0.7793138920494397,90000000,1
1294631400000,1294631459000,0.7793078187953459,0.7796723816652243,0.7792895996010037,0.7795690542268234,175000000,1
1294631460000,1294631519000,0.7795508228158934,0.7796602240743484,0.77951436255213,0.7796541454210911,144000000,1
1294631520000,1294631579000,0.7796541454210911,0.7796602240743484,0.7794171518538437,0.7794414522553139,140000000,1
1294631580000,1294631639000,0.7794414522553139,0.7794900576043152,0.779356407478704,0.7794657541720905,112000000,1
1294631640000,1294631699000,0.77951436255213,0.7796784606028474,0.7794961336991768,0.7796784606028474,104000000,1
1294631700000,1294631759000,0.7796784606028474,0.7800129482149404,0.7796419883989272,0.7798608728202888,186000000,1
1294631760000,1294631819000,0.7798547910379088,0.7798973655066994,0.7797818170475901,0.7797818170475901,77000000,1
1294631820000,1294631879000,0.7797818170475901,0.7797818170475901,0.7795994418067996,0.7797210158205394,96000000,1
1294631880000,1294631939000,0.7797210158205394,0.7799034479531434,0.7797027773012928,0.7797818170475901,150000000,1
1294631940000,1294631999000,0.7797818170475901,0.7799581942407887,0.7797635756838527,0.7797757364981832,122000000,1
1294632000000,1294632059000,0.7797574954189247,0.7798243835488248,0.7796966979844839,0.7797149362193182,83000000,1
1294632060000,1294632119000,0.7797635756838527,0.7797939784308986,0.7797027773012928,0.7797210158205394,25000000,1
1294632120000,1294632179000,0.7797331753074098,0.7797331753074098,0.7796176754919387,0.779635910030016,57000000,1
1294632180000,1294632239000,0.7796298317558824,0.7797149362193182,0.7796298317558824,0.7796723816652243,35000000,1
1294632240000,1294632299000,0.7797149362193182,0.7797149362193182,0.7795933641012848,0.7796419883989272,34000000,1
1294632300000,1294632359000,0.7796541454210911,0.7796541454210911,0.7795933641012848,0.7796541454210911,30000000,1
1294632360000,1294632419000,0.7796541454210911,0.7797635756838527,0.7796419883989272,0.7797270955165693,58000000,1
1294632420000,1294632479000,0.7797270955165693,0.7797270955165693,0.7796055196070788,0.7796176754919387,38000000,1
1294632480000,1294632539000,0.7796055196070788,0.7797149362193182,0.7795812089745389,0.7796480668626182,51000000,1
1294632540000,1294632599000,0.7796480668626182,0.7796602240743484,0.7796480668626182,0.7796602240743484,10000000,1
1294632600000,1294632659000,0.779666302822392,0.779666302822392,0.7796115975021244,0.7796115975021244,14000000,1
1294632660000,1294632719000,0.7796055196070788,0.779666302822392,0.7795812089745389,0.7796055196070788,18000000,1
1294632720000,1294632779000,0.7796055196070788,0.7796115975021244,0.779526515594428,0.7795568998581206,14000000,1
1294632780000,1294632839000,0.7796115975021244,0.7796115975021244,0.7796055196070788,0.7796115975021244,12000000,1
1294632840000,1294632899000,0.7796115975021244,0.7797331753074098,0.7795812089745389,0.7795812089745389,126000000,1
1294632900000,1294632959000,0.779587286490532,0.7796541454210911,0.779587286490532,0.7796541454210911,39000000,1
1294632960000,1294633019000,0.7796480668626182,0.7797088567129035,0.7795933641012848,0.7795994418067996,84000000,1
1294633020000,1294633079000,0.7795994418067996,0.7795994418067996,0.77951436255213,0.7795447458684129,62000000,1
1294633080000,1294633139000,0.7795690542268234,0.7796055196070788,0.7794596785508285,0.7795508228158934,82000000,1
1294633140000,1294633199000,0.7795508228158934,0.7796115975021244,0.77951436255213,0.7795508228158934,41000000,1
1294633200000,1294633259000,0.7795508228158934,0.7797270955165693,0.7795508228158934,0.779635910030016,63000000,1
1294633260000,1294633319000,0.7796298317558824,0.7796784606028474,0.7796298317558824,0.779666302822392,42000000,1
1294633320000,1294633379000,0.779666302822392,0.7798547910379088,0.7795690542268234,0.7797878976918279,68000000,1
1294633380000,1294633439000,0.7797392551930634,0.7798487093503861,0.7797392551930634,0.7797757364981832,40000000,1
1294633440000,1294633499000,0.7797757364981832,0.7797757364981832,0.7797453351735323,0.7797696560436047,30000000,1
1294633500000,1294633559000,0.7797818170475901,0.7797818170475901,0.7797392551930634,0.7797392551930634,15000000,1
1294633560000,1294633619000,0.7797453351735323,0.7798547910379088,0.7797453351735323,0.7798547910379088,15000000,1
1294633620000,1294633679000,0.7798304648569401,0.7798304648569401,0.7795812089745389,0.779666302822392,68000000,1
1294633680000,1294633739000,0.779666302822392,0.779666302822392,0.7795447458684129,0.7795447458684129,32000000,1
1294633740000,1294633799000,0.7795325922576822,0.7796845396352636,0.7795082861730821,0.779666302822392,93000000,1
1294633800000,1294633859000,0.7796845396352636,0.7797210158205394,0.7796845396352636,0.7796906187624751,26000000,1
1294633860000,1294633919000,0.779666302822392,0.779666302822392,0.7796419883989272,0.7796419883989272,20000000,1
1294633920000,1294633979000,0.7796845396352636,0.7796906187624751,0.779635910030016,0.779666302822392,35000000,1
1294633980000,1294634039000,0.7796541454210911,0.7797635756838527,0.7795994418067996,0.7797149362193182,122000000,1
1294634040000,1294634099000,0.7797270955165693,0.7797270955165693,0.7797088567129035,0.7797149362193182,22000000,1
1294634100000,1294634159000,0.7797149362193182,0.7797210158205394,0.7796723816652243,0.7796784606028474,27000000,1
1294634160000,1294634219000,0.7796845396352636,0.7796906187624751,0.7796541454210911,0.7796541454210911,13000000,1
1294634220000,1294634279000,0.7796602240743484,0.7796602240743484,0.7795508228158934,0.7795508228158934,46000000,1
1294634280000,1294634339000,0.7795568998581206,0.7795568998581206,0.7795508228158934,0.7795508228158934,61000000,1
1294634340000,1294634399000,0.7795508228158934,0.779587286490532,0.7794718298880678,0.7794961336991768,79000000,1
1294634400000,1294634459000,0.7794839816041781,0.7794900576043152,0.7793807040925281,0.7794596785508285,91000000,1
1294634460000,1294634519000,0.7794475275924424,0.7795690542268234,0.7794353770128919,0.7795690542268234,94000000,1
1294634520000,1294634579000,0.779587286490532,0.7795994418067996,0.7795751315533034,0.7795751315533034,21000000,1
1294634580000,1294634639000,0.7795690542268234,0.7795994418067996,0.7795629769950966,0.779587286490532,35000000,1
1294634640000,1294634699000,0.7795994418067996,0.7796055196070788,0.7795994418067996,0.7796055196070788,11000000,1
1294634700000,1294634759000,0.7796055196070788,0.7796480668626182,0.7796055196070788,0.7796115975021244,44000000,1
1294634760000,1294634819000,0.7796115975021244,0.7797210158205394,0.7795933641012848,0.7795933641012848,68000000,1
1294634820000,1294634879000,0.7795933641012848,0.7796906187624751,0.7795568998581206,0.7796906187624751,51000000,1
1294634880000,1294634939000,0.7796906187624751,0.7797270955165693,0.779666302822392,0.7797149362193182,20000000,1
1294634940000,1294634999000,0.7797149362193182,0.7797574954189247,0.7797027773012928,0.7797574954189247,29000000,1
1294635000000,1294635059000,0.7797635756838527,0.7797878976918279,0.7797027773012928,0.7797453351735323,33000000,1
1294635060000,1294635119000,0.7797270955165693,0.7798669546975285,0.7797270955165693,0.7797939784308986,59000000,1
1294635120000,1294635179000,0.7798061401935479,0.7798426277577185,0.7798061401935479,0.7798426277577185,24000000,1
1294635180000,1294635239000,0.7799034479531434,0.7799764447113697,0.7799034479531434,0.7799703611262772,36000000,1
1294635240000,1294635299000,0.7799460277348808,0.7799460277348808,0.7798852008984277,0.7798973655066994,51000000,1
1294635300000,1294635359000,0.7798973655066994,0.7798973655066994,0.7798487093503861,0.7798608728202888,42000000,1
1294635360000,1294635419000,0.7798791187365959,0.7799156131306593,0.7798730366696303,0.7799156131306593,13000000,1
1294635420000,1294635479000,0.7798973655066994,0.7799156131306593,0.7798122212171309,0.7798426277577185,36000000,1
1294635480000,1294635539000,0.779836546259904,0.7798791187365959,0.7798183023355557,0.7798183023355557,43000000,1
1294635540000,1294635599000,0.7798304648569401,0.7799216958617354,0.7798122212171309,0.7798122212171309,25000000,1
1294635600000,1294635659000,0.7798061401935479,0.7798183023355557,0.7796480668626182,0.7796906187624751,142000000,1
1294635660000,1294635719000,0.7796723816652243,0.7797392551930634,0.7796176754919387,0.7796480668626182,75000000,1
1294635720000,1294635779000,0.7796480668626182,0.7797210158205394,0.7796480668626182,0.7797149362193182,55000000,1
1294635780000,1294635839000,0.7797210158205394,0.7797331753074098,0.7797210158205394,0.7797210158205394,23000000,1
1294635840000,1294635899000,0.7797210158205394,0.7798487093503861,0.7796602240743484,0.7798426277577185,88000000,1
1294635900000,1294635959000,0.7798426277577185,0.7798487093503861,0.7797939784308986,0.7798243835488248,70000000,1
1294635960000,1294636019000,0.7798243835488248,0.7798487093503861,0.7798243835488248,0.7798426277577185,14000000,1
1294636020000,1294636079000,0.7798426277577185,0.7798487093503861,0.7798183023355557,0.7798426277577185,24000000,1
1294636080000,1294636139000,0.7798426277577185,0.7799277786876935,0.7797818170475901,0.7798243835488248,98000000,1
1294636140000,1294636199000,0.7797696560436047,0.7798547910379088,0.7797088567129035,0.7797574954189247,138000000,1
1294636200000,1294636259000,0.7797635756838527,0.7798487093503861,0.7797331753074098,0.7797514152488187,31000000,1
1294636260000,1294636319000,0.7797514152488187,0.7797574954189247,0.7797149362193182,0.7797149362193182,33000000,1
1294636320000,1294636379000,0.7797149362193182,0.7798487093503861,0.7797149362193182,0.7797757364981832,67000000,1
1294636380000,1294636439000,0.7797757364981832,0.7797878976918279,0.7797210158205394,0.7797210158205394,42000000,1
1294636440000,1294636499000,0.7797270955165693,0.7797270955165693,0.779666302822392,0.7797088567129035,69000000,1
1294636500000,1294636559000,0.7797088567129035,0.7797088567129035,0.7795568998581206,0.7796602240743484,165000000,1
1294636560000,1294636619000,0.779666302822392,0.7797757364981832,0.7796602240743484,0.7797270955165693,69000000,1
1294636620000,1294636679000,0.7797270955165693,0.7797818170475901,0.7796784606028474,0.7796906187624751,26000000,1
1294636680000,1294636739000,0.7796906187624751,0.7797270955165693,0.7796602240743484,0.7797270955165693,46000000,1
1294636740000,1294636799000,0.7797270955165693,0.7797270955165693,0.7796602240743484,0.7796602240743484,69000000,1
1294636800000,1294636859000,0.779635910030016,0.7797392551930634,0.7795933641012848,0.7795933641012848,51000000,1
1294636860000,1294636919000,0.7795933641012848,0.7795933641012848,0.7795325922576822,0.7795386690156765,72000000,1
1294636920000,1294636979000,0.7795508228158934,0.7795629769950966,0.7795447458684129,0.7795568998581206,37000000,1
1294636980000,1294637039000,0.7795690542268234,0.779623753576524,0.7795568998581206,0.779623753576524,48000000,1
1294637040000,1294637099000,0.779623753576524,0.779666302822392,0.7795751315533034,0.7796176754919387,134000000,1
1294637100000,1294637159000,0.7796298317558824,0.7796602240743484,0.7796176754919387,0.7796298317558824,53000000,1
1294637160000,1294637219000,0.7796419883989272,0.7796419883989272,0.7795933641012848,0.7795933641012848,70000000,1
1294637220000,1294637279000,0.7795933641012848,0.7795933641012848,0.779526515594428,0.7795447458684129,41000000,1
1294637280000,1294637339000,0.779526515594428,0.7795629769950966,0.779526515594428,0.7795325922576822,67000000,1
1294637340000,1294637399000,0.779526515594428,0.779587286490532,0.7795022098887651,0.7795022098887651,77000000,1
1294637400000,1294637459000,0.7795022098887651,0.7796784606028474,0.7795022098887651,0.7796784606028474,34000000,1
1294637460000,1294637519000,0.7796055196070788,0.7796298317558824,0.779526515594428,0.7795325922576822,177000000,1
1294637520000,1294637579000,0.7795508228158934,0.7796541454210911,0.7795508228158934,0.7796176754919387,132000000,1
1294637580000,1294637639000,0.779635910030016,0.7797331753074098,0.77951436255213,0.779587286490532,180000000,1
1294637640000,1294637699000,0.7795629769950966,0.779587286490532,0.7795568998581206,0.779587286490532,105000000,1
1294637700000,1294637759000,0.779587286490532,0.779587286490532,0.7795447458684129,0.7795751315533034,48000000,1
1294637760000,1294637819000,0.7795751315533034,0.779666302822392,0.7795568998581206,0.7795629769950966,76000000,1
1294637820000,1294637879000,0.7795629769950966,0.779587286490532,0.7794900576043152,0.7795204390259113,108000000,1
1294637880000,1294637939000,0.7795204390259113,0.7796723816652243,0.7794900576043152,0.7795812089745389,74000000,1
1294637940000,1294637999000,0.779635910030016,0.7796784606028474,0.7796176754919387,0.7796480668626182,18000000,1
1294638000000,1294638059000,0.7796845396352636,0.7797514152488187,0.7796298317558824,0.7797453351735323,77000000,1
1294638060000,1294638119000,0.7797331753074098,0.7797453351735323,0.7796480668626182,0.7797088567129035,75000000,1
1294638120000,1294638179000,0.7797574954189247,0.7797878976918279,0.7796298317558824,0.7796298317558824,67000000,1
1294638180000,1294638239000,0.7796176754919387,0.7796845396352636,0.779587286490532,0.7796845396352636,54000000,1
1294638240000,1294638299000,0.7796845396352636,0.7796966979844839,0.7796602240743484,0.779666302822392,54000000,1
1294638300000,1294638359000,0.779666302822392,0.779666302822392,0.7795933641012848,0.7796419883989272,65000000,1
1294638360000,1294638419000,0.7796419883989272,0.7796541454210911,0.7796115975021244,0.7796541454210911,42000000,1
1294638420000,1294638479000,0.779623753576524,0.7796419883989272,0.779623753576524,0.7796298317558824,12000000,1
1294638480000,1294638539000,0.7796298317558824,0.779666302822392,0.7796055196070788,0.779666302822392,38000000,1
1294638540000,1294638599000,0.779666302822392,0.7797818170475901,0.7796602240743484,0.7797149362193182,95000000,1
1294638600000,1294638659000,0.7797210158205394,0.7797818170475901,0.7797088567129035,0.7797331753074098,38000000,1
1294638660000,1294638719000,0.7797331753074098,0.7798608728202888,0.7797027773012928,0.7798608728202888,45000000,1
1294638720000,1294638779000,0.7798304648569401,0.7799095304944627,0.7797149362193182,0.7799095304944627,115000000,1
1294638780000,1294638839000,0.7799338616085356,0.779939944624264,0.7797635756838527,0.7797878976918279,95000000,1
1294638840000,1294638899000,0.7798426277577185,0.7798912831551282,0.7797818170475901,0.7798487093503861,90000000,1
1294638900000,1294638959000,0.7798487093503861,0.7799521109403883,0.7798183023355557,0.7799156131306593,112000000,1
1294638960000,1294639019000,0.7798973655066994,0.7801468236322077,0.7798487093503861,0.7799338616085356,141000000,1
1294639020000,1294639079000,0.7799338616085356,0.7799521109403883,0.7798852008984277,0.7798852008984277,92000000,1
1294639080000,1294639139000,0.7798852008984277,0.779994696036067,0.7798669546975285,0.7799216958617354,56000000,1
1294639140000,1294639199000,0.7799034479531434,0.780201604094498,0.7799034479531434,0.7801285651875428,124000000,1
1294639200000,1294639259000,0.7801163933658902,0.7803355442840421,0.7800920508620017,0.7800920508620017,174000000,1
1294639260000,1294639319000,0.7800859654733951,0.7801529099703541,0.7800190324643922,0.7800190324643922,124000000,1
1294639320000,1294639379000,0.7800190324643922,0.7800433704113949,0.7799460277348808,0.7799581942407887,138000000,1
1294639380000,1294639439000,0.7799642776360842,0.7799886121662624,0.7797878976918279,0.7798608728202888,103000000,1
1294639440000,1294639499000,0.7798791187365959,0.7798791187365959,0.7798000592648044,0.7798122212171309,73000000,1
1294639500000,1294639559000,0.7798122212171309,0.779836546259904,0.7797392551930634,0.7797878976918279,45000000,1
1294639560000,1294639619000,0.7797878976918279,0.7797878976918279,0.7796966979844839,0.7796966979844839,116000000,1
1294639620000,1294639679000,0.7797331753074098,0.7798061401935479,0.7797331753074098,0.7797818170475901,47000000,1
1294639680000,1294639739000,0.7798000592648044,0.7798000592648044,0.7797270955165693,0.7797878976918279,37000000,1
1294639740000,1294639799000,0.7797635756838527,0.7797818170475901,0.7797514152488187,0.7797635756838527,38000000,1
1294639800000,1294639859000,0.7797878976918279,0.7798243835488248,0.7797392551930634,0.7797878976918279,55000000,1
1294639860000,1294639919000,0.7797878976918279,0.7797878976918279,0.7795690542268234,0.7796480668626182,152000000,1
1294639920000,1294639979000,0.7796419883989272,0.7796480668626182,0.7795447458684129,0.7795629769950966,52000000,1
1294639980000,1294640039000,0.7795629769950966,0.7796055196070788,0.7794961336991768,0.7795690542268234,122000000,1
1294640040000,1294640099000,0.7795447458684129,0.7795568998581206,0.7792774539447025,0.7792774539447025,112000000,1
1294640100000,1294640159000,0.7792774539447025,0.7794596785508285,0.7792774539447025,0.779423226812159,75000000,1
1294640160000,1294640219000,0.7794171518538437,0.7794171518538437,0.7792895996010037,0.7793138920494397,56000000,1
1294640220000,1294640279000,0.7793138920494397,0.7793442597398548,0.7792956725711302,0.7793078187953459,55000000,1
1294640280000,1294640339000,0.7792895996010037,0.7792895996010037,0.7792167313416554,0.7792713812585232,31000000,1
1294640340000,1294640399000,0.7792895996010037,0.7793989275470757,0.7792835267255285,0.7792835267255285,79000000,1
1294640400000,1294640459000,0.7792835267255285,0.7794293018651742,0.7792410192472531,0.7793017456359103,81000000,1
1294640460000,1294640519000,0.7793138920494397,0.7794110769902262,0.7792774539447025,0.779356407478704,110000000,1
1294640520000,1294640579000,0.779356407478704,0.779356407478704,0.7792167313416554,0.7792895996010037,85000000,1
1294640580000,1294640639000,0.7793381860124383,0.779356407478704,0.7792895996010037,0.7793321123796906,46000000,1
1294640640000,1294640699000,0.7793381860124383,0.7795447458684129,0.7792410192472531,0.7795447458684129,141000000,1
1294640700000,1294640759000,0.7795447458684129,0.7795447458684129,0.7793442597398548,0.7794475275924424,95000000,1
1294640760000,1294640819000,0.7795082861730821,0.7795325922576822,0.7794475275924424,0.7794536030242799,28000000,1
1294640820000,1294640879000,0.7794536030242799,0.779477905698763,0.7793807040925281,0.7793928529675382,44000000,1
1294640880000,1294640939000,0.7793928529675382,0.7795447458684129,0.7793685555962558,0.7794718298880678,66000000,1
1294640940000,1294640999000,0.7794900576043152,0.77951436255213,0.7794353770128919,0.7794536030242799,70000000,1
1294641000000,1294641059000,0.7794536030242799,0.7794718298880678,0.7793381860124383,0.7793381860124383,66000000,1
1294641060000,1294641119000,0.7793381860124383,0.7793381860124383,0.7792895996010037,0.7793321123796906,80000000,1
1294641120000,1294641179000,0.7793138920494397,0.7794596785508285,0.7792895996010037,0.7793078187953459,69000000,1
1294641180000,1294641239000,0.7793078187953459,0.7793685555962558,0.7793078187953459,0.7793442597398548,40000000,1
1294641240000,1294641299000,0.7793442597398548,0.77951436255213,0.7793442597398548,0.7794657541720905,107000000,1
1294641300000,1294641359000,0.7794900576043152,0.7795325922576822,0.7794900576043152,0.7795325922576822,40000000,1
1294641360000,1294641419000,0.7795082861730821,0.7795082861730821,0.7793321123796906,0.7793624814901411,76000000,1
1294641420000,1294641479000,0.7793624814901411,0.7794536030242799,0.7793624814901411,0.7794171518538437,104000000,1
1294641480000,1294641539000,0.7794171518538437,0.7794353770128919,0.7793624814901411,0.7794171518538437,61000000,1
1294641540000,1294641599000,0.7794050022213043,0.7794050022213043,0.7793624814901411,0.7793624814901411,11000000,1
1294641600000,1294641659000,0.779356407478704,0.779423226812159,0.7792956725711302,0.7793017456359103,84000000,1
1294641660000,1294641719000,0.7793078187953459,0.779356407478704,0.7792956725711302,0.7793199653981936,67000000,1
1294641720000,1294641779000,0.7793017456359103,0.7793624814901411,0.7793017456359103,0.7793624814901411,13000000,1
1294641780000,1294641839000,0.7793503335619427,0.7793746297970509,0.7792895996010037,0.7793078187953459,58000000,1
1294641840000,1294641899000,0.7793442597398548,0.7793807040925281,0.7792592361700967,0.7793503335619427,95000000,1
1294641900000,1294641959000,0.7793260388416098,0.7793685555962558,0.7792592361700967,0.7792713812585232,124000000,1
1294641960000,1294642019000,0.7792713812585232,0.7793442597398548,0.7792713812585232,0.7793017456359103,46000000,1
1294642020000,1294642079000,0.7792713812585232,0.7793381860124383,0.7792228031761121,0.7792228031761121,50000000,1
1294642080000,1294642139000,0.7792349471289088,0.7792713812585232,0.7792106596018233,0.7792653086669887,155000000,1
1294642140000,1294642199000,0.7792653086669887,0.7794171518538437,0.7792653086669887,0.7792835267255285,147000000,1
1294642200000,1294642259000,0.7792774539447025,0.7793685555962558,0.7791985164060248,0.7791985164060248,89000000,1
1294642260000,1294642319000,0.7791985164060248,0.7792774539447025,0.7791803023219572,0.7792410192472531,77000000,1
1294642320000,1294642379000,0.7792167313416554,0.7792835267255285,0.7791863735886987,0.7792531637678449,113000000,1
1294642380000,1294642439000,0.7792531637678449,0.7792835267255285,0.7791803023219572,0.7792592361700967,112000000,1
1294642440000,1294642499000,0.7792592361700967,0.7793017456359103,0.7791924449500538,0.7792531637678449,91000000,1
1294642500000,1294642559000,0.7792531637678449,0.7793017456359103,0.7792531637678449,0.7792956725711302,47000000,1
1294642560000,1294642619000,0.7793199653981936,0.7793199653981936,0.7792106596018233,0.7792167313416554,43000000,1
1294642620000,1294642679000,0.7792288751051959,0.779356407478704,0.7791863735886987,0.779356407478704,49000000,1
1294642680000,1294642739000,0.7793017456359103,0.779423226812159,0.7792410192472531,0.7793624814901411,77000000,1
1294642740000,1294642799000,0.7793624814901411,0.7794900576043152,0.7793503335619427,0.7794475275924424,52000000,1
1294642800000,1294642859000,0.7794475275924424,0.7797331753074098,0.7791013844631601,0.7791135246316742,158000000,1
1294642860000,1294642919000,0.7790892446729774,0.7790892446729774,0.778785872824267,0.7788040684724538,175000000,1
1294642920000,1294642979000,0.7788040684724538,0.7788829261073769,0.7786342754808067,0.7787798077971434,198000000,1
1294642980000,1294643039000,0.778810133877462,0.778810133877462,0.7785797148841085,0.7786524640457224,125000000,1
1294643040000,1294643099000,0.7785979009000592,0.7789193273252689,0.7785857767950295,0.7788586605188756,83000000,1
1294643100000,1294643159000,0.7788586605188756,0.778980003583308,0.7787373552521941,0.7788707931241285,136000000,1
1294643160000,1294643219000,0.7788707931241285,0.7789375292101574,0.7787980031619199,0.7788950594686378,83000000,1
1294643220000,1294643279000,0.7788586605188756,0.7788586605188756,0.7787312909807341,0.7787312909807341,98000000,1
1294643280000,1294643339000,0.7787373552521941,0.778816199376947,0.7787373552521941,0.7787616132825581,49000000,1
1294643340000,1294643399000,0.7787616132825581,0.7788586605188756,0.7787373552521941,0.7788586605188756,33000000,1
1294643400000,1294643459000,0.7788525943579918,0.778980003583308,0.778810133877462,0.7788465282916002,92000000,1
1294643460000,1294643519000,0.7788465282916002,0.7791378061037655,0.7788040684724538,0.7790285513964087,105000000,1
1294643520000,1294643579000,0.7790285513964087,0.7793807040925281,0.7790285513964087,0.7793807040925281,76000000,1
1294643580000,1294643639000,0.7793685555962558,0.7796055196070788,0.7792835267255285,0.7795629769950966,122000000,1
1294643640000,1294643699000,0.7795082861730821,0.7796602240743484,0.7794718298880678,0.7795386690156765,155000000,1
1294643700000,1294643759000,0.7795386690156765,0.7798487093503861,0.7795386690156765,0.7797027773012928,188000000,1
1294643760000,1294643819000,0.7797149362193182,0.7797331753074098,0.7795568998581206,0.7796602240743484,91000000,1
1294643820000,1294643879000,0.7796723816652243,0.7797027773012928,0.7795204390259113,0.7795204390259113,96000000,1
1294643880000,1294643939000,0.7795082861730821,0.7797635756838527,0.7795082861730821,0.7797635756838527,90000000,1
1294643940000,1294643999000,0.7797635756838527,0.7798791187365959,0.7796298317558824,0.7796906187624751,159000000,1
1294644000000,1294644059000,0.7797635756838527,0.7797635756838527,0.7795386690156765,0.7795568998581206,109000000,1
1294644060000,1294644119000,0.7795325922576822,0.7795812089745389,0.7793867784826898,0.77951436255213,56000000,1
1294644120000,1294644179000,0.7795082861730821,0.779587286490532,0.7794293018651742,0.779587286490532,65000000,1
1294644180000,1294644239000,0.779587286490532,0.7797027773012928,0.7795751315533034,0.7796723816652243,52000000,1
1294644240000,1294644299000,0.7796723816652243,0.7796723816652243,0.7793928529675382,0.779423226812159,97000000,1
1294644300000,1294644359000,0.7794900576043152,0.779623753576524,0.7793503335619427,0.7793503335619427,98000000,1
1294644360000,1294644419000,0.7793503335619427,0.7794414522553139,0.7791560182010846,0.7793199653981936,222000000,1
1294644420000,1294644479000,0.7793017456359103,0.7795447458684129,0.7791863735886987,0.7793867784826898,131000000,1
1294644480000,1294644539000,0.7794171518538437,0.7795568998581206,0.7794171518538437,0.7794718298880678,81000000,1
1294644540000,1294644599000,0.7794839816041781,0.779526515594428,0.7793503335619427,0.7795204390259113,97000000,1
1294644600000,1294644659000,0.7795204390259113,0.7796602240743484,0.7794171518538437,0.7796480668626182,231000000,1
1294644660000,1294644719000,0.7796966979844839,0.7796966979844839,0.7795204390259113,0.7796784606028474,140000000,1
1294644720000,1294644779000,0.7796784606028474,0.7798852008984277,0.7796419883989272,0.7797635756838527,207000000,1
1294644780000,1294644839000,0.7797574954189247,0.7797574954189247,0.7796055196070788,0.779635910030016,157000000,1
1294644840000,1294644899000,0.7796419883989272,0.7798973655066994,0.779623753576524,0.7798669546975285,173000000,1
1294644900000,1294644959000,0.7799460277348808,0.7800190324643922,0.7795751315533034,0.779587286490532,231000000,1
1294644960000,1294645019000,0.7795568998581206,0.7798791187365959,0.7795325922576822,0.7797392551930634,155000000,1
1294645020000,1294645079000,0.7797392551930634,0.7797574954189247,0.7794596785508285,0.7794839816041781,155000000,1
1294645080000,1294645139000,0.7794839816041781,0.7797331753074098,0.7794839816041781,0.7796602240743484,167000000,1
1294645140000,1294645199000,0.7796723816652243,0.779836546259904,0.7796541454210911,0.7797270955165693,195000000,1
1294645200000,1294645259000,0.7797210158205394,0.7797210158205394,0.7793199653981936,0.7795568998581206,267000000,1
1294645260000,1294645319000,0.7795629769950966,0.7797331753074098,0.7794110769902262,0.7794353770128919,233000000,1
1294645320000,1294645379000,0.7794596785508285,0.7794718298880678,0.7793260388416098,0.7793989275470757,167000000,1
1294645380000,1294645439000,0.7794293018651742,0.7794353770128919,0.7791863735886987,0.7791863735886987,131000000,1
1294645440000,1294645499000,0.7791924449500538,0.7792470914602311,0.7790528275722377,0.7790831749197544,150000000,1
1294645500000,1294645559000,0.7790771052611076,0.7791560182010846,0.778973935532117,0.7791560182010846,212000000,1
1294645560000,1294645619000,0.7791560182010846,0.7792835267255285,0.7789071932079293,0.7790103452573851,207000000,1
1294645620000,1294645679000,0.7790103452573851,0.7790953145207785,0.7789314618206744,0.7790649662275337,193000000,1
1294645680000,1294645739000,0.7790649662275337,0.7791378061037655,0.7790103452573851,0.7790467583864383,128000000,1
1294645740000,1294645799000,0.7790103452573851,0.7790224825888475,0.7788889927407546,0.7789496642726947,97000000,1
1294645800000,1294645859000,0.7789496642726947,0.7789982083041208,0.7788404623196984,0.7788768595685022,141000000,1
1294645860000,1294645919000,0.7789011262910286,0.7789982083041208,0.7787009710401109,0.7789435966941634,214000000,1
1294645920000,1294645979000,0.7789496642726947,0.7789982083041208,0.7788040684724538,0.7788040684724538,207000000,1
1294645980000,1294646039000,0.778810133877462,0.7790953145207785,0.778694907335306,0.7790710356970348,270000000,1
1294646040000,1294646099000,0.7791135246316742,0.7791135246316742,0.7789678675754625,0.7790346202985261,123000000,1
1294646100000,1294646159000,0.7790164138758403,0.7790831749197544,0.778961799713342,0.7789982083041208,132000000,1
1294646160000,1294646219000,0.7790103452573851,0.7790164138758403,0.7787494840784668,0.7788040684724538,199000000,1
1294646220000,1294646279000,0.7788040684724538,0.7790042767334793,0.7788040684724538,0.7789921399693077,71000000,1
1294646280000,1294646339000,0.7789921399693077,0.7792228031761121,0.7789011262910286,0.7789678675754625,171000000,1
1294646340000,1294646399000,0.7789496642726947,0.779058896852602,0.778810133877462,0.7789193273252689,211000000,1
1294646400000,1294646459000,0.7789193273252689,0.7792895996010037,0.7788586605188756,0.7789375292101574,180000000,1
1294646460000,1294646519000,0.7789314618206744,0.7789557319457535,0.7786767167874914,0.7787312909807341,262000000,1
1294646520000,1294646579000,0.7787312909807341,0.7788465282916002,0.7783554905196302,0.7785979009000592,250000000,1
1294646580000,1294646639000,0.7785979009000592,0.7786524640457224,0.7785069793150695,0.7785069793150695,162000000,1
1294646640000,1294646699000,0.7785069793150695,0.7787191627211563,0.778440316980897,0.7785857767950295,227000000,1
1294646700000,1294646759000,0.7785979009000592,0.7787676780262911,0.7784706166265755,0.778500918631084,172000000,1
1294646760000,1294646819000,0.778476676838762,0.7786585270895302,0.7784645565087421,0.7786585270895302,99000000,1
1294646820000,1294646879000,0.7786585270895302,0.7789314618206744,0.7786585270895302,0.7788950594686378,147000000,1
1294646880000,1294646939000,0.7788950594686378,0.7789557319457535,0.7786524640457224,0.7786524640457224,176000000,1
1294646940000,1294646999000,0.7786645902277595,0.7786888437249359,0.7784281977830365,0.7784463767213395,93000000,1
1294647000000,1294647059000,0.7784281977830365,0.7785251619332336,0.7783676074536482,0.7784039605193511,105000000,1
1294647060000,1294647119000,0.778385783562049,0.7784160789625271,0.7781435052252337,0.7781556155599997,143000000,1
1294647120000,1294647179000,0.778179837360414,0.7782949115078687,0.7781313952674048,0.7782464550873971,134000000,1
1294647180000,1294647239000,0.7782706825433886,0.7784524365561264,0.7782706825433886,0.7783676074536482,154000000,1
1294647240000,1294647299000,0.7783373158259326,0.7783433739628575,0.7780890133831311,0.7780890133831311,180000000,1
1294647300000,1294647359000,0.7780647972363138,0.7782525118099819,0.7779316353678838,0.7781132310373805,218000000,1
1294647360000,1294647419000,0.7781253404298365,0.7783009689847064,0.7780587434351294,0.7780647972363138,170000000,1
1294647420000,1294647479000,0.7780526897281483,0.7780769051213021,0.7778771731943527,0.7779255836386691,151000000,1
1294647480000,1294647539000,0.7779316353678838,0.7782101167315175,0.7779316353678838,0.7781374501992032,191000000,1
1294647540000,1294647599000,0.7781374501992032,0.7782585686268405,0.7781132310373805,0.7781737817689446,128000000,1
1294647600000,1294647659000,0.7782040606687886,0.7783191419809778,0.7782040606687886,0.7783191419809778,116000000,1
1294647660000,1294647719000,0.7783191419809778,0.7783918424534911,0.7782646255379754,0.778325199834995,115000000,1
1294647720000,1294647779000,0.778325199834995,0.7784827371453038,0.7782282854852642,0.7782282854852642,190000000,1
1294647780000,1294647839000,0.778216172888505,0.7782222291397531,0.7780042634633638,0.7780042634633638,134000000,1
1294647840000,1294647899000,0.7779982106041157,0.778240398459084,0.7779740001089164,0.7781737817689446,162000000,1
1294647900000,1294647959000,0.7781737817689446,0.7781737817689446,0.7778529702315669,0.7778590208310646,120000000,1
1294647960000,1294648019000,0.7778529702315669,0.7779255836386691,0.7777743210030178,0.7778166686112084,104000000,1
1294648020000,1294648079000,0.7778590208310646,0.7779316353678838,0.7777924694133111,0.7778590208310646,145000000,1
1294648080000,1294648139000,0.7779013776633399,0.7779861051681618,0.7778771731943527,0.7779558432263385,117000000,1
1294648140000,1294648199000,0.777937687191256,0.7779740001089164,0.7777682717211234,0.7778650715246933,140000000,1
1294648200000,1294648259000,0.7778650715246933,0.7779437391087877,0.7777803703790124,0.7778711223124553,161000000,1
1294648260000,1294648319000,0.7778711223124553,0.7780466361153688,0.7778469197261978,0.7779558432263385,175000000,1
1294648320000,1294648379000,0.7779255836386691,0.7781556155599997,0.7779255836386691,0.7781435052252337,144000000,1
1294648380000,1294648439000,0.7781253404298365,0.7783191419809778,0.7780466361153688,0.7783130842212589,182000000,1
1294648440000,1294648499000,0.7783130842212589,0.778385783562049,0.7782222291397531,0.7783797247649292,150000000,1
1294648500000,1294648559000,0.7784887975462033,0.7790164138758403,0.7783433739628575,0.7790042767334793,158000000,1
1294648560000,1294648619000,0.7789678675754625,0.7791681600723068,0.7787676780262911,0.7790103452573851,234000000,1
1294648620000,1294648679000,0.7790103452573851,0.7790103452573851,0.7787434196181042,0.7787980031619199,147000000,1
1294648680000,1294648739000,0.7788040684724538,0.7790103452573851,0.7788040684724538,0.7788707931241285,192000000,1
1294648740000,1294648799000,0.7789193273252689,0.7789496642726947,0.7787312909807341,0.7788465282916002,135000000,1
1294648800000,1294648859000,0.778816199376947,0.7788768595685022,0.7786888437249359,0.7788283306593561,166000000,1
1294648860000,1294648919000,0.778816199376947,0.778816199376947,0.7784645565087421,0.7785251619332336,202000000,1
1294648920000,1294648979000,0.7785251619332336,0.7786524640457224,0.7784827371453038,0.7784827371453038,145000000,1
1294648980000,1294649039000,0.7784887975462033,0.7785130400934216,0.7783676074536482,0.7784342573347969,90000000,1
1294649040000,1294649099000,0.7784281977830365,0.7785736530675802,0.7784160789625271,0.7785675913454426,120000000,1
1294649100000,1294649159000,0.7785675913454426,0.7785918388003457,0.7784948580414627,0.7785615297176937,139000000,1
1294649160000,1294649219000,0.7785251619332336,0.7786282128146631,0.7784645565087421,0.7785797148841085,136000000,1
1294649220000,1294649279000,0.7785979009000592,0.778816199376947,0.7785251619332336,0.7787616132825581,184000000,1
1294649280000,1294649339000,0.7787616132825581,0.7788343964422845,0.7782585686268405,0.778385783562049,191000000,1
1294649340000,1294649399000,0.778385783562049,0.7785191009661423,0.7782949115078687,0.778385783562049,211000000,1
1294649400000,1294649459000,0.7783736660621299,0.7784039605193511,0.777992157839049,0.7781435052252337,238000000,1
1294649460000,1294649519000,0.7781737817689446,0.7782525118099819,0.7779800525914515,0.7781192856864957,200000000,1
1294649520000,1294649579000,0.7781192856864957,0.7783191419809778,0.7780163694644135,0.7782827968370587,146000000,1
1294649580000,1294649639000,0.7782646255379754,0.778325199834995,0.7780405825967882,0.7781011220218179,195000000,1
1294649640000,1294649699000,0.7781011220218179,0.7781011220218179,0.7779255836386691,0.7780466361153688,114000000,1
1294649700000,1294649759000,0.7780345291724047,0.7781011220218179,0.7777380267230787,0.7777440755345045,114000000,1
1294649760000,1294649819000,0.7777803703790124,0.7779255836386691,0.7777803703790124,0.7778771731943527,184000000,1
1294649820000,1294649879000,0.777895326404879,0.7779013776633399,0.7778045688240373,0.7778408693149556,115000000,1
1294649880000,1294649939000,0.7778408693149556,0.7778590208310646,0.7775082415873609,0.7777682717211234,179000000,1
1294649940000,1294649999000,0.7777561734396267,0.7777985190716197,0.7773208858348815,0.7773269281594454,218000000,1
1294650000000,1294650059000,0.777332970577947,0.7775626521106938,0.7772846338600733,0.7774236181295188,256000000,1
1294650060000,1294650119000,0.7774538386783285,0.7775203321566858,0.7773450556967733,0.7774236181295188,216000000,1
1294650120000,1294650179000,0.7774477943806074,0.7775142868250204,0.7774115305678214,0.7774719721354045,100000000,1
1294650180000,1294650239000,0.7774840615767377,0.7775142868250204,0.7773510983971021,0.7773571411913776,120000000,1
1294650240000,1294650299000,0.7773692270617776,0.7773692270617776,0.777194018714832,0.7773510983971021,166000000,1
1294650300000,1294650359000,0.777363184079602,0.7774477943806074,0.7773208858348815,0.7774477943806074,95000000,1
1294650360000,1294650419000,0.7774538386783285,0.7776231171800275,0.7774115305678214,0.7775807906441479,121000000,1
1294650420000,1294650479000,0.7775807906441479,0.7775989300238723,0.7774477943806074,0.7775263775823594,111000000,1
1294650480000,1294650539000,0.7775203321566858,0.7775807906441479,0.7774175743016847,0.7774175743016847,128000000,1
1294650540000,1294650599000,0.7773994433819985,0.7774840615767377,0.7772181806876827,0.7774840615767377,189000000,1
1294650600000,1294650659000,0.7774840615767377,0.7776473058409089,0.7774719721354045,0.7776412585346127,147000000,1
1294650660000,1294650719000,0.7776049766718507,0.777665448324131,0.7775082415873609,0.7776170702499262,137000000,1
1294650720000,1294650779000,0.7776170702499262,0.7776956876774118,0.7775324231020434,0.7775505602251787,143000000,1
1294650780000,1294650839000,0.7775263775823594,0.7775989300238723,0.7774659275557249,0.7775203321566858,148000000,1
1294650840000,1294650899000,0.7775324231020434,0.7778045688240373,0.7775324231020434,0.7777501244400199,168000000,1
1294650900000,1294650959000,0.7777501244400199,0.7779013776633399,0.7777077840772109,0.7778469197261978,139000000,1
1294650960000,1294651019000,0.7778529702315669,0.778179837360414,0.7778529702315669,0.7780466361153688,218000000,1
1294651020000,1294651079000,0.7780345291724047,0.7781919488260975,0.7779982106041157,0.7781858930461308,174000000,1
1294651080000,1294651139000,0.7781737817689446,0.7782101167315175,0.7779861051681618,0.7780890133831311,193000000,1
1294651140000,1294651199000,0.7780890133831311,0.7781132310373805,0.777992157839049,0.7781132310373805,110000000,1
1294651200000,1294651259000,0.7781677262717206,0.7781737817689446,0.7779982106041157,0.7780587434351294,86000000,1
1294651260000,1294651319000,0.7781071764824887,0.7782282854852642,0.7780042634633638,0.7781435052252337,142000000,1
1294651320000,1294651379000,0.778179837360414,0.7783191419809778,0.7780405825967882,0.7783009689847064,228000000,1
1294651380000,1294651439000,0.7783312577833126,0.778385783562049,0.7780224226062196,0.7780224226062196,179000000,1
1294651440000,1294651499000,0.7780224226062196,0.7781737817689446,0.7779013776633399,0.7780526897281483,133000000,1
1294651500000,1294651559000,0.7780890133831311,0.7784100196937735,0.7780769051213021,0.7783373158259326,147000000,1
1294651560000,1294651619000,0.778325199834995,0.7784039605193511,0.778240398459084,0.778240398459084,185000000,1
1294651620000,1294651679000,0.7782222291397531,0.7783736660621299,0.7781737817689446,0.7783191419809778,130000000,1
1294651680000,1294651739000,0.778325199834995,0.778385783562049,0.7782646255379754,0.7782646255379754,113000000,1
1294651740000,1294651799000,0.7782525118099819,0.7782525118099819,0.7779740001089164,0.7779861051681618,133000000,1
1294651800000,1294651859000,0.7779861051681618,0.7780890133831311,0.777907429015947,0.7779740001089164,138000000,1
1294651860000,1294651919000,0.777949791120481,0.777949791120481,0.7776473058409089,0.777665448324131,169000000,1
1294651920000,1294651979000,0.7776594007356658,0.777689639618621,0.7773450556967733,0.7773752701379063,204000000,1
1294651980000,1294652039000,0.7773933999300345,0.7775989300238723,0.7773813133079907,0.7774840615767377,192000000,1
1294652040000,1294652099000,0.7774840615767377,0.7775445144234507,0.7772967174759621,0.7774659275557249,143000000,1
1294652100000,1294652159000,0.7774598830700336,0.7774598830700336,0.7772665091406542,0.7773148436042534,154000000,1
1294652160000,1294652219000,0.777302759424796,0.777339013090389,0.7770128517925686,0.777061154712876,196000000,1
1294652220000,1294652279000,0.7770309646839426,0.7772121400536276,0.7769645548770064,0.7771517388770157,245000000,1
1294652280000,1294652339000,0.7771577785722057,0.777332970577947,0.7771517388770157,0.7772604677553495,194000000,1
1294652340000,1294652399000,0.7772544264639587,0.7773269281594454,0.7771155026771629,0.7772604677553495,126000000,1
1294652400000,1294652459000,0.7772483852664797,0.777332970577947,0.7771577785722057,0.7773088014675591,148000000,1
1294652460000,1294652519000,0.7773088014675591,0.7773450556967733,0.7772181806876827,0.7772363031532477,138000000,1
1294652520000,1294652579000,0.7772302622374904,0.7773933999300345,0.7771879784563493,0.7773752701379063,165000000,1
1294652580000,1294652639000,0.7773933999300345,0.7774175743016847,0.7770370025020592,0.7771577785722057,166000000,1
1294652640000,1294652699000,0.7771275810349785,0.7771698582442178,0.7770370025020592,0.7770732313813253,170000000,1
1294652700000,1294652759000,0.7770732313813253,0.777194018714832,0.7770128517925686,0.7771819382917541,111000000,1
1294652760000,1294652819000,0.7771638183612725,0.7772000590672045,0.777079269856318,0.777194018714832,93000000,1
1294652820000,1294652879000,0.7771819382917541,0.7771819382917541,0.7770068143497618,0.7770370025020592,129000000,1
1294652880000,1294652939000,0.7770309646839426,0.777332970577947,0.7770128517925686,0.777332970577947,185000000,1
1294652940000,1294652999000,0.7772906756210551,0.7773813133079907,0.7772846338600733,0.7773088014675591,124000000,1
1294653000000,1294653059000,0.7773088014675591,0.7776714960066569,0.7773088014675591,0.7775445144234507,156000000,1
1294653060000,1294653119000,0.7775445144234507,0.7775445144234507,0.7773571411913776,0.7774054869279268,162000000,1
1294653120000,1294653179000,0.7774296620513259,0.7774357060671082,0.7772967174759621,0.7774115305678214,97000000,1
1294653180000,1294653239000,0.7774115305678214,0.7774477943806074,0.7772302622374904,0.777363184079602,131000000,1
1294653240000,1294653299000,0.777363184079602,0.7774840615767377,0.777061154712876,0.7770732313813253,228000000,1
1294653300000,1294653359000,0.777061154712876,0.7772725506198748,0.7770370025020592,0.7771456992757003,92000000,1
1294653360000,1294653419000,0.777121541809139,0.777194018714832,0.7769102280231519,0.777049078419793,178000000,1
1294653420000,1294653479000,0.7770370025020592,0.7771456992757003,0.7769343723535673,0.777049078419793,167000000,1
1294653480000,1294653539000,0.777049078419793,0.7770671930001787,0.7767955629437445,0.7768378040348956,192000000,1
1294653540000,1294653599000,0.7768317693120378,0.7770913470878501,0.7767834949043002,0.7769826655167323,132000000,1
1294653600000,1294653659000,0.776994739745612,0.7770188893291996,0.7768076313581704,0.7768076313581704,193000000,1
1294653660000,1294653719000,0.7767714272398204,0.776777461025191,0.7765964882306802,0.7766748994206005,179000000,1
1294653720000,1294653779000,0.7766929965592501,0.7768981564206748,0.7766748994206005,0.7768498737618955,121000000,1
1294653780000,1294653839000,0.7768498737618955,0.7770430404140086,0.7768498737618955,0.7770249269596567,91000000,1
1294653840000,1294653899000,0.7770370025020592,0.777079269856318,0.7768136657060071,0.7769343723535673,148000000,1
1294653900000,1294653959000,0.7769283361302753,0.7771155026771629,0.7768981564206748,0.777079269856318,126000000,1
1294653960000,1294654019000,0.777079269856318,0.7772967174759621,0.777079269856318,0.7772604677553495,171000000,1
1294654020000,1294654079000,0.7772544264639587,0.7772544264639587,0.7770551165194147,0.7771758982210444,216000000,1
1294654080000,1294654139000,0.7771758982210444,0.7772604677553495,0.777097385844394,0.7772000590672045,142000000,1
1294654140000,1294654199000,0.7772785921930138,0.7776170702499262,0.7772363031532477,0.7775807906441479,202000000,1
1294654200000,1294654259000,0.7775807906441479,0.7777077840772109,0.7774236181295188,0.7775142868250204,190000000,1
1294654260000,1294654319000,0.7775021964437049,0.7775626521106938,0.77724234416291,0.77724234416291,160000000,1
1294654320000,1294654379000,0.77724234416291,0.7775807906441479,0.7772302622374904,0.7774659275557249,138000000,1
1294654380000,1294654439000,0.7774538386783285,0.7775747443723028,0.7772483852664797,0.7772483852664797,108000000,1
1294654440000,1294654499000,0.7772483852664797,0.7773208858348815,0.7771034246947927,0.7771094636390482,87000000,1
1294654500000,1294654559000,0.7771456992757003,0.7772181806876827,0.7770551165194147,0.7770551165194147,101000000,1
1294654560000,1294654619000,0.777085308425159,0.777097385844394,0.7770007770007771,0.777079269856318,108000000,1
1294654620000,1294654679000,0.7771155026771629,0.7771758982210444,0.7770370025020592,0.7771758982210444,66000000,1
1294654680000,1294654739000,0.7771879784563493,0.7773269281594454,0.7771275810349785,0.7772000590672045,125000000,1
1294654740000,1294654799000,0.7771819382917541,0.77724234416291,0.7771094636390482,0.7771758982210444,129000000,1
1294654800000,1294654859000,0.7772181806876827,0.7772785921930138,0.7769283361302753,0.7769283361302753,160000000,1
1294654860000,1294654919000,0.7768981564206748,0.7769585181847142,0.7768136657060071,0.7768981564206748,206000000,1
1294654920000,1294654979000,0.7769283361302753,0.7769343723535673,0.7766688672284572,0.7767291933667327,143000000,1
1294654980000,1294655039000,0.7767593599502873,0.7767593599502873,0.7764577995185962,0.7765482430596001,125000000,1
1294655040000,1294655099000,0.7765542733781663,0.776620613064312,0.7764758865413434,0.7764879450246536,110000000,1
1294655100000,1294655159000,0.77650603345188,0.7765783955890346,0.7763492950748402,0.77641559974223,121000000,1
1294655160000,1294655219000,0.7764035435057726,0.77641559974223,0.7762890279308792,0.7762890279308792,76000000,1
1294655220000,1294655279000,0.7762890279308792,0.7764638284325525,0.7762046696472926,0.7763914876437294,135000000,1
1294655280000,1294655339000,0.7764216280008696,0.7764879450246536,0.7763492950748402,0.7764638284325525,98000000,1
1294655340000,1294655399000,0.7764758865413434,0.7766447393968577,0.776451770698263,0.7766447393968577,87000000,1
1294655400000,1294655459000,0.7766568031252669,0.7766688672284572,0.7765844263759134,0.7766266445069198,133000000,1
1294655460000,1294655519000,0.7765904572564613,0.7766809317064456,0.77650603345188,0.7766085504601405,155000000,1
1294655520000,1294655579000,0.7766266445069198,0.7766326760432118,0.7765241227218723,0.7765663342962756,68000000,1
1294655580000,1294655639000,0.7765603037903909,0.7765964882306802,0.776445741971551,0.7765482430596001,150000000,1
1294655640000,1294655699000,0.7765723648958228,0.7767895288771507,0.7765482430596001,0.7767231603311947,163000000,1
1294655700000,1294655759000,0.7767231603311947,0.7769887025842644,0.7766145817153863,0.7768740143410944,205000000,1
1294655760000,1294655819000,0.7768378040348956,0.7770128517925686,0.7767171273893761,0.7767171273893761,142000000,1
1294655820000,1294655879000,0.7766929965592501,0.7768317693120378,0.7766085504601405,0.7766326760432118,140000000,1
1294655880000,1294655939000,0.7766326760432118,0.7767231603311947,0.7765964882306802,0.776620613064312,77000000,1
1294655940000,1294655999000,0.7766447393968577,0.7766568031252669,0.7765964882306802,0.7766507712142159,87000000,1
1294656000000,1294656059000,0.7766507712142159,0.7766507712142159,0.7761745461319342,0.7761865952574999,161000000,1
1294656060000,1294656119000,0.7762106946309506,0.7762528721356269,0.7760600980939965,0.7762468464971861,158000000,1
1294656120000,1294656179000,0.7762287701431365,0.7762287701431365,0.7759216008814469,0.7760480528954352,139000000,1
1294656180000,1294656239000,0.7760841896128892,0.7761323771382447,0.7760179415348083,0.776120329695916,119000000,1
1294656240000,1294656299000,0.776120329695916,0.7761444249545956,0.7760480528954352,0.7761082826275921,90000000,1
1294656300000,1294656359000,0.7761022592336767,0.7761745461319342,0.7760600980939965,0.7761263533703286,130000000,1
1294656360000,1294656419000,0.7761263533703286,0.7764336847989812,0.7759517047658954,0.776343267939352,145000000,1
1294656420000,1294656479000,0.776343267939352,0.7764276563531194,0.7761926199605694,0.7762227448788704,119000000,1
1294656480000,1294656539000,0.7762106946309506,0.7763975155279503,0.776156473144986,0.7763372408974458,128000000,1
1294656540000,1294656599000,0.7763312139491192,0.7765723648958228,0.7763312139491192,0.7765663342962756,64000000,1
1294656600000,1294656659000,0.7765241227218723,0.7767955629437445,0.7765241227218723,0.7766025192985726,192000000,1
1294656660000,1294656719000,0.7766326760432118,0.7768498737618955,0.776620613064312,0.7768257346829386,170000000,1
1294656720000,1294656779000,0.7768136657060071,0.7768921207601113,0.776777461025191,0.7768559087660422,82000000,1
1294656780000,1294656839000,0.7768679790556393,0.7768740143410944,0.7767171273893761,0.7768740143410944,108000000,1
1294656840000,1294656899000,0.7768559087660422,0.7769162639650699,0.7766688672284572,0.7768257346829386,139000000,1
1294656900000,1294656959000,0.7768257346829386,0.7768257346829386,0.7766025192985726,0.7767895288771507,127000000,1
1294656960000,1294657019000,0.7767653935481866,0.7768679790556393,0.7767472930356838,0.7768015971040836,72000000,1
1294657020000,1294657079000,0.776777461025191,0.7768076313581704,0.7765542733781663,0.776620613064312,197000000,1
1294657080000,1294657139000,0.7766085504601405,0.7768076313581704,0.7765663342962756,0.7767533264461205,148000000,1
1294657140000,1294657199000,0.7767472930356838,0.776843838851514,0.7765904572564613,0.7768015971040836,147000000,1
1294657200000,1294657259000,0.7768015971040836,0.7769041921750209,0.7766326760432118,0.7767472930356838,182000000,1
1294657260000,1294657319000,0.776741259718975,0.7767895288771507,0.7766387076731904,0.7766869640859948,109000000,1
1294657320000,1294657379000,0.7766929965592501,0.7766929965592501,0.7761986447571663,0.7763312139491192,264000000,1
1294657380000,1294657439000,0.7763673770428167,0.7764276563531194,0.7762709496122526,0.7763914876437294,96000000,1
1294657440000,1294657499000,0.7764095715771985,0.7764879450246536,0.7763734045526536,0.7763854598531079,67000000,1
1294657500000,1294657559000,0.7763914876437294,0.7764035435057726,0.7761444249545956,0.7761685217094335,126000000,1
1294657560000,1294657619000,0.7761745461319342,0.7762709496122526,0.7761444249545956,0.776264923693158,77000000,1
1294657620000,1294657679000,0.7762709496122526,0.7765120631149005,0.7762227448788704,0.7764577995185962,181000000,1
1294657680000,1294657739000,0.7764879450246536,0.7766387076731904,0.7763854598531079,0.776451770698263,178000000,1
1294657740000,1294657799000,0.776451770698263,0.7764638284325525,0.7763613496265702,0.7763794321560833,83000000,1
1294657800000,1294657859000,0.7763914876437294,0.776451770698263,0.7760661208334949,0.7763914876437294,171000000,1
1294657860000,1294657919000,0.7764035435057726,0.7765723648958228,0.7762528721356269,0.7763975155279503,118000000,1
1294657920000,1294657979000,0.7764035435057726,0.7764939744067585,0.7763613496265702,0.7763914876437294,138000000,1
1294657980000,1294658039000,0.7763673770428167,0.776451770698263,0.7760781665929393,0.776264923693158,206000000,1
1294658040000,1294658099000,0.7762588978676168,0.7762588978676168,0.7757590802600344,0.7759637469737414,251000000,1
1294658100000,1294658159000,0.7759577258230972,0.7760721436664753,0.7759396629318105,0.7760299857986512,189000000,1
1294658160000,1294658219000,0.7760058976448221,0.7761022592336767,0.77599987584002,0.7760661208334949,176000000,1
1294658220000,1294658279000,0.7760661208334949,0.7761865952574999,0.7760480528954352,0.7761323771382447,166000000,1
1294658280000,1294658339000,0.7761444249545956,0.7761926199605694,0.7760179415348083,0.7761263533703286,171000000,1
1294658340000,1294658399000,0.7761263533703286,0.7761926199605694,0.7760600980939965,0.7761323771382447,119000000,1
1294658400000,1294658459000,0.7761384009996662,0.7762709496122526,0.7760661208334949,0.7762408209522923,155000000,1
1294658460000,1294658519000,0.7762588978676168,0.7763131336655953,0.7761685217094335,0.7762588978676168,162000000,1
1294658520000,1294658579000,0.7762709496122526,0.7763673770428167,0.7762046696472926,0.776264923693158,138000000,1
1294658580000,1294658639000,0.7762769756249029,0.7764638284325525,0.7762347955009431,0.7763613496265702,159000000,1
1294658640000,1294658699000,0.7763794321560833,0.7764698574401342,0.7761926199605694,0.7762709496122526,183000000,1
1294658700000,1294658759000,0.7762408209522923,0.7763492950748402,0.7762287701431365,0.7763010806111043,99000000,1
1294658760000,1294658819000,0.7763010806111043,0.7763914876437294,0.7762709496122526,0.7763010806111043,107000000,1
1294658820000,1294658879000,0.7763010806111043,0.77641559974223,0.7762709496122526,0.7764095715771985,163000000,1
1294658880000,1294658939000,0.7763975155279503,0.7763975155279503,0.7762588978676168,0.7762890279308792,170000000,1
1294658940000,1294658999000,0.7762890279308792,0.77641559974223,0.7762287701431365,0.7764035435057726,156000000,1
1294659000000,1294659059000,0.7764035435057726,0.7764035435057726,0.7761865952574999,0.7763010806111043,176000000,1
1294659060000,1294659119000,0.7763010806111043,0.7763312139491192,0.7761865952574999,0.7762408209522923,126000000,1
1294659120000,1294659179000,0.7762408209522923,0.7762588978676168,0.7761384009996662,0.7761986447571663,101000000,1
1294659180000,1294659239000,0.7761926199605694,0.7761926199605694,0.7760239636199965,0.7760600980939965,127000000,1
1294659240000,1294659299000,0.7760721436664753,0.7760902127263273,0.7759095599816885,0.7759336421549229,177000000,1
1294659300000,1294659359000,0.7759155803848542,0.7760058976448221,0.7758734395245448,0.7759697682178303,167000000,1
1294659360000,1294659419000,0.7759878325107862,0.7761745461319342,0.7759878325107862,0.7761143061150046,109000000,1
1294659420000,1294659479000,0.7760902127263273,0.7763372408974458,0.7760600980939965,0.7763372408974458,163000000,1
1294659480000,1294659539000,0.7763071070915655,0.7764095715771985,0.7762769756249029,0.7763492950748402,121000000,1
1294659540000,1294659599000,0.7763492950748402,0.776620613064312,0.7763492950748402,0.7765422128346897,140000000,1
1294659600000,1294659659000,0.776536182703433,0.7766025192985726,0.776343267939352,0.77650603345188,185000000,1
1294659660000,1294659719000,0.7765000038825,0.776620613064312,0.7763854598531079,0.7766085504601405,147000000,1
1294659720000,1294659779000,0.7765723648958228,0.7769102280231519,0.7765482430596001,0.7767955629437445,157000000,1
1294659780000,1294659839000,0.7768197001475957,0.7769102280231519,0.7767955629437445,0.7768619438639559,135000000,1
1294659840000,1294659899000,0.7768619438639559,0.7769102280231519,0.7767714272398204,0.7768559087660422,158000000,1
1294659900000,1294659959000,0.7767955629437445,0.7769343723535673,0.7767050617868877,0.7768921207601113,219000000,1
1294659960000,1294660019000,0.7768921207601113,0.7771517388770157,0.7768921207601113,0.7770671930001787,130000000,1
1294660020000,1294660079000,0.7770309646839426,0.7771879784563493,0.7770128517925686,0.7771517388770157,131000000,1
1294660080000,1294660139000,0.7771517388770157,0.7772483852664797,0.7770128517925686,0.7770671930001787,115000000,1
1294660140000,1294660199000,0.7770551165194147,0.777085308425159,0.776886085193328,0.777085308425159,198000000,1
1294660200000,1294660259000,0.777049078419793,0.777049078419793,0.7769283361302753,0.7769283361302753,123000000,1
1294660260000,1294660319000,0.7769283361302753,0.7770430404140086,0.7769223000007769,0.7770370025020592,144000000,1
1294660320000,1294660379000,0.7770309646839426,0.7770309646839426,0.7768679790556393,0.7768679790556393,86000000,1
1294660380000,1294660439000,0.7768921207601113,0.7769343723535673,0.7768076313581704,0.7769041921750209,132000000,1
1294660440000,1294660499000,0.7769041921750209,0.7771577785722057,0.7768981564206748,0.7771396597682569,197000000,1
1294660500000,1294660559000,0.7771396597682569,0.7771698582442178,0.7770913470878501,0.7771275810349785,86000000,1
1294660560000,1294660619000,0.7771275810349785,0.7772060995134691,0.7770007770007771,0.7770309646839426,70000000,1
1294660620000,1294660679000,0.777049078419793,0.7773994433819985,0.7770430404140086,0.7772785921930138,122000000,1
1294660680000,1294660739000,0.7773269281594454,0.7774659275557249,0.7772725506198748,0.7773873565720327,91000000,1
1294660740000,1294660799000,0.7773752701379063,0.7774901064383956,0.7773450556967733,0.777441750176868,122000000,1
1294660800000,1294660859000,0.7774115305678214,0.7775021964437049,0.777332970577947,0.777332970577947,139000000,1
1294660860000,1294660919000,0.7773208858348815,0.7773933999300345,0.7772785921930138,0.7773933999300345,57000000,1
1294660920000,1294660979000,0.7773873565720327,0.7774357060671082,0.7772846338600733,0.7772967174759621,50000000,1
1294660980000,1294661039000,0.7772725506198748,0.777339013090389,0.777194018714832,0.777194018714832,100000000,1
1294661040000,1294661099000,0.7771819382917541,0.7771879784563493,0.7770249269596567,0.777121541809139,96000000,1
1294661100000,1294661159000,0.7771336203546838,0.7771336203546838,0.7770128517925686,0.7770671930001787,107000000,1
1294661160000,1294661219000,0.7770671930001787,0.7771155026771629,0.7769826655167323,0.777085308425159,75000000,1
1294661220000,1294661279000,0.777085308425159,0.7771879784563493,0.7770370025020592,0.7771396597682569,131000000,1
1294661280000,1294661339000,0.7771517388770157,0.7774659275557249,0.7771517388770157,0.7772544264639587,179000000,1
1294661340000,1294661399000,0.7772483852664797,0.7773148436042534,0.7771034246947927,0.7771155026771629,124000000,1
1294661400000,1294661459000,0.777085308425159,0.7771758982210444,0.7770430404140086,0.7771094636390482,58000000,1
1294661460000,1294661519000,0.7771034246947927,0.7773269281594454,0.7770732313813253,0.7772725506198748,77000000,1
1294661520000,1294661579000,0.7772302622374904,0.7775747443723028,0.7772302622374904,0.7775747443723028,67000000,1
1294661580000,1294661639000,0.7776170702499262,0.7779013776633399,0.7776049766718507,0.7778166686112084,191000000,1
1294661640000,1294661699000,0.777762222533327,0.7778045688240373,0.777689639618621,0.7777077840772109,108000000,1
1294661700000,1294661759000,0.7777319780057397,0.7780829592051105,0.777689639618621,0.7779255836386691,163000000,1
1294661760000,1294661819000,0.7779255836386691,0.7780526897281483,0.7778166686112084,0.7778832241703876,122000000,1
1294661820000,1294661879000,0.7778832241703876,0.7779316353678838,0.7777743210030178,0.7778166686112084,72000000,1
1294661880000,1294661939000,0.7777864198491093,0.7778106186705661,0.7777319780057397,0.7777440755345045,74000000,1
1294661940000,1294661999000,0.7777259293824855,0.777895326404879,0.7777259293824855,0.7778711223124553,138000000,1
1294662000000,1294662059000,0.7778650715246933,0.7779195320036095,0.7778348189978376,0.7778529702315669,50000000,1
1294662060000,1294662119000,0.777907429015947,0.7779679477205539,0.7776775437832457,0.7777380267230787,133000000,1
1294662120000,1294662179000,0.7777380267230787,0.7778892752405622,0.7776291642041743,0.7777017358302744,215000000,1
1294662180000,1294662239000,0.7776775437832457,0.7778287687748419,0.7776412585346127,0.7777138324182234,118000000,1
1294662240000,1294662299000,0.7777501244400199,0.7779558432263385,0.7777501244400199,0.7778650715246933,167000000,1
1294662300000,1294662359000,0.7778529702315669,0.7778529702315669,0.7776473058409089,0.7776835916538997,63000000,1
1294662360000,1294662419000,0.777689639618621,0.7779255836386691,0.7776473058409089,0.7778166686112084,163000000,1
1294662420000,1294662479000,0.7778469197261978,0.7778832241703876,0.7777985190716197,0.7778832241703876,78000000,1
1294662480000,1294662539000,0.7778832241703876,0.7780405825967882,0.7778832241703876,0.7780284758422158,64000000,1
1294662540000,1294662599000,0.7780587434351294,0.7782827968370587,0.7780405825967882,0.7782767396430822,105000000,1
1294662600000,1294662659000,0.7782646255379754,0.7783615489394824,0.7782040606687886,0.7782464550873971,98000000,1
1294662660000,1294662719000,0.778240398459084,0.7784342573347969,0.7781858930461308,0.7783979014392577,114000000,1
1294662720000,1294662779000,0.7783979014392577,0.7784039605193511,0.7781495603454984,0.7781556155599997,152000000,1
1294662780000,1294662839000,0.7781556155599997,0.7782767396430822,0.7781071764824887,0.7782464550873971,85000000,1
1294662840000,1294662899000,0.7782585686268405,0.7784281977830365,0.7782464550873971,0.7783615489394824,136000000,1
1294662900000,1294662959000,0.7783615489394824,0.7784100196937735,0.778198004700316,0.7783312577833126,162000000,1
1294662960000,1294663019000,0.7783312577833126,0.7787494840784668,0.7783130842212589,0.7787494840784668,125000000,1
1294663020000,1294663079000,0.7787494840784668,0.7787494840784668,0.778385783562049,0.7784221383256139,134000000,1
1294663080000,1294663139000,0.7784221383256139,0.77845849648526,0.7781253404298365,0.7781919488260975,166000000,1
1294663140000,1294663199000,0.778198004700316,0.7782827968370587,0.7779982106041157,0.7782827968370587,176000000,1
1294663200000,1294663259000,0.7782888541253201,0.7785130400934216,0.7782767396430822,0.7784039605193511,113000000,1
1294663260000,1294663319000,0.7783615489394824,0.77845849648526,0.7782101167315175,0.7782222291397531,133000000,1
1294663320000,1294663379000,0.7782464550873971,0.7783979014392577,0.7782101167315175,0.778325199834995,196000000,1
1294663380000,1294663439000,0.778325199834995,0.778822264970911,0.7782222291397531,0.7787070348393527,199000000,1
1294663440000,1294663499000,0.7787434196181042,0.7788768595685022,0.7785130400934216,0.7787434196181042,237000000,1
1294663500000,1294663559000,0.7787676780262911,0.7792045879566138,0.7787434196181042,0.7790771052611076,146000000,1
1294663560000,1294663619000,0.7790771052611076,0.7791924449500538,0.7789071932079293,0.7789071932079293,188000000,1
1294663620000,1294663679000,0.7789071932079293,0.7789071932079293,0.778549406745352,0.7787980031619199,192000000,1
1294663680000,1294663739000,0.7787616132825581,0.7789132602193419,0.7784827371453038,0.7785251619332336,197000000,1
1294663740000,1294663799000,0.7785191009661423,0.7785191009661423,0.7782464550873971,0.7784100196937735,175000000,1
1294663800000,1294663859000,0.7784039605193511,0.7787009710401109,0.7784039605193511,0.7785554681843309,128000000,1
1294663860000,1294663919000,0.7786100253826868,0.7787070348393527,0.7784827371453038,0.7786464010963341,74000000,1
1294663920000,1294663979000,0.7787009710401109,0.7788647267742539,0.7786160877656054,0.7788647267742539,69000000,1
1294663980000,1294664039000,0.7788647267742539,0.7791499474073785,0.7787980031619199,0.779058896852602,103000000,1
1294664040000,1294664099000,0.779058896852602,0.7790831749197544,0.7786039630941721,0.7787191627211563,175000000,1
1294664100000,1294664159000,0.7787676780262911,0.778810133877462,0.7785554681843309,0.7787434196181042,167000000,1
1294664160000,1294664219000,0.7787070348393527,0.7787070348393527,0.7783373158259326,0.7783676074536482,233000000,1
1294664220000,1294664279000,0.7783676074536482,0.7784281977830365,0.778325199834995,0.7784281977830365,52000000,1
1294664280000,1294664339000,0.7784039605193511,0.7784039605193511,0.7781677262717206,0.7783494321940893,125000000,1
1294664340000,1294664399000,0.7783009689847064,0.7783554905196302,0.7780345291724047,0.7780345291724047,136000000,1
1294664400000,1294664459000,0.7780647972363138,0.7781071764824887,0.7779134804627029,0.777992157839049,194000000,1
1294664460000,1294664519000,0.7779982106041157,0.778385783562049,0.7779800525914515,0.778216172888505,177000000,1
1294664520000,1294664579000,0.7782222291397531,0.7783070265558357,0.7777803703790124,0.7778045688240373,209000000,1
1294664580000,1294664639000,0.7778469197261978,0.7779195320036095,0.7777198808533143,0.7778287687748419,133000000,1
1294664640000,1294664699000,0.7778287687748419,0.7778590208310646,0.7776956876774118,0.7777138324182234,169000000,1
1294664700000,1294664759000,0.7777319780057397,0.7778045688240373,0.7774357060671082,0.7775203321566858,209000000,1
1294664760000,1294664819000,0.7775263775823594,0.7775989300238723,0.7774477943806074,0.7775203321566858,168000000,1
1294664820000,1294664879000,0.7775445144234507,0.7777682717211234,0.7775263775823594,0.7775263775823594,148000000,1
1294664880000,1294664939000,0.7775263775823594,0.7775928834699305,0.7774357060671082,0.7775203321566858,159000000,1
1294664940000,1294664999000,0.7775445144234507,0.7775807906441479,0.7775142868250204,0.7775142868250204,90000000,1
1294665000000,1294665059000,0.7775868370100231,0.777665448324131,0.7775263775823594,0.7776594007356658,83000000,1
1294665060000,1294665119000,0.7776714960066569,0.7778650715246933,0.7776533532412592,0.7778650715246933,160000000,1
1294665120000,1294665179000,0.7778650715246933,0.7779618954263621,0.7778408693149556,0.7779255836386691,100000000,1
1294665180000,1294665239000,0.7779255836386691,0.7781192856864957,0.7779195320036095,0.7781192856864957,84000000,1
1294665240000,1294665299000,0.7780829592051105,0.7784281977830365,0.7780829592051105,0.778216172888505,170000000,1
1294665300000,1294665359000,0.7782282854852642,0.7782282854852642,0.7779195320036095,0.7779861051681618,272000000,1
1294665360000,1294665419000,0.7779437391087877,0.7781253404298365,0.777895326404879,0.778070851131704,231000000,1
1294665420000,1294665479000,0.778070851131704,0.7781495603454984,0.7780042634633638,0.7780647972363138,159000000,1
1294665480000,1294665539000,0.7781253404298365,0.7782222291397531,0.7780345291724047,0.7780950676553661,139000000,1
1294665540000,1294665599000,0.7780950676553661,0.7783494321940893,0.7780647972363138,0.7782282854852642,134000000,1
1294665600000,1294665659000,0.7782646255379754,0.7784160789625271,0.7782343419250404,0.778240398459084,153000000,1
1294665660000,1294665719000,0.7782343419250404,0.7785433454007551,0.7782343419250404,0.7783736660621299,130000000,1
1294665720000,1294665779000,0.7784221383256139,0.7784706166265755,0.7782525118099819,0.7783373158259326,117000000,1
1294665780000,1294665839000,0.7783373158259326,0.7783373158259326,0.7780466361153688,0.7781374501992032,195000000,1
1294665840000,1294665899000,0.7781071764824887,0.7781071764824887,0.7779316353678838,0.7779558432263385,146000000,1
1294665900000,1294665959000,0.7780163694644135,0.7780829592051105,0.777949791120481,0.7779679477205539,146000000,1
1294665960000,1294666019000,0.7779558432263385,0.7780890133831311,0.7778529702315669,0.7780890133831311,162000000,1
1294666020000,1294666079000,0.7780890133831311,0.7781313952674048,0.777949791120481,0.7779740001089164,123000000,1
1294666080000,1294666139000,0.7779618954263621,0.7779800525914515,0.7777864198491093,0.7778045688240373,153000000,1
1294666140000,1294666199000,0.7778287687748419,0.7778348189978376,0.7771638183612725,0.7771879784563493,200000000,1
1294666200000,1294666259000,0.7771819382917541,0.7771819382917541,0.7762709496122526,0.7770551165194147,275000000,1
1294666260000,1294666319000,0.7770732313813253,0.7772665091406542,0.776994739745612,0.7770551165194147,219000000,1
1294666320000,1294666379000,0.7771336203546838,0.7772363031532477,0.7769223000007769,0.7771034246947927,169000000,1
1294666380000,1294666439000,0.777097385844394,0.7771879784563493,0.7768981564206748,0.7770913470878501,191000000,1
1294666440000,1294666499000,0.7770913470878501,0.77724234416291,0.7766085504601405,0.7766085504601405,203000000,1
1294666500000,1294666559000,0.7766025192985726,0.7768378040348956,0.7765180928715639,0.7766869640859948,211000000,1
1294666560000,1294666619000,0.7766869640859948,0.7770913470878501,0.7766568031252669,0.7770913470878501,214000000,1
1294666620000,1294666679000,0.777121541809139,0.777363184079602,0.7768921207601113,0.7769645548770064,210000000,1
1294666680000,1294666739000,0.7769585181847142,0.7771155026771629,0.7768197001475957,0.7770249269596567,213000000,1
1294666740000,1294666799000,0.7770249269596567,0.7771879784563493,0.7768015971040836,0.7770913470878501,152000000,1
1294666800000,1294666859000,0.7771034246947927,0.777121541809139,0.7768317693120378,0.7768619438639559,128000000,1
1294666860000,1294666919000,0.7768740143410944,0.7770551165194147,0.776843838851514,0.7770068143497618,138000000,1
1294666920000,1294666979000,0.7770128517925686,0.777049078419793,0.776777461025191,0.776843838851514,119000000,1
1294666980000,1294667039000,0.7768378040348956,0.777061154712876,0.7768378040348956,0.7770249269596567,125000000,1
1294667040000,1294667099000,0.7770249269596567,0.7771094636390482,0.7768740143410944,0.776994739745612,143000000,1
1294667100000,1294667159000,0.7770068143497618,0.7771034246947927,0.7769826655167323,0.7770430404140086,72000000,1
1294667160000,1294667219000,0.7770188893291996,0.7772665091406542,0.7769887025842644,0.7771698582442178,113000000,1
1294667220000,1294667279000,0.7772181806876827,0.7773208858348815,0.7771879784563493,0.7772725506198748,96000000,1
1294667280000,1294667339000,0.7772785921930138,0.7772906756210551,0.7771879784563493,0.7772725506198748,131000000,1
1294667340000,1294667399000,0.7772363031532477,0.7772725506198748,0.7772000590672045,0.7772000590672045,89000000,1
1294667400000,1294667459000,0.7772000590672045,0.7774538386783285,0.7772000590672045,0.7774538386783285,133000000,1
1294667460000,1294667519000,0.7774357060671082,0.7775021964437049,0.7773571411913776,0.777441750176868,105000000,1
1294667520000,1294667579000,0.777441750176868,0.7774961513940505,0.7773933999300345,0.7774175743016847,119000000,1
1294667580000,1294667639000,0.7774115305678214,0.7775324231020434,0.777339013090389,0.7775203321566858,132000000,1
1294667640000,1294667699000,0.7775384687157396,0.7776291642041743,0.7773088014675591,0.7775082415873609,181000000,1
1294667700000,1294667759000,0.7775445144234507,0.7776473058409089,0.7775082415873609,0.7775626521106938,119000000,1
1294667760000,1294667819000,0.7775989300238723,0.7777319780057397,0.7775566061209257,0.7776352113223687,110000000,1
1294667820000,1294667879000,0.7776533532412592,0.777665448324131,0.7775868370100231,0.7776412585346127,65000000,1
1294667880000,1294667939000,0.7776231171800275,0.7776231171800275,0.7774538386783285,0.7775445144234507,123000000,1
1294667940000,1294667999000,0.7775384687157396,0.7775566061209257,0.777332970577947,0.7773933999300345,173000000,1
1294668000000,1294668059000,0.7774054869279268,0.7774115305678214,0.777194018714832,0.7772785921930138,194000000,1
1294668060000,1294668119000,0.7772785921930138,0.777339013090389,0.7771396597682569,0.7772483852664797,132000000,1
1294668120000,1294668179000,0.7772544264639587,0.7773510983971021,0.7771517388770157,0.7772060995134691,159000000,1
1294668180000,1294668239000,0.7772121400536276,0.7772242214156362,0.7770309646839426,0.777097385844394,173000000,1
1294668240000,1294668299000,0.777085308425159,0.7771638183612725,0.7769705916631056,0.7769705916631056,136000000,1
1294668300000,1294668359000,0.7769705916631056,0.7769826655167323,0.7767472930356838,0.776777461025191,172000000,1
1294668360000,1294668419000,0.7767955629437445,0.7769826655167323,0.7767472930356838,0.7769585181847142,129000000,1
1294668420000,1294668479000,0.7769464450815405,0.7769464450815405,0.776741259718975,0.7768076313581704,137000000,1
1294668480000,1294668539000,0.7768076313581704,0.7769464450815405,0.7768076313581704,0.7768740143410944,93000000,1
1294668540000,1294668599000,0.7768740143410944,0.7768981564206748,0.7766326760432118,0.7767291933667327,172000000,1
1294668600000,1294668659000,0.776741259718975,0.776886085193328,0.7765603037903909,0.7765964882306802,235000000,1
1294668660000,1294668719000,0.7766266445069198,0.7767955629437445,0.7765422128346897,0.7766929965592501,205000000,1
1294668720000,1294668779000,0.7766447393968577,0.7767895288771507,0.7765844263759134,0.7766085504601405,173000000,1
1294668780000,1294668839000,0.7766326760432118,0.7768317693120378,0.776620613064312,0.7767714272398204,157000000,1
1294668840000,1294668899000,0.7768015971040836,0.7768015971040836,0.7765120631149005,0.7766085504601405,172000000,1
1294668900000,1294668959000,0.7766085504601405,0.7767231603311947,0.7764638284325525,0.7765603037903909,146000000,1
1294668960000,1294669019000,0.7765422128346897,0.7769283361302753,0.7764939744067585,0.7768619438639559,195000000,1
1294669020000,1294669079000,0.7769343723535673,0.7771638183612725,0.7768981564206748,0.7771638183612725,121000000,1
1294669080000,1294669139000,0.7771396597682569,0.7772000590672045,0.777079269856318,0.7771094636390482,136000000,1
1294669140000,1294669199000,0.7771034246947927,0.77724234416291,0.777079269856318,0.7772060995134691,181000000,1
1294669200000,1294669259000,0.7772060995134691,0.7772363031532477,0.7767533264461205,0.7767653935481866,175000000,1
1294669260000,1294669319000,0.7767653935481866,0.7769102280231519,0.7767653935481866,0.7768679790556393,150000000,1
1294669320000,1294669379000,0.7768679790556393,0.7770068143497618,0.7768257346829386,0.7770007770007771,127000000,1
1294669380000,1294669439000,0.7770068143497618,0.7772363031532477,0.7767834949043002,0.7772363031532477,180000000,1
1294669440000,1294669499000,0.7772302622374904,0.777339013090389,0.7771698582442178,0.7772302622374904,182000000,1
1294669500000,1294669559000,0.7772181806876827,0.7772363031532477,0.7769524815862262,0.7769887025842644,170000000,1
1294669560000,1294669619000,0.7769887025842644,0.7771577785722057,0.7769404086706551,0.7771155026771629,237000000,1
1294669620000,1294669679000,0.7771155026771629,0.777194018714832,0.7770188893291996,0.7771155026771629,175000000,1
1294669680000,1294669739000,0.7771034246947927,0.7771577785722057,0.7768981564206748,0.7768981564206748,174000000,1
1294669740000,1294669799000,0.7768800497203232,0.7770370025020592,0.7768800497203232,0.7769283361302753,116000000,1
1294669800000,1294669859000,0.7769464450815405,0.7771336203546838,0.7769162639650699,0.777085308425159,148000000,1
1294669860000,1294669919000,0.7770551165194147,0.7771396597682569,0.7769766285430134,0.7770128517925686,170000000,1
1294669920000,1294669979000,0.776994739745612,0.7771758982210444,0.7769283361302753,0.7769404086706551,219000000,1
1294669980000,1294670039000,0.7769102280231519,0.7770128517925686,0.776777461025191,0.7769404086706551,226000000,1
1294670040000,1294670099000,0.7769404086706551,0.7769766285430134,0.7767834949043002,0.7768619438639559,200000000,1
1294670100000,1294670159000,0.7768619438639559,0.7769162639650699,0.7767110945412744,0.7768197001475957,189000000,1
1294670160000,1294670219000,0.7768136657060071,0.776994739745612,0.7767533264461205,0.7769041921750209,170000000,1
1294670220000,1294670279000,0.7768740143410944,0.7770068143497618,0.7768740143410944,0.776994739745612,155000000,1
1294670280000,1294670339000,0.7770128517925686,0.7770732313813253,0.7769464450815405,0.7770370025020592,175000000,1
1294670340000,1294670399000,0.7770913470878501,0.777194018714832,0.7770309646839426,0.7771879784563493,152000000,1
1294670400000,1294670459000,0.7771819382917541,0.7774961513940505,0.777061154712876,0.7774115305678214,249000000,1
1294670460000,1294670519000,0.7774296620513259,0.7776231171800275,0.7773933999300345,0.7775747443723028,211000000,1
1294670520000,1294670579000,0.7776412585346127,0.7778469197261978,0.7773933999300345,0.7775505602251787,276000000,1
1294670580000,1294670639000,0.7775445144234507,0.7776956876774118,0.7775142868250204,0.7776412585346127,185000000,1
1294670640000,1294670699000,0.777665448324131,0.7776956876774118,0.7772846338600733,0.777332970577947,168000000,1
1294670700000,1294670759000,0.7772846338600733,0.7775142868250204,0.7772604677553495,0.7773994433819985,173000000,1
1294670760000,1294670819000,0.7774115305678214,0.7775747443723028,0.7772665091406542,0.7772846338600733,190000000,1
1294670820000,1294670879000,0.7772785921930138,0.7774659275557249,0.7772363031532477,0.777332970577947,171000000,1
1294670880000,1294670939000,0.777332970577947,0.7773994433819985,0.7771879784563493,0.7771879784563493,205000000,1
1294670940000,1294670999000,0.7771396597682569,0.7772363031532477,0.7770732313813253,0.7771456992757003,183000000,1
1294671000000,1294671059000,0.777079269856318,0.7770913470878501,0.7769162639650699,0.7769223000007769,200000000,1
1294671060000,1294671119000,0.776886085193328,0.7769887025842644,0.7767231603311947,0.7769041921750209,198000000,1
1294671120000,1294671179000,0.7768619438639559,0.7770309646839426,0.7767050617868877,0.7770249269596567,215000000,1
1294671180000,1294671239000,0.7770188893291996,0.7771456992757003,0.7768076313581704,0.7768136657060071,203000000,1
1294671240000,1294671299000,0.7768136657060071,0.776886085193328,0.7766145817153863,0.7766748994206005,146000000,1
1294671300000,1294671359000,0.7766809317064456,0.7767714272398204,0.7764638284325525,0.776530152665828,241000000,1
1294671360000,1294671419000,0.776530152665828,0.7765542733781663,0.7761805706479555,0.7762347955009431,286000000,1
1294671420000,1294671479000,0.776264923693158,0.7763613496265702,0.7759878325107862,0.7759938541286753,175000000,1
1294671480000,1294671539000,0.7760119195430841,0.7761444249545956,0.7759336421549229,0.7759697682178303,261000000,1
1294671540000,1294671599000,0.7759396629318105,0.7760600980939965,0.7757530622852135,0.7760239636199965,225000000,1
1294671600000,1294671659000,0.7760239636199965,0.7765180928715639,0.7759637469737414,0.7763673770428167,205000000,1
1294671660000,1294671719000,0.7763914876437294,0.7766628351300133,0.7761986447571663,0.7765482430596001,197000000,1
1294671720000,1294671779000,0.7765603037903909,0.7766568031252669,0.776264923693158,0.7765000038825,223000000,1
1294671780000,1294671839000,0.7765422128346897,0.7766688672284572,0.7762106946309506,0.7763673770428167,242000000,1
1294671840000,1294671899000,0.7763673770428167,0.7765603037903909,0.7763372408974458,0.77650603345188,158000000,1
1294671900000,1294671959000,0.7764819157361825,0.7765542733781663,0.776343267939352,0.7764276563531194,238000000,1
1294671960000,1294672019000,0.7764336847989812,0.776445741971551,0.7763251870943702,0.7763673770428167,213000000,1
1294672020000,1294672079000,0.776343267939352,0.7764276563531194,0.776120329695916,0.776120329695916,172000000,1
1294672080000,1294672139000,0.7761082826275921,0.7761263533703286,0.7759155803848542,0.7761263533703286,129000000,1
1294672140000,1294672199000,0.776120329695916,0.776536182703433,0.7760058976448221,0.776445741971551,242000000,1
1294672200000,1294672259000,0.7765120631149005,0.7768197001475957,0.7764819157361825,0.7766387076731904,190000000,1
1294672260000,1294672319000,0.7766507712142159,0.7769162639650699,0.7766447393968577,0.7769162639650699,181000000,1
1294672320000,1294672379000,0.776886085193328,0.7771698582442178,0.7768197001475957,0.7771094636390482,206000000,1
1294672380000,1294672439000,0.7771577785722057,0.7772121400536276,0.777061154712876,0.7771758982210444,116000000,1
1294672440000,1294672499000,0.7771456992757003,0.7772060995134691,0.7768076313581704,0.776886085193328,203000000,1
1294672500000,1294672559000,0.7769041921750209,0.7770007770007771,0.7767291933667327,0.7767472930356838,168000000,1
1294672560000,1294672619000,0.7767171273893761,0.776741259718975,0.7765241227218723,0.7766507712142159,239000000,1
1294672620000,1294672679000,0.7766447393968577,0.776741259718975,0.7765783955890346,0.7766990291262136,178000000,1
1294672680000,1294672739000,0.7767653935481866,0.7768015971040836,0.7766326760432118,0.776777461025191,219000000,1
1294672740000,1294672799000,0.7767955629437445,0.7770128517925686,0.7767955629437445,0.7769223000007769,209000000,1
1294672800000,1294672859000,0.7769585181847142,0.7770913470878501,0.7769343723535673,0.777049078419793,178000000,1
1294672860000,1294672919000,0.777061154712876,0.7771577785722057,0.7769343723535673,0.7769585181847142,200000000,1
1294672920000,1294672979000,0.7769645548770064,0.777061154712876,0.7767050617868877,0.7767050617868877,213000000,1
1294672980000,1294673039000,0.7767110945412744,0.7769705916631056,0.7767110945412744,0.7768136657060071,222000000,1
1294673040000,1294673099000,0.7768015971040836,0.7770309646839426,0.7767593599502873,0.7769887025842644,190000000,1
1294673100000,1294673159000,0.7769887025842644,0.7771577785722057,0.7769524815862262,0.776994739745612,222000000,1
1294673160000,1294673219000,0.7770068143497618,0.777079269856318,0.7768498737618955,0.777049078419793,194000000,1
1294673220000,1294673279000,0.777049078419793,0.7771094636390482,0.7768679790556393,0.7769887025842644,212000000,1
1294673280000,1294673339000,0.7770007770007771,0.7771094636390482,0.7768015971040836,0.7770309646839426,151000000,1
1294673340000,1294673399000,0.7770007770007771,0.7771094636390482,0.7767171273893761,0.7767472930356838,183000000,1
1294673400000,1294673459000,0.776741259718975,0.776741259718975,0.7761624973804516,0.7763914876437294,308000000,1
1294673460000,1294673519000,0.7763914876437294,0.7764336847989812,0.7759517047658954,0.7759577258230972,267000000,1
1294673520000,1294673579000,0.7759818109863506,0.7761624973804516,0.7759035396719479,0.7759155803848542,325000000,1
1294673580000,1294673639000,0.7759035396719479,0.7761384009996662,0.7756327223932924,0.775692887671913,274000000,1
1294673640000,1294673699000,0.775692887671913,0.7760239636199965,0.775692887671913,0.77599987584002,319000000,1
1294673700000,1294673759000,0.7760179415348083,0.7760540754479772,0.7758854793032548,0.7760480528954352,216000000,1
1294673760000,1294673819000,0.7760540754479772,0.7762408209522923,0.7760179415348083,0.7761082826275921,213000000,1
1294673820000,1294673879000,0.7760902127263273,0.7763854598531079,0.7759938541286753,0.7763854598531079,164000000,1
1294673880000,1294673939000,0.7763914876437294,0.7763975155279503,0.7762588978676168,0.776343267939352,175000000,1
1294673940000,1294673999000,0.776343267939352,0.77650603345188,0.7763312139491192,0.7763854598531079,193000000,1
1294674000000,1294674059000,0.7764397133384578,0.7765844263759134,0.7762950542242095,0.7762950542242095,169000000,1
1294674060000,1294674119000,0.7762950542242095,0.7763071070915655,0.7760360080707746,0.7760962359332557,197000000,1
1294674120000,1294674179000,0.7760781665929393,0.7760781665929393,0.7759035396719479,0.7759336421549229,170000000,1
1294674180000,1294674239000,0.7759577258230972,0.7761022592336767,0.775819265143992,0.7759637469737414,215000000,1
1294674240000,1294674299000,0.775975789555366,0.776264923693158,0.775975789555366,0.7762528721356269,158000000,1
1294674300000,1294674359000,0.7762528721356269,0.7762950542242095,0.7760179415348083,0.7760299857986512,132000000,1
1294674360000,1294674419000,0.7760179415348083,0.7762890279308792,0.775975789555366,0.7761926199605694,133000000,1
1294674420000,1294674479000,0.7761986447571663,0.7764276563531194,0.7761986447571663,0.7762347955009431,180000000,1
1294674480000,1294674539000,0.7762468464971861,0.7762468464971861,0.7758854793032548,0.7760841896128892,216000000,1
1294674540000,1294674599000,0.7760841896128892,0.7761384009996662,0.7758734395245448,0.77599987584002,172000000,1
1294674600000,1294674659000,0.77599987584002,0.77599987584002,0.7757530622852135,0.7757771347447306,157000000,1
1294674660000,1294674719000,0.7757891715347437,0.7760721436664753,0.7757831530930474,0.7760360080707746,183000000,1
1294674720000,1294674779000,0.7760360080707746,0.7761323771382447,0.7759456838021338,0.7759938541286753,144000000,1
1294674780000,1294674839000,0.7759938541286753,0.7761986447571663,0.7759336421549229,0.7759818109863506,215000000,1
1294674840000,1294674899000,0.7759577258230972,0.7761022592336767,0.7759577258230972,0.7759878325107862,131000000,1
1294674900000,1294674959000,0.7759878325107862,0.7761082826275921,0.7759336421549229,0.7760540754479772,160000000,1
1294674960000,1294675019000,0.7760600980939965,0.776264923693158,0.7759878325107862,0.7761384009996662,163000000,1
1294675020000,1294675079000,0.7761323771382447,0.7763794321560833,0.7761323771382447,0.7762106946309506,142000000,1
1294675080000,1294675139000,0.7762588978676168,0.776445741971551,0.776156473144986,0.7763071070915655,152000000,1
1294675140000,1294675199000,0.7763191603331961,0.7765180928715639,0.7762347955009431,0.7764879450246536,177000000,1
1294675200000,1294675259000,0.7764819157361825,0.7765723648958228,0.7763854598531079,0.776445741971551,193000000,1
1294675260000,1294675319000,0.77650603345188,0.7765542733781663,0.7762287701431365,0.7764758865413434,173000000,1
1294675320000,1294675379000,0.7764758865413434,0.7767593599502873,0.7764035435057726,0.7766507712142159,168000000,1
1294675380000,1294675439000,0.7766507712142159,0.7768257346829386,0.7765723648958228,0.7767593599502873,128000000,1
1294675440000,1294675499000,0.776777461025191,0.7770551165194147,0.776777461025191,0.776994739745612,147000000,1
1294675500000,1294675559000,0.776994739745612,0.7771819382917541,0.7769645548770064,0.7769766285430134,150000000,1
1294675560000,1294675619000,0.7770188893291996,0.7772121400536276,0.7769826655167323,0.7769826655167323,98000000,1
1294675620000,1294675679000,0.7769826655167323,0.7770249269596567,0.7766628351300133,0.7766990291262136,156000000,1
1294675680000,1294675739000,0.7766929965592501,0.7768619438639559,0.7765964882306802,0.7766447393968577,112000000,1
1294675740000,1294675799000,0.7766628351300133,0.7767955629437445,0.7766447393968577,0.776777461025191,68000000,1
1294675800000,1294675859000,0.7767955629437445,0.7767955629437445,0.7765964882306802,0.7766326760432118,96000000,1
1294675860000,1294675919000,0.7765964882306802,0.7767533264461205,0.7765964882306802,0.7766809317064456,106000000,1
1294675920000,1294675979000,0.7766809317064456,0.7768378040348956,0.7766085504601405,0.7768076313581704,141000000,1
1294675980000,1294676039000,0.7768136657060071,0.7769887025842644,0.7767472930356838,0.7769887025842644,129000000,1
1294676040000,1294676099000,0.7769887025842644,0.7771275810349785,0.7768921207601113,0.7770128517925686,128000000,1
1294676100000,1294676159000,0.7769887025842644,0.7771275810349785,0.7768679790556393,0.7769524815862262,131000000,1
1294676160000,1294676219000,0.7769223000007769,0.7769524815862262,0.7767653935481866,0.7768257346829386,103000000,1
1294676220000,1294676279000,0.7768197001475957,0.7768800497203232,0.7767291933667327,0.7768559087660422,102000000,1
1294676280000,1294676339000,0.7768679790556393,0.7770188893291996,0.7768136657060071,0.776886085193328,114000000,1
1294676340000,1294676399000,0.776886085193328,0.7770370025020592,0.7768559087660422,0.7769585181847142,116000000,1
1294676400000,1294676459000,0.7769283361302753,0.7769705916631056,0.7767955629437445,0.776886085193328,107000000,1
1294676460000,1294676519000,0.7769041921750209,0.7770551165194147,0.7768981564206748,0.7770551165194147,130000000,1
1294676520000,1294676579000,0.7770430404140086,0.777049078419793,0.7768197001475957,0.7769223000007769,97000000,1
1294676580000,1294676639000,0.7769524815862262,0.7770551165194147,0.7769102280231519,0.7769343723535673,79000000,1
1294676640000,1294676699000,0.7769645548770064,0.7771336203546838,0.7768800497203232,0.7771336203546838,104000000,1
1294676700000,1294676759000,0.777121541809139,0.7772181806876827,0.776886085193328,0.7771879784563493,196000000,1
1294676760000,1294676819000,0.7771879784563493,0.7771879784563493,0.7770370025020592,0.777061154712876,94000000,1
1294676820000,1294676879000,0.7771155026771629,0.7772725506198748,0.7770732313813253,0.7771638183612725,141000000,1
1294676880000,1294676939000,0.7771698582442178,0.7772302622374904,0.777061154712876,0.7771879784563493,121000000,1
1294676940000,1294676999000,0.7771879784563493,0.77724234416291,0.7769887025842644,0.7771336203546838,114000000,1
1294677000000,1294677059000,0.7771577785722057,0.77724234416291,0.777097385844394,0.7771638183612725,147000000,1
1294677060000,1294677119000,0.7771336203546838,0.7776533532412592,0.7770732313813253,0.7775082415873609,216000000,1
1294677120000,1294677179000,0.7775082415873609,0.7775082415873609,0.7772846338600733,0.7773510983971021,144000000,1
1294677180000,1294677239000,0.777302759424796,0.7774901064383956,0.7772544264639587,0.7774477943806074,113000000,1
1294677240000,1294677299000,0.7774659275557249,0.7774659275557249,0.777194018714832,0.7773208858348815,125000000,1
1294677300000,1294677359000,0.7772967174759621,0.7773208858348815,0.7771456992757003,0.7773208858348815,93000000,1
1294677360000,1294677419000,0.777332970577947,0.7778045688240373,0.7772725506198748,0.7777077840772109,169000000,1
1294677420000,1294677479000,0.7776956876774118,0.7777985190716197,0.7776291642041743,0.7776352113223687,132000000,1
1294677480000,1294677539000,0.7776291642041743,0.7776956876774118,0.7775021964437049,0.7776352113223687,102000000,1
1294677540000,1294677599000,0.7776594007356658,0.7778832241703876,0.7776412585346127,0.7778832241703876,76000000,1
1294677600000,1294677659000,0.7778469197261978,0.7778832241703876,0.7776714960066569,0.7777440755345045,113000000,1
1294677660000,1294677719000,0.7777198808533143,0.7778348189978376,0.7776714960066569,0.7777380267230787,82000000,1
1294677720000,1294677779000,0.7777682717211234,0.7778227186459663,0.7775868370100231,0.7775868370100231,96000000,1
1294677780000,1294677839000,0.7775928834699305,0.7777501244400199,0.7772846338600733,0.777302759424796,118000000,1
1294677840000,1294677899000,0.7773208858348815,0.7774175743016847,0.7772000590672045,0.7772604677553495,155000000,1
1294677900000,1294677959000,0.7772906756210551,0.7774961513940505,0.7772483852664797,0.7774296620513259,100000000,1
1294677960000,1294678019000,0.777441750176868,0.7780405825967882,0.777441750176868,0.7779679477205539,131000000,1
1294678020000,1294678079000,0.7779558432263385,0.778179837360414,0.7779013776633399,0.778070851131704,130000000,1
1294678080000,1294678139000,0.7780829592051105,0.7781374501992032,0.7779255836386691,0.7781011220218179,97000000,1
1294678140000,1294678199000,0.7781313952674048,0.7781737817689446,0.7777501244400199,0.7778348189978376,86000000,1
1294678200000,1294678259000,0.7778408693149556,0.7785554681843309,0.7778287687748419,0.7784281977830365,179000000,1
1294678260000,1294678319000,0.7784281977830365,0.7784706166265755,0.7781374501992032,0.7781495603454984,119000000,1
1294678320000,1294678379000,0.7781435052252337,0.7781495603454984,0.7777803703790124,0.777937687191256,96000000,1
1294678380000,1294678439000,0.777895326404879,0.7779861051681618,0.7778408693149556,0.7778650715246933,138000000,1
1294678440000,1294678499000,0.777895326404879,0.7781132310373805,0.7777380267230787,0.7780829592051105,181000000,1
1294678500000,1294678559000,0.7780890133831311,0.778240398459084,0.7779558432263385,0.7779800525914515,159000000,1
1294678560000,1294678619000,0.7779800525914515,0.7780950676553661,0.777937687191256,0.7780769051213021,66000000,1
1294678620000,1294678679000,0.7781374501992032,0.7782767396430822,0.7780587434351294,0.7782464550873971,78000000,1
1294678680000,1294678739000,0.7782827968370587,0.7784887975462033,0.7782464550873971,0.7783554905196302,103000000,1
1294678740000,1294678799000,0.7783130842212589,0.7783615489394824,0.778198004700316,0.7783615489394824,109000000,1
1294678800000,1294678859000,0.7783554905196302,0.7784645565087421,0.7781616708687397,0.7782222291397531,122000000,1
1294678860000,1294678919000,0.7782222291397531,0.7782585686268405,0.7778469197261978,0.7778832241703876,141000000,1
1294678920000,1294678979000,0.7778832241703876,0.7778832241703876,0.7776049766718507,0.7776714960066569,194000000,1
1294678980000,1294679039000,0.777689639618621,0.7778529702315669,0.777689639618621,0.777762222533327,160000000,1
1294679040000,1294679099000,0.7777803703790124,0.7778832241703876,0.7776352113223687,0.7778832241703876,124000000,1
1294679100000,1294679159000,0.7778832241703876,0.7780647972363138,0.7778106186705661,0.7779013776633399,134000000,1
1294679160000,1294679219000,0.7779013776633399,0.7781556155599997,0.7778590208310646,0.7781132310373805,124000000,1
1294679220000,1294679279000,0.7780890133831311,0.7780890133831311,0.7779316353678838,0.777937687191256,91000000,1
1294679280000,1294679339000,0.7779800525914515,0.7780103164167956,0.7776835916538997,0.7777682717211234,112000000,1
1294679340000,1294679399000,0.7777924694133111,0.7778106186705661,0.7776352113223687,0.7777017358302744,84000000,1
1294679400000,1294679459000,0.7777017358302744,0.7778771731943527,0.7776473058409089,0.7777017358302744,108000000,1
1294679460000,1294679519000,0.7777138324182234,0.7779013776633399,0.7777138324182234,0.7778106186705661,78000000,1
1294679520000,1294679579000,0.7777864198491093,0.7777864198491093,0.7776412585346127,0.7776473058409089,38000000,1
1294679580000,1294679639000,0.7776714960066569,0.7776835916538997,0.7774719721354045,0.7774780168090747,45000000,1
1294679640000,1294679699000,0.7775384687157396,0.7778529702315669,0.7774357060671082,0.777665448324131,115000000,1
1294679700000,1294679759000,0.7776714960066569,0.7778408693149556,0.7773933999300345,0.7775384687157396,138000000,1
1294679760000,1294679819000,0.7775566061209257,0.7776291642041743,0.7772846338600733,0.7772846338600733,140000000,1
1294679820000,1294679879000,0.777332970577947,0.7774054869279268,0.7770007770007771,0.777097385844394,142000000,1
1294679880000,1294679939000,0.777097385844394,0.7773148436042534,0.777079269856318,0.7772725506198748,111000000,1
1294679940000,1294679999000,0.777302759424796,0.7773873565720327,0.7772665091406542,0.7772967174759621,123000000,1
1294680000000,1294680059000,0.7772785921930138,0.7773994433819985,0.7772242214156362,0.7773994433819985,92000000,1
1294680060000,1294680119000,0.7774357060671082,0.7774719721354045,0.777302759424796,0.7773813133079907,100000000,1
1294680120000,1294680179000,0.7773269281594454,0.7774477943806074,0.7772060995134691,0.7774477943806074,77000000,1
1294680180000,1294680239000,0.7774477943806074,0.7774477943806074,0.777121541809139,0.7771577785722057,116000000,1
1294680240000,1294680299000,0.7771577785722057,0.7774659275557249,0.7771456992757003,0.7773752701379063,119000000,1
1294680300000,1294680359000,0.7774115305678214,0.7777319780057397,0.7774115305678214,0.7776110234138679,108000000,1
1294680360000,1294680419000,0.7776110234138679,0.7777138324182234,0.7775021964437049,0.7776473058409089,89000000,1
1294680420000,1294680479000,0.7776775437832457,0.7778650715246933,0.7776533532412592,0.7778650715246933,91000000,1
1294680480000,1294680539000,0.7778590208310646,0.777907429015947,0.7776170702499262,0.7777017358302744,102000000,1
1294680540000,1294680599000,0.7777017358302744,0.7777319780057397,0.7775445144234507,0.7775566061209257,69000000,1
1294680600000,1294680659000,0.7775263775823594,0.7775566061209257,0.7773208858348815,0.777441750176868,148000000,1
1294680660000,1294680719000,0.7774840615767377,0.7775928834699305,0.777363184079602,0.7773933999300345,102000000,1
1294680720000,1294680779000,0.7773933999300345,0.7776110234138679,0.7773933999300345,0.7775928834699305,77000000,1
1294680780000,1294680839000,0.7775928834699305,0.777665448324131,0.7775807906441479,0.7775989300238723,51000000,1
1294680840000,1294680899000,0.7776170702499262,0.7777924694133111,0.7775928834699305,0.7775928834699305,54000000,1
1294680900000,1294680959000,0.7775928834699305,0.7775928834699305,0.7774054869279268,0.7774719721354045,154000000,1
1294680960000,1294681019000,0.7774901064383956,0.777665448324131,0.7774236181295188,0.7776049766718507,132000000,1
1294681020000,1294681079000,0.7776170702499262,0.7776775437832457,0.7775445144234507,0.7775807906441479,90000000,1
1294681080000,1294681139000,0.7775807906441479,0.7775807906441479,0.7774054869279268,0.7774296620513259,107000000,1
1294681140000,1294681199000,0.7776231171800275,0.7776231171800275,0.7773933999300345,0.7773933999300345,60000000,1
1294681200000,1294681259000,0.7773933999300345,0.7774598830700336,0.7772181806876827,0.7773269281594454,91000000,1
1294681260000,1294681319000,0.777339013090389,0.7774236181295188,0.7773088014675591,0.777339013090389,79000000,1
1294681320000,1294681379000,0.777363184079602,0.7774296620513259,0.7772181806876827,0.7772483852664797,97000000,1
1294681380000,1294681439000,0.7772483852664797,0.7772725506198748,0.7771819382917541,0.7772483852664797,56000000,1
1294681440000,1294681499000,0.7772363031532477,0.7774357060671082,0.7772121400536276,0.7773450556967733,81000000,1
1294681500000,1294681559000,0.7773148436042534,0.7773571411913776,0.7772302622374904,0.7772846338600733,73000000,1
1294681560000,1294681619000,0.7772544264639587,0.7773752701379063,0.77724234416291,0.7773692270617776,40000000,1
1294681620000,1294681679000,0.7773692270617776,0.7774538386783285,0.7772665091406542,0.7772906756210551,52000000,1
1294681680000,1294681739000,0.7772906756210551,0.777363184079602,0.7772363031532477,0.777363184079602,73000000,1
1294681740000,1294681799000,0.777332970577947,0.777332970577947,0.7772181806876827,0.777302759424796,76000000,1
1294681800000,1294681859000,0.7772846338600733,0.7773692270617776,0.7771396597682569,0.7771396597682569,84000000,1
1294681860000,1294681919000,0.7771638183612725,0.7772544264639587,0.7771517388770157,0.7771638183612725,64000000,1
1294681920000,1294681979000,0.7771638183612725,0.7773933999300345,0.7771638183612725,0.7772906756210551,108000000,1
1294681980000,1294682039000,0.7773571411913776,0.777363184079602,0.7771879784563493,0.777332970577947,112000000,1
1294682040000,1294682099000,0.777332970577947,0.777332970577947,0.7771698582442178,0.7772060995134691,53000000,1
1294682100000,1294682159000,0.7772060995134691,0.7772544264639587,0.7771517388770157,0.7771577785722057,64000000,1
1294682160000,1294682219000,0.7771517388770157,0.7773571411913776,0.7771336203546838,0.7772967174759621,74000000,1
1294682220000,1294682279000,0.7772785921930138,0.777332970577947,0.7771879784563493,0.7773269281594454,48000000,1
1294682280000,1294682339000,0.777339013090389,0.7774175743016847,0.7772121400536276,0.7772121400536276,69000000,1
1294682340000,1294682399000,0.7772121400536276,0.7774477943806074,0.7772000590672045,0.7772544264639587,107000000,1
1294682400000,1294682459000,0.7772906756210551,0.777339013090389,0.7771819382917541,0.7772181806876827,91000000,1
1294682460000,1294682519000,0.7772121400536276,0.7775384687157396,0.7772121400536276,0.7773873565720327,114000000,1
1294682520000,1294682579000,0.7773933999300345,0.7774840615767377,0.7773813133079907,0.7773933999300345,60000000,1
1294682580000,1294682639000,0.7774236181295188,0.7775445144234507,0.7773571411913776,0.7775203321566858,57000000,1
1294682640000,1294682699000,0.7775021964437049,0.777762222533327,0.7774840615767377,0.7777259293824855,64000000,1
1294682700000,1294682759000,0.7777259293824855,0.7777561734396267,0.7775505602251787,0.7775566061209257,100000000,1
1294682760000,1294682819000,0.7775566061209257,0.7775566061209257,0.7774538386783285,0.7775142868250204,54000000,1
1294682820000,1294682879000,0.7775142868250204,0.7776049766718507,0.7774901064383956,0.7774901064383956,63000000,1
1294682880000,1294682939000,0.7774901064383956,0.7775142868250204,0.777363184079602,0.777363184079602,76000000,1
1294682940000,1294682999000,0.777363184079602,0.7773933999300345,0.7772604677553495,0.7773088014675591,94000000,1
1294683000000,1294683059000,0.7772846338600733,0.777302759424796,0.7771638183612725,0.7772242214156362,100000000,1
1294683060000,1294683119000,0.7772242214156362,0.7772785921930138,0.777079269856318,0.777079269856318,46000000,1
1294683120000,1294683179000,0.777079269856318,0.7771758982210444,0.7769705916631056,0.7769705916631056,95000000,1
1294683180000,1294683239000,0.7769705916631056,0.7769826655167323,0.7767895288771507,0.7768740143410944,91000000,1
1294683240000,1294683299000,0.7768921207601113,0.7770007770007771,0.7768921207601113,0.7769404086706551,44000000,1
1294683300000,1294683359000,0.7769404086706551,0.776994739745612,0.7769283361302753,0.7769343723535673,22000000,1
1294683360000,1294683419000,0.7769343723535673,0.7769404086706551,0.7767955629437445,0.7768619438639559,85000000,1
1294683420000,1294683479000,0.776843838851514,0.7769887025842644,0.776843838851514,0.7769887025842644,61000000,1
1294683480000,1294683539000,0.7769645548770064,0.777079269856318,0.7769645548770064,0.777079269856318,47000000,1
1294683540000,1294683599000,0.7771155026771629,0.7772725506198748,0.7771155026771629,0.77724234416291,55000000,1
1294683600000,1294683659000,0.77724234416291,0.777302759424796,0.7772181806876827,0.7772906756210551,68000000,1
1294683660000,1294683719000,0.7772544264639587,0.7772665091406542,0.7770551165194147,0.7770551165194147,54000000,1
1294683720000,1294683779000,0.7770309646839426,0.7771517388770157,0.7768317693120378,0.7768740143410944,68000000,1
1294683780000,1294683839000,0.776886085193328,0.7772785921930138,0.7768800497203232,0.7771879784563493,131000000,1
1294683840000,1294683899000,0.7771879784563493,0.7772604677553495,0.7771034246947927,0.7771094636390482,106000000,1
1294683900000,1294683959000,0.7771094636390482,0.7772483852664797,0.7770430404140086,0.7770430404140086,102000000,1
1294683960000,1294684019000,0.7770128517925686,0.7772483852664797,0.7770128517925686,0.7772000590672045,134000000,1
1294684020000,1294684079000,0.7772302622374904,0.777339013090389,0.7771638183612725,0.7772725506198748,127000000,1
1294684080000,1294684139000,0.7772725506198748,0.7774054869279268,0.7771336203546838,0.7772785921930138,137000000,1
1294684140000,1294684199000,0.7772665091406542,0.7774538386783285,0.7772483852664797,0.7774538386783285,53000000,1
1294684200000,1294684259000,0.7774357060671082,0.7775324231020434,0.7772785921930138,0.7774236181295188,110000000,1
1294684260000,1294684319000,0.7774236181295188,0.7775082415873609,0.7774236181295188,0.7774659275557249,49000000,1
1294684320000,1294684379000,0.7775021964437049,0.7775324231020434,0.7774357060671082,0.7775142868250204,32000000,1
1294684380000,1294684439000,0.7774901064383956,0.7774901064383956,0.7773994433819985,0.777441750176868,44000000,1
1294684440000,1294684499000,0.7774719721354045,0.7775445144234507,0.7774598830700336,0.7774659275557249,36000000,1
1294684500000,1294684559000,0.7774477943806074,0.777665448324131,0.7773510983971021,0.7773692270617776,97000000,1
1294684560000,1294684619000,0.777332970577947,0.7773994433819985,0.7772725506198748,0.7772785921930138,88000000,1
1294684620000,1294684679000,0.7772967174759621,0.7774175743016847,0.7772725506198748,0.7773994433819985,95000000,1
1294684680000,1294684739000,0.7773994433819985,0.7775082415873609,0.777339013090389,0.7775082415873609,64000000,1
1294684740000,1294684799000,0.7775082415873609,0.7776170702499262,0.7774659275557249,0.7775445144234507,62000000,1
1294684800000,1294684859000,0.7775445144234507,0.7775445144234507,0.7773450556967733,0.7773752701379063,31000000,1
1294684860000,1294684919000,0.7773571411913776,0.7773571411913776,0.7771577785722057,0.7771577785722057,31000000,1
1294684920000,1294684979000,0.7771577785722057,0.7771879784563493,0.7771396597682569,0.7771879784563493,11000000,1
1294684980000,1294685039000,0.7771758982210444,0.7771758982210444,0.7770913470878501,0.7771577785722057,25000000,1
1294685040000,1294685099000,0.7770671930001787,0.7771275810349785,0.7770671930001787,0.7771275810349785,17000000,1
1294685100000,1294685159000,0.7771517388770157,0.7771819382917541,0.7769887025842644,0.7771034246947927,89000000,1
1294685160000,1294685219000,0.7771034246947927,0.7771034246947927,0.7770128517925686,0.7770551165194147,37000000,1
1294685220000,1294685279000,0.777079269856318,0.7771698582442178,0.7770068143497618,0.7771034246947927,51000000,1
1294685280000,1294685339000,0.7771456992757003,0.7771456992757003,0.7770370025020592,0.7770671930001787,65000000,1
1294685340000,1294685399000,0.777079269856318,0.7772000590672045,0.777049078419793,0.7770671930001787,53000000,1
1294685400000,1294685459000,0.7770732313813253,0.7771517388770157,0.7770732313813253,0.7771517388770157,30000000,1
1294685460000,1294685519000,0.7771758982210444,0.7772000590672045,0.7770551165194147,0.777097385844394,33000000,1
1294685520000,1294685579000,0.777121541809139,0.777121541809139,0.7769826655167323,0.7769887025842644,23000000,1
1294685580000,1294685639000,0.7769524815862262,0.7769524815862262,0.7768257346829386,0.7768257346829386,30000000,1
1294685640000,1294685699000,0.7768619438639559,0.7768619438639559,0.7767231603311947,0.7767352264959921,100000000,1
1294685700000,1294685759000,0.7767291933667327,0.7767291933667327,0.7765542733781663,0.7766869640859948,69000000,1
1294685760000,1294685819000,0.7767231603311947,0.7768197001475957,0.7766568031252669,0.7768197001475957,93000000,1
1294685820000,1294685879000,0.7768317693120378,0.7769343723535673,0.7768197001475957,0.7768740143410944,35000000,1
1294685880000,1294685939000,0.7768559087660422,0.7769343723535673,0.7768076313581704,0.7768076313581704,29000000,1
1294685940000,1294685999000,0.7768317693120378,0.776886085193328,0.7767834949043002,0.7767834949043002,54000000,1
1294686000000,1294686059000,0.7767834949043002,0.7768981564206748,0.7767834949043002,0.7768981564206748,22000000,1
1294686060000,1294686119000,0.7768981564206748,0.7769464450815405,0.7768197001475957,0.7769283361302753,60000000,1
1294686120000,1294686179000,0.7769283361302753,0.7769826655167323,0.7767834949043002,0.7769102280231519,121000000,1
1294686180000,1294686239000,0.7769283361302753,0.7771698582442178,0.7768740143410944,0.7771698582442178,112000000,1
1294686240000,1294686299000,0.7771698582442178,0.7773450556967733,0.7770913470878501,0.7772846338600733,85000000,1
1294686300000,1294686359000,0.7772846338600733,0.777332970577947,0.7771456992757003,0.7771517388770157,77000000,1
1294686360000,1294686419000,0.7771517388770157,0.7772483852664797,0.7770671930001787,0.7771275810349785,66000000,1
1294686420000,1294686479000,0.7770913470878501,0.7771758982210444,0.7770671930001787,0.7771638183612725,57000000,1
1294686480000,1294686539000,0.7771396597682569,0.7771638183612725,0.7769887025842644,0.777049078419793,52000000,1
1294686540000,1294686599000,0.7770430404140086,0.7772302622374904,0.7770430404140086,0.7772302622374904,43000000,1
1294686600000,1294686659000,0.7772302622374904,0.7772846338600733,0.7771517388770157,0.7772242214156362,46000000,1
1294686660000,1294686719000,0.7772060995134691,0.7772060995134691,0.777121541809139,0.7771336203546838,45000000,1
1294686720000,1294686779000,0.7771336203546838,0.7772000590672045,0.7771336203546838,0.7771638183612725,51000000,1
1294686780000,1294686839000,0.7771638183612725,0.7772363031532477,0.7770249269596567,0.7771275810349785,43000000,1
1294686840000,1294686899000,0.7771275810349785,0.7771336203546838,0.777085308425159,0.777097385844394,34000000,1
1294686900000,1294686959000,0.7770732313813253,0.7771155026771629,0.7770309646839426,0.777085308425159,38000000,1
1294686960000,1294687019000,0.777085308425159,0.7771638183612725,0.777085308425159,0.7771456992757003,32000000,1
1294687020000,1294687079000,0.7771456992757003,0.7771456992757003,0.7770430404140086,0.777079269856318,37000000,1
1294687080000,1294687139000,0.777097385844394,0.7771034246947927,0.777049078419793,0.777079269856318,24000000,1
1294687140000,1294687199000,0.777079269856318,0.7771577785722057,0.7770007770007771,0.7770007770007771,41000000,1
1294687200000,1294687259000,0.7770068143497618,0.7770732313813253,0.7769585181847142,0.7769826655167323,31000000,1
1294687260000,1294687319000,0.7769705916631056,0.7769705916631056,0.7769645548770064,0.7769645548770064,3000000,1
1294687320000,1294687379000,0.7769645548770064,0.7769766285430134,0.7768740143410944,0.7768740143410944,41000000,1
1294687380000,1294687439000,0.776886085193328,0.7769223000007769,0.7767714272398204,0.776886085193328,59000000,1
1294687440000,1294687499000,0.7769162639650699,0.7769404086706551,0.7767834949043002,0.776843838851514,46000000,1
1294687500000,1294687559000,0.7768378040348956,0.7768378040348956,0.7766869640859948,0.7768015971040836,80000000,1
1294687560000,1294687619000,0.7767714272398204,0.7769162639650699,0.7767593599502873,0.7768136657060071,77000000,1
1294687620000,1294687679000,0.7768317693120378,0.7769162639650699,0.7767895288771507,0.7768740143410944,69000000,1
1294687680000,1294687739000,0.7768740143410944,0.7769041921750209,0.7768378040348956,0.7768800497203232,28000000,1
1294687740000,1294687799000,0.7769041921750209,0.7770128517925686,0.776886085193328,0.7769524815862262,30000000,1
1294687800000,1294687859000,0.7769645548770064,0.7770249269596567,0.7769464450815405,0.7769887025842644,36000000,1
1294687860000,1294687919000,0.7769705916631056,0.7769705916631056,0.7768921207601113,0.7769223000007769,61000000,1
1294687920000,1294687979000,0.7769343723535673,0.7769887025842644,0.7769283361302753,0.7769283361302753,32000000,1
1294687980000,1294688039000,0.7769223000007769,0.7769464450815405,0.7768197001475957,0.7769041921750209,30000000,1
1294688040000,1294688099000,0.776886085193328,0.7769102280231519,0.7768317693120378,0.7769102280231519,21000000,1
1294688100000,1294688159000,0.7769102280231519,0.7769766285430134,0.7768679790556393,0.776886085193328,57000000,1
1294688160000,1294688219000,0.776886085193328,0.7769826655167323,0.7768559087660422,0.7769645548770064,63000000,1
1294688220000,1294688279000,0.7769404086706551,0.7769645548770064,0.7768136657060071,0.7769645548770064,69000000,1
1294688280000,1294688339000,0.7769645548770064,0.7771155026771629,0.7769524815862262,0.7770551165194147,82000000,1
1294688340000,1294688399000,0.7770068143497618,0.7770068143497618,0.7768317693120378,0.776843838851514,45000000,1
1294688400000,1294688459000,0.7768317693120378,0.7769887025842644,0.7768317693120378,0.7769524815862262,63000000,1
1294688460000,1294688519000,0.7769645548770064,0.7769766285430134,0.7768619438639559,0.7769766285430134,52000000,1
1294688520000,1294688579000,0.7769766285430134,0.7769766285430134,0.7769223000007769,0.7769343723535673,29000000,1
1294688580000,1294688639000,0.7769343723535673,0.776994739745612,0.7766869640859948,0.7766869640859948,63000000,1
1294688640000,1294688699000,0.7766869640859948,0.7768076313581704,0.7766568031252669,0.7768015971040836,48000000,1
1294688700000,1294688759000,0.7768015971040836,0.7768015971040836,0.7767593599502873,0.7767714272398204,18000000,1
1294688760000,1294688819000,0.7767895288771507,0.7768015971040836,0.7767834949043002,0.7767834949043002,7000000,1
1294688820000,1294688879000,0.776843838851514,0.776843838851514,0.7767714272398204,0.7768257346829386,16000000,1
1294688880000,1294688939000,0.7768498737618955,0.7770007770007771,0.7768498737618955,0.7770007770007771,51000000,1
1294688940000,1294688999000,0.7770007770007771,0.7770671930001787,0.7769343723535673,0.7770430404140086,35000000,1
1294689000000,1294689059000,0.7770430404140086,0.7770671930001787,0.7769766285430134,0.7770430404140086,37000000,1
1294689060000,1294689119000,0.7770249269596567,0.7770249269596567,0.7769766285430134,0.7769826655167323,26000000,1
1294689120000,1294689179000,0.7769826655167323,0.7770430404140086,0.7769404086706551,0.7769645548770064,50000000,1
1294689180000,1294689239000,0.7769645548770064,0.7770309646839426,0.7769645548770064,0.7770309646839426,24000000,1
1294689240000,1294689299000,0.7770249269596567,0.7770732313813253,0.7770249269596567,0.7770671930001787,15000000,1
1294689300000,1294689359000,0.777079269856318,0.7771517388770157,0.7770309646839426,0.777097385844394,69000000,1
1294689360000,1294689419000,0.777085308425159,0.777085308425159,0.7770370025020592,0.7770370025020592,11000000,1
1294689420000,1294689479000,0.7770551165194147,0.777079269856318,0.7770249269596567,0.7770551165194147,31000000,1
1294689480000,1294689539000,0.7770671930001787,0.7770732313813253,0.7769826655167323,0.7770430404140086,37000000,1
1294689540000,1294689599000,0.7770430404140086,0.777097385844394,0.7769585181847142,0.7769585181847142,105000000,1
1294689600000,1294689659000,0.7769585181847142,0.7770370025020592,0.7768740143410944,0.7769705916631056,81000000,1
1294689660000,1294689719000,0.776994739745612,0.7770249269596567,0.7769645548770064,0.7769887025842644,40000000,1
1294689720000,1294689779000,0.7769766285430134,0.7771034246947927,0.7769766285430134,0.7770128517925686,45000000,1
1294689780000,1294689839000,0.7770007770007771,0.777097385844394,0.7769766285430134,0.777061154712876,44000000,1
1294689840000,1294689899000,0.7770430404140086,0.7771698582442178,0.7770430404140086,0.7771698582442178,25000000,1
1294689900000,1294689959000,0.7772060995134691,0.7772483852664797,0.7771517388770157,0.7771517388770157,24000000,1
1294689960000,1294690019000,0.7771698582442178,0.777363184079602,0.7771698582442178,0.777363184079602,41000000,1
1294690020000,1294690079000,0.7774719721354045,0.7777138324182234,0.7774719721354045,0.7775868370100231,53000000,1
1294690080000,1294690139000,0.7776231171800275,0.7776412585346127,0.7775324231020434,0.7775566061209257,19000000,1
1294690140000,1294690199000,0.7775807906441479,0.7776956876774118,0.7775686981944855,0.7776231171800275,48000000,1
1294690200000,1294690259000,0.7776231171800275,0.7776473058409089,0.7776231171800275,0.7776473058409089,5000000,1
1294690260000,1294690319000,0.7776714960066569,0.7777077840772109,0.7776231171800275,0.7776714960066569,32000000,1
1294690320000,1294690379000,0.7776714960066569,0.7777138324182234,0.7776473058409089,0.7777138324182234,20000000,1
1294690380000,1294690439000,0.777689639618621,0.7778771731943527,0.777689639618621,0.7778529702315669,34000000,1
1294690440000,1294690499000,0.7778408693149556,0.7778832241703876,0.7777198808533143,0.7777198808533143,35000000,1
1294690500000,1294690559000,0.7777380267230787,0.7778771731943527,0.7777380267230787,0.7778469197261978,37000000,1
1294690560000,1294690619000,0.7778469197261978,0.7780042634633638,0.7778469197261978,0.777992157839049,70000000,1
1294690620000,1294690679000,0.777992157839049,0.778070851131704,0.7779437391087877,0.7780345291724047,52000000,1
1294690680000,1294690739000,0.7780345291724047,0.7780890133831311,0.7780042634633638,0.7780647972363138,45000000,1
1294690740000,1294690799000,0.7780647972363138,0.7781071764824887,0.7780466361153688,0.7780769051213021,21000000,1
1294690800000,1294690859000,0.778070851131704,0.7781132310373805,0.7780284758422158,0.7780284758422158,22000000,1
1294690860000,1294690919000,0.7780526897281483,0.7780526897281483,0.7779740001089164,0.7780345291724047,17000000,1
1294690920000,1294690979000,0.7779861051681618,0.7780890133831311,0.7779618954263621,0.7780647972363138,41000000,1
1294690980000,1294691039000,0.7780950676553661,0.7782767396430822,0.7780284758422158,0.7782343419250404,55000000,1
1294691040000,1294691099000,0.7782222291397531,0.7782646255379754,0.7781919488260975,0.778216172888505,19000000,1
1294691100000,1294691159000,0.7781919488260975,0.7781919488260975,0.7781495603454984,0.7781495603454984,15000000,1
1294691160000,1294691219000,0.7781495603454984,0.778198004700316,0.7780587434351294,0.7780587434351294,40000000,1
1294691220000,1294691279000,0.7780587434351294,0.7780587434351294,0.777992157839049,0.777992157839049,51000000,1
1294691280000,1294691339000,0.777992157839049,0.7779982106041157,0.7778348189978376,0.7778348189978376,54000000,1
1294691340000,1294691399000,0.7778771731943527,0.7779013776633399,0.7778408693149556,0.7779013776633399,41000000,1
1294691400000,1294691459000,0.7779013776633399,0.7779740001089164,0.7777803703790124,0.7777803703790124,135000000,1
1294691460000,1294691519000,0.7778106186705661,0.7778832241703876,0.7777440755345045,0.777762222533327,63000000,1
1294691520000,1294691579000,0.7777803703790124,0.7777803703790124,0.7776049766718507,0.7776533532412592,65000000,1
1294691580000,1294691639000,0.7776835916538997,0.7777259293824855,0.7776291642041743,0.7777198808533143,30000000,1
1294691640000,1294691699000,0.7777319780057397,0.7777803703790124,0.7775868370100231,0.7776533532412592,53000000,1
1294691700000,1294691759000,0.7776412585346127,0.7776775437832457,0.7775626521106938,0.7776533532412592,20000000,1
1294691760000,1294691819000,0.7776714960066569,0.7777743210030178,0.7776352113223687,0.7777017358302744,38000000,1
1294691820000,1294691879000,0.7777198808533143,0.7777198808533143,0.7776170702499262,0.7776170702499262,22000000,1
1294691880000,1294691939000,0.7776231171800275,0.7776352113223687,0.7775807906441479,0.7775989300238723,40000000,1
1294691940000,1294691999000,0.7775989300238723,0.7776412585346127,0.7775807906441479,0.7776110234138679,27000000,1
1294692000000,1294692059000,0.7775807906441479,0.7775807906441479,0.7775203321566858,0.7775626521106938,25000000,1
1294692060000,1294692119000,0.7775747443723028,0.7775989300238723,0.7775566061209257,0.7775566061209257,8000000,1
1294692120000,1294692179000,0.7775747443723028,0.7775928834699305,0.7775142868250204,0.7775324231020434,18000000,1
1294692180000,1294692239000,0.7775324231020434,0.7776049766718507,0.7775263775823594,0.7775263775823594,23000000,1
1294692240000,1294692299000,0.7775263775823594,0.7775807906441479,0.7775263775823594,0.7775445144234507,24000000,1
1294692300000,1294692359000,0.7775445144234507,0.7776291642041743,0.7774538386783285,0.7775686981944855,91000000,1
1294692360000,1294692419000,0.7775686981944855,0.7775686981944855,0.7775505602251787,0.7775505602251787,5000000,1
1294692420000,1294692479000,0.7775626521106938,0.7775928834699305,0.7775021964437049,0.7775324231020434,19000000,1
1294692480000,1294692539000,0.7775203321566858,0.7775203321566858,0.7774296620513259,0.7775142868250204,24000000,1
1294692540000,1294692599000,0.7774961513940505,0.7775021964437049,0.7772302622374904,0.7772302622374904,40000000,1
1294692600000,1294692659000,0.7772242214156362,0.7773933999300345,0.7772242214156362,0.7773933999300345,38000000,1
1294692660000,1294692719000,0.7773933999300345,0.7774054869279268,0.777302759424796,0.777339013090389,29000000,1
1294692720000,1294692779000,0.7773450556967733,0.7774357060671082,0.7773450556967733,0.7774115305678214,24000000,1
1294692780000,1294692839000,0.7773994433819985,0.777441750176868,0.777121541809139,0.777121541809139,58000000,1
1294692840000,1294692899000,0.7771638183612725,0.7771638183612725,0.7770430404140086,0.7770430404140086,35000000,1
1294692900000,1294692959000,0.7770430404140086,0.7771155026771629,0.776994739745612,0.777085308425159,36000000,1
1294692960000,1294693019000,0.777079269856318,0.7772483852664797,0.777061154712876,0.7772121400536276,45000000,1
1294693020000,1294693079000,0.7772121400536276,0.7772665091406542,0.777194018714832,0.7772665091406542,44000000,1
1294693080000,1294693139000,0.7772121400536276,0.7772121400536276,0.777049078419793,0.777079269856318,109000000,1
1294693140000,1294693199000,0.777079269856318,0.777121541809139,0.7768740143410944,0.7771034246947927,234000000,1
1294693200000,1294693259000,0.7771034246947927,0.777332970577947,0.7770430404140086,0.7772846338600733,222000000,1
1294693260000,1294693319000,0.7772665091406542,0.7772785921930138,0.7770913470878501,0.7770913470878501,172000000,1
1294693320000,1294693379000,0.7770913470878501,0.7771336203546838,0.7770188893291996,0.7770732313813253,105000000,1
1294693380000,1294693439000,0.7770732313813253,0.7770732313813253,0.7769766285430134,0.7770430404140086,95000000,1
1294693440000,1294693499000,0.7770430404140086,0.777097385844394,0.7770249269596567,0.777079269856318,97000000,1
1294693500000,1294693559000,0.777079269856318,0.7771396597682569,0.7770249269596567,0.777085308425159,79000000,1
1294693560000,1294693619000,0.777085308425159,0.7772906756210551,0.777085308425159,0.7772060995134691,71000000,1
1294693620000,1294693679000,0.7772060995134691,0.7774840615767377,0.7772000590672045,0.7773994433819985,106000000,1
1294693680000,1294693739000,0.7774054869279268,0.7774175743016847,0.7773450556967733,0.777363184079602,86000000,1
1294693740000,1294693799000,0.777363184079602,0.7775686981944855,0.777363184079602,0.7774719721354045,129000000,1
1294693800000,1294693859000,0.7775989300238723,0.7776412585346127,0.7775021964437049,0.7775082415873609,150000000,1
1294693860000,1294693919000,0.7775082415873609,0.7776835916538997,0.7775021964437049,0.7775747443723028,116000000,1
1294693920000,1294693979000,0.7775686981944855,0.7777501244400199,0.7775626521106938,0.7777077840772109,102000000,1
1294693980000,1294694039000,0.7776835916538997,0.7777864198491093,0.7776110234138679,0.7776291642041743,30000000,1
1294694040000,1294694099000,0.7776231171800275,0.7776594007356658,0.7775686981944855,0.7776533532412592,26000000,1
1294694100000,1294694159000,0.7776291642041743,0.7777864198491093,0.7775566061209257,0.777762222533327,60000000,1
1294694160000,1294694219000,0.777762222533327,0.7779679477205539,0.777762222533327,0.7779679477205539,34000000,1
1294694220000,1294694279000,0.7779316353678838,0.7779316353678838,0.7777743210030178,0.7777743210030178,20000000,1
1294694280000,1294694339000,0.7777743210030178,0.7778045688240373,0.7774961513940505,0.7775686981944855,35000000,1
1294694340000,1294694399000,0.7775807906441479,0.7776231171800275,0.7774901064383956,0.7775566061209257,39000000,1
1294694400000,1294694459000,0.7775384687157396,0.7775384687157396,0.7775021964437049,0.7775021964437049,22000000,1
1294694460000,1294694519000,0.7775021964437049,0.7775021964437049,0.7774659275557249,0.7774780168090747,30000000,1
1294694520000,1294694579000,0.7774780168090747,0.7774780168090747,0.7774054869279268,0.7774054869279268,13000000,1
1294694580000,1294694639000,0.7774175743016847,0.7774175743016847,0.777302759424796,0.777339013090389,75000000,1
1294694640000,1294694699000,0.777339013090389,0.7773510983971021,0.7773269281594454,0.7773269281594454,44000000,1
1294694700000,1294694759000,0.7773571411913776,0.7774901064383956,0.777339013090389,0.7774598830700336,24000000,1
1294694760000,1294694819000,0.7774659275557249,0.7774961513940505,0.7774175743016847,0.7774175743016847,13000000,1
1294694820000,1294694879000,0.7774115305678214,0.7774296620513259,0.7773994433819985,0.7774236181295188,8000000,1
1294694880000,1294694939000,0.7774236181295188,0.7775445144234507,0.7773752701379063,0.7775263775823594,21000000,1
1294694940000,1294694999000,0.7774961513940505,0.7775263775823594,0.7774598830700336,0.7775263775823594,15000000,1
1294695000000,1294695059000,0.7775082415873609,0.7776049766718507,0.7774901064383956,0.7774961513940505,26000000,1
1294695060000,1294695119000,0.7774961513940505,0.7775142868250204,0.7773571411913776,0.7773571411913776,22000000,1
1294695120000,1294695179000,0.7773571411913776,0.7774054869279268,0.7773571411913776,0.7774054869279268,13000000,1
1294695180000,1294695239000,0.7773208858348815,0.7774236181295188,0.7772967174759621,0.7773873565720327,27000000,1
1294695240000,1294695299000,0.777363184079602,0.7774054869279268,0.7773510983971021,0.7773813133079907,19000000,1
1294695300000,1294695359000,0.777363184079602,0.7774840615767377,0.777363184079602,0.7773752701379063,24000000,1
1294695360000,1294695419000,0.7774054869279268,0.7775626521106938,0.7774054869279268,0.7775626521106938,28000000,1
1294695420000,1294695479000,0.7775868370100231,0.7775868370100231,0.7775203321566858,0.7775686981944855,22000000,1
1294695480000,1294695539000,0.7775505602251787,0.7775626521106938,0.7774780168090747,0.7775384687157396,28000000,1
1294695540000,1294695599000,0.7775082415873609,0.7775989300238723,0.7773692270617776,0.7775989300238723,40000000,1
1294695600000,1294695659000,0.7775747443723028,0.7776049766718507,0.7775505602251787,0.7776049766718507,38000000,1
1294695660000,1294695719000,0.7776110234138679,0.7776594007356658,0.7775686981944855,0.7775928834699305,21000000,1
1294695720000,1294695779000,0.7776170702499262,0.7778106186705661,0.7776170702499262,0.7778106186705661,50000000,1
1294695780000,1294695839000,0.7778166686112084,0.7780284758422158,0.7778106186705661,0.7779316353678838,104000000,1
1294695840000,1294695899000,0.7779255836386691,0.7779437391087877,0.7778287687748419,0.7779134804627029,77000000,1
1294695900000,1294695959000,0.7779134804627029,0.777937687191256,0.7776956876774118,0.7776956876774118,43000000,1
1294695960000,1294696019000,0.7777017358302744,0.7777017358302744,0.7776110234138679,0.7776110234138679,15000000,1
1294696020000,1294696079000,0.7775747443723028,0.7775807906441479,0.7775021964437049,0.7775021964437049,18000000,1
1294696080000,1294696139000,0.7774780168090747,0.7775203321566858,0.7774236181295188,0.7774477943806074,33000000,1
1294696140000,1294696199000,0.7774296620513259,0.777441750176868,0.777302759424796,0.7774175743016847,50000000,1
1294696200000,1294696259000,0.7773933999300345,0.777441750176868,0.7773933999300345,0.777441750176868,5000000,1
1294696260000,1294696319000,0.7774538386783285,0.7774780168090747,0.777332970577947,0.777332970577947,33000000,1
1294696320000,1294696379000,0.777332970577947,0.777332970577947,0.7771879784563493,0.7772000590672045,57000000,1
1294696380000,1294696439000,0.7772000590672045,0.7773208858348815,0.7772000590672045,0.7772846338600733,41000000,1
1294696440000,1294696499000,0.7772846338600733,0.7773692270617776,0.77724234416291,0.777363184079602,82000000,1
1294696500000,1294696559000,0.777363184079602,0.7774659275557249,0.777332970577947,0.7774659275557249,57000000,1
1294696560000,1294696619000,0.7774659275557249,0.7774659275557249,0.777339013090389,0.7773813133079907,85000000,1
1294696620000,1294696679000,0.7773813133079907,0.7774236181295188,0.7773088014675591,0.7773088014675591,49000000,1
1294696680000,1294696739000,0.7773088014675591,0.7773510983971021,0.7771577785722057,0.7772000590672045,45000000,1
1294696740000,1294696799000,0.7772000590672045,0.7772363031532477,0.7770068143497618,0.7771034246947927,102000000,1
1294696800000,1294696859000,0.7770732313813253,0.7771517388770157,0.7765783955890346,0.7770671930001787,30000000,1
1294696860000,1294696919000,0.7765783955890346,0.777061154712876,0.7761444249545956,0.7761444249545956,13000000,1
1294696920000,1294696979000,0.7761865952574999,0.777194018714832,0.7758975194556303,0.7770007770007771,100000000,1
1294696980000,1294697039000,0.7761082826275921,0.7774296620513259,0.7761082826275921,0.7771577785722057,102000000,1
1294697040000,1294697099000,0.7772967174759621,0.777302759424796,0.7771638183612725,0.7771758982210444,21000000,1
1294697100000,1294697159000,0.7771758982210444,0.7772846338600733,0.7769887025842644,0.777061154712876,38000000,1
1294697160000,1294697219000,0.7770913470878501,0.7771094636390482,0.7770913470878501,0.7771094636390482,3000000,1
1294697220000,1294697279000,0.7771094636390482,0.7772121400536276,0.7771094636390482,0.7771819382917541,21000000,1
1294697280000,1294697339000,0.7771155026771629,0.7772604677553495,0.7771155026771629,0.7771758982210444,25000000,1
1294697340000,1294697399000,0.7771456992757003,0.7771879784563493,0.777121541809139,0.7771517388770157,24000000,1
1294697400000,1294697459000,0.7771819382917541,0.777194018714832,0.7770732313813253,0.777194018714832,31000000,1
1294697460000,1294697519000,0.7771758982210444,0.7772725506198748,0.777079269856318,0.7772725506198748,56000000,1
1294697520000,1294697579000,0.7772725506198748,0.7773269281594454,0.7772121400536276,0.7772181806876827,43000000,1
1294697580000,1294697639000,0.7772181806876827,0.7774236181295188,0.7772181806876827,0.7774175743016847,136000000,1
1294697640000,1294697699000,0.7774175743016847,0.7775324231020434,0.7773994433819985,0.7775324231020434,117000000,1
1294697700000,1294697759000,0.7775324231020434,0.7775324231020434,0.7774236181295188,0.7774236181295188,77000000,1
1294697760000,1294697819000,0.7774236181295188,0.7774296620513259,0.7772363031532477,0.7772665091406542,64000000,1
1294697820000,1294697879000,0.7772665091406542,0.7775807906441479,0.7771456992757003,0.7774840615767377,151000000,1
1294697880000,1294697939000,0.7774840615767377,0.7774840615767377,0.7774538386783285,0.7774538386783285,35000000,1
1294697940000,1294697999000,0.7774477943806074,0.7774477943806074,0.777339013090389,0.7774357060671082,54000000,1
1294698000000,1294698059000,0.7774477943806074,0.7775324231020434,0.7773571411913776,0.7773933999300345,45000000,1
1294698060000,1294698119000,0.7773752701379063,0.7776170702499262,0.7773752701379063,0.7775868370100231,48000000,1
1294698120000,1294698179000,0.7776049766718507,0.7776049766718507,0.7775263775823594,0.7775263775823594,23000000,1
1294698180000,1294698239000,0.7775263775823594,0.7776110234138679,0.7774780168090747,0.7775686981944855,57000000,1
1294698240000,1294698299000,0.7775928834699305,0.7776231171800275,0.7775868370100231,0.7776049766718507,31000000,1
1294698300000,1294698359000,0.7775928834699305,0.7775928834699305,0.7775082415873609,0.7775082415873609,12000000,1
1294698360000,1294698419000,0.7775203321566858,0.7775626521106938,0.7774659275557249,0.7775021964437049,34000000,1
1294698420000,1294698479000,0.7775021964437049,0.7775203321566858,0.7774175743016847,0.7774175743016847,35000000,1
1294698480000,1294698539000,0.7774296620513259,0.7774296620513259,0.7774296620513259,0.7774296620513259,1000000,1
1294698540000,1294698599000,0.7774357060671082,0.7774780168090747,0.7774357060671082,0.7774780168090747,5000000,1
1294698600000,1294698659000,0.7774780168090747,0.7774780168090747,0.7774719721354045,0.7774780168090747,3000000,1
1294698660000,1294698719000,0.7774901064383956,0.7774901064383956,0.7774598830700336,0.7774780168090747,21000000,1
1294698720000,1294698779000,0.7774780168090747,0.7774901064383956,0.7774780168090747,0.7774780168090747,17000000,1
1294698780000,1294698839000,0.7774780168090747,0.7775082415873609,0.7774538386783285,0.7774538386783285,24000000,1
1294698840000,1294698899000,0.7774538386783285,0.7775384687157396,0.7774115305678214,0.7774296620513259,24000000,1
1294698900000,1294698959000,0.7774296620513259,0.7775384687157396,0.7774296620513259,0.7775384687157396,12000000,1
1294698960000,1294699019000,0.7775384687157396,0.7775384687157396,0.7774296620513259,0.7774296620513259,9000000,1
1294699020000,1294699079000,0.7774296620513259,0.7774296620513259,0.7773269281594454,0.7773269281594454,18000000,1
1294699080000,1294699139000,0.7773269281594454,0.7773813133079907,0.7771094636390482,0.7772302622374904,23000000,1
1294699140000,1294699199000,0.7772483852664797,0.777441750176868,0.7772483852664797,0.7774236181295188,45000000,1
1294699200000,1294699259000,0.7774236181295188,0.7774236181295188,0.7773571411913776,0.777363184079602,12000000,1
1294699260000,1294699319000,0.7773873565720327,0.7773873565720327,0.7773873565720327,0.7773873565720327,2000000,1
1294699320000,1294699379000,0.7773692270617776,0.7773752701379063,0.7773269281594454,0.7773692270617776,29000000,1
1294699380000,1294699439000,0.7773752701379063,0.7774054869279268,0.7773752701379063,0.7774054869279268,10000000,1
1294699440000,1294699499000,0.7774115305678214,0.7774115305678214,0.7773571411913776,0.7773994433819985,17000000,1
1294699500000,1294699559000,0.7773994433819985,0.7774296620513259,0.7773873565720327,0.7773994433819985,29000000,1
1294699560000,1294699619000,0.7773994433819985,0.7773994433819985,0.7773269281594454,0.7773752701379063,7000000,1
1294699620000,1294699679000,0.7773752701379063,0.7774357060671082,0.7773752701379063,0.7774357060671082,31000000,1
1294699680000,1294699739000,0.7774357060671082,0.7774477943806074,0.7773269281594454,0.7774477943806074,57000000,1
1294699740000,1294699799000,0.7774840615767377,0.7775928834699305,0.777302759424796,0.777363184079602,58000000,1
1294699800000,1294699859000,0.7773450556967733,0.7774477943806074,0.7773450556967733,0.7774477943806074,16000000,1
1294699860000,1294699919000,0.7774477943806074,0.7774477943806074,0.7774477943806074,0.7774477943806074,12000000,1
1294699920000,1294699979000,0.7774477943806074,0.7774780168090747,0.7774236181295188,0.7774236181295188,35000000,1
1294699980000,1294700039000,0.7774236181295188,0.7774236181295188,0.7774236181295188,0.7774236181295188,2000000,1
1294700040000,1294700099000,0.7774296620513259,0.7774296620513259,0.7774054869279268,0.7774054869279268,15000000,1
1294700100000,1294700159000,0.7774054869279268,0.7774054869279268,0.7773873565720327,0.7773873565720327,20000000,1
1294700160000,1294700219000,0.7773873565720327,0.7774236181295188,0.7773873565720327,0.7773873565720327,29000000,1
1294700220000,1294700279000,0.7773873565720327,0.7774115305678214,0.7773088014675591,0.7773088014675591,42000000,1
1294700280000,1294700339000,0.7773088014675591,0.7773208858348815,0.7773088014675591,0.7773148436042534,16000000,1
1294700340000,1294700399000,0.7773148436042534,0.7774357060671082,0.7773148436042534,0.7773752701379063,13000000,1
1294700400000,1294700459000,0.7773752701379063,0.7774961513940505,0.7773269281594454,0.7774296620513259,60000000,1
1294700460000,1294700519000,0.7774296620513259,0.7775142868250204,0.7774054869279268,0.7774477943806074,62000000,1
1294700520000,1294700579000,0.7774477943806074,0.7775082415873609,0.7774236181295188,0.7774719721354045,39000000,1
1294700580000,1294700639000,0.7774719721354045,0.7774961513940505,0.7773752701379063,0.7773752701379063,48000000,1
1294700640000,1294700699000,0.7773813133079907,0.7774598830700336,0.7773752701379063,0.7773752701379063,62000000,1
1294700700000,1294700759000,0.7773752701379063,0.7773752701379063,0.7772906756210551,0.7772906756210551,16000000,1
1294700760000,1294700819000,0.7772906756210551,0.7773208858348815,0.7772000590672045,0.7772121400536276,27000000,1
1294700820000,1294700879000,0.7772181806876827,0.7772604677553495,0.7772181806876827,0.7772604677553495,9000000,1
1294700880000,1294700939000,0.7772544264639587,0.7772785921930138,0.77724234416291,0.7772604677553495,36000000,1
1294700940000,1294700999000,0.7772604677553495,0.7772604677553495,0.7772363031532477,0.7772363031532477,22000000,1
1294701000000,1294701059000,0.7772363031532477,0.7772665091406542,0.7772242214156362,0.7772242214156362,38000000,1
1294701060000,1294701119000,0.7772242214156362,0.7772302622374904,0.7771758982210444,0.7771758982210444,16000000,1
1294701120000,1294701179000,0.777194018714832,0.777194018714832,0.7771758982210444,0.777194018714832,25000000,1
1294701180000,1294701239000,0.7772000590672045,0.7772060995134691,0.7772000590672045,0.7772060995134691,9000000,1
1294701240000,1294701299000,0.7772060995134691,0.7772967174759621,0.7771879784563493,0.7772967174759621,56000000,1
1294701300000,1294701359000,0.7772967174759621,0.777363184079602,0.7772906756210551,0.7772967174759621,43000000,1
1294701360000,1294701419000,0.7772967174759621,0.7773148436042534,0.7772906756210551,0.7772906756210551,32000000,1
1294701420000,1294701479000,0.7772906756210551,0.7772906756210551,0.7772906756210551,0.7772906756210551,27000000,1
1294701480000,1294701539000,0.7772967174759621,0.7773933999300345,0.7772544264639587,0.7773933999300345,32000000,1
1294701540000,1294701599000,0.7773933999300345,0.7774236181295188,0.7773450556967733,0.7773813133079907,42000000,1
1294701600000,1294701659000,0.7773813133079907,0.7773813133079907,0.7773148436042534,0.7773269281594454,74000000,1
1294701660000,1294701719000,0.7773269281594454,0.777332970577947,0.7772604677553495,0.7772604677553495,56000000,1
1294701720000,1294701779000,0.7772302622374904,0.7774477943806074,0.7771698582442178,0.7774115305678214,106000000,1
1294701780000,1294701839000,0.7774115305678214,0.7774115305678214,0.7772181806876827,0.7772363031532477,40000000,1
1294701840000,1294701899000,0.7772363031532477,0.7772544264639587,0.7771819382917541,0.7772544264639587,50000000,1
1294701900000,1294701959000,0.7772544264639587,0.7773510983971021,0.7772363031532477,0.7772725506198748,57000000,1
1294701960000,1294702019000,0.7772725506198748,0.777302759424796,0.7772242214156362,0.7772242214156362,37000000,1
1294702020000,1294702079000,0.7772242214156362,0.7772483852664797,0.7772242214156362,0.77724234416291,29000000,1
1294702080000,1294702139000,0.77724234416291,0.7772665091406542,0.77724234416291,0.7772604677553495,20000000,1
1294702140000,1294702199000,0.7772544264639587,0.7772544264639587,0.7772000590672045,0.7772000590672045,35000000,1
1294702200000,1294702259000,0.7772000590672045,0.7772665091406542,0.7772000590672045,0.7772665091406542,36000000,1
1294702260000,1294702319000,0.7772665091406542,0.7774477943806074,0.7772665091406542,0.7773510983971021,57000000,1
1294702320000,1294702379000,0.7773510983971021,0.7774901064383956,0.7773148436042534,0.7774901064383956,67000000,1
1294702380000,1294702439000,0.7774901064383956,0.7774901064383956,0.7773752701379063,0.7773873565720327,65000000,1
1294702440000,1294702499000,0.7773873565720327,0.7773873565720327,0.7771758982210444,0.7772121400536276,57000000,1
1294702500000,1294702559000,0.7772121400536276,0.777302759424796,0.7772121400536276,0.7772483852664797,55000000,1
1294702560000,1294702619000,0.7772483852664797,0.7773994433819985,0.7772483852664797,0.7773994433819985,87000000,1
1294702620000,1294702679000,0.7773994433819985,0.7774598830700336,0.7773994433819985,0.7774054869279268,61000000,1
1294702680000,1294702739000,0.7774054869279268,0.7774054869279268,0.77724234416291,0.77724234416291,77000000,1
1294702740000,1294702799000,0.77724234416291,0.7773994433819985,0.77724234416291,0.7773994433819985,32000000,1
1294702800000,1294702859000,0.7773994433819985,0.7774719721354045,0.7773994433819985,0.7773994433819985,33000000,1
1294702860000,1294702919000,0.7773933999300345,0.7773933999300345,0.7773933999300345,0.7773933999300345,4000000,1
1294702920000,1294702979000,0.7773933999300345,0.7773933999300345,0.7773933999300345,0.7773933999300345,17000000,1
1294702980000,1294703039000,0.7773933999300345,0.7773933999300345,0.7771879784563493,0.7771879784563493,45000000,1
1294703040000,1294703099000,0.7772121400536276,0.7772544264639587,0.7772000590672045,0.7772483852664797,25000000,1
1294703100000,1294703159000,0.7772483852664797,0.7772725506198748,0.7771034246947927,0.7771819382917541,65000000,1
1294703160000,1294703219000,0.7771819382917541,0.7772604677553495,0.7771819382917541,0.7772181806876827,40000000,1
1294703220000,1294703279000,0.7772181806876827,0.7772181806876827,0.7771879784563493,0.7771879784563493,15000000,1
1294703280000,1294703339000,0.7771879784563493,0.7771879784563493,0.7771879784563493,0.7771879784563493,13000000,1
1294703340000,1294703399000,0.7772000590672045,0.7772060995134691,0.7771879784563493,0.7771879784563493,14000000,1
1294703400000,1294703459000,0.7772181806876827,0.7772665091406542,0.7772181806876827,0.7772665091406542,9000000,1
1294703460000,1294703519000,0.7772665091406542,0.7772665091406542,0.7772665091406542,0.7772665091406542,8000000,1
1294703520000,1294703579000,0.7772483852664797,0.7773088014675591,0.7771577785722057,0.7772665091406542,33000000,1
1294703580000,1294703639000,0.7772483852664797,0.7772665091406542,0.7769585181847142,0.777121541809139,147000000,1
1294703640000,1294703699000,0.777121541809139,0.7772181806876827,0.7768378040348956,0.7768378040348956,121000000,1
1294703700000,1294703759000,0.7769162639650699,0.7769766285430134,0.7767955629437445,0.7768740143410944,183000000,1
1294703760000,1294703819000,0.7768498737618955,0.7768981564206748,0.7767171273893761,0.7767171273893761,153000000,1
1294703820000,1294703879000,0.7766748994206005,0.7768619438639559,0.7766568031252669,0.7767955629437445,286000000,1
1294703880000,1294703939000,0.7767533264461205,0.7768559087660422,0.7767110945412744,0.7767110945412744,49000000,1
1294703940000,1294703999000,0.7767352264959921,0.7768559087660422,0.7767231603311947,0.7768559087660422,109000000,1
1294704000000,1294704059000,0.7768559087660422,0.7769464450815405,0.7767533264461205,0.7769283361302753,423000000,1
1294704060000,1294704119000,0.7769343723535673,0.7771698582442178,0.7769041921750209,0.7771698582442178,103000000,1
1294704120000,1294704179000,0.7771819382917541,0.777194018714832,0.7770309646839426,0.7770430404140086,117000000,1
1294704180000,1294704239000,0.7770430404140086,0.7771577785722057,0.7770188893291996,0.7771456992757003,87000000,1
1294704240000,1294704299000,0.7771456992757003,0.7772121400536276,0.7771396597682569,0.7772000590672045,96000000,1
1294704300000,1294704359000,0.777194018714832,0.7772060995134691,0.7771819382917541,0.7771879784563493,29000000,1
1294704360000,1294704419000,0.7771879784563493,0.7772604677553495,0.7771879784563493,0.7772483852664797,40000000,1
1294704420000,1294704479000,0.7772665091406542,0.7772665091406542,0.7772604677553495,0.7772604677553495,12000000,1
1294704480000,1294704539000,0.7772544264639587,0.777339013090389,0.77724234416291,0.7773088014675591,97000000,1
1294704540000,1294704599000,0.777302759424796,0.7773994433819985,0.7772967174759621,0.7773994433819985,108000000,1
1294704600000,1294704659000,0.7773752701379063,0.7773933999300345,0.7772906756210551,0.777302759424796,58000000,1
1294704660000,1294704719000,0.7773088014675591,0.7773873565720327,0.7772483852664797,0.7773148436042534,102000000,1
1294704720000,1294704779000,0.7773148436042534,0.7773450556967733,0.7772483852664797,0.7773148436042534,82000000,1
1294704780000,1294704839000,0.7773148436042534,0.7773148436042534,0.7772060995134691,0.7772725506198748,79000000,1
1294704840000,1294704899000,0.7772725506198748,0.7773510983971021,0.7772604677553495,0.7772906756210551,88000000,1
1294704900000,1294704959000,0.7772906756210551,0.7772906756210551,0.7771879784563493,0.7772483852664797,83000000,1
1294704960000,1294705019000,0.7772483852664797,0.7772483852664797,0.7771638183612725,0.7772121400536276,119000000,1
1294705020000,1294705079000,0.7772181806876827,0.7773269281594454,0.7772121400536276,0.7772604677553495,93000000,1
1294705080000,1294705139000,0.7772604677553495,0.7772846338600733,0.7772604677553495,0.7772846338600733,60000000,1
1294705140000,1294705199000,0.7772846338600733,0.7773752701379063,0.7772121400536276,0.7773450556967733,117000000,1
1294705200000,1294705259000,0.7773450556967733,0.7776049766718507,0.7773148436042534,0.7775505602251787,153000000,1
1294705260000,1294705319000,0.7775505602251787,0.7775686981944855,0.7774538386783285,0.7775626521106938,136000000,1
1294705320000,1294705379000,0.7775626521106938,0.7778045688240373,0.7775626521106938,0.7777440755345045,131000000,1
1294705380000,1294705439000,0.7777440755345045,0.7777501244400199,0.7776291642041743,0.7776291642041743,137000000,1
1294705440000,1294705499000,0.7776110234138679,0.777689639618621,0.7775928834699305,0.7776775437832457,95000000,1
1294705500000,1294705559000,0.7776291642041743,0.7777319780057397,0.7775989300238723,0.7776231171800275,174000000,1
1294705560000,1294705619000,0.7776231171800275,0.777689639618621,0.7776049766718507,0.7776835916538997,116000000,1
1294705620000,1294705679000,0.7776835916538997,0.777689639618621,0.7775626521106938,0.7775989300238723,114000000,1
1294705680000,1294705739000,0.7775989300238723,0.7776291642041743,0.7775626521106938,0.7775626521106938,60000000,1
1294705740000,1294705799000,0.7775626521106938,0.7775626521106938,0.7774780168090747,0.7775384687157396,129000000,1
1294705800000,1294705859000,0.7775324231020434,0.7776533532412592,0.7774659275557249,0.7775807906441479,160000000,1
1294705860000,1294705919000,0.7775807906441479,0.7775868370100231,0.7775263775823594,0.7775445144234507,147000000,1
1294705920000,1294705979000,0.7775505602251787,0.7776714960066569,0.7775445144234507,0.7776170702499262,128000000,1
1294705980000,1294706039000,0.7776170702499262,0.7776835916538997,0.7776170702499262,0.7776835916538997,121000000,1
1294706040000,1294706099000,0.777665448324131,0.7776714960066569,0.7775384687157396,0.7775928834699305,110000000,1
1294706100000,1294706159000,0.7775928834699305,0.7776594007356658,0.7775807906441479,0.7775928834699305,96000000,1
1294706160000,1294706219000,0.7775928834699305,0.7776775437832457,0.7775142868250204,0.7775142868250204,172000000,1
1294706220000,1294706279000,0.7775142868250204,0.7777319780057397,0.7775021964437049,0.7776533532412592,224000000,1
1294706280000,1294706339000,0.7776049766718507,0.7776473058409089,0.7775626521106938,0.7776049766718507,128000000,1
1294706340000,1294706399000,0.7776049766718507,0.7776714960066569,0.7775384687157396,0.7776170702499262,162000000,1
1294706400000,1294706459000,0.7776170702499262,0.7777319780057397,0.7775686981944855,0.7776231171800275,139000000,1
1294706460000,1294706519000,0.7776231171800275,0.7776231171800275,0.7775747443723028,0.7776170702499262,103000000,1
1294706520000,1294706579000,0.7776110234138679,0.7776291642041743,0.7775868370100231,0.7776049766718507,102000000,1
1294706580000,1294706639000,0.7776049766718507,0.7777924694133111,0.7775989300238723,0.7776533532412592,115000000,1
1294706640000,1294706699000,0.7776714960066569,0.7777743210030178,0.7776714960066569,0.7777319780057397,170000000,1
1294706700000,1294706759000,0.7777077840772109,0.777907429015947,0.7776412585346127,0.7777501244400199,183000000,1
1294706760000,1294706819000,0.7777380267230787,0.7777501244400199,0.7774538386783285,0.7775021964437049,153000000,1
1294706820000,1294706879000,0.7775021964437049,0.7776231171800275,0.7774840615767377,0.7776049766718507,119000000,1
1294706880000,1294706939000,0.7776049766718507,0.7776170702499262,0.7775082415873609,0.7776110234138679,156000000,1
1294706940000,1294706999000,0.7776110234138679,0.7776714960066569,0.7775142868250204,0.7775747443723028,111000000,1
1294707000000,1294707059000,0.7775989300238723,0.7776170702499262,0.7774780168090747,0.7774780168090747,46000000,1
1294707060000,1294707119000,0.7775082415873609,0.7776231171800275,0.777363184079602,0.7774719721354045,125000000,1
1294707120000,1294707179000,0.7774659275557249,0.7774780168090747,0.7774054869279268,0.777441750176868,80000000,1
1294707180000,1294707239000,0.7774115305678214,0.7774659275557249,0.7773692270617776,0.7774054869279268,85000000,1
1294707240000,1294707299000,0.7774054869279268,0.7775324231020434,0.7773269281594454,0.7773269281594454,134000000,1
1294707300000,1294707359000,0.7773269281594454,0.7774538386783285,0.7772906756210551,0.7773269281594454,120000000,1
1294707360000,1294707419000,0.7772604677553495,0.7773813133079907,0.7771758982210444,0.7773813133079907,93000000,1
1294707420000,1294707479000,0.7773933999300345,0.7775989300238723,0.7773813133079907,0.7775505602251787,159000000,1
1294707480000,1294707539000,0.7775505602251787,0.7777501244400199,0.7775082415873609,0.7777017358302744,137000000,1
1294707540000,1294707599000,0.7777259293824855,0.7778287687748419,0.7776049766718507,0.7776049766718507,192000000,1
1294707600000,1294707659000,0.7776049766718507,0.7777864198491093,0.7775686981944855,0.7777319780057397,141000000,1
1294707660000,1294707719000,0.7776835916538997,0.7778348189978376,0.7776352113223687,0.7777864198491093,117000000,1
1294707720000,1294707779000,0.7777864198491093,0.7777864198491093,0.7776231171800275,0.7776835916538997,146000000,1
1294707780000,1294707839000,0.7776835916538997,0.7777017358302744,0.7776594007356658,0.777689639618621,63000000,1
1294707840000,1294707899000,0.777689639618621,0.7779134804627029,0.7776714960066569,0.7778650715246933,147000000,1
1294707900000,1294707959000,0.7778590208310646,0.7780950676553661,0.7776956876774118,0.7779861051681618,218000000,1
1294707960000,1294708019000,0.7779740001089164,0.778216172888505,0.7779134804627029,0.7782101167315175,230000000,1
1294708020000,1294708079000,0.7782101167315175,0.7782949115078687,0.7779679477205539,0.7782888541253201,156000000,1
1294708080000,1294708139000,0.7782888541253201,0.7785433454007551,0.7781435052252337,0.778198004700316,217000000,1
1294708140000,1294708199000,0.778198004700316,0.778198004700316,0.777907429015947,0.7779618954263621,186000000,1
1294708200000,1294708259000,0.777949791120481,0.7780284758422158,0.7777561734396267,0.7778590208310646,128000000,1
1294708260000,1294708319000,0.7778469197261978,0.7779437391087877,0.7777803703790124,0.7778166686112084,134000000,1
1294708320000,1294708379000,0.7778166686112084,0.7778287687748419,0.777689639618621,0.7777138324182234,88000000,1
1294708380000,1294708439000,0.7777198808533143,0.7777198808533143,0.7776352113223687,0.7776714960066569,94000000,1
1294708440000,1294708499000,0.7776714960066569,0.7777682717211234,0.7776412585346127,0.777762222533327,133000000,1
1294708500000,1294708559000,0.7777924694133111,0.7778832241703876,0.7776835916538997,0.7777985190716197,237000000,1
1294708560000,1294708619000,0.7777985190716197,0.7777985190716197,0.7776352113223687,0.7776594007356658,117000000,1
1294708620000,1294708679000,0.7776533532412592,0.7777198808533143,0.7775868370100231,0.7776412585346127,85000000,1
1294708680000,1294708739000,0.7776412585346127,0.7776473058409089,0.7774840615767377,0.7775505602251787,118000000,1
1294708740000,1294708799000,0.7775505602251787,0.7776170702499262,0.7775263775823594,0.7775263775823594,59000000,1
1294708800000,1294708859000,0.7775263775823594,0.7776412585346127,0.7774961513940505,0.7775747443723028,78000000,1
1294708860000,1294708919000,0.7775928834699305,0.7777077840772109,0.7775263775823594,0.7776835916538997,119000000,1
1294708920000,1294708979000,0.7776473058409089,0.7777743210030178,0.7776412585346127,0.7777017358302744,67000000,1
1294708980000,1294709039000,0.7777259293824855,0.7777259293824855,0.7775807906441479,0.7776170702499262,78000000,1
1294709040000,1294709099000,0.7775747443723028,0.777689639618621,0.7775445144234507,0.777689639618621,94000000,1
1294709100000,1294709159000,0.7776956876774118,0.7777077840772109,0.7775686981944855,0.7776291642041743,131000000,1
1294709160000,1294709219000,0.7776291642041743,0.7778590208310646,0.7775868370100231,0.7777259293824855,111000000,1
1294709220000,1294709279000,0.7777259293824855,0.7777380267230787,0.7775021964437049,0.7777017358302744,124000000,1
1294709280000,1294709339000,0.7777017358302744,0.7777682717211234,0.7775807906441479,0.7775807906441479,129000000,1
1294709340000,1294709399000,0.7775807906441479,0.7775807906441479,0.7774175743016847,0.7775021964437049,68000000,1
1294709400000,1294709459000,0.7775021964437049,0.7776412585346127,0.7775021964437049,0.7775203321566858,107000000,1
1294709460000,1294709519000,0.7775324231020434,0.7777077840772109,0.7775324231020434,0.7777077840772109,56000000,1
1294709520000,1294709579000,0.7777380267230787,0.7779861051681618,0.7776775437832457,0.7779861051681618,141000000,1
1294709580000,1294709639000,0.777949791120481,0.778198004700316,0.777895326404879,0.7781737817689446,202000000,1
1294709640000,1294709699000,0.7781737817689446,0.7782222291397531,0.7781374501992032,0.778216172888505,91000000,1
1294709700000,1294709759000,0.7781919488260975,0.7781919488260975,0.7780224226062196,0.7781253404298365,134000000,1
1294709760000,1294709819000,0.7781737817689446,0.7782585686268405,0.7781495603454984,0.7781858930461308,112000000,1
1294709820000,1294709879000,0.778179837360414,0.778179837360414,0.777937687191256,0.7780526897281483,95000000,1
1294709880000,1294709939000,0.7780526897281483,0.7780526897281483,0.7778771731943527,0.7779618954263621,139000000,1
1294709940000,1294709999000,0.7779618954263621,0.7779800525914515,0.7779195320036095,0.7779740001089164,79000000,1
1294710000000,1294710059000,0.7779740001089164,0.7779740001089164,0.7778106186705661,0.7778590208310646,95000000,1
1294710060000,1294710119000,0.7778590208310646,0.7779982106041157,0.7777440755345045,0.777937687191256,133000000,1
1294710120000,1294710179000,0.777937687191256,0.7779558432263385,0.7777924694133111,0.7777924694133111,137000000,1
1294710180000,1294710239000,0.7777924694133111,0.7778590208310646,0.7775928834699305,0.777762222533327,203000000,1
1294710240000,1294710299000,0.777762222533327,0.7778408693149556,0.7777198808533143,0.7777198808533143,94000000,1
1294710300000,1294710359000,0.7777198808533143,0.7777501244400199,0.7761323771382447,0.7762468464971861,255000000,1
1294710360000,1294710419000,0.7762468464971861,0.7766929965592501,0.7762468464971861,0.7763251870943702,228000000,1
1294710420000,1294710479000,0.7763251870943702,0.7764276563531194,0.7756808538694839,0.776156473144986,347000000,1
1294710480000,1294710539000,0.7761143061150046,0.7761143061150046,0.7756327223932924,0.7757470444037609,425000000,1
1294710540000,1294710599000,0.7757891715347437,0.7761926199605694,0.7757891715347437,0.7761926199605694,204000000,1
1294710600000,1294710659000,0.7761926199605694,0.7763312139491192,0.7760058976448221,0.7762106946309506,198000000,1
1294710660000,1294710719000,0.7762347955009431,0.7763673770428167,0.7759216008814469,0.7761504490030348,191000000,1
1294710720000,1294710779000,0.7761444249545956,0.7761504490030348,0.7755184340731779,0.7756507709968664,386000000,1
1294710780000,1294710839000,0.7756688204404247,0.7759336421549229,0.7756387385011556,0.7759155803848542,181000000,1
1294710840000,1294710899000,0.7759035396719479,0.7760119195430841,0.7756327223932924,0.7756327223932924,186000000,1
1294710900000,1294710959000,0.7756327223932924,0.7762046696472926,0.7756327223932924,0.7760179415348083,210000000,1
1294710960000,1294711019000,0.7760119195430841,0.7762769756249029,0.7758794593671928,0.7762769756249029,210000000,1
1294711020000,1294711079000,0.7762769756249029,0.7762890279308792,0.7759396629318105,0.7761624973804516,211000000,1
1294711080000,1294711139000,0.7761624973804516,0.7765482430596001,0.7760902127263273,0.7764397133384578,207000000,1
1294711140000,1294711199000,0.7765542733781663,0.7767231603311947,0.7763613496265702,0.7763613496265702,295000000,1
1294711200000,1294711259000,0.7763673770428167,0.7767472930356838,0.7763613496265702,0.7765964882306802,251000000,1
1294711260000,1294711319000,0.7765904572564613,0.7771577785722057,0.7765603037903909,0.7769887025842644,269000000,1
1294711320000,1294711379000,0.7769887025842644,0.7770068143497618,0.7768257346829386,0.7769223000007769,214000000,1
1294711380000,1294711439000,0.7769223000007769,0.7771577785722057,0.7768559087660422,0.7771275810349785,318000000,1
1294711440000,1294711499000,0.7771698582442178,0.7774296620513259,0.7769343723535673,0.7769524815862262,228000000,1
1294711500000,1294711559000,0.7769585181847142,0.777079269856318,0.7768740143410944,0.7769283361302753,222000000,1
1294711560000,1294711619000,0.7769283361302753,0.7771155026771629,0.7768197001475957,0.7769766285430134,164000000,1
1294711620000,1294711679000,0.7769585181847142,0.7769585181847142,0.7767533264461205,0.7768921207601113,246000000,1
1294711680000,1294711739000,0.7768921207601113,0.7769645548770064,0.7764758865413434,0.7765663342962756,293000000,1
1294711740000,1294711799000,0.7764939744067585,0.7766748994206005,0.7763914876437294,0.7765180928715639,318000000,1
1294711800000,1294711859000,0.7764758865413434,0.7766145817153863,0.7764095715771985,0.7764095715771985,165000000,1
1294711860000,1294711919000,0.7764095715771985,0.7767231603311947,0.7764095715771985,0.7766326760432118,210000000,1
1294711920000,1294711979000,0.7765904572564613,0.7767834949043002,0.7764939744067585,0.7766688672284572,132000000,1
1294711980000,1294712039000,0.7766145817153863,0.7767291933667327,0.7765422128346897,0.7767291933667327,171000000,1
1294712040000,1294712099000,0.7767291933667327,0.7767291933667327,0.7765964882306802,0.7766266445069198,110000000,1
1294712100000,1294712159000,0.7766085504601405,0.776886085193328,0.7765964882306802,0.776886085193328,151000000,1
1294712160000,1294712219000,0.7768317693120378,0.7768800497203232,0.7765844263759134,0.7767593599502873,238000000,1
1294712220000,1294712279000,0.7767593599502873,0.7767593599502873,0.7765904572564613,0.7765964882306802,292000000,1
1294712280000,1294712339000,0.7765964882306802,0.7768559087660422,0.7765783955890346,0.7766688672284572,210000000,1
1294712340000,1294712399000,0.7766688672284572,0.7769464450815405,0.7766507712142159,0.7767593599502873,245000000,1
1294712400000,1294712459000,0.7767593599502873,0.7768981564206748,0.7766869640859948,0.7767110945412744,150000000,1
1294712460000,1294712519000,0.7767110945412744,0.776741259718975,0.7766568031252669,0.7767291933667327,182000000,1
1294712520000,1294712579000,0.7767110945412744,0.7768136657060071,0.7766387076731904,0.776741259718975,163000000,1
1294712580000,1294712639000,0.7767291933667327,0.7767714272398204,0.7766628351300133,0.7767171273893761,113000000,1
1294712640000,1294712699000,0.7767231603311947,0.7768740143410944,0.7767231603311947,0.7767955629437445,187000000,1
1294712700000,1294712759000,0.7768015971040836,0.7768257346829386,0.7767291933667327,0.7767593599502873,110000000,1
1294712760000,1294712819000,0.7767593599502873,0.7770128517925686,0.7767593599502873,0.7768559087660422,146000000,1
1294712820000,1294712879000,0.7768559087660422,0.7769404086706551,0.7767834949043002,0.7767834949043002,117000000,1
1294712880000,1294712939000,0.7767834949043002,0.776843838851514,0.7767834949043002,0.7767955629437445,71000000,1
1294712940000,1294712999000,0.7767955629437445,0.7768619438639559,0.7766688672284572,0.7766688672284572,124000000,1
1294713000000,1294713059000,0.7766869640859948,0.7769645548770064,0.776536182703433,0.7769645548770064,181000000,1
1294713060000,1294713119000,0.7769645548770064,0.7769645548770064,0.7769585181847142,0.7769585181847142,177000000,1
1294713120000,1294713179000,0.7769585181847142,0.7769645548770064,0.7769585181847142,0.7769645548770064,128000000,1
1294713180000,1294713239000,0.7769645548770064,0.7769645548770064,0.7766748994206005,0.7767834949043002,109000000,1
1294713240000,1294713299000,0.7768559087660422,0.7768559087660422,0.7766990291262136,0.7767171273893761,99000000,1
1294713300000,1294713359000,0.7767171273893761,0.776777461025191,0.7766748994206005,0.7767714272398204,233000000,1
1294713360000,1294713419000,0.7767714272398204,0.7767714272398204,0.7765241227218723,0.7765783955890346,152000000,1
1294713420000,1294713479000,0.7765844263759134,0.776741259718975,0.7765844263759134,0.7766929965592501,150000000,1
1294713480000,1294713539000,0.7766929965592501,0.7767533264461205,0.7766748994206005,0.7766748994206005,55000000,1
1294713540000,1294713599000,0.7766748994206005,0.7767291933667327,0.7765663342962756,0.7766025192985726,118000000,1
1294713600000,1294713659000,0.7766025192985726,0.7766568031252669,0.7765844263759134,0.7766568031252669,85000000,1
1294713660000,1294713719000,0.7766568031252669,0.7767171273893761,0.7766326760432118,0.7766387076731904,128000000,1
1294713720000,1294713779000,0.776620613064312,0.7767593599502873,0.7765844263759134,0.7766990291262136,127000000,1
1294713780000,1294713839000,0.7767050617868877,0.7767834949043002,0.7767050617868877,0.7767834949043002,122000000,1
1294713840000,1294713899000,0.776741259718975,0.7768015971040836,0.7766507712142159,0.7767472930356838,172000000,1
1294713900000,1294713959000,0.7767352264959921,0.7768015971040836,0.7767110945412744,0.7767472930356838,180000000,1
1294713960000,1294714019000,0.7767472930356838,0.776777461025191,0.7767231603311947,0.7767653935481866,200000000,1
1294714020000,1294714079000,0.7767955629437445,0.7768197001475957,0.776620613064312,0.7768015971040836,108000000,1
1294714080000,1294714139000,0.7767955629437445,0.7767955629437445,0.7766809317064456,0.7767352264959921,141000000,1
1294714140000,1294714199000,0.7767352264959921,0.7767352264959921,0.7766688672284572,0.7767231603311947,95000000,1
1294714200000,1294714259000,0.7767231603311947,0.7768015971040836,0.7766688672284572,0.7767231603311947,74000000,1
1294714260000,1294714319000,0.7767171273893761,0.7768015971040836,0.7767171273893761,0.7767955629437445,75000000,1
1294714320000,1294714379000,0.7767955629437445,0.7769524815862262,0.7767955629437445,0.7769041921750209,89000000,1
1294714380000,1294714439000,0.7769041921750209,0.7771396597682569,0.7768740143410944,0.7770249269596567,143000000,1
1294714440000,1294714499000,0.7770249269596567,0.7770249269596567,0.7769343723535673,0.7769645548770064,124000000,1
1294714500000,1294714559000,0.7769766285430134,0.7769826655167323,0.7768981564206748,0.7769645548770064,135000000,1
1294714560000,1294714619000,0.7769645548770064,0.7769887025842644,0.7769645548770064,0.7769887025842644,49000000,1
1294714620000,1294714679000,0.7769887025842644,0.7770551165194147,0.7768800497203232,0.7768800497203232,134000000,1
1294714680000,1294714739000,0.7768800497203232,0.776994739745612,0.7768800497203232,0.7769826655167323,177000000,1
1294714740000,1294714799000,0.7769826655167323,0.7770188893291996,0.7769223000007769,0.7769645548770064,118000000,1
1294714800000,1294714859000,0.7769766285430134,0.7772544264639587,0.7769766285430134,0.7772000590672045,108000000,1
1294714860000,1294714919000,0.7772000590672045,0.7773148436042534,0.7771577785722057,0.7772121400536276,111000000,1
1294714920000,1294714979000,0.7772121400536276,0.7773269281594454,0.7771879784563493,0.77724234416291,132000000,1
1294714980000,1294715039000,0.77724234416291,0.7773269281594454,0.7772242214156362,0.7772785921930138,144000000,1
1294715040000,1294715099000,0.7772785921930138,0.777302759424796,0.7772544264639587,0.7772544264639587,46000000,1
1294715100000,1294715159000,0.7772483852664797,0.7773088014675591,0.7771879784563493,0.7772060995134691,117000000,1
1294715160000,1294715219000,0.7772060995134691,0.7772060995134691,0.7770007770007771,0.7770128517925686,98000000,1
1294715220000,1294715279000,0.7769826655167323,0.7770068143497618,0.7769343723535673,0.7769343723535673,87000000,1
1294715280000,1294715339000,0.7769162639650699,0.7770068143497618,0.7769162639650699,0.7770068143497618,37000000,1
1294715340000,1294715399000,0.7770128517925686,0.7771577785722057,0.7770007770007771,0.7771275810349785,162000000,1
1294715400000,1294715459000,0.7771336203546838,0.7772906756210551,0.7771336203546838,0.7772483852664797,150000000,1
1294715460000,1294715519000,0.7772483852664797,0.777332970577947,0.777194018714832,0.7772121400536276,115000000,1
1294715520000,1294715579000,0.7772121400536276,0.7773148436042534,0.7771577785722057,0.7773088014675591,139000000,1
1294715580000,1294715639000,0.7773148436042534,0.7773208858348815,0.7771094636390482,0.7771879784563493,115000000,1
1294715640000,1294715699000,0.7772060995134691,0.7775868370100231,0.7772060995134691,0.7774357060671082,175000000,1
1294715700000,1294715759000,0.7774598830700336,0.7775868370100231,0.7774054869279268,0.7774236181295188,156000000,1
1294715760000,1294715819000,0.7774236181295188,0.7775384687157396,0.7774054869279268,0.7775203321566858,146000000,1
1294715820000,1294715879000,0.7775203321566858,0.7777077840772109,0.7773994433819985,0.7775082415873609,187000000,1
1294715880000,1294715939000,0.7775082415873609,0.777665448324131,0.7775082415873609,0.7776473058409089,267000000,1
1294715940000,1294715999000,0.7776473058409089,0.7776956876774118,0.7776110234138679,0.7776594007356658,149000000,1
1294716000000,1294716059000,0.7776594007356658,0.777689639618621,0.7776473058409089,0.777689639618621,82000000,1
1294716060000,1294716119000,0.777689639618621,0.7777017358302744,0.7776049766718507,0.7776714960066569,129000000,1
1294716120000,1294716179000,0.7777561734396267,0.7778227186459663,0.7776835916538997,0.7777501244400199,83000000,1
1294716180000,1294716239000,0.7777924694133111,0.7777924694133111,0.7776291642041743,0.7776473058409089,57000000,1
1294716240000,1294716299000,0.777665448324131,0.7778408693149556,0.7776291642041743,0.7777440755345045,71000000,1
1294716300000,1294716359000,0.7777380267230787,0.7779437391087877,0.7777259293824855,0.7778650715246933,59000000,1
1294716360000,1294716419000,0.7778650715246933,0.7781737817689446,0.7777803703790124,0.7780042634633638,126000000,1
1294716420000,1294716479000,0.7780042634633638,0.7780769051213021,0.777992157839049,0.7780224226062196,39000000,1
1294716480000,1294716539000,0.7780224226062196,0.7780405825967882,0.7778408693149556,0.7778408693149556,116000000,1
1294716540000,1294716599000,0.7778408693149556,0.777949791120481,0.7776714960066569,0.7778106186705661,152000000,1
1294716600000,1294716659000,0.7778106186705661,0.7779800525914515,0.7777985190716197,0.7778287687748419,127000000,1
1294716660000,1294716719000,0.7778408693149556,0.7778408693149556,0.7777743210030178,0.7777924694133111,50000000,1
1294716720000,1294716779000,0.7778106186705661,0.7778590208310646,0.7777924694133111,0.7778348189978376,62000000,1
1294716780000,1294716839000,0.7778348189978376,0.7778529702315669,0.7778287687748419,0.7778348189978376,28000000,1
1294716840000,1294716899000,0.7778227186459663,0.7778711223124553,0.7778227186459663,0.7778529702315669,22000000,1
1294716900000,1294716959000,0.7778348189978376,0.7778529702315669,0.7778227186459663,0.7778469197261978,43000000,1
1294716960000,1294717019000,0.7778469197261978,0.7779255836386691,0.7778469197261978,0.7778892752405622,60000000,1
1294717020000,1294717079000,0.7778892752405622,0.7780103164167956,0.7778711223124553,0.7778832241703876,72000000,1
1294717080000,1294717139000,0.7778771731943527,0.7778771731943527,0.7776352113223687,0.7777138324182234,64000000,1
1294717140000,1294717199000,0.7777440755345045,0.7777561734396267,0.7775203321566858,0.7775445144234507,60000000,1
1294717200000,1294717259000,0.7775505602251787,0.7776594007356658,0.7775505602251787,0.7776594007356658,25000000,1
1294717260000,1294717319000,0.7777743210030178,0.7778529702315669,0.7777319780057397,0.7777440755345045,72000000,1
1294717320000,1294717379000,0.7777440755345045,0.7778287687748419,0.7776956876774118,0.7777380267230787,42000000,1
1294717380000,1294717439000,0.7778287687748419,0.7778287687748419,0.7776835916538997,0.7777380267230787,82000000,1
1294717440000,1294717499000,0.7777380267230787,0.7778045688240373,0.7777380267230787,0.7778045688240373,60000000,1
1294717500000,1294717559000,0.7778045688240373,0.7778650715246933,0.777762222533327,0.7778529702315669,94000000,1
1294717560000,1294717619000,0.7778529702315669,0.777895326404879,0.777689639618621,0.7777138324182234,120000000,1
1294717620000,1294717679000,0.7777138324182234,0.7777440755345045,0.7777017358302744,0.7777380267230787,36000000,1
1294717680000,1294717739000,0.7777561734396267,0.7777561734396267,0.7774961513940505,0.7775082415873609,106000000,1
1294717740000,1294717799000,0.7775082415873609,0.7775747443723028,0.7774477943806074,0.7775747443723028,54000000,1
1294717800000,1294717859000,0.7775142868250204,0.7775868370100231,0.7774054869279268,0.7774538386783285,80000000,1
1294717860000,1294717919000,0.7774598830700336,0.7774719721354045,0.7773148436042534,0.7773208858348815,102000000,1
1294717920000,1294717979000,0.7772785921930138,0.7773269281594454,0.7771396597682569,0.7771517388770157,127000000,1
1294717980000,1294718039000,0.7771698582442178,0.77724234416291,0.7771698582442178,0.777194018714832,51000000,1
1294718040000,1294718099000,0.777194018714832,0.7772302622374904,0.7771034246947927,0.7772302622374904,77000000,1
1294718100000,1294718159000,0.7772302622374904,0.7772302622374904,0.7772302622374904,0.7772302622374904,2000000,1
1294718160000,1294718219000,0.7772363031532477,0.7773510983971021,0.7772363031532477,0.7772544264639587,63000000,1
1294718220000,1294718279000,0.7772302622374904,0.7772604677553495,0.7772302622374904,0.7772483852664797,14000000,1
1294718280000,1294718339000,0.7772604677553495,0.777339013090389,0.7772604677553495,0.7772967174759621,27000000,1
1294718340000,1294718399000,0.777302759424796,0.7775142868250204,0.777302759424796,0.7773933999300345,80000000,1
1294718400000,1294718459000,0.7773752701379063,0.7773752701379063,0.7772785921930138,0.7773088014675591,139000000,1
1294718460000,1294718519000,0.7773208858348815,0.7774538386783285,0.7773208858348815,0.7774538386783285,120000000,1
1294718520000,1294718579000,0.7774538386783285,0.7774719721354045,0.7773813133079907,0.7774175743016847,35000000,1
1294718580000,1294718639000,0.7774175743016847,0.7774659275557249,0.7773873565720327,0.7774054869279268,35000000,1
1294718640000,1294718699000,0.7774054869279268,0.7775082415873609,0.7772906756210551,0.7772967174759621,77000000,1
1294718700000,1294718759000,0.7772967174759621,0.7775203321566858,0.7772906756210551,0.7774961513940505,123000000,1
1294718760000,1294718819000,0.7774961513940505,0.7775626521106938,0.7774840615767377,0.7775021964437049,118000000,1
1294718820000,1294718879000,0.7775021964437049,0.7775686981944855,0.7774780168090747,0.7775505602251787,139000000,1
1294718880000,1294718939000,0.7775505602251787,0.7777138324182234,0.7774115305678214,0.7775686981944855,109000000,1
1294718940000,1294718999000,0.7775686981944855,0.7775747443723028,0.7775142868250204,0.7775263775823594,72000000,1
1294719000000,1294719059000,0.7775324231020434,0.7776291642041743,0.7775082415873609,0.7776049766718507,92000000,1
1294719060000,1294719119000,0.7776049766718507,0.7776533532412592,0.7775566061209257,0.7775989300238723,43000000,1
1294719120000,1294719179000,0.7775989300238723,0.7776291642041743,0.7775686981944855,0.7775868370100231,44000000,1
1294719180000,1294719239000,0.7775747443723028,0.7776412585346127,0.7775747443723028,0.7775747443723028,89000000,1
1294719240000,1294719299000,0.7775747443723028,0.777689639618621,0.7774780168090747,0.7775263775823594,109000000,1
1294719300000,1294719359000,0.7775203321566858,0.7778287687748419,0.7775142868250204,0.7778227186459663,99000000,1
1294719360000,1294719419000,0.7778227186459663,0.7778832241703876,0.7778106186705661,0.7778650715246933,72000000,1
1294719420000,1294719479000,0.7778650715246933,0.7779861051681618,0.7778106186705661,0.7778166686112084,102000000,1
1294719480000,1294719539000,0.7777924694133111,0.7777985190716197,0.7775807906441479,0.7775807906441479,133000000,1
1294719540000,1294719599000,0.7775686981944855,0.7776714960066569,0.7775324231020434,0.7775505602251787,138000000,1
1294719600000,1294719659000,0.7775505602251787,0.7776291642041743,0.7775505602251787,0.7776231171800275,114000000,1
1294719660000,1294719719000,0.7776231171800275,0.7776231171800275,0.7775626521106938,0.7776110234138679,86000000,1
1294719720000,1294719779000,0.7776231171800275,0.7776231171800275,0.7775626521106938,0.7776110234138679,116000000,1
1294719780000,1294719839000,0.7776110234138679,0.7776231171800275,0.7775928834699305,0.7776170702499262,64000000,1
1294719840000,1294719899000,0.7776170702499262,0.7777077840772109,0.7775928834699305,0.7776533532412592,104000000,1
1294719900000,1294719959000,0.7776533532412592,0.7776533532412592,0.7776473058409089,0.7776533532412592,64000000,1
1294719960000,1294720019000,0.777665448324131,0.7777743210030178,0.7776533532412592,0.777665448324131,83000000,1
1294720020000,1294720079000,0.777665448324131,0.777689639618621,0.7776352113223687,0.7776412585346127,60000000,1
1294720080000,1294720139000,0.7776412585346127,0.7777924694133111,0.7776231171800275,0.7776231171800275,142000000,1
1294720140000,1294720199000,0.7776231171800275,0.7777319780057397,0.7776231171800275,0.7776231171800275,69000000,1
1294720200000,1294720259000,0.7776231171800275,0.7777319780057397,0.7776231171800275,0.7777259293824855,59000000,1
1294720260000,1294720319000,0.777689639618621,0.777689639618621,0.7776291642041743,0.7776473058409089,69000000,1
1294720320000,1294720379000,0.7776473058409089,0.7777198808533143,0.7776473058409089,0.7776835916538997,101000000,1
1294720380000,1294720439000,0.7776835916538997,0.7777138324182234,0.7775868370100231,0.7776049766718507,110000000,1
1294720440000,1294720499000,0.7776049766718507,0.7776049766718507,0.7775384687157396,0.7775384687157396,55000000,1
1294720500000,1294720559000,0.7775384687157396,0.7775384687157396,0.7775203321566858,0.7775203321566858,47000000,1
1294720560000,1294720619000,0.7775203321566858,0.7775263775823594,0.7775203321566858,0.7775203321566858,20000000,1
1294720620000,1294720679000,0.7775203321566858,0.7775747443723028,0.7774961513940505,0.7774961513940505,89000000,1
1294720680000,1294720739000,0.7774961513940505,0.7775324231020434,0.7774901064383956,0.7775263775823594,72000000,1
1294720740000,1294720799000,0.7775263775823594,0.7775626521106938,0.7775203321566858,0.7775203321566858,50000000,1
1294720800000,1294720859000,0.7775263775823594,0.7775263775823594,0.7774901064383956,0.7774901064383956,42000000,1
1294720860000,1294720919000,0.7774901064383956,0.7775021964437049,0.7774901064383956,0.7774901064383956,30000000,1
1294720920000,1294720979000,0.7774901064383956,0.7774961513940505,0.7774477943806074,0.7774538386783285,113000000,1
1294720980000,1294721039000,0.7774538386783285,0.7774901064383956,0.7774538386783285,0.7774598830700336,66000000,1
1294721040000,1294721099000,0.777441750176868,0.777441750176868,0.777332970577947,0.7773933999300345,77000000,1
1294721100000,1294721159000,0.7774054869279268,0.7774054869279268,0.7773692270617776,0.7773813133079907,66000000,1
1294721160000,1294721219000,0.7773813133079907,0.7774115305678214,0.7773813133079907,0.7773994433819985,51000000,1
1294721220000,1294721279000,0.7774236181295188,0.7774236181295188,0.7773873565720327,0.7774175743016847,106000000,1
1294721280000,1294721339000,0.7774175743016847,0.7774477943806074,0.7774115305678214,0.7774236181295188,67000000,1
1294721340000,1294721399000,0.7774236181295188,0.7774236181295188,0.7773873565720327,0.7773933999300345,65000000,1
1294721400000,1294721459000,0.7773873565720327,0.7774538386783285,0.7773692270617776,0.7773692270617776,118000000,1
1294721460000,1294721519000,0.7773692270617776,0.7773692270617776,0.7771456992757003,0.7772060995134691,246000000,1
1294721520000,1294721579000,0.7772060995134691,0.7772060995134691,0.777061154712876,0.7771879784563493,131000000,1
1294721580000,1294721639000,0.7771879784563493,0.7772785921930138,0.7771638183612725,0.77724234416291,60000000,1
1294721640000,1294721699000,0.7772483852664797,0.7772725506198748,0.7772000590672045,0.7772060995134691,73000000,1
1294721700000,1294721759000,0.7772302622374904,0.7772302622374904,0.777194018714832,0.7772000590672045,51000000,1
1294721760000,1294721819000,0.7772000590672045,0.7772000590672045,0.7771758982210444,0.777194018714832,41000000,1
1294721820000,1294721879000,0.777194018714832,0.7773571411913776,0.777194018714832,0.7773208858348815,53000000,1
1294721880000,1294721939000,0.7773208858348815,0.7773510983971021,0.7773208858348815,0.7773269281594454,54000000,1
1294721940000,1294721999000,0.7773269281594454,0.777332970577947,0.7772967174759621,0.7772967174759621,60000000,1
1294722000000,1294722059000,0.7772967174759621,0.7773994433819985,0.7772967174759621,0.7773994433819985,21000000,1
1294722060000,1294722119000,0.7773994433819985,0.7773994433819985,0.7773752701379063,0.7773752701379063,19000000,1
1294722120000,1294722179000,0.7773752701379063,0.7774780168090747,0.7773752701379063,0.7774780168090747,19000000,1
1294722180000,1294722239000,0.7774780168090747,0.7776110234138679,0.7774357060671082,0.7774357060671082,49000000,1
1294722240000,1294722299000,0.7774296620513259,0.7774296620513259,0.7773450556967733,0.7773450556967733,53000000,1
1294722300000,1294722359000,0.7773450556967733,0.7773752701379063,0.777339013090389,0.7773752701379063,36000000,1
1294722360000,1294722419000,0.777363184079602,0.7775021964437049,0.777363184079602,0.7774357060671082,53000000,1
1294722420000,1294722479000,0.7774477943806074,0.7776835916538997,0.7774477943806074,0.7776775437832457,69000000,1
1294722480000,1294722539000,0.7776775437832457,0.7776775437832457,0.7775989300238723,0.7776473058409089,66000000,1
1294722540000,1294722599000,0.7776473058409089,0.7776473058409089,0.7775082415873609,0.7775686981944855,93000000,1
1294722600000,1294722659000,0.7775686981944855,0.7777017358302744,0.7775686981944855,0.7777017358302744,89000000,1
1294722660000,1294722719000,0.7777017358302744,0.7778166686112084,0.7775868370100231,0.7777440755345045,128000000,1
1294722720000,1294722779000,0.7777259293824855,0.7777259293824855,0.7772785921930138,0.7773752701379063,126000000,1
1294722780000,1294722839000,0.7773752701379063,0.7774296620513259,0.7772604677553495,0.777339013090389,100000000,1
1294722840000,1294722899000,0.7773510983971021,0.7773933999300345,0.7771396597682569,0.7771879784563493,92000000,1
1294722900000,1294722959000,0.7771879784563493,0.777363184079602,0.7771819382917541,0.7772846338600733,84000000,1
1294722960000,1294723019000,0.7772725506198748,0.7772967174759621,0.7771638183612725,0.7771758982210444,113000000,1
1294723020000,1294723079000,0.7771698582442178,0.7773692270617776,0.7771698582442178,0.7773148436042534,137000000,1
1294723080000,1294723139000,0.7773148436042534,0.7773450556967733,0.7771698582442178,0.7771819382917541,64000000,1
1294723140000,1294723199000,0.7771819382917541,0.7771819382917541,0.777049078419793,0.777049078419793,71000000,1
1294723200000,1294723259000,0.777049078419793,0.7771094636390482,0.7769887025842644,0.7770551165194147,107000000,1
1294723260000,1294723319000,0.777061154712876,0.7772604677553495,0.777049078419793,0.7772483852664797,233000000,1
1294723320000,1294723379000,0.7772483852664797,0.777332970577947,0.7772000590672045,0.7773208858348815,106000000,1
1294723380000,1294723439000,0.7773208858348815,0.7775082415873609,0.7773208858348815,0.7775021964437049,139000000,1
1294723440000,1294723499000,0.7775021964437049,0.7775384687157396,0.7771758982210444,0.7772242214156362,95000000,1
1294723500000,1294723559000,0.7772242214156362,0.7772242214156362,0.7769705916631056,0.777061154712876,93000000,1
1294723560000,1294723619000,0.777061154712876,0.7772906756210551,0.777061154712876,0.7772302622374904,76000000,1
1294723620000,1294723679000,0.7772302622374904,0.7772483852664797,0.777085308425159,0.7771155026771629,56000000,1
1294723680000,1294723739000,0.7771155026771629,0.7771638183612725,0.7770068143497618,0.7771336203546838,66000000,1
1294723740000,1294723799000,0.7771336203546838,0.7773088014675591,0.7771336203546838,0.7771819382917541,127000000,1
1294723800000,1294723859000,0.7771819382917541,0.7771879784563493,0.7770128517925686,0.777079269856318,193000000,1
1294723860000,1294723919000,0.777079269856318,0.7771275810349785,0.777079269856318,0.777121541809139,23000000,1
1294723920000,1294723979000,0.7771275810349785,0.7771638183612725,0.777097385844394,0.7771396597682569,66000000,1
1294723980000,1294724039000,0.7771336203546838,0.7772121400536276,0.777097385844394,0.7772121400536276,91000000,1
1294724040000,1294724099000,0.7771819382917541,0.7771879784563493,0.7771275810349785,0.7771698582442178,95000000,1
1294724100000,1294724159000,0.7771698582442178,0.7772000590672045,0.7771034246947927,0.7771275810349785,42000000,1
1294724160000,1294724219000,0.7771336203546838,0.7771879784563493,0.7771336203546838,0.7771879784563493,22000000,1
1294724220000,1294724279000,0.7771879784563493,0.7773510983971021,0.7771819382917541,0.7773088014675591,137000000,1
1294724280000,1294724339000,0.7773088014675591,0.7773088014675591,0.7770671930001787,0.7770913470878501,120000000,1
1294724340000,1294724399000,0.7770913470878501,0.7772665091406542,0.777085308425159,0.7772665091406542,118000000,1
1294724400000,1294724459000,0.7772665091406542,0.7772665091406542,0.7771034246947927,0.7771456992757003,116000000,1
1294724460000,1294724519000,0.7771456992757003,0.7772121400536276,0.7771155026771629,0.7771819382917541,88000000,1
1294724520000,1294724579000,0.7771758982210444,0.7772363031532477,0.777097385844394,0.777194018714832,122000000,1
1294724580000,1294724639000,0.7772060995134691,0.7774054869279268,0.7772060995134691,0.777363184079602,89000000,1
1294724640000,1294724699000,0.777363184079602,0.7774598830700336,0.777363184079602,0.7774054869279268,72000000,1
1294724700000,1294724759000,0.7774175743016847,0.7774780168090747,0.777339013090389,0.7774054869279268,95000000,1
1294724760000,1294724819000,0.7774054869279268,0.7774054869279268,0.7772302622374904,0.7772785921930138,93000000,1
1294724820000,1294724879000,0.7772785921930138,0.7773450556967733,0.7772665091406542,0.777339013090389,75000000,1
1294724880000,1294724939000,0.777339013090389,0.7773450556967733,0.7771577785722057,0.7771577785722057,112000000,1
1294724940000,1294724999000,0.7771577785722057,0.7772846338600733,0.7771577785722057,0.7772060995134691,85000000,1
1294725000000,1294725059000,0.7772060995134691,0.777302759424796,0.7772060995134691,0.7772363031532477,53000000,1
1294725060000,1294725119000,0.7772363031532477,0.777302759424796,0.7772363031532477,0.7772544264639587,90000000,1
1294725120000,1294725179000,0.7772544264639587,0.777302759424796,0.7772302622374904,0.777302759424796,87000000,1
1294725180000,1294725239000,0.777302759424796,0.7773148436042534,0.7772604677553495,0.7773088014675591,51000000,1
1294725240000,1294725299000,0.7772906756210551,0.7773692270617776,0.7771638183612725,0.7773088014675591,130000000,1
1294725300000,1294725359000,0.7773088014675591,0.7773933999300345,0.7772665091406542,0.7773088014675591,134000000,1
1294725360000,1294725419000,0.7773088014675591,0.7774357060671082,0.777302759424796,0.7773571411913776,81000000,1
1294725420000,1294725479000,0.7773571411913776,0.7777743210030178,0.777339013090389,0.7777743210030178,113000000,1
1294725480000,1294725539000,0.7777743210030178,0.7778287687748419,0.7776714960066569,0.7777864198491093,109000000,1
1294725540000,1294725599000,0.7777864198491093,0.7777864198491093,0.7776956876774118,0.7777501244400199,79000000,1
1294725600000,1294725659000,0.7777259293824855,0.7777259293824855,0.7775868370100231,0.7775928834699305,158000000,1
1294725660000,1294725719000,0.7775928834699305,0.7776473058409089,0.7774780168090747,0.7775384687157396,132000000,1
1294725720000,1294725779000,0.7775142868250204,0.7776473058409089,0.7775142868250204,0.7776231171800275,111000000,1
1294725780000,1294725839000,0.7776594007356658,0.777665448324131,0.7774840615767377,0.7774840615767377,147000000,1
1294725840000,1294725899000,0.7774840615767377,0.7774840615767377,0.7771819382917541,0.7771819382917541,169000000,1
1294725900000,1294725959000,0.7771819382917541,0.777339013090389,0.7771819382917541,0.7772967174759621,204000000,1
1294725960000,1294726019000,0.7772967174759621,0.7774961513940505,0.7772785921930138,0.7773933999300345,176000000,1
1294726020000,1294726079000,0.7773933999300345,0.7775203321566858,0.777332970577947,0.7773752701379063,123000000,1
1294726080000,1294726139000,0.7773692270617776,0.7773813133079907,0.7772181806876827,0.7772967174759621,175000000,1
1294726140000,1294726199000,0.7772967174759621,0.777332970577947,0.7771336203546838,0.7771336203546838,166000000,1
1294726200000,1294726259000,0.7771336203546838,0.777194018714832,0.7771275810349785,0.7771698582442178,105000000,1
1294726260000,1294726319000,0.7771698582442178,0.7771758982210444,0.777121541809139,0.7771336203546838,83000000,1
1294726320000,1294726379000,0.7771336203546838,0.7772665091406542,0.7771336203546838,0.7772121400536276,143000000,1
1294726380000,1294726439000,0.7772121400536276,0.7775626521106938,0.7772000590672045,0.7774719721354045,201000000,1
1294726440000,1294726499000,0.7774719721354045,0.7775384687157396,0.7774175743016847,0.7774538386783285,148000000,1
1294726500000,1294726559000,0.7774538386783285,0.7776594007356658,0.777441750176868,0.7776170702499262,158000000,1
1294726560000,1294726619000,0.7776170702499262,0.7776291642041743,0.7774719721354045,0.7775021964437049,142000000,1
1294726620000,1294726679000,0.7775021964437049,0.7775566061209257,0.7774236181295188,0.7774538386783285,91000000,1
1294726680000,1294726739000,0.777441750176868,0.7774477943806074,0.7772363031532477,0.7772363031532477,223000000,1
1294726740000,1294726799000,0.77724234416291,0.77724234416291,0.7771396597682569,0.7772121400536276,133000000,1
1294726800000,1294726859000,0.7772121400536276,0.7772121400536276,0.7770913470878501,0.7771034246947927,163000000,1
1294726860000,1294726919000,0.7771034246947927,0.7771879784563493,0.7771034246947927,0.777121541809139,121000000,1
1294726920000,1294726979000,0.7771034246947927,0.777194018714832,0.7770732313813253,0.777194018714832,151000000,1
1294726980000,1294727039000,0.777194018714832,0.7772906756210551,0.7771336203546838,0.7772302622374904,158000000,1
1294727040000,1294727099000,0.7772302622374904,0.7772906756210551,0.7772181806876827,0.7772906756210551,163000000,1
1294727100000,1294727159000,0.7772302622374904,0.7772665091406542,0.7769524815862262,0.7771577785722057,154000000,1
1294727160000,1294727219000,0.7771758982210444,0.77724234416291,0.7771275810349785,0.7772302622374904,92000000,1
1294727220000,1294727279000,0.7772302622374904,0.7772544264639587,0.777097385844394,0.7772302622374904,99000000,1
1294727280000,1294727339000,0.7772302622374904,0.7773269281594454,0.7772060995134691,0.7772665091406542,106000000,1
1294727340000,1294727399000,0.7772665091406542,0.7772725506198748,0.7770068143497618,0.7771758982210444,238000000,1
1294727400000,1294727459000,0.7772665091406542,0.7774054869279268,0.7770913470878501,0.777121541809139,158000000,1
1294727460000,1294727519000,0.7771155026771629,0.7774236181295188,0.7770671930001787,0.7773088014675591,205000000,1
1294727520000,1294727579000,0.7773208858348815,0.7774175743016847,0.7772785921930138,0.777302759424796,100000000,1
1294727580000,1294727639000,0.777302759424796,0.777302759424796,0.7771275810349785,0.7771819382917541,75000000,1
1294727640000,1294727699000,0.7771819382917541,0.7772846338600733,0.7771819382917541,0.777194018714832,132000000,1
1294727700000,1294727759000,0.777194018714832,0.7772544264639587,0.7771698582442178,0.777194018714832,53000000,1
1294727760000,1294727819000,0.777194018714832,0.7772665091406542,0.777194018714832,0.77724234416291,58000000,1
1294727820000,1294727879000,0.77724234416291,0.7775082415873609,0.77724234416291,0.7775082415873609,150000000,1
1294727880000,1294727939000,0.7774901064383956,0.7775082415873609,0.7773450556967733,0.7773873565720327,172000000,1
1294727940000,1294727999000,0.7774115305678214,0.7775263775823594,0.7773510983971021,0.7773510983971021,122000000,1
1294728000000,1294728059000,0.7773510983971021,0.7773571411913776,0.7772363031532477,0.7772363031532477,149000000,1
1294728060000,1294728119000,0.7772544264639587,0.777302759424796,0.7771155026771629,0.777302759424796,144000000,1
1294728120000,1294728179000,0.777302759424796,0.777302759424796,0.7771396597682569,0.7771698582442178,147000000,1
1294728180000,1294728239000,0.7771517388770157,0.7772242214156362,0.7769524815862262,0.7769705916631056,146000000,1
1294728240000,1294728299000,0.7769705916631056,0.7771819382917541,0.7769705916631056,0.777121541809139,133000000,1
1294728300000,1294728359000,0.777121541809139,0.7771275810349785,0.777061154712876,0.7770913470878501,101000000,1
1294728360000,1294728419000,0.7770913470878501,0.7773088014675591,0.7770913470878501,0.7772604677553495,127000000,1
1294728420000,1294728479000,0.7772665091406542,0.7776533532412592,0.7772302622374904,0.7776533532412592,201000000,1
1294728480000,1294728539000,0.7776533532412592,0.777937687191256,0.7776170702499262,0.7778711223124553,230000000,1
1294728540000,1294728599000,0.7778711223124553,0.777907429015947,0.7777077840772109,0.7777743210030178,186000000,1
1294728600000,1294728659000,0.7777743210030178,0.7778711223124553,0.7777561734396267,0.7778590208310646,111000000,1
1294728660000,1294728719000,0.7778590208310646,0.778216172888505,0.7778287687748419,0.7781858930461308,186000000,1
1294728720000,1294728779000,0.7782222291397531,0.7782222291397531,0.7779316353678838,0.7779982106041157,238000000,1
1294728780000,1294728839000,0.7780163694644135,0.7780284758422158,0.7777440755345045,0.7777803703790124,201000000,1
1294728840000,1294728899000,0.7777803703790124,0.7778590208310646,0.7777259293824855,0.7777924694133111,217000000,1
1294728900000,1294728959000,0.7777924694133111,0.777907429015947,0.7777924694133111,0.7778469197261978,112000000,1
1294728960000,1294729019000,0.7778590208310646,0.7779134804627029,0.7778106186705661,0.7778106186705661,119000000,1
1294729020000,1294729079000,0.7778106186705661,0.7780163694644135,0.7778106186705661,0.7779679477205539,134000000,1
1294729080000,1294729139000,0.7779982106041157,0.7781132310373805,0.7779982106041157,0.7781132310373805,56000000,1
1294729140000,1294729199000,0.7780890133831311,0.7781374501992032,0.777937687191256,0.7780829592051105,136000000,1
1294729200000,1294729259000,0.7780829592051105,0.7781737817689446,0.777949791120481,0.7781616708687397,133000000,1
1294729260000,1294729319000,0.778179837360414,0.7782767396430822,0.7780890133831311,0.778240398459084,78000000,1
1294729320000,1294729379000,0.778240398459084,0.7783312577833126,0.7780950676553661,0.7781071764824887,104000000,1
1294729380000,1294729439000,0.7781071764824887,0.7781616708687397,0.7780466361153688,0.7780587434351294,56000000,1
1294729440000,1294729499000,0.7780526897281483,0.7780829592051105,0.7777743210030178,0.7778227186459663,99000000,1
1294729500000,1294729559000,0.7778106186705661,0.7778348189978376,0.7776533532412592,0.7777864198491093,88000000,1
1294729560000,1294729619000,0.7778348189978376,0.777937687191256,0.7777259293824855,0.7778287687748419,127000000,1
1294729620000,1294729679000,0.7778166686112084,0.777895326404879,0.777665448324131,0.7778832241703876,135000000,1
1294729680000,1294729739000,0.7779195320036095,0.7780647972363138,0.7778166686112084,0.7780345291724047,153000000,1
1294729740000,1294729799000,0.7780466361153688,0.7780890133831311,0.777992157839049,0.777992157839049,105000000,1
1294729800000,1294729859000,0.7780042634633638,0.778070851131704,0.7779861051681618,0.777992157839049,103000000,1
1294729860000,1294729919000,0.777992157839049,0.777992157839049,0.7776835916538997,0.777762222533327,120000000,1
1294729920000,1294729979000,0.7777077840772109,0.7779195320036095,0.7777017358302744,0.7778045688240373,73000000,1
1294729980000,1294730039000,0.7777803703790124,0.7777803703790124,0.7776049766718507,0.7776473058409089,62000000,1
1294730040000,1294730099000,0.7776291642041743,0.7777561734396267,0.7775807906441479,0.7777561734396267,100000000,1
1294730100000,1294730159000,0.7777440755345045,0.7778832241703876,0.7777138324182234,0.7778832241703876,55000000,1
1294730160000,1294730219000,0.7778590208310646,0.7780224226062196,0.7778590208310646,0.7779316353678838,64000000,1
1294730220000,1294730279000,0.777937687191256,0.7779982106041157,0.7778892752405622,0.7779982106041157,47000000,1
1294730280000,1294730339000,0.7780405825967882,0.7781556155599997,0.7778408693149556,0.7779558432263385,68000000,1
1294730340000,1294730399000,0.7779316353678838,0.7779618954263621,0.7777380267230787,0.7778287687748419,156000000,1
1294730400000,1294730459000,0.7778348189978376,0.7781374501992032,0.7777803703790124,0.7781071764824887,92000000,1
1294730460000,1294730519000,0.7781071764824887,0.778179837360414,0.7780587434351294,0.7781616708687397,68000000,1
1294730520000,1294730579000,0.7781737817689446,0.7782525118099819,0.7781192856864957,0.778198004700316,101000000,1
1294730580000,1294730639000,0.778198004700316,0.7782525118099819,0.7781374501992032,0.7781616708687397,100000000,1
1294730640000,1294730699000,0.7781495603454984,0.7782040606687886,0.7780405825967882,0.7780647972363138,74000000,1
1294730700000,1294730759000,0.7780647972363138,0.7781374501992032,0.7779618954263621,0.7779861051681618,48000000,1
1294730760000,1294730819000,0.7779861051681618,0.7782343419250404,0.777937687191256,0.7782040606687886,78000000,1
1294730820000,1294730879000,0.778179837360414,0.778179837360414,0.7780526897281483,0.7780526897281483,30000000,1
1294730880000,1294730939000,0.7780647972363138,0.7780769051213021,0.7779618954263621,0.7779800525914515,38000000,1
1294730940000,1294730999000,0.7779618954263621,0.7780224226062196,0.7778166686112084,0.7778348189978376,68000000,1
1294731000000,1294731059000,0.7778348189978376,0.7779679477205539,0.7778348189978376,0.777949791120481,71000000,1
1294731060000,1294731119000,0.7779618954263621,0.7780042634633638,0.7779618954263621,0.7779800525914515,21000000,1
1294731120000,1294731179000,0.7779861051681618,0.7780587434351294,0.7779679477205539,0.7780405825967882,24000000,1
1294731180000,1294731239000,0.7780345291724047,0.7782343419250404,0.7780163694644135,0.7780405825967882,110000000,1
1294731240000,1294731299000,0.7780405825967882,0.7781919488260975,0.7780405825967882,0.7780890133831311,113000000,1
1294731300000,1294731359000,0.7781071764824887,0.7781495603454984,0.7778469197261978,0.7778469197261978,89000000,1
1294731360000,1294731419000,0.7778348189978376,0.7778892752405622,0.7777138324182234,0.7777924694133111,99000000,1
1294731420000,1294731479000,0.7778106186705661,0.7779800525914515,0.7778106186705661,0.7778469197261978,108000000,1
1294731480000,1294731539000,0.7778469197261978,0.7779316353678838,0.7778045688240373,0.7779013776633399,80000000,1
1294731540000,1294731599000,0.7779013776633399,0.7779618954263621,0.7777985190716197,0.7779618954263621,133000000,1
1294731600000,1294731659000,0.777949791120481,0.7780163694644135,0.7779255836386691,0.7779982106041157,56000000,1
1294731660000,1294731719000,0.7780103164167956,0.7782706825433886,0.7780103164167956,0.778216172888505,120000000,1
1294731720000,1294731779000,0.778216172888505,0.7782827968370587,0.7781313952674048,0.7782827968370587,73000000,1
1294731780000,1294731839000,0.7782464550873971,0.7782888541253201,0.7781737817689446,0.7782767396430822,84000000,1
1294731840000,1294731899000,0.7782949115078687,0.778476676838762,0.778216172888505,0.778440316980897,84000000,1
1294731900000,1294731959000,0.7784645565087421,0.7789496642726947,0.7784645565087421,0.7789193273252689,117000000,1
1294731960000,1294732019000,0.7789011262910286,0.7789071932079293,0.7787616132825581,0.7789071932079293,106000000,1
1294732020000,1294732079000,0.7788525943579918,0.7789982083041208,0.778816199376947,0.7788707931241285,97000000,1
1294732080000,1294732139000,0.7788829261073769,0.7789678675754625,0.7788343964422845,0.7788465282916002,84000000,1
1294732140000,1294732199000,0.7788465282916002,0.7789860717290376,0.7786585270895302,0.7787009710401109,119000000,1
1294732200000,1294732259000,0.7786888437249359,0.7790649662275337,0.7786888437249359,0.7789435966941634,121000000,1
1294732260000,1294732319000,0.7789557319457535,0.7792470914602311,0.7788950594686378,0.7788950594686378,124000000,1
1294732320000,1294732379000,0.7788950594686378,0.7791317355938543,0.7788707931241285,0.7790406892952019,121000000,1
1294732380000,1294732439000,0.7790406892952019,0.7790831749197544,0.7789011262910286,0.7790406892952019,192000000,1
1294732440000,1294732499000,0.7790467583864383,0.7790649662275337,0.7787980031619199,0.7788647267742539,82000000,1
1294732500000,1294732559000,0.7788707931241285,0.7790164138758403,0.7787798077971434,0.778961799713342,159000000,1
1294732560000,1294732619000,0.778973935532117,0.778973935532117,0.7788040684724538,0.778816199376947,44000000,1
1294732620000,1294732679000,0.778816199376947,0.778816199376947,0.7786706534604123,0.7787070348393527,95000000,1
1294732680000,1294732739000,0.7787070348393527,0.778816199376947,0.7786464010963341,0.778816199376947,110000000,1
1294732740000,1294732799000,0.778816199376947,0.7791438767082729,0.7787676780262911,0.7791256651785367,142000000,1
1294732800000,1294732859000,0.7791378061037655,0.7794050022213043,0.7791378061037655,0.7792470914602311,144000000,1
1294732860000,1294732919000,0.7792592361700967,0.7794718298880678,0.7791803023219572,0.7794596785508285,142000000,1
1294732920000,1294732979000,0.779423226812159,0.7797757364981832,0.7793685555962558,0.7797392551930634,203000000,1
1294732980000,1294733039000,0.7797757364981832,0.7798487093503861,0.779423226812159,0.7794475275924424,136000000,1
1294733040000,1294733099000,0.779423226812159,0.7795325922576822,0.7791317355938543,0.7791863735886987,167000000,1
1294733100000,1294733159000,0.7791863735886987,0.7795022098887651,0.7791499474073785,0.779423226812159,140000000,1
1294733160000,1294733219000,0.779423226812159,0.7794414522553139,0.7792653086669887,0.7792653086669887,119000000,1
1294733220000,1294733279000,0.7792653086669887,0.7794961336991768,0.7792288751051959,0.7793807040925281,182000000,1
1294733280000,1294733339000,0.7793807040925281,0.7795994418067996,0.779356407478704,0.779423226812159,169000000,1
1294733340000,1294733399000,0.7793989275470757,0.7793989275470757,0.7791378061037655,0.7792835267255285,180000000,1
1294733400000,1294733459000,0.7792835267255285,0.7792895996010037,0.7790649662275337,0.7791013844631601,131000000,1
1294733460000,1294733519000,0.7791195948578106,0.7792653086669887,0.7790831749197544,0.7791256651785367,101000000,1
1294733520000,1294733579000,0.7791135246316742,0.7792410192472531,0.7790528275722377,0.7790649662275337,117000000,1
1294733580000,1294733639000,0.7790285513964087,0.7791013844631601,0.7789982083041208,0.7790164138758403,100000000,1
1294733640000,1294733699000,0.7790467583864383,0.7792895996010037,0.7790467583864383,0.7792106596018233,195000000,1
1294733700000,1294733759000,0.7792106596018233,0.7792228031761121,0.7790164138758403,0.7791317355938543,102000000,1
1294733760000,1294733819000,0.7791317355938543,0.7791985164060248,0.7790285513964087,0.7790528275722377,98000000,1
1294733820000,1294733879000,0.7790649662275337,0.7791499474073785,0.779058896852602,0.779058896852602,66000000,1
1294733880000,1294733939000,0.779058896852602,0.779058896852602,0.7786767167874914,0.778755548633284,189000000,1
1294733940000,1294733999000,0.7787980031619199,0.7788525943579918,0.7787009710401109,0.778822264970911,186000000,1
1294734000000,1294734059000,0.7788647267742539,0.7789678675754625,0.7787009710401109,0.7789678675754625,139000000,1
1294734060000,1294734119000,0.7789496642726947,0.7789496642726947,0.7785797148841085,0.7785797148841085,131000000,1
1294734120000,1294734179000,0.7785797148841085,0.7787798077971434,0.7785069793150695,0.778755548633284,159000000,1
1294734180000,1294734239000,0.7787798077971434,0.7789678675754625,0.7787798077971434,0.7789253945257123,98000000,1
1294734240000,1294734299000,0.7789375292101574,0.7790042767334793,0.7788465282916002,0.7788829261073769,126000000,1
1294734300000,1294734359000,0.7788829261073769,0.7790103452573851,0.7788829261073769,0.7790042767334793,127000000,1
1294734360000,1294734419000,0.7790164138758403,0.7790528275722377,0.7787434196181042,0.7787434196181042,133000000,1
1294734420000,1294734479000,0.7787494840784668,0.778785872824267,0.7785433454007551,0.7785797148841085,154000000,1
1294734480000,1294734539000,0.7785857767950295,0.7785979009000592,0.7784100196937735,0.778537284150538,152000000,1
1294734540000,1294734599000,0.7786221502429301,0.7789496642726947,0.7786221502429301,0.7788586605188756,173000000,1
1294734600000,1294734659000,0.7788586605188756,0.7788889927407546,0.7785857767950295,0.778822264970911,159000000,1
1294734660000,1294734719000,0.778822264970911,0.7788647267742539,0.7787130987330337,0.7788040684724538,64000000,1
1294734720000,1294734779000,0.7788040684724538,0.7788040684724538,0.7786524640457224,0.778694907335306,53000000,1
1294734780000,1294734839000,0.7787130987330337,0.778816199376947,0.7786221502429301,0.7787919379458583,113000000,1
1294734840000,1294734899000,0.7787980031619199,0.778961799713342,0.7787980031619199,0.7788465282916002,114000000,1
1294734900000,1294734959000,0.7788647267742539,0.7789011262910286,0.7785554681843309,0.7785675913454426,103000000,1
1294734960000,1294735019000,0.7785918388003457,0.7787252268037224,0.7785675913454426,0.778640338241363,168000000,1
1294735020000,1294735079000,0.7786767167874914,0.7787191627211563,0.7785979009000592,0.7786342754808067,101000000,1
1294735080000,1294735139000,0.7786585270895302,0.7788586605188756,0.7786464010963341,0.7788586605188756,98000000,1
1294735140000,1294735199000,0.7788586605188756,0.7790528275722377,0.7786282128146631,0.7790528275722377,189000000,1
1294735200000,1294735259000,0.7790528275722377,0.7791560182010846,0.7789435966941634,0.7790285513964087,132000000,1
1294735260000,1294735319000,0.7790406892952019,0.7791074545001246,0.7789982083041208,0.7790103452573851,77000000,1
1294735320000,1294735379000,0.7790164138758403,0.7790224825888475,0.7789132602193419,0.7789496642726947,109000000,1
1294735380000,1294735439000,0.7789496642726947,0.7791317355938543,0.7789496642726947,0.7790285513964087,104000000,1
1294735440000,1294735499000,0.7790406892952019,0.7790406892952019,0.778961799713342,0.7790042767334793,88000000,1
1294735500000,1294735559000,0.7790042767334793,0.7790406892952019,0.7787434196181042,0.7787434196181042,128000000,1
1294735560000,1294735619000,0.7787434196181042,0.7787434196181042,0.7784706166265755,0.7785554681843309,132000000,1
1294735620000,1294735679000,0.7785433454007551,0.7787191627211563,0.778476676838762,0.7786888437249359,102000000,1
1294735680000,1294735739000,0.7786888437249359,0.7786888437249359,0.7785069793150695,0.7786039630941721,96000000,1
1294735740000,1294735799000,0.7786100253826868,0.7786100253826868,0.7783554905196302,0.7784100196937735,138000000,1
1294735800000,1294735859000,0.7784160789625271,0.7792410192472531,0.7784100196937735,0.7792288751051959,151000000,1
1294735860000,1294735919000,0.7792288751051959,0.7797757364981832,0.7792045879566138,0.7796480668626182,213000000,1
1294735920000,1294735979000,0.7796723816652243,0.7799460277348808,0.779587286490532,0.7797696560436047,173000000,1
1294735980000,1294736039000,0.7797757364981832,0.7798608728202888,0.7797149362193182,0.7797696560436047,100000000,1
1294736040000,1294736099000,0.7797574954189247,0.7798122212171309,0.7796419883989272,0.7797331753074098,86000000,1
1294736100000,1294736159000,0.7797331753074098,0.7799764447113697,0.7797331753074098,0.7798791187365959,65000000,1
1294736160000,1294736219000,0.7798791187365959,0.779939944624264,0.7797574954189247,0.7797878976918279,114000000,1
1294736220000,1294736279000,0.7797878976918279,0.7798426277577185,0.779623753576524,0.779623753576524,94000000,1
1294736280000,1294736339000,0.7796298317558824,0.7796784606028474,0.7793199653981936,0.7793746297970509,109000000,1
1294736340000,1294736399000,0.7793624814901411,0.779423226812159,0.7789982083041208,0.7790103452573851,182000000,1
1294736400000,1294736459000,0.7790164138758403,0.7790831749197544,0.7789314618206744,0.7790103452573851,104000000,1
1294736460000,1294736519000,0.7790346202985261,0.7790346202985261,0.7788829261073769,0.7790164138758403,79000000,1
1294736520000,1294736579000,0.7790164138758403,0.7793685555962558,0.7790164138758403,0.7792835267255285,127000000,1
1294736580000,1294736639000,0.7792895996010037,0.7793321123796906,0.7791074545001246,0.7791560182010846,119000000,1
1294736640000,1294736699000,0.7791378061037655,0.7792045879566138,0.7790103452573851,0.7790103452573851,150000000,1
1294736700000,1294736759000,0.7790224825888475,0.779058896852602,0.7789132602193419,0.7789314618206744,128000000,1
1294736760000,1294736819000,0.7789314618206744,0.778980003583308,0.7788525943579918,0.7788525943579918,88000000,1
1294736820000,1294736879000,0.7788647267742539,0.7788950594686378,0.778694907335306,0.7787191627211563,86000000,1
1294736880000,1294736939000,0.778755548633284,0.7788829261073769,0.7786706534604123,0.7788586605188756,115000000,1
1294736940000,1294736999000,0.7788829261073769,0.778980003583308,0.7788647267742539,0.7789193273252689,75000000,1
1294737000000,1294737059000,0.7789253945257123,0.7790103452573851,0.7789011262910286,0.7789860717290376,114000000,1
1294737060000,1294737119000,0.778973935532117,0.7791985164060248,0.778961799713342,0.7791985164060248,136000000,1
1294737120000,1294737179000,0.7792106596018233,0.7794293018651742,0.7792045879566138,0.7793685555962558,169000000,1
1294737180000,1294737239000,0.7793685555962558,0.7793989275470757,0.7793017456359103,0.7793624814901411,109000000,1
1294737240000,1294737299000,0.7793624814901411,0.7793624814901411,0.7790710356970348,0.7790710356970348,130000000,1
1294737300000,1294737359000,0.7791013844631601,0.7793928529675382,0.779058896852602,0.7793867784826898,157000000,1
1294737360000,1294737419000,0.7793867784826898,0.7793867784826898,0.7789011262910286,0.7789982083041208,153000000,1
1294737420000,1294737479000,0.7789921399693077,0.7790831749197544,0.7787191627211563,0.7788889927407546,144000000,1
1294737480000,1294737539000,0.7788586605188756,0.779623753576524,0.778816199376947,0.77951436255213,177000000,1
1294737540000,1294737599000,0.77951436255213,0.7800190324643922,0.77951436255213,0.7800007800007801,144000000,1
1294737600000,1294737659000,0.7800190324643922,0.7801163933658902,0.7795447458684129,0.7796419883989272,191000000,1
1294737660000,1294737719000,0.7796419883989272,0.7797149362193182,0.7794718298880678,0.7797149362193182,117000000,1
1294737720000,1294737779000,0.7797939784308986,0.7799886121662624,0.7797149362193182,0.7797149362193182,152000000,1
1294737780000,1294737839000,0.7797027773012928,0.7797210158205394,0.7794961336991768,0.7795204390259113,105000000,1
1294737840000,1294737899000,0.7795568998581206,0.7797514152488187,0.7794110769902262,0.7796176754919387,178000000,1
1294737900000,1294737959000,0.779623753576524,0.7799277786876935,0.7794596785508285,0.7798730366696303,197000000,1
1294737960000,1294738019000,0.7798973655066994,0.7801529099703541,0.7798973655066994,0.7800555399544448,151000000,1
1294738020000,1294738079000,0.7800616248683646,0.780122479229239,0.7799338616085356,0.7800068640604036,177000000,1
1294738080000,1294738139000,0.7800068640604036,0.7800372857822604,0.7796845396352636,0.7798852008984277,172000000,1
1294738140000,1294738199000,0.7798852008984277,0.7798852008984277,0.7795022098887651,0.7796115975021244,200000000,1
1294738200000,1294738259000,0.7796480668626182,0.7800129482149404,0.779635910030016,0.7799703611262772,211000000,1
1294738260000,1294738319000,0.7799703611262772,0.7802929219629048,0.779939944624264,0.7801833430856252,142000000,1
1294738320000,1294738379000,0.7801529099703541,0.7803538124185505,0.7801163933658902,0.7803538124185505,153000000,1
1294738380000,1294738439000,0.7803538124185505,0.7804451659226422,0.7801103075974942,0.7802259534361151,242000000,1
1294738440000,1294738499000,0.780232041008996,0.7803477229453445,0.7801285651875428,0.7801346512408042,158000000,1
1294738500000,1294738559000,0.7801346512408042,0.7802137785753296,0.7800129482149404,0.7800129482149404,98000000,1
1294738560000,1294738619000,0.7800190324643922,0.7801163933658902,0.7799460277348808,0.7800372857822604,182000000,1
1294738620000,1294738679000,0.7800616248683646,0.780274656679151,0.7800555399544448,0.7801285651875428,155000000,1
1294738680000,1294738739000,0.7801285651875428,0.7801650829315484,0.779982528391364,0.779982528391364,113000000,1
1294738740000,1294738799000,0.779982528391364,0.7800677098772173,0.7799277786876935,0.7799521109403883,94000000,1
1294738800000,1294738859000,0.7799521109403883,0.7799521109403883,0.7797392551930634,0.7798304648569401,95000000,1
1294738860000,1294738919000,0.7798426277577185,0.7799277786876935,0.7798243835488248,0.7798669546975285,76000000,1
1294738920000,1294738979000,0.7798852008984277,0.7800920508620017,0.7798669546975285,0.7800555399544448,77000000,1
1294738980000,1294739039000,0.7800920508620017,0.7801772562726251,0.7800494551354555,0.7800494551354555,93000000,1
1294739040000,1294739099000,0.7800494551354555,0.7801103075974942,0.7799886121662624,0.7801042219240492,103000000,1
1294739100000,1294739159000,0.7801042219240492,0.7801894299936024,0.7799703611262772,0.7800677098772173,124000000,1
1294739160000,1294739219000,0.7800677098772173,0.7801163933658902,0.7797696560436047,0.7799034479531434,130000000,1
1294739220000,1294739279000,0.7799095304944627,0.7800007800007801,0.7797696560436047,0.7798061401935479,104000000,1
1294739280000,1294739339000,0.7797392551930634,0.7797392551930634,0.7796723816652243,0.7796906187624751,65000000,1
1294739340000,1294739399000,0.7796906187624751,0.7797331753074098,0.7795447458684129,0.7795994418067996,155000000,1
1294739400000,1294739459000,0.7795994418067996,0.7796541454210911,0.7794657541720905,0.7795994418067996,119000000,1
1294739460000,1294739519000,0.7795386690156765,0.7795690542268234,0.7792167313416554,0.7793928529675382,147000000,1
1294739520000,1294739579000,0.7793989275470757,0.7795082861730821,0.7792531637678449,0.7792713812585232,123000000,1
1294739580000,1294739639000,0.7792713812585232,0.7794110769902262,0.7791742311498274,0.7793260388416098,130000000,1
1294739640000,1294739699000,0.7793746297970509,0.7794293018651742,0.7792653086669887,0.779356407478704,117000000,1
1294739700000,1294739759000,0.779356407478704,0.7794050022213043,0.7792167313416554,0.7793138920494397,114000000,1
1294739760000,1294739819000,0.7793260388416098,0.7793685555962558,0.7791803023219572,0.7792774539447025,102000000,1
1294739820000,1294739879000,0.7792895996010037,0.7793746297970509,0.7791742311498274,0.7793260388416098,87000000,1
1294739880000,1294739939000,0.7793138920494397,0.7794536030242799,0.7793017456359103,0.7793503335619427,89000000,1
1294739940000,1294739999000,0.7793442597398548,0.7793989275470757,0.7792531637678449,0.7792774539447025,59000000,1
1294740000000,1294740059000,0.7792713812585232,0.7793624814901411,0.7791499474073785,0.7793017456359103,164000000,1
1294740060000,1294740119000,0.7793746297970509,0.7795568998581206,0.7793078187953459,0.7795568998581206,102000000,1
1294740120000,1294740179000,0.7795386690156765,0.7797696560436047,0.7795386690156765,0.7797270955165693,110000000,1
1294740180000,1294740239000,0.7797392551930634,0.7797757364981832,0.7796055196070788,0.7797270955165693,151000000,1
1294740240000,1294740299000,0.7797210158205394,0.7798122212171309,0.7796602240743484,0.7796602240743484,126000000,1
1294740300000,1294740359000,0.7796602240743484,0.7796602240743484,0.7795082861730821,0.7795386690156765,74000000,1
1294740360000,1294740419000,0.7795325922576822,0.7795994418067996,0.779477905698763,0.779526515594428,115000000,1
1294740420000,1294740479000,0.779526515594428,0.7795812089745389,0.7794596785508285,0.7795204390259113,79000000,1
1294740480000,1294740539000,0.7794961336991768,0.7796055196070788,0.7794536030242799,0.7794536030242799,131000000,1
1294740540000,1294740599000,0.7794536030242799,0.779587286490532,0.7793685555962558,0.7793928529675382,183000000,1
1294740600000,1294740659000,0.7793928529675382,0.7796298317558824,0.779356407478704,0.779587286490532,123000000,1
1294740660000,1294740719000,0.7795629769950966,0.7796966979844839,0.779526515594428,0.779623753576524,118000000,1
1294740720000,1294740779000,0.779635910030016,0.779666302822392,0.7794293018651742,0.7794353770128919,101000000,1
1294740780000,1294740839000,0.7794293018651742,0.7794293018651742,0.7793078187953459,0.7793503335619427,115000000,1
1294740840000,1294740899000,0.7793503335619427,0.7794171518538437,0.7791924449500538,0.7793867784826898,163000000,1
1294740900000,1294740959000,0.7793867784826898,0.7793867784826898,0.7792410192472531,0.7792410192472531,85000000,1
1294740960000,1294741019000,0.7792288751051959,0.7793321123796906,0.7791378061037655,0.7791438767082729,113000000,1
1294741020000,1294741079000,0.7791438767082729,0.7792835267255285,0.7791195948578106,0.7792774539447025,76000000,1
1294741080000,1294741139000,0.7792774539447025,0.7792774539447025,0.7791681600723068,0.7791681600723068,56000000,1
1294741140000,1294741199000,0.7791681600723068,0.7793381860124383,0.7791681600723068,0.7792774539447025,74000000,1
1294741200000,1294741259000,0.7792349471289088,0.7795386690156765,0.7792228031761121,0.7795386690156765,116000000,1
1294741260000,1294741319000,0.7795386690156765,0.7796541454210911,0.7795325922576822,0.7795568998581206,110000000,1
1294741320000,1294741379000,0.7795568998581206,0.7796055196070788,0.7793503335619427,0.779356407478704,130000000,1
1294741380000,1294741439000,0.7793928529675382,0.7794414522553139,0.7792592361700967,0.7792956725711302,128000000,1
1294741440000,1294741499000,0.7792956725711302,0.7794171518538437,0.7790710356970348,0.7791742311498274,135000000,1
1294741500000,1294741559000,0.7791620890893932,0.7793138920494397,0.7790467583864383,0.7792167313416554,100000000,1
1294741560000,1294741619000,0.7792167313416554,0.7792349471289088,0.7790467583864383,0.7790467583864383,93000000,1
1294741620000,1294741679000,0.7790528275722377,0.7791195948578106,0.7790285513964087,0.779058896852602,57000000,1
1294741680000,1294741739000,0.7790467583864383,0.7790953145207785,0.778980003583308,0.7789860717290376,79000000,1
1294741740000,1294741799000,0.7789860717290376,0.7790831749197544,0.7789496642726947,0.7790710356970348,83000000,1
1294741800000,1294741859000,0.7790710356970348,0.7790771052611076,0.7788647267742539,0.7788950594686378,121000000,1
1294741860000,1294741919000,0.7789375292101574,0.7790103452573851,0.778816199376947,0.7788768595685022,118000000,1
1294741920000,1294741979000,0.7788707931241285,0.7788889927407546,0.778822264970911,0.778822264970911,50000000,1
1294741980000,1294742039000,0.7788465282916002,0.778980003583308,0.7788343964422845,0.778980003583308,126000000,1
1294742040000,1294742099000,0.7789678675754625,0.7790224825888475,0.7788343964422845,0.7788343964422845,77000000,1
1294742100000,1294742159000,0.7788343964422845,0.7790831749197544,0.7788343964422845,0.7789557319457535,129000000,1
1294742160000,1294742219000,0.778961799713342,0.778980003583308,0.7788404623196984,0.7789071932079293,110000000,1
1294742220000,1294742279000,0.7789071932079293,0.7789314618206744,0.7787130987330337,0.7788465282916002,182000000,1
1294742280000,1294742339000,0.7788465282916002,0.7789921399693077,0.7788465282916002,0.7789496642726947,139000000,1
1294742340000,1294742399000,0.7789496642726947,0.7789921399693077,0.7788525943579918,0.7788707931241285,169000000,1
1294742400000,1294742459000,0.7788707931241285,0.7789375292101574,0.7788465282916002,0.7788647267742539,124000000,1
1294742460000,1294742519000,0.7788768595685022,0.7789375292101574,0.7787676780262911,0.7787676780262911,82000000,1
1294742520000,1294742579000,0.7787676780262911,0.7791499474073785,0.7787676780262911,0.7791499474073785,132000000,1
1294742580000,1294742639000,0.7791438767082729,0.7791924449500538,0.7789921399693077,0.7790224825888475,87000000,1
1294742640000,1294742699000,0.7790224825888475,0.7790649662275337,0.7788889927407546,0.7789982083041208,130000000,1
1294742700000,1294742759000,0.7790164138758403,0.7790649662275337,0.778694907335306,0.7788283306593561,121000000,1
1294742760000,1294742819000,0.7788283306593561,0.7788707931241285,0.7787798077971434,0.7787798077971434,82000000,1
1294742820000,1294742879000,0.7787980031619199,0.7788586605188756,0.7787616132825581,0.7788525943579918,72000000,1
1294742880000,1294742939000,0.7788586605188756,0.7789435966941634,0.7788586605188756,0.7789132602193419,87000000,1
1294742940000,1294742999000,0.7789253945257123,0.7789678675754625,0.7788404623196984,0.7789678675754625,59000000,1
1294743000000,1294743059000,0.7789678675754625,0.7790771052611076,0.7789678675754625,0.7790285513964087,59000000,1
1294743060000,1294743119000,0.7790285513964087,0.779058896852602,0.7788768595685022,0.7790467583864383,129000000,1
1294743120000,1294743179000,0.7790467583864383,0.7791803023219572,0.7790346202985261,0.7791681600723068,115000000,1
1294743180000,1294743239000,0.7791985164060248,0.7792592361700967,0.7791135246316742,0.7791560182010846,99000000,1
1294743240000,1294743299000,0.7791681600723068,0.7792956725711302,0.7791620890893932,0.7792470914602311,86000000,1
1294743300000,1294743359000,0.7792470914602311,0.7793321123796906,0.7792167313416554,0.7792895996010037,129000000,1
1294743360000,1294743419000,0.7792895996010037,0.7795751315533034,0.7792895996010037,0.7794596785508285,93000000,1
1294743420000,1294743479000,0.7794596785508285,0.7795812089745389,0.779423226812159,0.7795082861730821,116000000,1
1294743480000,1294743539000,0.7794718298880678,0.7795082861730821,0.7792956725711302,0.7793503335619427,141000000,1
1294743540000,1294743599000,0.7793503335619427,0.7793685555962558,0.7791317355938543,0.7791378061037655,146000000,1
1294743600000,1294743659000,0.7791438767082729,0.7792410192472531,0.7791195948578106,0.7792167313416554,123000000,1
1294743660000,1294743719000,0.7792288751051959,0.7793503335619427,0.7791803023219572,0.7793503335619427,97000000,1
1294743720000,1294743779000,0.7793138920494397,0.7794414522553139,0.7793138920494397,0.7793867784826898,81000000,1
1294743780000,1294743839000,0.7793867784826898,0.7794475275924424,0.779356407478704,0.779356407478704,52000000,1
1294743840000,1294743899000,0.7793503335619427,0.7794718298880678,0.7793078187953459,0.7794171518538437,151000000,1
1294743900000,1294743959000,0.7794171518538437,0.779587286490532,0.7793746297970509,0.7795568998581206,108000000,1
1294743960000,1294744019000,0.7795386690156765,0.7796298317558824,0.7794536030242799,0.779477905698763,113000000,1
1294744020000,1294744079000,0.7795204390259113,0.7795204390259113,0.7792045879566138,0.7792774539447025,149000000,1
1294744080000,1294744139000,0.7792713812585232,0.7793685555962558,0.7791681600723068,0.7791681600723068,108000000,1
1294744140000,1294744199000,0.7791742311498274,0.7791863735886987,0.7790224825888475,0.7791013844631601,136000000,1
1294744200000,1294744259000,0.7791013844631601,0.7791135246316742,0.7787494840784668,0.7787919379458583,174000000,1
1294744260000,1294744319000,0.7787919379458583,0.7790103452573851,0.7787312909807341,0.778810133877462,120000000,1
1294744320000,1294744379000,0.7788283306593561,0.7788283306593561,0.7785857767950295,0.7786645902277595,155000000,1
1294744380000,1294744439000,0.7786767167874914,0.7789132602193419,0.7786706534604123,0.7788283306593561,147000000,1
1294744440000,1294744499000,0.7788465282916002,0.7788586605188756,0.7786524640457224,0.7786524640457224,95000000,1
1294744500000,1294744559000,0.778640338241363,0.7786645902277595,0.7784948580414627,0.7786039630941721,120000000,1
1294744560000,1294744619000,0.7785979009000592,0.7789011262910286,0.7785675913454426,0.7788465282916002,101000000,1
1294744620000,1294744679000,0.7788343964422845,0.778973935532117,0.7787798077971434,0.778961799713342,86000000,1
1294744680000,1294744739000,0.7789496642726947,0.7789921399693077,0.7788525943579918,0.7788768595685022,86000000,1
1294744740000,1294744799000,0.7788768595685022,0.7791013844631601,0.7788647267742539,0.7790892446729774,82000000,1
1294744800000,1294744859000,0.7792288751051959,0.7792774539447025,0.7789982083041208,0.7791195948578106,134000000,1
1294744860000,1294744919000,0.7791317355938543,0.7792713812585232,0.778961799713342,0.778961799713342,134000000,1
1294744920000,1294744979000,0.7789678675754625,0.7791256651785367,0.7789678675754625,0.7790953145207785,93000000,1
1294744980000,1294745039000,0.7790710356970348,0.7790953145207785,0.7788283306593561,0.7788950594686378,85000000,1
1294745040000,1294745099000,0.7788768595685022,0.7790346202985261,0.778810133877462,0.7789132602193419,122000000,1
1294745100000,1294745159000,0.7788829261073769,0.778973935532117,0.7788465282916002,0.7789314618206744,60000000,1
1294745160000,1294745219000,0.7789375292101574,0.7790346202985261,0.778785872824267,0.7788343964422845,106000000,1
1294745220000,1294745279000,0.7788343964422845,0.7789496642726947,0.7786827802089985,0.7788404623196984,156000000,1
1294745280000,1294745339000,0.7788465282916002,0.7790953145207785,0.7788283306593561,0.7789132602193419,87000000,1
1294745340000,1294745399000,0.7789193273252689,0.7790771052611076,0.7789193273252689,0.7790771052611076,88000000,1
1294745400000,1294745459000,0.7790771052611076,0.7791742311498274,0.7789860717290376,0.7789860717290376,86000000,1
1294745460000,1294745519000,0.7790103452573851,0.7790103452573851,0.7788283306593561,0.7788465282916002,50000000,1
1294745520000,1294745579000,0.7788343964422845,0.7789860717290376,0.778810133877462,0.7788283306593561,104000000,1
1294745580000,1294745639000,0.7788404623196984,0.7790467583864383,0.7788343964422845,0.7788465282916002,120000000,1
1294745640000,1294745699000,0.7788647267742539,0.778973935532117,0.7787676780262911,0.7789253945257123,124000000,1
1294745700000,1294745759000,0.7789071932079293,0.7790164138758403,0.7788586605188756,0.7789011262910286,78000000,1
1294745760000,1294745819000,0.7789253945257123,0.778973935532117,0.7788586605188756,0.7788829261073769,42000000,1
1294745820000,1294745879000,0.7788525943579918,0.7790649662275337,0.7788040684724538,0.778973935532117,73000000,1
1294745880000,1294745939000,0.7789860717290376,0.7791317355938543,0.7789860717290376,0.7790953145207785,79000000,1
1294745940000,1294745999000,0.7790953145207785,0.7791135246316742,0.7790164138758403,0.7790224825888475,37000000,1
1294746000000,1294746059000,0.778980003583308,0.7790224825888475,0.7788889927407546,0.7789314618206744,44000000,1
1294746060000,1294746119000,0.7789314618206744,0.7789557319457535,0.7788768595685022,0.7789011262910286,60000000,1
1294746120000,1294746179000,0.7789132602193419,0.7790406892952019,0.7789132602193419,0.7790042767334793,63000000,1
1294746180000,1294746239000,0.7789860717290376,0.7789860717290376,0.7787980031619199,0.7788768595685022,67000000,1
1294746240000,1294746299000,0.7788707931241285,0.778961799713342,0.7788404623196984,0.7789071932079293,67000000,1
1294746300000,1294746359000,0.7789132602193419,0.7789375292101574,0.778755548633284,0.778810133877462,63000000,1
1294746360000,1294746419000,0.778785872824267,0.778785872824267,0.7786524640457224,0.7787676780262911,70000000,1
1294746420000,1294746479000,0.778755548633284,0.7787980031619199,0.7787312909807341,0.7787676780262911,53000000,1
1294746480000,1294746539000,0.778785872824267,0.7788586605188756,0.7785797148841085,0.7786282128146631,103000000,1
1294746540000,1294746599000,0.7786282128146631,0.7786282128146631,0.7785069793150695,0.7785251619332336,71000000,1
1294746600000,1294746659000,0.7785251619332336,0.7785554681843309,0.77845849648526,0.778476676838762,127000000,1
1294746660000,1294746719000,0.778500918631084,0.7785069793150695,0.7781192856864957,0.7782706825433886,184000000,1
1294746720000,1294746779000,0.7782888541253201,0.7783736660621299,0.7781374501992032,0.7781737817689446,152000000,1
1294746780000,1294746839000,0.7781737817689446,0.7782282854852642,0.7778166686112084,0.7779618954263621,172000000,1
1294746840000,1294746899000,0.7779861051681618,0.7780829592051105,0.7779316353678838,0.7780163694644135,162000000,1
1294746900000,1294746959000,0.7780163694644135,0.7781737817689446,0.7780103164167956,0.7781737817689446,109000000,1
1294746960000,1294747019000,0.7781677262717206,0.7785615297176937,0.7781677262717206,0.778440316980897,74000000,1
1294747020000,1294747079000,0.7784827371453038,0.7786160877656054,0.7783736660621299,0.7785918388003457,92000000,1
1294747080000,1294747139000,0.7785797148841085,0.7785979009000592,0.7782949115078687,0.7783312577833126,90000000,1
1294747140000,1294747199000,0.7783373158259326,0.7785979009000592,0.778325199834995,0.7785979009000592,122000000,1
1294747200000,1294747259000,0.7785979009000592,0.778694907335306,0.7785918388003457,0.7785979009000592,51000000,1
1294747260000,1294747319000,0.7785918388003457,0.7786645902277595,0.7785918388003457,0.7786464010963341,52000000,1
1294747320000,1294747379000,0.7786645902277595,0.7787373552521941,0.778640338241363,0.7787009710401109,84000000,1
1294747380000,1294747439000,0.7787130987330337,0.7788889927407546,0.7786342754808067,0.7788343964422845,62000000,1
1294747440000,1294747499000,0.7788707931241285,0.7788768595685022,0.7787919379458583,0.7788404623196984,57000000,1
1294747500000,1294747559000,0.7788343964422845,0.7788465282916002,0.7785736530675802,0.7785736530675802,45000000,1
1294747560000,1294747619000,0.7785736530675802,0.778785872824267,0.7785736530675802,0.7786282128146631,82000000,1
1294747620000,1294747679000,0.7786585270895302,0.7787676780262911,0.778476676838762,0.7784948580414627,114000000,1
1294747680000,1294747739000,0.7784827371453038,0.7785130400934216,0.7781677262717206,0.778216172888505,83000000,1
1294747740000,1294747799000,0.778198004700316,0.7783070265558357,0.778198004700316,0.7782888541253201,75000000,1
1294747800000,1294747859000,0.7782464550873971,0.778325199834995,0.7781919488260975,0.7783009689847064,123000000,1
1294747860000,1294747919000,0.7782767396430822,0.7783676074536482,0.778240398459084,0.7783494321940893,87000000,1
1294747920000,1294747979000,0.7783736660621299,0.7784463767213395,0.7782827968370587,0.7783009689847064,59000000,1
1294747980000,1294748039000,0.7782888541253201,0.7783554905196302,0.7781253404298365,0.7781737817689446,121000000,1
1294748040000,1294748099000,0.778198004700316,0.7783797247649292,0.778198004700316,0.778325199834995,78000000,1
1294748100000,1294748159000,0.7783494321940893,0.778385783562049,0.7781919488260975,0.7782464550873971,79000000,1
1294748160000,1294748219000,0.7782464550873971,0.7782888541253201,0.7779740001089164,0.7779982106041157,125000000,1
1294748220000,1294748279000,0.777992157839049,0.7780284758422158,0.7777259293824855,0.7778650715246933,151000000,1
1294748280000,1294748339000,0.7778106186705661,0.7781132310373805,0.7777985190716197,0.7781132310373805,92000000,1
1294748340000,1294748399000,0.7781253404298365,0.7782282854852642,0.7781132310373805,0.7781435052252337,79000000,1
1294748400000,1294748459000,0.7781435052252337,0.7782585686268405,0.777992157839049,0.777992157839049,119000000,1
1294748460000,1294748519000,0.7779618954263621,0.7781374501992032,0.7779618954263621,0.7780526897281483,81000000,1
1294748520000,1294748579000,0.7780466361153688,0.7782101167315175,0.777937687191256,0.7781858930461308,88000000,1
1294748580000,1294748639000,0.7781858930461308,0.7782464550873971,0.7781556155599997,0.7781919488260975,61000000,1
1294748640000,1294748699000,0.778198004700316,0.7782525118099819,0.7780647972363138,0.7780647972363138,71000000,1
1294748700000,1294748759000,0.7780829592051105,0.7781374501992032,0.7779740001089164,0.7780890133831311,96000000,1
1294748760000,1294748819000,0.7780647972363138,0.7781858930461308,0.777949791120481,0.7780345291724047,83000000,1
1294748820000,1294748879000,0.7780345291724047,0.7781919488260975,0.7778892752405622,0.7779134804627029,95000000,1
1294748880000,1294748939000,0.7778892752405622,0.7781858930461308,0.7778892752405622,0.7781011220218179,90000000,1
1294748940000,1294748999000,0.7780890133831311,0.778325199834995,0.7780829592051105,0.7782464550873971,68000000,1
1294749000000,1294749059000,0.7782525118099819,0.7784221383256139,0.778216172888505,0.7782949115078687,103000000,1
1294749060000,1294749119000,0.7782949115078687,0.7783373158259326,0.778070851131704,0.778070851131704,51000000,1
1294749120000,1294749179000,0.778070851131704,0.7780890133831311,0.7779195320036095,0.7779316353678838,82000000,1
1294749180000,1294749239000,0.777949791120481,0.7782646255379754,0.777949791120481,0.778198004700316,100000000,1
1294749240000,1294749299000,0.7782040606687886,0.7782827968370587,0.7781313952674048,0.7782585686268405,69000000,1
1294749300000,1294749359000,0.7782767396430822,0.7782767396430822,0.7780647972363138,0.7781253404298365,76000000,1
1294749360000,1294749419000,0.7781556155599997,0.7783312577833126,0.7781011220218179,0.7782343419250404,93000000,1
1294749420000,1294749479000,0.7782343419250404,0.7784524365561264,0.7782343419250404,0.7782585686268405,86000000,1
1294749480000,1294749539000,0.7782585686268405,0.7783494321940893,0.7781737817689446,0.7783070265558357,97000000,1
1294749540000,1294749599000,0.7782888541253201,0.7783797247649292,0.7782646255379754,0.7783797247649292,75000000,1
1294749600000,1294749659000,0.7783676074536482,0.7784524365561264,0.7782888541253201,0.7784524365561264,69000000,1
1294749660000,1294749719000,0.7784827371453038,0.7785130400934216,0.7783130842212589,0.778325199834995,58000000,1
1294749720000,1294749779000,0.7783433739628575,0.7783736660621299,0.7782282854852642,0.7783373158259326,102000000,1
1294749780000,1294749839000,0.7783191419809778,0.7784463767213395,0.7782888541253201,0.7784463767213395,63000000,1
1294749840000,1294749899000,0.7784342573347969,0.7784342573347969,0.7783433739628575,0.7783979014392577,93000000,1
1294749900000,1294749959000,0.7783918424534911,0.7784039605193511,0.7782585686268405,0.7782585686268405,68000000,1
1294749960000,1294750019000,0.7782525118099819,0.7783433739628575,0.7781858930461308,0.7783373158259326,97000000,1
1294750020000,1294750079000,0.7783191419809778,0.7783979014392577,0.7782464550873971,0.7783554905196302,40000000,1
1294750080000,1294750139000,0.7783615489394824,0.7783797247649292,0.7780103164167956,0.7780345291724047,67000000,1
1294750140000,1294750199000,0.7780587434351294,0.7781919488260975,0.7780042634633638,0.7781071764824887,65000000,1
1294750200000,1294750259000,0.7781071764824887,0.7782646255379754,0.7781071764824887,0.7782525118099819,47000000,1
1294750260000,1294750319000,0.7782282854852642,0.7782888541253201,0.7780950676553661,0.7781313952674048,53000000,1
1294750320000,1294750379000,0.7781071764824887,0.778216172888505,0.7781071764824887,0.7781919488260975,18000000,1
1294750380000,1294750439000,0.7782040606687886,0.7782827968370587,0.7780526897281483,0.7780829592051105,47000000,1
1294750440000,1294750499000,0.7780950676553661,0.7781737817689446,0.7780587434351294,0.7780647972363138,65000000,1
1294750500000,1294750559000,0.7780829592051105,0.7781616708687397,0.7780829592051105,0.7781313952674048,29000000,1
1294750560000,1294750619000,0.7781132310373805,0.7781919488260975,0.7779134804627029,0.7781435052252337,101000000,1
1294750620000,1294750679000,0.7781677262717206,0.7781737817689446,0.7780405825967882,0.7780647972363138,31000000,1
1294750680000,1294750739000,0.7780890133831311,0.7781071764824887,0.777937687191256,0.778070851131704,75000000,1
1294750740000,1294750799000,0.7780890133831311,0.778240398459084,0.7780405825967882,0.7781374501992032,54000000,1
1294750800000,1294750859000,0.7781011220218179,0.7783554905196302,0.7780769051213021,0.7782040606687886,123000000,1
1294750860000,1294750919000,0.7782040606687886,0.7786827802089985,0.7782040606687886,0.7786706534604123,95000000,1
1294750920000,1294750979000,0.7786827802089985,0.7788889927407546,0.7785554681843309,0.7788647267742539,173000000,1
1294750980000,1294751039000,0.7788647267742539,0.778973935532117,0.7787919379458583,0.7789193273252689,127000000,1
1294751040000,1294751099000,0.7789071932079293,0.7790649662275337,0.7787373552521941,0.7787798077971434,151000000,1
1294751100000,1294751159000,0.7787798077971434,0.778810133877462,0.778549406745352,0.778549406745352,130000000,1
1294751160000,1294751219000,0.778549406745352,0.7786706534604123,0.7784039605193511,0.7784463767213395,111000000,1
1294751220000,1294751279000,0.77845849648526,0.7785736530675802,0.7783130842212589,0.7783918424534911,94000000,1
1294751280000,1294751339000,0.7783676074536482,0.778476676838762,0.778325199834995,0.778385783562049,104000000,1
1294751340000,1294751399000,0.7783797247649292,0.778476676838762,0.7783554905196302,0.778476676838762,80000000,1
1294751400000,1294751459000,0.7784524365561264,0.7787798077971434,0.7784524365561264,0.7787009710401109,100000000,1
1294751460000,1294751519000,0.7786827802089985,0.7787373552521941,0.7785736530675802,0.7785857767950295,63000000,1
1294751520000,1294751579000,0.7785979009000592,0.7787373552521941,0.778549406745352,0.7786039630941721,139000000,1
1294751580000,1294751639000,0.7786100253826868,0.7787373552521941,0.7785857767950295,0.7787009710401109,97000000,1
1294751640000,1294751699000,0.778694907335306,0.778980003583308,0.7786888437249359,0.7789132602193419,203000000,1
1294751700000,1294751759000,0.7789011262910286,0.7789011262910286,0.7783433739628575,0.7785130400934216,234000000,1
1294751760000,1294751819000,0.7785130400934216,0.778537284150538,0.7783373158259326,0.7783918424534911,107000000,1
1294751820000,1294751879000,0.7783676074536482,0.77845849648526,0.7783191419809778,0.7784463767213395,98000000,1
1294751880000,1294751939000,0.7784342573347969,0.778440316980897,0.7782888541253201,0.7783191419809778,52000000,1
1294751940000,1294751999000,0.7783009689847064,0.7783009689847064,0.7780466361153688,0.7781374501992032,99000000,1
1294752000000,1294752059000,0.7781374501992032,0.7781616708687397,0.7779800525914515,0.777992157839049,71000000,1
1294752060000,1294752119000,0.7780163694644135,0.778198004700316,0.7780163694644135,0.7780647972363138,66000000,1
1294752120000,1294752179000,0.7781071764824887,0.7781253404298365,0.777949791120481,0.777949791120481,95000000,1
1294752180000,1294752239000,0.7779740001089164,0.7780647972363138,0.7779255836386691,0.7780042634633638,59000000,1
1294752240000,1294752299000,0.7780345291724047,0.7780950676553661,0.777937687191256,0.7779679477205539,99000000,1
1294752300000,1294752359000,0.7779558432263385,0.7779800525914515,0.7776594007356658,0.7777017358302744,88000000,1
1294752360000,1294752419000,0.7777380267230787,0.7778771731943527,0.7777259293824855,0.7778045688240373,145000000,1
1294752420000,1294752479000,0.7777985190716197,0.7778771731943527,0.7776835916538997,0.7777319780057397,121000000,1
1294752480000,1294752539000,0.7777440755345045,0.7779013776633399,0.7777077840772109,0.7778832241703876,123000000,1
1294752540000,1294752599000,0.7778832241703876,0.7780284758422158,0.7778408693149556,0.7780163694644135,98000000,1
1294752600000,1294752659000,0.7780224226062196,0.7781253404298365,0.777937687191256,0.777937687191256,96000000,1
1294752660000,1294752719000,0.7779316353678838,0.7780042634633638,0.7778650715246933,0.7779255836386691,74000000,1
1294752720000,1294752779000,0.7779255836386691,0.778070851131704,0.777907429015947,0.778070851131704,68000000,1
1294752780000,1294752839000,0.7780829592051105,0.7782888541253201,0.778070851131704,0.778070851131704,99000000,1
1294752840000,1294752899000,0.7780890133831311,0.7782646255379754,0.7778892752405622,0.777895326404879,145000000,1
1294752900000,1294752959000,0.7778771731943527,0.7779982106041157,0.7778348189978376,0.7779800525914515,99000000,1
1294752960000,1294753019000,0.7779800525914515,0.7779800525914515,0.7777259293824855,0.7777259293824855,83000000,1
1294753020000,1294753079000,0.7777319780057397,0.7777682717211234,0.7775324231020434,0.7777138324182234,116000000,1
1294753080000,1294753139000,0.7776835916538997,0.7778832241703876,0.7776594007356658,0.7778166686112084,135000000,1
1294753140000,1294753199000,0.7777864198491093,0.7778711223124553,0.777665448324131,0.7777985190716197,119000000,1
1294753200000,1294753259000,0.7778287687748419,0.777895326404879,0.7777198808533143,0.7778832241703876,139000000,1
1294753260000,1294753319000,0.7778892752405622,0.7781677262717206,0.7778348189978376,0.7780405825967882,119000000,1
1294753320000,1294753379000,0.7780345291724047,0.7781192856864957,0.7778348189978376,0.7779316353678838,132000000,1
1294753380000,1294753439000,0.7779558432263385,0.7781192856864957,0.7778650715246933,0.7781192856864957,93000000,1
1294753440000,1294753499000,0.7781253404298365,0.7781677262717206,0.7778711223124553,0.7779195320036095,94000000,1
1294753500000,1294753559000,0.777907429015947,0.7779134804627029,0.7777319780057397,0.7778892752405622,80000000,1
1294753560000,1294753619000,0.7779013776633399,0.778070851131704,0.7778650715246933,0.7779255836386691,86000000,1
1294753620000,1294753679000,0.7779013776633399,0.7781677262717206,0.7778529702315669,0.7781677262717206,92000000,1
1294753680000,1294753739000,0.7781556155599997,0.7784524365561264,0.7781556155599997,0.7782525118099819,117000000,1
1294753740000,1294753799000,0.7782585686268405,0.7784887975462033,0.7781495603454984,0.778240398459084,100000000,1
1294753800000,1294753859000,0.7782585686268405,0.7784706166265755,0.7782585686268405,0.7783494321940893,85000000,1
1294753860000,1294753919000,0.7783676074536482,0.7784039605193511,0.7781616708687397,0.7781919488260975,103000000,1
1294753920000,1294753979000,0.7781919488260975,0.7783070265558357,0.7781132310373805,0.7782827968370587,88000000,1
1294753980000,1294754039000,0.7782767396430822,0.7784645565087421,0.7782646255379754,0.7783494321940893,142000000,1
1294754040000,1294754099000,0.7783373158259326,0.7787130987330337,0.7782767396430822,0.7786767167874914,133000000,1
1294754100000,1294754159000,0.778694907335306,0.7787919379458583,0.7786342754808067,0.778694907335306,117000000,1
1294754160000,1294754219000,0.7786100253826868,0.7788525943579918,0.7785979009000592,0.7787434196181042,75000000,1
1294754220000,1294754279000,0.778755548633284,0.778810133877462,0.7786827802089985,0.778785872824267,81000000,1
1294754280000,1294754339000,0.778785872824267,0.778816199376947,0.778549406745352,0.7786282128146631,105000000,1
1294754340000,1294754399000,0.7786342754808067,0.7787070348393527,0.7785433454007551,0.7785736530675802,114000000,1
1294754400000,1294754459000,0.7785554681843309,0.7785736530675802,0.7783433739628575,0.7783433739628575,98000000,1
1294754460000,1294754519000,0.7783433739628575,0.7783433739628575,0.7781737817689446,0.7781858930461308,98000000,1
1294754520000,1294754579000,0.7781737817689446,0.7783191419809778,0.7781374501992032,0.7781435052252337,105000000,1
1294754580000,1294754639000,0.7781677262717206,0.7783676074536482,0.7781495603454984,0.7781919488260975,45000000,1
1294754640000,1294754699000,0.778216172888505,0.7783070265558357,0.778198004700316,0.7782343419250404,57000000,1
1294754700000,1294754759000,0.778198004700316,0.7782525118099819,0.7779740001089164,0.7779740001089164,141000000,1
1294754760000,1294754819000,0.7779800525914515,0.7781919488260975,0.7779800525914515,0.7780466361153688,130000000,1
1294754820000,1294754879000,0.7780224226062196,0.7782040606687886,0.7778529702315669,0.7781253404298365,163000000,1
1294754880000,1294754939000,0.7781374501992032,0.7782101167315175,0.7780224226062196,0.7781435052252337,100000000,1
1294754940000,1294754999000,0.7781556155599997,0.7781919488260975,0.7780647972363138,0.7780647972363138,68000000,1
1294755000000,1294755059000,0.7780890133831311,0.7781677262717206,0.7780405825967882,0.7780405825967882,97000000,1
1294755060000,1294755119000,0.7780103164167956,0.7780163694644135,0.7778227186459663,0.777895326404879,62000000,1
1294755120000,1294755179000,0.7778892752405622,0.7779134804627029,0.7777501244400199,0.7778590208310646,108000000,1
1294755180000,1294755239000,0.7778711223124553,0.7781011220218179,0.7778590208310646,0.7780466361153688,126000000,1
1294755240000,1294755299000,0.7780526897281483,0.7783676074536482,0.7780466361153688,0.7782222291397531,159000000,1
1294755300000,1294755359000,0.7782343419250404,0.7783433739628575,0.7781011220218179,0.7781192856864957,88000000,1
1294755360000,1294755419000,0.7781253404298365,0.7781556155599997,0.7779982106041157,0.7781253404298365,74000000,1
1294755420000,1294755479000,0.7781253404298365,0.7782827968370587,0.7780526897281483,0.7780890133831311,83000000,1
1294755480000,1294755539000,0.778070851131704,0.778240398459084,0.7779316353678838,0.7781192856864957,89000000,1
1294755540000,1294755599000,0.7781071764824887,0.778240398459084,0.7780284758422158,0.7781737817689446,125000000,1
1294755600000,1294755659000,0.7781374501992032,0.7781616708687397,0.7780405825967882,0.7780526897281483,82000000,1
1294755660000,1294755719000,0.7780829592051105,0.7783130842212589,0.7780224226062196,0.7781011220218179,94000000,1
1294755720000,1294755779000,0.7781011220218179,0.778240398459084,0.7780042634633638,0.7781374501992032,128000000,1
1294755780000,1294755839000,0.7781313952674048,0.7781556155599997,0.7779982106041157,0.7780829592051105,64000000,1
1294755840000,1294755899000,0.7780829592051105,0.7782222291397531,0.7780587434351294,0.778198004700316,67000000,1
1294755900000,1294755959000,0.778216172888505,0.7784524365561264,0.7781858930461308,0.7784524365561264,104000000,1
1294755960000,1294756019000,0.7784524365561264,0.7786524640457224,0.7784221383256139,0.77845849648526,131000000,1
1294756020000,1294756079000,0.7784463767213395,0.7786585270895302,0.7784342573347969,0.7786342754808067,145000000,1
1294756080000,1294756139000,0.7786464010963341,0.7788040684724538,0.7786039630941721,0.7786827802089985,138000000,1
1294756140000,1294756199000,0.7786888437249359,0.7787191627211563,0.7785736530675802,0.778640338241363,101000000,1
1294756200000,1294756259000,0.778640338241363,0.778810133877462,0.7785918388003457,0.7787494840784668,154000000,1
1294756260000,1294756319000,0.7787494840784668,0.7790042767334793,0.7787009710401109,0.7790042767334793,150000000,1
1294756320000,1294756379000,0.7790649662275337,0.7793624814901411,0.7790346202985261,0.7793624814901411,108000000,1
1294756380000,1294756439000,0.7793381860124383,0.7796966979844839,0.7792592361700967,0.7794171518538437,170000000,1
1294756440000,1294756499000,0.7794171518538437,0.7794900576043152,0.7791985164060248,0.7792045879566138,103000000,1
1294756500000,1294756559000,0.7791985164060248,0.7794050022213043,0.7791742311498274,0.779356407478704,132000000,1
1294756560000,1294756619000,0.7793867784826898,0.779423226812159,0.7791438767082729,0.7791438767082729,166000000,1
1294756620000,1294756679000,0.7791438767082729,0.7794171518538437,0.7791438767082729,0.7792228031761121,182000000,1
1294756680000,1294756739000,0.7792228031761121,0.7794596785508285,0.7792045879566138,0.7792106596018233,178000000,1
1294756740000,1294756799000,0.7792228031761121,0.7793746297970509,0.7791135246316742,0.7793685555962558,207000000,1
1294756800000,1294756859000,0.7793867784826898,0.779477905698763,0.7792895996010037,0.7794536030242799,160000000,1
1294756860000,1294756919000,0.779423226812159,0.7796298317558824,0.7793017456359103,0.7794475275924424,108000000,1
1294756920000,1294756979000,0.7794900576043152,0.779526515594428,0.7793685555962558,0.779423226812159,158000000,1
1294756980000,1294757039000,0.7793989275470757,0.7794657541720905,0.7791620890893932,0.7792410192472531,165000000,1
1294757040000,1294757099000,0.7792531637678449,0.7792956725711302,0.7791317355938543,0.7792288751051959,120000000,1
1294757100000,1294757159000,0.7792167313416554,0.779666302822392,0.7792167313416554,0.7796480668626182,167000000,1
1294757160000,1294757219000,0.7796176754919387,0.7797331753074098,0.7795386690156765,0.7796419883989272,121000000,1
1294757220000,1294757279000,0.7796419883989272,0.7796419883989272,0.779477905698763,0.779477905698763,138000000,1
1294757280000,1294757339000,0.7794657541720905,0.7798426277577185,0.7794293018651742,0.7797149362193182,162000000,1
1294757340000,1294757399000,0.7797149362193182,0.7797696560436047,0.7795325922576822,0.7796480668626182,200000000,1
1294757400000,1294757459000,0.779623753576524,0.7796723816652243,0.7793928529675382,0.779623753576524,140000000,1
1294757460000,1294757519000,0.779623753576524,0.7798122212171309,0.7795204390259113,0.7795204390259113,145000000,1
1294757520000,1294757579000,0.7795325922576822,0.7799156131306593,0.7795325922576822,0.7797027773012928,141000000,1
1294757580000,1294757639000,0.7796906187624751,0.779836546259904,0.7795812089745389,0.7796115975021244,139000000,1
1294757640000,1294757699000,0.7796115975021244,0.7798122212171309,0.7795690542268234,0.7796602240743484,170000000,1
1294757700000,1294757759000,0.7796906187624751,0.7797392551930634,0.7794171518538437,0.7795022098887651,146000000,1
1294757760000,1294757819000,0.7794839816041781,0.7798061401935479,0.7794718298880678,0.7796480668626182,150000000,1
1294757820000,1294757879000,0.779635910030016,0.779635910030016,0.7793078187953459,0.7796176754919387,153000000,1
1294757880000,1294757939000,0.779623753576524,0.779623753576524,0.7794475275924424,0.7794475275924424,100000000,1
1294757940000,1294757999000,0.7794475275924424,0.7800616248683646,0.7794353770128919,0.779939944624264,164000000,1
1294758000000,1294758059000,0.7799277786876935,0.7802137785753296,0.779423226812159,0.779623753576524,162000000,1
1294758060000,1294758119000,0.779623753576524,0.7799581942407887,0.77951436255213,0.7799277786876935,130000000,1
1294758120000,1294758179000,0.7799521109403883,0.7799521109403883,0.7795508228158934,0.7796784606028474,163000000,1
1294758180000,1294758239000,0.7796845396352636,0.7799216958617354,0.7796541454210911,0.7798487093503861,149000000,1
1294758240000,1294758299000,0.779836546259904,0.779939944624264,0.7796784606028474,0.779939944624264,123000000,1
1294758300000,1294758359000,0.7798730366696303,0.7799521109403883,0.779666302822392,0.779836546259904,121000000,1
1294758360000,1294758419000,0.7798243835488248,0.7798243835488248,0.7796419883989272,0.7796419883989272,98000000,1
1294758420000,1294758479000,0.7796419883989272,0.7797635756838527,0.7795386690156765,0.7796906187624751,126000000,1
1294758480000,1294758539000,0.7796723816652243,0.7798183023355557,0.7795629769950966,0.7796115975021244,80000000,1
1294758540000,1294758599000,0.779526515594428,0.7796055196070788,0.7792592361700967,0.7793017456359103,195000000,1
1294758600000,1294758659000,0.7793017456359103,0.7794839816041781,0.7792592361700967,0.7793017456359103,176000000,1
1294758660000,1294758719000,0.7792956725711302,0.7794110769902262,0.7791803023219572,0.7793503335619427,130000000,1
1294758720000,1294758779000,0.7793260388416098,0.7796055196070788,0.7793260388416098,0.7795082861730821,95000000,1
1294758780000,1294758839000,0.7795204390259113,0.7795325922576822,0.7793381860124383,0.7793381860124383,74000000,1
1294758840000,1294758899000,0.7793928529675382,0.7793928529675382,0.7791499474073785,0.7792653086669887,126000000,1
1294758900000,1294758959000,0.7792531637678449,0.7793321123796906,0.7791803023219572,0.7792713812585232,128000000,1
1294758960000,1294759019000,0.7793199653981936,0.7796602240743484,0.7792653086669887,0.77951436255213,156000000,1
1294759020000,1294759079000,0.7794961336991768,0.7794961336991768,0.7793017456359103,0.7793807040925281,107000000,1
1294759080000,1294759139000,0.7793807040925281,0.7793807040925281,0.7791195948578106,0.7791560182010846,124000000,1
1294759140000,1294759199000,0.7791560182010846,0.7793989275470757,0.7790892446729774,0.7791195948578106,129000000,1
1294759200000,1294759259000,0.7791195948578106,0.7792653086669887,0.7790285513964087,0.7790710356970348,135000000,1
1294759260000,1294759319000,0.779058896852602,0.7794900576043152,0.7790406892952019,0.7794475275924424,172000000,1
1294759320000,1294759379000,0.7794536030242799,0.7796966979844839,0.7793503335619427,0.7796966979844839,158000000,1
1294759380000,1294759439000,0.7797149362193182,0.7801042219240492,0.7796480668626182,0.7801042219240492,145000000,1
1294759440000,1294759499000,0.7801529099703541,0.7801650829315484,0.7798669546975285,0.7801346512408042,126000000,1
1294759500000,1294759559000,0.780140737389025,0.7802503042976188,0.7800190324643922,0.780122479229239,186000000,1
1294759560000,1294759619000,0.7801589964034671,0.7802929219629048,0.7801529099703541,0.7801955169965593,136000000,1
1294759620000,1294759679000,0.7801772562726251,0.7801772562726251,0.7795812089745389,0.7795812089745389,164000000,1
1294759680000,1294759739000,0.779587286490532,0.7799460277348808,0.779587286490532,0.7797696560436047,133000000,1
1294759740000,1294759799000,0.7797696560436047,0.7797696560436047,0.7795447458684129,0.7796480668626182,115000000,1
1294759800000,1294759859000,0.7796541454210911,0.7798122212171309,0.7795386690156765,0.7796176754919387,139000000,1
1294759860000,1294759919000,0.7796176754919387,0.7796176754919387,0.7792167313416554,0.7793381860124383,121000000,1
1294759920000,1294759979000,0.7793442597398548,0.779623753576524,0.7793442597398548,0.7794353770128919,105000000,1
1294759980000,1294760039000,0.7793928529675382,0.7795508228158934,0.779356407478704,0.7793989275470757,75000000,1
1294760040000,1294760099000,0.7793989275470757,0.779623753576524,0.7793928529675382,0.7795690542268234,80000000,1
1294760100000,1294760159000,0.7795994418067996,0.7797270955165693,0.7794900576043152,0.7796602240743484,113000000,1
1294760160000,1294760219000,0.779635910030016,0.7796906187624751,0.7794900576043152,0.7796298317558824,100000000,1
1294760220000,1294760279000,0.7796298317558824,0.7797635756838527,0.7795204390259113,0.7797453351735323,103000000,1
1294760280000,1294760339000,0.7797757364981832,0.7798426277577185,0.7797027773012928,0.7797149362193182,59000000,1
1294760340000,1294760399000,0.7797392551930634,0.779836546259904,0.7796055196070788,0.7797149362193182,129000000,1
1294760400000,1294760459000,0.7796906187624751,0.7797939784308986,0.7795751315533034,0.7795751315533034,141000000,1
1294760460000,1294760519000,0.7795568998581206,0.7797149362193182,0.7795447458684129,0.7796115975021244,96000000,1
1294760520000,1294760579000,0.7796115975021244,0.7797270955165693,0.7795325922576822,0.779587286490532,96000000,1
1294760580000,1294760639000,0.7795933641012848,0.7796784606028474,0.77951436255213,0.77951436255213,94000000,1
1294760640000,1294760699000,0.7795325922576822,0.7798730366696303,0.7795325922576822,0.7798669546975285,147000000,1
1294760700000,1294760759000,0.7799156131306593,0.779994696036067,0.7798243835488248,0.7798487093503861,139000000,1
1294760760000,1294760819000,0.779836546259904,0.7799764447113697,0.7797635756838527,0.7799764447113697,166000000,1
1294760820000,1294760879000,0.7800129482149404,0.7800920508620017,0.7799034479531434,0.7799703611262772,188000000,1
1294760880000,1294760939000,0.7799703611262772,0.7800007800007801,0.7797757364981832,0.7797878976918279,193000000,1
1294760940000,1294760999000,0.7797939784308986,0.7799581942407887,0.7797696560436047,0.7798000592648044,140000000,1
1294761000000,1294761059000,0.7798061401935479,0.7798304648569401,0.7795933641012848,0.7796541454210911,108000000,1
1294761060000,1294761119000,0.7796541454210911,0.7796906187624751,0.7793807040925281,0.7793928529675382,169000000,1
1294761120000,1294761179000,0.7793928529675382,0.7794293018651742,0.7792895996010037,0.7794293018651742,140000000,1
1294761180000,1294761239000,0.7794536030242799,0.7796419883989272,0.7794414522553139,0.7796115975021244,143000000,1
1294761240000,1294761299000,0.779635910030016,0.7798973655066994,0.779635910030016,0.7798426277577185,139000000,1
1294761300000,1294761359000,0.7798426277577185,0.7799581942407887,0.7798061401935479,0.7799095304944627,79000000,1
1294761360000,1294761419000,0.7799277786876935,0.7800920508620017,0.7799216958617354,0.7800555399544448,81000000,1
1294761420000,1294761479000,0.7800190324643922,0.7802259534361151,0.7800190324643922,0.7801833430856252,109000000,1
1294761480000,1294761539000,0.780122479229239,0.7802076912874207,0.779939944624264,0.779994696036067,147000000,1
1294761540000,1294761599000,0.7799764447113697,0.7799764447113697,0.7794353770128919,0.7795933641012848,171000000,1
1294761600000,1294761659000,0.7795568998581206,0.7796419883989272,0.7793321123796906,0.7794050022213043,166000000,1
1294761660000,1294761719000,0.7794110769902262,0.7796298317558824,0.7792288751051959,0.7792288751051959,151000000,1
1294761720000,1294761779000,0.7792106596018233,0.7793503335619427,0.7789314618206744,0.7792895996010037,167000000,1
1294761780000,1294761839000,0.7793138920494397,0.7793260388416098,0.7791378061037655,0.7792592361700967,159000000,1
1294761840000,1294761899000,0.7792410192472531,0.7794718298880678,0.7791924449500538,0.7793442597398548,168000000,1
1294761900000,1294761959000,0.7793078187953459,0.7793199653981936,0.778640338241363,0.7787312909807341,220000000,1
1294761960000,1294762019000,0.7787494840784668,0.7790771052611076,0.7787434196181042,0.7789496642726947,178000000,1
1294762020000,1294762079000,0.778961799713342,0.778961799713342,0.7786524640457224,0.7788040684724538,152000000,1
1294762080000,1294762139000,0.7785736530675802,0.7785918388003457,0.7783009689847064,0.7783130842212589,189000000,1
1294762140000,1294762199000,0.778325199834995,0.7784948580414627,0.7781737817689446,0.7781919488260975,164000000,1
1294762200000,1294762259000,0.7782525118099819,0.7783797247649292,0.7781253404298365,0.7783797247649292,133000000,1
1294762260000,1294762319000,0.7783797247649292,0.7785069793150695,0.7783373158259326,0.7783615489394824,126000000,1
1294762320000,1294762379000,0.7783615489394824,0.778476676838762,0.7781737817689446,0.778476676838762,138000000,1
1294762380000,1294762439000,0.7784524365561264,0.7786100253826868,0.7784221383256139,0.7785857767950295,110000000,1
1294762440000,1294762499000,0.7785797148841085,0.7786645902277595,0.778500918631084,0.7786524640457224,123000000,1
1294762500000,1294762559000,0.7786524640457224,0.7786827802089985,0.7785554681843309,0.7786827802089985,90000000,1
1294762560000,1294762619000,0.7787191627211563,0.7787798077971434,0.7785191009661423,0.7787373552521941,156000000,1
1294762620000,1294762679000,0.778755548633284,0.7788647267742539,0.7786706534604123,0.7787130987330337,158000000,1
1294762680000,1294762739000,0.7787070348393527,0.778785872824267,0.7785797148841085,0.7786645902277595,158000000,1
1294762740000,1294762799000,0.7786464010963341,0.7787616132825581,0.7785797148841085,0.7786221502429301,109000000,1
1294762800000,1294762859000,0.7786282128146631,0.7787676780262911,0.7786282128146631,0.7787191627211563,79000000,1
1294762860000,1294762919000,0.7787434196181042,0.778755548633284,0.7786039630941721,0.7786282128146631,88000000,1
1294762920000,1294762979000,0.7786039630941721,0.7786160877656054,0.778179837360414,0.778198004700316,122000000,1
1294762980000,1294763039000,0.7782343419250404,0.7784342573347969,0.7780163694644135,0.7784160789625271,184000000,1
1294763040000,1294763099000,0.7784100196937735,0.7785251619332336,0.7782464550873971,0.7784463767213395,178000000,1
1294763100000,1294763159000,0.7784463767213395,0.7788525943579918,0.7782888541253201,0.7787252268037224,201000000,1
1294763160000,1294763219000,0.778755548633284,0.7790224825888475,0.7787373552521941,0.7787919379458583,154000000,1
1294763220000,1294763279000,0.7787919379458583,0.7789375292101574,0.7786827802089985,0.7788768595685022,100000000,1
1294763280000,1294763339000,0.7788768595685022,0.7789011262910286,0.7787373552521941,0.778822264970911,121000000,1
1294763340000,1294763399000,0.778822264970911,0.7788768595685022,0.778640338241363,0.7787919379458583,127000000,1
1294763400000,1294763459000,0.778810133877462,0.7788950594686378,0.7786100253826868,0.778822264970911,179000000,1
1294763460000,1294763519000,0.7787919379458583,0.7787919379458583,0.7785191009661423,0.778640338241363,117000000,1
1294763520000,1294763579000,0.7786767167874914,0.7788647267742539,0.7785918388003457,0.7787252268037224,126000000,1
1294763580000,1294763639000,0.7787434196181042,0.7788525943579918,0.7785069793150695,0.7787919379458583,181000000,1
1294763640000,1294763699000,0.778810133877462,0.7788768595685022,0.7785433454007551,0.7786706534604123,126000000,1
1294763700000,1294763759000,0.7786645902277595,0.7790346202985261,0.7786464010963341,0.7788404623196984,158000000,1
1294763760000,1294763819000,0.7788343964422845,0.7788950594686378,0.7787676780262911,0.7787919379458583,123000000,1
1294763820000,1294763879000,0.778785872824267,0.7788343964422845,0.7785191009661423,0.7785797148841085,149000000,1
1294763880000,1294763939000,0.7785554681843309,0.7787009710401109,0.7784706166265755,0.7786160877656054,69000000,1
1294763940000,1294763999000,0.778640338241363,0.7786585270895302,0.7784706166265755,0.7785251619332336,108000000,1
1294764000000,1294764059000,0.7785130400934216,0.7785191009661423,0.7784281977830365,0.7784887975462033,102000000,1
1294764060000,1294764119000,0.778476676838762,0.7785736530675802,0.7784221383256139,0.778476676838762,87000000,1
1294764120000,1294764179000,0.7785312229946982,0.7787009710401109,0.778476676838762,0.7786221502429301,130000000,1
1294764180000,1294764239000,0.7786524640457224,0.7786888437249359,0.7784463767213395,0.7785069793150695,121000000,1
1294764240000,1294764299000,0.7785191009661423,0.7786100253826868,0.7784706166265755,0.7785615297176937,105000000,1
1294764300000,1294764359000,0.7785918388003457,0.7786585270895302,0.7784706166265755,0.7785615297176937,75000000,1
1294764360000,1294764419000,0.7785918388003457,0.7785918388003457,0.7783797247649292,0.77845849648526,65000000,1
1294764420000,1294764479000,0.7784463767213395,0.7786706534604123,0.7783191419809778,0.7786039630941721,95000000,1
1294764480000,1294764539000,0.7786160877656054,0.778694907335306,0.7779982106041157,0.7781677262717206,176000000,1
1294764540000,1294764599000,0.7781737817689446,0.7782282854852642,0.7778650715246933,0.7780103164167956,223000000,1
1294764600000,1294764659000,0.777992157839049,0.7782464550873971,0.7778650715246933,0.7781919488260975,162000000,1
1294764660000,1294764719000,0.7781919488260975,0.778216172888505,0.7777077840772109,0.7777077840772109,177000000,1
1294764720000,1294764779000,0.777689639618621,0.7778106186705661,0.7774719721354045,0.777689639618621,178000000,1
1294764780000,1294764839000,0.7776594007356658,0.7777743210030178,0.7775868370100231,0.7777743210030178,115000000,1
1294764840000,1294764899000,0.7777743210030178,0.7778832241703876,0.7777017358302744,0.7777319780057397,113000000,1
1294764900000,1294764959000,0.7777682717211234,0.7779437391087877,0.7777077840772109,0.7778529702315669,147000000,1
1294764960000,1294765019000,0.7778771731943527,0.7780890133831311,0.7778408693149556,0.7779982106041157,140000000,1
1294765020000,1294765079000,0.7779861051681618,0.7782222291397531,0.7779861051681618,0.7781192856864957,133000000,1
1294765080000,1294765139000,0.7780890133831311,0.7781858930461308,0.7779618954263621,0.7781071764824887,101000000,1
1294765140000,1294765199000,0.7780466361153688,0.7781435052252337,0.7779437391087877,0.7780950676553661,129000000,1
1294765200000,1294765259000,0.778070851131704,0.7781677262717206,0.7780224226062196,0.7780950676553661,100000000,1
1294765260000,1294765319000,0.7780950676553661,0.778198004700316,0.7780526897281483,0.778198004700316,61000000,1
1294765320000,1294765379000,0.7782101167315175,0.7783797247649292,0.7781677262717206,0.7783312577833126,95000000,1
1294765380000,1294765439000,0.7783433739628575,0.7784100196937735,0.7782949115078687,0.7783797247649292,75000000,1
1294765440000,1294765499000,0.778385783562049,0.7784706166265755,0.7783615489394824,0.7783676074536482,79000000,1
1294765500000,1294765559000,0.7783676074536482,0.7785675913454426,0.7783373158259326,0.7785554681843309,111000000,1
1294765560000,1294765619000,0.7785675913454426,0.7785857767950295,0.7784100196937735,0.7784342573347969,135000000,1
1294765620000,1294765679000,0.7784524365561264,0.7785675913454426,0.7783979014392577,0.7784221383256139,108000000,1
1294765680000,1294765739000,0.7784100196937735,0.7784948580414627,0.7782888541253201,0.7783130842212589,61000000,1
1294765740000,1294765799000,0.7783312577833126,0.7783676074536482,0.7781858930461308,0.778216172888505,140000000,1
1294765800000,1294765859000,0.7782040606687886,0.7783191419809778,0.7781677262717206,0.7782343419250404,94000000,1
1294765860000,1294765919000,0.7782222291397531,0.7783373158259326,0.778216172888505,0.7783009689847064,59000000,1
1294765920000,1294765979000,0.7783070265558357,0.7784281977830365,0.778216172888505,0.7782646255379754,56000000,1
1294765980000,1294766039000,0.778240398459084,0.7783554905196302,0.7781616708687397,0.7781616708687397,64000000,1
1294766040000,1294766099000,0.7781495603454984,0.7782525118099819,0.7780829592051105,0.778179837360414,86000000,1
1294766100000,1294766159000,0.7781737817689446,0.7781737817689446,0.7780345291724047,0.7780345291724047,64000000,1
1294766160000,1294766219000,0.7780345291724047,0.7780769051213021,0.7779800525914515,0.7780224226062196,30000000,1
1294766220000,1294766279000,0.7780042634633638,0.7781313952674048,0.7780042634633638,0.7780647972363138,53000000,1
1294766280000,1294766339000,0.7780890133831311,0.7780890133831311,0.7779134804627029,0.7779982106041157,89000000,1
1294766340000,1294766399000,0.7780103164167956,0.7781495603454984,0.7779618954263621,0.778070851131704,84000000,1
1294766400000,1294766459000,0.7780769051213021,0.7782706825433886,0.7780466361153688,0.7782706825433886,81000000,1
1294766460000,1294766519000,0.7782706825433886,0.7782706825433886,0.7781132310373805,0.7781677262717206,59000000,1
1294766520000,1294766579000,0.778179837360414,0.778179837360414,0.7780526897281483,0.7780587434351294,63000000,1
1294766580000,1294766639000,0.7780587434351294,0.7781132310373805,0.7780103164167956,0.7780284758422158,57000000,1
1294766640000,1294766699000,0.7780587434351294,0.7780950676553661,0.7780284758422158,0.7780890133831311,60000000,1
1294766700000,1294766759000,0.7780769051213021,0.7781374501992032,0.7779437391087877,0.7779679477205539,106000000,1
1294766760000,1294766819000,0.7780042634633638,0.7782888541253201,0.7780042634633638,0.7782888541253201,88000000,1
1294766820000,1294766879000,0.7782888541253201,0.7782888541253201,0.7779437391087877,0.778240398459084,128000000,1
1294766880000,1294766939000,0.7782646255379754,0.7783433739628575,0.7780526897281483,0.7780526897281483,81000000,1
1294766940000,1294766999000,0.7780284758422158,0.7782706825433886,0.7780284758422158,0.7782464550873971,83000000,1
1294767000000,1294767059000,0.7782464550873971,0.778325199834995,0.7781556155599997,0.778198004700316,78000000,1
1294767060000,1294767119000,0.7781919488260975,0.7782767396430822,0.7781071764824887,0.7782282854852642,62000000,1
1294767120000,1294767179000,0.778216172888505,0.778216172888505,0.7780224226062196,0.778070851131704,53000000,1
1294767180000,1294767239000,0.7780526897281483,0.7781374501992032,0.777907429015947,0.777937687191256,87000000,1
1294767240000,1294767299000,0.777937687191256,0.777937687191256,0.7778469197261978,0.7778590208310646,77000000,1
1294767300000,1294767359000,0.7779558432263385,0.7780950676553661,0.777907429015947,0.7780950676553661,35000000,1
1294767360000,1294767419000,0.7781071764824887,0.7782464550873971,0.7781071764824887,0.7782464550873971,63000000,1
1294767420000,1294767479000,0.7782525118099819,0.7782525118099819,0.7781253404298365,0.7781495603454984,77000000,1
1294767480000,1294767539000,0.7781374501992032,0.7781737817689446,0.7781071764824887,0.7781132310373805,55000000,1
1294767540000,1294767599000,0.7781071764824887,0.7781556155599997,0.778070851131704,0.7781132310373805,49000000,1
1294767600000,1294767659000,0.7781132310373805,0.778325199834995,0.7781132310373805,0.7782222291397531,75000000,1
1294767660000,1294767719000,0.7782222291397531,0.7784100196937735,0.778216172888505,0.7783312577833126,85000000,1
1294767720000,1294767779000,0.7783433739628575,0.7785554681843309,0.7783433739628575,0.7784887975462033,47000000,1
1294767780000,1294767839000,0.7784524365561264,0.7784645565087421,0.7783312577833126,0.7783615489394824,48000000,1
1294767840000,1294767899000,0.7783615489394824,0.7784221383256139,0.7783615489394824,0.7783797247649292,22000000,1
1294767900000,1294767959000,0.7783797247649292,0.7785675913454426,0.7782949115078687,0.7785130400934216,74000000,1
1294767960000,1294768019000,0.778476676838762,0.7785857767950295,0.778385783562049,0.7784160789625271,77000000,1
1294768020000,1294768079000,0.7783918424534911,0.7785191009661423,0.7783070265558357,0.778500918631084,69000000,1
1294768080000,1294768139000,0.7784827371453038,0.7785736530675802,0.7783373158259326,0.7784039605193511,127000000,1
1294768140000,1294768199000,0.778385783562049,0.778694907335306,0.7783615489394824,0.7784524365561264,142000000,1
1294768200000,1294768259000,0.7784221383256139,0.7785251619332336,0.7783676074536482,0.7783676074536482,75000000,1
1294768260000,1294768319000,0.7784160789625271,0.7785069793150695,0.7783615489394824,0.7784039605193511,52000000,1
1294768320000,1294768379000,0.7783676074536482,0.7786706534604123,0.7783676074536482,0.7785918388003457,65000000,1
1294768380000,1294768439000,0.7786160877656054,0.7787676780262911,0.77845849648526,0.77845849648526,97000000,1
1294768440000,1294768499000,0.7785191009661423,0.7785918388003457,0.778476676838762,0.7784827371453038,54000000,1
1294768500000,1294768559000,0.7784827371453038,0.7785069793150695,0.7783736660621299,0.7784039605193511,70000000,1
1294768560000,1294768619000,0.7784221383256139,0.77845849648526,0.7782949115078687,0.7783191419809778,63000000,1
1294768620000,1294768679000,0.7783009689847064,0.7784524365561264,0.7781374501992032,0.7781616708687397,82000000,1
1294768680000,1294768739000,0.7781737817689446,0.778385783562049,0.7781737817689446,0.7782585686268405,77000000,1
1294768740000,1294768799000,0.7782525118099819,0.7784827371453038,0.778198004700316,0.7784827371453038,82000000,1
1294768800000,1294768859000,0.7785251619332336,0.7785918388003457,0.778385783562049,0.778385783562049,75000000,1
1294768860000,1294768919000,0.7783797247649292,0.7783918424534911,0.7781616708687397,0.778198004700316,66000000,1
1294768920000,1294768979000,0.7782525118099819,0.7784039605193511,0.778216172888505,0.778385783562049,75000000,1
1294768980000,1294769039000,0.7783554905196302,0.7783554905196302,0.778198004700316,0.7783373158259326,81000000,1
1294769040000,1294769099000,0.7783736660621299,0.778385783562049,0.7782040606687886,0.7783615489394824,81000000,1
1294769100000,1294769159000,0.7783554905196302,0.778500918631084,0.7783554905196302,0.7784160789625271,68000000,1
1294769160000,1294769219000,0.7784160789625271,0.7784463767213395,0.7783373158259326,0.7783918424534911,52000000,1
1294769220000,1294769279000,0.778385783562049,0.7784645565087421,0.7783736660621299,0.7784342573347969,48000000,1
1294769280000,1294769339000,0.7784887975462033,0.7784887975462033,0.7782585686268405,0.7782585686268405,54000000,1
1294769340000,1294769399000,0.7782585686268405,0.7782767396430822,0.7780647972363138,0.7781858930461308,80000000,1
1294769400000,1294769459000,0.7781677262717206,0.7781677262717206,0.7778771731943527,0.777907429015947,93000000,1
1294769460000,1294769519000,0.777907429015947,0.7779134804627029,0.7776956876774118,0.7777743210030178,107000000,1
1294769520000,1294769579000,0.7777259293824855,0.7777380267230787,0.7774538386783285,0.7776291642041743,126000000,1
1294769580000,1294769639000,0.7776412585346127,0.7782888541253201,0.7775928834699305,0.778216172888505,135000000,1
1294769640000,1294769699000,0.778216172888505,0.7784100196937735,0.7781011220218179,0.7782767396430822,133000000,1
1294769700000,1294769759000,0.7782949115078687,0.7782949115078687,0.7780587434351294,0.7780890133831311,77000000,1
1294769760000,1294769819000,0.778070851131704,0.778385783562049,0.778070851131704,0.7781919488260975,147000000,1
1294769820000,1294769879000,0.7781374501992032,0.7781374501992032,0.7778469197261978,0.7778771731943527,63000000,1
1294769880000,1294769939000,0.7778771731943527,0.7779437391087877,0.7777743210030178,0.7778711223124553,103000000,1
1294769940000,1294769999000,0.7778892752405622,0.7778892752405622,0.7777803703790124,0.7777924694133111,46000000,1
1294770000000,1294770059000,0.7777924694133111,0.777907429015947,0.7777259293824855,0.7777743210030178,101000000,1
1294770060000,1294770119000,0.7777743210030178,0.7778469197261978,0.7776714960066569,0.7778469197261978,80000000,1
1294770120000,1294770179000,0.7778408693149556,0.7781677262717206,0.7778045688240373,0.7781071764824887,83000000,1
1294770180000,1294770239000,0.7780890133831311,0.778179837360414,0.7780829592051105,0.778179837360414,46000000,1
1294770240000,1294770299000,0.7781616708687397,0.778385783562049,0.7781374501992032,0.7783797247649292,114000000,1
1294770300000,1294770359000,0.7783554905196302,0.7784827371453038,0.7783130842212589,0.7783130842212589,68000000,1
1294770360000,1294770419000,0.7783373158259326,0.7785069793150695,0.7783009689847064,0.7785069793150695,94000000,1
1294770420000,1294770479000,0.778500918631084,0.778500918631084,0.7783554905196302,0.7783615489394824,73000000,1
1294770480000,1294770539000,0.7783433739628575,0.7784100196937735,0.7783433739628575,0.7783615489394824,25000000,1
1294770540000,1294770599000,0.7783918424534911,0.7783979014392577,0.7782888541253201,0.7783130842212589,31000000,1
1294770600000,1294770659000,0.7783130842212589,0.7783979014392577,0.7782646255379754,0.7783676074536482,46000000,1
1294770660000,1294770719000,0.7783736660621299,0.7784948580414627,0.7783676074536482,0.7784827371453038,53000000,1
1294770720000,1294770779000,0.778476676838762,0.778537284150538,0.7784463767213395,0.778476676838762,40000000,1
1294770780000,1294770839000,0.77845849648526,0.7785312229946982,0.7784281977830365,0.7785312229946982,32000000,1
1294770840000,1294770899000,0.778549406745352,0.778549406745352,0.7784524365561264,0.7785069793150695,28000000,1
1294770900000,1294770959000,0.7784887975462033,0.7785675913454426,0.7784645565087421,0.7785675913454426,45000000,1
1294770960000,1294771019000,0.778549406745352,0.7787434196181042,0.778549406745352,0.7786221502429301,34000000,1
1294771020000,1294771079000,0.7786342754808067,0.7786827802089985,0.7786221502429301,0.7786464010963341,12000000,1
1294771080000,1294771139000,0.7786282128146631,0.7786282128146631,0.7785857767950295,0.7785918388003457,33000000,1
1294771140000,1294771199000,0.7786039630941721,0.7786888437249359,0.7785797148841085,0.7786039630941721,33000000,1
1294771200000,1294771259000,0.7785857767950295,0.7787798077971434,0.7785857767950295,0.7787191627211563,54000000,1
1294771260000,1294771319000,0.7787494840784668,0.778816199376947,0.7786464010963341,0.778816199376947,58000000,1
1294771320000,1294771379000,0.7788525943579918,0.7789921399693077,0.7787980031619199,0.7788283306593561,55000000,1
1294771380000,1294771439000,0.7788283306593561,0.7788950594686378,0.7787919379458583,0.7788404623196984,43000000,1
1294771440000,1294771499000,0.778822264970911,0.7789011262910286,0.778785872824267,0.7788768595685022,16000000,1
1294771500000,1294771559000,0.7788647267742539,0.7788647267742539,0.7786039630941721,0.7786160877656054,71000000,1
1294771560000,1294771619000,0.778640338241363,0.7788950594686378,0.778537284150538,0.7788889927407546,115000000,1
1294771620000,1294771679000,0.7788889927407546,0.7789557319457535,0.7788768595685022,0.7789496642726947,43000000,1
1294771680000,1294771739000,0.7789253945257123,0.7789860717290376,0.7789253945257123,0.7789314618206744,22000000,1
1294771740000,1294771799000,0.7789011262910286,0.7789375292101574,0.7787980031619199,0.7788404623196984,92000000,1
1294771800000,1294771859000,0.7788404623196984,0.7789921399693077,0.7788343964422845,0.7789678675754625,59000000,1
1294771860000,1294771919000,0.7789314618206744,0.7789557319457535,0.778755548633284,0.7788465282916002,55000000,1
1294771920000,1294771979000,0.7788647267742539,0.7788647267742539,0.7786827802089985,0.7787312909807341,100000000,1
1294771980000,1294772039000,0.778755548633284,0.7789982083041208,0.7786706534604123,0.7789435966941634,61000000,1
1294772040000,1294772099000,0.7789435966941634,0.7791499474073785,0.7789435966941634,0.7791499474073785,44000000,1
1294772100000,1294772159000,0.7791742311498274,0.7794050022213043,0.7791742311498274,0.7793442597398548,76000000,1
1294772160000,1294772219000,0.7793442597398548,0.7793442597398548,0.7790164138758403,0.7790164138758403,98000000,1
1294772220000,1294772279000,0.7790164138758403,0.7791985164060248,0.7789860717290376,0.7791620890893932,106000000,1
1294772280000,1294772339000,0.7791620890893932,0.7793078187953459,0.7790710356970348,0.7792531637678449,99000000,1
1294772340000,1294772399000,0.7792288751051959,0.7792288751051959,0.7789860717290376,0.7790710356970348,81000000,1
1294772400000,1294772459000,0.7790710356970348,0.7791195948578106,0.7788647267742539,0.7788707931241285,99000000,1
1294772460000,1294772519000,0.7788829261073769,0.7788829261073769,0.778694907335306,0.7787676780262911,65000000,1
1294772520000,1294772579000,0.778785872824267,0.778810133877462,0.7786767167874914,0.778810133877462,47000000,1
1294772580000,1294772639000,0.7788283306593561,0.7788283306593561,0.7787009710401109,0.7787737428644855,39000000,1
1294772640000,1294772699000,0.7787980031619199,0.778822264970911,0.7787737428644855,0.7787737428644855,27000000,1
1294772700000,1294772759000,0.7787616132825581,0.778822264970911,0.7787130987330337,0.7787434196181042,62000000,1
1294772760000,1294772819000,0.7787434196181042,0.7787980031619199,0.7787252268037224,0.7787252268037224,40000000,1
1294772820000,1294772879000,0.7787252268037224,0.7789496642726947,0.7787252268037224,0.7787980031619199,84000000,1
1294772880000,1294772939000,0.7788404623196984,0.7789071932079293,0.7787312909807341,0.7787312909807341,60000000,1
1294772940000,1294772999000,0.7787373552521941,0.7789435966941634,0.7786706534604123,0.7787130987330337,65000000,1
1294773000000,1294773059000,0.7787312909807341,0.7788768595685022,0.7786888437249359,0.7787919379458583,84000000,1
1294773060000,1294773119000,0.7787919379458583,0.778822264970911,0.7786827802089985,0.7786827802089985,53000000,1
1294773120000,1294773179000,0.7786827802089985,0.7787070348393527,0.7786342754808067,0.7786342754808067,31000000,1
1294773180000,1294773239000,0.7786342754808067,0.7787130987330337,0.7785615297176937,0.7787130987330337,62000000,1
1294773240000,1294773299000,0.7787130987330337,0.7788040684724538,0.7787130987330337,0.7787919379458583,43000000,1
1294773300000,1294773359000,0.778785872824267,0.7787919379458583,0.7787434196181042,0.7787434196181042,32000000,1
1294773360000,1294773419000,0.7787434196181042,0.7787434196181042,0.7786464010963341,0.7786464010963341,31000000,1
1294773420000,1294773479000,0.7786464010963341,0.7786585270895302,0.778549406745352,0.7785979009000592,36000000,1
1294773480000,1294773539000,0.7785979009000592,0.7788889927407546,0.7785857767950295,0.7788525943579918,72000000,1
1294773540000,1294773599000,0.7788647267742539,0.7788647267742539,0.7785675913454426,0.7786767167874914,60000000,1
1294773600000,1294773659000,0.778640338241363,0.778640338241363,0.7783736660621299,0.7783736660621299,119000000,1
1294773660000,1294773719000,0.7783736660621299,0.7783736660621299,0.7782949115078687,0.7783373158259326,42000000,1
1294773720000,1294773779000,0.7783494321940893,0.7783918424534911,0.7782888541253201,0.7783918424534911,51000000,1
1294773780000,1294773839000,0.7783736660621299,0.7784645565087421,0.7783433739628575,0.7783736660621299,41000000,1
1294773840000,1294773899000,0.7783736660621299,0.7784221383256139,0.7782706825433886,0.7783009689847064,38000000,1
1294773900000,1294773959000,0.778325199834995,0.7783797247649292,0.7783009689847064,0.7783676074536482,45000000,1
1294773960000,1294774019000,0.7783676074536482,0.7784827371453038,0.7783554905196302,0.7784827371453038,44000000,1
1294774020000,1294774079000,0.7784463767213395,0.7786464010963341,0.7784039605193511,0.7786464010963341,75000000,1
1294774080000,1294774139000,0.7786464010963341,0.7786464010963341,0.7785251619332336,0.7785857767950295,47000000,1
1294774140000,1294774199000,0.7785857767950295,0.7786039630941721,0.7785312229946982,0.7786039630941721,37000000,1
1294774200000,1294774259000,0.7785675913454426,0.7786706534604123,0.7785675913454426,0.7785918388003457,49000000,1
1294774260000,1294774319000,0.7786039630941721,0.7786888437249359,0.7784463767213395,0.7784463767213395,55000000,1
1294774320000,1294774379000,0.7784463767213395,0.7785675913454426,0.7784463767213395,0.7785433454007551,29000000,1
1294774380000,1294774439000,0.7785615297176937,0.7787676780262911,0.7785615297176937,0.7787676780262911,52000000,1
1294774440000,1294774499000,0.7787919379458583,0.7788950594686378,0.7785615297176937,0.7786100253826868,129000000,1
1294774500000,1294774559000,0.7786100253826868,0.7786464010963341,0.7784827371453038,0.7786039630941721,54000000,1
1294774560000,1294774619000,0.7785797148841085,0.7785979009000592,0.7785433454007551,0.7785433454007551,11000000,1
1294774620000,1294774679000,0.7785675913454426,0.7785675913454426,0.7783615489394824,0.7784221383256139,36000000,1
1294774680000,1294774739000,0.7784706166265755,0.778500918631084,0.7784706166265755,0.778500918631084,9000000,1
1294774740000,1294774799000,0.7785130400934216,0.7785918388003457,0.7784827371453038,0.7784827371453038,25000000,1
1294774800000,1294774859000,0.7784827371453038,0.7784827371453038,0.778216172888505,0.7782282854852642,58000000,1
1294774860000,1294774919000,0.7782222291397531,0.7782464550873971,0.7781374501992032,0.7781374501992032,51000000,1
1294774920000,1294774979000,0.7781374501992032,0.7781919488260975,0.7780405825967882,0.7781556155599997,91000000,1
1294774980000,1294775039000,0.7781737817689446,0.778216172888505,0.7781556155599997,0.778216172888505,19000000,1
1294775040000,1294775099000,0.778216172888505,0.778216172888505,0.7779679477205539,0.7780526897281483,63000000,1
1294775100000,1294775159000,0.7780466361153688,0.7781677262717206,0.7778106186705661,0.7778892752405622,99000000,1
1294775160000,1294775219000,0.7779013776633399,0.777937687191256,0.7777743210030178,0.7777924694133111,36000000,1
1294775220000,1294775279000,0.7777924694133111,0.7778348189978376,0.7776412585346127,0.7777561734396267,80000000,1
1294775280000,1294775339000,0.7777501244400199,0.7778650715246933,0.7777319780057397,0.7777440755345045,74000000,1
1294775340000,1294775399000,0.7777743210030178,0.7778892752405622,0.7777743210030178,0.7778408693149556,31000000,1
1294775400000,1294775459000,0.7778348189978376,0.7778469197261978,0.7775445144234507,0.7776714960066569,57000000,1
1294775460000,1294775519000,0.7777077840772109,0.7777077840772109,0.7773813133079907,0.7774236181295188,65000000,1
1294775520000,1294775579000,0.7774477943806074,0.7775807906441479,0.7774296620513259,0.7774296620513259,64000000,1
1294775580000,1294775639000,0.7774598830700336,0.7776049766718507,0.7774598830700336,0.7774659275557249,40000000,1
1294775640000,1294775699000,0.7774840615767377,0.7775626521106938,0.7774659275557249,0.7775082415873609,17000000,1
1294775700000,1294775759000,0.7774659275557249,0.7777319780057397,0.7774659275557249,0.7777017358302744,26000000,1
1294775760000,1294775819000,0.7777017358302744,0.7778287687748419,0.7776533532412592,0.7778287687748419,61000000,1
1294775820000,1294775879000,0.7778045688240373,0.777895326404879,0.7778045688240373,0.7778711223124553,14000000,1
1294775880000,1294775939000,0.7778892752405622,0.7780042634633638,0.7778892752405622,0.7780042634633638,21000000,1
1294775940000,1294775999000,0.7780042634633638,0.7782767396430822,0.777937687191256,0.778240398459084,75000000,1
1294776000000,1294776059000,0.778216172888505,0.7783433739628575,0.7781616708687397,0.778240398459084,64000000,1
1294776060000,1294776119000,0.778216172888505,0.7784160789625271,0.778216172888505,0.7782949115078687,55000000,1
1294776120000,1294776179000,0.7783070265558357,0.7783130842212589,0.7780345291724047,0.7782827968370587,57000000,1
1294776180000,1294776239000,0.7783130842212589,0.7783130842212589,0.7782706825433886,0.7782706825433886,6000000,1
1294776240000,1294776299000,0.7782706825433886,0.7783433739628575,0.7782040606687886,0.7783009689847064,42000000,1
1294776300000,1294776359000,0.7783191419809778,0.7783979014392577,0.7782585686268405,0.7782888541253201,55000000,1
1294776360000,1294776419000,0.7782767396430822,0.778440316980897,0.778240398459084,0.7783615489394824,48000000,1
1294776420000,1294776479000,0.7783797247649292,0.7784463767213395,0.7783009689847064,0.7783615489394824,34000000,1
1294776480000,1294776539000,0.7783312577833126,0.7783554905196302,0.7783312577833126,0.7783554905196302,3000000,1
1294776540000,1294776599000,0.7783554905196302,0.7784221383256139,0.7783130842212589,0.7783373158259326,54000000,1
1294776600000,1294776659000,0.7783676074536482,0.7784160789625271,0.7782949115078687,0.7783918424534911,42000000,1
1294776660000,1294776719000,0.7783979014392577,0.778537284150538,0.778385783562049,0.7784887975462033,34000000,1
1294776720000,1294776779000,0.7784887975462033,0.7785554681843309,0.7784160789625271,0.7784948580414627,39000000,1
1294776780000,1294776839000,0.7784948580414627,0.7786221502429301,0.778476676838762,0.7785130400934216,64000000,1
1294776840000,1294776899000,0.778537284150538,0.7785979009000592,0.7785312229946982,0.7785979009000592,25000000,1
1294776900000,1294776959000,0.7785979009000592,0.7785979009000592,0.7784827371453038,0.7785736530675802,36000000,1
1294776960000,1294777019000,0.7785675913454426,0.7786221502429301,0.7785191009661423,0.7785979009000592,27000000,1
1294777020000,1294777079000,0.7786160877656054,0.7786160877656054,0.7784706166265755,0.7784706166265755,24000000,1
1294777080000,1294777139000,0.7784645565087421,0.7785069793150695,0.7784221383256139,0.7785069793150695,24000000,1
1294777140000,1294777199000,0.7785069793150695,0.7785069793150695,0.7784827371453038,0.7785069793150695,8000000,1
1294777200000,1294777259000,0.7785069793150695,0.7786645902277595,0.7784342573347969,0.778640338241363,59000000,1
1294777260000,1294777319000,0.7786706534604123,0.7787009710401109,0.7785857767950295,0.7786160877656054,46000000,1
1294777320000,1294777379000,0.7786585270895302,0.7786585270895302,0.7785554681843309,0.7785554681843309,33000000,1
1294777380000,1294777439000,0.7785251619332336,0.7785857767950295,0.7784827371453038,0.7785554681843309,34000000,1
1294777440000,1294777499000,0.7785736530675802,0.7786706534604123,0.7785736530675802,0.7785857767950295,33000000,1
1294777500000,1294777559000,0.7785918388003457,0.7786645902277595,0.7785069793150695,0.7785554681843309,36000000,1
1294777560000,1294777619000,0.7785554681843309,0.7785736530675802,0.7784645565087421,0.7785069793150695,36000000,1
1294777620000,1294777679000,0.7785675913454426,0.7785857767950295,0.7785554681843309,0.7785615297176937,16000000,1
1294777680000,1294777739000,0.7785736530675802,0.7786039630941721,0.778549406745352,0.778549406745352,11000000,1
1294777740000,1294777799000,0.7785554681843309,0.7785615297176937,0.7784281977830365,0.7785130400934216,33000000,1
1294777800000,1294777859000,0.778500918631084,0.7785312229946982,0.77845849648526,0.7784948580414627,36000000,1
1294777860000,1294777919000,0.7784948580414627,0.7784948580414627,0.7782282854852642,0.7782282854852642,73000000,1
1294777920000,1294777979000,0.7782706825433886,0.7783373158259326,0.7781011220218179,0.7781132310373805,74000000,1
1294777980000,1294778039000,0.7781192856864957,0.7782282854852642,0.7781192856864957,0.7781616708687397,25000000,1
1294778040000,1294778099000,0.778179837360414,0.778179837360414,0.7781495603454984,0.778179837360414,13000000,1
1294778100000,1294778159000,0.778179837360414,0.778179837360414,0.7781556155599997,0.778179837360414,16000000,1
1294778160000,1294778219000,0.778179837360414,0.7782706825433886,0.7781132310373805,0.7781616708687397,47000000,1
1294778220000,1294778279000,0.7781435052252337,0.7781435052252337,0.7779679477205539,0.7780163694644135,51000000,1
1294778280000,1294778339000,0.7780405825967882,0.7780587434351294,0.777949791120481,0.777949791120481,35000000,1
1294778340000,1294778399000,0.7779134804627029,0.777949791120481,0.7779134804627029,0.7779255836386691,12000000,1
1294778400000,1294778459000,0.777937687191256,0.7779679477205539,0.7778469197261978,0.7779679477205539,44000000,1
1294778460000,1294778519000,0.7779679477205539,0.7781011220218179,0.777937687191256,0.7780405825967882,40000000,1
1294778520000,1294778579000,0.7780405825967882,0.7781011220218179,0.7779437391087877,0.7780526897281483,30000000,1
1294778580000,1294778639000,0.7780163694644135,0.7781374501992032,0.7779861051681618,0.7779861051681618,33000000,1
1294778640000,1294778699000,0.7780103164167956,0.7780647972363138,0.777949791120481,0.777949791120481,18000000,1
1294778700000,1294778759000,0.7780345291724047,0.7782525118099819,0.7780163694644135,0.7780526897281483,66000000,1
1294778760000,1294778819000,0.7780345291724047,0.7781011220218179,0.7778227186459663,0.7781011220218179,44000000,1
1294778820000,1294778879000,0.778070851131704,0.7781192856864957,0.7780466361153688,0.7781192856864957,13000000,1
1294778880000,1294778939000,0.7781435052252337,0.7781858930461308,0.7781374501992032,0.7781737817689446,15000000,1
1294778940000,1294778999000,0.7781737817689446,0.7781737817689446,0.7779195320036095,0.7779195320036095,38000000,1
1294779000000,1294779059000,0.7779558432263385,0.7780284758422158,0.777949791120481,0.7780163694644135,26000000,1
1294779060000,1294779119000,0.7780284758422158,0.7781374501992032,0.7779558432263385,0.7781132310373805,52000000,1
1294779120000,1294779179000,0.7781374501992032,0.778198004700316,0.7780647972363138,0.7781192856864957,45000000,1
1294779180000,1294779239000,0.7781374501992032,0.7782706825433886,0.7781374501992032,0.7782282854852642,30000000,1
1294779240000,1294779299000,0.7782282854852642,0.7782282854852642,0.7780829592051105,0.7780890133831311,33000000,1
1294779300000,1294779359000,0.7780890133831311,0.7782706825433886,0.7780647972363138,0.7782464550873971,50000000,1
1294779360000,1294779419000,0.7782464550873971,0.7782767396430822,0.778179837360414,0.7782222291397531,34000000,1
1294779420000,1294779479000,0.7781919488260975,0.778240398459084,0.7781253404298365,0.778198004700316,25000000,1
1294779480000,1294779539000,0.7781495603454984,0.778216172888505,0.7781011220218179,0.7781071764824887,98000000,1
1294779540000,1294779599000,0.7781071764824887,0.7782646255379754,0.778070851131704,0.7781556155599997,197000000,1
1294779600000,1294779659000,0.7781192856864957,0.7783070265558357,0.7779558432263385,0.7779558432263385,55000000,1
1294779660000,1294779719000,0.7779618954263621,0.7781132310373805,0.777949791120481,0.777992157839049,78000000,1
1294779720000,1294779779000,0.7779982106041157,0.7781132310373805,0.777949791120481,0.7780829592051105,66000000,1
1294779780000,1294779839000,0.7781192856864957,0.7781253404298365,0.7779437391087877,0.7779437391087877,61000000,1
1294779840000,1294779899000,0.777937687191256,0.7780345291724047,0.7778771731943527,0.7778892752405622,52000000,1
1294779900000,1294779959000,0.7778711223124553,0.7779437391087877,0.7778650715246933,0.7779134804627029,46000000,1
1294779960000,1294780019000,0.7779134804627029,0.7781192856864957,0.7778892752405622,0.7780587434351294,77000000,1
1294780020000,1294780079000,0.7780042634633638,0.7781132310373805,0.777949791120481,0.7780345291724047,45000000,1
1294780080000,1294780139000,0.7780647972363138,0.7781253404298365,0.7779316353678838,0.7779316353678838,21000000,1
1294780140000,1294780199000,0.7779316353678838,0.777992157839049,0.7779316353678838,0.7779316353678838,13000000,1
1294780200000,1294780259000,0.7779316353678838,0.7780647972363138,0.7779316353678838,0.7780587434351294,35000000,1
1294780260000,1294780319000,0.7780587434351294,0.778070851131704,0.7779558432263385,0.7779982106041157,26000000,1
1294780320000,1294780379000,0.7780405825967882,0.778198004700316,0.7780224226062196,0.7780769051213021,17000000,1
1294780380000,1294780439000,0.7780769051213021,0.7781495603454984,0.7779679477205539,0.777992157839049,36000000,1
1294780440000,1294780499000,0.7780224226062196,0.7781132310373805,0.7779740001089164,0.778070851131704,36000000,1
1294780500000,1294780559000,0.778070851131704,0.778070851131704,0.7780345291724047,0.7780466361153688,14000000,1
1294780560000,1294780619000,0.7780466361153688,0.778179837360414,0.7780466361153688,0.778179837360414,15000000,1
1294780620000,1294780679000,0.7781495603454984,0.7782464550873971,0.7781132310373805,0.7781374501992032,23000000,1
1294780680000,1294780739000,0.7781435052252337,0.7781556155599997,0.7780466361153688,0.7780466361153688,14000000,1
1294780740000,1294780799000,0.7780647972363138,0.7781132310373805,0.7780647972363138,0.7781132310373805,5000000,1
1294780800000,1294780859000,0.7781132310373805,0.7781313952674048,0.7780890133831311,0.7780890133831311,11000000,1
1294780860000,1294780919000,0.7780647972363138,0.7781616708687397,0.7780647972363138,0.7781435052252337,12000000,1
1294780920000,1294780979000,0.7781435052252337,0.7781616708687397,0.7781011220218179,0.7781374501992032,15000000,1
1294780980000,1294781039000,0.7781495603454984,0.7781495603454984,0.7780466361153688,0.7781374501992032,21000000,1
1294781040000,1294781099000,0.7781313952674048,0.7781435052252337,0.7781011220218179,0.7781253404298365,19000000,1
1294781100000,1294781159000,0.7780950676553661,0.7780950676553661,0.7780224226062196,0.7780224226062196,10000000,1
1294781160000,1294781219000,0.7780224226062196,0.778537284150538,0.7780224226062196,0.7780890133831311,60000000,1
1294781220000,1294781279000,0.7781253404298365,0.7782525118099819,0.7781192856864957,0.7781737817689446,25000000,1
1294781280000,1294781339000,0.7781556155599997,0.7781556155599997,0.7781132310373805,0.7781132310373805,7000000,1
1294781340000,1294781399000,0.7781313952674048,0.7781616708687397,0.7781253404298365,0.7781253404298365,18000000,1
1294781400000,1294781459000,0.7781253404298365,0.7783130842212589,0.7781253404298365,0.7781556155599997,37000000,1
1294781460000,1294781519000,0.7781374501992032,0.7781374501992032,0.7779740001089164,0.7780284758422158,44000000,1
1294781520000,1294781579000,0.7780466361153688,0.778070851131704,0.7780405825967882,0.7780405825967882,7000000,1
1294781580000,1294781639000,0.7780405825967882,0.7780405825967882,0.7778348189978376,0.7779982106041157,32000000,1
1294781640000,1294781699000,0.7780103164167956,0.7780405825967882,0.777949791120481,0.777949791120481,35000000,1
1294781700000,1294781759000,0.7779558432263385,0.7780769051213021,0.7779558432263385,0.7780526897281483,48000000,1
1294781760000,1294781819000,0.7780284758422158,0.778070851131704,0.7780284758422158,0.778070851131704,6000000,1
1294781820000,1294781879000,0.7782706825433886,0.778694907335306,0.7782101167315175,0.7783312577833126,65000000,1
1294781880000,1294781939000,0.778070851131704,0.7780829592051105,0.7780647972363138,0.7780647972363138,7000000,1
1294781940000,1294781999000,0.7780405825967882,0.7780405825967882,0.7779316353678838,0.7779437391087877,19000000,1
1294782000000,1294782059000,0.7779013776633399,0.7780526897281483,0.7778711223124553,0.7779558432263385,31000000,1
1294782060000,1294782119000,0.7779740001089164,0.7782646255379754,0.7779740001089164,0.7780950676553661,25000000,1
1294782120000,1294782179000,0.7780647972363138,0.7780647972363138,0.7779982106041157,0.7780042634633638,35000000,1
1294782180000,1294782239000,0.7780405825967882,0.7782646255379754,0.7780405825967882,0.7782525118099819,28000000,1
1294782240000,1294782299000,0.7782343419250404,0.7783373158259326,0.7781435052252337,0.778198004700316,51000000,1
1294782300000,1294782359000,0.778216172888505,0.778216172888505,0.7781616708687397,0.7781919488260975,26000000,1
1294782360000,1294782419000,0.7781677262717206,0.7781677262717206,0.7781677262717206,0.7781677262717206,2000000,1
1294782420000,1294782479000,0.7781737817689446,0.7783312577833126,0.7781313952674048,0.7783312577833126,26000000,1
1294782480000,1294782539000,0.7783494321940893,0.7783494321940893,0.7783494321940893,0.7783494321940893,2000000,1
1294782540000,1294782599000,0.7783615489394824,0.7783615489394824,0.7782222291397531,0.7782525118099819,16000000,1
1294782600000,1294782659000,0.7782585686268405,0.7782827968370587,0.7780647972363138,0.7781919488260975,45000000,1
1294782660000,1294782719000,0.7781677262717206,0.7782222291397531,0.7781313952674048,0.778179837360414,27000000,1
1294782720000,1294782779000,0.7781556155599997,0.7781556155599997,0.7781071764824887,0.7781071764824887,7000000,1
1294782780000,1294782839000,0.7781313952674048,0.7781313952674048,0.7777501244400199,0.7778469197261978,71000000,1
1294782840000,1294782899000,0.7778650715246933,0.7780466361153688,0.7778650715246933,0.7780163694644135,57000000,1
1294782900000,1294782959000,0.7780042634633638,0.7780042634633638,0.777949791120481,0.7779679477205539,23000000,1
1294782960000,1294783019000,0.7779800525914515,0.7781011220218179,0.7779800525914515,0.7781011220218179,22000000,1
1294783020000,1294783079000,0.7781313952674048,0.7781556155599997,0.7780829592051105,0.7781556155599997,18000000,1
1294783080000,1294783139000,0.7781556155599997,0.7781919488260975,0.7781132310373805,0.7781253404298365,33000000,1
1294783140000,1294783199000,0.7781313952674048,0.7781677262717206,0.7778348189978376,0.7779861051681618,62000000,1
1294783200000,1294783259000,0.7780587434351294,0.7780647972363138,0.777949791120481,0.7779679477205539,78000000,1
1294783260000,1294783319000,0.7779679477205539,0.7780103164167956,0.7777864198491093,0.7777864198491093,88000000,1
1294783320000,1294783379000,0.7779195320036095,0.777949791120481,0.777302759424796,0.7777501244400199,90000000,1
1294783380000,1294783439000,0.7777501244400199,0.7779618954263621,0.7777017358302744,0.7778529702315669,116000000,1
1294783440000,1294783499000,0.7778529702315669,0.777937687191256,0.7777924694133111,0.7777924694133111,66000000,1
1294783500000,1294783559000,0.7778348189978376,0.7782282854852642,0.7778348189978376,0.7779679477205539,138000000,1
1294783560000,1294783619000,0.7779679477205539,0.7780284758422158,0.7778227186459663,0.7778227186459663,62000000,1
1294783620000,1294783679000,0.7778287687748419,0.7782282854852642,0.7778287687748419,0.7782282854852642,117000000,1
1294783680000,1294783739000,0.7782282854852642,0.7782282854852642,0.7779679477205539,0.7780284758422158,65000000,1
1294783740000,1294783799000,0.7780284758422158,0.7780284758422158,0.7776533532412592,0.7778106186705661,26000000,1
1294783800000,1294783859000,0.7778106186705661,0.7778711223124553,0.7777319780057397,0.7777380267230787,99000000,1
1294783860000,1294783919000,0.7777440755345045,0.7778348189978376,0.7777380267230787,0.7778106186705661,45000000,1
1294783920000,1294783979000,0.7778045688240373,0.7779316353678838,0.7777803703790124,0.7778045688240373,78000000,1
1294783980000,1294784039000,0.7778045688240373,0.7778590208310646,0.7776956876774118,0.7777985190716197,45000000,1
1294784040000,1294784099000,0.7777985190716197,0.7778650715246933,0.7777985190716197,0.7778529702315669,47000000,1
1294784100000,1294784159000,0.7778650715246933,0.7779861051681618,0.7778348189978376,0.7779558432263385,35000000,1
1294784160000,1294784219000,0.7779558432263385,0.7781919488260975,0.777949791120481,0.7779861051681618,81000000,1
1294784220000,1294784279000,0.7779861051681618,0.7780466361153688,0.7778227186459663,0.7779195320036095,56000000,1
1294784280000,1294784339000,0.7779195320036095,0.7781737817689446,0.777907429015947,0.777992157839049,72000000,1
1294784340000,1294784399000,0.7780103164167956,0.7780466361153688,0.7779800525914515,0.7779800525914515,32000000,1
1294784400000,1294784459000,0.7779982106041157,0.7782525118099819,0.7779316353678838,0.7782464550873971,91000000,1
1294784460000,1294784519000,0.7782464550873971,0.7782525118099819,0.777665448324131,0.7778892752405622,61000000,1
1294784520000,1294784579000,0.7778590208310646,0.7781192856864957,0.7777077840772109,0.7779679477205539,71000000,1
1294784580000,1294784639000,0.7779679477205539,0.7781616708687397,0.7778771731943527,0.7779255836386691,93000000,1
1294784640000,1294784699000,0.777895326404879,0.7780890133831311,0.7777138324182234,0.7778590208310646,96000000,1
1294784700000,1294784759000,0.7778590208310646,0.7779255836386691,0.7777864198491093,0.7779255836386691,56000000,1
1294784760000,1294784819000,0.7779255836386691,0.7781919488260975,0.7778771731943527,0.7779618954263621,85000000,1
1294784820000,1294784879000,0.7779618954263621,0.7779861051681618,0.7777803703790124,0.7778045688240373,30000000,1
1294784880000,1294784939000,0.7778045688240373,0.7778045688240373,0.7776835916538997,0.7776835916538997,33000000,1
1294784940000,1294784999000,0.7776835916538997,0.7777803703790124,0.7776835916538997,0.7777803703790124,11000000,1
1294785000000,1294785059000,0.7778045688240373,0.7778832241703876,0.7777319780057397,0.7778832241703876,34000000,1
1294785060000,1294785119000,0.7778650715246933,0.7778650715246933,0.7776412585346127,0.777762222533327,14000000,1
1294785120000,1294785179000,0.7777743210030178,0.7779618954263621,0.7777380267230787,0.7779618954263621,35000000,1
1294785180000,1294785239000,0.7779679477205539,0.7779679477205539,0.7777017358302744,0.7778529702315669,44000000,1
1294785240000,1294785299000,0.777949791120481,0.777949791120481,0.777907429015947,0.7779316353678838,12000000,1
1294785300000,1294785359000,0.777949791120481,0.7783433739628575,0.777949791120481,0.7783312577833126,88000000,1
1294785360000,1294785419000,0.7783312577833126,0.7783615489394824,0.7779982106041157,0.7780587434351294,82000000,1
1294785420000,1294785479000,0.7780466361153688,0.778500918631084,0.7780405825967882,0.7783312577833126,89000000,1
1294785480000,1294785539000,0.7783312577833126,0.7783312577833126,0.7777017358302744,0.7782040606687886,73000000,1
1294785540000,1294785599000,0.7782101167315175,0.7784887975462033,0.7781737817689446,0.7783130842212589,60000000,1
1294785600000,1294785659000,0.7783130842212589,0.7784281977830365,0.7783130842212589,0.7784160789625271,39000000,1
1294785660000,1294785719000,0.7783736660621299,0.7784948580414627,0.7782949115078687,0.7782949115078687,55000000,1
1294785720000,1294785779000,0.7783130842212589,0.7783494321940893,0.7781556155599997,0.7783070265558357,51000000,1
1294785780000,1294785839000,0.7783070265558357,0.7783070265558357,0.778216172888505,0.778216172888505,18000000,1
1294785840000,1294785899000,0.778216172888505,0.7783918424534911,0.7781495603454984,0.7783554905196302,45000000,1
1294785900000,1294785959000,0.7783676074536482,0.7786160877656054,0.7783494321940893,0.7785857767950295,97000000,1
1294785960000,1294786019000,0.7786221502429301,0.7787070348393527,0.7784039605193511,0.778476676838762,71000000,1
1294786020000,1294786079000,0.778476676838762,0.7785251619332336,0.7783070265558357,0.7783736660621299,58000000,1
1294786080000,1294786139000,0.7783797247649292,0.7788404623196984,0.7783797247649292,0.7787434196181042,77000000,1
1294786140000,1294786199000,0.7787434196181042,0.7788283306593561,0.7784342573347969,0.7785979009000592,85000000,1
1294786200000,1294786259000,0.7785918388003457,0.7787070348393527,0.7785615297176937,0.7785615297176937,69000000,1
1294786260000,1294786319000,0.7785979009000592,0.7788889927407546,0.7785675913454426,0.7785736530675802,52000000,1
1294786320000,1294786379000,0.7785675913454426,0.7786100253826868,0.7785069793150695,0.7785675913454426,32000000,1
1294786380000,1294786439000,0.7785918388003457,0.7786282128146631,0.7785918388003457,0.7786282128146631,20000000,1
1294786440000,1294786499000,0.7786282128146631,0.7786282128146631,0.7784645565087421,0.7786039630941721,62000000,1
1294786500000,1294786559000,0.7785979009000592,0.7786039630941721,0.778500918631084,0.7785857767950295,32000000,1
1294786560000,1294786619000,0.778537284150538,0.7787373552521941,0.77845849648526,0.7786100253826868,32000000,1
1294786620000,1294786679000,0.7785918388003457,0.7787312909807341,0.7785069793150695,0.7785736530675802,73000000,1
1294786680000,1294786739000,0.7785675913454426,0.7786342754808067,0.7783554905196302,0.7783554905196302,54000000,1
1294786740000,1294786799000,0.7784281977830365,0.7787798077971434,0.7783736660621299,0.7784524365561264,113000000,1
1294786800000,1294786859000,0.7784645565087421,0.778537284150538,0.778385783562049,0.7783979014392577,43000000,1
1294786860000,1294786919000,0.778440316980897,0.7785918388003457,0.7784221383256139,0.778537284150538,89000000,1
1294786920000,1294786979000,0.7785615297176937,0.7785615297176937,0.7784463767213395,0.7785251619332336,11000000,1
1294786980000,1294787039000,0.7785251619332336,0.7787373552521941,0.7785069793150695,0.7785069793150695,49000000,1
1294787040000,1294787099000,0.7785130400934216,0.778810133877462,0.7785130400934216,0.778694907335306,58000000,1
1294787100000,1294787159000,0.7787252268037224,0.7787252268037224,0.778549406745352,0.7785979009000592,46000000,1
1294787160000,1294787219000,0.7785918388003457,0.7786767167874914,0.7785736530675802,0.7786767167874914,18000000,1
1294787220000,1294787279000,0.7786039630941721,0.7786221502429301,0.7785736530675802,0.7785979009000592,28000000,1
1294787280000,1294787339000,0.7785979009000592,0.7786039630941721,0.778549406745352,0.7785736530675802,28000000,1
1294787340000,1294787399000,0.7785554681843309,0.7786585270895302,0.778537284150538,0.778640338241363,14000000,1
1294787400000,1294787459000,0.7786100253826868,0.7786100253826868,0.7784342573347969,0.7784645565087421,42000000,1
1294787460000,1294787519000,0.778476676838762,0.7786100253826868,0.7784281977830365,0.7785675913454426,43000000,1
1294787520000,1294787579000,0.7785675913454426,0.7785797148841085,0.778537284150538,0.778537284150538,34000000,1
1294787580000,1294787639000,0.778537284150538,0.7785615297176937,0.7784887975462033,0.7785554681843309,28000000,1
1294787640000,1294787699000,0.7785918388003457,0.7786524640457224,0.7785918388003457,0.7786221502429301,18000000,1
1294787700000,1294787759000,0.7786039630941721,0.7786585270895302,0.7786039630941721,0.7786585270895302,6000000,1
1294787760000,1294787819000,0.7786282128146631,0.7787191627211563,0.7785675913454426,0.7785675913454426,53000000,1
1294787820000,1294787879000,0.7785918388003457,0.7786100253826868,0.7785675913454426,0.7786100253826868,12000000,1
1294787880000,1294787939000,0.7786282128146631,0.7788586605188756,0.7786100253826868,0.7786342754808067,56000000,1
1294787940000,1294787999000,0.778640338241363,0.778785872824267,0.7784706166265755,0.7785069793150695,51000000,1
1294788000000,1294788059000,0.7785130400934216,0.7786767167874914,0.7785130400934216,0.7786524640457224,102000000,1
1294788060000,1294788119000,0.7786524640457224,0.7786524640457224,0.7784948580414627,0.7785797148841085,135000000,1
1294788120000,1294788179000,0.7785554681843309,0.7785918388003457,0.778240398459084,0.778240398459084,152000000,1
1294788180000,1294788239000,0.778240398459084,0.7784221383256139,0.7781556155599997,0.7784221383256139,146000000,1
1294788240000,1294788299000,0.7784524365561264,0.7785433454007551,0.7782706825433886,0.7782888541253201,165000000,1
1294788300000,1294788359000,0.7783130842212589,0.7783312577833126,0.7782222291397531,0.7782949115078687,43000000,1
1294788360000,1294788419000,0.7782949115078687,0.7783797247649292,0.7782949115078687,0.7783797247649292,8000000,1
1294788420000,1294788479000,0.7783554905196302,0.778385783562049,0.7782767396430822,0.7782767396430822,18000000,1
1294788480000,1294788539000,0.7782767396430822,0.7783191419809778,0.778240398459084,0.7782706825433886,22000000,1
1294788540000,1294788599000,0.7782827968370587,0.7782949115078687,0.7781858930461308,0.778216172888505,25000000,1
1294788600000,1294788659000,0.778216172888505,0.7783130842212589,0.778216172888505,0.7782888541253201,83000000,1
1294788660000,1294788719000,0.7782888541253201,0.7784039605193511,0.7782282854852642,0.7783554905196302,80000000,1
1294788720000,1294788779000,0.7784039605193511,0.778476676838762,0.7783130842212589,0.7784039605193511,131000000,1
1294788780000,1294788839000,0.7784039605193511,0.77845849648526,0.7783676074536482,0.7784524365561264,88000000,1
1294788840000,1294788899000,0.7784524365561264,0.7786039630941721,0.7784524365561264,0.7785554681843309,37000000,1
1294788900000,1294788959000,0.7785554681843309,0.7785615297176937,0.7784706166265755,0.7785191009661423,48000000,1
1294788960000,1294789019000,0.7785191009661423,0.7785797148841085,0.7784645565087421,0.7784827371453038,101000000,1
1294789020000,1294789079000,0.7784827371453038,0.7785433454007551,0.7784645565087421,0.7784706166265755,67000000,1
1294789080000,1294789139000,0.7784645565087421,0.7786100253826868,0.7784160789625271,0.7785554681843309,100000000,1
1294789140000,1294789199000,0.7785554681843309,0.7787312909807341,0.778537284150538,0.7787312909807341,76000000,1
1294789200000,1294789259000,0.7787312909807341,0.7787919379458583,0.7785918388003457,0.7787434196181042,75000000,1
1294789260000,1294789319000,0.7787434196181042,0.778810133877462,0.7787434196181042,0.7787494840784668,47000000,1
1294789320000,1294789379000,0.7787980031619199,0.7788283306593561,0.778640338241363,0.7787130987330337,90000000,1
1294789380000,1294789439000,0.7786888437249359,0.7787676780262911,0.7786888437249359,0.7787494840784668,54000000,1
1294789440000,1294789499000,0.7787494840784668,0.7787494840784668,0.7786464010963341,0.7786524640457224,56000000,1
1294789500000,1294789559000,0.7786524640457224,0.7786524640457224,0.7785675913454426,0.7785857767950295,49000000,1
1294789560000,1294789619000,0.7785857767950295,0.7786342754808067,0.7785797148841085,0.7785797148841085,21000000,1
1294789620000,1294789679000,0.7785857767950295,0.7786645902277595,0.7784039605193511,0.7784524365561264,68000000,1
1294789680000,1294789739000,0.77845849648526,0.7784887975462033,0.7783736660621299,0.77845849648526,85000000,1
1294789740000,1294789799000,0.77845849648526,0.778537284150538,0.7783433739628575,0.7783433739628575,79000000,1
1294789800000,1294789859000,0.7783554905196302,0.7784645565087421,0.7783494321940893,0.7784645565087421,43000000,1
1294789860000,1294789919000,0.7784221383256139,0.7784281977830365,0.7784039605193511,0.7784039605193511,26000000,1
1294789920000,1294789979000,0.7784039605193511,0.7785918388003457,0.7783615489394824,0.7785918388003457,81000000,1
1294789980000,1294790039000,0.7785130400934216,0.7787070348393527,0.7784645565087421,0.7784827371453038,66000000,1
1294790040000,1294790099000,0.7784887975462033,0.7786342754808067,0.7784887975462033,0.7785857767950295,92000000,1
1294790100000,1294790159000,0.7785857767950295,0.7786827802089985,0.7785857767950295,0.7786706534604123,57000000,1
1294790160000,1294790219000,0.7786706534604123,0.7786706534604123,0.7785554681843309,0.7785554681843309,57000000,1
1294790220000,1294790279000,0.7785554681843309,0.7785554681843309,0.7784221383256139,0.7784948580414627,72000000,1
1294790280000,1294790339000,0.7784948580414627,0.7784948580414627,0.7783554905196302,0.7784281977830365,64000000,1
1294790340000,1294790399000,0.7784281977830365,0.7784463767213395,0.7783070265558357,0.7783070265558357,32000000,1
1294790400000,1294790459000,0.7783070265558357,0.7783191419809778,0.778216172888505,0.778216172888505,79000000,1
1294790460000,1294790519000,0.778216172888505,0.7783070265558357,0.7780769051213021,0.7781253404298365,162000000,1
1294790520000,1294790579000,0.7781495603454984,0.7781858930461308,0.7780769051213021,0.7781435052252337,100000000,1
1294790580000,1294790639000,0.7781495603454984,0.7781737817689446,0.7781011220218179,0.7781616708687397,76000000,1
1294790640000,1294790699000,0.7781616708687397,0.7783070265558357,0.7781192856864957,0.7783070265558357,96000000,1
1294790700000,1294790759000,0.7783191419809778,0.7784281977830365,0.7782827968370587,0.7784221383256139,57000000,1
1294790760000,1294790819000,0.7784221383256139,0.7785251619332336,0.778325199834995,0.778440316980897,121000000,1
1294790820000,1294790879000,0.7784221383256139,0.7786464010963341,0.778385783562049,0.7785433454007551,138000000,1
1294790880000,1294790939000,0.7785433454007551,0.7785433454007551,0.7784342573347969,0.778476676838762,60000000,1
1294790940000,1294790999000,0.7784706166265755,0.7784827371453038,0.7780587434351294,0.7781858930461308,138000000,1
1294791000000,1294791059000,0.7781737817689446,0.7784039605193511,0.7781192856864957,0.778385783562049,109000000,1
1294791060000,1294791119000,0.778385783562049,0.778385783562049,0.7782222291397531,0.7782646255379754,71000000,1
1294791120000,1294791179000,0.7782585686268405,0.7782646255379754,0.7781435052252337,0.7782101167315175,84000000,1
1294791180000,1294791239000,0.7782101167315175,0.7782101167315175,0.7779861051681618,0.7781677262717206,116000000,1
1294791240000,1294791299000,0.778179837360414,0.7783554905196302,0.7781677262717206,0.778325199834995,110000000,1
1294791300000,1294791359000,0.7783494321940893,0.778537284150538,0.7783312577833126,0.7785191009661423,98000000,1
1294791360000,1294791419000,0.7785191009661423,0.778640338241363,0.7784463767213395,0.7785675913454426,136000000,1
1294791420000,1294791479000,0.7785675913454426,0.7787494840784668,0.7785433454007551,0.7786464010963341,190000000,1
1294791480000,1294791539000,0.7786464010963341,0.7789011262910286,0.7786464010963341,0.7787252268037224,197000000,1
1294791540000,1294791599000,0.7787252268037224,0.7790164138758403,0.7787252268037224,0.7789314618206744,127000000,1
1294791600000,1294791659000,0.7789193273252689,0.7790467583864383,0.7788525943579918,0.7789557319457535,141000000,1
1294791660000,1294791719000,0.7789557319457535,0.7789557319457535,0.7788525943579918,0.7788889927407546,56000000,1
1294791720000,1294791779000,0.7788950594686378,0.778961799713342,0.7788707931241285,0.7789435966941634,72000000,1
1294791780000,1294791839000,0.7789375292101574,0.7789435966941634,0.7788768595685022,0.7788829261073769,63000000,1
1294791840000,1294791899000,0.7788829261073769,0.7789496642726947,0.7787312909807341,0.7787616132825581,133000000,1
1294791900000,1294791959000,0.7787798077971434,0.778822264970911,0.7785433454007551,0.7787616132825581,156000000,1
1294791960000,1294792019000,0.7787494840784668,0.7788404623196984,0.7787070348393527,0.7787312909807341,89000000,1
1294792020000,1294792079000,0.7787434196181042,0.7788647267742539,0.7785797148841085,0.7788586605188756,153000000,1
1294792080000,1294792139000,0.7788586605188756,0.7789193273252689,0.7787009710401109,0.7787130987330337,76000000,1
1294792140000,1294792199000,0.7787070348393527,0.7789253945257123,0.7787070348393527,0.7787494840784668,90000000,1
1294792200000,1294792259000,0.778785872824267,0.7789860717290376,0.7786645902277595,0.7788404623196984,101000000,1
1294792260000,1294792319000,0.778810133877462,0.7789071932079293,0.7787373552521941,0.7787798077971434,120000000,1
1294792320000,1294792379000,0.7787798077971434,0.7788525943579918,0.7786888437249359,0.7787494840784668,149000000,1
1294792380000,1294792439000,0.7787494840784668,0.7787494840784668,0.778537284150538,0.778537284150538,103000000,1
1294792440000,1294792499000,0.7785069793150695,0.7786282128146631,0.7784706166265755,0.7785736530675802,78000000,1
1294792500000,1294792559000,0.7785615297176937,0.7786221502429301,0.7785130400934216,0.7785675913454426,40000000,1
1294792560000,1294792619000,0.7785797148841085,0.778640338241363,0.7785615297176937,0.7785979009000592,32000000,1
1294792620000,1294792679000,0.7786282128146631,0.7788343964422845,0.7786282128146631,0.7788343964422845,76000000,1
1294792680000,1294792739000,0.7788040684724538,0.7790224825888475,0.7787373552521941,0.7788040684724538,173000000,1
1294792740000,1294792799000,0.7788040684724538,0.7788889927407546,0.7786827802089985,0.778822264970911,146000000,1
1294792800000,1294792859000,0.778822264970911,0.7789314618206744,0.7787919379458583,0.7787919379458583,68000000,1
1294792860000,1294792919000,0.7787919379458583,0.7788586605188756,0.7787919379458583,0.7788586605188756,19000000,1
1294792920000,1294792979000,0.7788647267742539,0.7790285513964087,0.778785872824267,0.778785872824267,139000000,1
1294792980000,1294793039000,0.7788040684724538,0.778816199376947,0.7785433454007551,0.7786827802089985,80000000,1
1294793040000,1294793099000,0.7786706534604123,0.7787312909807341,0.7785857767950295,0.7786585270895302,93000000,1
1294793100000,1294793159000,0.7786585270895302,0.7787130987330337,0.7785615297176937,0.7786524640457224,91000000,1
1294793160000,1294793219000,0.7786221502429301,0.7786464010963341,0.778476676838762,0.7785191009661423,103000000,1
1294793220000,1294793279000,0.7785191009661423,0.7785251619332336,0.7783615489394824,0.7783615489394824,112000000,1
1294793280000,1294793339000,0.7783615489394824,0.77845849648526,0.7783615489394824,0.7784524365561264,96000000,1
1294793340000,1294793399000,0.7783797247649292,0.7783797247649292,0.7782585686268405,0.7782949115078687,83000000,1
1294793400000,1294793459000,0.7782949115078687,0.7783615489394824,0.778240398459084,0.7782888541253201,75000000,1
1294793460000,1294793519000,0.7782949115078687,0.7782949115078687,0.7782525118099819,0.7782949115078687,44000000,1
1294793520000,1294793579000,0.7783009689847064,0.778325199834995,0.7783009689847064,0.7783070265558357,10000000,1
1294793580000,1294793639000,0.7783070265558357,0.778325199834995,0.7782646255379754,0.7783070265558357,42000000,1
1294793640000,1294793699000,0.7783191419809778,0.7784463767213395,0.7783130842212589,0.7783494321940893,110000000,1
1294793700000,1294793759000,0.7783736660621299,0.7786282128146631,0.7782282854852642,0.7785069793150695,121000000,1
1294793760000,1294793819000,0.7785069793150695,0.7786464010963341,0.7783615489394824,0.778440316980897,91000000,1
1294793820000,1294793879000,0.7784281977830365,0.7784827371453038,0.7784221383256139,0.7784827371453038,25000000,1
1294793880000,1294793939000,0.7784827371453038,0.7785675913454426,0.7784706166265755,0.7785675913454426,47000000,1
1294793940000,1294793999000,0.7785736530675802,0.7786585270895302,0.7784887975462033,0.7785069793150695,75000000,1
1294794000000,1294794059000,0.7784645565087421,0.7786464010963341,0.7784160789625271,0.7785857767950295,145000000,1
1294794060000,1294794119000,0.7785918388003457,0.7785918388003457,0.7783979014392577,0.7784645565087421,132000000,1
1294794120000,1294794179000,0.778440316980897,0.778500918631084,0.7783979014392577,0.7784342573347969,124000000,1
1294794180000,1294794239000,0.7784221383256139,0.7784221383256139,0.778325199834995,0.778325199834995,54000000,1
1294794240000,1294794299000,0.7783494321940893,0.7784160789625271,0.7783433739628575,0.7783736660621299,128000000,1
1294794300000,1294794359000,0.7783736660621299,0.7783736660621299,0.7781132310373805,0.7781132310373805,170000000,1
1294794360000,1294794419000,0.7781132310373805,0.7782282854852642,0.7780890133831311,0.7782282854852642,83000000,1
1294794420000,1294794479000,0.7782343419250404,0.7783554905196302,0.7782282854852642,0.7783191419809778,77000000,1
1294794480000,1294794539000,0.7783191419809778,0.7783797247649292,0.7782827968370587,0.7783373158259326,90000000,1
1294794540000,1294794599000,0.7783373158259326,0.7783433739628575,0.7782101167315175,0.7782585686268405,109000000,1
1294794600000,1294794659000,0.7782646255379754,0.7783070265558357,0.7781435052252337,0.7782040606687886,156000000,1
1294794660000,1294794719000,0.7782040606687886,0.7783009689847064,0.7781132310373805,0.7781132310373805,117000000,1
1294794720000,1294794779000,0.7781011220218179,0.7781374501992032,0.7779558432263385,0.7780284758422158,180000000,1
1294794780000,1294794839000,0.7780345291724047,0.7781677262717206,0.7780345291724047,0.7781435052252337,121000000,1
1294794840000,1294794899000,0.7781495603454984,0.7781495603454984,0.7778106186705661,0.777949791120481,185000000,1
1294794900000,1294794959000,0.7779558432263385,0.7781435052252337,0.777895326404879,0.7780829592051105,104000000,1
1294794960000,1294795019000,0.7780950676553661,0.7781313952674048,0.7779982106041157,0.7779982106041157,91000000,1
1294795020000,1294795079000,0.7779982106041157,0.7781737817689446,0.7778892752405622,0.7779982106041157,223000000,1
1294795080000,1294795139000,0.7779800525914515,0.7779800525914515,0.7777682717211234,0.7777743210030178,150000000,1
1294795140000,1294795199000,0.7778106186705661,0.7778771731943527,0.7776231171800275,0.7778227186459663,218000000,1
1294795200000,1294795259000,0.7778166686112084,0.7779618954263621,0.7777561734396267,0.7779255836386691,134000000,1
1294795260000,1294795319000,0.7779255836386691,0.7781435052252337,0.7779255836386691,0.777992157839049,225000000,1
1294795320000,1294795379000,0.7781071764824887,0.7781132310373805,0.7778348189978376,0.7779861051681618,171000000,1
1294795380000,1294795439000,0.7779861051681618,0.7779861051681618,0.7775868370100231,0.7777077840772109,143000000,1
1294795440000,1294795499000,0.777689639618621,0.7777440755345045,0.7775626521106938,0.7776835916538997,259000000,1
1294795500000,1294795559000,0.7776835916538997,0.7777380267230787,0.7775626521106938,0.7776714960066569,188000000,1
1294795560000,1294795619000,0.7776714960066569,0.7777198808533143,0.7775626521106938,0.7776473058409089,189000000,1
1294795620000,1294795679000,0.7776473058409089,0.7777803703790124,0.7776049766718507,0.7777198808533143,158000000,1
1294795680000,1294795739000,0.7777138324182234,0.777992157839049,0.7776835916538997,0.7778832241703876,143000000,1
1294795740000,1294795799000,0.7778771731943527,0.7779437391087877,0.7777743210030178,0.7778348189978376,154000000,1
1294795800000,1294795859000,0.7778348189978376,0.7780526897281483,0.7778166686112084,0.7780466361153688,180000000,1
1294795860000,1294795919000,0.778070851131704,0.7780829592051105,0.7778892752405622,0.7779013776633399,164000000,1
1294795920000,1294795979000,0.7779013776633399,0.777937687191256,0.7778106186705661,0.7779013776633399,102000000,1
1294795980000,1294796039000,0.777895326404879,0.7781071764824887,0.777895326404879,0.777937687191256,118000000,1
1294796040000,1294796099000,0.777937687191256,0.7779861051681618,0.7779255836386691,0.7779679477205539,86000000,1
1294796100000,1294796159000,0.7779618954263621,0.7780103164167956,0.777949791120481,0.7780042634633638,74000000,1
1294796160000,1294796219000,0.7780042634633638,0.7780103164167956,0.7779679477205539,0.7780103164167956,83000000,1
1294796220000,1294796279000,0.7780103164167956,0.7780103164167956,0.777937687191256,0.777937687191256,93000000,1
1294796280000,1294796339000,0.7779316353678838,0.7779316353678838,0.7778650715246933,0.7778650715246933,103000000,1
1294796340000,1294796399000,0.7778650715246933,0.7778650715246933,0.7777259293824855,0.7777864198491093,87000000,1
1294796400000,1294796459000,0.7777682717211234,0.7779013776633399,0.7777682717211234,0.7778650715246933,104000000,1
1294796460000,1294796519000,0.7778650715246933,0.777895326404879,0.7778348189978376,0.7778711223124553,59000000,1
1294796520000,1294796579000,0.7778711223124553,0.7778711223124553,0.7777803703790124,0.7778106186705661,90000000,1
1294796580000,1294796639000,0.7778045688240373,0.7778771731943527,0.7777743210030178,0.7778227186459663,71000000,1
1294796640000,1294796699000,0.7778227186459663,0.7778227186459663,0.7777077840772109,0.7777561734396267,86000000,1
1294796700000,1294796759000,0.7777561734396267,0.7777561734396267,0.7775989300238723,0.7776110234138679,191000000,1
1294796760000,1294796819000,0.7776049766718507,0.7777138324182234,0.7775928834699305,0.7776352113223687,112000000,1
1294796820000,1294796879000,0.7776352113223687,0.7776473058409089,0.7775807906441479,0.7776049766718507,74000000,1
1294796880000,1294796939000,0.7776049766718507,0.7776110234138679,0.7774840615767377,0.7775686981944855,144000000,1
1294796940000,1294796999000,0.7775686981944855,0.7776533532412592,0.7775263775823594,0.7776412585346127,87000000,1
1294797000000,1294797059000,0.7776412585346127,0.7777924694133111,0.7776170702499262,0.7777380267230787,66000000,1
1294797060000,1294797119000,0.7777561734396267,0.7777985190716197,0.7777259293824855,0.7777380267230787,23000000,1
1294797120000,1294797179000,0.7777380267230787,0.7777440755345045,0.7777138324182234,0.7777440755345045,12000000,1
1294797180000,1294797239000,0.7777501244400199,0.7777743210030178,0.7777017358302744,0.7777380267230787,38000000,1
1294797240000,1294797299000,0.7777380267230787,0.7777380267230787,0.7776170702499262,0.7776170702499262,27000000,1
1294797300000,1294797359000,0.7776170702499262,0.7776533532412592,0.7775203321566858,0.7776533532412592,196000000,1
1294797360000,1294797419000,0.7776533532412592,0.7776835916538997,0.7775807906441479,0.7776231171800275,102000000,1
1294797420000,1294797479000,0.7775807906441479,0.777665448324131,0.7772181806876827,0.7773873565720327,290000000,1
1294797480000,1294797539000,0.7774175743016847,0.7775021964437049,0.777339013090389,0.7775021964437049,222000000,1
1294797540000,1294797599000,0.7774901064383956,0.7774901064383956,0.7772665091406542,0.7772665091406542,133000000,1
1294797600000,1294797659000,0.7772967174759621,0.7773873565720327,0.7771638183612725,0.7772906756210551,191000000,1
1294797660000,1294797719000,0.777332970577947,0.7774236181295188,0.7772785921930138,0.7774236181295188,147000000,1
1294797720000,1294797779000,0.7774296620513259,0.7775626521106938,0.7774115305678214,0.7775203321566858,172000000,1
1294797780000,1294797839000,0.7775142868250204,0.7778408693149556,0.7774780168090747,0.7777319780057397,203000000,1
1294797840000,1294797899000,0.7777259293824855,0.7778529702315669,0.7775928834699305,0.7776412585346127,148000000,1
1294797900000,1294797959000,0.7776412585346127,0.7778227186459663,0.7776170702499262,0.7777743210030178,135000000,1
1294797960000,1294798019000,0.7777743210030178,0.7778227186459663,0.7776775437832457,0.7776835916538997,129000000,1
1294798020000,1294798079000,0.7776835916538997,0.7777198808533143,0.7775142868250204,0.7775142868250204,65000000,1
1294798080000,1294798139000,0.7774901064383956,0.7776775437832457,0.7774840615767377,0.7775626521106938,75000000,1
1294798140000,1294798199000,0.7775626521106938,0.7776775437832457,0.7775566061209257,0.7776291642041743,102000000,1
1294798200000,1294798259000,0.7776594007356658,0.7776594007356658,0.7775445144234507,0.7775747443723028,93000000,1
1294798260000,1294798319000,0.7775747443723028,0.7776533532412592,0.7775203321566858,0.7776352113223687,71000000,1
1294798320000,1294798379000,0.7776412585346127,0.7776412585346127,0.7775384687157396,0.7775807906441479,115000000,1
1294798380000,1294798439000,0.7775686981944855,0.7776352113223687,0.7775082415873609,0.7776352113223687,31000000,1
1294798440000,1294798499000,0.7776352113223687,0.7776533532412592,0.7774780168090747,0.7774780168090747,95000000,1
1294798500000,1294798559000,0.7774538386783285,0.7774538386783285,0.7772363031532477,0.7773510983971021,141000000,1
1294798560000,1294798619000,0.777302759424796,0.7773510983971021,0.7772785921930138,0.7772967174759621,99000000,1
1294798620000,1294798679000,0.7772906756210551,0.7773873565720327,0.7772060995134691,0.7773752701379063,126000000,1
1294798680000,1294798739000,0.7773752701379063,0.7774054869279268,0.7773269281594454,0.7773269281594454,69000000,1
1294798740000,1294798799000,0.777339013090389,0.7774054869279268,0.777339013090389,0.7773813133079907,97000000,1
1294798800000,1294798859000,0.7773692270617776,0.7773813133079907,0.7772906756210551,0.7773692270617776,76000000,1
1294798860000,1294798919000,0.7773450556967733,0.7773994433819985,0.7773148436042534,0.7773208858348815,69000000,1
1294798920000,1294798979000,0.7773148436042534,0.777339013090389,0.7772544264639587,0.7772846338600733,55000000,1
1294798980000,1294799039000,0.7772665091406542,0.7773208858348815,0.7772302622374904,0.7773148436042534,75000000,1
1294799040000,1294799099000,0.7773148436042534,0.7775505602251787,0.7772544264639587,0.7775505602251787,124000000,1
1294799100000,1294799159000,0.7775505602251787,0.7776170702499262,0.7774477943806074,0.7774598830700336,106000000,1
1294799160000,1294799219000,0.7774598830700336,0.7775021964437049,0.777441750176868,0.7774840615767377,110000000,1
1294799220000,1294799279000,0.7774840615767377,0.7774840615767377,0.7772906756210551,0.7772906756210551,95000000,1
1294799280000,1294799339000,0.7772906756210551,0.7773692270617776,0.7772846338600733,0.7773571411913776,69000000,1
1294799340000,1294799399000,0.7773571411913776,0.7773873565720327,0.7772967174759621,0.7773873565720327,92000000,1
1294799400000,1294799459000,0.7773692270617776,0.7774840615767377,0.7773450556967733,0.7773450556967733,104000000,1
1294799460000,1294799519000,0.7773450556967733,0.7773450556967733,0.7772665091406542,0.7772665091406542,76000000,1
1294799520000,1294799579000,0.7772604677553495,0.7772665091406542,0.7771638183612725,0.7771819382917541,86000000,1
1294799580000,1294799639000,0.7772000590672045,0.7772846338600733,0.7772000590672045,0.7772846338600733,84000000,1
1294799640000,1294799699000,0.7773208858348815,0.7773208858348815,0.7772121400536276,0.77724234416291,68000000,1
1294799700000,1294799759000,0.77724234416291,0.77724234416291,0.7771275810349785,0.7771456992757003,76000000,1
1294799760000,1294799819000,0.7771456992757003,0.7771879784563493,0.7770732313813253,0.7771698582442178,104000000,1
1294799820000,1294799879000,0.7770007770007771,0.777049078419793,0.7769826655167323,0.7769826655167323,31000000,1
1294799880000,1294799939000,0.7770128517925686,0.777061154712876,0.7769404086706551,0.7769645548770064,115000000,1
1294799940000,1294799999000,0.7769645548770064,0.7770430404140086,0.7769645548770064,0.7770249269596567,67000000,1
1294800000000,1294800059000,0.7770249269596567,0.777085308425159,0.7770188893291996,0.777061154712876,103000000,1
1294800060000,1294800119000,0.7770430404140086,0.7771034246947927,0.7769404086706551,0.7770068143497618,62000000,1
1294800120000,1294800179000,0.7770128517925686,0.7770188893291996,0.7769645548770064,0.776994739745612,80000000,1
1294800180000,1294800239000,0.7769766285430134,0.7770249269596567,0.7769645548770064,0.7770188893291996,171000000,1
1294800240000,1294800299000,0.7770188893291996,0.777061154712876,0.7769645548770064,0.776994739745612,122000000,1
1294800300000,1294800359000,0.776994739745612,0.7770309646839426,0.776994739745612,0.7770128517925686,99000000,1
1294800360000,1294800419000,0.7770068143497618,0.7770370025020592,0.7769887025842644,0.7770188893291996,76000000,1
1294800420000,1294800479000,0.7770188893291996,0.7770249269596567,0.7769826655167323,0.7769826655167323,51000000,1
1294800480000,1294800539000,0.7770249269596567,0.7771396597682569,0.776994739745612,0.7771336203546838,88000000,1
1294800540000,1294800599000,0.7771396597682569,0.7771517388770157,0.7770732313813253,0.7770732313813253,75000000,1
1294800600000,1294800659000,0.7770732313813253,0.777097385844394,0.7770309646839426,0.7770913470878501,124000000,1
1294800660000,1294800719000,0.7770913470878501,0.7771155026771629,0.7770309646839426,0.7770913470878501,78000000,1
1294800720000,1294800779000,0.7771155026771629,0.7771698582442178,0.7771155026771629,0.7771698582442178,71000000,1
1294800780000,1294800839000,0.7771758982210444,0.7772785921930138,0.7771698582442178,0.7772785921930138,45000000,1
1294800840000,1294800899000,0.7773088014675591,0.7773571411913776,0.7772483852664797,0.7773208858348815,151000000,1
1294800900000,1294800959000,0.7773148436042534,0.7773148436042534,0.7772725506198748,0.7772725506198748,49000000,1
1294800960000,1294801019000,0.7772544264639587,0.7774175743016847,0.7772544264639587,0.7773148436042534,124000000,1
1294801020000,1294801079000,0.7773088014675591,0.7773148436042534,0.7772483852664797,0.777302759424796,87000000,1
1294801080000,1294801139000,0.7772846338600733,0.7774659275557249,0.7772785921930138,0.7773450556967733,91000000,1
1294801140000,1294801199000,0.7773692270617776,0.7776594007356658,0.7773692270617776,0.7776352113223687,147000000,1
1294801200000,1294801259000,0.7776352113223687,0.7777743210030178,0.7775626521106938,0.7775868370100231,168000000,1
1294801260000,1294801319000,0.7775868370100231,0.7777259293824855,0.7775686981944855,0.777689639618621,160000000,1
1294801320000,1294801379000,0.777689639618621,0.7777017358302744,0.7776110234138679,0.7776714960066569,94000000,1
1294801380000,1294801439000,0.7776714960066569,0.7777803703790124,0.7776412585346127,0.7777198808533143,158000000,1
1294801440000,1294801499000,0.7777198808533143,0.7777561734396267,0.7776231171800275,0.7776231171800275,121000000,1
1294801500000,1294801559000,0.7776473058409089,0.7777017358302744,0.7776291642041743,0.7777017358302744,125000000,1
1294801560000,1294801619000,0.7777017358302744,0.7777017358302744,0.7775626521106938,0.7775626521106938,136000000,1
1294801620000,1294801679000,0.7775626521106938,0.7777924694133111,0.7775626521106938,0.7777319780057397,103000000,1
1294801680000,1294801739000,0.7777319780057397,0.7777319780057397,0.7776110234138679,0.7776412585346127,107000000,1
1294801740000,1294801799000,0.7776291642041743,0.7776412585346127,0.7776049766718507,0.7776049766718507,47000000,1
1294801800000,1294801859000,0.7776049766718507,0.7776170702499262,0.7775928834699305,0.7776049766718507,48000000,1
1294801860000,1294801919000,0.7776049766718507,0.7776049766718507,0.7775686981944855,0.7775747443723028,56000000,1
1294801920000,1294801979000,0.7775747443723028,0.777665448324131,0.7775686981944855,0.777665448324131,80000000,1
1294801980000,1294802039000,0.777665448324131,0.7777864198491093,0.7776594007356658,0.7777864198491093,69000000,1
1294802040000,1294802099000,0.7777864198491093,0.7778166686112084,0.7777440755345045,0.7778166686112084,99000000,1
1294802100000,1294802159000,0.7777924694133111,0.7778106186705661,0.7777501244400199,0.7777803703790124,99000000,1
1294802160000,1294802219000,0.7777864198491093,0.7779195320036095,0.7777501244400199,0.7779195320036095,137000000,1
1294802220000,1294802279000,0.777907429015947,0.7779134804627029,0.7778106186705661,0.777895326404879,116000000,1
1294802280000,1294802339000,0.777907429015947,0.7780345291724047,0.7778469197261978,0.7778590208310646,189000000,1
1294802340000,1294802399000,0.7778590208310646,0.7779740001089164,0.7778469197261978,0.777937687191256,107000000,1
1294802400000,1294802459000,0.777949791120481,0.777949791120481,0.7779316353678838,0.7779437391087877,58000000,1
1294802460000,1294802519000,0.7779437391087877,0.7780103164167956,0.7779255836386691,0.7779558432263385,72000000,1
1294802520000,1294802579000,0.7779558432263385,0.7779679477205539,0.7778166686112084,0.7778832241703876,117000000,1
1294802580000,1294802639000,0.7778832241703876,0.777895326404879,0.7778832241703876,0.7778892752405622,55000000,1
1294802640000,1294802699000,0.7778892752405622,0.777949791120481,0.7778892752405622,0.777907429015947,52000000,1
1294802700000,1294802759000,0.777907429015947,0.7781071764824887,0.7778408693149556,0.7780345291724047,138000000,1
1294802760000,1294802819000,0.7780345291724047,0.7780587434351294,0.7779618954263621,0.7780587434351294,49000000,1
1294802820000,1294802879000,0.7780769051213021,0.7781011220218179,0.7780224226062196,0.7780224226062196,63000000,1
1294802880000,1294802939000,0.7780224226062196,0.7780224226062196,0.7778650715246933,0.7778832241703876,135000000,1
1294802940000,1294802999000,0.7778771731943527,0.7779558432263385,0.7778590208310646,0.7778771731943527,99000000,1
1294803000000,1294803059000,0.7778771731943527,0.7778771731943527,0.7777864198491093,0.7778348189978376,86000000,1
1294803060000,1294803119000,0.7778166686112084,0.7778771731943527,0.7777501244400199,0.7778650715246933,97000000,1
1294803120000,1294803179000,0.7778348189978376,0.7778348189978376,0.7777501244400199,0.7777501244400199,49000000,1
1294803180000,1294803239000,0.7777501244400199,0.7777864198491093,0.7777017358302744,0.7777017358302744,73000000,1
1294803240000,1294803299000,0.7777017358302744,0.7777319780057397,0.7776473058409089,0.777689639618621,44000000,1
1294803300000,1294803359000,0.7776775437832457,0.7777803703790124,0.7775747443723028,0.7777743210030178,127000000,1
1294803360000,1294803419000,0.7777743210030178,0.7777743210030178,0.7777259293824855,0.7777440755345045,84000000,1
1294803420000,1294803479000,0.7777440755345045,0.7777803703790124,0.777689639618621,0.7777138324182234,73000000,1
1294803480000,1294803539000,0.7777138324182234,0.7778166686112084,0.7776110234138679,0.7776352113223687,152000000,1
1294803540000,1294803599000,0.7776352113223687,0.777689639618621,0.7776231171800275,0.7776775437832457,76000000,1
1294803600000,1294803659000,0.7776775437832457,0.7777198808533143,0.7776110234138679,0.777665448324131,84000000,1
1294803660000,1294803719000,0.777665448324131,0.7777138324182234,0.7776170702499262,0.7776170702499262,66000000,1
1294803720000,1294803779000,0.7776170702499262,0.7777198808533143,0.7775928834699305,0.7777198808533143,103000000,1
1294803780000,1294803839000,0.7777501244400199,0.7777924694133111,0.7776956876774118,0.777762222533327,103000000,1
1294803840000,1294803899000,0.7777501244400199,0.7777743210030178,0.7777198808533143,0.7777440755345045,71000000,1
1294803900000,1294803959000,0.777762222533327,0.7777743210030178,0.7777319780057397,0.7777319780057397,45000000,1
1294803960000,1294804019000,0.7777319780057397,0.7777440755345045,0.7776956876774118,0.7777259293824855,39000000,1
1294804020000,1294804079000,0.7777259293824855,0.7777743210030178,0.7777259293824855,0.7777501244400199,35000000,1
1294804080000,1294804139000,0.7777501244400199,0.7778590208310646,0.7777380267230787,0.7778469197261978,59000000,1
1294804140000,1294804199000,0.7778469197261978,0.7778650715246933,0.7777561734396267,0.7777803703790124,107000000,1
1294804200000,1294804259000,0.7777803703790124,0.7777985190716197,0.7777380267230787,0.7777864198491093,83000000,1
1294804260000,1294804319000,0.7777682717211234,0.7777803703790124,0.7777017358302744,0.7777077840772109,81000000,1
1294804320000,1294804379000,0.7777198808533143,0.7777259293824855,0.7777198808533143,0.7777198808533143,34000000,1
1294804380000,1294804439000,0.7777259293824855,0.7778408693149556,0.7777259293824855,0.7778348189978376,70000000,1
1294804440000,1294804499000,0.7778348189978376,0.777895326404879,0.7777743210030178,0.7778227186459663,144000000,1
1294804500000,1294804559000,0.7778166686112084,0.7779800525914515,0.7778166686112084,0.7779679477205539,117000000,1
1294804560000,1294804619000,0.7779679477205539,0.777992157839049,0.777937687191256,0.7779800525914515,57000000,1
1294804620000,1294804679000,0.7779800525914515,0.7779982106041157,0.7779437391087877,0.777992157839049,84000000,1
1294804680000,1294804739000,0.777992157839049,0.7780224226062196,0.7778832241703876,0.7779134804627029,76000000,1
1294804740000,1294804799000,0.7779134804627029,0.7779618954263621,0.777895326404879,0.7779195320036095,80000000,1
1294804800000,1294804859000,0.7779195320036095,0.777937687191256,0.7779195320036095,0.7779195320036095,20000000,1
1294804860000,1294804919000,0.7779316353678838,0.7779437391087877,0.7778590208310646,0.7778590208310646,13000000,1
1294804920000,1294804979000,0.7778590208310646,0.7778771731943527,0.7778590208310646,0.7778771731943527,14000000,1
1294804980000,1294805039000,0.7778771731943527,0.7779013776633399,0.7778771731943527,0.7779013776633399,16000000,1
1294805040000,1294805099000,0.777895326404879,0.777937687191256,0.7778287687748419,0.7778287687748419,23000000,1
1294805100000,1294805159000,0.7778287687748419,0.777992157839049,0.7778106186705661,0.7779618954263621,47000000,1
1294805160000,1294805219000,0.7779740001089164,0.7780284758422158,0.7779013776633399,0.7780042634633638,55000000,1
1294805220000,1294805279000,0.778070851131704,0.7781495603454984,0.7780647972363138,0.7781071764824887,41000000,1
1294805280000,1294805339000,0.7781071764824887,0.7782888541253201,0.778070851131704,0.7781616708687397,75000000,1
1294805340000,1294805399000,0.7781495603454984,0.7781556155599997,0.7780950676553661,0.7781374501992032,119000000,1
1294805400000,1294805459000,0.7781435052252337,0.7781858930461308,0.7780950676553661,0.7781192856864957,87000000,1
1294805460000,1294805519000,0.7781192856864957,0.7781556155599997,0.7781132310373805,0.7781495603454984,45000000,1
1294805520000,1294805579000,0.7781495603454984,0.7781556155599997,0.778070851131704,0.7781556155599997,65000000,1
1294805580000,1294805639000,0.7781556155599997,0.778179837360414,0.7780950676553661,0.7781253404298365,39000000,1
1294805640000,1294805699000,0.7781192856864957,0.7781313952674048,0.7780405825967882,0.7780405825967882,38000000,1
1294805700000,1294805759000,0.7780587434351294,0.7780829592051105,0.7780042634633638,0.7780466361153688,72000000,1
1294805760000,1294805819000,0.7780769051213021,0.7780769051213021,0.7780526897281483,0.7780769051213021,68000000,1
1294805820000,1294805879000,0.7780769051213021,0.7780769051213021,0.7779861051681618,0.7779982106041157,55000000,1
1294805880000,1294805939000,0.7779982106041157,0.7780405825967882,0.7778892752405622,0.7779013776633399,88000000,1
1294805940000,1294805999000,0.7778832241703876,0.7779255836386691,0.7777198808533143,0.7778771731943527,87000000,1
1294806000000,1294806059000,0.7778771731943527,0.777949791120481,0.7778771731943527,0.777949791120481,28000000,1
1294806060000,1294806119000,0.777949791120481,0.7779558432263385,0.777895326404879,0.7779134804627029,31000000,1
1294806120000,1294806179000,0.7779134804627029,0.7779134804627029,0.7778227186459663,0.7778227186459663,48000000,1
1294806180000,1294806239000,0.7778227186459663,0.777992157839049,0.7778227186459663,0.777937687191256,59000000,1
1294806240000,1294806299000,0.777937687191256,0.7779437391087877,0.7779255836386691,0.7779255836386691,17000000,1
1294806300000,1294806359000,0.7779255836386691,0.7780647972363138,0.7779255836386691,0.7780647972363138,87000000,1
1294806360000,1294806419000,0.7780587434351294,0.7780829592051105,0.7780042634633638,0.7780042634633638,155000000,1
1294806420000,1294806479000,0.7780042634633638,0.7780526897281483,0.7780042634633638,0.7780284758422158,93000000,1
1294806480000,1294806539000,0.7780284758422158,0.7780769051213021,0.7780103164167956,0.7780103164167956,74000000,1
1294806540000,1294806599000,0.7780103164167956,0.7780526897281483,0.7779800525914515,0.777992157839049,78000000,1
1294806600000,1294806659000,0.7780042634633638,0.7780890133831311,0.7779679477205539,0.7780284758422158,169000000,1
1294806660000,1294806719000,0.7780224226062196,0.7784221383256139,0.7780163694644135,0.7782464550873971,208000000,1
1294806720000,1294806779000,0.7782706825433886,0.7785251619332336,0.778240398459084,0.7784524365561264,142000000,1
1294806780000,1294806839000,0.7784463767213395,0.778640338241363,0.7783979014392577,0.7786100253826868,185000000,1
1294806840000,1294806899000,0.7786100253826868,0.778755548633284,0.778537284150538,0.7786221502429301,170000000,1
1294806900000,1294806959000,0.7786160877656054,0.7786160877656054,0.7784524365561264,0.7784524365561264,48000000,1
1294806960000,1294807019000,0.7784524365561264,0.7784948580414627,0.7784524365561264,0.7784706166265755,58000000,1
1294807020000,1294807079000,0.7784706166265755,0.7786464010963341,0.7784281977830365,0.7786160877656054,81000000,1
1294807080000,1294807139000,0.7786160877656054,0.7786645902277595,0.7784281977830365,0.7785554681843309,102000000,1
1294807140000,1294807199000,0.7785554681843309,0.7787798077971434,0.7784948580414627,0.7787798077971434,76000000,1
1294807200000,1294807259000,0.7787798077971434,0.778810133877462,0.7786645902277595,0.7787798077971434,161000000,1
1294807260000,1294807319000,0.7787798077971434,0.7788465282916002,0.778694907335306,0.7787676780262911,87000000,1
1294807320000,1294807379000,0.7787676780262911,0.778785872824267,0.7787191627211563,0.7787191627211563,49000000,1
1294807380000,1294807439000,0.7787191627211563,0.7787252268037224,0.7786282128146631,0.7787252268037224,99000000,1
1294807440000,1294807499000,0.7787252268037224,0.7787252268037224,0.7786464010963341,0.7786585270895302,52000000,1
1294807500000,1294807559000,0.7786645902277595,0.7787191627211563,0.7786645902277595,0.7786888437249359,43000000,1
1294807560000,1294807619000,0.7786888437249359,0.7786888437249359,0.7785857767950295,0.7786039630941721,81000000,1
1294807620000,1294807679000,0.7786039630941721,0.7787494840784668,0.7786039630941721,0.7787312909807341,129000000,1
1294807680000,1294807739000,0.7787312909807341,0.7787737428644855,0.7786100253826868,0.7786706534604123,109000000,1
1294807740000,1294807799000,0.7786645902277595,0.7787798077971434,0.7786342754808067,0.7786645902277595,221000000,1
1294807800000,1294807859000,0.778694907335306,0.7787252268037224,0.7786282128146631,0.7787191627211563,197000000,1
1294807860000,1294807919000,0.7787191627211563,0.7787312909807341,0.7786645902277595,0.7787191627211563,106000000,1
1294807920000,1294807979000,0.7787191627211563,0.7787798077971434,0.7786706534604123,0.7787252268037224,110000000,1
1294807980000,1294808039000,0.7787130987330337,0.7787312909807341,0.7785797148841085,0.7786464010963341,93000000,1
1294808040000,1294808099000,0.7786464010963341,0.7786827802089985,0.7785736530675802,0.7786221502429301,81000000,1
1294808100000,1294808159000,0.7786100253826868,0.7786221502429301,0.7785615297176937,0.7785736530675802,62000000,1
1294808160000,1294808219000,0.7785857767950295,0.778640338241363,0.7785797148841085,0.778640338241363,76000000,1
1294808220000,1294808279000,0.778640338241363,0.778694907335306,0.7785857767950295,0.7785857767950295,122000000,1
1294808280000,1294808339000,0.7785857767950295,0.7785918388003457,0.7785615297176937,0.7785797148841085,72000000,1
1294808340000,1294808399000,0.7785797148841085,0.7786645902277595,0.7785191009661423,0.7786039630941721,89000000,1
1294808400000,1294808459000,0.7786039630941721,0.7786342754808067,0.7785433454007551,0.7785675913454426,108000000,1
1294808460000,1294808519000,0.7785675913454426,0.778694907335306,0.7785251619332336,0.7786039630941721,111000000,1
1294808520000,1294808579000,0.7786039630941721,0.7787191627211563,0.7785736530675802,0.7785736530675802,71000000,1
1294808580000,1294808639000,0.7785736530675802,0.7786342754808067,0.7785312229946982,0.7786282128146631,70000000,1
1294808640000,1294808699000,0.7786282128146631,0.7787737428644855,0.7786282128146631,0.7787373552521941,44000000,1
1294808700000,1294808759000,0.7787312909807341,0.7787494840784668,0.7786888437249359,0.7786888437249359,51000000,1
1294808760000,1294808819000,0.7786888437249359,0.7787312909807341,0.7786888437249359,0.7786888437249359,60000000,1
1294808820000,1294808879000,0.7786827802089985,0.7786888437249359,0.7785857767950295,0.7786039630941721,35000000,1
1294808880000,1294808939000,0.7786039630941721,0.7786342754808067,0.7784948580414627,0.7784948580414627,31000000,1
1294808940000,1294808999000,0.778500918631084,0.7785069793150695,0.778500918631084,0.7785069793150695,8000000,1
1294809000000,1294809059000,0.778500918631084,0.7785130400934216,0.7784948580414627,0.7785130400934216,21000000,1
1294809060000,1294809119000,0.7784887975462033,0.7785675913454426,0.7784887975462033,0.7785433454007551,25000000,1
1294809120000,1294809179000,0.7785312229946982,0.7785433454007551,0.7785130400934216,0.7785433454007551,23000000,1
1294809180000,1294809239000,0.778537284150538,0.7785433454007551,0.7784887975462033,0.7785433454007551,10000000,1
1294809240000,1294809299000,0.7785069793150695,0.778537284150538,0.7785069793150695,0.7785069793150695,24000000,1
1294809300000,1294809359000,0.7785191009661423,0.7785433454007551,0.7784100196937735,0.778440316980897,105000000,1
1294809360000,1294809419000,0.7784160789625271,0.7784948580414627,0.7783736660621299,0.7784827371453038,61000000,1
1294809420000,1294809479000,0.778476676838762,0.778537284150538,0.778476676838762,0.7785130400934216,33000000,1
1294809480000,1294809539000,0.778537284150538,0.7786039630941721,0.778500918631084,0.778500918631084,33000000,1
1294809540000,1294809599000,0.778500918631084,0.7785736530675802,0.778500918631084,0.7785130400934216,29000000,1
1294809600000,1294809659000,0.7785130400934216,0.7786706534604123,0.7784887975462033,0.778640338241363,66000000,1
1294809660000,1294809719000,0.7786100253826868,0.7788040684724538,0.7785918388003457,0.7787252268037224,109000000,1
1294809720000,1294809779000,0.7787070348393527,0.7787434196181042,0.7786827802089985,0.7787191627211563,55000000,1
1294809780000,1294809839000,0.7787191627211563,0.7787676780262911,0.7787009710401109,0.7787373552521941,49000000,1
1294809840000,1294809899000,0.7787737428644855,0.7787919379458583,0.7787494840784668,0.7787737428644855,44000000,1
1294809900000,1294809959000,0.7787737428644855,0.7789557319457535,0.7787737428644855,0.7789557319457535,70000000,1
1294809960000,1294810019000,0.7789557319457535,0.7790103452573851,0.7788889927407546,0.7789982083041208,57000000,1
1294810020000,1294810079000,0.778961799713342,0.778973935532117,0.7789132602193419,0.778961799713342,43000000,1
1294810080000,1294810139000,0.7789314618206744,0.7789314618206744,0.7788647267742539,0.7788647267742539,18000000,1
1294810140000,1294810199000,0.7788647267742539,0.7788950594686378,0.778822264970911,0.7788343964422845,52000000,1
1294810200000,1294810259000,0.7788343964422845,0.7788404623196984,0.7788040684724538,0.7788283306593561,28000000,1
1294810260000,1294810319000,0.7788283306593561,0.7788404623196984,0.778785872824267,0.7788040684724538,27000000,1
1294810320000,1294810379000,0.7788040684724538,0.778810133877462,0.778755548633284,0.778810133877462,39000000,1
1294810380000,1294810439000,0.778810133877462,0.778810133877462,0.778755548633284,0.7787798077971434,42000000,1
1294810440000,1294810499000,0.7787798077971434,0.778785872824267,0.7786706534604123,0.7786706534604123,86000000,1
1294810500000,1294810559000,0.7786706534604123,0.7786706534604123,0.7786160877656054,0.7786160877656054,56000000,1
1294810560000,1294810619000,0.7786160877656054,0.7786888437249359,0.7786160877656054,0.7786888437249359,92000000,1
1294810620000,1294810679000,0.7786888437249359,0.7786888437249359,0.7785615297176937,0.7786827802089985,81000000,1
1294810680000,1294810739000,0.7786645902277595,0.7786645902277595,0.7786585270895302,0.7786645902277595,14000000,1
1294810740000,1294810799000,0.7786888437249359,0.778961799713342,0.7786888437249359,0.7788707931241285,149000000,1
1294810800000,1294810859000,0.7788707931241285,0.7790224825888475,0.7788040684724538,0.7790042767334793,47000000,1
1294810860000,1294810919000,0.7789982083041208,0.7789982083041208,0.7788829261073769,0.7789375292101574,80000000,1
1294810920000,1294810979000,0.7789375292101574,0.778980003583308,0.7788707931241285,0.7788707931241285,77000000,1
1294810980000,1294811039000,0.7788647267742539,0.7791074545001246,0.7788647267742539,0.7790649662275337,128000000,1
1294811040000,1294811099000,0.7790831749197544,0.7791620890893932,0.7790710356970348,0.7791074545001246,54000000,1
1294811100000,1294811159000,0.7791074545001246,0.7791742311498274,0.7791013844631601,0.7791378061037655,79000000,1
1294811160000,1294811219000,0.7791135246316742,0.7791195948578106,0.778980003583308,0.7789982083041208,81000000,1
1294811220000,1294811279000,0.7789982083041208,0.7790831749197544,0.7789557319457535,0.779058896852602,77000000,1
1294811280000,1294811339000,0.7790467583864383,0.7790831749197544,0.7789496642726947,0.778980003583308,74000000,1
1294811340000,1294811399000,0.7789860717290376,0.7790406892952019,0.778980003583308,0.7790164138758403,53000000,1
1294811400000,1294811459000,0.7790346202985261,0.7791742311498274,0.7789982083041208,0.7791256651785367,67000000,1
1294811460000,1294811519000,0.7791256651785367,0.7791742311498274,0.7790831749197544,0.7790831749197544,89000000,1
1294811520000,1294811579000,0.779058896852602,0.779058896852602,0.7789860717290376,0.7790285513964087,50000000,1
1294811580000,1294811639000,0.7790285513964087,0.7790285513964087,0.778973935532117,0.7790103452573851,38000000,1
1294811640000,1294811699000,0.7789860717290376,0.7790346202985261,0.7789678675754625,0.7789921399693077,104000000,1
1294811700000,1294811759000,0.7789921399693077,0.7790042767334793,0.7789678675754625,0.7789982083041208,75000000,1
1294811760000,1294811819000,0.7790042767334793,0.7790224825888475,0.7788404623196984,0.7788829261073769,67000000,1
1294811820000,1294811879000,0.7789011262910286,0.7789011262910286,0.7787798077971434,0.7788343964422845,46000000,1
1294811880000,1294811939000,0.778822264970911,0.7788889927407546,0.778822264970911,0.7788647267742539,41000000,1
1294811940000,1294811999000,0.7788647267742539,0.7789193273252689,0.7788647267742539,0.7789071932079293,28000000,1
1294812000000,1294812059000,0.7789071932079293,0.7789071932079293,0.7788465282916002,0.7788707931241285,62000000,1
1294812060000,1294812119000,0.7789193273252689,0.7790224825888475,0.7789193273252689,0.7790224825888475,44000000,1
1294812120000,1294812179000,0.7790164138758403,0.7790164138758403,0.7789253945257123,0.778961799713342,34000000,1
1294812180000,1294812239000,0.7789496642726947,0.7789921399693077,0.7789071932079293,0.7789860717290376,50000000,1
1294812240000,1294812299000,0.778961799713342,0.778973935532117,0.7788768595685022,0.7789375292101574,44000000,1
1294812300000,1294812359000,0.7789253945257123,0.7789253945257123,0.7789253945257123,0.7789253945257123,2000000,1
1294812360000,1294812419000,0.7789253945257123,0.7789375292101574,0.7788283306593561,0.7788525943579918,48000000,1
1294812420000,1294812479000,0.7788707931241285,0.778961799713342,0.7788707931241285,0.778961799713342,68000000,1
1294812480000,1294812539000,0.778961799713342,0.7790285513964087,0.7789435966941634,0.7790042767334793,26000000,1
1294812540000,1294812599000,0.7790042767334793,0.7791195948578106,0.7789982083041208,0.7790467583864383,120000000,1
1294812600000,1294812659000,0.7790467583864383,0.7790467583864383,0.7790285513964087,0.7790346202985261,13000000,1
1294812660000,1294812719000,0.7790346202985261,0.7790346202985261,0.7789678675754625,0.7790285513964087,75000000,1
1294812720000,1294812779000,0.7790285513964087,0.7791803023219572,0.778980003583308,0.7791378061037655,47000000,1
1294812780000,1294812839000,0.7791378061037655,0.7791863735886987,0.7790103452573851,0.7791560182010846,39000000,1
1294812840000,1294812899000,0.7791681600723068,0.7791681600723068,0.7790771052611076,0.7791074545001246,46000000,1
1294812900000,1294812959000,0.7791135246316742,0.7792288751051959,0.7791135246316742,0.7792106596018233,39000000,1
1294812960000,1294813019000,0.7791438767082729,0.7791438767082729,0.7791074545001246,0.7791074545001246,43000000,1
1294813020000,1294813079000,0.7791013844631601,0.7791013844631601,0.7790042767334793,0.779058896852602,41000000,1
1294813080000,1294813139000,0.779058896852602,0.779058896852602,0.7789921399693077,0.7789921399693077,44000000,1
1294813140000,1294813199000,0.7789678675754625,0.7792410192472531,0.7788586605188756,0.7790771052611076,121000000,1
1294813200000,1294813259000,0.7790771052611076,0.7790953145207785,0.7788707931241285,0.7789314618206744,111000000,1
1294813260000,1294813319000,0.7789193273252689,0.7789678675754625,0.778755548633284,0.778755548633284,99000000,1
1294813320000,1294813379000,0.7787494840784668,0.778961799713342,0.7787130987330337,0.7788829261073769,105000000,1
1294813380000,1294813439000,0.7788829261073769,0.7789314618206744,0.7787798077971434,0.778785872824267,97000000,1
1294813440000,1294813499000,0.778810133877462,0.7790346202985261,0.778810133877462,0.7789557319457535,166000000,1
1294813500000,1294813559000,0.7789557319457535,0.7789557319457535,0.7787130987330337,0.7788647267742539,138000000,1
1294813560000,1294813619000,0.778822264970911,0.7788889927407546,0.7788040684724538,0.7788525943579918,133000000,1
1294813620000,1294813679000,0.7788525943579918,0.7788829261073769,0.7787980031619199,0.7788343964422845,119000000,1
1294813680000,1294813739000,0.7788343964422845,0.7788586605188756,0.778822264970911,0.7788586605188756,58000000,1
1294813740000,1294813799000,0.7788586605188756,0.7789557319457535,0.778810133877462,0.7789011262910286,106000000,1
1294813800000,1294813859000,0.7789011262910286,0.7789860717290376,0.7788343964422845,0.7789132602193419,90000000,1
1294813860000,1294813919000,0.7789557319457535,0.778973935532117,0.7789132602193419,0.7789678675754625,127000000,1
1294813920000,1294813979000,0.7789678675754625,0.7789678675754625,0.778816199376947,0.778816199376947,48000000,1
1294813980000,1294814039000,0.778816199376947,0.7788647267742539,0.7787737428644855,0.778816199376947,49000000,1
1294814040000,1294814099000,0.7787980031619199,0.7787980031619199,0.7786039630941721,0.7786464010963341,97000000,1
1294814100000,1294814159000,0.7786585270895302,0.7788465282916002,0.7786039630941721,0.7787798077971434,110000000,1
1294814160000,1294814219000,0.7787737428644855,0.778822264970911,0.7786464010963341,0.7786464010963341,60000000,1
1294814220000,1294814279000,0.7786464010963341,0.7788283306593561,0.778549406745352,0.7786100253826868,129000000,1
1294814280000,1294814339000,0.7786100253826868,0.7786888437249359,0.7785615297176937,0.7785979009000592,91000000,1
1294814340000,1294814399000,0.7786100253826868,0.778785872824267,0.7786100253826868,0.7787616132825581,82000000,1
1294814400000,1294814459000,0.7787312909807341,0.7788465282916002,0.7787130987330337,0.7787980031619199,123000000,1
1294814460000,1294814519000,0.7788040684724538,0.7788404623196984,0.7785918388003457,0.7786888437249359,63000000,1
1294814520000,1294814579000,0.7786888437249359,0.7787009710401109,0.7785675913454426,0.7786524640457224,55000000,1
1294814580000,1294814639000,0.7786645902277595,0.7788040684724538,0.7786524640457224,0.7786524640457224,51000000,1
1294814640000,1294814699000,0.778694907335306,0.7788586605188756,0.778694907335306,0.7788343964422845,82000000,1
1294814700000,1294814759000,0.7788343964422845,0.7788343964422845,0.7785979009000592,0.778640338241363,129000000,1
1294814760000,1294814819000,0.778640338241363,0.7787980031619199,0.7786342754808067,0.7787494840784668,50000000,1
1294814820000,1294814879000,0.778755548633284,0.7788889927407546,0.7786645902277595,0.7786645902277595,102000000,1
1294814880000,1294814939000,0.7786827802089985,0.778810133877462,0.7786827802089985,0.7787676780262911,65000000,1
1294814940000,1294814999000,0.7787676780262911,0.7788040684724538,0.7787191627211563,0.7787252268037224,63000000,1
1294815000000,1294815059000,0.7787130987330337,0.7787676780262911,0.7787009710401109,0.7787616132825581,59000000,1
1294815060000,1294815119000,0.7787616132825581,0.7787737428644855,0.7786585270895302,0.7787009710401109,80000000,1
1294815120000,1294815179000,0.7787009710401109,0.7787373552521941,0.7786524640457224,0.7786524640457224,74000000,1
1294815180000,1294815239000,0.7786464010963341,0.7786585270895302,0.7785918388003457,0.7786221502429301,86000000,1
1294815240000,1294815299000,0.7786221502429301,0.7786767167874914,0.7785918388003457,0.7786342754808067,38000000,1
1294815300000,1294815359000,0.7786464010963341,0.7787737428644855,0.7786464010963341,0.778694907335306,86000000,1
1294815360000,1294815419000,0.7787191627211563,0.7788343964422845,0.7786888437249359,0.7786888437249359,73000000,1
1294815420000,1294815479000,0.7787130987330337,0.7787373552521941,0.7785251619332336,0.7786888437249359,112000000,1
1294815480000,1294815539000,0.7786827802089985,0.778816199376947,0.7786524640457224,0.778810133877462,126000000,1
1294815540000,1294815599000,0.778810133877462,0.7790224825888475,0.7787980031619199,0.778980003583308,88000000,1
1294815600000,1294815659000,0.7789860717290376,0.7790710356970348,0.7788586605188756,0.7790406892952019,139000000,1
1294815660000,1294815719000,0.7790285513964087,0.7791681600723068,0.7790285513964087,0.7790892446729774,98000000,1
1294815720000,1294815779000,0.7791013844631601,0.7791803023219572,0.7787616132825581,0.778822264970911,146000000,1
1294815780000,1294815839000,0.7787980031619199,0.7789253945257123,0.7786585270895302,0.778755548633284,168000000,1
1294815840000,1294815899000,0.778755548633284,0.7787616132825581,0.7786767167874914,0.7786827802089985,88000000,1
1294815900000,1294815959000,0.7786464010963341,0.778755548633284,0.778549406745352,0.7786464010963341,138000000,1
1294815960000,1294816019000,0.7786645902277595,0.7787737428644855,0.7786585270895302,0.7787252268037224,74000000,1
1294816020000,1294816079000,0.7787070348393527,0.778822264970911,0.7787070348393527,0.7787737428644855,73000000,1
1294816080000,1294816139000,0.7787980031619199,0.7788707931241285,0.778640338241363,0.7786888437249359,62000000,1
1294816140000,1294816199000,0.7786645902277595,0.7787252268037224,0.7786100253826868,0.7786282128146631,127000000,1
1294816200000,1294816259000,0.7786282128146631,0.7787616132825581,0.7785918388003457,0.7786585270895302,106000000,1
1294816260000,1294816319000,0.7786585270895302,0.7788283306593561,0.778640338241363,0.778640338241363,78000000,1
1294816320000,1294816379000,0.7786221502429301,0.7787919379458583,0.7786221502429301,0.778785872824267,65000000,1
1294816380000,1294816439000,0.778785872824267,0.7790164138758403,0.7787312909807341,0.7788829261073769,88000000,1
1294816440000,1294816499000,0.7788586605188756,0.7789678675754625,0.7787919379458583,0.7789375292101574,52000000,1
1294816500000,1294816559000,0.778973935532117,0.7789921399693077,0.778755548633284,0.778785872824267,50000000,1
1294816560000,1294816619000,0.7788040684724538,0.7788040684724538,0.778549406745352,0.7785857767950295,81000000,1
1294816620000,1294816679000,0.7785857767950295,0.7787070348393527,0.778537284150538,0.7786524640457224,86000000,1
1294816680000,1294816739000,0.7786827802089985,0.778822264970911,0.7786767167874914,0.7786827802089985,60000000,1
1294816740000,1294816799000,0.7786888437249359,0.778822264970911,0.7786888437249359,0.778822264970911,41000000,1
1294816800000,1294816859000,0.778822264970911,0.7788525943579918,0.7786888437249359,0.7787919379458583,33000000,1
1294816860000,1294816919000,0.7787980031619199,0.7788586605188756,0.7786221502429301,0.778694907335306,82000000,1
1294816920000,1294816979000,0.7786342754808067,0.778816199376947,0.7785797148841085,0.778816199376947,79000000,1
1294816980000,1294817039000,0.7787919379458583,0.7788768595685022,0.7786464010963341,0.7787737428644855,146000000,1
1294817040000,1294817099000,0.7787737428644855,0.7787919379458583,0.7785797148841085,0.7786645902277595,59000000,1
1294817100000,1294817159000,0.7786464010963341,0.7789253945257123,0.778640338241363,0.7789011262910286,50000000,1
1294817160000,1294817219000,0.7789011262910286,0.7789496642726947,0.7785736530675802,0.7786221502429301,107000000,1
1294817220000,1294817279000,0.7786706534604123,0.7787494840784668,0.7785918388003457,0.7787494840784668,43000000,1
1294817280000,1294817339000,0.7787676780262911,0.7787676780262911,0.7786282128146631,0.7786524640457224,67000000,1
1294817340000,1294817399000,0.7786645902277595,0.7786827802089985,0.7784342573347969,0.7785069793150695,88000000,1
1294817400000,1294817459000,0.7785433454007551,0.7786706534604123,0.7785130400934216,0.7786100253826868,114000000,1
1294817460000,1294817519000,0.7785554681843309,0.778694907335306,0.7784524365561264,0.7785979009000592,78000000,1
1294817520000,1294817579000,0.7786100253826868,0.7787009710401109,0.7785857767950295,0.7785857767950295,26000000,1
1294817580000,1294817639000,0.7786039630941721,0.778640338241363,0.778537284150538,0.7786160877656054,50000000,1
1294817640000,1294817699000,0.7786160877656054,0.7786706534604123,0.7785918388003457,0.7785979009000592,25000000,1
1294817700000,1294817759000,0.7785797148841085,0.7785797148841085,0.778440316980897,0.7784524365561264,78000000,1
1294817760000,1294817819000,0.7784342573347969,0.7785615297176937,0.778385783562049,0.7785615297176937,72000000,1
1294817820000,1294817879000,0.7785312229946982,0.7786706534604123,0.7785069793150695,0.778549406745352,92000000,1
1294817880000,1294817939000,0.778537284150538,0.7786160877656054,0.7784948580414627,0.778549406745352,50000000,1
1294817940000,1294817999000,0.7785433454007551,0.778549406745352,0.7784221383256139,0.7785191009661423,107000000,1
1294818000000,1294818059000,0.778537284150538,0.778537284150538,0.7783736660621299,0.778385783562049,61000000,1
1294818060000,1294818119000,0.7783918424534911,0.7785918388003457,0.7783918424534911,0.778549406745352,70000000,1
1294818120000,1294818179000,0.778549406745352,0.778549406745352,0.7784342573347969,0.7785069793150695,62000000,1
1294818180000,1294818239000,0.778476676838762,0.7786524640457224,0.778440316980897,0.7786160877656054,65000000,1
1294818240000,1294818299000,0.7785554681843309,0.7787434196181042,0.7784948580414627,0.7784948580414627,81000000,1
1294818300000,1294818359000,0.7784948580414627,0.7786039630941721,0.7782767396430822,0.7783130842212589,147000000,1
1294818360000,1294818419000,0.7783130842212589,0.7784281977830365,0.7780405825967882,0.7783736660621299,171000000,1
1294818420000,1294818479000,0.7783494321940893,0.7784463767213395,0.7782767396430822,0.7782949115078687,121000000,1
1294818480000,1294818539000,0.7782949115078687,0.7783554905196302,0.7781737817689446,0.7782525118099819,117000000,1
1294818540000,1294818599000,0.7782706825433886,0.7783615489394824,0.778179837360414,0.7782646255379754,120000000,1
1294818600000,1294818659000,0.7782888541253201,0.7783191419809778,0.7780224226062196,0.7781374501992032,136000000,1
1294818660000,1294818719000,0.7782464550873971,0.7783676074536482,0.7781616708687397,0.7783494321940893,137000000,1
1294818720000,1294818779000,0.7783191419809778,0.7783494321940893,0.777937687191256,0.7780163694644135,140000000,1
1294818780000,1294818839000,0.7780345291724047,0.7784039605193511,0.7780103164167956,0.778216172888505,86000000,1
1294818840000,1294818899000,0.778240398459084,0.7783615489394824,0.7781011220218179,0.7782343419250404,114000000,1
1294818900000,1294818959000,0.7782767396430822,0.7785979009000592,0.7782343419250404,0.7784948580414627,100000000,1
1294818960000,1294819019000,0.7784524365561264,0.7784524365561264,0.7781737817689446,0.778325199834995,94000000,1
1294819020000,1294819079000,0.7783373158259326,0.778476676838762,0.7782525118099819,0.7784039605193511,85000000,1
1294819080000,1294819139000,0.7783797247649292,0.7785312229946982,0.7783130842212589,0.7783130842212589,89000000,1
1294819140000,1294819199000,0.7783312577833126,0.7786706534604123,0.7783312577833126,0.7786706534604123,111000000,1
1294819200000,1294819259000,0.7785979009000592,0.7787130987330337,0.778537284150538,0.7785615297176937,191000000,1
1294819260000,1294819319000,0.7785736530675802,0.7786100253826868,0.7783918424534911,0.7784039605193511,106000000,1
1294819320000,1294819379000,0.7784100196937735,0.7784948580414627,0.778240398459084,0.7783554905196302,123000000,1
1294819380000,1294819439000,0.7783615489394824,0.7784342573347969,0.7781374501992032,0.7782888541253201,91000000,1
1294819440000,1294819499000,0.7782949115078687,0.7785433454007551,0.7782101167315175,0.7785433454007551,71000000,1
1294819500000,1294819559000,0.7785433454007551,0.7786039630941721,0.7785069793150695,0.7785191009661423,78000000,1
1294819560000,1294819619000,0.7785191009661423,0.7785979009000592,0.7784221383256139,0.7785979009000592,123000000,1
1294819620000,1294819679000,0.7785857767950295,0.7788343964422845,0.778500918631084,0.778816199376947,134000000,1
1294819680000,1294819739000,0.7788404623196984,0.7788586605188756,0.7785979009000592,0.7786585270895302,127000000,1
1294819740000,1294819799000,0.7786585270895302,0.7786767167874914,0.778549406745352,0.7785675913454426,91000000,1
1294819800000,1294819859000,0.7785797148841085,0.7786888437249359,0.7785433454007551,0.7786888437249359,99000000,1
1294819860000,1294819919000,0.7787009710401109,0.778822264970911,0.7786888437249359,0.7787252268037224,92000000,1
1294819920000,1294819979000,0.7787191627211563,0.7787616132825581,0.7785433454007551,0.7787616132825581,77000000,1
1294819980000,1294820039000,0.7787798077971434,0.7790285513964087,0.7787798077971434,0.778980003583308,140000000,1
1294820040000,1294820099000,0.778980003583308,0.7790164138758403,0.7788829261073769,0.7789011262910286,94000000,1
1294820100000,1294820159000,0.7788707931241285,0.7788768595685022,0.7785857767950295,0.7786221502429301,85000000,1
1294820160000,1294820219000,0.7785979009000592,0.7786827802089985,0.7785191009661423,0.7785554681843309,158000000,1
1294820220000,1294820279000,0.778537284150538,0.7786282128146631,0.7784524365561264,0.7785675913454426,121000000,1
1294820280000,1294820339000,0.7785675913454426,0.778785872824267,0.7785130400934216,0.778549406745352,135000000,1
1294820340000,1294820399000,0.778549406745352,0.778549406745352,0.7782949115078687,0.7784100196937735,151000000,1
1294820400000,1294820459000,0.7784463767213395,0.7786221502429301,0.7784281977830365,0.7785433454007551,88000000,1
1294820460000,1294820519000,0.7785433454007551,0.7785433454007551,0.7780284758422158,0.7781677262717206,176000000,1
1294820520000,1294820579000,0.7781858930461308,0.7787009710401109,0.778070851131704,0.7782706825433886,175000000,1
1294820580000,1294820639000,0.7782949115078687,0.7784463767213395,0.7781616708687397,0.7783676074536482,144000000,1
1294820640000,1294820699000,0.7784039605193511,0.7784706166265755,0.7778408693149556,0.7778892752405622,169000000,1
1294820700000,1294820759000,0.7778892752405622,0.7781071764824887,0.7778045688240373,0.7780647972363138,206000000,1
1294820760000,1294820819000,0.7780526897281483,0.7782464550873971,0.7778348189978376,0.778179837360414,153000000,1
1294820820000,1294820879000,0.7781495603454984,0.7781677262717206,0.7779618954263621,0.7779679477205539,158000000,1
1294820880000,1294820939000,0.7779558432263385,0.7781737817689446,0.7779558432263385,0.7781374501992032,126000000,1
1294820940000,1294820999000,0.7781374501992032,0.7782767396430822,0.7781374501992032,0.7781858930461308,74000000,1
1294821000000,1294821059000,0.7781858930461308,0.7781858930461308,0.7778469197261978,0.7779800525914515,161000000,1
1294821060000,1294821119000,0.7779618954263621,0.7780345291724047,0.7778166686112084,0.7779679477205539,60000000,1
1294821120000,1294821179000,0.7779437391087877,0.7780647972363138,0.7778227186459663,0.7780647972363138,98000000,1
1294821180000,1294821239000,0.7780647972363138,0.7781192856864957,0.7779558432263385,0.7779679477205539,87000000,1
1294821240000,1294821299000,0.7779800525914515,0.7779982106041157,0.7777743210030178,0.7778771731943527,140000000,1
1294821300000,1294821359000,0.777907429015947,0.7781435052252337,0.7778590208310646,0.777937687191256,128000000,1
1294821360000,1294821419000,0.777937687191256,0.7782888541253201,0.7778287687748419,0.7780466361153688,133000000,1
1294821420000,1294821479000,0.7780466361153688,0.7781677262717206,0.7778590208310646,0.7779316353678838,181000000,1
1294821480000,1294821539000,0.7779437391087877,0.7781435052252337,0.7779437391087877,0.7781435052252337,95000000,1
1294821540000,1294821599000,0.7781253404298365,0.7782464550873971,0.777937687191256,0.7781858930461308,99000000,1
1294821600000,1294821659000,0.7781858930461308,0.7783494321940893,0.7779255836386691,0.7779679477205539,123000000,1
1294821660000,1294821719000,0.7779618954263621,0.7781011220218179,0.7777319780057397,0.7778227186459663,85000000,1
1294821720000,1294821779000,0.7777924694133111,0.7779982106041157,0.7777924694133111,0.7779255836386691,88000000,1
1294821780000,1294821839000,0.777937687191256,0.7779740001089164,0.7778348189978376,0.777895326404879,75000000,1
1294821840000,1294821899000,0.7778711223124553,0.7779618954263621,0.7778106186705661,0.7779134804627029,107000000,1
1294821900000,1294821959000,0.7779316353678838,0.7780587434351294,0.7778590208310646,0.7780224226062196,102000000,1
1294821960000,1294822019000,0.7779800525914515,0.778198004700316,0.7779800525914515,0.7780466361153688,125000000,1
1294822020000,1294822079000,0.7780466361153688,0.7781374501992032,0.7778408693149556,0.7778650715246933,90000000,1
1294822080000,1294822139000,0.7778771731943527,0.7780042634633638,0.7778650715246933,0.7779195320036095,56000000,1
1294822140000,1294822199000,0.7779316353678838,0.7781253404298365,0.7779316353678838,0.7780587434351294,85000000,1
1294822200000,1294822259000,0.7780587434351294,0.7781313952674048,0.7780405825967882,0.7780890133831311,37000000,1
1294822260000,1294822319000,0.7780647972363138,0.7782040606687886,0.7780647972363138,0.7781737817689446,58000000,1
1294822320000,1294822379000,0.7781919488260975,0.7782343419250404,0.7780466361153688,0.7781556155599997,99000000,1
1294822380000,1294822439000,0.7781374501992032,0.7781374501992032,0.7775807906441479,0.7776110234138679,88000000,1
1294822440000,1294822499000,0.7776352113223687,0.7777138324182234,0.7776352113223687,0.777689639618621,104000000,1
1294822500000,1294822559000,0.7776835916538997,0.7776835916538997,0.7774719721354045,0.7774961513940505,91000000,1
1294822560000,1294822619000,0.7774961513940505,0.7775324231020434,0.7774115305678214,0.777441750176868,91000000,1
1294822620000,1294822679000,0.777441750176868,0.7775263775823594,0.7773088014675591,0.7773510983971021,123000000,1
1294822680000,1294822739000,0.777339013090389,0.777441750176868,0.777332970577947,0.7774115305678214,65000000,1
1294822740000,1294822799000,0.7775082415873609,0.7775082415873609,0.7773269281594454,0.777339013090389,108000000,1
1294822800000,1294822859000,0.7773692270617776,0.7773752701379063,0.7770007770007771,0.7770007770007771,195000000,1
1294822860000,1294822919000,0.7770128517925686,0.777194018714832,0.7770068143497618,0.7771034246947927,127000000,1
1294822920000,1294822979000,0.7771517388770157,0.7771517388770157,0.7770188893291996,0.777049078419793,73000000,1
1294822980000,1294823039000,0.7770551165194147,0.7771396597682569,0.7770188893291996,0.777049078419793,41000000,1
1294823040000,1294823099000,0.7770309646839426,0.7770309646839426,0.7766387076731904,0.7766628351300133,156000000,1
1294823100000,1294823159000,0.7766387076731904,0.7767955629437445,0.7763613496265702,0.7766447393968577,203000000,1
1294823160000,1294823219000,0.7766869640859948,0.7768498737618955,0.7765723648958228,0.7765723648958228,189000000,1
1294823220000,1294823279000,0.7765723648958228,0.7770007770007771,0.7765542733781663,0.7769645548770064,152000000,1
1294823280000,1294823339000,0.776994739745612,0.7771879784563493,0.7769162639650699,0.777121541809139,101000000,1
1294823340000,1294823399000,0.777121541809139,0.777121541809139,0.776843838851514,0.776886085193328,120000000,1
1294823400000,1294823459000,0.7768679790556393,0.7770551165194147,0.7768378040348956,0.7770007770007771,149000000,1
1294823460000,1294823519000,0.7770188893291996,0.7770551165194147,0.7766809317064456,0.7767231603311947,150000000,1
1294823520000,1294823579000,0.7767231603311947,0.7767231603311947,0.7766266445069198,0.7766266445069198,70000000,1
1294823580000,1294823639000,0.7766266445069198,0.776741259718975,0.7766266445069198,0.7767050617868877,78000000,1
1294823640000,1294823699000,0.7767050617868877,0.7769826655167323,0.7767050617868877,0.7769283361302753,97000000,1
1294823700000,1294823759000,0.7769464450815405,0.776994739745612,0.7768800497203232,0.7769343723535673,83000000,1
1294823760000,1294823819000,0.7769283361302753,0.777061154712876,0.7767593599502873,0.7767593599502873,84000000,1
1294823820000,1294823879000,0.7767593599502873,0.7767593599502873,0.7766990291262136,0.7766990291262136,89000000,1
1294823880000,1294823939000,0.7767171273893761,0.7767834949043002,0.7766990291262136,0.7767171273893761,42000000,1
1294823940000,1294823999000,0.7767352264959921,0.7768619438639559,0.7766929965592501,0.7767834949043002,90000000,1
1294824000000,1294824059000,0.776777461025191,0.7770007770007771,0.776777461025191,0.7770007770007771,116000000,1
1294824060000,1294824119000,0.7770430404140086,0.7771094636390482,0.7768800497203232,0.7768800497203232,97000000,1
1294824120000,1294824179000,0.7769162639650699,0.7769705916631056,0.776777461025191,0.7768076313581704,71000000,1
1294824180000,1294824239000,0.7768076313581704,0.7769102280231519,0.7766266445069198,0.7766266445069198,132000000,1
1294824240000,1294824299000,0.7766266445069198,0.7768619438639559,0.7765904572564613,0.776777461025191,101000000,1
1294824300000,1294824359000,0.776777461025191,0.7768378040348956,0.7767110945412744,0.7768197001475957,136000000,1
1294824360000,1294824419000,0.7768197001475957,0.7768800497203232,0.7765904572564613,0.7765904572564613,144000000,1
1294824420000,1294824479000,0.7765964882306802,0.7767653935481866,0.7765964882306802,0.7767231603311947,84000000,1
1294824480000,1294824539000,0.776741259718975,0.7768559087660422,0.7766869640859948,0.7767231603311947,109000000,1
1294824540000,1294824599000,0.7767110945412744,0.7767110945412744,0.7764879450246536,0.7766085504601405,162000000,1
1294824600000,1294824659000,0.7766025192985726,0.776777461025191,0.776536182703433,0.7766145817153863,82000000,1
1294824660000,1294824719000,0.7766568031252669,0.7767895288771507,0.7764698574401342,0.7765180928715639,166000000,1
1294824720000,1294824779000,0.7765000038825,0.7765000038825,0.7762046696472926,0.7763492950748402,178000000,1
1294824780000,1294824839000,0.7763492950748402,0.7764638284325525,0.7762890279308792,0.7764397133384578,139000000,1
1294824840000,1294824899000,0.7764397133384578,0.7765241227218723,0.7762588978676168,0.7764035435057726,120000000,1
1294824900000,1294824959000,0.7763673770428167,0.7763673770428167,0.7761685217094335,0.7762167197081425,217000000,1
1294824960000,1294825019000,0.7761926199605694,0.7762528721356269,0.7761444249545956,0.7762287701431365,229000000,1
1294825020000,1294825079000,0.7762528721356269,0.7763251870943702,0.7762046696472926,0.7763010806111043,152000000,1
1294825080000,1294825139000,0.7763010806111043,0.7763975155279503,0.7762769756249029,0.7763734045526536,154000000,1
1294825140000,1294825199000,0.776355322303912,0.7764819157361825,0.7762227448788704,0.7763613496265702,143000000,1
1294825200000,1294825259000,0.776355322303912,0.7763975155279503,0.7762287701431365,0.7762287701431365,138000000,1
1294825260000,1294825319000,0.7762408209522923,0.7763734045526536,0.7761865952574999,0.7763372408974458,139000000,1
1294825320000,1294825379000,0.776355322303912,0.7764216280008696,0.7762588978676168,0.7764035435057726,105000000,1
1294825380000,1294825439000,0.77641559974223,0.7766929965592501,0.77641559974223,0.7766628351300133,98000000,1
1294825440000,1294825499000,0.7766869640859948,0.7768015971040836,0.7766507712142159,0.776741259718975,114000000,1
1294825500000,1294825559000,0.776741259718975,0.776741259718975,0.7766085504601405,0.7766568031252669,85000000,1
1294825560000,1294825619000,0.7766568031252669,0.776777461025191,0.7765904572564613,0.776777461025191,107000000,1
1294825620000,1294825679000,0.7767834949043002,0.7768136657060071,0.7766809317064456,0.7768136657060071,85000000,1
1294825680000,1294825739000,0.7768197001475957,0.7768257346829386,0.7766145817153863,0.776620613064312,99000000,1
1294825740000,1294825799000,0.7766085504601405,0.7766688672284572,0.7765241227218723,0.7766266445069198,68000000,1
1294825800000,1294825859000,0.7766326760432118,0.7766326760432118,0.7762769756249029,0.7763251870943702,156000000,1
1294825860000,1294825919000,0.7763251870943702,0.7765120631149005,0.7762890279308792,0.7765120631149005,139000000,1
1294825920000,1294825979000,0.7764939744067585,0.7767171273893761,0.7764758865413434,0.7767050617868877,96000000,1
1294825980000,1294826039000,0.7767050617868877,0.7770188893291996,0.7766628351300133,0.7770188893291996,125000000,1
1294826040000,1294826099000,0.7770188893291996,0.7771456992757003,0.7768921207601113,0.777049078419793,150000000,1
1294826100000,1294826159000,0.7770732313813253,0.7771879784563493,0.776777461025191,0.7771698582442178,112000000,1
1294826160000,1294826219000,0.7771698582442178,0.7771698582442178,0.7767533264461205,0.776843838851514,157000000,1
1294826220000,1294826279000,0.7768136657060071,0.7768740143410944,0.7767472930356838,0.7768740143410944,72000000,1
1294826280000,1294826339000,0.7768921207601113,0.7771517388770157,0.7768498737618955,0.7770370025020592,65000000,1
1294826340000,1294826399000,0.7770430404140086,0.7771094636390482,0.7768559087660422,0.7768559087660422,59000000,1
1294826400000,1294826459000,0.7768498737618955,0.7771336203546838,0.7768498737618955,0.7769223000007769,101000000,1
1294826460000,1294826519000,0.7769223000007769,0.777194018714832,0.7769223000007769,0.7770551165194147,106000000,1
1294826520000,1294826579000,0.7770370025020592,0.77724234416291,0.7770128517925686,0.7771336203546838,101000000,1
1294826580000,1294826639000,0.777121541809139,0.7773148436042534,0.777085308425159,0.7772906756210551,170000000,1
1294826640000,1294826699000,0.7772846338600733,0.7773088014675591,0.7771698582442178,0.7771819382917541,123000000,1
1294826700000,1294826759000,0.7771396597682569,0.7772000590672045,0.7771034246947927,0.7771819382917541,76000000,1
1294826760000,1294826819000,0.7772000590672045,0.7774357060671082,0.7771638183612725,0.7773752701379063,73000000,1
1294826820000,1294826879000,0.7773933999300345,0.7775928834699305,0.777363184079602,0.7775203321566858,154000000,1
1294826880000,1294826939000,0.7775021964437049,0.7775626521106938,0.777302759424796,0.777302759424796,110000000,1
1294826940000,1294826999000,0.777302759424796,0.7773571411913776,0.7772483852664797,0.7773208858348815,117000000,1
1294827000000,1294827059000,0.7773510983971021,0.7775505602251787,0.7773148436042534,0.7774840615767377,124000000,1
1294827060000,1294827119000,0.7774659275557249,0.7776956876774118,0.7774659275557249,0.7775263775823594,111000000,1
1294827120000,1294827179000,0.7775263775823594,0.7776473058409089,0.777302759424796,0.7773933999300345,106000000,1
1294827180000,1294827239000,0.7774175743016847,0.777441750176868,0.7773148436042534,0.7774357060671082,100000000,1
1294827240000,1294827299000,0.7774357060671082,0.7775807906441479,0.7773450556967733,0.7775021964437049,118000000,1
1294827300000,1294827359000,0.7775021964437049,0.7775021964437049,0.7772785921930138,0.7774296620513259,190000000,1
1294827360000,1294827419000,0.7774901064383956,0.7775021964437049,0.7772604677553495,0.7773208858348815,109000000,1
1294827420000,1294827479000,0.7773450556967733,0.777441750176868,0.7772544264639587,0.7772665091406542,96000000,1
1294827480000,1294827539000,0.7772544264639587,0.7772906756210551,0.7772181806876827,0.7772906756210551,80000000,1
1294827540000,1294827599000,0.7772785921930138,0.7774054869279268,0.7772302622374904,0.7772302622374904,130000000,1
1294827600000,1294827659000,0.7772242214156362,0.7772665091406542,0.7771638183612725,0.7772665091406542,71000000,1
1294827660000,1294827719000,0.7772785921930138,0.7773873565720327,0.7772000590672045,0.7772181806876827,65000000,1
1294827720000,1294827779000,0.7772000590672045,0.7772906756210551,0.777194018714832,0.7772906756210551,89000000,1
1294827780000,1294827839000,0.7772906756210551,0.7773813133079907,0.7772483852664797,0.7773269281594454,85000000,1
1294827840000,1294827899000,0.7773088014675591,0.7775566061209257,0.7773088014675591,0.7774296620513259,114000000,1
1294827900000,1294827959000,0.7774296620513259,0.7774296620513259,0.7770249269596567,0.7771275810349785,155000000,1
1294827960000,1294828019000,0.7771275810349785,0.7772363031532477,0.7771155026771629,0.7771336203546838,58000000,1
1294828020000,1294828079000,0.7771336203546838,0.7772302622374904,0.7770913470878501,0.7770913470878501,82000000,1
1294828080000,1294828139000,0.7770913470878501,0.7771758982210444,0.7770249269596567,0.7770430404140086,103000000,1
1294828140000,1294828199000,0.7770430404140086,0.777079269856318,0.7769404086706551,0.777049078419793,73000000,1
1294828200000,1294828259000,0.777049078419793,0.777085308425159,0.7768317693120378,0.776994739745612,106000000,1
1294828260000,1294828319000,0.777049078419793,0.777085308425159,0.776777461025191,0.7768800497203232,164000000,1
1294828320000,1294828379000,0.7768981564206748,0.7770249269596567,0.7767050617868877,0.7767050617868877,124000000,1
1294828380000,1294828439000,0.7767050617868877,0.7767834949043002,0.7764638284325525,0.7764939744067585,212000000,1
1294828440000,1294828499000,0.7765120631149005,0.776741259718975,0.7764879450246536,0.7767110945412744,138000000,1
1294828500000,1294828559000,0.7766929965592501,0.7768981564206748,0.7766025192985726,0.7768800497203232,100000000,1
1294828560000,1294828619000,0.7768800497203232,0.7769766285430134,0.7767653935481866,0.7769766285430134,82000000,1
1294828620000,1294828679000,0.7769705916631056,0.7772121400536276,0.7768981564206748,0.7772121400536276,167000000,1
1294828680000,1294828739000,0.7772544264639587,0.7774961513940505,0.7771275810349785,0.7774538386783285,129000000,1
1294828740000,1294828799000,0.7774719721354045,0.7775324231020434,0.7772302622374904,0.7772604677553495,152000000,1
1294828800000,1294828859000,0.7772725506198748,0.777302759424796,0.7770671930001787,0.7771155026771629,103000000,1
1294828860000,1294828919000,0.7771336203546838,0.7774357060671082,0.777121541809139,0.7774357060671082,102000000,1
1294828920000,1294828979000,0.7774477943806074,0.7777319780057397,0.7774477943806074,0.7776231171800275,112000000,1
1294828980000,1294829039000,0.7776412585346127,0.7777743210030178,0.7773752701379063,0.7773873565720327,96000000,1
1294829040000,1294829099000,0.7773752701379063,0.7778287687748419,0.7772846338600733,0.7777864198491093,131000000,1
1294829100000,1294829159000,0.7777864198491093,0.7787798077971434,0.7777440755345045,0.7786767167874914,254000000,1
1294829160000,1294829219000,0.778640338241363,0.7787009710401109,0.7781132310373805,0.7782343419250404,245000000,1
1294829220000,1294829279000,0.7782282854852642,0.7791074545001246,0.7782101167315175,0.7788586605188756,260000000,1
1294829280000,1294829339000,0.7788586605188756,0.7788950594686378,0.778537284150538,0.778755548633284,224000000,1
1294829340000,1294829399000,0.778755548633284,0.7788525943579918,0.778325199834995,0.7784100196937735,170000000,1
1294829400000,1294829459000,0.7784100196937735,0.7786524640457224,0.7783070265558357,0.7783070265558357,203000000,1
1294829460000,1294829519000,0.7783070265558357,0.7784281977830365,0.777992157839049,0.7781495603454984,159000000,1
1294829520000,1294829579000,0.7781495603454984,0.778440316980897,0.7778771731943527,0.778440316980897,200000000,1
1294829580000,1294829639000,0.7784706166265755,0.7786221502429301,0.777992157839049,0.7780466361153688,182000000,1
1294829640000,1294829699000,0.7780587434351294,0.7783615489394824,0.7780466361153688,0.7781132310373805,133000000,1
1294829700000,1294829759000,0.7781132310373805,0.7783312577833126,0.7780829592051105,0.7783312577833126,127000000,1
1294829760000,1294829819000,0.7783070265558357,0.7784524365561264,0.7781011220218179,0.7781374501992032,143000000,1
1294829820000,1294829879000,0.7780950676553661,0.778549406745352,0.7779558432263385,0.778549406745352,136000000,1
1294829880000,1294829939000,0.7785615297176937,0.7789557319457535,0.778537284150538,0.778640338241363,164000000,1
1294829940000,1294829999000,0.7786464010963341,0.7791924449500538,0.7786464010963341,0.7790224825888475,183000000,1
1294830000000,1294830059000,0.7789982083041208,0.779423226812159,0.7788465282916002,0.779423226812159,160000000,1
1294830060000,1294830119000,0.7794171518538437,0.7794171518538437,0.7789860717290376,0.7790528275722377,152000000,1
1294830120000,1294830179000,0.779058896852602,0.7791378061037655,0.7787252268037224,0.7789193273252689,175000000,1
1294830180000,1294830239000,0.7788950594686378,0.7793078187953459,0.7788707931241285,0.7790406892952019,192000000,1
1294830240000,1294830299000,0.7790467583864383,0.7790892446729774,0.7788768595685022,0.7788768595685022,144000000,1
1294830300000,1294830359000,0.7788768595685022,0.7790831749197544,0.7788343964422845,0.7790467583864383,169000000,1
1294830360000,1294830419000,0.779058896852602,0.7793989275470757,0.779058896852602,0.7791135246316742,191000000,1
1294830420000,1294830479000,0.7790831749197544,0.7791560182010846,0.7789860717290376,0.7790710356970348,169000000,1
1294830480000,1294830539000,0.7790892446729774,0.7794657541720905,0.7790164138758403,0.779356407478704,169000000,1
1294830540000,1294830599000,0.7793442597398548,0.7793442597398548,0.7787009710401109,0.7787191627211563,189000000,1
1294830600000,1294830659000,0.7787070348393527,0.7788829261073769,0.7785736530675802,0.7786039630941721,186000000,1
1294830660000,1294830719000,0.7785857767950295,0.7789314618206744,0.778476676838762,0.7787798077971434,137000000,1
1294830720000,1294830779000,0.778816199376947,0.7791620890893932,0.778694907335306,0.7791620890893932,124000000,1
1294830780000,1294830839000,0.7791620890893932,0.7795994418067996,0.7791620890893932,0.7793624814901411,151000000,1
1294830840000,1294830899000,0.7793989275470757,0.7796966979844839,0.7792713812585232,0.7793260388416098,163000000,1
1294830900000,1294830959000,0.7793078187953459,0.7793746297970509,0.7790831749197544,0.7793746297970509,139000000,1
1294830960000,1294831019000,0.7793807040925281,0.7794171518538437,0.7791863735886987,0.7793321123796906,164000000,1
1294831020000,1294831079000,0.7793685555962558,0.7794110769902262,0.7789253945257123,0.7791378061037655,213000000,1
1294831080000,1294831139000,0.7791317355938543,0.7793138920494397,0.7790346202985261,0.7791074545001246,119000000,1
1294831140000,1294831199000,0.7791317355938543,0.7794050022213043,0.7790528275722377,0.7792288751051959,137000000,1
1294831200000,1294831259000,0.7792288751051959,0.7792713812585232,0.7790406892952019,0.7790406892952019,136000000,1
1294831260000,1294831319000,0.7790467583864383,0.7790831749197544,0.7789011262910286,0.778973935532117,137000000,1
1294831320000,1294831379000,0.7789860717290376,0.7793624814901411,0.778810133877462,0.7793138920494397,131000000,1
1294831380000,1294831439000,0.7793017456359103,0.7796541454210911,0.7791863735886987,0.7795082861730821,137000000,1
1294831440000,1294831499000,0.7795022098887651,0.7797149362193182,0.7795022098887651,0.779635910030016,165000000,1
1294831500000,1294831559000,0.779623753576524,0.780201604094498,0.7795994418067996,0.7800190324643922,188000000,1
1294831560000,1294831619000,0.7800190324643922,0.7800920508620017,0.7797878976918279,0.7798426277577185,137000000,1
1294831620000,1294831679000,0.7798608728202888,0.7802137785753296,0.7798426277577185,0.7800068640604036,112000000,1
1294831680000,1294831739000,0.7800068640604036,0.7805121720873237,0.7798973655066994,0.7804390750236082,177000000,1
1294831740000,1294831799000,0.7804451659226422,0.7804817133134571,0.780201604094498,0.7803599019867963,159000000,1
1294831800000,1294831859000,0.7803599019867963,0.7805121720873237,0.7802381286768721,0.7802563922504935,184000000,1
1294831860000,1294831919000,0.780274656679151,0.7803233660028716,0.7798852008984277,0.779939944624264,127000000,1
1294831920000,1294831979000,0.7800190324643922,0.7801042219240492,0.7798304648569401,0.7798547910379088,115000000,1
1294831980000,1294832039000,0.7798426277577185,0.7800616248683646,0.7797878976918279,0.7799156131306593,92000000,1
1294832040000,1294832099000,0.7799156131306593,0.7805365408181585,0.7799156131306593,0.7805365408181585,158000000,1
1294832100000,1294832159000,0.7804817133134571,0.7805974693030046,0.780274656679151,0.7804147123781578,174000000,1
1294832160000,1294832219000,0.7804329842196451,0.7808351813099291,0.780420802896922,0.7807010695604654,149000000,1
1294832220000,1294832279000,0.7807010695604654,0.7808046973210592,0.7805974693030046,0.7806401249024201,103000000,1
1294832280000,1294832339000,0.7806401249024201,0.7806949746664481,0.7804512569167493,0.7805548183648938,76000000,1
1294832340000,1294832399000,0.7805548183648938,0.7806462189400385,0.7803842612102199,0.7806340309599457,112000000,1
1294832400000,1294832459000,0.7806401249024201,0.7807803118436566,0.7804390750236082,0.7805060801423643,101000000,1
1294832460000,1294832519000,0.7805243562625371,0.7805304484927957,0.7801772562726251,0.7802259534361151,112000000,1
1294832520000,1294832579000,0.7802503042976188,0.7803050992938239,0.7800616248683646,0.7801711695546002,167000000,1
1294832580000,1294832639000,0.7801772562726251,0.7803720814084156,0.7801650829315484,0.7803111881018151,77000000,1
1294832640000,1294832699000,0.7803111881018151,0.7803842612102199,0.780201604094498,0.7803294550959415,90000000,1
1294832700000,1294832759000,0.7803294550959415,0.7804634391901911,0.7801894299936024,0.780420802896922,92000000,1
1294832760000,1294832819000,0.7804573480059314,0.780615749703366,0.780420802896922,0.7804451659226422,87000000,1
1294832820000,1294832879000,0.7804268935107503,0.78060356267466,0.7803720814084156,0.7804817133134571,89000000,1
1294832880000,1294832939000,0.7805121720873237,0.7805121720873237,0.7801589964034671,0.7801772562726251,56000000,1
1294832940000,1294832999000,0.7801833430856252,0.7804634391901911,0.7801650829315484,0.7801650829315484,105000000,1
1294833000000,1294833059000,0.7801346512408042,0.7801955169965593,0.7800251168087612,0.7800433704113949,134000000,1
1294833060000,1294833119000,0.7800494551354555,0.7801833430856252,0.7800129482149404,0.7801468236322077,39000000,1
1294833120000,1294833179000,0.7801468236322077,0.7801468236322077,0.7798122212171309,0.7799521109403883,125000000,1
1294833180000,1294833239000,0.7799581942407887,0.7800981363455523,0.779836546259904,0.7799581942407887,103000000,1
1294833240000,1294833299000,0.779982528391364,0.7802990105808546,0.779982528391364,0.7802076912874207,100000000,1
1294833300000,1294833359000,0.7802259534361151,0.7804999882925001,0.7802259534361151,0.7803720814084156,57000000,1
1294833360000,1294833419000,0.7803964413922272,0.780420802896922,0.780122479229239,0.780274656679151,125000000,1
1294833420000,1294833479000,0.7802807450120554,0.7803659916500839,0.7802685684412576,0.7802990105808546,53000000,1
1294833480000,1294833539000,0.7802807450120554,0.7802807450120554,0.7801529099703541,0.7801589964034671,80000000,1
1294833540000,1294833599000,0.7801589964034671,0.780274656679151,0.7801163933658902,0.7801468236322077,66000000,1
1294833600000,1294833659000,0.7801529099703541,0.7803294550959415,0.7801468236322077,0.780274656679151,81000000,1
1294833660000,1294833719000,0.7802503042976188,0.7803659916500839,0.780140737389025,0.7802076912874207,81000000,1
1294833720000,1294833779000,0.780201604094498,0.7803599019867963,0.780201604094498,0.7802624802983724,57000000,1
1294833780000,1294833839000,0.7802807450120554,0.7803477229453445,0.7801711695546002,0.7801955169965593,50000000,1
1294833840000,1294833899000,0.7801711695546002,0.7803111881018151,0.780122479229239,0.7802807450120554,75000000,1
1294833900000,1294833959000,0.7802868334399725,0.7803050992938239,0.7801103075974942,0.7801346512408042,56000000,1
1294833960000,1294834019000,0.780140737389025,0.7801955169965593,0.7797635756838527,0.7798973655066994,179000000,1
1294834020000,1294834079000,0.7798730366696303,0.779939944624264,0.7797635756838527,0.7798243835488248,105000000,1
1294834080000,1294834139000,0.7797939784308986,0.7797939784308986,0.7794293018651742,0.7796480668626182,149000000,1
1294834140000,1294834199000,0.7796784606028474,0.7798547910379088,0.7796298317558824,0.7798243835488248,50000000,1
1294834200000,1294834259000,0.7798243835488248,0.7798243835488248,0.7796723816652243,0.7797088567129035,74000000,1
1294834260000,1294834319000,0.7797088567129035,0.779982528391364,0.7797088567129035,0.7799703611262772,52000000,1
1294834320000,1294834379000,0.779982528391364,0.7800616248683646,0.7798852008984277,0.7799764447113697,58000000,1
1294834380000,1294834439000,0.7799886121662624,0.7801285651875428,0.7799886121662624,0.7801103075974942,26000000,1
1294834440000,1294834499000,0.7801042219240492,0.7804390750236082,0.7800555399544448,0.7804390750236082,75000000,1
1294834500000,1294834559000,0.7804086219544554,0.7807864080702084,0.7803964413922272,0.7807132596340016,117000000,1
1294834560000,1294834619000,0.7807132596340016,0.7808595702148926,0.780621843360421,0.7808046973210592,114000000,1
1294834620000,1294834679000,0.7807681196761374,0.7808290843217327,0.7806401249024201,0.7806705960420001,73000000,1
1294834680000,1294834739000,0.7806705960420001,0.7806888798675952,0.7804878048780488,0.7806827851639044,87000000,1
1294834740000,1294834799000,0.7806584073007174,0.7807010695604654,0.7802381286768721,0.7804086219544554,79000000,1
1294834800000,1294834859000,0.7803964413922272,0.7804756218439518,0.7802990105808546,0.7804634391901911,64000000,1
1294834860000,1294834919000,0.7804634391901911,0.7804756218439518,0.7802381286768721,0.7803294550959415,93000000,1
1294834920000,1294834979000,0.7803233660028716,0.78060356267466,0.7802868334399725,0.7805791897588011,70000000,1
1294834980000,1294835039000,0.7805670038716123,0.7807559278893825,0.7805670038716123,0.7806523130728036,76000000,1
1294835040000,1294835099000,0.7806096561414465,0.7808290843217327,0.78060356267466,0.7808229874287499,42000000,1
1294835100000,1294835159000,0.7808229874287499,0.7809510421791659,0.7808229874287499,0.7808534728458204,36000000,1
1294835160000,1294835219000,0.7808656676791892,0.7810852398322229,0.7808656676791892,0.7810852398322229,33000000,1
1294835220000,1294835279000,0.7810913408213956,0.7814453613403352,0.7809937364302338,0.7813843004266359,84000000,1
1294835280000,1294835339000,0.781372089388967,0.7813965118459711,0.7812255867004155,0.7813232490545989,105000000,1
1294835340000,1294835399000,0.7813232490545989,0.7814942169427945,0.7811279487580065,0.7814758953760071,103000000,1
1294835400000,1294835459000,0.7814820024694832,0.7815186470349182,0.78125,0.7813537735480494,89000000,1
1294835460000,1294835519000,0.7813415634644685,0.781372089388967,0.7811828670973587,0.7812194836139214,106000000,1
1294835520000,1294835579000,0.781201174926567,0.7813049355032775,0.7811157457312025,0.7811584579932039,108000000,1
1294835580000,1294835639000,0.7811828670973587,0.7811828670973587,0.7809815375964512,0.7809815375964512,106000000,1
1294835640000,1294835699000,0.7809693391437452,0.7810608368285805,0.7809327460719082,0.7809693391437452,100000000,1
1294835700000,1294835759000,0.7809693391437452,0.7810669374365383,0.7808656676791892,0.7810181352411003,82000000,1
1294835760000,1294835819000,0.7810059356451109,0.7812683109760384,0.7808351813099291,0.7811706623546046,124000000,1
1294835820000,1294835879000,0.7811706623546046,0.7811706623546046,0.7809083525957394,0.7809083525957394,109000000,1
1294835880000,1294835939000,0.7809022544648087,0.7809327460719082,0.7807742157123003,0.7809083525957394,72000000,1
1294835940000,1294835999000,0.7808717652387125,0.7810120353954655,0.7807925043919578,0.7808778628934648,72000000,1
1294836000000,1294836059000,0.7808778628934648,0.7811218471969442,0.7808473755719707,0.7809266475599947,111000000,1
1294836060000,1294836119000,0.7809571410720979,0.7810608368285805,0.7808656676791892,0.7809754383224647,92000000,1
1294836120000,1294836179000,0.7809937364302338,0.7812744148254633,0.7809388446790732,0.7809388446790732,99000000,1
1294836180000,1294836239000,0.7809571410720979,0.7809754383224647,0.7807864080702084,0.7808290843217327,93000000,1
1294836240000,1294836299000,0.7808290843217327,0.7809083525957394,0.7807315454580942,0.7808656676791892,81000000,1
1294836300000,1294836359000,0.7808595702148926,0.7811218471969442,0.7807620237351656,0.7811096443607789,71000000,1
1294836360000,1294836419000,0.781054736315921,0.7810730381397964,0.7809449433814917,0.781036435349709,87000000,1
1294836420000,1294836479000,0.7810242351820177,0.7811828670973587,0.7809937364302338,0.7811828670973587,48000000,1
1294836480000,1294836539000,0.7811828670973587,0.7811828670973587,0.7809998359900344,0.7810059356451109,43000000,1
1294836540000,1294836599000,0.7809693391437452,0.7811096443607789,0.7809693391437452,0.7810730381397964,28000000,1
1294836600000,1294836659000,0.7810730381397964,0.7811279487580065,0.7809693391437452,0.7810791389383572,109000000,1
1294836660000,1294836719000,0.7810852398322229,0.7810852398322229,0.7809693391437452,0.7809876369657068,35000000,1
1294836720000,1294836779000,0.7810181352411003,0.7810852398322229,0.7809388446790732,0.7810852398322229,35000000,1
1294836780000,1294836839000,0.7810730381397964,0.7811218471969442,0.7810486358985574,0.7810608368285805,74000000,1
1294836840000,1294836899000,0.7810730381397964,0.7812133806227833,0.7810608368285805,0.7812133806227833,78000000,1
1294836900000,1294836959000,0.7812255867004155,0.7812255867004155,0.7808656676791892,0.7809510421791659,62000000,1
1294836960000,1294837019000,0.7809510421791659,0.7811157457312025,0.7808717652387125,0.7810181352411003,88000000,1
1294837020000,1294837079000,0.7810181352411003,0.7812805187702645,0.7809022544648087,0.7812805187702645,94000000,1
1294837080000,1294837139000,0.7812622072219879,0.7813171444421005,0.78103033521822,0.7812316898822684,123000000,1
1294837140000,1294837199000,0.7811889696117491,0.7815125393686941,0.7811401521661016,0.7814697883779812,125000000,1
1294837200000,1294837259000,0.7814514679565825,0.7816591497111769,0.7814453613403352,0.78157972894815,109000000,1
1294837260000,1294837319000,0.7816469300816821,0.7816530398486721,0.7814881096584116,0.7815186470349182,84000000,1
1294837320000,1294837379000,0.7815186470349182,0.7816652596691993,0.7815186470349182,0.7816102734854348,93000000,1
1294837380000,1294837439000,0.7816102734854348,0.7816530398486721,0.7814636814754035,0.7815186470349182,92000000,1
1294837440000,1294837499000,0.7815064317979338,0.7819097363400369,0.7815064317979338,0.7817813670228984,73000000,1
1294837500000,1294837559000,0.7817813670228984,0.7818975088745368,0.7816041643869879,0.7818975088745368,139000000,1
1294837560000,1294837619000,0.7818975088745368,0.7819158502161997,0.781824152111707,0.7818608287724785,67000000,1
1294837620000,1294837679000,0.7818913952851949,0.7820259163388675,0.7817446978165871,0.7818424900119623,89000000,1
1294837680000,1294837739000,0.7818424900119623,0.7822461415709067,0.7818424900119623,0.7822339035818491,100000000,1
1294837740000,1294837799000,0.7822339035818491,0.7823991487497262,0.7820259163388675,0.7823563007064678,122000000,1
1294837800000,1294837859000,0.7823563007064678,0.7823991487497262,0.781970879404451,0.7820198007413548,120000000,1
1294837860000,1294837919000,0.782032032032032,0.7821298961331499,0.7818913952851949,0.7820931942250238,90000000,1
1294837920000,1294837979000,0.7820564957612538,0.7825644637477013,0.7820014545227054,0.7824542459879659,122000000,1
1294837980000,1294838039000,0.7824297573685323,0.7824297573685323,0.7822461415709067,0.782264499272494,84000000,1
1294838040000,1294838099000,0.782258379942895,0.7822767382189124,0.781983109164842,0.7820931942250238,86000000,1
1294838100000,1294838159000,0.7819892241884906,0.7822277847309137,0.781970879404451,0.7820931942250238,90000000,1
1294838160000,1294838219000,0.782099310970507,0.7821421308680213,0.7820748445626245,0.7821115447485121,21000000,1
1294838220000,1294838279000,0.782099310970507,0.7821176617810383,0.7817691435719032,0.7818058150716525,78000000,1
1294838280000,1294838339000,0.7817935908561422,0.7818730550907754,0.7815858376646215,0.7816224919688288,169000000,1
1294838340000,1294838399000,0.7815614033716559,0.7817813670228984,0.7815186470349182,0.7815675118016695,110000000,1
1294838400000,1294838459000,0.7815980553840381,0.7817935908561422,0.7814881096584116,0.7816286013537808,150000000,1
1294838460000,1294838519000,0.7816530398486721,0.7817263645033692,0.7816408204102051,0.7817263645033692,61000000,1
1294838520000,1294838579000,0.7817446978165871,0.7818058150716525,0.7814209358297127,0.7814331483941549,114000000,1
1294838580000,1294838639000,0.7814026176987693,0.7815003243226346,0.7812866228104441,0.7813598787329469,114000000,1
1294838640000,1294838699000,0.7813171444421005,0.7816408204102051,0.7812866228104441,0.7816286013537808,111000000,1
1294838700000,1294838759000,0.7816286013537808,0.7816652596691993,0.7815064317979338,0.7816163826793809,103000000,1
1294838760000,1294838819000,0.7816224919688288,0.7817385866166354,0.78157972894815,0.781714142772271,96000000,1
1294838820000,1294838879000,0.7817019214233228,0.7818975088745368,0.7815919464765836,0.7816835901163927,89000000,1
1294838880000,1294838939000,0.7816591497111769,0.7817202535900503,0.7815430786544955,0.7815675118016695,71000000,1
1294838940000,1294838999000,0.7815980553840381,0.7817324755122302,0.7815186470349182,0.7815186470349182,96000000,1
1294839000000,1294839059000,0.7815186470349182,0.7816774798718048,0.7815186470349182,0.7815614033716559,104000000,1
1294839060000,1294839119000,0.7815491867980712,0.7817691435719032,0.7815186470349182,0.7817019214233228,83000000,1
1294839120000,1294839179000,0.7817019214233228,0.7817569205031388,0.7813415634644685,0.7815247547966082,147000000,1
1294839180000,1294839239000,0.7815430786544955,0.7815980553840381,0.7812927269460048,0.7814697883779812,114000000,1
1294839240000,1294839299000,0.7814636814754035,0.7816408204102051,0.7813781948600943,0.7814942169427945,92000000,1
1294839300000,1294839359000,0.7814820024694832,0.7816286013537808,0.7814331483941549,0.7814453613403352,131000000,1
1294839360000,1294839419000,0.7814636814754035,0.7816041643869879,0.7813049355032775,0.7813049355032775,140000000,1
1294839420000,1294839479000,0.7813232490545989,0.7813537735480494,0.7807925043919578,0.7809327460719082,179000000,1
1294839480000,1294839539000,0.7809327460719082,0.7809449433814917,0.7802563922504935,0.7802990105808546,180000000,1
1294839540000,1294839599000,0.7802990105808546,0.7803233660028716,0.7800251168087612,0.7800555399544448,166000000,1
1294839600000,1294839659000,0.7800616248683646,0.7801346512408042,0.7799764447113697,0.7800677098772173,132000000,1
1294839660000,1294839719000,0.7800798801797304,0.7801894299936024,0.7800555399544448,0.7801833430856252,92000000,1
1294839720000,1294839779000,0.7802076912874207,0.780274656679151,0.7800007800007801,0.7800129482149404,151000000,1
1294839780000,1294839839000,0.7800007800007801,0.7801346512408042,0.7799338616085356,0.779994696036067,131000000,1
1294839840000,1294839899000,0.779994696036067,0.7801346512408042,0.7799216958617354,0.7800859654733951,97000000,1
1294839900000,1294839959000,0.7800981363455523,0.7801103075974942,0.7799703611262772,0.7800190324643922,69000000,1
1294839960000,1294840019000,0.7800555399544448,0.7800677098772173,0.7794414522553139,0.7795022098887651,171000000,1
1294840020000,1294840079000,0.779477905698763,0.7798852008984277,0.779477905698763,0.7798852008984277,162000000,1
1294840080000,1294840139000,0.7798487093503861,0.7798487093503861,0.7795508228158934,0.7795690542268234,106000000,1
1294840140000,1294840199000,0.7795933641012848,0.7797210158205394,0.7791924449500538,0.7792653086669887,166000000,1
1294840200000,1294840259000,0.7792713812585232,0.7792774539447025,0.778980003583308,0.778980003583308,159000000,1
1294840260000,1294840319000,0.7789860717290376,0.7792228031761121,0.778973935532117,0.7791803023219572,136000000,1
1294840320000,1294840379000,0.7791620890893932,0.7793624814901411,0.7790710356970348,0.7791499474073785,105000000,1
1294840380000,1294840439000,0.7791560182010846,0.7793078187953459,0.779058896852602,0.7791195948578106,114000000,1
1294840440000,1294840499000,0.7791195948578106,0.7793078187953459,0.7789860717290376,0.7789860717290376,97000000,1
1294840500000,1294840559000,0.7789921399693077,0.7790649662275337,0.7789557319457535,0.778980003583308,93000000,1
1294840560000,1294840619000,0.7789921399693077,0.7790467583864383,0.7788283306593561,0.7789435966941634,87000000,1
1294840620000,1294840679000,0.7789375292101574,0.7789860717290376,0.7786221502429301,0.7786827802089985,156000000,1
1294840680000,1294840739000,0.7786585270895302,0.7787798077971434,0.7785857767950295,0.7787798077971434,71000000,1
1294840740000,1294840799000,0.7787798077971434,0.7788525943579918,0.7785251619332336,0.778549406745352,140000000,1
1294840800000,1294840859000,0.7785312229946982,0.7786645902277595,0.7784039605193511,0.7786282128146631,125000000,1
1294840860000,1294840919000,0.7786524640457224,0.7787616132825581,0.7784827371453038,0.778537284150538,104000000,1
1294840920000,1294840979000,0.7785312229946982,0.7787130987330337,0.7785312229946982,0.7785797148841085,101000000,1
1294840980000,1294841039000,0.7786282128146631,0.7788950594686378,0.7784039605193511,0.7784463767213395,170000000,1
1294841040000,1294841099000,0.7784221383256139,0.7788707931241285,0.7783676074536482,0.7788040684724538,150000000,1
1294841100000,1294841159000,0.7787798077971434,0.7787798077971434,0.7784100196937735,0.7786100253826868,188000000,1
1294841160000,1294841219000,0.7786039630941721,0.7787130987330337,0.7782888541253201,0.7786827802089985,166000000,1
1294841220000,1294841279000,0.7787191627211563,0.7788343964422845,0.7784342573347969,0.77845849648526,129000000,1
1294841280000,1294841339000,0.7784827371453038,0.7786221502429301,0.7784827371453038,0.7786039630941721,93000000,1
1294841340000,1294841399000,0.7785797148841085,0.7786645902277595,0.778476676838762,0.778549406745352,88000000,1
1294841400000,1294841459000,0.7785797148841085,0.7787191627211563,0.7785312229946982,0.778549406745352,95000000,1
1294841460000,1294841519000,0.7785857767950295,0.778694907335306,0.7785615297176937,0.7786767167874914,125000000,1
1294841520000,1294841579000,0.7786585270895302,0.7787373552521941,0.7783797247649292,0.77845849648526,170000000,1
1294841580000,1294841639000,0.7784706166265755,0.778694907335306,0.7783615489394824,0.7785130400934216,177000000,1
1294841640000,1294841699000,0.7785191009661423,0.7786827802089985,0.7784887975462033,0.7786342754808067,112000000,1
1294841700000,1294841759000,0.778640338241363,0.7792410192472531,0.7786039630941721,0.7791924449500538,153000000,1
1294841760000,1294841819000,0.7791317355938543,0.7791742311498274,0.7789435966941634,0.7790467583864383,99000000,1
1294841820000,1294841879000,0.7790224825888475,0.7792288751051959,0.778973935532117,0.7791378061037655,91000000,1
1294841880000,1294841939000,0.7791560182010846,0.7792288751051959,0.7789557319457535,0.7790831749197544,118000000,1
1294841940000,1294841999000,0.7790771052611076,0.7790831749197544,0.7789071932079293,0.7789071932079293,49000000,1
1294842000000,1294842059000,0.7789193273252689,0.7790406892952019,0.778816199376947,0.7789253945257123,105000000,1
1294842060000,1294842119000,0.7789496642726947,0.7789496642726947,0.7785615297176937,0.7787919379458583,123000000,1
1294842120000,1294842179000,0.7788040684724538,0.7788525943579918,0.7786160877656054,0.7787009710401109,104000000,1
1294842180000,1294842239000,0.7787009710401109,0.7787191627211563,0.7784948580414627,0.7784948580414627,82000000,1
1294842240000,1294842299000,0.7784887975462033,0.7786645902277595,0.7783312577833126,0.7784281977830365,174000000,1
1294842300000,1294842359000,0.7784100196937735,0.7785979009000592,0.7783312577833126,0.7783797247649292,149000000,1
1294842360000,1294842419000,0.7783979014392577,0.7784160789625271,0.7782343419250404,0.7783070265558357,131000000,1
1294842420000,1294842479000,0.7783070265558357,0.7783736660621299,0.778179837360414,0.7783494321940893,166000000,1
1294842480000,1294842539000,0.7783676074536482,0.7784342573347969,0.7782343419250404,0.7783979014392577,112000000,1
1294842540000,1294842599000,0.7784160789625271,0.7785130400934216,0.7780890133831311,0.7780950676553661,121000000,1
1294842600000,1294842659000,0.7780950676553661,0.7781435052252337,0.7779558432263385,0.7780950676553661,159000000,1
1294842660000,1294842719000,0.7780103164167956,0.7780890133831311,0.7777924694133111,0.7778348189978376,142000000,1
1294842720000,1294842779000,0.7778469197261978,0.7780647972363138,0.7777319780057397,0.7779982106041157,147000000,1
1294842780000,1294842839000,0.7779740001089164,0.7784342573347969,0.7779740001089164,0.7783130842212589,107000000,1
1294842840000,1294842899000,0.7783373158259326,0.7784645565087421,0.7781435052252337,0.7781858930461308,121000000,1
1294842900000,1294842959000,0.7781737817689446,0.7782343419250404,0.7781071764824887,0.7781616708687397,108000000,1
1294842960000,1294843019000,0.7781313952674048,0.778179837360414,0.7780163694644135,0.7780829592051105,121000000,1
1294843020000,1294843079000,0.7780829592051105,0.7782343419250404,0.777992157839049,0.778216172888505,95000000,1
1294843080000,1294843139000,0.7781919488260975,0.7782525118099819,0.7781192856864957,0.7781192856864957,87000000,1
1294843140000,1294843199000,0.7780950676553661,0.7783676074536482,0.7780950676553661,0.778325199834995,100000000,1
1294843200000,1294843259000,0.778325199834995,0.778500918631084,0.7782827968370587,0.7783676074536482,85000000,1
1294843260000,1294843319000,0.7783494321940893,0.7783554905196302,0.778198004700316,0.7782282854852642,105000000,1
1294843320000,1294843379000,0.778216172888505,0.7783979014392577,0.778216172888505,0.7783676074536482,113000000,1
1294843380000,1294843439000,0.7783676074536482,0.7785918388003457,0.7783312577833126,0.7785797148841085,130000000,1
1294843440000,1294843499000,0.7785615297176937,0.7787009710401109,0.7784645565087421,0.778694907335306,130000000,1
1294843500000,1294843559000,0.7787009710401109,0.778822264970911,0.7786888437249359,0.7786888437249359,128000000,1
1294843560000,1294843619000,0.7786585270895302,0.7787070348393527,0.7785736530675802,0.7786160877656054,96000000,1
1294843620000,1294843679000,0.7786464010963341,0.7786464010963341,0.7784100196937735,0.7784100196937735,85000000,1
1294843680000,1294843739000,0.7784100196937735,0.7785979009000592,0.7783554905196302,0.778440316980897,86000000,1
1294843740000,1294843799000,0.7784706166265755,0.7785979009000592,0.7783979014392577,0.778476676838762,120000000,1
1294843800000,1294843859000,0.77845849648526,0.7785554681843309,0.7782767396430822,0.7783676074536482,90000000,1
1294843860000,1294843919000,0.7783554905196302,0.7784221383256139,0.7782101167315175,0.7782101167315175,124000000,1
1294843920000,1294843979000,0.7782040606687886,0.7782464550873971,0.7781192856864957,0.7781313952674048,93000000,1
1294843980000,1294844039000,0.7781737817689446,0.7783979014392577,0.7781071764824887,0.7782888541253201,133000000,1
1294844040000,1294844099000,0.7782888541253201,0.7783736660621299,0.7781919488260975,0.7782343419250404,96000000,1
1294844100000,1294844159000,0.7782222291397531,0.7783373158259326,0.7781858930461308,0.7782101167315175,93000000,1
1294844160000,1294844219000,0.778240398459084,0.7782767396430822,0.7779134804627029,0.7779134804627029,101000000,1
1294844220000,1294844279000,0.7779316353678838,0.7779861051681618,0.7776352113223687,0.777689639618621,129000000,1
1294844280000,1294844339000,0.7776835916538997,0.7779316353678838,0.7775324231020434,0.777895326404879,163000000,1
1294844340000,1294844399000,0.7778650715246933,0.777937687191256,0.7777138324182234,0.7777138324182234,147000000,1
1294844400000,1294844459000,0.7777259293824855,0.7778892752405622,0.7776835916538997,0.7777077840772109,121000000,1
1294844460000,1294844519000,0.7777561734396267,0.7777803703790124,0.777665448324131,0.7777561734396267,117000000,1
1294844520000,1294844579000,0.7777803703790124,0.7779861051681618,0.7777440755345045,0.7778348189978376,144000000,1
1294844580000,1294844639000,0.7778227186459663,0.7780103164167956,0.7777743210030178,0.7780042634633638,105000000,1
1294844640000,1294844699000,0.7779982106041157,0.7781071764824887,0.7779558432263385,0.7781011220218179,60000000,1
1294844700000,1294844759000,0.7780769051213021,0.7781556155599997,0.7780224226062196,0.7780345291724047,112000000,1
1294844760000,1294844819000,0.7780829592051105,0.7782282854852642,0.7780103164167956,0.7781192856864957,111000000,1
1294844820000,1294844879000,0.7781495603454984,0.7783009689847064,0.7781132310373805,0.7782343419250404,80000000,1
1294844880000,1294844939000,0.7782343419250404,0.7783979014392577,0.7782101167315175,0.7782101167315175,115000000,1
1294844940000,1294844999000,0.7782101167315175,0.7784221383256139,0.7781737817689446,0.7784221383256139,71000000,1
1294845000000,1294845059000,0.7784100196937735,0.7785736530675802,0.7783373158259326,0.778549406745352,93000000,1
1294845060000,1294845119000,0.7786160877656054,0.778694907335306,0.7784463767213395,0.7784463767213395,102000000,1
1294845120000,1294845179000,0.7784645565087421,0.7786645902277595,0.7784645565087421,0.778500918631084,108000000,1
1294845180000,1294845239000,0.7785130400934216,0.7786282128146631,0.7784039605193511,0.7785857767950295,108000000,1
1294845240000,1294845299000,0.778549406745352,0.7785615297176937,0.778385783562049,0.7784039605193511,91000000,1
1294845300000,1294845359000,0.778385783562049,0.7786524640457224,0.7783615489394824,0.7785191009661423,74000000,1
1294845360000,1294845419000,0.7785251619332336,0.7786464010963341,0.778325199834995,0.7783676074536482,112000000,1
1294845420000,1294845479000,0.7783433739628575,0.7783554905196302,0.7781737817689446,0.7782646255379754,93000000,1
1294845480000,1294845539000,0.7782646255379754,0.7784463767213395,0.7782101167315175,0.7784160789625271,101000000,1
1294845540000,1294845599000,0.7784100196937735,0.7785615297176937,0.7783676074536482,0.7783979014392577,120000000,1
1294845600000,1294845659000,0.7783191419809778,0.7785615297176937,0.7783191419809778,0.7784827371453038,110000000,1
1294845660000,1294845719000,0.7784706166265755,0.7784887975462033,0.778179837360414,0.7784342573347969,98000000,1
1294845720000,1294845779000,0.7784160789625271,0.7784342573347969,0.7780103164167956,0.7780647972363138,99000000,1
1294845780000,1294845839000,0.7780769051213021,0.7780890133831311,0.777762222533327,0.777762222533327,118000000,1
1294845840000,1294845899000,0.7777743210030178,0.7778287687748419,0.7774901064383956,0.7775384687157396,123000000,1
1294845900000,1294845959000,0.7775686981944855,0.7776594007356658,0.777121541809139,0.7774296620513259,144000000,1
1294845960000,1294846019000,0.7774296620513259,0.777665448324131,0.7773933999300345,0.7773933999300345,127000000,1
1294846020000,1294846079000,0.7773752701379063,0.7774357060671082,0.7771758982210444,0.7774296620513259,132000000,1
1294846080000,1294846139000,0.7774296620513259,0.7776231171800275,0.7772604677553495,0.7775566061209257,99000000,1
1294846140000,1294846199000,0.7775566061209257,0.7777077840772109,0.7774780168090747,0.7776714960066569,88000000,1
1294846200000,1294846259000,0.7776533532412592,0.7776533532412592,0.777332970577947,0.7773933999300345,139000000,1
1294846260000,1294846319000,0.7773752701379063,0.7774659275557249,0.7771396597682569,0.7771396597682569,151000000,1
1294846320000,1294846379000,0.7771577785722057,0.777332970577947,0.777097385844394,0.7772906756210551,138000000,1
1294846380000,1294846439000,0.777339013090389,0.7774901064383956,0.7773208858348815,0.7773752701379063,110000000,1
1294846440000,1294846499000,0.7773571411913776,0.7774477943806074,0.7772483852664797,0.7773208858348815,171000000,1
1294846500000,1294846559000,0.7773571411913776,0.7773692270617776,0.7769766285430134,0.7772363031532477,173000000,1
1294846560000,1294846619000,0.7772725506198748,0.7775445144234507,0.7772060995134691,0.7775203321566858,124000000,1
1294846620000,1294846679000,0.7775989300238723,0.7778045688240373,0.7775686981944855,0.7776594007356658,140000000,1
1294846680000,1294846739000,0.7776291642041743,0.777762222533327,0.7776170702499262,0.7776775437832457,65000000,1
1294846740000,1294846799000,0.7776775437832457,0.7777077840772109,0.7775686981944855,0.7776352113223687,93000000,1
1294846800000,1294846859000,0.7776049766718507,0.777689639618621,0.7775626521106938,0.7776231171800275,65000000,1
1294846860000,1294846919000,0.7775807906441479,0.7777864198491093,0.7775807906441479,0.777762222533327,90000000,1
1294846920000,1294846979000,0.7777682717211234,0.7780284758422158,0.7777682717211234,0.7779255836386691,136000000,1
1294846980000,1294847039000,0.7779255836386691,0.7779255836386691,0.7777259293824855,0.7777743210030178,69000000,1
1294847040000,1294847099000,0.7778348189978376,0.7778348189978376,0.7775203321566858,0.7775203321566858,102000000,1
1294847100000,1294847159000,0.7775082415873609,0.7776352113223687,0.7772665091406542,0.7774175743016847,133000000,1
1294847160000,1294847219000,0.7774115305678214,0.7775928834699305,0.7773088014675591,0.7774780168090747,101000000,1
1294847220000,1294847279000,0.7774780168090747,0.7775989300238723,0.7773873565720327,0.7774961513940505,120000000,1
1294847280000,1294847339000,0.7774961513940505,0.7775868370100231,0.7774175743016847,0.7774961513940505,84000000,1
1294847340000,1294847399000,0.7774961513940505,0.7775324231020434,0.7771155026771629,0.7771155026771629,78000000,1
1294847400000,1294847459000,0.777097385844394,0.7771456992757003,0.7770068143497618,0.7770188893291996,105000000,1
1294847460000,1294847519000,0.7770430404140086,0.7771094636390482,0.776994739745612,0.7770551165194147,80000000,1
1294847520000,1294847579000,0.7770551165194147,0.7770551165194147,0.7768076313581704,0.7769705916631056,131000000,1
1294847580000,1294847639000,0.7769645548770064,0.777085308425159,0.7769223000007769,0.7770188893291996,89000000,1
1294847640000,1294847699000,0.7770309646839426,0.7772000590672045,0.7769705916631056,0.7770913470878501,107000000,1
1294847700000,1294847759000,0.7770551165194147,0.7770913470878501,0.7769705916631056,0.7770370025020592,98000000,1
1294847760000,1294847819000,0.7770551165194147,0.7770671930001787,0.7769102280231519,0.7769766285430134,88000000,1
1294847820000,1294847879000,0.7769705916631056,0.7770430404140086,0.7768015971040836,0.7768015971040836,91000000,1
1294847880000,1294847939000,0.7768498737618955,0.7771336203546838,0.7767955629437445,0.777097385844394,144000000,1
1294847940000,1294847999000,0.7770188893291996,0.7770188893291996,0.7767110945412744,0.7767231603311947,187000000,1
1294848000000,1294848059000,0.7767110945412744,0.7768981564206748,0.7765904572564613,0.7767714272398204,161000000,1
1294848060000,1294848119000,0.776777461025191,0.7769705916631056,0.7767593599502873,0.7768197001475957,142000000,1
1294848120000,1294848179000,0.7767533264461205,0.7768197001475957,0.7766145817153863,0.7766929965592501,113000000,1
1294848180000,1294848239000,0.7766748994206005,0.7768921207601113,0.7766748994206005,0.7768800497203232,102000000,1
1294848240000,1294848299000,0.7768800497203232,0.7768981564206748,0.7766326760432118,0.7767050617868877,120000000,1
1294848300000,1294848359000,0.7767171273893761,0.776741259718975,0.7764035435057726,0.7767291933667327,193000000,1
1294848360000,1294848419000,0.7767472930356838,0.7768498737618955,0.776620613064312,0.7766507712142159,127000000,1
1294848420000,1294848479000,0.7766326760432118,0.7767291933667327,0.776620613064312,0.7766266445069198,103000000,1
1294848480000,1294848539000,0.7766025192985726,0.7766326760432118,0.7763734045526536,0.7764035435057726,132000000,1
1294848540000,1294848599000,0.7763975155279503,0.7763975155279503,0.7762167197081425,0.7763372408974458,130000000,1
1294848600000,1294848659000,0.776343267939352,0.7764276563531194,0.7763251870943702,0.77641559974223,110000000,1
1294848660000,1294848719000,0.7764276563531194,0.7765964882306802,0.7764035435057726,0.7765000038825,114000000,1
1294848720000,1294848779000,0.7765422128346897,0.7767291933667327,0.7765422128346897,0.7766628351300133,107000000,1
1294848780000,1294848839000,0.7766688672284572,0.7767050617868877,0.7764276563531194,0.7764276563531194,83000000,1
1294848840000,1294848899000,0.7764276563531194,0.7764638284325525,0.7762769756249029,0.7764035435057726,80000000,1
1294848900000,1294848959000,0.7764698574401342,0.7765844263759134,0.7763071070915655,0.7765603037903909,137000000,1
1294848960000,1294849019000,0.7765723648958228,0.7765844263759134,0.7763673770428167,0.7764819157361825,92000000,1
1294849020000,1294849079000,0.7765000038825,0.7765783955890346,0.7764577995185962,0.7765241227218723,43000000,1
1294849080000,1294849139000,0.7765542733781663,0.7765542733781663,0.7763372408974458,0.776355322303912,75000000,1
1294849140000,1294849199000,0.7763673770428167,0.7763734045526536,0.7762046696472926,0.7763071070915655,128000000,1
1294849200000,1294849259000,0.7763071070915655,0.7763613496265702,0.7762046696472926,0.7762830017311111,67000000,1
1294849260000,1294849319000,0.7763010806111043,0.7766748994206005,0.7762347955009431,0.7766748994206005,98000000,1
1294849320000,1294849379000,0.7766748994206005,0.7766809317064456,0.7764276563531194,0.7764939744067585,134000000,1
1294849380000,1294849439000,0.7764939744067585,0.7765241227218723,0.7763191603331961,0.7763251870943702,67000000,1
1294849440000,1294849499000,0.7763251870943702,0.7763251870943702,0.7761323771382447,0.7762287701431365,84000000,1
1294849500000,1294849559000,0.7762227448788704,0.7763975155279503,0.7762046696472926,0.7762950542242095,65000000,1
1294849560000,1294849619000,0.7762890279308792,0.7764577995185962,0.7762890279308792,0.77641559974223,48000000,1
1294849620000,1294849679000,0.7763492950748402,0.7764698574401342,0.7761986447571663,0.7764698574401342,101000000,1
1294849680000,1294849739000,0.7764638284325525,0.7766809317064456,0.7764638284325525,0.7766628351300133,102000000,1
1294849740000,1294849799000,0.7766628351300133,0.7766628351300133,0.7763975155279503,0.7764336847989812,95000000,1
1294849800000,1294849859000,0.7764276563531194,0.7765783955890346,0.7763312139491192,0.776451770698263,95000000,1
1294849860000,1294849919000,0.776451770698263,0.7767231603311947,0.776451770698263,0.7766628351300133,95000000,1
1294849920000,1294849979000,0.7766628351300133,0.7768679790556393,0.7765542733781663,0.7767291933667327,137000000,1
1294849980000,1294850039000,0.7767231603311947,0.7767231603311947,0.7765904572564613,0.776620613064312,59000000,1
1294850040000,1294850099000,0.7766507712142159,0.7767352264959921,0.7765663342962756,0.7765663342962756,75000000,1
1294850100000,1294850159000,0.7765844263759134,0.7766266445069198,0.7765542733781663,0.7766266445069198,43000000,1
1294850160000,1294850219000,0.7766748994206005,0.7767533264461205,0.7762588978676168,0.7762890279308792,123000000,1
1294850220000,1294850279000,0.7763071070915655,0.7763734045526536,0.7762709496122526,0.7763131336655953,96000000,1
1294850280000,1294850339000,0.7763010806111043,0.77641559974223,0.7762830017311111,0.7764035435057726,57000000,1
1294850340000,1294850399000,0.7764035435057726,0.7766326760432118,0.7764035435057726,0.7765904572564613,65000000,1
1294850400000,1294850459000,0.7766025192985726,0.7766869640859948,0.776530152665828,0.7766447393968577,60000000,1
1294850460000,1294850519000,0.7766266445069198,0.7766748994206005,0.776536182703433,0.7765603037903909,71000000,1
1294850520000,1294850579000,0.7765603037903909,0.7765603037903909,0.7763251870943702,0.7765180928715639,128000000,1
1294850580000,1294850639000,0.7765422128346897,0.7767593599502873,0.7765120631149005,0.7767352264959921,101000000,1
1294850640000,1294850699000,0.7767472930356838,0.776777461025191,0.7765603037903909,0.7765783955890346,70000000,1
1294850700000,1294850759000,0.7766025192985726,0.7767533264461205,0.7765964882306802,0.7766568031252669,107000000,1
1294850760000,1294850819000,0.7766869640859948,0.7767110945412744,0.7765180928715639,0.7765723648958228,69000000,1
1294850820000,1294850879000,0.7765542733781663,0.7765844263759134,0.7764879450246536,0.7765241227218723,88000000,1
1294850880000,1294850939000,0.7765241227218723,0.7765663342962756,0.7764276563531194,0.7764276563531194,59000000,1
1294850940000,1294850999000,0.7764095715771985,0.7764336847989812,0.7762408209522923,0.7763975155279503,102000000,1
1294851000000,1294851059000,0.7763975155279503,0.7763975155279503,0.7761685217094335,0.7762106946309506,54000000,1
1294851060000,1294851119000,0.7762287701431365,0.7763914876437294,0.7761986447571663,0.776264923693158,83000000,1
1294851120000,1294851179000,0.7763131336655953,0.7764638284325525,0.7762408209522923,0.776343267939352,68000000,1
1294851180000,1294851239000,0.776343267939352,0.7764638284325525,0.7762709496122526,0.7763372408974458,69000000,1
1294851240000,1294851299000,0.7763914876437294,0.7764758865413434,0.7761323771382447,0.7761444249545956,106000000,1
1294851300000,1294851359000,0.7761444249545956,0.7761805706479555,0.7757891715347437,0.7759517047658954,133000000,1
1294851360000,1294851419000,0.7759155803848542,0.7759697682178303,0.7758072274201306,0.7759276214714691,120000000,1
1294851420000,1294851479000,0.7759396629318105,0.7761082826275921,0.7758734395245448,0.7759637469737414,91000000,1
1294851480000,1294851539000,0.7759878325107862,0.7761805706479555,0.7757771347447306,0.7759396629318105,136000000,1
1294851540000,1294851599000,0.7759095599816885,0.7760360080707746,0.7756507709968664,0.7757530622852135,200000000,1
1294851600000,1294851659000,0.7757711164897909,0.7757711164897909,0.7755124198314036,0.7756086588950679,169000000,1
1294851660000,1294851719000,0.7756086588950679,0.7757229738115924,0.7755424919731352,0.7756808538694839,83000000,1
1294851720000,1294851779000,0.7756808538694839,0.7758252841460103,0.7756808538694839,0.7757831530930474,91000000,1
1294851780000,1294851839000,0.7757831530930474,0.7759637469737414,0.7757590802600344,0.7759095599816885,57000000,1
1294851840000,1294851899000,0.7759035396719479,0.7761444249545956,0.7758794593671928,0.7761143061150046,98000000,1
1294851900000,1294851959000,0.776120329695916,0.7762528721356269,0.7760420304363685,0.7762167197081425,83000000,1
1294851960000,1294852019000,0.7762167197081425,0.7763492950748402,0.7759216008814469,0.7760721436664753,97000000,1
1294852020000,1294852079000,0.7760841896128892,0.7761022592336767,0.7759336421549229,0.7759456838021338,111000000,1
1294852080000,1294852139000,0.7760239636199965,0.7760600980939965,0.7758072274201306,0.7758373224302328,97000000,1
1294852140000,1294852199000,0.7758674197753088,0.7758794593671928,0.7757891715347437,0.7758313032414232,89000000,1
1294852200000,1294852259000,0.7758433417124414,0.7759216008814469,0.7757711164897909,0.7759216008814469,47000000,1
1294852260000,1294852319000,0.7759577258230972,0.7760179415348083,0.7758313032414232,0.7759517047658954,95000000,1
1294852320000,1294852379000,0.7759697682178303,0.7760239636199965,0.7757590802600344,0.7760239636199965,157000000,1
1294852380000,1294852439000,0.7760299857986512,0.7760480528954352,0.7759456838021338,0.7759697682178303,94000000,1
1294852440000,1294852499000,0.7759637469737414,0.7760119195430841,0.7757650983282262,0.7758854793032548,113000000,1
1294852500000,1294852559000,0.7759035396719479,0.7759035396719479,0.7755725664471796,0.7755725664471796,157000000,1
1294852560000,1294852619000,0.7755785816218899,0.7755785816218899,0.7750676246502507,0.7752659162092598,272000000,1
1294852620000,1294852679000,0.7752779371404649,0.7754643092551665,0.7752719266282648,0.7753921545821799,162000000,1
1294852680000,1294852739000,0.7754162046478447,0.7754943776657619,0.7753320359443931,0.7754883637971013,80000000,1
1294852740000,1294852799000,0.7754943776657619,0.7756989047131465,0.7754342431761786,0.7756989047131465,106000000,1
1294852800000,1294852859000,0.7756989047131465,0.7757350089209527,0.7753380473886614,0.7753380473886614,134000000,1
1294852860000,1294852919000,0.7753861422988648,0.7753861422988648,0.7751637533428938,0.7751637533428938,81000000,1
1294852920000,1294852979000,0.7751457273967507,0.7751457273967507,0.7749595083656879,0.7749655140346254,82000000,1
1294852980000,1294853039000,0.7749775256517561,0.7750075563236741,0.7748694345002867,0.7748994567954809,97000000,1
1294853040000,1294853099000,0.7748994567954809,0.7748994567954809,0.7741136398823347,0.7742874619631285,184000000,1
1294853100000,1294853159000,0.7742754717273311,0.7745453418843139,0.774143603638475,0.774395390798634,176000000,1
1294853160000,1294853219000,0.7743774005699418,0.774431373763814,0.7735148514851485,0.7736165801505458,168000000,1
1294853220000,1294853279000,0.7736105953707142,0.7738440704198105,0.7735687045044906,0.7737602426512121,200000000,1
1294853280000,1294853339000,0.7737183355771166,0.7738560472980817,0.7734909192166084,0.7736764330421732,139000000,1
1294853340000,1294853399000,0.7736584762022654,0.7736884047318783,0.7735447689035002,0.7736225650229765,118000000,1
1294853400000,1294853459000,0.7736225650229765,0.7738201177754219,0.7735507526648824,0.77355673651884,147000000,1
1294853460000,1294853519000,0.7735806728604693,0.7737063629611289,0.7734251131134228,0.7734849363808639,126000000,1
1294853520000,1294853579000,0.7735148514851485,0.7736824188407143,0.7735028851657616,0.7735986260888401,80000000,1
1294853580000,1294853639000,0.7736165801505458,0.7737901790550474,0.7735328016584544,0.7735387852346918,88000000,1
1294853640000,1294853699000,0.7735387852346918,0.7737063629611289,0.7734669884289338,0.7737063629611289,155000000,1
1294853700000,1294853759000,0.7737063629611289,0.7737063629611289,0.7734669884289338,0.7735208347836848,140000000,1
1294853760000,1294853819000,0.7735507526648824,0.7738201177754219,0.7735507526648824,0.7737722169347787,85000000,1
1294853820000,1294853879000,0.7737722169347787,0.7737722169347787,0.7734550235903782,0.773496902144907,82000000,1
1294853880000,1294853939000,0.773496902144907,0.7736405201958858,0.7733832423319051,0.7733832423319051,141000000,1
1294853940000,1294853999000,0.7734251131134228,0.773754255648406,0.7734251131134228,0.7736824188407143,109000000,1
1294854000000,1294854059000,0.7736764330421732,0.773712349222806,0.7734370770265986,0.7734370770265986,122000000,1
1294854060000,1294854119000,0.7735028851657616,0.7736824188407143,0.7734310950237443,0.7736225650229765,137000000,1
1294854120000,1294854179000,0.7736345350456445,0.7738320939122629,0.7735687045044906,0.7737782042155437,78000000,1
1294854180000,1294854239000,0.7737901790550474,0.7739099478384694,0.7732636365042297,0.7732755954222086,152000000,1
1294854240000,1294854299000,0.7732995143679049,0.7737183355771166,0.7732696159169818,0.7736943907156674,128000000,1
1294854300000,1294854359000,0.7736764330421732,0.7738081420092702,0.773586657177337,0.7737901790550474,129000000,1
1294854360000,1294854419000,0.7738021542651975,0.7739458857036716,0.7735088682791749,0.7736764330421732,154000000,1
1294854420000,1294854479000,0.7736644617229507,0.7739039585187478,0.7736165801505458,0.7738560472980817,93000000,1
1294854480000,1294854539000,0.773862035876244,0.7741076474094488,0.7738201177754219,0.77408367844564,97000000,1
1294854540000,1294854599000,0.774041736330423,0.7741855567942525,0.7740177714480324,0.774041736330423,68000000,1
1294854600000,1294854659000,0.7739698461347946,0.7739698461347946,0.7737602426512121,0.7737841915889657,44000000,1
1294854660000,1294854719000,0.7738021542651975,0.7739458857036716,0.7737722169347787,0.7739279163538707,72000000,1
1294854720000,1294854779000,0.7739279163538707,0.7739398958276901,0.7737482687382486,0.7739398958276901,62000000,1
1294854780000,1294854839000,0.7739578657337894,0.77414959666806,0.7739279163538707,0.7740297537037323,71000000,1
1294854840000,1294854899000,0.7740297537037323,0.7741316178576682,0.773730308563647,0.773730308563647,63000000,1
1294854900000,1294854959000,0.773754255648406,0.7739279163538707,0.773712349222806,0.7738440704198105,52000000,1
1294854960000,1294855019000,0.7738440704198105,0.7739339060444238,0.773730308563647,0.7738261057975051,78000000,1
1294855020000,1294855079000,0.7738380821196973,0.7738919801574096,0.7737183355771166,0.7737183355771166,51000000,1
1294855080000,1294855139000,0.7737243220240627,0.7738919801574096,0.7736704473362527,0.7738560472980817,60000000,1
1294855140000,1294855199000,0.773862035876244,0.774191550473418,0.7737841915889657,0.7740896705474362,121000000,1
1294855200000,1294855259000,0.7740896705474362,0.7740896705474362,0.773874013310633,0.7738859911157887,99000000,1
1294855260000,1294855319000,0.7739099478384694,0.7739279163538707,0.7735627204653753,0.7737183355771166,85000000,1
1294855320000,1294855379000,0.7737063629611289,0.7739099478384694,0.7736345350456445,0.7737422819207379,101000000,1
1294855380000,1294855439000,0.7737243220240627,0.7737243220240627,0.7734191312956317,0.7734909192166084,66000000,1
1294855440000,1294855499000,0.7734490413099133,0.7735328016584544,0.7733652990990294,0.7734610059633843,68000000,1
1294855500000,1294855559000,0.7735028851657616,0.7735806728604693,0.7734251131134228,0.77355673651884,93000000,1
1294855560000,1294855619000,0.7735687045044906,0.7736165801505458,0.7732158045310447,0.7733174545482667,88000000,1
1294855620000,1294855679000,0.7733174545482667,0.7733174545482667,0.7731859125526733,0.7732397197779255,55000000,1
1294855680000,1294855739000,0.7732755954222086,0.7734191312956317,0.7731739564084524,0.7733892235945584,103000000,1
1294855740000,1294855799000,0.7733892235945584,0.7734789536376716,0.7732456988208003,0.7734251131134228,121000000,1
1294855800000,1294855859000,0.773413149570369,0.7735088682791749,0.772994658606909,0.7730245357987663,94000000,1
1294855860000,1294855919000,0.7729349111511319,0.7730006338605198,0.7727079550283971,0.7727079550283971,84000000,1
1294855920000,1294855979000,0.7726542217826677,0.7727318388699569,0.7722663701163804,0.7722663701163804,77000000,1
1294855980000,1294856039000,0.7722544423936799,0.7725229053041422,0.7722067351871442,0.7724572638018802,84000000,1
1294856040000,1294856099000,0.7724751649234477,0.772510969655769,0.7723439092959313,0.7724274304429098,70000000,1
1294856100000,1294856159000,0.7724512969457276,0.7724691977907381,0.7722246246988324,0.7723558397825045,101000000,1
1294856160000,1294856219000,0.7723558397825045,0.7725527460387358,0.7723498744931454,0.7724930668747247,93000000,1
1294856220000,1294856279000,0.772487099465439,0.772487099465439,0.7722604062089737,0.7722842623913011,38000000,1
1294856280000,1294856339000,0.7722961910351859,0.7724632307502163,0.7722365515004557,0.7724512969457276,106000000,1
1294856340000,1294856399000,0.7724274304429098,0.7724274304429098,0.7717299871121092,0.7717835918808366,186000000,1
1294856400000,1294856459000,0.7717657227971877,0.7717716790664649,0.7713371128851864,0.7714204164127407,204000000,1
1294856460000,1294856519000,0.7714204164127407,0.7714204164127407,0.7711646127982479,0.7713311633216605,97000000,1
1294856520000,1294856579000,0.77131331518176,0.7715454054471106,0.7713073659853452,0.7714799299496223,64000000,1
1294856580000,1294856639000,0.7714858818083629,0.7715692174744997,0.7708911501695961,0.7710040786115758,128000000,1
1294856640000,1294856699000,0.7710100231303008,0.7710456921677179,0.7708436112481499,0.7708733223869321,122000000,1
1294856700000,1294856759000,0.7708733223869321,0.7709921898491169,0.7707247895921324,0.7708079609046202,77000000,1
1294856760000,1294856819000,0.7707901369694073,0.7708376692952231,0.7705881899654007,0.7706297586387596,107000000,1
1294856820000,1294856879000,0.7706475751574048,0.7708079609046202,0.7706475751574048,0.7707604322424504,117000000,1
1294856880000,1294856939000,0.7707841958408485,0.7709505820676895,0.7707366701092905,0.7708139023995436,114000000,1
1294856940000,1294856999000,0.7708317274339013,0.7709268082088286,0.7707960781895541,0.7709268082088286,138000000,1
1294857000000,1294857059000,0.770903035816155,0.7711765068788944,0.770903035816155,0.7711408257375961,131000000,1
1294857060000,1294857119000,0.7711527190844876,0.7713252138499155,0.771051637328152,0.7713252138499155,129000000,1
1294857120000,1294857179000,0.7713252138499155,0.7713252138499155,0.771039747098963,0.7711646127982479,92000000,1
1294857180000,1294857239000,0.7711765068788944,0.771366862079605,0.7711229864051017,0.7711765068788944,119000000,1
1294857240000,1294857299000,0.7711705597927094,0.7711705597927094,0.7710100231303008,0.7711229864051017,54000000,1
1294857300000,1294857359000,0.7711527190844876,0.7713549621264714,0.7711527190844876,0.7713490122875898,52000000,1
1294857360000,1294857419000,0.7713549621264714,0.7713966135688665,0.7712478790683326,0.771366862079605,72000000,1
1294857420000,1294857479000,0.7713311633216605,0.7714025641421232,0.771289518946727,0.7713430625404954,71000000,1
1294857480000,1294857539000,0.7713311633216605,0.7714085148071864,0.7711884013264441,0.7712597757176571,63000000,1
1294857540000,1294857599000,0.7712478790683326,0.7713847126977638,0.771099201912326,0.7713609120571424,65000000,1
1294857600000,1294857659000,0.7713430625404954,0.7714858818083629,0.7713073659853452,0.7713549621264714,55000000,1
1294857660000,1294857719000,0.7713847126977638,0.7714442207256205,0.7711229864051017,0.7711229864051017,60000000,1
1294857720000,1294857779000,0.7711051478979674,0.7713311633216605,0.7711051478979674,0.7711884013264441,73000000,1
1294857780000,1294857839000,0.7712300347824746,0.771366862079605,0.7711943486878129,0.77131331518176,31000000,1
1294857840000,1294857899000,0.7713252138499155,0.7714144655640583,0.7709981341845152,0.771093256018383,68000000,1
1294857900000,1294857959000,0.7710754188867213,0.771117040144353,0.7708376692952231,0.7709505820676895,82000000,1
1294857960000,1294858019000,0.7709624695469824,0.7709862456053784,0.770903035816155,0.7709446384655118,31000000,1
1294858020000,1294858079000,0.7709208649732104,0.7709386949549771,0.7707841958408485,0.7708198439860635,63000000,1
1294858080000,1294858139000,0.7707960781895541,0.7708079609046202,0.7704813196804043,0.7706713317971285,108000000,1
1294858140000,1294858199000,0.7706950899015822,0.7707366701092905,0.7704813196804043,0.7705228768242129,153000000,1
1294858200000,1294858259000,0.7705228768242129,0.7707247895921324,0.7705228768242129,0.770712909441233,104000000,1
1294858260000,1294858319000,0.7707366701092905,0.7707782548038754,0.7705703761924577,0.7705941280727441,149000000,1
1294858320000,1294858379000,0.7705881899654007,0.7706119429438917,0.7702439362546118,0.770291401237088,123000000,1
1294858380000,1294858439000,0.7702676680146351,0.7702854677943647,0.7698466465480077,0.7698703538324145,109000000,1
1294858440000,1294858499000,0.7698822080221727,0.7700422753209152,0.769834793453325,0.7700185574472345,91000000,1
1294858500000,1294858559000,0.7700066990582819,0.7702973347712216,0.7699651975730697,0.7702973347712216,76000000,1
1294858560000,1294858619000,0.7702973347712216,0.7705050660708095,0.7702676680146351,0.7704813196804043,132000000,1
1294858620000,1294858679000,0.7704575747536462,0.7706238199822757,0.7704219601075509,0.7705050660708095,72000000,1
1294858680000,1294858739000,0.7705110028971213,0.7706178814173203,0.7703804138483583,0.7706178814173203,89000000,1
1294858740000,1294858799000,0.7706297586387596,0.7706950899015822,0.7706060045619876,0.7706535141800246,31000000,1
1294858800000,1294858859000,0.7706535141800246,0.7707663730046785,0.7706535141800246,0.7707366701092905,70000000,1
1294858860000,1294858919000,0.7707426105052217,0.771039747098963,0.7707426105052217,0.7709149218292268,99000000,1
1294858920000,1294858979000,0.7708911501695961,0.7712002961409137,0.7707544915717995,0.7711824540568053,183000000,1
1294858980000,1294859039000,0.7711527190844876,0.7711527190844876,0.7709327515360835,0.770968413424102,122000000,1
1294859040000,1294859099000,0.7709505820676895,0.7709624695469824,0.7706060045619876,0.7707426105052217,77000000,1
1294859100000,1294859159000,0.770712909441233,0.7710338021218851,0.770712909441233,0.7709446384655118,92000000,1
1294859160000,1294859219000,0.7709327515360835,0.7709624695469824,0.7708317274339013,0.7709149218292268,51000000,1
1294859220000,1294859279000,0.7709089787768758,0.770968413424102,0.770867379975949,0.7709446384655118,41000000,1
1294859280000,1294859339000,0.770968413424102,0.7710754188867213,0.7707782548038754,0.7708436112481499,68000000,1
1294859340000,1294859399000,0.7708614376565812,0.7709624695469824,0.7708376692952231,0.7709149218292268,45000000,1
1294859400000,1294859459000,0.770903035816155,0.7711824540568053,0.7708733223869321,0.7711765068788944,80000000,1
1294859460000,1294859519000,0.7711824540568053,0.7711943486878129,0.7710219124427516,0.7710694733595498,46000000,1
1294859520000,1294859579000,0.7710694733595498,0.7710694733595498,0.7706594532941838,0.7706832106662557,66000000,1
1294859580000,1294859639000,0.7706832106662557,0.7706832106662557,0.7702676680146351,0.7704160246533127,117000000,1
1294859640000,1294859699000,0.7704338312903996,0.7706000662716057,0.7704338312903996,0.7705050660708095,55000000,1
1294859700000,1294859759000,0.7704753833115031,0.7706950899015822,0.7704753833115031,0.7705585008013808,68000000,1
1294859760000,1294859819000,0.7705585008013808,0.7706297586387596,0.7705288139249967,0.7706178814173203,43000000,1
1294859820000,1294859879000,0.7705941280727441,0.7708317274339013,0.7705941280727441,0.7707544915717995,55000000,1
1294859880000,1294859939000,0.7707544915717995,0.7707901369694073,0.7706713317971285,0.7706713317971285,44000000,1
1294859940000,1294859999000,0.7706713317971285,0.7707366701092905,0.7705644384511655,0.7706356973867743,128000000,1
1294860000000,1294860059000,0.7706356973867743,0.7707841958408485,0.7705525632431016,0.7706713317971285,110000000,1
1294860060000,1294860119000,0.7706772711859181,0.7708436112481499,0.7706060045619876,0.7708436112481499,106000000,1
1294860120000,1294860179000,0.7708436112481499,0.770903035816155,0.7707723138584861,0.7708614376565812,69000000,1
1294860180000,1294860239000,0.7708436112481499,0.7709208649732104,0.7707485509927242,0.7708852074837537,72000000,1
1294860240000,1294860299000,0.7708852074837537,0.770903035816155,0.7708317274339013,0.7708614376565812,29000000,1
1294860300000,1294860359000,0.7708495532926839,0.7708614376565812,0.770689150238143,0.7708198439860635,64000000,1
1294860360000,1294860419000,0.7708495532926839,0.7710338021218851,0.7708495532926839,0.7709981341845152,52000000,1
1294860420000,1294860479000,0.7709981341845152,0.7710040786115758,0.7707485509927242,0.7708020195012911,92000000,1
1294860480000,1294860539000,0.7708020195012911,0.7708020195012911,0.7706060045619876,0.7706653924998844,92000000,1
1294860540000,1294860599000,0.7706535141800246,0.7707544915717995,0.7705941280727441,0.7707188494709015,102000000,1
1294860600000,1294860659000,0.7707247895921324,0.7707247895921324,0.7706238199822757,0.7706416362263221,38000000,1
1294860660000,1294860719000,0.7706594532941838,0.7706950899015822,0.7705466257763257,0.7705466257763257,35000000,1
1294860720000,1294860779000,0.7705169398149218,0.7705644384511655,0.7704872561407835,0.7705644384511655,27000000,1
1294860780000,1294860839000,0.7706000662716057,0.7706119429438917,0.7704753833115031,0.7705644384511655,55000000,1
1294860840000,1294860899000,0.7705941280727441,0.7706653924998844,0.7698170144956544,0.7698170144956544,114000000,1
1294860900000,1294860959000,0.7697814590437775,0.7700244867786796,0.7697696079563386,0.7698762808816623,163000000,1
1294860960000,1294861019000,0.7698940625769893,0.7700244867786796,0.7698703538324145,0.7700244867786796,101000000,1
1294861020000,1294861079000,0.7700244867786796,0.7703388720698235,0.7699829833760674,0.7703032683967679,78000000,1
1294861080000,1294861139000,0.7702854677943647,0.7703032683967679,0.7701134377093746,0.7703032683967679,49000000,1
1294861140000,1294861199000,0.7702676680146351,0.7703388720698235,0.7701549551769816,0.7701905451408678,65000000,1
1294861200000,1294861259000,0.770202409193136,0.7705228768242129,0.7701490238361123,0.77035667514059,79000000,1
1294861260000,1294861319000,0.77035667514059,0.7703744790342585,0.7702498690575222,0.7702498690575222,20000000,1
1294861320000,1294861379000,0.7702795344430494,0.7703151359221057,0.7701134377093746,0.7701193685021178,65000000,1
1294861380000,1294861439000,0.7701786814540974,0.7701786814540974,0.7699237005612745,0.7699770546837704,86000000,1
1294861440000,1294861499000,0.7699829833760674,0.7701371614284503,0.7699829833760674,0.7701371614284503,42000000,1
1294861500000,1294861559000,0.7701193685021178,0.7701846132517965,0.7700719247177686,0.7700719247177686,44000000,1
1294861560000,1294861619000,0.7700897154518501,0.7703388720698235,0.7700897154518501,0.7703388720698235,49000000,1
1294861620000,1294861679000,0.77035667514059,0.7704991293359839,0.7701964771213137,0.7704872561407835,52000000,1
1294861680000,1294861739000,0.7704872561407835,0.7705110028971213,0.7704160246533127,0.7705110028971213,42000000,1
1294861740000,1294861799000,0.7704991293359839,0.7705347511172753,0.7702973347712216,0.7702973347712216,71000000,1
1294861800000,1294861859000,0.7703804138483583,0.7704397670190144,0.7702795344430494,0.7702795344430494,78000000,1
1294861860000,1294861919000,0.7702795344430494,0.770291401237088,0.770202409193136,0.770208341356337,38000000,1
1294861920000,1294861979000,0.7702261383942326,0.7704278956532459,0.7701905451408678,0.7703863487539001,74000000,1
1294861980000,1294862039000,0.7704041540191985,0.7704457028390924,0.7701905451408678,0.7701905451408678,71000000,1
1294862040000,1294862099000,0.7701786814540974,0.7702202059568831,0.7700897154518501,0.7701846132517965,66000000,1
1294862100000,1294862159000,0.7701549551769816,0.7703507406922371,0.7701134377093746,0.7702973347712216,63000000,1
1294862160000,1294862219000,0.7703092021137286,0.7704457028390924,0.7702676680146351,0.7703863487539001,81000000,1
1294862220000,1294862279000,0.7704278956532459,0.7705288139249967,0.7703092021137286,0.7703388720698235,81000000,1
1294862280000,1294862339000,0.7703329378957585,0.7704219601075509,0.7703092021137286,0.7704219601075509,71000000,1
1294862340000,1294862399000,0.7704278956532459,0.770825785664182,0.7704278956532459,0.770712909441233,146000000,1
1294862400000,1294862459000,0.7707010296565756,0.7709149218292268,0.7706475751574048,0.7708079609046202,81000000,1
1294862460000,1294862519000,0.7707901369694073,0.7708020195012911,0.7707366701092905,0.7707723138584861,24000000,1
1294862520000,1294862579000,0.7707544915717995,0.7707604322424504,0.7706832106662557,0.7707307298049281,27000000,1
1294862580000,1294862639000,0.7707723138584861,0.7708020195012911,0.7705644384511655,0.7705703761924577,49000000,1
1294862640000,1294862699000,0.7705288139249967,0.7707604322424504,0.7704635108481263,0.7707485509927242,65000000,1
1294862700000,1294862759000,0.7708020195012911,0.7708317274339013,0.7706772711859181,0.7707247895921324,43000000,1
1294862760000,1294862819000,0.7707069695031252,0.7707188494709015,0.7706416362263221,0.7706594532941838,31000000,1
1294862820000,1294862879000,0.7706594532941838,0.7708495532926839,0.7706594532941838,0.7706950899015822,39000000,1
1294862880000,1294862939000,0.7706713317971285,0.7707307298049281,0.7705466257763257,0.7706950899015822,32000000,1
1294862940000,1294862999000,0.7706772711859181,0.7707960781895541,0.7706772711859181,0.7707485509927242,72000000,1
1294863000000,1294863059000,0.7707485509927242,0.770879264889533,0.770689150238143,0.7708376692952231,43000000,1
1294863060000,1294863119000,0.7707841958408485,0.7708554954288269,0.7707544915717995,0.7707723138584861,47000000,1
1294863120000,1294863179000,0.7707901369694073,0.7708139023995436,0.770712909441233,0.7708139023995436,32000000,1
1294863180000,1294863239000,0.7708139023995436,0.7708911501695961,0.7707247895921324,0.7708911501695961,58000000,1
1294863240000,1294863299000,0.7708733223869321,0.770879264889533,0.7707426105052217,0.7707485509927242,47000000,1
1294863300000,1294863359000,0.7707485509927242,0.7707485509927242,0.7706000662716057,0.770689150238143,51000000,1
1294863360000,1294863419000,0.7706653924998844,0.7708020195012911,0.7706653924998844,0.7706713317971285,43000000,1
1294863420000,1294863479000,0.7706535141800246,0.7707247895921324,0.7706356973867743,0.7707247895921324,29000000,1
1294863480000,1294863539000,0.7707010296565756,0.7707544915717995,0.7707010296565756,0.7707307298049281,12000000,1
1294863540000,1294863599000,0.7707069695031252,0.7707188494709015,0.7706119429438917,0.7706119429438917,38000000,1
1294863600000,1294863659000,0.7706356973867743,0.7706950899015822,0.7704694470340779,0.7704694470340779,62000000,1
1294863660000,1294863719000,0.7704991293359839,0.7704991293359839,0.770398218839318,0.7704753833115031,23000000,1
1294863720000,1294863779000,0.7704516387506356,0.7705347511172753,0.7704516387506356,0.7705228768242129,24000000,1
1294863780000,1294863839000,0.770540688401051,0.770540688401051,0.7704219601075509,0.7704219601075509,39000000,1
1294863840000,1294863899000,0.7704219601075509,0.7706060045619876,0.7704100892905292,0.7705941280727441,53000000,1
1294863900000,1294863959000,0.7705763140252595,0.7705763140252595,0.7703804138483583,0.7703804138483583,41000000,1
1294863960000,1294864019000,0.7703507406922371,0.7704931926926425,0.7703507406922371,0.7704813196804043,37000000,1
1294864020000,1294864079000,0.7705110028971213,0.7706238199822757,0.7705110028971213,0.7705703761924577,41000000,1
1294864080000,1294864139000,0.7705881899654007,0.770712909441233,0.7705228768242129,0.7706475751574048,68000000,1
1294864140000,1294864199000,0.7706416362263221,0.7706535141800246,0.7704516387506356,0.7705169398149218,59000000,1
1294864200000,1294864259000,0.7705228768242129,0.7705644384511655,0.7704813196804043,0.7705644384511655,19000000,1
1294864260000,1294864319000,0.770540688401051,0.7706416362263221,0.7704991293359839,0.7704991293359839,45000000,1
1294864320000,1294864379000,0.7705347511172753,0.7706416362263221,0.7705347511172753,0.7706119429438917,33000000,1
1294864380000,1294864439000,0.7706119429438917,0.7707901369694073,0.7706119429438917,0.770712909441233,53000000,1
1294864440000,1294864499000,0.770712909441233,0.7707485509927242,0.7707010296565756,0.7707485509927242,15000000,1
1294864500000,1294864559000,0.7707544915717995,0.7708020195012911,0.7707010296565756,0.7707307298049281,40000000,1
1294864560000,1294864619000,0.7707069695031252,0.7707069695031252,0.7704575747536462,0.7705347511172753,70000000,1
1294864620000,1294864679000,0.7705169398149218,0.7706000662716057,0.7703210698219017,0.7703685443115987,57000000,1
1294864680000,1294864739000,0.7703804138483583,0.7704575747536462,0.7703804138483583,0.7704457028390924,42000000,1
1294864740000,1294864799000,0.7704457028390924,0.7705110028971213,0.7704457028390924,0.7704872561407835,15000000,1
1294864800000,1294864859000,0.7704872561407835,0.7705881899654007,0.7704338312903996,0.7704575747536462,53000000,1
1294864860000,1294864919000,0.7704575747536462,0.7704872561407835,0.7704041540191985,0.7704872561407835,37000000,1
1294864920000,1294864979000,0.7704872561407835,0.7706238199822757,0.7704457028390924,0.7706060045619876,35000000,1
1294864980000,1294865039000,0.7706060045619876,0.7706594532941838,0.7705763140252595,0.7706594532941838,47000000,1
1294865040000,1294865099000,0.7706832106662557,0.7709981341845152,0.7706060045619876,0.7708495532926839,76000000,1
1294865100000,1294865159000,0.7708436112481499,0.7711348792017211,0.7708436112481499,0.7710635279240656,63000000,1
1294865160000,1294865219000,0.7710635279240656,0.7711705597927094,0.7709386949549771,0.7710456921677179,44000000,1
1294865220000,1294865279000,0.7710338021218851,0.7712954678678309,0.7710040786115758,0.7712954678678309,84000000,1
1294865280000,1294865339000,0.771289518946727,0.7714501720333884,0.7712538273471182,0.7714204164127407,79000000,1
1294865340000,1294865399000,0.7714263673532361,0.7716942547362735,0.7712597757176571,0.7716287539738881,107000000,1
1294865400000,1294865459000,0.7716525711463671,0.7717299871121092,0.7715989845757363,0.7717061651605535,103000000,1
1294865460000,1294865519000,0.771682344679636,0.7718431614695893,0.7716287539738881,0.7716704349906243,110000000,1
1294865520000,1294865579000,0.7716704349906243,0.7717895484259352,0.7715632643298587,0.7717895484259352,117000000,1
1294865580000,1294865639000,0.7717716790664649,0.7717716790664649,0.7716406623763445,0.7717061651605535,36000000,1
1294865640000,1294865699000,0.7717299871121092,0.7717299871121092,0.7715811240393815,0.7717180759524931,39000000,1
1294865700000,1294865759000,0.7717538105344396,0.7717538105344396,0.7715930309717443,0.7716942547362735,36000000,1
1294865760000,1294865819000,0.7716942547362735,0.7717776354276806,0.7716108920593523,0.7717776354276806,57000000,1
1294865820000,1294865879000,0.7717597666198467,0.7717895484259352,0.7717180759524931,0.7717597666198467,23000000,1
1294865880000,1294865939000,0.7717359428298014,0.7717597666198467,0.7715870774596267,0.7716406623763445,66000000,1
1294865940000,1294865999000,0.7716287539738881,0.7716942547362735,0.7714918337589397,0.7714977858013546,118000000,1
1294866000000,1294866059000,0.7714858818083629,0.7716347081291717,0.7714620749243967,0.7715811240393815,84000000,1
1294866060000,1294866119000,0.7715930309717443,0.7715930309717443,0.771366862079605,0.7715037379356102,39000000,1
1294866120000,1294866179000,0.7714977858013546,0.7716168459389806,0.7714501720333884,0.7715275473910796,25000000,1
1294866180000,1294866239000,0.7715096901617085,0.772105376941845,0.771390663087414,0.771962328238382,132000000,1
1294866240000,1294866299000,0.77187890763697,0.771962328238382,0.7718252896274399,0.7718550764908381,45000000,1
1294866300000,1294866359000,0.7718669918799592,0.7719861660079052,0.7718252896274399,0.7718431614695893,86000000,1
1294866360000,1294866419000,0.7718431614695893,0.7718610341394134,0.7718014617919686,0.7718074186129077,36000000,1
1294866420000,1294866479000,0.7718908237618871,0.7718908237618871,0.7717716790664649,0.7718729497124773,31000000,1
1294866480000,1294866539000,0.7719444508773148,0.771992125680318,0.7717835918808366,0.7717835918808366,61000000,1
1294866540000,1294866599000,0.7717657227971877,0.77187890763697,0.7717657227971877,0.7718431614695893,28000000,1
1294866600000,1294866659000,0.7718729497124773,0.7719027402547278,0.7716882996620005,0.7718431614695893,43000000,1
1294866660000,1294866719000,0.7718491189342307,0.7718491189342307,0.771700209902457,0.7717776354276806,42000000,1
1294866720000,1294866779000,0.7717776354276806,0.7718610341394134,0.7717299871121092,0.7717895484259352,61000000,1
1294866780000,1294866839000,0.7717776354276806,0.7718491189342307,0.771700209902457,0.771700209902457,21000000,1
1294866840000,1294866899000,0.7716882996620005,0.7718491189342307,0.7716763897891781,0.7718491189342307,28000000,1
1294866900000,1294866959000,0.7718550764908381,0.7718908237618871,0.7718431614695893,0.7718669918799592,11000000,1
1294866960000,1294867019000,0.7718848656534391,0.7719027402547278,0.77187890763697,0.771896781962316,10000000,1
1294867020000,1294867079000,0.771896781962316,0.7720278856472296,0.7718908237618871,0.7719980854447481,27000000,1
1294867080000,1294867139000,0.772010005249668,0.7721590338746168,0.772010005249668,0.7720994155207425,27000000,1
1294867140000,1294867199000,0.7720815318097591,0.7721471094672957,0.7720815318097591,0.7721471094672957,17000000,1
1294867200000,1294867259000,0.7721351854282648,0.7721590338746168,0.7720696097960192,0.7721351854282648,16000000,1
1294867260000,1294867319000,0.772105376941845,0.7721113384550052,0.7719742469391221,0.7720576881504586,33000000,1
1294867320000,1294867379000,0.7720934541916954,0.7722126982656102,0.7720934541916954,0.7721649962163915,28000000,1
1294867380000,1294867439000,0.7721351854282648,0.7721590338746168,0.7720219254226821,0.7721590338746168,29000000,1
1294867440000,1294867499000,0.7721769211761799,0.7721948093064919,0.7721113384550052,0.7721292235468528,21000000,1
1294867500000,1294867559000,0.7721351854282648,0.7723498744931454,0.7721351854282648,0.7723379441908602,30000000,1
1294867560000,1294867619000,0.7723379441908602,0.7723737362034742,0.7722723341159026,0.7723319791779298,29000000,1
1294867620000,1294867679000,0.7723140846919625,0.7723916334538264,0.772302155495316,0.772302155495316,33000000,1
1294867680000,1294867739000,0.7723319791779298,0.7724154977445468,0.7723081200475741,0.7724154977445468,28000000,1
1294867740000,1294867799000,0.7723916334538264,0.772421464047643,0.7722961910351859,0.7723260142571382,52000000,1
1294867800000,1294867859000,0.7723260142571382,0.7725945269403711,0.7723260142571382,0.7724393635099644,64000000,1
1294867860000,1294867919000,0.7724691977907381,0.7725408094682602,0.7724393635099644,0.7724453301817564,40000000,1
1294867920000,1294867979000,0.7724154977445468,0.7725288732666383,0.772242515039423,0.7723856676115518,47000000,1
1294867980000,1294868039000,0.7723916334538264,0.7724751649234477,0.7723498744931454,0.7724751649234477,30000000,1
1294868040000,1294868099000,0.7725169374338532,0.7725467777073902,0.7725169374338532,0.7725408094682602,16000000,1
1294868100000,1294868159000,0.7725945269403711,0.7726601917742596,0.7725288732666383,0.7726004960095184,36000000,1
1294868160000,1294868219000,0.7725945269403711,0.7728393344307651,0.7725766202863169,0.7728154439438317,43000000,1
1294868220000,1294868279000,0.7728154439438317,0.7728154439438317,0.7727139258503717,0.7728034992542446,33000000,1
1294868280000,1294868339000,0.772821416427092,0.7728751729308199,0.7726422820762444,0.7726422820762444,34000000,1
1294868340000,1294868399000,0.7726422820762444,0.7727437813444197,0.7726422820762444,0.7727258677711496,17000000,1
1294868400000,1294868459000,0.7726960136612655,0.7727198967646218,0.7726542217826677,0.7726542217826677,18000000,1
1294868460000,1294868519000,0.7726542217826677,0.7726542217826677,0.7724333969303496,0.7724751649234477,66000000,1
1294868520000,1294868579000,0.7724751649234477,0.7724811321483473,0.7723319791779298,0.7723319791779298,35000000,1
1294868580000,1294868639000,0.7723439092959313,0.7723618051640111,0.7721948093064919,0.7721948093064919,27000000,1
1294868640000,1294868699000,0.7721948093064919,0.7721948093064919,0.7720636489272175,0.7721351854282648,37000000,1
1294868700000,1294868759000,0.7721173000602252,0.7721173000602252,0.7720696097960192,0.7720696097960192,11000000,1
1294868760000,1294868819000,0.7720755707568657,0.7721471094672957,0.7720398063724166,0.7720934541916954,34000000,1
1294868820000,1294868879000,0.7720398063724166,0.7720755707568657,0.7720338459638071,0.7720338459638071,21000000,1
1294868880000,1294868939000,0.7720398063724166,0.7724154977445468,0.7719861660079052,0.7723260142571382,40000000,1
1294868940000,1294868999000,0.772302155495316,0.772302155495316,0.7720815318097591,0.7720815318097591,25000000,1
1294869000000,1294869059000,0.772105376941845,0.7721411474017451,0.7720994155207425,0.7721411474017451,25000000,1
1294869060000,1294869119000,0.7721649962163915,0.772248478670497,0.7721649962163915,0.772248478670497,16000000,1
1294869120000,1294869179000,0.7722246246988324,0.7722246246988324,0.7721471094672957,0.7722067351871442,19000000,1
1294869180000,1294869239000,0.7722305880535928,0.7723737362034742,0.7722305880535928,0.7723081200475741,43000000,1
1294869240000,1294869299000,0.7722902266671815,0.7722902266671815,0.7721888465043011,0.7722126982656102,13000000,1
1294869300000,1294869359000,0.7722126982656102,0.7723916334538264,0.7722126982656102,0.7723677706376668,29000000,1
1294869360000,1294869419000,0.7723677706376668,0.7723677706376668,0.771896781962316,0.7719384919409622,46000000,1
1294869420000,1294869479000,0.7719563690260227,0.7720457668730601,0.771896781962316,0.7719325330966074,34000000,1
1294869480000,1294869539000,0.7719325330966074,0.7720576881504586,0.7719325330966074,0.772010005249668,21000000,1
1294869540000,1294869599000,0.772010005249668,0.7723737362034742,0.7719742469391221,0.7721590338746168,83000000,1
1294869600000,1294869659000,0.7721649962163915,0.7723200494284832,0.7718908237618871,0.7720636489272175,145000000,1
1294869660000,1294869719000,0.7720457668730601,0.772153071624919,0.7719027402547278,0.7719861660079052,87000000,1
1294869720000,1294869779000,0.7719861660079052,0.7722007722007722,0.7718669918799592,0.7722007722007722,114000000,1
1294869780000,1294869839000,0.7722007722007722,0.7723200494284832,0.7720517274657402,0.7720696097960192,97000000,1
1294869840000,1294869899000,0.7721351854282648,0.7724512969457276,0.7721351854282648,0.7722961910351859,50000000,1
1294869900000,1294869959000,0.7723677706376668,0.7723975993882611,0.7721173000602252,0.7723975993882611,16000000,1
1294869960000,1294870019000,0.7723975993882611,0.7724274304429098,0.7722186614361723,0.7723200494284832,17000000,1
1294870020000,1294870079000,0.7724333969303496,0.7724393635099644,0.7724095315336191,0.7724393635099644,14000000,1
1294870080000,1294870139000,0.7723975993882611,0.7723975993882611,0.7719384919409622,0.7720815318097591,53000000,1
1294870140000,1294870199000,0.7720994155207425,0.7721590338746168,0.7720338459638071,0.7720934541916954,54000000,1
1294870200000,1294870259000,0.772123261757507,0.7722365515004557,0.7720934541916954,0.772123261757507,51000000,1
1294870260000,1294870319000,0.7721709586502451,0.7721709586502451,0.7721173000602252,0.7721173000602252,6000000,1
1294870320000,1294870379000,0.7720815318097591,0.7721411474017451,0.7720815318097591,0.772123261757507,13000000,1
1294870380000,1294870439000,0.7721709586502451,0.7722067351871442,0.7720696097960192,0.7720696097960192,28000000,1
1294870440000,1294870499000,0.7720338459638071,0.7720398063724166,0.7717895484259352,0.7717895484259352,91000000,1
1294870500000,1294870559000,0.7717895484259352,0.772105376941845,0.7717895484259352,0.7720398063724166,85000000,1
1294870560000,1294870619000,0.7720219254226821,0.772105376941845,0.7719682875427477,0.7719682875427477,26000000,1
1294870620000,1294870679000,0.7719504099056677,0.771962328238382,0.7719265743442484,0.7719504099056677,18000000,1
1294870680000,1294870739000,0.7719682875427477,0.7722126982656102,0.7719682875427477,0.7721769211761799,37000000,1
1294870740000,1294870799000,0.7722007722007722,0.7722961910351859,0.7722007722007722,0.7722842623913011,13000000,1
1294870800000,1294870859000,0.772248478670497,0.7724274304429098,0.772248478670497,0.7724274304429098,32000000,1
1294870860000,1294870919000,0.7724274304429098,0.7724453301817564,0.7724274304429098,0.7724453301817564,3000000,1
1294870920000,1294870979000,0.772403565414858,0.772403565414858,0.7722782982075421,0.7723439092959313,26000000,1
1294870980000,1294871039000,0.7723439092959313,0.7723975993882611,0.7722842623913011,0.7722842623913011,32000000,1
1294871040000,1294871099000,0.7722723341159026,0.7723140846919625,0.7721888465043011,0.7721888465043011,33000000,1
1294871100000,1294871159000,0.7721888465043011,0.7722782982075421,0.772105376941845,0.772105376941845,32000000,1
1294871160000,1294871219000,0.7721113384550052,0.7722246246988324,0.7721113384550052,0.7722246246988324,19000000,1
1294871220000,1294871279000,0.7722544423936799,0.7722544423936799,0.7722544423936799,0.7722544423936799,2000000,1
1294871280000,1294871339000,0.7722544423936799,0.7722544423936799,0.7722544423936799,0.7722544423936799,2000000,1
1294871340000,1294871399000,0.7722365515004557,0.7722365515004557,0.7722365515004557,0.7722365515004557,2000000,1
1294871400000,1294871459000,0.7722544423936799,0.7723200494284832,0.7721828837941979,0.7722544423936799,22000000,1
1294871460000,1294871519000,0.7722782982075421,0.7723439092959313,0.7722246246988324,0.7722604062089737,68000000,1
1294871520000,1294871579000,0.7722842623913011,0.7722842623913011,0.772153071624919,0.7721649962163915,22000000,1
1294871580000,1294871639000,0.7721411474017451,0.7722723341159026,0.7721411474017451,0.7722723341159026,20000000,1
1294871640000,1294871699000,0.7722842623913011,0.7722842623913011,0.7722126982656102,0.7722126982656102,14000000,1
1294871700000,1294871759000,0.7722186614361723,0.7722723341159026,0.7721590338746168,0.7721888465043011,34000000,1
1294871760000,1294871819000,0.7722365515004557,0.7722365515004557,0.771962328238382,0.7720815318097591,31000000,1
1294871820000,1294871879000,0.7720994155207425,0.7721590338746168,0.7720636489272175,0.7721173000602252,13000000,1
1294871880000,1294871939000,0.772105376941845,0.772105376941845,0.7720517274657402,0.7720517274657402,8000000,1
1294871940000,1294871999000,0.771992125680318,0.7720457668730601,0.7719682875427477,0.7720040453011974,38000000,1
1294872000000,1294872059000,0.7720040453011974,0.7720278856472296,0.7719504099056677,0.7719504099056677,35000000,1
1294872060000,1294872119000,0.7719504099056677,0.7719504099056677,0.7719504099056677,0.7719504099056677,2000000,1
1294872120000,1294872179000,0.7719384919409622,0.7719384919409622,0.7717776354276806,0.7717776354276806,16000000,1
1294872180000,1294872239000,0.7718074186129077,0.7718312468161961,0.7717180759524931,0.7717776354276806,28000000,1
1294872240000,1294872299000,0.7717597666198467,0.7717835918808366,0.771700209902457,0.7717180759524931,25000000,1
1294872300000,1294872359000,0.7717061651605535,0.7717061651605535,0.7716585256692209,0.7716585256692209,9000000,1
1294872360000,1294872419000,0.7716585256692209,0.7717240314863405,0.7716585256692209,0.7717061651605535,22000000,1
1294872420000,1294872479000,0.7716763897891781,0.7716763897891781,0.7716347081291717,0.7716347081291717,5000000,1
1294872480000,1294872539000,0.7716168459389806,0.7716585256692209,0.7715930309717443,0.7716108920593523,16000000,1
1294872540000,1294872599000,0.7716168459389806,0.7716168459389806,0.7716168459389806,0.7716168459389806,2000000,1
1294872600000,1294872659000,0.7716168459389806,0.7718908237618871,0.7714620749243967,0.7718431614695893,67000000,1
1294872660000,1294872719000,0.7718014617919686,0.7718014617919686,0.771646616715409,0.7717538105344396,41000000,1
1294872720000,1294872779000,0.7717776354276806,0.772105376941845,0.7717776354276806,0.7720040453011974,39000000,1
1294872780000,1294872839000,0.771962328238382,0.7720636489272175,0.7718372040969119,0.7718610341394134,58000000,1
1294872840000,1294872899000,0.7718908237618871,0.7719563690260227,0.7718074186129077,0.7718074186129077,32000000,1
1294872900000,1294872959000,0.7718074186129077,0.77187890763697,0.7716406623763445,0.77187890763697,36000000,1
1294872960000,1294873019000,0.7718431614695893,0.7719444508773148,0.7717359428298014,0.7719265743442484,48000000,1
1294873020000,1294873079000,0.771896781962316,0.7719086986391249,0.7718312468161961,0.77187890763697,17000000,1
1294873080000,1294873139000,0.7718908237618871,0.7719802064275072,0.7718848656534391,0.7719802064275072,18000000,1
1294873140000,1294873199000,0.7720040453011974,0.7721173000602252,0.7720040453011974,0.7721173000602252,13000000,1
1294873200000,1294873259000,0.7721173000602252,0.7723558397825045,0.7720457668730601,0.772242515039423,106000000,1
1294873260000,1294873319000,0.7722246246988324,0.7722365515004557,0.7720994155207425,0.772153071624919,72000000,1
1294873320000,1294873379000,0.772153071624919,0.7722186614361723,0.772105376941845,0.7721471094672957,52000000,1
1294873380000,1294873439000,0.7721471094672957,0.772153071624919,0.7720815318097591,0.7721113384550052,29000000,1
1294873440000,1294873499000,0.7721113384550052,0.7721113384550052,0.7719563690260227,0.772010005249668,52000000,1
1294873500000,1294873559000,0.7720278856472296,0.7720636489272175,0.7720040453011974,0.7720040453011974,14000000,1
1294873560000,1294873619000,0.7720219254226821,0.7720278856472296,0.7720040453011974,0.7720219254226821,9000000,1
1294873620000,1294873679000,0.7720398063724166,0.7721769211761799,0.7720398063724166,0.7721590338746168,45000000,1
1294873680000,1294873739000,0.7721351854282648,0.7721351854282648,0.7720278856472296,0.7720636489272175,43000000,1
1294873740000,1294873799000,0.7720636489272175,0.772105376941845,0.7720278856472296,0.7720696097960192,24000000,1
1294873800000,1294873859000,0.7720874929547016,0.7720874929547016,0.7719980854447481,0.7720040453011974,14000000,1
1294873860000,1294873919000,0.771992125680318,0.771992125680318,0.7719325330966074,0.7719563690260227,19000000,1
1294873920000,1294873979000,0.7719802064275072,0.771992125680318,0.7719802064275072,0.771992125680318,4000000,1
1294873980000,1294874039000,0.771992125680318,0.7720219254226821,0.7719563690260227,0.7719861660079052,13000000,1
1294874040000,1294874099000,0.7719802064275072,0.7719802064275072,0.7719802064275072,0.7719802064275072,2000000,1
1294874100000,1294874159000,0.7719682875427477,0.7720159652901623,0.7718669918799592,0.7718669918799592,39000000,1
1294874160000,1294874219000,0.7718550764908381,0.7718669918799592,0.7717835918808366,0.7718669918799592,48000000,1
1294874220000,1294874279000,0.7718372040969119,0.771992125680318,0.7718133755257979,0.7718669918799592,40000000,1
1294874280000,1294874339000,0.7718908237618871,0.7719742469391221,0.7718908237618871,0.7718908237618871,24000000,1
1294874340000,1294874399000,0.7718312468161961,0.7718312468161961,0.7716644802839725,0.7717835918808366,32000000,1
1294874400000,1294874459000,0.7718133755257979,0.771992125680318,0.7718133755257979,0.771992125680318,29000000,1
1294874460000,1294874519000,0.771992125680318,0.771992125680318,0.7719146571155093,0.7719146571155093,13000000,1
1294874520000,1294874579000,0.7719504099056677,0.7720219254226821,0.7719504099056677,0.771962328238382,23000000,1
1294874580000,1294874639000,0.771992125680318,0.7720815318097591,0.7719682875427477,0.7720576881504586,13000000,1
1294874640000,1294874699000,0.7720576881504586,0.7720636489272175,0.7719265743442484,0.7719861660079052,40000000,1
1294874700000,1294874759000,0.771962328238382,0.7720338459638071,0.7718848656534391,0.771962328238382,35000000,1
1294874760000,1294874819000,0.7719325330966074,0.7719980854447481,0.7719325330966074,0.7719980854447481,12000000,1
1294874820000,1294874879000,0.7719980854447481,0.7720874929547016,0.7719980854447481,0.7720874929547016,8000000,1
1294874880000,1294874939000,0.7720517274657402,0.7721709586502451,0.7720159652901623,0.7720159652901623,33000000,1
1294874940000,1294874999000,0.7720040453011974,0.7720040453011974,0.7719146571155093,0.7719146571155093,45000000,1
1294875000000,1294875059000,0.7718848656534391,0.7719444508773148,0.7718431614695893,0.7719027402547278,54000000,1
1294875060000,1294875119000,0.7719027402547278,0.7719027402547278,0.7717121205105647,0.7717955050629786,36000000,1
1294875120000,1294875179000,0.7718074186129077,0.7718848656534391,0.7718074186129077,0.7718848656534391,16000000,1
1294875180000,1294875239000,0.7718908237618871,0.7719086986391249,0.7718908237618871,0.7719086986391249,3000000,1
1294875240000,1294875299000,0.7719027402547278,0.7719027402547278,0.7719027402547278,0.7719027402547278,13000000,1
1294875300000,1294875359000,0.7723200494284832,0.7723200494284832,0.7721411474017451,0.7722007722007722,16000000,1
1294875360000,1294875419000,0.7719146571155093,0.7719146571155093,0.7718372040969119,0.7718669918799592,19000000,1
1294875420000,1294875479000,0.7718908237618871,0.7719325330966074,0.7718908237618871,0.7719027402547278,9000000,1
1294875480000,1294875539000,0.771896781962316,0.7719682875427477,0.7718908237618871,0.7719444508773148,12000000,1
1294875540000,1294875599000,0.771962328238382,0.772123261757507,0.7719444508773148,0.7720278856472296,41000000,1
1294875600000,1294875659000,0.7720040453011974,0.7720636489272175,0.7720040453011974,0.7720219254226821,20000000,1
1294875660000,1294875719000,0.7719980854447481,0.7719980854447481,0.7719563690260227,0.7719563690260227,5000000,1
1294875720000,1294875779000,0.7719384919409622,0.772010005249668,0.7718908237618871,0.7719802064275072,20000000,1
1294875780000,1294875839000,0.7719504099056677,0.7721173000602252,0.7719504099056677,0.772105376941845,40000000,1
1294875840000,1294875899000,0.7720755707568657,0.7720815318097591,0.7718312468161961,0.7718312468161961,24000000,1
1294875900000,1294875959000,0.7718550764908381,0.77187890763697,0.7718133755257979,0.7718133755257979,20000000,1
1294875960000,1294876019000,0.7718252896274399,0.7718550764908381,0.7716287539738881,0.7716704349906243,117000000,1
1294876020000,1294876079000,0.7716704349906243,0.7716704349906243,0.7715930309717443,0.7715989845757363,61000000,1
1294876080000,1294876139000,0.7715870774596267,0.7716227999104918,0.7715513583161664,0.7716227999104918,40000000,1
1294876140000,1294876199000,0.7716227999104918,0.7716227999104918,0.7715811240393815,0.7715870774596267,53000000,1
1294876200000,1294876259000,0.7715811240393815,0.7716763897891781,0.7715811240393815,0.7716347081291717,66000000,1
1294876260000,1294876319000,0.7716347081291717,0.7717776354276806,0.7716227999104918,0.7717538105344396,82000000,1
1294876320000,1294876379000,0.7717359428298014,0.7717359428298014,0.7716525711463671,0.771682344679636,17000000,1
1294876380000,1294876439000,0.7716942547362735,0.7717061651605535,0.771646616715409,0.771682344679636,16000000,1
1294876440000,1294876499000,0.7716763897891781,0.7719384919409622,0.7716585256692209,0.7719384919409622,40000000,1
1294876500000,1294876559000,0.7719504099056677,0.7720636489272175,0.7719206156838831,0.771962328238382,79000000,1
1294876560000,1294876619000,0.771962328238382,0.7719742469391221,0.7718193325306413,0.7718550764908381,50000000,1
1294876620000,1294876679000,0.7718312468161961,0.7718610341394134,0.7718074186129077,0.7718610341394134,10000000,1
1294876680000,1294876739000,0.77187890763697,0.77187890763697,0.7717776354276806,0.7718014617919686,22000000,1
1294876740000,1294876799000,0.7718193325306413,0.7719504099056677,0.7718193325306413,0.7719444508773148,27000000,1
1294876800000,1294876859000,0.7719682875427477,0.7720159652901623,0.7718074186129077,0.7719742469391221,55000000,1
1294876860000,1294876919000,0.7719742469391221,0.7720934541916954,0.7718669918799592,0.7720874929547016,96000000,1
1294876920000,1294876979000,0.7720517274657402,0.7720994155207425,0.7719146571155093,0.7719146571155093,45000000,1
1294876980000,1294877039000,0.7719265743442484,0.7720398063724166,0.7719265743442484,0.7720159652901623,26000000,1
1294877040000,1294877099000,0.7720159652901623,0.7720457668730601,0.7720159652901623,0.7720457668730601,31000000,1
1294877100000,1294877159000,0.7720219254226821,0.7721411474017451,0.7720219254226821,0.7720874929547016,59000000,1
1294877160000,1294877219000,0.7721173000602252,0.7721173000602252,0.7720159652901623,0.7720457668730601,22000000,1
1294877220000,1294877279000,0.7720457668730601,0.7721173000602252,0.7720219254226821,0.7721173000602252,33000000,1
1294877280000,1294877339000,0.7721173000602252,0.7721173000602252,0.7720517274657402,0.7720874929547016,58000000,1
1294877340000,1294877399000,0.7720815318097591,0.7721590338746168,0.7720517274657402,0.7721351854282648,53000000,1
1294877400000,1294877459000,0.772123261757507,0.7721888465043011,0.7720994155207425,0.7721709586502451,67000000,1
1294877460000,1294877519000,0.7721709586502451,0.7721948093064919,0.7720517274657402,0.7720994155207425,59000000,1
1294877520000,1294877579000,0.7720994155207425,0.7722186614361723,0.7720994155207425,0.7721948093064919,54000000,1
1294877580000,1294877639000,0.7721948093064919,0.7723498744931454,0.7721948093064919,0.7723081200475741,54000000,1
1294877640000,1294877699000,0.7723200494284832,0.7724691977907381,0.7723081200475741,0.7724691977907381,78000000,1
1294877700000,1294877759000,0.772499034376207,0.7725229053041422,0.7723618051640111,0.7724154977445468,106000000,1
1294877760000,1294877819000,0.7723916334538264,0.7724691977907381,0.7723498744931454,0.7724691977907381,53000000,1
1294877820000,1294877879000,0.772487099465439,0.7725229053041422,0.7724393635099644,0.7724393635099644,39000000,1
1294877880000,1294877939000,0.7724691977907381,0.7726781023025807,0.7724632307502163,0.7724930668747247,94000000,1
1294877940000,1294877999000,0.7724930668747247,0.7725169374338532,0.7723498744931454,0.7723618051640111,95000000,1
1294878000000,1294878059000,0.7723618051640111,0.7723618051640111,0.7722544423936799,0.7722961910351859,100000000,1
1294878060000,1294878119000,0.7722961910351859,0.7723200494284832,0.7721649962163915,0.7723200494284832,33000000,1
1294878120000,1294878179000,0.7723200494284832,0.7723200494284832,0.772242515039423,0.772242515039423,35000000,1
1294878180000,1294878239000,0.772242515039423,0.7723081200475741,0.7722007722007722,0.7722604062089737,49000000,1
1294878240000,1294878299000,0.7721888465043011,0.7722365515004557,0.7721649962163915,0.7721649962163915,58000000,1
1294878300000,1294878359000,0.7721649962163915,0.772242515039423,0.7721411474017451,0.7722007722007722,31000000,1
1294878360000,1294878419000,0.7722246246988324,0.7723379441908602,0.7722246246988324,0.7723140846919625,41000000,1
1294878420000,1294878479000,0.7723140846919625,0.7724751649234477,0.7722544423936799,0.7723379441908602,99000000,1
1294878480000,1294878539000,0.7723140846919625,0.7724453301817564,0.7723081200475741,0.772421464047643,71000000,1
1294878540000,1294878599000,0.772421464047643,0.7724811321483473,0.7723797018614351,0.7724095315336191,62000000,1
1294878600000,1294878659000,0.7724512969457276,0.7726124344245195,0.7721173000602252,0.7724751649234477,197000000,1
1294878660000,1294878719000,0.7724572638018802,0.7725945269403711,0.7724333969303496,0.7724632307502163,130000000,1
1294878720000,1294878779000,0.7724632307502163,0.7727019842986957,0.7723737362034742,0.7726184037703778,214000000,1
1294878780000,1294878839000,0.7725945269403711,0.7726124344245195,0.7724632307502163,0.7725288732666383,131000000,1
1294878840000,1294878899000,0.7724811321483473,0.7725288732666383,0.7723797018614351,0.7724691977907381,152000000,1
1294878900000,1294878959000,0.7724393635099644,0.7725169374338532,0.772403565414858,0.7724632307502163,178000000,1
1294878960000,1294879019000,0.7724453301817564,0.7726064651709006,0.7724154977445468,0.7725766202863169,112000000,1
1294879020000,1294879079000,0.7725766202863169,0.7725945269403711,0.7724751649234477,0.7725408094682602,69000000,1
1294879080000,1294879139000,0.7725825890787725,0.7725825890787725,0.7724691977907381,0.7724691977907381,60000000,1
1294879140000,1294879199000,0.7724512969457276,0.7725467777073902,0.7722246246988324,0.7724333969303496,132000000,1
1294879200000,1294879259000,0.7724333969303496,0.7724811321483473,0.7723975993882611,0.7724512969457276,85000000,1
1294879260000,1294879319000,0.7724512969457276,0.7724572638018802,0.7723737362034742,0.7723797018614351,54000000,1
1294879320000,1294879379000,0.7723975993882611,0.7724274304429098,0.7722902266671815,0.7723856676115518,80000000,1
1294879380000,1294879439000,0.772403565414858,0.7725229053041422,0.7722842623913011,0.772421464047643,83000000,1
1294879440000,1294879499000,0.7724333969303496,0.7725646829780823,0.7724095315336191,0.7724572638018802,60000000,1
1294879500000,1294879559000,0.7724691977907381,0.7725229053041422,0.7722663701163804,0.7723975993882611,159000000,1
1294879560000,1294879619000,0.772421464047643,0.7724512969457276,0.7723319791779298,0.7723677706376668,64000000,1
1294879620000,1294879679000,0.7723856676115518,0.7723856676115518,0.7718312468161961,0.7718312468161961,76000000,1
1294879680000,1294879739000,0.7718014617919686,0.7719265743442484,0.771741898639419,0.7719265743442484,118000000,1
1294879740000,1294879799000,0.7719265743442484,0.771962328238382,0.7718014617919686,0.7718550764908381,83000000,1
1294879800000,1294879859000,0.7717121205105647,0.7717955050629786,0.7713787623999135,0.7715275473910796,148000000,1
1294879860000,1294879919000,0.7715334999845693,0.7715870774596267,0.7714442207256205,0.7714442207256205,123000000,1
1294879920000,1294879979000,0.7714442207256205,0.7715573112770817,0.7714263673532361,0.7715573112770817,91000000,1
1294879980000,1294880039000,0.7715573112770817,0.7715930309717443,0.7714739781827159,0.7714739781827159,64000000,1
1294880040000,1294880099000,0.7714739781827159,0.7714739781827159,0.77131331518176,0.7713311633216605,96000000,1
1294880100000,1294880159000,0.771390663087414,0.771390663087414,0.771158665895508,0.7711884013264441,164000000,1
1294880160000,1294880219000,0.7711884013264441,0.7712657241799518,0.7711408257375961,0.7712597757176571,120000000,1
1294880220000,1294880279000,0.7712657241799518,0.7714323183855465,0.7712538273471182,0.7713787623999135,81000000,1
1294880280000,1294880339000,0.7713609120571424,0.7713728121938614,0.7712419308812981,0.7713014168807028,125000000,1
1294880340000,1294880399000,0.7713014168807028,0.7714204164127407,0.7713014168807028,0.771366862079605,86000000,1
1294880400000,1294880459000,0.771366862079605,0.7714858818083629,0.7713549621264714,0.7714799299496223,59000000,1
1294880460000,1294880519000,0.7714620749243967,0.7715930309717443,0.7713847126977638,0.7715930309717443,76000000,1
1294880520000,1294880579000,0.7716049382716049,0.7717538105344396,0.7715692174744997,0.7717359428298014,90000000,1
1294880580000,1294880639000,0.7717538105344396,0.7717538105344396,0.7716942547362735,0.7717299871121092,55000000,1
1294880640000,1294880699000,0.7717478545409644,0.7723797018614351,0.7716704349906243,0.7720040453011974,148000000,1
1294880700000,1294880759000,0.771992125680318,0.7721709586502451,0.7719265743442484,0.772123261757507,202000000,1
1294880760000,1294880819000,0.772123261757507,0.7722663701163804,0.772105376941845,0.7721828837941979,113000000,1
1294880820000,1294880879000,0.7721769211761799,0.7726661618581077,0.772123261757507,0.7726661618581077,89000000,1
1294880880000,1294880939000,0.7726601917742596,0.7726960136612655,0.7724572638018802,0.7725467777073902,104000000,1
1294880940000,1294880999000,0.7725467777073902,0.7725766202863169,0.7724751649234477,0.7725766202863169,66000000,1
1294881000000,1294881059000,0.7725646829780823,0.7725706515860875,0.772248478670497,0.772248478670497,83000000,1
1294881060000,1294881119000,0.772248478670497,0.7724154977445468,0.7722186614361723,0.7723737362034742,113000000,1
1294881120000,1294881179000,0.7723677706376668,0.7725527460387358,0.7722961910351859,0.7725527460387358,131000000,1
1294881180000,1294881239000,0.7725527460387358,0.7725885579634566,0.7723439092959313,0.7723439092959313,128000000,1
1294881240000,1294881299000,0.7723439092959313,0.7724333969303496,0.7722604062089737,0.7722782982075421,89000000,1
1294881300000,1294881359000,0.7722842623913011,0.7723677706376668,0.7722723341159026,0.7723081200475741,50000000,1
1294881360000,1294881419000,0.7722902266671815,0.7723797018614351,0.7721411474017451,0.7721888465043011,83000000,1
1294881420000,1294881479000,0.7722126982656102,0.7723498744931454,0.7721351854282648,0.7723200494284832,54000000,1
1294881480000,1294881539000,0.7723319791779298,0.772487099465439,0.7723319791779298,0.772487099465439,49000000,1
1294881540000,1294881599000,0.772487099465439,0.7725467777073902,0.7724274304429098,0.7725467777073902,59000000,1
1294881600000,1294881659000,0.7725467777073902,0.7726064651709006,0.7722961910351859,0.7723319791779298,90000000,1
1294881660000,1294881719000,0.7723498744931454,0.7724930668747247,0.7723498744931454,0.7724154977445468,61000000,1
1294881720000,1294881779000,0.7724154977445468,0.7724154977445468,0.772248478670497,0.7722842623913011,70000000,1
1294881780000,1294881839000,0.7722902266671815,0.7723498744931454,0.7722126982656102,0.7722246246988324,39000000,1
1294881840000,1294881899000,0.7722305880535928,0.7723916334538264,0.7722305880535928,0.7723677706376668,55000000,1
1294881900000,1294881959000,0.7723797018614351,0.7724691977907381,0.7723797018614351,0.7724393635099644,38000000,1
1294881960000,1294882019000,0.7724512969457276,0.7724751649234477,0.7724274304429098,0.7724453301817564,32000000,1
1294882020000,1294882079000,0.7724333969303496,0.7724572638018802,0.772123261757507,0.7721649962163915,60000000,1
1294882080000,1294882139000,0.7721769211761799,0.7723737362034742,0.7721769211761799,0.7723558397825045,58000000,1
1294882140000,1294882199000,0.7723379441908602,0.7724154977445468,0.7722365515004557,0.7724095315336191,54000000,1
1294882200000,1294882259000,0.7723916334538264,0.7723975993882611,0.772242515039423,0.7723260142571382,122000000,1
1294882260000,1294882319000,0.7723439092959313,0.7723916334538264,0.7722902266671815,0.7722902266671815,60000000,1
1294882320000,1294882379000,0.7722723341159026,0.7723081200475741,0.7721888465043011,0.7721888465043011,56000000,1
1294882380000,1294882439000,0.7721769211761799,0.7721769211761799,0.7720457668730601,0.7720934541916954,47000000,1
1294882440000,1294882499000,0.7720994155207425,0.772153071624919,0.7720576881504586,0.7720874929547016,78000000,1
1294882500000,1294882559000,0.7721113384550052,0.7722067351871442,0.7720278856472296,0.7722067351871442,71000000,1
1294882560000,1294882619000,0.7721828837941979,0.772242515039423,0.7721769211761799,0.7721888465043011,54000000,1
1294882620000,1294882679000,0.7721888465043011,0.772242515039423,0.7721828837941979,0.7722246246988324,38000000,1
1294882680000,1294882739000,0.7722246246988324,0.7722365515004557,0.7721351854282648,0.7721649962163915,55000000,1
1294882740000,1294882799000,0.772153071624919,0.772248478670497,0.772153071624919,0.772242515039423,54000000,1
1294882800000,1294882859000,0.7722663701163804,0.7722842623913011,0.7722663701163804,0.7722723341159026,26000000,1
1294882860000,1294882919000,0.7722723341159026,0.7722902266671815,0.7722723341159026,0.7722842623913011,7000000,1
1294882920000,1294882979000,0.7722842623913011,0.7723200494284832,0.7721828837941979,0.7722902266671815,66000000,1
1294882980000,1294883039000,0.7722961910351859,0.7724751649234477,0.7722961910351859,0.7724274304429098,41000000,1
1294883040000,1294883099000,0.7724572638018802,0.7724691977907381,0.7723797018614351,0.7724154977445468,35000000,1
1294883100000,1294883159000,0.7724333969303496,0.7725408094682602,0.7724333969303496,0.772510969655769,67000000,1
1294883160000,1294883219000,0.7725050019698878,0.7725945269403711,0.7725050019698878,0.7725945269403711,27000000,1
1294883220000,1294883279000,0.7725945269403711,0.7725945269403711,0.7725587144622992,0.7725587144622992,11000000,1
1294883280000,1294883339000,0.7725587144622992,0.7725587144622992,0.7723439092959313,0.7723439092959313,33000000,1
1294883340000,1294883399000,0.7723618051640111,0.772403565414858,0.7723558397825045,0.7723677706376668,15000000,1
1294883400000,1294883459000,0.7723737362034742,0.7724632307502163,0.7723737362034742,0.7724632307502163,19000000,1
1294883460000,1294883519000,0.7724811321483473,0.7725169374338532,0.7724811321483473,0.7725169374338532,22000000,1
1294883520000,1294883579000,0.7725348413213435,0.7725467777073902,0.7724512969457276,0.772487099465439,39000000,1
1294883580000,1294883639000,0.7724811321483473,0.7724811321483473,0.7723737362034742,0.7723797018614351,26000000,1
1294883640000,1294883699000,0.7723737362034742,0.7723737362034742,0.7722604062089737,0.7723200494284832,50000000,1
1294883700000,1294883759000,0.7723200494284832,0.7723558397825045,0.7722663701163804,0.7723200494284832,42000000,1
1294883760000,1294883819000,0.7723260142571382,0.7723916334538264,0.772302155495316,0.7723498744931454,66000000,1
1294883820000,1294883879000,0.7723737362034742,0.7723737362034742,0.7723618051640111,0.7723618051640111,5000000,1
1294883880000,1294883939000,0.7723856676115518,0.7723856676115518,0.7721828837941979,0.7723200494284832,65000000,1
1294883940000,1294883999000,0.7723200494284832,0.7723737362034742,0.7722604062089737,0.7723737362034742,23000000,1
1294884000000,1294884059000,0.7723737362034742,0.7723975993882611,0.772302155495316,0.772302155495316,30000000,1
1294884060000,1294884119000,0.7723081200475741,0.7723677706376668,0.7722961910351859,0.7723677706376668,22000000,1
1294884120000,1294884179000,0.7723379441908602,0.7723379441908602,0.7723200494284832,0.7723200494284832,3000000,1
1294884180000,1294884239000,0.7723439092959313,0.7723916334538264,0.7723140846919625,0.7723916334538264,11000000,1
1294884240000,1294884299000,0.7723916334538264,0.7723916334538264,0.7723319791779298,0.7723737362034742,36000000,1
1294884300000,1294884359000,0.7723975993882611,0.7723975993882611,0.7723737362034742,0.7723856676115518,14000000,1
1294884360000,1294884419000,0.7723856676115518,0.7723856676115518,0.7723319791779298,0.7723319791779298,15000000,1
1294884420000,1294884479000,0.7723558397825045,0.7724154977445468,0.7723260142571382,0.7724154977445468,21000000,1
1294884480000,1294884539000,0.7724154977445468,0.7724154977445468,0.7723498744931454,0.7724095315336191,52000000,1
1294884540000,1294884599000,0.7724154977445468,0.7724572638018802,0.7723379441908602,0.7723797018614351,53000000,1
1294884600000,1294884659000,0.7723677706376668,0.7724572638018802,0.7723558397825045,0.772421464047643,48000000,1
1294884660000,1294884719000,0.772421464047643,0.7724453301817564,0.7723797018614351,0.7724154977445468,29000000,1
1294884720000,1294884779000,0.7724274304429098,0.7724274304429098,0.7723797018614351,0.7723797018614351,26000000,1
1294884780000,1294884839000,0.772403565414858,0.7724333969303496,0.772403565414858,0.772421464047643,15000000,1
1294884840000,1294884899000,0.7724333969303496,0.7724512969457276,0.7724274304429098,0.7724333969303496,29000000,1
1294884900000,1294884959000,0.7724333969303496,0.7726184037703778,0.7724333969303496,0.7725527460387358,94000000,1
1294884960000,1294885019000,0.7725467777073902,0.7726422820762444,0.7725288732666383,0.7725825890787725,104000000,1
1294885020000,1294885079000,0.7725766202863169,0.7727318388699569,0.7725527460387358,0.7727079550283971,82000000,1
1294885080000,1294885139000,0.7727198967646218,0.7727198967646218,0.7725825890787725,0.7725945269403711,49000000,1
1294885140000,1294885199000,0.7725825890787725,0.7726721320342139,0.7725825890787725,0.7726661618581077,42000000,1
1294885200000,1294885259000,0.7726900431161043,0.7728453072832941,0.7726900431161043,0.7727975270479134,97000000,1
1294885260000,1294885319000,0.7727855829121653,0.7730902737512659,0.7727497527200792,0.7730305115142895,113000000,1
1294885320000,1294885379000,0.7730305115142895,0.7730484392152013,0.7729110147548713,0.7729647837244535,112000000,1
1294885380000,1294885439000,0.7729886834456744,0.7731620006339928,0.7729229627683009,0.7730603914777823,146000000,1
1294885440000,1294885499000,0.773054415300293,0.7733174545482667,0.773054415300293,0.7732576571839502,80000000,1
1294885500000,1294885559000,0.7732397197779255,0.7732397197779255,0.7730783205646564,0.7732217832040764,86000000,1
1294885560000,1294885619000,0.7731978690666728,0.7732217832040764,0.7730245357987663,0.7730603914777823,95000000,1
1294885620000,1294885679000,0.7730484392152013,0.773281575019912,0.7730066092065088,0.7732217832040764,95000000,1
1294885680000,1294885739000,0.7732217832040764,0.7733353955610549,0.7731500452292777,0.7733114743956571,52000000,1
1294885740000,1294885799000,0.7732935344927582,0.7733892235945584,0.7732397197779255,0.7732696159169818,60000000,1
1294885800000,1294885859000,0.7732696159169818,0.7732875547100945,0.7731799344343415,0.7731799344343415,40000000,1
1294885860000,1294885919000,0.7731799344343415,0.7734071679376324,0.7731082042242633,0.7733473566987348,90000000,1
1294885920000,1294885979000,0.7733353955610549,0.7734191312956317,0.7733353955610549,0.7733533374063276,79000000,1
1294885980000,1294886039000,0.7733294151309633,0.7733892235945584,0.7732576571839502,0.7733413760836445,34000000,1
1294886040000,1294886099000,0.7733353955610549,0.7734729709870288,0.7733353955610549,0.7734191312956317,37000000,1
1294886100000,1294886159000,0.7734191312956317,0.7734550235903782,0.7733952049497294,0.7734011863974198,29000000,1
1294886160000,1294886219000,0.7733952049497294,0.7734251131134228,0.7733473566987348,0.7733772611617674,20000000,1
1294886220000,1294886279000,0.7733772611617674,0.7733772611617674,0.7733174545482667,0.7733174545482667,15000000,1
1294886280000,1294886339000,0.7733353955610549,0.7733832423319051,0.7733353955610549,0.7733413760836445,10000000,1
1294886340000,1294886399000,0.7733413760836445,0.7734430591219874,0.7732516779561412,0.7733772611617674,55000000,1
1294886400000,1294886459000,0.773359318206425,0.7736225650229765,0.773359318206425,0.7735926415867932,66000000,1
1294886460000,1294886519000,0.7735926415867932,0.7736165801505458,0.7735687045044906,0.7736046106834796,23000000,1
1294886520000,1294886579000,0.7735687045044906,0.7735986260888401,0.7734191312956317,0.7734310950237443,42000000,1
1294886580000,1294886639000,0.7734310950237443,0.7734729709870288,0.7734011863974198,0.7734251131134228,17000000,1
1294886640000,1294886699000,0.7734251131134228,0.7735208347836848,0.7734251131134228,0.7735208347836848,16000000,1
1294886700000,1294886759000,0.7735208347836848,0.7735208347836848,0.7734669884289338,0.7734729709870288,11000000,1
1294886760000,1294886819000,0.7734550235903782,0.7734610059633843,0.7733114743956571,0.7733652990990294,44000000,1
1294886820000,1294886879000,0.7733652990990294,0.7734191312956317,0.7733652990990294,0.7733892235945584,16000000,1
1294886880000,1294886939000,0.7733892235945584,0.7733892235945584,0.7733652990990294,0.7733652990990294,18000000,1
1294886940000,1294886999000,0.7733652990990294,0.7733832423319051,0.7733533374063276,0.7733652990990294,18000000,1
1294887000000,1294887059000,0.7733652990990294,0.7734430591219874,0.7732337408275148,0.7732397197779255,42000000,1
1294887060000,1294887119000,0.7732397197779255,0.7732935344927582,0.7732397197779255,0.7732935344927582,26000000,1
1294887120000,1294887179000,0.7732935344927582,0.773413149570369,0.7732636365042297,0.7733952049497294,40000000,1
1294887180000,1294887239000,0.7733952049497294,0.7733952049497294,0.773323434793368,0.773323434793368,36000000,1
1294887240000,1294887299000,0.773323434793368,0.7734370770265986,0.773323434793368,0.7734370770265986,21000000,1
1294887300000,1294887359000,0.7734370770265986,0.7735447689035002,0.773413149570369,0.7735208347836848,85000000,1
1294887360000,1294887419000,0.7735208347836848,0.7735268181747861,0.7734011863974198,0.7734430591219874,27000000,1
1294887420000,1294887479000,0.7734610059633843,0.7735687045044906,0.7734370770265986,0.7735328016584544,46000000,1
1294887480000,1294887539000,0.7735447689035002,0.7736165801505458,0.7735148514851485,0.7735507526648824,78000000,1
1294887540000,1294887599000,0.7735507526648824,0.773730308563647,0.7734789536376716,0.7737003767920836,71000000,1
1294887600000,1294887659000,0.7737003767920836,0.7738500588126045,0.7736704473362527,0.7738500588126045,49000000,1
1294887660000,1294887719000,0.7738500588126045,0.7738500588126045,0.7737602426512121,0.7737602426512121,26000000,1
1294887720000,1294887779000,0.7737602426512121,0.7738261057975051,0.7736584762022654,0.7737422819207379,74000000,1
1294887780000,1294887839000,0.7737422819207379,0.7737901790550474,0.7736584762022654,0.7737063629611289,81000000,1
1294887840000,1294887899000,0.7737063629611289,0.7737063629611289,0.7736345350456445,0.7736584762022654,33000000,1
1294887900000,1294887959000,0.7736584762022654,0.773754255648406,0.77355673651884,0.7736225650229765,57000000,1
1294887960000,1294888019000,0.7735387852346918,0.773586657177337,0.7734909192166084,0.77355673651884,41000000,1
1294888020000,1294888079000,0.7735687045044906,0.7736046106834796,0.7734909192166084,0.7734909192166084,55000000,1
1294888080000,1294888139000,0.7734909192166084,0.7736046106834796,0.7734729709870288,0.773496902144907,67000000,1
1294888140000,1294888199000,0.773496902144907,0.7735148514851485,0.7734789536376716,0.7735088682791749,25000000,1
1294888200000,1294888259000,0.7735088682791749,0.7735088682791749,0.7734310950237443,0.7734550235903782,72000000,1
1294888260000,1294888319000,0.7734550235903782,0.7734849363808639,0.7734550235903782,0.7734789536376716,30000000,1
1294888320000,1294888379000,0.7735088682791749,0.7736465054387349,0.7735088682791749,0.7736105953707142,51000000,1
1294888380000,1294888439000,0.7736285499880088,0.7737422819207379,0.7735926415867932,0.7737422819207379,65000000,1
1294888440000,1294888499000,0.7737422819207379,0.7737422819207379,0.7735328016584544,0.7735328016584544,39000000,1
1294888500000,1294888559000,0.7735507526648824,0.7736285499880088,0.7735507526648824,0.7735926415867932,21000000,1
1294888560000,1294888619000,0.7736105953707142,0.7737482687382486,0.7735986260888401,0.7736105953707142,59000000,1
1294888620000,1294888679000,0.7735986260888401,0.7736824188407143,0.7735926415867932,0.7735926415867932,41000000,1
1294888680000,1294888739000,0.7735986260888401,0.7735986260888401,0.7734370770265986,0.7734370770265986,52000000,1
1294888740000,1294888799000,0.7734191312956317,0.7734310950237443,0.7733533374063276,0.7734310950237443,12000000,1
1294888800000,1294888859000,0.7734310950237443,0.7734550235903782,0.7733473566987348,0.7734071679376324,32000000,1
1294888860000,1294888919000,0.7734071679376324,0.773413149570369,0.7733832423319051,0.773413149570369,19000000,1
1294888920000,1294888979000,0.773413149570369,0.7734430591219874,0.7733174545482667,0.7734310950237443,46000000,1
1294888980000,1294889039000,0.7734191312956317,0.7734191312956317,0.7733772611617674,0.7733772611617674,21000000,1
1294889040000,1294889099000,0.7733832423319051,0.7734909192166084,0.7733832423319051,0.7734251131134228,63000000,1
1294889100000,1294889159000,0.7734011863974198,0.7734251131134228,0.7733952049497294,0.7734251131134228,19000000,1
1294889160000,1294889219000,0.7734191312956317,0.7734490413099133,0.7734191312956317,0.7734490413099133,21000000,1
1294889220000,1294889279000,0.7734490413099133,0.7734669884289338,0.7734490413099133,0.7734669884289338,10000000,1
1294889280000,1294889339000,0.7734789536376716,0.7735627204653753,0.7734789536376716,0.7735088682791749,30000000,1
1294889340000,1294889399000,0.7735208347836848,0.7735447689035002,0.7735208347836848,0.7735268181747861,15000000,1
1294889400000,1294889459000,0.7735328016584544,0.7735986260888401,0.7735328016584544,0.7735387852346918,13000000,1
1294889460000,1294889519000,0.7735387852346918,0.7735986260888401,0.7734610059633843,0.7735627204653753,102000000,1
1294889520000,1294889579000,0.7735627204653753,0.7735687045044906,0.7734490413099133,0.7734490413099133,100000000,1
1294889580000,1294889639000,0.7734729709870288,0.773496902144907,0.7732935344927582,0.7734550235903782,111000000,1
1294889640000,1294889699000,0.7734550235903782,0.7734550235903782,0.7733353955610549,0.7733353955610549,35000000,1
1294889700000,1294889759000,0.773323434793368,0.7733832423319051,0.7732875547100945,0.7732995143679049,99000000,1
1294889760000,1294889819000,0.7732935344927582,0.7733652990990294,0.7732696159169818,0.7733174545482667,81000000,1
1294889820000,1294889879000,0.7733114743956571,0.7733174545482667,0.7732995143679049,0.7733174545482667,14000000,1
1294889880000,1294889939000,0.7733174545482667,0.7735926415867932,0.7732875547100945,0.7735926415867932,54000000,1
1294889940000,1294889999000,0.7735926415867932,0.7736345350456445,0.773496902144907,0.7735687045044906,58000000,1
1294890000000,1294890059000,0.7735687045044906,0.7735926415867932,0.7734729709870288,0.7735627204653753,68000000,1
1294890060000,1294890119000,0.7735627204653753,0.7735687045044906,0.7735088682791749,0.7735687045044906,22000000,1
1294890120000,1294890179000,0.7735687045044906,0.7736524907741941,0.7735328016584544,0.7736405201958858,62000000,1
1294890180000,1294890239000,0.7736764330421732,0.7736764330421732,0.7736105953707142,0.7736285499880088,22000000,1
1294890240000,1294890299000,0.7736465054387349,0.7736884047318783,0.7735627204653753,0.7735627204653753,48000000,1
1294890300000,1294890359000,0.7735328016584544,0.7735926415867932,0.773496902144907,0.7735088682791749,36000000,1
1294890360000,1294890419000,0.7735028851657616,0.7735028851657616,0.7734011863974198,0.7734430591219874,30000000,1
1294890420000,1294890479000,0.7734430591219874,0.7734430591219874,0.773359318206425,0.773359318206425,21000000,1
1294890480000,1294890539000,0.773359318206425,0.773359318206425,0.7731500452292777,0.7731560228854182,80000000,1
1294890540000,1294890599000,0.7731560228854182,0.7732636365042297,0.7731321128154379,0.7732158045310447,81000000,1
1294890600000,1294890659000,0.7732098259504682,0.7732755954222086,0.7731918907634497,0.7732696159169818,55000000,1
1294890660000,1294890719000,0.7732696159169818,0.7733054943355372,0.7732038474623449,0.7732277619695658,49000000,1
1294890720000,1294890779000,0.7732277619695658,0.7732935344927582,0.7732277619695658,0.7732875547100945,27000000,1
1294890780000,1294890839000,0.7733054943355372,0.7733054943355372,0.7732397197779255,0.7732397197779255,10000000,1
1294890840000,1294890899000,0.7732397197779255,0.7732636365042297,0.7731859125526733,0.7732337408275148,28000000,1
1294890900000,1294890959000,0.7732456988208003,0.7733294151309633,0.7732038474623449,0.7733054943355372,70000000,1
1294890960000,1294891019000,0.7733114743956571,0.7733712800841428,0.7732397197779255,0.7733712800841428,40000000,1
1294891020000,1294891079000,0.7733533374063276,0.7733832423319051,0.7733533374063276,0.7733832423319051,17000000,1
1294891080000,1294891139000,0.7733892235945584,0.773496902144907,0.7733832423319051,0.773496902144907,53000000,1
1294891140000,1294891199000,0.773496902144907,0.773496902144907,0.7734490413099133,0.7734490413099133,21000000,1
1294891200000,1294891259000,0.7734669884289338,0.7735088682791749,0.7734550235903782,0.7735088682791749,23000000,1
1294891260000,1294891319000,0.7735148514851485,0.7735328016584544,0.7733952049497294,0.7734729709870288,67000000,1
1294891320000,1294891379000,0.7734729709870288,0.77355673651884,0.7734729709870288,0.7735328016584544,35000000,1
1294891380000,1294891439000,0.7735328016584544,0.7735328016584544,0.7734550235903782,0.7734729709870288,21000000,1
1294891440000,1294891499000,0.7735028851657616,0.7736405201958858,0.7735028851657616,0.7736405201958858,25000000,1
1294891500000,1294891559000,0.7736345350456445,0.7736345350456445,0.773586657177337,0.7735926415867932,43000000,1
1294891560000,1294891619000,0.7736046106834796,0.7736046106834796,0.7735148514851485,0.7735627204653753,40000000,1
1294891620000,1294891679000,0.7735627204653753,0.7735687045044906,0.7735447689035002,0.7735687045044906,7000000,1
1294891680000,1294891739000,0.7735507526648824,0.7735687045044906,0.7735507526648824,0.7735687045044906,16000000,1
1294891740000,1294891799000,0.7735507526648824,0.7736465054387349,0.7735387852346918,0.7736345350456445,28000000,1
1294891800000,1294891859000,0.7736046106834796,0.7736105953707142,0.77355673651884,0.7735926415867932,16000000,1
1294891860000,1294891919000,0.7735926415867932,0.7736105953707142,0.7735926415867932,0.7736105953707142,3000000,1
1294891920000,1294891979000,0.7736225650229765,0.7736644617229507,0.7736165801505458,0.7736225650229765,11000000,1
1294891980000,1294892039000,0.7736165801505458,0.7737183355771166,0.7736165801505458,0.7736824188407143,33000000,1
1294892040000,1294892099000,0.7736704473362527,0.7736704473362527,0.7735088682791749,0.7735088682791749,27000000,1
1294892100000,1294892159000,0.773496902144907,0.7735746886361878,0.773496902144907,0.7735507526648824,47000000,1
1294892160000,1294892219000,0.7735447689035002,0.7735627204653753,0.7735088682791749,0.7735627204653753,20000000,1
1294892220000,1294892279000,0.77355673651884,0.77355673651884,0.7734849363808639,0.773496902144907,33000000,1
1294892280000,1294892339000,0.7735028851657616,0.7735208347836848,0.7734789536376716,0.7734789536376716,13000000,1
1294892340000,1294892399000,0.7734789536376716,0.7735088682791749,0.7734789536376716,0.7735028851657616,22000000,1
1294892400000,1294892459000,0.7735028851657616,0.7735148514851485,0.7734610059633843,0.7734909192166084,21000000,1
1294892460000,1294892519000,0.7735028851657616,0.7735028851657616,0.7734550235903782,0.7734550235903782,12000000,1
1294892520000,1294892579000,0.7734550235903782,0.7734550235903782,0.7733952049497294,0.7734251131134228,39000000,1
1294892580000,1294892639000,0.7734251131134228,0.7736225650229765,0.7734011863974198,0.7735387852346918,62000000,1
1294892640000,1294892699000,0.7735208347836848,0.7735806728604693,0.7735148514851485,0.7735268181747861,63000000,1
1294892700000,1294892759000,0.7735268181747861,0.7736046106834796,0.7735088682791749,0.7735088682791749,36000000,1
1294892760000,1294892819000,0.7735088682791749,0.7735148514851485,0.7733832423319051,0.7735028851657616,60000000,1
1294892820000,1294892879000,0.7735028851657616,0.7735627204653753,0.7734550235903782,0.7735627204653753,33000000,1
1294892880000,1294892939000,0.773586657177337,0.7735926415867932,0.7735447689035002,0.7735926415867932,13000000,1
1294892940000,1294892999000,0.7735447689035002,0.7735447689035002,0.7734909192166084,0.7735028851657616,35000000,1
1294893000000,1294893059000,0.7735028851657616,0.7735447689035002,0.7734789536376716,0.7735447689035002,40000000,1
1294893060000,1294893119000,0.7735806728604693,0.7736105953707142,0.7735088682791749,0.7735088682791749,28000000,1
1294893120000,1294893179000,0.7735328016584544,0.7735627204653753,0.7734909192166084,0.7735387852346918,56000000,1
1294893180000,1294893239000,0.7735268181747861,0.77355673651884,0.7734849363808639,0.77355673651884,39000000,1
1294893240000,1294893299000,0.7735507526648824,0.7735806728604693,0.7735028851657616,0.7735328016584544,35000000,1
1294893300000,1294893359000,0.77355673651884,0.7736105953707142,0.7735507526648824,0.7735687045044906,31000000,1
1294893360000,1294893419000,0.7735687045044906,0.7735806728604693,0.7735627204653753,0.7735687045044906,17000000,1
1294893420000,1294893479000,0.7735627204653753,0.7735687045044906,0.7735328016584544,0.7735447689035002,20000000,1
1294893480000,1294893539000,0.7735447689035002,0.7735687045044906,0.7735028851657616,0.7735028851657616,24000000,1
1294893540000,1294893599000,0.7735028851657616,0.7735387852346918,0.7734310950237443,0.7735387852346918,22000000,1
1294893600000,1294893659000,0.7735148514851485,0.7735148514851485,0.7735148514851485,0.7735148514851485,2000000,1
1294893660000,1294893719000,0.7734909192166084,0.773496902144907,0.7733294151309633,0.7733652990990294,34000000,1
1294893720000,1294893779000,0.7733772611617674,0.7735447689035002,0.7733772611617674,0.7734909192166084,44000000,1
1294893780000,1294893839000,0.7734849363808639,0.7735028851657616,0.7734550235903782,0.7734550235903782,24000000,1
1294893840000,1294893899000,0.7734729709870288,0.7734789536376716,0.7734550235903782,0.7734550235903782,9000000,1
1294893900000,1294893959000,0.7734490413099133,0.7734909192166084,0.7734490413099133,0.7734729709870288,9000000,1
1294893960000,1294894019000,0.7735028851657616,0.7735028851657616,0.7734550235903782,0.7734550235903782,27000000,1
1294894020000,1294894079000,0.7734729709870288,0.7735088682791749,0.7734729709870288,0.7735088682791749,7000000,1
1294894080000,1294894139000,0.7735208347836848,0.7735627204653753,0.7735148514851485,0.7735387852346918,15000000,1
1294894140000,1294894199000,0.7735148514851485,0.7735148514851485,0.7735148514851485,0.7735148514851485,2000000,1
1294894200000,1294894259000,0.7735387852346918,0.7735387852346918,0.7735387852346918,0.7735387852346918,2000000,1
1294894260000,1294894319000,0.7735387852346918,0.77355673651884,0.7735208347836848,0.7735208347836848,7000000,1
1294894320000,1294894379000,0.7735088682791749,0.7735208347836848,0.7734669884289338,0.7735028851657616,26000000,1
1294894380000,1294894439000,0.7734789536376716,0.7734909192166084,0.7734789536376716,0.7734789536376716,5000000,1
1294894440000,1294894499000,0.7734610059633843,0.7734789536376716,0.7734310950237443,0.7734310950237443,36000000,1
1294894500000,1294894559000,0.7734310950237443,0.7734370770265986,0.7733772611617674,0.7733892235945584,74000000,1
1294894560000,1294894619000,0.7733772611617674,0.7733952049497294,0.773281575019912,0.773281575019912,95000000,1
1294894620000,1294894679000,0.773281575019912,0.7732935344927582,0.7732576571839502,0.7732576571839502,56000000,1
1294894680000,1294894739000,0.7732576571839502,0.7733353955610549,0.7732576571839502,0.7733353955610549,70000000,1
1294894740000,1294894799000,0.7733353955610549,0.7733652990990294,0.7732038474623449,0.7732696159169818,81000000,1
1294894800000,1294894859000,0.7732696159169818,0.7732875547100945,0.7731201583350084,0.7731261355290115,84000000,1
1294894860000,1294894919000,0.7731261355290115,0.7735507526648824,0.7731201583350084,0.773413149570369,150000000,1
1294894920000,1294894979000,0.7734071679376324,0.773413149570369,0.7731560228854182,0.7732038474623449,173000000,1
1294894980000,1294895039000,0.7732038474623449,0.7732456988208003,0.7730962504831851,0.7731022273075169,110000000,1
1294895040000,1294895099000,0.7731022273075169,0.7731321128154379,0.7730125846448781,0.7730902737512659,102000000,1
1294895100000,1294895159000,0.7730902737512659,0.7732038474623449,0.7730663677476711,0.7731082042242633,95000000,1
1294895160000,1294895219000,0.7731082042242633,0.7731201583350084,0.7730783205646564,0.7730783205646564,16000000,1
1294895220000,1294895279000,0.7730783205646564,0.7730962504831851,0.772994658606909,0.772994658606909,38000000,1
1294895280000,1294895339000,0.7730125846448781,0.7731201583350084,0.7730125846448781,0.7731201583350084,61000000,1
1294895340000,1294895399000,0.7731201583350084,0.7731201583350084,0.7730842971117571,0.7731022273075169,28000000,1
1294895400000,1294895459000,0.7731022273075169,0.7731440676655688,0.7730663677476711,0.7731321128154379,59000000,1
1294895460000,1294895519000,0.7731082042242633,0.7732098259504682,0.7731022273075169,0.7732098259504682,67000000,1
1294895520000,1294895579000,0.7732098259504682,0.7732636365042297,0.7731679784750035,0.7732277619695658,63000000,1
1294895580000,1294895639000,0.7732277619695658,0.7732696159169818,0.7731799344343415,0.7732337408275148,54000000,1
1294895640000,1294895699000,0.7732516779561412,0.7732696159169818,0.7731859125526733,0.7732696159169818,35000000,1
1294895700000,1294895759000,0.7732636365042297,0.7732995143679049,0.7731859125526733,0.7732158045310447,48000000,1
1294895760000,1294895819000,0.7732158045310447,0.7732217832040764,0.7732158045310447,0.7732217832040764,18000000,1
1294895820000,1294895879000,0.7732217832040764,0.7732337408275148,0.7732098259504682,0.7732217832040764,32000000,1
1294895880000,1294895939000,0.7732098259504682,0.7732337408275148,0.7731739564084524,0.7731859125526733,30000000,1
1294895940000,1294895999000,0.7731859125526733,0.7731859125526733,0.7731500452292777,0.7731500452292777,29000000,1
1294896000000,1294896059000,0.7731620006339928,0.7732217832040764,0.7731560228854182,0.7731978690666728,19000000,1
1294896060000,1294896119000,0.7732217832040764,0.7732755954222086,0.7731978690666728,0.7732098259504682,38000000,1
1294896120000,1294896179000,0.7731978690666728,0.7731978690666728,0.7731799344343415,0.7731978690666728,15000000,1
1294896180000,1294896239000,0.7731978690666728,0.7732576571839502,0.7731978690666728,0.7732576571839502,29000000,1
1294896240000,1294896299000,0.7732576571839502,0.7732576571839502,0.7732038474623449,0.7732337408275148,21000000,1
1294896300000,1294896359000,0.7732337408275148,0.7732397197779255,0.7731859125526733,0.7732098259504682,24000000,1
1294896360000,1294896419000,0.7732098259504682,0.7732397197779255,0.7732038474623449,0.7732217832040764,29000000,1
1294896420000,1294896479000,0.7732158045310447,0.7732755954222086,0.7732158045310447,0.7732755954222086,27000000,1
1294896480000,1294896539000,0.7732875547100945,0.773323434793368,0.7732875547100945,0.7732935344927582,18000000,1
1294896540000,1294896599000,0.7732875547100945,0.7733054943355372,0.7732277619695658,0.7732516779561412,26000000,1
1294896600000,1294896659000,0.7732576571839502,0.773281575019912,0.7732217832040764,0.7732516779561412,44000000,1
1294896660000,1294896719000,0.7732516779561412,0.7733174545482667,0.7732337408275148,0.7732755954222086,50000000,1
1294896720000,1294896779000,0.7732755954222086,0.773323434793368,0.7732098259504682,0.773281575019912,64000000,1
1294896780000,1294896839000,0.773281575019912,0.7733294151309633,0.773281575019912,0.7733054943355372,27000000,1
1294896840000,1294896899000,0.773323434793368,0.7733772611617674,0.7733114743956571,0.7733473566987348,27000000,1
1294896900000,1294896959000,0.7733473566987348,0.7733473566987348,0.7732696159169818,0.7732696159169818,24000000,1
1294896960000,1294897019000,0.7732576571839502,0.7733114743956571,0.7732337408275148,0.7732696159169818,60000000,1
1294897020000,1294897079000,0.7732696159169818,0.7733114743956571,0.7732516779561412,0.7732516779561412,18000000,1
1294897080000,1294897139000,0.7732576571839502,0.7732576571839502,0.7731201583350084,0.7731380901942896,47000000,1
1294897140000,1294897199000,0.7731201583350084,0.773281575019912,0.7731201583350084,0.7732038474623449,133000000,1
1294897200000,1294897259000,0.7731918907634497,0.7733054943355372,0.7731679784750035,0.7732337408275148,105000000,1
1294897260000,1294897319000,0.7732337408275148,0.7733473566987348,0.7731799344343415,0.7732158045310447,126000000,1
1294897320000,1294897379000,0.7732038474623449,0.7732456988208003,0.7731440676655688,0.7731440676655688,81000000,1
1294897380000,1294897439000,0.7731440676655688,0.7731620006339928,0.7730723441099618,0.7730842971117571,70000000,1
1294897440000,1294897499000,0.7730723441099618,0.7731620006339928,0.7730723441099618,0.7730842971117571,124000000,1
1294897500000,1294897559000,0.7730962504831851,0.7731321128154379,0.7730663677476711,0.7730842971117571,84000000,1
1294897560000,1294897619000,0.7731022273075169,0.7731321128154379,0.7731022273075169,0.7731321128154379,34000000,1
1294897620000,1294897679000,0.7731440676655688,0.7732277619695658,0.7730902737512659,0.7731978690666728,83000000,1
1294897680000,1294897739000,0.7731799344343415,0.7732935344927582,0.7731500452292777,0.7732397197779255,93000000,1
1294897740000,1294897799000,0.7732576571839502,0.7733712800841428,0.7732576571839502,0.7733712800841428,58000000,1
1294897800000,1294897859000,0.7733712800841428,0.7733892235945584,0.7733353955610549,0.7733353955610549,31000000,1
1294897860000,1294897919000,0.7733054943355372,0.773413149570369,0.7733054943355372,0.773359318206425,69000000,1
1294897920000,1294897979000,0.7733413760836445,0.7734550235903782,0.773323434793368,0.7734251131134228,92000000,1
1294897980000,1294898039000,0.7734370770265986,0.77355673651884,0.7733952049497294,0.7735387852346918,95000000,1
1294898040000,1294898099000,0.7735387852346918,0.7735507526648824,0.7734729709870288,0.7735447689035002,72000000,1
1294898100000,1294898159000,0.7735447689035002,0.7737003767920836,0.7735088682791749,0.7736943907156674,110000000,1
1294898160000,1294898219000,0.7736943907156674,0.773874013310633,0.7736405201958858,0.7738500588126045,92000000,1
1294898220000,1294898279000,0.7738500588126045,0.7739159372508958,0.7737063629611289,0.7737063629611289,164000000,1
1294898280000,1294898339000,0.7736943907156674,0.7737782042155437,0.7736943907156674,0.7737722169347787,78000000,1
1294898340000,1294898399000,0.7737722169347787,0.7737722169347787,0.7736764330421732,0.7736764330421732,87000000,1
1294898400000,1294898459000,0.7736345350456445,0.7737183355771166,0.7736285499880088,0.7736824188407143,82000000,1
1294898460000,1294898519000,0.7736824188407143,0.7737961666137906,0.7736644617229507,0.7736704473362527,102000000,1
1294898520000,1294898579000,0.773712349222806,0.7737841915889657,0.7736884047318783,0.773712349222806,77000000,1
1294898580000,1294898639000,0.773712349222806,0.7737362951958714,0.7736105953707142,0.7736584762022654,76000000,1
1294898640000,1294898699000,0.7736644617229507,0.7737243220240627,0.7736405201958858,0.7737063629611289,76000000,1
1294898700000,1294898759000,0.7737063629611289,0.7737063629611289,0.773586657177337,0.7735986260888401,22000000,1
1294898760000,1294898819000,0.7735986260888401,0.7736524907741941,0.773586657177337,0.7736225650229765,24000000,1
1294898820000,1294898879000,0.7735926415867932,0.7738081420092702,0.7735926415867932,0.7737183355771166,54000000,1
1294898880000,1294898939000,0.7737362951958714,0.773814129846011,0.7736824188407143,0.773814129846011,34000000,1
1294898940000,1294898999000,0.773814129846011,0.773814129846011,0.7735806728604693,0.7736105953707142,54000000,1
1294899000000,1294899059000,0.7736105953707142,0.7736405201958858,0.7736105953707142,0.7736285499880088,41000000,1
1294899060000,1294899119000,0.7736285499880088,0.7736764330421732,0.7736105953707142,0.7736584762022654,24000000,1
1294899120000,1294899179000,0.7736405201958858,0.7736524907741941,0.7734849363808639,0.7734909192166084,71000000,1
1294899180000,1294899239000,0.7734909192166084,0.7735328016584544,0.7734909192166084,0.7735088682791749,25000000,1
1294899240000,1294899299000,0.7735088682791749,0.7735088682791749,0.7733952049497294,0.7734849363808639,38000000,1
1294899300000,1294899359000,0.7734550235903782,0.7734550235903782,0.773413149570369,0.7734251131134228,19000000,1
1294899360000,1294899419000,0.7734310950237443,0.7735627204653753,0.7734310950237443,0.7734789536376716,68000000,1
1294899420000,1294899479000,0.7734789536376716,0.7737422819207379,0.7734789536376716,0.7736584762022654,59000000,1
1294899480000,1294899539000,0.7736704473362527,0.7736884047318783,0.7735986260888401,0.7736345350456445,30000000,1
1294899540000,1294899599000,0.7736345350456445,0.7736345350456445,0.77355673651884,0.7735926415867932,36000000,1
1294899600000,1294899659000,0.7735926415867932,0.7735926415867932,0.77355673651884,0.77355673651884,29000000,1
1294899660000,1294899719000,0.7735687045044906,0.7736285499880088,0.77355673651884,0.7735986260888401,29000000,1
1294899720000,1294899779000,0.7736165801505458,0.7737782042155437,0.77355673651884,0.7735806728604693,67000000,1
1294899780000,1294899839000,0.7735806728604693,0.7736644617229507,0.7735447689035002,0.7736644617229507,89000000,1
1294899840000,1294899899000,0.7736465054387349,0.7737841915889657,0.7736105953707142,0.7737362951958714,79000000,1
1294899900000,1294899959000,0.773754255648406,0.7737782042155437,0.7736943907156674,0.7737183355771166,38000000,1
1294899960000,1294900019000,0.7737183355771166,0.7737183355771166,0.7736884047318783,0.7737003767920836,18000000,1
1294900020000,1294900079000,0.7737243220240627,0.7737243220240627,0.7736824188407143,0.7736884047318783,35000000,1
1294900080000,1294900139000,0.7736884047318783,0.7736884047318783,0.7736704473362527,0.7736704473362527,8000000,1
1294900140000,1294900199000,0.7736644617229507,0.7736644617229507,0.7736345350456445,0.7736405201958858,29000000,1
1294900200000,1294900259000,0.7736405201958858,0.7736405201958858,0.7735268181747861,0.7735328016584544,31000000,1
1294900260000,1294900319000,0.7735208347836848,0.7735328016584544,0.7734849363808639,0.7735268181747861,53000000,1
1294900320000,1294900379000,0.7735507526648824,0.7736524907741941,0.7735088682791749,0.7736225650229765,67000000,1
1294900380000,1294900439000,0.7736225650229765,0.7737482687382486,0.7736225650229765,0.7737003767920836,54000000,1
1294900440000,1294900499000,0.7737003767920836,0.7738380821196973,0.7736704473362527,0.7738261057975051,54000000,1
1294900500000,1294900559000,0.7737362951958714,0.773862035876244,0.7737362951958714,0.7738201177754219,62000000,1
1294900560000,1294900619000,0.7738201177754219,0.7738320939122629,0.7735268181747861,0.7735627204653753,74000000,1
1294900620000,1294900679000,0.7735627204653753,0.7736824188407143,0.7735627204653753,0.7735986260888401,45000000,1
1294900680000,1294900739000,0.7735986260888401,0.7735986260888401,0.7733952049497294,0.7734430591219874,41000000,1
1294900740000,1294900799000,0.7734430591219874,0.7736165801505458,0.7733353955610549,0.7733413760836445,91000000,1
1294900800000,1294900859000,0.7733832423319051,0.7733892235945584,0.7733652990990294,0.7733892235945584,78000000,1
1294900860000,1294900919000,0.7733892235945584,0.7734191312956317,0.7733473566987348,0.7733712800841428,58000000,1
1294900920000,1294900979000,0.7733413760836445,0.7735088682791749,0.7733174545482667,0.7735088682791749,56000000,1
1294900980000,1294901039000,0.7735088682791749,0.7735447689035002,0.7733473566987348,0.7734011863974198,70000000,1
1294901040000,1294901099000,0.7734191312956317,0.7734849363808639,0.7733892235945584,0.7733892235945584,35000000,1
1294901100000,1294901159000,0.7734729709870288,0.7734729709870288,0.773359318206425,0.773359318206425,20000000,1
1294901160000,1294901219000,0.7733712800841428,0.7734669884289338,0.7733353955610549,0.7734071679376324,36000000,1
1294901220000,1294901279000,0.7733892235945584,0.7734729709870288,0.773359318206425,0.7734550235903782,75000000,1
1294901280000,1294901339000,0.7734550235903782,0.773586657177337,0.7734550235903782,0.7735507526648824,56000000,1
1294901340000,1294901399000,0.7735028851657616,0.77355673651884,0.7734849363808639,0.7734849363808639,30000000,1
1294901400000,1294901459000,0.7734849363808639,0.77355673651884,0.7734789536376716,0.7735208347836848,25000000,1
1294901460000,1294901519000,0.7735268181747861,0.7735507526648824,0.7734789536376716,0.7734789536376716,31000000,1
1294901520000,1294901579000,0.7734729709870288,0.7735028851657616,0.7734490413099133,0.7734490413099133,30000000,1
1294901580000,1294901639000,0.7734610059633843,0.7734729709870288,0.7733174545482667,0.7733473566987348,32000000,1
1294901640000,1294901699000,0.7733533374063276,0.7733652990990294,0.7732755954222086,0.773323434793368,49000000,1
1294901700000,1294901759000,0.773323434793368,0.7734310950237443,0.7732995143679049,0.7733832423319051,67000000,1
1294901760000,1294901819000,0.7733892235945584,0.773586657177337,0.7733473566987348,0.7735088682791749,90000000,1
1294901820000,1294901879000,0.7735268181747861,0.7736046106834796,0.7734610059633843,0.7734849363808639,79000000,1
1294901880000,1294901939000,0.7734849363808639,0.7734849363808639,0.7734191312956317,0.7734191312956317,39000000,1
1294901940000,1294901999000,0.7734191312956317,0.7734550235903782,0.773281575019912,0.7733353955610549,67000000,1
1294902000000,1294902059000,0.7733892235945584,0.7735447689035002,0.7733294151309633,0.7734909192166084,100000000,1
1294902060000,1294902119000,0.7734909192166084,0.7735926415867932,0.7734909192166084,0.7735447689035002,55000000,1
1294902120000,1294902179000,0.7736046106834796,0.7736345350456445,0.7734789536376716,0.7734789536376716,55000000,1
1294902180000,1294902239000,0.7734669884289338,0.7735208347836848,0.7733174545482667,0.7733294151309633,29000000,1
1294902240000,1294902299000,0.7733353955610549,0.7733772611617674,0.7732935344927582,0.7733772611617674,29000000,1
1294902300000,1294902359000,0.7733533374063276,0.7733892235945584,0.7732217832040764,0.7732217832040764,39000000,1
1294902360000,1294902419000,0.7732217832040764,0.7732217832040764,0.7731440676655688,0.7731500452292777,19000000,1
1294902420000,1294902479000,0.7731560228854182,0.7732217832040764,0.7730424632225048,0.7731082042242633,73000000,1
1294902480000,1294902539000,0.7730783205646564,0.7731321128154379,0.7730603914777823,0.7731082042242633,46000000,1
1294902540000,1294902599000,0.7731321128154379,0.7731799344343415,0.7730364873222015,0.7730723441099618,108000000,1
1294902600000,1294902659000,0.7730364873222015,0.7730842971117571,0.7728572532653218,0.7729647837244535,224000000,1
1294902660000,1294902719000,0.7729408854810784,0.7730842971117571,0.7729229627683009,0.7730305115142895,116000000,1
1294902720000,1294902779000,0.773054415300293,0.7731440676655688,0.7730364873222015,0.7731321128154379,74000000,1
1294902780000,1294902839000,0.7731321128154379,0.7731799344343415,0.7729886834456744,0.7730185601756298,108000000,1
1294902840000,1294902899000,0.7730245357987663,0.7731679784750035,0.772994658606909,0.7730364873222015,77000000,1
1294902900000,1294902959000,0.7730484392152013,0.7730484392152013,0.772899067110826,0.7729647837244535,79000000,1
1294902960000,1294903019000,0.7729349111511319,0.7729349111511319,0.7727437813444197,0.7728273890026663,82000000,1
1294903020000,1294903079000,0.7728333616705565,0.7729110147548713,0.7726363123614084,0.7726482518833302,116000000,1
1294903080000,1294903139000,0.7726064651709006,0.7726422820762444,0.772421464047643,0.7725706515860875,179000000,1
1294903140000,1294903199000,0.7725885579634566,0.7726960136612655,0.7724691977907381,0.7726243732084773,85000000,1
1294903200000,1294903259000,0.77263034273882,0.7726542217826677,0.7724453301817564,0.7725587144622992,54000000,1
1294903260000,1294903319000,0.7725706515860875,0.7726064651709006,0.7724811321483473,0.7725885579634566,73000000,1
1294903320000,1294903379000,0.7726184037703778,0.7726184037703778,0.7722544423936799,0.7723975993882611,153000000,1
1294903380000,1294903439000,0.7724691977907381,0.7726124344245195,0.7721649962163915,0.772302155495316,147000000,1
1294903440000,1294903499000,0.772302155495316,0.772302155495316,0.7721709586502451,0.7722902266671815,93000000,1
1294903500000,1294903559000,0.772302155495316,0.7723319791779298,0.7722067351871442,0.7722186614361723,73000000,1
1294903560000,1294903619000,0.7722604062089737,0.7722604062089737,0.771962328238382,0.7720874929547016,120000000,1
1294903620000,1294903679000,0.772105376941845,0.772302155495316,0.7720994155207425,0.7721649962163915,73000000,1
1294903680000,1294903739000,0.7721828837941979,0.7723498744931454,0.7721828837941979,0.7723379441908602,46000000,1
1294903740000,1294903799000,0.7723200494284832,0.7725169374338532,0.7723200494284832,0.772499034376207,49000000,1
1294903800000,1294903859000,0.772487099465439,0.772487099465439,0.7723081200475741,0.772403565414858,83000000,1
1294903860000,1294903919000,0.772421464047643,0.772499034376207,0.7723439092959313,0.7723439092959313,49000000,1
1294903920000,1294903979000,0.7723319791779298,0.7724632307502163,0.7723319791779298,0.772403565414858,55000000,1
1294903980000,1294904039000,0.7723797018614351,0.7724453301817564,0.7723439092959313,0.7723797018614351,61000000,1
1294904040000,1294904099000,0.7723558397825045,0.7723558397825045,0.7722305880535928,0.7722961910351859,74000000,1
1294904100000,1294904159000,0.7722782982075421,0.772403565414858,0.7721709586502451,0.7722007722007722,67000000,1
1294904160000,1294904219000,0.7722007722007722,0.772242515039423,0.7719384919409622,0.7721173000602252,145000000,1
1294904220000,1294904279000,0.7720994155207425,0.772153071624919,0.7720338459638071,0.7721113384550052,75000000,1
1294904280000,1294904339000,0.7721113384550052,0.772153071624919,0.7720398063724166,0.772153071624919,83000000,1
1294904340000,1294904399000,0.772153071624919,0.7721828837941979,0.7719265743442484,0.7720636489272175,89000000,1
1294904400000,1294904459000,0.7720517274657402,0.7721292235468528,0.7718431614695893,0.77187890763697,104000000,1
1294904460000,1294904519000,0.7719444508773148,0.7720815318097591,0.7718491189342307,0.7720636489272175,110000000,1
1294904520000,1294904579000,0.7720636489272175,0.7720636489272175,0.7718908237618871,0.7719086986391249,93000000,1
1294904580000,1294904639000,0.7719265743442484,0.7720576881504586,0.7718133755257979,0.7718431614695893,76000000,1
1294904640000,1294904699000,0.771682344679636,0.7718669918799592,0.7716585256692209,0.7718610341394134,94000000,1
1294904700000,1294904759000,0.7718610341394134,0.7719027402547278,0.7717121205105647,0.7717776354276806,101000000,1
1294904760000,1294904819000,0.7717359428298014,0.7717359428298014,0.7715930309717443,0.7716525711463671,89000000,1
1294904820000,1294904879000,0.7716168459389806,0.7718610341394134,0.7715989845757363,0.7718372040969119,110000000,1
1294904880000,1294904939000,0.7718074186129077,0.7719027402547278,0.7718074186129077,0.7718669918799592,61000000,1
1294904940000,1294904999000,0.7718848656534391,0.7719265743442484,0.7718193325306413,0.77187890763697,65000000,1
1294905000000,1294905059000,0.7718610341394134,0.7718729497124773,0.7715870774596267,0.7715870774596267,69000000,1
1294905060000,1294905119000,0.7716049382716049,0.771700209902457,0.7715096901617085,0.7716882996620005,128000000,1
1294905120000,1294905179000,0.7716882996620005,0.771741898639419,0.7714977858013546,0.7715156424796513,104000000,1
1294905180000,1294905239000,0.7715334999845693,0.7715870774596267,0.7714025641421232,0.7715037379356102,49000000,1
1294905240000,1294905299000,0.7714918337589397,0.7715037379356102,0.771390663087414,0.7714918337589397,67000000,1
1294905300000,1294905359000,0.7714918337589397,0.7715037379356102,0.7713252138499155,0.7714323183855465,131000000,1
1294905360000,1294905419000,0.7714501720333884,0.7715275473910796,0.7714025641421232,0.7714977858013546,78000000,1
1294905420000,1294905479000,0.7714977858013546,0.7716942547362735,0.7714204164127407,0.7715692174744997,95000000,1
1294905480000,1294905539000,0.7715751707110066,0.7718550764908381,0.7715751707110066,0.7718074186129077,108000000,1
1294905540000,1294905599000,0.7718252896274399,0.7719325330966074,0.7717299871121092,0.7717359428298014,129000000,1
1294905600000,1294905659000,0.7717538105344396,0.7717538105344396,0.7715156424796513,0.7716704349906243,127000000,1
1294905660000,1294905719000,0.771682344679636,0.7718431614695893,0.7716763897891781,0.7717895484259352,133000000,1
1294905720000,1294905779000,0.7718014617919686,0.7718074186129077,0.7715037379356102,0.7715334999845693,115000000,1
1294905780000,1294905839000,0.7715394526699122,0.7716763897891781,0.7715394526699122,0.7716644802839725,109000000,1
1294905840000,1294905899000,0.7716704349906243,0.7718312468161961,0.7716227999104918,0.7717538105344396,105000000,1
1294905900000,1294905959000,0.7717478545409644,0.772248478670497,0.7717180759524931,0.772248478670497,126000000,1
1294905960000,1294906019000,0.7722305880535928,0.7722305880535928,0.7719682875427477,0.7721351854282648,116000000,1
1294906020000,1294906079000,0.772153071624919,0.7721709586502451,0.7719027402547278,0.7719802064275072,87000000,1
1294906080000,1294906139000,0.7720219254226821,0.7721292235468528,0.7719563690260227,0.7720636489272175,90000000,1
1294906140000,1294906199000,0.7720696097960192,0.7720815318097591,0.7719206156838831,0.7719563690260227,83000000,1
1294906200000,1294906259000,0.7719742469391221,0.772153071624919,0.771962328238382,0.772153071624919,69000000,1
1294906260000,1294906319000,0.7721709586502451,0.7722723341159026,0.7720934541916954,0.7722365515004557,74000000,1
1294906320000,1294906379000,0.7722186614361723,0.7723916334538264,0.7722186614361723,0.7723737362034742,102000000,1
1294906380000,1294906439000,0.7723677706376668,0.7724572638018802,0.7722842623913011,0.7723260142571382,143000000,1
1294906440000,1294906499000,0.7723379441908602,0.7725706515860875,0.772248478670497,0.772421464047643,130000000,1
1294906500000,1294906559000,0.7724453301817564,0.7724453301817564,0.7722723341159026,0.772302155495316,130000000,1
1294906560000,1294906619000,0.772302155495316,0.7724453301817564,0.7722663701163804,0.772403565414858,81000000,1
1294906620000,1294906679000,0.772403565414858,0.7724811321483473,0.7720636489272175,0.7720636489272175,147000000,1
1294906680000,1294906739000,0.7720755707568657,0.7722067351871442,0.7720159652901623,0.7721292235468528,122000000,1
1294906740000,1294906799000,0.7721113384550052,0.7721292235468528,0.7719384919409622,0.7719563690260227,141000000,1
1294906800000,1294906859000,0.7719682875427477,0.7720040453011974,0.7717955050629786,0.7718074186129077,98000000,1
1294906860000,1294906919000,0.7718372040969119,0.7718550764908381,0.771741898639419,0.7718252896274399,58000000,1
1294906920000,1294906979000,0.7718372040969119,0.7718669918799592,0.7717478545409644,0.7717835918808366,59000000,1
1294906980000,1294907039000,0.7717835918808366,0.7718908237618871,0.7717657227971877,0.7717657227971877,50000000,1
1294907040000,1294907099000,0.7717776354276806,0.7718372040969119,0.7716585256692209,0.7717955050629786,106000000,1
1294907100000,1294907159000,0.7717716790664649,0.7718431614695893,0.7716704349906243,0.7717716790664649,134000000,1
1294907160000,1294907219000,0.7717895484259352,0.7717895484259352,0.7715394526699122,0.7716287539738881,121000000,1
1294907220000,1294907279000,0.7715870774596267,0.7716763897891781,0.7715215948894409,0.7716704349906243,119000000,1
1294907280000,1294907339000,0.7716704349906243,0.7717895484259352,0.7716287539738881,0.7716347081291717,99000000,1
1294907340000,1294907399000,0.7716347081291717,0.7717061651605535,0.7715930309717443,0.7716763897891781,101000000,1
1294907400000,1294907459000,0.7716942547362735,0.7717478545409644,0.7715215948894409,0.7717180759524931,167000000,1
1294907460000,1294907519000,0.7717180759524931,0.771896781962316,0.7716406623763445,0.7718312468161961,145000000,1
1294907520000,1294907579000,0.7718133755257979,0.7718133755257979,0.7715513583161664,0.7715632643298587,216000000,1
1294907580000,1294907639000,0.7715513583161664,0.7717299871121092,0.7714977858013546,0.7715573112770817,117000000,1
1294907640000,1294907699000,0.7715692174744997,0.771646616715409,0.7714680265076413,0.7714918337589397,111000000,1
1294907700000,1294907759000,0.7714680265076413,0.7714680265076413,0.7713549621264714,0.7713847126977638,86000000,1
1294907760000,1294907819000,0.7714204164127407,0.7714204164127407,0.7711884013264441,0.7712240868706811,111000000,1
1294907820000,1294907879000,0.7712538273471182,0.771366862079605,0.7711943486878129,0.7712597757176571,107000000,1
1294907880000,1294907939000,0.7712300347824746,0.7714085148071864,0.7712002961409137,0.771390663087414,79000000,1
1294907940000,1294907999000,0.7713847126977638,0.7715037379356102,0.7713490122875898,0.7713490122875898,75000000,1
1294908000000,1294908059000,0.77131331518176,0.77131331518176,0.7711824540568053,0.7711824540568053,55000000,1
1294908060000,1294908119000,0.7711824540568053,0.7712419308812981,0.7711348792017211,0.7711824540568053,36000000,1
1294908120000,1294908179000,0.7711824540568053,0.7713847126977638,0.7711289327575571,0.7712419308812981,141000000,1
1294908180000,1294908239000,0.7712419308812981,0.7712597757176571,0.7709981341845152,0.7711229864051017,147000000,1
1294908240000,1294908299000,0.7711705597927094,0.7712062436857489,0.7710754188867213,0.7710754188867213,102000000,1
1294908300000,1294908359000,0.7710219124427516,0.771057582580267,0.7709149218292268,0.771057582580267,80000000,1
1294908360000,1294908419000,0.7710754188867213,0.7711408257375961,0.7709446384655118,0.7710338021218851,94000000,1
1294908420000,1294908479000,0.7710338021218851,0.7710635279240656,0.7709208649732104,0.7710219124427516,83000000,1
1294908480000,1294908539000,0.7710219124427516,0.7710635279240656,0.770879264889533,0.7709565257615123,130000000,1
1294908540000,1294908599000,0.7708852074837537,0.7709208649732104,0.7705050660708095,0.7705050660708095,174000000,1
1294908600000,1294908659000,0.7705466257763257,0.7705822519495731,0.7701727497477684,0.7702617349375318,177000000,1
1294908660000,1294908719000,0.7702676680146351,0.7703922837508859,0.7701727497477684,0.7702617349375318,198000000,1
1294908720000,1294908779000,0.7702558019518282,0.7703744790342585,0.770208341356337,0.7703388720698235,148000000,1
1294908780000,1294908839000,0.7703626096803766,0.7703626096803766,0.770048205017634,0.770048205017634,145000000,1
1294908840000,1294908899000,0.770048205017634,0.7703210698219017,0.770048205017634,0.7701846132517965,158000000,1
1294908900000,1294908959000,0.7701846132517965,0.7703329378957585,0.7701608866092127,0.7702142736109185,129000000,1
1294908960000,1294909019000,0.7702261383942326,0.7703210698219017,0.7701668181328076,0.7702676680146351,84000000,1
1294909020000,1294909079000,0.7702617349375318,0.7702617349375318,0.7700778548711275,0.770202409193136,91000000,1
1294909080000,1294909139000,0.7702142736109185,0.7702854677943647,0.7701430925866026,0.7701430925866026,45000000,1
1294909140000,1294909199000,0.7701490238361123,0.770291401237088,0.7701490238361123,0.7702498690575222,81000000,1
1294909200000,1294909259000,0.7702854677943647,0.7703329378957585,0.7702380035430948,0.7703092021137286,91000000,1
1294909260000,1294909319000,0.7702795344430494,0.7702795344430494,0.7701430925866026,0.7701786814540974,68000000,1
1294909320000,1294909379000,0.7701490238361123,0.7701490238361123,0.7698703538324145,0.7699651975730697,189000000,1
1294909380000,1294909439000,0.769941484447182,0.7702261383942326,0.769941484447182,0.7702142736109185,133000000,1
1294909440000,1294909499000,0.7702142736109185,0.77035667514059,0.7701608866092127,0.7703210698219017,72000000,1
1294909500000,1294909559000,0.7703388720698235,0.7704041540191985,0.7702617349375318,0.7702676680146351,84000000,1
1294909560000,1294909619000,0.7702854677943647,0.7704872561407835,0.7702854677943647,0.7704100892905292,61000000,1
1294909620000,1294909679000,0.7704100892905292,0.7706000662716057,0.7704100892905292,0.7704753833115031,114000000,1
1294909680000,1294909739000,0.7704635108481263,0.770540688401051,0.7704635108481263,0.7705228768242129,33000000,1
1294909740000,1294909799000,0.7705347511172753,0.7705347511172753,0.7701668181328076,0.7702320709229691,93000000,1
1294909800000,1294909859000,0.7702380035430948,0.7703804138483583,0.7701964771213137,0.770291401237088,118000000,1
1294909860000,1294909919000,0.7703210698219017,0.7703210698219017,0.7701905451408678,0.7702142736109185,78000000,1
1294909920000,1294909979000,0.7701905451408678,0.7702498690575222,0.7700897154518501,0.7701075070079784,142000000,1
1294909980000,1294910039000,0.7701193685021178,0.770202409193136,0.7700837851158207,0.7701608866092127,91000000,1
1294910040000,1294910099000,0.770202409193136,0.7703210698219017,0.7701964771213137,0.7702498690575222,80000000,1
1294910100000,1294910159000,0.7702558019518282,0.7702617349375318,0.7700719247177686,0.7700837851158207,69000000,1
1294910160000,1294910219000,0.7700659946557421,0.7701668181328076,0.7699829833760674,0.7700363457155177,93000000,1
1294910220000,1294910279000,0.7700363457155177,0.7700897154518501,0.7700066990582819,0.7700185574472345,117000000,1
1294910280000,1294910339000,0.7700363457155177,0.7700541348056769,0.7700066990582819,0.7700363457155177,51000000,1
1294910340000,1294910399000,0.770048205017634,0.7700659946557421,0.7699533408275459,0.7700244867786796,116000000,1
1294910400000,1294910459000,0.7700304162014399,0.7700897154518501,0.7699296284319612,0.7699770546837704,89000000,1
1294910460000,1294910519000,0.7699770546837704,0.7700244867786796,0.7698229407236336,0.7698229407236336,88000000,1
1294910520000,1294910579000,0.7698229407236336,0.7698407199550413,0.7691834348655467,0.7694083249980764,189000000,1
1294910580000,1294910639000,0.7694201649636834,0.7695030549271281,0.7693254554406695,0.7693609687793319,152000000,1
1294910640000,1294910699000,0.7693609687793319,0.7693609687793319,0.7688936389429251,0.7690059828665466,185000000,1
1294910700000,1294910759000,0.7690000692100063,0.7690118966140406,0.7688167909587146,0.768869991773091,106000000,1
1294910760000,1294910819000,0.7689054630733151,0.7690532953933708,0.7688049695553232,0.7689764154933368,160000000,1
1294910820000,1294910879000,0.7689586761607432,0.7690710390918809,0.7689586761607432,0.7690414667158854,84000000,1
1294910880000,1294910939000,0.7690710390918809,0.7690887836091798,0.7688581687336138,0.7690059828665466,145000000,1
1294910940000,1294910999000,0.7689823287860845,0.769295863496142,0.7688818151761894,0.7690710390918809,149000000,1
1294911000000,1294911059000,0.7690651244347371,0.7691597698673969,0.7690178104524901,0.7690473810091439,80000000,1
1294911060000,1294911119000,0.7690592098685678,0.7691775184794899,0.7690178104524901,0.769165685980417,93000000,1
1294911120000,1294911179000,0.769165685980417,0.769165685980417,0.7689705022915321,0.7691538538453847,80000000,1
1294911180000,1294911239000,0.7691775184794899,0.7694260850831365,0.7691775184794899,0.7694083249980764,171000000,1
1294911240000,1294911299000,0.7693964853968547,0.7695504286395887,0.7693964853968547,0.7695148978084215,123000000,1
1294911300000,1294911359000,0.7695148978084215,0.7695563507637847,0.7692840273557401,0.7693077000007693,85000000,1
1294911360000,1294911419000,0.7693254554406695,0.7694260850831365,0.7692071013199593,0.7694142449353307,186000000,1
1294911420000,1294911479000,0.7693964853968547,0.7697162825782417,0.7692781094221183,0.76959188542316,174000000,1
1294911480000,1294911539000,0.7695681952856251,0.7696688884441912,0.7693550496618684,0.7694201649636834,175000000,1
1294911540000,1294911599000,0.769455687046983,0.769455687046983,0.768787238131847,0.7688818151761894,153000000,1
1294911600000,1294911659000,0.76884043485615,0.7690887836091798,0.7688108802115767,0.76884043485615,159000000,1
1294911660000,1294911719000,0.76884043485615,0.7689350249903883,0.7686513243862318,0.7686513243862318,182000000,1
1294911720000,1294911779000,0.7686572326802309,0.7686690495407202,0.7685627108743939,0.7686395080707149,131000000,1
1294911780000,1294911839000,0.7686572326802309,0.768763597506131,0.7685036465498029,0.7686749581072148,133000000,1
1294911840000,1294911899000,0.768686775512714,0.7688759034291865,0.7686631410650597,0.768734048768488,126000000,1
1294911900000,1294911959000,0.7687222299094446,0.7690532953933708,0.7686808667645454,0.7690473810091439,139000000,1
1294911960000,1294912019000,0.7690237243818973,0.7690710390918809,0.7688818151761894,0.7689823287860845,135000000,1
1294912020000,1294912079000,0.7689645891806681,0.7689941556444171,0.7688759034291865,0.7688877270141014,90000000,1
1294912080000,1294912139000,0.7688936389429251,0.7695326628138731,0.7688936389429251,0.7694616077130833,192000000,1
1294912140000,1294912199000,0.7694497664719958,0.7695326628138731,0.7694142449353307,0.7694793702580834,85000000,1
1294912200000,1294912259000,0.7694793702580834,0.7695622729791295,0.7692248521165221,0.7692248521165221,169000000,1
1294912260000,1294912319000,0.7692248521165221,0.7694852912886571,0.7692248521165221,0.7694734493186313,124000000,1
1294912320000,1294912379000,0.7694142449353307,0.769455687046983,0.7692721915795466,0.7693728072874992,113000000,1
1294912380000,1294912439000,0.7694083249980764,0.7694852912886571,0.7694083249980764,0.7694734493186313,50000000,1
1294912440000,1294912499000,0.7694497664719958,0.7695859627520394,0.7693964853968547,0.7694616077130833,90000000,1
1294912500000,1294912559000,0.7694616077130833,0.7695800401720782,0.7693846461600012,0.7693846461600012,90000000,1
1294912560000,1294912619000,0.7694142449353307,0.7695385846646351,0.7693491306354824,0.7695385846646351,106000000,1
1294912620000,1294912679000,0.7695208193857686,0.7695978081854423,0.7694438459881199,0.7695622729791295,101000000,1
1294912680000,1294912739000,0.76959188542316,0.7696570408226094,0.7693668879878747,0.7694024051519186,110000000,1
1294912740000,1294912799000,0.7694083249980764,0.7696215001462281,0.769390565732883,0.7695622729791295,164000000,1
1294912800000,1294912859000,0.7695622729791295,0.7697103579922875,0.7694793702580834,0.7694793702580834,140000000,1
1294912860000,1294912919000,0.7694616077130833,0.7697281320237691,0.7694260850831365,0.7697162825782417,112000000,1
1294912920000,1294912979000,0.7697340568833468,0.7699829833760674,0.769704433497537,0.7698881352539475,125000000,1
1294912980000,1294913039000,0.7698762808816623,0.7700126282071026,0.7698466465480077,0.7699592691546617,125000000,1
1294913040000,1294913099000,0.7699829833760674,0.7700304162014399,0.7697696079563386,0.7698585000076986,108000000,1
1294913100000,1294913159000,0.7698585000076986,0.7698999899913002,0.769787384724339,0.7698288670428564,67000000,1
1294913160000,1294913219000,0.7698288670428564,0.7699770546837704,0.7698229407236336,0.7698940625769893,154000000,1
1294913220000,1294913279000,0.7698940625769893,0.769941484447182,0.7697518320093601,0.7697518320093601,85000000,1
1294913280000,1294913339000,0.7697696079563386,0.7698407199550413,0.7696570408226094,0.7697162825782417,118000000,1
1294913340000,1294913399000,0.7697162825782417,0.769787384724339,0.7696807364305287,0.7696807364305287,66000000,1
1294913400000,1294913459000,0.7696807364305287,0.769905917496882,0.7696511171485965,0.7698644268744275,68000000,1
1294913460000,1294913519000,0.7698644268744275,0.7698999899913002,0.7697636825494574,0.7698999899913002,99000000,1
1294913520000,1294913579000,0.7698999899913002,0.7701015763979269,0.7698644268744275,0.7701015763979269,74000000,1
1294913580000,1294913639000,0.7701252993862102,0.7701964771213137,0.7699889121596648,0.7700244867786796,111000000,1
1294913640000,1294913699000,0.7700422753209152,0.7701430925866026,0.7699948410345651,0.7700897154518501,85000000,1
1294913700000,1294913759000,0.7701134377093746,0.7702202059568831,0.7699651975730697,0.7700422753209152,61000000,1
1294913760000,1294913819000,0.7700422753209152,0.7700541348056769,0.7697399818341365,0.7698288670428564,146000000,1
1294913820000,1294913879000,0.7698466465480077,0.7698940625769893,0.7697814590437775,0.7698407199550413,90000000,1
1294913880000,1294913939000,0.7698288670428564,0.769852573232226,0.7697162825782417,0.7698110883589167,113000000,1
1294913940000,1294913999000,0.7698229407236336,0.7699711260827719,0.7697814590437775,0.7698466465480077,112000000,1
1294914000000,1294914059000,0.7698703538324145,0.7702854677943647,0.7698644268744275,0.7701015763979269,171000000,1
1294914060000,1294914119000,0.7701015763979269,0.7702617349375318,0.769941484447182,0.770208341356337,144000000,1
1294914120000,1294914179000,0.7701549551769816,0.7702380035430948,0.7700778548711275,0.7700778548711275,107000000,1
1294914180000,1294914239000,0.7700778548711275,0.7702558019518282,0.7700778548711275,0.7701727497477684,93000000,1
1294914240000,1294914299000,0.7701608866092127,0.7702498690575222,0.7701252993862102,0.7701490238361123,96000000,1
1294914300000,1294914359000,0.7701490238361123,0.7701846132517965,0.7699829833760674,0.7700244867786796,105000000,1
1294914360000,1294914419000,0.7700126282071026,0.7701786814540974,0.7698999899913002,0.7699474125917201,157000000,1
1294914420000,1294914479000,0.769941484447182,0.7700066990582819,0.769834793453325,0.769941484447182,91000000,1
1294914480000,1294914539000,0.7699592691546617,0.7700244867786796,0.7698881352539475,0.7699829833760674,118000000,1
1294914540000,1294914599000,0.7699651975730697,0.7701134377093746,0.7699237005612745,0.7701134377093746,98000000,1
1294914600000,1294914659000,0.7701252993862102,0.770208341356337,0.7701252993862102,0.7701371614284503,53000000,1
1294914660000,1294914719000,0.7701549551769816,0.770208341356337,0.7700719247177686,0.7701786814540974,75000000,1
1294914720000,1294914779000,0.7701905451408678,0.77035667514059,0.7701905451408678,0.7702558019518282,123000000,1
1294914780000,1294914839000,0.7702558019518282,0.7702617349375318,0.7701312303616535,0.7701312303616535,61000000,1
1294914840000,1294914899000,0.7701371614284503,0.7701371614284503,0.769941484447182,0.7700126282071026,67000000,1
1294914900000,1294914959000,0.7700304162014399,0.7700600646850454,0.7700066990582819,0.7700600646850454,26000000,1
1294914960000,1294915019000,0.7700422753209152,0.7702439362546118,0.7700066990582819,0.7700066990582819,59000000,1
1294915020000,1294915079000,0.7700244867786796,0.7701964771213137,0.7699770546837704,0.7700719247177686,93000000,1
1294915080000,1294915139000,0.7700600646850454,0.7701193685021178,0.7699770546837704,0.7699770546837704,116000000,1
1294915140000,1294915199000,0.77000077000077,0.7700126282071026,0.7699296284319612,0.7699533408275459,95000000,1
1294915200000,1294915259000,0.7699533408275459,0.7699533408275459,0.7695978081854423,0.7696155770192789,147000000,1
1294915260000,1294915319000,0.7695859627520394,0.7699592691546617,0.7694616077130833,0.7696925847816382,162000000,1
1294915320000,1294915379000,0.7696985090939878,0.7697577572337986,0.7695741176832741,0.769662964587807,96000000,1
1294915380000,1294915439000,0.769662964587807,0.7697103579922875,0.7695267410542516,0.7696392700741163,100000000,1
1294915440000,1294915499000,0.7696037310388881,0.7696037310388881,0.7694379255953526,0.7695445066065396,85000000,1
1294915500000,1294915559000,0.7694616077130833,0.7694616077130833,0.7692130181611193,0.7693846461600012,92000000,1
1294915560000,1294915619000,0.7694024051519186,0.7695030549271281,0.7693372928559339,0.7693491306354824,103000000,1
1294915620000,1294915679000,0.7693609687793319,0.7695385846646351,0.7693609687793319,0.7693964853968547,64000000,1
1294915680000,1294915739000,0.769390565732883,0.7695208193857686,0.7693668879878747,0.7694024051519186,92000000,1
1294915740000,1294915799000,0.7694024051519186,0.7694320052936922,0.7692899453804138,0.769390565732883,64000000,1
1294915800000,1294915859000,0.769390565732883,0.7694438459881199,0.769295863496142,0.7693077000007693,111000000,1
1294915860000,1294915919000,0.7693017817029265,0.769390565732883,0.769260356167545,0.7693254554406695,159000000,1
1294915920000,1294915979000,0.7693432117001716,0.7694142449353307,0.7692899453804138,0.7692899453804138,47000000,1
1294915980000,1294916039000,0.7693017817029265,0.7693017817029265,0.7690473810091439,0.7690473810091439,172000000,1
1294916040000,1294916099000,0.7690473810091439,0.7697636825494574,0.7689409376465794,0.7697636825494574,192000000,1
1294916100000,1294916159000,0.7697933104961318,0.7701015763979269,0.7696985090939878,0.7697814590437775,202000000,1
1294916160000,1294916219000,0.7697755334544447,0.7699177727818669,0.7696807364305287,0.7699177727818669,109000000,1
1294916220000,1294916279000,0.77000077000077,0.7702202059568831,0.77000077000077,0.7700778548711275,105000000,1
1294916280000,1294916339000,0.7700956458792182,0.7704575747536462,0.7700600646850454,0.7703448063353158,213000000,1
1294916340000,1294916399000,0.77035667514059,0.7708495532926839,0.77035667514059,0.7706178814173203,149000000,1
1294916400000,1294916459000,0.7706060045619876,0.7709208649732104,0.7706060045619876,0.7706535141800246,152000000,1
1294916460000,1294916519000,0.7706653924998844,0.770825785664182,0.7706238199822757,0.7706416362263221,108000000,1
1294916520000,1294916579000,0.7706416362263221,0.7707366701092905,0.7705703761924577,0.770712909441233,100000000,1
1294916580000,1294916639000,0.770712909441233,0.771093256018383,0.770712909441233,0.7709803014532979,126000000,1
1294916640000,1294916699000,0.7709921898491169,0.7710278572364819,0.7707901369694073,0.770825785664182,82000000,1
1294916700000,1294916759000,0.7708020195012911,0.7708198439860635,0.7705822519495731,0.7706178814173203,65000000,1
1294916760000,1294916819000,0.7706238199822757,0.7706832106662557,0.7702142736109185,0.7703210698219017,156000000,1
1294916820000,1294916879000,0.7703388720698235,0.7703388720698235,0.7701312303616535,0.7702261383942326,114000000,1
1294916880000,1294916939000,0.7702202059568831,0.7703507406922371,0.770202409193136,0.7702736011831403,97000000,1
1294916940000,1294916999000,0.7702736011831403,0.7704041540191985,0.7702558019518282,0.770291401237088,79000000,1
1294917000000,1294917059000,0.7703092021137286,0.7704100892905292,0.7701668181328076,0.7702736011831403,151000000,1
1294917060000,1294917119000,0.7702736011831403,0.77035667514059,0.7701608866092127,0.770202409193136,70000000,1
1294917120000,1294917179000,0.770202409193136,0.7702202059568831,0.7701608866092127,0.770202409193136,32000000,1
1294917180000,1294917239000,0.7701905451408678,0.7701905451408678,0.7700363457155177,0.7700719247177686,79000000,1
1294917240000,1294917299000,0.7700304162014399,0.7700422753209152,0.7697696079563386,0.769834793453325,133000000,1
1294917300000,1294917359000,0.7698407199550413,0.7699533408275459,0.769834793453325,0.7698940625769893,80000000,1
1294917360000,1294917419000,0.7698999899913002,0.7699355563939299,0.7697340568833468,0.7698585000076986,91000000,1
1294917420000,1294917479000,0.7698644268744275,0.7704278956532459,0.7696985090939878,0.7701786814540974,172000000,1
1294917480000,1294917539000,0.770208341356337,0.770398218839318,0.7699592691546617,0.770048205017634,145000000,1
1294917540000,1294917599000,0.7700541348056769,0.7703863487539001,0.7700541348056769,0.7703210698219017,87000000,1
1294917600000,1294917659000,0.7703092021137286,0.77035667514059,0.7702142736109185,0.7703092021137286,91000000,1
1294917660000,1294917719000,0.7702973347712216,0.7702973347712216,0.7700897154518501,0.7701549551769816,158000000,1
1294917720000,1294917779000,0.7701549551769816,0.7702676680146351,0.7701549551769816,0.770208341356337,61000000,1
1294917780000,1294917839000,0.7701549551769816,0.77035667514059,0.7700837851158207,0.7703507406922371,98000000,1
1294917840000,1294917899000,0.7703685443115987,0.7704516387506356,0.7703032683967679,0.7703329378957585,153000000,1
1294917900000,1294917959000,0.7703329378957585,0.7704516387506356,0.7703092021137286,0.7703804138483583,102000000,1
1294917960000,1294918019000,0.7703744790342585,0.7703804138483583,0.7702380035430948,0.7702380035430948,76000000,1
1294918020000,1294918079000,0.7702142736109185,0.7702142736109185,0.7699592691546617,0.7700244867786796,161000000,1
1294918080000,1294918139000,0.7700185574472345,0.7700185574472345,0.7698762808816623,0.7699592691546617,104000000,1
1294918140000,1294918199000,0.7699592691546617,0.7699592691546617,0.7697992363591576,0.7697992363591576,73000000,1
1294918200000,1294918259000,0.769787384724339,0.769852573232226,0.7697162825782417,0.7697636825494574,61000000,1
1294918260000,1294918319000,0.7697577572337986,0.7697577572337986,0.7695089763222087,0.7696451935657662,197000000,1
1294918320000,1294918379000,0.7696570408226094,0.7697459068761402,0.7695800401720782,0.7697459068761402,149000000,1
1294918380000,1294918439000,0.7697518320093601,0.7699177727818669,0.7697399818341365,0.769905917496882,111000000,1
1294918440000,1294918499000,0.7698881352539475,0.7698881352539475,0.7696925847816382,0.7697281320237691,115000000,1
1294918500000,1294918559000,0.7697577572337986,0.7698288670428564,0.7697577572337986,0.7698288670428564,39000000,1
1294918560000,1294918619000,0.7698170144956544,0.7699474125917201,0.7698110883589167,0.7698703538324145,58000000,1
1294918620000,1294918679000,0.7698881352539475,0.7699829833760674,0.7698288670428564,0.7698288670428564,96000000,1
1294918680000,1294918739000,0.7698170144956544,0.7698999899913002,0.7697577572337986,0.7698999899913002,62000000,1
1294918740000,1294918799000,0.7698999899913002,0.7700422753209152,0.7698999899913002,0.7700066990582819,35000000,1
1294918800000,1294918859000,0.7700185574472345,0.7700897154518501,0.7699533408275459,0.770048205017634,80000000,1
1294918860000,1294918919000,0.7700422753209152,0.7700422753209152,0.7697696079563386,0.7698229407236336,107000000,1
1294918920000,1294918979000,0.7698229407236336,0.7700422753209152,0.7698229407236336,0.7700185574472345,89000000,1
1294918980000,1294919039000,0.7700185574472345,0.7700541348056769,0.769941484447182,0.7699533408275459,59000000,1
1294919040000,1294919099000,0.7699533408275459,0.7699948410345651,0.769852573232226,0.7699889121596648,72000000,1
1294919100000,1294919159000,0.7699889121596648,0.770048205017634,0.7699533408275459,0.7699829833760674,66000000,1
1294919160000,1294919219000,0.7699770546837704,0.770048205017634,0.7699296284319612,0.7699770546837704,68000000,1
1294919220000,1294919279000,0.7699829833760674,0.77000077000077,0.7698940625769893,0.7699118450937368,73000000,1
1294919280000,1294919339000,0.7699118450937368,0.7700304162014399,0.7698822080221727,0.7699355563939299,80000000,1
1294919340000,1294919399000,0.7699177727818669,0.7700244867786796,0.7698822080221727,0.7700244867786796,35000000,1
1294919400000,1294919459000,0.7700363457155177,0.7701964771213137,0.7700185574472345,0.7701846132517965,64000000,1
1294919460000,1294919519000,0.7701905451408678,0.7701964771213137,0.7700185574472345,0.7700363457155177,93000000,1
1294919520000,1294919579000,0.7700541348056769,0.7701371614284503,0.7699948410345651,0.7700659946557421,69000000,1
1294919580000,1294919639000,0.7700778548711275,0.7702380035430948,0.7700304162014399,0.7702380035430948,79000000,1
1294919640000,1294919699000,0.7702380035430948,0.7707544915717995,0.7701668181328076,0.7705347511172753,125000000,1
1294919700000,1294919759000,0.770540688401051,0.770689150238143,0.7705228768242129,0.7705703761924577,80000000,1
1294919760000,1294919819000,0.7705644384511655,0.7705881899654007,0.7702676680146351,0.7703448063353158,83000000,1
1294919820000,1294919879000,0.7703507406922371,0.7703685443115987,0.7700778548711275,0.7700956458792182,143000000,1
1294919880000,1294919939000,0.7701134377093746,0.7701905451408678,0.7700304162014399,0.7700304162014399,105000000,1
1294919940000,1294919999000,0.7700541348056769,0.7703092021137286,0.7700541348056769,0.7703092021137286,91000000,1
1294920000000,1294920059000,0.7702736011831403,0.7704575747536462,0.7701846132517965,0.7703863487539001,125000000,1
1294920060000,1294920119000,0.7703863487539001,0.7704575747536462,0.7703388720698235,0.7704338312903996,76000000,1
1294920120000,1294920179000,0.7704100892905292,0.7704100892905292,0.7702261383942326,0.7702558019518282,45000000,1
1294920180000,1294920239000,0.7702558019518282,0.7703448063353158,0.7700304162014399,0.7700304162014399,137000000,1
1294920240000,1294920299000,0.7700126282071026,0.7700126282071026,0.7698585000076986,0.7698822080221727,101000000,1
1294920300000,1294920359000,0.7698940625769893,0.769941484447182,0.769662964587807,0.7697755334544447,117000000,1
1294920360000,1294920419000,0.7697577572337986,0.7698407199550413,0.7696333466736447,0.7696333466736447,147000000,1
1294920420000,1294920479000,0.7696274233643493,0.7697814590437775,0.7695504286395887,0.7697281320237691,90000000,1
1294920480000,1294920539000,0.7697281320237691,0.7697399818341365,0.7695385846646351,0.7697103579922875,55000000,1
1294920540000,1294920599000,0.7697281320237691,0.7697281320237691,0.7695030549271281,0.7695445066065396,112000000,1
1294920600000,1294920659000,0.7695504286395887,0.7695504286395887,0.7691479379143784,0.7691479379143784,116000000,1
1294920660000,1294920719000,0.7691538538453847,0.7692011845698242,0.7685686178061977,0.7685804319422028,190000000,1
1294920720000,1294920779000,0.7685922464414179,0.7687104114138121,0.7683324113344397,0.7684091625108538,166000000,1
1294920780000,1294920839000,0.7683973536395141,0.7685154586884515,0.7683087986723623,0.7683973536395141,139000000,1
1294920840000,1294920899000,0.7683796410130318,0.7683973536395141,0.7682969928855699,0.7683324113344397,92000000,1
1294920900000,1294920959000,0.7683796410130318,0.7686040613038598,0.768361929203132,0.7685804319422028,93000000,1
1294920960000,1294921019000,0.7685922464414179,0.7686276921184916,0.7684504964190206,0.7684623069238454,61000000,1
1294921020000,1294921079000,0.7684623069238454,0.7684623069238454,0.768261577701976,0.7683265080328536,88000000,1
1294921080000,1294921139000,0.7683265080328536,0.7683265080328536,0.7681435506667486,0.7682025596509288,100000000,1
1294921140000,1294921199000,0.7682084610479899,0.768261577701976,0.768161252410106,0.7682497733663168,84000000,1
1294921200000,1294921259000,0.7682674800058388,0.7687281392935388,0.7682674800058388,0.768692684351723,94000000,1
1294921260000,1294921319000,0.768686775512714,0.768751777738486,0.768544990623751,0.7685627108743939,92000000,1
1294921320000,1294921379000,0.7685627108743939,0.7686395080707149,0.768444591302744,0.7686276921184916,82000000,1
1294921380000,1294921439000,0.7686040613038598,0.768716320616203,0.7684150670826354,0.7684150670826354,86000000,1
1294921440000,1294921499000,0.7684150670826354,0.7686336000491926,0.7683206048219802,0.7686336000491926,138000000,1
1294921500000,1294921559000,0.7686336000491926,0.7686454161830606,0.7685213648939441,0.768544990623751,78000000,1
1294921560000,1294921619000,0.7684741177917128,0.768586339146408,0.7683855451311249,0.7684504964190206,106000000,1
1294921620000,1294921679000,0.7684564016260538,0.7685508972831726,0.7683855451311249,0.768438686277222,66000000,1
1294921680000,1294921739000,0.768438686277222,0.768438686277222,0.7680078644005314,0.7680078644005314,104000000,1
1294921740000,1294921799000,0.7680078644005314,0.7682202641141268,0.7680078644005314,0.7680373573370609,90000000,1
1294921800000,1294921859000,0.7680137628066295,0.7681789549693497,0.7679665780945213,0.7681789549693497,99000000,1
1294921860000,1294921919000,0.7681907571288102,0.7683087986723623,0.7681907571288102,0.7682969928855699,58000000,1
1294921920000,1294921979000,0.7682851874615857,0.768438686277222,0.7682379693933993,0.7683383147267405,91000000,1
1294921980000,1294922039000,0.7683383147267405,0.7683855451311249,0.7682438713345163,0.7682910901282277,71000000,1
1294922040000,1294922099000,0.7682910901282277,0.7684032580298141,0.7682438713345163,0.7682969928855699,47000000,1
1294922100000,1294922159000,0.7682792848856417,0.768344218209758,0.7681376502669278,0.7682025596509288,75000000,1
1294922160000,1294922219000,0.7682025596509288,0.7682674800058388,0.7678545376363902,0.767925296227183,113000000,1
1294922220000,1294922279000,0.767925296227183,0.7679901697258275,0.7678073724863905,0.7679193991798621,100000000,1
1294922280000,1294922339000,0.7678899153017423,0.7679960678601325,0.7678486416757528,0.7679076053569234,92000000,1
1294922340000,1294922399000,0.7679193991798621,0.7679547828223874,0.7676953784738216,0.7677366356245154,96000000,1
1294922400000,1294922459000,0.7677425298651844,0.7678663298293033,0.7676894849571245,0.7677425298651844,109000000,1
1294922460000,1294922519000,0.7677248474146865,0.767948885322193,0.7677248474146865,0.7678958118962419,133000000,1
1294922520000,1294922579000,0.7678781223844152,0.7678781223844152,0.7676835915309147,0.7677130595668563,76000000,1
1294922580000,1294922639000,0.7676894849571245,0.7678486416757528,0.7676541257570989,0.7677189534455227,92000000,1
1294922640000,1294922699000,0.7677189534455227,0.7677955821042206,0.7676894849571245,0.7677602131302352,68000000,1
1294922700000,1294922759000,0.7676894849571245,0.7679783737289958,0.7676187698141596,0.7679783737289958,107000000,1
1294922760000,1294922819000,0.7679783737289958,0.7679783737289958,0.7678014772500423,0.7678545376363902,69000000,1
1294922820000,1294922879000,0.7678663298293033,0.7679547828223874,0.7678073724863905,0.7678073724863905,32000000,1
1294922880000,1294922939000,0.7678073724863905,0.7678073724863905,0.7675834171278564,0.7676364473785215,65000000,1
1294922940000,1294922999000,0.767589309016104,0.7676128774736325,0.7674950496569297,0.7676128774736325,68000000,1
1294923000000,1294923059000,0.7676128774736325,0.7677720024261595,0.7675068308107942,0.7675716336227079,59000000,1
1294923060000,1294923119000,0.7676010930639565,0.7676128774736325,0.7674773786042657,0.7675009401886518,88000000,1
1294923120000,1294923179000,0.7674832688647388,0.7675952009948034,0.7669711542148899,0.7670240998972189,113000000,1
1294923180000,1294923239000,0.7670358665971221,0.76723595574583,0.7669946847268349,0.7670594010800197,99000000,1
1294923240000,1294923299000,0.7670829370071492,0.7670829370071492,0.766359867266471,0.7665302242867436,147000000,1
1294923300000,1294923359000,0.7665302242867436,0.7666771445876427,0.7664420991316211,0.7666712666942668,112000000,1
1294923360000,1294923419000,0.7666830225711482,0.7667300496841072,0.7665596038419967,0.7666360012266176,84000000,1
1294923420000,1294923479000,0.7666242467916776,0.7666771445876427,0.7665184730952016,0.7666771445876427,69000000,1
1294923480000,1294923539000,0.7666830225711482,0.766830001456977,0.7664068547429089,0.7664127285825962,114000000,1
1294923540000,1294923599000,0.7664597225415805,0.7667594445594584,0.7664186025123202,0.7665596038419967,115000000,1
1294923600000,1294923659000,0.7665596038419967,0.7667476863388564,0.7664009809932557,0.7667476863388564,96000000,1
1294923660000,1294923719000,0.7667476863388564,0.7667770825665563,0.7666124927171813,0.7667124138406924,81000000,1
1294923720000,1294923779000,0.7667006570624632,0.7667770825665563,0.7666889006447853,0.7667770825665563,56000000,1
1294923780000,1294923839000,0.7667829620825826,0.7668829276522646,0.7667418073637884,0.7668006011716714,48000000,1
1294923840000,1294923899000,0.7668417622023695,0.7670240998972189,0.7668064810483778,0.7668594039968712,90000000,1
1294923900000,1294923959000,0.7668711656441718,0.7669005713409257,0.7664186025123202,0.7665184730952016,139000000,1
1294923960000,1294924019000,0.766541975838597,0.766618369709375,0.7664127285825962,0.766447973511558,94000000,1
1294924020000,1294924079000,0.7664186025123202,0.7664420991316211,0.7659255060852782,0.7659783074943317,190000000,1
1294924080000,1294924139000,0.7660076447562947,0.7662071977504157,0.7659724403115975,0.7659900421294522,150000000,1
1294924140000,1294924199000,0.7659841747669494,0.766095670027273,0.7657612815780809,0.7658844433551866,183000000,1
1294924200000,1294924259000,0.7658961751145015,0.7660428524371654,0.7658199251028113,0.7659137734273875,152000000,1
1294924260000,1294924319000,0.7659313725490196,0.7659959095818428,0.765814060346148,0.7659665732187447,167000000,1
1294924320000,1294924379000,0.7659783074943317,0.7661954564609431,0.7659548393026747,0.7660604574913052,114000000,1
1294924380000,1294924439000,0.7660663260225071,0.766119146849718,0.7659548393026747,0.7660076447562947,59000000,1
1294924440000,1294924499000,0.7660076447562947,0.7661778452014282,0.7659372391026279,0.766001777124123,147000000,1
1294924500000,1294924559000,0.76601351247836,0.766160234751496,0.7659313725490196,0.7661132775092124,120000000,1
1294924560000,1294924619000,0.7661367554108408,0.7661895859511477,0.7658023311022959,0.7659196397114014,108000000,1
1294924620000,1294924679000,0.7659372391026279,0.7660898010464786,0.7658903091899177,0.7659372391026279,114000000,1
1294924680000,1294924739000,0.7659431057461052,0.7660311161839394,0.765720236454409,0.765872711955273,103000000,1
1294924740000,1294924799000,0.7658492502335841,0.7658609809147444,0.7657085100843811,0.7657788736924326,97000000,1
1294924800000,1294924859000,0.7657730095645049,0.7657788736924326,0.7654447616787735,0.7654799176343609,164000000,1
1294924860000,1294924919000,0.7654916370038658,0.765620573756058,0.7652631740055404,0.765310027091975,149000000,1
1294924920000,1294924979000,0.7653041701424231,0.7654213261689897,0.7652573177731011,0.7653978920942052,122000000,1
1294924980000,1294925039000,0.7653978920942052,0.7654681986236882,0.7650992333705681,0.7652807432406579,130000000,1
1294925040000,1294925099000,0.7652807432406579,0.7653978920942052,0.7652338937396216,0.7653568859159026,112000000,1
1294925100000,1294925159000,0.7655560999510044,0.765591266134836,0.7653803174797557,0.7654740580841715,86000000,1
1294925160000,1294925219000,0.7654740580841715,0.7654740580841715,0.7652573177731011,0.765310027091975,80000000,1
1294925220000,1294925279000,0.7652924565122562,0.7653158841311751,0.7650407001652487,0.7651811949069539,138000000,1
1294925280000,1294925339000,0.7651929051313837,0.7652338937396216,0.7649587687223658,0.7651402119438386,157000000,1
1294925340000,1294925399000,0.7651519209138975,0.7652163266555455,0.7645902942908043,0.7645961403186837,199000000,1
1294925400000,1294925459000,0.7644967700011468,0.7646429117602079,0.7639594490324454,0.7644558603186252,185000000,1
1294925460000,1294925519000,0.7643915825198933,0.764525993883792,0.7641287404101843,0.7641871341454095,203000000,1
1294925520000,1294925579000,0.7641520968333537,0.764514304062629,0.7641520968333537,0.764514304062629,145000000,1
1294925580000,1294925639000,0.764508459286102,0.764859304131005,0.7643740540871081,0.764830054761832,164000000,1
1294925640000,1294925699000,0.764830054761832,0.7651050871837247,0.7644032685883765,0.7644733925035739,196000000,1
1294925700000,1294925759000,0.764525993883792,0.7646429117602079,0.7638369055439282,0.7639127611626751,213000000,1
1294925760000,1294925819000,0.7639185968343214,0.7639827951074543,0.7636560798478796,0.763831071120311,157000000,1
1294925820000,1294925879000,0.7638369055439282,0.7638835841417768,0.7625612908637532,0.7625612908637532,186000000,1
1294925880000,1294925939000,0.7626078136796589,0.762869610326203,0.7624333823832142,0.7627590520430502,172000000,1
1294925940000,1294925999000,0.762770688247992,0.762770688247992,0.7622997057523135,0.7624043182580587,218000000,1
1294926000000,1294926059000,0.7623636322052894,0.76247407588142,0.761939593429033,0.76247407588142,170000000,1
1294926060000,1294926119000,0.762479889592912,0.762770688247992,0.762479889592912,0.7626776085480906,143000000,1
1294926120000,1294926179000,0.7626834253638,0.7626834253638,0.761939593429033,0.7620847590669034,181000000,1
1294926180000,1294926239000,0.7620905668429637,0.7625438462711607,0.7618583248259153,0.7624682622585834,232000000,1
1294926240000,1294926299000,0.7625322169861677,0.7632306024942377,0.7625322169861677,0.7631257631257631,197000000,1
1294926300000,1294926359000,0.7631257631257631,0.7633412975275375,0.7629045301270999,0.7629743793203425,148000000,1
1294926360000,1294926419000,0.7629452739355006,0.7630093087135663,0.7618002864369077,0.7619918466872405,187000000,1
1294926420000,1294926479000,0.762009266032675,0.7621951219512195,0.7619860404157396,0.7621079907022825,153000000,1
1294926480000,1294926539000,0.7620673362698328,0.7620789513793629,0.7613131128570558,0.7616668316944802,209000000,1
1294926540000,1294926599000,0.7616726331022926,0.761695839617324,0.761411657212472,0.7615972216933353,167000000,1
1294926600000,1294926659000,0.761579821181058,0.7622474102644237,0.7615218252155106,0.762206740956417,161000000,1
1294926660000,1294926719000,0.762206740956417,0.7623926932284281,0.7618467164406522,0.7620034594957061,172000000,1
1294926720000,1294926779000,0.7620034594957061,0.7620615288478392,0.7613652802204913,0.7616552291439758,243000000,1
1294926780000,1294926839000,0.7616552291439758,0.7620557215143571,0.7611566536508879,0.7613362974693182,210000000,1
1294926840000,1294926899000,0.7613362974693182,0.7614000624348052,0.7609539318489658,0.7613305011838689,201000000,1
1294926900000,1294926959000,0.7613594834937264,0.7616320251033916,0.7613015210804391,0.7614638380823294,154000000,1
1294926960000,1294927019000,0.7614928305450004,0.7615276244145757,0.7610697596541698,0.7610929294466854,163000000,1
1294927020000,1294927079000,0.7610060499980975,0.7612319778329247,0.7609481413841647,0.7610407993972557,181000000,1
1294927080000,1294927139000,0.7610697596541698,0.761185622725958,0.7607223819739224,0.7607339561208655,163000000,1
1294927140000,1294927199000,0.7607339561208655,0.7610581752869189,0.7607339561208655,0.7608670841290736,147000000,1
1294927200000,1294927259000,0.7608381392942465,0.7611682410163118,0.7607976202250439,0.7611161006499931,151000000,1
1294927260000,1294927319000,0.7610813443740867,0.7611508601004718,0.7605661654535636,0.7606876616461281,205000000,1
1294927320000,1294927379000,0.7606818752329588,0.7611103077168974,0.7606703026707134,0.7610813443740867,120000000,1
1294927380000,1294927439000,0.7610755519700441,0.761307316924623,0.7609539318489658,0.7612030052294647,167000000,1
1294927440000,1294927499000,0.7612145940061963,0.7614174547337323,0.7611334799783838,0.761307316924623,167000000,1
1294927500000,1294927559000,0.7612841340773617,0.7613131128570558,0.7611392732642219,0.761307316924623,153000000,1
1294927560000,1294927619000,0.7612957253245023,0.7616146230007617,0.7612957253245023,0.7615392230776846,127000000,1
1294927620000,1294927679000,0.7615624214638752,0.7615856212634705,0.7614406457016676,0.7614928305450004,108000000,1
1294927680000,1294927739000,0.7615044281482496,0.7616204236132795,0.7613942651783947,0.7614638380823294,122000000,1
1294927740000,1294927799000,0.7614580398547138,0.761707443405137,0.7614348478272457,0.761707443405137,95000000,1
1294927800000,1294927859000,0.7617538620920808,0.7618002864369077,0.7617190475465029,0.7617886798202179,94000000,1
1294927860000,1294927919000,0.7617886798202179,0.7617886798202179,0.7614290500411172,0.7614290500411172,101000000,1
1294927920000,1294927979000,0.7614638380823294,0.7616262243141556,0.7614522417153996,0.7616088224765996,131000000,1
1294927980000,1294928039000,0.7615856212634705,0.7616726331022926,0.761411657212472,0.7614522417153996,130000000,1
1294928040000,1294928099000,0.7614522417153996,0.7614754348024733,0.7610292159115989,0.7611798287345386,171000000,1
1294928100000,1294928159000,0.7611740348313238,0.7613594834937264,0.7611508601004718,0.7611508601004718,98000000,1
1294928160000,1294928219000,0.761197210973419,0.7614464436643849,0.7611914168055841,0.7612957253245023,188000000,1
1294928220000,1294928279000,0.7613247049866769,0.761591421434229,0.7612899296568104,0.7613942651783947,150000000,1
1294928280000,1294928339000,0.7613826709304097,0.7614464436643849,0.7611624472895006,0.7612493624536589,94000000,1
1294928340000,1294928399000,0.761266747868453,0.7615624214638752,0.761266747868453,0.7614870318758471,134000000,1
1294928400000,1294928459000,0.7614638380823294,0.7615740211869892,0.7613131128570558,0.76142325234328,132000000,1
1294928460000,1294928519000,0.76142325234328,0.7614638380823294,0.761197210973419,0.7612435674918547,80000000,1
1294928520000,1294928579000,0.7612551575036921,0.7614000624348052,0.7607455306200076,0.7607571054713651,143000000,1
1294928580000,1294928639000,0.7607744684088402,0.7609655130429489,0.7606240159426794,0.7608149850119448,128000000,1
1294928640000,1294928699000,0.7608149850119448,0.7611566536508879,0.7608149850119448,0.7608844520871061,132000000,1
1294928700000,1294928759000,0.7609076105979212,0.7609886764884939,0.760635587096578,0.7608439280850319,135000000,1
1294928760000,1294928819000,0.7608439280850319,0.7608728733603191,0.7605835196762957,0.7605835196762957,108000000,1
1294928820000,1294928879000,0.7605430277217933,0.7605835196762957,0.7603695395962438,0.7603926667731217,121000000,1
1294928880000,1294928939000,0.7603521951367873,0.7603868848470101,0.7590132827324478,0.7592437931819908,189000000,1
1294928940000,1294928999000,0.7591458091355607,0.7594283023739729,0.7589844787674092,0.7593418025255708,183000000,1
1294929000000,1294929059000,0.7593706336188567,0.759457140036302,0.7592553223798099,0.7594456047085627,215000000,1
1294929060000,1294929119000,0.7594513723286298,0.7596186714269437,0.7594513723286298,0.7595609737571682,197000000,1
1294929120000,1294929179000,0.7595436661653678,0.759774498928718,0.7593245049204228,0.7594456047085627,196000000,1
1294929180000,1294929239000,0.75947444368497,0.7599534908463601,0.759457140036302,0.7598264556375324,155000000,1
1294929240000,1294929299000,0.7598437761196298,0.7598437761196298,0.7595782821377571,0.7597398650702,165000000,1
1294929300000,1294929359000,0.759757181604759,0.7598437761196298,0.7596706068248807,0.7597918170421305,150000000,1
1294929360000,1294929419000,0.759774498928718,0.7598610973913968,0.7596071311917476,0.7597398650702,160000000,1
1294929420000,1294929479000,0.759757181604759,0.7597975899220447,0.7596186714269437,0.7596590650116227,130000000,1
1294929480000,1294929539000,0.759641752949309,0.759641752949309,0.7593187392271654,0.7595494352749949,146000000,1
1294929540000,1294929599000,0.7595321282090233,0.7597398650702,0.7595321282090233,0.759682148988863,155000000,1
1294929600000,1294929659000,0.7596590650116227,0.7597283211523559,0.7594975164431212,0.759682148988863,130000000,1
1294929660000,1294929719000,0.7596936915035858,0.7599534908463601,0.7596763778630304,0.7598726453446403,145000000,1
1294929720000,1294929779000,0.7598726453446403,0.7599072913104602,0.7597514093388643,0.7598206823189727,115000000,1
1294929780000,1294929839000,0.7598264556375324,0.7598726453446403,0.7595782821377571,0.7596706068248807,158000000,1
1294929840000,1294929899000,0.7596994628924797,0.7598495497891418,0.7594975164431212,0.7597860442499392,182000000,1
1294929900000,1294929959000,0.7597340930674265,0.7599996960001216,0.7596936915035858,0.7598149090881462,164000000,1
1294929960000,1294930019000,0.7598206823189727,0.7598495497891418,0.7595494352749949,0.7597860442499392,133000000,1
1294930020000,1294930079000,0.7597860442499392,0.7598784194528875,0.7596302120127921,0.7596879202023809,148000000,1
1294930080000,1294930139000,0.7596706068248807,0.759774498928718,0.7596475235490732,0.7597514093388643,103000000,1
1294930140000,1294930199000,0.7597456371606786,0.7598380025378589,0.7595782821377571,0.7598264556375324,129000000,1
1294930200000,1294930259000,0.7598264556375324,0.7598726453446403,0.7595955913071881,0.759641752949309,141000000,1
1294930260000,1294930319000,0.7596359824372161,0.7599534908463601,0.7595725125899144,0.7599534908463601,110000000,1
1294930320000,1294930379000,0.7599592661833325,0.7599592661833325,0.7590593736242048,0.7591054701140176,168000000,1
1294930380000,1294930439000,0.7590824211692906,0.7592380287143823,0.7586505124684212,0.7587886697675831,180000000,1
1294930440000,1294930499000,0.7587426117438181,0.7587426117438181,0.7581328703668605,0.758173106083581,183000000,1
1294930500000,1294930559000,0.7581558616820445,0.7582995890016228,0.7579777154551657,0.7582305930879699,172000000,1
1294930560000,1294930619000,0.758138618064927,0.7583628462874347,0.758138618064927,0.7582708391783378,164000000,1
1294930620000,1294930679000,0.758288088810701,0.758552681483729,0.7582305930879699,0.7585411736149038,129000000,1
1294930680000,1294930739000,0.7585181589247246,0.7587886697675831,0.7584778865772168,0.7586102260658474,106000000,1
1294930740000,1294930799000,0.7586044712147533,0.7589844787674092,0.7585354198114281,0.7588980799878576,176000000,1
1294930800000,1294930859000,0.7588808025923368,0.7589844787674092,0.7587886697675831,0.758857767288677,252000000,1
1294930860000,1294930919000,0.7588808025923368,0.7590017608840852,0.7586850470764072,0.7586908031500842,151000000,1
1294930920000,1294930979000,0.758713828318235,0.7589441568889361,0.7587080718951769,0.7588750436353151,191000000,1
1294930980000,1294931039000,0.7589095986886042,0.7592783818259127,0.7588289751255862,0.7592380287143823,149000000,1
1294931040000,1294931099000,0.7592380287143823,0.7592437931819908,0.7588347333834164,0.759093945466691,154000000,1
1294931100000,1294931159000,0.759093945466691,0.7591688619299591,0.7589902393855216,0.7590651353792669,150000000,1
1294931160000,1294931219000,0.7590651353792669,0.7591169951112865,0.7587598828474742,0.7589153581701034,171000000,1
1294931220000,1294931279000,0.7589268773953629,0.7590248049306252,0.7587426117438181,0.7587483686910073,148000000,1
1294931280000,1294931339000,0.7587426117438181,0.7590075217645407,0.7587195848286432,0.7589960000910795,134000000,1
1294931340000,1294931399000,0.7589383969703178,0.7589671974377268,0.758662023655082,0.7587541257255587,160000000,1
1294931400000,1294931459000,0.758713828318235,0.7587598828474742,0.7585181589247246,0.7586677793794098,150000000,1
1294931460000,1294931519000,0.7586850470764072,0.7587368548839891,0.7585641897017327,0.7585641897017327,165000000,1
1294931520000,1294931579000,0.7585756982689302,0.7585987164509718,0.7583340916674249,0.7584491232328134,128000000,1
1294931580000,1294931639000,0.7584548757271686,0.7584721337338066,0.7581558616820445,0.7581960998392624,133000000,1
1294931640000,1294931699000,0.7582075972401243,0.7583053392278936,0.7580466653527191,0.7582593398594187,168000000,1
1294931700000,1294931759000,0.7582420915349852,0.7583340916674249,0.7581846027870865,0.7583168399420646,94000000,1
1294931760000,1294931819000,0.7583168399420646,0.7583570951889825,0.7580696514395743,0.7581156277955514,149000000,1
1294931820000,1294931879000,0.7581156277955514,0.7582593398594187,0.7580581582218987,0.7581271227559437,153000000,1
1294931880000,1294931939000,0.7581271227559437,0.7581616097287297,0.7579719701965422,0.758075398179103,135000000,1
1294931940000,1294931999000,0.758075398179103,0.7582650894752806,0.7580351728320195,0.758173106083581,108000000,1
1294932000000,1294932059000,0.7582018484961066,0.7582823388460459,0.7581558616820445,0.758173106083581,50000000,1
1294932060000,1294932119000,0.7581616097287297,0.7581616097287297,0.7578800579020365,0.7579777154551657,135000000,1
1294932120000,1294932179000,0.7580006973606415,0.7580006973606415,0.7574150937679887,0.7574839413404436,199000000,1
1294932180000,1294932239000,0.7575528014302596,0.7575528014302596,0.756767392406596,0.756904864627565,195000000,1
1294932240000,1294932299000,0.756904864627565,0.756904864627565,0.756555553874321,0.7566127958356031,205000000,1
1294932300000,1294932359000,0.7566414200646171,0.7569163229005034,0.7566414200646171,0.7567330321535866,138000000,1
1294932360000,1294932419000,0.7567330321535866,0.7567330321535866,0.7562694739389539,0.7565670015736593,189000000,1
1294932420000,1294932479000,0.756555553874321,0.7571742257893541,0.7563953224513259,0.7571512939715613,208000000,1
1294932480000,1294932539000,0.757134096019746,0.7574036203893054,0.7570538492402964,0.7572946406258283,137000000,1
1294932540000,1294932599000,0.7572200935924036,0.7577192650123129,0.7571512939715613,0.7577020412492992,143000000,1
1294932600000,1294932659000,0.7576618555138842,0.7582363422678848,0.7576618555138842,0.7582133460713176,186000000,1
1294932660000,1294932719000,0.7582420915349852,0.7585124054703914,0.7581558616820445,0.7584893925258455,155000000,1
1294932720000,1294932779000,0.7584778865772168,0.7591458091355607,0.7584146100990489,0.758903839294523,139000000,1
1294932780000,1294932839000,0.7589960000910795,0.7590824211692906,0.7586850470764072,0.7586908031500842,215000000,1
1294932840000,1294932899000,0.7586908031500842,0.7587483686910073,0.7583283410050884,0.7583570951889825,161000000,1
1294932900000,1294932959000,0.7584031064191239,0.7585756982689302,0.7584031064191239,0.7584548757271686,56000000,1
1294932960000,1294933019000,0.7584261141279617,0.7584548757271686,0.7582248439952384,0.7583685974731159,92000000,1
1294933020000,1294933079000,0.7583685974731159,0.7584376185058779,0.758138618064927,0.758138618064927,122000000,1
1294933080000,1294933139000,0.7581673578625746,0.7582535903307501,0.7580351728320195,0.7580983860085362,139000000,1
1294933140000,1294933199000,0.7581213752321746,0.7582535903307501,0.7581213752321746,0.7582478408892731,66000000,1
1294933200000,1294933259000,0.7582190949896882,0.7584548757271686,0.7581846027870865,0.7584088582154639,76000000,1
1294933260000,1294933319000,0.7584376185058779,0.7586102260658474,0.7584261141279617,0.7586102260658474,81000000,1
1294933320000,1294933379000,0.7585929617745006,0.7586390016310739,0.7583455932537576,0.7583628462874347,90000000,1
1294933380000,1294933439000,0.7584031064191239,0.7584606283087845,0.7583398424169807,0.7583743487460279,72000000,1
1294933440000,1294933499000,0.7583513441777575,0.7586332463433878,0.7583513441777575,0.7585411736149038,96000000,1
1294933500000,1294933559000,0.758552681483729,0.7586505124684212,0.7584433708257173,0.758627491143024,95000000,1
1294933560000,1294933619000,0.7586562680180864,0.758713828318235,0.7585469275056701,0.7586562680180864,138000000,1
1294933620000,1294933679000,0.7586505124684212,0.7588692847656991,0.7586505124684212,0.7587656400567556,95000000,1
1294933680000,1294933739000,0.7587541257255587,0.7589211177390222,0.7586390016310739,0.7589211177390222,164000000,1
1294933740000,1294933799000,0.7589153581701034,0.7589211177390222,0.7587195848286432,0.7587195848286432,77000000,1
1294933800000,1294933859000,0.7587310981115183,0.7588808025923368,0.7586965593111036,0.7588808025923368,86000000,1
1294933860000,1294933919000,0.7589095986886042,0.7589095986886042,0.7586908031500842,0.7587713973534054,100000000,1
1294933920000,1294933979000,0.758782912208817,0.7590248049306252,0.758782912208817,0.7589729577935139,135000000,1
1294933980000,1294934039000,0.7589556769884638,0.7590075217645407,0.7588923207686061,0.7589960000910795,108000000,1
1294934040000,1294934099000,0.7589960000910795,0.7591400461557148,0.7588750436353151,0.7588980799878576,110000000,1
1294934100000,1294934159000,0.7588923207686061,0.7590248049306252,0.7587598828474742,0.758903839294523,91000000,1
1294934160000,1294934219000,0.758852008681267,0.7595321282090233,0.7588462501612548,0.75951482193175,120000000,1
1294934220000,1294934279000,0.759537897143378,0.7595494352749949,0.7590132827324478,0.7590824211692906,165000000,1
1294934280000,1294934339000,0.7590824211692906,0.7591630986001032,0.7589383969703178,0.7591400461557148,142000000,1
1294934340000,1294934399000,0.7591458091355607,0.7592149717192422,0.758662023655082,0.7587080718951769,156000000,1
1294934400000,1294934459000,0.7586677793794098,0.7586965593111036,0.7584088582154639,0.7585008988235651,172000000,1
1294934460000,1294934519000,0.7585008988235651,0.7586850470764072,0.7584433708257173,0.7586102260658474,119000000,1
1294934520000,1294934579000,0.758587207185338,0.7587598828474742,0.758529666095241,0.7587368548839891,114000000,1
1294934580000,1294934639000,0.7587253414264036,0.7590420888838286,0.758702315559467,0.7589326371391276,124000000,1
1294934640000,1294934699000,0.7589556769884638,0.759191916124477,0.7589499168949841,0.7590248049306252,80000000,1
1294934700000,1294934759000,0.7590190437878086,0.7591803888521952,0.7588865616367665,0.7591803888521952,103000000,1
1294934760000,1294934819000,0.759191916124477,0.7594859798888112,0.759191916124477,0.7593706336188567,140000000,1
1294934820000,1294934879000,0.759457140036302,0.7596763778630304,0.7594283023739729,0.759589821496392,121000000,1
1294934880000,1294934939000,0.7596013612056393,0.7597514093388643,0.7595955913071881,0.7596359824372161,124000000,1
1294934940000,1294934999000,0.7596244416760354,0.7597398650702,0.7594975164431212,0.7596763778630304,150000000,1
1294935000000,1294935059000,0.7596648358744121,0.7598264556375324,0.7595494352749949,0.7596994628924797,101000000,1
1294935060000,1294935119000,0.7597225493249865,0.7599015167634274,0.7597225493249865,0.759780271545469,116000000,1
1294935120000,1294935179000,0.759762953958365,0.7599419404357507,0.7597052343690648,0.7598841936488879,99000000,1
1294935180000,1294935239000,0.7598784194528875,0.7602365856254466,0.7598553235463967,0.7601094557616296,146000000,1
1294935240000,1294935299000,0.7601094557616296,0.7602308060727236,0.759768726399684,0.7599072913104602,149000000,1
1294935300000,1294935359000,0.7598380025378589,0.7598553235463967,0.7592956773297089,0.7593360365696236,133000000,1
1294935360000,1294935419000,0.7593533347001693,0.759439837176099,0.7593072081033264,0.759364867225053,126000000,1
1294935420000,1294935479000,0.7593533347001693,0.75947444368497,0.7593533347001693,0.7593706336188567,71000000,1
1294935480000,1294935539000,0.7593591009188245,0.7593591009188245,0.7590132827324478,0.7590536119566125,116000000,1
1294935540000,1294935599000,0.7590536119566125,0.7591169951112865,0.7587253414264036,0.7587483686910073,98000000,1
1294935600000,1294935659000,0.7587426117438181,0.7587598828474742,0.7583743487460279,0.7585756982689302,144000000,1
1294935660000,1294935719000,0.7586044712147533,0.7586965593111036,0.7583168399420646,0.7583168399420646,109000000,1
1294935720000,1294935779000,0.7582995890016228,0.7584606283087845,0.7582018484961066,0.7584433708257173,177000000,1
1294935780000,1294935839000,0.7584031064191239,0.7584663809776632,0.7581558616820445,0.7582823388460459,142000000,1
1294935840000,1294935899000,0.7582420915349852,0.7582938388625592,0.7579834608008853,0.7581558616820445,136000000,1
1294935900000,1294935959000,0.7581616097287297,0.7584491232328134,0.7581213752321746,0.758322590429969,131000000,1
1294935960000,1294936019000,0.7582765889685922,0.7583168399420646,0.7580409190488102,0.7582823388460459,99000000,1
1294936020000,1294936079000,0.7582823388460459,0.7585008988235651,0.7582018484961066,0.7585008988235651,100000000,1
1294936080000,1294936139000,0.7584836395078959,0.7585066521033389,0.7581213752321746,0.7581616097287297,146000000,1
1294936140000,1294936199000,0.7581443658501452,0.7582363422678848,0.7579949517536213,0.7581673578625746,155000000,1
1294936200000,1294936259000,0.7581673578625746,0.7582593398594187,0.7577422312477742,0.7577479730241721,164000000,1
1294936260000,1294936319000,0.7577422312477742,0.757822624036618,0.7572602324788914,0.7572717015137861,192000000,1
1294936320000,1294936379000,0.7572946406258283,0.7575642793291011,0.7570825068515967,0.7572086261206687,145000000,1
1294936380000,1294936439000,0.7572143598131195,0.757225827458523,0.7570825068515967,0.7572028925150494,119000000,1
1294936440000,1294936499000,0.7572430295779127,0.7572430295779127,0.7565670015736593,0.75668149762402,182000000,1
1294936500000,1294936559000,0.7566700464595408,0.7568418503269557,0.756412486857333,0.7568418503269557,147000000,1
1294936560000,1294936619000,0.7568418503269557,0.7572372954512756,0.7566528703626637,0.7572372954512756,193000000,1
1294936620000,1294936679000,0.7573003756209863,0.7574437787355234,0.7570137322291026,0.7573347874161253,203000000,1
1294936680000,1294936739000,0.7573577303503536,0.7577135236709704,0.7573577303503536,0.7576331540268202,186000000,1
1294936740000,1294936799000,0.7576331540268202,0.7578743141237457,0.7576331540268202,0.7578513398811689,99000000,1
1294936800000,1294936859000,0.7578743141237457,0.7582938388625592,0.7578398532822045,0.7582938388625592,111000000,1
1294936860000,1294936919000,0.7582995890016228,0.7584548757271686,0.7581616097287297,0.7582190949896882,184000000,1
1294936920000,1294936979000,0.7582190949896882,0.7582593398594187,0.758052411743748,0.7581558616820445,147000000,1
1294936980000,1294937039000,0.7582363422678848,0.7585756982689302,0.7581213752321746,0.7585066521033389,160000000,1
1294937040000,1294937099000,0.758529666095241,0.7586505124684212,0.7583513441777575,0.7583685974731159,77000000,1
1294937100000,1294937159000,0.7583685974731159,0.7587253414264036,0.7583283410050884,0.7586850470764072,117000000,1
1294937160000,1294937219000,0.7586850470764072,0.7587080718951769,0.758322590429969,0.7584778865772168,125000000,1
1294937220000,1294937279000,0.7584836395078959,0.758627491143024,0.7581903512695898,0.7583053392278936,113000000,1
1294937280000,1294937339000,0.7583685974731159,0.7585239124663405,0.7582075972401243,0.7582190949896882,106000000,1
1294937340000,1294937399000,0.7582535903307501,0.7584951456310679,0.7581616097287297,0.7584721337338066,98000000,1
1294937400000,1294937459000,0.7585066521033389,0.7585354198114281,0.758288088810701,0.7584548757271686,81000000,1
1294937460000,1294937519000,0.7584548757271686,0.7585699439416811,0.7583973547100268,0.7585469275056701,90000000,1
1294937520000,1294937579000,0.7585411736149038,0.7586562680180864,0.7584893925258455,0.7585239124663405,113000000,1
1294937580000,1294937639000,0.7585124054703914,0.7585411736149038,0.7583916030881706,0.7585411736149038,57000000,1
1294937640000,1294937699000,0.7585584355490825,0.758662023655082,0.7584491232328134,0.7585124054703914,98000000,1
1294937700000,1294937759000,0.7585124054703914,0.7585124054703914,0.7582650894752806,0.758322590429969,108000000,1
1294937760000,1294937819000,0.7583283410050884,0.7589326371391276,0.7582765889685922,0.7588923207686061,130000000,1
1294937820000,1294937879000,0.758863525983487,0.7589211177390222,0.7586390016310739,0.7587771547374252,112000000,1
1294937880000,1294937939000,0.7587771547374252,0.7588059429681453,0.758529666095241,0.7585929617745006,110000000,1
1294937940000,1294937999000,0.7585929617745006,0.7585929617745006,0.7582133460713176,0.7583973547100268,126000000,1
1294938000000,1294938059000,0.7582823388460459,0.7584491232328134,0.7581213752321746,0.7582650894752806,142000000,1
1294938060000,1294938119000,0.7582765889685922,0.7584836395078959,0.7582765889685922,0.7584088582154639,70000000,1
1294938120000,1294938179000,0.7584146100990489,0.7584318662732933,0.758322590429969,0.7583973547100268,28000000,1
1294938180000,1294938239000,0.7583973547100268,0.7584663809776632,0.7583570951889825,0.7584491232328134,41000000,1
1294938240000,1294938299000,0.7584491232328134,0.7584606283087845,0.7583570951889825,0.7584606283087845,39000000,1
1294938300000,1294938359000,0.7583973547100268,0.7583973547100268,0.7579949517536213,0.7580639047871736,142000000,1
1294938360000,1294938419000,0.7580639047871736,0.758138618064927,0.7579719701965422,0.7580351728320195,81000000,1
1294938420000,1294938479000,0.7580351728320195,0.7583168399420646,0.7580351728320195,0.7582248439952384,78000000,1
1294938480000,1294938539000,0.7582363422678848,0.7583685974731159,0.758138618064927,0.7582305930879699,100000000,1
1294938540000,1294938599000,0.7582075972401243,0.7585181589247246,0.7582075972401243,0.7584778865772168,125000000,1
1294938600000,1294938659000,0.7585008988235651,0.7585469275056701,0.7584376185058779,0.7584663809776632,75000000,1
1294938660000,1294938719000,0.7584376185058779,0.7584548757271686,0.7583801001061732,0.7584548757271686,65000000,1
1294938720000,1294938779000,0.7584491232328134,0.758673535191072,0.7584491232328134,0.7586217360299807,86000000,1
1294938780000,1294938839000,0.7586159810042559,0.758662023655082,0.7586044712147533,0.7586044712147533,36000000,1
1294938840000,1294938899000,0.7586044712147533,0.7586044712147533,0.7583455932537576,0.7583455932537576,53000000,1
1294938900000,1294938959000,0.7583628462874347,0.7583628462874347,0.7582593398594187,0.7583053392278936,53000000,1
1294938960000,1294939019000,0.758322590429969,0.7584548757271686,0.7582075972401243,0.7582075972401243,72000000,1
1294939020000,1294939079000,0.7581960998392624,0.7582478408892731,0.7581041331837342,0.7581673578625746,96000000,1
1294939080000,1294939139000,0.7581846027870865,0.7582823388460459,0.7579777154551657,0.7579834608008853,112000000,1
1294939140000,1294939199000,0.7580064430547659,0.7582478408892731,0.7580064430547659,0.7581558616820445,91000000,1
1294939200000,1294939259000,0.758138618064927,0.7583340916674249,0.7580868919195518,0.7582995890016228,98000000,1
1294939260000,1294939319000,0.758288088810701,0.7582995890016228,0.7580121888359965,0.758075398179103,87000000,1
1294939320000,1294939379000,0.7581156277955514,0.7581846027870865,0.7579087780994679,0.7580696514395743,164000000,1
1294939380000,1294939439000,0.7580868919195518,0.7582593398594187,0.7579834608008853,0.7579834608008853,106000000,1
1294939440000,1294939499000,0.7579834608008853,0.7582075972401243,0.7579547349432292,0.7582018484961066,133000000,1
1294939500000,1294939559000,0.7582133460713176,0.7582650894752806,0.7580811450057614,0.758173106083581,103000000,1
1294939560000,1294939619000,0.7581616097287297,0.7582075972401243,0.7580639047871736,0.7581271227559437,76000000,1
1294939620000,1294939679000,0.7581501137225171,0.7583801001061732,0.7581501137225171,0.7583801001061732,67000000,1
1294939680000,1294939739000,0.7583398424169807,0.7583398424169807,0.7578915457198074,0.7580696514395743,134000000,1
1294939740000,1294939799000,0.7580639047871736,0.7580639047871736,0.7576963001689663,0.7580466653527191,103000000,1
1294939800000,1294939859000,0.7580466653527191,0.7580466653527191,0.7577479730241721,0.7577939103681363,85000000,1
1294939860000,1294939919000,0.7578398532822045,0.7578570833112291,0.7575470626112648,0.7576274139903478,151000000,1
1294939920000,1294939979000,0.7576274139903478,0.7578111383081109,0.7576274139903478,0.7577824255099876,67000000,1
1294939980000,1294940039000,0.7578111383081109,0.7578513398811689,0.7577709409999545,0.7578398532822045,60000000,1
1294940040000,1294940099000,0.7578800579020365,0.7582708391783378,0.7578570833112291,0.7582075972401243,109000000,1
1294940100000,1294940159000,0.7581443658501452,0.7582133460713176,0.7580351728320195,0.7580409190488102,74000000,1
1294940160000,1294940219000,0.7580236806597838,0.7580983860085362,0.7579892062337032,0.7580811450057614,49000000,1
1294940220000,1294940279000,0.7580639047871736,0.7582075972401243,0.7580409190488102,0.758173106083581,69000000,1
1294940280000,1294940339000,0.7582075972401243,0.7582420915349852,0.7581213752321746,0.7582018484961066,41000000,1
1294940340000,1294940399000,0.7582075972401243,0.7582075972401243,0.7580581582218987,0.7581616097287297,68000000,1
1294940400000,1294940459000,0.7581673578625746,0.7582938388625592,0.7581041331837342,0.7581558616820445,59000000,1
1294940460000,1294940519000,0.7581558616820445,0.7582190949896882,0.7581156277955514,0.7581903512695898,54000000,1
1294940520000,1294940579000,0.7581673578625746,0.7582478408892731,0.7581673578625746,0.7582075972401243,23000000,1
1294940580000,1294940639000,0.7582018484961066,0.758288088810701,0.7581443658501452,0.7582133460713176,40000000,1
1294940640000,1294940699000,0.7582133460713176,0.7582133460713176,0.7581156277955514,0.7581156277955514,39000000,1
1294940700000,1294940759000,0.7580983860085362,0.7582363422678848,0.7580179347043352,0.7581271227559437,87000000,1
1294940760000,1294940819000,0.7581328703668605,0.7582420915349852,0.7581041331837342,0.7582305930879699,37000000,1
1294940820000,1294940879000,0.7582305930879699,0.7583340916674249,0.7581960998392624,0.7582765889685922,95000000,1
1294940880000,1294940939000,0.7582593398594187,0.7583110895413735,0.7581788543917509,0.7582190949896882,56000000,1
1294940940000,1294940999000,0.7582190949896882,0.7583283410050884,0.7582190949896882,0.7582938388625592,38000000,1
1294941000000,1294941059000,0.7582995890016228,0.7584203620698808,0.7582995890016228,0.7584031064191239,51000000,1
1294941060000,1294941119000,0.7584031064191239,0.7584491232328134,0.7583053392278936,0.7584031064191239,58000000,1
1294941120000,1294941179000,0.7584031064191239,0.7585411736149038,0.7583628462874347,0.7583743487460279,69000000,1
1294941180000,1294941239000,0.758322590429969,0.7583743487460279,0.7582420915349852,0.7583110895413735,99000000,1
1294941240000,1294941299000,0.7582938388625592,0.7582995890016228,0.758173106083581,0.7581788543917509,58000000,1
1294941300000,1294941359000,0.7581846027870865,0.7584088582154639,0.7581846027870865,0.7583455932537576,97000000,1
1294941360000,1294941419000,0.7583455932537576,0.7584951456310679,0.758322590429969,0.7584376185058779,72000000,1
1294941420000,1294941479000,0.7584203620698808,0.7584433708257173,0.7582995890016228,0.758322590429969,52000000,1
1294941480000,1294941539000,0.7582995890016228,0.7584721337338066,0.7582995890016228,0.7584318662732933,63000000,1
1294941540000,1294941599000,0.7584318662732933,0.7589671974377268,0.7584318662732933,0.7588289751255862,141000000,1
1294941600000,1294941659000,0.7588808025923368,0.7589671974377268,0.7586217360299807,0.758782912208817,123000000,1
1294941660000,1294941719000,0.7588059429681453,0.7589960000910795,0.758702315559467,0.7588174588720938,110000000,1
1294941720000,1294941779000,0.7587886697675831,0.758852008681267,0.7586332463433878,0.7587483686910073,106000000,1
1294941780000,1294941839000,0.7587310981115183,0.7589211177390222,0.758702315559467,0.7588289751255862,78000000,1
1294941840000,1294941899000,0.7588289751255862,0.7588692847656991,0.7586965593111036,0.7587771547374252,104000000,1
1294941900000,1294941959000,0.7587771547374252,0.7587771547374252,0.7585987164509718,0.7586044712147533,100000000,1
1294941960000,1294942019000,0.7586102260658474,0.7587656400567556,0.7585181589247246,0.7587656400567556,91000000,1
1294942020000,1294942079000,0.7587771547374252,0.7588289751255862,0.7585239124663405,0.7585239124663405,56000000,1
1294942080000,1294942139000,0.7585239124663405,0.7585239124663405,0.7583283410050884,0.7584433708257173,70000000,1
1294942140000,1294942199000,0.7584606283087845,0.7584778865772168,0.7582938388625592,0.7583340916674249,64000000,1
1294942200000,1294942259000,0.7583513441777575,0.7583513441777575,0.7580926389204761,0.7581673578625746,121000000,1
1294942260000,1294942319000,0.7581501137225171,0.7583628462874347,0.7581098804460719,0.7583628462874347,41000000,1
1294942320000,1294942379000,0.7583513441777575,0.7584261141279617,0.7583168399420646,0.7584031064191239,54000000,1
1294942380000,1294942439000,0.7584088582154639,0.7586332463433878,0.7583973547100268,0.7586332463433878,47000000,1
1294942440000,1294942499000,0.7586332463433878,0.7586677793794098,0.7585124054703914,0.758587207185338,43000000,1
1294942500000,1294942559000,0.7586102260658474,0.7586390016310739,0.7584778865772168,0.7585181589247246,38000000,1
1294942560000,1294942619000,0.758529666095241,0.758581452683482,0.7584951456310679,0.7585584355490825,27000000,1
1294942620000,1294942679000,0.7585987164509718,0.7586505124684212,0.758581452683482,0.758581452683482,44000000,1
1294942680000,1294942739000,0.7586102260658474,0.7588923207686061,0.7585699439416811,0.7588923207686061,95000000,1
1294942740000,1294942799000,0.7589326371391276,0.7592437931819908,0.7588865616367665,0.7591630986001032,108000000,1
1294942800000,1294942859000,0.7591688619299591,0.7592437931819908,0.7591054701140176,0.7591054701140176,71000000,1
1294942860000,1294942919000,0.759093945466691,0.7591342832633664,0.7589960000910795,0.7589960000910795,58000000,1
1294942920000,1294942979000,0.7589729577935139,0.7591630986001032,0.7589729577935139,0.7591630986001032,50000000,1
1294942980000,1294943039000,0.7591342832633664,0.7592841469062968,0.7590824211692906,0.7590824211692906,65000000,1
1294943040000,1294943099000,0.7590824211692906,0.7590824211692906,0.7589729577935139,0.759036327478633,30000000,1
1294943100000,1294943159000,0.7590305661608994,0.7590478503764878,0.7588347333834164,0.7588462501612548,52000000,1
1294943160000,1294943219000,0.7588462501612548,0.7588808025923368,0.7587944274137252,0.7588059429681453,58000000,1
1294943220000,1294943279000,0.758782912208817,0.758863525983487,0.7587713973534054,0.758863525983487,33000000,1
1294943280000,1294943339000,0.7589153581701034,0.7589153581701034,0.7585584355490825,0.7585584355490825,81000000,1
1294943340000,1294943399000,0.758587207185338,0.7585929617745006,0.7584261141279617,0.7584778865772168,72000000,1
1294943400000,1294943459000,0.7584778865772168,0.7584778865772168,0.7582938388625592,0.7583801001061732,66000000,1
1294943460000,1294943519000,0.7583801001061732,0.7585699439416811,0.7583801001061732,0.7585354198114281,42000000,1
1294943520000,1294943579000,0.7584951456310679,0.7585354198114281,0.7584203620698808,0.7584836395078959,37000000,1
1294943580000,1294943639000,0.7585008988235651,0.7585756982689302,0.7583858515535534,0.758552681483729,62000000,1
1294943640000,1294943699000,0.758552681483729,0.7586332463433878,0.7584778865772168,0.758581452683482,41000000,1
1294943700000,1294943759000,0.7585411736149038,0.7586332463433878,0.7584548757271686,0.7584893925258455,58000000,1
1294943760000,1294943819000,0.7585066521033389,0.7586044712147533,0.7585066521033389,0.7585584355490825,25000000,1
1294943820000,1294943879000,0.7585641897017327,0.7585699439416811,0.7583973547100268,0.7584088582154639,42000000,1
1294943880000,1294943939000,0.7584433708257173,0.7584433708257173,0.7583973547100268,0.7583973547100268,14000000,1
1294943940000,1294943999000,0.7583916030881706,0.7584318662732933,0.7582650894752806,0.7583513441777575,69000000,1
1294944000000,1294944059000,0.7583570951889825,0.7584433708257173,0.7582190949896882,0.7583628462874347,95000000,1
1294944060000,1294944119000,0.7583743487460279,0.7584261141279617,0.7582650894752806,0.7582765889685922,93000000,1
1294944120000,1294944179000,0.7582765889685922,0.7584031064191239,0.7581846027870865,0.7583973547100268,59000000,1
1294944180000,1294944239000,0.7583858515535534,0.7584203620698808,0.7583110895413735,0.7584088582154639,43000000,1
1294944240000,1294944299000,0.7584376185058779,0.7585411736149038,0.7583858515535534,0.7584548757271686,45000000,1
1294944300000,1294944359000,0.7584318662732933,0.7584376185058779,0.7583628462874347,0.7584261141279617,52000000,1
1294944360000,1294944419000,0.7584261141279617,0.758702315559467,0.7584261141279617,0.7586792910900705,55000000,1
1294944420000,1294944479000,0.7586792910900705,0.7587080718951769,0.758581452683482,0.758581452683482,45000000,1
1294944480000,1294944539000,0.7585699439416811,0.7585699439416811,0.7584088582154639,0.7584318662732933,60000000,1
1294944540000,1294944599000,0.7584088582154639,0.7584088582154639,0.7583340916674249,0.7583916030881706,37000000,1
1294944600000,1294944659000,0.7583858515535534,0.7583973547100268,0.7582478408892731,0.7582478408892731,40000000,1
1294944660000,1294944719000,0.7582478408892731,0.7582478408892731,0.7580868919195518,0.758173106083581,60000000,1
1294944720000,1294944779000,0.7581443658501452,0.7581846027870865,0.7581156277955514,0.7581328703668605,23000000,1
1294944780000,1294944839000,0.7581271227559437,0.7581558616820445,0.7579145224001638,0.7579662250250129,69000000,1
1294944840000,1294944899000,0.7579949517536213,0.7581156277955514,0.7579949517536213,0.7581156277955514,26000000,1
1294944900000,1294944959000,0.7581156277955514,0.7582075972401243,0.7581041331837342,0.7581788543917509,46000000,1
1294944960000,1294945019000,0.758138618064927,0.758138618064927,0.7580409190488102,0.7580696514395743,35000000,1
1294945020000,1294945079000,0.7580696514395743,0.7582305930879699,0.7580696514395743,0.7581443658501452,61000000,1
1294945080000,1294945139000,0.7581443658501452,0.7581443658501452,0.7581098804460719,0.7581098804460719,8000000,1
1294945140000,1294945199000,0.7581098804460719,0.7581098804460719,0.7579949517536213,0.7580121888359965,35000000,1
1294945200000,1294945259000,0.7580121888359965,0.7580236806597838,0.7578858017673896,0.7579145224001638,39000000,1
1294945260000,1294945319000,0.7579317558247055,0.7579662250250129,0.7578685704325155,0.7579145224001638,66000000,1
1294945320000,1294945379000,0.7579145224001638,0.7579145224001638,0.7577479730241721,0.7578915457198074,73000000,1
1294945380000,1294945439000,0.7579030338858446,0.7579030338858446,0.7577479730241721,0.7577479730241721,59000000,1
1294945440000,1294945499000,0.7577651988754766,0.7578513398811689,0.7577651988754766,0.7578398532822045,39000000,1
1294945500000,1294945559000,0.7578398532822045,0.7578685704325155,0.7576790774499553,0.7577135236709704,69000000,1
1294945560000,1294945619000,0.7577479730241721,0.7578111383081109,0.7576675960722512,0.7577135236709704,53000000,1
1294945620000,1294945679000,0.7577364895583911,0.7578398532822045,0.7576446343606995,0.7577135236709704,60000000,1
1294945680000,1294945739000,0.7577250064406627,0.7577939103681363,0.7577077824166332,0.7577594568380214,32000000,1
1294945740000,1294945799000,0.7577594568380214,0.7577594568380214,0.757587236170245,0.757587236170245,41000000,1
1294945800000,1294945859000,0.757587236170245,0.7577077824166332,0.7575642793291011,0.7577077824166332,35000000,1
1294945860000,1294945919000,0.7577250064406627,0.7577307479560212,0.7576446343606995,0.7577135236709704,53000000,1
1294945920000,1294945979000,0.7577135236709704,0.7578513398811689,0.7577135236709704,0.7578053955744164,77000000,1
1294945980000,1294946039000,0.7578570833112291,0.7578743141237457,0.7575929755979302,0.7576388941502701,118000000,1
1294946040000,1294946099000,0.7576446343606995,0.7577479730241721,0.7576446343606995,0.7577135236709704,54000000,1
1294946100000,1294946159000,0.7577077824166332,0.7577307479560212,0.7575585403362045,0.7575757575757576,52000000,1
1294946160000,1294946219000,0.7575814968295215,0.7575814968295215,0.7574036203893054,0.7574208305876828,48000000,1
1294946220000,1294946279000,0.7574208305876828,0.7574323044877864,0.7573003756209863,0.7573806746747049,60000000,1
1294946280000,1294946339000,0.7574150937679887,0.7574150937679887,0.7572544980917187,0.7572717015137861,58000000,1
1294946340000,1294946399000,0.7572717015137861,0.7573347874161253,0.7571627597068267,0.75732905189976,49000000,1
1294946400000,1294946459000,0.7573577303503536,0.7574036203893054,0.7572946406258283,0.7572946406258283,66000000,1
1294946460000,1294946519000,0.7572717015137861,0.7572946406258283,0.7571799589608462,0.7571799589608462,18000000,1
1294946520000,1294946579000,0.7571856922191598,0.7572372954512756,0.7571111666325966,0.7571226311525678,43000000,1
1294946580000,1294946639000,0.7571054345028088,0.7571856922191598,0.7570710435467264,0.7571627597068267,27000000,1
1294946640000,1294946699000,0.7571742257893541,0.7571914255642969,0.7571054345028088,0.7571168988491823,34000000,1
1294946700000,1294946759000,0.757134096019746,0.7571742257893541,0.7569506998009219,0.7570080015745766,68000000,1
1294946760000,1294946819000,0.7570309247132745,0.7570309247132745,0.7568590350047304,0.7569335109603972,69000000,1
1294946820000,1294946879000,0.7569220521670679,0.7570251937984497,0.7568704918901328,0.7570251937984497,51000000,1
1294946880000,1294946939000,0.7570481179783787,0.7571054345028088,0.7569449701006737,0.7569449701006737,51000000,1
1294946940000,1294946999000,0.7569277815203652,0.756990810131565,0.7569220521670679,0.7569506998009219,30000000,1
1294947000000,1294947059000,0.7569506998009219,0.7569678894221308,0.7568876778686043,0.7569506998009219,24000000,1
1294947060000,1294947119000,0.7569793496033428,0.7570825068515967,0.7569793496033428,0.7570595805889924,43000000,1
1294947120000,1294947179000,0.7570653120244684,0.7571570267957872,0.7570309247132745,0.7571455612341472,38000000,1
1294947180000,1294947239000,0.757134096019746,0.757134096019746,0.7569793496033428,0.7570595805889924,71000000,1
1294947240000,1294947299000,0.7570538492402964,0.7570538492402964,0.756904864627565,0.7569850798240767,47000000,1
1294947300000,1294947359000,0.7570251937984497,0.7570251937984497,0.7569335109603972,0.7569335109603972,25000000,1
1294947360000,1294947419000,0.7569105937206698,0.757002271006813,0.7569105937206698,0.7569449701006737,42000000,1
1294947420000,1294947479000,0.7569564295879129,0.757019462970393,0.7569163229005034,0.7569506998009219,41000000,1
1294947480000,1294947539000,0.7569506998009219,0.7569678894221308,0.756904864627565,0.7569392404871661,30000000,1
1294947540000,1294947599000,0.7569220521670679,0.7569449701006737,0.7568361222744439,0.7569163229005034,46000000,1
1294947600000,1294947659000,0.7569105937206698,0.7569277815203652,0.7569105937206698,0.7569105937206698,5000000,1
1294947660000,1294947719000,0.7569105937206698,0.7569105937206698,0.756767392406596,0.756807483312395,29000000,1
1294947720000,1294947779000,0.7567845737032496,0.7569392404871661,0.7567845737032496,0.756904864627565,25000000,1
1294947780000,1294947839000,0.7569163229005034,0.7569506998009219,0.7568704918901328,0.7568704918901328,14000000,1
1294947840000,1294947899000,0.7568991356211872,0.7569163229005034,0.7567616654810734,0.7568246664295283,88000000,1
1294947900000,1294947959000,0.7568303943086355,0.7569793496033428,0.7568246664295283,0.7569392404871661,53000000,1
1294947960000,1294948019000,0.7569564295879129,0.7569850798240767,0.7569392404871661,0.7569392404871661,27000000,1
1294948020000,1294948079000,0.7569449701006737,0.7572143598131195,0.7569449701006737,0.7571856922191598,67000000,1
1294948080000,1294948139000,0.7571914255642969,0.7573692023387562,0.7571570267957872,0.757248763791393,93000000,1
1294948140000,1294948199000,0.757248763791393,0.7574093570351969,0.7571226311525678,0.7571914255642969,107000000,1
1294948200000,1294948259000,0.7571799589608462,0.7573233164702674,0.7571627597068267,0.7572717015137861,61000000,1
1294948260000,1294948319000,0.7572774361615122,0.7573405230193652,0.7571512939715613,0.7571512939715613,88000000,1
1294948320000,1294948379000,0.7572200935924036,0.7572200935924036,0.7569449701006737,0.7569449701006737,106000000,1
1294948380000,1294948439000,0.7569449701006737,0.7569850798240767,0.7568590350047304,0.7569621594616486,78000000,1
1294948440000,1294948499000,0.7569793496033428,0.7570251937984497,0.7569392404871661,0.7569449701006737,79000000,1
1294948500000,1294948559000,0.7569277815203652,0.7570538492402964,0.7568762204629055,0.7570080015745766,102000000,1
1294948560000,1294948619000,0.7569850798240767,0.7570423868032371,0.7569564295879129,0.7569564295879129,47000000,1
1294948620000,1294948679000,0.7569564295879129,0.7569793496033428,0.7569163229005034,0.7569793496033428,47000000,1
1294948680000,1294948739000,0.756990810131565,0.7572831708960931,0.756990810131565,0.7572831708960931,108000000,1
1294948740000,1294948799000,0.7573003756209863,0.7574093570351969,0.7570538492402964,0.7570538492402964,82000000,1
1294948800000,1294948859000,0.7571054345028088,0.7571054345028088,0.7569678894221308,0.7570366557148697,72000000,1
1294948860000,1294948919000,0.7570366557148697,0.7570653120244684,0.7568934067015342,0.7568934067015342,72000000,1
1294948920000,1294948979000,0.7568762204629055,0.7568876778686043,0.7567330321535866,0.7567788465176821,36000000,1
1294948980000,1294949039000,0.7567960283344433,0.7569392404871661,0.7567731194187983,0.7568475784661727,54000000,1
1294949040000,1294949099000,0.7568418503269557,0.7568991356211872,0.7567387586457403,0.7568819491223954,83000000,1
1294949100000,1294949159000,0.7568819491223954,0.7570080015745766,0.7568819491223954,0.7569564295879129,64000000,1
1294949160000,1294949219000,0.7569793496033428,0.7569793496033428,0.7569105937206698,0.7569335109603972,21000000,1
1294949220000,1294949279000,0.7569449701006737,0.7569449701006737,0.7569105937206698,0.7569163229005034,17000000,1
1294949280000,1294949339000,0.7569277815203652,0.7569678894221308,0.7568819491223954,0.7569621594616486,27000000,1
1294949340000,1294949399000,0.7569220521670679,0.757099702459817,0.7569220521670679,0.7570710435467264,44000000,1
1294949400000,1294949459000,0.7570595805889924,0.757099702459817,0.7569850798240767,0.7569850798240767,36000000,1
1294949460000,1294949519000,0.7569850798240767,0.7570423868032371,0.7568361222744439,0.7568361222744439,26000000,1
1294949520000,1294949579000,0.7568704918901328,0.7570423868032371,0.7568647634040749,0.7568991356211872,55000000,1
1294949580000,1294949639000,0.7568704918901328,0.7568819491223954,0.7567788465176821,0.7567788465176821,22000000,1
1294949640000,1294949699000,0.7567788465176821,0.7567788465176821,0.7567616654810734,0.756767392406596,7000000,1
1294949700000,1294949759000,0.756767392406596,0.7568189386371205,0.756767392406596,0.7567903009755027,30000000,1
1294949760000,1294949819000,0.756807483312395,0.7568590350047304,0.756807483312395,0.7568475784661727,40000000,1
1294949820000,1294949879000,0.7568418503269557,0.7569793496033428,0.7568189386371205,0.7569449701006737,20000000,1
1294949880000,1294949939000,0.7569449701006737,0.7570366557148697,0.7569449701006737,0.7570309247132745,15000000,1
1294949940000,1294949999000,0.7570538492402964,0.7572028925150494,0.7570538492402964,0.7571512939715613,63000000,1
1294950000000,1294950059000,0.7571570267957872,0.7571570267957872,0.7570423868032371,0.7570710435467264,20000000,1
1294950060000,1294950119000,0.7570710435467264,0.7570710435467264,0.7568590350047304,0.7568647634040749,73000000,1
1294950120000,1294950179000,0.7568647634040749,0.7568991356211872,0.7568132109314101,0.7568132109314101,48000000,1
1294950180000,1294950239000,0.7568189386371205,0.7568876778686043,0.7566986750206199,0.7567158531971245,42000000,1
1294950240000,1294950299000,0.756744485224564,0.7569506998009219,0.756744485224564,0.7568418503269557,52000000,1
1294950300000,1294950359000,0.7568132109314101,0.7568132109314101,0.7565498301545631,0.7566242452673153,56000000,1
1294950360000,1294950419000,0.7566127958356031,0.7567158531971245,0.756584173772253,0.7567158531971245,26000000,1
1294950420000,1294950479000,0.7566986750206199,0.7566986750206199,0.7564525401676299,0.7564983205737283,77000000,1
1294950480000,1294950539000,0.7564925977199313,0.7565383829748603,0.75633811339021,0.7564868749527195,86000000,1
1294950540000,1294950599000,0.7564811522720912,0.7565326595149112,0.75642965204236,0.7564410959318598,54000000,1
1294950600000,1294950659000,0.75642965204236,0.7564582624153713,0.7563724377883669,0.7563896011557633,59000000,1
1294950660000,1294950719000,0.7563896011557633,0.7563896011557633,0.7561951285909816,0.7563667168389923,84000000,1
1294950720000,1294950779000,0.7563438339068941,0.7563667168389923,0.756132232404803,0.7561551025346318,74000000,1
1294950780000,1294950839000,0.7561665381183552,0.7561665381183552,0.7559721802237678,0.755989325430725,54000000,1
1294950840000,1294950899000,0.755989325430725,0.7562351588850068,0.755943606606947,0.756172256039926,87000000,1
1294950900000,1294950959000,0.7561836921424953,0.7563552751998669,0.7561608202832578,0.7562923523717328,90000000,1
1294950960000,1294951019000,0.7562751934173807,0.75644681800646,0.7562694739389539,0.7563495545101123,75000000,1
1294951020000,1294951079000,0.7563667168389923,0.756509766541086,0.7563667168389923,0.7563781588242858,60000000,1
1294951080000,1294951139000,0.756412486857333,0.7565383829748603,0.7563438339068941,0.7564353739438271,80000000,1
1294951140000,1294951199000,0.7565154896546507,0.7566414200646171,0.7564983205737283,0.756618520508145,105000000,1
1294951200000,1294951259000,0.756618520508145,0.7566299701131162,0.7562523160227178,0.7562751934173807,78000000,1
1294951260000,1294951319000,0.7562523160227178,0.7564868749527195,0.7562523160227178,0.756412486857333,68000000,1
1294951320000,1294951379000,0.756412486857333,0.7564811522720912,0.7563896011557633,0.756475429678044,25000000,1
1294951380000,1294951439000,0.7564639847496861,0.7565383829748603,0.7563495545101123,0.7564353739438271,41000000,1
1294951440000,1294951499000,0.75642965204236,0.7564582624153713,0.7563781588242858,0.7563781588242858,35000000,1
1294951500000,1294951559000,0.7563781588242858,0.7565612776806858,0.7563438339068941,0.7565383829748603,62000000,1
1294951560000,1294951619000,0.7565383829748603,0.756555553874321,0.7564639847496861,0.7565269361415613,46000000,1
1294951620000,1294951679000,0.7565269361415613,0.7566757719984565,0.756509766541086,0.7566757719984565,45000000,1
1294951680000,1294951739000,0.7566757719984565,0.756767392406596,0.7566757719984565,0.756767392406596,34000000,1
1294951740000,1294951799000,0.7567788465176821,0.7567903009755027,0.7566585956416464,0.7567903009755027,44000000,1
1294951800000,1294951859000,0.7567616654810734,0.756904864627565,0.7567502118900593,0.756904864627565,42000000,1
1294951860000,1294951919000,0.7569163229005034,0.7569277815203652,0.7568303943086355,0.7568303943086355,33000000,1
1294951920000,1294951979000,0.7568303943086355,0.7568876778686043,0.7567788465176821,0.7568533066920968,30000000,1
1294951980000,1294952039000,0.7568303943086355,0.7569449701006737,0.7568303943086355,0.7569105937206698,32000000,1
1294952040000,1294952099000,0.7569335109603972,0.7570653120244684,0.7569335109603972,0.7570251937984497,40000000,1
1294952100000,1294952159000,0.7570366557148697,0.7570882386342128,0.7569965405258098,0.7569965405258098,40000000,1
1294952160000,1294952219000,0.7569736194693615,0.7569736194693615,0.7568819491223954,0.7568819491223954,60000000,1
1294952220000,1294952279000,0.7568819491223954,0.7569220521670679,0.7567387586457403,0.7568017557800734,73000000,1
1294952280000,1294952339000,0.7567158531971245,0.7569105937206698,0.756687223336234,0.7567215794292805,148000000,1
1294952340000,1294952399000,0.756687223336234,0.7571570267957872,0.756687223336234,0.757002271006813,180000000,1
1294952400000,1294952459000,0.7570767751557685,0.7571054345028088,0.7567101270516303,0.7567101270516303,108000000,1
1294952460000,1294952519000,0.7567101270516303,0.7567559386422285,0.7566127958356031,0.7566929491351,81000000,1
1294952520000,1294952579000,0.7567273057481007,0.756744485224564,0.7566757719984565,0.7567330321535866,51000000,1
1294952580000,1294952639000,0.7567215794292805,0.756744485224564,0.7565670015736593,0.7567215794292805,46000000,1
1294952640000,1294952699000,0.7566929491351,0.7568418503269557,0.75668149762402,0.7568303943086355,27000000,1
1294952700000,1294952759000,0.7568418503269557,0.7568762204629055,0.756744485224564,0.7568189386371205,47000000,1
1294952760000,1294952819000,0.7568418503269557,0.7569277815203652,0.7568189386371205,0.7569277815203652,44000000,1
1294952820000,1294952879000,0.7569335109603972,0.7569506998009219,0.7568590350047304,0.7569449701006737,43000000,1
1294952880000,1294952939000,0.7569506998009219,0.7569793496033428,0.7568991356211872,0.7569678894221308,44000000,1
1294952940000,1294952999000,0.7569564295879129,0.7569621594616486,0.7567273057481007,0.7567330321535866,70000000,1
1294953000000,1294953059000,0.7567559386422285,0.7567559386422285,0.7564697071705764,0.7566757719984565,94000000,1
1294953060000,1294953119000,0.7567044009927961,0.7568189386371205,0.7566986750206199,0.7568189386371205,56000000,1
1294953120000,1294953179000,0.7568132109314101,0.7568303943086355,0.756744485224564,0.7568246664295283,30000000,1
1294953180000,1294953239000,0.7568246664295283,0.7568762204629055,0.7568246664295283,0.7568533066920968,47000000,1
1294953240000,1294953299000,0.7568762204629055,0.7569965405258098,0.7568762204629055,0.7569392404871661,52000000,1
1294953300000,1294953359000,0.7569335109603972,0.7569392404871661,0.7567788465176821,0.7569105937206698,83000000,1
1294953360000,1294953419000,0.7569105937206698,0.7569105937206698,0.7568418503269557,0.7568876778686043,99000000,1
1294953420000,1294953479000,0.7568876778686043,0.7568876778686043,0.7568246664295283,0.7568590350047304,24000000,1
1294953480000,1294953539000,0.7568590350047304,0.7569335109603972,0.7568303943086355,0.7568418503269557,43000000,1
1294953540000,1294953599000,0.7568418503269557,0.7569392404871661,0.7567903009755027,0.7568647634040749,44000000,1
1294953600000,1294953659000,0.7568762204629055,0.7568819491223954,0.7565784496194411,0.7567330321535866,56000000,1
1294953660000,1294953719000,0.7567387586457403,0.7567788465176821,0.7566299701131162,0.756744485224564,61000000,1
1294953720000,1294953779000,0.7567731194187983,0.756807483312395,0.7566643210072715,0.7566643210072715,25000000,1
1294953780000,1294953839000,0.7566643210072715,0.7567044009927961,0.7566070712496878,0.7566299701131162,37000000,1
1294953840000,1294953899000,0.7566299701131162,0.7566299701131162,0.75644681800646,0.7564811522720912,58000000,1
1294953900000,1294953959000,0.7564353739438271,0.7565784496194411,0.7564353739438271,0.7565326595149112,23000000,1
1294953960000,1294954019000,0.7565154896546507,0.7568704918901328,0.7565154896546507,0.7568533066920968,45000000,1
1294954020000,1294954079000,0.756807483312395,0.7568934067015342,0.7567387586457403,0.7568876778686043,37000000,1
1294954080000,1294954139000,0.7568934067015342,0.7569449701006737,0.7568132109314101,0.7568934067015342,44000000,1
1294954140000,1294954199000,0.7568704918901328,0.7568704918901328,0.7567903009755027,0.7567903009755027,12000000,1
1294954200000,1294954259000,0.7567903009755027,0.7567903009755027,0.7565154896546507,0.7565956223377291,104000000,1
1294954260000,1294954319000,0.7565956223377291,0.7566585956416464,0.7564811522720912,0.7564811522720912,89000000,1
1294954320000,1294954379000,0.7565212128548086,0.7565212128548086,0.75642965204236,0.7564582624153713,78000000,1
1294954380000,1294954439000,0.756475429678044,0.7566070712496878,0.756475429678044,0.7565326595149112,102000000,1
1294954440000,1294954499000,0.7565212128548086,0.7565784496194411,0.7564983205737283,0.756509766541086,28000000,1
1294954500000,1294954559000,0.7565326595149112,0.7565441065214101,0.75644681800646,0.7565154896546507,66000000,1
1294954560000,1294954619000,0.7564868749527195,0.7564868749527195,0.75642965204236,0.7564525401676299,17000000,1
1294954620000,1294954679000,0.7564582624153713,0.7564639847496861,0.756246596890314,0.7562751934173807,80000000,1
1294954680000,1294954739000,0.7562751934173807,0.756412486857333,0.756240877844411,0.756412486857333,94000000,1
1294954740000,1294954799000,0.756412486857333,0.7564983205737283,0.7563209523593433,0.756412486857333,49000000,1
1294954800000,1294954859000,0.7564353739438271,0.7566013467503971,0.7564353739438271,0.7565498301545631,50000000,1
1294954860000,1294954919000,0.7565498301545631,0.7566414200646171,0.7565154896546507,0.7566299701131162,64000000,1
1294954920000,1294954979000,0.7566299701131162,0.7566356950455495,0.7565498301545631,0.7565670015736593,55000000,1
1294954980000,1294955039000,0.7565670015736593,0.7566299701131162,0.7565498301545631,0.7566242452673153,44000000,1
1294955040000,1294955099000,0.7566242452673153,0.7566242452673153,0.7564582624153713,0.7564639847496861,52000000,1
1294955100000,1294955159000,0.7564639847496861,0.7564868749527195,0.7562980721962139,0.7563209523593433,40000000,1
1294955160000,1294955219000,0.7563209523593433,0.756418208499115,0.7562980721962139,0.756418208499115,35000000,1
1294955220000,1294955279000,0.7564010438334405,0.7564010438334405,0.7562008469449486,0.756332392960058,67000000,1
1294955280000,1294955339000,0.7563438339068941,0.7563667168389923,0.7562180025257681,0.7562180025257681,30000000,1
1294955340000,1294955399000,0.7562122839123399,0.756240877844411,0.7561894103234978,0.7561894103234978,28000000,1
1294955400000,1294955459000,0.7561894103234978,0.756246596890314,0.756132232404803,0.7562294400120997,48000000,1
1294955460000,1294955519000,0.7562294400120997,0.7563896011557633,0.7562065653854007,0.7562580352416244,57000000,1
1294955520000,1294955579000,0.7562809129823181,0.7563953224513259,0.7562809129823181,0.7563095121047336,26000000,1
1294955580000,1294955639000,0.7562866326337683,0.7562866326337683,0.7561779740479719,0.7562694739389539,41000000,1
1294955640000,1294955699000,0.7562980721962139,0.7562980721962139,0.7561551025346318,0.7562580352416244,43000000,1
1294955700000,1294955759000,0.7562580352416244,0.7562751934173807,0.7562122839123399,0.7562122839123399,21000000,1
1294955760000,1294955819000,0.7562122839123399,0.7562980721962139,0.7560807796704999,0.756103646687888,93000000,1
1294955820000,1294955879000,0.756103646687888,0.7562122839123399,0.7560579140362151,0.7561608202832578,95000000,1
1294955880000,1294955939000,0.7561608202832578,0.7562237212256874,0.7560521978437391,0.7560693466804775,83000000,1
1294955940000,1294955999000,0.7560693466804775,0.7562866326337683,0.7560693466804775,0.7562351588850068,74000000,1
1294956000000,1294956059000,0.7561951285909816,0.7563152321887763,0.7560979298038681,0.7561093636583596,209000000,1
1294956060000,1294956119000,0.7561093636583596,0.7562065653854007,0.7561093636583596,0.7561379498075629,130000000,1
1294956120000,1294956179000,0.7561379498075629,0.7562294400120997,0.7561207978586659,0.7561207978586659,61000000,1
1294956180000,1294956239000,0.7561836921424953,0.756418208499115,0.7561150807152849,0.7562351588850068,158000000,1
1294956240000,1294956299000,0.7563438339068941,0.7563838799467506,0.7561493848724754,0.7563781588242858,42000000,1
1294956300000,1294956359000,0.756418208499115,0.7566070712496878,0.7563724377883669,0.7566070712496878,74000000,1
1294956360000,1294956419000,0.7566070712496878,0.7566356950455495,0.7565212128548086,0.7565212128548086,57000000,1
1294956420000,1294956479000,0.7565212128548086,0.7565212128548086,0.7563724377883669,0.7563724377883669,71000000,1
1294956480000,1294956539000,0.7563724377883669,0.7564239302274567,0.7563495545101123,0.7564239302274567,69000000,1
1294956540000,1294956599000,0.7564639847496861,0.7564639847496861,0.7563552751998669,0.7564239302274567,59000000,1
1294956600000,1294956659000,0.7564239302274567,0.7564525401676299,0.7561436672967864,0.75633811339021,56000000,1
1294956660000,1294956719000,0.7563209523593433,0.7563209523593433,0.7562122839123399,0.7562122839123399,12000000,1
1294956720000,1294956779000,0.7562351588850068,0.756246596890314,0.7561493848724754,0.7561493848724754,30000000,1
1294956780000,1294956839000,0.7561493848724754,0.7563152321887763,0.7561493848724754,0.756246596890314,47000000,1
1294956840000,1294956899000,0.756246596890314,0.7562523160227178,0.7562351588850068,0.7562523160227178,13000000,1
1294956900000,1294956959000,0.7562523160227178,0.7562694739389539,0.7562523160227178,0.7562694739389539,12000000,1
1294956960000,1294957019000,0.7562694739389539,0.756332392960058,0.7561608202832578,0.7563152321887763,75000000,1
1294957020000,1294957079000,0.7563152321887763,0.7564525401676299,0.7563152321887763,0.756412486857333,82000000,1
1294957080000,1294957139000,0.756412486857333,0.7565212128548086,0.7563896011557633,0.7564697071705764,60000000,1
1294957140000,1294957199000,0.7564639847496861,0.7564639847496861,0.7564067653021088,0.7564410959318598,22000000,1
1294957200000,1294957259000,0.75644681800646,0.756475429678044,0.7563609959761596,0.756412486857333,59000000,1
1294957260000,1294957319000,0.756412486857333,0.7565956223377291,0.7563438339068941,0.7565441065214101,83000000,1
1294957320000,1294957379000,0.7565441065214101,0.7565441065214101,0.7563724377883669,0.75642965204236,104000000,1
1294957380000,1294957439000,0.7563953224513259,0.7564410959318598,0.7563037921072137,0.7564353739438271,82000000,1
1294957440000,1294957499000,0.7564410959318598,0.7564410959318598,0.7563609959761596,0.7563724377883669,43000000,1
1294957500000,1294957559000,0.7563724377883669,0.7563953224513259,0.7563037921072137,0.7563953224513259,69000000,1
1294957560000,1294957619000,0.756412486857333,0.7565154896546507,0.7563667168389923,0.7564868749527195,42000000,1
1294957620000,1294957679000,0.7564868749527195,0.7566299701131162,0.7564868749527195,0.7565727255532438,24000000,1
1294957680000,1294957739000,0.756618520508145,0.756618520508145,0.7565727255532438,0.7565898980116817,10000000,1
1294957740000,1294957799000,0.756618520508145,0.7566528703626637,0.7564868749527195,0.7564868749527195,26000000,1
1294957800000,1294957859000,0.7564868749527195,0.7566757719984565,0.7564868749527195,0.7565956223377291,80000000,1
1294957860000,1294957919000,0.7565727255532438,0.7566013467503971,0.7565326595149112,0.7565898980116817,37000000,1
1294957920000,1294957979000,0.756584173772253,0.7567158531971245,0.75642965204236,0.75642965204236,81000000,1
1294957980000,1294958039000,0.7564868749527195,0.7565670015736593,0.7564067653021088,0.7565670015736593,35000000,1
1294958040000,1294958099000,0.7566070712496878,0.7566070712496878,0.7565154896546507,0.7565154896546507,8000000,1
1294958100000,1294958159000,0.756475429678044,0.7565383829748603,0.7564410959318598,0.7564925977199313,50000000,1
1294958160000,1294958219000,0.7564925977199313,0.7564983205737283,0.756332392960058,0.7564983205737283,54000000,1
1294958220000,1294958279000,0.75644681800646,0.7565040435141125,0.75644681800646,0.7564639847496861,17000000,1
1294958280000,1294958339000,0.7564811522720912,0.7566356950455495,0.7564639847496861,0.7565269361415613,37000000,1
1294958340000,1294958399000,0.7565326595149112,0.7567101270516303,0.7565326595149112,0.7566414200646171,30000000,1
1294958400000,1294958459000,0.7566585956416464,0.7567559386422285,0.7566471451703213,0.7567044009927961,31000000,1
1294958460000,1294958519000,0.7567215794292805,0.7568704918901328,0.7567215794292805,0.7568418503269557,67000000,1
1294958520000,1294958579000,0.7568132109314101,0.7568246664295283,0.756767392406596,0.7567788465176821,12000000,1
1294958580000,1294958639000,0.756767392406596,0.7569335109603972,0.7566242452673153,0.7566299701131162,71000000,1
1294958640000,1294958699000,0.7566242452673153,0.7567788465176821,0.756418208499115,0.7567788465176821,62000000,1
1294958700000,1294958759000,0.7568132109314101,0.7570251937984497,0.7568132109314101,0.7569736194693615,96000000,1
1294958760000,1294958819000,0.7569736194693615,0.7571856922191598,0.7569163229005034,0.7569449701006737,76000000,1
1294958820000,1294958879000,0.7569449701006737,0.7569506998009219,0.7569220521670679,0.7569392404871661,14000000,1
1294958880000,1294958939000,0.7569392404871661,0.7569736194693615,0.7569392404871661,0.7569506998009219,19000000,1
1294958940000,1294958999000,0.7569392404871661,0.7569965405258098,0.7569335109603972,0.7569850798240767,18000000,1
1294959000000,1294959059000,0.7569621594616486,0.7569621594616486,0.7569392404871661,0.7569392404871661,13000000,1
1294959060000,1294959119000,0.7569220521670679,0.7570366557148697,0.7569220521670679,0.7570366557148697,33000000,1
1294959120000,1294959179000,0.7570366557148697,0.7570767751557685,0.7569793496033428,0.7570423868032371,90000000,1
1294959180000,1294959239000,0.7570423868032371,0.7570767751557685,0.757019462970393,0.7570767751557685,50000000,1
1294959240000,1294959299000,0.7570767751557685,0.7571856922191598,0.7570366557148697,0.757134096019746,70000000,1
1294959300000,1294959359000,0.757134096019746,0.7571512939715613,0.7570423868032371,0.7570481179783787,46000000,1
1294959360000,1294959419000,0.7570481179783787,0.7572889057175313,0.7570481179783787,0.7572717015137861,99000000,1
1294959420000,1294959479000,0.7572717015137861,0.7572717015137861,0.757002271006813,0.7570080015745766,60000000,1
1294959480000,1294959539000,0.7570080015745766,0.757019462970393,0.7569793496033428,0.757019462970393,72000000,1
1294959540000,1294959599000,0.7570251937984497,0.7570251937984497,0.7569506998009219,0.7569506998009219,51000000,1
1294959600000,1294959659000,0.7568991356211872,0.7569678894221308,0.7567101270516303,0.7567101270516303,67000000,1
1294959660000,1294959719000,0.7567215794292805,0.7569392404871661,0.7567215794292805,0.7569392404871661,50000000,1
1294959720000,1294959779000,0.7569678894221308,0.7569736194693615,0.7567960283344433,0.7568590350047304,60000000,1
1294959780000,1294959839000,0.7568590350047304,0.7568991356211872,0.7567960283344433,0.7568991356211872,45000000,1
1294959840000,1294959899000,0.7568991356211872,0.7569163229005034,0.7568819491223954,0.7569163229005034,26000000,1
1294959900000,1294959959000,0.7569163229005034,0.7569163229005034,0.7567044009927961,0.7567559386422285,41000000,1
1294959960000,1294960019000,0.756767392406596,0.7568017557800734,0.756767392406596,0.7568017557800734,16000000,1
1294960020000,1294960079000,0.7568017557800734,0.7569277815203652,0.7567845737032496,0.756904864627565,39000000,1
1294960080000,1294960139000,0.7569105937206698,0.7569392404871661,0.7569105937206698,0.7569392404871661,28000000,1
1294960140000,1294960199000,0.7569392404871661,0.7569392404871661,0.7569392404871661,0.7569392404871661,3000000,1
1294960200000,1294960259000,0.7569335109603972,0.7569564295879129,0.7569335109603972,0.7569449701006737,8000000,1
1294960260000,1294960319000,0.7569449701006737,0.7569449701006737,0.7568819491223954,0.7568819491223954,21000000,1
1294960320000,1294960379000,0.7568819491223954,0.7569506998009219,0.7568017557800734,0.756807483312395,40000000,1
1294960380000,1294960439000,0.7568189386371205,0.7569220521670679,0.7568189386371205,0.7568418503269557,31000000,1
1294960440000,1294960499000,0.7568590350047304,0.7569220521670679,0.7568590350047304,0.756904864627565,20000000,1
1294960500000,1294960559000,0.7569105937206698,0.7569335109603972,0.7569105937206698,0.7569335109603972,12000000,1
1294960560000,1294960619000,0.7569335109603972,0.757002271006813,0.7569335109603972,0.757002271006813,11000000,1
1294960620000,1294960679000,0.757002271006813,0.7570767751557685,0.7568533066920968,0.7568819491223954,23000000,1
1294960680000,1294960739000,0.7568590350047304,0.7568991356211872,0.7568246664295283,0.7568934067015342,47000000,1
1294960740000,1294960799000,0.7568934067015342,0.7571627597068267,0.7568934067015342,0.7571627597068267,29000000,1
1294960800000,1294960859000,0.7571627597068267,0.7573347874161253,0.7571627597068267,0.7572430295779127,56000000,1
1294960860000,1294960919000,0.7572659669529131,0.7572659669529131,0.757128363542755,0.757128363542755,31000000,1
1294960920000,1294960979000,0.757134096019746,0.7571799589608462,0.757128363542755,0.7571455612341472,9000000,1
1294960980000,1294961039000,0.7571684927046816,0.7572544980917187,0.7571570267957872,0.7572315614114796,36000000,1
1294961040000,1294961099000,0.7572143598131195,0.7572717015137861,0.7572143598131195,0.7572544980917187,14000000,1
1294961100000,1294961159000,0.7572430295779127,0.7572430295779127,0.7570423868032371,0.7571111666325966,39000000,1
1294961160000,1294961219000,0.7571168988491823,0.7572143598131195,0.7571168988491823,0.757128363542755,20000000,1
1294961220000,1294961279000,0.7570939705036189,0.7571627597068267,0.7570939705036189,0.7571512939715613,24000000,1
1294961280000,1294961339000,0.7571684927046816,0.7571914255642969,0.7571570267957872,0.7571742257893541,9000000,1
1294961340000,1294961399000,0.7571799589608462,0.7573519944864775,0.7571799589608462,0.7572774361615122,33000000,1
1294961400000,1294961459000,0.7572774361615122,0.7575757575757576,0.7572774361615122,0.7574609907589759,90000000,1
1294961460000,1294961519000,0.7574380415681997,0.7575068933127291,0.7573864109730143,0.7574036203893054,29000000,1
1294961520000,1294961579000,0.7573864109730143,0.7574150937679887,0.75732905189976,0.7573519944864775,53000000,1
1294961580000,1294961639000,0.7573634663011125,0.7575068933127291,0.7573405230193652,0.7575011551892616,53000000,1
1294961640000,1294961699000,0.7575011551892616,0.7576331540268202,0.7574323044877864,0.7575757575757576,114000000,1
1294961700000,1294961759000,0.7576044547141938,0.7576044547141938,0.7575011551892616,0.7575355852341163,29000000,1
1294961760000,1294961819000,0.7575413238792176,0.757610194402776,0.7574609907589759,0.7574609907589759,65000000,1
1294961820000,1294961879000,0.7574782035646924,0.7576044547141938,0.7574150937679887,0.7574150937679887,28000000,1
1294961880000,1294961939000,0.7574093570351969,0.7574495159897593,0.7574093570351969,0.7574495159897593,8000000,1
1294961940000,1294961999000,0.7574093570351969,0.7574265674942814,0.7573175811276459,0.7573749384632863,34000000,1
1294962000000,1294962059000,0.7573749384632863,0.7574265674942814,0.7573692023387562,0.7573806746747049,33000000,1
1294962060000,1294962119000,0.7573921473582163,0.7573921473582163,0.7572774361615122,0.7572774361615122,20000000,1
1294962120000,1294962179000,0.7573118458718932,0.7573347874161253,0.7572946406258283,0.7572946406258283,16000000,1
1294962180000,1294962239000,0.7573061107030072,0.7573692023387562,0.7573061107030072,0.7573692023387562,5000000,1
1294962240000,1294962299000,0.7573749384632863,0.7573864109730143,0.7573347874161253,0.7573692023387562,16000000,1
1294962300000,1294962359000,0.7573806746747049,0.7574265674942814,0.7572372954512756,0.7572372954512756,20000000,1
1294962360000,1294962419000,0.7572200935924036,0.7573462587094819,0.7571742257893541,0.7573233164702674,25000000,1
1294962420000,1294962479000,0.7573347874161253,0.7573519944864775,0.7573118458718932,0.7573118458718932,9000000,1
1294962480000,1294962539000,0.7573175811276459,0.7573175811276459,0.7570882386342128,0.7571627597068267,51000000,1
1294962540000,1294962599000,0.7571627597068267,0.7571627597068267,0.7569277815203652,0.7569506998009219,47000000,1
1294962600000,1294962659000,0.7569793496033428,0.7571398285835429,0.7569736194693615,0.7570939705036189,54000000,1
1294962660000,1294962719000,0.757099702459817,0.757128363542755,0.7569965405258098,0.757099702459817,44000000,1
1294962720000,1294962779000,0.7570653120244684,0.7571054345028088,0.7570309247132745,0.7570309247132745,51000000,1
1294962780000,1294962839000,0.7570481179783787,0.7572774361615122,0.7570481179783787,0.7571627597068267,53000000,1
1294962840000,1294962899000,0.7571512939715613,0.7572143598131195,0.7571512939715613,0.7572143598131195,23000000,1
1294962900000,1294962959000,0.7571742257893541,0.7572200935924036,0.7571570267957872,0.7572143598131195,25000000,1
1294962960000,1294963019000,0.7572200935924036,0.7572717015137861,0.7572143598131195,0.7572659669529131,11000000,1
1294963020000,1294963079000,0.7572659669529131,0.7572774361615122,0.7571226311525678,0.7571627597068267,51000000,1
1294963080000,1294963139000,0.7571627597068267,0.7571627597068267,0.7569277815203652,0.7569277815203652,41000000,1
1294963140000,1294963199000,0.7569449701006737,0.7570080015745766,0.7569449701006737,0.7570080015745766,23000000,1
1294963200000,1294963259000,0.7569965405258098,0.7570423868032371,0.7569449701006737,0.7570309247132745,34890000,1
1294963260000,1294963319000,0.7570309247132745,0.7570767751557685,0.7568590350047304,0.7568590350047304,58130000,1
1294963320000,1294963379000,0.7568991356211872,0.7570538492402964,0.7568647634040749,0.7569621594616486,85440000,1
1294963380000,1294963439000,0.7569621594616486,0.756990810131565,0.7568418503269557,0.7568418503269557,43470000,1
1294963440000,1294963499000,0.7568017557800734,0.7568017557800734,0.7567044009927961,0.7567788465176821,61270000,1
1294963500000,1294963559000,0.7567845737032496,0.7569793496033428,0.7567845737032496,0.7568647634040749,72490000,1
1294963560000,1294963619000,0.7568647634040749,0.7569678894221308,0.7568647634040749,0.7569621594616486,49810000,1
1294963620000,1294963679000,0.7569621594616486,0.7570309247132745,0.756904864627565,0.7569392404871661,59260000,1
1294963680000,1294963739000,0.7569392404871661,0.7569392404871661,0.7568361222744439,0.7568361222744439,22210000,1
1294963740000,1294963799000,0.7568533066920968,0.7569163229005034,0.7568017557800734,0.7569163229005034,37130000,1
1294963800000,1294963859000,0.7569335109603972,0.7569335109603972,0.7568303943086355,0.7568704918901328,29260000,1
1294963860000,1294963919000,0.7568475784661727,0.7568876778686043,0.7568475784661727,0.7568819491223954,37880000,1
1294963920000,1294963979000,0.7568819491223954,0.7570882386342128,0.7568819491223954,0.7570882386342128,48390000,1
1294963980000,1294964039000,0.7570653120244684,0.7571627597068267,0.7570251937984497,0.7571627597068267,73890000,1
1294964040000,1294964099000,0.7571627597068267,0.7572602324788914,0.7571627597068267,0.7572602324788914,47060000,1
1294964100000,1294964159000,0.7572602324788914,0.7572889057175313,0.7572200935924036,0.7572889057175313,18010000,1
1294964160000,1294964219000,0.7572659669529131,0.7573061107030072,0.7572315614114796,0.7573061107030072,34210000,1
1294964220000,1294964279000,0.7573118458718932,0.7574609907589759,0.7572659669529131,0.7574437787355234,45960000,1
1294964280000,1294964339000,0.7574609907589759,0.7575298466759591,0.7574093570351969,0.7574208305876828,45760000,1
1294964340000,1294964399000,0.7574265674942814,0.7574437787355234,0.7573233164702674,0.7573462587094819,82900000,1
1294964400000,1294964459000,0.7573462587094819,0.7574437787355234,0.7572889057175313,0.7572889057175313,105730000,1
1294964460000,1294964519000,0.7572889057175313,0.7573749384632863,0.7572889057175313,0.7573061107030072,50270000,1
1294964520000,1294964579000,0.7573061107030072,0.7573692023387562,0.7572774361615122,0.7573692023387562,81570000,1
1294964580000,1294964639000,0.7573347874161253,0.7574552533309095,0.7573175811276459,0.7574552533309095,60380000,1
1294964640000,1294964699000,0.7574552533309095,0.7574552533309095,0.7573634663011125,0.7574323044877864,42010000,1
1294964700000,1294964759000,0.7574323044877864,0.7574495159897593,0.7574323044877864,0.7574323044877864,10500000,1
1294964760000,1294964819000,0.7574323044877864,0.7574552533309095,0.7573692023387562,0.7573692023387562,41450000,1
1294964820000,1294964879000,0.7573864109730143,0.7573921473582163,0.7573634663011125,0.7573634663011125,34500000,1
1294964880000,1294964939000,0.7573519944864775,0.7573634663011125,0.7573003756209863,0.7573003756209863,44260000,1
1294964940000,1294964999000,0.7572946406258283,0.7573978838303125,0.7572946406258283,0.7573978838303125,31880000,1
1294965000000,1294965059000,0.7573978838303125,0.7574265674942814,0.7573118458718932,0.7573519944864775,32250000,1
1294965060000,1294965119000,0.7573692023387562,0.7574036203893054,0.7573634663011125,0.7573978838303125,26260000,1
1294965120000,1294965179000,0.7573978838303125,0.7574150937679887,0.7573749384632863,0.7573978838303125,19500000,1
1294965180000,1294965239000,0.7573978838303125,0.7574265674942814,0.7573978838303125,0.7573978838303125,25880000,1
1294965240000,1294965299000,0.7574265674942814,0.7574380415681997,0.7573462587094819,0.7573806746747049,34510000,1
1294965300000,1294965359000,0.7573806746747049,0.7573806746747049,0.7573577303503536,0.7573577303503536,18000000,1
1294965360000,1294965419000,0.7573634663011125,0.7573634663011125,0.7572544980917187,0.7573233164702674,19690000,1
1294965420000,1294965479000,0.7573061107030072,0.7575413238792176,0.7573061107030072,0.7575413238792176,53350000,1
1294965480000,1294965539000,0.7575470626112648,0.7577422312477742,0.7575470626112648,0.7577307479560212,72000000,1
1294965540000,1294965599000,0.7577135236709704,0.7577651988754766,0.7576905591756327,0.7577422312477742,19140000,1
1294965600000,1294965659000,0.7577307479560212,0.7577307479560212,0.7576733367176075,0.7576905591756327,37500000,1
1294965660000,1294965719000,0.7576905591756327,0.7578685704325155,0.7576905591756327,0.7578685704325155,63390000,1
1294965720000,1294965779000,0.7578513398811689,0.757920266787934,0.757822624036618,0.7578972897592918,44260000,1
1294965780000,1294965839000,0.7579145224001638,0.7579777154551657,0.7578915457198074,0.7579777154551657,49840000,1
1294965840000,1294965899000,0.7579719701965422,0.7580409190488102,0.7579547349432292,0.7579777154551657,58130000,1
1294965900000,1294965959000,0.7579719701965422,0.7579719701965422,0.7579087780994679,0.7579547349432292,31510000,1
1294965960000,1294966019000,0.7579547349432292,0.7579834608008853,0.7579317558247055,0.7579834608008853,8630000,1
1294966020000,1294966079000,0.7579834608008853,0.7579834608008853,0.757799652927759,0.7578455965381613,40130000,1
1294966080000,1294966139000,0.7578283670314346,0.7578628268283442,0.7577537148875872,0.7577709409999545,42380000,1
1294966140000,1294966199000,0.7577881678955465,0.7578858017673896,0.7577364895583911,0.7578858017673896,62450000,1
1294966200000,1294966259000,0.7578398532822045,0.7578858017673896,0.757822624036618,0.7578398532822045,36720000,1
1294966260000,1294966319000,0.7578398532822045,0.7578858017673896,0.7578341101132962,0.7578341101132962,19690000,1
1294966320000,1294966379000,0.7578800579020365,0.7578800579020365,0.7577537148875872,0.7577537148875872,38310000,1
1294966380000,1294966439000,0.7577364895583911,0.7577709409999545,0.7577192650123129,0.7577594568380214,19130000,1
1294966440000,1294966499000,0.7577651988754766,0.7578570833112291,0.757621674040851,0.7578570833112291,61510000,1
1294966500000,1294966559000,0.757822624036618,0.757822624036618,0.7574437787355234,0.7575585403362045,116100000,1
1294966560000,1294966619000,0.7575700184089516,0.7575700184089516,0.7574265674942814,0.7574265674942814,79510000,1
1294966620000,1294966679000,0.7574437787355234,0.7574437787355234,0.7573405230193652,0.7574093570351969,82430000,1
1294966680000,1294966739000,0.7574552533309095,0.7574667282739606,0.7573921473582163,0.7574495159897593,31130000,1
1294966740000,1294966799000,0.7574495159897593,0.7574552533309095,0.7572315614114796,0.7572946406258283,47270000,1
1294966800000,1294966859000,0.7572946406258283,0.7573405230193652,0.757248763791393,0.7573175811276459,45220000,1
1294966860000,1294966919000,0.7573118458718932,0.7574323044877864,0.7573118458718932,0.7573233164702674,69590000,1
1294966920000,1294966979000,0.7573405230193652,0.7574839413404436,0.7573175811276459,0.7574208305876828,67140000,1
1294966980000,1294967039000,0.7574036203893054,0.7574724658758655,0.7573749384632863,0.7574437787355234,32240000,1
1294967040000,1294967099000,0.7574437787355234,0.7574437787355234,0.7573806746747049,0.7574265674942814,27390000,1
1294967100000,1294967159000,0.7574265674942814,0.7574265674942814,0.757248763791393,0.757248763791393,27000000,1
1294967160000,1294967219000,0.757248763791393,0.757248763791393,0.757248763791393,0.757248763791393,1500000,1
1294967220000,1294967279000,0.7572717015137861,0.7572717015137861,0.7572315614114796,0.7572315614114796,9000000,1
1294967280000,1294967339000,0.7572315614114796,0.7573061107030072,0.757225827458523,0.7573061107030072,16140000,1
1294967340000,1294967399000,0.7572774361615122,0.7573061107030072,0.7571742257893541,0.7572086261206687,73230000,1
1294967400000,1294967459000,0.7572086261206687,0.7573118458718932,0.7572086261206687,0.7573118458718932,23370000,1
1294967460000,1294967519000,0.7573118458718932,0.7573405230193652,0.7573118458718932,0.7573405230193652,10510000,1
1294967520000,1294967579000,0.7573692023387562,0.7573921473582163,0.7573462587094819,0.7573921473582163,25500000,1
1294967580000,1294967639000,0.7574036203893054,0.7574036203893054,0.7573175811276459,0.7573692023387562,28880000,1
1294967640000,1294967699000,0.7573864109730143,0.7573864109730143,0.7572659669529131,0.7572889057175313,27380000,1
1294967700000,1294967759000,0.7572946406258283,0.7573175811276459,0.7572717015137861,0.7573118458718932,24380000,1
1294967760000,1294967819000,0.7573118458718932,0.7573118458718932,0.7571398285835429,0.7571398285835429,61500000,1
1294967820000,1294967879000,0.7571398285835429,0.7571398285835429,0.7570481179783787,0.7570481179783787,21750000,1
1294967880000,1294967939000,0.7570653120244684,0.7571168988491823,0.7570481179783787,0.7570653120244684,48380000,1
1294967940000,1294967999000,0.7570653120244684,0.7571684927046816,0.7570653120244684,0.7571570267957872,29630000,1
1294968000000,1294968059000,0.7571512939715613,0.7571627597068267,0.7571111666325966,0.757134096019746,47250000,1
1294968060000,1294968119000,0.757128363542755,0.7572315614114796,0.757128363542755,0.7572086261206687,25140000,1
1294968120000,1294968179000,0.757225827458523,0.757248763791393,0.7572143598131195,0.757225827458523,25960000,1
1294968180000,1294968239000,0.757225827458523,0.7573978838303125,0.7571856922191598,0.7573978838303125,68630000,1
1294968240000,1294968299000,0.7574150937679887,0.7575470626112648,0.7573577303503536,0.7575241082047436,106500000,1
1294968300000,1294968359000,0.7575413238792176,0.7576790774499553,0.7575183698204682,0.7575642793291011,86630000,1
1294968360000,1294968419000,0.7575700184089516,0.7576159341783276,0.7575470626112648,0.7575814968295215,57750000,1
1294968420000,1294968479000,0.7575757575757576,0.7575757575757576,0.7575241082047436,0.7575298466759591,30750000,1
1294968480000,1294968539000,0.7575298466759591,0.7575757575757576,0.7575298466759591,0.7575757575757576,6000000,1
1294968540000,1294968599000,0.7575757575757576,0.7575757575757576,0.7574495159897593,0.7574495159897593,25130000,1
1294968600000,1294968659000,0.7574380415681997,0.7574495159897593,0.7574380415681997,0.7574495159897593,18000000,1
1294968660000,1294968719000,0.7574495159897593,0.7574552533309095,0.7573864109730143,0.7573864109730143,34500000,1
1294968720000,1294968779000,0.7573864109730143,0.7575011551892616,0.7573864109730143,0.7575011551892616,28880000,1
1294968780000,1294968839000,0.7575011551892616,0.7575814968295215,0.7574323044877864,0.7575470626112648,45760000,1
1294968840000,1294968899000,0.7575241082047436,0.757610194402776,0.7574093570351969,0.7574093570351969,66750000,1
1294968900000,1294968959000,0.7574093570351969,0.7574208305876828,0.75732905189976,0.7574036203893054,57460000,1
1294968960000,1294969019000,0.7574036203893054,0.7574667282739606,0.7572889057175313,0.7573405230193652,78030000,1
1294969020000,1294969079000,0.7573405230193652,0.7573519944864775,0.7572143598131195,0.7573061107030072,59340000,1
1294969080000,1294969139000,0.7572946406258283,0.7574609907589759,0.7572946406258283,0.7573118458718932,44200000,1
1294969140000,1294969199000,0.7573003756209863,0.75732905189976,0.757248763791393,0.7572602324788914,49230000,1
1294969200000,1294969259000,0.7572717015137861,0.7572774361615122,0.7571684927046816,0.7571742257893541,68490000,1
1294969260000,1294969319000,0.7571742257893541,0.7571856922191598,0.7570595805889924,0.7570939705036189,49890000,1
1294969320000,1294969379000,0.7570939705036189,0.7571684927046816,0.7570653120244684,0.7570767751557685,70190000,1
1294969380000,1294969439000,0.7570767751557685,0.7572086261206687,0.7570423868032371,0.7571398285835429,101680000,1
1294969440000,1294969499000,0.7570939705036189,0.7571455612341472,0.7570251937984497,0.7570366557148697,40130000,1
1294969500000,1294969559000,0.7570251937984497,0.7572143598131195,0.7570251937984497,0.7571856922191598,120370000,1
1294969560000,1294969619000,0.7571512939715613,0.7574208305876828,0.7571512939715613,0.7573749384632863,75700000,1
1294969620000,1294969679000,0.7573749384632863,0.7574150937679887,0.7571054345028088,0.757128363542755,95570000,1
1294969680000,1294969739000,0.757128363542755,0.7572430295779127,0.7570825068515967,0.757225827458523,92490000,1
1294969740000,1294969799000,0.757248763791393,0.7572659669529131,0.7571856922191598,0.7572372954512756,51480000,1
1294969800000,1294969859000,0.7572372954512756,0.7573003756209863,0.7572372954512756,0.7572831708960931,29420000,1
1294969860000,1294969919000,0.7572831708960931,0.7572889057175313,0.757248763791393,0.757248763791393,35440000,1
1294969920000,1294969979000,0.7572544980917187,0.7572544980917187,0.7570423868032371,0.7571398285835429,62330000,1
1294969980000,1294970039000,0.7571398285835429,0.7571398285835429,0.7570825068515967,0.757099702459817,42400000,1
1294970040000,1294970099000,0.7571111666325966,0.7572315614114796,0.7570767751557685,0.7571856922191598,50910000,1
1294970100000,1294970159000,0.7571914255642969,0.7573519944864775,0.7571914255642969,0.7573347874161253,38680000,1
1294970160000,1294970219000,0.7573347874161253,0.7573462587094819,0.7572315614114796,0.7573233164702674,95390000,1
1294970220000,1294970279000,0.7573233164702674,0.7574495159897593,0.7572831708960931,0.7574265674942814,103750000,1
1294970280000,1294970339000,0.7574437787355234,0.7574437787355234,0.7573692023387562,0.7573864109730143,51750000,1
1294970340000,1294970399000,0.7573978838303125,0.7574150937679887,0.7573634663011125,0.7573634663011125,31730000,1
1294970400000,1294970459000,0.7573634663011125,0.7575068933127291,0.7573405230193652,0.7573978838303125,53270000,1
1294970460000,1294970519000,0.7573978838303125,0.7576044547141938,0.7573978838303125,0.7575068933127291,66790000,1
1294970520000,1294970579000,0.7575068933127291,0.7575585403362045,0.7574208305876828,0.7574380415681997,39470000,1
1294970580000,1294970639000,0.7574437787355234,0.7575987151125791,0.7573692023387562,0.7575068933127291,89290000,1
1294970640000,1294970699000,0.7574782035646924,0.7575987151125791,0.7574667282739606,0.7575068933127291,64680000,1
1294970700000,1294970759000,0.7574896792031209,0.7575528014302596,0.7574667282739606,0.7574667282739606,38150000,1
1294970760000,1294970819000,0.7574552533309095,0.7574954171527262,0.7574265674942814,0.7574380415681997,47010000,1
1294970820000,1294970879000,0.7574380415681997,0.7574380415681997,0.7573864109730143,0.7574265674942814,40510000,1
1294970880000,1294970939000,0.7573921473582163,0.7574954171527262,0.7573749384632863,0.7574380415681997,59930000,1
1294970940000,1294970999000,0.7574380415681997,0.7574667282739606,0.7574208305876828,0.7574323044877864,29040000,1
1294971000000,1294971059000,0.7574323044877864,0.7575183698204682,0.7573405230193652,0.7573864109730143,45390000,1
1294971060000,1294971119000,0.7573634663011125,0.7574265674942814,0.7573347874161253,0.7573347874161253,40800000,1
1294971120000,1294971179000,0.7573978838303125,0.7574265674942814,0.7573405230193652,0.7573978838303125,25350000,1
1294971180000,1294971239000,0.7573634663011125,0.7573978838303125,0.7573634663011125,0.7573692023387562,38340000,1
1294971240000,1294971299000,0.7573634663011125,0.7573921473582163,0.7573347874161253,0.7573347874161253,30450000,1
1294971300000,1294971359000,0.75732905189976,0.7573405230193652,0.75732905189976,0.7573347874161253,28220000,1
1294971360000,1294971419000,0.75732905189976,0.7574208305876828,0.7573118458718932,0.7573806746747049,86280000,1
1294971420000,1294971479000,0.7573921473582163,0.7575413238792176,0.7573634663011125,0.7574839413404436,67600000,1
1294971480000,1294971539000,0.7574954171527262,0.7575413238792176,0.7574150937679887,0.7574724658758655,76880000,1
1294971540000,1294971599000,0.7574724658758655,0.7576618555138842,0.7574437787355234,0.7576331540268202,112940000,1
1294971600000,1294971659000,0.7576503746581102,0.7577020412492992,0.7575700184089516,0.757587236170245,53150000,1
1294971660000,1294971719000,0.7575700184089516,0.7576331540268202,0.7574265674942814,0.7575126315231308,77400000,1
1294971720000,1294971779000,0.7575126315231308,0.7575814968295215,0.7575126315231308,0.7575814968295215,35530000,1
1294971780000,1294971839000,0.7575814968295215,0.7577020412492992,0.7575814968295215,0.7577020412492992,48460000,1
1294971840000,1294971899000,0.7576675960722512,0.7576675960722512,0.7575241082047436,0.7575298466759591,48380000,1
1294971900000,1294971959000,0.7575298466759591,0.7576274139903478,0.7575298466759591,0.757610194402776,24670000,1
1294971960000,1294972019000,0.757610194402776,0.757610194402776,0.7575413238792176,0.7575413238792176,17290000,1
1294972020000,1294972079000,0.7575413238792176,0.7575413238792176,0.7574437787355234,0.7575355852341163,87420000,1
1294972080000,1294972139000,0.7575413238792176,0.7577020412492992,0.7575413238792176,0.7575929755979302,106990000,1
1294972140000,1294972199000,0.757621674040851,0.7576561150425045,0.757621674040851,0.7576274139903478,25740000,1
1294972200000,1294972259000,0.7576274139903478,0.7576848182692963,0.757621674040851,0.757621674040851,49590000,1
1294972260000,1294972319000,0.7576274139903478,0.7576331540268202,0.7575183698204682,0.7575183698204682,23450000,1
1294972320000,1294972379000,0.7575183698204682,0.7575757575757576,0.7573749384632863,0.7574609907589759,71870000,1
1294972380000,1294972439000,0.7574609907589759,0.7576388941502701,0.7574609907589759,0.7575126315231308,58930000,1
1294972440000,1294972499000,0.7575126315231308,0.7575642793291011,0.7574495159897593,0.7574495159897593,53140000,1
1294972500000,1294972559000,0.7574552533309095,0.7576159341783276,0.7573347874161253,0.7576159341783276,79750000,1
1294972560000,1294972619000,0.757610194402776,0.757610194402776,0.7574265674942814,0.7574782035646924,68710000,1
1294972620000,1294972679000,0.7574782035646924,0.7575126315231308,0.7574150937679887,0.7574208305876828,43170000,1
1294972680000,1294972739000,0.7574150937679887,0.7575413238792176,0.7574150937679887,0.7574667282739606,31460000,1
1294972740000,1294972799000,0.7574667282739606,0.7574724658758655,0.7574380415681997,0.7574667282739606,24020000,1
1294972800000,1294972859000,0.7574782035646924,0.7574782035646924,0.7573806746747049,0.7573806746747049,29000000,1
1294972860000,1294972919000,0.7573806746747049,0.7573806746747049,0.7573003756209863,0.7573003756209863,55040000,1
1294972920000,1294972979000,0.7573003756209863,0.7573806746747049,0.7571054345028088,0.7573806746747049,91820000,1
1294972980000,1294973039000,0.7573806746747049,0.7574896792031209,0.7573233164702674,0.7574896792031209,73270000,1
1294973040000,1294973099000,0.7575068933127291,0.7575470626112648,0.7574093570351969,0.7574495159897593,80790000,1
1294973100000,1294973159000,0.7574495159897593,0.7575126315231308,0.7573978838303125,0.7574954171527262,42750000,1
1294973160000,1294973219000,0.7574782035646924,0.7575011551892616,0.7574380415681997,0.7574380415681997,47650000,1
1294973220000,1294973279000,0.7574380415681997,0.7574782035646924,0.7573921473582163,0.7574782035646924,46530000,1
1294973280000,1294973339000,0.7574782035646924,0.7574782035646924,0.7574724658758655,0.7574724658758655,10880000,1
1294973340000,1294973399000,0.7574667282739606,0.7574667282739606,0.7573577303503536,0.7573577303503536,58260000,1
1294973400000,1294973459000,0.7573577303503536,0.7573634663011125,0.75732905189976,0.75732905189976,21960000,1
1294973460000,1294973519000,0.75732905189976,0.7574093570351969,0.75732905189976,0.7574093570351969,25050000,1
1294973520000,1294973579000,0.7574093570351969,0.7574093570351969,0.7574036203893054,0.7574036203893054,7500000,1
1294973580000,1294973639000,0.7574036203893054,0.7574093570351969,0.7573634663011125,0.7573634663011125,30770000,1
1294973640000,1294973699000,0.7573634663011125,0.7575011551892616,0.7573634663011125,0.7574782035646924,39780000,1
1294973700000,1294973759000,0.7574782035646924,0.7575126315231308,0.7573864109730143,0.7575126315231308,31050000,1
1294973760000,1294973819000,0.7575126315231308,0.7577135236709704,0.7573921473582163,0.7577135236709704,82020000,1
1294973820000,1294973879000,0.7577192650123129,0.757822624036618,0.7577192650123129,0.7577824255099876,146650000,1
1294973880000,1294973939000,0.7577824255099876,0.7578341101132962,0.7577422312477742,0.7578341101132962,80920000,1
1294973940000,1294973999000,0.757816881128844,0.757816881128844,0.7577020412492992,0.7577422312477742,71080000,1
1294974000000,1294974059000,0.7577020412492992,0.7577192650123129,0.7575757575757576,0.7576274139903478,63950000,1
1294974060000,1294974119000,0.7575700184089516,0.7576446343606995,0.7573806746747049,0.7574667282739606,124350000,1
1294974120000,1294974179000,0.7574380415681997,0.7574839413404436,0.75732905189976,0.7574323044877864,129760000,1
1294974180000,1294974239000,0.7574552533309095,0.7575068933127291,0.7573577303503536,0.7573634663011125,73340000,1
1294974240000,1294974299000,0.7573634663011125,0.7574323044877864,0.7573577303503536,0.7573577303503536,43490000,1
1294974300000,1294974359000,0.7573806746747049,0.7574323044877864,0.7573692023387562,0.7573864109730143,38690000,1
1294974360000,1294974419000,0.7573921473582163,0.7574495159897593,0.7573921473582163,0.7574265674942814,18580000,1
1294974420000,1294974479000,0.7574265674942814,0.7574323044877864,0.7574265674942814,0.7574323044877864,10690000,1
1294974480000,1294974539000,0.7574323044877864,0.7574954171527262,0.7574036203893054,0.7574839413404436,49150000,1
1294974540000,1294974599000,0.7574839413404436,0.7574839413404436,0.7573864109730143,0.7574437787355234,53330000,1
1294974600000,1294974659000,0.7574437787355234,0.7574782035646924,0.7574036203893054,0.7574036203893054,51810000,1
1294974660000,1294974719000,0.7573978838303125,0.7574093570351969,0.7573462587094819,0.7573806746747049,38980000,1
1294974720000,1294974779000,0.7573806746747049,0.7574093570351969,0.7573347874161253,0.7573462587094819,62800000,1
1294974780000,1294974839000,0.7573347874161253,0.7573347874161253,0.7572315614114796,0.7572659669529131,44780000,1
1294974840000,1294974899000,0.7572717015137861,0.7573519944864775,0.7571168988491823,0.7571168988491823,99530000,1
1294974900000,1294974959000,0.7571168988491823,0.7571684927046816,0.7570882386342128,0.757134096019746,65910000,1
1294974960000,1294975019000,0.7571570267957872,0.7571742257893541,0.757099702459817,0.757099702459817,41310000,1
1294975020000,1294975079000,0.7571111666325966,0.7571111666325966,0.7571111666325966,0.7571111666325966,3380000,1
1294975080000,1294975139000,0.757134096019746,0.7571570267957872,0.7570595805889924,0.7571168988491823,44800000,1
1294975140000,1294975199000,0.7571168988491823,0.7572717015137861,0.7571168988491823,0.7572143598131195,76890000,1
1294975200000,1294975259000,0.7572143598131195,0.757225827458523,0.7571856922191598,0.7572028925150494,21000000,1
1294975260000,1294975319000,0.7572028925150494,0.7572028925150494,0.7571168988491823,0.757128363542755,50630000,1
1294975320000,1294975379000,0.7571512939715613,0.7571684927046816,0.7571111666325966,0.7571111666325966,19500000,1
1294975380000,1294975439000,0.7571111666325966,0.7571168988491823,0.7570595805889924,0.757099702459817,13500000,1
1294975440000,1294975499000,0.7571054345028088,0.7571455612341472,0.7571054345028088,0.7571398285835429,10500000,1
1294975500000,1294975559000,0.7571398285835429,0.7571914255642969,0.7570939705036189,0.7571627597068267,58130000,1
1294975560000,1294975619000,0.7571684927046816,0.7572430295779127,0.7571684927046816,0.7572200935924036,54750000,1
1294975620000,1294975679000,0.7572200935924036,0.7572372954512756,0.7572143598131195,0.7572372954512756,24380000,1
1294975680000,1294975739000,0.7572372954512756,0.7572717015137861,0.7572372954512756,0.7572372954512756,51790000,1
1294975740000,1294975799000,0.7572430295779127,0.7572602324788914,0.757225827458523,0.7572372954512756,52540000,1
1294975800000,1294975859000,0.7572372954512756,0.7572372954512756,0.7572143598131195,0.7572372954512756,31500000,1
1294975860000,1294975919000,0.7572372954512756,0.7572372954512756,0.7572028925150494,0.7572028925150494,10500000,1
1294975920000,1294975979000,0.7572200935924036,0.7572602324788914,0.7571971589962595,0.7571971589962595,21390000,1
1294975980000,1294976039000,0.7572028925150494,0.7572372954512756,0.7571971589962595,0.7571971589962595,24760000,1
1294976040000,1294976099000,0.7572028925150494,0.7572774361615122,0.7572028925150494,0.7572372954512756,45200000,1
1294976100000,1294976159000,0.7572143598131195,0.757225827458523,0.7570939705036189,0.7572143598131195,59720000,1
1294976160000,1294976219000,0.757248763791393,0.7572659669529131,0.7571627597068267,0.7572315614114796,27390000,1
1294976220000,1294976279000,0.757225827458523,0.7572889057175313,0.757225827458523,0.7572889057175313,33440000,1
1294976280000,1294976339000,0.7572315614114796,0.7572372954512756,0.7572086261206687,0.7572200935924036,11840000,1
1294976340000,1294976399000,0.7572372954512756,0.7572544980917187,0.757225827458523,0.7572544980917187,14110000,1
1294976400000,1294976459000,0.7572717015137861,0.7573405230193652,0.7572717015137861,0.7573061107030072,18990000,1
1294976460000,1294976519000,0.7573118458718932,0.7573118458718932,0.7573003756209863,0.7573061107030072,12420000,1
1294976520000,1294976579000,0.7573118458718932,0.7573405230193652,0.7571971589962595,0.7571971589962595,51640000,1
1294976580000,1294976639000,0.7572315614114796,0.7572831708960931,0.7572315614114796,0.7572831708960931,13890000,1
1294976640000,1294976699000,0.7572831708960931,0.7573347874161253,0.7572544980917187,0.7572831708960931,16530000,1
1294976700000,1294976759000,0.7572831708960931,0.7572946406258283,0.7572315614114796,0.7572946406258283,19530000,1
1294976760000,1294976819000,0.7573405230193652,0.7573405230193652,0.7573003756209863,0.7573405230193652,11290000,1
1294976820000,1294976879000,0.7573061107030072,0.7573347874161253,0.7572889057175313,0.7572889057175313,18410000,1
1294976880000,1294976939000,0.7572889057175313,0.7572889057175313,0.7572717015137861,0.7572774361615122,23300000,1
1294976940000,1294976999000,0.7572889057175313,0.7572889057175313,0.7571971589962595,0.7572544980917187,49040000,1
1294977000000,1294977059000,0.7572544980917187,0.7572544980917187,0.7571914255642969,0.7572315614114796,24410000,1
1294977060000,1294977119000,0.7572315614114796,0.7572544980917187,0.7572315614114796,0.7572544980917187,5260000,1
1294977120000,1294977179000,0.7572659669529131,0.7572831708960931,0.7572315614114796,0.7572315614114796,16190000,1
1294977180000,1294977239000,0.7572315614114796,0.7572831708960931,0.7572200935924036,0.7572372954512756,32670000,1
1294977240000,1294977299000,0.7572372954512756,0.7572544980917187,0.7572372954512756,0.7572372954512756,12030000,1
1294977300000,1294977359000,0.7572372954512756,0.7573003756209863,0.7572372954512756,0.7573003756209863,22380000,1
1294977360000,1294977419000,0.7573003756209863,0.7573003756209863,0.7572315614114796,0.7572602324788914,48240000,1
1294977420000,1294977479000,0.7572430295779127,0.7572430295779127,0.7572315614114796,0.7572315614114796,14450000,1
1294977480000,1294977539000,0.757225827458523,0.7573175811276459,0.757225827458523,0.7572659669529131,49890000,1
1294977540000,1294977599000,0.7572659669529131,0.7573462587094819,0.7572544980917187,0.7573118458718932,34320000,1
1294977600000,1294977659000,0.7573061107030072,0.7573519944864775,0.7572831708960931,0.7573061107030072,60750000,1
1294977660000,1294977719000,0.7573061107030072,0.7574495159897593,0.7573061107030072,0.7574495159897593,11740000,1
1294977720000,1294977779000,0.7574437787355234,0.7574609907589759,0.7574093570351969,0.7574323044877864,29250000,1
1294977780000,1294977839000,0.7574552533309095,0.7575929755979302,0.7574552533309095,0.7575929755979302,30000000,1
1294977840000,1294977899000,0.7575814968295215,0.7576905591756327,0.7575757575757576,0.7576848182692963,52880000,1
1294977900000,1294977959000,0.7576790774499553,0.7577651988754766,0.7576618555138842,0.7577364895583911,35250000,1
1294977960000,1294978019000,0.7577364895583911,0.7578283670314346,0.7576675960722512,0.7577594568380214,45380000,1
1294978020000,1294978079000,0.7577537148875872,0.757822624036618,0.7577192650123129,0.7577709409999545,57390000,1
1294978080000,1294978139000,0.7577651988754766,0.7578053955744164,0.7577479730241721,0.7578053955744164,44460000,1
1294978140000,1294978199000,0.7577824255099876,0.7579719701965422,0.7577824255099876,0.757920266787934,73410000,1
1294978200000,1294978259000,0.7579087780994679,0.757920266787934,0.757822624036618,0.7578398532822045,34140000,1
1294978260000,1294978319000,0.7578398532822045,0.7578398532822045,0.7578053955744164,0.7578053955744164,26260000,1
1294978320000,1294978379000,0.7578513398811689,0.7578800579020365,0.7578398532822045,0.7578743141237457,18190000,1
1294978380000,1294978439000,0.7578858017673896,0.7578858017673896,0.7577651988754766,0.7577939103681363,54750000,1
1294978440000,1294978499000,0.7578111383081109,0.7578341101132962,0.7576963001689663,0.7576963001689663,84030000,1
1294978500000,1294978559000,0.7576963001689663,0.7577422312477742,0.7576675960722512,0.7576675960722512,30000000,1
1294978560000,1294978619000,0.7576446343606995,0.7576963001689663,0.7576274139903478,0.7576963001689663,37560000,1
1294978620000,1294978679000,0.7576963001689663,0.7577135236709704,0.7576733367176075,0.7576848182692963,9400000,1
1294978680000,1294978739000,0.7576905591756327,0.7577422312477742,0.7576848182692963,0.7577422312477742,13500000,1
1294978740000,1294978799000,0.7577364895583911,0.7577422312477742,0.7577364895583911,0.7577422312477742,7500000,1
1294978800000,1294978859000,0.7577422312477742,0.7577594568380214,0.7577135236709704,0.7577537148875872,28510000,1
1294978860000,1294978919000,0.7577537148875872,0.7577537148875872,0.7577250064406627,0.7577422312477742,4500000,1
1294978920000,1294978979000,0.7577709409999545,0.7577709409999545,0.7577307479560212,0.7577422312477742,13500000,1
1294978980000,1294979039000,0.7577364895583911,0.7577364895583911,0.7577135236709704,0.7577135236709704,9000000,1
1294979040000,1294979099000,0.7577135236709704,0.7577135236709704,0.757610194402776,0.7576733367176075,33380000,1
1294979100000,1294979159000,0.7576503746581102,0.7576790774499553,0.7576503746581102,0.7576790774499553,7500000,1
1294979160000,1294979219000,0.7576790774499553,0.7577479730241721,0.7576790774499553,0.7577250064406627,23630000,1
1294979220000,1294979279000,0.7577135236709704,0.7577135236709704,0.7576905591756327,0.7576905591756327,6000000,1
1294979280000,1294979339000,0.7576905591756327,0.7576905591756327,0.7575987151125791,0.7576561150425045,33000000,1
1294979340000,1294979399000,0.7577250064406627,0.7577709409999545,0.7576963001689663,0.7577422312477742,38270000,1
1294979400000,1294979459000,0.7577250064406627,0.7577939103681363,0.7576274139903478,0.7576733367176075,69410000,1
1294979460000,1294979519000,0.7576733367176075,0.7577422312477742,0.7576503746581102,0.7577192650123129,49150000,1
1294979520000,1294979579000,0.7577824255099876,0.7578915457198074,0.7577824255099876,0.7578915457198074,65640000,1
1294979580000,1294979639000,0.7578915457198074,0.7578915457198074,0.7577709409999545,0.757816881128844,21380000,1
1294979640000,1294979699000,0.757816881128844,0.757937500473711,0.7577594568380214,0.7578858017673896,67910000,1
1294979700000,1294979759000,0.7578915457198074,0.757937500473711,0.7578570833112291,0.757937500473711,20640000,1
1294979760000,1294979819000,0.757937500473711,0.757937500473711,0.7577537148875872,0.757799652927759,30750000,1
1294979820000,1294979879000,0.757822624036618,0.757822624036618,0.7576561150425045,0.7576561150425045,48610000,1
1294979880000,1294979939000,0.7576561150425045,0.7576963001689663,0.7576388941502701,0.7576388941502701,45760000,1
1294979940000,1294979999000,0.7575987151125791,0.7576388941502701,0.7575814968295215,0.7575987151125791,45690000,1
1294980000000,1294980059000,0.7575987151125791,0.7576274139903478,0.7575355852341163,0.757587236170245,28960000,1
1294980060000,1294980119000,0.757610194402776,0.757610194402776,0.7574782035646924,0.7575011551892616,47630000,1
1294980120000,1294980179000,0.7575011551892616,0.7575011551892616,0.7574437787355234,0.7574667282739606,16500000,1
1294980180000,1294980239000,0.7574437787355234,0.7574437787355234,0.7573347874161253,0.7573519944864775,16660000,1
1294980240000,1294980299000,0.7573634663011125,0.7573806746747049,0.7573061107030072,0.7573061107030072,29270000,1
1294980300000,1294980359000,0.7573061107030072,0.75732905189976,0.7572717015137861,0.7572946406258283,18300000,1
1294980360000,1294980419000,0.7572946406258283,0.7573462587094819,0.757248763791393,0.7572659669529131,54010000,1
1294980420000,1294980479000,0.7572659669529131,0.7572889057175313,0.757225827458523,0.7572717015137861,27390000,1
1294980480000,1294980539000,0.7572717015137861,0.7572889057175313,0.7572602324788914,0.7572602324788914,7900000,1
1294980540000,1294980599000,0.7572602324788914,0.7572889057175313,0.7572544980917187,0.7572889057175313,22280000,1
1294980600000,1294980659000,0.7572889057175313,0.7573519944864775,0.7572659669529131,0.7572659669529131,38250000,1
1294980660000,1294980719000,0.757248763791393,0.7572889057175313,0.7572028925150494,0.7572028925150494,51360000,1
1294980720000,1294980779000,0.7572028925150494,0.7572372954512756,0.7572028925150494,0.757225827458523,31510000,1
1294980780000,1294980839000,0.757225827458523,0.757225827458523,0.7569678894221308,0.7569678894221308,62480000,1
1294980840000,1294980899000,0.7569736194693615,0.7570481179783787,0.7568647634040749,0.7569220521670679,79620000,1
1294980900000,1294980959000,0.7569220521670679,0.7570309247132745,0.7569220521670679,0.7569220521670679,33760000,1
1294980960000,1294981019000,0.756904864627565,0.756904864627565,0.7567215794292805,0.7568303943086355,114800000,1
1294981020000,1294981079000,0.7568819491223954,0.7569105937206698,0.7567731194187983,0.7568246664295283,68690000,1
1294981080000,1294981139000,0.7568533066920968,0.7568819491223954,0.7567616654810734,0.7568475784661727,61210000,1
1294981140000,1294981199000,0.7568246664295283,0.7568475784661727,0.7566929491351,0.7566986750206199,67190000,1
1294981200000,1294981259000,0.75668149762402,0.7567616654810734,0.7566299701131162,0.7566471451703213,94580000,1
1294981260000,1294981319000,0.7566471451703213,0.7566700464595408,0.7565326595149112,0.7565898980116817,119190000,1
1294981320000,1294981379000,0.7565784496194411,0.7566471451703213,0.7565784496194411,0.7566471451703213,36700000,1
1294981380000,1294981439000,0.7566471451703213,0.7567788465176821,0.7566414200646171,0.7567044009927961,82610000,1
1294981440000,1294981499000,0.7567101270516303,0.7567330321535866,0.756555553874321,0.7565898980116817,92100000,1
1294981500000,1294981559000,0.7565898980116817,0.7566471451703213,0.756555553874321,0.7566471451703213,77180000,1
1294981560000,1294981619000,0.7566299701131162,0.7566471451703213,0.7566242452673153,0.7566299701131162,23340000,1
1294981620000,1294981679000,0.7566471451703213,0.7567502118900593,0.7566356950455495,0.7567502118900593,49680000,1
1294981680000,1294981739000,0.7567616654810734,0.7567960283344433,0.7567330321535866,0.7567387586457403,69090000,1
1294981740000,1294981799000,0.7567273057481007,0.756807483312395,0.7567273057481007,0.7567559386422285,35740000,1
1294981800000,1294981859000,0.7567616654810734,0.7568132109314101,0.7567273057481007,0.7568132109314101,78480000,1
1294981860000,1294981919000,0.7568132109314101,0.7569736194693615,0.7568132109314101,0.7568533066920968,56710000,1
1294981920000,1294981979000,0.7568361222744439,0.7568361222744439,0.7566299701131162,0.7566299701131162,57100000,1
1294981980000,1294982039000,0.7566585956416464,0.7566585956416464,0.7564925977199313,0.7565441065214101,72290000,1
1294982040000,1294982099000,0.7565441065214101,0.7565956223377291,0.7565212128548086,0.7565612776806858,48950000,1
1294982100000,1294982159000,0.7565612776806858,0.7566299701131162,0.7565154896546507,0.7565383829748603,99590000,1
1294982160000,1294982219000,0.7565383829748603,0.7566070712496878,0.7564811522720912,0.7566070712496878,65810000,1
1294982220000,1294982279000,0.7565727255532438,0.7565956223377291,0.7565326595149112,0.7565612776806858,85570000,1
1294982280000,1294982339000,0.7565612776806858,0.7566242452673153,0.7565383829748603,0.7565670015736593,49560000,1
1294982340000,1294982399000,0.7565898980116817,0.7566242452673153,0.7564410959318598,0.7564410959318598,71230000,1
1294982400000,1294982459000,0.7564811522720912,0.7566986750206199,0.75642965204236,0.7566986750206199,149820000,1
1294982460000,1294982519000,0.7566986750206199,0.7573692023387562,0.7566700464595408,0.757134096019746,218970000,1
1294982520000,1294982579000,0.7571398285835429,0.7571455612341472,0.756904864627565,0.7569678894221308,107740000,1
1294982580000,1294982639000,0.7569678894221308,0.7569736194693615,0.7568704918901328,0.7569105937206698,83860000,1
1294982640000,1294982699000,0.7568991356211872,0.756904864627565,0.7566986750206199,0.7567387586457403,180410000,1
1294982700000,1294982759000,0.7567616654810734,0.7568361222744439,0.7566757719984565,0.7567788465176821,101570000,1
1294982760000,1294982819000,0.7567788465176821,0.7568017557800734,0.7567330321535866,0.7567387586457403,37580000,1
1294982820000,1294982879000,0.7567387586457403,0.7568475784661727,0.7567387586457403,0.7568475784661727,71610000,1
1294982880000,1294982939000,0.7568762204629055,0.756904864627565,0.7568303943086355,0.7568533066920968,44790000,1
1294982940000,1294982999000,0.7568533066920968,0.7568647634040749,0.7568475784661727,0.7568533066920968,15020000,1
1294983000000,1294983059000,0.7568418503269557,0.7568418503269557,0.7567903009755027,0.756807483312395,28900000,1
1294983060000,1294983119000,0.7568189386371205,0.7568533066920968,0.7568017557800734,0.7568475784661727,29970000,1
1294983120000,1294983179000,0.7568475784661727,0.7568475784661727,0.7567960283344433,0.7568475784661727,27750000,1
1294983180000,1294983239000,0.7568475784661727,0.7568533066920968,0.75668149762402,0.7567502118900593,76970000,1
1294983240000,1294983299000,0.7567502118900593,0.756767392406596,0.756687223336234,0.7567387586457403,61750000,1
1294983300000,1294983359000,0.7567387586457403,0.7568590350047304,0.7567387586457403,0.7568590350047304,26120000,1
1294983360000,1294983419000,0.7568590350047304,0.7569678894221308,0.7568475784661727,0.7568819491223954,58250000,1
1294983420000,1294983479000,0.7568819491223954,0.7568819491223954,0.7567616654810734,0.7567616654810734,40570000,1
1294983480000,1294983539000,0.7567616654810734,0.7568246664295283,0.7567387586457403,0.7567903009755027,37190000,1
1294983540000,1294983599000,0.7567788465176821,0.7568533066920968,0.7567330321535866,0.7568475784661727,52260000,1
1294983600000,1294983659000,0.7568533066920968,0.7569105937206698,0.7568017557800734,0.7568533066920968,56140000,1
1294983660000,1294983719000,0.7568819491223954,0.7568819491223954,0.7567387586457403,0.7567903009755027,20260000,1
1294983720000,1294983779000,0.756767392406596,0.7567960283344433,0.7567101270516303,0.7567960283344433,48510000,1
1294983780000,1294983839000,0.7567960283344433,0.7568647634040749,0.7567616654810734,0.7567616654810734,38150000,1
1294983840000,1294983899000,0.7567616654810734,0.7567788465176821,0.756618520508145,0.7567502118900593,96000000,1
1294983900000,1294983959000,0.7568246664295283,0.7568361222744439,0.7567101270516303,0.7567387586457403,82200000,1
1294983960000,1294984019000,0.7567559386422285,0.7567731194187983,0.7567158531971245,0.7567158531971245,40380000,1
1294984020000,1294984079000,0.7567273057481007,0.7568361222744439,0.7566471451703213,0.7567215794292805,79230000,1
1294984080000,1294984139000,0.7567044009927961,0.7568017557800734,0.7566528703626637,0.756767392406596,99800000,1
1294984140000,1294984199000,0.756767392406596,0.7568017557800734,0.7566986750206199,0.7567387586457403,59090000,1
1294984200000,1294984259000,0.7567330321535866,0.7568934067015342,0.7567330321535866,0.7568934067015342,17850000,1
1294984260000,1294984319000,0.7568475784661727,0.7568762204629055,0.7567616654810734,0.7567788465176821,47270000,1
1294984320000,1294984379000,0.7567788465176821,0.7569335109603972,0.7567788465176821,0.756904864627565,31540000,1
1294984380000,1294984439000,0.7569105937206698,0.756990810131565,0.756904864627565,0.756990810131565,60940000,1
1294984440000,1294984499000,0.756990810131565,0.756990810131565,0.7569621594616486,0.7569678894221308,19140000,1
1294984500000,1294984559000,0.7569621594616486,0.7570595805889924,0.7569392404871661,0.7570538492402964,74700000,1
1294984560000,1294984619000,0.7570481179783787,0.7571398285835429,0.757019462970393,0.7571398285835429,39990000,1
1294984620000,1294984679000,0.7570882386342128,0.7571398285835429,0.7570481179783787,0.7570767751557685,32680000,1
1294984680000,1294984739000,0.7570767751557685,0.7571684927046816,0.7569965405258098,0.7570251937984497,76220000,1
1294984740000,1294984799000,0.7571111666325966,0.7571627597068267,0.7570481179783787,0.7570825068515967,63210000,1
1294984800000,1294984859000,0.7570825068515967,0.7571627597068267,0.757019462970393,0.7571627597068267,67790000,1
1294984860000,1294984919000,0.7571627597068267,0.7571627597068267,0.7569965405258098,0.757134096019746,77700000,1
1294984920000,1294984979000,0.757134096019746,0.7573634663011125,0.7571054345028088,0.7573462587094819,98790000,1
1294984980000,1294985039000,0.7573462587094819,0.7573634663011125,0.7571168988491823,0.7571627597068267,131170000,1
1294985040000,1294985099000,0.7572028925150494,0.7572143598131195,0.757002271006813,0.7570080015745766,99150000,1
1294985100000,1294985159000,0.757019462970393,0.7570251937984497,0.7569449701006737,0.7570251937984497,28910000,1
1294985160000,1294985219000,0.7569965405258098,0.7570366557148697,0.7569965405258098,0.7570137322291026,16500000,1
1294985220000,1294985279000,0.7570137322291026,0.7570710435467264,0.757002271006813,0.7570595805889924,22500000,1
1294985280000,1294985339000,0.7570366557148697,0.7570653120244684,0.7569678894221308,0.7570309247132745,52130000,1
1294985340000,1294985399000,0.7570538492402964,0.757134096019746,0.7570366557148697,0.757134096019746,46320000,1
1294985400000,1294985459000,0.7571398285835429,0.7572717015137861,0.7571111666325966,0.7571570267957872,82140000,1
1294985460000,1294985519000,0.7571570267957872,0.7571856922191598,0.7571512939715613,0.7571512939715613,36000000,1
1294985520000,1294985579000,0.7571512939715613,0.7571856922191598,0.7571226311525678,0.7571570267957872,37690000,1
1294985580000,1294985639000,0.7571570267957872,0.7572372954512756,0.7571398285835429,0.7572086261206687,55500000,1
1294985640000,1294985699000,0.7571914255642969,0.7572372954512756,0.7571799589608462,0.7571799589608462,68900000,1
1294985700000,1294985759000,0.7571799589608462,0.7572372954512756,0.7571570267957872,0.7571742257893541,45580000,1
1294985760000,1294985819000,0.7571799589608462,0.7572430295779127,0.7571799589608462,0.7572315614114796,42910000,1
1294985820000,1294985879000,0.7572315614114796,0.7572717015137861,0.7571856922191598,0.7571971589962595,50800000,1
1294985880000,1294985939000,0.7572028925150494,0.7572028925150494,0.757134096019746,0.7571742257893541,49630000,1
1294985940000,1294985999000,0.7571684927046816,0.7571799589608462,0.7571054345028088,0.7571054345028088,25500000,1
1294986000000,1294986059000,0.7571054345028088,0.7571914255642969,0.757099702459817,0.7571799589608462,47480000,1
1294986060000,1294986119000,0.7571799589608462,0.7572028925150494,0.7571570267957872,0.7571570267957872,49470000,1
1294986120000,1294986179000,0.7571627597068267,0.7571856922191598,0.7571226311525678,0.7571455612341472,35250000,1
1294986180000,1294986239000,0.7571570267957872,0.7572315614114796,0.7571111666325966,0.7572086261206687,56560000,1
1294986240000,1294986299000,0.7572086261206687,0.757225827458523,0.7571914255642969,0.7572086261206687,27000000,1
1294986300000,1294986359000,0.7571971589962595,0.7572143598131195,0.7571914255642969,0.7572028925150494,18000000,1
1294986360000,1294986419000,0.7572028925150494,0.7574208305876828,0.7571971589962595,0.7572889057175313,103600000,1
1294986420000,1294986479000,0.7573061107030072,0.7574954171527262,0.7572774361615122,0.7574208305876828,142270000,1
1294986480000,1294986539000,0.7574265674942814,0.7575241082047436,0.7574265674942814,0.7574839413404436,78390000,1
1294986540000,1294986599000,0.7574839413404436,0.7574839413404436,0.7573347874161253,0.7573347874161253,82520000,1
1294986600000,1294986659000,0.7573405230193652,0.7574380415681997,0.7573061107030072,0.7573806746747049,67470000,1
1294986660000,1294986719000,0.7573806746747049,0.7575355852341163,0.7573806746747049,0.7575355852341163,77630000,1
1294986720000,1294986779000,0.7575298466759591,0.7575700184089516,0.7574667282739606,0.7575355852341163,39750000,1
1294986780000,1294986839000,0.7575355852341163,0.7575355852341163,0.7574667282739606,0.7574667282739606,17250000,1
1294986840000,1294986899000,0.7574724658758655,0.7574724658758655,0.7573462587094819,0.7573462587094819,43880000,1
1294986900000,1294986959000,0.7573462587094819,0.7573692023387562,0.7572086261206687,0.7572086261206687,81950000,1
1294986960000,1294987019000,0.7572086261206687,0.7572602324788914,0.7572028925150494,0.7572315614114796,58130000,1
1294987020000,1294987079000,0.7572315614114796,0.7572315614114796,0.7572143598131195,0.7572143598131195,9000000,1
1294987080000,1294987139000,0.7572143598131195,0.7572143598131195,0.7571398285835429,0.7571742257893541,52680000,1
1294987140000,1294987199000,0.7571742257893541,0.7571799589608462,0.757134096019746,0.7571627597068267,52060000,1
1294987200000,1294987259000,0.7571627597068267,0.7572028925150494,0.7571168988491823,0.7571455612341472,99360000,1
1294987260000,1294987319000,0.7571455612341472,0.7572315614114796,0.7571168988491823,0.7571914255642969,55070000,1
1294987320000,1294987379000,0.7571856922191598,0.7572602324788914,0.7571856922191598,0.7571971589962595,31500000,1
1294987380000,1294987439000,0.7571742257893541,0.7571856922191598,0.7571168988491823,0.757128363542755,41780000,1
1294987440000,1294987499000,0.757128363542755,0.7571627597068267,0.7571168988491823,0.757128363542755,23250000,1
1294987500000,1294987559000,0.757128363542755,0.7571856922191598,0.757128363542755,0.757134096019746,24080000,1
1294987560000,1294987619000,0.757128363542755,0.7571684927046816,0.7569621594616486,0.7569678894221308,68630000,1
1294987620000,1294987679000,0.7569621594616486,0.7569621594616486,0.7568647634040749,0.7568762204629055,124580000,1
1294987680000,1294987739000,0.7569449701006737,0.7570080015745766,0.7567616654810734,0.7568533066920968,148120000,1
1294987740000,1294987799000,0.7568418503269557,0.7569564295879129,0.7567502118900593,0.756807483312395,102470000,1
1294987800000,1294987859000,0.7567903009755027,0.7568189386371205,0.7567502118900593,0.7567616654810734,58930000,1
1294987860000,1294987919000,0.7567616654810734,0.7567616654810734,0.7562237212256874,0.7563095121047336,149770000,1
1294987920000,1294987979000,0.7563152321887763,0.7563495545101123,0.7561951285909816,0.7562751934173807,154760000,1
1294987980000,1294988039000,0.7562751934173807,0.7562751934173807,0.755966465327598,0.7560236181778318,117270000,1
1294988040000,1294988099000,0.7560064714153953,0.7560064714153953,0.7558121957855912,0.7559207492686467,162930000,1
1294988100000,1294988159000,0.7559207492686467,0.7559950406725332,0.7558179083495205,0.7559778952063442,170060000,1
1294988160000,1294988219000,0.7559607505178331,0.756000756000756,0.7558293337364422,0.756000756000756,140320000,1
1294988220000,1294988279000,0.7560064714153953,0.756103646687888,0.755966465327598,0.755966465327598,98080000,1
1294988280000,1294988339000,0.7559607505178331,0.7560121869164531,0.7558864658528288,0.7559607505178331,75580000,1
1294988340000,1294988399000,0.7559378921427816,0.7561436672967864,0.7559150351500492,0.755966465327598,105150000,1
1294988400000,1294988459000,0.7559836102753292,0.7560407657180874,0.7559378921427816,0.7559493211575096,98640000,1
1294988460000,1294988519000,0.7559207492686467,0.756000756000756,0.7558179083495205,0.7558179083495205,193170000,1
1294988520000,1294988579000,0.7558350465594389,0.7559836102753292,0.7558121957855912,0.7558236209998035,81880000,1
1294988580000,1294988639000,0.7557664983826597,0.755955035794471,0.7557664983826597,0.7558293337364422,128730000,1
1294988640000,1294988699000,0.7558521855465945,0.7558693253110402,0.7556579891940908,0.7557664983826597,165240000,1
1294988700000,1294988759000,0.7557836342611838,0.7559264634736332,0.7557265176877792,0.7559150351500492,79500000,1
1294988760000,1294988819000,0.7559036071720133,0.7559378921427816,0.7557036734755568,0.7557436517533254,74040000,1
1294988820000,1294988879000,0.7557493632811614,0.7558521855465945,0.7556579891940908,0.7558064833080138,105010000,1
1294988880000,1294988939000,0.7557893463933733,0.7559150351500492,0.7557893463933733,0.7558521855465945,91130000,1
1294988940000,1294988999000,0.7558636119698561,0.7559493211575096,0.7558179083495205,0.7559150351500492,87690000,1
1294989000000,1294989059000,0.7559093211178387,0.7559778952063442,0.7558521855465945,0.755955035794471,87270000,1
1294989060000,1294989119000,0.755932177765011,0.755966465327598,0.7558921795395105,0.7559036071720133,38400000,1
1294989120000,1294989179000,0.7559036071720133,0.7559607505178331,0.7558350465594389,0.7558807522525247,67640000,1
1294989180000,1294989239000,0.7558921795395105,0.7559950406725332,0.755846472464513,0.7559950406725332,41650000,1
1294989240000,1294989299000,0.7560179025039313,0.7560464817376972,0.7558750387385957,0.755932177765011,73520000,1
1294989300000,1294989359000,0.755943606606947,0.7560579140362151,0.7559264634736332,0.7560350497849081,95930000,1
1294989360000,1294989419000,0.7560064714153953,0.7561265150885046,0.756000756000756,0.7560121869164531,74250000,1
1294989420000,1294989479000,0.7560121869164531,0.7560121869164531,0.7555666371995678,0.7556979626382927,156740000,1
1294989480000,1294989539000,0.7557150954090308,0.7557379403118175,0.755161529051064,0.7551957467375544,180580000,1
1294989540000,1294989599000,0.7552413751434959,0.7552698956972274,0.7548138251700218,0.7548537093511278,180760000,1
1294989600000,1294989659000,0.7549049952063532,0.7549448890231013,0.7544778258966969,0.7549163930094741,206480000,1
1294989660000,1294989719000,0.7549277911567759,0.7549790870792878,0.7546543305838761,0.754734069450629,135000000,1
1294989720000,1294989779000,0.754734069450629,0.7549334903594994,0.754734069450629,0.7549334903594994,159030000,1
1294989780000,1294989839000,0.7549619876639211,0.7549904871198624,0.7545973845654651,0.7546828068162952,134470000,1
1294989840000,1294989899000,0.7546941979110064,0.7546941979110064,0.754540447140669,0.7545746085644218,137950000,1
1294989900000,1294989959000,0.7546429406926113,0.7546771113978884,0.7545062888099172,0.7546543305838761,141720000,1
1294989960000,1294990019000,0.7546828068162952,0.754956288030923,0.7546771113978884,0.754956288030923,147380000,1
1294990020000,1294990079000,0.7549448890231013,0.7551444213705871,0.754734069450629,0.754734069450629,134500000,1
1294990080000,1294990139000,0.7547169811320755,0.7549847870565408,0.7546543305838761,0.7548309178743962,126300000,1
1294990140000,1294990199000,0.7548195226521338,0.7548423134407222,0.7546144674685703,0.7547796420834938,187840000,1
1294990200000,1294990259000,0.7547739452034116,0.7547739452034116,0.7543753771876887,0.7544550571122478,170750000,1
1294990260000,1294990319000,0.7544721335717465,0.7544778258966969,0.7543469241504168,0.7544095236658268,120020000,1
1294990320000,1294990379000,0.7544095236658268,0.7544095236658268,0.7541591879213865,0.7542046911531789,172520000,1
1294990380000,1294990439000,0.7542046911531789,0.754341233800522,0.7541250641006304,0.7541819388509284,82510000,1
1294990440000,1294990499000,0.7541933148304574,0.7541990029489182,0.753829453624412,0.7538692338426977,111340000,1
1294990500000,1294990559000,0.7538521846636312,0.7540511397482977,0.753829453624412,0.7539260700095749,132390000,1
1294990560000,1294990619000,0.7538976508549199,0.7539317540976191,0.7536306154901237,0.7537214999057847,125590000,1
1294990620000,1294990679000,0.7537101381550684,0.7540056550424129,0.7534602662728581,0.7540056550424129,155650000,1
1294990680000,1294990739000,0.7540056550424129,0.7540056550424129,0.7535000075350001,0.7535965394846907,98510000,1
1294990740000,1294990799000,0.7535795026375283,0.7536817352768272,0.7535283967176303,0.7536306154901237,89600000,1
1294990800000,1294990859000,0.7536362951239732,0.7536817352768272,0.7532616228268402,0.7533978241870837,112610000,1
1294990860000,1294990919000,0.7533807963235017,0.7535851815009911,0.7532956685499059,0.7533580937026797,79450000,1
1294990920000,1294990979000,0.7533580937026797,0.7534716204914141,0.753199213660021,0.753199213660021,84290000,1
1294990980000,1294991039000,0.7531878676498279,0.7532899940490091,0.7528476462218341,0.752881654532724,111160000,1
1294991040000,1294991099000,0.7528533140602885,0.7528703180877094,0.7524850819832497,0.7524850819832497,151220000,1
1294991100000,1294991159000,0.7524964068296573,0.7526549904789144,0.752473757477708,0.7525360464766262,111150000,1
1294991160000,1294991219000,0.7525417096242559,0.7526606554168987,0.7523492104095036,0.7523492104095036,106950000,1
1294991220000,1294991279000,0.7523322299127295,0.7523718522642632,0.7520040909022545,0.7522473389250386,154690000,1
1294991280000,1294991339000,0.7522303630263731,0.7523435501587444,0.7521228667915191,0.7523322299127295,73420000,1
1294991340000,1294991399000,0.7523152501824365,0.7523831737027034,0.752190755575614,0.7523831737027034,110860000,1
1294991400000,1294991459000,0.7523888345496953,0.752394495481871,0.752179439927189,0.7522812930210864,112460000,1
1294991460000,1294991519000,0.7522926117342602,0.7524228014205743,0.7522926117342602,0.7524114787895204,112490000,1
1294991520000,1294991579000,0.7524284628638932,0.7524624333130169,0.7522133878938777,0.7523435501587444,147940000,1
1294991580000,1294991639000,0.7523265699174698,0.7525530361752244,0.7522416802070169,0.7524850819832497,98070000,1
1294991640000,1294991699000,0.7524964068296573,0.7526040098741646,0.7524964068296573,0.7525813540443722,123380000,1
1294991700000,1294991759000,0.7525813540443722,0.7526606554168987,0.7525643630671514,0.7525643630671514,67750000,1
1294991760000,1294991819000,0.7525756903000519,0.7526040098741646,0.7524171400624506,0.7524454477050414,143630000,1
1294991820000,1294991879000,0.7524397860061248,0.7524907443638442,0.7522982712185727,0.7522982712185727,122750000,1
1294991880000,1294991939000,0.7522982712185727,0.7524228014205743,0.7522982712185727,0.7524001564992325,85760000,1
1294991940000,1294991999000,0.7524171400624506,0.7527796388163293,0.7523435501587444,0.7526663204401592,92150000,1
1294992000000,1294992059000,0.7526549904789144,0.7527343073715271,0.7525077320169465,0.7526210026416997,121160000,1
1294992060000,1294992119000,0.7526096740447501,0.752717309487249,0.7525586995785671,0.7526096740447501,126550000,1
1294992120000,1294992179000,0.7526323315797,0.7528136409831747,0.752598345788836,0.7526663204401592,122830000,1
1294992180000,1294992239000,0.752637996176599,0.7527116436964163,0.7524454477050414,0.752473757477708,129920000,1
1294992240000,1294992299000,0.7524907443638442,0.7526946468356718,0.7524907443638442,0.7526549904789144,120350000,1
1294992300000,1294992359000,0.7526266670680675,0.7528306432185016,0.7526096740447501,0.7527739720871411,134220000,1
1294992360000,1294992419000,0.7527683054432677,0.7528193083096195,0.7526153383005946,0.7526323315797,78380000,1
1294992420000,1294992479000,0.7526436608587663,0.7527286413248024,0.7525303834142303,0.7526040098741646,179500000,1
1294992480000,1294992539000,0.7526153383005946,0.7526436608587663,0.7519418899307462,0.7520945834148103,199050000,1
1294992540000,1294992599000,0.7520889269947278,0.7520945834148103,0.7515745486794835,0.7516931889080153,203120000,1
1294992600000,1294992659000,0.7517044899309183,0.7517723032048054,0.7511116452349477,0.7511116452349477,196510000,1
1294992660000,1294992719000,0.751089079164789,0.751089079164789,0.7506831216406931,0.7508296667817939,168790000,1
1294992720000,1294992779000,0.7508071176514753,0.7508634930169694,0.7506493116545813,0.7508240293722359,191890000,1
1294992780000,1294992839000,0.7508296667817939,0.751089079164789,0.7508071176514753,0.7509988284418276,159750000,1
1294992840000,1294992899000,0.7510213890891613,0.7511285706774429,0.7507282063601695,0.7507676599322807,151200000,1
1294992900000,1294992959000,0.7507676599322807,0.7509198768491402,0.7504972043979137,0.7505704335294824,168960000,1
1294992960000,1294993019000,0.7505760671315234,0.7505760671315234,0.7502888612115665,0.7503338985848702,185500000,1
1294993020000,1294993079000,0.7503507889938545,0.750362049688975,0.7500412522688749,0.7500693814177811,164220000,1
1294993080000,1294993139000,0.7501481542604664,0.7503733107220842,0.750097512676648,0.750362049688975,120790000,1
1294993140000,1294993199000,0.7503733107220842,0.7504915719796467,0.7502719735904265,0.7503170089362756,103750000,1
1294993200000,1294993259000,0.7503282686175201,0.750362049688975,0.749462260827856,0.749495963964234,174100000,1
1294993260000,1294993319000,0.7494734948698539,0.749512816669165,0.7482229704451927,0.7483293547155974,212570000,1
1294993320000,1294993379000,0.7483349547257352,0.74839095943721,0.7475629447999521,0.7476747315847714,187350000,1
1294993380000,1294993439000,0.7476747315847714,0.748066248746989,0.7476691414515249,0.7479263741277309,191800000,1
1294993440000,1294993499000,0.7479263741277309,0.7482565622100505,0.7479263741277309,0.7480606527577256,146870000,1
1294993500000,1294993559000,0.7480606527577256,0.748463778095459,0.7480102926216264,0.7484245662879637,155670000,1
1294993560000,1294993619000,0.7484749822237192,0.7487608008745527,0.7484021613854421,0.7484749822237192,175030000,1
1294993620000,1294993679000,0.7485590238790328,0.7486430844095078,0.7484301677232006,0.7485758344749115,152090000,1
1294993680000,1294993739000,0.748547817234565,0.7486879244124672,0.7484805844136404,0.7486767139081673,132640000,1
1294993740000,1294993799000,0.7486486891161453,0.7489290314849765,0.748637479786788,0.7489290314849765,136040000,1
1294993800000,1294993859000,0.7489290314849765,0.7491983577571998,0.7488112621213823,0.7489795154102535,192610000,1
1294993860000,1294993919000,0.7489795154102535,0.7489907349846083,0.7487832272557096,0.7489458587038743,160560000,1
1294993920000,1294993979000,0.7489290314849765,0.7490636704119851,0.748872946215945,0.7489907349846083,127900000,1
1294993980000,1294994039000,0.7489907349846083,0.7490861149397735,0.7486150621350501,0.7488336915254491,186210000,1
1294994040000,1294994099000,0.7488112621213823,0.7492432643030539,0.7488056549803064,0.7490468378987738,142870000,1
1294994100000,1294994159000,0.7490692814178384,0.7490748925077529,0.7487327697871352,0.7487832272557096,185080000,1
1294994160000,1294994219000,0.7487888340609065,0.7489065963693008,0.7487159521420763,0.7489009878004028,145460000,1
1294994220000,1294994279000,0.7489009878004028,0.7491927448174592,0.7489009878004028,0.7489907349846083,119950000,1
1294994280000,1294994339000,0.7489907349846083,0.7493555542233679,0.7489570772699016,0.7491590689451091,151260000,1
1294994340000,1294994399000,0.749164681380261,0.7492937906023573,0.749142232144195,0.7492488779998052,126370000,1
1294994400000,1294994459000,0.749265719594797,0.7494341771962169,0.749265719594797,0.7493555542233679,117600000,1
1294994460000,1294994519000,0.7493330935467435,0.7495689978262499,0.749288176232579,0.7494566439331485,127660000,1
1294994520000,1294994579000,0.749462260827856,0.7495746164051901,0.7494060956691821,0.7495071990166466,108500000,1
1294994580000,1294994639000,0.7495071990166466,0.749524052226836,0.7494117118062321,0.7494678778067573,122150000,1
1294994640000,1294994699000,0.7494510271226326,0.7494510271226326,0.7490243957245688,0.7490243957245688,146470000,1
1294994700000,1294994759000,0.7490075649764063,0.7491253961000532,0.7489795154102535,0.7490468378987738,84750000,1
1294994760000,1294994819000,0.7490580594901911,0.7495184344058943,0.7490580594901911,0.7494847292486416,127870000,1
1294994820000,1294994879000,0.749462260827856,0.7499737509187179,0.7494510271226326,0.7499737509187179,163640000,1
1294994880000,1294994939000,0.7499625018749063,0.7500412522688749,0.7498219172946425,0.7499850002999939,166470000,1
1294994940000,1294994999000,0.7499850002999939,0.7500637554192106,0.7498444072854883,0.7500187504687618,125770000,1
1294995000000,1294995059000,0.7500525036752573,0.7500525036752573,0.7496251874062968,0.7497263498822929,126520000,1
1294995060000,1294995119000,0.7497600767754319,0.7500243757922131,0.7497319708204317,0.749866898625494,153700000,1
1294995120000,1294995179000,0.7498500299940013,0.7500018750046875,0.7498387846612978,0.749951253168544,147510000,1
1294995180000,1294995239000,0.7499400047996161,0.7500187504687618,0.7498387846612978,0.7499400047996161,145750000,1
1294995240000,1294995299000,0.7499400047996161,0.7502719735904265,0.7497825630567135,0.7502719735904265,116070000,1
1294995300000,1294995359000,0.7502719735904265,0.7504183582347159,0.7502269436504543,0.7504183582347159,93040000,1
1294995360000,1294995419000,0.7504183582347159,0.7506493116545813,0.7503564192991671,0.7506493116545813,129090000,1
1294995420000,1294995479000,0.7506155047138653,0.7508578550994511,0.7506155047138653,0.7507902066925438,141180000,1
1294995480000,1294995539000,0.7507958435942099,0.7510213890891613,0.7507902066925438,0.7509593505703536,100430000,1
1294995540000,1294995599000,0.7509593505703536,0.7509593505703536,0.7507225704740813,0.7508183920473316,114820000,1
1294995600000,1294995659000,0.7508409418548775,0.7509367936500785,0.750756387059963,0.7508465795184069,91690000,1
1294995660000,1294995719000,0.7508465795184069,0.7509762691498949,0.7507958435942099,0.7509480719408252,95270000,1
1294995720000,1294995779000,0.7509085994052804,0.7511567814434229,0.7508860455337297,0.7511060035902867,182130000,1
1294995780000,1294995839000,0.7511342126611182,0.7511342126611182,0.7508465795184069,0.7508465795184069,143370000,1
1294995840000,1294995899000,0.7508578550994511,0.7508634930169694,0.7506887569344874,0.750778933143136,147800000,1
1294995900000,1294995959000,0.750778933143136,0.7509931884917804,0.7507732964953903,0.7508127548070787,141030000,1
1294995960000,1294996019000,0.7508127548070787,0.7509029608103744,0.750756387059963,0.7507732964953903,104090000,1
1294996020000,1294996079000,0.7507958435942099,0.7511060035902867,0.7507902066925438,0.7510044684765874,155480000,1
1294996080000,1294996139000,0.7510157488002522,0.7513599615303699,0.7509875486264438,0.7513148009015778,142840000,1
1294996140000,1294996199000,0.7513317355011758,0.7513373805373565,0.7511849943285533,0.7512809339924572,107820000,1
1294996200000,1294996259000,0.7512809339924572,0.7517044899309183,0.7512019230769231,0.7516366888900581,121060000,1
1294996260000,1294996319000,0.7516084420660212,0.7516253899056711,0.7515011234941796,0.7515293622521833,89030000,1
1294996320000,1294996379000,0.7515124187427197,0.751676238010764,0.7515124187427197,0.751653638003608,91940000,1
1294996380000,1294996439000,0.751653638003608,0.7519531984329295,0.7516479882141595,0.7518796992481203,144850000,1
1294996440000,1294996499000,0.7519249278152069,0.7520776144098071,0.7518231711901361,0.7520493344363389,130460000,1
1294996500000,1294996559000,0.7520493344363389,0.7523265699174698,0.752032367473096,0.752258656616491,156690000,1
1294996560000,1294996619000,0.7522416802070169,0.7522416802070169,0.7519249278152069,0.7520040909022545,125910000,1
1294996620000,1294996679000,0.7520549902608878,0.7522133878938777,0.7518740460598041,0.7518966593231425,111220000,1
1294996680000,1294996739000,0.7519079664649048,0.7519079664649048,0.7517383950385267,0.7517779548632516,109660000,1
1294996740000,1294996799000,0.7517496974207468,0.7518966593231425,0.7517214421024145,0.7518966593231425,39750000,1
1294996800000,1294996859000,0.7518966593231425,0.7519362358072035,0.7515632515632515,0.7515632515632515,105030000,1
1294996860000,1294996919000,0.7515632515632515,0.7517044899309183,0.7515632515632515,0.7517044899309183,67540000,1
1294996920000,1294996979000,0.7517044899309183,0.7517044899309183,0.7515463065256767,0.7515971439308531,43140000,1
1294996980000,1294997039000,0.7515971439308531,0.7517723032048054,0.7515576031324921,0.7516818882249032,71160000,1
1294997040000,1294997099000,0.7517157912936278,0.7517892584350755,0.7515576031324921,0.7517496974207468,115320000,1
1294997100000,1294997159000,0.7517779548632516,0.7517779548632516,0.7515576031324921,0.7516253899056711,102280000,1
1294997160000,1294997219000,0.7516084420660212,0.752032367473096,0.7516084420660212,0.7519701618239789,87590000,1
1294997220000,1294997279000,0.7519984358432534,0.7520832706597275,0.7519023128515143,0.752038023042445,155950000,1
1294997280000,1294997339000,0.752038023042445,0.7522303630263731,0.7520040909022545,0.752179439927189,118460000,1
1294997340000,1294997399000,0.752179439927189,0.7522699746485019,0.7520267119888099,0.7520832706597275,182490000,1
1294997400000,1294997459000,0.7520493344363389,0.7522303630263731,0.7520267119888099,0.752139837838651,174450000,1
1294997460000,1294997519000,0.7521568096516762,0.7521964135275003,0.7519871259804033,0.7521454950245575,152270000,1
1294997520000,1294997579000,0.7521454950245575,0.7521454950245575,0.7518288236134397,0.7518796992481203,117710000,1
1294997580000,1294997639000,0.7518966593231425,0.7519362358072035,0.7517836066066743,0.7518796992481203,99640000,1
1294997640000,1294997699000,0.7518796992481203,0.7518796992481203,0.7515124187427197,0.7515801973649598,133450000,1
1294997700000,1294997759000,0.7516310393554012,0.7516310393554012,0.7510665144505198,0.7511567814434229,148510000,1
1294997760000,1294997819000,0.7512244959283633,0.751371252535878,0.7512075661626063,0.7512132093330729,129480000,1
1294997820000,1294997879000,0.7512301393531908,0.751676238010764,0.7511454968827462,0.7515406583496167,124080000,1
1294997880000,1294997939000,0.7515689000789147,0.7520776144098071,0.7515632515632515,0.7520606461705072,145050000,1
1294997940000,1294997999000,0.752066302165199,0.7520945834148103,0.7518514341566107,0.7519249278152069,179840000,1
1294998000000,1294998059000,0.7519079664649048,0.7520267119888099,0.7518288236134397,0.7519758164577427,170680000,1
1294998060000,1294998119000,0.7519645072752567,0.752190755575614,0.7518627399381969,0.7520832706597275,150320000,1
1294998120000,1294998179000,0.7520776144098071,0.7521511522955653,0.7519249278152069,0.7520097460463088,114110000,1
1294998180000,1294998239000,0.7520097460463088,0.7520097460463088,0.751732743974862,0.7517723032048054,123960000,1
1294998240000,1294998299000,0.7517610001428346,0.7519079664649048,0.7517214421024145,0.7519079664649048,66460000,1
1294998300000,1294998359000,0.7518853525214475,0.7520832706597275,0.751834476121737,0.7520832706597275,84910000,1
1294998360000,1294998419000,0.7520832706597275,0.7524794196878716,0.7520832706597275,0.752117209945998,140800000,1
1294998420000,1294998479000,0.7521285237221336,0.7523548707454333,0.7520097460463088,0.7521511522955653,120530000,1
1294998480000,1294998539000,0.7521511522955653,0.752360531166535,0.7520267119888099,0.7523435501587444,103020000,1
1294998540000,1294998599000,0.7522982712185727,0.752394495481871,0.7521511522955653,0.7523435501587444,125380000,1
1294998600000,1294998659000,0.7523152501824365,0.7525813540443722,0.7523152501824365,0.7525813540443722,97840000,1
1294998660000,1294998719000,0.7526153383005946,0.7528476462218341,0.7525530361752244,0.7527853056308341,140070000,1
1294998720000,1294998779000,0.752756972411457,0.75297802810114,0.752756972411457,0.7529440110833359,99390000,1
1294998780000,1294998839000,0.7528873228832573,0.7529270037269887,0.7526719855486979,0.7528929913191439,110480000,1
1294998840000,1294998899000,0.752881654532724,0.7534318822235281,0.752683316021617,0.7533297173506901,166090000,1
1294998900000,1294998959000,0.7533580937026797,0.7535965394846907,0.7525700266409789,0.7527909725306574,196420000,1
1294998960000,1294999019000,0.7528363108009425,0.7530574130971746,0.7522926117342602,0.7522926117342602,191920000,1
1294999020000,1294999079000,0.7522869523350987,0.7526096740447501,0.7521850977088441,0.7523435501587444,132610000,1
1294999080000,1294999139000,0.7523265699174698,0.7523775129408932,0.7519927808693037,0.7521228667915191,143910000,1
1294999140000,1294999199000,0.7521850977088441,0.7524964068296573,0.7521850977088441,0.7522416802070169,131940000,1
1294999200000,1294999259000,0.7522473389250386,0.7525077320169465,0.7522416802070169,0.7524228014205743,128260000,1
1294999260000,1294999319000,0.7524397860061248,0.7528986598403855,0.7524284628638932,0.7528363108009425,144040000,1
1294999320000,1294999379000,0.7528249757213945,0.75297802810114,0.7525303834142303,0.7527456397208819,198510000,1
1294999380000,1294999439000,0.7527116436964163,0.7528419784687194,0.7525077320169465,0.7525360464766262,192280000,1
1294999440000,1294999499000,0.7525643630671514,0.752683316021617,0.7522756337922215,0.752309590442659,162030000,1
1294999500000,1294999559000,0.752309590442659,0.7523322299127295,0.7519814711765502,0.7521511522955653,146400000,1
1294999560000,1294999619000,0.7521285237221336,0.7524228014205743,0.752066302165199,0.7523152501824365,171350000,1
1294999620000,1294999679000,0.7523265699174698,0.7523378899931537,0.7520493344363389,0.7521002399199765,176300000,1
1294999680000,1294999739000,0.7521115531855684,0.7522473389250386,0.752032367473096,0.7521511522955653,139090000,1
1294999740000,1294999799000,0.7521511522955653,0.7523775129408932,0.7520606461705072,0.7520606461705072,132880000,1
1294999800000,1294999859000,0.7520493344363389,0.7524341243924094,0.7520267119888099,0.7522416802070169,227780000,1
1294999860000,1294999919000,0.7522190461862495,0.7522190461862495,0.7519305817686912,0.7519305817686912,181060000,1
1294999920000,1294999979000,0.7519871259804033,0.7519871259804033,0.7517496974207468,0.7517553487393063,163330000,1
1294999980000,1295000039000,0.7517214421024145,0.7518740460598041,0.7515011234941796,0.7518457813933206,192160000,1
1295000040000,1295000099000,0.7518683929564969,0.7519701618239789,0.7516931889080153,0.7517836066066743,137980000,1
1295000100000,1295000159000,0.7518062144301685,0.7521681246192149,0.7516140912609829,0.7516931889080153,207440000,1
1295000160000,1295000219000,0.7516705878815667,0.751676238010764,0.7512640016828313,0.7513543161548691,194330000,1
1295000220000,1295000279000,0.751371252535878,0.7514446523441316,0.7509819088458158,0.7509819088458158,220860000,1
1295000280000,1295000339000,0.7509593505703536,0.7511906371598984,0.7509593505703536,0.7511511391207024,148600000,1
1295000340000,1295000399000,0.7511511391207024,0.7511737089201878,0.7507338423308784,0.7508578550994511,147940000,1
1295000400000,1295000459000,0.7508578550994511,0.7512188525883245,0.7508578550994511,0.7511567814434229,136340000,1
1295000460000,1295000519000,0.7511680663431636,0.7512357828628093,0.7508973223001487,0.7508973223001487,129300000,1
1295000520000,1295000579000,0.7508973223001487,0.7510213890891613,0.7505986023854023,0.7507169346726124,134580000,1
1295000580000,1295000639000,0.7507169346726124,0.7509255156980978,0.7505986023854023,0.7505986023854023,147660000,1
1295000640000,1295000699000,0.7506211389925163,0.7507394783862105,0.75041272699985,0.7505478999669759,135270000,1
1295000700000,1295000759000,0.7505535332307577,0.7509593505703536,0.7505141021599796,0.7508860455337297,143240000,1
1295000760000,1295000819000,0.7508860455337297,0.7509480719408252,0.7507169346726124,0.7508691310191546,109300000,1
1295000820000,1295000879000,0.7508916838746011,0.7509762691498949,0.750778933143136,0.7508691310191546,128100000,1
1295000880000,1295000939000,0.7508747691060085,0.7510213890891613,0.7502888612115665,0.7502888612115665,156000000,1
1295000940000,1295000999000,0.7502494579447667,0.7507000277759011,0.7502494579447667,0.750564800012009,143020000,1
1295001000000,1295001059000,0.750564800012009,0.750564800012009,0.7503902029055108,0.7504690431519699,122880000,1
1295001060000,1295001119000,0.7504690431519699,0.7505310006829833,0.7501988026827109,0.7501988026827109,101490000,1
1295001120000,1295001179000,0.75022131528801,0.7506042364103103,0.75022131528801,0.7503057495929591,128970000,1
1295001180000,1295001239000,0.7502832319200499,0.7503507889938545,0.7501200192030725,0.7503226387346559,119950000,1
1295001240000,1295001299000,0.7502944905875556,0.7504408840193614,0.7502494579447667,0.7503057495929591,99240000,1
1295001300000,1295001359000,0.7503338985848702,0.7503789413653895,0.7501256460457126,0.750136899984247,142000000,1
1295001360000,1295001419000,0.750136899984247,0.75022131528801,0.7499231328788799,0.7500468779298706,99370000,1
1295001420000,1295001479000,0.7500525036752573,0.7501256460457126,0.7498950146979423,0.7499737509187179,85750000,1
1295001480000,1295001539000,0.7499906251171861,0.7501875468867217,0.7499062617172854,0.7499062617172854,90020000,1
1295001540000,1295001599000,0.7499175090740019,0.7503226387346559,0.7499175090740019,0.7502944905875556,136790000,1
1295001600000,1295001659000,0.7502607155986706,0.7505591665791014,0.7501256460457126,0.7505028369007234,100770000,1
1295001660000,1295001719000,0.7505028369007234,0.7506436769529872,0.7503845720931979,0.7505704335294824,102280000,1
1295001720000,1295001779000,0.7505873345893161,0.7506436769529872,0.7503395286367082,0.7503451587730356,90440000,1
1295001780000,1295001839000,0.7503845720931979,0.7504296209579985,0.7503395286367082,0.75041272699985,63460000,1
1295001840000,1295001899000,0.7503902029055108,0.7505478999669759,0.7503902029055108,0.7504859396459207,76880000,1
1295001900000,1295001959000,0.7504803073967339,0.7505986023854023,0.7503845720931979,0.7505591665791014,54870000,1
1295001960000,1295002019000,0.750581700818134,0.7508353042760071,0.7504070958494983,0.7508240293722359,145000000,1
1295002020000,1295002079000,0.7508465795184069,0.7508973223001487,0.7507394783862105,0.7508183920473316,99920000,1
1295002080000,1295002139000,0.7508127548070787,0.7509424327531051,0.7507282063601695,0.7508014805805198,98080000,1
1295002140000,1295002199000,0.7507902066925438,0.7508296667817939,0.750666216266937,0.7508014805805198,95420000,1
1295002200000,1295002259000,0.7508014805805198,0.7508522172665976,0.750581700818134,0.7506831216406931,117500000,1
1295002260000,1295002319000,0.7507000277759011,0.7510157488002522,0.7506493116545813,0.7508804072775329,130130000,1
1295002320000,1295002379000,0.7508691310191546,0.7511906371598984,0.7508634930169694,0.7509819088458158,139970000,1
1295002380000,1295002439000,0.7509649900121657,0.7509649900121657,0.7508522172665976,0.7508804072775329,57380000,1
1295002440000,1295002499000,0.7508465795184069,0.7509537112132408,0.7507451145261673,0.75078456987552,57800000,1
1295002500000,1295002559000,0.75078456987552,0.7507958435942099,0.7505591665791014,0.7505760671315234,63620000,1
1295002560000,1295002619000,0.7505986023854023,0.7507451145261673,0.7505366336930906,0.7505929684450716,120400000,1
1295002620000,1295002679000,0.7506324078035745,0.7506831216406931,0.7505704335294824,0.7505704335294824,102520000,1
1295002680000,1295002739000,0.750581700818134,0.7506380423359855,0.7505310006829833,0.750581700818134,44650000,1
1295002740000,1295002799000,0.750581700818134,0.7506774864315044,0.750564800012009,0.7506211389925163,92860000,1
1295002800000,1295002859000,0.7506098705197973,0.7506493116545813,0.7503789413653895,0.7504746752320843,83510000,1
1295002860000,1295002919000,0.7504746752320843,0.7507056633235242,0.7504746752320843,0.750666216266937,84760000,1
1295002920000,1295002979000,0.7506943923128894,0.7508578550994511,0.7506943923128894,0.7508014805805198,80680000,1
1295002980000,1295003039000,0.7507958435942099,0.7508353042760071,0.7506943923128894,0.7507902066925438,70730000,1
1295003040000,1295003099000,0.7508071176514753,0.7509649900121657,0.750778933143136,0.7508127548070787,112810000,1
1295003100000,1295003159000,0.750778933143136,0.751089079164789,0.750778933143136,0.7510101085960618,134500000,1
1295003160000,1295003219000,0.7510101085960618,0.7510157488002522,0.7506831216406931,0.7506831216406931,120400000,1
1295003220000,1295003279000,0.7507169346726124,0.7512696457012351,0.750666216266937,0.7512075661626063,162490000,1
1295003280000,1295003339000,0.751196280076021,0.7512414264572206,0.7510495918045469,0.7511737089201878,130380000,1
1295003340000,1295003399000,0.7511737089201878,0.7511737089201878,0.7509988284418276,0.7510157488002522,110560000,1
1295003400000,1295003459000,0.7509931884917804,0.7510721555019791,0.7508747691060085,0.7510383104642168,92040000,1
1295003460000,1295003519000,0.7510383104642168,0.7511398547295521,0.7509706295386788,0.7510947205552092,79900000,1
1295003520000,1295003579000,0.7511060035902867,0.7511229287785239,0.7508296667817939,0.7509367936500785,126610000,1
1295003580000,1295003639000,0.7509367936500785,0.7509819088458158,0.7508296667817939,0.7508916838746011,109840000,1
1295003640000,1295003699000,0.7508804072775329,0.7509085994052804,0.7508183920473316,0.7509085994052804,73090000,1
1295003700000,1295003759000,0.7509085994052804,0.7510157488002522,0.7508409418548775,0.7508578550994511,73990000,1
1295003760000,1295003819000,0.7508860455337297,0.7510383104642168,0.7508691310191546,0.7509649900121657,96030000,1
1295003820000,1295003879000,0.7509593505703536,0.7509706295386788,0.7508916838746011,0.7509198768491402,47930000,1
1295003880000,1295003939000,0.7509255156980978,0.7509706295386788,0.7508465795184069,0.7508578550994511,76320000,1
1295003940000,1295003999000,0.7508409418548775,0.7510439510920179,0.75078456987552,0.7509988284418276,111240000,1
1295004000000,1295004059000,0.7510044684765874,0.7514277126540427,0.7510044684765874,0.7511454968827462,149960000,1
1295004060000,1295004119000,0.7511624238509093,0.7512357828628093,0.7510495918045469,0.7511737089201878,101850000,1
1295004120000,1295004179000,0.7511849943285533,0.7513148009015778,0.7510665144505198,0.7512922226229114,148760000,1
1295004180000,1295004239000,0.7512414264572206,0.7512527139004289,0.7510777966381758,0.7511229287785239,92600000,1
1295004240000,1295004299000,0.7511229287785239,0.7512244959283633,0.7510552326018055,0.751196280076021,76860000,1
1295004300000,1295004359000,0.7512075661626063,0.7512640016828313,0.7509988284418276,0.7511116452349477,88390000,1
1295004360000,1295004419000,0.7511116452349477,0.7511906371598984,0.7510101085960618,0.7510439510920179,85230000,1
1295004420000,1295004479000,0.7510326699211416,0.7512244959283633,0.7510213890891613,0.7512244959283633,79210000,1
1295004480000,1295004539000,0.7512075661626063,0.7513825438807405,0.7511454968827462,0.751376898165889,63840000,1
1295004540000,1295004599000,0.751376898165889,0.751698839376992,0.751376898165889,0.7515237143308057,133760000,1
1295004600000,1295004659000,0.7515463065256767,0.7517496974207468,0.7514785340156758,0.751653638003608,147960000,1
1295004660000,1295004719000,0.7516705878815667,0.7517157912936278,0.7515293622521833,0.7515801973649598,87320000,1
1295004720000,1295004779000,0.7515801973649598,0.7516705878815667,0.7514954759972344,0.7515293622521833,92010000,1
1295004780000,1295004839000,0.7515632515632515,0.7516705878815667,0.7513994815343576,0.7516253899056711,90000000,1
1295004840000,1295004899000,0.7516253899056711,0.751676238010764,0.7514446523441316,0.7516366888900581,132550000,1
1295004900000,1295004959000,0.7516366888900581,0.7517892584350755,0.7515914949906426,0.751653638003608,91730000,1
1295004960000,1295005019000,0.751676238010764,0.751732743974862,0.7515067710760074,0.7515067710760074,91670000,1
1295005020000,1295005079000,0.7515180664943185,0.7515632515632515,0.7515180664943185,0.7515406583496167,24790000,1
1295005080000,1295005139000,0.7515519547866344,0.7515914949906426,0.7515406583496167,0.7515689000789147,57660000,1
1295005140000,1295005199000,0.7515463065256767,0.7515576031324921,0.7514672397856815,0.7514954759972344,105540000,1
1295005200000,1295005259000,0.7515180664943185,0.7515180664943185,0.7513260905498204,0.7513260905498204,99000000,1
1295005260000,1295005319000,0.7513260905498204,0.7514728868582422,0.7513260905498204,0.7514277126540427,93150000,1
1295005320000,1295005379000,0.7514164199516088,0.7515180664943185,0.7513543161548691,0.7514672397856815,69340000,1
1295005380000,1295005439000,0.7514559458951718,0.7514841812579846,0.7514164199516088,0.7514615927979921,39590000,1
1295005440000,1295005499000,0.7514615927979921,0.7515011234941796,0.7514333591325454,0.7514728868582422,32700000,1
1295005500000,1295005559000,0.7514728868582422,0.7514728868582422,0.7513035115926131,0.7513260905498204,79500000,1
1295005560000,1295005619000,0.7513317355011758,0.751371252535878,0.7513204456832885,0.751371252535878,11030000,1
1295005620000,1295005679000,0.7513825438807405,0.7514107737276737,0.7513543161548691,0.7514107737276737,19130000,1
1295005680000,1295005739000,0.7514277126540427,0.7514277126540427,0.7514277126540427,0.7514277126540427,3000000,1
1295005740000,1295005799000,0.7514220662603978,0.7516423385096436,0.7514107737276737,0.7516366888900581,67910000,1
1295005800000,1295005859000,0.7516366888900581,0.7517440461871542,0.7515801973649598,0.7517157912936278,113320000,1
1295005860000,1295005919000,0.7517044899309183,0.7517044899309183,0.7515293622521833,0.7515350102584528,69420000,1
1295005920000,1295005979000,0.7515350102584528,0.7515745486794835,0.751450299077219,0.7514615927979921,75750000,1
1295005980000,1295006039000,0.7515124187427197,0.7515576031324921,0.7515124187427197,0.7515519547866344,58540000,1
1295006040000,1295006099000,0.7515801973649598,0.751732743974862,0.7515406583496167,0.7516084420660212,79200000,1
1295006100000,1295006159000,0.7516253899056711,0.7517892584350755,0.7516253899056711,0.7517101405697962,84780000,1
1295006160000,1295006219000,0.7517157912936278,0.7517440461871542,0.7515463065256767,0.7516310393554012,55890000,1
1295006220000,1295006279000,0.7516479882141595,0.7517157912936278,0.7516253899056711,0.7516705878815667,25530000,1
1295006280000,1295006339000,0.7516818882249032,0.7518457813933206,0.7516818882249032,0.7517553487393063,39160000,1
1295006340000,1295006399000,0.7517440461871542,0.7518853525214475,0.7516875385239863,0.7518853525214475,78560000,1
1295006400000,1295006459000,0.7518683929564969,0.7519871259804033,0.7518118665985024,0.7518910058797877,112090000,1
1295006460000,1295006519000,0.7519192739467491,0.7523492104095036,0.7518910058797877,0.7523492104095036,131290000,1
1295006520000,1295006579000,0.7523492104095036,0.7526606554168987,0.7522303630263731,0.7524397860061248,155820000,1
1295006580000,1295006639000,0.7524397860061248,0.752468095352757,0.7520040909022545,0.7520040909022545,102560000,1
1295006640000,1295006699000,0.752066302165199,0.7523775129408932,0.7520154012754181,0.7523265699174698,142690000,1
1295006700000,1295006759000,0.7523322299127295,0.7523718522642632,0.7521964135275003,0.7523152501824365,141380000,1
1295006760000,1295006819000,0.7523209100073727,0.7523435501587444,0.7520493344363389,0.7522869523350987,102490000,1
1295006820000,1295006879000,0.7522869523350987,0.7522869523350987,0.7519531984329295,0.7519927808693037,116470000,1
1295006880000,1295006939000,0.7519701618239789,0.7519927808693037,0.7516479882141595,0.751698839376992,91150000,1
1295006940000,1295006999000,0.751676238010764,0.7519079664649048,0.7516310393554012,0.7518005623468206,47830000,1
1295007000000,1295007059000,0.7517836066066743,0.7519023128515143,0.751676238010764,0.7518457813933206,116670000,1
1295007060000,1295007119000,0.7518796992481203,0.7518796992481203,0.751698839376992,0.7517892584350755,86800000,1
1295007120000,1295007179000,0.7517496974207468,0.7518288236134397,0.7516592878779906,0.7518062144301685,82140000,1
1295007180000,1295007239000,0.7517892584350755,0.7519305817686912,0.7517553487393063,0.7519305817686912,47580000,1
1295007240000,1295007299000,0.7519305817686912,0.7520154012754181,0.7518062144301685,0.7519362358072035,54040000,1
1295007300000,1295007359000,0.7519249278152069,0.7519531984329295,0.7516818882249032,0.75184012871503,130000000,1
1295007360000,1295007419000,0.75184012871503,0.7518570870049022,0.7516818882249032,0.7517496974207468,93810000,1
1295007420000,1295007479000,0.7517496974207468,0.7519814711765502,0.7517496974207468,0.7519814711765502,77990000,1
1295007480000,1295007539000,0.7519758164577427,0.7520776144098071,0.7518740460598041,0.7520606461705072,149140000,1
1295007540000,1295007599000,0.7520606461705072,0.7523888345496953,0.7520267119888099,0.7522473389250386,146150000,1
1295007600000,1295007659000,0.7522473389250386,0.7524001564992325,0.7521850977088441,0.7524001564992325,95340000,1
1295007660000,1295007719000,0.7524058176017817,0.7526266670680675,0.7524058176017817,0.7524397860061248,93040000,1
1295007720000,1295007779000,0.7524567713584854,0.7525190575451324,0.7521568096516762,0.7522812930210864,128960000,1
1295007780000,1295007839000,0.7522812930210864,0.7523548707454333,0.7519475441393209,0.7519927808693037,96190000,1
1295007840000,1295007899000,0.7520040909022545,0.7520097460463088,0.7518853525214475,0.7519531984329295,77260000,1
1295007900000,1295007959000,0.7518910058797877,0.7520719582449649,0.7518570870049022,0.7518853525214475,87870000,1
1295007960000,1295008019000,0.7518740460598041,0.7519362358072035,0.7517270929961586,0.7517270929961586,96850000,1
1295008020000,1295008079000,0.7517496974207468,0.7518683929564969,0.7514785340156758,0.7517044899309183,129920000,1
1295008080000,1295008139000,0.7517270929961586,0.7517270929961586,0.7515293622521833,0.7515914949906426,76770000,1
1295008140000,1295008199000,0.7516197405408656,0.7517836066066743,0.7515011234941796,0.7515124187427197,128370000,1
1295008200000,1295008259000,0.7514841812579846,0.7516084420660212,0.7514333591325454,0.7516084420660212,76210000,1
1295008260000,1295008319000,0.7516140912609829,0.7517723032048054,0.7515519547866344,0.7517666516313336,73580000,1
1295008320000,1295008379000,0.7517666516313336,0.7517666516313336,0.7515237143308057,0.7515576031324921,96130000,1
1295008380000,1295008439000,0.7515237143308057,0.7517101405697962,0.7514672397856815,0.7517101405697962,54420000,1
1295008440000,1295008499000,0.7516875385239863,0.7518118665985024,0.7516423385096436,0.7517101405697962,79550000,1
1295008500000,1295008559000,0.7517666516313336,0.751794910348457,0.7516310393554012,0.7516310393554012,67890000,1
1295008560000,1295008619000,0.7516197405408656,0.7516479882141595,0.7514277126540427,0.7515237143308057,97840000,1
1295008620000,1295008679000,0.7515237143308057,0.7516592878779906,0.7515124187427197,0.7515576031324921,93220000,1
1295008680000,1295008739000,0.7515576031324921,0.7516197405408656,0.7515011234941796,0.7516140912609829,22890000,1
1295008740000,1295008799000,0.7517044899309183,0.7517610001428346,0.7516197405408656,0.7516875385239863,46480000,1
1295008800000,1295008859000,0.7516875385239863,0.7518853525214475,0.7516649378373097,0.7517044899309183,57380000,1
1295008860000,1295008919000,0.7517157912936278,0.7517270929961586,0.7516140912609829,0.7516310393554012,31130000,1
1295008920000,1295008979000,0.7516649378373097,0.751732743974862,0.7515124187427197,0.7516931889080153,70010000,1
1295008980000,1295009039000,0.7517383950385267,0.7518118665985024,0.7515632515632515,0.7517270929961586,112550000,1
1295009040000,1295009099000,0.7517270929961586,0.7517836066066743,0.7513543161548691,0.7513543161548691,80980000,1
1295009100000,1295009159000,0.751371252535878,0.7516084420660212,0.751371252535878,0.7515350102584528,69260000,1
1295009160000,1295009219000,0.7515180664943185,0.7515858461353456,0.7514164199516088,0.7515745486794835,90320000,1
1295009220000,1295009279000,0.7515576031324921,0.7518514341566107,0.7515463065256767,0.7518514341566107,70540000,1
1295009280000,1295009339000,0.7518910058797877,0.7518910058797877,0.7516818882249032,0.751794910348457,66560000,1
1295009340000,1295009399000,0.7518231711901361,0.7519475441393209,0.7517440461871542,0.7517610001428346,92100000,1
1295009400000,1295009459000,0.7517270929961586,0.7517270929961586,0.7515067710760074,0.7517157912936278,78090000,1
1295009460000,1295009519000,0.7517383950385267,0.7519645072752567,0.751698839376992,0.7518910058797877,88830000,1
1295009520000,1295009579000,0.7518910058797877,0.7521228667915191,0.7518910058797877,0.7521002399199765,102050000,1
1295009580000,1295009639000,0.7520945834148103,0.7522473389250386,0.752032367473096,0.7520832706597275,135700000,1
1295009640000,1295009699000,0.7520832706597275,0.7520832706597275,0.7516592878779906,0.7517101405697962,104800000,1
1295009700000,1295009759000,0.7516931889080153,0.7519475441393209,0.7515801973649598,0.7519023128515143,151880000,1
1295009760000,1295009819000,0.7519023128515143,0.7520606461705072,0.7518796992481203,0.7519588528115742,107840000,1
1295009820000,1295009879000,0.7519305817686912,0.7521681246192149,0.7518796992481203,0.7521285237221336,75760000,1
1295009880000,1295009939000,0.7521115531855684,0.7521115531855684,0.7517723032048054,0.7518175188518244,116640000,1
1295009940000,1295009999000,0.751834476121737,0.752032367473096,0.751834476121737,0.7520097460463088,44260000,1
1295010000000,1295010059000,0.7520267119888099,0.7520549902608878,0.7518627399381969,0.7519249278152069,72030000,1
1295010060000,1295010119000,0.7519418899307462,0.7519418899307462,0.7518627399381969,0.7519192739467491,52150000,1
1295010120000,1295010179000,0.7519192739467491,0.7519645072752567,0.7518175188518244,0.7518796992481203,139280000,1
1295010180000,1295010239000,0.7518796992481203,0.7522190461862495,0.7518288236134397,0.7520945834148103,93430000,1
1295010240000,1295010299000,0.7521341807378437,0.7521341807378437,0.7519475441393209,0.7519475441393209,54390000,1
1295010300000,1295010359000,0.7519418899307462,0.7519984358432534,0.7518288236134397,0.7518288236134397,70850000,1
1295010360000,1295010419000,0.7518288236134397,0.7518853525214475,0.7518005623468206,0.7518118665985024,68640000,1
1295010420000,1295010479000,0.7518118665985024,0.75184012871503,0.7515237143308057,0.7515237143308057,73160000,1
1295010480000,1295010539000,0.7514898285851701,0.7515011234941796,0.7512244959283633,0.7512244959283633,113840000,1
1295010540000,1295010599000,0.7512414264572206,0.7512978670653554,0.7510665144505198,0.7512640016828313,119580000,1
1295010600000,1295010659000,0.7512809339924572,0.7515406583496167,0.7512809339924572,0.7514728868582422,79460000,1
1295010660000,1295010719000,0.7514728868582422,0.7515971439308531,0.7513994815343576,0.7514672397856815,111200000,1
1295010720000,1295010779000,0.7514672397856815,0.7515689000789147,0.75125835774923,0.7515463065256767,101140000,1
1295010780000,1295010839000,0.7515293622521833,0.7515632515632515,0.7513881896804346,0.7513938355649731,77670000,1
1295010840000,1295010899000,0.7514107737276737,0.7518796992481203,0.7513091562046866,0.751732743974862,114490000,1
1295010900000,1295010959000,0.7517214421024145,0.7517214421024145,0.7512922226229114,0.7514390056959076,149280000,1
1295010960000,1295011019000,0.7514390056959076,0.7514898285851701,0.75125835774923,0.7512865782652792,101380000,1
1295011020000,1295011079000,0.7513035115926131,0.7514672397856815,0.7512865782652792,0.7512865782652792,96450000,1
1295011080000,1295011139000,0.751275289804443,0.7514898285851701,0.7511793515819837,0.7514390056959076,106010000,1
1295011140000,1295011199000,0.7514615927979921,0.751676238010764,0.7514333591325454,0.7516310393554012,102410000,1
1295011200000,1295011259000,0.7515971439308531,0.7515971439308531,0.7513317355011758,0.751376898165889,117300000,1
1295011260000,1295011319000,0.7513486708642012,0.7514164199516088,0.7512414264572206,0.7513599615303699,108570000,1
1295011320000,1295011379000,0.751371252535878,0.7514954759972344,0.7512188525883245,0.7512922226229114,97820000,1
1295011380000,1295011439000,0.7513204456832885,0.7514841812579846,0.7511680663431636,0.7514051275885907,127200000,1
1295011440000,1295011499000,0.7514107737276737,0.7514390056959076,0.751196280076021,0.7513881896804346,110110000,1
1295011500000,1295011559000,0.7514107737276737,0.7514107737276737,0.7510608734837958,0.7512922226229114,130160000,1
1295011560000,1295011619000,0.7513148009015778,0.7515858461353456,0.7513148009015778,0.7513148009015778,119310000,1
1295011620000,1295011679000,0.7513035115926131,0.7513035115926131,0.7508691310191546,0.7509029608103744,97700000,1
1295011680000,1295011739000,0.7509029608103744,0.7512357828628093,0.7509029608103744,0.7511680663431636,104540000,1
1295011740000,1295011799000,0.7511454968827462,0.7511454968827462,0.7505929684450716,0.7506211389925163,121910000,1
1295011800000,1295011859000,0.7507056633235242,0.7508014805805198,0.750362049688975,0.7503733107220842,166820000,1
1295011860000,1295011919000,0.7503676801632799,0.7503676801632799,0.7498050506868215,0.7502325720973502,146860000,1
1295011920000,1295011979000,0.7501988026827109,0.7505704335294824,0.7501988026827109,0.7505366336930906,118980000,1
1295011980000,1295012039000,0.7505986023854023,0.7508747691060085,0.75041272699985,0.75041272699985,156850000,1
1295012040000,1295012099000,0.7504070958494983,0.7506549464407696,0.7503902029055108,0.7505760671315234,137870000,1
1295012100000,1295012159000,0.7505760671315234,0.7510157488002522,0.750564800012009,0.7509142380848683,167670000,1
1295012160000,1295012219000,0.7509255156980978,0.7510101085960618,0.7506887569344874,0.7506887569344874,171660000,1
1295012220000,1295012279000,0.7507056633235242,0.7511342126611182,0.7507056633235242,0.7510608734837958,118800000,1
1295012280000,1295012339000,0.7510608734837958,0.7510608734837958,0.75078456987552,0.7508240293722359,101940000,1
1295012340000,1295012399000,0.7508127548070787,0.7514785340156758,0.7508127548070787,0.7514333591325454,162070000,1
1295012400000,1295012459000,0.7514390056959076,0.751698839376992,0.7514107737276737,0.7516649378373097,93610000,1
1295012460000,1295012519000,0.7516649378373097,0.7519645072752567,0.7516649378373097,0.7519645072752567,99900000,1
1295012520000,1295012579000,0.7519645072752567,0.7524907443638442,0.7519645072752567,0.7524907443638442,139610000,1
1295012580000,1295012639000,0.7525077320169465,0.7525926817887623,0.752366191672811,0.752473757477708,104880000,1
1295012640000,1295012699000,0.7524850819832497,0.7527116436964163,0.752366191672811,0.7524171400624506,116180000,1
1295012700000,1295012759000,0.7524058176017817,0.7527286413248024,0.7523718522642632,0.7526549904789144,99320000,1
1295012760000,1295012819000,0.7526719855486979,0.7527626388847068,0.7525473728571214,0.7525586995785671,101890000,1
1295012820000,1295012879000,0.7525643630671514,0.7525643630671514,0.7523888345496953,0.7524567713584854,98540000,1
1295012880000,1295012939000,0.7524114787895204,0.7524794196878716,0.7522812930210864,0.7523888345496953,58110000,1
1295012940000,1295012999000,0.7523888345496953,0.752451109489161,0.7521511522955653,0.752360531166535,110950000,1
1295013000000,1295013059000,0.7523831737027034,0.7526436608587663,0.752366191672811,0.7526436608587663,60100000,1
1295013060000,1295013119000,0.7526549904789144,0.7526549904789144,0.7524001564992325,0.7524001564992325,114140000,1
1295013120000,1295013179000,0.7523718522642632,0.7526153383005946,0.7522869523350987,0.7525360464766262,124670000,1
1295013180000,1295013239000,0.7525020693806909,0.7527286413248024,0.7524284628638932,0.7526776507425166,120320000,1
1295013240000,1295013299000,0.7527286413248024,0.7528476462218341,0.7527059779908771,0.7527966395158012,73970000,1
1295013300000,1295013359000,0.7527966395158012,0.7528136409831747,0.7524964068296573,0.7526323315797,80820000,1
1295013360000,1295013419000,0.7526493256262042,0.7528136409831747,0.752468095352757,0.7528136409831747,123270000,1
1295013420000,1295013479000,0.7528193083096195,0.7531821947729155,0.7527683054432677,0.7530914403626888,158550000,1
1295013480000,1295013539000,0.7530914403626888,0.7534602662728581,0.7530063779640214,0.753443235586631,109590000,1
1295013540000,1295013599000,0.7534602662728581,0.7535283967176303,0.753097111872576,0.7531651766548921,113940000,1
1295013600000,1295013659000,0.7531878676498279,0.753255948838856,0.75297802810114,0.7532219067059346,97480000,1
1295013660000,1295013719000,0.7531821947729155,0.753318367408434,0.7531765219814568,0.753318367408434,81620000,1
1295013720000,1295013779000,0.7533013431362948,0.7534716204914141,0.7531708492754496,0.7534716204914141,77250000,1
1295013780000,1295013839000,0.753539752989669,0.7538180886188545,0.7535113629513532,0.7536987767468853,91210000,1
1295013840000,1295013899000,0.753676054958058,0.753676054958058,0.7534148528204084,0.7535000075350001,93160000,1
1295013900000,1295013959000,0.7535227187099691,0.7539544913069047,0.7535227187099691,0.7537385431741438,119410000,1
1295013960000,1295014019000,0.7537214999057847,0.7539488068760132,0.7535681451673675,0.7538862837929526,131500000,1
1295014020000,1295014079000,0.7538862837929526,0.7538862837929526,0.753641974843431,0.7537214999057847,105220000,1
1295014080000,1295014139000,0.7537783137979119,0.7537783137979119,0.753448912396495,0.7535454312540504,103890000,1
1295014140000,1295014199000,0.7535454312540504,0.7537612687309675,0.7534035003126625,0.7537612687309675,80970000,1
1295014200000,1295014259000,0.753829453624412,0.753829453624412,0.7535965394846907,0.7535965394846907,74260000,1
1295014260000,1295014319000,0.7534943299551671,0.7535965394846907,0.7530630840945547,0.753341067634961,127810000,1
1295014320000,1295014379000,0.7533126925655571,0.7536022186049316,0.7531481593058986,0.753539752989669,98480000,1
1295014380000,1295014439000,0.7535624665606656,0.7538408189726657,0.7535567880395466,0.7536533345391787,109530000,1
1295014440000,1295014499000,0.7536703747249103,0.7539147020906054,0.753641974843431,0.7537385431741438,131860000,1
1295014500000,1295014559000,0.7537669503342956,0.7542103794432419,0.7537442244348802,0.7539544913069047,139980000,1
1295014560000,1295014619000,0.7538749170737591,0.754272956297425,0.753812406244582,0.7542558888528522,142160000,1
1295014620000,1295014679000,0.7542103794432419,0.7542103794432419,0.7538578676376355,0.7541080033482395,137280000,1
1295014680000,1295014739000,0.7541136901799315,0.7541364383644289,0.7538692338426977,0.7539090182596765,116560000,1
1295014740000,1295014799000,0.7539260700095749,0.7544550571122478,0.7538578676376355,0.7544550571122478,118000000,1
1295014800000,1295014859000,0.7544493651308593,0.7545518339382323,0.7542672670634112,0.7543469241504168,135600000,1
1295014860000,1295014919000,0.7543753771876887,0.7543753771876887,0.7541478129713424,0.7543639957152125,98300000,1
1295014920000,1295014979000,0.754341233800522,0.7546144674685703,0.7542672670634112,0.7544095236658268,136480000,1
1295014980000,1295015039000,0.7544095236658268,0.7546600256584409,0.7544095236658268,0.7546600256584409,79530000,1
1295015040000,1295015099000,0.7546714160654451,0.754699893587315,0.7544209065121612,0.7544209065121612,92220000,1
1295015100000,1295015159000,0.754415215046057,0.7544209065121612,0.7540511397482977,0.7542843350229302,96970000,1
1295015160000,1295015219000,0.7542957140917526,0.75439245004036,0.7540795704762767,0.7541421256249954,112420000,1
1295015220000,1295015279000,0.7541421256249954,0.7542160678191089,0.7539260700095749,0.7540625117822268,114280000,1
1295015280000,1295015339000,0.7540852568791429,0.7542217562807816,0.75402839670942,0.7541535004034722,104530000,1
1295015340000,1295015399000,0.7541819388509284,0.7542445109855712,0.7540227111640603,0.7541193770973945,126900000,1
1295015400000,1295015459000,0.7541364383644289,0.7541876267977947,0.7540340823405217,0.7541762509898563,103180000,1
1295015460000,1295015519000,0.7541762509898563,0.7541762509898563,0.7539544913069047,0.7539715451138873,126760000,1
1295015520000,1295015579000,0.7540170257044404,0.7540738841591699,0.7538976508549199,0.7539544913069047,111040000,1
1295015580000,1295015639000,0.7539658604258399,0.7543753771876887,0.7539658604258399,0.7543753771876887,97430000,1
1295015640000,1295015699000,0.7543696864085214,0.7544436732353562,0.7542274448282624,0.7542445109855712,105960000,1
1295015700000,1295015759000,0.7542558888528522,0.754261577915221,0.7541080033482395,0.7541307511896412,150290000,1
1295015760000,1295015819000,0.7540681979278205,0.7540681979278205,0.7538749170737591,0.7539942847233218,144790000,1
1295015820000,1295015879000,0.7539942847233218,0.7541819388509284,0.7538465017753085,0.7540681979278205,147630000,1
1295015880000,1295015939000,0.7540909433677702,0.75431847325941,0.7540397680573674,0.7541080033482395,130730000,1
1295015940000,1295015999000,0.7541080033482395,0.7541933148304574,0.7539431225308363,0.7540511397482977,119150000,1
1295016000000,1295016059000,0.7540340823405217,0.7542103794432419,0.7538692338426977,0.7538692338426977,137980000,1
1295016060000,1295016119000,0.7538578676376355,0.7538578676376355,0.753607897810769,0.753715818987609,121510000,1
1295016120000,1295016179000,0.7537328619990503,0.7540511397482977,0.7537328619990503,0.7540113403305585,102430000,1
1295016180000,1295016239000,0.7540056550424129,0.7546144674685703,0.7539090182596765,0.7545461404964914,146510000,1
1295016240000,1295016299000,0.754540447140669,0.7545803024357852,0.75435830510776,0.754415215046057,129380000,1
1295016300000,1295016359000,0.754386759003606,0.7549049952063532,0.754386759003606,0.7547682484093259,165260000,1
1295016360000,1295016419000,0.7547625517012347,0.7549733871881017,0.754699893587315,0.7549733871881017,125970000,1
1295016420000,1295016479000,0.75496768738298,0.7550018875047187,0.754734069450629,0.754734069450629,118850000,1
1295016480000,1295016539000,0.7547454620929092,0.7549106940648922,0.7547397657287768,0.7548878991469766,163330000,1
1295016540000,1295016599000,0.7548935977473975,0.7549334903594994,0.7546941979110064,0.7548423134407222,118310000,1
1295016600000,1295016659000,0.7548537093511278,0.7549733871881017,0.7548537093511278,0.7548992964338557,104920000,1
1295016660000,1295016719000,0.7549163930094741,0.7549220920401014,0.7548081277739198,0.7548765022042394,76480000,1
1295016720000,1295016779000,0.7548765022042394,0.7549847870565408,0.7548366156145503,0.7549448890231013,109450000,1
1295016780000,1295016839000,0.7549334903594994,0.754956288030923,0.7548537093511278,0.7549391896482738,78410000,1
1295016840000,1295016899000,0.7549277911567759,0.7549619876639211,0.7547112851978476,0.7547112851978476,74100000,1
1295016900000,1295016959000,0.7547682484093259,0.7547682484093259,0.753960175823513,0.7542445109855712,114350000,1
1295016960000,1295017019000,0.7542445109855712,0.754585996393079,0.7542217562807816,0.7542445109855712,158650000,1
1295017020000,1295017079000,0.754233133461553,0.7543127833387393,0.7541136901799315,0.7541364383644289,182520000,1
1295017080000,1295017139000,0.7541364383644289,0.754278645617264,0.7539942847233218,0.754278645617264,154630000,1
1295017140000,1295017199000,0.7542388221806553,0.754272956297425,0.753812406244582,0.7538180886188545,143610000,1
1295017200000,1295017259000,0.7538010417530396,0.7538862837929526,0.7534091765237702,0.7537839956582042,158730000,1
1295017260000,1295017319000,0.753812406244582,0.7538919672810886,0.753641974843431,0.7536703747249103,134650000,1
1295017320000,1295017379000,0.7536703747249103,0.7536703747249103,0.7532729710592525,0.7535227187099691,170350000,1
1295017380000,1295017439000,0.7534716204914141,0.7535738238596544,0.7534262056702856,0.7534659433393611,102160000,1
1295017440000,1295017499000,0.7534545892919033,0.7537442244348802,0.7532048867933054,0.7532219067059346,119680000,1
1295017500000,1295017559000,0.7532389273877674,0.7535056852003948,0.7528646499932242,0.7528873228832573,150280000,1
1295017560000,1295017619000,0.7529383418791835,0.7529383418791835,0.7524058176017817,0.7525813540443722,181540000,1
1295017620000,1295017679000,0.7525530361752244,0.7525586995785671,0.7520719582449649,0.7522077296866302,208910000,1
1295017680000,1295017739000,0.7522247045637472,0.7525530361752244,0.7520832706597275,0.7524624333130169,148880000,1
1295017740000,1295017799000,0.752473757477708,0.7525473728571214,0.7522926117342602,0.7522926117342602,146320000,1
1295017800000,1295017859000,0.7522926117342602,0.752451109489161,0.7522190461862495,0.752366191672811,172300000,1
1295017860000,1295017919000,0.7523831737027034,0.7524850819832497,0.7522303630263731,0.752468095352757,157990000,1
1295017920000,1295017979000,0.752451109489161,0.752451109489161,0.7522473389250386,0.7524171400624506,148720000,1
1295017980000,1295018039000,0.7524171400624506,0.7525813540443722,0.7524171400624506,0.7525756903000519,116680000,1
1295018040000,1295018099000,0.7525870178739417,0.7527286413248024,0.7525473728571214,0.7526323315797,130160000,1
1295018100000,1295018159000,0.752637996176599,0.7527343073715271,0.7522133878938777,0.7523435501587444,159760000,1
1295018160000,1295018219000,0.7523492104095036,0.7523775129408932,0.7519758164577427,0.752038023042445,116000000,1
1295018220000,1295018279000,0.7520606461705072,0.7520889269947278,0.7515463065256767,0.7517044899309183,127620000,1
1295018280000,1295018339000,0.7516931889080153,0.7518175188518244,0.7515745486794835,0.751794910348457,70150000,1
1295018340000,1295018399000,0.7517779548632516,0.7519531984329295,0.7515406583496167,0.7516649378373097,141360000,1
1295018400000,1295018459000,0.7516649378373097,0.7519927808693037,0.7516027929559786,0.7518853525214475,133760000,1
1295018460000,1295018519000,0.7518627399381969,0.7519588528115742,0.7517779548632516,0.7517779548632516,143230000,1
1295018520000,1295018579000,0.7518005623468206,0.7521002399199765,0.7517779548632516,0.7521002399199765,69990000,1
1295018580000,1295018639000,0.7520606461705072,0.7520606461705072,0.7517157912936278,0.751794910348457,127200000,1
1295018640000,1295018699000,0.7517836066066743,0.7519475441393209,0.751732743974862,0.751794910348457,124330000,1
1295018700000,1295018759000,0.7517723032048054,0.7519871259804033,0.7517723032048054,0.7518796992481203,133040000,1
1295018760000,1295018819000,0.7518514341566107,0.7519192739467491,0.7517157912936278,0.7517666516313336,62280000,1
1295018820000,1295018879000,0.751794910348457,0.7519362358072035,0.7517044899309183,0.7519362358072035,74940000,1
1295018880000,1295018939000,0.7519531984329295,0.752032367473096,0.7518570870049022,0.7519079664649048,81430000,1
1295018940000,1295018999000,0.7519475441393209,0.752179439927189,0.7518796992481203,0.752038023042445,133780000,1
1295019000000,1295019059000,0.7520493344363389,0.7520606461705072,0.7519249278152069,0.7519645072752567,100710000,1
1295019060000,1295019119000,0.7519814711765502,0.7521624670928921,0.7518910058797877,0.7521341807378437,121320000,1
1295019120000,1295019179000,0.7521454950245575,0.7521681246192149,0.7519362358072035,0.7520889269947278,107220000,1
1295019180000,1295019239000,0.7520832706597275,0.7522812930210864,0.7519927808693037,0.7522812930210864,122930000,1
1295019240000,1295019299000,0.7522869523350987,0.7524907443638442,0.752190755575614,0.7522473389250386,136570000,1
1295019300000,1295019359000,0.7522473389250386,0.7524794196878716,0.7521681246192149,0.7524397860061248,80160000,1
1295019360000,1295019419000,0.7524397860061248,0.7524397860061248,0.752258656616491,0.7524228014205743,90730000,1
1295019420000,1295019479000,0.752394495481871,0.752468095352757,0.7522926117342602,0.752366191672811,79030000,1
1295019480000,1295019539000,0.752366191672811,0.7525813540443722,0.752309590442659,0.7525077320169465,122120000,1
1295019540000,1295019599000,0.7525077320169465,0.7525190575451324,0.7521737822306466,0.7524794196878716,111020000,1
1295019600000,1295019659000,0.7525077320169465,0.7527513060235159,0.752468095352757,0.7527059779908771,90030000,1
1295019660000,1295019719000,0.752717309487249,0.7531084551486259,0.7526549904789144,0.753097111872576,121290000,1
1295019720000,1295019779000,0.7530233889064595,0.7530517421852055,0.7528646499932242,0.7528646499932242,98750000,1
1295019780000,1295019839000,0.7528419784687194,0.7529156659162607,0.7526946468356718,0.7528249757213945,124890000,1
1295019840000,1295019899000,0.7528193083096195,0.7529950377627012,0.752717309487249,0.7529723583847237,134670000,1
1295019900000,1295019959000,0.7529950377627012,0.7533467429053571,0.7529723583847237,0.7533126925655571,107390000,1
1295019960000,1295020019000,0.7533070178081779,0.753704457408161,0.7532843196336025,0.753704457408161,143840000,1
1295020020000,1295020079000,0.753715818987609,0.7539317540976191,0.753693096171239,0.7538635506973238,125230000,1
1295020080000,1295020139000,0.7538692338426977,0.7539203860072377,0.7537669503342956,0.7538635506973238,93220000,1
1295020140000,1295020199000,0.7538749170737591,0.7541250641006304,0.7538749170737591,0.7540511397482977,115160000,1
1295020200000,1295020259000,0.7540852568791429,0.75431847325941,0.7540852568791429,0.7542046911531789,87700000,1
1295020260000,1295020319000,0.7542103794432419,0.7543070935039073,0.75402839670942,0.7540568257223864,113510000,1
1295020320000,1295020379000,0.7540568257223864,0.75435830510776,0.7540568257223864,0.7542160678191089,100340000,1
1295020380000,1295020439000,0.7542217562807816,0.7543014037549124,0.7539317540976191,0.7541535004034722,156050000,1
1295020440000,1295020499000,0.7541933148304574,0.7547568550791363,0.7541933148304574,0.7545347538707633,153300000,1
1295020500000,1295020559000,0.754517674576527,0.7546201619414867,0.75439245004036,0.7544949033869276,121380000,1
1295020560000,1295020619000,0.7545062888099172,0.7549334903594994,0.7544265980641414,0.7546828068162952,166260000,1
1295020620000,1295020679000,0.7546258565003472,0.7546714160654451,0.7542843350229302,0.7543696864085214,169170000,1
1295020680000,1295020739000,0.7543639957152125,0.7547397657287768,0.7543241632659219,0.7547169811320755,107040000,1
1295020740000,1295020799000,0.754699893587315,0.7550189887275665,0.7545689147789867,0.7550189887275665,183610000,1
1295020800000,1295020859000,0.7549790870792878,0.7550132882338728,0.7546714160654451,0.7547739452034116,183470000,1
1295020860000,1295020919000,0.7547739452034116,0.7552984184051119,0.7546600256584409,0.7552299675251114,152520000,1
1295020920000,1295020979000,0.7552299675251114,0.7553554702843158,0.7551045064636946,0.7553554702843158,137750000,1
1295020980000,1295021039000,0.7553839994561234,0.7555038455145736,0.7551957467375544,0.7554296506137866,148550000,1
1295021040000,1295021099000,0.7554296506137866,0.7556066009792661,0.7554296506137866,0.7554924299658518,139830000,1
1295021100000,1295021159000,0.7554981376970905,0.7557950586119068,0.7554581853894387,0.7555038455145736,142430000,1
1295021160000,1295021219000,0.7555038455145736,0.7557208065052448,0.7553897055490928,0.7556522790472735,159680000,1
1295021220000,1295021279000,0.7556694097466241,0.7557893463933733,0.755481014762099,0.7555495111594663,148690000,1
1295021280000,1295021339000,0.7555495111594663,0.7555837640160789,0.7551501238446202,0.7551501238446202,92140000,1
1295021340000,1295021399000,0.7551444213705871,0.7551444213705871,0.7549733871881017,0.7550132882338728,133440000,1
1295021400000,1295021459000,0.7550018875047187,0.7551558264047786,0.75496768738298,0.7551558264047786,121510000,1
1295021460000,1295021519000,0.755161529051064,0.7555609284332688,0.755161529051064,0.7554182373070851,114880000,1
1295021520000,1295021579000,0.7554239439173264,0.7554753072895813,0.7548878991469766,0.7548878991469766,144960000,1
1295021580000,1295021639000,0.7549334903594994,0.7551786375067022,0.7548822006325913,0.7551786375067022,94870000,1
1295021640000,1295021699000,0.7551558264047786,0.7553782934493595,0.7550931029795973,0.7553212381225736,92110000,1
1295021700000,1295021759000,0.7553212381225736,0.7555323858957215,0.7552242638451488,0.7554296506137866,96810000,1
1295021760000,1295021819000,0.7554068243452511,0.7554296506137866,0.7552071533221563,0.7552584872172501,124610000,1
1295021820000,1295021879000,0.7552584872172501,0.755366881694439,0.7551729346020238,0.755366881694439,69080000,1
1295021880000,1295021939000,0.7553897055490928,0.755452478261855,0.7552584872172501,0.7552756000664642,116000000,1
1295021940000,1295021999000,0.7552584872172501,0.7555266776469878,0.755201449986784,0.7554296506137866,92490000,1
1295022000000,1295022059000,0.7554068243452511,0.7554182373070851,0.7551558264047786,0.7552128567436732,110060000,1
1295022060000,1295022119000,0.7552356712912265,0.7552756000664642,0.755161529051064,0.7552185602513367,65310000,1
1295022120000,1295022179000,0.7552071533221563,0.7554182373070851,0.7551159102922298,0.7553897055490928,116260000,1
1295022180000,1295022239000,0.7553897055490928,0.7555266776469878,0.7553497647085483,0.7554867223208552,106110000,1
1295022240000,1295022299000,0.7554867223208552,0.7555152614082804,0.7551558264047786,0.7552128567436732,80320000,1
1295022300000,1295022359000,0.7552128567436732,0.7554353573964676,0.7551558264047786,0.755366881694439,103610000,1
1295022360000,1295022419000,0.755366881694439,0.7556522790472735,0.7553155330639375,0.7556351491245966,88990000,1
1295022420000,1295022479000,0.7556808306443691,0.7558693253110402,0.7556123104357616,0.7558578987150416,113390000,1
1295022480000,1295022539000,0.7558578987150416,0.7558578987150416,0.755538094230711,0.7557550748953279,140300000,1
1295022540000,1295022599000,0.7557379403118175,0.7557950586119068,0.7556979626382927,0.7557036734755568,67800000,1
1295022600000,1295022659000,0.755732228956636,0.7560236181778318,0.7556808306443691,0.7559778952063442,102820000,1
1295022660000,1295022719000,0.7560121869164531,0.7561436672967864,0.7558636119698561,0.7560293339381569,97400000,1
1295022720000,1295022779000,0.7560521978437391,0.7561093636583596,0.7559493211575096,0.755966465327598,97740000,1
1295022780000,1295022839000,0.7559721802237678,0.7565727255532438,0.7559607505178331,0.7565269361415613,123180000,1
1295022840000,1295022899000,0.7565383829748603,0.7568418503269557,0.7565383829748603,0.7567101270516303,133350000,1
1295022900000,1295022959000,0.7567616654810734,0.7567616654810734,0.756418208499115,0.7564639847496861,99350000,1
1295022960000,1295023019000,0.75642965204236,0.7566757719984565,0.756418208499115,0.756509766541086,116330000,1
1295023020000,1295023079000,0.7564868749527195,0.7567044009927961,0.7563781588242858,0.756618520508145,123840000,1
1295023080000,1295023139000,0.7566528703626637,0.7568647634040749,0.7565383829748603,0.7568418503269557,164560000,1
1295023140000,1295023199000,0.7568762204629055,0.7573061107030072,0.7566757719984565,0.7573061107030072,156430000,1
1295023200000,1295023259000,0.75732905189976,0.7575011551892616,0.7570939705036189,0.7574208305876828,122380000,1
1295023260000,1295023319000,0.7574265674942814,0.7576274139903478,0.7573749384632863,0.7575470626112648,119040000,1
1295023320000,1295023379000,0.7575355852341163,0.7576790774499553,0.7574896792031209,0.7575585403362045,88890000,1
1295023380000,1295023439000,0.7575585403362045,0.7575987151125791,0.7573003756209863,0.7573634663011125,138260000,1
1295023440000,1295023499000,0.7573806746747049,0.7575126315231308,0.7573233164702674,0.7574323044877864,88460000,1
1295023500000,1295023559000,0.7574150937679887,0.7575011551892616,0.7573519944864775,0.7574265674942814,83330000,1
1295023560000,1295023619000,0.7574265674942814,0.7577307479560212,0.7574265674942814,0.7576044547141938,161170000,1
1295023620000,1295023679000,0.7576675960722512,0.7582248439952384,0.757610194402776,0.7581673578625746,151240000,1
1295023680000,1295023739000,0.7581903512695898,0.7581903512695898,0.7578685704325155,0.7580639047871736,144100000,1
1295023740000,1295023799000,0.7580696514395743,0.7581213752321746,0.7579317558247055,0.7579777154551657,137220000,1
1295023800000,1295023859000,0.7579892062337032,0.7580983860085362,0.7578972897592918,0.7580121888359965,88590000,1
1295023860000,1295023919000,0.7580121888359965,0.7580294267023446,0.7577537148875872,0.7579145224001638,120240000,1
1295023920000,1295023979000,0.7579260112627805,0.758075398179103,0.7577537148875872,0.7580409190488102,147840000,1
1295023980000,1295024039000,0.7580639047871736,0.7581788543917509,0.7577479730241721,0.7577651988754766,127020000,1
1295024040000,1295024099000,0.7577537148875872,0.7581041331837342,0.7577537148875872,0.7580466653527191,80570000,1
1295024100000,1295024159000,0.7580466653527191,0.7580983860085362,0.7577364895583911,0.757799652927759,98340000,1
1295024160000,1295024219000,0.7578455965381613,0.7579662250250129,0.7577824255099876,0.7578800579020365,93950000,1
1295024220000,1295024279000,0.7579432452097986,0.7579432452097986,0.7574782035646924,0.7575642793291011,103420000,1
1295024280000,1295024339000,0.7575814968295215,0.7579604799405759,0.7575814968295215,0.7578283670314346,104370000,1
1295024340000,1295024399000,0.7578398532822045,0.7578915457198074,0.7574437787355234,0.7576446343606995,143580000,1
1295024400000,1295024459000,0.7576618555138842,0.7578111383081109,0.7575929755979302,0.7576733367176075,136180000,1
1295024460000,1295024519000,0.7576848182692963,0.7578513398811689,0.757621674040851,0.757621674040851,107890000,1
1295024520000,1295024579000,0.7576446343606995,0.7577651988754766,0.7575126315231308,0.7575183698204682,82300000,1
1295024580000,1295024639000,0.7575413238792176,0.7576446343606995,0.7575355852341163,0.7576446343606995,55030000,1
1295024640000,1295024699000,0.7576446343606995,0.7576733367176075,0.7573462587094819,0.7573692023387562,74180000,1
1295024700000,1295024759000,0.7573806746747049,0.7574896792031209,0.7572372954512756,0.75732905189976,80930000,1
1295024760000,1295024819000,0.75732905189976,0.7575011551892616,0.7572831708960931,0.7574839413404436,80330000,1
1295024820000,1295024879000,0.7574609907589759,0.7575757575757576,0.7574609907589759,0.7575700184089516,36420000,1
1295024880000,1295024939000,0.7575470626112648,0.7575470626112648,0.7574093570351969,0.7574609907589759,56540000,1
1295024940000,1295024999000,0.7574495159897593,0.7575011551892616,0.7574437787355234,0.7574724658758655,51040000,1
1295025000000,1295025059000,0.7574724658758655,0.7576561150425045,0.7574150937679887,0.7575011551892616,127310000,1
1295025060000,1295025119000,0.7575241082047436,0.7575355852341163,0.7573978838303125,0.7574896792031209,52830000,1
1295025120000,1295025179000,0.7574724658758655,0.7575642793291011,0.7574380415681997,0.7575068933127291,88220000,1
1295025180000,1295025239000,0.7574265674942814,0.7574495159897593,0.756990810131565,0.7571054345028088,163690000,1
1295025240000,1295025299000,0.7570939705036189,0.7571627597068267,0.7567273057481007,0.7567559386422285,83670000,1
1295025300000,1295025359000,0.7567731194187983,0.7567731194187983,0.7561836921424953,0.756418208499115,123920000,1
1295025360000,1295025419000,0.756418208499115,0.7564410959318598,0.7563209523593433,0.7564239302274567,80720000,1
1295025420000,1295025479000,0.7564525401676299,0.756509766541086,0.7563781588242858,0.7563781588242858,87780000,1
1295025480000,1295025539000,0.7563896011557633,0.7567616654810734,0.7563896011557633,0.7567502118900593,139450000,1
1295025540000,1295025599000,0.7567502118900593,0.7567788465176821,0.7567044009927961,0.7567330321535866,57540000,1
1295025600000,1295025659000,0.7567387586457403,0.7567731194187983,0.756509766541086,0.756509766541086,46130000,1
1295025660000,1295025719000,0.7565154896546507,0.7565154896546507,0.7562866326337683,0.7564410959318598,85670000,1
1295025720000,1295025779000,0.7564410959318598,0.7566757719984565,0.7563724377883669,0.7566757719984565,44130000,1
1295025780000,1295025839000,0.7566757719984565,0.7566757719984565,0.75644681800646,0.7565040435141125,97860000,1
1295025840000,1295025899000,0.7564925977199313,0.7564925977199313,0.7563266726164365,0.7563896011557633,93990000,1
1295025900000,1295025959000,0.7563953224513259,0.756555553874321,0.7563609959761596,0.7565040435141125,72940000,1
1295025960000,1295026019000,0.7565154896546507,0.7571627597068267,0.7564811522720912,0.7568590350047304,168420000,1
1295026020000,1295026079000,0.7568246664295283,0.7571856922191598,0.7568246664295283,0.7570939705036189,162070000,1
1295026080000,1295026139000,0.7570882386342128,0.757128363542755,0.7568475784661727,0.7568762204629055,140900000,1
1295026140000,1295026199000,0.7568303943086355,0.7571627597068267,0.7568303943086355,0.757099702459817,131910000,1
1295026200000,1295026259000,0.757099702459817,0.757225827458523,0.7569850798240767,0.7571512939715613,126770000,1
1295026260000,1295026319000,0.7572028925150494,0.7572028925150494,0.757002271006813,0.7570080015745766,124290000,1
1295026320000,1295026379000,0.757002271006813,0.7570080015745766,0.7568704918901328,0.7568876778686043,84490000,1
1295026380000,1295026439000,0.7569277815203652,0.7569965405258098,0.7568246664295283,0.7569506998009219,101880000,1
1295026440000,1295026499000,0.7569564295879129,0.7570939705036189,0.7568762204629055,0.7569793496033428,98940000,1
1295026500000,1295026559000,0.7569793496033428,0.7570538492402964,0.7569506998009219,0.757019462970393,87160000,1
1295026560000,1295026619000,0.7569965405258098,0.7570710435467264,0.7569277815203652,0.7570080015745766,97380000,1
1295026620000,1295026679000,0.7570251937984497,0.7570595805889924,0.7568533066920968,0.7568533066920968,118520000,1
1295026680000,1295026739000,0.7568647634040749,0.7572430295779127,0.7568647634040749,0.7572430295779127,95880000,1
1295026740000,1295026799000,0.7572372954512756,0.7573462587094819,0.7572372954512756,0.7573462587094819,46870000,1
1295026800000,1295026859000,0.7573347874161253,0.7575298466759591,0.7573347874161253,0.7574495159897593,66620000,1
1295026860000,1295026919000,0.7574896792031209,0.7575814968295215,0.7574896792031209,0.7575585403362045,40990000,1
1295026920000,1295026979000,0.7575642793291011,0.7576618555138842,0.7574896792031209,0.7574896792031209,54540000,1
1295026980000,1295027039000,0.7575068933127291,0.7575126315231308,0.7573118458718932,0.7574150937679887,53370000,1
1295027040000,1295027099000,0.7574208305876828,0.7575700184089516,0.7574036203893054,0.7575470626112648,54550000,1
1295027100000,1295027159000,0.7575585403362045,0.7575642793291011,0.7573347874161253,0.7574437787355234,71100000,1
1295027160000,1295027219000,0.7574437787355234,0.7574437787355234,0.75732905189976,0.7574093570351969,62810000,1
1295027220000,1295027279000,0.7574265674942814,0.7575929755979302,0.7573749384632863,0.7575585403362045,57040000,1
1295027280000,1295027339000,0.7575700184089516,0.7575814968295215,0.7574150937679887,0.7574782035646924,53790000,1
1295027340000,1295027399000,0.7574782035646924,0.7575183698204682,0.7574036203893054,0.7574093570351969,48010000,1
1295027400000,1295027459000,0.7574265674942814,0.7574724658758655,0.7573806746747049,0.7574724658758655,29560000,1
1295027460000,1295027519000,0.7574552533309095,0.7576274139903478,0.7574265674942814,0.7574954171527262,89310000,1
1295027520000,1295027579000,0.7575011551892616,0.7575241082047436,0.7573061107030072,0.7575183698204682,82670000,1
1295027580000,1295027639000,0.7575183698204682,0.7577422312477742,0.7574724658758655,0.7577422312477742,44790000,1
1295027640000,1295027699000,0.7577422312477742,0.7577422312477742,0.7574609907589759,0.7574609907589759,75910000,1
1295027700000,1295027759000,0.7574323044877864,0.7574782035646924,0.7572315614114796,0.7572659669529131,76850000,1
1295027760000,1295027819000,0.7572430295779127,0.7573061107030072,0.7570309247132745,0.7570767751557685,72310000,1
1295027820000,1295027879000,0.7571168988491823,0.7572717015137861,0.7571168988491823,0.7572200935924036,48680000,1
1295027880000,1295027939000,0.7572200935924036,0.7574036203893054,0.7571914255642969,0.7572831708960931,52770000,1
1295027940000,1295027999000,0.7572831708960931,0.7574265674942814,0.7571856922191598,0.7574265674942814,63440000,1
1295028000000,1295028059000,0.7574036203893054,0.757610194402776,0.7571856922191598,0.7571856922191598,143000000,1
1295028060000,1295028119000,0.7571971589962595,0.7572315614114796,0.7571742257893541,0.7572200935924036,64060000,1
1295028120000,1295028179000,0.7572544980917187,0.7573577303503536,0.757248763791393,0.7573577303503536,35190000,1
1295028180000,1295028239000,0.7573347874161253,0.7573978838303125,0.7573347874161253,0.7573806746747049,13500000,1
1295028240000,1295028299000,0.7573692023387562,0.7573806746747049,0.7572086261206687,0.7573519944864775,82770000,1
1295028300000,1295028359000,0.7573634663011125,0.7574380415681997,0.7573577303503536,0.7574036203893054,51310000,1
1295028360000,1295028419000,0.7574495159897593,0.7575929755979302,0.7573978838303125,0.7575929755979302,65500000,1
1295028420000,1295028479000,0.7575929755979302,0.7576561150425045,0.7575642793291011,0.7576561150425045,56480000,1
1295028480000,1295028539000,0.7576561150425045,0.7576618555138842,0.7575642793291011,0.7575642793291011,30380000,1
1295028540000,1295028599000,0.7575642793291011,0.7576790774499553,0.7575470626112648,0.7575987151125791,45390000,1
1295028600000,1295028659000,0.7575814968295215,0.757621674040851,0.7575470626112648,0.7575470626112648,37880000,1
1295028660000,1295028719000,0.7575929755979302,0.7576274139903478,0.7574495159897593,0.7576274139903478,46890000,1
1295028720000,1295028779000,0.7576274139903478,0.757822624036618,0.757610194402776,0.757822624036618,39700000,1
1295028780000,1295028839000,0.7578341101132962,0.7579892062337032,0.7577422312477742,0.757920266787934,110260000,1
1295028840000,1295028899000,0.7578915457198074,0.7578915457198074,0.7577307479560212,0.7577307479560212,29940000,1
1295028900000,1295028959000,0.7577479730241721,0.7577824255099876,0.7576963001689663,0.7576963001689663,21900000,1
1295028960000,1295029019000,0.7576963001689663,0.7577422312477742,0.7575700184089516,0.7576044547141938,57400000,1
1295029020000,1295029079000,0.7576044547141938,0.7576446343606995,0.7575126315231308,0.7576044547141938,37680000,1
1295029080000,1295029139000,0.7576044547141938,0.7576675960722512,0.757587236170245,0.7576561150425045,36760000,1
1295029140000,1295029199000,0.7576561150425045,0.7576733367176075,0.7574667282739606,0.7574667282739606,45840000,1
1295029200000,1295029259000,0.7574495159897593,0.7574495159897593,0.7573118458718932,0.7574380415681997,52830000,1
1295029260000,1295029319000,0.7574437787355234,0.757621674040851,0.7574437787355234,0.7576159341783276,33530000,1
1295029320000,1295029379000,0.7576446343606995,0.7576446343606995,0.7575068933127291,0.757587236170245,36850000,1
1295029380000,1295029439000,0.7576044547141938,0.757610194402776,0.7573692023387562,0.7573978838303125,55280000,1
1295029440000,1295029499000,0.7573864109730143,0.7573864109730143,0.7572315614114796,0.7572315614114796,39540000,1
1295029500000,1295029559000,0.7572372954512756,0.7572946406258283,0.7572086261206687,0.7572831708960931,48180000,1
1295029560000,1295029619000,0.7572946406258283,0.7573577303503536,0.7571054345028088,0.7572602324788914,114780000,1
1295029620000,1295029679000,0.7571684927046816,0.7571684927046816,0.7568991356211872,0.7570767751557685,76670000,1
1295029680000,1295029739000,0.7570595805889924,0.7570595805889924,0.7569163229005034,0.7570251937984497,37350000,1
1295029740000,1295029799000,0.7569965405258098,0.7570653120244684,0.7569392404871661,0.7570653120244684,38040000,1
1295029800000,1295029859000,0.7570653120244684,0.7571684927046816,0.7570251937984497,0.7571684927046816,35050000,1
1295029860000,1295029919000,0.7571684927046816,0.7571684927046816,0.756990810131565,0.757019462970393,70400000,1
1295029920000,1295029979000,0.757019462970393,0.7571226311525678,0.7569965405258098,0.757099702459817,43890000,1
1295029980000,1295030039000,0.757099702459817,0.7572602324788914,0.757099702459817,0.7572430295779127,41260000,1
1295030040000,1295030099000,0.7572430295779127,0.7574609907589759,0.7572430295779127,0.7572774361615122,46060000,1
1295030100000,1295030159000,0.7572717015137861,0.7573749384632863,0.7572659669529131,0.7573519944864775,30530000,1
1295030160000,1295030219000,0.75732905189976,0.75732905189976,0.7572372954512756,0.7572659669529131,44630000,1
1295030220000,1295030279000,0.7572717015137861,0.7572946406258283,0.7571742257893541,0.7572028925150494,39380000,1
1295030280000,1295030339000,0.7572143598131195,0.7573692023387562,0.7571742257893541,0.7572717015137861,90460000,1
1295030340000,1295030399000,0.7572430295779127,0.7573577303503536,0.7572430295779127,0.7573061107030072,49500000,1
1295030400000,1295030459000,0.7573692023387562,0.7574150937679887,0.7572086261206687,0.7574150937679887,73890000,1
1295030460000,1295030519000,0.7574150937679887,0.7574150937679887,0.7572774361615122,0.7572946406258283,69240000,1
1295030520000,1295030579000,0.7573003756209863,0.7573003756209863,0.7571856922191598,0.7572430295779127,32970000,1
1295030580000,1295030639000,0.7572315614114796,0.7572430295779127,0.7572200935924036,0.757225827458523,14250000,1
1295030640000,1295030699000,0.7572143598131195,0.7573347874161253,0.7571512939715613,0.7572143598131195,52140000,1
1295030700000,1295030759000,0.7572143598131195,0.7572143598131195,0.7571512939715613,0.7571512939715613,30250000,1
1295030760000,1295030819000,0.7571398285835429,0.7573233164702674,0.7570939705036189,0.7573233164702674,42650000,1
1295030820000,1295030879000,0.75732905189976,0.7573634663011125,0.7572717015137861,0.7573233164702674,31860000,1
1295030880000,1295030939000,0.7573692023387562,0.7574323044877864,0.7573233164702674,0.7573519944864775,50610000,1
1295030940000,1295030999000,0.7573692023387562,0.7574150937679887,0.7573462587094819,0.7574093570351969,18580000,1
1295031000000,1295031059000,0.7573921473582163,0.7574036203893054,0.7573921473582163,0.7574036203893054,3000000,1
1295031060000,1295031119000,0.7574036203893054,0.7574265674942814,0.7573921473582163,0.7573921473582163,12380000,1
1295031120000,1295031179000,0.7574036203893054,0.7574150937679887,0.7573462587094819,0.7573806746747049,37540000,1
1295031180000,1295031239000,0.7574208305876828,0.7575183698204682,0.7573462587094819,0.7575183698204682,53270000,1
1295031240000,1295031299000,0.7575298466759591,0.7575470626112648,0.7574150937679887,0.7574437787355234,45390000,1
1295031300000,1295031359000,0.7574437787355234,0.7575642793291011,0.7572086261206687,0.7572143598131195,80250000,1
1295031360000,1295031419000,0.7572372954512756,0.7573634663011125,0.757019462970393,0.757248763791393,128160000,1
1295031420000,1295031479000,0.757248763791393,0.7572774361615122,0.7571054345028088,0.7571799589608462,83510000,1
1295031480000,1295031539000,0.7571627597068267,0.757248763791393,0.7570595805889924,0.7571914255642969,93320000,1
1295031540000,1295031599000,0.757248763791393,0.7573347874161253,0.7571856922191598,0.7572372954512756,85480000,1
1295031600000,1295031659000,0.7572372954512756,0.75732905189976,0.7572086261206687,0.7572143598131195,47910000,1
1295031660000,1295031719000,0.7571856922191598,0.7572544980917187,0.7571455612341472,0.7571742257893541,69390000,1
1295031720000,1295031779000,0.7572086261206687,0.7572831708960931,0.7571512939715613,0.7571570267957872,37100000,1
1295031780000,1295031839000,0.7571512939715613,0.757248763791393,0.7571168988491823,0.757248763791393,48080000,1
1295031840000,1295031899000,0.7572430295779127,0.7572430295779127,0.7570653120244684,0.7570825068515967,46140000,1
1295031900000,1295031959000,0.7570595805889924,0.757099702459817,0.757019462970393,0.757019462970393,42270000,1
1295031960000,1295032019000,0.757019462970393,0.7570481179783787,0.7567044009927961,0.7567044009927961,87250000,1
1295032020000,1295032079000,0.756687223336234,0.7567273057481007,0.7565727255532438,0.7566929491351,43790000,1
1295032080000,1295032139000,0.756687223336234,0.756687223336234,0.7564639847496861,0.7564697071705764,51990000,1
1295032140000,1295032199000,0.7564868749527195,0.7564868749527195,0.7563495545101123,0.7563896011557633,57950000,1
1295032200000,1295032259000,0.7563896011557633,0.7563896011557633,0.7562694739389539,0.7563037921072137,52680000,1
1295032260000,1295032319000,0.7563609959761596,0.7564239302274567,0.7563495545101123,0.7564067653021088,25200000,1
1295032320000,1295032379000,0.7563781588242858,0.7564639847496861,0.7563552751998669,0.7564410959318598,39210000,1
1295032380000,1295032439000,0.7564239302274567,0.756475429678044,0.75633811339021,0.75633811339021,27240000,1
1295032440000,1295032499000,0.7563266726164365,0.7563667168389923,0.7563095121047336,0.7563095121047336,12610000,1
1295032500000,1295032559000,0.7563037921072137,0.7563838799467506,0.7562122839123399,0.7562351588850068,62480000,1
1295032560000,1295032619000,0.7562523160227178,0.7562523160227178,0.7558978933125714,0.755955035794471,58530000,1
1295032620000,1295032679000,0.7559207492686467,0.7561493848724754,0.7559207492686467,0.7561493848724754,115290000,1
1295032680000,1295032739000,0.7561894103234978,0.7563037921072137,0.7561379498075629,0.7562866326337683,35580000,1
1295032740000,1295032799000,0.7562580352416244,0.7562923523717328,0.7562294400120997,0.7562523160227178,14630000,1
1295032800000,1295032859000,0.756240877844411,0.7564353739438271,0.756240877844411,0.7563838799467506,26350000,1
1295032860000,1295032919000,0.7564010438334405,0.7564811522720912,0.7563896011557633,0.75644681800646,17640000,1
1295032920000,1295032979000,0.75644681800646,0.75644681800646,0.756332392960058,0.7563609959761596,29250000,1
1295032980000,1295033039000,0.7563609959761596,0.7564925977199313,0.7563609959761596,0.7564697071705764,24390000,1
1295033040000,1295033099000,0.7564983205737283,0.7565612776806858,0.7564697071705764,0.7565212128548086,22500000,1
1295033100000,1295033159000,0.7565326595149112,0.756618520508145,0.7565326595149112,0.7565898980116817,19500000,1
1295033160000,1295033219000,0.7566070712496878,0.7566242452673153,0.7563896011557633,0.7564697071705764,47560000,1
1295033220000,1295033279000,0.756475429678044,0.756475429678044,0.7564639847496861,0.7564697071705764,10060000,1
1295033280000,1295033339000,0.7564925977199313,0.7565612776806858,0.756475429678044,0.7565612776806858,39540000,1
1295033340000,1295033399000,0.7565784496194411,0.7565784496194411,0.7564010438334405,0.7564010438334405,67050000,1
1295033400000,1295033459000,0.756412486857333,0.7564697071705764,0.756332392960058,0.7563609959761596,35700000,1
1295033460000,1295033519000,0.7563667168389923,0.7564239302274567,0.7560979298038681,0.7561265150885046,44210000,1
1295033520000,1295033579000,0.7561265150885046,0.7562122839123399,0.7560807796704999,0.7561779740479719,78850000,1
1295033580000,1295033639000,0.7561894103234978,0.7563552751998669,0.7561894103234978,0.7563438339068941,33860000,1
1295033640000,1295033699000,0.7563609959761596,0.7564239302274567,0.7562580352416244,0.7562751934173807,40750000,1
1295033700000,1295033759000,0.756332392960058,0.7563953224513259,0.7563037921072137,0.7563037921072137,42760000,1
1295033760000,1295033819000,0.7563037921072137,0.7564811522720912,0.7563037921072137,0.756475429678044,42000000,1
1295033820000,1295033879000,0.756475429678044,0.756475429678044,0.7562008469449486,0.7562180025257681,45040000,1
1295033880000,1295033939000,0.7562351588850068,0.7562751934173807,0.7562180025257681,0.7562294400120997,23870000,1
1295033940000,1295033999000,0.7562180025257681,0.7562294400120997,0.7561836921424953,0.7561836921424953,12620000,1
1295034000000,1295034059000,0.7562122839123399,0.7562122839123399,0.7559607505178331,0.7559607505178331,52610000,1
1295034060000,1295034119000,0.7559778952063442,0.7560864962951762,0.7559778952063442,0.7559778952063442,39690000,1
1295034120000,1295034179000,0.7559721802237678,0.755989325430725,0.7558978933125714,0.7559378921427816,28370000,1
1295034180000,1295034239000,0.7559493211575096,0.7560922130062983,0.7559493211575096,0.7560693466804775,61060000,1
1295034240000,1295034299000,0.7560807796704999,0.756172256039926,0.7560407657180874,0.7560407657180874,46970000,1
1295034300000,1295034359000,0.7560464817376972,0.7561093636583596,0.7560464817376972,0.7560693466804775,22140000,1
1295034360000,1295034419000,0.7560807796704999,0.7560807796704999,0.7560121869164531,0.7560693466804775,16510000,1
1295034420000,1295034479000,0.7560693466804775,0.7560693466804775,0.7560693466804775,0.7560693466804775,9000000,1
1295034480000,1295034539000,0.7560121869164531,0.7560464817376972,0.7559836102753292,0.7560464817376972,45830000,1
1295034540000,1295034599000,0.7560636303151272,0.7562180025257681,0.7560636303151272,0.7562180025257681,56500000,1
1295034600000,1295034659000,0.7562180025257681,0.7562180025257681,0.7559950406725332,0.7560693466804775,56940000,1
1295034660000,1295034719000,0.7560922130062983,0.756132232404803,0.7560750631322678,0.7561093636583596,33400000,1
1295034720000,1295034779000,0.7561093636583596,0.7562237212256874,0.7561093636583596,0.756172256039926,30740000,1
1295034780000,1295034839000,0.7561894103234978,0.756240877844411,0.7561894103234978,0.7562180025257681,12000000,1
1295034840000,1295034899000,0.7562180025257681,0.7562180025257681,0.7561665381183552,0.7561779740479719,18150000,1
1295034900000,1295034959000,0.7561894103234978,0.7563152321887763,0.7561894103234978,0.7562923523717328,26610000,1
1295034960000,1295035019000,0.7562923523717328,0.7562923523717328,0.7561836921424953,0.7561894103234978,26030000,1
1295035020000,1295035079000,0.7562008469449486,0.7563266726164365,0.7562008469449486,0.756240877844411,48300000,1
1295035080000,1295035139000,0.7562694739389539,0.7563667168389923,0.7562523160227178,0.7563095121047336,49110000,1
1295035140000,1295035199000,0.756240877844411,0.7565727255532438,0.756240877844411,0.7565670015736593,101430000,1
1295035200000,1295035259000,0.7566013467503971,0.7566757719984565,0.7564525401676299,0.756509766541086,45990000,1
1295035260000,1295035319000,0.7564983205737283,0.7564983205737283,0.7563552751998669,0.7563724377883669,80830000,1
1295035320000,1295035379000,0.7563724377883669,0.7563953224513259,0.7562637545470359,0.7563495545101123,59760000,1
1295035380000,1295035439000,0.7563667168389923,0.7563667168389923,0.756246596890314,0.756246596890314,34500000,1
1295035440000,1295035499000,0.7562694739389539,0.7563609959761596,0.7562580352416244,0.7563438339068941,43510000,1
1295035500000,1295035559000,0.7563438339068941,0.7563438339068941,0.7562180025257681,0.7562580352416244,41600000,1
1295035560000,1295035619000,0.7562809129823181,0.7563438339068941,0.7562809129823181,0.7563266726164365,14630000,1
1295035620000,1295035679000,0.7563266726164365,0.7563266726164365,0.7562294400120997,0.756240877844411,20630000,1
1295035680000,1295035739000,0.7562180025257681,0.7563781588242858,0.7562180025257681,0.7563781588242858,26260000,1
1295035740000,1295035799000,0.7563781588242858,0.7565154896546507,0.7563438339068941,0.7565154896546507,56640000,1
1295035800000,1295035859000,0.7565154896546507,0.7565154896546507,0.7564525401676299,0.7564639847496861,15380000,1
1295035860000,1295035919000,0.756475429678044,0.756475429678044,0.7563552751998669,0.7563552751998669,18000000,1
1295035920000,1295035979000,0.7563667168389923,0.7565212128548086,0.7563667168389923,0.756509766541086,38220000,1
1295035980000,1295036039000,0.7564983205737283,0.756509766541086,0.7563037921072137,0.7563552751998669,49320000,1
1295036040000,1295036099000,0.7563609959761596,0.7563781588242858,0.7562580352416244,0.7562923523717328,56220000,1
1295036100000,1295036159000,0.7562866326337683,0.7563552751998669,0.7561779740479719,0.75633811339021,69500000,1
1295036160000,1295036219000,0.7563781588242858,0.7565727255532438,0.7563609959761596,0.7565727255532438,62260000,1
1295036220000,1295036279000,0.7565498301545631,0.756555553874321,0.7562637545470359,0.7562637545470359,93770000,1
1295036280000,1295036339000,0.7562809129823181,0.756332392960058,0.755966465327598,0.7560750631322678,89740000,1
1295036340000,1295036399000,0.7560750631322678,0.7560750631322678,0.7557550748953279,0.755943606606947,87640000,1
1295036400000,1295036459000,0.7559378921427816,0.7560179025039313,0.7559378921427816,0.755989325430725,25500000,1
1295036460000,1295036519000,0.755989325430725,0.7560636303151272,0.7559036071720133,0.7560407657180874,35630000,1
1295036520000,1295036579000,0.7560407657180874,0.7560521978437391,0.7559721802237678,0.7560350497849081,33710000,1
1295036580000,1295036639000,0.7560350497849081,0.7560636303151272,0.7560064714153953,0.7560293339381569,19500000,1
1295036640000,1295036699000,0.7560293339381569,0.7560293339381569,0.7559207492686467,0.7559836102753292,37900000,1
1295036700000,1295036759000,0.755989325430725,0.7561779740479719,0.755989325430725,0.7561493848724754,52860000,1
1295036760000,1295036819000,0.7561551025346318,0.7563953224513259,0.7561551025346318,0.7563953224513259,52230000,1
1295036820000,1295036879000,0.7563896011557633,0.756475429678044,0.756332392960058,0.7564697071705764,65650000,1
1295036880000,1295036939000,0.7564697071705764,0.7564925977199313,0.7564239302274567,0.7564410959318598,26260000,1
1295036940000,1295036999000,0.7564239302274567,0.7564239302274567,0.756132232404803,0.756132232404803,64510000,1
1295037000000,1295037059000,0.756132232404803,0.7563438339068941,0.7560807796704999,0.7563095121047336,44260000,1
1295037060000,1295037119000,0.7563095121047336,0.756332392960058,0.7562065653854007,0.7562580352416244,43710000,1
1295037120000,1295037179000,0.7562580352416244,0.7563495545101123,0.7561779740479719,0.7562523160227178,71910000,1
1295037180000,1295037239000,0.7562523160227178,0.7562523160227178,0.7561836921424953,0.7562065653854007,31130000,1
1295037240000,1295037299000,0.7561779740479719,0.7563609959761596,0.7561207978586659,0.7563152321887763,58870000,1
1295037300000,1295037359000,0.7563152321887763,0.756332392960058,0.7562751934173807,0.756332392960058,32950000,1
1295037360000,1295037419000,0.7563438339068941,0.7564010438334405,0.7563209523593433,0.7563266726164365,35640000,1
1295037420000,1295037479000,0.7563266726164365,0.7563724377883669,0.7563266726164365,0.7563724377883669,21950000,1
1295037480000,1295037539000,0.7563495545101123,0.756412486857333,0.7562866326337683,0.7562866326337683,48510000,1
1295037540000,1295037599000,0.7562866326337683,0.7562866326337683,0.756103646687888,0.7561951285909816,41360000,1
1295037600000,1295037659000,0.7562122839123399,0.7562122839123399,0.7561093636583596,0.7561836921424953,48600000,1
1295037660000,1295037719000,0.7561836921424953,0.7562351588850068,0.756103646687888,0.7561265150885046,31950000,1
1295037720000,1295037779000,0.7561379498075629,0.7561836921424953,0.7560693466804775,0.7560750631322678,48930000,1
1295037780000,1295037839000,0.7560864962951762,0.7563037921072137,0.7560750631322678,0.7561265150885046,47330000,1
1295037840000,1295037899000,0.7561379498075629,0.7561779740479719,0.7560350497849081,0.7560521978437391,68770000,1
1295037900000,1295037959000,0.7560350497849081,0.7560922130062983,0.7559493211575096,0.7560521978437391,57750000,1
1295037960000,1295038019000,0.7560693466804775,0.7560750631322678,0.7558179083495205,0.7558179083495205,66730000,1
1295038020000,1295038079000,0.7558236209998035,0.7558521855465945,0.7556979626382927,0.7556979626382927,40410000,1
1295038080000,1295038139000,0.7557150954090308,0.7557836342611838,0.7556922518873413,0.7556922518873413,43650000,1
1295038140000,1295038199000,0.7556922518873413,0.7558293337364422,0.7556922518873413,0.7558236209998035,35580000,1
1295038200000,1295038259000,0.7558064833080138,0.7559721802237678,0.7558064833080138,0.755955035794471,33660000,1
1295038260000,1295038319000,0.755932177765011,0.755966465327598,0.7558864658528288,0.7558864658528288,32260000,1
1295038320000,1295038379000,0.7558636119698561,0.7558750387385957,0.7557379403118175,0.7557550748953279,28500000,1
1295038380000,1295038439000,0.7557436517533254,0.7557436517533254,0.7557208065052448,0.7557208065052448,3000000,1
1295038440000,1295038499000,0.7557208065052448,0.7557208065052448,0.7556522790472735,0.7556522790472735,6000000,1
1295038500000,1295038559000,0.7556751201523441,0.7556751201523441,0.7555780549909709,0.7556237296076046,22130000,1
1295038560000,1295038619000,0.7556237296076046,0.7556979626382927,0.7554753072895813,0.7555552197532356,54100000,1
1295038620000,1295038679000,0.7555323858957215,0.7555780549909709,0.7553383538155918,0.7553383538155918,63710000,1
1295038680000,1295038739000,0.7553269432673932,0.7553554702843158,0.7550988046785921,0.7552128567436732,123870000,1
1295038740000,1295038799000,0.7552071533221563,0.7556522790472735,0.7552071533221563,0.7555609284332688,154450000,1
1295038800000,1295038859000,0.7556465689867535,0.7557036734755568,0.7555951823251175,0.7556522790472735,31430000,1
1295038860000,1295038919000,0.7557036734755568,0.7557722102558289,0.7556522790472735,0.7557379403118175,40590000,1
1295038920000,1295038979000,0.7557379403118175,0.7557550748953279,0.7556522790472735,0.755732228956636,34050000,1
1295038980000,1295039039000,0.755732228956636,0.7558064833080138,0.7556694097466241,0.7556922518873413,36670000,1
1295039040000,1295039099000,0.7556694097466241,0.7558064833080138,0.7556522790472735,0.7557664983826597,34810000,1
1295039100000,1295039159000,0.7557664983826597,0.7557664983826597,0.7554182373070851,0.7554924299658518,68660000,1
1295039160000,1295039219000,0.7555666371995678,0.7556694097466241,0.7555666371995678,0.7555894731274604,33700000,1
1295039220000,1295039279000,0.7556066009792661,0.7556066009792661,0.7555552197532356,0.7555552197532356,45070000,1
1295039280000,1295039339000,0.7555951823251175,0.7555951823251175,0.7554753072895813,0.7555323858957215,32300000,1
1295039340000,1295039399000,0.7555323858957215,0.7555323858957215,0.7551729346020238,0.7552185602513367,78030000,1
1295039400000,1295039459000,0.7552299675251114,0.7554011179936546,0.7551273144652189,0.7551672317834784,58020000,1
1295039460000,1295039519000,0.7551729346020238,0.7552299675251114,0.7551729346020238,0.7552299675251114,19040000,1
1295039520000,1295039579000,0.7552356712912265,0.7552356712912265,0.7551045064636946,0.7551843404975155,64120000,1
1295039580000,1295039639000,0.7551786375067022,0.7552299675251114,0.7550474924872775,0.7550645957761687,68670000,1
1295039640000,1295039699000,0.7551102083349064,0.7553611759462786,0.7549163930094741,0.7553611759462786,94010000,1
1295039700000,1295039759000,0.7553611759462786,0.7554239439173264,0.7552813045218693,0.7554182373070851,47270000,1
1295039760000,1295039819000,0.7554239439173264,0.7554467712204997,0.7553897055490928,0.7554068243452511,17260000,1
1295039820000,1295039879000,0.7554239439173264,0.7554695999032999,0.7553440592189742,0.7554695999032999,22320000,1
1295039880000,1295039939000,0.7554867223208552,0.7555837640160789,0.7554068243452511,0.7554867223208552,29630000,1
1295039940000,1295039999000,0.7554867223208552,0.7555780549909709,0.7554125307830607,0.7555323858957215,30760000,1
1295040000000,1295040059000,0.7555323858957215,0.755538094230711,0.7554353573964676,0.7555038455145736,22710000,1
1295040060000,1295040119000,0.755509553418303,0.7555438026519588,0.7553725875287985,0.755520969484508,32830000,1
1295040120000,1295040179000,0.7555323858957215,0.7556237296076046,0.7555323858957215,0.7556180199785404,20610000,1
1295040180000,1295040239000,0.7556180199785404,0.7556636994272069,0.7556180199785404,0.7556636994272069,5630000,1
1295040240000,1295040299000,0.7556694097466241,0.7556694097466241,0.7555951823251175,0.7555951823251175,6000000,1
1295040300000,1295040359000,0.7555951823251175,0.7557436517533254,0.7555266776469878,0.7556237296076046,29820000,1
1295040360000,1295040419000,0.7556465689867535,0.755732228956636,0.7556465689867535,0.755732228956636,10500000,1
1295040420000,1295040479000,0.7557150954090308,0.7557150954090308,0.7556008916090521,0.7556180199785404,42400000,1
1295040480000,1295040539000,0.7556294393229561,0.7556922518873413,0.7555837640160789,0.7555951823251175,26650000,1
1295040540000,1295040599000,0.7556008916090521,0.7556237296076046,0.7550531934974819,0.7551045064636946,66880000,1
1295040600000,1295040659000,0.7550874013667083,0.7554924299658518,0.7550874013667083,0.755366881694439,139540000,1
1295040660000,1295040719000,0.7553611759462786,0.7553611759462786,0.7550931029795973,0.7551900435744655,83230000,1
1295040720000,1295040779000,0.7551957467375544,0.7553269432673932,0.7551900435744655,0.7552984184051119,79760000,1
1295040780000,1295040839000,0.7553041232052086,0.7553383538155918,0.7552584872172501,0.7552584872172501,14630000,1
1295040840000,1295040899000,0.7552698956972274,0.7554011179936546,0.7551672317834784,0.7551672317834784,72270000,1
1295040900000,1295040959000,0.7551672317834784,0.7551900435744655,0.7549106940648922,0.7549904871198624,67800000,1
1295040960000,1295041019000,0.7549904871198624,0.7550645957761687,0.7548765022042394,0.7549904871198624,52980000,1
1295041020000,1295041079000,0.7549790870792878,0.7549790870792878,0.7547853390495742,0.754825220220258,29260000,1
1295041080000,1295041139000,0.7548366156145503,0.7550246893073403,0.7547511585430283,0.7548651056056283,57170000,1
1295041140000,1295041199000,0.7548765022042394,0.7548935977473975,0.7547967332397386,0.7547967332397386,19210000,1
1295041200000,1295041259000,0.7547796420834938,0.7547796420834938,0.7547283732584642,0.7547568550791363,12690000,1
1295041260000,1295041319000,0.7547568550791363,0.754825220220258,0.7547112851978476,0.7547568550791363,24750000,1
1295041320000,1295041379000,0.7547910361016552,0.7549505884839838,0.7546828068162952,0.7546828068162952,51160000,1
1295041380000,1295041439000,0.7547055893495946,0.7547055893495946,0.7546429406926113,0.7546714160654451,23860000,1
1295041440000,1295041499000,0.7546600256584409,0.7546600256584409,0.754517674576527,0.7545461404964914,23630000,1
1295041500000,1295041559000,0.7545461404964914,0.7545461404964914,0.7544038323714685,0.7544265980641414,27750000,1
1295041560000,1295041619000,0.7544209065121612,0.7545119816502686,0.7543070935039073,0.7544949033869276,46890000,1
1295041620000,1295041679000,0.7545632210794782,0.7546144674685703,0.7544265980641414,0.7544379814257368,47180000,1
1295041680000,1295041739000,0.7544493651308593,0.7544607491795239,0.75431847325941,0.7544038323714685,24390000,1
1295041740000,1295041799000,0.7544038323714685,0.7544038323714685,0.754233133461553,0.754233133461553,13500000,1
1295041800000,1295041859000,0.754272956297425,0.7543241632659219,0.754272956297425,0.754278645617264,19660000,1
1295041860000,1295041919000,0.7543526145861622,0.75435830510776,0.7543127833387393,0.7543127833387393,15000000,1
1295041920000,1295041979000,0.7543241632659219,0.754386759003606,0.7542900245144258,0.7543639957152125,33000000,1
1295041980000,1295042039000,0.7544209065121612,0.7544322897019993,0.754341233800522,0.754341233800522,13880000,1
1295042040000,1295042099000,0.7543639957152125,0.7543810680527161,0.7543070935039073,0.7543070935039073,19130000,1
1295042100000,1295042159000,0.7542900245144258,0.7542900245144258,0.7542388221806553,0.7542388221806553,9830000,1
1295042160000,1295042219000,0.7542274448282624,0.7542274448282624,0.7540852568791429,0.7540852568791429,21760000,1
1295042220000,1295042279000,0.7541307511896412,0.7541307511896412,0.753443235586631,0.753488652460894,65180000,1
1295042280000,1295042339000,0.753488652460894,0.7536135771022051,0.7533864721925053,0.7534091765237702,56240000,1
1295042340000,1295042399000,0.7534091765237702,0.7535454312540504,0.7530517421852055,0.7534943299551671,112200000,1
1295042400000,1295042459000,0.7534943299551671,0.7534943299551671,0.7534943299551671,0.7534943299551671,0,1
1295042460000,1295042519000,0.7534943299551671,0.7534943299551671,0.7534943299551671,0.7534943299551671,0,1
1295042520000,1295042579000,0.7534943299551671,0.7534943299551671,0.7534943299551671,0.7534943299551671,0,1
1295042580000,1295042639000,0.7534943299551671,0.7534943299551671,0.7534943299551671,0.7534943299551671,0,1
1295042640000,1295042699000,0.7534943299551671,0.7534943299551671,0.7534943299551671,0.7534943299551671,0,1
1295042700000,1295042759000,0.7534943299551671,0.7534943299551671,0.7534943299551671,0.7534943299551671,0,1
1295042760000,1295042819000,0.7534943299551671,0.7534943299551671,0.7534943299551671,0.7534943299551671,0,1
1295042820000,1295042879000,0.7534943299551671,0.7534943299551671,0.7534943299551671,0.7534943299551671,0,1
1295042880000,1295042939000,0.7534943299551671,0.7534943299551671,0.7534943299551671,0.7534943299551671,0,1
1295042940000,1295042999000,0.7534943299551671,0.7534943299551671,0.7534943299551671,0.7534943299551671,0,1
1295043000000,1295043059000,0.7534943299551671,0.7534943299551671,0.7534943299551671,0.7534943299551671,0,1
1295043060000,1295043119000,0.7534943299551671,0.7534943299551671,0.7534943299551671,0.7534943299551671,0,1
1295043120000,1295043179000,0.7534943299551671,0.7534943299551671,0.7534943299551671,0.7534943299551671,0,1
1295043180000,1295043239000,0.7534943299551671,0.7534943299551671,0.7534943299551671,0.7534943299551671,0,1
1295043240000,1295043299000,0.7534943299551671,0.7534943299551671,0.7534943299551671,0.7534943299551671,0,1
1295043300000,1295043359000,0.7534943299551671,0.7534943299551671,0.7534943299551671,0.7534943299551671,0,1
1295043360000,1295043419000,0.7534943299551671,0.7534943299551671,0.7534943299551671,0.7534943299551671,0,1
1295043420000,1295043479000,0.7534943299551671,0.7534943299551671,0.7534943299551671,0.7534943299551671,0,1
1295043480000,1295043539000,0.7534943299551671,0.7534943299551671,0.7534943299551671,0.7534943299551671,0,1
1295043540000,1295043599000,0.7534943299551671,0.7534943299551671,0.7534943299551671,0.7534943299551671,0,1
1295043600000,1295043659000,0.7534943299551671,0.7534943299551671,0.7534943299551671,0.7534943299551671,0,1
1295043660000,1295043719000,0.7534943299551671,0.7534943299551671,0.7534943299551671,0.7534943299551671,0,1
1295043720000,1295043779000,0.7534943299551671,0.7534943299551671,0.7534943299551671,0.7534943299551671,0,1
1295043780000,1295043839000,0.7534943299551671,0.7534943299551671,0.7534943299551671,0.7534943299551671,0,1
1295043840000,1295043899000,0.7534943299551671,0.7534943299551671,0.7534943299551671,0.7534943299551671,0,1
1295043900000,1295043959000,0.7534943299551671,0.7534943299551671,0.7534943299551671,0.7534943299551671,0,1
1295043960000,1295044019000,0.7534943299551671,0.7534943299551671,0.7534943299551671,0.7534943299551671,0,1
1295044020000,1295044079000,0.7534943299551671,0.7534943299551671,0.7534943299551671,0.7534943299551671,0,1
1295044080000,1295044139000,0.7534943299551671,0.7534943299551671,0.7534943299551671,0.7534943299551671,0,1
1295044140000,1295044199000,0.7534943299551671,0.7534943299551671,0.7534943299551671,0.7534943299551671,0,1
1295044200000,1295044259000,0.7534943299551671,0.7534943299551671,0.7534943299551671,0.7534943299551671,0,1
1295044260000,1295044319000,0.7534943299551671,0.7534943299551671,0.7534943299551671,0.7534943299551671,0,1
1295044320000,1295044379000,0.7534943299551671,0.7534943299551671,0.7534943299551671,0.7534943299551671,0,1
1295044380000,1295044439000,0.7534943299551671,0.7534943299551671,0.7534943299551671,0.7534943299551671,0,1
1295044440000,1295044499000,0.7534943299551671,0.7534943299551671,0.7534943299551671,0.7534943299551671,0,1
1295044500000,1295044559000,0.7534943299551671,0.7534943299551671,0.7534943299551671,0.7534943299551671,0,1
1295044560000,1295044619000,0.7534943299551671,0.7534943299551671,0.7534943299551671,0.7534943299551671,0,1
1295044620000,1295044679000,0.7534943299551671,0.7534943299551671,0.7534943299551671,0.7534943299551671,0,1
1295044680000,1295044739000,0.7534943299551671,0.7534943299551671,0.7534943299551671,0.7534943299551671,0,1
1295044740000,1295044799000,0.7534943299551671,0.7534943299551671,0.7534943299551671,0.7534943299551671,0,1
1295044800000,1295044859000,0.7534943299551671,0.7534943299551671,0.7534943299551671,0.7534943299551671,0,1
1295044860000,1295044919000,0.7534943299551671,0.7534943299551671,0.7534943299551671,0.7534943299551671,0,1
1295044920000,1295044979000,0.7534943299551671,0.7534943299551671,0.7534943299551671,0.7534943299551671,0,1
1295044980000,1295045039000,0.7534943299551671,0.7534943299551671,0.7534943299551671,0.7534943299551671,0,1
1295045040000,1295045099000,0.7534943299551671,0.7534943299551671,0.7534943299551671,0.7534943299551671,0,1
1295045100000,1295045159000,0.7534943299551671,0.7534943299551671,0.7534943299551671,0.7534943299551671,0,1
1295045160000,1295045219000,0.7534943299551671,0.7534943299551671,0.7534943299551671,0.7534943299551671,0,1
1295045220000,1295045279000,0.7534943299551671,0.7534943299551671,0.7534943299551671,0.7534943299551671,0,1
1295045280000,1295045339000,0.7534943299551671,0.7534943299551671,0.7534943299551671,0.7534943299551671,0,1
1295045340000,1295045399000,0.7534943299551671,0.7534943299551671,0.7534943299551671,0.7534943299551671,0,1
1295045400000,1295045459000,0.7534943299551671,0.7534943299551671,0.7534943299551671,0.7534943299551671,0,1
1295045460000,1295045519000,0.7534943299551671,0.7534943299551671,0.7534943299551671,0.7534943299551671,0,1
1295045520000,1295045579000,0.7534943299551671,0.7534943299551671,0.7534943299551671,0.7534943299551671,0,1
1295045580000,1295045639000,0.7534943299551671,0.7534943299551671,0.7534943299551671,0.7534943299551671,0,1
1295045640000,1295045699000,0.7534943299551671,0.7534943299551671,0.7534943299551671,0.7534943299551671,0,1
1295045700000,1295045759000,0.7534943299551671,0.7534943299551671,0.7534943299551671,0.7534943299551671,0,1
1295045760000,1295045819000,0.7534943299551671,0.7534943299551671,0.7534943299551671,0.7534943299551671,0,1
1295045820000,1295045879000,0.7534943299551671,0.7534943299551671,0.7534943299551671,0.7534943299551671,0,1
1295045880000,1295045939000,0.7534943299551671,0.7534943299551671,0.7534943299551671,0.7534943299551671,0,1
1295045940000,1295045999000,0.7534943299551671,0.7534943299551671,0.7534943299551671,0.7534943299551671,0,1
1295046000000,1295046059000,0.7534943299551671,0.7534943299551671,0.7534943299551671,0.7534943299551671,0,1
1295046060000,1295046119000,0.7534943299551671,0.7534943299551671,0.7534943299551671,0.7534943299551671,0,1
1295046120000,1295046179000,0.7534943299551671,0.7534943299551671,0.7534943299551671,0.7534943299551671,0,1
1295046180000,1295046239000,0.7534943299551671,0.7534943299551671,0.7534943299551671,0.7534943299551671,0,1
1295046240000,1295046299000,0.7534943299551671,0.7534943299551671,0.7534943299551671,0.7534943299551671,0,1
1295046300000,1295046359000,0.7534943299551671,0.7534943299551671,0.7534943299551671,0.7534943299551671,0,1
1295046360000,1295046419000,0.7534943299551671,0.7534943299551671,0.7534943299551671,0.7534943299551671,0,1
1295046420000,1295046479000,0.7534943299551671,0.7534943299551671,0.7534943299551671,0.7534943299551671,0,1
1295046480000,1295046539000,0.7534943299551671,0.7534943299551671,0.7534943299551671,0.7534943299551671,0,1
1295046540000,1295046599000,0.7534943299551671,0.7534943299551671,0.7534943299551671,0.7534943299551671,0,1
1295046600000,1295046659000,0.7534943299551671,0.7534943299551671,0.7534943299551671,0.7534943299551671,0,1
1295046660000,1295046719000,0.7534943299551671,0.7534943299551671,0.7534943299551671,0.7534943299551671,0,1
1295046720000,1295046779000,0.7534943299551671,0.7534943299551671,0.7534943299551671,0.7534943299551671,0,1
1295046780000,1295046839000,0.7534943299551671,0.7534943299551671,0.7534943299551671,0.7534943299551671,0,1
1295046840000,1295046899000,0.7534943299551671,0.7534943299551671,0.7534943299551671,0.7534943299551671,0,1
1295046900000,1295046959000,0.7534943299551671,0.7534943299551671,0.7534943299551671,0.7534943299551671,0,1
1295046960000,1295047019000,0.7534943299551671,0.7534943299551671,0.7534943299551671,0.7534943299551671,0,1
1295047020000,1295047079000,0.7534943299551671,0.7534943299551671,0.7534943299551671,0.7534943299551671,0,1
1295047080000,1295047139000,0.7534943299551671,0.7534943299551671,0.7534943299551671,0.7534943299551671,0,1
1295047140000,1295047199000,0.7534943299551671,0.7534943299551671,0.7534943299551671,0.7534943299551671,0,1
1295047200000,1295047259000,0.7534943299551671,0.7534943299551671,0.7534943299551671,0.7534943299551671,0,1
1295047260000,1295047319000,0.7534943299551671,0.7534943299551671,0.7534943299551671,0.7534943299551671,0,1
1295047320000,1295047379000,0.7534943299551671,0.7534943299551671,0.7534943299551671,0.7534943299551671,0,1
1295047380000,1295047439000,0.7534943299551671,0.7534943299551671,0.7534943299551671,0.7534943299551671,0,1
1295047440000,1295047499000,0.7534943299551671,0.7534943299551671,0.7534943299551671,0.7534943299551671,0,1
1295047500000,1295047559000,0.7534943299551671,0.7534943299551671,0.7534943299551671,0.7534943299551671,0,1
1295047560000,1295047619000,0.7534943299551671,0.7534943299551671,0.7534943299551671,0.7534943299551671,0,1
1295047620000,1295047679000,0.7534943299551671,0.7534943299551671,0.7534943299551671,0.7534943299551671,0,1
1295047680000,1295047739000,0.7534943299551671,0.7534943299551671,0.7534943299551671,0.7534943299551671,0,1
1295047740000,1295047799000,0.7534943299551671,0.7534943299551671,0.7534943299551671,0.7534943299551671,0,1
1295047800000,1295047859000,0.7534943299551671,0.7534943299551671,0.7534943299551671,0.7534943299551671,0,1
1295047860000,1295047919000,0.7534943299551671,0.7534943299551671,0.7534943299551671,0.7534943299551671,0,1
1295047920000,1295047979000,0.7534943299551671,0.7534943299551671,0.7534943299551671,0.7534943299551671,0,1
1295047980000,1295048039000,0.7534943299551671,0.7534943299551671,0.7534943299551671,0.7534943299551671,0,1
1295048040000,1295048099000,0.7534943299551671,0.7534943299551671,0.7534943299551671,0.7534943299551671,0,1
1295048100000,1295048159000,0.7534943299551671,0.7534943299551671,0.7534943299551671,0.7534943299551671,0,1
1295048160000,1295048219000,0.7534943299551671,0.7534943299551671,0.7534943299551671,0.7534943299551671,0,1
1295048220000,1295048279000,0.7534943299551671,0.7534943299551671,0.7534943299551671,0.7534943299551671,0,1
1295048280000,1295048339000,0.7534943299551671,0.7534943299551671,0.7534943299551671,0.7534943299551671,0,1
1295048340000,1295048399000,0.7534943299551671,0.7534943299551671,0.7534943299551671,0.7534943299551671,0,1
1295048400000,1295048459000,0.7534943299551671,0.7534943299551671,0.7534943299551671,0.7534943299551671,0,1
1295048460000,1295048519000,0.7534943299551671,0.7534943299551671,0.7534943299551671,0.7534943299551671,0,1
1295048520000,1295048579000,0.7534943299551671,0.7534943299551671,0.7534943299551671,0.7534943299551671,0,1
1295048580000,1295048639000,0.7534943299551671,0.7534943299551671,0.7534943299551671,0.7534943299551671,0,1
1295048640000,1295048699000,0.7534943299551671,0.7534943299551671,0.7534943299551671,0.7534943299551671,0,1
1295048700000,1295048759000,0.7534943299551671,0.7534943299551671,0.7534943299551671,0.7534943299551671,0,1
1295048760000,1295048819000,0.7534943299551671,0.7534943299551671,0.7534943299551671,0.7534943299551671,0,1
1295048820000,1295048879000,0.7534943299551671,0.7534943299551671,0.7534943299551671,0.7534943299551671,0,1
1295048880000,1295048939000,0.7534943299551671,0.7534943299551671,0.7534943299551671,0.7534943299551671,0,1
1295048940000,1295048999000,0.7534943299551671,0.7534943299551671,0.7534943299551671,0.7534943299551671,0,1
1295049000000,1295049059000,0.7534943299551671,0.7534943299551671,0.7534943299551671,0.7534943299551671,0,1
1295049060000,1295049119000,0.7534943299551671,0.7534943299551671,0.7534943299551671,0.7534943299551671,0,1
1295049120000,1295049179000,0.7534943299551671,0.7534943299551671,0.7534943299551671,0.7534943299551671,0,1
1295049180000,1295049239000,0.7534943299551671,0.7534943299551671,0.7534943299551671,0.7534943299551671,0,1
1295049240000,1295049299000,0.7534943299551671,0.7534943299551671,0.7534943299551671,0.7534943299551671,0,1
1295049300000,1295049359000,0.7534943299551671,0.7534943299551671,0.7534943299551671,0.7534943299551671,0,1
1295049360000,1295049419000,0.7534943299551671,0.7534943299551671,0.7534943299551671,0.7534943299551671,0,1
1295049420000,1295049479000,0.7534943299551671,0.7534943299551671,0.7534943299551671,0.7534943299551671,0,1
1295049480000,1295049539000,0.7534943299551671,0.7534943299551671,0.7534943299551671,0.7534943299551671,0,1
1295049540000,1295049599000,0.7534943299551671,0.7534943299551671,0.7534943299551671,0.7534943299551671,0,1
1295215200000,1295215259000,0.7554981376970905,0.7556751201523441,0.7551729346020238,0.7556751201523441,39030000,1
1295215260000,1295215319000,0.7555951823251175,0.7559264634736332,0.7550816998399227,0.7558350465594389,47160000,1
1295215320000,1295215379000,0.7553212381225736,0.7558407594687951,0.7553212381225736,0.755732228956636,9010000,1
1295215380000,1295215439000,0.7558064833080138,0.7562065653854007,0.7558064833080138,0.7561207978586659,80830000,1
1295215440000,1295215499000,0.7561551025346318,0.7563781588242858,0.7559036071720133,0.7563781588242858,98690000,1
1295215500000,1295215559000,0.75642965204236,0.7564983205737283,0.75642965204236,0.7564983205737283,7500000,1
1295215560000,1295215619000,0.75644681800646,0.75644681800646,0.7564239302274567,0.7564239302274567,6000000,1
1295215620000,1295215679000,0.7564811522720912,0.7565612776806858,0.7564525401676299,0.7565612776806858,10500000,1
1295215680000,1295215739000,0.7566070712496878,0.7568647634040749,0.7566070712496878,0.7568647634040749,15000000,1
1295215740000,1295215799000,0.7565212128548086,0.7566070712496878,0.7564925977199313,0.7565612776806858,12150000,1
1295215800000,1295215859000,0.7564811522720912,0.7565212128548086,0.7564697071705764,0.7565040435141125,9000000,1
1295215860000,1295215919000,0.7564925977199313,0.7564925977199313,0.7564925977199313,0.7564925977199313,1500000,1
1295215920000,1295215979000,0.7564925977199313,0.756509766541086,0.7564925977199313,0.7564925977199313,4500000,1
1295215980000,1295216039000,0.7564925977199313,0.7565612776806858,0.7564639847496861,0.7565441065214101,19500000,1
1295216040000,1295216099000,0.7565441065214101,0.7567044009927961,0.7565441065214101,0.7567044009927961,15900000,1
1295216100000,1295216159000,0.7567044009927961,0.7567215794292805,0.7567044009927961,0.7567215794292805,4500000,1
1295216160000,1295216219000,0.756744485224564,0.7567731194187983,0.7566127958356031,0.7566127958356031,33000000,1
1295216220000,1295216279000,0.7566643210072715,0.7566643210072715,0.7566013467503971,0.7566070712496878,10500000,1
1295216280000,1295216339000,0.7565612776806858,0.7566013467503971,0.7565212128548086,0.7566013467503971,17250000,1
1295216340000,1295216399000,0.7565670015736593,0.7565727255532438,0.7565670015736593,0.7565727255532438,3000000,1
1295216400000,1295216459000,0.7565727255532438,0.7565727255532438,0.7565727255532438,0.7565727255532438,1500000,1
1295216460000,1295216519000,0.7565269361415613,0.7565956223377291,0.7565269361415613,0.7565956223377291,9000000,1
1295216520000,1295216579000,0.7565441065214101,0.7566299701131162,0.7565441065214101,0.7566299701131162,4500000,1
1295216580000,1295216639000,0.7566299701131162,0.756744485224564,0.7566299701131162,0.7566643210072715,16500000,1
1295216640000,1295216699000,0.7566242452673153,0.7566242452673153,0.756584173772253,0.7566242452673153,7500000,1
1295216700000,1295216759000,0.7566585956416464,0.7566585956416464,0.7566299701131162,0.7566299701131162,7500000,1
1295216760000,1295216819000,0.7566299701131162,0.7566299701131162,0.7566299701131162,0.7566299701131162,2250000,1
1295216820000,1295216879000,0.7566356950455495,0.7566356950455495,0.7566356950455495,0.7566356950455495,1500000,1
1295216880000,1295216939000,0.7566700464595408,0.7567158531971245,0.7566700464595408,0.7567158531971245,4500000,1
1295216940000,1295216999000,0.7567101270516303,0.7567158531971245,0.7567101270516303,0.7567158531971245,3000000,1
1295217000000,1295217059000,0.7566929491351,0.7567101270516303,0.7565498301545631,0.7567101270516303,22500000,1
1295217060000,1295217119000,0.7567101270516303,0.7567273057481007,0.7566471451703213,0.7567101270516303,19580000,1
1295217120000,1295217179000,0.7567330321535866,0.7567330321535866,0.7563495545101123,0.7565326595149112,45000000,1
1295217180000,1295217239000,0.7565612776806858,0.7570309247132745,0.756555553874321,0.7568189386371205,52310000,1
1295217240000,1295217299000,0.7568361222744439,0.7573233164702674,0.7568361222744439,0.7570137322291026,84070000,1
1295217300000,1295217359000,0.7570137322291026,0.7571111666325966,0.7569506998009219,0.7570251937984497,27750000,1
1295217360000,1295217419000,0.7570251937984497,0.7570251937984497,0.7568762204629055,0.7570080015745766,53290000,1
1295217420000,1295217479000,0.7570366557148697,0.7570767751557685,0.756990810131565,0.756990810131565,10500000,1
1295217480000,1295217539000,0.7569965405258098,0.7570767751557685,0.7569392404871661,0.7570423868032371,36000000,1
1295217540000,1295217599000,0.7570423868032371,0.7571856922191598,0.7570423868032371,0.7571856922191598,15000000,1
1295217600000,1295217659000,0.7571971589962595,0.7572315614114796,0.7570309247132745,0.7571054345028088,42000000,1
1295217660000,1295217719000,0.7571054345028088,0.7571627597068267,0.7570595805889924,0.7570595805889924,34500000,1
1295217720000,1295217779000,0.7570767751557685,0.7570767751557685,0.7569335109603972,0.7569335109603972,34500000,1
1295217780000,1295217839000,0.7569163229005034,0.7569392404871661,0.7569105937206698,0.7569392404871661,12000000,1
1295217840000,1295217899000,0.7569621594616486,0.7570137322291026,0.7569621594616486,0.7570137322291026,7500000,1
1295217900000,1295217959000,0.7570137322291026,0.7570137322291026,0.7570137322291026,0.7570137322291026,4500000,1
1295217960000,1295218019000,0.7570137322291026,0.7570882386342128,0.7570137322291026,0.7570653120244684,41250000,1
1295218020000,1295218079000,0.7570653120244684,0.7570939705036189,0.7570309247132745,0.7570309247132745,36580000,1
1295218080000,1295218139000,0.7570309247132745,0.7570653120244684,0.7570309247132745,0.7570653120244684,4690000,1
1295218140000,1295218199000,0.7570882386342128,0.7572430295779127,0.7570882386342128,0.7572430295779127,25800000,1
1295218200000,1295218259000,0.7572544980917187,0.7572602324788914,0.7572315614114796,0.7572315614114796,9750000,1
1295218260000,1295218319000,0.757248763791393,0.757248763791393,0.757248763791393,0.757248763791393,1500000,1
1295218320000,1295218379000,0.7571971589962595,0.757225827458523,0.7571971589962595,0.757225827458523,9000000,1
1295218380000,1295218439000,0.757225827458523,0.757225827458523,0.757128363542755,0.757128363542755,4880000,1
1295218440000,1295218499000,0.7571168988491823,0.7573462587094819,0.7571168988491823,0.7572946406258283,35810000,1
1295218500000,1295218559000,0.7572946406258283,0.7572946406258283,0.7569449701006737,0.7569449701006737,35470000,1
1295218560000,1295218619000,0.7569449701006737,0.7569736194693615,0.7568819491223954,0.7568819491223954,19510000,1
1295218680000,1295218739000,0.7568876778686043,0.7569105937206698,0.7568876778686043,0.7569105937206698,5260000,1
1295218740000,1295218799000,0.7569277815203652,0.7570309247132745,0.7569277815203652,0.7569850798240767,21020000,1
1295218800000,1295218859000,0.7569850798240767,0.7569850798240767,0.75668149762402,0.7569621594616486,74190000,1
1295218860000,1295218919000,0.7569449701006737,0.7570309247132745,0.7569335109603972,0.7569736194693615,51000000,1
1295218920000,1295218979000,0.7569736194693615,0.7571971589962595,0.7569277815203652,0.7570825068515967,35910000,1
1295218980000,1295219039000,0.7570939705036189,0.7574208305876828,0.7570939705036189,0.7573175811276459,77610000,1
1295219040000,1295219099000,0.7573519944864775,0.7573519944864775,0.7572946406258283,0.7573347874161253,21570000,1
1295219100000,1295219159000,0.7573347874161253,0.7573347874161253,0.7572717015137861,0.7572774361615122,16710000,1
1295219160000,1295219219000,0.7572774361615122,0.7572831708960931,0.7572028925150494,0.7572028925150494,14070000,1
1295219220000,1295219279000,0.7572028925150494,0.7573061107030072,0.7569277815203652,0.7569277815203652,45200000,1
1295219280000,1295219339000,0.7569277815203652,0.7569678894221308,0.7568934067015342,0.7568934067015342,19130000,1
1295219340000,1295219399000,0.756904864627565,0.7569392404871661,0.7567903009755027,0.7568991356211872,44990000,1
1295219400000,1295219459000,0.7568704918901328,0.7568762204629055,0.7567330321535866,0.7567330321535866,21390000,1
1295219460000,1295219519000,0.7567731194187983,0.7568361222744439,0.7567273057481007,0.7567616654810734,22100000,1
1295219520000,1295219579000,0.7567502118900593,0.7567731194187983,0.7566986750206199,0.756767392406596,42550000,1
1295219580000,1295219639000,0.756767392406596,0.756767392406596,0.7566757719984565,0.7567101270516303,20260000,1
1295219640000,1295219699000,0.7567101270516303,0.756744485224564,0.75668149762402,0.756744485224564,18010000,1
1295219700000,1295219759000,0.7567731194187983,0.7568590350047304,0.7567731194187983,0.7568418503269557,15760000,1
1295219760000,1295219819000,0.7568418503269557,0.7568418503269557,0.7564697071705764,0.7565383829748603,54400000,1
1295219820000,1295219879000,0.7566356950455495,0.7567044009927961,0.756475429678044,0.7565956223377291,102800000,1
1295219880000,1295219939000,0.7565670015736593,0.7566471451703213,0.7565441065214101,0.756584173772253,42510000,1
1295219940000,1295219999000,0.7566013467503971,0.7566013467503971,0.7566013467503971,0.7566013467503971,8250000,1
1295220000000,1295220059000,0.7565784496194411,0.7565784496194411,0.7565612776806858,0.7565612776806858,7500000,1
1295220060000,1295220119000,0.7565612776806858,0.7565612776806858,0.7564067653021088,0.7564067653021088,16360000,1
1295220120000,1295220179000,0.75642965204236,0.7564868749527195,0.75642965204236,0.7564868749527195,13140000,1
1295220180000,1295220239000,0.7565612776806858,0.756584173772253,0.7565212128548086,0.756584173772253,19880000,1
1295220240000,1295220299000,0.7566013467503971,0.7566242452673153,0.7565784496194411,0.7565784496194411,14180000,1
1295220300000,1295220359000,0.7565784496194411,0.7565784496194411,0.7565326595149112,0.7565326595149112,19500000,1
1295220360000,1295220419000,0.7565154896546507,0.7565154896546507,0.7563095121047336,0.75633811339021,33390000,1
1295220420000,1295220479000,0.75633811339021,0.7564983205737283,0.7562866326337683,0.7564353739438271,49890000,1
1295220480000,1295220539000,0.7564353739438271,0.7564639847496861,0.7563724377883669,0.7564239302274567,30750000,1
1295220540000,1295220599000,0.7564239302274567,0.7564239302274567,0.7563495545101123,0.7563781588242858,31140000,1
1295220600000,1295220659000,0.756332392960058,0.7563838799467506,0.7562809129823181,0.7563838799467506,31150000,1
1295220660000,1295220719000,0.7563609959761596,0.7563781588242858,0.7563209523593433,0.7563552751998669,24760000,1
1295220720000,1295220779000,0.7563552751998669,0.7563838799467506,0.7562923523717328,0.7562923523717328,30750000,1
1295220780000,1295220839000,0.7562980721962139,0.7563838799467506,0.7562980721962139,0.7563495545101123,39380000,1
1295220840000,1295220899000,0.7563724377883669,0.7563724377883669,0.75633811339021,0.7563438339068941,15000000,1
1295220900000,1295220959000,0.7563438339068941,0.7563438339068941,0.7563438339068941,0.7563438339068941,6000000,1
1295220960000,1295221019000,0.75633811339021,0.75633811339021,0.756240877844411,0.7562637545470359,20440000,1
1295221020000,1295221079000,0.7562637545470359,0.7562637545470359,0.7562122839123399,0.7562122839123399,10500000,1
1295221080000,1295221139000,0.7562122839123399,0.7563266726164365,0.7561779740479719,0.7562180025257681,51760000,1
1295221140000,1295221199000,0.7562180025257681,0.7562180025257681,0.7560864962951762,0.7561379498075629,62010000,1
1295221200000,1295221259000,0.7561379498075629,0.7561951285909816,0.7561379498075629,0.7561951285909816,19580000,1
1295221260000,1295221319000,0.7561951285909816,0.7562122839123399,0.7560750631322678,0.7561551025346318,15920000,1
1295221320000,1295221379000,0.756172256039926,0.7562809129823181,0.756172256039926,0.7562180025257681,18950000,1
1295221380000,1295221439000,0.7562180025257681,0.7562580352416244,0.7562180025257681,0.7562580352416244,4500000,1
1295221440000,1295221499000,0.7562751934173807,0.7564582624153713,0.7562751934173807,0.75644681800646,31540000,1
1295221500000,1295221559000,0.7564525401676299,0.756475429678044,0.7562923523717328,0.7562923523717328,19890000,1
1295221560000,1295221619000,0.7563209523593433,0.7563209523593433,0.7562351588850068,0.7562351588850068,14630000,1
1295221620000,1295221679000,0.7562122839123399,0.7562809129823181,0.7561093636583596,0.7562351588850068,67920000,1
1295221680000,1295221739000,0.7562523160227178,0.7562523160227178,0.756132232404803,0.7562294400120997,20260000,1
1295221740000,1295221799000,0.7562008469449486,0.7562237212256874,0.756132232404803,0.7561551025346318,39220000,1
1295221800000,1295221859000,0.7561836921424953,0.7562180025257681,0.7561779740479719,0.7561779740479719,41640000,1
1295221860000,1295221919000,0.7562008469449486,0.7562351588850068,0.756172256039926,0.756172256039926,24010000,1
1295221920000,1295221979000,0.7561951285909816,0.7563667168389923,0.7561894103234978,0.7563209523593433,59460000,1
1295221980000,1295222039000,0.7563037921072137,0.75633811339021,0.7562809129823181,0.75633811339021,8630000,1
1295222040000,1295222099000,0.75633811339021,0.75633811339021,0.7562923523717328,0.7562923523717328,9000000,1
1295222100000,1295222159000,0.7562923523717328,0.7565326595149112,0.7562923523717328,0.7565154896546507,16500000,1
1295222160000,1295222219000,0.7565154896546507,0.7565956223377291,0.7563781588242858,0.7565956223377291,40140000,1
1295222220000,1295222279000,0.7565727255532438,0.7565727255532438,0.7563896011557633,0.75642965204236,29260000,1
1295222280000,1295222339000,0.75642965204236,0.7564410959318598,0.7563438339068941,0.756418208499115,26630000,1
1295222340000,1295222399000,0.7564239302274567,0.7566356950455495,0.7564239302274567,0.7566356950455495,23640000,1
1295222400000,1295222459000,0.756618520508145,0.7568762204629055,0.7565956223377291,0.7568762204629055,57000000,1
1295222460000,1295222519000,0.7568934067015342,0.7569678894221308,0.7568876778686043,0.7569449701006737,27000000,1
1295222520000,1295222579000,0.7569506998009219,0.7570653120244684,0.7569220521670679,0.7570653120244684,31000000,1
1295222580000,1295222639000,0.7570653120244684,0.7570653120244684,0.7569564295879129,0.7570423868032371,73000000,1
1295222640000,1295222699000,0.7570251937984497,0.7571455612341472,0.7570251937984497,0.7570825068515967,91000000,1
1295222700000,1295222759000,0.7570882386342128,0.757134096019746,0.7569105937206698,0.7570080015745766,117000000,1
1295222760000,1295222819000,0.7570080015745766,0.7571455612341472,0.757002271006813,0.7570939705036189,155000000,1
1295222820000,1295222879000,0.7570767751557685,0.757099702459817,0.7570080015745766,0.7570080015745766,57000000,1
1295222880000,1295222939000,0.756990810131565,0.7572143598131195,0.7569793496033428,0.7571226311525678,62000000,1
1295222940000,1295222999000,0.7571226311525678,0.7572430295779127,0.7571226311525678,0.7572430295779127,72000000,1
1295223000000,1295223059000,0.7572602324788914,0.7572717015137861,0.7572028925150494,0.7572315614114796,50000000,1
1295223060000,1295223119000,0.7572143598131195,0.7572315614114796,0.7572143598131195,0.7572315614114796,5000000,1
1295223120000,1295223179000,0.757248763791393,0.757248763791393,0.7571971589962595,0.7571971589962595,23000000,1
1295223180000,1295223239000,0.7571971589962595,0.7571971589962595,0.7571742257893541,0.7571856922191598,17000000,1
1295223240000,1295223299000,0.7571742257893541,0.7571914255642969,0.757128363542755,0.7571512939715613,49000000,1
1295223300000,1295223359000,0.7571512939715613,0.7572717015137861,0.7571512939715613,0.7572717015137861,36000000,1
1295223360000,1295223419000,0.7572602324788914,0.7572602324788914,0.7572200935924036,0.7572315614114796,14000000,1
1295223420000,1295223479000,0.7572430295779127,0.7572430295779127,0.7571570267957872,0.7572200935924036,43000000,1
1295223480000,1295223539000,0.7572200935924036,0.7572889057175313,0.7572200935924036,0.7572889057175313,32000000,1
1295223540000,1295223599000,0.7572889057175313,0.7574437787355234,0.7572889057175313,0.7574265674942814,44000000,1
1295223600000,1295223659000,0.7574495159897593,0.7574495159897593,0.7573347874161253,0.7573978838303125,45000000,1
1295223660000,1295223719000,0.7574150937679887,0.7574150937679887,0.7571398285835429,0.7571627597068267,38000000,1
1295223720000,1295223779000,0.7571627597068267,0.7573118458718932,0.7571627597068267,0.7572946406258283,32000000,1
1295223780000,1295223839000,0.7572831708960931,0.7572831708960931,0.7571398285835429,0.7571627597068267,51000000,1
1295223840000,1295223899000,0.7571627597068267,0.7571971589962595,0.7571168988491823,0.7571971589962595,26000000,1
1295223900000,1295223959000,0.7571971589962595,0.7571971589962595,0.7571627597068267,0.7571627597068267,31000000,1
1295223960000,1295224019000,0.7571627597068267,0.7571914255642969,0.7571398285835429,0.7571398285835429,20000000,1
1295224020000,1295224079000,0.757134096019746,0.7574782035646924,0.757134096019746,0.7573061107030072,65000000,1
1295224080000,1295224139000,0.7573921473582163,0.7575528014302596,0.7573175811276459,0.7575183698204682,102000000,1
1295224140000,1295224199000,0.7575298466759591,0.7578111383081109,0.7575298466759591,0.7575929755979302,104000000,1
1295224200000,1295224259000,0.7575929755979302,0.757610194402776,0.7575298466759591,0.7575298466759591,33000000,1
1295224260000,1295224319000,0.7575068933127291,0.7575126315231308,0.7574380415681997,0.7575126315231308,27000000,1
1295224320000,1295224379000,0.7575126315231308,0.7575355852341163,0.7574093570351969,0.7574265674942814,45000000,1
1295224380000,1295224439000,0.7574265674942814,0.7574265674942814,0.7573519944864775,0.7573519944864775,26000000,1
1295224440000,1295224499000,0.7573806746747049,0.7573921473582163,0.7573577303503536,0.7573864109730143,32000000,1
1295224500000,1295224559000,0.7573864109730143,0.7574208305876828,0.7573577303503536,0.7573806746747049,39000000,1
1295224560000,1295224619000,0.7573806746747049,0.7574724658758655,0.7573634663011125,0.7574552533309095,73000000,1
1295224620000,1295224679000,0.7574495159897593,0.7574552533309095,0.7574036203893054,0.7574495159897593,21000000,1
1295224680000,1295224739000,0.7574495159897593,0.7575241082047436,0.7574495159897593,0.7575126315231308,45000000,1
1295224740000,1295224799000,0.7575126315231308,0.7575814968295215,0.7575126315231308,0.7575700184089516,29000000,1
1295224800000,1295224859000,0.7575700184089516,0.7576503746581102,0.7575642793291011,0.7575814968295215,37000000,1
1295224860000,1295224919000,0.757587236170245,0.757587236170245,0.7574150937679887,0.7574150937679887,37000000,1
1295224920000,1295224979000,0.7574150937679887,0.7574150937679887,0.7573749384632863,0.7573749384632863,5000000,1
1295224980000,1295225039000,0.7573692023387562,0.7573692023387562,0.7572430295779127,0.7572430295779127,28000000,1
1295225040000,1295225099000,0.7572430295779127,0.7573462587094819,0.757134096019746,0.757134096019746,83000000,1
1295225100000,1295225159000,0.757128363542755,0.757128363542755,0.7570653120244684,0.757099702459817,31000000,1
1295225160000,1295225219000,0.757099702459817,0.7572659669529131,0.757099702459817,0.757248763791393,48000000,1
1295225220000,1295225279000,0.757248763791393,0.7572544980917187,0.7571971589962595,0.7572544980917187,15000000,1
1295225280000,1295225339000,0.7572315614114796,0.7572430295779127,0.7571684927046816,0.7571684927046816,19000000,1
1295225340000,1295225399000,0.7571570267957872,0.7571570267957872,0.7570366557148697,0.7570481179783787,89000000,1
1295225400000,1295225459000,0.7570481179783787,0.7571856922191598,0.7570481179783787,0.7571168988491823,72000000,1
1295225460000,1295225519000,0.757099702459817,0.7571168988491823,0.7570080015745766,0.7570595805889924,111000000,1
1295225520000,1295225579000,0.7570595805889924,0.7571054345028088,0.7570080015745766,0.7570825068515967,90000000,1
1295225580000,1295225639000,0.7570767751557685,0.7571226311525678,0.7570309247132745,0.7570882386342128,45000000,1
1295225640000,1295225699000,0.7570653120244684,0.7572315614114796,0.757019462970393,0.7572028925150494,110000000,1
1295225700000,1295225759000,0.7571742257893541,0.7572372954512756,0.7571226311525678,0.757225827458523,71000000,1
1295225760000,1295225819000,0.757225827458523,0.7572774361615122,0.757225827458523,0.7572659669529131,15000000,1
1295225820000,1295225879000,0.7572659669529131,0.7572659669529131,0.757225827458523,0.757225827458523,13000000,1
1295225880000,1295225939000,0.757225827458523,0.7573118458718932,0.7572028925150494,0.7573118458718932,22000000,1
1295225940000,1295225999000,0.7573175811276459,0.7573519944864775,0.7572315614114796,0.7573347874161253,92000000,1
1295226000000,1295226059000,0.7573347874161253,0.7573519944864775,0.7572430295779127,0.7573519944864775,86000000,1
1295226060000,1295226119000,0.7573577303503536,0.7574954171527262,0.75732905189976,0.7573519944864775,68000000,1
1295226120000,1295226179000,0.7573347874161253,0.7573347874161253,0.757134096019746,0.7571398285835429,57000000,1
1295226180000,1295226239000,0.7571398285835429,0.7571799589608462,0.757134096019746,0.7571512939715613,21000000,1
1295226240000,1295226299000,0.7571512939715613,0.7571512939715613,0.7570538492402964,0.7570882386342128,30000000,1
1295226300000,1295226359000,0.7570882386342128,0.757134096019746,0.7570767751557685,0.757099702459817,27000000,1
1295226360000,1295226419000,0.757099702459817,0.7572143598131195,0.757099702459817,0.7572143598131195,39000000,1
1295226420000,1295226479000,0.7572143598131195,0.7573233164702674,0.7572143598131195,0.7573233164702674,34000000,1
1295226480000,1295226539000,0.75732905189976,0.7574036203893054,0.7572086261206687,0.7572889057175313,40000000,1
1295226540000,1295226599000,0.7572946406258283,0.7575011551892616,0.7572946406258283,0.7574839413404436,61000000,1
1295226600000,1295226659000,0.7574839413404436,0.7575642793291011,0.7574323044877864,0.7575068933127291,61000000,1
1295226660000,1295226719000,0.7575068933127291,0.7575068933127291,0.7574036203893054,0.7574150937679887,40000000,1
1295226720000,1295226779000,0.7574495159897593,0.7575126315231308,0.7574495159897593,0.7575068933127291,12000000,1
1295226780000,1295226839000,0.7575183698204682,0.7580466653527191,0.7575183698204682,0.7579777154551657,85000000,1
1295226840000,1295226899000,0.7579604799405759,0.7580064430547659,0.7577939103681363,0.757822624036618,97000000,1
1295226900000,1295226959000,0.7578398532822045,0.7579662250250129,0.757816881128844,0.7579489900329708,45000000,1
1295226960000,1295227019000,0.7579892062337032,0.7583398424169807,0.7579892062337032,0.7583398424169807,131000000,1
1295227020000,1295227079000,0.7582420915349852,0.7582708391783378,0.7581501137225171,0.7581501137225171,116000000,1
1295227080000,1295227139000,0.758138618064927,0.758138618064927,0.7579317558247055,0.757937500473711,71000000,1
1295227140000,1295227199000,0.757937500473711,0.7579662250250129,0.7578513398811689,0.7578570833112291,64000000,1
1295227200000,1295227259000,0.7578800579020365,0.7579317558247055,0.7578341101132962,0.7578685704325155,62000000,1
1295227260000,1295227319000,0.7578685704325155,0.7578685704325155,0.7577020412492992,0.7577135236709704,42000000,1
1295227320000,1295227379000,0.7577192650123129,0.7577422312477742,0.7576274139903478,0.7576561150425045,40000000,1
1295227380000,1295227439000,0.7576561150425045,0.757822624036618,0.7576561150425045,0.757822624036618,71000000,1
1295227440000,1295227499000,0.7577939103681363,0.7580006973606415,0.7577422312477742,0.7579892062337032,158000000,1
1295227500000,1295227559000,0.758075398179103,0.7581041331837342,0.7579777154551657,0.7579834608008853,93000000,1
1295227560000,1295227619000,0.7579834608008853,0.7580236806597838,0.7578398532822045,0.7578685704325155,61000000,1
1295227620000,1295227679000,0.7578570833112291,0.7578743141237457,0.7577594568380214,0.7577594568380214,32000000,1
1295227680000,1295227739000,0.7577766832114576,0.757799652927759,0.7577479730241721,0.7577651988754766,15000000,1
1295227740000,1295227799000,0.7577709409999545,0.7577824255099876,0.7577537148875872,0.7577709409999545,8000000,1
1295227800000,1295227859000,0.7577939103681363,0.7579489900329708,0.7577537148875872,0.7579489900329708,47000000,1
1295227860000,1295227919000,0.7579489900329708,0.7579719701965422,0.7578570833112291,0.7579489900329708,48000000,1
1295227920000,1295227979000,0.7579317558247055,0.7579317558247055,0.7579030338858446,0.7579030338858446,5000000,1
1295227980000,1295228039000,0.7579260112627805,0.7580696514395743,0.7579260112627805,0.7580696514395743,29000000,1
1295228040000,1295228099000,0.7580811450057614,0.7581673578625746,0.7580639047871736,0.7580868919195518,53000000,1
1295228100000,1295228159000,0.7580639047871736,0.7581098804460719,0.7579892062337032,0.7580811450057614,44000000,1
1295228160000,1295228219000,0.7580811450057614,0.7580811450057614,0.7579030338858446,0.7579030338858446,48000000,1
1295228220000,1295228279000,0.7578858017673896,0.757937500473711,0.7578111383081109,0.7578455965381613,41000000,1
1295228280000,1295228339000,0.7578341101132962,0.7579145224001638,0.7578053955744164,0.7578915457198074,53000000,1
1295228340000,1295228399000,0.7578915457198074,0.757920266787934,0.7578283670314346,0.7578972897592918,48000000,1
1295228400000,1295228459000,0.7578972897592918,0.7578972897592918,0.7578628268283442,0.7578628268283442,13000000,1
1295228460000,1295228519000,0.7578455965381613,0.7578455965381613,0.7576848182692963,0.7576848182692963,53000000,1
1295228520000,1295228579000,0.7576733367176075,0.7577135236709704,0.7576388941502701,0.7576905591756327,37000000,1
1295228580000,1295228639000,0.7577020412492992,0.7578053955744164,0.7577020412492992,0.7577824255099876,45000000,1
1295228640000,1295228699000,0.7577651988754766,0.7577709409999545,0.7577307479560212,0.7577307479560212,18000000,1
1295228700000,1295228759000,0.7577479730241721,0.7577479730241721,0.7577250064406627,0.7577250064406627,12000000,1
1295228760000,1295228819000,0.7577364895583911,0.7577709409999545,0.7577364895583911,0.7577479730241721,16000000,1
1295228820000,1295228879000,0.7577307479560212,0.7577422312477742,0.7576561150425045,0.7576561150425045,20000000,1
1295228880000,1295228939000,0.7576790774499553,0.7577479730241721,0.7576790774499553,0.7577479730241721,59000000,1
1295228940000,1295228999000,0.7577479730241721,0.7577939103681363,0.7577307479560212,0.7577824255099876,43000000,1
1295229000000,1295229059000,0.7577939103681363,0.7579317558247055,0.7577939103681363,0.7579087780994679,33000000,1
1295229060000,1295229119000,0.7578743141237457,0.7579547349432292,0.7578743141237457,0.7579547349432292,54000000,1
1295229120000,1295229179000,0.7579892062337032,0.7580409190488102,0.7579547349432292,0.7579834608008853,69000000,1
1295229180000,1295229239000,0.7579777154551657,0.7580351728320195,0.7579662250250129,0.7580351728320195,108000000,1
1295229240000,1295229299000,0.7580294267023446,0.7580294267023446,0.7580006973606415,0.7580179347043352,11000000,1
1295229300000,1295229359000,0.7579949517536213,0.7580064430547659,0.7579949517536213,0.7580064430547659,12000000,1
1295229360000,1295229419000,0.7580064430547659,0.7580639047871736,0.7579030338858446,0.7579777154551657,42000000,1
1295229420000,1295229479000,0.7579604799405759,0.7579719701965422,0.7579432452097986,0.7579489900329708,21000000,1
1295229480000,1295229539000,0.7579489900329708,0.7579489900329708,0.7579087780994679,0.7579317558247055,15000000,1
1295229540000,1295229599000,0.757920266787934,0.757920266787934,0.7578915457198074,0.7578915457198074,4000000,1
1295229600000,1295229659000,0.7579030338858446,0.7579030338858446,0.757816881128844,0.757822624036618,155000000,1
1295229660000,1295229719000,0.7578283670314346,0.7578570833112291,0.757816881128844,0.7578283670314346,115000000,1
1295229720000,1295229779000,0.757816881128844,0.7578455965381613,0.757816881128844,0.757816881128844,20000000,1
1295229780000,1295229839000,0.7578053955744164,0.7578053955744164,0.7577651988754766,0.7577709409999545,17000000,1
1295229840000,1295229899000,0.7577824255099876,0.7577824255099876,0.7576675960722512,0.7577537148875872,79000000,1
1295229900000,1295229959000,0.7577537148875872,0.7577881678955465,0.7577537148875872,0.7577594568380214,9000000,1
1295229960000,1295230019000,0.7577594568380214,0.7577594568380214,0.7576446343606995,0.7576446343606995,21000000,1
1295230020000,1295230079000,0.7576446343606995,0.7577422312477742,0.7576446343606995,0.7577422312477742,25000000,1
1295230080000,1295230139000,0.7577364895583911,0.7577651988754766,0.7575642793291011,0.7576618555138842,54000000,1
1295230140000,1295230199000,0.7576848182692963,0.7576848182692963,0.7576044547141938,0.7576159341783276,19000000,1
1295230200000,1295230259000,0.7576159341783276,0.7576561150425045,0.7575929755979302,0.757621674040851,65000000,1
1295230260000,1295230319000,0.7575987151125791,0.7577135236709704,0.7575929755979302,0.7576503746581102,77000000,1
1295230320000,1295230379000,0.7576446343606995,0.7576446343606995,0.757621674040851,0.7576388941502701,9000000,1
1295230380000,1295230439000,0.7576446343606995,0.7576446343606995,0.757610194402776,0.7576159341783276,14000000,1
1295230440000,1295230499000,0.757621674040851,0.7576446343606995,0.7575987151125791,0.7576274139903478,31000000,1
1295230500000,1295230559000,0.7576274139903478,0.7576618555138842,0.7576274139903478,0.7576618555138842,19000000,1
1295230560000,1295230619000,0.7576675960722512,0.7576675960722512,0.7576503746581102,0.7576503746581102,3000000,1
1295230620000,1295230679000,0.7576503746581102,0.7577077824166332,0.7576159341783276,0.7577020412492992,61000000,1
1295230680000,1295230739000,0.7577077824166332,0.757799652927759,0.7577077824166332,0.7577422312477742,53000000,1
1295230740000,1295230799000,0.7577479730241721,0.7578513398811689,0.7577479730241721,0.757816881128844,56000000,1
1295230800000,1295230859000,0.757816881128844,0.7580236806597838,0.757816881128844,0.7580121888359965,111000000,1
1295230860000,1295230919000,0.7580006973606415,0.758075398179103,0.757937500473711,0.757937500473711,73000000,1
1295230920000,1295230979000,0.757937500473711,0.7580121888359965,0.757937500473711,0.7580064430547659,22000000,1
1295230980000,1295231039000,0.7580179347043352,0.7580179347043352,0.7579087780994679,0.757937500473711,104000000,1
1295231040000,1295231099000,0.7579547349432292,0.7580294267023446,0.7579432452097986,0.7580006973606415,75000000,1
1295231100000,1295231159000,0.7580006973606415,0.7580179347043352,0.7578628268283442,0.7579030338858446,76000000,1
1295231160000,1295231219000,0.7579030338858446,0.7579260112627805,0.7578800579020365,0.7578800579020365,23000000,1
1295231220000,1295231279000,0.7578800579020365,0.757937500473711,0.7578570833112291,0.7578743141237457,76000000,1
1295231280000,1295231339000,0.7579030338858446,0.7579489900329708,0.7578743141237457,0.7578972897592918,18000000,1
1295231340000,1295231399000,0.7578972897592918,0.7578972897592918,0.7578743141237457,0.7578743141237457,3000000,1
1295231400000,1295231459000,0.7578972897592918,0.7579662250250129,0.7578972897592918,0.7579087780994679,64000000,1
1295231460000,1295231519000,0.7579087780994679,0.7579260112627805,0.7578455965381613,0.7578800579020365,37000000,1
1295231520000,1295231579000,0.7578800579020365,0.7578800579020365,0.7578455965381613,0.7578513398811689,13000000,1
1295231580000,1295231639000,0.7578513398811689,0.7579260112627805,0.7578513398811689,0.7579260112627805,44000000,1
1295231640000,1295231699000,0.7579145224001638,0.7579604799405759,0.7579087780994679,0.7579260112627805,45000000,1
1295231700000,1295231759000,0.7579260112627805,0.757937500473711,0.7578800579020365,0.7579317558247055,32000000,1
1295231760000,1295231819000,0.7579317558247055,0.7580121888359965,0.7579317558247055,0.7579662250250129,38000000,1
1295231820000,1295231879000,0.7579777154551657,0.758138618064927,0.757937500473711,0.7581213752321746,203000000,1
1295231880000,1295231939000,0.7581041331837342,0.7581960998392624,0.7581041331837342,0.7581673578625746,70000000,1
1295231940000,1295231999000,0.7581673578625746,0.7582305930879699,0.7581673578625746,0.7582190949896882,86000000,1
1295232000000,1295232059000,0.7582190949896882,0.7583340916674249,0.7581846027870865,0.7582650894752806,54000000,1
1295232060000,1295232119000,0.7582593398594187,0.7582593398594187,0.7580236806597838,0.7581616097287297,69000000,1
1295232120000,1295232179000,0.7581616097287297,0.7583168399420646,0.758138618064927,0.7583168399420646,69000000,1
1295232180000,1295232239000,0.758288088810701,0.7583340916674249,0.7582075972401243,0.7582075972401243,88000000,1
1295232240000,1295232299000,0.7582075972401243,0.7582305930879699,0.7581673578625746,0.7581788543917509,40000000,1
1295232300000,1295232359000,0.7581788543917509,0.7581903512695898,0.7581558616820445,0.7581558616820445,24000000,1
1295232360000,1295232419000,0.7581788543917509,0.7582075972401243,0.7581156277955514,0.7581213752321746,37000000,1
1295232420000,1295232479000,0.7581213752321746,0.7581558616820445,0.7581156277955514,0.7581558616820445,13000000,1
1295232480000,1295232539000,0.7581558616820445,0.7581558616820445,0.7580983860085362,0.7580983860085362,16000000,1
1295232540000,1295232599000,0.7581098804460719,0.7581443658501452,0.7580868919195518,0.7580868919195518,31000000,1
1295232600000,1295232659000,0.7580926389204761,0.7581271227559437,0.7580409190488102,0.7580581582218987,20000000,1
1295232660000,1295232719000,0.7580466653527191,0.7580466653527191,0.7579719701965422,0.7579949517536213,25000000,1
1295232720000,1295232779000,0.7579892062337032,0.7579892062337032,0.7579317558247055,0.757937500473711,59000000,1
1295232780000,1295232839000,0.757920266787934,0.7580696514395743,0.757920266787934,0.7579892062337032,119000000,1
1295232840000,1295232899000,0.7580064430547659,0.7580351728320195,0.7580006973606415,0.7580351728320195,16000000,1
1295232900000,1295232959000,0.7580064430547659,0.7580179347043352,0.7579719701965422,0.7580064430547659,35000000,1
1295232960000,1295233019000,0.7580064430547659,0.7580064430547659,0.7579489900329708,0.7579489900329708,24000000,1
1295233020000,1295233079000,0.7579547349432292,0.7579834608008853,0.757937500473711,0.7579834608008853,23000000,1
1295233080000,1295233139000,0.7580179347043352,0.7580351728320195,0.7579547349432292,0.7579547349432292,28000000,1
1295233140000,1295233199000,0.7579547349432292,0.7579547349432292,0.7579547349432292,0.7579547349432292,3000000,1
1295233200000,1295233259000,0.7579547349432292,0.7579547349432292,0.7578570833112291,0.7578915457198074,49000000,1
1295233260000,1295233319000,0.7578972897592918,0.7580466653527191,0.7578972897592918,0.7580466653527191,29000000,1
1295233320000,1295233379000,0.758075398179103,0.7580983860085362,0.7580581582218987,0.7580581582218987,14000000,1
1295233380000,1295233439000,0.7580581582218987,0.7580868919195518,0.7580466653527191,0.758075398179103,29000000,1
1295233440000,1295233499000,0.7580639047871736,0.7580639047871736,0.7579145224001638,0.7579432452097986,45000000,1
1295233500000,1295233559000,0.757920266787934,0.7579489900329708,0.757920266787934,0.7579489900329708,14000000,1
1295233560000,1295233619000,0.7579604799405759,0.7579719701965422,0.7579489900329708,0.7579662250250129,9000000,1
1295233620000,1295233679000,0.7579662250250129,0.7581041331837342,0.7579432452097986,0.7581041331837342,39000000,1
1295233680000,1295233739000,0.7581041331837342,0.7582535903307501,0.7581041331837342,0.7581903512695898,44000000,1
1295233740000,1295233799000,0.7581788543917509,0.7581788543917509,0.758138618064927,0.758138618064927,13000000,1
1295233800000,1295233859000,0.758138618064927,0.758138618064927,0.7580868919195518,0.7580983860085362,14000000,1
1295233860000,1295233919000,0.7581213752321746,0.7581616097287297,0.7580581582218987,0.758075398179103,45000000,1
1295233920000,1295233979000,0.758075398179103,0.7581041331837342,0.7580121888359965,0.7580581582218987,45000000,1
1295233980000,1295234039000,0.7580466653527191,0.7580581582218987,0.7580179347043352,0.7580581582218987,27000000,1
1295234040000,1295234099000,0.7580581582218987,0.7580581582218987,0.7580409190488102,0.7580466653527191,9000000,1
1295234100000,1295234159000,0.7580696514395743,0.7580696514395743,0.7579892062337032,0.7580006973606415,20000000,1
1295234160000,1295234219000,0.7580006973606415,0.7580409190488102,0.7580006973606415,0.7580294267023446,19000000,1
1295234220000,1295234279000,0.7580294267023446,0.7581041331837342,0.7580179347043352,0.7580466653527191,52000000,1
1295234280000,1295234339000,0.7580466653527191,0.7581041331837342,0.7579719701965422,0.758075398179103,59000000,1
1295234340000,1295234399000,0.7580696514395743,0.7581098804460719,0.7580179347043352,0.7580466653527191,76000000,1
1295234400000,1295234459000,0.7580466653527191,0.7580466653527191,0.7580121888359965,0.7580121888359965,10000000,1
1295234460000,1295234519000,0.7579892062337032,0.7579892062337032,0.7579892062337032,0.7579892062337032,3000000,1
1295234520000,1295234579000,0.7579604799405759,0.7579604799405759,0.7579604799405759,0.7579604799405759,2000000,1
1295234580000,1295234639000,0.7579547349432292,0.7579547349432292,0.7578628268283442,0.7578858017673896,56000000,1
1295234640000,1295234699000,0.7578800579020365,0.7578800579020365,0.7578685704325155,0.7578800579020365,19000000,1
1295234700000,1295234759000,0.7578858017673896,0.7579087780994679,0.7578858017673896,0.7578858017673896,9000000,1
1295234760000,1295234819000,0.7578858017673896,0.7579030338858446,0.7578398532822045,0.7578398532822045,22000000,1
1295234820000,1295234879000,0.7578341101132962,0.7578513398811689,0.757816881128844,0.7578341101132962,13000000,1
1295234880000,1295234939000,0.7578283670314346,0.7578398532822045,0.7578053955744164,0.757822624036618,19000000,1
1295234940000,1295234999000,0.7578398532822045,0.7578513398811689,0.7578053955744164,0.7578053955744164,28000000,1
1295235000000,1295235059000,0.7578053955744164,0.7578053955744164,0.7577307479560212,0.7577307479560212,43000000,1
1295235060000,1295235119000,0.7577250064406627,0.7577307479560212,0.7577135236709704,0.7577307479560212,15000000,1
1295235120000,1295235179000,0.7577135236709704,0.7577422312477742,0.7577077824166332,0.7577307479560212,33000000,1
1295235180000,1295235239000,0.7577422312477742,0.7578455965381613,0.7577422312477742,0.7577651988754766,53000000,1
1295235240000,1295235299000,0.7577824255099876,0.7577881678955465,0.7577422312477742,0.7577881678955465,38000000,1
1295235300000,1295235359000,0.7577709409999545,0.7577881678955465,0.7576790774499553,0.7576790774499553,31000000,1
1295235360000,1295235419000,0.7576905591756327,0.7577364895583911,0.7576733367176075,0.7577192650123129,18000000,1
1295235420000,1295235479000,0.7577307479560212,0.7577364895583911,0.7577307479560212,0.7577364895583911,3000000,1
1295235480000,1295235539000,0.7577307479560212,0.7577307479560212,0.7577307479560212,0.7577307479560212,2000000,1
1295235540000,1295235599000,0.7577364895583911,0.7577364895583911,0.7577192650123129,0.7577192650123129,5000000,1
1295235600000,1295235659000,0.7577537148875872,0.7577766832114576,0.7577422312477742,0.7577422312477742,10000000,1
1295235660000,1295235719000,0.7577537148875872,0.7577766832114576,0.7577422312477742,0.7577422312477742,13000000,1
1295235720000,1295235779000,0.7577250064406627,0.7577479730241721,0.7577250064406627,0.7577364895583911,10000000,1
1295235780000,1295235839000,0.7577594568380214,0.7577709409999545,0.7577479730241721,0.7577709409999545,7000000,1
1295235840000,1295235899000,0.7577709409999545,0.7577939103681363,0.7577709409999545,0.7577939103681363,11000000,1
1295235900000,1295235959000,0.7578111383081109,0.757937500473711,0.7578111383081109,0.7578570833112291,52000000,1
1295235960000,1295236019000,0.7578628268283442,0.7578800579020365,0.757816881128844,0.7578800579020365,41000000,1
1295236020000,1295236079000,0.7578800579020365,0.7580064430547659,0.7578398532822045,0.7578858017673896,50000000,1
1295236080000,1295236139000,0.7579030338858446,0.7579030338858446,0.7578398532822045,0.7578513398811689,20000000,1
1295236140000,1295236199000,0.7578513398811689,0.7578915457198074,0.7578053955744164,0.7578513398811689,61000000,1
1295236200000,1295236259000,0.7578685704325155,0.7579547349432292,0.7578455965381613,0.7579145224001638,52000000,1
1295236260000,1295236319000,0.7579145224001638,0.7581788543917509,0.7579145224001638,0.7580926389204761,89000000,1
1295236320000,1295236379000,0.7581156277955514,0.758173106083581,0.7581156277955514,0.7581328703668605,40000000,1
1295236380000,1295236439000,0.7581328703668605,0.7583110895413735,0.7581328703668605,0.7582478408892731,93000000,1
1295236440000,1295236499000,0.7582478408892731,0.7582765889685922,0.7581041331837342,0.7581098804460719,65000000,1
1295236500000,1295236559000,0.7581098804460719,0.7583053392278936,0.7580983860085362,0.7581501137225171,49000000,1
1295236560000,1295236619000,0.7581558616820445,0.7581960998392624,0.7580983860085362,0.7581960998392624,53000000,1
1295236620000,1295236679000,0.7581903512695898,0.7581903512695898,0.7581156277955514,0.7581443658501452,32000000,1
1295236680000,1295236739000,0.7581443658501452,0.7581960998392624,0.7581041331837342,0.7581616097287297,45000000,1
1295236740000,1295236799000,0.7581616097287297,0.7581788543917509,0.7581558616820445,0.7581558616820445,13000000,1
1295236800000,1295236859000,0.7581558616820445,0.7581616097287297,0.7581558616820445,0.7581616097287297,6000000,1
1295236860000,1295236919000,0.7581616097287297,0.7581903512695898,0.7580466653527191,0.7580466653527191,68000000,1
1295236920000,1295236979000,0.7580466653527191,0.7580466653527191,0.7578858017673896,0.7580006973606415,78000000,1
1295236980000,1295237039000,0.7579719701965422,0.7579892062337032,0.7579317558247055,0.7579892062337032,46000000,1
1295237040000,1295237099000,0.7579834608008853,0.7582248439952384,0.7579834608008853,0.7580466653527191,70000000,1
1295237100000,1295237159000,0.7580466653527191,0.7580466653527191,0.7579777154551657,0.7580179347043352,18000000,1
1295237160000,1295237219000,0.7580179347043352,0.7581443658501452,0.7580064430547659,0.7581443658501452,37000000,1
1295237220000,1295237279000,0.7581443658501452,0.7582995890016228,0.7581443658501452,0.7582478408892731,77000000,1
1295237280000,1295237339000,0.7582478408892731,0.7582478408892731,0.7581558616820445,0.7581558616820445,26000000,1
1295237340000,1295237399000,0.758138618064927,0.7582075972401243,0.758138618064927,0.7581443658501452,77000000,1
1295237400000,1295237459000,0.7581443658501452,0.7582190949896882,0.758138618064927,0.7581788543917509,30000000,1
1295237460000,1295237519000,0.7581673578625746,0.758173106083581,0.7581443658501452,0.758173106083581,16000000,1
1295237520000,1295237579000,0.7581903512695898,0.7581903512695898,0.7581558616820445,0.7581616097287297,12000000,1
1295237580000,1295237639000,0.7581616097287297,0.758173106083581,0.7581558616820445,0.7581673578625746,11000000,1
1295237640000,1295237699000,0.7581673578625746,0.7581960998392624,0.7581616097287297,0.7581960998392624,17000000,1
1295237700000,1295237759000,0.7584951456310679,0.7586102260658474,0.7584376185058779,0.7584951456310679,107000000,1
1295237760000,1295237819000,0.7581616097287297,0.7582995890016228,0.7581443658501452,0.7582535903307501,59000000,1
1295237820000,1295237879000,0.7582535903307501,0.7582708391783378,0.7582248439952384,0.7582305930879699,21000000,1
1295237880000,1295237939000,0.7582248439952384,0.7582478408892731,0.7582248439952384,0.7582305930879699,7000000,1
1295237940000,1295237999000,0.7582305930879699,0.7582478408892731,0.7581960998392624,0.7582420915349852,21000000,1
1295238000000,1295238059000,0.7582593398594187,0.7582593398594187,0.7580811450057614,0.7580811450057614,32000000,1
1295238060000,1295238119000,0.758052411743748,0.7581673578625746,0.758052411743748,0.7581558616820445,26000000,1
1295238120000,1295238179000,0.7581616097287297,0.7581616097287297,0.758138618064927,0.758138618064927,5000000,1
1295238180000,1295238239000,0.7581271227559437,0.7582018484961066,0.7581271227559437,0.7581558616820445,33000000,1
1295238240000,1295238299000,0.7581558616820445,0.7581616097287297,0.7581156277955514,0.7581501137225171,21000000,1
1295238300000,1295238359000,0.758173106083581,0.7581846027870865,0.7581616097287297,0.7581788543917509,15000000,1
1295238360000,1295238419000,0.7581616097287297,0.7581616097287297,0.7580696514395743,0.7580696514395743,29000000,1
1295238420000,1295238479000,0.7580811450057614,0.7581156277955514,0.7580696514395743,0.7581098804460719,25000000,1
1295238480000,1295238539000,0.7581098804460719,0.7581156277955514,0.7580409190488102,0.758052411743748,19000000,1
1295238540000,1295238599000,0.7580294267023446,0.7580409190488102,0.7580179347043352,0.7580409190488102,7000000,1
1295238600000,1295238659000,0.7580409190488102,0.7581041331837342,0.7579834608008853,0.7580064430547659,38000000,1
1295238660000,1295238719000,0.7580236806597838,0.7581098804460719,0.7579547349432292,0.7580581582218987,36000000,1
1295238720000,1295238779000,0.7580639047871736,0.7580639047871736,0.7580236806597838,0.7580294267023446,14000000,1
1295238780000,1295238839000,0.7580236806597838,0.7580236806597838,0.7579604799405759,0.7579719701965422,41000000,1
1295238840000,1295238899000,0.7579662250250129,0.7579949517536213,0.757920266787934,0.7579662250250129,51000000,1
1295238900000,1295238959000,0.7579662250250129,0.7579719701965422,0.757920266787934,0.7579432452097986,21000000,1
1295238960000,1295239019000,0.7579604799405759,0.7579777154551657,0.7579317558247055,0.7579489900329708,35000000,1
1295239020000,1295239079000,0.7579547349432292,0.7579547349432292,0.7579547349432292,0.7579547349432292,3000000,1
1295239080000,1295239139000,0.7579547349432292,0.7579604799405759,0.757937500473711,0.7579604799405759,16000000,1
1295239140000,1295239199000,0.7579604799405759,0.7579949517536213,0.7579604799405759,0.7579834608008853,25000000,1
1295239200000,1295239259000,0.7579777154551657,0.7580121888359965,0.7579604799405759,0.7579892062337032,43000000,1
1295239260000,1295239319000,0.7580121888359965,0.7580121888359965,0.7579719701965422,0.7579719701965422,10000000,1
1295239320000,1295239379000,0.7579719701965422,0.7580064430547659,0.7579260112627805,0.7579834608008853,91000000,1
1295239380000,1295239439000,0.7579949517536213,0.7580179347043352,0.7579547349432292,0.7579719701965422,30000000,1
1295239440000,1295239499000,0.7579719701965422,0.7580179347043352,0.7579260112627805,0.7579777154551657,60000000,1
1295239500000,1295239559000,0.7579662250250129,0.7580006973606415,0.7579662250250129,0.7580006973606415,29000000,1
1295239560000,1295239619000,0.7580006973606415,0.7580006973606415,0.7580006973606415,0.7580006973606415,5000000,1
1295239620000,1295239679000,0.7580294267023446,0.7581213752321746,0.7580294267023446,0.7580926389204761,33000000,1
1295239680000,1295239739000,0.7580926389204761,0.7580926389204761,0.7580926389204761,0.7580926389204761,4000000,1
1295239740000,1295239799000,0.7581213752321746,0.7581558616820445,0.7581213752321746,0.7581558616820445,14000000,1
1295239800000,1295239859000,0.7581501137225171,0.7581616097287297,0.7580811450057614,0.7581328703668605,37000000,1
1295239860000,1295239919000,0.7581271227559437,0.7581616097287297,0.7581271227559437,0.758138618064927,13000000,1
1295239920000,1295239979000,0.7581501137225171,0.7581673578625746,0.7581213752321746,0.7581213752321746,16000000,1
1295239980000,1295240039000,0.7581443658501452,0.7581558616820445,0.7580811450057614,0.7580811450057614,27000000,1
1295240040000,1295240099000,0.7580926389204761,0.758138618064927,0.7580926389204761,0.7581213752321746,23000000,1
1295240100000,1295240159000,0.7581213752321746,0.7581903512695898,0.7581098804460719,0.7581846027870865,17000000,1
1295240160000,1295240219000,0.7581846027870865,0.7581960998392624,0.758052411743748,0.758052411743748,25000000,1
1295240220000,1295240279000,0.7580409190488102,0.7580409190488102,0.7580236806597838,0.7580294267023446,12000000,1
1295240280000,1295240339000,0.758052411743748,0.758075398179103,0.758052411743748,0.758075398179103,20000000,1
1295240340000,1295240399000,0.758075398179103,0.758075398179103,0.7580581582218987,0.7580581582218987,3000000,1
1295240400000,1295240459000,0.7580696514395743,0.7580983860085362,0.7580696514395743,0.7580868919195518,16000000,1
1295240460000,1295240519000,0.7580926389204761,0.7581271227559437,0.7580811450057614,0.7581271227559437,14000000,1
1295240520000,1295240579000,0.7581271227559437,0.7581271227559437,0.7580581582218987,0.7580581582218987,8000000,1
1295240580000,1295240639000,0.7580581582218987,0.7581041331837342,0.7580409190488102,0.7580409190488102,21000000,1
1295240640000,1295240699000,0.7580409190488102,0.7580639047871736,0.7579834608008853,0.7580409190488102,17000000,1
1295240700000,1295240759000,0.7580179347043352,0.7580179347043352,0.7579719701965422,0.7579719701965422,9000000,1
1295240760000,1295240819000,0.7579604799405759,0.7580409190488102,0.7579604799405759,0.7580409190488102,65000000,1
1295240820000,1295240879000,0.7580409190488102,0.7580409190488102,0.7579145224001638,0.7579834608008853,51000000,1
1295240880000,1295240939000,0.7579547349432292,0.7580466653527191,0.7578628268283442,0.7580121888359965,75000000,1
1295240940000,1295240999000,0.7580351728320195,0.7581271227559437,0.7580294267023446,0.7580294267023446,47000000,1
1295241000000,1295241059000,0.7580294267023446,0.7581271227559437,0.7580294267023446,0.7581041331837342,60000000,1
1295241060000,1295241119000,0.7580811450057614,0.7582420915349852,0.758075398179103,0.7581960998392624,103000000,1
1295241120000,1295241179000,0.7582018484961066,0.7582018484961066,0.7581960998392624,0.7582018484961066,14000000,1
1295241180000,1295241239000,0.7581960998392624,0.7582765889685922,0.7581501137225171,0.7582765889685922,130000000,1
1295241240000,1295241299000,0.7582995890016228,0.7583168399420646,0.7582420915349852,0.7583168399420646,97000000,1
1295241300000,1295241359000,0.7583168399420646,0.758587207185338,0.7583168399420646,0.7584836395078959,131000000,1
1295241360000,1295241419000,0.7584951456310679,0.758529666095241,0.7584203620698808,0.7584721337338066,54000000,1
1295241420000,1295241479000,0.7584721337338066,0.7585066521033389,0.7584721337338066,0.7584951456310679,25000000,1
1295241480000,1295241539000,0.7585008988235651,0.7585008988235651,0.7584433708257173,0.7584893925258455,30000000,1
1295241540000,1295241599000,0.7584893925258455,0.7584893925258455,0.7583570951889825,0.7583858515535534,34000000,1
1295241600000,1295241659000,0.7583858515535534,0.7583858515535534,0.7583283410050884,0.7583513441777575,27000000,1
1295241660000,1295241719000,0.7583513441777575,0.7583513441777575,0.7582018484961066,0.7582708391783378,40000000,1
1295241720000,1295241779000,0.7582708391783378,0.7582708391783378,0.7582593398594187,0.7582593398594187,9000000,1
1295241780000,1295241839000,0.7582593398594187,0.7582593398594187,0.7582018484961066,0.7582478408892731,37000000,1
1295241840000,1295241899000,0.7582535903307501,0.7583801001061732,0.7582535903307501,0.7583801001061732,23000000,1
1295241900000,1295241959000,0.7583801001061732,0.7583801001061732,0.7582650894752806,0.758288088810701,41000000,1
1295241960000,1295242019000,0.758288088810701,0.7583455932537576,0.7582708391783378,0.7583168399420646,72000000,1
1295242020000,1295242079000,0.7583168399420646,0.7583340916674249,0.7582708391783378,0.7582708391783378,18000000,1
1295242080000,1295242139000,0.7583053392278936,0.7583283410050884,0.7582248439952384,0.7583168399420646,24000000,1
1295242140000,1295242199000,0.7583168399420646,0.7583628462874347,0.7583168399420646,0.7583628462874347,43000000,1
1295242200000,1295242259000,0.7583628462874347,0.7583628462874347,0.758322590429969,0.758322590429969,22000000,1
1295242260000,1295242319000,0.758322590429969,0.7583340916674249,0.7582535903307501,0.7583340916674249,31000000,1
1295242320000,1295242379000,0.7583168399420646,0.7583168399420646,0.7582765889685922,0.7582938388625592,26000000,1
1295242380000,1295242439000,0.7582938388625592,0.7583340916674249,0.7582535903307501,0.7582535903307501,32000000,1
1295242440000,1295242499000,0.7582535903307501,0.7583398424169807,0.7582248439952384,0.758288088810701,40000000,1
1295242500000,1295242559000,0.7582765889685922,0.7583398424169807,0.7582765889685922,0.7583053392278936,27000000,1
1295242560000,1295242619000,0.7583053392278936,0.758322590429969,0.7582995890016228,0.7582995890016228,15000000,1
1295242620000,1295242679000,0.7582650894752806,0.7582650894752806,0.7581960998392624,0.7581960998392624,27000000,1
1295242680000,1295242739000,0.7581960998392624,0.7583340916674249,0.7581960998392624,0.7583340916674249,48000000,1
1295242740000,1295242799000,0.7583053392278936,0.7583283410050884,0.7582995890016228,0.7583283410050884,8000000,1
1295242800000,1295242859000,0.7583168399420646,0.7583168399420646,0.7582765889685922,0.7582765889685922,14000000,1
1295242860000,1295242919000,0.7582765889685922,0.7583283410050884,0.7582535903307501,0.7582765889685922,37000000,1
1295242920000,1295242979000,0.7582938388625592,0.7583283410050884,0.7582363422678848,0.7582535903307501,35000000,1
1295242980000,1295243039000,0.7582535903307501,0.7583283410050884,0.7582305930879699,0.7582938388625592,62000000,1
1295243040000,1295243099000,0.7584031064191239,0.7584031064191239,0.7583283410050884,0.7583398424169807,9000000,1
1295243100000,1295243159000,0.7583398424169807,0.7583628462874347,0.7582708391783378,0.758322590429969,25000000,1
1295243160000,1295243219000,0.7583283410050884,0.7583973547100268,0.7583283410050884,0.7583973547100268,17000000,1
1295243220000,1295243279000,0.7583973547100268,0.7584031064191239,0.7583973547100268,0.7584031064191239,11000000,1
1295243280000,1295243339000,0.7584031064191239,0.7584088582154639,0.7583570951889825,0.7583628462874347,15000000,1
1295243340000,1295243399000,0.7583455932537576,0.7583973547100268,0.7583455932537576,0.7583973547100268,17000000,1
1295243400000,1295243459000,0.7583973547100268,0.7583973547100268,0.7583743487460279,0.7583973547100268,9000000,1
1295243460000,1295243519000,0.7584146100990489,0.7584376185058779,0.7584088582154639,0.7584088582154639,11000000,1
1295243520000,1295243579000,0.7584146100990489,0.7584491232328134,0.7583283410050884,0.7583283410050884,50000000,1
1295243580000,1295243639000,0.7583283410050884,0.7583858515535534,0.7583283410050884,0.7583455932537576,27000000,1
1295243640000,1295243699000,0.7583685974731159,0.7583685974731159,0.7583110895413735,0.7583168399420646,25000000,1
1295243700000,1295243759000,0.7583110895413735,0.7583110895413735,0.7582650894752806,0.7582823388460459,14000000,1
1295243760000,1295243819000,0.7582938388625592,0.7582938388625592,0.7582765889685922,0.7582938388625592,8000000,1
1295243820000,1295243879000,0.7582995890016228,0.758322590429969,0.7582593398594187,0.7582593398594187,10000000,1
1295243880000,1295243939000,0.758288088810701,0.758288088810701,0.758288088810701,0.758288088810701,14000000,1
1295243940000,1295243999000,0.7582995890016228,0.758322590429969,0.758288088810701,0.7582995890016228,19000000,1
1295244000000,1295244059000,0.7583053392278936,0.7583398424169807,0.7583053392278936,0.7583168399420646,6000000,1
1295244060000,1295244119000,0.7583340916674249,0.7584491232328134,0.7583283410050884,0.7584491232328134,42000000,1
1295244120000,1295244179000,0.7584548757271686,0.7585239124663405,0.7584548757271686,0.7585239124663405,29000000,1
1295244180000,1295244239000,0.7585411736149038,0.758552681483729,0.7585066521033389,0.758529666095241,18000000,1
1295244240000,1295244299000,0.758529666095241,0.7585411736149038,0.7584893925258455,0.7585411736149038,21000000,1
1295244300000,1295244359000,0.7585411736149038,0.7585411736149038,0.7584778865772168,0.7585239124663405,29000000,1
1295244360000,1295244419000,0.7585239124663405,0.7585239124663405,0.7583570951889825,0.7583858515535534,41000000,1
1295244420000,1295244479000,0.7583973547100268,0.7584203620698808,0.7583053392278936,0.7583513441777575,20000000,1
1295244480000,1295244539000,0.7583743487460279,0.7584031064191239,0.7583283410050884,0.7584031064191239,24000000,1
1295244540000,1295244599000,0.7584146100990489,0.7584146100990489,0.7583398424169807,0.7583858515535534,28000000,1
1295244600000,1295244659000,0.7583628462874347,0.7583801001061732,0.758288088810701,0.758288088810701,19000000,1
1295244660000,1295244719000,0.7583168399420646,0.7583743487460279,0.758288088810701,0.7583168399420646,46000000,1
1295244720000,1295244779000,0.7583398424169807,0.7583973547100268,0.7583398424169807,0.7583973547100268,19000000,1
1295244780000,1295244839000,0.7584146100990489,0.7584491232328134,0.7582650894752806,0.7582650894752806,81000000,1
1295244840000,1295244899000,0.7582650894752806,0.7583053392278936,0.7582650894752806,0.758288088810701,62000000,1
1295244900000,1295244959000,0.7582708391783378,0.7582708391783378,0.7581788543917509,0.7582305930879699,35000000,1
1295244960000,1295245019000,0.7582305930879699,0.7582938388625592,0.7582305930879699,0.7582478408892731,106000000,1
1295245020000,1295245079000,0.7582248439952384,0.7582765889685922,0.7582018484961066,0.7582593398594187,65000000,1
1295245080000,1295245139000,0.7582650894752806,0.758322590429969,0.7582650894752806,0.7582995890016228,40000000,1
1295245140000,1295245199000,0.7583053392278936,0.7584261141279617,0.7583053392278936,0.7583283410050884,32000000,1
1295245200000,1295245259000,0.7583168399420646,0.7584778865772168,0.7583168399420646,0.7584663809776632,75000000,1
1295245260000,1295245319000,0.7584606283087845,0.7584893925258455,0.7584203620698808,0.7584548757271686,87000000,1
1295245320000,1295245379000,0.7584721337338066,0.7587195848286432,0.7584721337338066,0.7586505124684212,84000000,1
1295245380000,1295245439000,0.7586677793794098,0.7587656400567556,0.7586677793794098,0.758702315559467,77000000,1
1295245440000,1295245499000,0.758702315559467,0.7587541257255587,0.758702315559467,0.7587195848286432,44000000,1
1295245500000,1295245559000,0.7587195848286432,0.7587771547374252,0.7586505124684212,0.7587598828474742,129000000,1
1295245560000,1295245619000,0.7587598828474742,0.7589499168949841,0.7587598828474742,0.7588059429681453,162000000,1
1295245620000,1295245679000,0.7588059429681453,0.7589614371693774,0.7588059429681453,0.7589383969703178,189000000,1
1295245680000,1295245739000,0.7589383969703178,0.7590017608840852,0.7589153581701034,0.7589844787674092,244000000,1
1295245740000,1295245799000,0.7589844787674092,0.7589902393855216,0.758903839294523,0.7589211177390222,65000000,1
1295245800000,1295245859000,0.7589211177390222,0.7589556769884638,0.7588692847656991,0.7588692847656991,63000000,1
1295245860000,1295245919000,0.7588692847656991,0.7588808025923368,0.7588117008764276,0.7588462501612548,76000000,1
1295245920000,1295245979000,0.7588462501612548,0.7590190437878086,0.7588462501612548,0.7590190437878086,50000000,1
1295245980000,1295246039000,0.7590075217645407,0.7590708972218005,0.7589614371693774,0.7590593736242048,53000000,1
1295246040000,1295246099000,0.7590651353792669,0.7590824211692906,0.7590651353792669,0.7590651353792669,8000000,1
1295246100000,1295246159000,0.7590651353792669,0.7591630986001032,0.7590651353792669,0.759151572202906,27000000,1
1295246160000,1295246219000,0.759088183274251,0.7590997077466125,0.7590478503764878,0.7590478503764878,56000000,1
1295246220000,1295246279000,0.7590478503764878,0.7590478503764878,0.7590132827324478,0.7590132827324478,165000000,1
1295246280000,1295246339000,0.7590075217645407,0.759088183274251,0.7590075217645407,0.7590766591518077,65000000,1
1295246340000,1295246399000,0.7590766591518077,0.7592380287143823,0.7590536119566125,0.7591976798918902,139000000,1
1295246400000,1295246459000,0.7592034437468209,0.7592726168330739,0.7592034437468209,0.7592380287143823,141000000,1
1295246460000,1295246519000,0.7592265000417575,0.7597167775853163,0.7592265000417575,0.7597167775853163,168000000,1
1295246520000,1295246579000,0.759711005933343,0.7597225493249865,0.759589821496392,0.759641752949309,237000000,1
1295246580000,1295246639000,0.759641752949309,0.7597283211523559,0.7595494352749949,0.759584051773249,244000000,1
1295246640000,1295246699000,0.759584051773249,0.7598495497891418,0.7595552044722611,0.7598380025378589,177000000,1
1295246700000,1295246759000,0.7598380025378589,0.7598380025378589,0.7596994628924797,0.7597514093388643,285000000,1
1295246760000,1295246819000,0.7597975899220447,0.7598091359450506,0.759711005933343,0.759780271545469,222000000,1
1295246820000,1295246879000,0.7597514093388643,0.7599939200486395,0.7597514093388643,0.7599939200486395,227000000,1
1295246880000,1295246939000,0.7600632372613402,0.7602250266078759,0.7599823684090529,0.7600459067727691,130000000,1
1295246940000,1295246999000,0.7600747913594698,0.7600747913594698,0.7599361653621095,0.7599419404357507,160000000,1
1295247000000,1295247059000,0.7599592661833325,0.7599650416080861,0.7596532942365105,0.7596706068248807,326000000,1
1295247060000,1295247119000,0.7596763778630304,0.7599477155971669,0.7596763778630304,0.7599015167634274,251000000,1
1295247120000,1295247179000,0.7599015167634274,0.7600054720393987,0.7598149090881462,0.7598149090881462,179000000,1
1295247180000,1295247239000,0.7598149090881462,0.7599015167634274,0.7598091359450506,0.759866871324144,117000000,1
1295247240000,1295247299000,0.759866871324144,0.7599592661833325,0.7598380025378589,0.7598841936488879,150000000,1
1295247300000,1295247359000,0.7598841936488879,0.7598957423041558,0.7597340930674265,0.7597975899220447,130000000,1
1295247360000,1295247419000,0.7598206823189727,0.7599361653621095,0.7596879202023809,0.7598957423041558,246000000,1
1295247420000,1295247479000,0.7598957423041558,0.7603753212585732,0.7598957423041558,0.7601614582937416,276000000,1
1295247480000,1295247539000,0.7601441233257826,0.7601787940523611,0.7599650416080861,0.7599823684090529,228000000,1
1295247540000,1295247599000,0.7599823684090529,0.7604215777226895,0.7599765927209442,0.7601152334693939,224000000,1
1295247600000,1295247659000,0.7601152334693939,0.7601556798832401,0.7598553235463967,0.7599881441849508,184000000,1
1295247660000,1295247719000,0.7599765927209442,0.7599765927209442,0.7597860442499392,0.7598841936488879,248000000,1
1295247720000,1295247779000,0.7598841936488879,0.7599188406678167,0.7598322290438272,0.7599188406678167,163000000,1
1295247780000,1295247839000,0.7599188406678167,0.7601152334693939,0.7599015167634274,0.7601036781416985,91000000,1
1295247840000,1295247899000,0.7601036781416985,0.7604273601764191,0.7600863458088839,0.7603926667731217,166000000,1
1295247900000,1295247959000,0.7604562737642586,0.7605545964117034,0.7603290704216785,0.7605545964117034,132000000,1
1295247960000,1295248019000,0.7605545964117034,0.7605545964117034,0.7602770449551817,0.7603175085915879,119000000,1
1295248020000,1295248079000,0.7603464138261391,0.7605950895981016,0.7603464138261391,0.7603984487871646,99000000,1
1295248080000,1295248139000,0.7603695395962438,0.7603868848470101,0.760213467941798,0.7602943859862539,91000000,1
1295248140000,1295248199000,0.7603059471131183,0.7603464138261391,0.7601961306016952,0.7603001665057365,85000000,1
1295248200000,1295248259000,0.7603001665057365,0.7603290704216785,0.7601730153783001,0.7602423652660468,105000000,1
1295248260000,1295248319000,0.7602423652660468,0.7602423652660468,0.7600747913594698,0.7601152334693939,65000000,1
1295248320000,1295248379000,0.7601210112649934,0.7601614582937416,0.7600343535527806,0.7600632372613402,63000000,1
1295248380000,1295248439000,0.7600632372613402,0.7600921231653276,0.7599765927209442,0.7600228006840205,53000000,1
1295248440000,1295248499000,0.7600228006840205,0.7600343535527806,0.7598784194528875,0.7599419404357507,64000000,1
1295248500000,1295248559000,0.7599534908463601,0.7599765927209442,0.7599015167634274,0.7599015167634274,63000000,1
1295248560000,1295248619000,0.7599015167634274,0.7599015167634274,0.7597340930674265,0.7598899679326434,114000000,1
1295248620000,1295248679000,0.7598726453446403,0.7599765927209442,0.7598553235463967,0.759866871324144,74000000,1
1295248680000,1295248739000,0.7598495497891418,0.7599246154781446,0.7598091359450506,0.7599246154781446,66000000,1
1295248740000,1295248799000,0.7599246154781446,0.7599246154781446,0.7594859798888112,0.7594859798888112,150000000,1
1295248800000,1295248859000,0.7595263593623016,0.759757181604759,0.7595090533479159,0.7596879202023809,92000000,1
1295248860000,1295248919000,0.7596648358744121,0.7598437761196298,0.7596129012655151,0.759762953958365,88000000,1
1295248920000,1295248979000,0.759757181604759,0.7598495497891418,0.7596763778630304,0.759711005933343,64000000,1
1295248980000,1295249039000,0.7597225493249865,0.7597398650702,0.7596302120127921,0.7597225493249865,60000000,1
1295249040000,1295249099000,0.7597225493249865,0.7597225493249865,0.759589821496392,0.759589821496392,68000000,1
1295249100000,1295249159000,0.759589821496392,0.7597456371606786,0.7595436661653678,0.7597456371606786,131000000,1
1295249160000,1295249219000,0.759768726399684,0.759768726399684,0.7595032848517069,0.7595032848517069,108000000,1
1295249220000,1295249279000,0.7595436661653678,0.7596129012655151,0.7594686757144701,0.7595032848517069,125000000,1
1295249280000,1295249339000,0.7594975164431212,0.7597052343690648,0.7594629078315815,0.7596359824372161,89000000,1
1295249340000,1295249399000,0.7596475235490732,0.7596706068248807,0.7595609737571682,0.7596706068248807,60000000,1
1295249400000,1295249459000,0.7596706068248807,0.7597340930674265,0.759589821496392,0.7596590650116227,92000000,1
1295249460000,1295249519000,0.759682148988863,0.7597225493249865,0.7596013612056393,0.7596013612056393,31000000,1
1295249520000,1295249579000,0.7596013612056393,0.7596013612056393,0.759364867225053,0.759364867225053,49000000,1
1295249580000,1295249639000,0.7593533347001693,0.7593591009188245,0.7592899120742281,0.7593245049204228,37000000,1
1295249640000,1295249699000,0.7593302707012415,0.7593706336188567,0.7591746253473224,0.7591976798918902,130000000,1
1295249700000,1295249759000,0.7592034437468209,0.7592034437468209,0.7590651353792669,0.7591573353577529,53000000,1
1295249760000,1295249819000,0.7591803888521952,0.7591861524445794,0.7589960000910795,0.7589960000910795,95000000,1
1295249820000,1295249879000,0.7589729577935139,0.7590305661608994,0.7588980799878576,0.7589902393855216,51000000,1
1295249880000,1295249939000,0.7590132827324478,0.7590997077466125,0.7590132827324478,0.7590305661608994,31000000,1
1295249940000,1295249999000,0.7590248049306252,0.7590766591518077,0.7589902393855216,0.7590651353792669,84000000,1
1295250000000,1295250059000,0.7590708972218005,0.7590766591518077,0.7589326371391276,0.7590593736242048,64000000,1
1295250060000,1295250119000,0.7590420888838286,0.7592610871100245,0.7589787182367406,0.7591342832633664,98000000,1
1295250120000,1295250179000,0.7591630986001032,0.7592841469062968,0.7591630986001032,0.7592610871100245,53000000,1
1295250180000,1295250239000,0.7592783818259127,0.7594167679222358,0.7592783818259127,0.759382166669198,50000000,1
1295250240000,1295250299000,0.7594052338208714,0.7594629078315815,0.7592899120742281,0.7593245049204228,52000000,1
1295250300000,1295250359000,0.7593014426727411,0.7593302707012415,0.7591400461557148,0.7591976798918902,49000000,1
1295250360000,1295250419000,0.7591976798918902,0.7592899120742281,0.7591630986001032,0.7592034437468209,39000000,1
1295250420000,1295250479000,0.7592149717192422,0.7592956773297089,0.7592149717192422,0.7592783818259127,34000000,1
1295250480000,1295250539000,0.7592956773297089,0.759457140036302,0.7592149717192422,0.7593879333257394,70000000,1
1295250540000,1295250599000,0.7593994669015742,0.7595321282090233,0.7593879333257394,0.7594917481221567,44000000,1
1295250600000,1295250659000,0.7595032848517069,0.7599130659452558,0.7594859798888112,0.7599130659452558,150000000,1
1295250660000,1295250719000,0.7599130659452558,0.7600921231653276,0.759768726399684,0.7600632372613402,140000000,1
1295250720000,1295250779000,0.760057460344002,0.7600863458088839,0.7599303903762415,0.7600459067727691,126000000,1
1295250780000,1295250839000,0.760028577074498,0.7603984487871646,0.7598899679326434,0.7602539248108868,136000000,1
1295250840000,1295250899000,0.7602250266078759,0.7605835196762957,0.7601441233257826,0.7605372435088147,217000000,1
1295250900000,1295250959000,0.7605198913977596,0.7606818752329588,0.7604331427180923,0.760635587096578,184000000,1
1295250960000,1295251019000,0.760635587096578,0.7607050214138463,0.7604794062176797,0.7605025400784838,90000000,1
1295251020000,1295251079000,0.7605198913977596,0.7606413728055496,0.7600228006840205,0.7601441233257826,157000000,1
1295251080000,1295251139000,0.760201909627197,0.7602597047151307,0.7601094557616296,0.7601499015605877,119000000,1
1295251140000,1295251199000,0.7601499015605877,0.7601787940523611,0.7599015167634274,0.7599708171206226,99000000,1
1295251200000,1295251259000,0.7599708171206226,0.7600690142664954,0.759762953958365,0.7598033628896841,107000000,1
1295251260000,1295251319000,0.759768726399684,0.7600632372613402,0.7597514093388643,0.7599823684090529,92000000,1
1295251320000,1295251379000,0.7599881441849508,0.7600343535527806,0.7598957423041558,0.7599765927209442,57000000,1
1295251380000,1295251439000,0.7599765927209442,0.7600228006840205,0.7599072913104602,0.7600112481664728,62000000,1
1295251440000,1295251499000,0.7600170243813461,0.7602943859862539,0.7599881441849508,0.7602539248108868,141000000,1
1295251500000,1295251559000,0.7602365856254466,0.7603984487871646,0.7602308060727236,0.7602539248108868,93000000,1
1295251560000,1295251619000,0.7602308060727236,0.7603926667731217,0.7601903516640567,0.7601961306016952,101000000,1
1295251620000,1295251679000,0.7601961306016952,0.7603464138261391,0.7601845728142793,0.7603464138261391,70000000,1
1295251680000,1295251739000,0.7603579765353529,0.76072816900337,0.7603579765353529,0.7606818752329588,152000000,1
1295251740000,1295251799000,0.7606760889078213,0.7607455306200076,0.7605661654535636,0.7606124451408274,207000000,1
1295251800000,1295251859000,0.7605777348473901,0.760768680674954,0.7603926667731217,0.7603984487871646,308000000,1
1295251860000,1295251919000,0.7603984487871646,0.7604620567456786,0.7603464138261391,0.7604562737642586,123000000,1
1295251920000,1295251979000,0.7604620567456786,0.7606876616461281,0.7603695395962438,0.7606182304977485,169000000,1
1295251980000,1295252039000,0.7606182304977485,0.7607165950325205,0.7605893045931988,0.7606240159426794,138000000,1
1295252040000,1295252099000,0.7605950895981016,0.7606760889078213,0.7604794062176797,0.7604967564813336,222000000,1
1295252100000,1295252159000,0.7605430277217933,0.7607802562307903,0.7604562737642586,0.7607455306200076,199000000,1
1295252160000,1295252219000,0.7607455306200076,0.7608844520871061,0.7604967564813336,0.7604967564813336,244000000,1
1295252220000,1295252279000,0.7605083237636036,0.7605256753467997,0.7603637580218375,0.7605025400784838,159000000,1
1295252280000,1295252339000,0.7604794062176797,0.7604794062176797,0.7603348514685868,0.7604215777226895,135000000,1
1295252340000,1295252399000,0.7603926667731217,0.7604157953569012,0.7600805685402653,0.7602192472309014,238000000,1
1295252400000,1295252459000,0.7602076887405639,0.7602770449551817,0.7601094557616296,0.7602539248108868,192000000,1
1295252460000,1295252519000,0.7602250266078759,0.7603348514685868,0.7601152334693939,0.7601672367920943,124000000,1
1295252520000,1295252579000,0.7601730153783001,0.7603117278084014,0.7601672367920943,0.7603059471131183,138000000,1
1295252580000,1295252639000,0.7602943859862539,0.7605603808886386,0.7602770449551817,0.7602770449551817,182000000,1
1295252640000,1295252699000,0.7602828252109786,0.7603464138261391,0.7600343535527806,0.760213467941798,127000000,1
1295252700000,1295252759000,0.7602250266078759,0.7603984487871646,0.7601094557616296,0.7601152334693939,126000000,1
1295252760000,1295252819000,0.76012678914843,0.7602192472309014,0.7599419404357507,0.7600632372613402,191000000,1
1295252820000,1295252879000,0.7600632372613402,0.7602192472309014,0.7600632372613402,0.7601499015605877,82000000,1
1295252880000,1295252939000,0.7601499015605877,0.7604042308891407,0.7601499015605877,0.7603348514685868,92000000,1
1295252940000,1295252999000,0.7603521951367873,0.7603695395962438,0.7601787940523611,0.7602654847072597,122000000,1
1295253000000,1295253059000,0.7602597047151307,0.7607223819739224,0.7602597047151307,0.7606703026707134,127000000,1
1295253060000,1295253119000,0.7606529444875482,0.7609713037721348,0.7606529444875482,0.7607860441408063,145000000,1
1295253120000,1295253179000,0.7607339561208655,0.7608265619769318,0.7605950895981016,0.760768680674954,140000000,1
1295253180000,1295253239000,0.760768680674954,0.7608207734503982,0.7606529444875482,0.7608207734503982,76000000,1
1295253240000,1295253299000,0.7608439280850319,0.7610813443740867,0.7608439280850319,0.7610813443740867,114000000,1
1295253300000,1295253359000,0.7610987221152455,0.7613884680102635,0.7610407993972557,0.7613189088777398,102000000,1
1295253360000,1295253419000,0.7613131128570558,0.7613420938430265,0.7611566536508879,0.7611914168055841,73000000,1
1295253420000,1295253479000,0.7612030052294647,0.7615160261047694,0.7611682410163118,0.7614638380823294,95000000,1
1295253480000,1295253539000,0.7614638380823294,0.7618525205890644,0.7614464436643849,0.7616552291439758,177000000,1
1295253540000,1295253599000,0.7616436269469515,0.7616436269469515,0.7613305011838689,0.761411657212472,93000000,1
1295253600000,1295253659000,0.761411657212472,0.7615392230776846,0.7613015210804391,0.7614870318758471,171000000,1
1295253660000,1295253719000,0.7614986293024673,0.761591421434229,0.7613942651783947,0.7615682212812623,136000000,1
1295253720000,1295253779000,0.7615624214638752,0.7616320251033916,0.7612899296568104,0.7615450225417326,157000000,1
1295253780000,1295253839000,0.7615334237019663,0.7615334237019663,0.7611682410163118,0.7611914168055841,146000000,1
1295253840000,1295253899000,0.7611740348313238,0.7612203885268863,0.7609539318489658,0.76103500761035,156000000,1
1295253900000,1295253959000,0.76103500761035,0.7612319778329247,0.7610292159115989,0.7611450666382507,72000000,1
1295253960000,1295254019000,0.7611218936712715,0.7612319778329247,0.7611218936712715,0.7611392732642219,57000000,1
1295254020000,1295254079000,0.7611450666382507,0.7614522417153996,0.7611450666382507,0.761376873938831,84000000,1
1295254080000,1295254139000,0.7613710770355255,0.7613942651783947,0.7611740348313238,0.7612203885268863,103000000,1
1295254140000,1295254199000,0.7612319778329247,0.7612377726182773,0.7611045148719823,0.7611798287345386,75000000,1
1295254200000,1295254259000,0.7611914168055841,0.761347890304996,0.7611798287345386,0.761307316924623,76000000,1
1295254260000,1295254319000,0.7613189088777398,0.7614464436643849,0.7612899296568104,0.7614464436643849,63000000,1
1295254320000,1295254379000,0.7614464436643849,0.7615856212634705,0.7614000624348052,0.7615102270823497,107000000,1
1295254380000,1295254439000,0.7615102270823497,0.7615624214638752,0.7614290500411172,0.7615334237019663,52000000,1
1295254440000,1295254499000,0.7615218252155106,0.7617190475465029,0.7614812332950055,0.7617016414670373,115000000,1
1295254500000,1295254559000,0.7616668316944802,0.7617306520414382,0.7616030220407914,0.7616146230007617,88000000,1
1295254560000,1295254619000,0.7616320251033916,0.7619686221321407,0.7616146230007617,0.7619279825670878,103000000,1
1295254620000,1295254679000,0.761939593429033,0.762171885003506,0.7619279825670878,0.7619976530472286,146000000,1
1295254680000,1295254739000,0.7620034594957061,0.7620963747075454,0.761980234232724,0.7620324930655044,123000000,1
1295254740000,1295254799000,0.7620324930655044,0.7620963747075454,0.7618583248259153,0.7618699335649418,158000000,1
1295254800000,1295254859000,0.7618467164406522,0.761980234232724,0.7617828766444987,0.7619221772688137,152000000,1
1295254860000,1295254919000,0.7619453989927082,0.7619744281381916,0.761695839617324,0.7617016414670373,132000000,1
1295254920000,1295254979000,0.7616900378559949,0.7617016414670373,0.761579821181058,0.7616610303750418,128000000,1
1295254980000,1295255039000,0.7616262243141556,0.7616320251033916,0.7615624214638752,0.761579821181058,77000000,1
1295255040000,1295255099000,0.761579821181058,0.7617016414670373,0.761579821181058,0.7616494280012795,104000000,1
1295255100000,1295255159000,0.7616610303750418,0.761707443405137,0.7616146230007617,0.7616146230007617,53000000,1
1295255160000,1295255219000,0.7615972216933353,0.761707443405137,0.7615972216933353,0.7616552291439758,57000000,1
1295255220000,1295255279000,0.7616610303750418,0.7616900378559949,0.7616378259809896,0.7616726331022926,34000000,1
1295255280000,1295255339000,0.7616610303750418,0.7617596648257474,0.7615972216933353,0.7616842361830479,60000000,1
1295255340000,1295255399000,0.7616900378559949,0.761980234232724,0.7616900378559949,0.7619047619047619,87000000,1
1295255400000,1295255459000,0.7619221772688137,0.7620905668429637,0.7618525205890644,0.761957010385474,85000000,1
1295255460000,1295255519000,0.7619512046448546,0.7619628162145687,0.7618873473368228,0.7619337879538268,90000000,1
1295255520000,1295255579000,0.761957010385474,0.761957010385474,0.7617596648257474,0.7617886798202179,80000000,1
1295255580000,1295255639000,0.7617944830843536,0.7618757380671212,0.7617654676478206,0.7617770735571942,49000000,1
1295255640000,1295255699000,0.7617944830843536,0.7618873473368228,0.7617132454316249,0.7617596648257474,139000000,1
1295255700000,1295255759000,0.7617712705583022,0.7619686221321407,0.7617538620920808,0.7619686221321407,107000000,1
1295255760000,1295255819000,0.761957010385474,0.7621544582225034,0.7618873473368228,0.7621544582225034,69000000,1
1295255820000,1295255879000,0.7621544582225034,0.7622706518176343,0.7621137988324416,0.762189312581459,106000000,1
1295255880000,1295255939000,0.7621776941076043,0.7622009314095382,0.7620905668429637,0.762171885003506,58000000,1
1295255940000,1295255999000,0.7621835033002546,0.7623055168050251,0.7621428408112249,0.7623055168050251,76000000,1
1295256000000,1295256059000,0.7622938947881966,0.7625031453254745,0.7622416000975669,0.7625031453254745,77000000,1
1295256060000,1295256119000,0.7625031453254745,0.7626019980172348,0.7624043182580587,0.7624101309058194,154000000,1
1295256120000,1295256179000,0.7624101309058194,0.762479889592912,0.7623636322052894,0.7624101309058194,75000000,1
1295256180000,1295256239000,0.7624217564672425,0.7626485258003995,0.7624217564672425,0.7624857033930613,95000000,1
1295256240000,1295256299000,0.7625205880558775,0.762700876343307,0.7624682622585834,0.762660158633313,94000000,1
1295256300000,1295256359000,0.7626485258003995,0.7627881432211018,0.7626078136796589,0.7627823248079695,161000000,1
1295256360000,1295256419000,0.7627823248079695,0.7629394531249999,0.7627532340737124,0.7629394531249999,57000000,1
1295256420000,1295256479000,0.7629278117704503,0.7631840036632832,0.7629045301270999,0.7631432343536558,189000000,1
1295256480000,1295256539000,0.7631490582740621,0.7633238172297452,0.7630034869259352,0.7631082926978168,154000000,1
1295256540000,1295256599000,0.7630908230697618,0.7631607063815498,0.7629860220960751,0.7631024693995909,215000000,1
1295256600000,1295256659000,0.7631024693995909,0.7633879155692965,0.7630209525553572,0.7633587786259541,138000000,1
1295256660000,1295256719000,0.7633820880026871,0.7637318995539806,0.763207302367469,0.7633296439067212,251000000,1
1295256720000,1295256779000,0.763352951504187,0.7635861057872191,0.763352951504187,0.7634345393054272,197000000,1
1295256780000,1295256839000,0.7634520246747695,0.7636969039727513,0.7633063377325222,0.7633937432248805,199000000,1
1295256840000,1295256899000,0.7633937432248805,0.7635861057872191,0.7633296439067212,0.7635219741624164,133000000,1
1295256900000,1295256959000,0.7635219741624164,0.7637435654604611,0.7634811687369731,0.7635511235654784,143000000,1
1295256960000,1295257019000,0.7635511235654784,0.7636560798478796,0.763457853309208,0.7635686142756789,108000000,1
1295257020000,1295257079000,0.7635336336565626,0.763539463537173,0.7634811687369731,0.7634811687369731,46000000,1
1295257080000,1295257139000,0.7634695108450844,0.7634695108450844,0.7632306024942377,0.763294685179107,93000000,1
1295257140000,1295257199000,0.7632713811395642,0.7633704331363838,0.7631607063815498,0.7632247773291712,131000000,1
1295257200000,1295257259000,0.7632247773291712,0.7632364277482235,0.7629918436171917,0.7630384189843958,114000000,1
1295257260000,1295257319000,0.7630500637146803,0.7631898282059697,0.7630209525553572,0.7630209525553572,105000000,1
1295257320000,1295257379000,0.7629918436171917,0.7630151305900397,0.762910350404724,0.7629452739355006,109000000,1
1295257380000,1295257439000,0.7629510948348212,0.7629860220960751,0.762910350404724,0.762910350404724,142000000,1
1295257440000,1295257499000,0.762910350404724,0.7630384189843958,0.7627066935139423,0.7627066935139423,152000000,1
1295257500000,1295257559000,0.7627415984012936,0.762869610326203,0.7624857033930613,0.7624857033930613,108000000,1
1295257560000,1295257619000,0.7625264024766857,0.7625496610466757,0.7623578202665203,0.762369444232675,97000000,1
1295257620000,1295257679000,0.76237525634868,0.7625322169861677,0.7623287619018577,0.7624450086537509,118000000,1
1295257680000,1295257739000,0.7624566352788685,0.7626776085480906,0.7624043182580587,0.7626776085480906,126000000,1
1295257740000,1295257799000,0.7627066935139423,0.7628812499046398,0.7626892422682378,0.762811417761301,117000000,1
1295257800000,1295257859000,0.7628405129339608,0.7629743793203425,0.7627765064836003,0.7629394531249999,126000000,1
1295257860000,1295257919000,0.7629161707711557,0.7629569158229635,0.7628346937218705,0.7628754300710238,111000000,1
1295257920000,1295257979000,0.7628579711029401,0.7630384189843958,0.7627474161931276,0.7629278117704503,203000000,1
1295257980000,1295258039000,0.7629278117704503,0.7629743793203425,0.7627590520430502,0.7628055989930965,67000000,1
1295258040000,1295258099000,0.7627881432211018,0.762869610326203,0.7626834253638,0.7628463322348346,105000000,1
1295258100000,1295258159000,0.7628463322348346,0.7628987099382816,0.7627299630838698,0.7628405129339608,153000000,1
1295258160000,1295258219000,0.7628405129339608,0.7630558862131063,0.7628288745985613,0.7630209525553572,79000000,1
1295258220000,1295258279000,0.7630209525553572,0.7631082926978168,0.7629685580657221,0.7631082926978168,68000000,1
1295258280000,1295258339000,0.7631082926978168,0.763352951504187,0.7629627368999298,0.7632189522530223,101000000,1
1295258340000,1295258399000,0.7632189522530223,0.7632655553520181,0.7629802006637927,0.7629802006637927,195000000,1
1295258400000,1295258459000,0.7629394531249999,0.7629685580657221,0.7627590520430502,0.7627648701011426,123000000,1
1295258460000,1295258519000,0.7627648701011426,0.7629510948348212,0.7626834253638,0.7628754300710238,131000000,1
1295258520000,1295258579000,0.7628754300710238,0.762910350404724,0.7627125107733143,0.7627125107733143,185000000,1
1295258580000,1295258639000,0.7626950592614061,0.762811417761301,0.7625903669584846,0.7626194452706155,71000000,1
1295258640000,1295258699000,0.7626194452706155,0.7627823248079695,0.7625612908637532,0.7625612908637532,105000000,1
1295258700000,1295258759000,0.7625787362545183,0.7626136294307851,0.7622706518176343,0.7623868808465545,130000000,1
1295258760000,1295258819000,0.76237525634868,0.7625496610466757,0.7623287619018577,0.7624217564672425,138000000,1
1295258820000,1295258879000,0.7624973312593406,0.7625438462711607,0.7623636322052894,0.7624101309058194,97000000,1
1295258880000,1295258939000,0.7624275693809087,0.7627881432211018,0.7624275693809087,0.762770688247992,97000000,1
1295258940000,1295258999000,0.7627765064836003,0.7629278117704503,0.7627125107733143,0.7628521516244937,125000000,1
1295259000000,1295259059000,0.7628637906701758,0.7628870698270535,0.762700876343307,0.7627299630838698,133000000,1
1295259060000,1295259119000,0.7627415984012936,0.7627997803136634,0.7626485258003995,0.7627881432211018,91000000,1
1295259120000,1295259179000,0.7627939617229991,0.7628812499046398,0.7626310772163966,0.7626892422682378,108000000,1
1295259180000,1295259239000,0.7626950592614061,0.7627648701011426,0.7624217564672425,0.7625089594802739,147000000,1
1295259240000,1295259299000,0.7625089594802739,0.7625554759108725,0.76247407588142,0.7625554759108725,84000000,1
1295259300000,1295259359000,0.7625729210355741,0.7627881432211018,0.7625671059053196,0.7626252611991519,105000000,1
1295259360000,1295259419000,0.7626310772163966,0.7627241455582758,0.7624566352788685,0.7625438462711607,132000000,1
1295259420000,1295259479000,0.7625438462711607,0.7625438462711607,0.7622822731257385,0.7623113279463333,168000000,1
1295259480000,1295259539000,0.7623403849818944,0.7624682622585834,0.7622706518176343,0.7624682622585834,164000000,1
1295259540000,1295259599000,0.7624566352788685,0.76247407588142,0.7622822731257385,0.7623578202665203,104000000,1
1295259600000,1295259659000,0.7623810685533057,0.7624682622585834,0.7621660759879578,0.7621660759879578,102000000,1
1295259660000,1295259719000,0.7621486494725932,0.7622532205198567,0.7620905668429637,0.7620905668429637,174000000,1
1295259720000,1295259779000,0.7620905668429637,0.7620963747075454,0.7618525205890644,0.7620383000449602,104000000,1
1295259780000,1295259839000,0.7620266861745498,0.7620383000449602,0.7618467164406522,0.7619453989927082,171000000,1
1295259840000,1295259899000,0.7619453989927082,0.7619453989927082,0.7614928305450004,0.7617712705583022,163000000,1
1295259900000,1295259959000,0.7618060898778825,0.7619628162145687,0.7616610303750418,0.7618757380671212,151000000,1
1295259960000,1295260019000,0.7618699335649418,0.7620208793720947,0.7618176970251018,0.7619279825670878,144000000,1
1295260020000,1295260079000,0.7619047619047619,0.7621137988324416,0.7618583248259153,0.7619686221321407,113000000,1
1295260080000,1295260139000,0.761939593429033,0.76207314378034,0.7618467164406522,0.7620208793720947,108000000,1
1295260140000,1295260199000,0.7620324930655044,0.7621079907022825,0.762009266032675,0.7620441071129197,89000000,1
1295260200000,1295260259000,0.7620266861745498,0.7620441071129197,0.7618525205890644,0.7618815426577475,138000000,1
1295260260000,1295260319000,0.7618641291512072,0.7620034594957061,0.7618467164406522,0.7619686221321407,73000000,1
1295260320000,1295260379000,0.7619860404157396,0.7621312237541059,0.7619047619047619,0.761957010385474,111000000,1
1295260380000,1295260439000,0.7619860404157396,0.7620441071129197,0.7616088224765996,0.7616494280012795,151000000,1
1295260440000,1295260499000,0.7616552291439758,0.7617538620920808,0.7615276244145757,0.7616552291439758,146000000,1
1295260500000,1295260559000,0.7616552291439758,0.761707443405137,0.7615218252155106,0.7616204236132795,121000000,1
1295260560000,1295260619000,0.7616030220407914,0.7616668316944802,0.7613942651783947,0.7613942651783947,67000000,1
1295260620000,1295260679000,0.7613826709304097,0.7614290500411172,0.7612319778329247,0.7612609526419561,102000000,1
1295260680000,1295260739000,0.7612783385861539,0.7614986293024673,0.7612377726182773,0.7614986293024673,132000000,1
1295260740000,1295260799000,0.7614986293024673,0.7616378259809896,0.7614812332950055,0.7616030220407914,70000000,1
1295260800000,1295260859000,0.7616146230007617,0.7616726331022926,0.7615102270823497,0.7615334237019663,109000000,1
1295260860000,1295260919000,0.7615334237019663,0.7616726331022926,0.761411657212472,0.76142325234328,119000000,1
1295260920000,1295260979000,0.7614174547337323,0.7614348478272457,0.7612899296568104,0.7613131128570558,66000000,1
1295260980000,1295261039000,0.7613015210804391,0.7613305011838689,0.7611161006499931,0.7611566536508879,87000000,1
1295261040000,1295261099000,0.7611566536508879,0.7613420938430265,0.7611566536508879,0.7613420938430265,85000000,1
1295261100000,1295261159000,0.7613594834937264,0.7613594834937264,0.7612435674918547,0.7612551575036921,50000000,1
1295261160000,1295261219000,0.7612435674918547,0.761347890304996,0.7612377726182773,0.7612435674918547,79000000,1
1295261220000,1295261279000,0.7612145940061963,0.7612899296568104,0.7611566536508879,0.7611740348313238,69000000,1
1295261280000,1295261339000,0.7611740348313238,0.7612551575036921,0.7608960311663014,0.7609828854949052,128000000,1
1295261340000,1295261399000,0.7610002587400879,0.7611682410163118,0.7609423510074876,0.7611276867807344,102000000,1
1295261400000,1295261459000,0.7611798287345386,0.761197210973419,0.7610118413442513,0.761052383235538,98000000,1
1295261460000,1295261519000,0.7610407993972557,0.7610697596541698,0.7609539318489658,0.7610465912723178,76000000,1
1295261520000,1295261579000,0.7610407993972557,0.7611624472895006,0.7609713037721348,0.7609713037721348,96000000,1
1295261580000,1295261639000,0.7609770945894528,0.761185622725958,0.7609770945894528,0.7611682410163118,59000000,1
1295261640000,1295261699000,0.7611682410163118,0.7612551575036921,0.7609713037721348,0.7611276867807344,112000000,1
1295261700000,1295261759000,0.7611218936712715,0.7611450666382507,0.7610697596541698,0.7611218936712715,53000000,1
1295261760000,1295261819000,0.7611045148719823,0.7611045148719823,0.7607860441408063,0.7607860441408063,152000000,1
1295261820000,1295261879000,0.7607860441408063,0.7610407993972557,0.7607223819739224,0.7609828854949052,162000000,1
1295261880000,1295261939000,0.7609655130429489,0.7610292159115989,0.76072816900337,0.7607744684088402,167000000,1
1295261940000,1295261999000,0.7607744684088402,0.7608786626796624,0.7607455306200076,0.7607628930291296,83000000,1
1295262000000,1295262059000,0.7607628930291296,0.7609539318489658,0.7607397433264106,0.7609423510074876,79000000,1
1295262060000,1295262119000,0.7609365607189328,0.7609539318489658,0.7607513180016585,0.7607513180016585,90000000,1
1295262120000,1295262179000,0.7607455306200076,0.7608091966615693,0.7605372435088147,0.76057195010648,135000000,1
1295262180000,1295262239000,0.7606008746910058,0.7609481413841647,0.7605025400784838,0.7609365607189328,193000000,1
1295262240000,1295262299000,0.7609191903819814,0.7609770945894528,0.76072816900337,0.7609076105979212,220000000,1
1295262300000,1295262359000,0.7609076105979212,0.7611103077168974,0.760861294985924,0.7610813443740867,97000000,1
1295262360000,1295262419000,0.7610813443740867,0.7613594834937264,0.7610813443740867,0.761307316924623,133000000,1
1295262420000,1295262479000,0.761307316924623,0.761307316924623,0.7611624472895006,0.7611914168055841,65000000,1
1295262480000,1295262539000,0.7611914168055841,0.761307316924623,0.7611276867807344,0.761185622725958,96000000,1
1295262540000,1295262599000,0.761197210973419,0.7612377726182773,0.7609365607189328,0.761052383235538,141000000,1
1295262600000,1295262659000,0.761052383235538,0.7610639674264622,0.7609018208380572,0.7609191903819814,120000000,1
1295262660000,1295262719000,0.7609191903819814,0.7609713037721348,0.7606818752329588,0.7607455306200076,126000000,1
1295262720000,1295262779000,0.7607455306200076,0.7607455306200076,0.7603348514685868,0.7604215777226895,196000000,1
1295262780000,1295262839000,0.7604273601764191,0.7604273601764191,0.7601961306016952,0.7602943859862539,167000000,1
1295262840000,1295262899000,0.7602943859862539,0.7603695395962438,0.7601614582937416,0.7601672367920943,82000000,1
1295262900000,1295262959000,0.7601787940523611,0.760271264787276,0.7600054720393987,0.7600054720393987,128000000,1
1295262960000,1295263019000,0.7600054720393987,0.7602770449551817,0.7599072913104602,0.7602481449945262,127000000,1
1295263020000,1295263079000,0.7602481449945262,0.7604215777226895,0.7602423652660468,0.7604157953569012,99000000,1
1295263080000,1295263139000,0.7604157953569012,0.7604736229723872,0.7602770449551817,0.7602770449551817,83000000,1
1295263140000,1295263199000,0.7602770449551817,0.7605893045931988,0.7602308060727236,0.7605893045931988,134000000,1
1295263200000,1295263259000,0.7605893045931988,0.7606182304977485,0.7604620567456786,0.7605777348473901,148000000,1
1295263260000,1295263319000,0.7606182304977485,0.7607339561208655,0.7604042308891407,0.7604851895509335,162000000,1
1295263320000,1295263379000,0.7604909729721508,0.7607223819739224,0.7603984487871646,0.7606818752329588,105000000,1
1295263380000,1295263439000,0.7606934481473312,0.7608728733603191,0.7606934481473312,0.760861294985924,85000000,1
1295263440000,1295263499000,0.760861294985924,0.7608844520871061,0.7607628930291296,0.7608149850119448,79000000,1
1295263500000,1295263559000,0.7608091966615693,0.7608786626796624,0.7607397433264106,0.7608091966615693,118000000,1
1295263560000,1295263619000,0.7608091966615693,0.7608091966615693,0.7606934481473312,0.760768680674954,70000000,1
1295263620000,1295263679000,0.760768680674954,0.7608439280850319,0.7607050214138463,0.7608207734503982,85000000,1
1295263680000,1295263739000,0.7608091966615693,0.7608381392942465,0.7606008746910058,0.7607223819739224,97000000,1
1295263740000,1295263799000,0.7607165950325205,0.7608728733603191,0.7606876616461281,0.7608149850119448,116000000,1
1295263800000,1295263859000,0.7608207734503982,0.7611914168055841,0.7608034083992696,0.7610292159115989,105000000,1
1295263860000,1295263919000,0.7610292159115989,0.7610755519700441,0.7609076105979212,0.7609191903819814,91000000,1
1295263920000,1295263979000,0.7609307705184983,0.7610755519700441,0.7609307705184983,0.7610292159115989,81000000,1
1295263980000,1295264039000,0.7610292159115989,0.7611392732642219,0.7610118413442513,0.7610639674264622,79000000,1
1295264040000,1295264099000,0.7610639674264622,0.7610871368662999,0.7610118413442513,0.7610697596541698,41000000,1
1295264100000,1295264159000,0.761052383235538,0.7611566536508879,0.761052383235538,0.7611566536508879,42000000,1
1295264160000,1295264219000,0.7611682410163118,0.761197210973419,0.7610176327785515,0.761197210973419,80000000,1
1295264220000,1295264279000,0.7612030052294647,0.761266747868453,0.7611334799783838,0.7611392732642219,73000000,1
1295264280000,1295264339000,0.7611276867807344,0.7611334799783838,0.7609828854949052,0.7610581752869189,72000000,1
1295264340000,1295264399000,0.7610697596541698,0.7610755519700441,0.7609713037721348,0.7610060499980975,42000000,1
1295264400000,1295264459000,0.7610118413442513,0.7610176327785515,0.7608844520871061,0.7608844520871061,55000000,1
1295264460000,1295264519000,0.7608844520871061,0.7611218936712715,0.7607628930291296,0.7611218936712715,137000000,1
1295264520000,1295264579000,0.7611218936712715,0.7611392732642219,0.7608555059308686,0.7609828854949052,157000000,1
1295264580000,1295264639000,0.7610118413442513,0.7610639674264622,0.7608728733603191,0.7609365607189328,120000000,1
1295264640000,1295264699000,0.7609423510074876,0.7609655130429489,0.7608034083992696,0.760861294985924,110000000,1
1295264700000,1295264759000,0.760861294985924,0.760861294985924,0.7606876616461281,0.7607223819739224,54000000,1
1295264760000,1295264819000,0.7608149850119448,0.7609655130429489,0.7607339561208655,0.7608439280850319,129000000,1
1295264820000,1295264879000,0.7608555059308686,0.7611682410163118,0.7608149850119448,0.7611218936712715,106000000,1
1295264880000,1295264939000,0.7611392732642219,0.7612377726182773,0.7608786626796624,0.7609307705184983,119000000,1
1295264940000,1295264999000,0.7609134004458952,0.7609365607189328,0.7607628930291296,0.7607918321388902,91000000,1
1295265000000,1295265059000,0.7607860441408063,0.7607976202250439,0.7604620567456786,0.7605198913977596,209000000,1
1295265060000,1295265119000,0.7605256753467997,0.7605256753467997,0.7601787940523611,0.7603290704216785,153000000,1
1295265120000,1295265179000,0.7603290704216785,0.7604215777226895,0.760213467941798,0.7603117278084014,202000000,1
1295265180000,1295265239000,0.7603001665057365,0.7603001665057365,0.7596475235490732,0.7596475235490732,264000000,1
1295265240000,1295265299000,0.759641752949309,0.7598206823189727,0.7593937000698642,0.7597340930674265,295000000,1
1295265300000,1295265359000,0.759757181604759,0.759768726399684,0.7595609737571682,0.7596186714269437,153000000,1
1295265360000,1295265419000,0.7596186714269437,0.7597514093388643,0.7593245049204228,0.759682148988863,210000000,1
1295265420000,1295265479000,0.7596879202023809,0.7598322290438272,0.7594052338208714,0.7594975164431212,170000000,1
1295265480000,1295265539000,0.7594917481221567,0.7594917481221567,0.759088183274251,0.7592149717192422,146000000,1
1295265540000,1295265599000,0.7592149717192422,0.7593879333257394,0.7591400461557148,0.7593879333257394,135000000,1
1295265600000,1295265659000,0.759364867225053,0.7594225351043068,0.7592726168330739,0.7593879333257394,150000000,1
1295265660000,1295265719000,0.7593706336188567,0.7593706336188567,0.7590536119566125,0.7592899120742281,152000000,1
1295265720000,1295265779000,0.7592899120742281,0.7593879333257394,0.7591285204585136,0.7593475685690854,139000000,1
1295265780000,1295265839000,0.7593475685690854,0.7594225351043068,0.759191916124477,0.7593475685690854,135000000,1
1295265840000,1295265899000,0.7593533347001693,0.7595090533479159,0.7592899120742281,0.7594629078315815,121000000,1
1295265900000,1295265959000,0.7594629078315815,0.7595263593623016,0.7592437931819908,0.7593591009188245,91000000,1
1295265960000,1295266019000,0.7593879333257394,0.7594110008277579,0.7592092076892708,0.7593764001002377,125000000,1
1295266020000,1295266079000,0.7593764001002377,0.7594513723286298,0.7592322643343051,0.7592783818259127,70000000,1
1295266080000,1295266139000,0.7593187392271654,0.759364867225053,0.759151572202906,0.7591803888521952,48000000,1
1295266140000,1295266199000,0.7591803888521952,0.7591803888521952,0.7588001851472451,0.7589960000910795,120000000,1
1295266200000,1295266259000,0.7590132827324478,0.7593245049204228,0.7590132827324478,0.7592380287143823,138000000,1
1295266260000,1295266319000,0.7592610871100245,0.7595552044722611,0.7592610871100245,0.7593879333257394,87000000,1
1295266320000,1295266379000,0.7594052338208714,0.7594052338208714,0.7592553223798099,0.7593591009188245,86000000,1
1295266380000,1295266439000,0.7593994669015742,0.75947444368497,0.7592610871100245,0.7592899120742281,101000000,1
1295266440000,1295266499000,0.7592899120742281,0.759364867225053,0.759191916124477,0.7592956773297089,106000000,1
1295266500000,1295266559000,0.7592956773297089,0.759641752949309,0.7592380287143823,0.7594052338208714,102000000,1
1295266560000,1295266619000,0.7593879333257394,0.7593879333257394,0.7591573353577529,0.7592207358367372,103000000,1
1295266620000,1295266679000,0.7592207358367372,0.7594629078315815,0.7591458091355607,0.7592495577371325,117000000,1
1295266680000,1295266739000,0.7592437931819908,0.7594225351043068,0.7591803888521952,0.7594225351043068,79000000,1
1295266740000,1295266799000,0.7594456047085627,0.7595782821377571,0.7593302707012415,0.7593994669015742,87000000,1
1295266800000,1295266859000,0.7594052338208714,0.7594975164431212,0.759382166669198,0.7594283023739729,73000000,1
1295266860000,1295266919000,0.7594456047085627,0.759537897143378,0.7594052338208714,0.7594859798888112,43000000,1
1295266920000,1295266979000,0.7594917481221567,0.7601036781416985,0.7594917481221567,0.759757181604759,191000000,1
1295266980000,1295267039000,0.7597514093388643,0.7598264556375324,0.75951482193175,0.759641752949309,209000000,1
1295267040000,1295267099000,0.7596071311917476,0.7597052343690648,0.7593014426727411,0.7593072081033264,165000000,1
1295267100000,1295267159000,0.7593187392271654,0.7599361653621095,0.7592149717192422,0.7599072913104602,156000000,1
1295267160000,1295267219000,0.7599188406678167,0.7600054720393987,0.7594110008277579,0.759589821496392,205000000,1
1295267220000,1295267279000,0.7596359824372161,0.7597456371606786,0.7595725125899144,0.759711005933343,92000000,1
1295267280000,1295267339000,0.7596879202023809,0.7596879202023809,0.7592841469062968,0.7593072081033264,102000000,1
1295267340000,1295267399000,0.7593302707012415,0.759641752949309,0.7593245049204228,0.7596359824372161,81000000,1
1295267400000,1295267459000,0.7596590650116227,0.7597283211523559,0.7595205906032113,0.759682148988863,145000000,1
1295267460000,1295267519000,0.759682148988863,0.7597918170421305,0.7596186714269437,0.7597398650702,91000000,1
1295267520000,1295267579000,0.759780271545469,0.7599303903762415,0.7597225493249865,0.7599072913104602,71000000,1
1295267580000,1295267639000,0.7599303903762415,0.760201909627197,0.7599188406678167,0.760057460344002,123000000,1
1295267640000,1295267699000,0.760057460344002,0.7601036781416985,0.7599534908463601,0.7599650416080861,70000000,1
1295267700000,1295267759000,0.7599592661833325,0.7601325671197057,0.7599015167634274,0.7599188406678167,88000000,1
1295267760000,1295267819000,0.7599072913104602,0.7600863458088839,0.7598841936488879,0.7599650416080861,104000000,1
1295267820000,1295267879000,0.7599650416080861,0.760057460344002,0.7599592661833325,0.7600112481664728,98000000,1
1295267880000,1295267939000,0.760028577074498,0.7601036781416985,0.7599765927209442,0.7601036781416985,99000000,1
1295267940000,1295267999000,0.7601036781416985,0.7601499015605877,0.7599419404357507,0.7599823684090529,66000000,1
1295268000000,1295268059000,0.7599823684090529,0.7601441233257826,0.7598206823189727,0.7598264556375324,86000000,1
1295268060000,1295268119000,0.7598437761196298,0.7598841936488879,0.7598149090881462,0.759866871324144,23000000,1
1295268120000,1295268179000,0.7599015167634274,0.7599188406678167,0.7595667431297188,0.7595667431297188,69000000,1
1295268180000,1295268239000,0.75951482193175,0.75951482193175,0.7593014426727411,0.7593879333257394,112000000,1
1295268240000,1295268299000,0.7593706336188567,0.7594629078315815,0.7592668519277785,0.7594629078315815,65000000,1
1295268300000,1295268359000,0.7594802117430831,0.7598149090881462,0.7594802117430831,0.759774498928718,123000000,1
1295268360000,1295268419000,0.759757181604759,0.7597975899220447,0.7596763778630304,0.7597167775853163,79000000,1
1295268420000,1295268479000,0.7597456371606786,0.7598726453446403,0.7597456371606786,0.7598437761196298,50000000,1
1295268480000,1295268539000,0.7598726453446403,0.7599996960001216,0.7598726453446403,0.7599708171206226,38000000,1
1295268540000,1295268599000,0.7599765927209442,0.7602308060727236,0.7599765927209442,0.7602308060727236,36000000,1
1295268600000,1295268659000,0.760201909627197,0.7603521951367873,0.7600979006095985,0.7603521951367873,91000000,1
1295268660000,1295268719000,0.7603521951367873,0.7604794062176797,0.7602770449551817,0.7603984487871646,95000000,1
1295268720000,1295268779000,0.7603984487871646,0.7604331427180923,0.7602597047151307,0.7602654847072597,65000000,1
1295268780000,1295268839000,0.7602828252109786,0.7603811030088281,0.7602828252109786,0.7603579765353529,48000000,1
1295268840000,1295268899000,0.7603695395962438,0.7605545964117034,0.7603406326034063,0.7603406326034063,56000000,1
1295268900000,1295268959000,0.7603406326034063,0.7604157953569012,0.7602770449551817,0.7603175085915879,59000000,1
1295268960000,1295269019000,0.7603001665057365,0.7604562737642586,0.7602539248108868,0.7604562737642586,49000000,1
1295269020000,1295269079000,0.7604504908707919,0.7606298014756219,0.7604273601764191,0.7606008746910058,50000000,1
1295269080000,1295269139000,0.7606008746910058,0.760635587096578,0.7604331427180923,0.7604389253477107,61000000,1
1295269140000,1295269199000,0.7603984487871646,0.7603984487871646,0.7601730153783001,0.7601845728142793,53000000,1
1295269200000,1295269259000,0.7601903516640567,0.7601961306016952,0.7597456371606786,0.7598553235463967,152000000,1
1295269260000,1295269319000,0.7598380025378589,0.7604042308891407,0.759757181604759,0.7603001665057365,155000000,1
1295269320000,1295269379000,0.7603059471131183,0.7603753212585732,0.7602770449551817,0.7602828252109786,65000000,1
1295269380000,1295269439000,0.760271264787276,0.7605198913977596,0.7602481449945262,0.7603811030088281,61000000,1
1295269440000,1295269499000,0.7604042308891407,0.7605198913977596,0.7603406326034063,0.7604447080652765,70000000,1
1295269500000,1295269559000,0.7604678398150542,0.7605314593838174,0.7603232894626796,0.7604967564813336,67000000,1
1295269560000,1295269619000,0.7604967564813336,0.7605372435088147,0.7603290704216785,0.7603811030088281,88000000,1
1295269620000,1295269679000,0.7603753212585732,0.7605545964117034,0.7603753212585732,0.7605372435088147,85000000,1
1295269680000,1295269739000,0.7605661654535636,0.7606182304977485,0.7604562737642586,0.7604851895509335,103000000,1
1295269740000,1295269799000,0.7604851895509335,0.7606876616461281,0.7604678398150542,0.7606587304605789,102000000,1
1295269800000,1295269859000,0.7606587304605789,0.760768680674954,0.7605141075366948,0.7606934481473312,124000000,1
1295269860000,1295269919000,0.7606934481473312,0.7608381392942465,0.7605141075366948,0.7606066598719138,139000000,1
1295269920000,1295269979000,0.7606413728055496,0.7606413728055496,0.7603868848470101,0.7606008746910058,91000000,1
1295269980000,1295270039000,0.7606008746910058,0.7609770945894528,0.7606008746910058,0.7609423510074876,100000000,1
1295270040000,1295270099000,0.7609134004458952,0.7610407993972557,0.7608670841290736,0.761023424301,77000000,1
1295270100000,1295270159000,0.7610060499980975,0.7610060499980975,0.7608555059308686,0.7608902415826517,68000000,1
1295270160000,1295270219000,0.7608902415826517,0.7610118413442513,0.7607050214138463,0.7607455306200076,132000000,1
1295270220000,1295270279000,0.7607513180016585,0.761023424301,0.7606298014756219,0.7609076105979212,161000000,1
1295270280000,1295270339000,0.7608844520871061,0.7609423510074876,0.760861294985924,0.7609249804061817,64000000,1
1295270340000,1295270399000,0.7609423510074876,0.7611566536508879,0.7609423510074876,0.7609713037721348,72000000,1
1295270400000,1295270459000,0.7609886764884939,0.761347890304996,0.7608902415826517,0.761197210973419,209000000,1
1295270460000,1295270519000,0.761185622725958,0.7616030220407914,0.7611624472895006,0.7616030220407914,121000000,1
1295270520000,1295270579000,0.7616320251033916,0.7617828766444987,0.7614986293024673,0.7615334237019663,113000000,1
1295270580000,1295270639000,0.7615160261047694,0.7615624214638752,0.761347890304996,0.7614754348024733,87000000,1
1295270640000,1295270699000,0.7614928305450004,0.7615392230776846,0.7613942651783947,0.7614406457016676,92000000,1
1295270700000,1295270759000,0.7614174547337323,0.7614580398547138,0.761307316924623,0.7614174547337323,76000000,1
1295270760000,1295270819000,0.7614348478272457,0.7614406457016676,0.7612435674918547,0.7613710770355255,120000000,1
1295270820000,1295270879000,0.7613594834937264,0.7613942651783947,0.7612957253245023,0.7613710770355255,62000000,1
1295270880000,1295270939000,0.761376873938831,0.7615450225417326,0.7613710770355255,0.7615276244145757,29000000,1
1295270940000,1295270999000,0.7615276244145757,0.7617132454316249,0.7614464436643849,0.7615624214638752,168000000,1
1295271000000,1295271059000,0.7615334237019663,0.7616262243141556,0.7615102270823497,0.7616030220407914,53000000,1
1295271060000,1295271119000,0.761591421434229,0.7617480594468186,0.7614000624348052,0.7617132454316249,120000000,1
1295271120000,1295271179000,0.7617016414670373,0.7617828766444987,0.761695839617324,0.7617538620920808,45000000,1
1295271180000,1295271239000,0.7617306520414382,0.7618931521043489,0.7616436269469515,0.7618351084091359,51000000,1
1295271240000,1295271299000,0.76181189340728,0.7619105669376529,0.761695839617324,0.7617480594468186,81000000,1
1295271300000,1295271359000,0.7617770735571942,0.7617944830843536,0.7615682212812623,0.7616900378559949,99000000,1
1295271360000,1295271419000,0.7617016414670373,0.7617538620920808,0.7615392230776846,0.7615624214638752,84000000,1
1295271420000,1295271479000,0.7615508220941124,0.7618060898778825,0.7615450225417326,0.761695839617324,81000000,1
1295271480000,1295271539000,0.761707443405137,0.7619221772688137,0.7617016414670373,0.7618409123806766,95000000,1
1295271540000,1295271599000,0.7618467164406522,0.7621137988324416,0.7618467164406522,0.7619744281381916,147000000,1
1295271600000,1295271659000,0.7619860404157396,0.7622241701284348,0.7619860404157396,0.762206740956417,105000000,1
1295271660000,1295271719000,0.7622241701284348,0.7625554759108725,0.7620847590669034,0.7621776941076043,184000000,1
1295271720000,1295271779000,0.7621951219512195,0.76237525634868,0.7621602670609576,0.7623055168050251,91000000,1
1295271780000,1295271839000,0.7623055168050251,0.762369444232675,0.7622648412964601,0.7622822731257385,81000000,1
1295271840000,1295271899000,0.7622822731257385,0.7623578202665203,0.7622009314095382,0.7622532205198567,100000000,1
1295271900000,1295271959000,0.7622764624273931,0.7623345733975727,0.7620963747075454,0.7621486494725932,104000000,1
1295271960000,1295272019000,0.7621370322383965,0.7621486494725932,0.7619279825670878,0.7619279825670878,74000000,1
1295272020000,1295272079000,0.7619163720590028,0.7619163720590028,0.7617480594468186,0.7618873473368228,78000000,1
1295272080000,1295272139000,0.7618931521043489,0.7619337879538268,0.7618293045260279,0.7618525205890644,87000000,1
1295272140000,1295272199000,0.7618467164406522,0.7618815426577475,0.7617364544214993,0.7617480594468186,193000000,1
1295272200000,1295272259000,0.7617654676478206,0.761939593429033,0.7617422568899587,0.761939593429033,105000000,1
1295272260000,1295272319000,0.761957010385474,0.7619686221321407,0.7617016414670373,0.761707443405137,127000000,1
1295272320000,1295272379000,0.761707443405137,0.7618815426577475,0.7615160261047694,0.7617944830843536,142000000,1
1295272380000,1295272439000,0.7617712705583022,0.7618235007313505,0.761695839617324,0.7617422568899587,65000000,1
1295272440000,1295272499000,0.7617364544214993,0.7617654676478206,0.7616552291439758,0.7617248497497734,69000000,1
1295272500000,1295272559000,0.7617480594468186,0.7618583248259153,0.7617190475465029,0.7618583248259153,67000000,1
1295272560000,1295272619000,0.7618757380671212,0.7619047619047619,0.7617422568899587,0.7618699335649418,58000000,1
1295272620000,1295272679000,0.7619105669376529,0.7620441071129197,0.7618525205890644,0.7620441071129197,125000000,1
1295272680000,1295272739000,0.7620557215143571,0.7622009314095382,0.7620034594957061,0.7620847590669034,134000000,1
1295272740000,1295272799000,0.7621079907022825,0.7621544582225034,0.7618989569603278,0.7619860404157396,125000000,1
1295272800000,1295272859000,0.7619686221321407,0.7623055168050251,0.7619628162145687,0.7621254153583514,105000000,1
1295272860000,1295272919000,0.7621254153583514,0.7621254153583514,0.7618699335649418,0.7620034594957061,135000000,1
1295272920000,1295272979000,0.7621079907022825,0.7621312237541059,0.7616030220407914,0.7617190475465029,136000000,1
1295272980000,1295273039000,0.7617422568899587,0.7617654676478206,0.761591421434229,0.7616842361830479,95000000,1
1295273040000,1295273099000,0.7616320251033916,0.761695839617324,0.7614406457016676,0.7614870318758471,129000000,1
1295273100000,1295273159000,0.7614870318758471,0.7615044281482496,0.7612551575036921,0.7613189088777398,174000000,1
1295273160000,1295273219000,0.7612783385861539,0.7615276244145757,0.7612319778329247,0.7614522417153996,98000000,1
1295273220000,1295273279000,0.7614638380823294,0.7615856212634705,0.7613420938430265,0.761347890304996,143000000,1
1295273280000,1295273339000,0.7613305011838689,0.7615102270823497,0.7612493624536589,0.7614580398547138,126000000,1
1295273340000,1295273399000,0.7614580398547138,0.7618293045260279,0.761347890304996,0.76181189340728,147000000,1
1295273400000,1295273459000,0.7618351084091359,0.7618351084091359,0.7615392230776846,0.7615740211869892,131000000,1
1295273460000,1295273519000,0.7615740211869892,0.7617828766444987,0.7615392230776846,0.7616726331022926,116000000,1
1295273520000,1295273579000,0.7617016414670373,0.7618351084091359,0.7616320251033916,0.7617248497497734,111000000,1
1295273580000,1295273639000,0.7617422568899587,0.7617886798202179,0.7616726331022926,0.7617016414670373,96000000,1
1295273640000,1295273699000,0.7616436269469515,0.7617480594468186,0.7615740211869892,0.7616552291439758,110000000,1
1295273700000,1295273759000,0.7616842361830479,0.7618293045260279,0.7616146230007617,0.7618060898778825,71000000,1
1295273760000,1295273819000,0.7617886798202179,0.7617886798202179,0.7616436269469515,0.7616436269469515,58000000,1
1295273820000,1295273879000,0.7616610303750418,0.7616726331022926,0.761591421434229,0.7616320251033916,72000000,1
1295273880000,1295273939000,0.7616552291439758,0.7617306520414382,0.761591421434229,0.7616784345984813,65000000,1
1295273940000,1295273999000,0.761695839617324,0.761695839617324,0.7616030220407914,0.761695839617324,30000000,1
1295274000000,1295274059000,0.7616842361830479,0.7618176970251018,0.7616436269469515,0.7617422568899587,49000000,1
1295274060000,1295274119000,0.7617422568899587,0.7618699335649418,0.7616784345984813,0.7618699335649418,51000000,1
1295274120000,1295274179000,0.7618815426577475,0.762009266032675,0.7617016414670373,0.7619860404157396,75000000,1
1295274180000,1295274239000,0.7619337879538268,0.761957010385474,0.76181189340728,0.76181189340728,60000000,1
1295274240000,1295274299000,0.76181189340728,0.7619163720590028,0.7617596648257474,0.7617596648257474,28000000,1
1295274300000,1295274359000,0.7617596648257474,0.7619221772688137,0.7617248497497734,0.7618525205890644,38000000,1
1295274360000,1295274419000,0.7618293045260279,0.761939593429033,0.761695839617324,0.7619221772688137,63000000,1
1295274420000,1295274479000,0.7619453989927082,0.7619512046448546,0.7618351084091359,0.7618467164406522,34000000,1
1295274480000,1295274539000,0.7618467164406522,0.762009266032675,0.76181189340728,0.7619976530472286,58000000,1
1295274540000,1295274599000,0.7619686221321407,0.76237525634868,0.7619163720590028,0.7623287619018577,145000000,1
1295274600000,1295274659000,0.7623287619018577,0.7626659751828492,0.7623113279463333,0.7625496610466757,186000000,1
1295274660000,1295274719000,0.7625031453254745,0.7625554759108725,0.7622241701284348,0.7622241701284348,89000000,1
1295274720000,1295274779000,0.7621951219512195,0.7624566352788685,0.7621370322383965,0.7623926932284281,94000000,1
1295274780000,1295274839000,0.7624101309058194,0.7624624487244004,0.7620905668429637,0.7621137988324416,135000000,1
1295274840000,1295274899000,0.7620963747075454,0.7622183603158633,0.7620383000449602,0.7620905668429637,87000000,1
1295274900000,1295274959000,0.7620615288478392,0.7621951219512195,0.7619047619047619,0.7620789513793629,181000000,1
1295274960000,1295275019000,0.7620557215143571,0.7621079907022825,0.7618235007313505,0.761939593429033,122000000,1
1295275020000,1295275079000,0.7619279825670878,0.7621137988324416,0.7618757380671212,0.7619744281381916,106000000,1
1295275080000,1295275139000,0.7619976530472286,0.7619976530472286,0.7618815426577475,0.7618989569603278,51000000,1
1295275140000,1295275199000,0.7619163720590028,0.7621544582225034,0.7619163720590028,0.761957010385474,70000000,1
1295275200000,1295275259000,0.7619628162145687,0.7620557215143571,0.761957010385474,0.7620441071129197,63000000,1
1295275260000,1295275319000,0.7620208793720947,0.7621254153583514,0.7618873473368228,0.7618873473368228,74000000,1
1295275320000,1295275379000,0.7618989569603278,0.7620324930655044,0.7618815426577475,0.7619918466872405,68000000,1
1295275380000,1295275439000,0.762009266032675,0.7621079907022825,0.7619976530472286,0.76207314378034,49000000,1
1295275440000,1295275499000,0.7620383000449602,0.7620673362698328,0.7618699335649418,0.7618699335649418,55000000,1
1295275500000,1295275559000,0.7618873473368228,0.7619918466872405,0.76181189340728,0.76181189340728,59000000,1
1295275560000,1295275619000,0.7618293045260279,0.7618757380671212,0.7617248497497734,0.7617364544214993,87000000,1
1295275620000,1295275679000,0.7617480594468186,0.7618351084091359,0.7616610303750418,0.7618235007313505,48000000,1
1295275680000,1295275739000,0.7618235007313505,0.7618583248259153,0.7617422568899587,0.7617654676478206,47000000,1
1295275740000,1295275799000,0.7617364544214993,0.7617770735571942,0.7616726331022926,0.7616726331022926,54000000,1
1295275800000,1295275859000,0.761707443405137,0.7617770735571942,0.7615102270823497,0.7615624214638752,94000000,1
1295275860000,1295275919000,0.7615508220941124,0.7615508220941124,0.7610060499980975,0.7610639674264622,99000000,1
1295275920000,1295275979000,0.7610929294466854,0.7612145940061963,0.7609423510074876,0.7609770945894528,109000000,1
1295275980000,1295276039000,0.7609770945894528,0.7609828854949052,0.7608844520871061,0.7609828854949052,88000000,1
1295276040000,1295276099000,0.7609655130429489,0.7610292159115989,0.7608786626796624,0.7609134004458952,75000000,1
1295276100000,1295276159000,0.7609423510074876,0.7609539318489658,0.7605661654535636,0.7607455306200076,97000000,1
1295276160000,1295276219000,0.7607455306200076,0.7609076105979212,0.7606760889078213,0.7609076105979212,95000000,1
1295276220000,1295276279000,0.7609191903819814,0.7609770945894528,0.7607223819739224,0.7607397433264106,57000000,1
1295276280000,1295276339000,0.7607571054713651,0.7609076105979212,0.7606992347365699,0.7607628930291296,103000000,1
1295276340000,1295276399000,0.7607397433264106,0.7612203885268863,0.7607397433264106,0.7612030052294647,121000000,1
1295276400000,1295276459000,0.761208799573723,0.7612377726182773,0.7609076105979212,0.7609365607189328,91000000,1
1295276460000,1295276519000,0.7609481413841647,0.7611045148719823,0.7608902415826517,0.7609076105979212,84000000,1
1295276520000,1295276579000,0.7608786626796624,0.7610292159115989,0.7608786626796624,0.7609886764884939,63000000,1
1295276580000,1295276639000,0.7609597224018932,0.7609597224018932,0.7607744684088402,0.7609076105979212,78000000,1
1295276640000,1295276699000,0.7609307705184983,0.7611276867807344,0.7609307705184983,0.7610176327785515,75000000,1
1295276700000,1295276759000,0.7610176327785515,0.761052383235538,0.7609018208380572,0.7609886764884939,140000000,1
1295276760000,1295276819000,0.7609886764884939,0.7611334799783838,0.7609886764884939,0.7610639674264622,66000000,1
1295276820000,1295276879000,0.7610987221152455,0.7611508601004718,0.7610581752869189,0.7610871368662999,54000000,1
1295276880000,1295276939000,0.7610755519700441,0.7612493624536589,0.7610755519700441,0.7612493624536589,91000000,1
1295276940000,1295276999000,0.761272543183185,0.761347890304996,0.7611508601004718,0.7611624472895006,101000000,1
1295277000000,1295277059000,0.7611682410163118,0.7615566217348261,0.7611682410163118,0.7614000624348052,166000000,1
1295277060000,1295277119000,0.7614000624348052,0.7615450225417326,0.7614000624348052,0.7614754348024733,107000000,1
1295277120000,1295277179000,0.7614754348024733,0.7616320251033916,0.7614754348024733,0.7615856212634705,50000000,1
1295277180000,1295277239000,0.7615566217348261,0.7616262243141556,0.7614638380823294,0.7615624214638752,98000000,1
1295277240000,1295277299000,0.761579821181058,0.7616842361830479,0.7614406457016676,0.7615566217348261,116000000,1
1295277300000,1295277359000,0.7615566217348261,0.7616204236132795,0.7614348478272457,0.7615392230776846,79000000,1
1295277360000,1295277419000,0.7615276244145757,0.7616088224765996,0.7615218252155106,0.7615682212812623,57000000,1
1295277420000,1295277479000,0.7615682212812623,0.7616784345984813,0.7613710770355255,0.7615624214638752,111000000,1
1295277480000,1295277539000,0.7616146230007617,0.7618699335649418,0.7615972216933353,0.7618235007313505,88000000,1
1295277540000,1295277599000,0.7618235007313505,0.7620615288478392,0.7617944830843536,0.7619105669376529,95000000,1
1295277600000,1295277659000,0.7619105669376529,0.7620324930655044,0.7618525205890644,0.7618815426577475,93000000,1
1295277660000,1295277719000,0.7618815426577475,0.7621021826606511,0.7618060898778825,0.7619047619047619,124000000,1
1295277720000,1295277779000,0.7619279825670878,0.7620441071129197,0.7618757380671212,0.7618757380671212,101000000,1
1295277780000,1295277839000,0.7618873473368228,0.762189312581459,0.7618873473368228,0.7620266861745498,103000000,1
1295277840000,1295277899000,0.7620499142693847,0.7620499142693847,0.7616842361830479,0.7618641291512072,129000000,1
1295277900000,1295277959000,0.7618409123806766,0.7618409123806766,0.761695839617324,0.7617886798202179,73000000,1
1295277960000,1295278019000,0.76181189340728,0.7618641291512072,0.7616552291439758,0.7617248497497734,89000000,1
1295278020000,1295278079000,0.7617132454316249,0.7618815426577475,0.761707443405137,0.7618351084091359,50000000,1
1295278080000,1295278139000,0.7618351084091359,0.7620034594957061,0.7618351084091359,0.7619860404157396,67000000,1
1295278140000,1295278199000,0.761980234232724,0.761980234232724,0.7618641291512072,0.7618989569603278,42000000,1
1295278200000,1295278259000,0.7618989569603278,0.7620034594957061,0.761707443405137,0.7618060898778825,128000000,1
1295278260000,1295278319000,0.7618060898778825,0.7619744281381916,0.7618060898778825,0.7618467164406522,79000000,1
1295278320000,1295278379000,0.7618815426577475,0.7619221772688137,0.761591421434229,0.7616842361830479,80000000,1
1295278380000,1295278439000,0.7616726331022926,0.7616842361830479,0.7615334237019663,0.7616784345984813,94000000,1
1295278440000,1295278499000,0.7616784345984813,0.7619105669376529,0.7615740211869892,0.7618467164406522,135000000,1
1295278500000,1295278559000,0.7618235007313505,0.7621196070511306,0.7617596648257474,0.7620266861745498,161000000,1
1295278560000,1295278619000,0.7620266861745498,0.7620266861745498,0.7618699335649418,0.7619918466872405,153000000,1
1295278620000,1295278679000,0.7619976530472286,0.7620441071129197,0.7618989569603278,0.7619512046448546,84000000,1
1295278680000,1295278739000,0.761939593429033,0.7619686221321407,0.7618641291512072,0.761957010385474,112000000,1
1295278740000,1295278799000,0.761957010385474,0.76207314378034,0.7619163720590028,0.7620324930655044,122000000,1
1295278800000,1295278859000,0.7620324930655044,0.7621254153583514,0.7619279825670878,0.7621021826606511,119000000,1
1295278860000,1295278919000,0.7621021826606511,0.7622706518176343,0.7621021826606511,0.7621776941076043,98000000,1
1295278920000,1295278979000,0.7621776941076043,0.7622648412964601,0.7620615288478392,0.7621079907022825,140000000,1
1295278980000,1295279039000,0.7620963747075454,0.7621660759879578,0.761957010385474,0.761957010385474,86000000,1
1295279040000,1295279099000,0.7619453989927082,0.7619453989927082,0.7618002864369077,0.7618002864369077,108000000,1
1295279100000,1295279159000,0.7618002864369077,0.7620441071129197,0.7617596648257474,0.761957010385474,109000000,1
1295279160000,1295279219000,0.7619453989927082,0.7621254153583514,0.7618815426577475,0.7618815426577475,146000000,1
1295279220000,1295279279000,0.7618409123806766,0.7619628162145687,0.7617596648257474,0.7618293045260279,157000000,1
1295279280000,1295279339000,0.7618293045260279,0.761957010385474,0.7617132454316249,0.7618815426577475,155000000,1
1295279340000,1295279399000,0.7618931521043489,0.7620034594957061,0.7618641291512072,0.7619047619047619,115000000,1
1295279400000,1295279459000,0.7618815426577475,0.7619047619047619,0.7617886798202179,0.7618293045260279,114000000,1
1295279460000,1295279519000,0.7618002864369077,0.762009266032675,0.7616900378559949,0.7619163720590028,99000000,1
1295279520000,1295279579000,0.7619105669376529,0.7619860404157396,0.7618931521043489,0.7619163720590028,55000000,1
1295279580000,1295279639000,0.7619163720590028,0.7619628162145687,0.7617480594468186,0.7618989569603278,138000000,1
1295279640000,1295279699000,0.7619047619047619,0.7620441071129197,0.7618525205890644,0.7620208793720947,94000000,1
1295279700000,1295279759000,0.7620208793720947,0.7620963747075454,0.7619453989927082,0.7619976530472286,122000000,1
1295279760000,1295279819000,0.7620034594957061,0.762206740956417,0.7619512046448546,0.762206740956417,141000000,1
1295279820000,1295279879000,0.762212550591858,0.7623287619018577,0.7621835033002546,0.7622357900192845,126000000,1
1295279880000,1295279939000,0.7622357900192845,0.7625729210355741,0.7621951219512195,0.7625729210355741,148000000,1
1295279940000,1295279999000,0.7625787362545183,0.7632422530911311,0.7625322169861677,0.7632364277482235,242000000,1
1295280000000,1295280059000,0.7632655553520181,0.7634695108450844,0.7630384189843958,0.7631898282059697,217000000,1
1295280060000,1295280119000,0.7631898282059697,0.7633995709694411,0.7631548822833595,0.7632713811395642,196000000,1
1295280120000,1295280179000,0.7632713811395642,0.7632713811395642,0.7629743793203425,0.7630093087135663,106000000,1
1295280180000,1295280239000,0.7630093087135663,0.7630093087135663,0.7629510948348212,0.7629918436171917,53000000,1
1295280240000,1295280299000,0.7629918436171917,0.7631199395609007,0.7629161707711557,0.7630093087135663,167000000,1
1295280300000,1295280359000,0.7630209525553572,0.7630384189843958,0.7628055989930965,0.7628579711029401,112000000,1
1295280360000,1295280419000,0.7628637906701758,0.7629336324033172,0.7624275693809087,0.7626019980172348,158000000,1
1295280420000,1295280479000,0.7626776085480906,0.7627299630838698,0.762479889592912,0.7626950592614061,150000000,1
1295280480000,1295280539000,0.7627125107733143,0.7627765064836003,0.7626485258003995,0.7626892422682378,65000000,1
1295280540000,1295280599000,0.7626892422682378,0.7627299630838698,0.7626368933223514,0.7627241455582758,100000000,1
1295280600000,1295280659000,0.7627241455582758,0.7628405129339608,0.7627241455582758,0.7627881432211018,95000000,1
1295280660000,1295280719000,0.7627997803136634,0.7628521516244937,0.7626310772163966,0.7627125107733143,93000000,1
1295280720000,1295280779000,0.7627125107733143,0.7627357806982084,0.7624915172818703,0.7624915172818703,98000000,1
1295280780000,1295280839000,0.7624915172818703,0.7624915172818703,0.7622241701284348,0.7622241701284348,71000000,1
1295280840000,1295280899000,0.7622009314095382,0.7623113279463333,0.7619337879538268,0.7620266861745498,94000000,1
1295280900000,1295280959000,0.7620499142693847,0.7621660759879578,0.7618873473368228,0.7621428408112249,138000000,1
1295280960000,1295281019000,0.7621428408112249,0.7622880839126723,0.7620324930655044,0.7620499142693847,120000000,1
1295281020000,1295281079000,0.7620673362698328,0.7621196070511306,0.7619744281381916,0.7619918466872405,97000000,1
1295281080000,1295281139000,0.7620208793720947,0.7623171391762401,0.7620208793720947,0.7622648412964601,73000000,1
1295281140000,1295281199000,0.7622822731257385,0.7625787362545183,0.7622590308638681,0.7625554759108725,102000000,1
1295281200000,1295281259000,0.7625554759108725,0.7627066935139423,0.762439195474161,0.7626543421724972,81000000,1
1295281260000,1295281319000,0.7626485258003995,0.7627357806982084,0.7625554759108725,0.7627357806982084,107000000,1
1295281320000,1295281379000,0.7627357806982084,0.7628521516244937,0.7626717918211077,0.7628346937218705,174000000,1
1295281380000,1295281439000,0.7628346937218705,0.7628346937218705,0.7625496610466757,0.7625612908637532,107000000,1
1295281440000,1295281499000,0.7625787362545183,0.7625787362545183,0.7624450086537509,0.7624566352788685,78000000,1
1295281500000,1295281559000,0.7624624487244004,0.7625380315843253,0.7624624487244004,0.7624857033930613,26000000,1
1295281560000,1295281619000,0.7624857033930613,0.7624857033930613,0.7622241701284348,0.7622241701284348,59000000,1
1295281620000,1295281679000,0.7622299800295744,0.7624450086537509,0.7622299800295744,0.7624043182580587,80000000,1
1295281680000,1295281739000,0.7624159436422134,0.7625264024766857,0.762369444232675,0.7624973312593406,115000000,1
1295281740000,1295281799000,0.7624973312593406,0.7626019980172348,0.7622648412964601,0.7625961824435107,113000000,1
1295281800000,1295281859000,0.7625903669584846,0.7626078136796589,0.7623810685533057,0.762479889592912,114000000,1
1295281860000,1295281919000,0.7624217564672425,0.7625671059053196,0.7622764624273931,0.7624973312593406,109000000,1
1295281920000,1295281979000,0.7625089594802739,0.762700876343307,0.7624624487244004,0.762479889592912,71000000,1
1295281980000,1295282039000,0.762479889592912,0.762660158633313,0.7622590308638681,0.762660158633313,75000000,1
1295282040000,1295282099000,0.7626485258003995,0.7628463322348346,0.7625322169861677,0.7625322169861677,87000000,1
1295282100000,1295282159000,0.7625380315843253,0.7626543421724972,0.7624333823832142,0.7626368933223514,85000000,1
1295282160000,1295282219000,0.7626368933223514,0.7628812499046398,0.7626019980172348,0.7628055989930965,159000000,1
1295282220000,1295282279000,0.7628055989930965,0.7628987099382816,0.7627066935139423,0.7628987099382816,68000000,1
1295282280000,1295282339000,0.7628987099382816,0.7628987099382816,0.7623113279463333,0.7624682622585834,215000000,1
1295282340000,1295282399000,0.7625147737237409,0.7626194452706155,0.7624857033930613,0.7625147737237409,115000000,1
1295282400000,1295282459000,0.7625380315843253,0.7625787362545183,0.762479889592912,0.7625322169861677,88000000,1
1295282460000,1295282519000,0.7625438462711607,0.7627357806982084,0.7624566352788685,0.7626776085480906,82000000,1
1295282520000,1295282579000,0.7626659751828492,0.762700876343307,0.7625438462711607,0.7626019980172348,163000000,1
1295282580000,1295282639000,0.7626136294307851,0.7627357806982084,0.7626136294307851,0.7627125107733143,113000000,1
1295282640000,1295282699000,0.7627066935139423,0.7628172366182787,0.7624217564672425,0.7625845515621544,115000000,1
1295282700000,1295282759000,0.7625438462711607,0.7625787362545183,0.7624624487244004,0.7624624487244004,105000000,1
1295282760000,1295282819000,0.7624915172818703,0.7626485258003995,0.762479889592912,0.7625671059053196,105000000,1
1295282820000,1295282879000,0.7625671059053196,0.7626368933223514,0.7625380315843253,0.7625961824435107,98000000,1
1295282880000,1295282939000,0.7625845515621544,0.7626078136796589,0.7624857033930613,0.7626078136796589,41000000,1
1295282940000,1295282999000,0.7626078136796589,0.7626136294307851,0.7624915172818703,0.7625205880558775,57000000,1
1295283000000,1295283059000,0.7625205880558775,0.7625205880558775,0.7623171391762401,0.7623520084163662,50000000,1
1295283060000,1295283119000,0.76237525634868,0.76237525634868,0.7622706518176343,0.7622706518176343,32000000,1
1295283120000,1295283179000,0.7622880839126723,0.7623403849818944,0.7622357900192845,0.7622590308638681,47000000,1
1295283180000,1295283239000,0.7622357900192845,0.7623868808465545,0.7620963747075454,0.7621660759879578,113000000,1
1295283240000,1295283299000,0.7621196070511306,0.7621428408112249,0.7619918466872405,0.7620673362698328,76000000,1
1295283300000,1295283359000,0.7620673362698328,0.7622416000975669,0.7619744281381916,0.7620150726581372,87000000,1
1295283360000,1295283419000,0.7619918466872405,0.7621428408112249,0.7619628162145687,0.76207314378034,115000000,1
1295283420000,1295283479000,0.7620847590669034,0.7621428408112249,0.7620789513793629,0.7621312237541059,26000000,1
1295283480000,1295283539000,0.7621079907022825,0.7621602670609576,0.7620673362698328,0.7621602670609576,52000000,1
1295283540000,1295283599000,0.7622241701284348,0.7623578202665203,0.7621428408112249,0.7623171391762401,77000000,1
1295283600000,1295283659000,0.7623171391762401,0.7627474161931276,0.7622822731257385,0.7626834253638,170000000,1
1295283660000,1295283719000,0.7626834253638,0.7627823248079695,0.7625031453254745,0.7625089594802739,81000000,1
1295283720000,1295283779000,0.7625264024766857,0.7626019980172348,0.762450821921986,0.7625147737237409,67000000,1
1295283780000,1295283839000,0.7625147737237409,0.7625322169861677,0.7623926932284281,0.7625031453254745,39000000,1
1295283840000,1295283899000,0.7625205880558775,0.7625205880558775,0.7624101309058194,0.7624624487244004,46000000,1
1295283900000,1295283959000,0.7624566352788685,0.7626194452706155,0.7624566352788685,0.7626136294307851,42000000,1
1295283960000,1295284019000,0.7626252611991519,0.7627590520430502,0.7626252611991519,0.7627357806982084,53000000,1
1295284020000,1295284079000,0.7627532340737124,0.7627532340737124,0.7626427095170184,0.7627357806982084,53000000,1
1295284080000,1295284139000,0.7627357806982084,0.7627532340737124,0.7626717918211077,0.7627474161931276,37000000,1
1295284140000,1295284199000,0.7627474161931276,0.7627648701011426,0.7625787362545183,0.7625787362545183,60000000,1
1295284200000,1295284259000,0.7625787362545183,0.7626427095170184,0.7625147737237409,0.7625147737237409,68000000,1
1295284260000,1295284319000,0.7625147737237409,0.7625554759108725,0.7624333823832142,0.7624333823832142,137000000,1
1295284320000,1295284379000,0.7624450086537509,0.7624566352788685,0.7623171391762401,0.7623403849818944,87000000,1
1295284380000,1295284439000,0.7623403849818944,0.7624566352788685,0.7623171391762401,0.7624333823832142,112000000,1
1295284440000,1295284499000,0.7624333823832142,0.7626136294307851,0.7624333823832142,0.7625322169861677,120000000,1
1295284500000,1295284559000,0.7625089594802739,0.7626659751828492,0.762439195474161,0.7626194452706155,97000000,1
1295284560000,1295284619000,0.7626078136796589,0.7626717918211077,0.762439195474161,0.762439195474161,75000000,1
1295284620000,1295284679000,0.762439195474161,0.7624450086537509,0.7624101309058194,0.7624275693809087,16000000,1
1295284680000,1295284739000,0.7624450086537509,0.7625612908637532,0.7624450086537509,0.7625322169861677,49000000,1
1295284740000,1295284799000,0.7625322169861677,0.7627765064836003,0.7625322169861677,0.7627066935139423,61000000,1
1295284800000,1295284859000,0.7627648701011426,0.7628288745985613,0.7626950592614061,0.762770688247992,80000000,1
1295284860000,1295284919000,0.7627823248079695,0.7627997803136634,0.7625787362545183,0.7626310772163966,106000000,1
1295284920000,1295284979000,0.7626485258003995,0.7626485258003995,0.762479889592912,0.762479889592912,42000000,1
1295284980000,1295285039000,0.7624682622585834,0.7626019980172348,0.7624624487244004,0.7625612908637532,109000000,1
1295285040000,1295285099000,0.7625671059053196,0.7626194452706155,0.7625264024766857,0.7625380315843253,23000000,1
1295285100000,1295285159000,0.7625380315843253,0.7625438462711607,0.7625089594802739,0.7625322169861677,18000000,1
1295285160000,1295285219000,0.7625380315843253,0.7627125107733143,0.7625031453254745,0.7626659751828492,54000000,1
1295285220000,1295285279000,0.7626194452706155,0.7626543421724972,0.7626194452706155,0.7626310772163966,45000000,1
1295285280000,1295285339000,0.7626310772163966,0.762700876343307,0.7625322169861677,0.7625322169861677,58000000,1
1295285340000,1295285399000,0.7625322169861677,0.7626194452706155,0.7625322169861677,0.7625438462711607,51000000,1
1295285400000,1295285459000,0.7625612908637532,0.7626252611991519,0.7625612908637532,0.7625612908637532,84000000,1
1295285460000,1295285519000,0.7625612908637532,0.7625961824435107,0.7624450086537509,0.7625089594802739,75000000,1
1295285520000,1295285579000,0.7625147737237409,0.7625264024766857,0.7624450086537509,0.7624450086537509,29000000,1
1295285580000,1295285639000,0.762439195474161,0.7626019980172348,0.7624217564672425,0.7626019980172348,37000000,1
1295285640000,1295285699000,0.7626019980172348,0.7626019980172348,0.7624915172818703,0.7624915172818703,31000000,1
1295285700000,1295285759000,0.7624857033930613,0.7625264024766857,0.76237525634868,0.7623926932284281,52000000,1
1295285760000,1295285819000,0.7623926932284281,0.7625322169861677,0.7623926932284281,0.7625322169861677,36000000,1
1295285820000,1295285879000,0.7625322169861677,0.7625903669584846,0.7624857033930613,0.7625729210355741,67000000,1
1295285880000,1295285939000,0.7625729210355741,0.7626194452706155,0.7625264024766857,0.7625264024766857,41000000,1
1295285940000,1295285999000,0.7625264024766857,0.7627241455582758,0.7625147737237409,0.762700876343307,106000000,1
1295286000000,1295286059000,0.762700876343307,0.7627241455582758,0.7625031453254745,0.762700876343307,88000000,1
1295286060000,1295286119000,0.762700876343307,0.7627299630838698,0.7625438462711607,0.7625787362545183,66000000,1
1295286120000,1295286179000,0.7625961824435107,0.7626019980172348,0.7625089594802739,0.7625554759108725,40000000,1
1295286180000,1295286239000,0.7625554759108725,0.7625729210355741,0.7625264024766857,0.7625496610466757,32000000,1
1295286240000,1295286299000,0.7625612908637532,0.7626078136796589,0.7625612908637532,0.7625729210355741,18000000,1
1295286300000,1295286359000,0.7625729210355741,0.7625961824435107,0.7625496610466757,0.7625787362545183,14000000,1
1295286360000,1295286419000,0.7626078136796589,0.7626078136796589,0.7625845515621544,0.7626019980172348,9000000,1
1295286420000,1295286479000,0.7626136294307851,0.7626776085480906,0.7625671059053196,0.7625729210355741,51000000,1
1295286480000,1295286539000,0.7625787362545183,0.7625787362545183,0.7624566352788685,0.76247407588142,51000000,1
1295286540000,1295286599000,0.7624857033930613,0.7625903669584846,0.7624682622585834,0.7624682622585834,48000000,1
1295286600000,1295286659000,0.762450821921986,0.7625031453254745,0.7623868808465545,0.7623926932284281,37000000,1
1295286660000,1295286719000,0.7623926932284281,0.762450821921986,0.762369444232675,0.762369444232675,54000000,1
1295286720000,1295286779000,0.7623868808465545,0.7624217564672425,0.7623403849818944,0.7623985056989289,23000000,1
1295286780000,1295286839000,0.7624043182580587,0.7624333823832142,0.7623578202665203,0.7624159436422134,18000000,1
1295286840000,1295286899000,0.7624159436422134,0.7624159436422134,0.7623926932284281,0.7623926932284281,14000000,1
1295286900000,1295286959000,0.7623926932284281,0.7624043182580587,0.7619221772688137,0.7620034594957061,80000000,1
1295286960000,1295287019000,0.7619976530472286,0.7619976530472286,0.7619453989927082,0.7619628162145687,25000000,1
1295287020000,1295287079000,0.7619628162145687,0.7619686221321407,0.7617944830843536,0.7618409123806766,65000000,1
1295287080000,1295287139000,0.7618409123806766,0.7620441071129197,0.7617828766444987,0.7619976530472286,44000000,1
1295287140000,1295287199000,0.761980234232724,0.761980234232724,0.7617364544214993,0.7618815426577475,180000000,1
1295287200000,1295287259000,0.7618815426577475,0.7620208793720947,0.7617596648257474,0.7619105669376529,140000000,1
1295287260000,1295287319000,0.7619105669376529,0.761957010385474,0.7617016414670373,0.7618235007313505,110000000,1
1295287320000,1295287379000,0.7618235007313505,0.7620034594957061,0.7618235007313505,0.7619279825670878,68000000,1
1295287380000,1295287439000,0.7619279825670878,0.7619860404157396,0.7618699335649418,0.7618699335649418,41000000,1
1295287440000,1295287499000,0.7618699335649418,0.7618989569603278,0.7618699335649418,0.7618931521043489,12000000,1
1295287500000,1295287559000,0.7618931521043489,0.761957010385474,0.7618931521043489,0.7619279825670878,30000000,1
1295287560000,1295287619000,0.7619279825670878,0.7619337879538268,0.7619163720590028,0.7619163720590028,60000000,1
1295287620000,1295287679000,0.7619105669376529,0.7619105669376529,0.7619105669376529,0.7619105669376529,3000000,1
1295287680000,1295287739000,0.7619163720590028,0.7620789513793629,0.7619163720590028,0.7620789513793629,41000000,1
1295287740000,1295287799000,0.7620441071129197,0.7620847590669034,0.7620150726581372,0.7620383000449602,34000000,1
1295287800000,1295287859000,0.7620150726581372,0.7620383000449602,0.7619976530472286,0.7620324930655044,26000000,1
1295287860000,1295287919000,0.7620441071129197,0.7620905668429637,0.7620441071129197,0.7620905668429637,15000000,1
1295287920000,1295287979000,0.7620905668429637,0.7621079907022825,0.7620150726581372,0.7620150726581372,25000000,1
1295287980000,1295288039000,0.7619512046448546,0.7619512046448546,0.7618293045260279,0.7618293045260279,24000000,1
1295288040000,1295288099000,0.7618467164406522,0.761939593429033,0.7618467164406522,0.7618873473368228,53000000,1
1295288100000,1295288159000,0.7618815426577475,0.7618815426577475,0.7616436269469515,0.7616494280012795,26000000,1
1295288160000,1295288219000,0.761695839617324,0.7619628162145687,0.761695839617324,0.7618409123806766,109000000,1
1295288220000,1295288279000,0.7618409123806766,0.7619976530472286,0.7617828766444987,0.7619976530472286,149000000,1
1295288280000,1295288339000,0.7619976530472286,0.7620673362698328,0.7619163720590028,0.7620266861745498,46000000,1
1295288340000,1295288399000,0.7620208793720947,0.7620266861745498,0.761957010385474,0.7620150726581372,17000000,1
1295288400000,1295288459000,0.7620150726581372,0.7621021826606511,0.7619976530472286,0.7620905668429637,37000000,1
1295288460000,1295288519000,0.7621137988324416,0.7621835033002546,0.7621137988324416,0.7621835033002546,14000000,1
1295288520000,1295288579000,0.7621602670609576,0.7624450086537509,0.7621428408112249,0.7624333823832142,113000000,1
1295288580000,1295288639000,0.7624101309058194,0.7625264024766857,0.7621254153583514,0.7622706518176343,125000000,1
1295288640000,1295288699000,0.7622880839126723,0.7622880839126723,0.7620673362698328,0.7620673362698328,38000000,1
1295288700000,1295288759000,0.7620673362698328,0.7622416000975669,0.7620673362698328,0.762212550591858,72000000,1
1295288760000,1295288819000,0.762206740956417,0.7623171391762401,0.762206740956417,0.7622299800295744,47000000,1
1295288820000,1295288879000,0.7622009314095382,0.7622299800295744,0.7621486494725932,0.762189312581459,50000000,1
1295288880000,1295288939000,0.7622009314095382,0.7622299800295744,0.7621428408112249,0.7622299800295744,49000000,1
1295288940000,1295288999000,0.7622299800295744,0.7622299800295744,0.7622009314095382,0.7622241701284348,33000000,1
1295289000000,1295289059000,0.7622241701284348,0.7622706518176343,0.762189312581459,0.7622648412964601,40000000,1
1295289060000,1295289119000,0.7622648412964601,0.7622938947881966,0.7622648412964601,0.7622938947881966,15000000,1
1295289120000,1295289179000,0.7622938947881966,0.7623868808465545,0.7622822731257385,0.7623055168050251,27000000,1
1295289180000,1295289239000,0.7622997057523135,0.7624159436422134,0.7622997057523135,0.7624101309058194,42000000,1
1295289240000,1295289299000,0.7624101309058194,0.7624101309058194,0.7623345733975727,0.7623345733975727,14000000,1
1295289300000,1295289359000,0.7623345733975727,0.7623345733975727,0.7621312237541059,0.7622009314095382,37000000,1
1295289360000,1295289419000,0.7622009314095382,0.7622590308638681,0.7620847590669034,0.7621196070511306,29000000,1
1295289420000,1295289479000,0.7621196070511306,0.7621312237541059,0.7620499142693847,0.7620905668429637,45000000,1
1295289480000,1295289539000,0.7620905668429637,0.7620905668429637,0.7620905668429637,0.7620905668429637,11000000,1
1295289540000,1295289599000,0.7621137988324416,0.7621486494725932,0.7620847590669034,0.7621370322383965,17000000,1
1295289600000,1295289659000,0.7621544582225034,0.7622357900192845,0.7621486494725932,0.7621486494725932,20000000,1
1295289660000,1295289719000,0.7621486494725932,0.7621486494725932,0.7621428408112249,0.7621428408112249,3000000,1
1295289720000,1295289779000,0.7621428408112249,0.7621428408112249,0.7621428408112249,0.7621428408112249,10000000,1
1295289780000,1295289839000,0.7621602670609576,0.7622880839126723,0.7621602670609576,0.7622590308638681,24000000,1
1295289840000,1295289899000,0.7622357900192845,0.7622764624273931,0.762189312581459,0.7622764624273931,14000000,1
1295289900000,1295289959000,0.7622764624273931,0.7622764624273931,0.762189312581459,0.7621951219512195,17000000,1
1295289960000,1295290019000,0.7622009314095382,0.7622357900192845,0.7622009314095382,0.7622183603158633,10000000,1
1295290020000,1295290079000,0.7621776941076043,0.7622474102644237,0.7621776941076043,0.7622474102644237,18000000,1
1295290080000,1295290139000,0.7622532205198567,0.7623345733975727,0.7622532205198567,0.7623113279463333,37000000,1
1295290140000,1295290199000,0.7623113279463333,0.7623113279463333,0.7621602670609576,0.7621835033002546,29000000,1
1295290200000,1295290259000,0.7621776941076043,0.7621776941076043,0.7617944830843536,0.7618989569603278,112000000,1
1295290260000,1295290319000,0.7619279825670878,0.761957010385474,0.7618583248259153,0.7618757380671212,79000000,1
1295290320000,1295290379000,0.7618757380671212,0.7619163720590028,0.7618583248259153,0.7619047619047619,36000000,1
1295290380000,1295290439000,0.7619047619047619,0.7619453989927082,0.7618641291512072,0.7618815426577475,80000000,1
1295290440000,1295290499000,0.7618815426577475,0.761939593429033,0.7618815426577475,0.7619105669376529,9000000,1
1295290500000,1295290559000,0.7619105669376529,0.7619163720590028,0.7617364544214993,0.76181189340728,37000000,1
1295290560000,1295290619000,0.7618351084091359,0.7618525205890644,0.7617712705583022,0.7618293045260279,31000000,1
1295290620000,1295290679000,0.7619628162145687,0.7619628162145687,0.7617364544214993,0.7617596648257474,40000000,1
1295290680000,1295290739000,0.7617480594468186,0.7618176970251018,0.7617306520414382,0.7617480594468186,20000000,1
1295290740000,1295290799000,0.7617886798202179,0.7618060898778825,0.7617480594468186,0.7618060898778825,36000000,1
1295290800000,1295290859000,0.7618002864369077,0.7618467164406522,0.7617828766444987,0.7617944830843536,14000000,1
1295290860000,1295290919000,0.76181189340728,0.761957010385474,0.76181189340728,0.761957010385474,22000000,1
1295290920000,1295290979000,0.761957010385474,0.761957010385474,0.7618002864369077,0.76181189340728,19000000,1
1295290980000,1295291039000,0.7618235007313505,0.7619453989927082,0.7618235007313505,0.7619453989927082,33000000,1
1295291040000,1295291099000,0.7619453989927082,0.761957010385474,0.7618989569603278,0.761939593429033,13000000,1
1295291100000,1295291159000,0.7619163720590028,0.761957010385474,0.7618989569603278,0.7619221772688137,25000000,1
1295291160000,1295291219000,0.7619221772688137,0.7619221772688137,0.7618873473368228,0.7618873473368228,10000000,1
1295291220000,1295291279000,0.7618873473368228,0.7618873473368228,0.7618641291512072,0.7618641291512072,24000000,1
1295291280000,1295291339000,0.7618641291512072,0.7618815426577475,0.7617190475465029,0.7617364544214993,42000000,1
1295291340000,1295291399000,0.7617364544214993,0.7618641291512072,0.7617364544214993,0.7617944830843536,31000000,1
1295291400000,1295291459000,0.7618060898778825,0.7618293045260279,0.7617828766444987,0.7617944830843536,22000000,1
1295291460000,1295291519000,0.7617886798202179,0.7617886798202179,0.7617712705583022,0.7617712705583022,3000000,1
1295291520000,1295291579000,0.7617886798202179,0.7617886798202179,0.7617712705583022,0.7617712705583022,4000000,1
1295291580000,1295291639000,0.7617712705583022,0.7617944830843536,0.7617306520414382,0.7617306520414382,8000000,1
1295291640000,1295291699000,0.7617306520414382,0.76181189340728,0.7617306520414382,0.7617886798202179,19000000,1
1295291700000,1295291759000,0.7617886798202179,0.7618235007313505,0.7617886798202179,0.7617886798202179,16000000,1
1295291760000,1295291819000,0.7618060898778825,0.76181189340728,0.7617828766444987,0.7617828766444987,10000000,1
1295291820000,1295291879000,0.7617770735571942,0.7617770735571942,0.7617596648257474,0.7617596648257474,3000000,1
1295291880000,1295291939000,0.7617770735571942,0.7617944830843536,0.7617480594468186,0.7617480594468186,8000000,1
1295291940000,1295291999000,0.7617770735571942,0.7617828766444987,0.7617306520414382,0.7617654676478206,37000000,1
1295292000000,1295292059000,0.7617654676478206,0.7617654676478206,0.7617248497497734,0.7617248497497734,5000000,1
1295292060000,1295292119000,0.7617016414670373,0.7617132454316249,0.7617016414670373,0.7617132454316249,5000000,1
1295292120000,1295292179000,0.7617248497497734,0.7617248497497734,0.7615508220941124,0.7616030220407914,33000000,1
1295292180000,1295292239000,0.7616088224765996,0.7616262243141556,0.7616088224765996,0.7616262243141556,9000000,1
1295292240000,1295292299000,0.7616262243141556,0.7616552291439758,0.7616262243141556,0.7616552291439758,8000000,1
1295292300000,1295292359000,0.7616494280012795,0.7616494280012795,0.7616494280012795,0.7616494280012795,2000000,1
1295292360000,1295292419000,0.7616552291439758,0.7616552291439758,0.7616320251033916,0.7616320251033916,5000000,1
1295292420000,1295292479000,0.7616320251033916,0.7616436269469515,0.7615682212812623,0.7615972216933353,14000000,1
1295292480000,1295292539000,0.7616146230007617,0.7616146230007617,0.761591421434229,0.761591421434229,6000000,1
1295292540000,1295292599000,0.761591421434229,0.7616030220407914,0.761591421434229,0.7616030220407914,3000000,1
1295292600000,1295292659000,0.7616088224765996,0.7616900378559949,0.7616088224765996,0.7616610303750418,18000000,1
1295292660000,1295292719000,0.7616436269469515,0.7622764624273931,0.7616262243141556,0.762189312581459,57000000,1
1295292720000,1295292779000,0.7621312237541059,0.762206740956417,0.7621137988324416,0.7621137988324416,36000000,1
1295292780000,1295292839000,0.7621137988324416,0.7621428408112249,0.7618583248259153,0.7618583248259153,37000000,1
1295292840000,1295292899000,0.7623113279463333,0.7624857033930613,0.7620208793720947,0.7622532205198567,43000000,1
1295292900000,1295292959000,0.7618641291512072,0.7618873473368228,0.7618641291512072,0.7618873473368228,20000000,1
1295292960000,1295293019000,0.761980234232724,0.761980234232724,0.7618641291512072,0.7619163720590028,33000000,1
1295293020000,1295293079000,0.7619163720590028,0.7619163720590028,0.7619047619047619,0.7619047619047619,6000000,1
1295293080000,1295293139000,0.7619047619047619,0.761980234232724,0.7619047619047619,0.7619628162145687,21000000,1
1295293140000,1295293199000,0.7619628162145687,0.7619628162145687,0.761939593429033,0.761939593429033,3000000,1
1295293200000,1295293259000,0.761939593429033,0.7619453989927082,0.7618815426577475,0.7619337879538268,13000000,1
1295293260000,1295293319000,0.7619337879538268,0.7619337879538268,0.7617422568899587,0.76181189340728,26000000,1
1295293320000,1295293379000,0.7618176970251018,0.7618235007313505,0.7617828766444987,0.7618235007313505,13000000,1
1295293380000,1295293439000,0.7618235007313505,0.7618699335649418,0.7618235007313505,0.7618467164406522,17000000,1
1295293440000,1295293499000,0.7617770735571942,0.7617770735571942,0.7616436269469515,0.7617538620920808,38000000,1
1295293500000,1295293559000,0.7617480594468186,0.7617538620920808,0.7617480594468186,0.7617538620920808,11000000,1
1295293560000,1295293619000,0.7617654676478206,0.7617770735571942,0.7617016414670373,0.7617306520414382,19000000,1
1295293620000,1295293679000,0.761707443405137,0.7617422568899587,0.761707443405137,0.7617190475465029,8000000,1
1295293680000,1295293739000,0.7617016414670373,0.7617016414670373,0.7616436269469515,0.7616436269469515,16000000,1
1295293740000,1295293799000,0.7616552291439758,0.7618002864369077,0.7616552291439758,0.7617016414670373,15000000,1
1295293800000,1295293859000,0.7617016414670373,0.7617190475465029,0.7617016414670373,0.7617190475465029,3000000,1
1295293860000,1295293919000,0.7617016414670373,0.7617016414670373,0.7617016414670373,0.7617016414670373,6000000,1
1295293920000,1295293979000,0.7617016414670373,0.7617132454316249,0.761695839617324,0.761695839617324,13000000,1
1295293980000,1295294039000,0.7617190475465029,0.7617364544214993,0.7616668316944802,0.7617364544214993,26000000,1
1295294040000,1295294099000,0.7617364544214993,0.7617712705583022,0.7617364544214993,0.7617712705583022,15000000,1
1295294100000,1295294159000,0.7617770735571942,0.7617886798202179,0.7617770735571942,0.7617886798202179,15000000,1
1295294160000,1295294219000,0.7617944830843536,0.7617944830843536,0.761695839617324,0.761695839617324,20000000,1
1295294220000,1295294279000,0.761695839617324,0.7617306520414382,0.7616610303750418,0.7616610303750418,32000000,1
1295294280000,1295294339000,0.7616610303750418,0.7616610303750418,0.7616378259809896,0.7616610303750418,10000000,1
1295294340000,1295294399000,0.7616610303750418,0.7616610303750418,0.7616320251033916,0.7616552291439758,8000000,1
1295294400000,1295294459000,0.7616668316944802,0.7617422568899587,0.7616668316944802,0.761707443405137,15000000,1
1295294460000,1295294519000,0.7620789513793629,0.7620789513793629,0.7619047619047619,0.7620789513793629,46000000,1
1295294520000,1295294579000,0.7616842361830479,0.7617364544214993,0.7616842361830479,0.7617364544214993,5000000,1
1295294580000,1295294639000,0.761707443405137,0.7617712705583022,0.761707443405137,0.7617712705583022,7000000,1
1295294640000,1295294699000,0.7617886798202179,0.7618409123806766,0.7617596648257474,0.7617944830843536,17000000,1
1295294700000,1295294759000,0.7617944830843536,0.7620441071129197,0.7617596648257474,0.7620208793720947,43000000,1
1295294760000,1295294819000,0.7620557215143571,0.7620847590669034,0.7619453989927082,0.7619453989927082,21000000,1
1295294820000,1295294879000,0.7619279825670878,0.7619279825670878,0.7618525205890644,0.7618525205890644,13000000,1
1295294880000,1295294939000,0.7618525205890644,0.7618525205890644,0.7617944830843536,0.76181189340728,8000000,1
1295294940000,1295294999000,0.7617886798202179,0.76181189340728,0.7617886798202179,0.7618002864369077,7000000,1
1295295000000,1295295059000,0.7617944830843536,0.7618060898778825,0.7617828766444987,0.7617828766444987,13000000,1
1295295060000,1295295119000,0.7617828766444987,0.7617828766444987,0.7617422568899587,0.7617422568899587,4000000,1
1295295120000,1295295179000,0.7620789513793629,0.7621951219512195,0.7619628162145687,0.7621951219512195,12000000,1
1295295180000,1295295239000,0.7617480594468186,0.7618235007313505,0.7617480594468186,0.7618235007313505,9000000,1
1295295240000,1295295299000,0.7618235007313505,0.7618235007313505,0.7617886798202179,0.7617886798202179,3000000,1
1295295300000,1295295359000,0.7618351084091359,0.7618757380671212,0.76181189340728,0.7618467164406522,11000000,1
1295295360000,1295295419000,0.7618699335649418,0.761980234232724,0.7618699335649418,0.7619163720590028,11000000,1
1295295420000,1295295479000,0.7618931521043489,0.7618931521043489,0.7618931521043489,0.7618931521043489,1000000,1
1295295480000,1295295539000,0.7619686221321407,0.7619976530472286,0.7619221772688137,0.7619221772688137,12000000,1
1295295540000,1295295599000,0.7619221772688137,0.7619221772688137,0.7618409123806766,0.7618641291512072,8000000,1
1295295600000,1295295659000,0.7618641291512072,0.7618989569603278,0.7618641291512072,0.7618989569603278,5000000,1
1295295660000,1295295719000,0.7618931521043489,0.7618989569603278,0.7618931521043489,0.7618989569603278,5000000,1
1295295720000,1295295779000,0.7618989569603278,0.7618989569603278,0.7618583248259153,0.7618583248259153,3000000,1
1295295780000,1295295839000,0.7618525205890644,0.7618525205890644,0.7618525205890644,0.7618525205890644,2000000,1
1295295840000,1295295899000,0.7618525205890644,0.7618583248259153,0.7618525205890644,0.7618583248259153,3000000,1
1295295900000,1295295959000,0.7618525205890644,0.7619163720590028,0.7618525205890644,0.7619163720590028,6000000,1
1295295960000,1295296019000,0.7619163720590028,0.761957010385474,0.7619163720590028,0.761957010385474,6000000,1
1295296020000,1295296079000,0.7619628162145687,0.7619628162145687,0.7619628162145687,0.7619628162145687,2000000,1
1295296080000,1295296139000,0.7619628162145687,0.7620266861745498,0.7619628162145687,0.7619860404157396,16000000,1
1295296140000,1295296199000,0.7619860404157396,0.7620034594957061,0.7619163720590028,0.7619163720590028,15000000,1
1295296200000,1295296259000,0.7618931521043489,0.7619744281381916,0.7618873473368228,0.761957010385474,28000000,1
1295296260000,1295296319000,0.7619918466872405,0.7620383000449602,0.7619918466872405,0.7620383000449602,12000000,1
1295296320000,1295296379000,0.7620383000449602,0.7620383000449602,0.7619453989927082,0.761980234232724,11000000,1
1295296380000,1295296439000,0.761980234232724,0.76207314378034,0.761980234232724,0.76207314378034,9000000,1
1295296440000,1295296499000,0.7620905668429637,0.7620905668429637,0.7620557215143571,0.7620615288478392,15000000,1
1295296500000,1295296559000,0.7620615288478392,0.7622648412964601,0.7620615288478392,0.7621312237541059,38000000,1
1295296560000,1295296619000,0.7621312237541059,0.762212550591858,0.7621312237541059,0.7621951219512195,38000000,1
1295296620000,1295296679000,0.7621951219512195,0.7621951219512195,0.7621312237541059,0.7621312237541059,33000000,1
1295296680000,1295296739000,0.7621312237541059,0.7621312237541059,0.7620499142693847,0.7620499142693847,11000000,1
1295296740000,1295296799000,0.7620673362698328,0.7620673362698328,0.7620499142693847,0.7620673362698328,21000000,1
1295296800000,1295296859000,0.7620847590669034,0.7621835033002546,0.7620847590669034,0.7621544582225034,13000000,1
1295296860000,1295296919000,0.7621254153583514,0.7621835033002546,0.7621021826606511,0.7621544582225034,26000000,1
1295296920000,1295296979000,0.7621254153583514,0.7621312237541059,0.7620673362698328,0.7620673362698328,13000000,1
1295296980000,1295297039000,0.7620789513793629,0.7622009314095382,0.7620789513793629,0.7621835033002546,25000000,1
1295297040000,1295297099000,0.7621951219512195,0.7622357900192845,0.7621951219512195,0.7622357900192845,8000000,1
1295297100000,1295297159000,0.7622416000975669,0.7622997057523135,0.7622416000975669,0.7622997057523135,7000000,1
1295297160000,1295297219000,0.7622764624273931,0.7622938947881966,0.7622764624273931,0.7622822731257385,10000000,1
1295297220000,1295297279000,0.7622822731257385,0.7623171391762401,0.762212550591858,0.762212550591858,22000000,1
1295297280000,1295297339000,0.7622241701284348,0.7622241701284348,0.762212550591858,0.7622183603158633,12000000,1
1295297340000,1295297399000,0.7622009314095382,0.7622009314095382,0.7621254153583514,0.7621254153583514,13000000,1
1295297400000,1295297459000,0.7621312237541059,0.7621312237541059,0.7620905668429637,0.7620905668429637,7000000,1
1295297460000,1295297519000,0.76207314378034,0.76207314378034,0.7619453989927082,0.7619918466872405,27000000,1
1295297520000,1295297579000,0.7620150726581372,0.762212550591858,0.7620150726581372,0.762212550591858,11000000,1
1295297580000,1295297639000,0.762212550591858,0.762212550591858,0.7621660759879578,0.762189312581459,15000000,1
1295297640000,1295297699000,0.762189312581459,0.762189312581459,0.7620789513793629,0.7620963747075454,33000000,1
1295297700000,1295297759000,0.7620847590669034,0.7620847590669034,0.7620847590669034,0.7620847590669034,2000000,1
1295297760000,1295297819000,0.7620847590669034,0.7620847590669034,0.7620034594957061,0.7620150726581372,10000000,1
1295297820000,1295297879000,0.7620557215143571,0.7621951219512195,0.7620034594957061,0.7620441071129197,72000000,1
1295297880000,1295297939000,0.7618757380671212,0.7619860404157396,0.7618757380671212,0.7619860404157396,97000000,1
1295297940000,1295297999000,0.7619860404157396,0.7621835033002546,0.7619860404157396,0.7620789513793629,55000000,1
1295298000000,1295298059000,0.7620208793720947,0.7620673362698328,0.7619163720590028,0.7620499142693847,43000000,1
1295298060000,1295298119000,0.7620208793720947,0.7621486494725932,0.7618293045260279,0.7619918466872405,67000000,1
1295298120000,1295298179000,0.7619918466872405,0.7619976530472286,0.7619512046448546,0.7619744281381916,20000000,1
1295298180000,1295298239000,0.7620324930655044,0.7620324930655044,0.762009266032675,0.762009266032675,10000000,1
1295298240000,1295298299000,0.7620208793720947,0.7620208793720947,0.7620150726581372,0.7620150726581372,2000000,1
1295298300000,1295298359000,0.7620150726581372,0.7620383000449602,0.762009266032675,0.762009266032675,19000000,1
1295298360000,1295298419000,0.7620034594957061,0.7620266861745498,0.7619918466872405,0.7620266861745498,5000000,1
1295298420000,1295298479000,0.762009266032675,0.7620383000449602,0.7618815426577475,0.7618873473368228,18000000,1
1295298480000,1295298539000,0.7618641291512072,0.7618989569603278,0.7618060898778825,0.7618060898778825,8000000,1
1295298540000,1295298599000,0.7618351084091359,0.7618351084091359,0.7618060898778825,0.7618060898778825,6000000,1
1295298600000,1295298659000,0.7618060898778825,0.7620789513793629,0.7614348478272457,0.762009266032675,89000000,1
1295298660000,1295298719000,0.7620324930655044,0.7620673362698328,0.7620034594957061,0.7620034594957061,49000000,1
1295298720000,1295298779000,0.7620034594957061,0.7621137988324416,0.7619453989927082,0.761957010385474,56000000,1
1295298780000,1295298839000,0.761957010385474,0.761957010385474,0.7619221772688137,0.7619221772688137,3000000,1
1295298840000,1295298899000,0.7619221772688137,0.761939593429033,0.7619221772688137,0.761939593429033,4000000,1
1295298900000,1295298959000,0.761939593429033,0.761939593429033,0.7619337879538268,0.7619337879538268,5000000,1
1295298960000,1295299019000,0.7619337879538268,0.761939593429033,0.7619337879538268,0.7619337879538268,8000000,1
1295299020000,1295299079000,0.7619512046448546,0.7620034594957061,0.7617422568899587,0.7618235007313505,32000000,1
1295299080000,1295299139000,0.7618293045260279,0.7618757380671212,0.7617712705583022,0.7618757380671212,19000000,1
1295299140000,1295299199000,0.7619221772688137,0.7619221772688137,0.7618583248259153,0.7618757380671212,14000000,1
1295299200000,1295299259000,0.7618873473368228,0.7618989569603278,0.7618873473368228,0.7618989569603278,3000000,1
1295299260000,1295299319000,0.7618931521043489,0.7618931521043489,0.7618583248259153,0.7618583248259153,6000000,1
1295299320000,1295299379000,0.7618409123806766,0.7618409123806766,0.7618235007313505,0.7618351084091359,12000000,1
1295299380000,1295299439000,0.7618351084091359,0.7618351084091359,0.7617944830843536,0.7617944830843536,5000000,1
1295299440000,1295299499000,0.7617944830843536,0.7619047619047619,0.7617944830843536,0.76181189340728,25000000,1
1295299500000,1295299559000,0.7618176970251018,0.7618351084091359,0.7617538620920808,0.7617712705583022,16000000,1
1295299560000,1295299619000,0.7618002864369077,0.7618757380671212,0.7617828766444987,0.7618757380671212,23000000,1
1295299620000,1295299679000,0.7618467164406522,0.7618873473368228,0.7618467164406522,0.7618873473368228,6000000,1
1295299680000,1295299739000,0.7618873473368228,0.7621370322383965,0.7618409123806766,0.7621370322383965,44000000,1
1295299740000,1295299799000,0.7621370322383965,0.7621370322383965,0.7620441071129197,0.7621021826606511,29000000,1
1295299800000,1295299859000,0.7621021826606511,0.7621370322383965,0.7620557215143571,0.7621079907022825,28000000,1
1295299860000,1295299919000,0.7621021826606511,0.7621021826606511,0.7620324930655044,0.76207314378034,23000000,1
1295299920000,1295299979000,0.7620324930655044,0.7621486494725932,0.7619744281381916,0.7621428408112249,42000000,1
1295299980000,1295300039000,0.7621428408112249,0.7621428408112249,0.7620383000449602,0.7621137988324416,24000000,1
1295300040000,1295300099000,0.7620673362698328,0.7621312237541059,0.7620208793720947,0.7620615288478392,16000000,1
1295300100000,1295300159000,0.762009266032675,0.7620847590669034,0.762009266032675,0.7620847590669034,12000000,1
1295300160000,1295300219000,0.7620847590669034,0.7620847590669034,0.7620324930655044,0.7620789513793629,15000000,1
1295300220000,1295300279000,0.7620905668429637,0.7621602670609576,0.7620905668429637,0.7621602670609576,8000000,1
1295300280000,1295300339000,0.7621544582225034,0.7621660759879578,0.7621312237541059,0.7621602670609576,14000000,1
1295300340000,1295300399000,0.7621602670609576,0.7621660759879578,0.7621196070511306,0.7621196070511306,7000000,1
1295300400000,1295300459000,0.7621196070511306,0.7621196070511306,0.7618931521043489,0.7618931521043489,15000000,1
1295300460000,1295300519000,0.7618815426577475,0.7619453989927082,0.7618699335649418,0.7619453989927082,21000000,1
1295300520000,1295300579000,0.7619744281381916,0.7620150726581372,0.7619744281381916,0.7619918466872405,13000000,1
1295300580000,1295300639000,0.7620266861745498,0.7620266861745498,0.7620266861745498,0.7620266861745498,2000000,1
1295300640000,1295300699000,0.7620266861745498,0.7620266861745498,0.7618931521043489,0.7619105669376529,31000000,1
1295300700000,1295300759000,0.7618989569603278,0.7618989569603278,0.7618525205890644,0.7618525205890644,30000000,1
1295300760000,1295300819000,0.7618699335649418,0.761980234232724,0.7618525205890644,0.7619047619047619,40000000,1
1295300820000,1295300879000,0.7619047619047619,0.7620615288478392,0.7619047619047619,0.7620615288478392,13000000,1
1295300880000,1295300939000,0.7621254153583514,0.7621428408112249,0.7620499142693847,0.7621370322383965,19000000,1
1295300940000,1295300999000,0.7621312237541059,0.7621602670609576,0.7621312237541059,0.7621602670609576,4000000,1
1295301000000,1295301059000,0.7621602670609576,0.7623868808465545,0.7621602670609576,0.7622706518176343,19000000,1
1295301060000,1295301119000,0.7622590308638681,0.7622590308638681,0.7621776941076043,0.7621776941076043,17000000,1
1295301120000,1295301179000,0.7621776941076043,0.7621776941076043,0.76207314378034,0.76207314378034,17000000,1
1295301180000,1295301239000,0.76207314378034,0.7620963747075454,0.7620266861745498,0.7620266861745498,9000000,1
1295301240000,1295301299000,0.7620383000449602,0.7620383000449602,0.7620383000449602,0.7620383000449602,3000000,1
1295301300000,1295301359000,0.7620383000449602,0.7621428408112249,0.7619860404157396,0.7619860404157396,16000000,1
1295301360000,1295301419000,0.7620034594957061,0.762212550591858,0.7620034594957061,0.7621660759879578,45000000,1
1295301420000,1295301479000,0.7621602670609576,0.7621602670609576,0.7621254153583514,0.7621254153583514,12000000,1
1295301480000,1295301539000,0.7621254153583514,0.7621254153583514,0.7620499142693847,0.7620499142693847,7000000,1
1295301540000,1295301599000,0.7620383000449602,0.7621196070511306,0.7618235007313505,0.7618467164406522,25000000,1
1295301600000,1295301659000,0.7615334237019663,0.7617828766444987,0.7614464436643849,0.761695839617324,65000000,1
1295301660000,1295301719000,0.7614812332950055,0.7618467164406522,0.7614406457016676,0.7618467164406522,146000000,1
1295301720000,1295301779000,0.7618525205890644,0.7619279825670878,0.7615972216933353,0.7617712705583022,52000000,1
1295301780000,1295301839000,0.7617422568899587,0.7619221772688137,0.7614870318758471,0.7619163720590028,137000000,1
1295301840000,1295301899000,0.7619686221321407,0.7619686221321407,0.7618467164406522,0.7618467164406522,15000000,1
1295301900000,1295301959000,0.76181189340728,0.7620673362698328,0.76181189340728,0.7619337879538268,15000000,1
1295301960000,1295302019000,0.7619163720590028,0.7619163720590028,0.7618176970251018,0.7618873473368228,26000000,1
1295302020000,1295302079000,0.7618873473368228,0.7621079907022825,0.7618757380671212,0.7621079907022825,61000000,1
1295302080000,1295302139000,0.7621079907022825,0.7622474102644237,0.7620673362698328,0.7621196070511306,63000000,1
1295302140000,1295302199000,0.7621021826606511,0.7621370322383965,0.76207314378034,0.7621370322383965,7000000,1
1295302200000,1295302259000,0.7621370322383965,0.7622648412964601,0.7620905668429637,0.7621021826606511,31000000,1
1295302260000,1295302319000,0.7621021826606511,0.7622706518176343,0.7620789513793629,0.7621776941076043,40000000,1
1295302320000,1295302379000,0.7621776941076043,0.7622590308638681,0.761980234232724,0.7621660759879578,35000000,1
1295302380000,1295302439000,0.762189312581459,0.7622357900192845,0.762189312581459,0.7622357900192845,8000000,1
1295302440000,1295302499000,0.7622357900192845,0.7622590308638681,0.7621776941076043,0.7622241701284348,18000000,1
1295302500000,1295302559000,0.7622416000975669,0.7622706518176343,0.7622299800295744,0.7622474102644237,14000000,1
1295302560000,1295302619000,0.7622474102644237,0.7622474102644237,0.7622474102644237,0.7622474102644237,2000000,1
1295302620000,1295302679000,0.7622474102644237,0.7622474102644237,0.7621486494725932,0.7621544582225034,5000000,1
1295302680000,1295302739000,0.7621312237541059,0.7622009314095382,0.7621196070511306,0.7622009314095382,14000000,1
1295302740000,1295302799000,0.7622009314095382,0.7622357900192845,0.7621486494725932,0.7621835033002546,36000000,1
1295302800000,1295302859000,0.7621951219512195,0.7623578202665203,0.7621776941076043,0.762189312581459,45000000,1
1295302860000,1295302919000,0.7622009314095382,0.7623636322052894,0.7622009314095382,0.7622299800295744,73000000,1
1295302920000,1295302979000,0.7622590308638681,0.7622590308638681,0.7622357900192845,0.7622357900192845,3000000,1
1295302980000,1295303039000,0.762206740956417,0.7622299800295744,0.762206740956417,0.7622299800295744,8000000,1
1295303040000,1295303099000,0.7622241701284348,0.7622474102644237,0.7621544582225034,0.7621951219512195,35000000,1
1295303100000,1295303159000,0.7621951219512195,0.7622648412964601,0.7621254153583514,0.7621544582225034,45000000,1
1295303160000,1295303219000,0.7621544582225034,0.7622474102644237,0.7621021826606511,0.7621254153583514,45000000,1
1295303220000,1295303279000,0.7621137988324416,0.7621137988324416,0.7620034594957061,0.7620557215143571,21000000,1
1295303280000,1295303339000,0.7620615288478392,0.7624915172818703,0.7620034594957061,0.7624915172818703,34000000,1
1295303340000,1295303399000,0.7624915172818703,0.7624915172818703,0.7624450086537509,0.7624450086537509,7000000,1
1295303400000,1295303459000,0.762479889592912,0.762479889592912,0.7623985056989289,0.7624682622585834,9000000,1
1295303460000,1295303519000,0.7625147737237409,0.7625496610466757,0.7624682622585834,0.7624682622585834,9000000,1
1295303520000,1295303579000,0.7624682622585834,0.7625380315843253,0.7624624487244004,0.7625380315843253,23000000,1
1295303580000,1295303639000,0.7625496610466757,0.7626368933223514,0.7623287619018577,0.7623287619018577,55000000,1
1295303640000,1295303699000,0.7623287619018577,0.7625787362545183,0.7623287619018577,0.7624682622585834,153000000,1
1295303700000,1295303759000,0.7624682622585834,0.7628521516244937,0.7624275693809087,0.7626892422682378,173000000,1
1295303760000,1295303819000,0.762700876343307,0.7627648701011426,0.7625903669584846,0.7626194452706155,83000000,1
1295303820000,1295303879000,0.7626194452706155,0.7626659751828492,0.7625961824435107,0.7626136294307851,76000000,1
1295303880000,1295303939000,0.7626136294307851,0.7627066935139423,0.7625089594802739,0.7625089594802739,44000000,1
1295303940000,1295303999000,0.7625554759108725,0.7625554759108725,0.7624624487244004,0.762479889592912,53000000,1
1295304000000,1295304059000,0.7624973312593406,0.7624973312593406,0.7623520084163662,0.7624450086537509,30000000,1
1295304060000,1295304119000,0.7624450086537509,0.7627299630838698,0.7624450086537509,0.7625903669584846,88000000,1
1295304120000,1295304179000,0.7625845515621544,0.7626485258003995,0.7623520084163662,0.7625554759108725,109000000,1
1295304180000,1295304239000,0.7625554759108725,0.7627997803136634,0.7625322169861677,0.7627357806982084,81000000,1
1295304240000,1295304299000,0.7627357806982084,0.762770688247992,0.7616610303750418,0.7625205880558775,121000000,1
1295304300000,1295304359000,0.7625205880558775,0.7625612908637532,0.7624566352788685,0.7624566352788685,26000000,1
1295304360000,1295304419000,0.762439195474161,0.762439195474161,0.7623287619018577,0.7623287619018577,26000000,1
1295304420000,1295304479000,0.7623287619018577,0.7623345733975727,0.7621137988324416,0.7622357900192845,58000000,1
1295304480000,1295304539000,0.7622474102644237,0.7625671059053196,0.7622474102644237,0.7625438462711607,53000000,1
1295304540000,1295304599000,0.7625438462711607,0.7625438462711607,0.7623578202665203,0.7624159436422134,39000000,1
1295304600000,1295304659000,0.7623229504947476,0.7623229504947476,0.7623113279463333,0.7623113279463333,5000000,1
1295304660000,1295304719000,0.7623578202665203,0.7624101309058194,0.7623578202665203,0.7624101309058194,3000000,1
1295304720000,1295304779000,0.7624101309058194,0.7624333823832142,0.7623578202665203,0.7623578202665203,14000000,1
1295304780000,1295304839000,0.7627765064836003,0.7627765064836003,0.762660158633313,0.7627183281214248,21000000,1
1295304840000,1295304899000,0.7623578202665203,0.7624043182580587,0.7623287619018577,0.7623520084163662,25000000,1
1295304900000,1295304959000,0.7623868808465545,0.7624275693809087,0.7623868808465545,0.7624275693809087,9000000,1
1295304960000,1295305019000,0.7624275693809087,0.76247407588142,0.7622764624273931,0.7624566352788685,65000000,1
1295305020000,1295305079000,0.7624566352788685,0.7626136294307851,0.7624566352788685,0.7625031453254745,46000000,1
1295305080000,1295305139000,0.7625031453254745,0.7625264024766857,0.7624973312593406,0.7625031453254745,40000000,1
1295305140000,1295305199000,0.7624915172818703,0.7625031453254745,0.76247407588142,0.762479889592912,7000000,1
1295305200000,1295305259000,0.7622474102644237,0.7624624487244004,0.7622474102644237,0.7623229504947476,130000000,1
1295305260000,1295305319000,0.7623287619018577,0.762439195474161,0.7622997057523135,0.7623055168050251,154000000,1
1295305320000,1295305379000,0.7622997057523135,0.7623520084163662,0.7622938947881966,0.7622938947881966,35000000,1
1295305380000,1295305439000,0.7622590308638681,0.7622997057523135,0.7622590308638681,0.7622822731257385,8000000,1
1295305440000,1295305499000,0.7622997057523135,0.7623229504947476,0.7622997057523135,0.7623113279463333,5000000,1
1295305500000,1295305559000,0.7623055168050251,0.762450821921986,0.7622648412964601,0.762346196654825,55000000,1
1295305560000,1295305619000,0.762346196654825,0.76237525634868,0.762346196654825,0.7623520084163662,19000000,1
1295305620000,1295305679000,0.7623520084163662,0.7624450086537509,0.7623520084163662,0.7624450086537509,42000000,1
1295305680000,1295305739000,0.7624450086537509,0.7624624487244004,0.7624275693809087,0.7624624487244004,12000000,1
1295305740000,1295305799000,0.7624624487244004,0.7625380315843253,0.7624624487244004,0.7625380315843253,8000000,1
1295305800000,1295305859000,0.7625612908637532,0.7626659751828492,0.7625612908637532,0.762660158633313,16000000,1
1295305860000,1295305919000,0.762660158633313,0.7626892422682378,0.7625264024766857,0.7625264024766857,29000000,1
1295305920000,1295305979000,0.7625031453254745,0.7627415984012936,0.7622357900192845,0.7627241455582758,103000000,1
1295305980000,1295306039000,0.7627241455582758,0.7627241455582758,0.7625729210355741,0.7626136294307851,77000000,1
1295306040000,1295306099000,0.7626252611991519,0.762770688247992,0.7626252611991519,0.7627357806982084,23000000,1
1295306100000,1295306159000,0.7627125107733143,0.7627939617229991,0.7626834253638,0.762700876343307,12000000,1
1295306160000,1295306219000,0.7627241455582758,0.7629394531249999,0.7627241455582758,0.762921991226397,42000000,1
1295306220000,1295306279000,0.762921991226397,0.7629452739355006,0.7627299630838698,0.7628172366182787,49000000,1
1295306280000,1295306339000,0.7628405129339608,0.7628637906701758,0.762811417761301,0.7628579711029401,23000000,1
1295306340000,1295306399000,0.7628405129339608,0.7628870698270535,0.7628288745985613,0.7628870698270535,14000000,1
1295306400000,1295306459000,0.7628870698270535,0.7628870698270535,0.7628288745985613,0.7628463322348346,15000000,1
1295306460000,1295306519000,0.762869610326203,0.7629045301270999,0.7628463322348346,0.7629045301270999,22000000,1
1295306520000,1295306579000,0.7629452739355006,0.7630151305900397,0.7629452739355006,0.7630034869259352,19000000,1
1295306580000,1295306639000,0.7629860220960751,0.7629860220960751,0.7628055989930965,0.7628463322348346,23000000,1
1295306640000,1295306699000,0.7628463322348346,0.7629860220960751,0.7628172366182787,0.7628288745985613,33000000,1
1295306700000,1295306759000,0.7628288745985613,0.7629045301270999,0.762770688247992,0.7628521516244937,54000000,1
1295306760000,1295306819000,0.7628288745985613,0.7628928898382668,0.762811417761301,0.7628346937218705,21000000,1
1295306820000,1295306879000,0.7628346937218705,0.7628405129339608,0.7627299630838698,0.7627299630838698,49000000,1
1295306880000,1295306939000,0.7627299630838698,0.7628754300710238,0.7627299630838698,0.7628055989930965,17000000,1
1295306940000,1295306999000,0.7628055989930965,0.7628055989930965,0.7626659751828492,0.7626834253638,37000000,1
1295307000000,1295307059000,0.762700876343307,0.7627299630838698,0.7626950592614061,0.7627125107733143,13000000,1
1295307060000,1295307119000,0.7627415984012936,0.7628288745985613,0.7627241455582758,0.762770688247992,13000000,1
1295307120000,1295307179000,0.7627648701011426,0.7628463322348346,0.7627532340737124,0.762811417761301,22000000,1
1295307180000,1295307239000,0.7627881432211018,0.762811417761301,0.7627066935139423,0.762811417761301,27000000,1
1295307240000,1295307299000,0.7627881432211018,0.762869610326203,0.7627357806982084,0.7628172366182787,30000000,1
1295307300000,1295307359000,0.7628405129339608,0.7629278117704503,0.7627357806982084,0.7628405129339608,45000000,1
1295307360000,1295307419000,0.7628812499046398,0.762910350404724,0.7627125107733143,0.7628230555640313,88000000,1
1295307420000,1295307479000,0.7628405129339608,0.7628928898382668,0.7627590520430502,0.7628055989930965,25000000,1
1295307480000,1295307539000,0.7627823248079695,0.7628463322348346,0.7627823248079695,0.7628230555640313,24000000,1
1295307540000,1295307599000,0.762811417761301,0.762811417761301,0.7627066935139423,0.7627066935139423,24000000,1
1295307600000,1295307659000,0.7626892422682378,0.7627125107733143,0.7626310772163966,0.7626310772163966,23000000,1
1295307660000,1295307719000,0.7626485258003995,0.7627415984012936,0.7626485258003995,0.7627066935139423,24000000,1
1295307720000,1295307779000,0.7627125107733143,0.762811417761301,0.7627125107733143,0.762811417761301,11000000,1
1295307780000,1295307839000,0.7627881432211018,0.7628812499046398,0.7627357806982084,0.7628405129339608,34000000,1
1295307840000,1295307899000,0.7628579711029401,0.7628754300710238,0.7628288745985613,0.7628288745985613,30000000,1
1295307900000,1295307959000,0.7628346937218705,0.7629161707711557,0.762811417761301,0.762869610326203,27000000,1
1295307960000,1295308019000,0.762869610326203,0.762869610326203,0.7627532340737124,0.7628172366182787,23000000,1
1295308020000,1295308079000,0.7628172366182787,0.7628463322348346,0.7626194452706155,0.7626194452706155,67000000,1
1295308080000,1295308139000,0.7626194452706155,0.7627415984012936,0.7626194452706155,0.7627415984012936,34000000,1
1295308140000,1295308199000,0.7627415984012936,0.7629452739355006,0.7626078136796589,0.7629452739355006,50000000,1
1295308200000,1295308259000,0.7629278117704503,0.7629743793203425,0.7627648701011426,0.762811417761301,23000000,1
1295308260000,1295308319000,0.7628288745985613,0.7628521516244937,0.7627823248079695,0.7627823248079695,12000000,1
1295308320000,1295308379000,0.7627765064836003,0.7628230555640313,0.7627765064836003,0.7628230555640313,11000000,1
1295308380000,1295308439000,0.7628172366182787,0.7628230555640313,0.7627066935139423,0.7627066935139423,32000000,1
1295308440000,1295308499000,0.7626950592614061,0.7626950592614061,0.7625787362545183,0.7625845515621544,28000000,1
1295308500000,1295308559000,0.7625845515621544,0.7625845515621544,0.7625264024766857,0.7625438462711607,18000000,1
1295308560000,1295308619000,0.7625438462711607,0.7625961824435107,0.762369444232675,0.762479889592912,63000000,1
1295308620000,1295308679000,0.7624973312593406,0.7626019980172348,0.76247407588142,0.7624973312593406,94000000,1
1295308680000,1295308739000,0.7625205880558775,0.7625264024766857,0.7624973312593406,0.7624973312593406,18000000,1
1295308740000,1295308799000,0.7624973312593406,0.7624973312593406,0.762369444232675,0.7624333823832142,72000000,1
1295308800000,1295308859000,0.7624333823832142,0.7624682622585834,0.7621079907022825,0.7622706518176343,183000000,1
1295308860000,1295308919000,0.7623055168050251,0.7623055168050251,0.762189312581459,0.7622183603158633,97000000,1
1295308920000,1295308979000,0.7622183603158633,0.7622183603158633,0.7619628162145687,0.76207314378034,173000000,1
1295308980000,1295309039000,0.76207314378034,0.7620963747075454,0.7620150726581372,0.7620615288478392,101000000,1
1295309040000,1295309099000,0.7620383000449602,0.7620905668429637,0.7620208793720947,0.7620324930655044,72000000,1
1295309100000,1295309159000,0.7620324930655044,0.7621021826606511,0.762009266032675,0.762009266032675,98000000,1
1295309160000,1295309219000,0.762009266032675,0.7621486494725932,0.762009266032675,0.7620615288478392,150000000,1
1295309220000,1295309279000,0.7620673362698328,0.762189312581459,0.7620673362698328,0.762189312581459,96000000,1
1295309280000,1295309339000,0.762189312581459,0.7623345733975727,0.7621835033002546,0.7623055168050251,126000000,1
1295309340000,1295309399000,0.7623055168050251,0.7623345733975727,0.7622590308638681,0.7622880839126723,44000000,1
1295309400000,1295309459000,0.7622880839126723,0.7623578202665203,0.7622648412964601,0.7623345733975727,50000000,1
1295309460000,1295309519000,0.762346196654825,0.7625845515621544,0.762346196654825,0.7625612908637532,96000000,1
1295309520000,1295309579000,0.7625438462711607,0.762700876343307,0.7625438462711607,0.7625961824435107,144000000,1
1295309580000,1295309639000,0.7625961824435107,0.7626368933223514,0.7625496610466757,0.7626194452706155,67000000,1
1295309640000,1295309699000,0.7625903669584846,0.7626834253638,0.7625205880558775,0.7626194452706155,98000000,1
1295309700000,1295309759000,0.7626252611991519,0.7627415984012936,0.7626019980172348,0.7626252611991519,86000000,1
1295309760000,1295309819000,0.7626543421724972,0.7627357806982084,0.7625787362545183,0.7626194452706155,31000000,1
1295309820000,1295309879000,0.7626019980172348,0.7626950592614061,0.7625787362545183,0.7626019980172348,60000000,1
1295309880000,1295309939000,0.7626019980172348,0.7626368933223514,0.7625612908637532,0.7625903669584846,41000000,1
1295309940000,1295309999000,0.7625903669584846,0.7626427095170184,0.7625496610466757,0.7625903669584846,35000000,1
1295310000000,1295310059000,0.7625903669584846,0.7626310772163966,0.7625845515621544,0.7626252611991519,23000000,1
1295310060000,1295310119000,0.7626252611991519,0.7626252611991519,0.7625612908637532,0.7625612908637532,20000000,1
1295310120000,1295310179000,0.7625845515621544,0.762660158633313,0.7625845515621544,0.7626368933223514,51000000,1
1295310180000,1295310239000,0.7626368933223514,0.7627939617229991,0.7626194452706155,0.7627939617229991,61000000,1
1295310240000,1295310299000,0.762811417761301,0.7630325967525333,0.7627765064836003,0.7629918436171917,99000000,1
1295310300000,1295310359000,0.7630034869259352,0.7631607063815498,0.7629860220960751,0.7630850000381543,124000000,1
1295310360000,1295310419000,0.7630850000381543,0.7631607063815498,0.7630384189843958,0.7631199395609007,99000000,1
1295310420000,1295310479000,0.7631315867795084,0.7632480785229624,0.7631141160849194,0.7631723548446181,122000000,1
1295310480000,1295310539000,0.7631840036632832,0.7632539040437193,0.7631548822833595,0.763213127265789,66000000,1
1295310540000,1295310599000,0.763207302367469,0.763213127265789,0.762869610326203,0.762869610326203,66000000,1
1295310600000,1295310659000,0.7628812499046398,0.7630791770954154,0.7628172366182787,0.7630267746095211,105000000,1
1295310660000,1295310719000,0.7630675314765357,0.7631257631257631,0.7630151305900397,0.7630558862131063,47000000,1
1295310720000,1295310779000,0.7630675314765357,0.7632306024942377,0.7630093087135663,0.7632189522530223,128000000,1
1295310780000,1295310839000,0.7632189522530223,0.7632480785229624,0.7628870698270535,0.7628870698270535,177000000,1
1295310840000,1295310899000,0.762869610326203,0.7629802006637927,0.7628463322348346,0.7628987099382816,104000000,1
1295310900000,1295310959000,0.762910350404724,0.7629394531249999,0.7627648701011426,0.7628754300710238,123000000,1
1295310960000,1295311019000,0.7628637906701758,0.7629802006637927,0.7628230555640313,0.7628987099382816,140000000,1
1295311020000,1295311079000,0.7629336324033172,0.7629394531249999,0.7628405129339608,0.7628579711029401,139000000,1
1295311080000,1295311139000,0.7628637906701758,0.7628812499046398,0.7627997803136634,0.7628288745985613,60000000,1
1295311140000,1295311199000,0.7628288745985613,0.7628521516244937,0.7627823248079695,0.7628405129339608,72000000,1
1295311200000,1295311259000,0.7628346937218705,0.7629452739355006,0.7627765064836003,0.7628405129339608,71000000,1
1295311260000,1295311319000,0.7628405129339608,0.7628637906701758,0.7627648701011426,0.7628230555640313,57000000,1
1295311320000,1295311379000,0.7627881432211018,0.762811417761301,0.7627415984012936,0.7627823248079695,51000000,1
1295311380000,1295311439000,0.7628055989930965,0.7629336324033172,0.762770688247992,0.7629336324033172,49000000,1
1295311440000,1295311499000,0.7629627368999298,0.7630209525553572,0.7629161707711557,0.7629802006637927,81000000,1
1295311500000,1295311559000,0.7629802006637927,0.7631141160849194,0.7629569158229635,0.7630675314765357,101000000,1
1295311560000,1295311619000,0.7630675314765357,0.7631374105221386,0.7630325967525333,0.7630850000381543,75000000,1
1295311620000,1295311679000,0.7630850000381543,0.7630850000381543,0.7630093087135663,0.7630675314765357,43000000,1
1295311680000,1295311739000,0.7630675314765357,0.7630733542415433,0.7629860220960751,0.7630093087135663,72000000,1
1295311740000,1295311799000,0.7630093087135663,0.7630617088003907,0.7629802006637927,0.7630034869259352,34000000,1
1295311800000,1295311859000,0.7629627368999298,0.7630617088003907,0.7629452739355006,0.7630034869259352,63000000,1
1295311860000,1295311919000,0.7630093087135663,0.7630617088003907,0.7630034869259352,0.7630151305900397,17000000,1
1295311920000,1295311979000,0.7630151305900397,0.7630267746095211,0.7627823248079695,0.7628463322348346,140000000,1
1295311980000,1295312039000,0.7628463322348346,0.7628521516244937,0.7627823248079695,0.7628230555640313,65000000,1
1295312040000,1295312099000,0.7628055989930965,0.7628579711029401,0.7627357806982084,0.7627532340737124,56000000,1
1295312100000,1295312159000,0.7627532340737124,0.7630384189843958,0.7627532340737124,0.7630034869259352,102000000,1
1295312160000,1295312219000,0.7630034869259352,0.7630966461902401,0.7629452739355006,0.7629860220960751,77000000,1
1295312220000,1295312279000,0.7629918436171917,0.7630500637146803,0.7629685580657221,0.7629860220960751,79000000,1
1295312280000,1295312339000,0.7629743793203425,0.7630093087135663,0.7629685580657221,0.7629685580657221,55000000,1
1295312340000,1295312399000,0.7629743793203425,0.7629976652271445,0.7629161707711557,0.7629161707711557,69000000,1
1295312400000,1295312459000,0.762921991226397,0.7630617088003907,0.762910350404724,0.7630500637146803,97000000,1
1295312460000,1295312519000,0.7630500637146803,0.7631374105221386,0.7630442413051108,0.7630675314765357,79000000,1
1295312520000,1295312579000,0.7630675314765357,0.7630791770954154,0.7630325967525333,0.7630675314765357,58000000,1
1295312580000,1295312639000,0.7630675314765357,0.7630908230697618,0.7630325967525333,0.7630675314765357,81000000,1
1295312640000,1295312699000,0.7630733542415433,0.7631840036632832,0.7630675314765357,0.7631082926978168,45000000,1
1295312700000,1295312759000,0.7631432343536558,0.7633762605250501,0.7631141160849194,0.7633354706726512,135000000,1
1295312760000,1295312819000,0.7633354706726512,0.7633587786259541,0.7632480785229624,0.7633587786259541,46000000,1
1295312820000,1295312879000,0.7633587786259541,0.7633587786259541,0.7631723548446181,0.763213127265789,49000000,1
1295312880000,1295312939000,0.7632422530911311,0.7633412975275375,0.763207302367469,0.7632539040437193,93000000,1
1295312940000,1295312999000,0.7632772070160441,0.7634869978164273,0.7632772070160441,0.7634461961293278,80000000,1
1295313000000,1295313059000,0.7634461961293278,0.763539463537173,0.7634287110269643,0.7634928269848904,37000000,1
1295313060000,1295313119000,0.7634753397465261,0.7634753397465261,0.763352951504187,0.7633879155692965,39000000,1
1295313120000,1295313179000,0.7633820880026871,0.7633820880026871,0.7631898282059697,0.7631898282059697,127000000,1
1295313180000,1295313239000,0.7631898282059697,0.7632422530911311,0.7631781792095,0.763213127265789,138000000,1
1295313240000,1295313299000,0.763213127265789,0.7632422530911311,0.7630791770954154,0.7631257631257631,94000000,1
1295313300000,1295313359000,0.7631257631257631,0.7631840036632832,0.7630733542415433,0.7631199395609007,84000000,1
1295313360000,1295313419000,0.7631257631257631,0.7631840036632832,0.7630733542415433,0.7631840036632832,77000000,1
1295313420000,1295313479000,0.7631956528375615,0.7632422530911311,0.7631840036632832,0.7632014775580606,25000000,1
1295313480000,1295313539000,0.7632364277482235,0.7632422530911311,0.7631315867795084,0.7631723548446181,82000000,1
1295313540000,1295313599000,0.7631257631257631,0.7633704331363838,0.7631257631257631,0.7633587786259541,78000000,1
1295313600000,1295313659000,0.7633587786259541,0.7633704331363838,0.7632888590358136,0.7633179906417213,52000000,1
1295313660000,1295313719000,0.7633179906417213,0.7633179906417213,0.7633063377325222,0.7633063377325222,12000000,1
1295313720000,1295313779000,0.7632888590358136,0.7632888590358136,0.7632014775580606,0.7632713811395642,43000000,1
1295313780000,1295313839000,0.7632713811395642,0.7632713811395642,0.7632422530911311,0.7632655553520181,24000000,1
1295313840000,1295313899000,0.7632713811395642,0.7632713811395642,0.763213127265789,0.7632306024942377,12000000,1
1295313900000,1295313959000,0.7632422530911311,0.7633063377325222,0.7632306024942377,0.7632888590358136,25000000,1
1295313960000,1295314019000,0.7633063377325222,0.763352951504187,0.7633063377325222,0.7633238172297452,10000000,1
1295314020000,1295314079000,0.7633471244713821,0.763352951504187,0.763294685179107,0.763352951504187,22000000,1
1295314080000,1295314139000,0.763352951504187,0.7633762605250501,0.7633238172297452,0.7633704331363838,34000000,1
1295314140000,1295314199000,0.7633762605250501,0.7633820880026871,0.7633354706726512,0.7633354706726512,50000000,1
1295314200000,1295314259000,0.7633238172297452,0.7633238172297452,0.7632480785229624,0.7632480785229624,34000000,1
1295314260000,1295314319000,0.7632364277482235,0.7632713811395642,0.7631956528375615,0.7632713811395642,35000000,1
1295314320000,1295314379000,0.7632480785229624,0.763294685179107,0.7630908230697618,0.7631432343536558,75000000,1
1295314380000,1295314439000,0.7631432343536558,0.763207302367469,0.7630442413051108,0.7630850000381543,103000000,1
1295314440000,1295314499000,0.7631024693995909,0.7631024693995909,0.7629802006637927,0.7630384189843958,66000000,1
1295314500000,1295314559000,0.7630384189843958,0.7631374105221386,0.7629685580657221,0.7631374105221386,104000000,1
1295314560000,1295314619000,0.7631199395609007,0.7631374105221386,0.7630442413051108,0.7630908230697618,69000000,1
1295314620000,1295314679000,0.7630850000381543,0.7630850000381543,0.762910350404724,0.7629452739355006,82000000,1
1295314680000,1295314739000,0.7629510948348212,0.7630267746095211,0.7628987099382816,0.7630151305900397,72000000,1
1295314740000,1295314799000,0.7630151305900397,0.7630850000381543,0.7629976652271445,0.7630617088003907,66000000,1
1295314800000,1295314859000,0.7630675314765357,0.7631257631257631,0.7630558862131063,0.7631257631257631,48000000,1
1295314860000,1295314919000,0.7631257631257631,0.763207302367469,0.7630675314765357,0.7631432343536558,114000000,1
1295314920000,1295314979000,0.7631432343536558,0.7631432343536558,0.7629976652271445,0.7630093087135663,85000000,1
1295314980000,1295315039000,0.7630093087135663,0.7630617088003907,0.7629802006637927,0.7630093087135663,50000000,1
1295315040000,1295315099000,0.7630034869259352,0.7630151305900397,0.7629336324033172,0.7629860220960751,29000000,1
1295315100000,1295315159000,0.7629976652271445,0.7630034869259352,0.7629802006637927,0.7630034869259352,25000000,1
1295315160000,1295315219000,0.7630034869259352,0.7630034869259352,0.7628637906701758,0.7629394531249999,57000000,1
1295315220000,1295315279000,0.7629394531249999,0.7629743793203425,0.7628870698270535,0.7629394531249999,39000000,1
1295315280000,1295315339000,0.7629743793203425,0.7629743793203425,0.7628579711029401,0.7629685580657221,74000000,1
1295315340000,1295315399000,0.7629743793203425,0.7629743793203425,0.7627532340737124,0.7628463322348346,104000000,1
1295315400000,1295315459000,0.7628463322348346,0.7629452739355006,0.7628172366182787,0.762910350404724,60000000,1
1295315460000,1295315519000,0.762910350404724,0.7629452739355006,0.7628288745985613,0.7629045301270999,64000000,1
1295315520000,1295315579000,0.7629161707711557,0.7629161707711557,0.7628346937218705,0.762910350404724,32000000,1
1295315580000,1295315639000,0.7629161707711557,0.7629278117704503,0.7627765064836003,0.7628230555640313,84000000,1
1295315640000,1295315699000,0.7628230555640313,0.7630151305900397,0.7626892422682378,0.7629918436171917,118000000,1
1295315700000,1295315759000,0.7629918436171917,0.7630209525553572,0.7628230555640313,0.7628405129339608,164000000,1
1295315760000,1295315819000,0.7628346937218705,0.762869610326203,0.7628055989930965,0.7628463322348346,78000000,1
1295315820000,1295315879000,0.7628463322348346,0.7629510948348212,0.7627474161931276,0.7629510948348212,59000000,1
1295315880000,1295315939000,0.7629569158229635,0.7629569158229635,0.762910350404724,0.7629452739355006,35000000,1
1295315940000,1295315999000,0.762921991226397,0.7629976652271445,0.7628812499046398,0.7629627368999298,71000000,1
1295316000000,1295316059000,0.7629627368999298,0.7629743793203425,0.7628579711029401,0.7629161707711557,76000000,1
1295316060000,1295316119000,0.7628928898382668,0.7628928898382668,0.7628230555640313,0.7628812499046398,48000000,1
1295316120000,1295316179000,0.7628870698270535,0.7629918436171917,0.7628870698270535,0.7629918436171917,69000000,1
1295316180000,1295316239000,0.7629860220960751,0.7630850000381543,0.7629278117704503,0.7630325967525333,53000000,1
1295316240000,1295316299000,0.7630325967525333,0.7630966461902401,0.7629802006637927,0.7630966461902401,79000000,1
1295316300000,1295316359000,0.7630966461902401,0.763207302367469,0.7630966461902401,0.7631723548446181,40000000,1
1295316360000,1295316419000,0.7631723548446181,0.7631781792095,0.7630384189843958,0.7630384189843958,40000000,1
1295316420000,1295316479000,0.7630558862131063,0.7631199395609007,0.7630558862131063,0.7630850000381543,12000000,1
1295316480000,1295316539000,0.7630850000381543,0.7631432343536558,0.7630791770954154,0.7630791770954154,46000000,1
1295316540000,1295316599000,0.7630908230697618,0.763207302367469,0.7630908230697618,0.763207302367469,26000000,1
1295316600000,1295316659000,0.7631548822833595,0.7633995709694411,0.7631315867795084,0.7633063377325222,43000000,1
1295316660000,1295316719000,0.7633063377325222,0.763352951504187,0.7631315867795084,0.7633238172297452,68000000,1
1295316720000,1295316779000,0.7633238172297452,0.7633238172297452,0.7631257631257631,0.7632597296534037,58000000,1
1295316780000,1295316839000,0.7632772070160441,0.7633121641426478,0.7632655553520181,0.7632655553520181,42000000,1
1295316840000,1295316899000,0.7632655553520181,0.7632655553520181,0.7631199395609007,0.7631199395609007,68000000,1
1295316900000,1295316959000,0.7631199395609007,0.7631781792095,0.7631024693995909,0.7631024693995909,71000000,1
1295316960000,1295317019000,0.7631141160849194,0.7632364277482235,0.7631082926978168,0.7632189522530223,68000000,1
1295317020000,1295317079000,0.7632364277482235,0.7633238172297452,0.7632014775580606,0.7632306024942377,17000000,1
1295317080000,1295317139000,0.7632306024942377,0.7634636820326457,0.7632014775580606,0.7633587786259541,121000000,1
1295317140000,1295317199000,0.7633587786259541,0.7633820880026871,0.7633471244713821,0.7633704331363838,25000000,1
1295317200000,1295317259000,0.7633704331363838,0.7634287110269643,0.7632830329814598,0.7632888590358136,54000000,1
1295317260000,1295317319000,0.7632888590358136,0.7633587786259541,0.7632422530911311,0.7633587786259541,46000000,1
1295317320000,1295317379000,0.7633587786259541,0.7634170547370028,0.7633587786259541,0.7633587786259541,46000000,1
1295317380000,1295317439000,0.7633296439067212,0.7633704331363838,0.7633063377325222,0.7633587786259541,32000000,1
1295317440000,1295317499000,0.7633587786259541,0.7635569537131774,0.7633587786259541,0.7634345393054272,50000000,1
1295317500000,1295317559000,0.7634287110269643,0.763498656242365,0.7634287110269643,0.7634287110269643,60000000,1
1295317560000,1295317619000,0.7634461961293278,0.763498656242365,0.763440367672881,0.7634636820326457,41000000,1
1295317620000,1295317679000,0.7634520246747695,0.763457853309208,0.7633995709694411,0.7633995709694411,38000000,1
1295317680000,1295317739000,0.7633995709694411,0.7634695108450844,0.7633704331363838,0.7634695108450844,21000000,1
1295317740000,1295317799000,0.7634636820326457,0.7635452935068109,0.7633412975275375,0.7633412975275375,64000000,1
1295317800000,1295317859000,0.7633179906417213,0.7634112267255003,0.7633179906417213,0.7633762605250501,43000000,1
1295317860000,1295317919000,0.7633704331363838,0.7634228828374902,0.7633179906417213,0.7633820880026871,34000000,1
1295317920000,1295317979000,0.7633937432248805,0.7634928269848904,0.7633063377325222,0.7633063377325222,50000000,1
1295317980000,1295318039000,0.7632830329814598,0.7633296439067212,0.7631432343536558,0.7631607063815498,59000000,1
1295318040000,1295318099000,0.7631723548446181,0.7632539040437193,0.7631607063815498,0.7631781792095,32000000,1
1295318100000,1295318159000,0.7631607063815498,0.763352951504187,0.7631548822833595,0.763352951504187,48000000,1
1295318160000,1295318219000,0.7633762605250501,0.7634112267255003,0.7633179906417213,0.7633820880026871,36000000,1
1295318220000,1295318279000,0.7633820880026871,0.7633820880026871,0.7632597296534037,0.7632597296534037,28000000,1
1295318280000,1295318339000,0.7632597296534037,0.7632597296534037,0.7631723548446181,0.7632364277482235,58000000,1
1295318340000,1295318399000,0.7632189522530223,0.7633238172297452,0.7632189522530223,0.7632480785229624,29000000,1
1295318400000,1295318459000,0.7632480785229624,0.7633179906417213,0.7632364277482235,0.7633121641426478,37000000,1
1295318460000,1295318519000,0.763352951504187,0.7633820880026871,0.7633471244713821,0.7633471244713821,24000000,1
1295318520000,1295318579000,0.7633471244713821,0.7634112267255003,0.7632597296534037,0.7634112267255003,50000000,1
1295318580000,1295318639000,0.7634112267255003,0.7634112267255003,0.7633646058366858,0.7634053988029803,25000000,1
1295318640000,1295318699000,0.7634053988029803,0.7634695108450844,0.7633762605250501,0.7634695108450844,25000000,1
1295318700000,1295318759000,0.7634695108450844,0.7634811687369731,0.7633704331363838,0.7634112267255003,42000000,1
1295318760000,1295318819000,0.7634112267255003,0.7637144013624665,0.7634112267255003,0.7637085688101422,63000000,1
1295318820000,1295318879000,0.7636327537360732,0.7636327537360732,0.7635219741624164,0.7636094290492299,63000000,1
1295318880000,1295318939000,0.7636094290492299,0.7636152600873576,0.7634753397465261,0.7635511235654784,80000000,1
1295318940000,1295318999000,0.7635569537131774,0.7636152600873576,0.7634928269848904,0.7635802751943311,46000000,1
1295319000000,1295319059000,0.7635802751943311,0.763644416613848,0.7635511235654784,0.7636094290492299,62000000,1
1295319060000,1295319119000,0.7635511235654784,0.7636152600873576,0.7635511235654784,0.7635569537131774,39000000,1
1295319120000,1295319179000,0.7635511235654784,0.7636385851304295,0.7635511235654784,0.7635861057872191,54000000,1
1295319180000,1295319239000,0.763539463537173,0.7636152600873576,0.7635219741624164,0.7636152600873576,15000000,1
1295319240000,1295319299000,0.7636094290492299,0.7636152600873576,0.7635511235654784,0.7635861057872191,31000000,1
1295319300000,1295319359000,0.7636152600873576,0.763644416613848,0.7635802751943311,0.763644416613848,19000000,1
1295319360000,1295319419000,0.7636094290492299,0.7636735753669451,0.7636094290492299,0.7636735753669451,12000000,1
1295319420000,1295319479000,0.763667743438185,0.763667743438185,0.7635802751943311,0.7635861057872191,31000000,1
1295319480000,1295319539000,0.7635861057872191,0.7636735753669451,0.7634811687369731,0.7635161445488764,47000000,1
1295319540000,1295319599000,0.7634869978164273,0.7635686142756789,0.7634811687369731,0.7634811687369731,30000000,1
1295319600000,1295319659000,0.7634869978164273,0.7635161445488764,0.7634228828374902,0.7634345393054272,51000000,1
1295319660000,1295319719000,0.763440367672881,0.7635219741624164,0.7634053988029803,0.7634695108450844,115000000,1
1295319720000,1295319779000,0.7634695108450844,0.7635161445488764,0.7632888590358136,0.7633063377325222,115000000,1
1295319780000,1295319839000,0.7633063377325222,0.7633063377325222,0.7631781792095,0.7631781792095,88000000,1
1295319840000,1295319899000,0.7631781792095,0.7632247773291712,0.7630733542415433,0.7631374105221386,138000000,1
1295319900000,1295319959000,0.7631607063815498,0.7632014775580606,0.7631141160849194,0.7631374105221386,83000000,1
1295319960000,1295320019000,0.7631665305686354,0.7632247773291712,0.7631315867795084,0.7631374105221386,48000000,1
1295320020000,1295320079000,0.7631374105221386,0.7632014775580606,0.7631141160849194,0.7631781792095,34000000,1
1295320080000,1295320139000,0.7631781792095,0.7632539040437193,0.7630675314765357,0.7630675314765357,86000000,1
1295320140000,1295320199000,0.7630791770954154,0.7630966461902401,0.7630384189843958,0.7630675314765357,25000000,1
1295320200000,1295320259000,0.7630675314765357,0.7630966461902401,0.7629976652271445,0.7630850000381543,100000000,1
1295320260000,1295320319000,0.7630850000381543,0.7630850000381543,0.7628928898382668,0.7629394531249999,74000000,1
1295320320000,1295320379000,0.7629394531249999,0.7629394531249999,0.7627997803136634,0.7628579711029401,92000000,1
1295320380000,1295320439000,0.7628579711029401,0.7629569158229635,0.7628463322348346,0.7629045301270999,26000000,1
1295320440000,1295320499000,0.7629045301270999,0.7629802006637927,0.7628521516244937,0.762921991226397,51000000,1
1295320500000,1295320559000,0.762921991226397,0.7630558862131063,0.7628579711029401,0.7629336324033172,95000000,1
1295320560000,1295320619000,0.7629569158229635,0.7630384189843958,0.762921991226397,0.7629452739355006,75000000,1
1295320620000,1295320679000,0.7629452739355006,0.7630908230697618,0.7629452739355006,0.7630850000381543,54000000,1
1295320680000,1295320739000,0.7630850000381543,0.7631781792095,0.7630850000381543,0.7631781792095,45000000,1
1295320740000,1295320799000,0.7630908230697618,0.7631781792095,0.762910350404724,0.7630325967525333,132000000,1
1295320800000,1295320859000,0.7630325967525333,0.7631490582740621,0.7630151305900397,0.7630558862131063,88000000,1
1295320860000,1295320919000,0.7630325967525333,0.7630617088003907,0.7630267746095211,0.7630267746095211,34000000,1
1295320920000,1295320979000,0.7630325967525333,0.7630325967525333,0.7629802006637927,0.7630209525553572,21000000,1
1295320980000,1295321039000,0.7630209525553572,0.7631199395609007,0.7630209525553572,0.7630558862131063,48000000,1
1295321040000,1295321099000,0.7630558862131063,0.7631199395609007,0.7628637906701758,0.762910350404724,71000000,1
1295321100000,1295321159000,0.7629336324033172,0.7630558862131063,0.762921991226397,0.7630558862131063,60000000,1
1295321160000,1295321219000,0.7630267746095211,0.7631723548446181,0.7630209525553572,0.7631723548446181,53000000,1
1295321220000,1295321279000,0.7631723548446181,0.7631781792095,0.7631141160849194,0.7631490582740621,24000000,1
1295321280000,1295321339000,0.7631490582740621,0.763207302367469,0.7630325967525333,0.7631723548446181,51000000,1
1295321340000,1295321399000,0.7631723548446181,0.7631723548446181,0.7630558862131063,0.7630617088003907,45000000,1
1295321400000,1295321459000,0.7630850000381543,0.7631432343536558,0.7630267746095211,0.7630675314765357,48000000,1
1295321460000,1295321519000,0.7630733542415433,0.7631024693995909,0.7630675314765357,0.7631024693995909,7000000,1
1295321520000,1295321579000,0.7631024693995909,0.7631024693995909,0.7629627368999298,0.7629627368999298,30000000,1
1295321580000,1295321639000,0.7629394531249999,0.7629918436171917,0.762910350404724,0.7629918436171917,31000000,1
1295321640000,1295321699000,0.7629685580657221,0.7631082926978168,0.7629569158229635,0.7630442413051108,82000000,1
1295321700000,1295321759000,0.7630558862131063,0.7631024693995909,0.7630442413051108,0.7630675314765357,26000000,1
1295321760000,1295321819000,0.7630442413051108,0.7630791770954154,0.7630151305900397,0.7630384189843958,38000000,1
1295321820000,1295321879000,0.7630384189843958,0.7630384189843958,0.7630151305900397,0.7630325967525333,10000000,1
1295321880000,1295321939000,0.7630325967525333,0.7630325967525333,0.7629802006637927,0.7630093087135663,27000000,1
1295321940000,1295321999000,0.7630325967525333,0.7631840036632832,0.7630151305900397,0.7631024693995909,32000000,1
1295322000000,1295322059000,0.7631024693995909,0.7631082926978168,0.7630733542415433,0.7630733542415433,33000000,1
1295322060000,1295322119000,0.7630850000381543,0.7631548822833595,0.7630850000381543,0.7631257631257631,44000000,1
1295322120000,1295322179000,0.7631432343536558,0.7631548822833595,0.7630850000381543,0.7630850000381543,63000000,1
1295322180000,1295322239000,0.7630733542415433,0.7630791770954154,0.7630151305900397,0.7630209525553572,47000000,1
1295322240000,1295322299000,0.7630151305900397,0.7630733542415433,0.7630034869259352,0.7630617088003907,65000000,1
1295322300000,1295322359000,0.7630617088003907,0.7630617088003907,0.7630442413051108,0.7630558862131063,11000000,1
1295322360000,1295322419000,0.7630733542415433,0.7631257631257631,0.7630733542415433,0.7631141160849194,50000000,1
1295322420000,1295322479000,0.7631082926978168,0.7631199395609007,0.7630850000381543,0.7631141160849194,24000000,1
1295322480000,1295322539000,0.7630966461902401,0.7630966461902401,0.7630558862131063,0.7630733542415433,7000000,1
1295322540000,1295322599000,0.7630617088003907,0.7631141160849194,0.7630617088003907,0.7631141160849194,15000000,1
1295322600000,1295322659000,0.7631141160849194,0.7631141160849194,0.7628870698270535,0.7629161707711557,74000000,1
1295322660000,1295322719000,0.7629045301270999,0.7629627368999298,0.7628987099382816,0.7629336324033172,23000000,1
1295322720000,1295322779000,0.7629510948348212,0.7630267746095211,0.7629510948348212,0.7630267746095211,13000000,1
1295322780000,1295322839000,0.7630151305900397,0.7630267746095211,0.7629743793203425,0.7629976652271445,26000000,1
1295322840000,1295322899000,0.7629918436171917,0.7629918436171917,0.7629336324033172,0.7629336324033172,32000000,1
1295322900000,1295322959000,0.7629336324033172,0.7630500637146803,0.7629336324033172,0.7630267746095211,35000000,1
1295322960000,1295323019000,0.7630267746095211,0.7630675314765357,0.7629976652271445,0.7630093087135663,36000000,1
1295323020000,1295323079000,0.7630093087135663,0.7630093087135663,0.7629278117704503,0.7629627368999298,33000000,1
1295323080000,1295323139000,0.7629743793203425,0.7630558862131063,0.7629743793203425,0.7630325967525333,14000000,1
1295323140000,1295323199000,0.7630325967525333,0.7630966461902401,0.7629918436171917,0.7630151305900397,47000000,1
1295323200000,1295323259000,0.7630151305900397,0.7630151305900397,0.7628928898382668,0.7629045301270999,30000000,1
1295323260000,1295323319000,0.7629045301270999,0.762921991226397,0.7627939617229991,0.7627997803136634,35000000,1
1295323320000,1295323379000,0.7627939617229991,0.7627939617229991,0.7626543421724972,0.7627066935139423,90000000,1
1295323380000,1295323439000,0.7626776085480906,0.7628055989930965,0.7626776085480906,0.762700876343307,52000000,1
1295323440000,1295323499000,0.7627125107733143,0.7627241455582758,0.7626368933223514,0.762660158633313,55000000,1
1295323500000,1295323559000,0.762660158633313,0.762660158633313,0.7625264024766857,0.7625264024766857,75000000,1
1295323560000,1295323619000,0.7625496610466757,0.7625961824435107,0.7625089594802739,0.7625380315843253,32000000,1
1295323620000,1295323679000,0.7625554759108725,0.7626019980172348,0.7624101309058194,0.7624101309058194,40000000,1
1295323680000,1295323739000,0.7623926932284281,0.7624275693809087,0.7621951219512195,0.7622299800295744,159000000,1
1295323740000,1295323799000,0.7622357900192845,0.7624159436422134,0.7622357900192845,0.7623171391762401,100000000,1
1295323800000,1295323859000,0.7623055168050251,0.7623926932284281,0.7623055168050251,0.7623520084163662,50000000,1
1295323860000,1295323919000,0.762369444232675,0.762369444232675,0.7622822731257385,0.7622938947881966,32000000,1
1295323920000,1295323979000,0.7622938947881966,0.7622997057523135,0.7621660759879578,0.762189312581459,47000000,1
1295323980000,1295324039000,0.7622241701284348,0.7623520084163662,0.7622183603158633,0.7623520084163662,41000000,1
1295324040000,1295324099000,0.762369444232675,0.762369444232675,0.7621254153583514,0.7621544582225034,78000000,1
1295324100000,1295324159000,0.7621544582225034,0.7622183603158633,0.7621544582225034,0.762206740956417,42000000,1
1295324160000,1295324219000,0.7622241701284348,0.7622590308638681,0.7621544582225034,0.7621835033002546,37000000,1
1295324220000,1295324279000,0.7621835033002546,0.7621835033002546,0.7619744281381916,0.7620208793720947,92000000,1
1295324280000,1295324339000,0.7620150726581372,0.7620383000449602,0.7619860404157396,0.762009266032675,72000000,1
1295324340000,1295324399000,0.7620383000449602,0.76207314378034,0.7618583248259153,0.7619221772688137,101000000,1
1295324400000,1295324459000,0.761939593429033,0.7619860404157396,0.7618467164406522,0.7618641291512072,125000000,1
1295324460000,1295324519000,0.7618409123806766,0.7619512046448546,0.7616784345984813,0.7617190475465029,101000000,1
1295324520000,1295324579000,0.7617190475465029,0.7618873473368228,0.7614638380823294,0.7615450225417326,186000000,1
1295324580000,1295324639000,0.7615450225417326,0.7617306520414382,0.7615450225417326,0.761707443405137,98000000,1
1295324640000,1295324699000,0.761707443405137,0.7618176970251018,0.761707443405137,0.7617538620920808,129000000,1
1295324700000,1295324759000,0.7617364544214993,0.7617538620920808,0.7616552291439758,0.7617190475465029,56000000,1
1295324760000,1295324819000,0.761695839617324,0.7617480594468186,0.761695839617324,0.7617480594468186,46000000,1
1295324820000,1295324879000,0.7618002864369077,0.7618699335649418,0.761695839617324,0.7618641291512072,149000000,1
1295324880000,1295324939000,0.7618931521043489,0.761957010385474,0.7618351084091359,0.7618931521043489,98000000,1
1295324940000,1295324999000,0.7618815426577475,0.7619221772688137,0.7618351084091359,0.7619221772688137,90000000,1
1295325000000,1295325059000,0.7619047619047619,0.7619105669376529,0.7618467164406522,0.7618873473368228,38000000,1
1295325060000,1295325119000,0.7618873473368228,0.7619047619047619,0.7618525205890644,0.7618815426577475,39000000,1
1295325120000,1295325179000,0.7618815426577475,0.761957010385474,0.7618525205890644,0.7619279825670878,49000000,1
1295325180000,1295325239000,0.7619279825670878,0.762009266032675,0.7618699335649418,0.762009266032675,77000000,1
1295325240000,1295325299000,0.762009266032675,0.7620441071129197,0.761957010385474,0.7619918466872405,69000000,1
1295325300000,1295325359000,0.7619918466872405,0.7620150726581372,0.7618583248259153,0.7618815426577475,69000000,1
1295325360000,1295325419000,0.7618699335649418,0.7618931521043489,0.761707443405137,0.7617944830843536,168000000,1
1295325420000,1295325479000,0.7617944830843536,0.7619686221321407,0.7617770735571942,0.7619686221321407,75000000,1
1295325480000,1295325539000,0.761939593429033,0.7619453989927082,0.7618583248259153,0.7619221772688137,71000000,1
1295325540000,1295325599000,0.7619047619047619,0.7619744281381916,0.7618351084091359,0.7619744281381916,117000000,1
1295325600000,1295325659000,0.7619860404157396,0.7619976530472286,0.7619279825670878,0.7619279825670878,52000000,1
1295325660000,1295325719000,0.7619105669376529,0.7619512046448546,0.7618060898778825,0.76181189340728,66000000,1
1295325720000,1295325779000,0.7618351084091359,0.7618641291512072,0.7618002864369077,0.7618409123806766,73000000,1
1295325780000,1295325839000,0.7618351084091359,0.7618409123806766,0.7615624214638752,0.7616610303750418,183000000,1
1295325840000,1295325899000,0.7616552291439758,0.76181189340728,0.7616552291439758,0.7617538620920808,131000000,1
1295325900000,1295325959000,0.7617538620920808,0.7617828766444987,0.7615566217348261,0.7615856212634705,106000000,1
1295325960000,1295326019000,0.7615856212634705,0.7616842361830479,0.7615102270823497,0.7616088224765996,150000000,1
1295326020000,1295326079000,0.7616088224765996,0.7616088224765996,0.7614348478272457,0.7614348478272457,117000000,1
1295326080000,1295326139000,0.7614058597794968,0.7616262243141556,0.7613710770355255,0.7615044281482496,107000000,1
1295326140000,1295326199000,0.7615508220941124,0.761579821181058,0.7614464436643849,0.7614928305450004,96000000,1
1295326200000,1295326259000,0.7614928305450004,0.7615276244145757,0.7614348478272457,0.7614348478272457,74000000,1
1295326260000,1295326319000,0.7614464436643849,0.7615624214638752,0.7614290500411172,0.7615218252155106,66000000,1
1295326320000,1295326379000,0.7615392230776846,0.7616494280012795,0.7615276244145757,0.7616146230007617,62000000,1
1295326380000,1295326439000,0.7616610303750418,0.7616668316944802,0.7616030220407914,0.7616610303750418,48000000,1
1295326440000,1295326499000,0.7616610303750418,0.7616784345984813,0.7616320251033916,0.7616320251033916,23000000,1
1295326500000,1295326559000,0.7616320251033916,0.7616320251033916,0.7615450225417326,0.7616088224765996,58000000,1
1295326560000,1295326619000,0.7616030220407914,0.7616030220407914,0.7614696363982486,0.7614696363982486,24000000,1
1295326620000,1295326679000,0.7614812332950055,0.7614870318758471,0.7613131128570558,0.7614870318758471,73000000,1
1295326680000,1295326739000,0.7614870318758471,0.7616378259809896,0.7614348478272457,0.7615508220941124,92000000,1
1295326740000,1295326799000,0.7615682212812623,0.7616552291439758,0.7615450225417326,0.7616320251033916,58000000,1
1295326800000,1295326859000,0.7616378259809896,0.7616378259809896,0.7616030220407914,0.7616088224765996,19000000,1
1295326860000,1295326919000,0.7616320251033916,0.7617480594468186,0.7615276244145757,0.7615624214638752,94000000,1
1295326920000,1295326979000,0.7615740211869892,0.7616088224765996,0.7614406457016676,0.7615044281482496,141000000,1
1295326980000,1295327039000,0.7614986293024673,0.7616320251033916,0.7614348478272457,0.7614580398547138,141000000,1
1295327040000,1295327099000,0.7614580398547138,0.7615044281482496,0.7614348478272457,0.7614464436643849,112000000,1
1295327100000,1295327159000,0.7614986293024673,0.7614986293024673,0.761376873938831,0.7613826709304097,99000000,1
1295327160000,1295327219000,0.7613826709304097,0.7613942651783947,0.7613247049866769,0.7613362974693182,83000000,1
1295327220000,1295327279000,0.7613362974693182,0.7614000624348052,0.7613305011838689,0.7613826709304097,106000000,1
1295327280000,1295327339000,0.7613826709304097,0.761579821181058,0.7612783385861539,0.7615334237019663,140000000,1
1295327340000,1295327399000,0.7615160261047694,0.7616668316944802,0.7614580398547138,0.7616494280012795,115000000,1
1295327400000,1295327459000,0.7616494280012795,0.7617248497497734,0.7616494280012795,0.7617132454316249,43000000,1
1295327460000,1295327519000,0.7617132454316249,0.7617770735571942,0.7616668316944802,0.7617306520414382,75000000,1
1295327520000,1295327579000,0.7617306520414382,0.7617828766444987,0.7616030220407914,0.7617828766444987,70000000,1
1295327580000,1295327639000,0.7617480594468186,0.7619047619047619,0.7617422568899587,0.7618989569603278,60000000,1
1295327640000,1295327699000,0.7619047619047619,0.761957010385474,0.7618467164406522,0.7619453989927082,131000000,1
1295327700000,1295327759000,0.7619279825670878,0.7619453989927082,0.7618873473368228,0.7618989569603278,35000000,1
1295327760000,1295327819000,0.7618931521043489,0.7618931521043489,0.7618409123806766,0.7618641291512072,21000000,1
1295327820000,1295327879000,0.7618641291512072,0.761957010385474,0.7618641291512072,0.761957010385474,31000000,1
1295327880000,1295327939000,0.761957010385474,0.7620441071129197,0.761957010385474,0.7620441071129197,49000000,1
1295327940000,1295327999000,0.7620441071129197,0.7620499142693847,0.761939593429033,0.7620034594957061,40000000,1
1295328000000,1295328059000,0.7620034594957061,0.7620034594957061,0.7619047619047619,0.7619105669376529,50000000,1
1295328060000,1295328119000,0.761957010385474,0.761957010385474,0.7615566217348261,0.7616262243141556,115000000,1
1295328120000,1295328179000,0.7616262243141556,0.7619105669376529,0.7616262243141556,0.7618060898778825,118000000,1
1295328180000,1295328239000,0.7618060898778825,0.7619976530472286,0.7616784345984813,0.7619918466872405,86000000,1
1295328240000,1295328299000,0.7619918466872405,0.7619918466872405,0.7618467164406522,0.7618757380671212,48000000,1
1295328300000,1295328359000,0.7618699335649418,0.761957010385474,0.7618583248259153,0.7618931521043489,45000000,1
1295328360000,1295328419000,0.7618757380671212,0.7619279825670878,0.7618641291512072,0.7619279825670878,23000000,1
1295328420000,1295328479000,0.7619221772688137,0.7619512046448546,0.7618699335649418,0.7619221772688137,24000000,1
1295328480000,1295328539000,0.7619221772688137,0.7619512046448546,0.7618351084091359,0.7619337879538268,50000000,1
1295328540000,1295328599000,0.7618931521043489,0.7620441071129197,0.7618931521043489,0.762009266032675,61000000,1
1295328600000,1295328659000,0.762009266032675,0.7620963747075454,0.762009266032675,0.76207314378034,34000000,1
1295328660000,1295328719000,0.7620673362698328,0.7621021826606511,0.762009266032675,0.76207314378034,29000000,1
1295328720000,1295328779000,0.7620673362698328,0.7620673362698328,0.7618931521043489,0.7618989569603278,39000000,1
1295328780000,1295328839000,0.7618989569603278,0.7620150726581372,0.7618931521043489,0.761980234232724,52000000,1
1295328840000,1295328899000,0.761980234232724,0.7620441071129197,0.761980234232724,0.7620150726581372,22000000,1
1295328900000,1295328959000,0.7620441071129197,0.7620441071129197,0.761957010385474,0.761980234232724,49000000,1
1295328960000,1295329019000,0.7619860404157396,0.7621021826606511,0.761957010385474,0.76207314378034,63000000,1
1295329020000,1295329079000,0.7620673362698328,0.7621428408112249,0.7620208793720947,0.7620266861745498,64000000,1
1295329080000,1295329139000,0.762009266032675,0.7620673362698328,0.762009266032675,0.7620673362698328,29000000,1
1295329140000,1295329199000,0.7620615288478392,0.7620615288478392,0.761980234232724,0.761980234232724,28000000,1
1295329200000,1295329259000,0.761980234232724,0.7620673362698328,0.761980234232724,0.7619976530472286,28000000,1
1295329260000,1295329319000,0.7619976530472286,0.7620963747075454,0.7619976530472286,0.7620499142693847,63000000,1
1295329320000,1295329379000,0.7620383000449602,0.7621428408112249,0.7620266861745498,0.7620963747075454,61000000,1
1295329380000,1295329439000,0.7620963747075454,0.762189312581459,0.7620963747075454,0.7621486494725932,58000000,1
1295329440000,1295329499000,0.7621428408112249,0.7622880839126723,0.7621428408112249,0.7622764624273931,48000000,1
1295329500000,1295329559000,0.7622764624273931,0.7623403849818944,0.7621776941076043,0.7622299800295744,64000000,1
1295329560000,1295329619000,0.7622299800295744,0.7622822731257385,0.762171885003506,0.7622416000975669,56000000,1
1295329620000,1295329679000,0.7622416000975669,0.7622938947881966,0.7622357900192845,0.7622764624273931,38000000,1
1295329680000,1295329739000,0.7622938947881966,0.7623229504947476,0.7622822731257385,0.7623229504947476,16000000,1
1295329740000,1295329799000,0.7623229504947476,0.7623520084163662,0.7622532205198567,0.7622532205198567,29000000,1
1295329800000,1295329859000,0.7622532205198567,0.7622532205198567,0.7621312237541059,0.7622416000975669,53000000,1
1295329860000,1295329919000,0.7622997057523135,0.7623055168050251,0.7621428408112249,0.7621544582225034,66000000,1
1295329920000,1295329979000,0.7621776941076043,0.7622009314095382,0.7621370322383965,0.7621951219512195,46000000,1
1295329980000,1295330039000,0.7621951219512195,0.7622474102644237,0.7621196070511306,0.7622009314095382,35000000,1
1295330040000,1295330099000,0.7622009314095382,0.762212550591858,0.7621312237541059,0.7621428408112249,54000000,1
1295330100000,1295330159000,0.7621370322383965,0.7622009314095382,0.7621021826606511,0.7621951219512195,93000000,1
1295330160000,1295330219000,0.7621951219512195,0.7622590308638681,0.7620557215143571,0.762189312581459,116000000,1
1295330220000,1295330279000,0.762189312581459,0.762189312581459,0.7621021826606511,0.7621428408112249,80000000,1
1295330280000,1295330339000,0.7621428408112249,0.7623171391762401,0.7621312237541059,0.7621486494725932,100000000,1
1295330340000,1295330399000,0.7621486494725932,0.7623578202665203,0.7620905668429637,0.7622880839126723,99000000,1
1295330400000,1295330459000,0.7622938947881966,0.7623055168050251,0.7621776941076043,0.762189312581459,72000000,1
1295330460000,1295330519000,0.7621776941076043,0.7623055168050251,0.7621428408112249,0.762171885003506,65000000,1
1295330520000,1295330579000,0.762171885003506,0.7622822731257385,0.7621312237541059,0.7622241701284348,62000000,1
1295330580000,1295330639000,0.7622416000975669,0.7622764624273931,0.7621776941076043,0.7622764624273931,40000000,1
1295330640000,1295330699000,0.7622764624273931,0.7622764624273931,0.762171885003506,0.7622357900192845,81000000,1
1295330700000,1295330759000,0.7622590308638681,0.7623578202665203,0.762171885003506,0.7623578202665203,53000000,1
1295330760000,1295330819000,0.7623578202665203,0.7623578202665203,0.7621486494725932,0.7621486494725932,67000000,1
1295330820000,1295330879000,0.7621370322383965,0.7622299800295744,0.7621370322383965,0.7621428408112249,48000000,1
1295330880000,1295330939000,0.7621428408112249,0.7621602670609576,0.7621079907022825,0.7621602670609576,12000000,1
1295330940000,1295330999000,0.7621602670609576,0.7623113279463333,0.7621370322383965,0.762189312581459,79000000,1
1295331000000,1295331059000,0.7621951219512195,0.7623345733975727,0.7621951219512195,0.7623345733975727,63000000,1
1295331060000,1295331119000,0.7623345733975727,0.7625147737237409,0.7623345733975727,0.7623636322052894,88000000,1
1295331120000,1295331179000,0.7623926932284281,0.762450821921986,0.7623055168050251,0.7623926932284281,94000000,1
1295331180000,1295331239000,0.7623926932284281,0.7624915172818703,0.7623345733975727,0.7624450086537509,56000000,1
1295331240000,1295331299000,0.7624333823832142,0.7624857033930613,0.7623810685533057,0.7624333823832142,47000000,1
1295331300000,1295331359000,0.7624333823832142,0.7624915172818703,0.7624275693809087,0.7624915172818703,40000000,1
1295331360000,1295331419000,0.7624915172818703,0.7625496610466757,0.7623578202665203,0.7625496610466757,89000000,1
1295331420000,1295331479000,0.7625031453254745,0.7626252611991519,0.7625031453254745,0.7625671059053196,81000000,1
1295331480000,1295331539000,0.7625671059053196,0.7626194452706155,0.762439195474161,0.7625031453254745,82000000,1
1295331540000,1295331599000,0.7625031453254745,0.7625031453254745,0.7623636322052894,0.7623636322052894,45000000,1
1295331600000,1295331659000,0.7623636322052894,0.7624275693809087,0.7621602670609576,0.7622648412964601,66000000,1
1295331660000,1295331719000,0.7622764624273931,0.762346196654825,0.7622241701284348,0.7623287619018577,37000000,1
1295331720000,1295331779000,0.7623287619018577,0.7624275693809087,0.7623287619018577,0.7623868808465545,66000000,1
1295331780000,1295331839000,0.76237525634868,0.7623868808465545,0.7623229504947476,0.7623868808465545,53000000,1
1295331840000,1295331899000,0.7623868808465545,0.7623868808465545,0.7623810685533057,0.7623868808465545,30000000,1
1295331900000,1295331959000,0.76237525634868,0.7624275693809087,0.76237525634868,0.7623810685533057,23000000,1
1295331960000,1295332019000,0.76237525634868,0.7623868808465545,0.7622764624273931,0.7623520084163662,81000000,1
1295332020000,1295332079000,0.7622938947881966,0.7622938947881966,0.7620441071129197,0.7620673362698328,137000000,1
1295332080000,1295332139000,0.7620673362698328,0.762171885003506,0.7618641291512072,0.7618931521043489,137000000,1
1295332140000,1295332199000,0.7618525205890644,0.7619628162145687,0.7617248497497734,0.7617364544214993,86000000,1
1295332200000,1295332259000,0.7617886798202179,0.7619047619047619,0.7617364544214993,0.7618409123806766,76000000,1
1295332260000,1295332319000,0.7618409123806766,0.7619047619047619,0.7617422568899587,0.7618002864369077,54000000,1
1295332320000,1295332379000,0.7618002864369077,0.7618525205890644,0.7614638380823294,0.7616320251033916,152000000,1
1295332380000,1295332439000,0.7616320251033916,0.7616726331022926,0.7613942651783947,0.7614522417153996,167000000,1
1295332440000,1295332499000,0.7614580398547138,0.7615624214638752,0.7614348478272457,0.7615276244145757,91000000,1
1295332500000,1295332559000,0.7615334237019663,0.7617944830843536,0.7614870318758471,0.7616668316944802,142000000,1
1295332560000,1295332619000,0.7616784345984813,0.7617944830843536,0.7616436269469515,0.7616610303750418,98000000,1
1295332620000,1295332679000,0.7616842361830479,0.7617190475465029,0.7614986293024673,0.7615044281482496,102000000,1
1295332680000,1295332739000,0.7615044281482496,0.7615566217348261,0.7613710770355255,0.7614058597794968,101000000,1
1295332740000,1295332799000,0.7614058597794968,0.7614580398547138,0.7613305011838689,0.7614580398547138,108000000,1
1295332800000,1295332859000,0.7614464436643849,0.7614580398547138,0.7613884680102635,0.7614348478272457,143000000,1
1295332860000,1295332919000,0.7614348478272457,0.7616030220407914,0.7614000624348052,0.7615102270823497,91000000,1
1295332920000,1295332979000,0.7615102270823497,0.7615508220941124,0.7614522417153996,0.7614580398547138,78000000,1
1295332980000,1295333039000,0.7614580398547138,0.7615276244145757,0.761411657212472,0.7615044281482496,112000000,1
1295333040000,1295333099000,0.7614870318758471,0.7615450225417326,0.7614754348024733,0.7615450225417326,53000000,1
1295333100000,1295333159000,0.7615450225417326,0.7615450225417326,0.7614058597794968,0.7614696363982486,90000000,1
1295333160000,1295333219000,0.7614696363982486,0.7615624214638752,0.7614696363982486,0.7615392230776846,68000000,1
1295333220000,1295333279000,0.7615450225417326,0.761591421434229,0.7614754348024733,0.7614754348024733,59000000,1
1295333280000,1295333339000,0.7614986293024673,0.7615044281482496,0.7614174547337323,0.7614406457016676,49000000,1
1295333340000,1295333399000,0.7614522417153996,0.7614754348024733,0.7611218936712715,0.7611334799783838,136000000,1
1295333400000,1295333459000,0.7611334799783838,0.7611392732642219,0.7608439280850319,0.7608497169639054,252000000,1
1295333460000,1295333519000,0.7608555059308686,0.7610292159115989,0.7607860441408063,0.7608265619769318,286000000,1
1295333520000,1295333579000,0.7609423510074876,0.7610871368662999,0.7608265619769318,0.7609076105979212,194000000,1
1295333580000,1295333639000,0.7609365607189328,0.7611566536508879,0.7609307705184983,0.7610987221152455,137000000,1
1295333640000,1295333699000,0.7611045148719823,0.7612377726182773,0.7610987221152455,0.7612030052294647,105000000,1
1295333700000,1295333759000,0.761208799573723,0.7613305011838689,0.7611103077168974,0.7612551575036921,129000000,1
1295333760000,1295333819000,0.7612551575036921,0.7612551575036921,0.7609828854949052,0.7610987221152455,110000000,1
1295333820000,1295333879000,0.7610987221152455,0.7611566536508879,0.7610118413442513,0.7610581752869189,67000000,1
1295333880000,1295333939000,0.7610639674264622,0.761197210973419,0.7609713037721348,0.7609770945894528,157000000,1
1295333940000,1295333999000,0.7609770945894528,0.76103500761035,0.7609018208380572,0.7609655130429489,140000000,1
1295334000000,1295334059000,0.7609655130429489,0.7611103077168974,0.7608786626796624,0.7610813443740867,120000000,1
1295334060000,1295334119000,0.7610813443740867,0.7611161006499931,0.7609770945894528,0.7611103077168974,74000000,1
1295334120000,1295334179000,0.7611103077168974,0.7611566536508879,0.7609828854949052,0.7610639674264622,108000000,1
1295334180000,1295334239000,0.7610813443740867,0.7611914168055841,0.7610813443740867,0.7611624472895006,95000000,1
1295334240000,1295334299000,0.7611798287345386,0.7612957253245023,0.7611392732642219,0.7612319778329247,134000000,1
1295334300000,1295334359000,0.761197210973419,0.7613305011838689,0.7611798287345386,0.7612435674918547,106000000,1
1295334360000,1295334419000,0.7612435674918547,0.7612493624536589,0.7610176327785515,0.7610176327785515,104000000,1
1295334420000,1295334479000,0.7610465912723178,0.7610465912723178,0.7607455306200076,0.7608034083992696,156000000,1
1295334480000,1295334539000,0.7607976202250439,0.7608265619769318,0.7607513180016585,0.7608034083992696,79000000,1
1295334540000,1295334599000,0.7608034083992696,0.7609365607189328,0.7607397433264106,0.7607397433264106,156000000,1
1295334600000,1295334659000,0.76072816900337,0.760768680674954,0.7605430277217933,0.7606992347365699,206000000,1
1295334660000,1295334719000,0.7607108081791626,0.7609655130429489,0.7607108081791626,0.7608960311663014,201000000,1
1295334720000,1295334779000,0.7609076105979212,0.7610118413442513,0.7608555059308686,0.7608844520871061,113000000,1
1295334780000,1295334839000,0.7609018208380572,0.7609076105979212,0.7607108081791626,0.7607802562307903,99000000,1
1295334840000,1295334899000,0.7607860441408063,0.7609076105979212,0.7607802562307903,0.7609076105979212,80000000,1
1295334900000,1295334959000,0.7609018208380572,0.7609713037721348,0.7608439280850319,0.7609539318489658,120000000,1
1295334960000,1295335019000,0.7609307705184983,0.7610755519700441,0.7609018208380572,0.7610755519700441,94000000,1
1295335020000,1295335079000,0.7610755519700441,0.7612783385861539,0.7610755519700441,0.761272543183185,61000000,1
1295335080000,1295335139000,0.7612551575036921,0.7613189088777398,0.7611161006499931,0.7611161006499931,76000000,1
1295335140000,1295335199000,0.7611276867807344,0.7612551575036921,0.7609944675702207,0.7610060499980975,236000000,1
1295335200000,1295335259000,0.7609886764884939,0.7611914168055841,0.7609365607189328,0.761052383235538,167000000,1
1295335260000,1295335319000,0.761052383235538,0.7610697596541698,0.7606124451408274,0.7608091966615693,172000000,1
1295335320000,1295335379000,0.7608091966615693,0.7608439280850319,0.7606008746910058,0.760768680674954,156000000,1
1295335380000,1295335439000,0.7607628930291296,0.7607628930291296,0.7604389253477107,0.7605083237636036,171000000,1
1295335440000,1295335499000,0.7605314593838174,0.7605314593838174,0.760213467941798,0.7602481449945262,230000000,1
1295335500000,1295335559000,0.7602481449945262,0.7604215777226895,0.7602423652660468,0.7602770449551817,122000000,1
1295335560000,1295335619000,0.7602770449551817,0.7606008746910058,0.7602770449551817,0.7605661654535636,126000000,1
1295335620000,1295335679000,0.7605661654535636,0.7605661654535636,0.7603406326034063,0.7603406326034063,111000000,1
1295335680000,1295335739000,0.7603464138261391,0.7605372435088147,0.7603464138261391,0.7604100130790522,156000000,1
1295335740000,1295335799000,0.7604273601764191,0.7605488120227556,0.7601210112649934,0.760213467941798,151000000,1
1295335800000,1295335859000,0.760213467941798,0.7603695395962438,0.7601383451788225,0.7601961306016952,174000000,1
1295335860000,1295335919000,0.7602192472309014,0.7603753212585732,0.7601730153783001,0.7603175085915879,133000000,1
1295335920000,1295335979000,0.7603175085915879,0.7603868848470101,0.7602481449945262,0.7603348514685868,93000000,1
1295335980000,1295336039000,0.7603521951367873,0.7605141075366948,0.7602076887405639,0.7604678398150542,118000000,1
1295336040000,1295336099000,0.7604851895509335,0.7606008746910058,0.7604562737642586,0.7606008746910058,57000000,1
1295336100000,1295336159000,0.7606008746910058,0.7606008746910058,0.7603753212585732,0.7603926667731217,163000000,1
1295336160000,1295336219000,0.7603926667731217,0.7604157953569012,0.7602192472309014,0.7603926667731217,85000000,1
1295336220000,1295336279000,0.7603926667731217,0.7604909729721508,0.7603406326034063,0.7604447080652765,166000000,1
1295336280000,1295336339000,0.7604331427180923,0.7605314593838174,0.760271264787276,0.7603232894626796,122000000,1
1295336340000,1295336399000,0.7603059471131183,0.7604389253477107,0.7601730153783001,0.7602076887405639,169000000,1
1295336400000,1295336459000,0.7602076887405639,0.7602539248108868,0.7600690142664954,0.7601556798832401,101000000,1
1295336460000,1295336519000,0.7601787940523611,0.7604794062176797,0.7601672367920943,0.7604562737642586,83000000,1
1295336520000,1295336579000,0.7604620567456786,0.7605256753467997,0.7603637580218375,0.7604273601764191,100000000,1
1295336580000,1295336639000,0.7604389253477107,0.7604736229723872,0.7604215777226895,0.7604447080652765,19000000,1
1295336640000,1295336699000,0.7604909729721508,0.7605314593838174,0.7604389253477107,0.7604851895509335,49000000,1
1295336700000,1295336759000,0.7604967564813336,0.7605372435088147,0.7604851895509335,0.7605198913977596,36000000,1
1295336760000,1295336819000,0.7605083237636036,0.7605256753467997,0.7603637580218375,0.7604678398150542,144000000,1
1295336820000,1295336879000,0.7603926667731217,0.7603926667731217,0.7600921231653276,0.7601325671197057,183000000,1
1295336880000,1295336939000,0.76012678914843,0.760201909627197,0.7600228006840205,0.7601614582937416,185000000,1
1295336940000,1295336999000,0.7601614582937416,0.7603868848470101,0.7601325671197057,0.7603521951367873,117000000,1
1295337000000,1295337059000,0.7603521951367873,0.7605314593838174,0.7603521951367873,0.7604331427180923,96000000,1
1295337060000,1295337119000,0.7604331427180923,0.7607050214138463,0.7604331427180923,0.76057195010648,104000000,1
1295337120000,1295337179000,0.7605603808886386,0.76072816900337,0.7605603808886386,0.7607165950325205,73000000,1
1295337180000,1295337239000,0.7607223819739224,0.7607339561208655,0.7605083237636036,0.7605661654535636,98000000,1
1295337240000,1295337299000,0.7605777348473901,0.7606240159426794,0.7604389253477107,0.7604562737642586,55000000,1
1295337300000,1295337359000,0.7604620567456786,0.7605372435088147,0.7604157953569012,0.7604562737642586,106000000,1
1295337360000,1295337419000,0.7604794062176797,0.7605893045931988,0.7604504908707919,0.7604967564813336,63000000,1
1295337420000,1295337479000,0.7605025400784838,0.7608265619769318,0.7604967564813336,0.7608265619769318,98000000,1
1295337480000,1295337539000,0.7607860441408063,0.7608439280850319,0.7605777348473901,0.7608091966615693,92000000,1
1295337540000,1295337599000,0.7608091966615693,0.7608091966615693,0.7607050214138463,0.76072816900337,101000000,1
1295337600000,1295337659000,0.7607571054713651,0.7607571054713651,0.7604851895509335,0.7605198913977596,128000000,1
1295337660000,1295337719000,0.7605083237636036,0.7606182304977485,0.7604794062176797,0.7605893045931988,72000000,1
1295337720000,1295337779000,0.7606008746910058,0.7606760889078213,0.7604447080652765,0.7604504908707919,84000000,1
1295337780000,1295337839000,0.7604620567456786,0.7604851895509335,0.7603406326034063,0.7604215777226895,98000000,1
1295337840000,1295337899000,0.7604273601764191,0.7604967564813336,0.7603464138261391,0.7603811030088281,150000000,1
1295337900000,1295337959000,0.7603637580218375,0.7604851895509335,0.760271264787276,0.760271264787276,206000000,1
1295337960000,1295338019000,0.760271264787276,0.7603117278084014,0.7599246154781446,0.7601845728142793,176000000,1
1295338020000,1295338079000,0.760213467941798,0.7602481449945262,0.76012678914843,0.7601441233257826,104000000,1
1295338080000,1295338139000,0.7601499015605877,0.760271264787276,0.7601094557616296,0.7601614582937416,156000000,1
1295338140000,1295338199000,0.7601556798832401,0.7601556798832401,0.7599015167634274,0.7599361653621095,121000000,1
1295338200000,1295338259000,0.7599188406678167,0.7600228006840205,0.7599188406678167,0.7599592661833325,57000000,1
1295338260000,1295338319000,0.7599592661833325,0.7602365856254466,0.7599130659452558,0.7601903516640567,116000000,1
1295338320000,1295338379000,0.7602250266078759,0.7603464138261391,0.7600747913594698,0.7603290704216785,143000000,1
1295338380000,1295338439000,0.7604620567456786,0.760635587096578,0.7603464138261391,0.7604967564813336,200000000,1
1295338440000,1295338499000,0.76057195010648,0.7607108081791626,0.7604562737642586,0.7604794062176797,165000000,1
1295338500000,1295338559000,0.7605083237636036,0.7606876616461281,0.7604736229723872,0.7606124451408274,137000000,1
1295338560000,1295338619000,0.7605777348473901,0.7605777348473901,0.7603001665057365,0.7603811030088281,227000000,1
1295338620000,1295338679000,0.7603926667731217,0.7603926667731217,0.7602250266078759,0.7603348514685868,168000000,1
1295338680000,1295338739000,0.7603348514685868,0.7607165950325205,0.7600921231653276,0.7606066598719138,282000000,1
1295338740000,1295338799000,0.7606008746910058,0.7606124451408274,0.7603348514685868,0.7604042308891407,122000000,1
1295338800000,1295338859000,0.7603753212585732,0.7605256753467997,0.7603521951367873,0.7605025400784838,100000000,1
1295338860000,1295338919000,0.7605141075366948,0.7607050214138463,0.7604909729721508,0.7605893045931988,138000000,1
1295338920000,1295338979000,0.7605893045931988,0.7605950895981016,0.7604157953569012,0.7604389253477107,125000000,1
1295338980000,1295339039000,0.7604389253477107,0.7605430277217933,0.7604331427180923,0.7605256753467997,90000000,1
1295339040000,1295339099000,0.7605256753467997,0.7605256753467997,0.7603117278084014,0.7603290704216785,88000000,1
1295339100000,1295339159000,0.7603290704216785,0.7607108081791626,0.7603059471131183,0.7606066598719138,153000000,1
1295339160000,1295339219000,0.7606066598719138,0.7606066598719138,0.7604794062176797,0.7605314593838174,94000000,1
1295339220000,1295339279000,0.7605141075366948,0.7605661654535636,0.7602076887405639,0.7602423652660468,152000000,1
1295339280000,1295339339000,0.7602597047151307,0.7602597047151307,0.7601672367920943,0.7601845728142793,77000000,1
1295339340000,1295339399000,0.76012678914843,0.7601672367920943,0.7595955913071881,0.7597860442499392,257000000,1
1295339400000,1295339459000,0.7597860442499392,0.7597860442499392,0.7594629078315815,0.7595782821377571,178000000,1
1295339460000,1295339519000,0.7595782821377571,0.7596186714269437,0.7594283023739729,0.7594283023739729,175000000,1
1295339520000,1295339579000,0.7594340697312363,0.7594917481221567,0.7593072081033264,0.7594340697312363,123000000,1
1295339580000,1295339639000,0.7594456047085627,0.7594513723286298,0.7592265000417575,0.7592495577371325,94000000,1
1295339640000,1295339699000,0.7592783818259127,0.7593879333257394,0.759191916124477,0.7593591009188245,96000000,1
1295339700000,1295339759000,0.7593764001002377,0.7593994669015742,0.7588232169551459,0.758852008681267,199000000,1
1295339760000,1295339819000,0.7588347333834164,0.7588347333834164,0.7584663809776632,0.7584893925258455,215000000,1
1295339820000,1295339879000,0.7585124054703914,0.7586505124684212,0.7585124054703914,0.7585756982689302,96000000,1
1295339880000,1295339939000,0.758587207185338,0.7586505124684212,0.7582420915349852,0.7583858515535534,176000000,1
1295339940000,1295339999000,0.7583973547100268,0.7584606283087845,0.7580926389204761,0.7581616097287297,169000000,1
1295340000000,1295340059000,0.7581616097287297,0.7582995890016228,0.758052411743748,0.758288088810701,150000000,1
1295340060000,1295340119000,0.7582823388460459,0.7584031064191239,0.7582535903307501,0.7584031064191239,108000000,1
1295340120000,1295340179000,0.7583973547100268,0.7585124054703914,0.7583628462874347,0.7584376185058779,123000000,1
1295340180000,1295340239000,0.7584376185058779,0.7585584355490825,0.7584203620698808,0.7585008988235651,182000000,1
1295340240000,1295340299000,0.7585124054703914,0.7585699439416811,0.7583916030881706,0.7584606283087845,122000000,1
1295340300000,1295340359000,0.7584663809776632,0.7585584355490825,0.7583628462874347,0.7585584355490825,100000000,1
1295340360000,1295340419000,0.758552681483729,0.7585756982689302,0.7583283410050884,0.7585008988235651,141000000,1
1295340420000,1295340479000,0.7584893925258455,0.758702315559467,0.7584203620698808,0.7586677793794098,122000000,1
1295340480000,1295340539000,0.758673535191072,0.758673535191072,0.7584548757271686,0.7584548757271686,126000000,1
1295340540000,1295340599000,0.7584318662732933,0.7584721337338066,0.7582593398594187,0.7583858515535534,185000000,1
1295340600000,1295340659000,0.7583685974731159,0.7584491232328134,0.7581501137225171,0.7581846027870865,186000000,1
1295340660000,1295340719000,0.7581960998392624,0.7582420915349852,0.7580983860085362,0.758138618064927,134000000,1
1295340720000,1295340779000,0.7581443658501452,0.7582938388625592,0.7578628268283442,0.7578915457198074,166000000,1
1295340780000,1295340839000,0.7578915457198074,0.7580639047871736,0.7577594568380214,0.7579030338858446,124000000,1
1295340840000,1295340899000,0.7579145224001638,0.758322590429969,0.7579145224001638,0.7582650894752806,112000000,1
1295340900000,1295340959000,0.7582535903307501,0.7583685974731159,0.7582190949896882,0.7583340916674249,111000000,1
1295340960000,1295341019000,0.7583398424169807,0.7584261141279617,0.7582995890016228,0.7583858515535534,59000000,1
1295341020000,1295341079000,0.7583168399420646,0.7584088582154639,0.7582075972401243,0.7583110895413735,136000000,1
1295341080000,1295341139000,0.7583398424169807,0.7583743487460279,0.7580121888359965,0.7580409190488102,148000000,1
1295341140000,1295341199000,0.7580351728320195,0.7580409190488102,0.7575011551892616,0.7575126315231308,234000000,1
1295341200000,1295341259000,0.7575298466759591,0.7577135236709704,0.7571742257893541,0.7571971589962595,230000000,1
1295341260000,1295341319000,0.7572200935924036,0.7572372954512756,0.7570595805889924,0.7571111666325966,149000000,1
1295341320000,1295341379000,0.7571111666325966,0.7571111666325966,0.7569163229005034,0.7570137322291026,145000000,1
1295341380000,1295341439000,0.757019462970393,0.7570366557148697,0.7568819491223954,0.7568876778686043,148000000,1
1295341440000,1295341499000,0.7568647634040749,0.7568647634040749,0.756555553874321,0.7565898980116817,220000000,1
1295341500000,1295341559000,0.756584173772253,0.7567273057481007,0.7564925977199313,0.7565212128548086,203000000,1
1295341560000,1295341619000,0.7565212128548086,0.7566242452673153,0.7563838799467506,0.7564410959318598,145000000,1
1295341620000,1295341679000,0.7564353739438271,0.7564410959318598,0.7560807796704999,0.7560979298038681,222000000,1
1295341680000,1295341739000,0.7560693466804775,0.7560864962951762,0.7558636119698561,0.755966465327598,246000000,1
1295341740000,1295341799000,0.755943606606947,0.7560064714153953,0.755846472464513,0.755846472464513,191000000,1
1295341800000,1295341859000,0.7558293337364422,0.7558293337364422,0.755538094230711,0.7557607865958267,217000000,1
1295341860000,1295341919000,0.7557607865958267,0.7559378921427816,0.7557379403118175,0.7558236209998035,107000000,1
1295341920000,1295341979000,0.7558236209998035,0.7560236181778318,0.7558236209998035,0.7560236181778318,127000000,1
1295341980000,1295342039000,0.7560293339381569,0.7562980721962139,0.7560293339381569,0.7562980721962139,103000000,1
1295342040000,1295342099000,0.7562980721962139,0.756418208499115,0.756240877844411,0.75633811339021,94000000,1
1295342100000,1295342159000,0.756332392960058,0.7564639847496861,0.7563152321887763,0.7563609959761596,145000000,1
1295342160000,1295342219000,0.7563953224513259,0.756418208499115,0.7561665381183552,0.7561951285909816,133000000,1
1295342220000,1295342279000,0.7561951285909816,0.7561951285909816,0.7557436517533254,0.7560750631322678,213000000,1
1295342280000,1295342339000,0.7560750631322678,0.7563609959761596,0.7560750631322678,0.7562523160227178,141000000,1
1295342340000,1295342399000,0.7562580352416244,0.7563095121047336,0.7561665381183552,0.7562637545470359,121000000,1
1295342400000,1295342459000,0.7562751934173807,0.7562751934173807,0.7559093211178387,0.7561551025346318,155000000,1
1295342460000,1295342519000,0.7561779740479719,0.7562180025257681,0.7560407657180874,0.7560521978437391,120000000,1
1295342520000,1295342579000,0.7560636303151272,0.756332392960058,0.7560636303151272,0.7561551025346318,181000000,1
1295342580000,1295342639000,0.756172256039926,0.75633811339021,0.7560693466804775,0.7562523160227178,126000000,1
1295342640000,1295342699000,0.7562523160227178,0.7564925977199313,0.7562294400120997,0.7564697071705764,149000000,1
1295342700000,1295342759000,0.7564697071705764,0.7566929491351,0.756418208499115,0.7566929491351,160000000,1
1295342760000,1295342819000,0.7567101270516303,0.7569392404871661,0.7565898980116817,0.7569392404871661,178000000,1
1295342820000,1295342879000,0.7568819491223954,0.7569621594616486,0.7568017557800734,0.7569105937206698,136000000,1
1295342880000,1295342939000,0.7568934067015342,0.7569392404871661,0.7567960283344433,0.756904864627565,139000000,1
1295342940000,1295342999000,0.756904864627565,0.7569736194693615,0.7568590350047304,0.7569105937206698,128000000,1
1295343000000,1295343059000,0.7569105937206698,0.7574150937679887,0.7569105937206698,0.7573864109730143,271000000,1
1295343060000,1295343119000,0.7574323044877864,0.757610194402776,0.7572946406258283,0.7574437787355234,334000000,1
1295343120000,1295343179000,0.7574208305876828,0.7575413238792176,0.7574093570351969,0.7574724658758655,222000000,1
1295343180000,1295343239000,0.7574609907589759,0.7574724658758655,0.7568590350047304,0.7568934067015342,224000000,1
1295343240000,1295343299000,0.756904864627565,0.7571799589608462,0.7568533066920968,0.7569965405258098,205000000,1
1295343300000,1295343359000,0.7569736194693615,0.757134096019746,0.7568189386371205,0.7568246664295283,195000000,1
1295343360000,1295343419000,0.7568246664295283,0.7568246664295283,0.7565326595149112,0.7565441065214101,250000000,1
1295343420000,1295343479000,0.7565383829748603,0.7566528703626637,0.7565040435141125,0.7565383829748603,195000000,1
1295343480000,1295343539000,0.7565383829748603,0.7565441065214101,0.7562065653854007,0.7562065653854007,166000000,1
1295343540000,1295343599000,0.7562065653854007,0.7562180025257681,0.7559493211575096,0.7560121869164531,220000000,1
1295343600000,1295343659000,0.756000756000756,0.7563838799467506,0.7559836102753292,0.7563552751998669,194000000,1
1295343660000,1295343719000,0.7563724377883669,0.7566528703626637,0.7563095121047336,0.756555553874321,182000000,1
1295343720000,1295343779000,0.7565498301545631,0.756767392406596,0.7564697071705764,0.756767392406596,173000000,1
1295343780000,1295343839000,0.7567215794292805,0.7569220521670679,0.7566929491351,0.7569220521670679,149000000,1
1295343840000,1295343899000,0.7569277815203652,0.7569506998009219,0.7567616654810734,0.7567731194187983,114000000,1
1295343900000,1295343959000,0.7567731194187983,0.7568418503269557,0.7566643210072715,0.7568418503269557,134000000,1
1295343960000,1295344019000,0.7568189386371205,0.7569564295879129,0.7566986750206199,0.7569449701006737,134000000,1
1295344020000,1295344079000,0.7569449701006737,0.7571111666325966,0.7569449701006737,0.7570710435467264,172000000,1
1295344080000,1295344139000,0.7570710435467264,0.7574724658758655,0.7570710435467264,0.7574724658758655,149000000,1
1295344140000,1295344199000,0.7574667282739606,0.7574724658758655,0.7572659669529131,0.7572659669529131,140000000,1
1295344200000,1295344259000,0.7572659669529131,0.7574552533309095,0.7572659669529131,0.7574380415681997,98000000,1
1295344260000,1295344319000,0.7574495159897593,0.7574896792031209,0.7573577303503536,0.7574150937679887,124000000,1
1295344320000,1295344379000,0.7574150937679887,0.7575700184089516,0.7573519944864775,0.7574495159897593,119000000,1
1295344380000,1295344439000,0.7574667282739606,0.7576044547141938,0.7573519944864775,0.7575987151125791,188000000,1
1295344440000,1295344499000,0.7575987151125791,0.7578398532822045,0.7575528014302596,0.757816881128844,201000000,1
1295344500000,1295344559000,0.7578053955744164,0.7578570833112291,0.7576905591756327,0.7576905591756327,139000000,1
1295344560000,1295344619000,0.7576905591756327,0.7577250064406627,0.7576159341783276,0.7576675960722512,51000000,1
1295344620000,1295344679000,0.7576733367176075,0.7578628268283442,0.7576733367176075,0.7578111383081109,51000000,1
1295344680000,1295344739000,0.7578283670314346,0.7578685704325155,0.7576503746581102,0.7576675960722512,125000000,1
1295344740000,1295344799000,0.7576675960722512,0.7577594568380214,0.7573692023387562,0.7573978838303125,168000000,1
1295344800000,1295344859000,0.7573978838303125,0.7573978838303125,0.756618520508145,0.7566986750206199,264000000,1
1295344860000,1295344919000,0.7567158531971245,0.7567158531971245,0.7560350497849081,0.7560807796704999,269000000,1
1295344920000,1295344979000,0.7560750631322678,0.7563781588242858,0.7558350465594389,0.7563781588242858,233000000,1
1295344980000,1295345039000,0.7563896011557633,0.7564811522720912,0.7561551025346318,0.7563552751998669,249000000,1
1295345040000,1295345099000,0.7563495545101123,0.756475429678044,0.7562866326337683,0.7564067653021088,163000000,1
1295345100000,1295345159000,0.7563953224513259,0.7569793496033428,0.7563953224513259,0.7569163229005034,223000000,1
1295345160000,1295345219000,0.756904864627565,0.756904864627565,0.7565612776806858,0.7566013467503971,150000000,1
1295345220000,1295345279000,0.7566013467503971,0.756744485224564,0.7565040435141125,0.7565326595149112,236000000,1
1295345280000,1295345339000,0.7565326595149112,0.7565956223377291,0.7564010438334405,0.7564639847496861,157000000,1
1295345340000,1295345399000,0.7564639847496861,0.7566242452673153,0.7564582624153713,0.7565898980116817,124000000,1
1295345400000,1295345459000,0.7565898980116817,0.7568647634040749,0.7565383829748603,0.7566643210072715,124000000,1
1295345460000,1295345519000,0.7566356950455495,0.7568934067015342,0.7565727255532438,0.7568762204629055,104000000,1
1295345520000,1295345579000,0.7568876778686043,0.756990810131565,0.7568590350047304,0.7569335109603972,112000000,1
1295345580000,1295345639000,0.7568819491223954,0.7568934067015342,0.7567330321535866,0.7568934067015342,129000000,1
1295345640000,1295345699000,0.7568876778686043,0.7570538492402964,0.7568876778686043,0.7570309247132745,69000000,1
1295345700000,1295345759000,0.7570309247132745,0.7570538492402964,0.7569678894221308,0.7570423868032371,91000000,1
1295345760000,1295345819000,0.757002271006813,0.757128363542755,0.7565326595149112,0.7566242452673153,158000000,1
1295345820000,1295345879000,0.7566471451703213,0.7567731194187983,0.7564239302274567,0.7565269361415613,191000000,1
1295345880000,1295345939000,0.756509766541086,0.7566356950455495,0.756475429678044,0.7565326595149112,117000000,1
1295345940000,1295345999000,0.7565269361415613,0.7566986750206199,0.7563953224513259,0.7566757719984565,129000000,1
1295346000000,1295346059000,0.7566757719984565,0.7567273057481007,0.7565784496194411,0.7566528703626637,104000000,1
1295346060000,1295346119000,0.7566585956416464,0.7567502118900593,0.7565154896546507,0.7566414200646171,95000000,1
1295346120000,1295346179000,0.7566528703626637,0.7567502118900593,0.7565498301545631,0.7567387586457403,80000000,1
1295346180000,1295346239000,0.7567387586457403,0.7567788465176821,0.7567101270516303,0.7567101270516303,48000000,1
1295346240000,1295346299000,0.7567101270516303,0.7567387586457403,0.7566013467503971,0.7566414200646171,81000000,1
1295346300000,1295346359000,0.7566414200646171,0.7567101270516303,0.7565212128548086,0.7565212128548086,62000000,1
1295346360000,1295346419000,0.7565212128548086,0.7566127958356031,0.7564410959318598,0.756555553874321,98000000,1
1295346420000,1295346479000,0.7565441065214101,0.7567101270516303,0.7564582624153713,0.756687223336234,94000000,1
1295346480000,1295346539000,0.756687223336234,0.7570309247132745,0.756687223336234,0.7570309247132745,136000000,1
1295346540000,1295346599000,0.7570653120244684,0.7570710435467264,0.756807483312395,0.7569678894221308,133000000,1
1295346600000,1295346659000,0.7569678894221308,0.75732905189976,0.7569163229005034,0.7571111666325966,162000000,1
1295346660000,1295346719000,0.7571168988491823,0.757248763791393,0.7569163229005034,0.7569335109603972,202000000,1
1295346720000,1295346779000,0.7569335109603972,0.7570366557148697,0.7569105937206698,0.7569220521670679,135000000,1
1295346780000,1295346839000,0.7569163229005034,0.7570481179783787,0.7568132109314101,0.7570366557148697,157000000,1
1295346840000,1295346899000,0.7570366557148697,0.7573118458718932,0.7569965405258098,0.7573061107030072,190000000,1
1295346900000,1295346959000,0.7573061107030072,0.7573806746747049,0.7571684927046816,0.7572200935924036,172000000,1
1295346960000,1295347019000,0.7571742257893541,0.757248763791393,0.757019462970393,0.7571570267957872,106000000,1
1295347020000,1295347079000,0.7571570267957872,0.7572315614114796,0.757099702459817,0.7571627597068267,129000000,1
1295347080000,1295347139000,0.757134096019746,0.7571799589608462,0.7569392404871661,0.7569850798240767,192000000,1
1295347140000,1295347199000,0.756990810131565,0.7572372954512756,0.7569564295879129,0.7572143598131195,160000000,1
1295347200000,1295347259000,0.7572315614114796,0.7573519944864775,0.757134096019746,0.7573175811276459,122000000,1
1295347260000,1295347319000,0.7573519944864775,0.7574552533309095,0.7572946406258283,0.7573978838303125,147000000,1
1295347320000,1295347379000,0.7574093570351969,0.7579087780994679,0.7574093570351969,0.7578341101132962,222000000,1
1295347380000,1295347439000,0.757822624036618,0.7578398532822045,0.7575929755979302,0.7577020412492992,173000000,1
1295347440000,1295347499000,0.7577192650123129,0.7578685704325155,0.7576331540268202,0.7578111383081109,121000000,1
1295347500000,1295347559000,0.757822624036618,0.7578455965381613,0.7575987151125791,0.7576848182692963,114000000,1
1295347560000,1295347619000,0.7576848182692963,0.7576848182692963,0.7574724658758655,0.7574954171527262,65000000,1
1295347620000,1295347679000,0.7574954171527262,0.7580811450057614,0.7574954171527262,0.7579547349432292,172000000,1
1295347680000,1295347739000,0.757937500473711,0.7579604799405759,0.7576733367176075,0.7578341101132962,116000000,1
1295347740000,1295347799000,0.7578341101132962,0.7578685704325155,0.7576618555138842,0.7576790774499553,185000000,1
1295347800000,1295347859000,0.7576675960722512,0.7577135236709704,0.7573347874161253,0.7576503746581102,246000000,1
1295347860000,1295347919000,0.7576503746581102,0.7578858017673896,0.7575355852341163,0.7578858017673896,203000000,1
1295347920000,1295347979000,0.7578858017673896,0.7579030338858446,0.757621674040851,0.7577250064406627,143000000,1
1295347980000,1295348039000,0.7577135236709704,0.7577709409999545,0.7576388941502701,0.7576848182692963,81000000,1
1295348040000,1295348099000,0.7577135236709704,0.7578858017673896,0.7577135236709704,0.7578513398811689,119000000,1
1295348100000,1295348159000,0.7578628268283442,0.7579834608008853,0.757816881128844,0.7579834608008853,145000000,1
1295348160000,1295348219000,0.7579777154551657,0.7581098804460719,0.7579662250250129,0.7579949517536213,93000000,1
1295348220000,1295348279000,0.7580121888359965,0.7584261141279617,0.7579719701965422,0.7583398424169807,133000000,1
1295348280000,1295348339000,0.7583398424169807,0.7583398424169807,0.7579030338858446,0.7579030338858446,202000000,1
1295348340000,1295348399000,0.7579030338858446,0.7582995890016228,0.7578915457198074,0.7582650894752806,220000000,1
1295348400000,1295348459000,0.7582650894752806,0.7582650894752806,0.7579892062337032,0.7581271227559437,160000000,1
1295348460000,1295348519000,0.7581271227559437,0.7581558616820445,0.7580409190488102,0.7581328703668605,69000000,1
1295348520000,1295348579000,0.7581328703668605,0.7581558616820445,0.7579260112627805,0.7579949517536213,85000000,1
1295348580000,1295348639000,0.7579949517536213,0.7580466653527191,0.7578111383081109,0.7578628268283442,119000000,1
1295348640000,1295348699000,0.7578570833112291,0.7578570833112291,0.7576388941502701,0.7576733367176075,217000000,1
1295348700000,1295348759000,0.7576790774499553,0.7577537148875872,0.7575413238792176,0.7575413238792176,116000000,1
1295348760000,1295348819000,0.7575470626112648,0.7575470626112648,0.7573634663011125,0.7574609907589759,131000000,1
1295348820000,1295348879000,0.7574609907589759,0.7575987151125791,0.7573462587094819,0.7575757575757576,146000000,1
1295348880000,1295348939000,0.7575814968295215,0.7578800579020365,0.7574896792031209,0.7576848182692963,193000000,1
1295348940000,1295348999000,0.7576963001689663,0.7577881678955465,0.7575929755979302,0.7577824255099876,99000000,1
1295349000000,1295349059000,0.7577824255099876,0.7578628268283442,0.7575126315231308,0.7578628268283442,134000000,1
1295349060000,1295349119000,0.7578628268283442,0.757937500473711,0.757610194402776,0.7577020412492992,179000000,1
1295349120000,1295349179000,0.7576790774499553,0.7576848182692963,0.7574552533309095,0.7575585403362045,117000000,1
1295349180000,1295349239000,0.7575585403362045,0.757621674040851,0.7573864109730143,0.7573864109730143,83000000,1
1295349240000,1295349299000,0.7574208305876828,0.7574609907589759,0.7570939705036189,0.757134096019746,202000000,1
1295349300000,1295349359000,0.757134096019746,0.7573921473582163,0.7571168988491823,0.7571512939715613,160000000,1
1295349360000,1295349419000,0.7571455612341472,0.7573175811276459,0.757128363542755,0.7572659669529131,155000000,1
1295349420000,1295349479000,0.7572659669529131,0.7573405230193652,0.7571799589608462,0.7572831708960931,129000000,1
1295349480000,1295349539000,0.7572889057175313,0.7574954171527262,0.7572889057175313,0.7574839413404436,148000000,1
1295349540000,1295349599000,0.7574954171527262,0.7575126315231308,0.7574036203893054,0.7575011551892616,119000000,1
1295349600000,1295349659000,0.7575241082047436,0.7575929755979302,0.7574896792031209,0.7574954171527262,106000000,1
1295349660000,1295349719000,0.7574954171527262,0.7576274139903478,0.7572946406258283,0.7572946406258283,123000000,1
1295349720000,1295349779000,0.7572889057175313,0.7573519944864775,0.7570481179783787,0.7571168988491823,191000000,1
1295349780000,1295349839000,0.7571627597068267,0.7573061107030072,0.7571111666325966,0.7572430295779127,149000000,1
1295349840000,1295349899000,0.7572430295779127,0.7572602324788914,0.7570767751557685,0.7571054345028088,99000000,1
1295349900000,1295349959000,0.7571054345028088,0.7574667282739606,0.7571054345028088,0.7574667282739606,170000000,1
1295349960000,1295350019000,0.7574609907589759,0.7575929755979302,0.7574208305876828,0.7575814968295215,126000000,1
1295350020000,1295350079000,0.7575355852341163,0.7575987151125791,0.7571914255642969,0.7571914255642969,153000000,1
1295350080000,1295350139000,0.7571111666325966,0.7573806746747049,0.7570882386342128,0.7573118458718932,179000000,1
1295350140000,1295350199000,0.7573462587094819,0.7573921473582163,0.7572659669529131,0.7572659669529131,98000000,1
1295350200000,1295350259000,0.7572659669529131,0.7572946406258283,0.7569392404871661,0.7570481179783787,214000000,1
1295350260000,1295350319000,0.7570366557148697,0.7571856922191598,0.756904864627565,0.756904864627565,178000000,1
1295350320000,1295350379000,0.7569277815203652,0.7570825068515967,0.7569277815203652,0.7569449701006737,73000000,1
1295350380000,1295350439000,0.7569449701006737,0.7571455612341472,0.7568704918901328,0.7571455612341472,65000000,1
1295350440000,1295350499000,0.7571512939715613,0.7572028925150494,0.7570080015745766,0.7570653120244684,140000000,1
1295350500000,1295350559000,0.757019462970393,0.7570939705036189,0.7568762204629055,0.7570595805889924,136000000,1
1295350560000,1295350619000,0.7570595805889924,0.7571627597068267,0.7569793496033428,0.7571455612341472,117000000,1
1295350620000,1295350679000,0.7571455612341472,0.757248763791393,0.7569965405258098,0.7571684927046816,95000000,1
1295350680000,1295350739000,0.7571627597068267,0.7571627597068267,0.7569621594616486,0.757002271006813,100000000,1
1295350740000,1295350799000,0.7570309247132745,0.7573118458718932,0.7570309247132745,0.7572315614114796,108000000,1
1295350800000,1295350859000,0.7572315614114796,0.7573233164702674,0.757134096019746,0.7573233164702674,96000000,1
1295350860000,1295350919000,0.7573233164702674,0.7576675960722512,0.7573233164702674,0.7576675960722512,117000000,1
1295350920000,1295350979000,0.7576790774499553,0.7577766832114576,0.7575470626112648,0.7575814968295215,113000000,1
1295350980000,1295351039000,0.7575814968295215,0.7576446343606995,0.7571914255642969,0.7573175811276459,128000000,1
1295351040000,1295351099000,0.7573118458718932,0.7573462587094819,0.7572717015137861,0.7573405230193652,41000000,1
1295351100000,1295351159000,0.7573692023387562,0.7575241082047436,0.7573519944864775,0.7573921473582163,99000000,1
1295351160000,1295351219000,0.7573749384632863,0.7575470626112648,0.7573462587094819,0.7575355852341163,66000000,1
1295351220000,1295351279000,0.7575355852341163,0.7575929755979302,0.7574380415681997,0.7574380415681997,107000000,1
1295351280000,1295351339000,0.7574323044877864,0.7574782035646924,0.7573003756209863,0.7573806746747049,139000000,1
1295351340000,1295351399000,0.7573978838303125,0.7578398532822045,0.7573978838303125,0.7578283670314346,143000000,1
1295351400000,1295351459000,0.7578283670314346,0.7578283670314346,0.7576618555138842,0.7577939103681363,124000000,1
1295351460000,1295351519000,0.7577939103681363,0.7578513398811689,0.7576159341783276,0.7578111383081109,109000000,1
1295351520000,1295351579000,0.757822624036618,0.7579030338858446,0.7577766832114576,0.7578398532822045,61000000,1
1295351580000,1295351639000,0.7578455965381613,0.7579489900329708,0.7578111383081109,0.7579030338858446,76000000,1
1295351640000,1295351699000,0.757920266787934,0.757937500473711,0.7577364895583911,0.7578513398811689,147000000,1
1295351700000,1295351759000,0.7578570833112291,0.7579030338858446,0.7578570833112291,0.7578800579020365,41000000,1
1295351760000,1295351819000,0.7579030338858446,0.7579547349432292,0.7578685704325155,0.757920266787934,56000000,1
1295351820000,1295351879000,0.7579030338858446,0.7579719701965422,0.7578858017673896,0.7579719701965422,25000000,1
1295351880000,1295351939000,0.7579949517536213,0.7582478408892731,0.7579892062337032,0.7582478408892731,65000000,1
1295351940000,1295351999000,0.7582420915349852,0.7583053392278936,0.7581558616820445,0.7582305930879699,104000000,1
1295352000000,1295352059000,0.7582420915349852,0.7582995890016228,0.758075398179103,0.7581098804460719,114000000,1
1295352060000,1295352119000,0.7581271227559437,0.7582075972401243,0.7578972897592918,0.7581616097287297,119000000,1
1295352120000,1295352179000,0.7581443658501452,0.7581443658501452,0.7577881678955465,0.7578800579020365,99000000,1
1295352180000,1295352239000,0.7579087780994679,0.7580294267023446,0.7579087780994679,0.7579662250250129,55000000,1
1295352240000,1295352299000,0.7579662250250129,0.7579662250250129,0.7577537148875872,0.7579317558247055,86000000,1
1295352300000,1295352359000,0.7579432452097986,0.7579892062337032,0.7578685704325155,0.757920266787934,72000000,1
1295352360000,1295352419000,0.757937500473711,0.757937500473711,0.7577307479560212,0.7577422312477742,33000000,1
1295352420000,1295352479000,0.7577422312477742,0.7577422312477742,0.757610194402776,0.757610194402776,87000000,1
1295352480000,1295352539000,0.7576388941502701,0.7578283670314346,0.757610194402776,0.7577192650123129,108000000,1
1295352540000,1295352599000,0.7577537148875872,0.7580236806597838,0.7577192650123129,0.757937500473711,102000000,1
1295352600000,1295352659000,0.7579145224001638,0.7580696514395743,0.7578053955744164,0.7579432452097986,136000000,1
1295352660000,1295352719000,0.7579604799405759,0.7583513441777575,0.7579604799405759,0.7582938388625592,128000000,1
1295352720000,1295352779000,0.758288088810701,0.7584146100990489,0.7582018484961066,0.7583455932537576,106000000,1
1295352780000,1295352839000,0.7583398424169807,0.7583685974731159,0.7581846027870865,0.758288088810701,45000000,1
1295352840000,1295352899000,0.7583053392278936,0.7584663809776632,0.7582190949896882,0.7582420915349852,79000000,1
1295352900000,1295352959000,0.7582650894752806,0.7582650894752806,0.7580639047871736,0.7581041331837342,42000000,1
1295352960000,1295353019000,0.7581041331837342,0.7582823388460459,0.7580926389204761,0.758138618064927,82000000,1
1295353020000,1295353079000,0.758138618064927,0.758138618064927,0.7579145224001638,0.7579489900329708,55000000,1
1295353080000,1295353139000,0.7579547349432292,0.7579834608008853,0.7576675960722512,0.7577939103681363,152000000,1
1295353140000,1295353199000,0.7578053955744164,0.7578513398811689,0.7576159341783276,0.7576561150425045,80000000,1
1295353200000,1295353259000,0.7576503746581102,0.7577479730241721,0.7575528014302596,0.7576905591756327,134000000,1
1295353260000,1295353319000,0.7576963001689663,0.7577192650123129,0.7573749384632863,0.7574380415681997,83000000,1
1295353320000,1295353379000,0.7574265674942814,0.7574265674942814,0.7570251937984497,0.7573921473582163,177000000,1
1295353380000,1295353439000,0.7574150937679887,0.7575470626112648,0.7572889057175313,0.7574609907589759,116000000,1
1295353440000,1295353499000,0.7574495159897593,0.7575585403362045,0.7573978838303125,0.7575355852341163,87000000,1
1295353500000,1295353559000,0.7575355852341163,0.7575355852341163,0.7573118458718932,0.7573118458718932,61000000,1
1295353560000,1295353619000,0.7573175811276459,0.7574954171527262,0.7572774361615122,0.7573061107030072,84000000,1
1295353620000,1295353679000,0.7573175811276459,0.7573462587094819,0.7572602324788914,0.7572889057175313,42000000,1
1295353680000,1295353739000,0.7573061107030072,0.7573692023387562,0.757225827458523,0.7572717015137861,120000000,1
1295353740000,1295353799000,0.7572831708960931,0.7572831708960931,0.7571398285835429,0.7571971589962595,99000000,1
1295353800000,1295353859000,0.7571742257893541,0.7573175811276459,0.7571512939715613,0.7572717015137861,101000000,1
1295353860000,1295353919000,0.7572659669529131,0.7573864109730143,0.7571914255642969,0.7573519944864775,98000000,1
1295353920000,1295353979000,0.7573175811276459,0.7574150937679887,0.7572717015137861,0.7573577303503536,68000000,1
1295353980000,1295354039000,0.7573692023387562,0.7575298466759591,0.7572946406258283,0.7575298466759591,85000000,1
1295354040000,1295354099000,0.7575528014302596,0.7578513398811689,0.7575528014302596,0.757610194402776,140000000,1
1295354100000,1295354159000,0.757610194402776,0.757610194402776,0.7573519944864775,0.7573692023387562,86000000,1
1295354160000,1295354219000,0.7573692023387562,0.7579087780994679,0.7572028925150494,0.7578972897592918,89000000,1
1295354220000,1295354279000,0.7579260112627805,0.7585469275056701,0.757920266787934,0.7581443658501452,198000000,1
1295354280000,1295354339000,0.7581501137225171,0.7585066521033389,0.7580409190488102,0.7580639047871736,209000000,1
1295354340000,1295354399000,0.758052411743748,0.7583340916674249,0.7580064430547659,0.7583340916674249,184000000,1
1295354400000,1295354459000,0.7583570951889825,0.758529666095241,0.7581673578625746,0.7581903512695898,138000000,1
1295354460000,1295354519000,0.7581960998392624,0.7581960998392624,0.7580006973606415,0.758173106083581,146000000,1
1295354520000,1295354579000,0.7581501137225171,0.7581501137225171,0.7577881678955465,0.7578743141237457,119000000,1
1295354580000,1295354639000,0.7578743141237457,0.7578743141237457,0.7574495159897593,0.7575987151125791,128000000,1
1295354640000,1295354699000,0.757610194402776,0.7582478408892731,0.7574667282739606,0.7580179347043352,121000000,1
1295354700000,1295354759000,0.7579949517536213,0.7580696514395743,0.7577364895583911,0.7578513398811689,140000000,1
1295354760000,1295354819000,0.7578570833112291,0.7578570833112291,0.7574036203893054,0.7574437787355234,171000000,1
1295354820000,1295354879000,0.7574495159897593,0.7575642793291011,0.7573864109730143,0.7574093570351969,163000000,1
1295354880000,1295354939000,0.7574208305876828,0.7574667282739606,0.7572143598131195,0.7572889057175313,153000000,1
1295354940000,1295354999000,0.7572889057175313,0.7575355852341163,0.7572831708960931,0.7575355852341163,82000000,1
1295355000000,1295355059000,0.7575700184089516,0.757621674040851,0.7574495159897593,0.7574609907589759,145000000,1
1295355060000,1295355119000,0.7574437787355234,0.7576618555138842,0.7574265674942814,0.757587236170245,78000000,1
1295355120000,1295355179000,0.7575929755979302,0.7578053955744164,0.7575528014302596,0.7576675960722512,68000000,1
1295355180000,1295355239000,0.7576790774499553,0.7577479730241721,0.7574380415681997,0.7574609907589759,74000000,1
1295355240000,1295355299000,0.7574380415681997,0.7574724658758655,0.7573577303503536,0.7574093570351969,71000000,1
1295355300000,1295355359000,0.7573921473582163,0.7574265674942814,0.7572602324788914,0.7573921473582163,75000000,1
1295355360000,1295355419000,0.7573921473582163,0.7574495159897593,0.7571684927046816,0.7573978838303125,97000000,1
1295355420000,1295355479000,0.7573864109730143,0.7575987151125791,0.7573577303503536,0.7575585403362045,94000000,1
1295355480000,1295355539000,0.7575585403362045,0.7576905591756327,0.7574265674942814,0.7574265674942814,129000000,1
1295355540000,1295355599000,0.7574323044877864,0.7574724658758655,0.7572143598131195,0.7572200935924036,106000000,1
1295355600000,1295355659000,0.7572028925150494,0.7575068933127291,0.7571455612341472,0.7573347874161253,167000000,1
1295355660000,1295355719000,0.7573405230193652,0.7575470626112648,0.7573347874161253,0.7574437787355234,132000000,1
1295355720000,1295355779000,0.7574495159897593,0.7578570833112291,0.7574495159897593,0.7578398532822045,163000000,1
1295355780000,1295355839000,0.7578513398811689,0.7581501137225171,0.7578455965381613,0.7580351728320195,173000000,1
1295355840000,1295355899000,0.7580466653527191,0.7580983860085362,0.7577020412492992,0.7578283670314346,212000000,1
1295355900000,1295355959000,0.7578283670314346,0.7578283670314346,0.7575011551892616,0.7576503746581102,165000000,1
1295355960000,1295356019000,0.7576618555138842,0.7577135236709704,0.7573806746747049,0.7574495159897593,164000000,1
1295356020000,1295356079000,0.7574265674942814,0.7576331540268202,0.7573519944864775,0.7576274139903478,134000000,1
1295356080000,1295356139000,0.7576274139903478,0.7577594568380214,0.7574495159897593,0.757587236170245,120000000,1
1295356140000,1295356199000,0.7575700184089516,0.7577824255099876,0.7575642793291011,0.7577307479560212,137000000,1
1295356200000,1295356259000,0.7577364895583911,0.7579892062337032,0.7577135236709704,0.7578053955744164,167000000,1
1295356260000,1295356319000,0.7577824255099876,0.7578685704325155,0.7575642793291011,0.7578455965381613,136000000,1
1295356320000,1295356379000,0.7578570833112291,0.7582018484961066,0.7577192650123129,0.758173106083581,169000000,1
1295356380000,1295356439000,0.7581788543917509,0.7581788543917509,0.7578570833112291,0.7580179347043352,152000000,1
1295356440000,1295356499000,0.758052411743748,0.7582823388460459,0.7579604799405759,0.758173106083581,177000000,1
1295356500000,1295356559000,0.7581443658501452,0.7583340916674249,0.7580064430547659,0.7583053392278936,168000000,1
1295356560000,1295356619000,0.7583283410050884,0.7583858515535534,0.7580351728320195,0.7580351728320195,149000000,1
1295356620000,1295356679000,0.7580581582218987,0.7580581582218987,0.757799652927759,0.7579030338858446,95000000,1
1295356680000,1295356739000,0.7579030338858446,0.7579662250250129,0.7576274139903478,0.7579432452097986,135000000,1
1295356740000,1295356799000,0.7579432452097986,0.7579432452097986,0.7577824255099876,0.7578283670314346,102000000,1
1295356800000,1295356859000,0.7578283670314346,0.7578685704325155,0.7577250064406627,0.7578455965381613,136000000,1
1295356860000,1295356919000,0.7578628268283442,0.7578743141237457,0.7575929755979302,0.7575929755979302,170000000,1
1295356920000,1295356979000,0.7575929755979302,0.7578800579020365,0.7575585403362045,0.7577709409999545,164000000,1
1295356980000,1295357039000,0.7577479730241721,0.7577651988754766,0.7572831708960931,0.7573061107030072,160000000,1
1295357040000,1295357099000,0.7573061107030072,0.7573405230193652,0.7571799589608462,0.7572143598131195,112000000,1
1295357100000,1295357159000,0.7572143598131195,0.7573003756209863,0.7570309247132745,0.7572200935924036,157000000,1
1295357160000,1295357219000,0.7572028925150494,0.7573233164702674,0.7571226311525678,0.7572774361615122,128000000,1
1295357220000,1295357279000,0.7572774361615122,0.7575757575757576,0.7571914255642969,0.7575757575757576,121000000,1
1295357280000,1295357339000,0.7575814968295215,0.7575814968295215,0.7572659669529131,0.7573462587094819,108000000,1
1295357340000,1295357399000,0.7573405230193652,0.7573405230193652,0.7570137322291026,0.7571512939715613,175000000,1
1295357400000,1295357459000,0.757099702459817,0.757099702459817,0.7566986750206199,0.7568991356211872,144000000,1
1295357460000,1295357519000,0.7568991356211872,0.7569678894221308,0.7567101270516303,0.7567387586457403,137000000,1
1295357520000,1295357579000,0.7567273057481007,0.7569850798240767,0.7566070712496878,0.7569678894221308,112000000,1
1295357580000,1295357639000,0.7569965405258098,0.7571226311525678,0.7569564295879129,0.7569678894221308,73000000,1
1295357640000,1295357699000,0.7570080015745766,0.7572717015137861,0.7570080015745766,0.7572430295779127,121000000,1
1295357700000,1295357759000,0.7572143598131195,0.7573692023387562,0.7572143598131195,0.7573175811276459,35000000,1
1295357760000,1295357819000,0.75732905189976,0.7575585403362045,0.7572200935924036,0.75732905189976,184000000,1
1295357820000,1295357879000,0.75732905189976,0.7576159341783276,0.75732905189976,0.7574093570351969,178000000,1
1295357880000,1295357939000,0.7574667282739606,0.7577422312477742,0.7574323044877864,0.7576561150425045,135000000,1
1295357940000,1295357999000,0.7576274139903478,0.7576388941502701,0.7572659669529131,0.7572946406258283,141000000,1
1295358000000,1295358059000,0.7572946406258283,0.7574552533309095,0.7572143598131195,0.7572774361615122,151000000,1
1295358060000,1295358119000,0.7573003756209863,0.7574437787355234,0.7571971589962595,0.7573519944864775,140000000,1
1295358120000,1295358179000,0.7573864109730143,0.7574954171527262,0.7572602324788914,0.7572602324788914,149000000,1
1295358180000,1295358239000,0.7572602324788914,0.7573061107030072,0.7571856922191598,0.757248763791393,63000000,1
1295358240000,1295358299000,0.757248763791393,0.7572659669529131,0.7571455612341472,0.7572200935924036,67000000,1
1295358300000,1295358359000,0.7572028925150494,0.7572143598131195,0.7570251937984497,0.7570366557148697,98000000,1
1295358360000,1295358419000,0.7570481179783787,0.7571570267957872,0.7570137322291026,0.7570481179783787,122000000,1
1295358420000,1295358479000,0.7570481179783787,0.7572831708960931,0.7570251937984497,0.7572831708960931,112000000,1
1295358480000,1295358539000,0.7572831708960931,0.7573118458718932,0.7570882386342128,0.7571398285835429,135000000,1
1295358540000,1295358599000,0.7571398285835429,0.7571398285835429,0.7566356950455495,0.7566585956416464,163000000,1
1295358600000,1295358659000,0.7566585956416464,0.7567845737032496,0.7564983205737283,0.7565784496194411,143000000,1
1295358660000,1295358719000,0.7565784496194411,0.7565784496194411,0.7561379498075629,0.7562523160227178,144000000,1
1295358720000,1295358779000,0.7562580352416244,0.7565269361415613,0.7562523160227178,0.7564983205737283,136000000,1
1295358780000,1295358839000,0.7564639847496861,0.7565498301545631,0.7560293339381569,0.7561093636583596,165000000,1
1295358840000,1295358899000,0.7561207978586659,0.7563495545101123,0.7561150807152849,0.7562580352416244,96000000,1
1295358900000,1295358959000,0.7562351588850068,0.7563037921072137,0.7561493848724754,0.7562923523717328,230000000,1
1295358960000,1295359019000,0.7563209523593433,0.7565956223377291,0.7562866326337683,0.7564868749527195,168000000,1
1295359020000,1295359079000,0.756509766541086,0.7565154896546507,0.7560636303151272,0.7562180025257681,150000000,1
1295359080000,1295359139000,0.7561951285909816,0.7564811522720912,0.7560807796704999,0.7564525401676299,118000000,1
1295359140000,1295359199000,0.7564525401676299,0.7567903009755027,0.7562809129823181,0.7564239302274567,150000000,1
1295359200000,1295359259000,0.75644681800646,0.7565040435141125,0.7553954117282692,0.7553954117282692,253000000,1
1295359260000,1295359319000,0.755366881694439,0.7560121869164531,0.7552413751434959,0.7556123104357616,257000000,1
1295359320000,1295359379000,0.7556123104357616,0.7556123104357616,0.754386759003606,0.7547112851978476,256000000,1
1295359380000,1295359439000,0.7547169811320755,0.7550702970446549,0.7544664413326896,0.754517674576527,222000000,1
1295359440000,1295359499000,0.7545119816502686,0.7551159102922298,0.7545005960554709,0.7549505884839838,179000000,1
1295359500000,1295359559000,0.7549619876639211,0.7550988046785921,0.7544607491795239,0.7544607491795239,238000000,1
1295359560000,1295359619000,0.7544436732353562,0.7544436732353562,0.7539147020906054,0.7540852568791429,217000000,1
1295359620000,1295359679000,0.7540795704762767,0.754517674576527,0.7539544913069047,0.7545119816502686,207000000,1
1295359680000,1295359739000,0.7544835183075426,0.754540447140669,0.7541591879213865,0.7542217562807816,202000000,1
1295359740000,1295359799000,0.7542388221806553,0.7543241632659219,0.7540966299421608,0.7542046911531789,216000000,1
1295359800000,1295359859000,0.7542046911531789,0.7542046911531789,0.7536703747249103,0.753715818987609,207000000,1
1295359860000,1295359919000,0.7537442244348802,0.7540170257044404,0.7533807963235017,0.7534375588623092,175000000,1
1295359920000,1295359979000,0.7534035003126625,0.7541023166023166,0.7533013431362948,0.7541023166023166,195000000,1
1295359980000,1295360039000,0.7540966299421608,0.754557527465894,0.7540852568791429,0.7542900245144258,203000000,1
1295360040000,1295360099000,0.754278645617264,0.7551102083349064,0.754278645617264,0.7549391896482738,199000000,1
1295360100000,1295360159000,0.7548992964338557,0.7549220920401014,0.7544493651308593,0.7546030787805614,240000000,1
1295360160000,1295360219000,0.7545973845654651,0.7546543305838761,0.754261577915221,0.7543070935039073,155000000,1
1295360220000,1295360279000,0.7543070935039073,0.7544493651308593,0.7541819388509284,0.7542046911531789,144000000,1
1295360280000,1295360339000,0.754233133461553,0.7543810680527161,0.7541933148304574,0.75435830510776,140000000,1
1295360340000,1295360399000,0.75435830510776,0.7544095236658268,0.7539885996923728,0.7540625117822268,185000000,1
1295360400000,1295360459000,0.7540227111640603,0.75402839670942,0.7535454312540504,0.7535454312540504,182000000,1
1295360460000,1295360519000,0.7536249359418804,0.7538180886188545,0.7535624665606656,0.7537896776041549,207000000,1
1295360520000,1295360579000,0.7537612687309675,0.753812406244582,0.7533353924500726,0.753392148147032,173000000,1
1295360580000,1295360639000,0.753392148147032,0.7540511397482977,0.7533524182612626,0.7540511397482977,208000000,1
1295360640000,1295360699000,0.7540909433677702,0.7541705632145765,0.7538635506973238,0.7541364383644289,171000000,1
1295360700000,1295360759000,0.7541421256249954,0.7543070935039073,0.7540568257223864,0.7541535004034722,114000000,1
1295360760000,1295360819000,0.7541421256249954,0.7545973845654651,0.7541307511896412,0.7544322897019993,216000000,1
1295360820000,1295360879000,0.7544322897019993,0.7547283732584642,0.7544038323714685,0.7545461404964914,196000000,1
1295360880000,1295360939000,0.7545916904363049,0.7545916904363049,0.754341233800522,0.7543526145861622,121000000,1
1295360940000,1295360999000,0.7543241632659219,0.7543639957152125,0.7540056550424129,0.7541080033482395,159000000,1
1295361000000,1295361059000,0.7541080033482395,0.7543241632659219,0.7540852568791429,0.754261577915221,206000000,1
1295361060000,1295361119000,0.754261577915221,0.7544265980641414,0.7541762509898563,0.7544265980641414,152000000,1
1295361120000,1295361179000,0.7544436732353562,0.7544607491795239,0.7541876267977947,0.7542103794432419,202000000,1
1295361180000,1295361239000,0.7541933148304574,0.7543981411629801,0.7540227111640603,0.7543241632659219,205000000,1
1295361240000,1295361299000,0.75431847325941,0.7543639957152125,0.7540056550424129,0.7540340823405217,122000000,1
1295361300000,1295361359000,0.7540113403305585,0.7540511397482977,0.7530574130971746,0.7530914403626888,255000000,1
1295361360000,1295361419000,0.7530914403626888,0.7533126925655571,0.7526889813860015,0.7532616228268402,251000000,1
1295361420000,1295361479000,0.7532502749363503,0.7532956685499059,0.7525813540443722,0.7527456397208819,226000000,1
1295361480000,1295361539000,0.7527399735035529,0.7531084551486259,0.7525020693806909,0.7530460713586458,281000000,1
1295361540000,1295361599000,0.7530404006174931,0.7531084551486259,0.7523265699174698,0.752637996176599,313000000,1
1295361600000,1295361659000,0.7526323315797,0.7526776507425166,0.7524624333130169,0.7525813540443722,185000000,1
1295361660000,1295361719000,0.7525643630671514,0.7526266670680675,0.7524341243924094,0.7524850819832497,178000000,1
1295361720000,1295361779000,0.7524567713584854,0.7525417096242559,0.752252997728196,0.7523039307880384,178000000,1
1295361780000,1295361839000,0.7522812930210864,0.7523775129408932,0.7520889269947278,0.7522077296866302,176000000,1
1295361840000,1295361899000,0.7522360215741292,0.7526210026416997,0.7522020715645051,0.7525700266409789,203000000,1
1295361900000,1295361959000,0.7525417096242559,0.7525643630671514,0.7523265699174698,0.7525643630671514,132000000,1
1295361960000,1295362019000,0.7525473728571214,0.7525586995785671,0.7522982712185727,0.7522982712185727,131000000,1
1295362020000,1295362079000,0.7523209100073727,0.7524567713584854,0.7521228667915191,0.7524454477050414,182000000,1
1295362080000,1295362139000,0.7524624333130169,0.7524624333130169,0.7521850977088441,0.7522020715645051,102000000,1
1295362140000,1295362199000,0.7522416802070169,0.7523039307880384,0.7520945834148103,0.7522756337922215,120000000,1
1295362200000,1295362259000,0.7522926117342602,0.7525700266409789,0.7522133878938777,0.7524850819832497,129000000,1
1295362260000,1295362319000,0.7524964068296573,0.7526436608587663,0.752394495481871,0.752468095352757,136000000,1
1295362320000,1295362379000,0.752468095352757,0.7525190575451324,0.7523322299127295,0.752360531166535,124000000,1
1295362380000,1295362439000,0.7523718522642632,0.7523718522642632,0.7521964135275003,0.7523039307880384,158000000,1
1295362440000,1295362499000,0.7523209100073727,0.7523888345496953,0.7519531984329295,0.7519927808693037,152000000,1
1295362500000,1295362559000,0.7519927808693037,0.7523775129408932,0.7519418899307462,0.752309590442659,179000000,1
1295362560000,1295362619000,0.752309590442659,0.7523775129408932,0.7519984358432534,0.7521285237221336,98000000,1
1295362620000,1295362679000,0.7520154012754181,0.752179439927189,0.7519418899307462,0.7520776144098071,135000000,1
1295362680000,1295362739000,0.7521058965102287,0.7522926117342602,0.7521058965102287,0.7521964135275003,136000000,1
1295362740000,1295362799000,0.7521964135275003,0.7522303630263731,0.7519418899307462,0.7520606461705072,156000000,1
1295362800000,1295362859000,0.7520549902608878,0.7521454950245575,0.75184012871503,0.75184012871503,199000000,1
1295362860000,1295362919000,0.75184012871503,0.7518683929564969,0.7513317355011758,0.7513656069907055,271000000,1
1295362920000,1295362979000,0.7513656069907055,0.7515180664943185,0.7507394783862105,0.7507394783862105,233000000,1
1295362980000,1295363039000,0.7507451145261673,0.7511003620303744,0.7507451145261673,0.7508353042760071,207000000,1
1295363040000,1295363099000,0.7508240293722359,0.7513994815343576,0.7506605813115541,0.7513599615303699,238000000,1
1295363100000,1295363159000,0.7513599615303699,0.7514559458951718,0.7510552326018055,0.7514333591325454,194000000,1
1295363160000,1295363219000,0.7514672397856815,0.7515237143308057,0.751196280076021,0.7512075661626063,137000000,1
1295363220000,1295363279000,0.7512075661626063,0.7519192739467491,0.7512075661626063,0.7519079664649048,164000000,1
1295363280000,1295363339000,0.7519079664649048,0.752066302165199,0.7518627399381969,0.7519871259804033,205000000,1
1295363340000,1295363399000,0.7520267119888099,0.752038023042445,0.7516931889080153,0.7516931889080153,202000000,1
1295363400000,1295363459000,0.7516818882249032,0.7517836066066743,0.7516027929559786,0.7516027929559786,223000000,1
1295363460000,1295363519000,0.7516140912609829,0.7516140912609829,0.75125835774923,0.751275289804443,201000000,1
1295363520000,1295363579000,0.7512809339924572,0.7513599615303699,0.7511116452349477,0.7511116452349477,166000000,1
1295363580000,1295363639000,0.7510777966381758,0.7511849943285533,0.7509931884917804,0.7511060035902867,161000000,1
1295363640000,1295363699000,0.7511285706774429,0.7513994815343576,0.7510777966381758,0.7513204456832885,190000000,1
1295363700000,1295363759000,0.7513373805373565,0.7514785340156758,0.7512132093330729,0.7514107737276737,176000000,1
1295363760000,1295363819000,0.7514107737276737,0.7515971439308531,0.7513543161548691,0.7515011234941796,147000000,1
1295363820000,1295363879000,0.7515011234941796,0.7517270929961586,0.7515011234941796,0.751698839376992,100000000,1
1295363880000,1295363939000,0.751698839376992,0.751698839376992,0.7512414264572206,0.7512865782652792,165000000,1
1295363940000,1295363999000,0.7512978670653554,0.7515293622521833,0.7512809339924572,0.7515011234941796,100000000,1
1295364000000,1295364059000,0.7515180664943185,0.7516479882141595,0.7514107737276737,0.7516479882141595,108000000,1
1295364060000,1295364119000,0.7516649378373097,0.751794910348457,0.7514164199516088,0.7515350102584528,180000000,1
1295364120000,1295364179000,0.7515801973649598,0.7516253899056711,0.7510777966381758,0.7511454968827462,227000000,1
1295364180000,1295364239000,0.7511454968827462,0.7512922226229114,0.7510552326018055,0.7512809339924572,168000000,1
1295364240000,1295364299000,0.7512922226229114,0.7514277126540427,0.7511793515819837,0.7514220662603978,194000000,1
1295364300000,1295364359000,0.7514390056959076,0.7514559458951718,0.7512470701364264,0.7513881896804346,152000000,1
1295364360000,1295364419000,0.7514107737276737,0.7515632515632515,0.7513317355011758,0.7513994815343576,109000000,1
1295364420000,1295364479000,0.7513994815343576,0.7516818882249032,0.7512978670653554,0.7516705878815667,127000000,1
1295364480000,1295364539000,0.751698839376992,0.751698839376992,0.7514559458951718,0.7515350102584528,158000000,1
1295364540000,1295364599000,0.7515180664943185,0.7515971439308531,0.7514277126540427,0.7514333591325454,113000000,1
1295364600000,1295364659000,0.7514333591325454,0.7515293622521833,0.7512978670653554,0.7512978670653554,178000000,1
1295364660000,1295364719000,0.7512922226229114,0.751371252535878,0.7511229287785239,0.7512696457012351,204000000,1
1295364720000,1295364779000,0.7512640016828313,0.7513373805373565,0.7509988284418276,0.7512640016828313,188000000,1
1295364780000,1295364839000,0.7512865782652792,0.7513430256583643,0.7510270294627904,0.7513260905498204,241000000,1
1295364840000,1295364899000,0.7513317355011758,0.7513599615303699,0.7512075661626063,0.7512696457012351,172000000,1
1295364900000,1295364959000,0.7512414264572206,0.7515971439308531,0.7512414264572206,0.7514277126540427,162000000,1
1295364960000,1295365019000,0.7513881896804346,0.7515519547866344,0.7513543161548691,0.7513656069907055,114000000,1
1295365020000,1295365079000,0.7514220662603978,0.7516592878779906,0.7514220662603978,0.7515463065256767,199000000,1
1295365080000,1295365139000,0.7515463065256767,0.7516875385239863,0.7514898285851701,0.751653638003608,168000000,1
1295365140000,1295365199000,0.7516479882141595,0.751653638003608,0.7514333591325454,0.7514333591325454,118000000,1
1295365200000,1295365259000,0.7514277126540427,0.7515350102584528,0.7514051275885907,0.7514898285851701,103000000,1
1295365260000,1295365319000,0.7514898285851701,0.7517836066066743,0.7514898285851701,0.7517496974207468,138000000,1
1295365320000,1295365379000,0.7517270929961586,0.7518457813933206,0.7517157912936278,0.7518457813933206,108000000,1
1295365380000,1295365439000,0.7518627399381969,0.752117209945998,0.75184012871503,0.7520606461705072,159000000,1
1295365440000,1295365499000,0.7520606461705072,0.7522020715645051,0.7519475441393209,0.7520889269947278,128000000,1
1295365500000,1295365559000,0.7521002399199765,0.752366191672811,0.7521002399199765,0.7521737822306466,144000000,1
1295365560000,1295365619000,0.7521568096516762,0.7521568096516762,0.751732743974862,0.751732743974862,147000000,1
1295365620000,1295365679000,0.7517214421024145,0.7518570870049022,0.7516366888900581,0.7517044899309183,158000000,1
1295365680000,1295365739000,0.7516875385239863,0.7520097460463088,0.7516875385239863,0.7519927808693037,118000000,1
1295365740000,1295365799000,0.7519927808693037,0.7526040098741646,0.7519701618239789,0.7525247204370664,255000000,1
1295365800000,1295365859000,0.7525473728571214,0.7528476462218341,0.7524964068296573,0.7528079737420579,285000000,1
1295365860000,1295365919000,0.7528193083096195,0.7530744263455558,0.7527399735035529,0.752881654532724,198000000,1
1295365920000,1295365979000,0.7528929913191439,0.7530347299617458,0.7528249757213945,0.7529950377627012,127000000,1
1295365980000,1295366039000,0.753012048192771,0.7531651766548921,0.7529836979029404,0.753097111872576,118000000,1
1295366040000,1295366099000,0.7530800975991807,0.7530800975991807,0.752722975363377,0.7527909725306574,119000000,1
1295366100000,1295366159000,0.7527909725306574,0.7532786453036843,0.7527286413248024,0.7530744263455558,176000000,1
1295366160000,1295366219000,0.7531084551486259,0.7531197987663898,0.7526889813860015,0.752722975363377,200000000,1
1295366220000,1295366279000,0.7527059779908771,0.7527343073715271,0.7523888345496953,0.7526153383005946,192000000,1
1295366280000,1295366339000,0.7526266670680675,0.7527343073715271,0.7525756903000519,0.7527116436964163,147000000,1
1295366340000,1295366399000,0.7527456397208819,0.7528193083096195,0.7524454477050414,0.7526266670680675,218000000,1
1295366400000,1295366459000,0.7526436608587663,0.7528873228832573,0.7525473728571214,0.7528249757213945,219000000,1
1295366460000,1295366519000,0.7528023065862673,0.7529666887536896,0.7527059779908771,0.7529440110833359,175000000,1
1295366520000,1295366579000,0.7529270037269887,0.7529270037269887,0.7527003123706297,0.7527626388847068,138000000,1
1295366580000,1295366639000,0.7527626388847068,0.7529440110833359,0.7527116436964163,0.7528419784687194,152000000,1
1295366640000,1295366699000,0.7528533140602885,0.7533353924500726,0.7528533140602885,0.7533070178081779,128000000,1
1295366700000,1295366759000,0.7533070178081779,0.7533467429053571,0.7532105600120513,0.7532275801810759,122000000,1
1295366760000,1295366819000,0.7532275801810759,0.7533126925655571,0.7531765219814568,0.7532105600120513,184000000,1
1295366820000,1295366879000,0.7532105600120513,0.7532502749363503,0.7529496803728607,0.7529496803728607,124000000,1
1295366880000,1295366939000,0.7529496803728607,0.7530177185069165,0.7528703180877094,0.7529440110833359,125000000,1
1295366940000,1295366999000,0.7529440110833359,0.7530687551773476,0.7528363108009425,0.7528363108009425,119000000,1
1295367000000,1295367059000,0.7528363108009425,0.7529326727604017,0.7527626388847068,0.7527626388847068,90000000,1
1295367060000,1295367119000,0.7527683054432677,0.7529043284469843,0.7527286413248024,0.7528079737420579,98000000,1
1295367120000,1295367179000,0.7528079737420579,0.7528079737420579,0.7524397860061248,0.7524397860061248,103000000,1
1295367180000,1295367239000,0.7524567713584854,0.7524624333130169,0.7522812930210864,0.7524624333130169,84000000,1
1295367240000,1295367299000,0.7524907443638442,0.7528136409831747,0.752468095352757,0.7527343073715271,158000000,1
1295367300000,1295367359000,0.7527343073715271,0.7528023065862673,0.752598345788836,0.752598345788836,125000000,1
1295367360000,1295367419000,0.7525870178739417,0.7526323315797,0.7524794196878716,0.7524794196878716,61000000,1
1295367420000,1295367479000,0.752451109489161,0.7525530361752244,0.7523209100073727,0.7525530361752244,106000000,1
1295367480000,1295367539000,0.7525643630671514,0.7526663204401592,0.7525133947384263,0.7525700266409789,106000000,1
1295367540000,1295367599000,0.7525756903000519,0.7526493256262042,0.7524624333130169,0.752473757477708,107000000,1
1295367600000,1295367659000,0.7524850819832497,0.7526096740447501,0.7524567713584854,0.7525360464766262,113000000,1
1295367660000,1295367719000,0.7525417096242559,0.752756972411457,0.7524907443638442,0.7527513060235159,132000000,1
1295367720000,1295367779000,0.7527513060235159,0.7528533140602885,0.7527059779908771,0.7527343073715271,102000000,1
1295367780000,1295367839000,0.7527343073715271,0.7527626388847068,0.7526549904789144,0.7527116436964163,89000000,1
1295367840000,1295367899000,0.752722975363377,0.7528589819840845,0.7525870178739417,0.7526549904789144,136000000,1
1295367900000,1295367959000,0.7526549904789144,0.7529666887536896,0.7525756903000519,0.7528023065862673,140000000,1
1295367960000,1295368019000,0.7527739720871411,0.7527739720871411,0.7526040098741646,0.7526493256262042,102000000,1
1295368020000,1295368079000,0.7526663204401592,0.7527059779908771,0.7525417096242559,0.7526266670680675,99000000,1
1295368080000,1295368139000,0.7526436608587663,0.7527059779908771,0.7526153383005946,0.752683316021617,53000000,1
1295368140000,1295368199000,0.752717309487249,0.7528476462218341,0.752717309487249,0.7528476462218341,50000000,1
1295368200000,1295368259000,0.7528476462218341,0.7530574130971746,0.7528079737420579,0.7528079737420579,88000000,1
1295368260000,1295368319000,0.7528079737420579,0.7529156659162607,0.752722975363377,0.7527683054432677,70000000,1
1295368320000,1295368379000,0.7527853056308341,0.7528419784687194,0.7526323315797,0.7526946468356718,111000000,1
1295368380000,1295368439000,0.7526776507425166,0.7526776507425166,0.7523548707454333,0.752366191672811,120000000,1
1295368440000,1295368499000,0.7523831737027034,0.7523831737027034,0.7521228667915191,0.7522926117342602,140000000,1
1295368500000,1295368559000,0.7522926117342602,0.7527003123706297,0.7522756337922215,0.752598345788836,148000000,1
1295368560000,1295368619000,0.752598345788836,0.7527003123706297,0.7525530361752244,0.7526210026416997,188000000,1
1295368620000,1295368679000,0.7526210026416997,0.7528759862675419,0.752598345788836,0.7528759862675419,134000000,1
1295368680000,1295368739000,0.7528759862675419,0.7528986598403855,0.7527739720871411,0.7528759862675419,84000000,1
1295368740000,1295368799000,0.752909997138942,0.7529950377627012,0.7526889813860015,0.7526889813860015,78000000,1
1295368800000,1295368859000,0.7527003123706297,0.7530233889064595,0.7527003123706297,0.7528759862675419,146000000,1
1295368860000,1295368919000,0.7528589819840845,0.7529610192080356,0.7528136409831747,0.7529156659162607,152000000,1
1295368920000,1295368979000,0.7529496803728607,0.7530800975991807,0.7528533140602885,0.7529666887536896,117000000,1
1295368980000,1295369039000,0.7529666887536896,0.7529666887536896,0.7528079737420579,0.7528646499932242,82000000,1
1295369040000,1295369099000,0.7528646499932242,0.7529043284469843,0.7528023065862673,0.7529043284469843,122000000,1
1295369100000,1295369159000,0.7529043284469843,0.7529213347789423,0.7528193083096195,0.7529156659162607,125000000,1
1295369160000,1295369219000,0.7528986598403855,0.7530630840945547,0.7527909725306574,0.7528363108009425,114000000,1
1295369220000,1295369279000,0.7528306432185016,0.7529610192080356,0.752683316021617,0.752717309487249,167000000,1
1295369280000,1295369339000,0.7527626388847068,0.7528929913191439,0.7527626388847068,0.7528419784687194,146000000,1
1295369340000,1295369399000,0.7528419784687194,0.7528703180877094,0.7527399735035529,0.7528703180877094,119000000,1
1295369400000,1295369459000,0.7528703180877094,0.7529553497477599,0.7528193083096195,0.7528646499932242,105000000,1
1295369460000,1295369519000,0.7528873228832573,0.7530290593914019,0.7528589819840845,0.7528646499932242,94000000,1
1295369520000,1295369579000,0.7528646499932242,0.7528873228832573,0.752717309487249,0.7528873228832573,91000000,1
1295369580000,1295369639000,0.752909997138942,0.7530687551773476,0.7528759862675419,0.7529610192080356,118000000,1
1295369640000,1295369699000,0.7529496803728607,0.7529666887536896,0.7527853056308341,0.7528759862675419,110000000,1
1295369700000,1295369759000,0.7528929913191439,0.7530347299617458,0.7528759862675419,0.7529836979029404,114000000,1
1295369760000,1295369819000,0.7530177185069165,0.7530517421852055,0.7529836979029404,0.7530177185069165,77000000,1
1295369820000,1295369879000,0.753012048192771,0.7530290593914019,0.7529326727604017,0.7530063779640214,43000000,1
1295369880000,1295369939000,0.7530063779640214,0.7533297173506901,0.7530063779640214,0.7532048867933054,162000000,1
1295369940000,1295369999000,0.7532048867933054,0.7532048867933054,0.7528476462218341,0.7528476462218341,114000000,1
1295370000000,1295370059000,0.7528476462218341,0.7529440110833359,0.752722975363377,0.7527739720871411,140000000,1
1295370060000,1295370119000,0.7527739720871411,0.7530007078206654,0.7527739720871411,0.7529610192080356,132000000,1
1295370120000,1295370179000,0.7529836979029404,0.753012048192771,0.752756972411457,0.7529326727604017,89000000,1
1295370180000,1295370239000,0.752909997138942,0.752909997138942,0.7528249757213945,0.7528533140602885,69000000,1
1295370240000,1295370299000,0.7528533140602885,0.7528533140602885,0.7524228014205743,0.752451109489161,106000000,1
1295370300000,1295370359000,0.752451109489161,0.752468095352757,0.7522926117342602,0.7523718522642632,103000000,1
1295370360000,1295370419000,0.7523718522642632,0.7524454477050414,0.7523209100073727,0.7524341243924094,91000000,1
1295370420000,1295370479000,0.7524454477050414,0.7525303834142303,0.752360531166535,0.7523718522642632,87000000,1
1295370480000,1295370539000,0.7523718522642632,0.7524171400624506,0.752179439927189,0.752179439927189,123000000,1
1295370540000,1295370599000,0.752179439927189,0.7521964135275003,0.7518627399381969,0.7518853525214475,100000000,1
1295370600000,1295370659000,0.7519079664649048,0.7519475441393209,0.75184012871503,0.7518966593231425,107000000,1
1295370660000,1295370719000,0.7518966593231425,0.7520945834148103,0.7518853525214475,0.7519475441393209,90000000,1
1295370720000,1295370779000,0.7519305817686912,0.7520776144098071,0.7519249278152069,0.7520606461705072,64000000,1
1295370780000,1295370839000,0.7520436786968587,0.7520719582449649,0.7519475441393209,0.7519475441393209,54000000,1
1295370840000,1295370899000,0.7519701618239789,0.7523322299127295,0.7519645072752567,0.7522869523350987,99000000,1
1295370900000,1295370959000,0.7522869523350987,0.7522869523350987,0.7520889269947278,0.7521624670928921,120000000,1
1295370960000,1295371019000,0.7521624670928921,0.7523888345496953,0.7521568096516762,0.7522699746485019,145000000,1
1295371020000,1295371079000,0.7522699746485019,0.7523888345496953,0.7522699746485019,0.7523888345496953,37000000,1
1295371080000,1295371139000,0.752394495481871,0.7531141269147926,0.7523775129408932,0.752881654532724,221000000,1
1295371140000,1295371199000,0.7528646499932242,0.7530404006174931,0.7528533140602885,0.7529893677901267,127000000,1
1295371200000,1295371259000,0.7529893677901267,0.7532332537416863,0.7528986598403855,0.7531878676498279,204000000,1
1295371260000,1295371319000,0.7532219067059346,0.753539752989669,0.7530857689382243,0.7530857689382243,226000000,1
1295371320000,1295371379000,0.7530744263455558,0.753488652460894,0.7530460713586458,0.7533013431362948,169000000,1
1295371380000,1295371439000,0.7532786453036843,0.7533694448420561,0.7531368148337827,0.753318367408434,186000000,1
1295371440000,1295371499000,0.7533353924500726,0.7533978241870837,0.7532616228268402,0.7533637692296102,101000000,1
1295371500000,1295371559000,0.7533467429053571,0.7534602662728581,0.7531765219814568,0.7531878676498279,86000000,1
1295371560000,1295371619000,0.7531708492754496,0.753267296900305,0.7530857689382243,0.753267296900305,84000000,1
1295371620000,1295371679000,0.7532729710592525,0.7532899940490091,0.7531368148337827,0.7531481593058986,84000000,1
1295371680000,1295371739000,0.7531481593058986,0.7531935406121957,0.7530630840945547,0.7530744263455558,61000000,1
1295371740000,1295371799000,0.7530744263455558,0.7532389273877674,0.7530744263455558,0.7531765219814568,62000000,1
1295371800000,1295371859000,0.7531821947729155,0.7534091765237702,0.7531821947729155,0.7532786453036843,136000000,1
1295371860000,1295371919000,0.7532786453036843,0.7534772977290194,0.7532389273877674,0.7534772977290194,136000000,1
1295371920000,1295371979000,0.753539752989669,0.7535738238596544,0.753318367408434,0.753443235586631,145000000,1
1295371980000,1295372039000,0.753443235586631,0.7536306154901237,0.753267296900305,0.7536306154901237,110000000,1
1295372040000,1295372099000,0.7536192564792416,0.7536362951239732,0.7534716204914141,0.7536249359418804,98000000,1
1295372100000,1295372159000,0.7536249359418804,0.7536703747249103,0.7535113629513532,0.7535681451673675,72000000,1
1295372160000,1295372219000,0.7536022186049316,0.7538521846636312,0.7535795026375283,0.7537271809095979,123000000,1
1295372220000,1295372279000,0.7536817352768272,0.7538010417530396,0.7535227187099691,0.7537271809095979,96000000,1
1295372280000,1295372339000,0.7537442244348802,0.7537896776041549,0.7535056852003948,0.7535965394846907,95000000,1
1295372340000,1295372399000,0.7536135771022051,0.7536590145154727,0.753539752989669,0.7535681451673675,117000000,1
1295372400000,1295372459000,0.7535567880395466,0.7536022186049316,0.7534375588623092,0.7534545892919033,49000000,1
1295372460000,1295372519000,0.7534545892919033,0.7535567880395466,0.7534375588623092,0.753443235586631,77000000,1
1295372520000,1295372579000,0.7534205292025797,0.7534205292025797,0.7532729710592525,0.7532843196336025,89000000,1
1295372580000,1295372639000,0.7532843196336025,0.7532843196336025,0.7531935406121957,0.7531935406121957,42000000,1
1295372640000,1295372699000,0.7531935406121957,0.753199213660021,0.7530744263455558,0.7531821947729155,53000000,1
1295372700000,1295372759000,0.7531708492754496,0.7531935406121957,0.7531254707034192,0.7531651766548921,38000000,1
1295372760000,1295372819000,0.7531651766548921,0.7533013431362948,0.7529553497477599,0.7532502749363503,100000000,1
1295372820000,1295372879000,0.7532219067059346,0.753255948838856,0.7531935406121957,0.7532275801810759,29000000,1
1295372880000,1295372939000,0.7532275801810759,0.7532275801810759,0.753199213660021,0.7532105600120513,15000000,1
1295372940000,1295372999000,0.7532105600120513,0.7532446011193215,0.7531254707034192,0.7531935406121957,137000000,1
1295373000000,1295373059000,0.7531708492754496,0.7532729710592525,0.7530687551773476,0.7531311427258829,82000000,1
1295373060000,1295373119000,0.7531424870271207,0.753255948838856,0.7531311427258829,0.7532219067059346,90000000,1
1295373120000,1295373179000,0.753255948838856,0.7532899940490091,0.7530857689382243,0.7530857689382243,111000000,1
1295373180000,1295373239000,0.7531084551486259,0.7532162333162604,0.7531027834678877,0.7531368148337827,63000000,1
1295373240000,1295373299000,0.7531765219814568,0.7532729710592525,0.7531538316701186,0.7532048867933054,48000000,1
1295373300000,1295373359000,0.7532048867933054,0.7534716204914141,0.7531595041197825,0.7534035003126625,132000000,1
1295373360000,1295373419000,0.7534091765237702,0.7534262056702856,0.753199213660021,0.753199213660021,51000000,1
1295373420000,1295373479000,0.7532162333162604,0.7533751205400192,0.7532162333162604,0.7533694448420561,68000000,1
1295373480000,1295373539000,0.7533864721925053,0.7535624665606656,0.7533694448420561,0.7535624665606656,77000000,1
1295373540000,1295373599000,0.7535624665606656,0.7536874156812203,0.7535283967176303,0.7535738238596544,130000000,1
1295373600000,1295373659000,0.7534091765237702,0.7535567880395466,0.7533126925655571,0.7533353924500726,126000000,1
1295373660000,1295373719000,0.7533353924500726,0.7533353924500726,0.7532105600120513,0.7532389273877674,59000000,1
1295373720000,1295373779000,0.7532389273877674,0.7532389273877674,0.7530857689382243,0.7531368148337827,55000000,1
1295373780000,1295373839000,0.7531368148337827,0.7531368148337827,0.7528476462218341,0.7529950377627012,108000000,1
1295373840000,1295373899000,0.7529950377627012,0.7531935406121957,0.7529950377627012,0.7531595041197825,68000000,1
1295373900000,1295373959000,0.7531595041197825,0.7532956685499059,0.7531595041197825,0.7532105600120513,67000000,1
1295373960000,1295374019000,0.7531935406121957,0.7532729710592525,0.7531254707034192,0.7532332537416863,97000000,1
1295374020000,1295374079000,0.7532048867933054,0.7533467429053571,0.7532048867933054,0.7532389273877674,56000000,1
1295374080000,1295374139000,0.7532389273877674,0.7533751205400192,0.7532389273877674,0.753341067634961,50000000,1
1295374140000,1295374199000,0.7533353924500726,0.7533694448420561,0.753267296900305,0.7533694448420561,36000000,1
1295374200000,1295374259000,0.7533580937026797,0.7533637692296102,0.753012048192771,0.7531765219814568,79000000,1
1295374260000,1295374319000,0.7531935406121957,0.753318367408434,0.7531935406121957,0.753318367408434,37000000,1
1295374320000,1295374379000,0.7533126925655571,0.7533126925655571,0.7532105600120513,0.7532105600120513,17000000,1
1295374380000,1295374439000,0.7532332537416863,0.7532389273877674,0.7531765219814568,0.7532162333162604,31000000,1
1295374440000,1295374499000,0.7532389273877674,0.7532956685499059,0.7532162333162604,0.753255948838856,19000000,1
1295374500000,1295374559000,0.7532843196336025,0.7533467429053571,0.7532105600120513,0.7533467429053571,45000000,1
1295374560000,1295374619000,0.7533637692296102,0.7535567880395466,0.7533637692296102,0.7535000075350001,73000000,1
1295374620000,1295374679000,0.7535000075350001,0.7535908604500444,0.7534829750521788,0.753488652460894,47000000,1
1295374680000,1295374739000,0.753488652460894,0.753488652460894,0.7532786453036843,0.7533807963235017,64000000,1
1295374740000,1295374799000,0.7533524182612626,0.7533807963235017,0.7533297173506901,0.7533297173506901,34000000,1
1295374800000,1295374859000,0.7533467429053571,0.7533978241870837,0.7532786453036843,0.7532786453036843,63000000,1
1295374860000,1295374919000,0.7532843196336025,0.7535113629513532,0.753255948838856,0.7535113629513532,88000000,1
1295374920000,1295374979000,0.7535056852003948,0.7535454312540504,0.7534318822235281,0.753539752989669,67000000,1
1295374980000,1295375039000,0.7535454312540504,0.7537214999057847,0.7535454312540504,0.7536703747249103,104000000,1
1295375040000,1295375099000,0.7536703747249103,0.753693096171239,0.7535795026375283,0.7535908604500444,88000000,1
1295375100000,1295375159000,0.7536022186049316,0.7537328619990503,0.7535454312540504,0.7536874156812203,93000000,1
1295375160000,1295375219000,0.7536987767468853,0.753704457408161,0.7535965394846907,0.753641974843431,53000000,1
1295375220000,1295375279000,0.753641974843431,0.7536817352768272,0.7535738238596544,0.7536817352768272,35000000,1
1295375280000,1295375339000,0.7537101381550684,0.753715818987609,0.7536874156812203,0.7536874156812203,4000000,1
1295375340000,1295375399000,0.7536817352768272,0.753835136255701,0.7536703747249103,0.7537726320232765,72000000,1
1295375400000,1295375459000,0.7537953596357662,0.7540170257044404,0.7537953596357662,0.7539999698400012,59000000,1
1295375460000,1295375519000,0.7539999698400012,0.7540227111640603,0.7539658604258399,0.7539715451138873,37000000,1
1295375520000,1295375579000,0.7539715451138873,0.7539772298876574,0.7538578676376355,0.7539090182596765,38000000,1
1295375580000,1295375639000,0.7538976508549199,0.7538976508549199,0.7538010417530396,0.7538465017753085,49000000,1
1295375640000,1295375699000,0.7538465017753085,0.7538862837929526,0.7537953596357662,0.7538862837929526,58000000,1
1295375700000,1295375759000,0.7538919672810886,0.7540170257044404,0.7538806003905101,0.7539942847233218,49000000,1
1295375760000,1295375819000,0.7539772298876574,0.7540340823405217,0.7538692338426977,0.7538749170737591,49000000,1
1295375820000,1295375879000,0.7538919672810886,0.7539999698400012,0.7538749170737591,0.7538806003905101,55000000,1
1295375880000,1295375939000,0.7538806003905101,0.7538806003905101,0.7536249359418804,0.7536249359418804,89000000,1
1295375940000,1295375999000,0.7536476546484987,0.7539374382713722,0.7536249359418804,0.7538976508549199,88000000,1
1295376000000,1295376059000,0.7538919672810886,0.7538919672810886,0.7537499057812618,0.7537612687309675,70000000,1
1295376060000,1295376119000,0.7537612687309675,0.7539374382713722,0.7537101381550684,0.7539374382713722,69000000,1
1295376120000,1295376179000,0.7539260700095749,0.7539488068760132,0.7538919672810886,0.7539431225308363,32000000,1
1295376180000,1295376239000,0.7539544913069047,0.7539544913069047,0.7539090182596765,0.7539488068760132,24000000,1
1295376240000,1295376299000,0.7539488068760132,0.7540397680573674,0.7539374382713722,0.7540397680573674,42000000,1
1295376300000,1295376359000,0.7540681979278205,0.7540966299421608,0.7539829147471518,0.7539942847233218,30000000,1
1295376360000,1295376419000,0.7540056550424129,0.7542160678191089,0.7539885996923728,0.7542160678191089,28000000,1
1295376420000,1295376479000,0.7541933148304574,0.7541933148304574,0.7541080033482395,0.7541250641006304,43000000,1
1295376480000,1295376539000,0.7541136901799315,0.7541364383644289,0.7540227111640603,0.7540852568791429,54000000,1
1295376540000,1295376599000,0.7541080033482395,0.7541080033482395,0.7539715451138873,0.7540397680573674,47000000,1
1295376600000,1295376659000,0.7540625117822268,0.7540852568791429,0.7539772298876574,0.7540397680573674,32000000,1
1295376660000,1295376719000,0.7540113403305585,0.7541990029489182,0.7540113403305585,0.7541990029489182,38000000,1
1295376720000,1295376779000,0.7542103794432419,0.7542274448282624,0.7541591879213865,0.7541591879213865,35000000,1
1295376780000,1295376839000,0.7542274448282624,0.7542501998763029,0.7540113403305585,0.7540511397482977,36000000,1
1295376840000,1295376899000,0.7540511397482977,0.7540681979278205,0.7539885996923728,0.7540340823405217,30000000,1
1295376900000,1295376959000,0.7540340823405217,0.7541535004034722,0.7540056550424129,0.7540909433677702,59000000,1
1295376960000,1295377019000,0.7540852568791429,0.7540852568791429,0.7539829147471518,0.7539829147471518,22000000,1
1295377020000,1295377079000,0.7539147020906054,0.7539203860072377,0.7538578676376355,0.7538749170737591,53000000,1
1295377080000,1295377139000,0.7538635506973238,0.7538635506973238,0.7537271809095979,0.7537271809095979,40000000,1
1295377140000,1295377199000,0.7537271809095979,0.7537385431741438,0.7536533345391787,0.753693096171239,53000000,1
1295377200000,1295377259000,0.7537101381550684,0.7538237710787972,0.7537101381550684,0.7538010417530396,62000000,1
1295377260000,1295377319000,0.7538010417530396,0.7538010417530396,0.7536817352768272,0.7537385431741438,53000000,1
1295377320000,1295377379000,0.7537612687309675,0.7538692338426977,0.7536590145154727,0.7538408189726657,67000000,1
1295377380000,1295377439000,0.7538635506973238,0.7540568257223864,0.753835136255701,0.7540056550424129,112000000,1
1295377440000,1295377499000,0.7540056550424129,0.7540625117822268,0.7540056550424129,0.7540568257223864,26000000,1
1295377500000,1295377559000,0.7540568257223864,0.7541307511896412,0.7540227111640603,0.7541307511896412,35000000,1
1295377560000,1295377619000,0.7541364383644289,0.7542274448282624,0.7541364383644289,0.7542103794432419,36000000,1
1295377620000,1295377679000,0.7542046911531789,0.7542046911531789,0.7541535004034722,0.7541535004034722,16000000,1
1295377680000,1295377739000,0.7541535004034722,0.7541876267977947,0.7540966299421608,0.7541478129713424,36000000,1
1295377740000,1295377799000,0.7541478129713424,0.7541535004034722,0.7540170257044404,0.7540170257044404,47000000,1
1295377800000,1295377859000,0.7539999698400012,0.7539999698400012,0.7538067239559777,0.7538067239559777,51000000,1
1295377860000,1295377919000,0.7538180886188545,0.7538692338426977,0.7537726320232765,0.7537726320232765,27000000,1
1295377920000,1295377979000,0.7537726320232765,0.7537726320232765,0.753715818987609,0.7537385431741438,19000000,1
1295377980000,1295378039000,0.7537385431741438,0.7538408189726657,0.7537385431741438,0.7538408189726657,37000000,1
1295378040000,1295378099000,0.7538408189726657,0.7538749170737591,0.7538237710787972,0.753835136255701,27000000,1
1295378100000,1295378159000,0.7538180886188545,0.7538237710787972,0.7538180886188545,0.7538237710787972,4000000,1
1295378160000,1295378219000,0.7538408189726657,0.7538465017753085,0.7537783137979119,0.7537783137979119,25000000,1
1295378220000,1295378279000,0.7537783137979119,0.7538067239559777,0.7537214999057847,0.7538010417530396,31000000,1
1295378280000,1295378339000,0.7537726320232765,0.7538976508549199,0.7537726320232765,0.7538976508549199,22000000,1
1295378340000,1295378399000,0.7538976508549199,0.7540852568791429,0.7538976508549199,0.7540852568791429,51000000,1
1295378400000,1295378459000,0.7540852568791429,0.7540852568791429,0.7539033345144486,0.7539431225308363,34000000,1
1295378460000,1295378519000,0.7539374382713722,0.7540738841591699,0.7539317540976191,0.75402839670942,49000000,1
1295378520000,1295378579000,0.75402839670942,0.7540738841591699,0.75402839670942,0.7540738841591699,6000000,1
1295378580000,1295378639000,0.7541023166023166,0.7542274448282624,0.7540625117822268,0.7541990029489182,28000000,1
1295378640000,1295378699000,0.7541990029489182,0.7541990029489182,0.7541250641006304,0.7541364383644289,57000000,1
1295378700000,1295378759000,0.7541364383644289,0.7543696864085214,0.7541250641006304,0.7543355435364759,41000000,1
1295378760000,1295378819000,0.75435830510776,0.7546087730815958,0.7543014037549124,0.7543014037549124,86000000,1
1295378820000,1295378879000,0.75435830510776,0.7543753771876887,0.7541648755250873,0.7541648755250873,51000000,1
1295378880000,1295378939000,0.7541876267977947,0.7542388221806553,0.7540511397482977,0.7540568257223864,119000000,1
1295378940000,1295378999000,0.7540568257223864,0.7540795704762767,0.7539431225308363,0.7540170257044404,43000000,1
1295379000000,1295379059000,0.7539999698400012,0.7540966299421608,0.7539431225308363,0.7539658604258399,48000000,1
1295379060000,1295379119000,0.7539374382713722,0.7540170257044404,0.7539317540976191,0.7539317540976191,42000000,1
1295379120000,1295379179000,0.7539317540976191,0.7539317540976191,0.7534943299551671,0.7534943299551671,93000000,1
1295379180000,1295379239000,0.753539752989669,0.7535567880395466,0.7533807963235017,0.7534091765237702,111000000,1
1295379240000,1295379299000,0.7534091765237702,0.7534545892919033,0.753267296900305,0.7532843196336025,53000000,1
1295379300000,1295379359000,0.7532786453036843,0.753318367408434,0.7531538316701186,0.7531651766548921,50000000,1
1295379360000,1295379419000,0.7531651766548921,0.7532502749363503,0.7530517421852055,0.7530517421852055,109000000,1
1295379420000,1295379479000,0.7530687551773476,0.7531481593058986,0.7529836979029404,0.7530517421852055,64000000,1
1295379480000,1295379539000,0.7530290593914019,0.7531027834678877,0.7529270037269887,0.7530857689382243,57000000,1
1295379540000,1295379599000,0.7530857689382243,0.7531708492754496,0.7530857689382243,0.7531651766548921,31000000,1
1295379600000,1295379659000,0.7531821947729155,0.753255948838856,0.7531708492754496,0.7531878676498279,46000000,1
1295379660000,1295379719000,0.7531878676498279,0.7533807963235017,0.7531878676498279,0.7533807963235017,22000000,1
1295379720000,1295379779000,0.7533978241870837,0.753443235586631,0.7533353924500726,0.7534148528204084,43000000,1
1295379780000,1295379839000,0.7534262056702856,0.7534262056702856,0.7533070178081779,0.7533070178081779,58000000,1
1295379840000,1295379899000,0.753318367408434,0.7535283967176303,0.7532899940490091,0.7533013431362948,80000000,1
1295379900000,1295379959000,0.7533013431362948,0.7533126925655571,0.7532275801810759,0.7533070178081779,38000000,1
1295379960000,1295380019000,0.7532729710592525,0.753392148147032,0.7532729710592525,0.7533126925655571,39000000,1
1295380020000,1295380079000,0.753318367408434,0.7533524182612626,0.7532956685499059,0.753341067634961,60000000,1
1295380080000,1295380139000,0.753318367408434,0.753318367408434,0.7531935406121957,0.7533013431362948,75000000,1
1295380140000,1295380199000,0.7533070178081779,0.7533240423368112,0.7532219067059346,0.7532219067059346,31000000,1
1295380200000,1295380259000,0.7532219067059346,0.7532502749363503,0.7530800975991807,0.7530800975991807,52000000,1
1295380260000,1295380319000,0.7530857689382243,0.7531141269147926,0.7528986598403855,0.7529326727604017,84000000,1
1295380320000,1295380379000,0.7529326727604017,0.7530063779640214,0.7529156659162607,0.7530063779640214,38000000,1
1295380380000,1295380439000,0.75297802810114,0.7531538316701186,0.75297802810114,0.7531424870271207,30000000,1
1295380440000,1295380499000,0.7531538316701186,0.7531538316701186,0.7530007078206654,0.7530800975991807,138000000,1
1295380500000,1295380559000,0.7530460713586458,0.7530460713586458,0.7527853056308341,0.7529950377627012,134000000,1
1295380560000,1295380619000,0.7530177185069165,0.7530177185069165,0.7527059779908771,0.7527513060235159,58000000,1
1295380620000,1295380679000,0.7527513060235159,0.7527513060235159,0.7524964068296573,0.7525586995785671,132000000,1
1295380680000,1295380739000,0.7525473728571214,0.7527399735035529,0.7525190575451324,0.7527399735035529,69000000,1
1295380740000,1295380799000,0.7527399735035529,0.7527683054432677,0.7525586995785671,0.7525643630671514,81000000,1
1295380800000,1295380859000,0.7525926817887623,0.752722975363377,0.7520889269947278,0.7521681246192149,145000000,1
1295380860000,1295380919000,0.7521964135275003,0.7523718522642632,0.7521964135275003,0.7523718522642632,53000000,1
1295380920000,1295380979000,0.7523718522642632,0.7524284628638932,0.7523322299127295,0.7524058176017817,41000000,1
1295380980000,1295381039000,0.7524058176017817,0.7524794196878716,0.7523831737027034,0.7523831737027034,34000000,1
1295381040000,1295381099000,0.7524058176017817,0.7525530361752244,0.7524001564992325,0.7524114787895204,61000000,1
1295381100000,1295381159000,0.7523888345496953,0.7524907443638442,0.752360531166535,0.7523775129408932,60000000,1
1295381160000,1295381219000,0.7523548707454333,0.7525870178739417,0.7523548707454333,0.7525473728571214,60000000,1
1295381220000,1295381279000,0.7525586995785671,0.7526776507425166,0.7525020693806909,0.7526549904789144,92000000,1
1295381280000,1295381339000,0.7526606554168987,0.7528136409831747,0.7526323315797,0.7526549904789144,81000000,1
1295381340000,1295381399000,0.752637996176599,0.7526493256262042,0.7525190575451324,0.7525190575451324,60000000,1
1295381400000,1295381459000,0.7525020693806909,0.7527343073715271,0.7524624333130169,0.7527343073715271,61000000,1
1295381460000,1295381519000,0.7527343073715271,0.7527909725306574,0.7527003123706297,0.752717309487249,49000000,1
1295381520000,1295381579000,0.7527399735035529,0.752756972411457,0.7526776507425166,0.7527116436964163,58000000,1
1295381580000,1295381639000,0.752722975363377,0.7527286413248024,0.752468095352757,0.752468095352757,54000000,1
1295381640000,1295381699000,0.7524228014205743,0.7524228014205743,0.7524001564992325,0.7524001564992325,10000000,1
1295381700000,1295381759000,0.7524058176017817,0.7524850819832497,0.7523718522642632,0.7524058176017817,37000000,1
1295381760000,1295381819000,0.7524114787895204,0.7524964068296573,0.7523152501824365,0.7523435501587444,43000000,1
1295381820000,1295381879000,0.7523435501587444,0.7523435501587444,0.7522360215741292,0.7522473389250386,45000000,1
1295381880000,1295381939000,0.7522756337922215,0.7524228014205743,0.7522133878938777,0.7523435501587444,104000000,1
1295381940000,1295381999000,0.7523322299127295,0.7523775129408932,0.752309590442659,0.7523378899931537,74000000,1
1295382000000,1295382059000,0.7523435501587444,0.7524284628638932,0.7522699746485019,0.7524284628638932,75000000,1
1295382060000,1295382119000,0.7524284628638932,0.7525020693806909,0.7523775129408932,0.752394495481871,42000000,1
1295382120000,1295382179000,0.752394495481871,0.7524850819832497,0.752394495481871,0.7524794196878716,45000000,1
1295382180000,1295382239000,0.7524907443638442,0.7525077320169465,0.7524567713584854,0.7524964068296573,32000000,1
1295382240000,1295382299000,0.7524794196878716,0.7524964068296573,0.7524114787895204,0.7524114787895204,40000000,1
1295382300000,1295382359000,0.7524341243924094,0.7524454477050414,0.7522926117342602,0.752360531166535,26000000,1
1295382360000,1295382419000,0.7523775129408932,0.7524284628638932,0.7523152501824365,0.752360531166535,52000000,1
1295382420000,1295382479000,0.752360531166535,0.752360531166535,0.7521737822306466,0.7523265699174698,54000000,1
1295382480000,1295382539000,0.752309590442659,0.7523831737027034,0.7522982712185727,0.7523775129408932,32000000,1
1295382540000,1295382599000,0.752394495481871,0.7524907443638442,0.752394495481871,0.752473757477708,40000000,1
1295382600000,1295382659000,0.7524907443638442,0.7525586995785671,0.7524850819832497,0.7525077320169465,57000000,1
1295382660000,1295382719000,0.7525077320169465,0.7525417096242559,0.752468095352757,0.7525417096242559,11000000,1
1295382720000,1295382779000,0.7525586995785671,0.7525926817887623,0.7524171400624506,0.7525870178739417,68000000,1
1295382780000,1295382839000,0.7525643630671514,0.7526549904789144,0.7524454477050414,0.7524624333130169,67000000,1
1295382840000,1295382899000,0.752468095352757,0.7526210026416997,0.752468095352757,0.7526210026416997,41000000,1
1295382900000,1295382959000,0.7526266670680675,0.7527739720871411,0.7526266670680675,0.7527739720871411,39000000,1
1295382960000,1295383019000,0.7527739720871411,0.752909997138942,0.7527456397208819,0.7528533140602885,46000000,1
1295383020000,1295383079000,0.7528533140602885,0.7528533140602885,0.7526549904789144,0.7526719855486979,72000000,1
1295383080000,1295383139000,0.7526889813860015,0.7527116436964163,0.752637996176599,0.7526719855486979,28000000,1
1295383140000,1295383199000,0.7526606554168987,0.7526606554168987,0.7525643630671514,0.7525643630671514,26000000,1
1295383200000,1295383259000,0.7525417096242559,0.7526210026416997,0.7525303834142303,0.7525643630671514,53000000,1
1295383260000,1295383319000,0.7525643630671514,0.7525870178739417,0.7525473728571214,0.7525586995785671,22000000,1
1295383320000,1295383379000,0.7525586995785671,0.7525586995785671,0.7524171400624506,0.7524171400624506,32000000,1
1295383380000,1295383439000,0.7524454477050414,0.7524907443638442,0.7523888345496953,0.752451109489161,42000000,1
1295383440000,1295383499000,0.752468095352757,0.7524907443638442,0.7524624333130169,0.7524907443638442,7000000,1
1295383500000,1295383559000,0.7525020693806909,0.7525813540443722,0.7525020693806909,0.7525756903000519,30000000,1
1295383560000,1295383619000,0.7525586995785671,0.752683316021617,0.7525303834142303,0.7525870178739417,67000000,1
1295383620000,1295383679000,0.752598345788836,0.7526719855486979,0.752598345788836,0.7526549904789144,25000000,1
1295383680000,1295383739000,0.7526549904789144,0.7526549904789144,0.7525133947384263,0.7525473728571214,18000000,1
1295383740000,1295383799000,0.7525133947384263,0.7525133947384263,0.7523831737027034,0.752394495481871,26000000,1
1295383800000,1295383859000,0.7524284628638932,0.7525190575451324,0.7524284628638932,0.7524624333130169,14000000,1
1295383860000,1295383919000,0.7524850819832497,0.7525813540443722,0.7524850819832497,0.7525530361752244,41000000,1
1295383920000,1295383979000,0.7525813540443722,0.7527003123706297,0.7525586995785671,0.7527003123706297,43000000,1
1295383980000,1295384039000,0.7527399735035529,0.7527796388163293,0.7526889813860015,0.752717309487249,57000000,1
1295384040000,1295384099000,0.752717309487249,0.752717309487249,0.7526096740447501,0.7526096740447501,36000000,1
1295384100000,1295384159000,0.7525870178739417,0.7526663204401592,0.7525870178739417,0.7526663204401592,30000000,1
1295384160000,1295384219000,0.7527343073715271,0.7527343073715271,0.7524454477050414,0.7525530361752244,77000000,1
1295384220000,1295384279000,0.7525473728571214,0.7525643630671514,0.752468095352757,0.7525417096242559,32000000,1
1295384280000,1295384339000,0.7525133947384263,0.7526549904789144,0.7524907443638442,0.7526210026416997,110000000,1
1295384340000,1295384399000,0.7526210026416997,0.7526889813860015,0.7524341243924094,0.752451109489161,103000000,1
1295384400000,1295384459000,0.7522926117342602,0.7525643630671514,0.7522926117342602,0.7525586995785671,182000000,1
1295384460000,1295384519000,0.7525530361752244,0.752683316021617,0.7524794196878716,0.752598345788836,193000000,1
1295384520000,1295384579000,0.752637996176599,0.7527399735035529,0.7525586995785671,0.7526210026416997,118000000,1
1295384580000,1295384639000,0.752598345788836,0.7527059779908771,0.7525473728571214,0.7526663204401592,78000000,1
1295384640000,1295384699000,0.7526719855486979,0.752881654532724,0.7526096740447501,0.7527909725306574,103000000,1
1295384700000,1295384759000,0.7528249757213945,0.7528419784687194,0.7527456397208819,0.7528023065862673,79000000,1
1295384760000,1295384819000,0.7528023065862673,0.7528023065862673,0.7526889813860015,0.7526889813860015,67000000,1
1295384820000,1295384879000,0.7526946468356718,0.7529723583847237,0.7526889813860015,0.7529043284469843,94000000,1
1295384880000,1295384939000,0.7529326727604017,0.7529383418791835,0.7527739720871411,0.7528476462218341,56000000,1
1295384940000,1295384999000,0.7528476462218341,0.7528476462218341,0.7527513060235159,0.7528023065862673,31000000,1
1295385000000,1295385059000,0.7528079737420579,0.7529156659162607,0.7527456397208819,0.7527456397208819,73000000,1
1295385060000,1295385119000,0.7527456397208819,0.7528193083096195,0.7527456397208819,0.7527853056308341,24000000,1
1295385120000,1295385179000,0.7528023065862673,0.7530007078206654,0.7528023065862673,0.7530007078206654,53000000,1
1295385180000,1295385239000,0.7529610192080356,0.7530233889064595,0.7529270037269887,0.7529723583847237,45000000,1
1295385240000,1295385299000,0.7529383418791835,0.7530800975991807,0.752909997138942,0.7530233889064595,65000000,1
1295385300000,1295385359000,0.753012048192771,0.7530914403626888,0.7530007078206654,0.7530347299617458,99000000,1
1295385360000,1295385419000,0.7530347299617458,0.7532162333162604,0.7530347299617458,0.7531595041197825,61000000,1
1295385420000,1295385479000,0.7531708492754496,0.7532502749363503,0.7530914403626888,0.7530914403626888,41000000,1
1295385480000,1295385539000,0.7530914403626888,0.7531651766548921,0.7530460713586458,0.7531311427258829,63000000,1
1295385540000,1295385599000,0.7531368148337827,0.7532843196336025,0.7531254707034192,0.7531821947729155,62000000,1
1295385600000,1295385659000,0.7531821947729155,0.7531821947729155,0.7530460713586458,0.7530574130971746,105000000,1
1295385660000,1295385719000,0.7530290593914019,0.753097111872576,0.7530290593914019,0.753097111872576,24000000,1
1295385720000,1295385779000,0.753097111872576,0.7531878676498279,0.7530744263455558,0.7530800975991807,66000000,1
1295385780000,1295385839000,0.7530800975991807,0.7530857689382243,0.7530800975991807,0.7530800975991807,14000000,1
1295385840000,1295385899000,0.7530574130971746,0.7530630840945547,0.7529043284469843,0.752909997138942,64000000,1
1295385900000,1295385959000,0.752909997138942,0.7529553497477599,0.7528703180877094,0.752909997138942,54000000,1
1295385960000,1295386019000,0.752909997138942,0.7529950377627012,0.7528703180877094,0.7529950377627012,32000000,1
1295386020000,1295386079000,0.7529893677901267,0.7529893677901267,0.7529213347789423,0.7529553497477599,48000000,1
1295386080000,1295386139000,0.7529723583847237,0.7530800975991807,0.7528986598403855,0.7528986598403855,56000000,1
1295386140000,1295386199000,0.7529043284469843,0.7530574130971746,0.7529043284469843,0.7529950377627012,39000000,1
1295386200000,1295386259000,0.7529723583847237,0.7530007078206654,0.752881654532724,0.7530007078206654,83000000,1
1295386260000,1295386319000,0.7530347299617458,0.7530347299617458,0.7528759862675419,0.7528759862675419,39000000,1
1295386320000,1295386379000,0.7529496803728607,0.7530177185069165,0.7529383418791835,0.75297802810114,50000000,1
1295386380000,1295386439000,0.7529893677901267,0.7530404006174931,0.7529383418791835,0.7529666887536896,51000000,1
1295386440000,1295386499000,0.7529383418791835,0.7531197987663898,0.7529156659162607,0.7531197987663898,64000000,1
1295386500000,1295386559000,0.7531311427258829,0.7532786453036843,0.7531311427258829,0.7532729710592525,53000000,1
1295386560000,1295386619000,0.7532729710592525,0.7532843196336025,0.7530290593914019,0.7530290593914019,63000000,1
1295386620000,1295386679000,0.7530460713586458,0.7531311427258829,0.7530460713586458,0.7531311427258829,22000000,1
1295386680000,1295386739000,0.7531481593058986,0.7531481593058986,0.753097111872576,0.753097111872576,15000000,1
1295386740000,1295386799000,0.7531141269147926,0.7532105600120513,0.7530233889064595,0.7531765219814568,143000000,1
1295386800000,1295386859000,0.7531651766548921,0.7531651766548921,0.7531368148337827,0.7531368148337827,33000000,1
1295386860000,1295386919000,0.7531368148337827,0.7531708492754496,0.7531197987663898,0.7531424870271207,32000000,1
1295386920000,1295386979000,0.7531765219814568,0.7532332537416863,0.7531424870271207,0.7531708492754496,69000000,1
1295386980000,1295387039000,0.7531708492754496,0.7531821947729155,0.7531424870271207,0.7531481593058986,41000000,1
1295387040000,1295387099000,0.7531538316701186,0.7531765219814568,0.7530857689382243,0.7530857689382243,54000000,1
1295387100000,1295387159000,0.753097111872576,0.7532219067059346,0.7530687551773476,0.7532048867933054,68000000,1
1295387160000,1295387219000,0.7532048867933054,0.7532048867933054,0.7531595041197825,0.7531765219814568,21000000,1
1295387220000,1295387279000,0.7531765219814568,0.7531765219814568,0.7531708492754496,0.7531765219814568,5000000,1
1295387280000,1295387339000,0.7531878676498279,0.7531878676498279,0.7531595041197825,0.7531595041197825,13000000,1
1295387340000,1295387399000,0.7531765219814568,0.7531765219814568,0.7531595041197825,0.7531595041197825,5000000,1
1295387400000,1295387459000,0.7531651766548921,0.7531821947729155,0.7531084551486259,0.7531254707034192,13000000,1
1295387460000,1295387519000,0.7531254707034192,0.7531935406121957,0.7530857689382243,0.7531254707034192,34000000,1
1295387520000,1295387579000,0.7531027834678877,0.7532446011193215,0.7530404006174931,0.7532446011193215,58000000,1
1295387580000,1295387639000,0.7532446011193215,0.7532446011193215,0.7531254707034192,0.753199213660021,20000000,1
1295387640000,1295387699000,0.753199213660021,0.7533126925655571,0.753199213660021,0.7532446011193215,77000000,1
1295387700000,1295387759000,0.753255948838856,0.7532956685499059,0.7531765219814568,0.7532105600120513,35000000,1
1295387760000,1295387819000,0.7532105600120513,0.7533524182612626,0.7532105600120513,0.753318367408434,38000000,1
1295387820000,1295387879000,0.753318367408434,0.7533580937026797,0.753255948838856,0.753255948838856,44000000,1
1295387880000,1295387939000,0.753255948838856,0.7533864721925053,0.753255948838856,0.7533864721925053,34000000,1
1295387940000,1295387999000,0.7533864721925053,0.7535170407878774,0.7531538316701186,0.7533240423368112,130000000,1
1295388000000,1295388059000,0.7529270037269887,0.7534659433393611,0.7529270037269887,0.7531651766548921,82000000,1
1295388060000,1295388119000,0.7531651766548921,0.7532899940490091,0.7529326727604017,0.7532786453036843,46000000,1
1295388120000,1295388179000,0.7530517421852055,0.753341067634961,0.7530177185069165,0.753341067634961,56000000,1
1295388180000,1295388239000,0.7531254707034192,0.7533467429053571,0.7530857689382243,0.753097111872576,59000000,1
1295388240000,1295388299000,0.7532446011193215,0.7532786453036843,0.7530404006174931,0.7532786453036843,74000000,1
1295388300000,1295388359000,0.7532956685499059,0.7535738238596544,0.7532389273877674,0.7535738238596544,89000000,1
1295388360000,1295388419000,0.7535681451673675,0.7535681451673675,0.7530574130971746,0.7533013431362948,118000000,1
1295388420000,1295388479000,0.7533070178081779,0.7534943299551671,0.7529666887536896,0.7529666887536896,104000000,1
1295388480000,1295388539000,0.7529610192080356,0.7531765219814568,0.7529496803728607,0.7531538316701186,48000000,1
1295388540000,1295388599000,0.7531424870271207,0.7532048867933054,0.7531027834678877,0.7532048867933054,50000000,1
1295388600000,1295388659000,0.7532048867933054,0.753443235586631,0.7532048867933054,0.7534091765237702,45000000,1
1295388660000,1295388719000,0.753443235586631,0.7535000075350001,0.7532105600120513,0.7532729710592525,31000000,1
1295388720000,1295388779000,0.7532786453036843,0.7533580937026797,0.7532786453036843,0.7533580937026797,16000000,1
1295388780000,1295388839000,0.7533637692296102,0.7534205292025797,0.7533580937026797,0.7533864721925053,15000000,1
1295388840000,1295388899000,0.7533864721925053,0.753443235586631,0.7533807963235017,0.753392148147032,17000000,1
1295388900000,1295388959000,0.7533864721925053,0.753443235586631,0.7533864721925053,0.753443235586631,12000000,1
1295388960000,1295389019000,0.753443235586631,0.753539752989669,0.7533978241870837,0.7533978241870837,35000000,1
1295389020000,1295389079000,0.7533978241870837,0.7533978241870837,0.7529553497477599,0.753012048192771,56000000,1
1295389080000,1295389139000,0.753012048192771,0.7531595041197825,0.753012048192771,0.7531368148337827,22000000,1
1295389140000,1295389199000,0.7531481593058986,0.7534148528204084,0.7531368148337827,0.7532843196336025,60000000,1
1295389200000,1295389259000,0.7532786453036843,0.7533297173506901,0.7530007078206654,0.7530460713586458,40000000,1
1295389260000,1295389319000,0.7531141269147926,0.7532219067059346,0.7530630840945547,0.7530914403626888,24000000,1
1295389320000,1295389379000,0.753097111872576,0.7532162333162604,0.7530687551773476,0.7530687551773476,16000000,1
1295389380000,1295389439000,0.7530857689382243,0.7533637692296102,0.7530630840945547,0.753199213660021,27000000,1
1295389440000,1295389499000,0.7532162333162604,0.7532162333162604,0.7531765219814568,0.7531765219814568,4000000,1
1295389500000,1295389559000,0.7531878676498279,0.7533637692296102,0.7531878676498279,0.753267296900305,45000000,1
1295389560000,1295389619000,0.753267296900305,0.7534716204914141,0.753267296900305,0.753443235586631,13000000,1
1295389620000,1295389679000,0.7534148528204084,0.7534148528204084,0.7533353924500726,0.7533694448420561,15000000,1
1295389680000,1295389739000,0.7533694448420561,0.7533694448420561,0.7533126925655571,0.7533126925655571,9000000,1
1295389740000,1295389799000,0.753318367408434,0.7534659433393611,0.7533070178081779,0.7533240423368112,19000000,1
1295389800000,1295389859000,0.7533240423368112,0.7533978241870837,0.7531935406121957,0.7532729710592525,54000000,1
1295389860000,1295389919000,0.7531878676498279,0.7533353924500726,0.7531254707034192,0.753267296900305,59000000,1
1295389920000,1295389979000,0.753267296900305,0.7533807963235017,0.753267296900305,0.7533580937026797,40000000,1
1295389980000,1295390039000,0.7533353924500726,0.7533353924500726,0.7530914403626888,0.7530914403626888,12000000,1
1295390040000,1295390099000,0.7531254707034192,0.7532219067059346,0.7530630840945547,0.7531651766548921,40000000,1
1295390100000,1295390159000,0.7531651766548921,0.753267296900305,0.7531651766548921,0.7531708492754496,46000000,1
1295390160000,1295390219000,0.7531765219814568,0.753255948838856,0.7531708492754496,0.7532332537416863,22000000,1
1295390220000,1295390279000,0.7532446011193215,0.7532616228268402,0.7529836979029404,0.753012048192771,119000000,1
1295390280000,1295390339000,0.753012048192771,0.753318367408434,0.753012048192771,0.753318367408434,81000000,1
1295390340000,1295390399000,0.7533070178081779,0.7533070178081779,0.7531651766548921,0.7531651766548921,56000000,1
1295390400000,1295390459000,0.7531595041197825,0.7531708492754496,0.7531254707034192,0.7531424870271207,14000000,1
1295390460000,1295390519000,0.7531821947729155,0.753267296900305,0.7531821947729155,0.7532616228268402,27000000,1
1295390520000,1295390579000,0.7532616228268402,0.753539752989669,0.7532616228268402,0.753539752989669,19000000,1
1295390580000,1295390639000,0.753539752989669,0.7535908604500444,0.7534829750521788,0.7535283967176303,57000000,1
1295390640000,1295390699000,0.7535056852003948,0.753539752989669,0.7533297173506901,0.7533864721925053,29000000,1
1295390700000,1295390759000,0.7533978241870837,0.753443235586631,0.7533297173506901,0.7533297173506901,21000000,1
1295390760000,1295390819000,0.7533467429053571,0.7533807963235017,0.7532446011193215,0.7532843196336025,22000000,1
1295390820000,1295390879000,0.7532843196336025,0.753318367408434,0.7532786453036843,0.7532786453036843,9000000,1
1295390880000,1295390939000,0.753255948838856,0.753255948838856,0.753255948838856,0.753255948838856,3000000,1
1295390940000,1295390999000,0.753255948838856,0.7532616228268402,0.753255948838856,0.7532616228268402,3000000,1
1295391000000,1295391059000,0.753255948838856,0.753255948838856,0.7532048867933054,0.7532275801810759,8000000,1
1295391060000,1295391119000,0.7536362951239732,0.7536362951239732,0.7534091765237702,0.7534091765237702,11000000,1
1295391120000,1295391179000,0.753199213660021,0.7532275801810759,0.7531765219814568,0.753199213660021,14000000,1
1295391180000,1295391239000,0.7531765219814568,0.7532105600120513,0.7531254707034192,0.7532105600120513,15000000,1
1295391240000,1295391299000,0.7532105600120513,0.7532105600120513,0.7532048867933054,0.7532048867933054,3000000,1
1295391300000,1295391359000,0.7531765219814568,0.7532332537416863,0.7531765219814568,0.7532332537416863,7000000,1
1295391360000,1295391419000,0.7531935406121957,0.7532446011193215,0.7531821947729155,0.7531821947729155,13000000,1
1295391420000,1295391479000,0.7531538316701186,0.7531708492754496,0.7531538316701186,0.7531651766548921,7000000,1
1295391480000,1295391539000,0.7531651766548921,0.7532219067059346,0.7531651766548921,0.7531821947729155,17000000,1
1295391540000,1295391599000,0.7531538316701186,0.7531708492754496,0.7529326727604017,0.7530460713586458,54000000,1
1295391600000,1295391659000,0.7530233889064595,0.7530914403626888,0.7528929913191439,0.7529893677901267,31000000,1
1295391660000,1295391719000,0.7529893677901267,0.7530687551773476,0.7529893677901267,0.7530517421852055,38000000,1
1295391720000,1295391779000,0.7530517421852055,0.7533978241870837,0.7529723583847237,0.7531254707034192,80000000,1
1295391780000,1295391839000,0.7531311427258829,0.7531765219814568,0.7530460713586458,0.7531765219814568,61000000,1
1295391840000,1295391899000,0.7531595041197825,0.7531595041197825,0.7529950377627012,0.7530233889064595,27000000,1
1295391900000,1295391959000,0.7530007078206654,0.7530347299617458,0.7528703180877094,0.7528986598403855,44000000,1
1295391960000,1295392019000,0.752881654532724,0.7530687551773476,0.7526040098741646,0.7530687551773476,65000000,1
1295392020000,1295392079000,0.7530857689382243,0.753199213660021,0.7529326727604017,0.7531084551486259,60000000,1
1295392080000,1295392139000,0.753097111872576,0.753097111872576,0.7530857689382243,0.7530857689382243,3000000,1
1295392140000,1295392199000,0.7530800975991807,0.7531084551486259,0.7530800975991807,0.7531084551486259,6000000,1
1295392200000,1295392259000,0.7530744263455558,0.7530744263455558,0.7530290593914019,0.7530574130971746,12000000,1
1295392260000,1295392319000,0.7530574130971746,0.7531368148337827,0.7530574130971746,0.7531368148337827,10000000,1
1295392320000,1295392379000,0.7531538316701186,0.7531538316701186,0.7531311427258829,0.7531311427258829,3000000,1
1295392380000,1295392439000,0.7531311427258829,0.7532162333162604,0.7531311427258829,0.7531765219814568,36000000,1
1295392440000,1295392499000,0.7531765219814568,0.7532048867933054,0.753097111872576,0.7532048867933054,26000000,1
1295392500000,1295392559000,0.7531765219814568,0.7531765219814568,0.7531538316701186,0.7531765219814568,6000000,1
1295392560000,1295392619000,0.7531765219814568,0.753199213660021,0.7531084551486259,0.7531084551486259,23000000,1
1295392620000,1295392679000,0.7530857689382243,0.7531084551486259,0.7530857689382243,0.7531084551486259,15000000,1
1295392680000,1295392739000,0.7531084551486259,0.7532275801810759,0.7531084551486259,0.7532275801810759,13000000,1
1295392740000,1295392799000,0.7532048867933054,0.7532048867933054,0.7531708492754496,0.7531708492754496,8000000,1
1295392800000,1295392859000,0.7531708492754496,0.753255948838856,0.7530574130971746,0.7530574130971746,49000000,1
1295392860000,1295392919000,0.7531481593058986,0.7531481593058986,0.7531197987663898,0.7531481593058986,34000000,1
1295392920000,1295392979000,0.7531878676498279,0.7532105600120513,0.7531481593058986,0.7532048867933054,38000000,1
1295392980000,1295393039000,0.7532048867933054,0.7533013431362948,0.7532048867933054,0.7532389273877674,29000000,1
1295393040000,1295393099000,0.7532162333162604,0.753267296900305,0.7531481593058986,0.7531651766548921,46000000,1
1295393100000,1295393159000,0.7531935406121957,0.753199213660021,0.7531141269147926,0.7531424870271207,40000000,1
1295393160000,1295393219000,0.7531368148337827,0.7532332537416863,0.7531368148337827,0.7531935406121957,62000000,1
1295393220000,1295393279000,0.7531935406121957,0.7532786453036843,0.7531708492754496,0.753255948838856,17000000,1
1295393280000,1295393339000,0.7532729710592525,0.7533070178081779,0.7532048867933054,0.7532616228268402,71000000,1
1295393340000,1295393399000,0.7532446011193215,0.7533013431362948,0.7531084551486259,0.7533013431362948,103000000,1
1295393400000,1295393459000,0.753267296900305,0.7533694448420561,0.7531765219814568,0.7532502749363503,110000000,1
1295393460000,1295393519000,0.753267296900305,0.7534659433393611,0.7532616228268402,0.753448912396495,46000000,1
1295393520000,1295393579000,0.7534602662728581,0.7534829750521788,0.7534602662728581,0.7534602662728581,6000000,1
1295393580000,1295393639000,0.753443235586631,0.753443235586631,0.7532616228268402,0.7533751205400192,52000000,1
1295393640000,1295393699000,0.7533751205400192,0.7533751205400192,0.7532219067059346,0.7532786453036843,48000000,1
1295393700000,1295393759000,0.7532502749363503,0.7532616228268402,0.7531311427258829,0.7531311427258829,34000000,1
1295393760000,1295393819000,0.7531311427258829,0.7533070178081779,0.7531311427258829,0.7532219067059346,27000000,1
1295393820000,1295393879000,0.7532219067059346,0.7534545892919033,0.7532219067059346,0.7533637692296102,39000000,1
1295393880000,1295393939000,0.7533864721925053,0.7534772977290194,0.7533864721925053,0.7534035003126625,23000000,1
1295393940000,1295393999000,0.7534318822235281,0.7534318822235281,0.7533353924500726,0.7533353924500726,9000000,1
1295394000000,1295394059000,0.753341067634961,0.753341067634961,0.7532616228268402,0.7532843196336025,10000000,1
1295394060000,1295394119000,0.7532843196336025,0.7533353924500726,0.753267296900305,0.7533353924500726,15000000,1
1295394120000,1295394179000,0.7533524182612626,0.7533524182612626,0.7532729710592525,0.7532729710592525,9000000,1
1295394180000,1295394239000,0.7532729710592525,0.753318367408434,0.7532332537416863,0.753318367408434,18000000,1
1295394240000,1295394299000,0.7533013431362948,0.7533353924500726,0.7533013431362948,0.7533353924500726,9000000,1
1295394300000,1295394359000,0.7533353924500726,0.7536022186049316,0.7533353924500726,0.7535056852003948,84000000,1
1295394360000,1295394419000,0.7534943299551671,0.7535000075350001,0.7533637692296102,0.7534262056702856,38000000,1
1295394420000,1295394479000,0.7534205292025797,0.7534262056702856,0.7534205292025797,0.7534262056702856,10000000,1
1295394480000,1295394539000,0.7534148528204084,0.7535340748108629,0.7534148528204084,0.7534716204914141,23000000,1
1295394540000,1295394599000,0.7534716204914141,0.7534716204914141,0.7533353924500726,0.7533353924500726,50000000,1
1295394600000,1295394659000,0.7533353924500726,0.7533467429053571,0.7533353924500726,0.7533353924500726,7000000,1
1295394660000,1295394719000,0.7533353924500726,0.7534035003126625,0.753267296900305,0.7533126925655571,39000000,1
1295394720000,1295394779000,0.7532899940490091,0.7533070178081779,0.7532616228268402,0.7532616228268402,39000000,1
1295394780000,1295394839000,0.7532616228268402,0.7532956685499059,0.7531935406121957,0.7532275801810759,50000000,1
1295394840000,1295394899000,0.7532389273877674,0.7532899940490091,0.7531595041197825,0.7531765219814568,33000000,1
1295394900000,1295394959000,0.7531765219814568,0.7532332537416863,0.7531481593058986,0.7532219067059346,18000000,1
1295394960000,1295395019000,0.7532219067059346,0.7532616228268402,0.7532105600120513,0.7532105600120513,11000000,1
1295395020000,1295395079000,0.7532105600120513,0.7532105600120513,0.7531538316701186,0.7531538316701186,10000000,1
1295395080000,1295395139000,0.7531538316701186,0.7531538316701186,0.7531141269147926,0.7531311427258829,19000000,1
1295395140000,1295395199000,0.7531311427258829,0.7531765219814568,0.7531311427258829,0.7531765219814568,8000000,1
1295395200000,1295395259000,0.753199213660021,0.7532332537416863,0.7531084551486259,0.7531481593058986,63000000,1
1295395260000,1295395319000,0.7531424870271207,0.7531708492754496,0.752881654532724,0.7529043284469843,120000000,1
1295395320000,1295395379000,0.752909997138942,0.7530233889064595,0.7528986598403855,0.7529496803728607,40000000,1
1295395380000,1295395439000,0.7529666887536896,0.7529666887536896,0.7528079737420579,0.7528193083096195,63000000,1
1295395440000,1295395499000,0.7528193083096195,0.7528193083096195,0.7526663204401592,0.7527003123706297,99000000,1
1295395500000,1295395559000,0.7527003123706297,0.7527853056308341,0.7527003123706297,0.7527626388847068,37000000,1
1295395560000,1295395619000,0.7527626388847068,0.7530063779640214,0.7527626388847068,0.7528079737420579,94000000,1
1295395620000,1295395679000,0.7528419784687194,0.7528533140602885,0.7527853056308341,0.7527853056308341,41000000,1
1295395680000,1295395739000,0.7527853056308341,0.7527853056308341,0.7526719855486979,0.7527513060235159,94000000,1
1295395740000,1295395799000,0.752756972411457,0.7527853056308341,0.7526493256262042,0.7527343073715271,90000000,1
1295395800000,1295395859000,0.7527343073715271,0.7528419784687194,0.7525247204370664,0.7525813540443722,181000000,1
1295395860000,1295395919000,0.7525813540443722,0.7527116436964163,0.7525813540443722,0.7526776507425166,69000000,1
1295395920000,1295395979000,0.7526776507425166,0.752756972411457,0.7525870178739417,0.7527399735035529,101000000,1
1295395980000,1295396039000,0.7527853056308341,0.7528533140602885,0.752717309487249,0.7528306432185016,66000000,1
1295396040000,1295396099000,0.7528306432185016,0.7529836979029404,0.7528136409831747,0.7529213347789423,138000000,1
1295396100000,1295396159000,0.7529213347789423,0.7530063779640214,0.752909997138942,0.7530063779640214,27000000,1
1295396160000,1295396219000,0.7530063779640214,0.7530063779640214,0.7529723583847237,0.7529723583847237,21000000,1
1295396220000,1295396279000,0.7529723583847237,0.75297802810114,0.7528249757213945,0.7528873228832573,43000000,1
1295396280000,1295396339000,0.7528873228832573,0.7528873228832573,0.7528249757213945,0.7528589819840845,46000000,1
1295396340000,1295396399000,0.7528646499932242,0.7529326727604017,0.7528646499932242,0.7529043284469843,36000000,1
1295396400000,1295396459000,0.7529213347789423,0.7529270037269887,0.7528306432185016,0.7528306432185016,36000000,1
1295396460000,1295396519000,0.7528306432185016,0.7531765219814568,0.7527966395158012,0.7531424870271207,52000000,1
1295396520000,1295396579000,0.7531311427258829,0.7531311427258829,0.7529666887536896,0.7529666887536896,67000000,1
1295396580000,1295396639000,0.7529666887536896,0.7530347299617458,0.7529666887536896,0.7530063779640214,80000000,1
1295396640000,1295396699000,0.7530290593914019,0.7531368148337827,0.7530063779640214,0.7530687551773476,75000000,1
1295396700000,1295396759000,0.7530687551773476,0.7531595041197825,0.7530460713586458,0.7530517421852055,70000000,1
1295396760000,1295396819000,0.7530517421852055,0.7532446011193215,0.7530007078206654,0.7531878676498279,68000000,1
1295396820000,1295396879000,0.7531878676498279,0.7533013431362948,0.7531708492754496,0.753267296900305,45000000,1
1295396880000,1295396939000,0.7532616228268402,0.7534602662728581,0.7532616228268402,0.753443235586631,132000000,1
1295396940000,1295396999000,0.753443235586631,0.753443235586631,0.7532956685499059,0.7533013431362948,54000000,1
1295397000000,1295397059000,0.7533013431362948,0.7534035003126625,0.7532899940490091,0.7533580937026797,52000000,1
1295397060000,1295397119000,0.7533580937026797,0.7534659433393611,0.7533240423368112,0.7533694448420561,58000000,1
1295397120000,1295397179000,0.7534035003126625,0.7535567880395466,0.7533807963235017,0.7533978241870837,93000000,1
1295397180000,1295397239000,0.7533751205400192,0.7534659433393611,0.7533751205400192,0.7534375588623092,45000000,1
1295397240000,1295397299000,0.7534375588623092,0.7534659433393611,0.7534262056702856,0.7534375588623092,32000000,1
1295397300000,1295397359000,0.7534318822235281,0.7534318822235281,0.7533297173506901,0.7533353924500726,39000000,1
1295397360000,1295397419000,0.7533580937026797,0.7533751205400192,0.7533580937026797,0.7533580937026797,14000000,1
1295397420000,1295397479000,0.7533580937026797,0.7533694448420561,0.753341067634961,0.753341067634961,12000000,1
1295397480000,1295397539000,0.753318367408434,0.7533694448420561,0.7532729710592525,0.7533297173506901,36000000,1
1295397540000,1295397599000,0.7533864721925053,0.7533864721925053,0.7533070178081779,0.7533353924500726,22000000,1
1295397600000,1295397659000,0.7533467429053571,0.7534829750521788,0.7533467429053571,0.7534829750521788,21000000,1
1295397660000,1295397719000,0.7534829750521788,0.7534829750521788,0.7533694448420561,0.7534318822235281,71000000,1
1295397720000,1295397779000,0.7534318822235281,0.7535000075350001,0.7534318822235281,0.7534318822235281,37000000,1
1295397780000,1295397839000,0.7534148528204084,0.753443235586631,0.7533978241870837,0.7533978241870837,34000000,1
1295397840000,1295397899000,0.753392148147032,0.7534148528204084,0.7533637692296102,0.7534148528204084,26000000,1
1295397900000,1295397959000,0.753443235586631,0.7534602662728581,0.7533864721925053,0.753392148147032,72000000,1
1295397960000,1295398019000,0.7534205292025797,0.7535170407878774,0.7534091765237702,0.7534772977290194,52000000,1
1295398020000,1295398079000,0.7534829750521788,0.7535000075350001,0.753448912396495,0.753448912396495,24000000,1
1295398080000,1295398139000,0.7534375588623092,0.7534829750521788,0.753392148147032,0.753392148147032,41000000,1
1295398140000,1295398199000,0.7533580937026797,0.753392148147032,0.753341067634961,0.7533751205400192,45000000,1
1295398200000,1295398259000,0.7533637692296102,0.7534318822235281,0.7532956685499059,0.7532956685499059,47000000,1
1295398260000,1295398319000,0.7532956685499059,0.7533126925655571,0.7532502749363503,0.7533126925655571,55000000,1
1295398320000,1295398379000,0.7533126925655571,0.7533694448420561,0.7532899940490091,0.7533694448420561,60000000,1
1295398380000,1295398439000,0.7533694448420561,0.7533807963235017,0.7532899940490091,0.7532899940490091,66000000,1
1295398440000,1295398499000,0.7532899940490091,0.7532899940490091,0.7532048867933054,0.7532843196336025,82000000,1
1295398500000,1295398559000,0.7532502749363503,0.7533467429053571,0.7532502749363503,0.7532956685499059,114000000,1
1295398560000,1295398619000,0.7532786453036843,0.7533013431362948,0.7532162333162604,0.7532446011193215,64000000,1
1295398620000,1295398679000,0.7532446011193215,0.7532446011193215,0.7531821947729155,0.7531821947729155,52000000,1
1295398680000,1295398739000,0.7531821947729155,0.7531821947729155,0.7530517421852055,0.7530517421852055,279000000,1
1295398740000,1295398799000,0.7530574130971746,0.7531708492754496,0.7530517421852055,0.7531141269147926,189000000,1
1295398800000,1295398859000,0.7531141269147926,0.7531765219814568,0.7530233889064595,0.7530517421852055,98000000,1
1295398860000,1295398919000,0.7530517421852055,0.7531084551486259,0.7529496803728607,0.7530007078206654,85000000,1
1295398920000,1295398979000,0.753012048192771,0.7530517421852055,0.7529440110833359,0.7529553497477599,76000000,1
1295398980000,1295399039000,0.7529553497477599,0.7529836979029404,0.7527796388163293,0.7527853056308341,82000000,1
1295399040000,1295399099000,0.7527853056308341,0.7528533140602885,0.752637996176599,0.7526663204401592,131000000,1
1295399100000,1295399159000,0.7526493256262042,0.7527909725306574,0.7525926817887623,0.7526153383005946,120000000,1
1295399160000,1295399219000,0.7526040098741646,0.7526776507425166,0.7525870178739417,0.7525926817887623,99000000,1
1295399220000,1295399279000,0.7526096740447501,0.7526266670680675,0.7524341243924094,0.7524341243924094,81000000,1
1295399280000,1295399339000,0.7524567713584854,0.7526323315797,0.7523831737027034,0.7523888345496953,102000000,1
1295399340000,1295399399000,0.752394495481871,0.7525756903000519,0.752394495481871,0.7525530361752244,71000000,1
1295399400000,1295399459000,0.7525756903000519,0.7526606554168987,0.7525756903000519,0.7526040098741646,72000000,1
1295399460000,1295399519000,0.7525926817887623,0.7526549904789144,0.7525926817887623,0.7526549904789144,17000000,1
1295399520000,1295399579000,0.7526549904789144,0.752717309487249,0.7526040098741646,0.7526549904789144,58000000,1
1295399580000,1295399639000,0.7526549904789144,0.7526889813860015,0.7525700266409789,0.7525700266409789,60000000,1
1295399640000,1295399699000,0.7525700266409789,0.7526663204401592,0.7525700266409789,0.7525813540443722,79000000,1
1295399700000,1295399759000,0.7525813540443722,0.7526946468356718,0.7525473728571214,0.7526040098741646,117000000,1
1295399760000,1295399819000,0.7526040098741646,0.7526040098741646,0.7525190575451324,0.7525190575451324,60000000,1
1295399820000,1295399879000,0.7525417096242559,0.7526493256262042,0.7525417096242559,0.7526493256262042,41000000,1
1295399880000,1295399939000,0.7526493256262042,0.7526493256262042,0.7524964068296573,0.7524964068296573,53000000,1
1295399940000,1295399999000,0.7525133947384263,0.7527343073715271,0.7524850819832497,0.7526549904789144,70000000,1
1295400000000,1295400059000,0.7526493256262042,0.7526663204401592,0.7524454477050414,0.7526436608587663,109000000,1
1295400060000,1295400119000,0.7526436608587663,0.7526776507425166,0.7525756903000519,0.7526096740447501,72000000,1
1295400120000,1295400179000,0.752598345788836,0.7527739720871411,0.7524964068296573,0.7527739720871411,130000000,1
1295400180000,1295400239000,0.752722975363377,0.7527683054432677,0.7526210026416997,0.7526210026416997,66000000,1
1295400240000,1295400299000,0.7526210026416997,0.7529610192080356,0.7526210026416997,0.7528873228832573,123000000,1
1295400300000,1295400359000,0.752881654532724,0.7530460713586458,0.752722975363377,0.7528873228832573,163000000,1
1295400360000,1295400419000,0.7528873228832573,0.7529950377627012,0.7528136409831747,0.7529326727604017,108000000,1
1295400420000,1295400479000,0.7529326727604017,0.7529893677901267,0.7527966395158012,0.7529723583847237,138000000,1
1295400480000,1295400539000,0.7529270037269887,0.7530857689382243,0.7528589819840845,0.7530063779640214,171000000,1
1295400540000,1295400599000,0.7529950377627012,0.7532048867933054,0.7529723583847237,0.7530914403626888,136000000,1
1295400600000,1295400659000,0.7530744263455558,0.7531708492754496,0.7530630840945547,0.7531481593058986,129000000,1
1295400660000,1295400719000,0.7531481593058986,0.753199213660021,0.7530233889064595,0.7531027834678877,130000000,1
1295400720000,1295400779000,0.7531368148337827,0.7531538316701186,0.7530574130971746,0.7530574130971746,96000000,1
1295400780000,1295400839000,0.7530574130971746,0.7530574130971746,0.7528986598403855,0.7529213347789423,80000000,1
1295400840000,1295400899000,0.7529723583847237,0.7530404006174931,0.7529270037269887,0.7530177185069165,67000000,1
1295400900000,1295400959000,0.7530177185069165,0.7530744263455558,0.752909997138942,0.7529270037269887,86000000,1
1295400960000,1295401019000,0.7529156659162607,0.7529156659162607,0.7527683054432677,0.7528079737420579,65000000,1
1295401020000,1295401079000,0.7528079737420579,0.7528419784687194,0.752717309487249,0.7527343073715271,85000000,1
1295401080000,1295401139000,0.7527513060235159,0.7529043284469843,0.7526663204401592,0.7527796388163293,175000000,1
1295401140000,1295401199000,0.7527796388163293,0.7527796388163293,0.7525077320169465,0.7526210026416997,154000000,1
1295401200000,1295401259000,0.7526210026416997,0.7526210026416997,0.752473757477708,0.7524907443638442,86000000,1
1295401260000,1295401319000,0.7524907443638442,0.7524964068296573,0.7523152501824365,0.7523152501824365,97000000,1
1295401320000,1295401379000,0.7523322299127295,0.752394495481871,0.7518910058797877,0.7519305817686912,208000000,1
1295401380000,1295401439000,0.7519814711765502,0.7520719582449649,0.7515519547866344,0.7516931889080153,166000000,1
1295401440000,1295401499000,0.7516931889080153,0.7517383950385267,0.7515124187427197,0.7516197405408656,151000000,1
1295401500000,1295401559000,0.7516140912609829,0.7519588528115742,0.7515858461353456,0.7519418899307462,179000000,1
1295401560000,1295401619000,0.7519588528115742,0.752117209945998,0.7519192739467491,0.7520436786968587,150000000,1
1295401620000,1295401679000,0.7520606461705072,0.7520776144098071,0.7519701618239789,0.7520267119888099,96000000,1
1295401680000,1295401739000,0.7520267119888099,0.7521002399199765,0.7519136201633156,0.7519814711765502,132000000,1
1295401740000,1295401799000,0.7520040909022545,0.7520776144098071,0.7519645072752567,0.7520436786968587,122000000,1
1295401800000,1295401859000,0.7521511522955653,0.7521511522955653,0.7519475441393209,0.7519475441393209,81000000,1
1295401860000,1295401919000,0.7519531984329295,0.7520097460463088,0.7518457813933206,0.7520097460463088,68000000,1
1295401920000,1295401979000,0.7520097460463088,0.7520097460463088,0.7518910058797877,0.7519814711765502,57000000,1
1295401980000,1295402039000,0.7519531984329295,0.7519531984329295,0.7516592878779906,0.7516592878779906,100000000,1
1295402040000,1295402099000,0.7516592878779906,0.7518627399381969,0.7516592878779906,0.7518457813933206,121000000,1
1295402100000,1295402159000,0.7518288236134397,0.7519362358072035,0.7517836066066743,0.7519362358072035,88000000,1
1295402160000,1295402219000,0.7519531984329295,0.7520889269947278,0.7519192739467491,0.752066302165199,47000000,1
1295402220000,1295402279000,0.7520549902608878,0.7520889269947278,0.7519758164577427,0.7519927808693037,109000000,1
1295402280000,1295402339000,0.7519871259804033,0.752190755575614,0.7519645072752567,0.7521737822306466,134000000,1
1295402340000,1295402399000,0.7521454950245575,0.7521568096516762,0.7520719582449649,0.7521115531855684,57000000,1
1295402400000,1295402459000,0.7521115531855684,0.7521228667915191,0.752038023042445,0.7521115531855684,55000000,1
1295402460000,1295402519000,0.7521115531855684,0.7521568096516762,0.7520719582449649,0.7520889269947278,67000000,1
1295402520000,1295402579000,0.7520945834148103,0.7522020715645051,0.7520889269947278,0.752190755575614,64000000,1
1295402580000,1295402639000,0.752179439927189,0.7522020715645051,0.7521511522955653,0.752190755575614,44000000,1
1295402640000,1295402699000,0.7522077296866302,0.752258656616491,0.7521228667915191,0.7521454950245575,60000000,1
1295402700000,1295402759000,0.7521568096516762,0.752258656616491,0.7521285237221336,0.752139837838651,75000000,1
1295402760000,1295402819000,0.752117209945998,0.752117209945998,0.7520719582449649,0.7520719582449649,47000000,1
1295402820000,1295402879000,0.7520719582449649,0.7521454950245575,0.752066302165199,0.7521285237221336,34000000,1
1295402880000,1295402939000,0.7521285237221336,0.7521511522955653,0.7521058965102287,0.7521341807378437,46000000,1
1295402940000,1295402999000,0.7521511522955653,0.7522643155899257,0.7521511522955653,0.7522303630263731,82000000,1
1295403000000,1295403059000,0.752258656616491,0.7522756337922215,0.7522133878938777,0.7522360215741292,48000000,1
1295403060000,1295403119000,0.7522360215741292,0.7522416802070169,0.752179439927189,0.752179439927189,20000000,1
1295403120000,1295403179000,0.752179439927189,0.7522303630263731,0.752179439927189,0.7522133878938777,55000000,1
1295403180000,1295403239000,0.7522133878938777,0.7522133878938777,0.7521737822306466,0.7521964135275003,25000000,1
1295403240000,1295403299000,0.7522133878938777,0.7522812930210864,0.7521964135275003,0.7522699746485019,56000000,1
1295403300000,1295403359000,0.7523039307880384,0.7523718522642632,0.7523039307880384,0.752366191672811,49000000,1
1295403360000,1295403419000,0.752360531166535,0.7523775129408932,0.7522812930210864,0.7522926117342602,45000000,1
1295403420000,1295403479000,0.7522812930210864,0.7522926117342602,0.752139837838651,0.7521568096516762,78000000,1
1295403480000,1295403539000,0.7521568096516762,0.7522473389250386,0.7521228667915191,0.7521850977088441,87000000,1
1295403540000,1295403599000,0.7521850977088441,0.7522926117342602,0.7521624670928921,0.7522926117342602,69000000,1
1295403600000,1295403659000,0.7522926117342602,0.7523265699174698,0.7522133878938777,0.7522360215741292,68000000,1
1295403660000,1295403719000,0.7522360215741292,0.7522699746485019,0.7520549902608878,0.7520549902608878,77000000,1
1295403720000,1295403779000,0.7520549902608878,0.752066302165199,0.7518457813933206,0.7519418899307462,118000000,1
1295403780000,1295403839000,0.7519418899307462,0.7519418899307462,0.7518005623468206,0.7518514341566107,58000000,1
1295403840000,1295403899000,0.7518457813933206,0.7519927808693037,0.7518457813933206,0.7519588528115742,89000000,1
1295403900000,1295403959000,0.7519588528115742,0.7520097460463088,0.7518910058797877,0.7519305817686912,81000000,1
1295403960000,1295404019000,0.7519249278152069,0.7519758164577427,0.7519192739467491,0.7519758164577427,69000000,1
1295404020000,1295404079000,0.7519758164577427,0.7519814711765502,0.7519249278152069,0.7519305817686912,34000000,1
1295404080000,1295404139000,0.7519249278152069,0.7519588528115742,0.7518231711901361,0.7519249278152069,140000000,1
1295404140000,1295404199000,0.7519023128515143,0.7519871259804033,0.7518966593231425,0.7519814711765502,26000000,1
1295404200000,1295404259000,0.7519814711765502,0.7519814711765502,0.7518231711901361,0.7518231711901361,116000000,1
1295404260000,1295404319000,0.7518231711901361,0.7518740460598041,0.7518118665985024,0.7518683929564969,24000000,1
1295404320000,1295404379000,0.7518683929564969,0.7518740460598041,0.7518175188518244,0.7518740460598041,26000000,1
1295404380000,1295404439000,0.7518740460598041,0.7518740460598041,0.7517610001428346,0.7518118665985024,104000000,1
1295404440000,1295404499000,0.7518118665985024,0.751834476121737,0.7517496974207468,0.7517723032048054,55000000,1
1295404500000,1295404559000,0.7517723032048054,0.7517723032048054,0.7516197405408656,0.7516197405408656,118000000,1
1295404560000,1295404619000,0.7516705878815667,0.7516705878815667,0.7515350102584528,0.7515350102584528,58000000,1
1295404620000,1295404679000,0.7515350102584528,0.7515914949906426,0.7513881896804346,0.7514277126540427,129000000,1
1295404680000,1295404739000,0.7514390056959076,0.7514390056959076,0.7511624238509093,0.7512470701364264,159000000,1
1295404740000,1295404799000,0.7512470701364264,0.7513599615303699,0.7511511391207024,0.751196280076021,131000000,1
1295404800000,1295404859000,0.751196280076021,0.7512527139004289,0.7510101085960618,0.751089079164789,150000000,1
1295404860000,1295404919000,0.7511003620303744,0.7511793515819837,0.7508860455337297,0.7509142380848683,125000000,1
1295404920000,1295404979000,0.7509255156980978,0.7510383104642168,0.7508691310191546,0.7509198768491402,149000000,1
1295404980000,1295405039000,0.7509311546317434,0.7511849943285533,0.7508973223001487,0.7511060035902867,118000000,1
1295405040000,1295405099000,0.7511060035902867,0.7511285706774429,0.7510777966381758,0.7511172869643594,23000000,1
1295405100000,1295405159000,0.7510777966381758,0.7511172869643594,0.7510270294627904,0.7511116452349477,77000000,1
1295405160000,1295405219000,0.7510947205552092,0.7511285706774429,0.7510495918045469,0.7510834378591118,115000000,1
1295405220000,1295405279000,0.7510834378591118,0.7510834378591118,0.7508860455337297,0.7509537112132408,97000000,1
1295405280000,1295405339000,0.7509537112132408,0.7509819088458158,0.7508522172665976,0.7509085994052804,103000000,1
1295405340000,1295405399000,0.7509085994052804,0.7509649900121657,0.7508071176514753,0.7509649900121657,81000000,1
1295405400000,1295405459000,0.7509875486264438,0.7509875486264438,0.7508522172665976,0.7508691310191546,82000000,1
1295405460000,1295405519000,0.7508691310191546,0.7508973223001487,0.75078456987552,0.7508071176514753,64000000,1
1295405520000,1295405579000,0.7508634930169694,0.7508973223001487,0.7507620234538056,0.7507620234538056,98000000,1
1295405580000,1295405639000,0.7507732964953903,0.7507902066925438,0.7507225704740813,0.7507902066925438,87000000,1
1295405640000,1295405699000,0.7507676599322807,0.7508578550994511,0.7507676599322807,0.7508296667817939,62000000,1
1295405700000,1295405759000,0.7508296667817939,0.7508747691060085,0.7507676599322807,0.7508578550994511,68000000,1
1295405760000,1295405819000,0.7508578550994511,0.7509142380848683,0.7507732964953903,0.7508127548070787,39000000,1
1295405820000,1295405879000,0.7508127548070787,0.7508465795184069,0.7507676599322807,0.7508183920473316,44000000,1
1295405880000,1295405939000,0.7508183920473316,0.7508465795184069,0.7507958435942099,0.7508127548070787,26000000,1
1295405940000,1295405999000,0.7508183920473316,0.7509085994052804,0.7507902066925438,0.7508127548070787,40000000,1
1295406000000,1295406059000,0.7508353042760071,0.7508353042760071,0.7504239895540981,0.750463411156389,88000000,1
1295406060000,1295406119000,0.7504183582347159,0.7506042364103103,0.7503564192991671,0.7504859396459207,152000000,1
1295406120000,1295406179000,0.7504296209579985,0.7504296209579985,0.7502719735904265,0.7503113792223772,98000000,1
1295406180000,1295406239000,0.7503113792223772,0.7503113792223772,0.749979375567172,0.7501087657710368,206000000,1
1295406240000,1295406299000,0.7501087657710368,0.7501706638260205,0.7500131252296915,0.7501200192030725,135000000,1
1295406300000,1295406359000,0.7501312729727703,0.7502607155986706,0.7501143924448479,0.75022131528801,86000000,1
1295406360000,1295406419000,0.7502156870100153,0.7503170089362756,0.7502156870100153,0.7502719735904265,84000000,1
1295406420000,1295406479000,0.7502663445523161,0.7503170089362756,0.7501031391816374,0.7501537815252127,72000000,1
1295406480000,1295406539000,0.7501256460457126,0.7503507889938545,0.7501256460457126,0.7503451587730356,69000000,1
1295406540000,1295406599000,0.7503676801632799,0.7505253677574302,0.7503676801632799,0.7504465156768276,81000000,1
1295406600000,1295406659000,0.7504972043979137,0.7505141021599796,0.7504014647836593,0.7504070958494983,89000000,1
1295406660000,1295406719000,0.7504070958494983,0.7505310006829833,0.7504070958494983,0.7505197349164295,49000000,1
1295406720000,1295406779000,0.7504915719796467,0.750581700818134,0.7504239895540981,0.7504239895540981,157000000,1
1295406780000,1295406839000,0.7504239895540981,0.7504746752320843,0.7503282686175201,0.7503733107220842,39000000,1
1295406840000,1295406899000,0.7503338985848702,0.750435252446419,0.7503001200480193,0.750435252446419,56000000,1
1295406900000,1295406959000,0.7504296209579985,0.7505028369007234,0.7503845720931979,0.7503845720931979,49000000,1
1295406960000,1295407019000,0.7503845720931979,0.7503845720931979,0.7502269436504543,0.750255086729488,54000000,1
1295407020000,1295407079000,0.7502438292445045,0.7502494579447667,0.7501650363079878,0.7501875468867217,112000000,1
1295407080000,1295407139000,0.7501650363079878,0.7503507889938545,0.7501650363079878,0.7503170089362756,89000000,1
1295407140000,1295407199000,0.7503113792223772,0.75041272699985,0.7501988026827109,0.750362049688975,72000000,1
1295407200000,1295407259000,0.7503789413653895,0.750435252446419,0.750362049688975,0.7503733107220842,32000000,1
1295407260000,1295407319000,0.7503676801632799,0.7503958338023308,0.7503170089362756,0.7503282686175201,37000000,1
1295407320000,1295407379000,0.7503338985848702,0.7503902029055108,0.7503282686175201,0.7503789413653895,39000000,1
1295407380000,1295407439000,0.750362049688975,0.7504070958494983,0.7503564192991671,0.7503564192991671,38000000,1
1295407440000,1295407499000,0.7503564192991671,0.750435252446419,0.7501875468867217,0.7502776027130038,71000000,1
1295407500000,1295407559000,0.7502438292445045,0.7504070958494983,0.7502438292445045,0.750362049688975,78000000,1
1295407560000,1295407619000,0.7504070958494983,0.7505197349164295,0.7503902029055108,0.750435252446419,103000000,1
1295407620000,1295407679000,0.7504239895540981,0.7504972043979137,0.7504070958494983,0.750463411156389,66000000,1
1295407680000,1295407739000,0.7504746752320843,0.7505873345893161,0.7504746752320843,0.7505704335294824,59000000,1
1295407740000,1295407799000,0.7505704335294824,0.7507000277759011,0.7505366336930906,0.7506267733557521,60000000,1
1295407800000,1295407859000,0.7506324078035745,0.7507056633235242,0.7505704335294824,0.7505760671315234,84000000,1
1295407860000,1295407919000,0.7505704335294824,0.7506549464407696,0.7504803073967339,0.7504803073967339,37000000,1
1295407920000,1295407979000,0.7504803073967339,0.7504972043979137,0.750435252446419,0.7504803073967339,78000000,1
1295407980000,1295408039000,0.7504803073967339,0.750581700818134,0.7504577792453397,0.7504577792453397,62000000,1
1295408040000,1295408099000,0.750463411156389,0.7505141021599796,0.750463411156389,0.7504746752320843,50000000,1
1295408100000,1295408159000,0.7504746752320843,0.7504746752320843,0.7503845720931979,0.7504465156768276,23000000,1
1295408160000,1295408219000,0.750463411156389,0.750463411156389,0.7503057495929591,0.7503170089362756,94000000,1
1295408220000,1295408279000,0.7503113792223772,0.7503395286367082,0.750255086729488,0.7503001200480193,106000000,1
1295408280000,1295408339000,0.7503001200480193,0.7503057495929591,0.7502494579447667,0.7502888612115665,119000000,1
1295408340000,1295408399000,0.7503226387346559,0.7504070958494983,0.7502719735904265,0.7503170089362756,110000000,1
1295408400000,1295408459000,0.7503170089362756,0.7503170089362756,0.7502719735904265,0.7502888612115665,69000000,1
1295408460000,1295408519000,0.7503057495929591,0.7503057495929591,0.750255086729488,0.7503057495929591,52000000,1
1295408520000,1295408579000,0.7502832319200499,0.7503001200480193,0.7500693814177811,0.75022131528801,169000000,1
1295408580000,1295408639000,0.7502494579447667,0.7503057495929591,0.7501819191153855,0.7501931747424962,145000000,1
1295408640000,1295408699000,0.7501931747424962,0.7503001200480193,0.7501425270801452,0.7502156870100153,72000000,1
1295408700000,1295408759000,0.7502325720973502,0.7502382006286996,0.7501594088743858,0.7502100588164686,87000000,1
1295408760000,1295408819000,0.7502100588164686,0.7502776027130038,0.7501762914284856,0.7502100588164686,58000000,1
1295408820000,1295408879000,0.7501875468867217,0.7502663445523161,0.7501312729727703,0.7501425270801452,136000000,1
1295408880000,1295408939000,0.7501425270801452,0.7501819191153855,0.7501200192030725,0.7501706638260205,80000000,1
1295408940000,1295408999000,0.7501931747424962,0.7503451587730356,0.7501931747424962,0.7503282686175201,88000000,1
1295409000000,1295409059000,0.7503564192991671,0.7504521474188198,0.7503001200480193,0.750435252446419,66000000,1
1295409060000,1295409119000,0.750463411156389,0.7504915719796467,0.7504408840193614,0.7504803073967339,29000000,1
1295409120000,1295409179000,0.7504915719796467,0.7505197349164295,0.7504690431519699,0.7504915719796467,47000000,1
1295409180000,1295409239000,0.7505084694880781,0.7506774864315044,0.7504803073967339,0.7506042364103103,109000000,1
1295409240000,1295409299000,0.7505929684450716,0.7505986023854023,0.7504803073967339,0.7505141021599796,53000000,1
1295409300000,1295409359000,0.7505141021599796,0.7505141021599796,0.7504746752320843,0.7505028369007234,27000000,1
1295409360000,1295409419000,0.7505028369007234,0.7505084694880781,0.7504521474188198,0.7504521474188198,37000000,1
1295409420000,1295409479000,0.7504577792453397,0.7504803073967339,0.7504296209579985,0.7504296209579985,34000000,1
1295409480000,1295409539000,0.7504577792453397,0.7504803073967339,0.7504296209579985,0.7504690431519699,30000000,1
1295409540000,1295409599000,0.7504746752320843,0.7504972043979137,0.7504408840193614,0.7504746752320843,14000000,1
1295409600000,1295409659000,0.7504577792453397,0.7504690431519699,0.75041272699985,0.750435252446419,22000000,1
1295409660000,1295409719000,0.750435252446419,0.7504521474188198,0.7503733107220842,0.7504521474188198,49000000,1
1295409720000,1295409779000,0.7504577792453397,0.7506211389925163,0.7504577792453397,0.7505760671315234,44000000,1
1295409780000,1295409839000,0.7506098705197973,0.7507676599322807,0.7506098705197973,0.7507676599322807,65000000,1
1295409840000,1295409899000,0.750778933143136,0.7508240293722359,0.7506493116545813,0.750666216266937,64000000,1
1295409900000,1295409959000,0.7506943923128894,0.7507225704740813,0.7506943923128894,0.7507225704740813,21000000,1
1295409960000,1295410019000,0.7507225704740813,0.7507282063601695,0.7506549464407696,0.7506887569344874,50000000,1
1295410020000,1295410079000,0.7506887569344874,0.7508071176514753,0.7506887569344874,0.75078456987552,22000000,1
1295410080000,1295410139000,0.75078456987552,0.7508071176514753,0.7506943923128894,0.7506943923128894,51000000,1
1295410140000,1295410199000,0.7506831216406931,0.7506943923128894,0.750581700818134,0.7506042364103103,77000000,1
1295410200000,1295410259000,0.7505929684450716,0.7506436769529872,0.7505591665791014,0.7505986023854023,27000000,1
1295410260000,1295410319000,0.7505704335294824,0.7505986023854023,0.7505478999669759,0.7505986023854023,28000000,1
1295410320000,1295410379000,0.7505986023854023,0.7506098705197973,0.750564800012009,0.7505873345893161,31000000,1
1295410380000,1295410439000,0.7505873345893161,0.7506267733557521,0.7505704335294824,0.7505704335294824,49000000,1
1295410440000,1295410499000,0.7505704335294824,0.750581700818134,0.7505141021599796,0.7505704335294824,55000000,1
1295410500000,1295410559000,0.7505704335294824,0.7505704335294824,0.7505253677574302,0.7505478999669759,31000000,1
1295410560000,1295410619000,0.7505478999669759,0.7506380423359855,0.7505478999669759,0.7506267733557521,43000000,1
1295410620000,1295410679000,0.7506493116545813,0.7507225704740813,0.7506493116545813,0.7507000277759011,12000000,1
1295410680000,1295410739000,0.7506887569344874,0.7508071176514753,0.7506831216406931,0.7507732964953903,59000000,1
1295410740000,1295410799000,0.7507732964953903,0.7508409418548775,0.7507676599322807,0.7508409418548775,68000000,1
1295410800000,1295410859000,0.7508296667817939,0.7508409418548775,0.750778933143136,0.7508409418548775,35000000,1
1295410860000,1295410919000,0.7508578550994511,0.7508578550994511,0.7508127548070787,0.7508409418548775,57000000,1
1295410920000,1295410979000,0.7508409418548775,0.7509029608103744,0.7508240293722359,0.7508747691060085,55000000,1
1295410980000,1295411039000,0.7508747691060085,0.7509142380848683,0.7508522172665976,0.7509029608103744,24000000,1
1295411040000,1295411099000,0.7509029608103744,0.7509085994052804,0.7508916838746011,0.7509029608103744,15000000,1
1295411100000,1295411159000,0.7509029608103744,0.7509029608103744,0.7507958435942099,0.7508240293722359,22000000,1
1295411160000,1295411219000,0.7508183920473316,0.7508465795184069,0.7508127548070787,0.7508183920473316,27000000,1
1295411220000,1295411279000,0.7508183920473316,0.7509029608103744,0.7508183920473316,0.7508634930169694,48000000,1
1295411280000,1295411339000,0.7508634930169694,0.7508634930169694,0.7507676599322807,0.7507676599322807,29000000,1
1295411340000,1295411399000,0.7507620234538056,0.7508465795184069,0.7506831216406931,0.7507507507507507,93000000,1
1295411400000,1295411459000,0.7507451145261673,0.7507620234538056,0.7507000277759011,0.7507282063601695,74000000,1
1295411460000,1295411519000,0.7507169346726124,0.7507451145261673,0.7506831216406931,0.7506831216406931,21000000,1
1295411520000,1295411579000,0.7506774864315044,0.7507620234538056,0.7506774864315044,0.7507620234538056,27000000,1
1295411580000,1295411639000,0.7507620234538056,0.7507620234538056,0.7506887569344874,0.7507056633235242,32000000,1
1295411640000,1295411699000,0.750666216266937,0.7506718513069196,0.7506605813115541,0.7506718513069196,24000000,1
1295411700000,1295411759000,0.7506718513069196,0.7506718513069196,0.7505535332307577,0.7505591665791014,72000000,1
1295411760000,1295411819000,0.7505591665791014,0.7506098705197973,0.7505478999669759,0.7505704335294824,23000000,1
1295411820000,1295411879000,0.7505591665791014,0.7506155047138653,0.7505084694880781,0.7505760671315234,66000000,1
1295411880000,1295411939000,0.7505760671315234,0.750666216266937,0.750564800012009,0.7506549464407696,51000000,1
1295411940000,1295411999000,0.7506493116545813,0.750666216266937,0.7506155047138653,0.7506211389925163,24000000,1
1295412000000,1295412059000,0.7506211389925163,0.7506605813115541,0.7505422667877542,0.7505535332307577,63000000,1
1295412060000,1295412119000,0.750564800012009,0.750564800012009,0.7504465156768276,0.750463411156389,85000000,1
1295412120000,1295412179000,0.750463411156389,0.7504690431519699,0.7503902029055108,0.7504014647836593,67000000,1
1295412180000,1295412239000,0.7503902029055108,0.7505197349164295,0.7503001200480193,0.7503395286367082,91000000,1
1295412240000,1295412299000,0.7503395286367082,0.7504690431519699,0.7503395286367082,0.750435252446419,82000000,1
1295412300000,1295412359000,0.750463411156389,0.7504690431519699,0.7504014647836593,0.75041272699985,18000000,1
1295412360000,1295412419000,0.7504070958494983,0.7504915719796467,0.7503001200480193,0.7503226387346559,51000000,1
1295412420000,1295412479000,0.7503395286367082,0.75041272699985,0.7502944905875556,0.7503676801632799,58000000,1
1295412480000,1295412539000,0.7503676801632799,0.7504070958494983,0.7503451587730356,0.7503789413653895,34000000,1
1295412540000,1295412599000,0.7503451587730356,0.7504070958494983,0.7502776027130038,0.7502888612115665,96000000,1
1295412600000,1295412659000,0.7503057495929591,0.7503338985848702,0.750255086729488,0.7502832319200499,61000000,1
1295412660000,1295412719000,0.7502832319200499,0.7502944905875556,0.7502494579447667,0.750255086729488,34000000,1
1295412720000,1295412779000,0.750255086729488,0.7502663445523161,0.7502438292445045,0.7502438292445045,41000000,1
1295412780000,1295412839000,0.7502382006286996,0.7502382006286996,0.750136899984247,0.7502269436504543,148000000,1
1295412840000,1295412899000,0.7502156870100153,0.7502156870100153,0.7500806336681193,0.7500806336681193,81000000,1
1295412900000,1295412959000,0.7500806336681193,0.7501650363079878,0.7500525036752573,0.7500637554192106,115000000,1
1295412960000,1295413019000,0.7500637554192106,0.7500637554192106,0.7499850002999939,0.750030001200048,152000000,1
1295413020000,1295413079000,0.750030001200048,0.7500862599198908,0.750030001200048,0.7500637554192106,42000000,1
1295413080000,1295413139000,0.7500806336681193,0.7501256460457126,0.7500356266922679,0.7500862599198908,101000000,1
1295413140000,1295413199000,0.7500693814177811,0.7503507889938545,0.7500693814177811,0.7503170089362756,150000000,1
1295413200000,1295413259000,0.7502888612115665,0.7503564192991671,0.750136899984247,0.7501537815252127,91000000,1
1295413260000,1295413319000,0.7501481542604664,0.7501931747424962,0.7500356266922679,0.750097512676648,60000000,1
1295413320000,1295413379000,0.750097512676648,0.750097512676648,0.749979375567172,0.749979375567172,48000000,1
1295413380000,1295413439000,0.749979375567172,0.749979375567172,0.7498275396658769,0.7498612756640022,49000000,1
1295413440000,1295413499000,0.7498612756640022,0.7499231328788799,0.7498050506868215,0.7498500299940013,72000000,1
1295413500000,1295413559000,0.7498444072854883,0.7498612756640022,0.7497994286528353,0.7498444072854883,37000000,1
1295413560000,1295413619000,0.749866898625494,0.749956877479545,0.7498275396658769,0.7499062617172854,56000000,1
1295413620000,1295413679000,0.7499062617172854,0.7499062617172854,0.7498781448014697,0.749889391314781,15000000,1
1295413680000,1295413739000,0.7499006381654431,0.7499400047996161,0.7498950146979423,0.7499175090740019,43000000,1
1295413740000,1295413799000,0.7499175090740019,0.7499962500187499,0.7498500299940013,0.7498500299940013,66000000,1
1295413800000,1295413859000,0.749866898625494,0.7499737509187179,0.7497600767754319,0.7497825630567135,58000000,1
1295413860000,1295413919000,0.7497825630567135,0.7497881848377833,0.7496645251250065,0.7497151082588617,41000000,1
1295413920000,1295413979000,0.7497151082588617,0.7497151082588617,0.7496813854112002,0.7496813854112002,23000000,1
1295413980000,1295414039000,0.7496645251250065,0.74967014513614,0.7495858538157667,0.7495858538157667,57000000,1
1295414040000,1295414099000,0.7495858538157667,0.7498612756640022,0.7495858538157667,0.7498219172946425,65000000,1
1295414100000,1295414159000,0.7498387846612978,0.7500131252296915,0.7498387846612978,0.7499625018749063,66000000,1
1295414160000,1295414219000,0.749979375567172,0.7500581295050367,0.749979375567172,0.7500243757922131,19000000,1
1295414220000,1295414279000,0.7500412522688749,0.7500581295050367,0.750030001200048,0.7500356266922679,19000000,1
1295414280000,1295414339000,0.7500356266922679,0.7500637554192106,0.7500356266922679,0.7500468779298706,21000000,1
1295414340000,1295414399000,0.7500693814177811,0.7501481542604664,0.7500243757922131,0.7500918862560664,46000000,1
1295414400000,1295414459000,0.7500918862560664,0.7500918862560664,0.7499737509187179,0.7500356266922679,49000000,1
1295414460000,1295414519000,0.750030001200048,0.7503395286367082,0.750030001200048,0.7503226387346559,55000000,1
1295414520000,1295414579000,0.7503057495929591,0.7504014647836593,0.7503057495929591,0.7503395286367082,34000000,1
1295414580000,1295414639000,0.7503395286367082,0.7503395286367082,0.7503282686175201,0.7503282686175201,11000000,1
1295414640000,1295414699000,0.7503338985848702,0.7503733107220842,0.7503282686175201,0.7503282686175201,10000000,1
1295414700000,1295414759000,0.7503282686175201,0.7503282686175201,0.7502719735904265,0.7502776027130038,9000000,1
1295414760000,1295414819000,0.7502719735904265,0.7502719735904265,0.7502719735904265,0.7502719735904265,2000000,1
1295414820000,1295414879000,0.7503338985848702,0.7503338985848702,0.7502719735904265,0.7502888612115665,28000000,1
1295414880000,1295414939000,0.7503338985848702,0.7504465156768276,0.7503338985848702,0.7503958338023308,62000000,1
1295414940000,1295414999000,0.7503958338023308,0.7505197349164295,0.7503902029055108,0.7504972043979137,42000000,1
1295415000000,1295415059000,0.7504972043979137,0.7505310006829833,0.7504465156768276,0.7504465156768276,30000000,1
1295415060000,1295415119000,0.7504465156768276,0.7506831216406931,0.7504070958494983,0.75041272699985,75000000,1
1295415120000,1295415179000,0.75041272699985,0.7505028369007234,0.7502776027130038,0.7503338985848702,84000000,1
1295415180000,1295415239000,0.7503338985848702,0.7503958338023308,0.7503338985848702,0.7503395286367082,54000000,1
1295415240000,1295415299000,0.7503395286367082,0.7503395286367082,0.7502776027130038,0.7503395286367082,26000000,1
1295415300000,1295415359000,0.7502832319200499,0.7503395286367082,0.7501312729727703,0.7501762914284856,100000000,1
1295415360000,1295415419000,0.75022131528801,0.7502269436504543,0.7501650363079878,0.7502269436504543,45000000,1
1295415420000,1295415479000,0.7502269436504543,0.7502325720973502,0.7501762914284856,0.75022131528801,53000000,1
1295415480000,1295415539000,0.75022131528801,0.7503113792223772,0.7501762914284856,0.7501819191153855,68000000,1
1295415540000,1295415599000,0.7501988026827109,0.75022131528801,0.7501200192030725,0.7502100588164686,83000000,1
1295415600000,1295415659000,0.7502100588164686,0.750362049688975,0.7501762914284856,0.750362049688975,47000000,1
1295415660000,1295415719000,0.750362049688975,0.7504521474188198,0.7503338985848702,0.7504521474188198,48000000,1
1295415720000,1295415779000,0.75041272699985,0.7504465156768276,0.750362049688975,0.7504183582347159,43000000,1
1295415780000,1295415839000,0.7504183582347159,0.7504183582347159,0.750362049688975,0.7503902029055108,27000000,1
1295415840000,1295415899000,0.7503789413653895,0.7503958338023308,0.7501875468867217,0.750362049688975,141000000,1
1295415900000,1295415959000,0.7503564192991671,0.7503733107220842,0.7500693814177811,0.75022131528801,140000000,1
1295415960000,1295416019000,0.75022131528801,0.7502719735904265,0.7500412522688749,0.7500581295050367,133000000,1
1295416020000,1295416079000,0.7501031391816374,0.7501594088743858,0.7500131252296915,0.7500131252296915,82000000,1
1295416080000,1295416139000,0.7500131252296915,0.7500693814177811,0.7496364263332285,0.7497825630567135,216000000,1
1295416140000,1295416199000,0.7497600767754319,0.7497881848377833,0.7496645251250065,0.7497432129495648,133000000,1
1295416200000,1295416259000,0.7497656982193065,0.7498444072854883,0.7497151082588617,0.7497151082588617,91000000,1
1295416260000,1295416319000,0.7497151082588617,0.7498387846612978,0.7496982464558016,0.7497825630567135,76000000,1
1295416320000,1295416379000,0.7498162950077231,0.7498725216713158,0.7497600767754319,0.7498444072854883,75000000,1
1295416380000,1295416439000,0.7498444072854883,0.7498500299940013,0.7497938067031565,0.7497938067031565,49000000,1
1295416440000,1295416499000,0.7497938067031565,0.7497938067031565,0.7495858538157667,0.7496532853555231,75000000,1
1295416500000,1295416559000,0.7496645251250065,0.7496645251250065,0.7492039707810451,0.7492544917806783,113000000,1
1295416560000,1295416619000,0.7492713336280468,0.7493555542233679,0.7490580594901911,0.7492264237175116,148000000,1
1295416620000,1295416679000,0.7492151970810577,0.7492264237175116,0.7491310080306843,0.7492264237175116,65000000,1
1295416680000,1295416739000,0.7492376506904226,0.7497319708204317,0.7491759065028468,0.7496027105634014,93000000,1
1295416740000,1295416799000,0.7496139488163596,0.74967014513614,0.749462260827856,0.7495465243527665,133000000,1
1295416800000,1295416859000,0.7495184344058943,0.7495577609210566,0.7494060956691821,0.749462260827856,128000000,1
1295416860000,1295416919000,0.749462260827856,0.7495015814483369,0.7494173280274586,0.7494173280274586,85000000,1
1295416920000,1295416979000,0.7494229443328637,0.7494397937541688,0.749209583888997,0.7492432643030539,98000000,1
1295416980000,1295417039000,0.7492488779998052,0.7492488779998052,0.7489851251554144,0.7489963448978368,191000000,1
1295417040000,1295417099000,0.7489851251554144,0.7491141724910293,0.7488505144603034,0.7489682961720231,159000000,1
1295417100000,1295417159000,0.7489795154102535,0.7490356166435713,0.7489065963693008,0.7489065963693008,141000000,1
1295417160000,1295417219000,0.7489065963693008,0.7491141724910293,0.7489065963693008,0.7490412272291467,69000000,1
1295417220000,1295417279000,0.7490524486524546,0.7492769477454257,0.7490468378987738,0.749232037161909,61000000,1
1295417280000,1295417339000,0.7492264237175116,0.749265719594797,0.7491085608126329,0.749142232144195,87000000,1
1295417340000,1295417399000,0.7491253961000532,0.7491702938995063,0.7491253961000532,0.749142232144195,77000000,1
1295417400000,1295417459000,0.7491534565940488,0.7492994050562723,0.7491534565940488,0.7492937906023573,79000000,1
1295417460000,1295417519000,0.7493274785879673,0.7494341771962169,0.7492937906023573,0.7493948636476045,111000000,1
1295417520000,1295417579000,0.749400479616307,0.7495352881213647,0.749400479616307,0.749495963964234,94000000,1
1295417580000,1295417639000,0.7494847292486416,0.7496027105634014,0.7494847292486416,0.7495858538157667,60000000,1
1295417640000,1295417699000,0.7495914726474071,0.7497319708204317,0.7495914726474071,0.7495914726474071,81000000,1
1295417700000,1295417759000,0.749608329647759,0.749608329647759,0.7494791120171481,0.7495184344058943,50000000,1
1295417760000,1295417819000,0.7495184344058943,0.74967014513614,0.7495184344058943,0.74967014513614,31000000,1
1295417820000,1295417879000,0.7496870056751306,0.7497600767754319,0.7496476655971693,0.7496589051981349,29000000,1
1295417880000,1295417939000,0.7496476655971693,0.7497094875735653,0.7496476655971693,0.7497094875735653,19000000,1
1295417940000,1295417999000,0.7497038669725459,0.7497038669725459,0.7496027105634014,0.7496476655971693,28000000,1
1295418000000,1295418059000,0.7496870056751306,0.7497432129495648,0.7496195680692049,0.7497432129495648,24000000,1
1295418060000,1295418119000,0.7497319708204317,0.7498219172946425,0.7497263498822929,0.7497432129495648,34000000,1
1295418120000,1295418179000,0.7497375918428549,0.7499456289419018,0.7497375918428549,0.7499062617172854,67000000,1
1295418180000,1295418239000,0.7499062617172854,0.7500637554192106,0.7498950146979423,0.7499456289419018,56000000,1
1295418240000,1295418299000,0.749956877479545,0.7500075000750007,0.7498556527868385,0.7498781448014697,67000000,1
1295418300000,1295418359000,0.7498556527868385,0.7498556527868385,0.7496364263332285,0.7497207290284369,100000000,1
1295418360000,1295418419000,0.7497094875735653,0.7497263498822929,0.7495184344058943,0.7495689978262499,172000000,1
1295418420000,1295418479000,0.7495689978262499,0.74967014513614,0.749524052226836,0.749524052226836,113000000,1
1295418480000,1295418539000,0.749524052226836,0.7495689978262499,0.7493555542233679,0.7494117118062321,112000000,1
1295418540000,1295418599000,0.7494117118062321,0.7494285607224491,0.7492544917806783,0.7492544917806783,75000000,1
1295418600000,1295418659000,0.7492544917806783,0.7494847292486416,0.7492544917806783,0.7494678778067573,70000000,1
1295418660000,1295418719000,0.7494229443328637,0.7494734948698539,0.7492937906023573,0.7494566439331485,72000000,1
1295418720000,1295418779000,0.7494566439331485,0.7495633793315394,0.7494566439331485,0.7495071990166466,29000000,1
1295418780000,1295418839000,0.7495071990166466,0.7495465243527665,0.7494510271226326,0.7494566439331485,96000000,1
1295418840000,1295418899000,0.7494566439331485,0.7495184344058943,0.7494566439331485,0.749512816669165,29000000,1
1295418900000,1295418959000,0.749512816669165,0.7497207290284369,0.7494510271226326,0.7496139488163596,85000000,1
1295418960000,1295419019000,0.7496251874062968,0.7497375918428549,0.749608329647759,0.7496589051981349,51000000,1
1295419020000,1295419079000,0.7496870056751306,0.7497038669725459,0.7495858538157667,0.7496139488163596,43000000,1
1295419080000,1295419139000,0.7496308068276374,0.7497544554158514,0.7496308068276374,0.74967014513614,85000000,1
1295419140000,1295419199000,0.7496532853555231,0.7497319708204317,0.7496532853555231,0.7496870056751306,21000000,1
1295419200000,1295419259000,0.7496870056751306,0.7497600767754319,0.7496645251250065,0.7497151082588617,65000000,1
1295419260000,1295419319000,0.7497151082588617,0.7497375918428549,0.7496645251250065,0.7497207290284369,73000000,1
1295419320000,1295419379000,0.7497207290284369,0.749911885353471,0.7496364263332285,0.7498444072854883,95000000,1
1295419380000,1295419439000,0.7498556527868385,0.7499625018749063,0.7498331621214279,0.749928756768107,120000000,1
1295419440000,1295419499000,0.749928756768107,0.7501312729727703,0.7499231328788799,0.7501143924448479,110000000,1
1295419500000,1295419559000,0.7501481542604664,0.7501481542604664,0.7500131252296915,0.7501256460457126,122000000,1
1295419560000,1295419619000,0.7501256460457126,0.7501256460457126,0.7497319708204317,0.7497994286528353,121000000,1
1295419620000,1295419679000,0.7497994286528353,0.7498781448014697,0.7497544554158514,0.7498781448014697,137000000,1
1295419680000,1295419739000,0.7498781448014697,0.7500862599198908,0.7498781448014697,0.7499850002999939,113000000,1
1295419740000,1295419799000,0.7499737509187179,0.7500693814177811,0.7498331621214279,0.7500693814177811,132000000,1
1295419800000,1295419859000,0.7500693814177811,0.7501875468867217,0.7500637554192106,0.7501256460457126,100000000,1
1295419860000,1295419919000,0.7501200192030725,0.7501537815252127,0.7500412522688749,0.7500693814177811,101000000,1
1295419920000,1295419979000,0.750097512676648,0.7501425270801452,0.7499006381654431,0.7499231328788799,143000000,1
1295419980000,1295420039000,0.7499231328788799,0.7499231328788799,0.7497600767754319,0.7498050506868215,148000000,1
1295420040000,1295420099000,0.7498050506868215,0.7498950146979423,0.7496813854112002,0.7497375918428549,117000000,1
1295420100000,1295420159000,0.7497375918428549,0.7497375918428549,0.7495577609210566,0.7495858538157667,92000000,1
1295420160000,1295420219000,0.7495858538157667,0.7498275396658769,0.7495409061949556,0.7495802350683618,114000000,1
1295420220000,1295420279000,0.7495465243527665,0.7495521425947996,0.7494060956691821,0.749462260827856,167000000,1
1295420280000,1295420339000,0.749462260827856,0.7495184344058943,0.7493050195943263,0.7494285607224491,175000000,1
1295420340000,1295420399000,0.7494791120171481,0.749608329647759,0.7493780162465153,0.7494341771962169,192000000,1
1295420400000,1295420459000,0.7494510271226326,0.7496420459230717,0.7494173280274586,0.7494847292486416,169000000,1
1295420460000,1295420519000,0.7494847292486416,0.7496027105634014,0.7494285607224491,0.749524052226836,117000000,1
1295420520000,1295420579000,0.7495071990166466,0.7496589051981349,0.7495071990166466,0.7496308068276374,126000000,1
1295420580000,1295420639000,0.7496308068276374,0.7496757652315374,0.749608329647759,0.7496251874062968,93000000,1
1295420640000,1295420699000,0.7496139488163596,0.7497600767754319,0.7495184344058943,0.7496645251250065,153000000,1
1295420700000,1295420759000,0.7496645251250065,0.7497319708204317,0.7495633793315394,0.7496476655971693,90000000,1
1295420760000,1295420819000,0.7496532853555231,0.7498106728051167,0.7496420459230717,0.7497038669725459,102000000,1
1295420820000,1295420879000,0.7497038669725459,0.7497769413599453,0.74967014513614,0.74967014513614,86000000,1
1295420880000,1295420939000,0.7496645251250065,0.7499006381654431,0.7496645251250065,0.7497375918428549,74000000,1
1295420940000,1295420999000,0.7497544554158514,0.7498950146979423,0.7497544554158514,0.7498162950077231,97000000,1
1295421000000,1295421059000,0.7498162950077231,0.7499006381654431,0.7495970915632848,0.7495970915632848,167000000,1
1295421060000,1295421119000,0.7496308068276374,0.7497038669725459,0.7495409061949556,0.7496476655971693,200000000,1
1295421120000,1295421179000,0.7496476655971693,0.7497151082588617,0.7495465243527665,0.7496645251250065,136000000,1
1295421180000,1295421239000,0.7496589051981349,0.7496982464558016,0.7496027105634014,0.7496589051981349,82000000,1
1295421240000,1295421299000,0.7496589051981349,0.74967014513614,0.7496308068276374,0.74967014513614,27000000,1
1295421300000,1295421359000,0.74967014513614,0.7497375918428549,0.7496027105634014,0.7496870056751306,71000000,1
1295421360000,1295421419000,0.7496813854112002,0.7496870056751306,0.7493555542233679,0.749400479616307,132000000,1
1295421420000,1295421479000,0.749400479616307,0.749495963964234,0.7491983577571998,0.749232037161909,141000000,1
1295421480000,1295421539000,0.749232037161909,0.7493948636476045,0.749232037161909,0.74934993892798,103000000,1
1295421540000,1295421599000,0.74934993892798,0.7496420459230717,0.74934993892798,0.7496251874062968,196000000,1
1295421600000,1295421659000,0.7496139488163596,0.7497432129495648,0.7495802350683618,0.7496532853555231,153000000,1
1295421660000,1295421719000,0.7496195680692049,0.7496982464558016,0.7495689978262499,0.7496589051981349,102000000,1
1295421720000,1295421779000,0.7496813854112002,0.7498331621214279,0.7496813854112002,0.7497600767754319,113000000,1
1295421780000,1295421839000,0.7497656982193065,0.7498444072854883,0.7497319708204317,0.7497319708204317,83000000,1
1295421840000,1295421899000,0.7497375918428549,0.7498612756640022,0.7497151082588617,0.7498331621214279,81000000,1
1295421900000,1295421959000,0.7498331621214279,0.749956877479545,0.7498106728051167,0.7498781448014697,107000000,1
1295421960000,1295422019000,0.7498781448014697,0.7498781448014697,0.7496251874062968,0.7496926260233304,67000000,1
1295422020000,1295422079000,0.7496589051981349,0.7498444072854883,0.7495746164051901,0.7497994286528353,107000000,1
1295422080000,1295422139000,0.7497994286528353,0.7498950146979423,0.749771319747477,0.7498612756640022,111000000,1
1295422140000,1295422199000,0.749889391314781,0.7500131252296915,0.7498331621214279,0.7500131252296915,62000000,1
1295422200000,1295422259000,0.7500187504687618,0.7502325720973502,0.7500187504687618,0.7501200192030725,134000000,1
1295422260000,1295422319000,0.7501200192030725,0.7501762914284856,0.7500525036752573,0.7500581295050367,55000000,1
1295422320000,1295422379000,0.7500750075007501,0.7501087657710368,0.7492601056456749,0.7494734948698539,271000000,1
1295422380000,1295422439000,0.7494734948698539,0.749608329647759,0.7486655037395842,0.7487103464282773,327000000,1
1295422440000,1295422499000,0.7486486891161453,0.7488392990864161,0.748189381696295,0.7487047407984188,199000000,1
1295422500000,1295422559000,0.7487215579398178,0.7491927448174592,0.7487215579398178,0.7488673381510466,197000000,1
1295422560000,1295422619000,0.7488673381510466,0.7489178137591181,0.7486767139081673,0.7488617301701413,149000000,1
1295422620000,1295422679000,0.7488617301701413,0.7488897709146191,0.7487776205344775,0.7488897709146191,125000000,1
1295422680000,1295422739000,0.7488897709146191,0.7489570772699016,0.7486094579318916,0.7486935297905155,220000000,1
1295422740000,1295422799000,0.748671108781912,0.7489065963693008,0.7485422140381607,0.7489065963693008,229000000,1
1295422800000,1295422859000,0.7489065963693008,0.7493330935467435,0.7488953793155096,0.7493050195943263,137000000,1
1295422860000,1295422919000,0.7493050195943263,0.7495802350683618,0.749164681380261,0.749209583888997,118000000,1
1295422920000,1295422979000,0.749209583888997,0.74934993892798,0.7491590689451091,0.749164681380261,78000000,1
1295422980000,1295423039000,0.7491759065028468,0.7492994050562723,0.749164681380261,0.7491927448174592,95000000,1
1295423040000,1295423099000,0.7492151970810577,0.7492713336280468,0.7490917262818831,0.7491871319618214,128000000,1
1295423100000,1295423159000,0.7491759065028468,0.7494173280274586,0.7491759065028468,0.74934993892798,140000000,1
1295423160000,1295423219000,0.7493724006144854,0.7493836319627106,0.7491478443270779,0.7491927448174592,79000000,1
1295423220000,1295423279000,0.7491927448174592,0.7494117118062321,0.7491141724910293,0.7492937906023573,95000000,1
1295423280000,1295423339000,0.7492937906023573,0.7495521425947996,0.7492937906023573,0.7495184344058943,114000000,1
1295423340000,1295423399000,0.749524052226836,0.7495802350683618,0.7493050195943263,0.7493050195943263,90000000,1
1295423400000,1295423459000,0.7493218637133394,0.7494791120171481,0.7492544917806783,0.7494791120171481,155000000,1
1295423460000,1295423519000,0.7494791120171481,0.7495465243527665,0.7493836319627106,0.7493836319627106,90000000,1
1295423520000,1295423579000,0.7493780162465153,0.7494285607224491,0.749288176232579,0.7493611696029135,106000000,1
1295423580000,1295423639000,0.7493611696029135,0.7493948636476045,0.7492769477454257,0.7493387085896696,101000000,1
1295423640000,1295423699000,0.7493330935467435,0.7494791120171481,0.7492713336280468,0.7492713336280468,116000000,1
1295423700000,1295423759000,0.7492713336280468,0.7492713336280468,0.7491253961000532,0.7492713336280468,64000000,1
1295423760000,1295423819000,0.749265719594797,0.7495465243527665,0.7492264237175116,0.7494847292486416,133000000,1
1295423820000,1295423879000,0.7494847292486416,0.7495521425947996,0.7493611696029135,0.7493836319627106,69000000,1
1295423880000,1295423939000,0.7493892477630731,0.7494173280274586,0.749232037161909,0.749400479616307,96000000,1
1295423940000,1295423999000,0.7493836319627106,0.7494510271226326,0.7492151970810577,0.7494510271226326,122000000,1
1295424000000,1295424059000,0.7494510271226326,0.7495633793315394,0.7492376506904226,0.7495015814483369,164000000,1
1295424060000,1295424119000,0.749495963964234,0.750030001200048,0.749495963964234,0.749889391314781,188000000,1
1295424120000,1295424179000,0.7498950146979423,0.7500356266922679,0.7498050506868215,0.7498837680159576,224000000,1
1295424180000,1295424239000,0.7499175090740019,0.7505873345893161,0.7499006381654431,0.750362049688975,266000000,1
1295424240000,1295424299000,0.750362049688975,0.7503845720931979,0.7499850002999939,0.7501425270801452,215000000,1
1295424300000,1295424359000,0.750136899984247,0.7501875468867217,0.7499962500187499,0.7500581295050367,174000000,1
1295424360000,1295424419000,0.7500581295050367,0.7500918862560664,0.749979375567172,0.7500918862560664,93000000,1
1295424420000,1295424479000,0.7501087657710368,0.7504465156768276,0.749979375567172,0.7501312729727703,187000000,1
1295424480000,1295424539000,0.7501312729727703,0.7501481542604664,0.7500018750046875,0.7500075000750007,151000000,1
1295424540000,1295424599000,0.7500243757922131,0.7502494579447667,0.7500243757922131,0.750136899984247,97000000,1
1295424600000,1295424659000,0.7501481542604664,0.750463411156389,0.7501425270801452,0.7504577792453397,133000000,1
1295424660000,1295424719000,0.750463411156389,0.7506380423359855,0.7503001200480193,0.7503338985848702,222000000,1
1295424720000,1295424779000,0.7503113792223772,0.7505760671315234,0.7502944905875556,0.7504746752320843,181000000,1
1295424780000,1295424839000,0.7504746752320843,0.7505760671315234,0.7503507889938545,0.7505310006829833,123000000,1
1295424840000,1295424899000,0.7505366336930906,0.7506943923128894,0.7505366336930906,0.7506324078035745,143000000,1
1295424900000,1295424959000,0.7506324078035745,0.7506549464407696,0.7504296209579985,0.7505422667877542,111000000,1
1295424960000,1295425019000,0.7505422667877542,0.7506831216406931,0.7503507889938545,0.7504465156768276,144000000,1
1295425020000,1295425079000,0.7504465156768276,0.7505591665791014,0.7503676801632799,0.75041272699985,138000000,1
1295425080000,1295425139000,0.7503958338023308,0.7506436769529872,0.7503676801632799,0.7505873345893161,132000000,1
1295425140000,1295425199000,0.7505704335294824,0.750756387059963,0.7505704335294824,0.750581700818134,111000000,1
1295425200000,1295425259000,0.750581700818134,0.7508353042760071,0.7504803073967339,0.7507338423308784,142000000,1
1295425260000,1295425319000,0.7507338423308784,0.7508691310191546,0.7506887569344874,0.7508409418548775,149000000,1
1295425320000,1295425379000,0.7508522172665976,0.7511172869643594,0.7505535332307577,0.7505986023854023,232000000,1
1295425380000,1295425439000,0.750581700818134,0.750581700818134,0.7502663445523161,0.7503282686175201,249000000,1
1295425440000,1295425499000,0.7503564192991671,0.7504915719796467,0.7503001200480193,0.7503451587730356,146000000,1
1295425500000,1295425559000,0.750362049688975,0.7506042364103103,0.7502100588164686,0.7504577792453397,197000000,1
1295425560000,1295425619000,0.7504859396459207,0.7505986023854023,0.7504014647836593,0.7505253677574302,219000000,1
1295425620000,1295425679000,0.7505253677574302,0.7510326699211416,0.7505084694880781,0.7510157488002522,226000000,1
1295425680000,1295425739000,0.7510044684765874,0.7512132093330729,0.7510044684765874,0.7511116452349477,189000000,1
1295425740000,1295425799000,0.7510947205552092,0.7511849943285533,0.7509988284418276,0.7510947205552092,141000000,1
1295425800000,1295425859000,0.7510947205552092,0.7512809339924572,0.7510947205552092,0.75125835774923,140000000,1
1295425860000,1295425919000,0.7512414264572206,0.7514164199516088,0.7511172869643594,0.7513881896804346,130000000,1
1295425920000,1295425979000,0.7513825438807405,0.7514220662603978,0.7511060035902867,0.7512132093330729,126000000,1
1295425980000,1295426039000,0.7512132093330729,0.7513599615303699,0.7511285706774429,0.7511285706774429,158000000,1
1295426040000,1295426099000,0.7511229287785239,0.7511342126611182,0.7509142380848683,0.7509706295386788,92000000,1
1295426100000,1295426159000,0.7509819088458158,0.7511398547295521,0.7509480719408252,0.7510665144505198,174000000,1
1295426160000,1295426219000,0.7510608734837958,0.7512244959283633,0.7510608734837958,0.7511342126611182,93000000,1
1295426220000,1295426279000,0.7511624238509093,0.7511849943285533,0.7508747691060085,0.7508747691060085,126000000,1
1295426280000,1295426339000,0.7508747691060085,0.7508747691060085,0.750581700818134,0.7507394783862105,172000000,1
1295426340000,1295426399000,0.7507620234538056,0.7507620234538056,0.7504915719796467,0.7505591665791014,145000000,1
1295426400000,1295426459000,0.7505591665791014,0.7507282063601695,0.7505197349164295,0.7505873345893161,121000000,1
1295426460000,1295426519000,0.7506098705197973,0.7508183920473316,0.7505986023854023,0.75078456987552,118000000,1
1295426520000,1295426579000,0.75078456987552,0.75078456987552,0.750564800012009,0.750564800012009,92000000,1
1295426580000,1295426639000,0.750564800012009,0.7506887569344874,0.7504183582347159,0.7505986023854023,153000000,1
1295426640000,1295426699000,0.7506098705197973,0.7508578550994511,0.7505366336930906,0.7508578550994511,138000000,1
1295426700000,1295426759000,0.7508634930169694,0.7509762691498949,0.7508296667817939,0.7508634930169694,117000000,1
1295426760000,1295426819000,0.7508353042760071,0.7508578550994511,0.7505141021599796,0.7506042364103103,123000000,1
1295426820000,1295426879000,0.7506042364103103,0.7506324078035745,0.7504972043979137,0.7505366336930906,101000000,1
1295426880000,1295426939000,0.7505253677574302,0.7505760671315234,0.7503958338023308,0.7504014647836593,142000000,1
1295426940000,1295426999000,0.7503958338023308,0.7504239895540981,0.7502044307073678,0.7502494579447667,118000000,1
1295427000000,1295427059000,0.7502607155986706,0.7503451587730356,0.7501650363079878,0.7503001200480193,118000000,1
1295427060000,1295427119000,0.7503226387346559,0.7503282686175201,0.7501594088743858,0.7502044307073678,67000000,1
1295427120000,1295427179000,0.7502156870100153,0.7503338985848702,0.7501875468867217,0.7502776027130038,137000000,1
1295427180000,1295427239000,0.7502776027130038,0.7505704335294824,0.7502269436504543,0.7504239895540981,140000000,1
1295427240000,1295427299000,0.750435252446419,0.7505422667877542,0.7503395286367082,0.7505084694880781,117000000,1
1295427300000,1295427359000,0.7505084694880781,0.7505535332307577,0.7503395286367082,0.7503676801632799,89000000,1
1295427360000,1295427419000,0.7503113792223772,0.7503338985848702,0.7500525036752573,0.7502156870100153,103000000,1
1295427420000,1295427479000,0.75022131528801,0.7502438292445045,0.7500018750046875,0.7500750075007501,129000000,1
1295427480000,1295427539000,0.7500637554192106,0.7501875468867217,0.7500412522688749,0.7501875468867217,38000000,1
1295427540000,1295427599000,0.7501819191153855,0.7501819191153855,0.749866898625494,0.7500637554192106,119000000,1
1295427600000,1295427659000,0.7500356266922679,0.750097512676648,0.7497938067031565,0.749979375567172,126000000,1
1295427660000,1295427719000,0.7499850002999939,0.7500243757922131,0.7495914726474071,0.7498219172946425,226000000,1
1295427720000,1295427779000,0.7498219172946425,0.7500075000750007,0.7496589051981349,0.7497263498822929,259000000,1
1295427780000,1295427839000,0.7497038669725459,0.7499906251171861,0.7496982464558016,0.7497881848377833,197000000,1
1295427840000,1295427899000,0.7497881848377833,0.7499850002999939,0.7495970915632848,0.7496926260233304,170000000,1
1295427900000,1295427959000,0.7497094875735653,0.7497656982193065,0.7495914726474071,0.7496476655971693,151000000,1
1295427960000,1295428019000,0.7496813854112002,0.7497600767754319,0.7495465243527665,0.7496813854112002,190000000,1
1295428020000,1295428079000,0.74967014513614,0.7497825630567135,0.7495465243527665,0.7495914726474071,163000000,1
1295428080000,1295428139000,0.7495914726474071,0.7498556527868385,0.749524052226836,0.7498556527868385,178000000,1
1295428140000,1295428199000,0.7498556527868385,0.7498556527868385,0.7494847292486416,0.7496308068276374,173000000,1
1295428200000,1295428259000,0.7496420459230717,0.7497544554158514,0.7496139488163596,0.7497375918428549,114000000,1
1295428260000,1295428319000,0.7497488341405629,0.7498162950077231,0.7495577609210566,0.7496027105634014,130000000,1
1295428320000,1295428379000,0.7496139488163596,0.7497319708204317,0.7493836319627106,0.7494341771962169,157000000,1
1295428380000,1295428439000,0.7494454103963067,0.7496308068276374,0.7494454103963067,0.7495633793315394,111000000,1
1295428440000,1295428499000,0.7495352881213647,0.7495970915632848,0.7493892477630731,0.7494734948698539,97000000,1
1295428500000,1295428559000,0.7494847292486416,0.7495577609210566,0.7492376506904226,0.7493274785879673,107000000,1
1295428560000,1295428619000,0.7493274785879673,0.7493274785879673,0.7492208103572285,0.7492713336280468,81000000,1
1295428620000,1295428679000,0.7492769477454257,0.74934993892798,0.7491759065028468,0.7492039707810451,136000000,1
1295428680000,1295428739000,0.7492151970810577,0.7492994050562723,0.7491759065028468,0.7492994050562723,42000000,1
1295428740000,1295428799000,0.7493106342165208,0.7493218637133394,0.7490412272291467,0.7490861149397735,126000000,1
1295428800000,1295428859000,0.7490748925077529,0.7493050195943263,0.7489626866789496,0.7489626866789496,179000000,1
1295428860000,1295428919000,0.7489626866789496,0.7490300061420461,0.7489290314849765,0.7490187853911375,151000000,1
1295428920000,1295428979000,0.7490243957245688,0.7491590689451091,0.7490131751417507,0.7490243957245688,123000000,1
1295428980000,1295429039000,0.7490019548951022,0.7490917262818831,0.7488673381510466,0.7489009878004028,147000000,1
1295429040000,1295429099000,0.7488953793155096,0.7490187853911375,0.7488392990864161,0.7490187853911375,100000000,1
1295429100000,1295429159000,0.7490187853911375,0.7490187853911375,0.7487551944891617,0.7487551944891617,99000000,1
1295429160000,1295429219000,0.7487383758367151,0.7488673381510466,0.748671108781912,0.748671108781912,117000000,1
1295429220000,1295429279000,0.748671108781912,0.7487608008745527,0.7486150621350501,0.7487103464282773,118000000,1
1295429280000,1295429339000,0.7487215579398178,0.748872946215945,0.7487215579398178,0.7488617301701413,54000000,1
1295429340000,1295429399000,0.748872946215945,0.7490300061420461,0.7487888340609065,0.7489178137591181,174000000,1
1295429400000,1295429459000,0.7489178137591181,0.7489570772699016,0.7488280840484641,0.7489234225800412,151000000,1
1295429460000,1295429519000,0.7489402495468911,0.7490580594901911,0.7488841625977294,0.7488841625977294,106000000,1
1295429520000,1295429579000,0.7488841625977294,0.7490019548951022,0.7487551944891617,0.7488112621213823,81000000,1
1295429580000,1295429639000,0.7487888340609065,0.7489963448978368,0.7487832272557096,0.7489682961720231,146000000,1
1295429640000,1295429699000,0.7489682961720231,0.749142232144195,0.7488505144603034,0.748872946215945,183000000,1
1295429700000,1295429759000,0.7488897709146191,0.7490019548951022,0.7488168693464327,0.7489739057491237,155000000,1
1295429760000,1295429819000,0.7489739057491237,0.7490636704119851,0.7488449067313668,0.7490636704119851,89000000,1
1295429820000,1295429879000,0.7490636704119851,0.7490692814178384,0.7487215579398178,0.7487888340609065,75000000,1
1295429880000,1295429939000,0.7488056549803064,0.7489739057491237,0.7488056549803064,0.7488841625977294,69000000,1
1295429940000,1295429999000,0.7488841625977294,0.7488841625977294,0.748514199314361,0.7485646273271003,92000000,1
1295430000000,1295430059000,0.7485702308590593,0.7486486891161453,0.748502994011976,0.7485926458258475,126000000,1
1295430060000,1295430119000,0.7486150621350501,0.7488224766554593,0.7485870419583037,0.7486879244124672,167000000,1
1295430120000,1295430179000,0.7486823191183517,0.7486823191183517,0.7484525743026293,0.7485646273271003,139000000,1
1295430180000,1295430239000,0.7485646273271003,0.7485646273271003,0.748189381696295,0.7482677601352868,205000000,1
1295430240000,1295430299000,0.7482677601352868,0.748290156991275,0.7479991024010771,0.7481557959629513,244000000,1
1295430300000,1295430359000,0.7481669908723627,0.7482061756937742,0.7481110196753198,0.7481501986338778,126000000,1
1295430360000,1295430419000,0.7481278101550869,0.748161393375779,0.7479319681081809,0.7479767229643813,223000000,1
1295430420000,1295430479000,0.7479543448667892,0.7480830372171311,0.7479543448667892,0.7480382696378747,119000000,1
1295430480000,1295430539000,0.7480214831769969,0.7480550568521843,0.747971128314447,0.7480214831769969,75000000,1
1295430540000,1295430599000,0.747971128314447,0.7481334071491629,0.747920780230958,0.7481334071491629,183000000,1
1295430600000,1295430659000,0.7481557959629513,0.7482453646199662,0.7480998264408403,0.7481110196753198,119000000,1
1295430660000,1295430719000,0.7481166164181673,0.7483349547257352,0.7480718448199765,0.7483293547155974,106000000,1
1295430720000,1295430779000,0.7483405548196873,0.7485534205148551,0.7483181549467571,0.7485085966212321,142000000,1
1295430780000,1295430839000,0.7484973914865907,0.7486655037395842,0.7483573556044483,0.7485590238790328,210000000,1
1295430840000,1295430899000,0.7485814381746589,0.7489851251554144,0.7485422140381607,0.7487215579398178,244000000,1
1295430900000,1295430959000,0.7487383758367151,0.7489009878004028,0.7484469725319961,0.7484469725319961,260000000,1
1295430960000,1295431019000,0.7484469725319961,0.7486823191183517,0.7484413708452149,0.7485870419583037,183000000,1
1295431020000,1295431079000,0.7485702308590593,0.7487720138972086,0.7484525743026293,0.748547817234565,203000000,1
1295431080000,1295431139000,0.748547817234565,0.7488561222732276,0.748463778095459,0.7484861866874246,199000000,1
1295431140000,1295431199000,0.7484917890450742,0.7485310078970021,0.7483405548196873,0.748502994011976,157000000,1
1295431200000,1295431259000,0.7485198020913643,0.7487159521420763,0.7484077624853125,0.748598249777292,195000000,1
1295431260000,1295431319000,0.7485814381746589,0.7491590689451091,0.748547817234565,0.749142232144195,242000000,1
1295431320000,1295431379000,0.749164681380261,0.7492264237175116,0.7489458587038743,0.7489739057491237,193000000,1
1295431380000,1295431439000,0.7489739057491237,0.7490412272291467,0.748637479786788,0.7489009878004028,193000000,1
1295431440000,1295431499000,0.7489402495468911,0.749288176232579,0.7488673381510466,0.7490636704119851,193000000,1
1295431500000,1295431559000,0.7490636704119851,0.7491029492183111,0.7487271638215035,0.7487327697871352,165000000,1
1295431560000,1295431619000,0.7487327697871352,0.7488336915254491,0.7485758344749115,0.748637479786788,124000000,1
1295431620000,1295431679000,0.748637479786788,0.7487103464282773,0.7481781861168055,0.7481781861168055,167000000,1
1295431680000,1295431739000,0.7481446013885563,0.748290156991275,0.7481334071491629,0.7481949796116869,133000000,1
1295431740000,1295431799000,0.7481725884527043,0.7482229704451927,0.7480046974695002,0.7481725884527043,115000000,1
1295431800000,1295431859000,0.748189381696295,0.7486430844095078,0.7481054230162114,0.7486150621350501,206000000,1
1295431860000,1295431919000,0.7486206664221172,0.7486767139081673,0.7484973914865907,0.7486542939067027,168000000,1
1295431920000,1295431979000,0.7486542939067027,0.7486542939067027,0.7484245662879637,0.7485758344749115,106000000,1
1295431980000,1295432039000,0.7485758344749115,0.7486879244124672,0.7485254049522441,0.7485646273271003,94000000,1
1295432040000,1295432099000,0.7485646273271003,0.7487103464282773,0.7484861866874246,0.7486935297905155,119000000,1
1295432100000,1295432159000,0.7486935297905155,0.7487944409500704,0.7484357692422836,0.7484357692422836,143000000,1
1295432160000,1295432219000,0.7484357692422836,0.748598249777292,0.7483573556044483,0.7483573556044483,179000000,1
1295432220000,1295432279000,0.7484021613854421,0.7487047407984188,0.7483461549974557,0.7486879244124672,192000000,1
1295432280000,1295432339000,0.7486879244124672,0.7489290314849765,0.7485590238790328,0.7487215579398178,143000000,1
1295432340000,1295432399000,0.7487215579398178,0.7490805036817307,0.7486262707930947,0.7490748925077529,143000000,1
1295432400000,1295432459000,0.7490692814178384,0.7493555542233679,0.7490692814178384,0.749209583888997,161000000,1
1295432460000,1295432519000,0.749209583888997,0.7492264237175116,0.7489682961720231,0.7490131751417507,129000000,1
1295432520000,1295432579000,0.7490243957245688,0.7493780162465153,0.7490243957245688,0.7493611696029135,125000000,1
1295432580000,1295432639000,0.7493218637133394,0.7495296701319921,0.7490019548951022,0.7490019548951022,186000000,1
1295432640000,1295432699000,0.7490019548951022,0.7491871319618214,0.7488617301701413,0.7490468378987738,125000000,1
1295432700000,1295432759000,0.7490468378987738,0.7491029492183111,0.7488280840484641,0.7489739057491237,132000000,1
1295432760000,1295432819000,0.7489739057491237,0.7490412272291467,0.7487720138972086,0.7488112621213823,138000000,1
1295432820000,1295432879000,0.7488056549803064,0.7489009878004028,0.7487776205344775,0.7488505144603034,105000000,1
1295432880000,1295432939000,0.748872946215945,0.7490580594901911,0.7488505144603034,0.7488505144603034,125000000,1
1295432940000,1295432999000,0.7488392990864161,0.7489234225800412,0.7488336915254491,0.7488617301701413,86000000,1
1295433000000,1295433059000,0.7488617301701413,0.7489907349846083,0.7487832272557096,0.7489290314849765,196000000,1
1295433060000,1295433119000,0.7489346404739259,0.7490187853911375,0.748514199314361,0.748637479786788,190000000,1
1295433120000,1295433179000,0.748637479786788,0.748637479786788,0.7481054230162114,0.7481446013885563,266000000,1
1295433180000,1295433239000,0.748161393375779,0.7484021613854421,0.7480830372171311,0.74839095943721,189000000,1
1295433240000,1295433299000,0.74839095943721,0.7484973914865907,0.7480774409766899,0.7481222132447556,219000000,1
1295433300000,1295433359000,0.7481669908723627,0.748189381696295,0.7479375621723099,0.7479991024010771,221000000,1
1295433360000,1295433419000,0.7479991024010771,0.7481669908723627,0.7477362285680104,0.7480774409766899,194000000,1
1295433420000,1295433479000,0.7480718448199765,0.7483797578243104,0.7479823176980096,0.748189381696295,207000000,1
1295433480000,1295433539000,0.748189381696295,0.748323754789272,0.7480606527577256,0.7482397659506012,209000000,1
1295433540000,1295433599000,0.7482285688632163,0.7489626866789496,0.748161393375779,0.7488785543648387,204000000,1
1295433600000,1295433659000,0.7489234225800412,0.7489626866789496,0.7487832272557096,0.7489065963693008,164000000,1
1295433660000,1295433719000,0.7488785543648387,0.7488897709146191,0.7485590238790328,0.7487439819702449,183000000,1
1295433720000,1295433779000,0.7487608008745527,0.7492825619469358,0.7486542939067027,0.7491478443270779,188000000,1
1295433780000,1295433839000,0.7491366200453977,0.7492376506904226,0.7488224766554593,0.7489570772699016,141000000,1
1295433840000,1295433899000,0.7489514679448772,0.7491702938995063,0.7488449067313668,0.7490131751417507,177000000,1
1295433900000,1295433959000,0.7490019548951022,0.7492601056456749,0.7489907349846083,0.7492601056456749,104000000,1
1295433960000,1295434019000,0.7492544917806783,0.7492544917806783,0.7489178137591181,0.7490075649764063,164000000,1
1295434020000,1295434079000,0.7490075649764063,0.7491141724910293,0.7488336915254491,0.7490805036817307,96000000,1
1295434080000,1295434139000,0.7490636704119851,0.7491253961000532,0.7489739057491237,0.7490243957245688,93000000,1
1295434140000,1295434199000,0.7490356166435713,0.7491927448174592,0.7490243957245688,0.7491927448174592,125000000,1
1295434200000,1295434259000,0.7491871319618214,0.7492208103572285,0.7489907349846083,0.7491702938995063,182000000,1
1295434260000,1295434319000,0.7491702938995063,0.749316248922858,0.7491253961000532,0.749316248922858,139000000,1
1295434320000,1295434379000,0.7493387085896696,0.7494397937541688,0.7492994050562723,0.7493555542233679,98000000,1
1295434380000,1295434439000,0.7493555542233679,0.7495071990166466,0.7492488779998052,0.7494397937541688,136000000,1
1295434440000,1295434499000,0.7494117118062321,0.749462260827856,0.7492937906023573,0.7493948636476045,120000000,1
1295434500000,1295434559000,0.7493780162465153,0.7493780162465153,0.7491141724910293,0.749209583888997,124000000,1
1295434560000,1295434619000,0.7492432643030539,0.749288176232579,0.7489514679448772,0.7490019548951022,130000000,1
1295434620000,1295434679000,0.7489739057491237,0.7489795154102535,0.7487608008745527,0.7487776205344775,104000000,1
1295434680000,1295434739000,0.7487664073439009,0.7494903465643362,0.7487664073439009,0.7491702938995063,190000000,1
1295434740000,1295434799000,0.7491983577571998,0.7493780162465153,0.7491085608126329,0.7491085608126329,143000000,1
1295434800000,1295434859000,0.7491085608126329,0.7491366200453977,0.7489739057491237,0.7491310080306843,115000000,1
1295434860000,1295434919000,0.7491310080306843,0.7491366200453977,0.7490748925077529,0.7490748925077529,65000000,1
1295434920000,1295434979000,0.7490748925077529,0.749142232144195,0.7490748925077529,0.7491141724910293,60000000,1
1295434980000,1295435039000,0.7491253961000532,0.7491702938995063,0.7489626866789496,0.7491366200453977,78000000,1
1295435040000,1295435099000,0.7491366200453977,0.7492825619469358,0.7490356166435713,0.7492039707810451,145000000,1
1295435100000,1295435159000,0.7492151970810577,0.7493443237167479,0.7491141724910293,0.7493443237167479,123000000,1
1295435160000,1295435219000,0.7493387085896696,0.7494397937541688,0.7492264237175116,0.7494285607224491,127000000,1
1295435220000,1295435279000,0.749400479616307,0.7496645251250065,0.7493555542233679,0.7496645251250065,147000000,1
1295435280000,1295435339000,0.7496757652315374,0.7496757652315374,0.7494397937541688,0.7494847292486416,63000000,1
1295435340000,1295435399000,0.7494847292486416,0.7494847292486416,0.7493330935467435,0.7493948636476045,84000000,1
1295435400000,1295435459000,0.7493948636476045,0.7495577609210566,0.7493218637133394,0.7495184344058943,166000000,1
1295435460000,1295435519000,0.7495184344058943,0.7496420459230717,0.7493667850666187,0.7495409061949556,151000000,1
1295435520000,1295435579000,0.7495465243527665,0.7496926260233304,0.7494678778067573,0.7494903465643362,88000000,1
1295435580000,1295435639000,0.7495015814483369,0.7498050506868215,0.7495015814483369,0.7497994286528353,92000000,1
1295435640000,1295435699000,0.7498219172946425,0.7498444072854883,0.7497263498822929,0.7497488341405629,59000000,1
1295435700000,1295435759000,0.7497488341405629,0.7497600767754319,0.7496308068276374,0.7497544554158514,81000000,1
1295435760000,1295435819000,0.7497544554158514,0.7498219172946425,0.7496420459230717,0.7497319708204317,98000000,1
1295435820000,1295435879000,0.7497319708204317,0.749771319747477,0.7496364263332285,0.7497263498822929,92000000,1
1295435880000,1295435939000,0.7497263498822929,0.7497881848377833,0.7496195680692049,0.7496982464558016,61000000,1
1295435940000,1295435999000,0.7497600767754319,0.7497881848377833,0.7497263498822929,0.7497319708204317,68000000,1
1295436000000,1295436059000,0.7497488341405629,0.7497769413599453,0.7496982464558016,0.7496982464558016,36000000,1
1295436060000,1295436119000,0.7497094875735653,0.7498050506868215,0.7497094875735653,0.7497263498822929,46000000,1
1295436120000,1295436179000,0.7497263498822929,0.750030001200048,0.7497263498822929,0.7498612756640022,119000000,1
1295436180000,1295436239000,0.7498612756640022,0.7500693814177811,0.7497263498822929,0.749979375567172,117000000,1
1295436240000,1295436299000,0.749951253168544,0.749951253168544,0.7497600767754319,0.7498331621214279,104000000,1
1295436300000,1295436359000,0.7498331621214279,0.7501031391816374,0.7498331621214279,0.7500018750046875,121000000,1
1295436360000,1295436419000,0.7499962500187499,0.7501481542604664,0.749911885353471,0.7499962500187499,112000000,1
1295436420000,1295436479000,0.7500018750046875,0.7501762914284856,0.749956877479545,0.7501481542604664,106000000,1
1295436480000,1295436539000,0.7501481542604664,0.7503226387346559,0.7501425270801452,0.7502663445523161,119000000,1
1295436540000,1295436599000,0.7502607155986706,0.7503113792223772,0.7501988026827109,0.7502663445523161,76000000,1
1295436600000,1295436659000,0.7502776027130038,0.7503564192991671,0.7502438292445045,0.7502663445523161,111000000,1
1295436660000,1295436719000,0.7502719735904265,0.750435252446419,0.7502438292445045,0.7503282686175201,84000000,1
1295436720000,1295436779000,0.7503338985848702,0.7503507889938545,0.7501875468867217,0.7503170089362756,119000000,1
1295436780000,1295436839000,0.7503170089362756,0.7503507889938545,0.7502044307073678,0.7502156870100153,147000000,1
1295436840000,1295436899000,0.7502156870100153,0.7504408840193614,0.7502156870100153,0.7503451587730356,75000000,1
1295436900000,1295436959000,0.7503170089362756,0.75041272699985,0.7502382006286996,0.7502382006286996,84000000,1
1295436960000,1295437019000,0.7502438292445045,0.7502888612115665,0.7501425270801452,0.7502156870100153,131000000,1
1295437020000,1295437079000,0.75022131528801,0.750255086729488,0.7500693814177811,0.7501425270801452,55000000,1
1295437080000,1295437139000,0.7501312729727703,0.7501312729727703,0.749866898625494,0.7499850002999939,97000000,1
1295437140000,1295437199000,0.749979375567172,0.7500750075007501,0.749979375567172,0.7500075000750007,61000000,1
1295437200000,1295437259000,0.7500356266922679,0.7500356266922679,0.7498387846612978,0.7498387846612978,111000000,1
1295437260000,1295437319000,0.7498275396658769,0.7499400047996161,0.7497994286528353,0.7498725216713158,65000000,1
1295437320000,1295437379000,0.7498725216713158,0.7500075000750007,0.7498556527868385,0.749951253168544,86000000,1
1295437380000,1295437439000,0.749951253168544,0.7500131252296915,0.7499006381654431,0.749979375567172,58000000,1
1295437440000,1295437499000,0.749956877479545,0.7500637554192106,0.7499343807416851,0.7500637554192106,72000000,1
1295437500000,1295437559000,0.7500637554192106,0.7500862599198908,0.7498331621214279,0.749866898625494,112000000,1
1295437560000,1295437619000,0.7498837680159576,0.7499737509187179,0.7498275396658769,0.7499625018749063,113000000,1
1295437620000,1295437679000,0.749956877479545,0.7501200192030725,0.749956877479545,0.7501087657710368,46000000,1
1295437680000,1295437739000,0.7501143924448479,0.7501481542604664,0.7498837680159576,0.7500637554192106,107000000,1
1295437740000,1295437799000,0.7500806336681193,0.7500806336681193,0.7498781448014697,0.7498781448014697,47000000,1
1295437800000,1295437859000,0.7498950146979423,0.7501087657710368,0.7498950146979423,0.7501087657710368,88000000,1
1295437860000,1295437919000,0.750097512676648,0.7501931747424962,0.7500637554192106,0.7501425270801452,73000000,1
1295437920000,1295437979000,0.7501425270801452,0.7501425270801452,0.750030001200048,0.750030001200048,94000000,1
1295437980000,1295438039000,0.7500412522688749,0.7501819191153855,0.7500018750046875,0.7500356266922679,172000000,1
1295438040000,1295438099000,0.7500356266922679,0.750136899984247,0.7499343807416851,0.7500918862560664,150000000,1
1295438100000,1295438159000,0.7500918862560664,0.75022131528801,0.7500525036752573,0.7501819191153855,126000000,1
1295438160000,1295438219000,0.7501988026827109,0.7502888612115665,0.7501537815252127,0.7501537815252127,86000000,1
1295438220000,1295438279000,0.7501481542604664,0.7504070958494983,0.7501481542604664,0.7504070958494983,66000000,1
1295438280000,1295438339000,0.750435252446419,0.7504521474188198,0.7503733107220842,0.7504521474188198,43000000,1
1295438340000,1295438399000,0.7504183582347159,0.7504690431519699,0.7502944905875556,0.7504070958494983,133000000,1
1295438400000,1295438459000,0.75041272699985,0.7504239895540981,0.7502438292445045,0.7503057495929591,126000000,1
1295438460000,1295438519000,0.7503170089362756,0.7503733107220842,0.7502044307073678,0.7502832319200499,103000000,1
1295438520000,1295438579000,0.7502832319200499,0.750362049688975,0.7501312729727703,0.7501312729727703,91000000,1
1295438580000,1295438639000,0.7501200192030725,0.7502044307073678,0.7499850002999939,0.7501650363079878,90000000,1
1295438640000,1295438699000,0.7501706638260205,0.7503338985848702,0.7501481542604664,0.75022131528801,130000000,1
1295438700000,1295438759000,0.75022131528801,0.7503507889938545,0.7501594088743858,0.7502438292445045,101000000,1
1295438760000,1295438819000,0.7502494579447667,0.7503338985848702,0.7500243757922131,0.7500243757922131,72000000,1
1295438820000,1295438879000,0.7500412522688749,0.7502269436504543,0.750030001200048,0.750030001200048,63000000,1
1295438880000,1295438939000,0.7500412522688749,0.7501425270801452,0.7498050506868215,0.7498050506868215,91000000,1
1295438940000,1295438999000,0.7497488341405629,0.7499231328788799,0.7497488341405629,0.7498837680159576,155000000,1
1295439000000,1295439059000,0.749889391314781,0.750097512676648,0.7498556527868385,0.7500862599198908,109000000,1
1295439060000,1295439119000,0.7500862599198908,0.7501819191153855,0.7500637554192106,0.7501762914284856,44000000,1
1295439120000,1295439179000,0.7501594088743858,0.7503733107220842,0.7500637554192106,0.7502269436504543,123000000,1
1295439180000,1295439239000,0.75022131528801,0.7503395286367082,0.7500581295050367,0.7501875468867217,180000000,1
1295439240000,1295439299000,0.7501875468867217,0.7502156870100153,0.7497263498822929,0.7497263498822929,203000000,1
1295439300000,1295439359000,0.7497375918428549,0.7498837680159576,0.7495184344058943,0.7495746164051901,205000000,1
1295439360000,1295439419000,0.7495746164051901,0.7497769413599453,0.749462260827856,0.749495963964234,158000000,1
1295439420000,1295439479000,0.7495071990166466,0.74967014513614,0.7494678778067573,0.7496364263332285,115000000,1
1295439480000,1295439539000,0.7496476655971693,0.7497207290284369,0.7493948636476045,0.7493948636476045,88000000,1
1295439540000,1295439599000,0.7493892477630731,0.7495633793315394,0.7492601056456749,0.7492825619469358,99000000,1
1295439600000,1295439659000,0.7492937906023573,0.7494903465643362,0.7492488779998052,0.7494903465643362,141000000,1
1295439660000,1295439719000,0.7495071990166466,0.7495858538157667,0.7493892477630731,0.7494678778067573,105000000,1
1295439720000,1295439779000,0.7494791120171481,0.7495521425947996,0.7493892477630731,0.7494791120171481,118000000,1
1295439780000,1295439839000,0.7494791120171481,0.749524052226836,0.7493555542233679,0.7493780162465153,88000000,1
1295439840000,1295439899000,0.7493780162465153,0.7495071990166466,0.7492937906023573,0.7493106342165208,126000000,1
1295439900000,1295439959000,0.7493050195943263,0.7493724006144854,0.7492264237175116,0.749232037161909,91000000,1
1295439960000,1295440019000,0.749232037161909,0.7493274785879673,0.7490243957245688,0.7491759065028468,139000000,1
1295440020000,1295440079000,0.7491478443270779,0.7492601056456749,0.7490300061420461,0.7492039707810451,88000000,1
1295440080000,1295440139000,0.7491927448174592,0.749316248922858,0.749164681380261,0.7492544917806783,104000000,1
1295440140000,1295440199000,0.749232037161909,0.7493218637133394,0.7490524486524546,0.7490580594901911,93000000,1
1295440200000,1295440259000,0.7490524486524546,0.749142232144195,0.7489795154102535,0.7489795154102535,82000000,1
1295440260000,1295440319000,0.7489963448978368,0.749209583888997,0.7489963448978368,0.7491534565940488,100000000,1
1295440320000,1295440379000,0.7491253961000532,0.749316248922858,0.7491253961000532,0.749209583888997,106000000,1
1295440380000,1295440439000,0.749209583888997,0.7494397937541688,0.7491702938995063,0.7494397937541688,132000000,1
1295440440000,1295440499000,0.7494117118062321,0.749462260827856,0.7491759065028468,0.7494173280274586,135000000,1
1295440500000,1295440559000,0.7493836319627106,0.7494903465643362,0.7491534565940488,0.7493836319627106,137000000,1
1295440560000,1295440619000,0.7494341771962169,0.7494566439331485,0.7492264237175116,0.749400479616307,124000000,1
1295440620000,1295440679000,0.7493836319627106,0.749400479616307,0.749232037161909,0.749232037161909,91000000,1
1295440680000,1295440739000,0.7492376506904226,0.7494060956691821,0.7492376506904226,0.7493330935467435,97000000,1
1295440740000,1295440799000,0.7493836319627106,0.7494454103963067,0.7492825619469358,0.749316248922858,37000000,1
1295440800000,1295440859000,0.7493274785879673,0.7495689978262499,0.7493274785879673,0.7495184344058943,47000000,1
1295440860000,1295440919000,0.749512816669165,0.7495633793315394,0.7493667850666187,0.7495184344058943,123000000,1
1295440920000,1295440979000,0.7495071990166466,0.7496813854112002,0.7494903465643362,0.7496476655971693,107000000,1
1295440980000,1295441039000,0.7496364263332285,0.7496532853555231,0.7495296701319921,0.7495521425947996,80000000,1
1295441040000,1295441099000,0.7495409061949556,0.7495409061949556,0.749400479616307,0.7494397937541688,70000000,1
1295441100000,1295441159000,0.7494397937541688,0.749495963964234,0.7491253961000532,0.7491253961000532,96000000,1
1295441160000,1295441219000,0.7491029492183111,0.7491702938995063,0.7490692814178384,0.7491141724910293,83000000,1
1295441220000,1295441279000,0.7491197842535021,0.749164681380261,0.7487944409500704,0.7487944409500704,104000000,1
1295441280000,1295441339000,0.7488449067313668,0.7489514679448772,0.7487159521420763,0.7489514679448772,140000000,1
1295441340000,1295441399000,0.7489514679448772,0.7489514679448772,0.7487720138972086,0.7488280840484641,118000000,1
1295441400000,1295441459000,0.7488505144603034,0.7489065963693008,0.7486094579318916,0.7486991352524988,198000000,1
1295441460000,1295441519000,0.7486879244124672,0.7487215579398178,0.7483069555131515,0.7484525743026293,224000000,1
1295441520000,1295441579000,0.7484525743026293,0.7484525743026293,0.7477306375151416,0.7479935074163556,300000000,1
1295441580000,1295441639000,0.7479935074163556,0.7480326740672032,0.7476691414515249,0.747753002228304,195000000,1
1295441640000,1295441699000,0.747764185086591,0.747920780230958,0.7475182394450425,0.747585299482671,202000000,1
1295441700000,1295441759000,0.747585299482671,0.7476467817544279,0.7471496241837391,0.7472724555372888,243000000,1
1295441760000,1295441819000,0.7472668714177895,0.7475517679599313,0.74722220146605,0.7475461796652488,222000000,1
1295441820000,1295441879000,0.747557356338165,0.747764185086591,0.7475070639417543,0.747557356338165,159000000,1
1295441880000,1295441939000,0.7475350033265307,0.7476356024073866,0.7474567783117941,0.7476356024073866,139000000,1
1295441940000,1295441999000,0.7476356024073866,0.7478145120884216,0.7475461796652488,0.7478145120884216,126000000,1
1295442000000,1295442059000,0.7478201043956866,0.7478760320689242,0.7474400179385604,0.7476356024073866,200000000,1
1295442060000,1295442119000,0.7476356024073866,0.7477585936156372,0.7474511914371992,0.7476970929537026,169000000,1
1295442120000,1295442179000,0.7476970929537026,0.747775368279369,0.7473450566861225,0.7476300128592361,266000000,1
1295442180000,1295442239000,0.7476300128592361,0.7477194556602363,0.7474847139376,0.747557356338165,213000000,1
1295442240000,1295442299000,0.747557356338165,0.7476691414515249,0.7473953272844138,0.7476691414515249,229000000,1
1295442300000,1295442359000,0.7476523715533225,0.7477418197044924,0.7474064994469192,0.7474903013133405,210000000,1
1295442360000,1295442419000,0.7474847139376,0.7476020663721115,0.7473729839613757,0.747540591454116,214000000,1
1295442420000,1295442479000,0.7475126516516293,0.7477474109245896,0.747473539436704,0.7477250465458841,159000000,1
1295442480000,1295442539000,0.7477418197044924,0.7480550568521843,0.7476020663721115,0.7476579614358023,223000000,1
1295442540000,1295442599000,0.7476579614358023,0.7476915024860742,0.7475238273219958,0.7475685333452945,138000000,1
1295442600000,1295442659000,0.7475685333452945,0.7475685333452945,0.7470547367005581,0.7471161317315164,212000000,1
1295442660000,1295442719000,0.7471049682480388,0.7474791266453884,0.7470770609988421,0.7474791266453884,193000000,1
1295442720000,1295442779000,0.7474679523115446,0.7474679523115446,0.7470714797991872,0.7471831196389611,167000000,1
1295442780000,1295442839000,0.7471831196389611,0.747211034812562,0.7467813722854497,0.7467813722854497,145000000,1
1295442840000,1295442899000,0.7467813722854497,0.7469208189239859,0.7467367603572389,0.7468092574475553,82000000,1
1295442900000,1295442959000,0.746814834729877,0.7471105499480758,0.7467757955029162,0.7470938050981681,217000000,1
1295442960000,1295443019000,0.7471049682480388,0.747205451610975,0.7470100921063444,0.7470491558344539,150000000,1
1295443020000,1295443079000,0.7470770609988421,0.7471496241837391,0.7469542938667583,0.7469542938667583,96000000,1
1295443080000,1295443139000,0.7469487145012623,0.7471496241837391,0.7469487145012623,0.7470100921063444,110000000,1
1295443140000,1295443199000,0.7470156723888067,0.7470658986829228,0.7468985039622965,0.7469766121622732,159000000,1
1295443200000,1295443259000,0.7469766121622732,0.7470156723888067,0.7467813722854497,0.7468706121351536,221000000,1
1295443260000,1295443319000,0.7468706121351536,0.7469598733156055,0.7468259895444361,0.7469040825777155,155000000,1
1295443320000,1295443379000,0.7469096612764685,0.7469821919445441,0.7467088806087171,0.7467757955029162,184000000,1
1295443380000,1295443439000,0.7467702188036741,0.7470993866314035,0.7467702188036741,0.7469208189239859,143000000,1
1295443440000,1295443499000,0.7469208189239859,0.7470993866314035,0.7469208189239859,0.7470658986829228,100000000,1
1295443500000,1295443559000,0.7470658986829228,0.7470993866314035,0.7468817686160281,0.746971032463361,81000000,1
1295443560000,1295443619000,0.746971032463361,0.7469766121622732,0.7466252538525863,0.7466587023071755,132000000,1
1295443620000,1295443679000,0.7466698524580372,0.7467646421877217,0.7464692006807799,0.7464747728850503,109000000,1
1295443680000,1295443739000,0.746458056521804,0.746458056521804,0.7462296745692388,0.7462686567164178,161000000,1
1295443740000,1295443799000,0.7462686567164178,0.7465193535142398,0.746207400885002,0.746458056521804,234000000,1
1295443800000,1295443859000,0.7464524845670949,0.746458056521804,0.7458623287313628,0.7459346561241236,273000000,1
1295443860000,1295443919000,0.7459235279199177,0.7462296745692388,0.7457288380798974,0.7459513490530147,240000000,1
1295443920000,1295443979000,0.7459457846603709,0.7459457846603709,0.7449011516171804,0.7449011516171804,244000000,1
1295443980000,1295444039000,0.7449288965368255,0.7449732927074564,0.7444852256906962,0.7445794615201334,240000000,1
1295444040000,1295444099000,0.7445739175756673,0.7445739175756673,0.7440199397343848,0.7444131790909226,286000000,1
1295444100000,1295444159000,0.744407637622362,0.7447069950328044,0.744324525493115,0.7446737212090523,224000000,1
1295444160000,1295444219000,0.7446570854121677,0.7449067004357705,0.7445572862376031,0.7447458182522305,205000000,1
1295444220000,1295444279000,0.7447569113441374,0.7449621931686967,0.7446016381236039,0.7447291792339715,226000000,1
1295444280000,1295444339000,0.7447569113441374,0.7448456679775951,0.7446071824808823,0.7447180869681782,173000000,1
1295444340000,1295444399000,0.7447125409591897,0.7447125409591897,0.744324525493115,0.744407637622362,232000000,1
1295444400000,1295444459000,0.744424262275556,0.7445905496567436,0.7443079052942622,0.7444685983145231,182000000,1
1295444460000,1295444519000,0.7444685983145231,0.7447735516016356,0.7444408876713144,0.7446681758608363,212000000,1
1295444520000,1295444579000,0.7446681758608363,0.7449177983209553,0.7445739175756673,0.7449011516171804,228000000,1
1295444580000,1295444639000,0.7449011516171804,0.7449954927772687,0.7447402718301992,0.744751364756876,194000000,1
1295444640000,1295444699000,0.7447402718301992,0.74487895716946,0.7447180869681782,0.7448678604415577,180000000,1
1295444700000,1295444759000,0.7448956028812561,0.7449843925769756,0.744817929257193,0.744890054227996,116000000,1
1295444760000,1295444819000,0.744890054227996,0.7451620354846161,0.744890054227996,0.7451620354846161,73000000,1
1295444820000,1295444879000,0.7451620354846161,0.7453008779644342,0.7449732927074564,0.7452397808995044,203000000,1
1295444880000,1295444939000,0.7452397808995044,0.7453286526693945,0.7451509303209366,0.7452564427419475,160000000,1
1295444940000,1295444999000,0.7452064594495905,0.7452231198020688,0.7449899426357743,0.7451953529617789,156000000,1
1295445000000,1295445059000,0.7451953529617789,0.7454342154304883,0.7451953529617789,0.7453619850480385,130000000,1
1295445060000,1295445119000,0.7453619850480385,0.745450885968378,0.7452953232718464,0.7453175425389987,122000000,1
1295445120000,1295445179000,0.7453953204081785,0.7454953443815743,0.7453119875980085,0.7454675572519084,92000000,1
1295445180000,1295445239000,0.7454842292811296,0.7454842292811296,0.7453397631310233,0.7453564294445604,98000000,1
1295445240000,1295445299000,0.7453675407343361,0.7456843518138772,0.7452397808995044,0.745678791403815,115000000,1
1295445300000,1295445359000,0.745678791403815,0.7457455217981416,0.7455620419453205,0.7456843518138772,146000000,1
1295445360000,1295445419000,0.7456621106711705,0.7458456397863898,0.745650990597341,0.7457510832034484,87000000,1
1295445420000,1295445479000,0.7457177160157794,0.7458678918789905,0.7455231335828351,0.7455953952028392,189000000,1
1295445480000,1295445539000,0.7456287514446557,0.7456954728827841,0.7454175456381893,0.7456954728827841,155000000,1
1295445540000,1295445599000,0.7457010335416324,0.7457010335416324,0.7453564294445604,0.745528691671699,149000000,1
1295445600000,1295445659000,0.7455175755768442,0.745650990597341,0.7454564429800367,0.745650990597341,149000000,1
1295445660000,1295445719000,0.7456398708551744,0.745762206262911,0.7455453664355476,0.745762206262911,151000000,1
1295445720000,1295445779000,0.7457955774322258,0.7459680427290495,0.7457566446917042,0.7459680427290495,117000000,1
1295445780000,1295445839000,0.7459680427290495,0.7460737866975045,0.7459068362361542,0.7459791722615104,133000000,1
1295445840000,1295445899000,0.7459680427290495,0.7460125628515585,0.7455787182010677,0.7457232770063684,190000000,1
1295445900000,1295445959000,0.7457232770063684,0.7457566446917042,0.7455342498434377,0.7457566446917042,143000000,1
1295445960000,1295446019000,0.7457566446917042,0.7459958671828958,0.7456843518138772,0.7459958671828958,123000000,1
1295446020000,1295446079000,0.7459958671828958,0.7461906964943961,0.7459736074537683,0.7461628575052791,148000000,1
1295446080000,1295446139000,0.7461628575052791,0.7461906964943961,0.7460292592675485,0.7461127525591668,104000000,1
1295446140000,1295446199000,0.7461127525591668,0.7463299226055871,0.7460960524057868,0.7462352431980658,119000000,1
1295446200000,1295446259000,0.7462519495832183,0.7465304995035572,0.7461906964943961,0.7465026351543022,120000000,1
1295446260000,1295446319000,0.7465026351543022,0.7465082078577454,0.7462241060235211,0.7462686567164178,171000000,1
1295446320000,1295446379000,0.7462686567164178,0.7462797952208242,0.7460236937125123,0.7460236937125123,162000000,1
1295446380000,1295446439000,0.7460403906267484,0.7460403906267484,0.7457566446917042,0.7457566446917042,155000000,1
1295446440000,1295446499000,0.7457677679170707,0.7459513490530147,0.745650990597341,0.7458845818198092,169000000,1
1295446500000,1295446559000,0.7458845818198092,0.7459513490530147,0.7457288380798974,0.745773329654185,144000000,1
1295446560000,1295446619000,0.745773329654185,0.7459680427290495,0.7457455217981416,0.7458567656667213,167000000,1
1295446620000,1295446679000,0.7458289515882428,0.7459179639423257,0.745734399236368,0.7459179639423257,160000000,1
1295446680000,1295446739000,0.7459402203507411,0.7459903021260723,0.7458122641368715,0.7458734551096061,151000000,1
1295446740000,1295446799000,0.7458623287313628,0.7458678918789905,0.7453453184860546,0.7453453184860546,169000000,1
1295446800000,1295446859000,0.7453397631310233,0.7455342498434377,0.7452564427419475,0.7455342498434377,148000000,1
1295446860000,1295446919000,0.7455564833591792,0.7456676708324633,0.7453842082901632,0.7454231021527818,110000000,1
1295446920000,1295446979000,0.7454342154304883,0.7454675572519084,0.7449899426357743,0.7452064594495905,179000000,1
1295446980000,1295447039000,0.7452120128176466,0.7455175755768442,0.7452120128176466,0.7454897867899211,115000000,1
1295447040000,1295447099000,0.7454564429800367,0.7456843518138772,0.7454175456381893,0.7456009543692216,88000000,1
1295447100000,1295447159000,0.74563431110846,0.7458512026850642,0.745589836119354,0.7458345142379809,105000000,1
1295447160000,1295447219000,0.7458345142379809,0.7459068362361542,0.7457455217981416,0.7458456397863898,113000000,1
1295447220000,1295447279000,0.7458512026850642,0.7459513490530147,0.7457288380798974,0.7459513490530147,109000000,1
1295447280000,1295447339000,0.7459179639423257,0.7460403906267484,0.7459179639423257,0.7459624780873523,110000000,1
1295447340000,1295447399000,0.7459624780873523,0.7461016190405133,0.7458623287313628,0.7460515223181313,125000000,1
1295447400000,1295447459000,0.7460515223181313,0.7461684251369219,0.7459346561241236,0.7459624780873523,134000000,1
1295447460000,1295447519000,0.7459958671828958,0.7461739928516531,0.7459569135286745,0.7460069975456369,136000000,1
1295447520000,1295447579000,0.7460125628515585,0.7463689152274186,0.7460125628515585,0.7463577740625746,146000000,1
1295447580000,1295447639000,0.7463577740625746,0.7464914899970141,0.7462853645977148,0.7464190545856254,171000000,1
1295447640000,1295447699000,0.7463967695947813,0.7464970625340589,0.7463020732271595,0.7463800567248843,159000000,1
1295447700000,1295447759000,0.7463522036048812,0.7464301975800733,0.7462129691814043,0.7463243525636241,167000000,1
1295447760000,1295447819000,0.7463410629389419,0.7465193535142398,0.7462519495832183,0.7464859175431655,177000000,1
1295447820000,1295447879000,0.7464859175431655,0.7465360726230291,0.7462408119100034,0.7463410629389419,196000000,1
1295447880000,1295447939000,0.7463522036048812,0.7463522036048812,0.7461461551088627,0.7461572899567228,161000000,1
1295447940000,1295447999000,0.7461572899567228,0.7461572899567228,0.7459791722615104,0.7460348249056267,160000000,1
1295448000000,1295448059000,0.7460459564309161,0.7461183194430973,0.7459402203507411,0.7460403906267484,139000000,1
1295448060000,1295448119000,0.7460348249056267,0.7461572899567228,0.7459179639423257,0.7461350205933265,147000000,1
1295448120000,1295448179000,0.7461572899567228,0.7461962645414997,0.7460570882883959,0.7460793529999851,137000000,1
1295448180000,1295448239000,0.7460793529999851,0.7461684251369219,0.7460125628515585,0.7460570882883959,197000000,1
1295448240000,1295448299000,0.7460403906267484,0.7463522036048812,0.7460403906267484,0.7461851285303884,247000000,1
1295448300000,1295448359000,0.7462296745692388,0.7464246260412624,0.7460682204780805,0.7464134832131608,160000000,1
1295448360000,1295448419000,0.7464636285596984,0.7465750867893538,0.7463911985549867,0.7464524845670949,210000000,1
1295448420000,1295448479000,0.7464469126955691,0.74722220146605,0.7464469126955691,0.7471607890017932,239000000,1
1295448480000,1295448539000,0.7471552065510568,0.747211034812562,0.7469821919445441,0.7470491558344539,248000000,1
1295448540000,1295448599000,0.7470770609988421,0.747205451610975,0.7469208189239859,0.7471496241837391,166000000,1
1295448600000,1295448659000,0.7471552065510568,0.7474456046461219,0.7471217135983623,0.747171954153529,251000000,1
1295448660000,1295448719000,0.7471831196389611,0.7472668714177895,0.7469766121622732,0.747205451610975,222000000,1
1295448720000,1295448779000,0.747205451610975,0.74722220146605,0.7469933517591694,0.7469933517591694,104000000,1
1295448780000,1295448839000,0.7470045119072519,0.7470435750517327,0.7467813722854497,0.746814834729877,122000000,1
1295448840000,1295448899000,0.746798103132818,0.7470770609988421,0.746742336556771,0.7470658986829228,126000000,1
1295448900000,1295448959000,0.7470658986829228,0.7470658986829228,0.7468315670766773,0.7469542938667583,136000000,1
1295448960000,1295449019000,0.7469542938667583,0.7471105499480758,0.7468817686160281,0.7469654528478057,142000000,1
1295449020000,1295449079000,0.7469821919445441,0.7469933517591694,0.7466141050336723,0.7466196794015096,205000000,1
1295449080000,1295449139000,0.7466364030044649,0.7466364030044649,0.7459457846603709,0.7460570882883959,248000000,1
1295449140000,1295449199000,0.7460292592675485,0.7460292592675485,0.745678791403815,0.7458623287313628,158000000,1
1295449200000,1295449259000,0.7458790184232118,0.7459847371522779,0.7458067018190225,0.7459457846603709,206000000,1
1295449260000,1295449319000,0.7459624780873523,0.7461461551088627,0.7458512026850642,0.7461461551088627,141000000,1
1295449320000,1295449379000,0.7461238864100995,0.7462352431980658,0.7458289515882428,0.7458289515882428,143000000,1
1295449380000,1295449439000,0.7458289515882428,0.7460125628515585,0.7458233890214797,0.7458289515882428,154000000,1
1295449440000,1295449499000,0.745840076970696,0.7459791722615104,0.7458122641368715,0.7459569135286745,183000000,1
1295449500000,1295449559000,0.7459569135286745,0.7459569135286745,0.745589836119354,0.74563431110846,158000000,1
1295449560000,1295449619000,0.745650990597341,0.7457955774322258,0.7455120176537245,0.7455120176537245,184000000,1
1295449620000,1295449679000,0.7455231335828351,0.745656550592797,0.7454231021527818,0.7456287514446557,208000000,1
1295449680000,1295449739000,0.74563431110846,0.7459179639423257,0.7456176323657702,0.7458512026850642,159000000,1
1295449740000,1295449799000,0.7458512026850642,0.7459958671828958,0.7456899123068663,0.7458122641368715,160000000,1
1295449800000,1295449859000,0.7458456397863898,0.7459124000477384,0.7457010335416324,0.745840076970696,113000000,1
1295449860000,1295449919000,0.7458567656667213,0.7459068362361542,0.7457900153632744,0.7458567656667213,113000000,1
1295449920000,1295449979000,0.7458567656667213,0.7458567656667213,0.745656550592797,0.7457399604757821,151000000,1
1295449980000,1295450039000,0.7457288380798974,0.7457455217981416,0.7455175755768442,0.7455175755768442,141000000,1
1295450040000,1295450099000,0.7455453664355476,0.7457900153632744,0.7455120176537245,0.7457177160157794,138000000,1
1295450100000,1295450159000,0.7456954728827841,0.7457566446917042,0.7455731593662628,0.7457455217981416,105000000,1
1295450160000,1295450219000,0.7457455217981416,0.7457455217981416,0.7456120729506852,0.7457010335416324,110000000,1
1295450220000,1295450279000,0.7456732310766776,0.7459457846603709,0.7456120729506852,0.7459457846603709,149000000,1
1295450280000,1295450339000,0.7459235279199177,0.7463911985549867,0.7458289515882428,0.7462296745692388,180000000,1
1295450340000,1295450399000,0.7462352431980658,0.7463911985549867,0.7461739928516531,0.7462241060235211,172000000,1
1295450400000,1295450459000,0.7462241060235211,0.7462575185444993,0.7458957088619869,0.7459791722615104,176000000,1
1295450460000,1295450519000,0.7459513490530147,0.7461795606494747,0.7459290919805163,0.7460348249056267,132000000,1
1295450520000,1295450579000,0.7460348249056267,0.7461238864100995,0.7459346561241236,0.7459791722615104,142000000,1
1295450580000,1295450639000,0.7459791722615104,0.7461906964943961,0.7458678918789905,0.7459235279199177,172000000,1
1295450640000,1295450699000,0.7459068362361542,0.7461127525591668,0.7458345142379809,0.7458790184232118,196000000,1
1295450700000,1295450759000,0.7458790184232118,0.7460849193855245,0.7458790184232118,0.7459124000477384,146000000,1
1295450760000,1295450819000,0.7459179639423257,0.7460570882883959,0.745773329654185,0.7458011395841413,115000000,1
1295450820000,1295450879000,0.7458233890214797,0.7459124000477384,0.7457566446917042,0.7457900153632744,176000000,1
1295450880000,1295450939000,0.7458178265376899,0.7458678918789905,0.7455453664355476,0.7457010335416324,213000000,1
1295450940000,1295450999000,0.7457010335416324,0.7460626543417116,0.7456009543692216,0.7459513490530147,168000000,1
1295451000000,1295451059000,0.7459457846603709,0.7461294534601753,0.745840076970696,0.7460125628515585,235000000,1
1295451060000,1295451119000,0.7460125628515585,0.7461628575052791,0.7458845818198092,0.7461628575052791,118000000,1
1295451120000,1295451179000,0.7461628575052791,0.7463243525636241,0.7459513490530147,0.7463187826048019,200000000,1
1295451180000,1295451239000,0.7463354927306923,0.7466642773409792,0.7462463807050537,0.746458056521804,171000000,1
1295451240000,1295451299000,0.746458056521804,0.7464970625340589,0.7461851285303884,0.7463856275983549,132000000,1
1295451300000,1295451359000,0.7464023407177405,0.7465026351543022,0.7461962645414997,0.7463744859345729,150000000,1
1295451360000,1295451419000,0.7463744859345729,0.7463744859345729,0.7460570882883959,0.7462909340577331,156000000,1
1295451420000,1295451479000,0.7463076429365713,0.7464636285596984,0.7460515223181313,0.7460570882883959,200000000,1
1295451480000,1295451539000,0.7460570882883959,0.7461350205933265,0.7458734551096061,0.7459569135286745,167000000,1
1295451540000,1295451599000,0.7459569135286745,0.7460459564309161,0.7458512026850642,0.7460181282405163,137000000,1
1295451600000,1295451659000,0.7460181282405163,0.7462965036008806,0.7458567656667213,0.7458567656667213,191000000,1
1295451660000,1295451719000,0.7458845818198092,0.7460403906267484,0.7457900153632744,0.7457900153632744,166000000,1
1295451720000,1295451779000,0.7458011395841413,0.7458734551096061,0.7456231918637598,0.7457788914742557,145000000,1
1295451780000,1295451839000,0.7458122641368715,0.7459569135286745,0.7457288380798974,0.7458623287313628,148000000,1
1295451840000,1295451899000,0.7458623287313628,0.7459124000477384,0.7457677679170707,0.7458901452994002,169000000,1
1295451900000,1295451959000,0.7458901452994002,0.7459402203507411,0.7456065136185029,0.7456065136185029,106000000,1
1295451960000,1295452019000,0.7456065136185029,0.7457566446917042,0.7455787182010677,0.7457288380798974,151000000,1
1295452020000,1295452079000,0.7457288380798974,0.7457288380798974,0.7455064598134743,0.745650990597341,159000000,1
1295452080000,1295452139000,0.745650990597341,0.7459068362361542,0.74563431110846,0.7458178265376899,157000000,1
1295452140000,1295452199000,0.7458178265376899,0.7459791722615104,0.7457844533772849,0.7458678918789905,127000000,1
1295452200000,1295452259000,0.7458678918789905,0.7458678918789905,0.7455842771187642,0.7456231918637598,147000000,1
1295452260000,1295452319000,0.7456176323657702,0.745650990597341,0.7454119892064344,0.7454397721936056,121000000,1
1295452320000,1295452379000,0.7454675572519084,0.7455453664355476,0.7453119875980085,0.7453842082901632,121000000,1
1295452380000,1295452439000,0.7453953204081785,0.7454620000745462,0.7453064327398209,0.7453786523553966,129000000,1
1295452440000,1295452499000,0.7453953204081785,0.7455787182010677,0.7453230975627936,0.7454731145121252,143000000,1
1295452500000,1295452559000,0.7454731145121252,0.7456676708324633,0.7453786523553966,0.7454175456381893,141000000,1
1295452560000,1295452619000,0.7454175456381893,0.7455676006143478,0.7453230975627936,0.7454786718551982,144000000,1
1295452620000,1295452679000,0.7455009020560914,0.7456065136185029,0.7453953204081785,0.7455620419453205,118000000,1
1295452680000,1295452739000,0.7455620419453205,0.7457399604757821,0.7454897867899211,0.7456621106711705,147000000,1
1295452740000,1295452799000,0.7456621106711705,0.7459736074537683,0.7456120729506852,0.7457900153632744,224000000,1
1295452800000,1295452859000,0.7457900153632744,0.7458456397863898,0.7456843518138772,0.7457510832034484,208000000,1
1295452860000,1295452919000,0.7457288380798974,0.7458011395841413,0.7455787182010677,0.745678791403815,166000000,1
1295452920000,1295452979000,0.745678791403815,0.7456843518138772,0.7453730965034548,0.7455120176537245,217000000,1
1295452980000,1295453039000,0.7455064598134743,0.7455064598134743,0.7451620354846161,0.7451842468050226,190000000,1
1295453040000,1295453099000,0.745167588190584,0.745167588190584,0.7449788426008701,0.7450343460833545,119000000,1
1295453100000,1295453159000,0.7450621009261121,0.7452619968549944,0.7450565497921292,0.7451786938507854,167000000,1
1295453160000,1295453219000,0.745167588190584,0.7454064328575155,0.7451509303209366,0.7453786523553966,73000000,1
1295453220000,1295453279000,0.7453786523553966,0.7456732310766776,0.7453119875980085,0.7456732310766776,171000000,1
1295453280000,1295453339000,0.7456621106711705,0.7456621106711705,0.7452009061643019,0.745217566268472,142000000,1
1295453340000,1295453399000,0.745217566268472,0.7454564429800367,0.7451953529617789,0.7453730965034548,136000000,1
1295453400000,1295453459000,0.7453730965034548,0.7455175755768442,0.7453230975627936,0.7453564294445604,168000000,1
1295453460000,1295453519000,0.7453619850480385,0.7456009543692216,0.7453619850480385,0.745589836119354,109000000,1
1295453520000,1295453579000,0.745589836119354,0.7456176323657702,0.7453286526693945,0.7453397631310233,150000000,1
1295453580000,1295453639000,0.7453397631310233,0.7455120176537245,0.745217566268472,0.7453175425389987,139000000,1
1295453640000,1295453699000,0.7453286526693945,0.7454453290395683,0.7452731053294479,0.7453064327398209,101000000,1
1295453700000,1295453759000,0.7452731053294479,0.7453064327398209,0.7450010430014602,0.7450343460833545,129000000,1
1295453760000,1295453819000,0.7450565497921292,0.7453342078588039,0.7450509987408638,0.7451897998420198,190000000,1
1295453820000,1295453879000,0.7451731409793065,0.7452397808995044,0.7451065129760299,0.7452397808995044,101000000,1
1295453880000,1295453939000,0.7452619968549944,0.7454731145121252,0.7451065129760299,0.7454564429800367,151000000,1
1295453940000,1295453999000,0.7454564429800367,0.7456065136185029,0.7454342154304883,0.7454620000745462,133000000,1
1295454000000,1295454059000,0.745450885968378,0.7454675572519084,0.7453453184860546,0.7453842082901632,62000000,1
1295454060000,1295454119000,0.7453675407343361,0.7454620000745462,0.7453564294445604,0.7454620000745462,87000000,1
1295454120000,1295454179000,0.7454453290395683,0.7454731145121252,0.7452397808995044,0.7452842141350604,92000000,1
1295454180000,1295454239000,0.7452286734184385,0.7455009020560914,0.7452120128176466,0.7454842292811296,97000000,1
1295454240000,1295454299000,0.7454731145121252,0.7458623287313628,0.7454731145121252,0.7456954728827841,145000000,1
1295454300000,1295454359000,0.7456954728827841,0.7456954728827841,0.7455064598134743,0.7455064598134743,176000000,1
1295454360000,1295454419000,0.745528691671699,0.7455620419453205,0.7455064598134743,0.7455064598134743,132000000,1
1295454420000,1295454479000,0.7455398080980534,0.7456398708551744,0.7455120176537245,0.7456231918637598,77000000,1
1295454480000,1295454539000,0.7456231918637598,0.7457177160157794,0.7454620000745462,0.7457177160157794,99000000,1
1295454540000,1295454599000,0.7457065942834132,0.7460348249056267,0.7456899123068663,0.7459569135286745,151000000,1
1295454600000,1295454659000,0.7459569135286745,0.7460348249056267,0.7458011395841413,0.7459958671828958,148000000,1
1295454660000,1295454719000,0.7460626543417116,0.7461628575052791,0.7460626543417116,0.7461127525591668,154000000,1
1295454720000,1295454779000,0.7461127525591668,0.7462185375609101,0.7459513490530147,0.7460570882883959,156000000,1
1295454780000,1295454839000,0.7460570882883959,0.7460849193855245,0.7456843518138772,0.7456843518138772,166000000,1
1295454840000,1295454899000,0.7456899123068663,0.7459012725075709,0.7456899123068663,0.7458623287313628,143000000,1
1295454900000,1295454959000,0.7458623287313628,0.7460125628515585,0.745840076970696,0.7460125628515585,132000000,1
1295454960000,1295455019000,0.7460125628515585,0.7461461551088627,0.7459513490530147,0.7460014323227501,111000000,1
1295455020000,1295455079000,0.7460014323227501,0.7461461551088627,0.7459179639423257,0.7459179639423257,52000000,1
1295455080000,1295455139000,0.7459179639423257,0.7459179639423257,0.7456065136185029,0.7457844533772849,108000000,1
1295455140000,1295455199000,0.7457788914742557,0.7458067018190225,0.7456120729506852,0.745656550592797,78000000,1
1295455200000,1295455259000,0.745656550592797,0.7456732310766776,0.7455564833591792,0.7456231918637598,109000000,1
1295455260000,1295455319000,0.7456287514446557,0.7456398708551744,0.7454953443815743,0.745528691671699,49000000,1
1295455320000,1295455379000,0.7455453664355476,0.745656550592797,0.7454620000745462,0.7455676006143478,118000000,1
1295455380000,1295455439000,0.7455676006143478,0.7456009543692216,0.7455620419453205,0.7455953952028392,86000000,1
1295455440000,1295455499000,0.7455953952028392,0.7456621106711705,0.7455787182010677,0.7456231918637598,81000000,1
1295455500000,1295455559000,0.7456231918637598,0.7456398708551744,0.7455398080980534,0.7455842771187642,80000000,1
1295455560000,1295455619000,0.7455842771187642,0.7456843518138772,0.7455009020560914,0.7455009020560914,129000000,1
1295455620000,1295455679000,0.7455120176537245,0.7455453664355476,0.7453730965034548,0.7453897643077565,83000000,1
1295455680000,1295455739000,0.7453897643077565,0.7455676006143478,0.7453619850480385,0.7454564429800367,104000000,1
1295455740000,1295455799000,0.7454564429800367,0.7456120729506852,0.7454008765914308,0.7456120729506852,90000000,1
1295455800000,1295455859000,0.7456120729506852,0.7456120729506852,0.7455064598134743,0.7455120176537245,73000000,1
1295455860000,1295455919000,0.7455120176537245,0.7455120176537245,0.7453397631310233,0.7454064328575155,88000000,1
1295455920000,1295455979000,0.7454175456381893,0.745762206262911,0.7454175456381893,0.7457399604757821,146000000,1
1295455980000,1295456039000,0.7457399604757821,0.745773329654185,0.7455453664355476,0.7455453664355476,94000000,1
1295456040000,1295456099000,0.7455620419453205,0.7456065136185029,0.7454231021527818,0.7454842292811296,68000000,1
1295456100000,1295456159000,0.7455342498434377,0.7456231918637598,0.7454064328575155,0.7454175456381893,131000000,1
1295456160000,1295456219000,0.7454175456381893,0.7454175456381893,0.7452731053294479,0.7453230975627936,101000000,1
1295456220000,1295456279000,0.7453119875980085,0.7454786718551982,0.7451953529617789,0.7453564294445604,93000000,1
1295456280000,1295456339000,0.7453564294445604,0.7455453664355476,0.7452842141350604,0.7454731145121252,115000000,1
1295456340000,1295456399000,0.7454731145121252,0.7455953952028392,0.745167588190584,0.7455731593662628,137000000,1
1295456400000,1295456459000,0.7455731593662628,0.7456676708324633,0.7453175425389987,0.7453453184860546,126000000,1
1295456460000,1295456519000,0.7453564294445604,0.745528691671699,0.7453453184860546,0.7454564429800367,99000000,1
1295456520000,1295456579000,0.7454675572519084,0.745589836119354,0.7454675572519084,0.745589836119354,38000000,1
1295456580000,1295456639000,0.7455953952028392,0.7456398708551744,0.7454953443815743,0.7454953443815743,73000000,1
1295456640000,1295456699000,0.7455120176537245,0.7457121551081283,0.7455064598134743,0.7456176323657702,88000000,1
1295456700000,1295456759000,0.7456176323657702,0.745678791403815,0.7455620419453205,0.7456176323657702,59000000,1
1295456760000,1295456819000,0.7456065136185029,0.74563431110846,0.7455064598134743,0.7455342498434377,90000000,1
1295456820000,1295456879000,0.7455231335828351,0.74563431110846,0.7455231335828351,0.7455231335828351,79000000,1
1295456880000,1295456939000,0.7455231335828351,0.7455231335828351,0.7454564429800367,0.7455120176537245,44000000,1
1295456940000,1295456999000,0.7455064598134743,0.7455342498434377,0.7453230975627936,0.7453453184860546,66000000,1
1295457000000,1295457059000,0.7453453184860546,0.7454064328575155,0.7452064594495905,0.7452064594495905,105000000,1
1295457060000,1295457119000,0.7451897998420198,0.7452453347642044,0.7448734087641805,0.7449011516171804,168000000,1
1295457120000,1295457179000,0.7449011516171804,0.7449732927074564,0.7448123817610345,0.7448512159696101,99000000,1
1295457180000,1295457239000,0.7448401200682273,0.7449510939606815,0.7448401200682273,0.7449177983209553,109000000,1
1295457240000,1295457299000,0.7449233473875538,0.7449288965368255,0.7447790985193791,0.7448623122015895,99000000,1
1295457300000,1295457359000,0.7448290244974266,0.7449233473875538,0.744751364756876,0.7447901926027438,95000000,1
1295457360000,1295457419000,0.7447901926027438,0.7447901926027438,0.7446570854121677,0.7446848121532561,71000000,1
1295457420000,1295457479000,0.7446848121532561,0.7447236330597715,0.7445739175756673,0.7445739175756673,85000000,1
1295457480000,1295457539000,0.7445850055471583,0.7446626305952089,0.7445351122758949,0.7445683737137582,65000000,1
1295457540000,1295457599000,0.744562829934404,0.7446459952938373,0.7445240257903123,0.7446404503585444,70000000,1
1295457600000,1295457659000,0.7446626305952089,0.7447402718301992,0.7446349055058304,0.7447236330597715,62000000,1
1295457660000,1295457719000,0.7447236330597715,0.744784645519748,0.7446626305952089,0.7447069950328044,102000000,1
1295457720000,1295457779000,0.7447180869681782,0.7448234768359898,0.7446681758608363,0.7447069950328044,77000000,1
1295457780000,1295457839000,0.7447069950328044,0.7448290244974266,0.7447069950328044,0.7447180869681782,92000000,1
1295457840000,1295457899000,0.7447180869681782,0.7449288965368255,0.7447014491890201,0.7448678604415577,111000000,1
1295457900000,1295457959000,0.7448678604415577,0.7449732927074564,0.7447957397683685,0.7449732927074564,73000000,1
1295457960000,1295458019000,0.7449732927074564,0.7451287209865505,0.744939995083396,0.7450843062892566,94000000,1
1295458020000,1295458079000,0.7450843062892566,0.7450843062892566,0.7449344457687723,0.7450232447252354,99000000,1
1295458080000,1295458139000,0.7450343460833545,0.7450343460833545,0.7448567640442743,0.7449011516171804,72000000,1
1295458140000,1295458199000,0.7449011516171804,0.7450732034422383,0.7448956028812561,0.7450621009261121,54000000,1
1295458200000,1295458259000,0.7450843062892566,0.7450954094671823,0.7450010430014602,0.7450121436979422,65000000,1
1295458260000,1295458319000,0.7450287953629408,0.7451897998420198,0.7449288965368255,0.7450509987408638,128000000,1
1295458320000,1295458379000,0.7450509987408638,0.7450898578368551,0.7448234768359898,0.7448234768359898,132000000,1
1295458380000,1295458439000,0.7448290244974266,0.7448512159696101,0.7447569113441374,0.7447790985193791,109000000,1
1295458440000,1295458499000,0.7447901926027438,0.7447901926027438,0.7446903577492479,0.7447402718301992,91000000,1
1295458500000,1295458559000,0.7447624580140164,0.7448234768359898,0.7446570854121677,0.7447901926027438,154000000,1
1295458560000,1295458619000,0.7447901926027438,0.7448401200682273,0.7446792666398583,0.7447180869681782,112000000,1
1295458620000,1295458679000,0.7447180869681782,0.7447291792339715,0.7445850055471583,0.7446792666398583,118000000,1
1295458680000,1295458739000,0.7446792666398583,0.7447458182522305,0.7446293607356937,0.7447291792339715,56000000,1
1295458740000,1295458799000,0.744751364756876,0.744801287016624,0.7446848121532561,0.744801287016624,73000000,1
1295458800000,1295458859000,0.744784645519748,0.7450843062892566,0.744751364756876,0.7449899426357743,123000000,1
1295458860000,1295458919000,0.7450065933083507,0.7450787548243849,0.7449788426008701,0.7450732034422383,63000000,1
1295458920000,1295458979000,0.7450621009261121,0.7450843062892566,0.7449344457687723,0.7449954927772687,92000000,1
1295458980000,1295459039000,0.7449954927772687,0.7450010430014602,0.7449233473875538,0.7450010430014602,67000000,1
1295459040000,1295459099000,0.7450010430014602,0.7451786938507854,0.7450010430014602,0.7451731409793065,95000000,1
1295459100000,1295459159000,0.7451731409793065,0.7451897998420198,0.7450565497921292,0.7451731409793065,85000000,1
1295459160000,1295459219000,0.7451731409793065,0.7452231198020688,0.7450065933083507,0.7450898578368551,85000000,1
1295459220000,1295459279000,0.7451065129760299,0.7452286734184385,0.7450787548243849,0.7451842468050226,80000000,1
1295459280000,1295459339000,0.7451842468050226,0.745217566268472,0.7451231688598126,0.7451509303209366,119000000,1
1295459340000,1295459399000,0.7451231688598126,0.7451231688598126,0.7449843925769756,0.7450121436979422,90000000,1
1295459400000,1295459459000,0.7450176941702366,0.7452064594495905,0.7449510939606815,0.7451176168158143,124000000,1
1295459460000,1295459519000,0.7451176168158143,0.7451897998420198,0.7447569113441374,0.7447735516016356,154000000,1
1295459520000,1295459579000,0.7447735516016356,0.744801287016624,0.7445073966809861,0.7446792666398583,166000000,1
1295459580000,1295459639000,0.7446848121532561,0.7449510939606815,0.7446681758608363,0.7448567640442743,174000000,1
1295459640000,1295459699000,0.7448567640442743,0.7448567640442743,0.7446903577492479,0.7447735516016356,122000000,1
1295459700000,1295459759000,0.7447569113441374,0.7448290244974266,0.7447125409591897,0.7447957397683685,85000000,1
1295459760000,1295459819000,0.7448068343475119,0.7448956028812561,0.744784645519748,0.7448345722415051,60000000,1
1295459820000,1295459879000,0.744817929257193,0.7448512159696101,0.7445794615201334,0.7446848121532561,122000000,1
1295459880000,1295459939000,0.7446792666398583,0.7448678604415577,0.7445461990916536,0.7445461990916536,128000000,1
1295459940000,1295459999000,0.7445683737137582,0.7447624580140164,0.7444741406907232,0.7444796831494468,131000000,1
1295460000000,1295460059000,0.7445850055471583,0.7447680047665153,0.744407637622362,0.7447069950328044,199000000,1
1295460060000,1295460119000,0.7447069950328044,0.7448512159696101,0.7446626305952089,0.7446681758608363,160000000,1
1295460120000,1295460179000,0.7446681758608363,0.7446959034278353,0.7445240257903123,0.7445351122758949,93000000,1
1295460180000,1295460239000,0.7445351122758949,0.7446570854121677,0.744324525493115,0.7444575138096869,128000000,1
1295460240000,1295460299000,0.744451971681047,0.7445960938488917,0.7444187206419868,0.7445517426233537,84000000,1
1295460300000,1295460359000,0.7445572862376031,0.7447180869681782,0.7445073966809861,0.7447180869681782,60000000,1
1295460360000,1295460419000,0.7447180869681782,0.7448290244974266,0.7445850055471583,0.7445850055471583,56000000,1
1295460420000,1295460479000,0.7445850055471583,0.7446737212090523,0.7444741406907232,0.7446404503585444,94000000,1
1295460480000,1295460539000,0.7446515403117111,0.7447735516016356,0.7446459952938373,0.7446459952938373,60000000,1
1295460540000,1295460599000,0.7446515403117111,0.7447458182522305,0.7444353457902182,0.7445184826713322,76000000,1
1295460600000,1295460659000,0.7445184826713322,0.7446016381236039,0.7444464296349235,0.744501853809616,67000000,1
1295460660000,1295460719000,0.7444741406907232,0.7445572862376031,0.7444187206419868,0.7445073966809861,58000000,1
1295460720000,1295460779000,0.7445184826713322,0.744751364756876,0.7445184826713322,0.744562829934404,106000000,1
1295460780000,1295460839000,0.744562829934404,0.7447790985193791,0.744562829934404,0.7447236330597715,122000000,1
1295460840000,1295460899000,0.7447180869681782,0.7448123817610345,0.7446071824808823,0.744801287016624,75000000,1
1295460900000,1295460959000,0.744801287016624,0.744801287016624,0.7447236330597715,0.7447402718301992,25000000,1
1295460960000,1295461019000,0.7447458182522305,0.7447458182522305,0.7447347254907802,0.7447347254907802,6000000,1
1295461020000,1295461079000,0.7447402718301992,0.744817929257193,0.7447125409591897,0.7447957397683685,43000000,1
1295461080000,1295461139000,0.7447957397683685,0.7447957397683685,0.7447069950328044,0.7447291792339715,41000000,1
1295461140000,1295461199000,0.7447291792339715,0.7448956028812561,0.7446903577492479,0.7448956028812561,59000000,1
1295461200000,1295461259000,0.7448956028812561,0.7450010430014602,0.74487895716946,0.7449510939606815,95000000,1
1295461260000,1295461319000,0.7449510939606815,0.7450898578368551,0.7449344457687723,0.7450898578368551,83000000,1
1295461320000,1295461379000,0.7450954094671823,0.7452120128176466,0.7450954094671823,0.74513427319603,90000000,1
1295461380000,1295461439000,0.74513427319603,0.7452120128176466,0.7450621009261121,0.7451065129760299,80000000,1
1295461440000,1295461499000,0.7450565497921292,0.7450954094671823,0.7450121436979422,0.7450565497921292,42000000,1
1295461500000,1295461559000,0.7450732034422383,0.7452564427419475,0.7450676521428146,0.7450676521428146,73000000,1
1295461560000,1295461619000,0.7450565497921292,0.7451287209865505,0.7450065933083507,0.7451065129760299,39000000,1
1295461620000,1295461679000,0.7451231688598126,0.7454008765914308,0.7451176168158143,0.7453508739238996,100000000,1
1295461680000,1295461739000,0.7453675407343361,0.7453953204081785,0.7453119875980085,0.7453286526693945,40000000,1
1295461740000,1295461799000,0.7453286526693945,0.7453786523553966,0.7453286526693945,0.7453786523553966,16000000,1
1295461800000,1295461859000,0.7453786523553966,0.7454286587502144,0.7453786523553966,0.7454008765914308,26000000,1
1295461860000,1295461919000,0.7454064328575155,0.7454342154304883,0.7454064328575155,0.7454231021527818,29000000,1
1295461920000,1295461979000,0.7454231021527818,0.7454231021527818,0.7453564294445604,0.7453786523553966,26000000,1
1295461980000,1295462039000,0.7453786523553966,0.7453953204081785,0.7453397631310233,0.7453730965034548,52000000,1
1295462040000,1295462099000,0.7454064328575155,0.7454786718551982,0.7454064328575155,0.7454786718551982,23000000,1
1295462100000,1295462159000,0.7454675572519084,0.7458011395841413,0.7454286587502144,0.7457399604757821,85000000,1
1295462160000,1295462219000,0.7457399604757821,0.7458011395841413,0.7456899123068663,0.745773329654185,97000000,1
1295462220000,1295462279000,0.7458122641368715,0.7460737866975045,0.7458122641368715,0.7459457846603709,116000000,1
1295462280000,1295462339000,0.7459402203507411,0.7459402203507411,0.7457288380798974,0.7457288380798974,62000000,1
1295462340000,1295462399000,0.7457566446917042,0.7459012725075709,0.7456732310766776,0.7459012725075709,64000000,1
1295462400000,1295462459000,0.7459290919805163,0.7459847371522779,0.7457900153632744,0.7457900153632744,44000000,1
1295462460000,1295462519000,0.7457788914742557,0.7459513490530147,0.7457788914742557,0.7458678918789905,81000000,1
1295462520000,1295462579000,0.7458734551096061,0.7459346561241236,0.7458345142379809,0.7458345142379809,51000000,1
1295462580000,1295462639000,0.7458456397863898,0.7458845818198092,0.7457288380798974,0.745734399236368,70000000,1
1295462640000,1295462699000,0.745734399236368,0.745734399236368,0.7456231918637598,0.7456398708551744,40000000,1
1295462700000,1295462759000,0.7456398708551744,0.7456621106711705,0.7455564833591792,0.7455620419453205,45000000,1
1295462760000,1295462819000,0.7455787182010677,0.7456176323657702,0.7454897867899211,0.7455953952028392,39000000,1
1295462820000,1295462879000,0.7455953952028392,0.7456843518138772,0.7454953443815743,0.745656550592797,50000000,1
1295462880000,1295462939000,0.745656550592797,0.745734399236368,0.7455509248559222,0.745734399236368,66000000,1
1295462940000,1295462999000,0.7457455217981416,0.7457788914742557,0.745528691671699,0.745656550592797,95000000,1
1295463000000,1295463059000,0.7457177160157794,0.7457177160157794,0.7455676006143478,0.7455676006143478,55000000,1
1295463060000,1295463119000,0.7455676006143478,0.7455676006143478,0.7453619850480385,0.7454119892064344,85000000,1
1295463120000,1295463179000,0.7454175456381893,0.7455064598134743,0.7453897643077565,0.745450885968378,46000000,1
1295463180000,1295463239000,0.745450885968378,0.745450885968378,0.745217566268472,0.7452397808995044,86000000,1
1295463240000,1295463299000,0.7452397808995044,0.7452731053294479,0.7451842468050226,0.7452508887116848,40000000,1
1295463300000,1295463359000,0.7452508887116848,0.7453786523553966,0.7451953529617789,0.745217566268472,93000000,1
1295463360000,1295463419000,0.7452009061643019,0.7452009061643019,0.744801287016624,0.7448068343475119,75000000,1
1295463420000,1295463479000,0.7448068343475119,0.7448956028812561,0.7446570854121677,0.7448068343475119,163000000,1
1295463480000,1295463539000,0.7448068343475119,0.7449344457687723,0.744784645519748,0.744890054227996,64000000,1
1295463540000,1295463599000,0.7448734087641805,0.7448845056573978,0.7447901926027438,0.744817929257193,102000000,1
1295463600000,1295463659000,0.744817929257193,0.7450287953629408,0.7447957397683685,0.7449677428967325,44000000,1
1295463660000,1295463719000,0.7449677428967325,0.7449843925769756,0.7448401200682273,0.7448734087641805,100000000,1
1295463720000,1295463779000,0.7448845056573978,0.744912249337028,0.7448623122015895,0.7448734087641805,23000000,1
1295463780000,1295463839000,0.7448678604415577,0.7448845056573978,0.7447236330597715,0.7447402718301992,60000000,1
1295463840000,1295463899000,0.7447402718301992,0.7448068343475119,0.7445739175756673,0.7446182714431446,157000000,1
1295463900000,1295463959000,0.7446182714431446,0.7446182714431446,0.7443799315170463,0.7445850055471583,145000000,1
1295463960000,1295464019000,0.7445461990916536,0.7445739175756673,0.7444298039916326,0.7445406556425014,77000000,1
1295464020000,1295464079000,0.7445240257903123,0.7445461990916536,0.7444963110207788,0.7445461990916536,42000000,1
1295464080000,1295464139000,0.744562829934404,0.7446515403117111,0.7445073966809861,0.7446182714431446,87000000,1
1295464140000,1295464199000,0.7446459952938373,0.7446681758608363,0.7445295689918325,0.7445683737137582,65000000,1
1295464200000,1295464259000,0.7445794615201334,0.7446848121532561,0.7445794615201334,0.7445960938488917,64000000,1
1295464260000,1295464319000,0.7446127269207284,0.744751364756876,0.744463056020845,0.7446404503585444,80000000,1
1295464320000,1295464379000,0.7446404503585444,0.7447125409591897,0.7446293607356937,0.7447125409591897,24000000,1
1295464380000,1295464439000,0.7447125409591897,0.7448290244974266,0.7446293607356937,0.744817929257193,116000000,1
1295464440000,1295464499000,0.7448234768359898,0.7448678604415577,0.7447125409591897,0.7448401200682273,126000000,1
1295464500000,1295464559000,0.7448234768359898,0.7448234768359898,0.744751364756876,0.744817929257193,64000000,1
1295464560000,1295464619000,0.7448123817610345,0.7449177983209553,0.7447735516016356,0.7448123817610345,65000000,1
1295464620000,1295464679000,0.7448345722415051,0.744939995083396,0.7448290244974266,0.7448567640442743,69000000,1
1295464680000,1295464739000,0.7448623122015895,0.7451009611802398,0.7448623122015895,0.7451009611802398,73000000,1
1295464740000,1295464799000,0.7450843062892566,0.7451564828614009,0.7449788426008701,0.7451564828614009,62000000,1
1295464800000,1295464859000,0.7451509303209366,0.7452231198020688,0.7450232447252354,0.7451453778632211,82000000,1
1295464860000,1295464919000,0.7451564828614009,0.7453119875980085,0.7451120648545542,0.7451231688598126,94000000,1
1295464920000,1295464979000,0.7451564828614009,0.7453008779644342,0.7451564828614009,0.7453008779644342,60000000,1
1295464980000,1295465039000,0.7452619968549944,0.7452675510508272,0.7450843062892566,0.7451120648545542,46000000,1
1295465040000,1295465099000,0.7451287209865505,0.745167588190584,0.7450121436979422,0.74513427319603,59000000,1
1295465100000,1295465159000,0.74513427319603,0.7452953232718464,0.7451176168158143,0.7452619968549944,83000000,1
1295465160000,1295465219000,0.7452619968549944,0.7453175425389987,0.7452397808995044,0.7452453347642044,48000000,1
1295465220000,1295465279000,0.7452675510508272,0.7456009543692216,0.7452675510508272,0.7455120176537245,87000000,1
1295465280000,1295465339000,0.7455231335828351,0.7455676006143478,0.7453897643077565,0.7454453290395683,48000000,1
1295465340000,1295465399000,0.7454842292811296,0.7454842292811296,0.7452508887116848,0.7453508739238996,94000000,1
1295465400000,1295465459000,0.7453508739238996,0.7454175456381893,0.7453119875980085,0.7453786523553966,66000000,1
1295465460000,1295465519000,0.7453786523553966,0.7454786718551982,0.745234227117583,0.7453064327398209,100000000,1
1295465520000,1295465579000,0.7453064327398209,0.7454008765914308,0.7451509303209366,0.7453119875980085,89000000,1
1295465580000,1295465639000,0.7452897686620558,0.7454286587502144,0.7452897686620558,0.7453619850480385,72000000,1
1295465640000,1295465699000,0.7453730965034548,0.745450885968378,0.7453286526693945,0.7453675407343361,72000000,1
1295465700000,1295465759000,0.7453675407343361,0.7455175755768442,0.7453397631310233,0.7454953443815743,78000000,1
1295465760000,1295465819000,0.7454953443815743,0.7455231335828351,0.7454064328575155,0.7454342154304883,37000000,1
1295465820000,1295465879000,0.7454008765914308,0.745450885968378,0.7453619850480385,0.745450885968378,34000000,1
1295465880000,1295465939000,0.745450885968378,0.7455342498434377,0.745450885968378,0.7454953443815743,25000000,1
1295465940000,1295465999000,0.7454953443815743,0.745589836119354,0.7454564429800367,0.7454953443815743,55000000,1
1295466000000,1295466059000,0.7454842292811296,0.7455564833591792,0.7453675407343361,0.7453842082901632,67000000,1
1295466060000,1295466119000,0.7453842082901632,0.7455398080980534,0.7453786523553966,0.7454175456381893,107000000,1
1295466120000,1295466179000,0.7454286587502144,0.7455731593662628,0.7453564294445604,0.7454453290395683,73000000,1
1295466180000,1295466239000,0.7453953204081785,0.7454342154304883,0.7450010430014602,0.7451065129760299,115000000,1
1295466240000,1295466299000,0.7451287209865505,0.745234227117583,0.7451009611802398,0.7451398254882529,95000000,1
1295466300000,1295466359000,0.7451176168158143,0.7453230975627936,0.7451176168158143,0.7453230975627936,74000000,1
1295466360000,1295466419000,0.7453342078588039,0.7454397721936056,0.7452675510508272,0.7452953232718464,57000000,1
1295466420000,1295466479000,0.7452953232718464,0.7453397631310233,0.7449344457687723,0.7449843925769756,112000000,1
1295466480000,1295466539000,0.7449954927772687,0.7451842468050226,0.7448512159696101,0.7450010430014602,115000000,1
1295466540000,1295466599000,0.7450121436979422,0.7450787548243849,0.7449843925769756,0.7450787548243849,57000000,1
1295466600000,1295466659000,0.7450843062892566,0.7450954094671823,0.7447236330597715,0.7447735516016356,147000000,1
1295466660000,1295466719000,0.7447735516016356,0.7449067004357705,0.7446293607356937,0.7448567640442743,173000000,1
1295466720000,1295466779000,0.7448845056573978,0.7453230975627936,0.7448734087641805,0.7452009061643019,146000000,1
1295466780000,1295466839000,0.7452120128176466,0.7453953204081785,0.7451620354846161,0.7453786523553966,123000000,1
1295466840000,1295466899000,0.7453897643077565,0.7456176323657702,0.7453842082901632,0.7455342498434377,169000000,1
1295466900000,1295466959000,0.745528691671699,0.7456398708551744,0.7454675572519084,0.745528691671699,86000000,1
1295466960000,1295467019000,0.7455120176537245,0.745650990597341,0.7454620000745462,0.7454953443815743,179000000,1
1295467020000,1295467079000,0.7454842292811296,0.7459124000477384,0.7454008765914308,0.7458011395841413,213000000,1
1295467080000,1295467139000,0.7458122641368715,0.7459068362361542,0.7457065942834132,0.7458345142379809,172000000,1
1295467140000,1295467199000,0.7458345142379809,0.7459124000477384,0.7456732310766776,0.745678791403815,165000000,1
1295467200000,1295467259000,0.7456732310766776,0.7458345142379809,0.7456009543692216,0.7458345142379809,164000000,1
1295467260000,1295467319000,0.7458067018190225,0.7458790184232118,0.745656550592797,0.7457566446917042,115000000,1
1295467320000,1295467379000,0.7457510832034484,0.745762206262911,0.7456231918637598,0.7456398708551744,87000000,1
1295467380000,1295467439000,0.7456398708551744,0.7458289515882428,0.7456176323657702,0.7457566446917042,71000000,1
1295467440000,1295467499000,0.7457455217981416,0.7458067018190225,0.7457232770063684,0.745773329654185,33000000,1
1295467500000,1295467559000,0.745773329654185,0.745773329654185,0.7456732310766776,0.745762206262911,55000000,1
1295467560000,1295467619000,0.745762206262911,0.745762206262911,0.745678791403815,0.7457121551081283,31000000,1
1295467620000,1295467679000,0.7457121551081283,0.7458289515882428,0.7457121551081283,0.7458067018190225,50000000,1
1295467680000,1295467739000,0.7458067018190225,0.7458901452994002,0.7458067018190225,0.7458901452994002,51000000,1
1295467740000,1295467799000,0.7458901452994002,0.7458901452994002,0.745762206262911,0.7457900153632744,72000000,1
1295467800000,1295467859000,0.7457900153632744,0.7458901452994002,0.7457900153632744,0.7458567656667213,43000000,1
1295467860000,1295467919000,0.7458456397863898,0.7458567656667213,0.7456454306848007,0.7456454306848007,77000000,1
1295467920000,1295467979000,0.7456454306848007,0.7458067018190225,0.7456454306848007,0.7457955774322258,45000000,1
1295467980000,1295468039000,0.7457955774322258,0.7458067018190225,0.7456621106711705,0.7457677679170707,79000000,1
1295468040000,1295468099000,0.7457788914742557,0.7458122641368715,0.7457177160157794,0.7457399604757821,51000000,1
1295468100000,1295468159000,0.7457399604757821,0.7457399604757821,0.7454842292811296,0.7455064598134743,65000000,1
1295468160000,1295468219000,0.7455064598134743,0.7456176323657702,0.7455064598134743,0.7455787182010677,53000000,1
1295468220000,1295468279000,0.7455787182010677,0.745650990597341,0.7455787182010677,0.7455953952028392,80000000,1
1295468280000,1295468339000,0.7456065136185029,0.7456954728827841,0.7456065136185029,0.7456899123068663,60000000,1
1295468340000,1295468399000,0.7456843518138772,0.7457010335416324,0.7455620419453205,0.7455787182010677,75000000,1
1295468400000,1295468459000,0.7455953952028392,0.7456899123068663,0.7455509248559222,0.7455509248559222,74000000,1
1295468460000,1295468519000,0.7455509248559222,0.7455787182010677,0.7454953443815743,0.7455453664355476,47000000,1
1295468520000,1295468579000,0.7455175755768442,0.745528691671699,0.7453953204081785,0.745528691671699,61000000,1
1295468580000,1295468639000,0.745528691671699,0.7456287514446557,0.7455009020560914,0.7456287514446557,66000000,1
1295468640000,1295468699000,0.7456176323657702,0.7457010335416324,0.7455787182010677,0.7456398708551744,42000000,1
1295468700000,1295468759000,0.7456398708551744,0.7457955774322258,0.7455620419453205,0.7457955774322258,108000000,1
1295468760000,1295468819000,0.7458178265376899,0.7459457846603709,0.7457788914742557,0.7458178265376899,86000000,1
1295468820000,1295468879000,0.7458178265376899,0.7459624780873523,0.7458067018190225,0.7458957088619869,47000000,1
1295468880000,1295468939000,0.7458957088619869,0.7458957088619869,0.745589836119354,0.7455953952028392,67000000,1
1295468940000,1295468999000,0.74563431110846,0.7458178265376899,0.74563431110846,0.745773329654185,25000000,1
1295469000000,1295469059000,0.7457900153632744,0.7459012725075709,0.745773329654185,0.7458345142379809,37000000,1
1295469060000,1295469119000,0.7458233890214797,0.7458567656667213,0.7458233890214797,0.7458567656667213,9000000,1
1295469120000,1295469179000,0.7458623287313628,0.7458901452994002,0.745528691671699,0.745528691671699,38000000,1
1295469180000,1295469239000,0.7455231335828351,0.7456398708551744,0.7454786718551982,0.745528691671699,126000000,1
1295469240000,1295469299000,0.7455064598134743,0.7455453664355476,0.7453786523553966,0.7455064598134743,123000000,1
1295469300000,1295469359000,0.7454731145121252,0.7455175755768442,0.7454119892064344,0.7454564429800367,79000000,1
1295469360000,1295469419000,0.7454564429800367,0.7455120176537245,0.7454119892064344,0.7454453290395683,40000000,1
1295469420000,1295469479000,0.7454453290395683,0.7455953952028392,0.7454286587502144,0.7454897867899211,66000000,1
1295469480000,1295469539000,0.7454897867899211,0.7455009020560914,0.7453897643077565,0.7455009020560914,56000000,1
1295469540000,1295469599000,0.7455231335828351,0.7458067018190225,0.7455231335828351,0.7457566446917042,51000000,1
1295469600000,1295469659000,0.7457566446917042,0.7458845818198092,0.7457566446917042,0.7457900153632744,41000000,1
1295469660000,1295469719000,0.7458122641368715,0.7458734551096061,0.745656550592797,0.745656550592797,44000000,1
1295469720000,1295469779000,0.745678791403815,0.7458011395841413,0.7456398708551744,0.7456454306848007,37000000,1
1295469780000,1295469839000,0.7456454306848007,0.7457455217981416,0.74563431110846,0.745656550592797,44000000,1
1295469840000,1295469899000,0.7456287514446557,0.7459680427290495,0.7456287514446557,0.7458289515882428,94000000,1
1295469900000,1295469959000,0.7458289515882428,0.7458957088619869,0.7456899123068663,0.7456899123068663,78000000,1
1295469960000,1295470019000,0.7457065942834132,0.7457288380798974,0.7455564833591792,0.7455731593662628,56000000,1
1295470020000,1295470079000,0.7455564833591792,0.745650990597341,0.7455564833591792,0.7456120729506852,54000000,1
1295470080000,1295470139000,0.7456120729506852,0.745678791403815,0.7455953952028392,0.745656550592797,68000000,1
1295470140000,1295470199000,0.7456398708551744,0.7456676708324633,0.7455064598134743,0.7455175755768442,46000000,1
1295470200000,1295470259000,0.7455120176537245,0.7456287514446557,0.7454953443815743,0.7455231335828351,86000000,1
1295470260000,1295470319000,0.7455231335828351,0.7455953952028392,0.7455064598134743,0.7455398080980534,49000000,1
1295470320000,1295470379000,0.7455175755768442,0.7455342498434377,0.7454842292811296,0.7455064598134743,33000000,1
1295470380000,1295470439000,0.745528691671699,0.745589836119354,0.7455120176537245,0.7455342498434377,36000000,1
1295470440000,1295470499000,0.7455509248559222,0.7455509248559222,0.7454564429800367,0.7454786718551982,51000000,1
1295470500000,1295470559000,0.7454786718551982,0.7455509248559222,0.7453786523553966,0.7454342154304883,82000000,1
1295470560000,1295470619000,0.7454453290395683,0.7455509248559222,0.7454397721936056,0.7454397721936056,95000000,1
1295470620000,1295470679000,0.745450885968378,0.7455175755768442,0.745450885968378,0.7455175755768442,44000000,1
1295470680000,1295470739000,0.7454620000745462,0.7455398080980534,0.7453786523553966,0.7454231021527818,129000000,1
1295470740000,1295470799000,0.7454008765914308,0.7455120176537245,0.7453453184860546,0.7454620000745462,265000000,1
1295470800000,1295470859000,0.7454842292811296,0.7455120176537245,0.7453397631310233,0.7454008765914308,149000000,1
1295470860000,1295470919000,0.745450885968378,0.745589836119354,0.7454008765914308,0.7454008765914308,89000000,1
1295470920000,1295470979000,0.7454008765914308,0.7454675572519084,0.7452397808995044,0.7453453184860546,88000000,1
1295470980000,1295471039000,0.7453453184860546,0.7453619850480385,0.7453342078588039,0.7453397631310233,26000000,1
1295471040000,1295471099000,0.7453564294445604,0.7454620000745462,0.7453564294445604,0.7454564429800367,99000000,1
1295471100000,1295471159000,0.7454286587502144,0.7454286587502144,0.7454008765914308,0.7454008765914308,26000000,1
1295471160000,1295471219000,0.7453397631310233,0.7454620000745462,0.7453119875980085,0.7454175456381893,54000000,1
1295471220000,1295471279000,0.7454675572519084,0.7454675572519084,0.7453508739238996,0.7454286587502144,44000000,1
1295471280000,1295471339000,0.7454842292811296,0.7454953443815743,0.7454064328575155,0.745450885968378,46000000,1
1295471340000,1295471399000,0.7454342154304883,0.7455453664355476,0.7454342154304883,0.745528691671699,19000000,1
1295471400000,1295471459000,0.745528691671699,0.7456231918637598,0.7454119892064344,0.7454119892064344,38000000,1
1295471460000,1295471519000,0.7455064598134743,0.7455064598134743,0.7454119892064344,0.7454675572519084,39000000,1
1295471520000,1295471579000,0.7454897867899211,0.7455453664355476,0.7454119892064344,0.7455453664355476,58000000,1
1295471580000,1295471639000,0.7455731593662628,0.7455953952028392,0.7455398080980534,0.7455398080980534,26000000,1
1295471640000,1295471699000,0.7455620419453205,0.7456009543692216,0.7455620419453205,0.7455731593662628,11000000,1
1295471700000,1295471759000,0.7455676006143478,0.7455676006143478,0.7454786718551982,0.7455064598134743,33000000,1
1295471760000,1295471819000,0.7455064598134743,0.7455120176537245,0.7455064598134743,0.7455120176537245,12000000,1
1295471820000,1295471879000,0.7455620419453205,0.7455676006143478,0.7455175755768442,0.7455453664355476,17000000,1
1295471880000,1295471939000,0.7455620419453205,0.7455620419453205,0.7455064598134743,0.7455398080980534,15000000,1
1295471940000,1295471999000,0.7455398080980534,0.7455398080980534,0.745528691671699,0.745528691671699,4000000,1
1295472000000,1295472059000,0.745528691671699,0.745528691671699,0.7455064598134743,0.7455175755768442,8000000,1
1295472060000,1295472119000,0.745528691671699,0.745528691671699,0.745450885968378,0.7454786718551982,25000000,1
1295472120000,1295472179000,0.7454675572519084,0.7454675572519084,0.7454675572519084,0.7454675572519084,2000000,1
1295472180000,1295472239000,0.7454675572519084,0.7456676708324633,0.7454675572519084,0.7456676708324633,20000000,1
1295472240000,1295472299000,0.7456676708324633,0.7456676708324633,0.7455231335828351,0.7455342498434377,55000000,1
1295472300000,1295472359000,0.7455342498434377,0.7455676006143478,0.7453842082901632,0.7454064328575155,43000000,1
1295472360000,1295472419000,0.7453897643077565,0.7454564429800367,0.7453730965034548,0.7454453290395683,14000000,1
1295472420000,1295472479000,0.745450885968378,0.7454786718551982,0.7454008765914308,0.7454620000745462,26000000,1
1295472480000,1295472539000,0.745450885968378,0.745450885968378,0.7453064327398209,0.7453564294445604,26000000,1
1295472540000,1295472599000,0.7453564294445604,0.7453842082901632,0.7453453184860546,0.7453730965034548,13000000,1
1295472600000,1295472659000,0.7453508739238996,0.7453508739238996,0.7453064327398209,0.7453064327398209,6000000,1
1295472660000,1295472719000,0.7453008779644342,0.7454731145121252,0.7453008779644342,0.7454675572519084,85000000,1
1295472720000,1295472779000,0.745450885968378,0.7455342498434377,0.745450885968378,0.7454897867899211,35000000,1
1295472780000,1295472839000,0.7454897867899211,0.7455676006143478,0.745450885968378,0.7455676006143478,17000000,1
1295472840000,1295472899000,0.7455509248559222,0.7456621106711705,0.7455398080980534,0.7456231918637598,34000000,1
1295472900000,1295472959000,0.7456176323657702,0.7456287514446557,0.7455731593662628,0.7455731593662628,11000000,1
1295472960000,1295473019000,0.7455731593662628,0.7456398708551744,0.7455564833591792,0.7456120729506852,21000000,1
1295473020000,1295473079000,0.7456120729506852,0.7456120729506852,0.7455398080980534,0.7455398080980534,16000000,1
1295473080000,1295473139000,0.7455231335828351,0.7455231335828351,0.7454897867899211,0.7454897867899211,9000000,1
1295473140000,1295473199000,0.7454897867899211,0.7455175755768442,0.7454231021527818,0.7454453290395683,20000000,1
1295473200000,1295473259000,0.7454620000745462,0.7454731145121252,0.7454231021527818,0.7454231021527818,21000000,1
1295473260000,1295473319000,0.7454564429800367,0.7455175755768442,0.745234227117583,0.7452786596908584,47000000,1
1295473320000,1295473379000,0.7452786596908584,0.7453342078588039,0.7452286734184385,0.7453119875980085,16000000,1
1295473380000,1295473439000,0.7453064327398209,0.7453119875980085,0.7453064327398209,0.7453119875980085,5000000,1
1295473440000,1295473499000,0.7453342078588039,0.7454008765914308,0.7453175425389987,0.7453175425389987,29000000,1
1295473500000,1295473559000,0.7453175425389987,0.7453175425389987,0.7452009061643019,0.7452731053294479,56000000,1
1295473560000,1295473619000,0.7453064327398209,0.7453453184860546,0.7452064594495905,0.7452064594495905,38000000,1
1295473620000,1295473679000,0.7452453347642044,0.7452564427419475,0.7452453347642044,0.7452564427419475,5000000,1
1295473680000,1295473739000,0.745234227117583,0.745234227117583,0.7451953529617789,0.7451953529617789,8000000,1
1295473740000,1295473799000,0.7451897998420198,0.7452453347642044,0.74513427319603,0.7451897998420198,53000000,1
1295473800000,1295473859000,0.7451897998420198,0.7452675510508272,0.7451620354846161,0.7452009061643019,35000000,1
1295473860000,1295473919000,0.745167588190584,0.7451842468050226,0.7450954094671823,0.745167588190584,49000000,1
1295473920000,1295473979000,0.7451453778632211,0.7452286734184385,0.7451453778632211,0.7452286734184385,13000000,1
1295473980000,1295474039000,0.7452564427419475,0.7453842082901632,0.7452564427419475,0.7453397631310233,35000000,1
1295474040000,1295474099000,0.7453175425389987,0.7453730965034548,0.7453175425389987,0.7453175425389987,20000000,1
1295474100000,1295474159000,0.7453175425389987,0.7454175456381893,0.7452953232718464,0.7453564294445604,24000000,1
1295474160000,1295474219000,0.7453342078588039,0.7453453184860546,0.7453175425389987,0.7453453184860546,7000000,1
1295474220000,1295474279000,0.7453286526693945,0.745589836119354,0.7453286526693945,0.745450885968378,79000000,1
1295474280000,1295474339000,0.7453730965034548,0.7453730965034548,0.7452897686620558,0.7453564294445604,30000000,1
1295474340000,1295474399000,0.7453675407343361,0.7453842082901632,0.7450732034422383,0.7450732034422383,32000000,1
1295474400000,1295474459000,0.7450954094671823,0.7451065129760299,0.744912249337028,0.7450176941702366,88000000,1
1295474460000,1295474519000,0.7450065933083507,0.74513427319603,0.7448567640442743,0.7450398968864783,152000000,1
1295474520000,1295474579000,0.7448845056573978,0.7450954094671823,0.7448845056573978,0.7450676521428146,33000000,1
1295474580000,1295474639000,0.7450676521428146,0.7451509303209366,0.7448512159696101,0.7450954094671823,72000000,1
1295474640000,1295474699000,0.7450954094671823,0.7453897643077565,0.7450565497921292,0.7453897643077565,60000000,1
1295474700000,1295474759000,0.7453897643077565,0.7454175456381893,0.7453342078588039,0.7453842082901632,67000000,1
1295474760000,1295474819000,0.7453842082901632,0.7453842082901632,0.7451953529617789,0.7452231198020688,109000000,1
1295474820000,1295474879000,0.7452231198020688,0.7452231198020688,0.7450676521428146,0.7451620354846161,67000000,1
1295474880000,1295474939000,0.7451620354846161,0.7451897998420198,0.7451620354846161,0.7451620354846161,53000000,1
1295474940000,1295474999000,0.7451731409793065,0.7452786596908584,0.7449677428967325,0.7452564427419475,65000000,1
1295475000000,1295475059000,0.7452564427419475,0.7452897686620558,0.745217566268472,0.7452786596908584,67000000,1
1295475060000,1295475119000,0.7453064327398209,0.7454231021527818,0.7451786938507854,0.7453953204081785,80000000,1
1295475120000,1295475179000,0.7453953204081785,0.7456954728827841,0.7453953204081785,0.7456676708324633,107000000,1
1295475180000,1295475239000,0.7456676708324633,0.7457288380798974,0.7454897867899211,0.7455509248559222,84000000,1
1295475240000,1295475299000,0.7455509248559222,0.7457955774322258,0.7455175755768442,0.7457677679170707,95000000,1
1295475300000,1295475359000,0.7459402203507411,0.7459402203507411,0.745650990597341,0.7458011395841413,200000000,1
1295475360000,1295475419000,0.7458178265376899,0.7459513490530147,0.7458011395841413,0.7458567656667213,110000000,1
1295475420000,1295475479000,0.7458567656667213,0.7458567656667213,0.745589836119354,0.745656550592797,146000000,1
1295475480000,1295475539000,0.7456899123068663,0.7457177160157794,0.7455231335828351,0.7456899123068663,132000000,1
1295475540000,1295475599000,0.7457121551081283,0.7458456397863898,0.7455953952028392,0.7458456397863898,201000000,1
1295475600000,1295475659000,0.7458456397863898,0.7458456397863898,0.745734399236368,0.7457900153632744,172000000,1
1295475660000,1295475719000,0.7457900153632744,0.7458790184232118,0.7457510832034484,0.7458233890214797,227000000,1
1295475720000,1295475779000,0.7458233890214797,0.7459290919805163,0.7457955774322258,0.7458178265376899,198000000,1
1295475780000,1295475839000,0.7458178265376899,0.7459068362361542,0.7457900153632744,0.7458289515882428,129000000,1
1295475840000,1295475899000,0.7458289515882428,0.7459680427290495,0.7458233890214797,0.7459068362361542,105000000,1
1295475900000,1295475959000,0.7459290919805163,0.7459346561241236,0.7457900153632744,0.7458845818198092,197000000,1
1295475960000,1295476019000,0.7458512026850642,0.7459346561241236,0.7458456397863898,0.7459068362361542,77000000,1
1295476020000,1295476079000,0.7459068362361542,0.7459346561241236,0.745762206262911,0.7458233890214797,182000000,1
1295476080000,1295476139000,0.7458233890214797,0.7460181282405163,0.7457955774322258,0.7458790184232118,135000000,1
1295476140000,1295476199000,0.7458901452994002,0.7458957088619869,0.7458233890214797,0.7458233890214797,88000000,1
1295476200000,1295476259000,0.7458233890214797,0.7459290919805163,0.7457900153632744,0.7458790184232118,240000000,1
1295476260000,1295476319000,0.7458790184232118,0.7460069975456369,0.7458790184232118,0.7459791722615104,131000000,1
1295476320000,1295476379000,0.7460069975456369,0.7460069975456369,0.7459680427290495,0.7460014323227501,102000000,1
1295476380000,1295476439000,0.7460014323227501,0.7460348249056267,0.7459736074537683,0.7460069975456369,87000000,1
1295476440000,1295476499000,0.7460069975456369,0.7460069975456369,0.7459624780873523,0.7460069975456369,115000000,1
1295476500000,1295476559000,0.7460069975456369,0.7461461551088627,0.7460014323227501,0.7461183194430973,168000000,1
1295476560000,1295476619000,0.7461183194430973,0.7461795606494747,0.745734399236368,0.745762206262911,211000000,1
1295476620000,1295476679000,0.745773329654185,0.7460125628515585,0.745773329654185,0.7458512026850642,139000000,1
1295476680000,1295476739000,0.7458512026850642,0.7459290919805163,0.7458178265376899,0.7459290919805163,135000000,1
1295476740000,1295476799000,0.7459290919805163,0.7460125628515585,0.7459290919805163,0.7459290919805163,98000000,1
1295476800000,1295476859000,0.7459290919805163,0.7459290919805163,0.7458734551096061,0.7458734551096061,41000000,1
1295476860000,1295476919000,0.7458734551096061,0.7458845818198092,0.7457677679170707,0.745773329654185,81000000,1
1295476920000,1295476979000,0.745773329654185,0.7458678918789905,0.7457399604757821,0.7457399604757821,141000000,1
1295476980000,1295477039000,0.7457399604757821,0.7457955774322258,0.7457177160157794,0.7457900153632744,85000000,1
1295477040000,1295477099000,0.7457900153632744,0.7458734551096061,0.7457121551081283,0.7458178265376899,49000000,1
1295477100000,1295477159000,0.7458233890214797,0.7458233890214797,0.7456843518138772,0.7456843518138772,26000000,1
1295477160000,1295477219000,0.7456843518138772,0.7456843518138772,0.7455731593662628,0.7456065136185029,45000000,1
1295477220000,1295477279000,0.7456065136185029,0.7457677679170707,0.7455953952028392,0.7457288380798974,49000000,1
1295477280000,1295477339000,0.745734399236368,0.7459569135286745,0.745734399236368,0.7457844533772849,46000000,1
1295477340000,1295477399000,0.7457955774322258,0.745840076970696,0.7457788914742557,0.7458233890214797,29000000,1
1295477400000,1295477459000,0.7458067018190225,0.7460849193855245,0.7458067018190225,0.7458901452994002,36000000,1
1295477460000,1295477519000,0.7459012725075709,0.7460236937125123,0.7459012725075709,0.7459791722615104,23000000,1
1295477520000,1295477579000,0.7459791722615104,0.7460793529999851,0.7459791722615104,0.7460125628515585,19000000,1
1295477580000,1295477639000,0.7460515223181313,0.7462352431980658,0.7459791722615104,0.7460737866975045,37000000,1
1295477640000,1295477699000,0.7460570882883959,0.7460626543417116,0.7460125628515585,0.7460626543417116,15000000,1
1295477700000,1295477759000,0.7460849193855245,0.7462686567164178,0.7460849193855245,0.746201832671701,49000000,1
1295477760000,1295477819000,0.7461851285303884,0.7461851285303884,0.7460960524057868,0.7460960524057868,23000000,1
1295477820000,1295477879000,0.7460682204780805,0.7461962645414997,0.7460682204780805,0.7461628575052791,31000000,1
1295477880000,1295477939000,0.7461962645414997,0.7462686567164178,0.7461461551088627,0.746207400885002,52000000,1
1295477940000,1295477999000,0.7462185375609101,0.7463076429365713,0.7462185375609101,0.7462686567164178,15000000,1
1295478000000,1295478059000,0.7462575185444993,0.7463967695947813,0.746201832671701,0.7463522036048812,90000000,1
1295478060000,1295478119000,0.7463689152274186,0.7464914899970141,0.7462909340577331,0.7464524845670949,68000000,1
1295478120000,1295478179000,0.7464023407177405,0.7464023407177405,0.7463132127291181,0.7463689152274186,31000000,1
1295478180000,1295478239000,0.7463744859345729,0.7464134832131608,0.7462909340577331,0.7463187826048019,31000000,1
1295478240000,1295478299000,0.7463299226055871,0.7463354927306923,0.7462463807050537,0.7462463807050537,30000000,1
1295478300000,1295478359000,0.7462463807050537,0.7462463807050537,0.7461517224912514,0.7461739928516531,12000000,1
1295478360000,1295478419000,0.7461739928516531,0.7462909340577331,0.7461739928516531,0.7462185375609101,26000000,1
1295478420000,1295478479000,0.7462185375609101,0.7462185375609101,0.7460849193855245,0.7461405878095551,23000000,1
1295478480000,1295478539000,0.7461405878095551,0.7461405878095551,0.7460904858541244,0.7461016190405133,13000000,1
1295478540000,1295478599000,0.7461016190405133,0.746107185758306,0.7461016190405133,0.746107185758306,3000000,1
1295478600000,1295478659000,0.7460904858541244,0.7460904858541244,0.7460570882883959,0.7460570882883959,3000000,1
1295478660000,1295478719000,0.7460737866975045,0.7460737866975045,0.7459012725075709,0.7459012725075709,22000000,1
1295478720000,1295478779000,0.7459179639423257,0.7459736074537683,0.7459179639423257,0.7459513490530147,20000000,1
1295478780000,1295478839000,0.7459513490530147,0.7459569135286745,0.7459235279199177,0.7459457846603709,23000000,1
1295478840000,1295478899000,0.7459457846603709,0.7460570882883959,0.7459457846603709,0.7459569135286745,27000000,1
1295478900000,1295478959000,0.7459513490530147,0.7460181282405163,0.7459012725075709,0.7459513490530147,49000000,1
1295478960000,1295479019000,0.7459513490530147,0.7460125628515585,0.7459124000477384,0.7459179639423257,49000000,1
1295479020000,1295479079000,0.7459179639423257,0.7459791722615104,0.7458289515882428,0.7459068362361542,39000000,1
1295479080000,1295479139000,0.7458178265376899,0.7458957088619869,0.7458011395841413,0.7458122641368715,50000000,1
1295479140000,1295479199000,0.7458122641368715,0.7458734551096061,0.7458122641368715,0.7458289515882428,40000000,1
1295479200000,1295479259000,0.7458289515882428,0.7458567656667213,0.7458233890214797,0.7458233890214797,21000000,1
1295479260000,1295479319000,0.7458233890214797,0.7458233890214797,0.7456732310766776,0.7458011395841413,25000000,1
1295479320000,1295479379000,0.7458456397863898,0.7460014323227501,0.7458456397863898,0.7460014323227501,15000000,1
1295479380000,1295479439000,0.7460125628515585,0.7460236937125123,0.7458678918789905,0.7459624780873523,56000000,1
1295479440000,1295479499000,0.7459457846603709,0.7459903021260723,0.7459402203507411,0.7459791722615104,44000000,1
1295479500000,1295479559000,0.7459624780873523,0.7459680427290495,0.7459624780873523,0.7459680427290495,4000000,1
1295479560000,1295479619000,0.7459624780873523,0.7459624780873523,0.7459624780873523,0.7459624780873523,2000000,1
1295479620000,1295479679000,0.7459513490530147,0.7459513490530147,0.7459513490530147,0.7459513490530147,5000000,1
1295479680000,1295479739000,0.7459179639423257,0.7459624780873523,0.7458456397863898,0.7458957088619869,35000000,1
1295479740000,1295479799000,0.7458957088619869,0.7459736074537683,0.7458678918789905,0.7459513490530147,36000000,1
1295479800000,1295479859000,0.7459680427290495,0.7459680427290495,0.7459624780873523,0.7459624780873523,9000000,1
1295479860000,1295479919000,0.7459346561241236,0.7459680427290495,0.7459068362361542,0.7459624780873523,15000000,1
1295479920000,1295479979000,0.7459680427290495,0.7460459564309161,0.7459624780873523,0.7460069975456369,26000000,1
1295479980000,1295480039000,0.7460069975456369,0.7460236937125123,0.7459513490530147,0.7459513490530147,23000000,1
1295480040000,1295480099000,0.7459513490530147,0.7460125628515585,0.7459068362361542,0.7459179639423257,33000000,1
1295480100000,1295480159000,0.7459124000477384,0.7459179639423257,0.7458623287313628,0.7458623287313628,16000000,1
1295480160000,1295480219000,0.7458623287313628,0.7459179639423257,0.7458067018190225,0.7458178265376899,35000000,1
1295480220000,1295480279000,0.7458178265376899,0.745840076970696,0.7457455217981416,0.7457455217981416,30000000,1
1295480280000,1295480339000,0.7457455217981416,0.7459012725075709,0.7457121551081283,0.7457677679170707,85000000,1
1295480340000,1295480399000,0.7457455217981416,0.7457566446917042,0.7457177160157794,0.7457566446917042,10000000,1
1295480400000,1295480459000,0.7457566446917042,0.7459068362361542,0.7457566446917042,0.7458345142379809,56000000,1
1295480460000,1295480519000,0.7458345142379809,0.7458790184232118,0.7458345142379809,0.7458512026850642,40000000,1
1295480520000,1295480579000,0.7458512026850642,0.7458734551096061,0.7458233890214797,0.7458734551096061,43000000,1
1295480580000,1295480639000,0.7459235279199177,0.7460682204780805,0.7459235279199177,0.7459235279199177,44000000,1
1295480640000,1295480699000,0.7459235279199177,0.7460348249056267,0.7459235279199177,0.7460348249056267,22000000,1
1295480700000,1295480759000,0.7460348249056267,0.7461461551088627,0.7460348249056267,0.7460626543417116,25000000,1
1295480760000,1295480819000,0.7460626543417116,0.7461183194430973,0.7460626543417116,0.7461183194430973,21000000,1
1295480820000,1295480879000,0.7461405878095551,0.7461739928516531,0.7460904858541244,0.7461461551088627,29000000,1
1295480880000,1295480939000,0.7461684251369219,0.7463856275983549,0.7461684251369219,0.7463577740625746,58000000,1
1295480940000,1295480999000,0.7463410629389419,0.7464524845670949,0.7463299226055871,0.7464524845670949,65000000,1
1295481000000,1295481059000,0.7464859175431655,0.7465082078577454,0.7463856275983549,0.7465082078577454,54000000,1
1295481060000,1295481119000,0.7465082078577454,0.7465082078577454,0.7463967695947813,0.7464524845670949,42000000,1
1295481120000,1295481179000,0.7464524845670949,0.7466698524580372,0.7464524845670949,0.7466252538525863,66000000,1
1295481180000,1295481239000,0.7466085307490723,0.7466754276583513,0.7465583659330487,0.7466364030044649,30000000,1
1295481240000,1295481299000,0.7466029565477079,0.7466865783087548,0.7465527924807203,0.7465639394685958,76000000,1
1295481300000,1295481359000,0.7465639394685958,0.7466810029419232,0.7464692006807799,0.7465583659330487,86000000,1
1295481360000,1295481419000,0.7465583659330487,0.7466196794015096,0.7464692006807799,0.7464859175431655,69000000,1
1295481420000,1295481479000,0.7464803451725116,0.7464859175431655,0.7463243525636241,0.7464301975800733,50000000,1
1295481480000,1295481539000,0.7464301975800733,0.7466252538525863,0.7464246260412624,0.746458056521804,50000000,1
1295481540000,1295481599000,0.746458056521804,0.7465862344430094,0.7464190545856254,0.7465472191116088,58000000,1
1295481600000,1295481659000,0.7465472191116088,0.7466196794015096,0.7464079119238664,0.7464469126955691,110000000,1
1295481660000,1295481719000,0.7464469126955691,0.7465695130873635,0.7464469126955691,0.7464914899970141,54000000,1
1295481720000,1295481779000,0.7464914899970141,0.7465360726230291,0.7462853645977148,0.7462853645977148,114000000,1
1295481780000,1295481839000,0.7463076429365713,0.7464079119238664,0.7462575185444993,0.7463744859345729,87000000,1
1295481840000,1295481899000,0.7463800567248843,0.7463911985549867,0.7462742259270592,0.7462853645977148,87000000,1
1295481900000,1295481959000,0.7462797952208242,0.7465918083946783,0.7462797952208242,0.7464914899970141,97000000,1
1295481960000,1295482019000,0.7464803451725116,0.7464970625340589,0.7463466332303375,0.7463856275983549,99000000,1
1295482020000,1295482079000,0.7463744859345729,0.7464914899970141,0.7463744859345729,0.7464914899970141,54000000,1
1295482080000,1295482139000,0.7464914899970141,0.7465304995035572,0.7463856275983549,0.7464079119238664,126000000,1
1295482140000,1295482199000,0.7464079119238664,0.7465527924807203,0.7464079119238664,0.7464246260412624,99000000,1
1295482200000,1295482259000,0.7464803451725116,0.7464803451725116,0.7463689152274186,0.7464246260412624,25000000,1
1295482260000,1295482319000,0.7464246260412624,0.7464246260412624,0.7463410629389419,0.7463410629389419,40000000,1
1295482320000,1295482379000,0.7463410629389419,0.7463410629389419,0.7462519495832183,0.7462519495832183,73000000,1
1295482380000,1295482439000,0.7462742259270592,0.7464023407177405,0.7462742259270592,0.7463187826048019,65000000,1
1295482440000,1295482499000,0.7463689152274186,0.7465304995035572,0.7463354927306923,0.7464246260412624,138000000,1
1295482500000,1295482559000,0.7464413409072248,0.7466364030044649,0.7464413409072248,0.7465472191116088,100000000,1
1295482560000,1295482619000,0.7465527924807203,0.7466252538525863,0.7465193535142398,0.7465304995035572,101000000,1
1295482620000,1295482679000,0.7465472191116088,0.7466754276583513,0.7465193535142398,0.7465527924807203,93000000,1
1295482680000,1295482739000,0.7465695130873635,0.746759065655057,0.7465416458257124,0.7467200322583053,116000000,1
1295482740000,1295482799000,0.7467200322583053,0.7467200322583053,0.7466029565477079,0.7466531273566239,71000000,1
1295482800000,1295482859000,0.7466419777052706,0.7467088806087171,0.7466419777052706,0.7466810029419232,73000000,1
1295482860000,1295482919000,0.7467088806087171,0.7467702188036741,0.7466754276583513,0.7467200322583053,69000000,1
1295482920000,1295482979000,0.7467033049088275,0.746814834729877,0.7467033049088275,0.7467925261003988,48000000,1
1295482980000,1295483039000,0.7468204120955034,0.7468483001732689,0.7467033049088275,0.7467033049088275,54000000,1
1295483040000,1295483099000,0.7466698524580372,0.7466810029419232,0.7465360726230291,0.7466531273566239,92000000,1
1295483100000,1295483159000,0.7466754276583513,0.7466977292922052,0.7466308283869041,0.7466531273566239,38000000,1
1295483160000,1295483219000,0.7466531273566239,0.7466531273566239,0.7465416458257124,0.7466252538525863,35000000,1
1295483220000,1295483279000,0.7465973824295772,0.7466587023071755,0.7465583659330487,0.7465973824295772,36000000,1
1295483280000,1295483339000,0.7466141050336723,0.7466141050336723,0.7463577740625746,0.7463967695947813,104000000,1
1295483340000,1295483399000,0.7463967695947813,0.7464413409072248,0.7463577740625746,0.7463577740625746,54000000,1
1295483400000,1295483459000,0.7463522036048812,0.7465695130873635,0.7463354927306923,0.7464803451725116,93000000,1
1295483460000,1295483519000,0.7465137806443907,0.7466252538525863,0.7465137806443907,0.7465249264672947,72000000,1
1295483520000,1295483579000,0.7465249264672947,0.7466308283869041,0.7465249264672947,0.7466308283869041,62000000,1
1295483580000,1295483639000,0.7466364030044649,0.746798103132818,0.7466308283869041,0.7467702188036741,75000000,1
1295483640000,1295483699000,0.7467646421877217,0.7467646421877217,0.7466364030044649,0.7466810029419232,50000000,1
1295483700000,1295483759000,0.7466977292922052,0.7467757955029162,0.7466810029419232,0.7467367603572389,50000000,1
1295483760000,1295483819000,0.7467311842409851,0.746742336556771,0.7465695130873635,0.7465695130873635,51000000,1
1295483820000,1295483879000,0.7465639394685958,0.7466308283869041,0.7465472191116088,0.7465695130873635,86000000,1
1295483880000,1295483939000,0.7466029565477079,0.7468594559875722,0.7466029565477079,0.7467702188036741,69000000,1
1295483940000,1295483999000,0.7467702188036741,0.7467702188036741,0.7466587023071755,0.7467088806087171,39000000,1
1295484000000,1295484059000,0.7467088806087171,0.7468259895444361,0.7466587023071755,0.7468259895444361,65000000,1
1295484060000,1295484119000,0.7468204120955034,0.7468427223910916,0.7467869491512766,0.746798103132818,43000000,1
1295484120000,1295484179000,0.7467869491512766,0.7468650340197023,0.7467702188036741,0.7468650340197023,50000000,1
1295484180000,1295484239000,0.7468650340197023,0.7468706121351536,0.7467534892056783,0.7467702188036741,60000000,1
1295484240000,1295484299000,0.7467646421877217,0.7468706121351536,0.7467311842409851,0.7468706121351536,37000000,1
1295484300000,1295484359000,0.7468483001732689,0.7468483001732689,0.7466419777052706,0.7466475524893229,54000000,1
1295484360000,1295484419000,0.7466865783087548,0.7466921537588483,0.7464134832131608,0.7464859175431655,142000000,1
1295484420000,1295484479000,0.7464859175431655,0.7464859175431655,0.7463354927306923,0.7464134832131608,45000000,1
1295484480000,1295484539000,0.7464134832131608,0.7464134832131608,0.7462185375609101,0.7462352431980658,87000000,1
1295484540000,1295484599000,0.7462352431980658,0.7462352431980658,0.7460181282405163,0.7460904858541244,69000000,1
1295484600000,1295484659000,0.7460793529999851,0.7461572899567228,0.7460459564309161,0.7461127525591668,68000000,1
1295484660000,1295484719000,0.7461294534601753,0.7462241060235211,0.7460849193855245,0.7460849193855245,51000000,1
1295484720000,1295484779000,0.7460849193855245,0.746207400885002,0.7460849193855245,0.746201832671701,90000000,1
1295484780000,1295484839000,0.746207400885002,0.7462241060235211,0.7459680427290495,0.7460960524057868,138000000,1
1295484840000,1295484899000,0.7460515223181313,0.7460793529999851,0.7460181282405163,0.7460236937125123,59000000,1
1295484900000,1295484959000,0.7460348249056267,0.7461962645414997,0.7460181282405163,0.7460515223181313,121000000,1
1295484960000,1295485019000,0.7460515223181313,0.7462797952208242,0.7460515223181313,0.7462686567164178,74000000,1
1295485020000,1295485079000,0.7462686567164178,0.7463856275983549,0.7462241060235211,0.7462965036008806,61000000,1
1295485080000,1295485139000,0.7463132127291181,0.7463800567248843,0.7462797952208242,0.7463410629389419,64000000,1
1295485140000,1295485199000,0.7463410629389419,0.7464246260412624,0.7463020732271595,0.7463354927306923,108000000,1
1295485200000,1295485259000,0.7463243525636241,0.7463911985549867,0.7462909340577331,0.7462909340577331,88000000,1
1295485260000,1295485319000,0.7462909340577331,0.7464023407177405,0.7462296745692388,0.7463633446034198,79000000,1
1295485320000,1295485379000,0.7463633446034198,0.7463689152274186,0.7462630875888986,0.7462909340577331,82000000,1
1295485380000,1295485439000,0.7462909340577331,0.7462909340577331,0.7460069975456369,0.7460125628515585,52000000,1
1295485440000,1295485499000,0.7460125628515585,0.7460348249056267,0.7459569135286745,0.7460069975456369,25000000,1
1295485500000,1295485559000,0.7460069975456369,0.7460737866975045,0.7460069975456369,0.7460348249056267,38000000,1
1295485560000,1295485619000,0.7460737866975045,0.7461461551088627,0.7460181282405163,0.7461016190405133,50000000,1
1295485620000,1295485679000,0.7461016190405133,0.7461350205933265,0.7459513490530147,0.7460181282405163,75000000,1
1295485680000,1295485739000,0.7460236937125123,0.7460904858541244,0.7459346561241236,0.7460125628515585,82000000,1
1295485740000,1295485799000,0.7460181282405163,0.7460292592675485,0.7459624780873523,0.7459791722615104,46000000,1
1295485800000,1295485859000,0.7459791722615104,0.7459958671828958,0.7458790184232118,0.7459569135286745,69000000,1
1295485860000,1295485919000,0.7459012725075709,0.7460236937125123,0.7458623287313628,0.7459903021260723,56000000,1
1295485920000,1295485979000,0.7459736074537683,0.746207400885002,0.7459736074537683,0.746201832671701,85000000,1
1295485980000,1295486039000,0.746201832671701,0.7462853645977148,0.7461127525591668,0.7461405878095551,77000000,1
1295486040000,1295486099000,0.7461405878095551,0.7463466332303375,0.7461405878095551,0.7462965036008806,74000000,1
1295486100000,1295486159000,0.7462965036008806,0.7463911985549867,0.7462575185444993,0.7463911985549867,72000000,1
1295486160000,1295486219000,0.7463744859345729,0.7463911985549867,0.7463020732271595,0.7463911985549867,83000000,1
1295486220000,1295486279000,0.7463856275983549,0.7464190545856254,0.7463187826048019,0.7463967695947813,49000000,1
1295486280000,1295486339000,0.7463800567248843,0.7463800567248843,0.7462296745692388,0.7463132127291181,74000000,1
1295486340000,1295486399000,0.7463132127291181,0.7463132127291181,0.7461238864100995,0.7461294534601753,61000000,1
1295486400000,1295486459000,0.7461238864100995,0.7461962645414997,0.7460069975456369,0.7460403906267484,62000000,1
1295486460000,1295486519000,0.7460403906267484,0.7461350205933265,0.7459847371522779,0.7461127525591668,39000000,1
1295486520000,1295486579000,0.7461238864100995,0.7461238864100995,0.7460292592675485,0.7460904858541244,34000000,1
1295486580000,1295486639000,0.7460904858541244,0.7460904858541244,0.7460125628515585,0.7460181282405163,48000000,1
1295486640000,1295486699000,0.7460181282405163,0.7460849193855245,0.7460181282405163,0.7460849193855245,21000000,1
1295486700000,1295486759000,0.7460515223181313,0.7460515223181313,0.7459791722615104,0.7460403906267484,52000000,1
1295486760000,1295486819000,0.7460403906267484,0.7460403906267484,0.7458623287313628,0.7459513490530147,95000000,1
1295486820000,1295486879000,0.7459513490530147,0.7460515223181313,0.7457844533772849,0.7459847371522779,102000000,1
1295486880000,1295486939000,0.7459903021260723,0.7460459564309161,0.7459124000477384,0.7459791722615104,122000000,1
1295486940000,1295486999000,0.7459791722615104,0.7459791722615104,0.7458901452994002,0.7459290919805163,78000000,1
1295487000000,1295487059000,0.7459235279199177,0.7460403906267484,0.7459179639423257,0.7460348249056267,63000000,1
1295487060000,1295487119000,0.7460403906267484,0.7460682204780805,0.7458567656667213,0.7459457846603709,63000000,1
1295487120000,1295487179000,0.7459569135286745,0.7460849193855245,0.7459569135286745,0.7460236937125123,50000000,1
1295487180000,1295487239000,0.7460292592675485,0.7460849193855245,0.7459903021260723,0.7460570882883959,96000000,1
1295487240000,1295487299000,0.7460403906267484,0.7460904858541244,0.7459457846603709,0.7460181282405163,95000000,1
1295487300000,1295487359000,0.7460292592675485,0.7461016190405133,0.7459402203507411,0.7460348249056267,90000000,1
1295487360000,1295487419000,0.7460403906267484,0.7461795606494747,0.7460403906267484,0.7460515223181313,133000000,1
1295487420000,1295487479000,0.7460515223181313,0.7460515223181313,0.7459791722615104,0.7459791722615104,52000000,1
1295487480000,1295487539000,0.7459179639423257,0.7459736074537683,0.7458512026850642,0.7459235279199177,42000000,1
1295487540000,1295487599000,0.7459235279199177,0.7459569135286745,0.7458512026850642,0.7459513490530147,66000000,1
1295487600000,1295487659000,0.7459513490530147,0.7460348249056267,0.7459290919805163,0.7460125628515585,44000000,1
1295487660000,1295487719000,0.7460626543417116,0.7460626543417116,0.7458233890214797,0.745840076970696,46000000,1
1295487720000,1295487779000,0.745840076970696,0.7459012725075709,0.7457844533772849,0.7459012725075709,85000000,1
1295487780000,1295487839000,0.7459012725075709,0.7460682204780805,0.7458678918789905,0.7460014323227501,75000000,1
1295487840000,1295487899000,0.7459847371522779,0.7460793529999851,0.7459569135286745,0.7460181282405163,55000000,1
1295487900000,1295487959000,0.7460069975456369,0.7460069975456369,0.7458567656667213,0.7458957088619869,61000000,1
1295487960000,1295488019000,0.7458734551096061,0.7460849193855245,0.745840076970696,0.7460849193855245,82000000,1
1295488020000,1295488079000,0.7460960524057868,0.7463410629389419,0.7460960524057868,0.7463410629389419,154000000,1
1295488080000,1295488139000,0.7463354927306923,0.7464413409072248,0.7461461551088627,0.7462797952208242,164000000,1
1295488140000,1295488199000,0.7462797952208242,0.7463243525636241,0.7461795606494747,0.7462352431980658,163000000,1
1295488200000,1295488259000,0.7462352431980658,0.7463132127291181,0.7461461551088627,0.746207400885002,93000000,1
1295488260000,1295488319000,0.746207400885002,0.7463522036048812,0.7461350205933265,0.7463522036048812,77000000,1
1295488320000,1295488379000,0.7463522036048812,0.7464079119238664,0.7461294534601753,0.7461962645414997,111000000,1
1295488380000,1295488439000,0.7461962645414997,0.7462630875888986,0.7461461551088627,0.7462241060235211,64000000,1
1295488440000,1295488499000,0.7462241060235211,0.7462408119100034,0.7461628575052791,0.7461795606494747,35000000,1
1295488500000,1295488559000,0.7461795606494747,0.746207400885002,0.7460960524057868,0.7461517224912514,77000000,1
1295488560000,1295488619000,0.7461795606494747,0.7461906964943961,0.7461238864100995,0.7461294534601753,47000000,1
1295488620000,1295488679000,0.7461183194430973,0.7461238864100995,0.7460069975456369,0.7460348249056267,68000000,1
1295488680000,1295488739000,0.7460403906267484,0.7460849193855245,0.7459903021260723,0.7460849193855245,22000000,1
1295488740000,1295488799000,0.7460849193855245,0.7460849193855245,0.7459068362361542,0.7459847371522779,54000000,1
1295488800000,1295488859000,0.7460403906267484,0.7461294534601753,0.7457566446917042,0.7458678918789905,155000000,1
1295488860000,1295488919000,0.7458678918789905,0.7460459564309161,0.7458178265376899,0.7458178265376899,121000000,1
1295488920000,1295488979000,0.7458233890214797,0.7459346561241236,0.7458011395841413,0.7459012725075709,113000000,1
1295488980000,1295489039000,0.7458901452994002,0.7460348249056267,0.7458567656667213,0.7459847371522779,96000000,1
1295489040000,1295489099000,0.7459847371522779,0.7462352431980658,0.7459847371522779,0.7462129691814043,95000000,1
1295489100000,1295489159000,0.7461572899567228,0.7462575185444993,0.7461127525591668,0.7462241060235211,160000000,1
1295489160000,1295489219000,0.7462129691814043,0.7462296745692388,0.7460181282405163,0.7460626543417116,151000000,1
1295489220000,1295489279000,0.7460626543417116,0.7462408119100034,0.7459624780873523,0.7461238864100995,106000000,1
1295489280000,1295489339000,0.7461238864100995,0.7462965036008806,0.7460348249056267,0.7461906964943961,269000000,1
1295489340000,1295489399000,0.7461906964943961,0.7463466332303375,0.7461294534601753,0.7461684251369219,132000000,1
1295489400000,1295489459000,0.7461906964943961,0.7462241060235211,0.7460403906267484,0.7460793529999851,96000000,1
1295489460000,1295489519000,0.7460849193855245,0.7461739928516531,0.7460459564309161,0.7460793529999851,98000000,1
1295489520000,1295489579000,0.7460849193855245,0.7460849193855245,0.7459179639423257,0.7459847371522779,68000000,1
1295489580000,1295489639000,0.7459847371522779,0.7460515223181313,0.7457844533772849,0.7459569135286745,100000000,1
1295489640000,1295489699000,0.7459124000477384,0.7460459564309161,0.7458678918789905,0.7460292592675485,65000000,1
1295489700000,1295489759000,0.7459903021260723,0.7460793529999851,0.7458734551096061,0.7459624780873523,107000000,1
1295489760000,1295489819000,0.7459624780873523,0.7461572899567228,0.7459624780873523,0.7460348249056267,87000000,1
1295489820000,1295489879000,0.7460348249056267,0.7461684251369219,0.7460125628515585,0.7460737866975045,64000000,1
1295489880000,1295489939000,0.7460570882883959,0.7461795606494747,0.7459513490530147,0.7460904858541244,104000000,1
1295489940000,1295489999000,0.7460793529999851,0.7461127525591668,0.7459958671828958,0.7460014323227501,76000000,1
1295490000000,1295490059000,0.7459958671828958,0.7461294534601753,0.7459958671828958,0.7460960524057868,54000000,1
1295490060000,1295490119000,0.7461183194430973,0.7461906964943961,0.7460849193855245,0.7461238864100995,67000000,1
1295490120000,1295490179000,0.7461016190405133,0.7461238864100995,0.7460069975456369,0.7460403906267484,73000000,1
1295490180000,1295490239000,0.7460459564309161,0.7460626543417116,0.7459847371522779,0.7460069975456369,51000000,1
1295490240000,1295490299000,0.7460292592675485,0.7460737866975045,0.7459958671828958,0.7460125628515585,77000000,1
1295490300000,1295490359000,0.7460125628515585,0.7461016190405133,0.7459791722615104,0.7459791722615104,43000000,1
1295490360000,1295490419000,0.7459791722615104,0.7460125628515585,0.7459624780873523,0.7459791722615104,39000000,1
1295490420000,1295490479000,0.7459624780873523,0.7460682204780805,0.7459402203507411,0.7459958671828958,87000000,1
1295490480000,1295490539000,0.7460125628515585,0.7461238864100995,0.7459847371522779,0.7461183194430973,122000000,1
1295490540000,1295490599000,0.7461183194430973,0.746207400885002,0.7460515223181313,0.7461684251369219,79000000,1
1295490600000,1295490659000,0.7462185375609101,0.7463410629389419,0.7461739928516531,0.7463243525636241,144000000,1
1295490660000,1295490719000,0.7463466332303375,0.7464970625340589,0.7463466332303375,0.7464413409072248,103000000,1
1295490720000,1295490779000,0.7464134832131608,0.7464246260412624,0.7461851285303884,0.7463633446034198,112000000,1
1295490780000,1295490839000,0.7462965036008806,0.7462965036008806,0.746207400885002,0.7462185375609101,46000000,1
1295490840000,1295490899000,0.7462575185444993,0.7462686567164178,0.7461851285303884,0.7462408119100034,84000000,1
1295490900000,1295490959000,0.7462575185444993,0.7463744859345729,0.7461517224912514,0.7462129691814043,112000000,1
1295490960000,1295491019000,0.7462519495832183,0.7463967695947813,0.7461127525591668,0.7463076429365713,164000000,1
1295491020000,1295491079000,0.7463076429365713,0.7464413409072248,0.7462797952208242,0.7462797952208242,173000000,1
1295491080000,1295491139000,0.7462519495832183,0.7463856275983549,0.7462519495832183,0.7463744859345729,113000000,1
1295491140000,1295491199000,0.7463466332303375,0.7464190545856254,0.7461628575052791,0.7461739928516531,113000000,1
1295491200000,1295491259000,0.7461628575052791,0.7461795606494747,0.7461016190405133,0.746107185758306,67000000,1
1295491260000,1295491319000,0.746107185758306,0.7461851285303884,0.7460849193855245,0.7461238864100995,108000000,1
1295491320000,1295491379000,0.7461405878095551,0.7461461551088627,0.7460181282405163,0.7461350205933265,42000000,1
1295491380000,1295491439000,0.7461517224912514,0.7462241060235211,0.7461405878095551,0.7462241060235211,43000000,1
1295491440000,1295491499000,0.7462296745692388,0.7462519495832183,0.746201832671701,0.7462463807050537,41000000,1
1295491500000,1295491559000,0.7462463807050537,0.7463020732271595,0.7462463807050537,0.7462742259270592,44000000,1
1295491560000,1295491619000,0.7462630875888986,0.7463020732271595,0.7462129691814043,0.7462519495832183,54000000,1
1295491620000,1295491679000,0.7462185375609101,0.7462742259270592,0.7461684251369219,0.7462463807050537,32000000,1
1295491680000,1295491739000,0.7462463807050537,0.7463466332303375,0.7461962645414997,0.7461962645414997,79000000,1
1295491740000,1295491799000,0.746201832671701,0.7462296745692388,0.7461739928516531,0.7461906964943961,42000000,1
1295491800000,1295491859000,0.7461962645414997,0.7464246260412624,0.7461851285303884,0.7463967695947813,161000000,1
1295491860000,1295491919000,0.7463633446034198,0.7464413409072248,0.7463633446034198,0.7464134832131608,80000000,1
1295491920000,1295491979000,0.7464134832131608,0.7465639394685958,0.7464134832131608,0.7465026351543022,55000000,1
1295491980000,1295492039000,0.7465026351543022,0.7465472191116088,0.7463633446034198,0.7463633446034198,100000000,1
1295492040000,1295492099000,0.7463633446034198,0.7464134832131608,0.7463577740625746,0.7463800567248843,62000000,1
1295492100000,1295492159000,0.7463800567248843,0.7464413409072248,0.7463020732271595,0.7463187826048019,79000000,1
1295492160000,1295492219000,0.7463299226055871,0.746458056521804,0.7462797952208242,0.7463466332303375,74000000,1
1295492220000,1295492279000,0.7463744859345729,0.7463856275983549,0.7462742259270592,0.7463856275983549,40000000,1
1295492280000,1295492339000,0.7463856275983549,0.7463856275983549,0.7462241060235211,0.7462241060235211,55000000,1
1295492340000,1295492399000,0.7462241060235211,0.7462686567164178,0.7460849193855245,0.7461350205933265,96000000,1
1295492400000,1295492459000,0.7461350205933265,0.7461851285303884,0.7460626543417116,0.7461628575052791,98000000,1
1295492460000,1295492519000,0.7461628575052791,0.7463354927306923,0.7461016190405133,0.7462630875888986,89000000,1
1295492520000,1295492579000,0.7462686567164178,0.7463132127291181,0.7461684251369219,0.7461962645414997,40000000,1
1295492580000,1295492639000,0.7462296745692388,0.7462630875888986,0.7461851285303884,0.7462241060235211,63000000,1
1295492640000,1295492699000,0.7462241060235211,0.7462686567164178,0.7462185375609101,0.7462408119100034,37000000,1
1295492700000,1295492759000,0.7462463807050537,0.7464692006807799,0.7462463807050537,0.7464524845670949,100000000,1
1295492760000,1295492819000,0.7464636285596984,0.7465750867893538,0.7464413409072248,0.7465026351543022,95000000,1
1295492820000,1295492879000,0.7464914899970141,0.7465137806443907,0.746458056521804,0.746458056521804,46000000,1
1295492880000,1295492939000,0.7464692006807799,0.7465026351543022,0.7464469126955691,0.7464469126955691,16000000,1
1295492940000,1295492999000,0.7464469126955691,0.746458056521804,0.7463466332303375,0.7463689152274186,54000000,1
1295493000000,1295493059000,0.7463689152274186,0.7465750867893538,0.7462797952208242,0.7465583659330487,96000000,1
1295493060000,1295493119000,0.7465583659330487,0.7466810029419232,0.7464803451725116,0.7466141050336723,75000000,1
1295493120000,1295493179000,0.7466141050336723,0.7466810029419232,0.7466085307490723,0.7466810029419232,35000000,1
1295493180000,1295493239000,0.7466698524580372,0.7468371446922284,0.7466531273566239,0.746759065655057,59000000,1
1295493240000,1295493299000,0.7467813722854497,0.7467813722854497,0.7465695130873635,0.7466921537588483,84000000,1
1295493300000,1295493359000,0.7466921537588483,0.7466921537588483,0.7464970625340589,0.7465973824295772,112000000,1
1295493360000,1295493419000,0.7466085307490723,0.7467869491512766,0.7465750867893538,0.7465750867893538,152000000,1
1295493420000,1295493479000,0.7466029565477079,0.7466085307490723,0.746458056521804,0.746458056521804,111000000,1
1295493480000,1295493539000,0.746458056521804,0.7465193535142398,0.7464469126955691,0.7464469126955691,69000000,1
1295493540000,1295493599000,0.7464469126955691,0.746742336556771,0.7463243525636241,0.746742336556771,128000000,1
1295493600000,1295493659000,0.746742336556771,0.746742336556771,0.7465527924807203,0.7465862344430094,55000000,1
1295493660000,1295493719000,0.7465862344430094,0.7467869491512766,0.7465806605745685,0.7467311842409851,92000000,1
1295493720000,1295493779000,0.7467311842409851,0.7468594559875722,0.7466754276583513,0.7466754276583513,60000000,1
1295493780000,1295493839000,0.7467200322583053,0.7468483001732689,0.7467033049088275,0.7467534892056783,96000000,1
1295493840000,1295493899000,0.7467534892056783,0.7467534892056783,0.7465695130873635,0.7467311842409851,139000000,1
1295493900000,1295493959000,0.7467311842409851,0.7468929254302102,0.7466810029419232,0.7468929254302102,81000000,1
1295493960000,1295494019000,0.7468873469814549,0.7470045119072519,0.7465973824295772,0.7466587023071755,105000000,1
1295494020000,1295494079000,0.7466587023071755,0.7467367603572389,0.7465918083946783,0.7465918083946783,88000000,1
1295494080000,1295494139000,0.7465918083946783,0.7466141050336723,0.7465750867893538,0.7465750867893538,64000000,1
1295494140000,1295494199000,0.7465750867893538,0.7465750867893538,0.7465750867893538,0.7465750867893538,8000000,1
1295494200000,1295494259000,0.7465750867893538,0.7465750867893538,0.7463577740625746,0.7464859175431655,136000000,1
1295494260000,1295494319000,0.7464859175431655,0.7465918083946783,0.7464301975800733,0.7465918083946783,89000000,1
1295494320000,1295494379000,0.7465862344430094,0.7466085307490723,0.7465862344430094,0.7465973824295772,27000000,1
1295494380000,1295494439000,0.7465973824295772,0.7466531273566239,0.7465973824295772,0.7466531273566239,14000000,1
1295494440000,1295494499000,0.7466531273566239,0.7466587023071755,0.7465082078577454,0.7465082078577454,24000000,1
1295494500000,1295494559000,0.7465193535142398,0.7465249264672947,0.7464469126955691,0.7464524845670949,29000000,1
1295494560000,1295494619000,0.7464469126955691,0.7465583659330487,0.7464469126955691,0.7465583659330487,48000000,1
1295494620000,1295494679000,0.7465583659330487,0.7468204120955034,0.7465583659330487,0.7467311842409851,162000000,1
1295494680000,1295494739000,0.7467702188036741,0.7468985039622965,0.7467033049088275,0.7468594559875722,98000000,1
1295494740000,1295494799000,0.7468594559875722,0.7468985039622965,0.7468427223910916,0.7468427223910916,25000000,1
1295494800000,1295494859000,0.746814834729877,0.746814834729877,0.7466865783087548,0.7466977292922052,108000000,1
1295494860000,1295494919000,0.7466977292922052,0.7469375560203168,0.7466364030044649,0.7468204120955034,131000000,1
1295494920000,1295494979000,0.7468371446922284,0.7468594559875722,0.7467869491512766,0.7468036802485363,84000000,1
1295494980000,1295495039000,0.7467702188036741,0.7467702188036741,0.7467088806087171,0.7467088806087171,23000000,1
1295495040000,1295495099000,0.7467144563918757,0.7467311842409851,0.7466531273566239,0.7466698524580372,87000000,1
1295495100000,1295495159000,0.7466698524580372,0.7466698524580372,0.7466085307490723,0.7466196794015096,89000000,1
1295495160000,1295495219000,0.7466196794015096,0.7466196794015096,0.7465137806443907,0.7465750867893538,69000000,1
1295495220000,1295495279000,0.7465750867893538,0.7465750867893538,0.7465304995035572,0.7465583659330487,39000000,1
1295495280000,1295495339000,0.7465583659330487,0.7469654528478057,0.7465472191116088,0.7468761903339283,148000000,1
1295495340000,1295495399000,0.7468761903339283,0.7469319769048632,0.7467757955029162,0.7468538780387617,95000000,1
1295495400000,1295495459000,0.7468538780387617,0.7468985039622965,0.7466754276583513,0.746742336556771,79000000,1
1295495460000,1295495519000,0.746742336556771,0.7467925261003988,0.7465806605745685,0.746742336556771,109000000,1
1295495520000,1295495579000,0.746742336556771,0.7467646421877217,0.7466252538525863,0.7467311842409851,85000000,1
1295495580000,1295495639000,0.7466977292922052,0.7466977292922052,0.7463577740625746,0.7463577740625746,84000000,1
1295495640000,1295495699000,0.7463577740625746,0.7464970625340589,0.7463466332303375,0.7464636285596984,79000000,1
1295495700000,1295495759000,0.7464636285596984,0.7465360726230291,0.7464246260412624,0.7465249264672947,47000000,1
1295495760000,1295495819000,0.7465249264672947,0.7465249264672947,0.746458056521804,0.7464970625340589,53000000,1
1295495820000,1295495879000,0.7464970625340589,0.7465583659330487,0.7464859175431655,0.7465527924807203,50000000,1
1295495880000,1295495939000,0.7464970625340589,0.7465583659330487,0.7464524845670949,0.7464692006807799,83000000,1
1295495940000,1295495999000,0.7464803451725116,0.7464970625340589,0.7464803451725116,0.7464970625340589,15000000,1
1295496000000,1295496059000,0.7465082078577454,0.7465082078577454,0.7464524845670949,0.7464692006807799,17000000,1
1295496060000,1295496119000,0.746458056521804,0.746458056521804,0.7463633446034198,0.7463633446034198,46000000,1
1295496120000,1295496179000,0.7463577740625746,0.7463577740625746,0.7462129691814043,0.7463076429365713,111000000,1
1295496180000,1295496239000,0.7462630875888986,0.7463132127291181,0.7462519495832183,0.7462686567164178,56000000,1
1295496240000,1295496299000,0.7462853645977148,0.7464914899970141,0.7462853645977148,0.7464357692020602,84000000,1
1295496300000,1295496359000,0.7464023407177405,0.7464023407177405,0.7462686567164178,0.7462909340577331,50000000,1
1295496360000,1295496419000,0.7462853645977148,0.7463744859345729,0.7462519495832183,0.7462965036008806,77000000,1
1295496420000,1295496479000,0.7462965036008806,0.7463354927306923,0.7462686567164178,0.7463076429365713,56000000,1
1295496480000,1295496539000,0.7462909340577331,0.7463577740625746,0.746201832671701,0.7462185375609101,130000000,1
1295496540000,1295496599000,0.746201832671701,0.7462853645977148,0.7461739928516531,0.7462630875888986,119000000,1
1295496600000,1295496659000,0.7462408119100034,0.7462519495832183,0.7461572899567228,0.7461906964943961,60000000,1
1295496660000,1295496719000,0.7461906964943961,0.7463522036048812,0.7461906964943961,0.7463522036048812,34000000,1
1295496720000,1295496779000,0.7463466332303375,0.7463967695947813,0.7462408119100034,0.7462965036008806,34000000,1
1295496780000,1295496839000,0.7462742259270592,0.7463522036048812,0.746201832671701,0.7463354927306923,152000000,1
1295496840000,1295496899000,0.7463354927306923,0.7463466332303375,0.7459847371522779,0.7459847371522779,80000000,1
1295496900000,1295496959000,0.7459791722615104,0.7460292592675485,0.7459680427290495,0.7460292592675485,66000000,1
1295496960000,1295497019000,0.7460292592675485,0.7460292592675485,0.7459124000477384,0.7460181282405163,73000000,1
1295497020000,1295497079000,0.7460181282405163,0.7461572899567228,0.7460181282405163,0.7461016190405133,64000000,1
1295497080000,1295497139000,0.7461016190405133,0.7461016190405133,0.7461016190405133,0.7461016190405133,34000000,1
1295497140000,1295497199000,0.7461016190405133,0.7463299226055871,0.7461016190405133,0.7462352431980658,66000000,1
1295497200000,1295497259000,0.7463243525636241,0.7463243525636241,0.7461572899567228,0.7461795606494747,54000000,1
1295497260000,1295497319000,0.7461795606494747,0.7463076429365713,0.7461294534601753,0.7463076429365713,48000000,1
1295497320000,1295497379000,0.7462686567164178,0.7462686567164178,0.746107185758306,0.7461350205933265,75000000,1
1295497380000,1295497439000,0.7461350205933265,0.7462129691814043,0.7460292592675485,0.7462129691814043,73000000,1
1295497440000,1295497499000,0.7462129691814043,0.7462129691814043,0.7460515223181313,0.7461183194430973,112000000,1
1295497500000,1295497559000,0.7461183194430973,0.7461183194430973,0.7457455217981416,0.7457455217981416,125000000,1
1295497560000,1295497619000,0.7457566446917042,0.7459068362361542,0.7457566446917042,0.7458067018190225,86000000,1
1295497620000,1295497679000,0.7458122641368715,0.7460459564309161,0.745734399236368,0.7459179639423257,128000000,1
1295497680000,1295497739000,0.7459179639423257,0.7459903021260723,0.7459179639423257,0.7459290919805163,58000000,1
1295497740000,1295497799000,0.7459680427290495,0.7460737866975045,0.7459346561241236,0.7460069975456369,64000000,1
1295497800000,1295497859000,0.7460069975456369,0.7460682204780805,0.7458790184232118,0.7459680427290495,106000000,1
1295497860000,1295497919000,0.7459346561241236,0.7459624780873523,0.7456843518138772,0.7456843518138772,114000000,1
1295497920000,1295497979000,0.7456843518138772,0.745734399236368,0.7455564833591792,0.7456120729506852,118000000,1
1295497980000,1295498039000,0.7456120729506852,0.7457121551081283,0.7456009543692216,0.7456454306848007,74000000,1
1295498040000,1295498099000,0.7456454306848007,0.745656550592797,0.7455953952028392,0.745650990597341,37000000,1
1295498100000,1295498159000,0.745650990597341,0.745734399236368,0.745650990597341,0.7456676708324633,37000000,1
1295498160000,1295498219000,0.7456676708324633,0.7457510832034484,0.74563431110846,0.745656550592797,68000000,1
1295498220000,1295498279000,0.745656550592797,0.7457510832034484,0.7456120729506852,0.74563431110846,104000000,1
1295498280000,1295498339000,0.74563431110846,0.7457232770063684,0.7455787182010677,0.7457010335416324,49000000,1
1295498340000,1295498399000,0.7456843518138772,0.7456843518138772,0.7456287514446557,0.745656550592797,26000000,1
1295498400000,1295498459000,0.745656550592797,0.7457065942834132,0.745650990597341,0.7457065942834132,27000000,1
1295498460000,1295498519000,0.7457065942834132,0.7457065942834132,0.745650990597341,0.745650990597341,26000000,1
1295498520000,1295498579000,0.7456732310766776,0.7457566446917042,0.745650990597341,0.7457010335416324,40000000,1
1295498580000,1295498639000,0.7457121551081283,0.7457788914742557,0.7455953952028392,0.7456398708551744,100000000,1
1295498640000,1295498699000,0.7456287514446557,0.7456954728827841,0.7456287514446557,0.745678791403815,29000000,1
1295498700000,1295498759000,0.745678791403815,0.745678791403815,0.7455842771187642,0.745589836119354,45000000,1
1295498760000,1295498819000,0.7455787182010677,0.7456398708551744,0.7455453664355476,0.7455787182010677,44000000,1
1295498820000,1295498879000,0.7455842771187642,0.745650990597341,0.7455398080980534,0.7455953952028392,69000000,1
1295498880000,1295498939000,0.7455953952028392,0.7455953952028392,0.7455842771187642,0.7455842771187642,11000000,1
1295498940000,1295498999000,0.7455842771187642,0.7455842771187642,0.7455842771187642,0.7455842771187642,5000000,1
1295499000000,1295499059000,0.7455842771187642,0.7456176323657702,0.7454842292811296,0.7456176323657702,77000000,1
1295499060000,1295499119000,0.7456176323657702,0.7456287514446557,0.7455342498434377,0.7456287514446557,72000000,1
1295499120000,1295499179000,0.7456009543692216,0.7456176323657702,0.7455064598134743,0.7455120176537245,105000000,1
1295499180000,1295499239000,0.7455120176537245,0.7456009543692216,0.7455120176537245,0.7456009543692216,70000000,1
1295499240000,1295499299000,0.7455953952028392,0.745773329654185,0.7455676006143478,0.7455787182010677,100000000,1
1295499300000,1295499359000,0.7455787182010677,0.7456454306848007,0.7455342498434377,0.7455398080980534,84000000,1
1295499360000,1295499419000,0.7455453664355476,0.7456676708324633,0.7455453664355476,0.745656550592797,44000000,1
1295499420000,1295499479000,0.7456287514446557,0.7457121551081283,0.7456176323657702,0.7457010335416324,55000000,1
1295499480000,1295499539000,0.7457177160157794,0.7458122641368715,0.7456732310766776,0.7456954728827841,73000000,1
1295499540000,1295499599000,0.7456954728827841,0.7457677679170707,0.7456843518138772,0.7456843518138772,52000000,1
1295499600000,1295499659000,0.7456843518138772,0.7457955774322258,0.74563431110846,0.7457455217981416,81000000,1
1295499660000,1295499719000,0.7457288380798974,0.7457844533772849,0.7457232770063684,0.7457788914742557,37000000,1
1295499720000,1295499779000,0.7457844533772849,0.7457844533772849,0.745734399236368,0.7457510832034484,14000000,1
1295499780000,1295499839000,0.7457788914742557,0.7457788914742557,0.7457288380798974,0.7457288380798974,14000000,1
1295499840000,1295499899000,0.7457232770063684,0.7458456397863898,0.7457232770063684,0.7457455217981416,46000000,1
1295499900000,1295499959000,0.7457455217981416,0.7457788914742557,0.7457177160157794,0.745734399236368,22000000,1
1295499960000,1295500019000,0.7457399604757821,0.7458734551096061,0.7457399604757821,0.7458122641368715,53000000,1
1295500020000,1295500079000,0.7457955774322258,0.7459124000477384,0.7457844533772849,0.7459068362361542,94000000,1
1295500080000,1295500139000,0.7459068362361542,0.7459346561241236,0.745773329654185,0.7457844533772849,52000000,1
1295500140000,1295500199000,0.7457844533772849,0.745840076970696,0.7457510832034484,0.7457955774322258,51000000,1
1295500200000,1295500259000,0.745773329654185,0.7458456397863898,0.7457177160157794,0.7457177160157794,79000000,1
1295500260000,1295500319000,0.7457121551081283,0.7458233890214797,0.7457065942834132,0.7458011395841413,101000000,1
1295500320000,1295500379000,0.745773329654185,0.7458178265376899,0.7456120729506852,0.7456231918637598,75000000,1
1295500380000,1295500439000,0.7456231918637598,0.7457010335416324,0.7456231918637598,0.745656550592797,78000000,1
1295500440000,1295500499000,0.745656550592797,0.7456843518138772,0.7456009543692216,0.7456287514446557,88000000,1
1295500500000,1295500559000,0.7456454306848007,0.745678791403815,0.7456231918637598,0.745678791403815,107000000,1
1295500560000,1295500619000,0.745678791403815,0.7456899123068663,0.745678791403815,0.7456899123068663,42000000,1
1295500620000,1295500679000,0.7456899123068663,0.7456899123068663,0.7456287514446557,0.745650990597341,29000000,1
1295500680000,1295500739000,0.7456732310766776,0.745773329654185,0.7456454306848007,0.7457288380798974,64000000,1
1295500740000,1295500799000,0.7457399604757821,0.7460069975456369,0.7457399604757821,0.7458512026850642,155000000,1
1295500800000,1295500859000,0.7458512026850642,0.7459346561241236,0.7457677679170707,0.7458011395841413,106000000,1
1295500860000,1295500919000,0.745773329654185,0.7458289515882428,0.7457177160157794,0.7457399604757821,105000000,1
1295500920000,1295500979000,0.7457399604757821,0.7457399604757821,0.7455342498434377,0.7455509248559222,130000000,1
1295500980000,1295501039000,0.745528691671699,0.7456398708551744,0.745528691671699,0.7455620419453205,95000000,1
1295501040000,1295501099000,0.7455620419453205,0.745650990597341,0.7454342154304883,0.7455120176537245,127000000,1
1295501100000,1295501159000,0.7454564429800367,0.7454731145121252,0.7453842082901632,0.745450885968378,73000000,1
1295501160000,1295501219000,0.745450885968378,0.745450885968378,0.7453453184860546,0.7453786523553966,70000000,1
1295501220000,1295501279000,0.7453564294445604,0.7454342154304883,0.7453564294445604,0.7454175456381893,77000000,1
1295501280000,1295501339000,0.7454175456381893,0.7454175456381893,0.7452120128176466,0.7452731053294479,70000000,1
1295501340000,1295501399000,0.7452731053294479,0.7453730965034548,0.7451120648545542,0.7451287209865505,130000000,1
1295501400000,1295501459000,0.7451287209865505,0.7451453778632211,0.7450398968864783,0.7451231688598126,55000000,1
1295501460000,1295501519000,0.74513427319603,0.7451509303209366,0.7450954094671823,0.7451509303209366,35000000,1
1295501520000,1295501579000,0.7451509303209366,0.7451564828614009,0.7450121436979422,0.7450509987408638,78000000,1
1295501580000,1295501639000,0.7450621009261121,0.7450898578368551,0.7450509987408638,0.7450621009261121,17000000,1
1295501640000,1295501699000,0.7450565497921292,0.7451509303209366,0.7450287953629408,0.74513427319603,44000000,1
1295501700000,1295501759000,0.74513427319603,0.7452508887116848,0.7451120648545542,0.7452453347642044,112000000,1
1295501760000,1295501819000,0.7452453347642044,0.7454175456381893,0.7452453347642044,0.7453286526693945,114000000,1
1295501820000,1295501879000,0.7453175425389987,0.7453230975627936,0.7452453347642044,0.7452453347642044,35000000,1
1295501880000,1295501939000,0.745234227117583,0.745234227117583,0.7450232447252354,0.7450954094671823,89000000,1
1295501940000,1295501999000,0.7451120648545542,0.7451786938507854,0.7450565497921292,0.7450621009261121,72000000,1
1295502000000,1295502059000,0.7450621009261121,0.7452009061643019,0.7450621009261121,0.7452009061643019,38000000,1
1295502060000,1295502119000,0.7451786938507854,0.7451842468050226,0.7449788426008701,0.7450176941702366,66000000,1
1295502120000,1295502179000,0.7450343460833545,0.7452842141350604,0.7449954927772687,0.7451731409793065,125000000,1
1295502180000,1295502239000,0.7451786938507854,0.7451953529617789,0.7450898578368551,0.7451176168158143,60000000,1
1295502240000,1295502299000,0.7451009611802398,0.7451786938507854,0.7450898578368551,0.7451453778632211,54000000,1
1295502300000,1295502359000,0.7451509303209366,0.745234227117583,0.7451120648545542,0.745167588190584,90000000,1
1295502360000,1295502419000,0.745167588190584,0.7452286734184385,0.7451620354846161,0.7451620354846161,70000000,1
1295502420000,1295502479000,0.7451620354846161,0.745234227117583,0.7451620354846161,0.7451953529617789,32000000,1
1295502480000,1295502539000,0.7451953529617789,0.7452009061643019,0.7450787548243849,0.7450787548243849,52000000,1
1295502540000,1295502599000,0.7450676521428146,0.7450787548243849,0.7450343460833545,0.7450509987408638,24000000,1
1295502600000,1295502659000,0.7450509987408638,0.7450843062892566,0.7450232447252354,0.7450287953629408,64000000,1
1295502660000,1295502719000,0.7450343460833545,0.7450343460833545,0.7448845056573978,0.7449510939606815,82000000,1
1295502720000,1295502779000,0.7449621931686967,0.7449621931686967,0.7448068343475119,0.7448068343475119,63000000,1
1295502780000,1295502839000,0.7448068343475119,0.7448234768359898,0.7447458182522305,0.7447957397683685,86000000,1
1295502840000,1295502899000,0.7447957397683685,0.7448956028812561,0.7447735516016356,0.7447735516016356,42000000,1
1295502900000,1295502959000,0.7447957397683685,0.7447957397683685,0.7446570854121677,0.7447014491890201,125000000,1
1295502960000,1295503019000,0.7447069950328044,0.7447402718301992,0.7446681758608363,0.7447347254907802,66000000,1
1295503020000,1295503079000,0.7447347254907802,0.7447957397683685,0.7446404503585444,0.7446459952938373,44000000,1
1295503080000,1295503139000,0.7446349055058304,0.7447402718301992,0.7446349055058304,0.7446959034278353,55000000,1
1295503140000,1295503199000,0.7446903577492479,0.7447569113441374,0.7446903577492479,0.7447347254907802,42000000,1
1295503200000,1295503259000,0.7447347254907802,0.7448290244974266,0.7447180869681782,0.7447735516016356,85000000,1
1295503260000,1295503319000,0.7447735516016356,0.7449067004357705,0.7447735516016356,0.7449011516171804,51000000,1
1295503320000,1295503379000,0.744912249337028,0.7449344457687723,0.7446016381236039,0.7446016381236039,104000000,1
1295503380000,1295503439000,0.7445572862376031,0.7446459952938373,0.744501853809616,0.7446404503585444,140000000,1
1295503440000,1295503499000,0.7445960938488917,0.7446570854121677,0.7445351122758949,0.7445850055471583,57000000,1
1295503500000,1295503559000,0.7445960938488917,0.7445960938488917,0.744501853809616,0.7445850055471583,63000000,1
1295503560000,1295503619000,0.7445295689918325,0.7446349055058304,0.7444907683144729,0.7445461990916536,138000000,1
1295503620000,1295503679000,0.744562829934404,0.7446071824808823,0.7444907683144729,0.7446071824808823,99000000,1
1295503680000,1295503739000,0.7445850055471583,0.7445850055471583,0.7445184826713322,0.7445406556425014,67000000,1
1295503740000,1295503799000,0.7445461990916536,0.7446903577492479,0.744501853809616,0.7446127269207284,106000000,1
1295503800000,1295503859000,0.7446071824808823,0.7447458182522305,0.7446071824808823,0.7447347254907802,103000000,1
1295503860000,1295503919000,0.7447901926027438,0.7447957397683685,0.7446349055058304,0.7447236330597715,96000000,1
1295503920000,1295503979000,0.7447125409591897,0.7447347254907802,0.7447014491890201,0.7447291792339715,27000000,1
1295503980000,1295504039000,0.7447291792339715,0.7447291792339715,0.7446515403117111,0.7447236330597715,45000000,1
1295504040000,1295504099000,0.7447125409591897,0.7447790985193791,0.7446127269207284,0.7446127269207284,75000000,1
1295504100000,1295504159000,0.7446127269207284,0.7447291792339715,0.7446127269207284,0.7446459952938373,54000000,1
1295504160000,1295504219000,0.7446626305952089,0.7447180869681782,0.7445073966809861,0.7445073966809861,78000000,1
1295504220000,1295504279000,0.7444852256906962,0.7446071824808823,0.7444741406907232,0.7446071824808823,42000000,1
1295504280000,1295504339000,0.744562829934404,0.7446959034278353,0.7445461990916536,0.7446737212090523,70000000,1
1295504340000,1295504399000,0.7446737212090523,0.7446737212090523,0.7445850055471583,0.7445850055471583,19000000,1
1295504400000,1295504459000,0.7445850055471583,0.7446626305952089,0.7444353457902182,0.744451971681047,114000000,1
1295504460000,1295504519000,0.744451971681047,0.7446848121532561,0.744451971681047,0.7445794615201334,76000000,1
1295504520000,1295504579000,0.7445794615201334,0.7445794615201334,0.7444298039916326,0.7444796831494468,136000000,1
1295504580000,1295504639000,0.7444796831494468,0.7444796831494468,0.7440365470751923,0.7440420830202157,136000000,1
1295504640000,1295504699000,0.744047619047619,0.7443688496523797,0.7440199397343848,0.744324525493115,141000000,1
1295504700000,1295504759000,0.7443300657243448,0.7444020962363029,0.7441971229339227,0.7442912858376254,115000000,1
1295504760000,1295504819000,0.7443023653929173,0.744501853809616,0.7442912858376254,0.7443466869128965,83000000,1
1295504820000,1295504879000,0.7443356060380504,0.7443411464342338,0.7440310112125473,0.7440642276241285,162000000,1
1295504880000,1295504939000,0.7440808369421255,0.744213738185607,0.7440808369421255,0.7441417441194198,117000000,1
1295504940000,1295504999000,0.7441638946561591,0.744235893008648,0.7441583568983479,0.7441694324963908,110000000,1
1295505000000,1295505059000,0.7441694324963908,0.7444464296349235,0.7441694324963908,0.7443965549327438,77000000,1
1295505060000,1295505119000,0.7443965549327438,0.7444796831494468,0.7442857461836748,0.7443411464342338,76000000,1
1295505120000,1295505179000,0.7443522274740407,0.7445517426233537,0.7443466869128965,0.7445240257903123,77000000,1
1295505180000,1295505239000,0.7444907683144729,0.7445572862376031,0.7444852256906962,0.7445073966809861,49000000,1
1295505240000,1295505299000,0.7445073966809861,0.744562829934404,0.7444353457902182,0.7444353457902182,128000000,1
1295505300000,1295505359000,0.7444353457902182,0.7444408876713144,0.7442026612687167,0.744235893008648,139000000,1
1295505360000,1295505419000,0.7442192767677068,0.7442857461836748,0.7441306693455371,0.7441583568983479,110000000,1
1295505420000,1295505479000,0.7441694324963908,0.7442635883924651,0.7441583568983479,0.7442192767677068,36000000,1
1295505480000,1295505539000,0.7442192767677068,0.7443743905434678,0.7441971229339227,0.7442912858376254,108000000,1
1295505540000,1295505599000,0.7443023653929173,0.744501853809616,0.7442635883924651,0.744463056020845,105000000,1
1295505600000,1295505659000,0.744463056020845,0.7446127269207284,0.7443965549327438,0.7445295689918325,181000000,1
1295505660000,1295505719000,0.7445295689918325,0.7446071824808823,0.7443522274740407,0.744463056020845,137000000,1
1295505720000,1295505779000,0.744424262275556,0.744463056020845,0.7443023653929173,0.7443522274740407,131000000,1
1295505780000,1295505839000,0.7443522274740407,0.744451971681047,0.7442303541792256,0.7442303541792256,113000000,1
1295505840000,1295505899000,0.7441805084241233,0.7443356060380504,0.7441805084241233,0.7442580491508015,92000000,1
1295505900000,1295505959000,0.7442635883924651,0.7443965549327438,0.7442635883924651,0.7443854725731173,90000000,1
1295505960000,1295506019000,0.7443854725731173,0.7445461990916536,0.7443799315170463,0.7445184826713322,110000000,1
1295506020000,1295506079000,0.744512939634891,0.7445461990916536,0.744424262275556,0.7444852256906962,81000000,1
1295506080000,1295506139000,0.7444796831494468,0.7446737212090523,0.7444796831494468,0.7446737212090523,64000000,1
1295506140000,1295506199000,0.7446737212090523,0.7448456679775951,0.7446737212090523,0.7447624580140164,69000000,1
1295506200000,1295506259000,0.7447624580140164,0.744817929257193,0.7446737212090523,0.744817929257193,81000000,1
1295506260000,1295506319000,0.744817929257193,0.744817929257193,0.7447014491890201,0.7447402718301992,48000000,1
1295506320000,1295506379000,0.7447402718301992,0.7448290244974266,0.7446071824808823,0.7448290244974266,101000000,1
1295506380000,1295506439000,0.7448456679775951,0.7448456679775951,0.7444852256906962,0.7444907683144729,147000000,1
1295506440000,1295506499000,0.744501853809616,0.744562829934404,0.7444963110207788,0.7445572862376031,64000000,1
1295506500000,1295506559000,0.7445517426233537,0.7447125409591897,0.7445073966809861,0.7446626305952089,112000000,1
1295506560000,1295506619000,0.7446626305952089,0.7447347254907802,0.744501853809616,0.7446404503585444,151000000,1
1295506620000,1295506679000,0.7446404503585444,0.7447014491890201,0.7444298039916326,0.7444464296349235,146000000,1
1295506680000,1295506739000,0.7444464296349235,0.7444741406907232,0.7443965549327438,0.7444298039916326,74000000,1
1295506740000,1295506799000,0.7444298039916326,0.7446349055058304,0.7443688496523797,0.7445351122758949,186000000,1
1295506800000,1295506859000,0.7445850055471583,0.7446515403117111,0.7444020962363029,0.7444963110207788,215000000,1
1295506860000,1295506919000,0.7444963110207788,0.7447125409591897,0.7444963110207788,0.7446349055058304,103000000,1
1295506920000,1295506979000,0.7446349055058304,0.7447014491890201,0.7445351122758949,0.7445850055471583,88000000,1
1295506980000,1295507039000,0.7445683737137582,0.7448345722415051,0.7445461990916536,0.7446404503585444,130000000,1
1295507040000,1295507099000,0.7446404503585444,0.744751364756876,0.7445905496567436,0.7446570854121677,113000000,1
1295507100000,1295507159000,0.7446681758608363,0.7450176941702366,0.7446681758608363,0.7447957397683685,99000000,1
1295507160000,1295507219000,0.7448068343475119,0.7448068343475119,0.7446792666398583,0.7447402718301992,55000000,1
1295507220000,1295507279000,0.7447402718301992,0.7447402718301992,0.7446071824808823,0.7446071824808823,90000000,1
1295507280000,1295507339000,0.7445905496567436,0.7448567640442743,0.7445461990916536,0.7448401200682273,115000000,1
1295507340000,1295507399000,0.7448345722415051,0.7448734087641805,0.7445683737137582,0.7448734087641805,109000000,1
1295507400000,1295507459000,0.7449177983209553,0.7449455444806985,0.744801287016624,0.7448678604415577,170000000,1
1295507460000,1295507519000,0.7448623122015895,0.7449510939606815,0.744784645519748,0.7448456679775951,146000000,1
1295507520000,1295507579000,0.7448845056573978,0.7449621931686967,0.7448456679775951,0.7448512159696101,84000000,1
1295507580000,1295507639000,0.7448734087641805,0.7452064594495905,0.7448734087641805,0.7450287953629408,166000000,1
1295507640000,1295507699000,0.7450232447252354,0.7450676521428146,0.7449344457687723,0.744939995083396,143000000,1
1295507700000,1295507759000,0.7449288965368255,0.7453619850480385,0.7449233473875538,0.7452842141350604,248000000,1
1295507760000,1295507819000,0.7452786596908584,0.7453842082901632,0.7452009061643019,0.7452508887116848,186000000,1
1295507820000,1295507879000,0.7452508887116848,0.7455064598134743,0.7451120648545542,0.7453230975627936,235000000,1
1295507880000,1295507939000,0.7453230975627936,0.7456231918637598,0.7452953232718464,0.7454731145121252,219000000,1
1295507940000,1295507999000,0.7454731145121252,0.7455787182010677,0.7449954927772687,0.7453008779644342,282000000,1
1295508000000,1295508059000,0.7453008779644342,0.7456120729506852,0.7453008779644342,0.7455009020560914,244000000,1
1295508060000,1295508119000,0.7455009020560914,0.7459624780873523,0.7454342154304883,0.7458233890214797,300000000,1
1295508120000,1295508179000,0.7458178265376899,0.7460682204780805,0.7457844533772849,0.7458345142379809,227000000,1
1295508180000,1295508239000,0.7458233890214797,0.7459068362361542,0.74563431110846,0.7458233890214797,228000000,1
1295508240000,1295508299000,0.7458067018190225,0.7459235279199177,0.745734399236368,0.7457510832034484,154000000,1
1295508300000,1295508359000,0.7457510832034484,0.7457510832034484,0.7454008765914308,0.7455953952028392,200000000,1
1295508360000,1295508419000,0.7455953952028392,0.7455953952028392,0.7452286734184385,0.7453230975627936,170000000,1
1295508420000,1295508479000,0.7453342078588039,0.7454731145121252,0.745234227117583,0.7454731145121252,104000000,1
1295508480000,1295508539000,0.7454675572519084,0.7455564833591792,0.7453508739238996,0.7454231021527818,130000000,1
1295508540000,1295508599000,0.7454231021527818,0.745650990597341,0.7451953529617789,0.7452842141350604,187000000,1
1295508600000,1295508659000,0.7453119875980085,0.7453286526693945,0.744817929257193,0.7450676521428146,292000000,1
1295508660000,1295508719000,0.7450843062892566,0.7453953204081785,0.7450843062892566,0.7453786523553966,172000000,1
1295508720000,1295508779000,0.7454008765914308,0.7456065136185029,0.7452731053294479,0.7455009020560914,175000000,1
1295508780000,1295508839000,0.7455009020560914,0.7456231918637598,0.7452231198020688,0.7452897686620558,171000000,1
1295508840000,1295508899000,0.7452897686620558,0.7453064327398209,0.745167588190584,0.7452675510508272,132000000,1
1295508900000,1295508959000,0.7452786596908584,0.7453397631310233,0.7451065129760299,0.7452453347642044,91000000,1
1295508960000,1295509019000,0.7452508887116848,0.7454342154304883,0.7451453778632211,0.7453453184860546,144000000,1
1295509020000,1295509079000,0.7453342078588039,0.7455564833591792,0.7452786596908584,0.7453175425389987,164000000,1
1295509080000,1295509139000,0.7453175425389987,0.7453175425389987,0.7451176168158143,0.74513427319603,85000000,1
1295509140000,1295509199000,0.7451453778632211,0.7452397808995044,0.7448734087641805,0.7450343460833545,106000000,1
1295509200000,1295509259000,0.7450343460833545,0.7452120128176466,0.7450287953629408,0.7450676521428146,81000000,1
1295509260000,1295509319000,0.7450732034422383,0.7455120176537245,0.7450732034422383,0.7454953443815743,159000000,1
1295509320000,1295509379000,0.7454842292811296,0.7455731593662628,0.7452786596908584,0.7453008779644342,86000000,1
1295509380000,1295509439000,0.7452842141350604,0.7452842141350604,0.7448234768359898,0.7450954094671823,143000000,1
1295509440000,1295509499000,0.7450843062892566,0.7451620354846161,0.7449566435233469,0.7450898578368551,91000000,1
1295509500000,1295509559000,0.7450898578368551,0.7451120648545542,0.7448567640442743,0.7449510939606815,128000000,1
1295509560000,1295509619000,0.7449788426008701,0.7454564429800367,0.7449233473875538,0.7453508739238996,127000000,1
1295509620000,1295509679000,0.7453619850480385,0.7455953952028392,0.7452842141350604,0.7455953952028392,184000000,1
1295509680000,1295509739000,0.7456176323657702,0.7457121551081283,0.7455175755768442,0.7455175755768442,133000000,1
1295509740000,1295509799000,0.7455731593662628,0.7459012725075709,0.7455731593662628,0.7457844533772849,143000000,1
1295509800000,1295509859000,0.7457844533772849,0.7458345142379809,0.7456676708324633,0.745678791403815,141000000,1
1295509860000,1295509919000,0.7456732310766776,0.7457510832034484,0.7456120729506852,0.7457510832034484,91000000,1
1295509920000,1295509979000,0.7457566446917042,0.7458178265376899,0.7456676708324633,0.7458178265376899,88000000,1
1295509980000,1295510039000,0.7458011395841413,0.7458011395841413,0.7454342154304883,0.7455175755768442,101000000,1
1295510040000,1295510099000,0.7455564833591792,0.7458678918789905,0.7455175755768442,0.7457566446917042,122000000,1
1295510100000,1295510159000,0.7457566446917042,0.7457788914742557,0.745650990597341,0.7456621106711705,89000000,1
1295510160000,1295510219000,0.7456954728827841,0.7457844533772849,0.7456843518138772,0.7457510832034484,105000000,1
1295510220000,1295510279000,0.7456954728827841,0.7460682204780805,0.7456676708324633,0.7458067018190225,169000000,1
1295510280000,1295510339000,0.7458067018190225,0.7462853645977148,0.7458067018190225,0.7462853645977148,152000000,1
1295510340000,1295510399000,0.7462853645977148,0.7463187826048019,0.7459569135286745,0.7460737866975045,231000000,1
1295510400000,1295510459000,0.7460960524057868,0.7461183194430973,0.7457566446917042,0.7457566446917042,156000000,1
1295510460000,1295510519000,0.7457900153632744,0.7459179639423257,0.7456231918637598,0.745656550592797,162000000,1
1295510520000,1295510579000,0.7456732310766776,0.7456954728827841,0.7454231021527818,0.7454731145121252,231000000,1
1295510580000,1295510639000,0.7454897867899211,0.7456454306848007,0.7454620000745462,0.7456454306848007,184000000,1
1295510640000,1295510699000,0.745656550592797,0.7457455217981416,0.7455620419453205,0.74563431110846,115000000,1
1295510700000,1295510759000,0.745656550592797,0.745656550592797,0.7453064327398209,0.7453064327398209,117000000,1
1295510760000,1295510819000,0.7453230975627936,0.7454397721936056,0.7453119875980085,0.7454231021527818,163000000,1
1295510820000,1295510879000,0.7454286587502144,0.7454675572519084,0.7451786938507854,0.7453786523553966,165000000,1
1295510880000,1295510939000,0.7453786523553966,0.7456065136185029,0.7453730965034548,0.7454842292811296,142000000,1
1295510940000,1295510999000,0.7454620000745462,0.7454620000745462,0.7452286734184385,0.7453175425389987,124000000,1
1295511000000,1295511059000,0.7453230975627936,0.7459457846603709,0.7452009061643019,0.7456120729506852,177000000,1
1295511060000,1295511119000,0.7456120729506852,0.7457677679170707,0.7454731145121252,0.7457677679170707,190000000,1
1295511120000,1295511179000,0.7457288380798974,0.7460236937125123,0.7456287514446557,0.7459513490530147,172000000,1
1295511180000,1295511239000,0.7459847371522779,0.7461795606494747,0.7459124000477384,0.7460236937125123,125000000,1
1295511240000,1295511299000,0.7460014323227501,0.7460515223181313,0.745734399236368,0.745734399236368,202000000,1
1295511300000,1295511359000,0.745734399236368,0.7459791722615104,0.745678791403815,0.7459791722615104,155000000,1
1295511360000,1295511419000,0.7459791722615104,0.7460793529999851,0.7458901452994002,0.7458901452994002,112000000,1
1295511420000,1295511479000,0.7459012725075709,0.7459736074537683,0.7458734551096061,0.7458957088619869,92000000,1
1295511480000,1295511539000,0.7458790184232118,0.7459624780873523,0.7457566446917042,0.7457566446917042,117000000,1
1295511540000,1295511599000,0.745762206262911,0.7460292592675485,0.745762206262911,0.7457788914742557,177000000,1
1295511600000,1295511659000,0.7457788914742557,0.7458233890214797,0.7454008765914308,0.7456454306848007,154000000,1
1295511660000,1295511719000,0.7456454306848007,0.7457455217981416,0.745528691671699,0.7456287514446557,196000000,1
1295511720000,1295511779000,0.7456120729506852,0.7456843518138772,0.7454397721936056,0.7455453664355476,195000000,1
1295511780000,1295511839000,0.7455453664355476,0.7455953952028392,0.7455064598134743,0.7455787182010677,133000000,1
1295511840000,1295511899000,0.7455842771187642,0.745678791403815,0.7453619850480385,0.7453619850480385,132000000,1
1295511900000,1295511959000,0.7453619850480385,0.7455064598134743,0.7453064327398209,0.7453730965034548,181000000,1
1295511960000,1295512019000,0.7453730965034548,0.7453953204081785,0.7450176941702366,0.7453064327398209,256000000,1
1295512020000,1295512079000,0.7453564294445604,0.7453564294445604,0.7448234768359898,0.7450676521428146,176000000,1
1295512080000,1295512139000,0.7450287953629408,0.7451231688598126,0.7449899426357743,0.7450676521428146,164000000,1
1295512140000,1295512199000,0.7450676521428146,0.7451398254882529,0.7449732927074564,0.7450343460833545,183000000,1
1295512200000,1295512259000,0.7450176941702366,0.7452619968549944,0.7450176941702366,0.7451009611802398,134000000,1
1295512260000,1295512319000,0.7451009611802398,0.7451231688598126,0.744784645519748,0.7448956028812561,131000000,1
1295512320000,1295512379000,0.7448956028812561,0.7450954094671823,0.744817929257193,0.7450343460833545,143000000,1
1295512380000,1295512439000,0.7450232447252354,0.7450843062892566,0.7449067004357705,0.7449621931686967,169000000,1
1295512440000,1295512499000,0.7449566435233469,0.7451953529617789,0.7449510939606815,0.7451953529617789,124000000,1
1295512500000,1295512559000,0.7451953529617789,0.7451953529617789,0.7450232447252354,0.7451065129760299,131000000,1
1295512560000,1295512619000,0.7451231688598126,0.7452953232718464,0.7450065933083507,0.7451065129760299,114000000,1
1295512620000,1295512679000,0.7450898578368551,0.7451287209865505,0.7450010430014602,0.7450565497921292,75000000,1
1295512680000,1295512739000,0.7450343460833545,0.7450843062892566,0.744801287016624,0.7448123817610345,103000000,1
1295512740000,1295512799000,0.7448068343475119,0.7448068343475119,0.7442469709148284,0.7442469709148284,183000000,1
1295512800000,1295512859000,0.7442469709148284,0.7443910137116825,0.744174970419045,0.7443522274740407,141000000,1
1295512860000,1295512919000,0.7443300657243448,0.7443300657243448,0.7440033331349325,0.7440420830202157,185000000,1
1295512920000,1295512979000,0.7439811921554623,0.7444020962363029,0.7439701221598941,0.7443300657243448,105000000,1
1295512980000,1295513039000,0.7443300657243448,0.7445461990916536,0.7443134452780755,0.7444963110207788,111000000,1
1295513040000,1295513099000,0.7444963110207788,0.744562829934404,0.744424262275556,0.7444575138096869,101000000,1
1295513100000,1295513159000,0.744451971681047,0.7444963110207788,0.7443799315170463,0.7444907683144729,69000000,1
1295513160000,1295513219000,0.7444741406907232,0.7445461990916536,0.7443799315170463,0.7445461990916536,104000000,1
1295513220000,1295513279000,0.7445461990916536,0.7445739175756673,0.7443799315170463,0.744512939634891,119000000,1
1295513280000,1295513339000,0.7445295689918325,0.7446515403117111,0.7444685983145231,0.7446404503585444,126000000,1
1295513340000,1295513399000,0.7446349055058304,0.7446349055058304,0.7442912858376254,0.7443965549327438,131000000,1
1295513400000,1295513459000,0.7444187206419868,0.7446293607356937,0.7444131790909226,0.744562829934404,121000000,1
1295513460000,1295513519000,0.744562829934404,0.7446792666398583,0.7443965549327438,0.7443965549327438,102000000,1
1295513520000,1295513579000,0.744407637622362,0.7446404503585444,0.7443688496523797,0.7445572862376031,97000000,1
1295513580000,1295513639000,0.7445572862376031,0.7445572862376031,0.7444408876713144,0.7444575138096869,107000000,1
1295513640000,1295513699000,0.7444741406907232,0.7444796831494468,0.7442857461836748,0.7442857461836748,80000000,1
1295513700000,1295513759000,0.7443079052942622,0.7443688496523797,0.7442414319205151,0.7442968255740389,106000000,1
1295513760000,1295513819000,0.7443134452780755,0.7443466869128965,0.744213738185607,0.744213738185607,70000000,1
1295513820000,1295513879000,0.7442026612687167,0.7442635883924651,0.7442026612687167,0.7442414319205151,55000000,1
1295513880000,1295513939000,0.7442026612687167,0.7442081996859442,0.7437377283274826,0.7438373079040153,154000000,1
1295513940000,1295513999000,0.7438483739474545,0.7439479831570177,0.743682417860277,0.7437377283274826,164000000,1
1295514000000,1295514059000,0.7438373079040153,0.7439203112562582,0.743649235528586,0.7438649736299867,160000000,1
1295514060000,1295514119000,0.7438760404966117,0.7440420830202157,0.7438760404966117,0.7439313797695302,97000000,1
1295514120000,1295514179000,0.7439369141496801,0.7439590524937507,0.7437709185570844,0.7438539070926471,128000000,1
1295514180000,1295514239000,0.7438705070221376,0.7439922624804701,0.7437875147827768,0.7438926414139911,100000000,1
1295514240000,1295514299000,0.7438926414139911,0.7438981752177761,0.743621585847394,0.743649235528586,150000000,1
1295514300000,1295514359000,0.7436326454731363,0.7438262421898244,0.743621585847394,0.7437321969105364,179000000,1
1295514360000,1295514419000,0.7437321969105364,0.7439535177842088,0.7437321969105364,0.7437543230720028,151000000,1
1295514420000,1295514479000,0.7437543230720028,0.7438926414139911,0.7437156031533542,0.7438705070221376,147000000,1
1295514480000,1295514539000,0.7438649736299867,0.7440919102327519,0.743859440320157,0.7439258454717234,148000000,1
1295514540000,1295514599000,0.7439313797695302,0.7439645872856452,0.7438926414139911,0.7439258454717234,71000000,1
1295514600000,1295514659000,0.7439092430723452,0.7439313797695302,0.7438041117491297,0.7438483739474545,60000000,1
1295514660000,1295514719000,0.7438483739474545,0.7439701221598941,0.7438096442358472,0.7439313797695302,93000000,1
1295514720000,1295514779000,0.7439535177842088,0.7441472816299802,0.7439479831570177,0.7441085207866716,114000000,1
1295514780000,1295514839000,0.7440808369421255,0.7441029838529652,0.7438981752177761,0.7438981752177761,92000000,1
1295514840000,1295514899000,0.7438981752177761,0.7439535177842088,0.7438539070926471,0.7438815740534107,128000000,1
1295514900000,1295514959000,0.7438815740534107,0.7440199397343848,0.7438096442358472,0.7438096442358472,116000000,1
1295514960000,1295515019000,0.7438096442358472,0.7441251320822109,0.7437985793447135,0.7438815740534107,145000000,1
1295515020000,1295515079000,0.7438649736299867,0.7442580491508015,0.7438317750057647,0.7442525099915899,162000000,1
1295515080000,1295515139000,0.7442414319205151,0.7443300657243448,0.7441251320822109,0.7441971229339227,101000000,1
1295515140000,1295515199000,0.7442026612687167,0.744274667123155,0.7441362066912728,0.7442303541792256,82000000,1
1295515200000,1295515259000,0.7442303541792256,0.7443522274740407,0.744213738185607,0.744274667123155,88000000,1
1295515260000,1295515319000,0.7442691277165824,0.744324525493115,0.7441306693455371,0.744235893008648,86000000,1
1295515320000,1295515379000,0.7442303541792256,0.7443577681176681,0.7440254754322788,0.7440254754322788,132000000,1
1295515380000,1295515439000,0.7440365470751923,0.7442580491508015,0.7439590524937507,0.7441472816299802,146000000,1
1295515440000,1295515499000,0.7441251320822109,0.7442303541792256,0.7437930470225964,0.7439479831570177,174000000,1
1295515500000,1295515559000,0.7439203112562582,0.7440808369421255,0.7438428408845779,0.7440144041188638,224000000,1
1295515560000,1295515619000,0.7439922624804701,0.7441306693455371,0.7439756571164992,0.7441085207866716,73000000,1
1295515620000,1295515679000,0.7440863735462412,0.7441251320822109,0.7437377283274826,0.7440254754322788,130000000,1
1295515680000,1295515739000,0.7440254754322788,0.7442414319205151,0.7439258454717234,0.7441805084241233,152000000,1
1295515740000,1295515799000,0.7441971229339227,0.7442912858376254,0.7441195949012926,0.744174970419045,98000000,1
1295515800000,1295515859000,0.7440863735462412,0.7442081996859442,0.743859440320157,0.743859440320157,153000000,1
1295515860000,1295515919000,0.7438539070926471,0.7440808369421255,0.7438317750057647,0.7439701221598941,121000000,1
1295515920000,1295515979000,0.7439701221598941,0.7440974470016594,0.7439535177842088,0.7440365470751923,144000000,1
1295515980000,1295516039000,0.7440531551574044,0.7440753004204026,0.7438428408845779,0.7438815740534107,119000000,1
1295516040000,1295516099000,0.7438815740534107,0.7439258454717234,0.7438317750057647,0.7438815740534107,83000000,1
1295516100000,1295516159000,0.7438871076925366,0.7438981752177761,0.7437321969105364,0.7437653866464362,101000000,1
1295516160000,1295516219000,0.7437653866464362,0.7438262421898244,0.7436658263242829,0.7437930470225964,131000000,1
1295516220000,1295516279000,0.7437985793447135,0.7439037091038936,0.743649235528586,0.7437377283274826,102000000,1
1295516280000,1295516339000,0.7437377283274826,0.7438539070926471,0.7436602959767978,0.7437875147827768,92000000,1
1295516340000,1295516399000,0.7438207094561926,0.7439977977665186,0.743781982625253,0.7438926414139911,115000000,1
1295516400000,1295516459000,0.7438926414139911,0.7438981752177761,0.7437875147827768,0.743859440320157,105000000,1
1295516460000,1295516519000,0.743859440320157,0.743859440320157,0.7437045410599278,0.7438207094561926,128000000,1
1295516520000,1295516579000,0.7438207094561926,0.7439203112562582,0.7437653866464362,0.7437653866464362,76000000,1
1295516580000,1295516639000,0.7437653866464362,0.7438428408845779,0.7437377283274826,0.7438151768048675,103000000,1
1295516640000,1295516699000,0.7438151768048675,0.7438760404966117,0.7436437054278554,0.7436602959767978,92000000,1
1295516700000,1295516759000,0.7436713567540232,0.7436713567540232,0.7434280956345902,0.7435662926528215,91000000,1
1295516760000,1295516819000,0.7435662926528215,0.7437321969105364,0.7435331206828608,0.7437045410599278,87000000,1
1295516820000,1295516879000,0.743687948536794,0.743687948536794,0.7435220640172496,0.7435441776773166,83000000,1
1295516880000,1295516939000,0.7435441776773166,0.7435662926528215,0.7432512783921988,0.7434225688223444,189000000,1
1295516940000,1295516999000,0.7434225688223444,0.7435939382222156,0.7433286255853713,0.7433286255853713,163000000,1
1295517000000,1295517059000,0.7433396764985728,0.7433728312097649,0.7431076763022962,0.7432899499765864,233000000,1
1295517060000,1295517119000,0.7433231002519866,0.7435165358077565,0.7433065247446742,0.7434225688223444,132000000,1
1295517120000,1295517179000,0.7434059888786465,0.7435331206828608,0.7433286255853713,0.7435110076804687,99000000,1
1295517180000,1295517239000,0.7435110076804687,0.743649235528586,0.7434723130910604,0.7434723130910604,100000000,1
1295517240000,1295517299000,0.7434557309285019,0.7436160561578845,0.7433783572825061,0.7433838834374071,130000000,1
1295517300000,1295517359000,0.7434059888786465,0.7435994675827812,0.7434059888786465,0.7435994675827812,151000000,1
1295517360000,1295517419000,0.7435939382222156,0.743687948536794,0.7435054796353848,0.7435054796353848,160000000,1
1295517420000,1295517479000,0.7435275923089506,0.7435828797477767,0.7433783572825061,0.7433838834374071,148000000,1
1295517480000,1295517539000,0.7433783572825061,0.7434336225290125,0.7433231002519866,0.7434115154443742,132000000,1
1295517540000,1295517599000,0.7434115154443742,0.7434999516725032,0.743245754208629,0.7432899499765864,142000000,1
1295517600000,1295517659000,0.7432954748171494,0.743361779310755,0.7429530899419011,0.7429696496898102,228000000,1
1295517660000,1295517719000,0.7429641296918185,0.7429641296918185,0.7426716871272717,0.742826156394619,184000000,1
1295517720000,1295517779000,0.7428316743425939,0.7429972509101715,0.7427985678843612,0.7429751697698264,138000000,1
1295517780000,1295517839000,0.7429862101759391,0.7431021542531452,0.742842710484482,0.7428537469542996,123000000,1
1295517840000,1295517899000,0.742875820877782,0.7429254920024071,0.7426772027805835,0.742704782276093,118000000,1
1295517900000,1295517959000,0.7426772027805835,0.7428978961131583,0.7426496253332641,0.7428978961131583,153000000,1
1295517960000,1295518019000,0.7428923771813177,0.7430082919725385,0.742842710484482,0.742875820877782,158000000,1
1295518020000,1295518079000,0.7428592653121866,0.7428592653121866,0.7422747752763118,0.7424456158586383,237000000,1
1295518080000,1295518139000,0.7424566405321928,0.7426165350997705,0.7423960088790563,0.7426165350997705,150000000,1
1295518140000,1295518199000,0.7425999910888001,0.7425999910888001,0.7423519193508875,0.7424180556071123,128000000,1
1295518200000,1295518259000,0.7424180556071123,0.7425889621576665,0.7421590892223656,0.7421866302500427,152000000,1
1295518260000,1295518319000,0.742170105388155,0.7422582464891185,0.7420764784018641,0.7421260426870899,122000000,1
1295518320000,1295518379000,0.7421040132985038,0.7422031558478187,0.7420214147380294,0.7421645972643813,99000000,1
1295518380000,1295518439000,0.742170105388155,0.7423243660549913,0.742170105388155,0.7422031558478187,73000000,1
1295518440000,1295518499000,0.7422196821815321,0.7424456158586383,0.7422141733218537,0.7422307001462194,152000000,1
1295518500000,1295518559000,0.7422527370569678,0.7422527370569678,0.7419498441905327,0.7420929990946465,151000000,1
1295518560000,1295518619000,0.7421095205230388,0.7423243660549913,0.7420874921153204,0.7420874921153204,144000000,1
1295518620000,1295518679000,0.7420929990946465,0.7422913047996555,0.7420874921153204,0.7422913047996555,120000000,1
1295518680000,1295518739000,0.7422857948767434,0.7424180556071123,0.742192138700867,0.7424015204383139,97000000,1
1295518740000,1295518799000,0.7424125438023401,0.7424621529917512,0.7422802850356295,0.7423794746922836,99000000,1
1295518800000,1295518859000,0.7423794746922836,0.7424401036446384,0.7422968148043677,0.7422968148043677,74000000,1
1295518860000,1295518919000,0.7423078350591991,0.7423684523102506,0.7422802850356295,0.7423188556412522,98000000,1
1295518920000,1295518979000,0.7423298765505415,0.7424015204383139,0.742170105388155,0.7424015204383139,93000000,1
1295518980000,1295519039000,0.7424235674937265,0.7426551406588837,0.742384986006043,0.7425669052781655,100000000,1
1295519040000,1295519099000,0.7425669052781655,0.7427213309566251,0.7423739634603536,0.7423739634603536,116000000,1
1295519100000,1295519159000,0.7423684523102506,0.7425283088917766,0.7423684523102506,0.7424235674937265,69000000,1
1295519160000,1295519219000,0.7423960088790563,0.7425834478149482,0.7423960088790563,0.742555877329769,76000000,1
1295519220000,1295519279000,0.7425669052781655,0.7426220499339066,0.7425283088917766,0.7425393360213257,75000000,1
1295519280000,1295519339000,0.7425393360213257,0.742704782276093,0.7425117688115356,0.742704782276093,108000000,1
1295519340000,1295519399000,0.742704782276093,0.7427820157618343,0.7424731781564391,0.7426220499339066,88000000,1
1295519400000,1295519459000,0.7426330798479087,0.7428371923725477,0.7425283088917766,0.7427820157618343,106000000,1
1295519460000,1295519519000,0.7427820157618343,0.7429586097758494,0.7427268473473511,0.742737880374637,126000000,1
1295519520000,1295519579000,0.7427433970112006,0.742886858331476,0.7427323638200212,0.7428813395636316,121000000,1
1295519580000,1295519639000,0.7428813395636316,0.7430027714003373,0.7428703022739259,0.7428978961131583,121000000,1
1295519640000,1295519699000,0.7429034151269993,0.7430082919725385,0.7427764985515858,0.7429530899419011,118000000,1
1295519700000,1295519759000,0.7429641296918185,0.743184993608609,0.7428923771813177,0.7429254920024071,122000000,1
1295519760000,1295519819000,0.7429365309321625,0.7430635022068987,0.7428923771813177,0.7429034151269993,130000000,1
1295519820000,1295519879000,0.7428978961131583,0.7430138126267768,0.7428040854224699,0.742826156394619,99000000,1
1295519880000,1295519939000,0.742826156394619,0.7428813395636316,0.7427433970112006,0.7427433970112006,101000000,1
1295519940000,1295519999000,0.7427433970112006,0.7428592653121866,0.742737880374637,0.7428592653121866,53000000,1
1295520000000,1295520059000,0.7429034151269993,0.7429420505200593,0.742555877329769,0.7426110203475419,136000000,1
1295520060000,1295520119000,0.7426110203475419,0.7427654643769683,0.7425448497089224,0.7426275648499521,132000000,1
1295520120000,1295520179000,0.7426385949277784,0.7426827185158228,0.7423739634603536,0.742467665533166,106000000,1
1295520180000,1295520239000,0.7424511281544893,0.7425613912630227,0.7423298765505415,0.7424456158586383,159000000,1
1295520240000,1295520299000,0.7424566405321928,0.7426055056772191,0.7422472277066046,0.7423574302555195,130000000,1
1295520300000,1295520359000,0.7423629412419731,0.7424345915124878,0.7423353871279044,0.7424180556071123,65000000,1
1295520360000,1295520419000,0.7424345915124878,0.7426165350997705,0.7424180556071123,0.7425338224156111,101000000,1
1295520420000,1295520479000,0.7425393360213257,0.7426661715558857,0.7424731781564391,0.7425283088917766,71000000,1
1295520480000,1295520539000,0.7425338224156111,0.7425338224156111,0.7422141733218537,0.7422747752763118,142000000,1
1295520540000,1295520599000,0.7422857948767434,0.7424345915124878,0.7422857948767434,0.7423188556412522,85000000,1
1295520600000,1295520659000,0.7423464085280755,0.7424952294681506,0.7422747752763118,0.7424621529917512,88000000,1
1295520660000,1295520719000,0.7424952294681506,0.7425007425007425,0.7423023248908817,0.7425007425007425,122000000,1
1295520720000,1295520779000,0.7425172820897407,0.7426275648499521,0.7424345915124878,0.7424731781564391,131000000,1
1295520780000,1295520839000,0.7424511281544893,0.7425834478149482,0.7423629412419731,0.7424456158586383,110000000,1
1295520840000,1295520899000,0.7424511281544893,0.7425393360213257,0.7424180556071123,0.7425117688115356,104000000,1
1295520900000,1295520959000,0.7425283088917766,0.7425669052781655,0.7424345915124878,0.7424345915124878,82000000,1
1295520960000,1295521019000,0.7424345915124878,0.7425117688115356,0.7423574302555195,0.7423574302555195,92000000,1
1295521020000,1295521079000,0.7423794746922836,0.7424731781564391,0.7423188556412522,0.7424235674937265,80000000,1
1295521080000,1295521139000,0.7424070320794078,0.7425779335541265,0.7423574302555195,0.7425779335541265,89000000,1
1295521140000,1295521199000,0.7426055056772191,0.7426551406588837,0.7422913047996555,0.7423464085280755,92000000,1
1295521200000,1295521259000,0.7423353871279044,0.7423794746922836,0.7421315502385953,0.7421315502385953,160000000,1
1295521260000,1295521319000,0.7421645972643813,0.7422417184380266,0.7419938859703796,0.7420489455484484,125000000,1
1295521320000,1295521379000,0.7420764784018641,0.7422637560030582,0.7420764784018641,0.7422637560030582,93000000,1
1295521380000,1295521439000,0.7422692655987886,0.7423408977870818,0.7420709716677303,0.7420709716677303,112000000,1
1295521440000,1295521499000,0.7421205352173299,0.7421866302500427,0.7420544519556845,0.7420929990946465,94000000,1
1295521500000,1295521559000,0.7420874921153204,0.7421150278293136,0.7418892952793584,0.742043439222932,97000000,1
1295521560000,1295521619000,0.742043439222932,0.7423574302555195,0.7419168162865579,0.7422913047996555,122000000,1
1295521620000,1295521679000,0.7422913047996555,0.7423133453093219,0.7419608541453353,0.741999391560499,107000000,1
1295521680000,1295521739000,0.7420214147380294,0.74220866454395,0.7420214147380294,0.7421866302500427,62000000,1
1295521740000,1295521799000,0.74220866454395,0.7423243660549913,0.7421590892223656,0.7423243660549913,86000000,1
1295521800000,1295521859000,0.7423353871279044,0.7423739634603536,0.7420599584446423,0.7421976472334583,150000000,1
1295521860000,1295521919000,0.7421976472334583,0.7422196821815321,0.7420929990946465,0.742192138700867,62000000,1
1295521920000,1295521979000,0.7421811218809838,0.7422141733218537,0.7421370578718477,0.7421756135936884,71000000,1
1295521980000,1295522039000,0.742170105388155,0.742384986006043,0.7421535812621064,0.7423574302555195,74000000,1
1295522040000,1295522099000,0.7423794746922836,0.7424786908615723,0.7423519193508875,0.7424786908615723,69000000,1
1295522100000,1295522159000,0.7425007425007425,0.7425834478149482,0.7424345915124878,0.7424566405321928,71000000,1
1295522160000,1295522219000,0.7424566405321928,0.742555877329769,0.7424345915124878,0.742555877329769,91000000,1
1295522220000,1295522279000,0.742555877329769,0.7425779335541265,0.7423960088790563,0.7424731781564391,103000000,1
1295522280000,1295522339000,0.7424511281544893,0.7427709814232978,0.7424511281544893,0.7426882343329917,158000000,1
1295522340000,1295522399000,0.7426716871272717,0.7427820157618343,0.7426330798479087,0.742737880374637,107000000,1
1295522400000,1295522459000,0.7427268473473511,0.7427268473473511,0.7422637560030582,0.7422637560030582,178000000,1
1295522460000,1295522519000,0.7422692655987886,0.7423298765505415,0.7421976472334583,0.7423133453093219,96000000,1
1295522520000,1295522579000,0.7423078350591991,0.7425779335541265,0.7422582464891185,0.7424621529917512,108000000,1
1295522580000,1295522639000,0.7424621529917512,0.7424897165174262,0.7423133453093219,0.7424290794621844,130000000,1
1295522640000,1295522699000,0.7424290794621844,0.7426330798479087,0.7424290794621844,0.7424897165174262,95000000,1
1295522700000,1295522759000,0.742467665533166,0.7424786908615723,0.7421150278293136,0.7421150278293136,181000000,1
1295522760000,1295522819000,0.7421095205230388,0.7421095205230388,0.7418012417752787,0.7418232531916945,222000000,1
1295522820000,1295522879000,0.7418232531916945,0.741911311921773,0.7416912042840084,0.7417902365569065,165000000,1
1295522880000,1295522939000,0.7417957391252745,0.7418617763138372,0.7417077078264996,0.7418177502151272,131000000,1
1295522940000,1295522999000,0.7418177502151272,0.7419828750352442,0.7417627249395464,0.7418342593897672,100000000,1
1295523000000,1295523059000,0.7418562727657144,0.7418837913229271,0.7416857032663838,0.7416857032663838,140000000,1
1295523060000,1295523119000,0.7416857032663838,0.7419003034372241,0.7416581994022234,0.7418122473202032,121000000,1
1295523120000,1295523179000,0.7418177502151272,0.7418342593897672,0.7416141974621961,0.7416967053832347,138000000,1
1295523180000,1295523239000,0.7416967053832347,0.7417517208639924,0.7415976980807452,0.7415976980807452,121000000,1
1295523240000,1295523299000,0.7416031977929889,0.741647198427708,0.7415427054444065,0.7415482043410232,80000000,1
1295523300000,1295523359000,0.7415702007430534,0.7417847340701728,0.7415702007430534,0.7416141974621961,122000000,1
1295523360000,1295523419000,0.7416141974621961,0.7417682270997604,0.7415702007430534,0.7417682270997604,119000000,1
1295523420000,1295523479000,0.7417682270997604,0.7418892952793584,0.7416802023303593,0.7418452659144356,116000000,1
1295523480000,1295523539000,0.7418727836550589,0.7419058076386622,0.7418177502151272,0.7419003034372241,81000000,1
1295523540000,1295523599000,0.7418892952793584,0.7419443393356631,0.7414932190445118,0.7416086975868054,139000000,1
1295523600000,1295523659000,0.7416086975868054,0.7417187105961935,0.7415811994334319,0.7416692007031025,155000000,1
1295523660000,1295523719000,0.7416802023303593,0.7417792316650719,0.7416637000118667,0.7417682270997604,72000000,1
1295523720000,1295523779000,0.7417682270997604,0.7419388345624787,0.7417407171149254,0.7418012417752787,127000000,1
1295523780000,1295523839000,0.7417902365569065,0.7417957391252745,0.7415427054444065,0.7416141974621961,126000000,1
1295523840000,1295523899000,0.741647198427708,0.7416967053832347,0.7415592023789219,0.7416416980628319,99000000,1
1295523900000,1295523959000,0.7416196974191634,0.7417407171149254,0.7415372066293426,0.7415372066293426,125000000,1
1295523960000,1295524019000,0.7415427054444065,0.7415921984500723,0.7414052595289111,0.7414217503484682,121000000,1
1295524020000,1295524079000,0.7414217503484682,0.7414272474513439,0.7412568751575171,0.741399762752076,118000000,1
1295524080000,1295524139000,0.741399762752076,0.7414382419016408,0.7410920732791842,0.7410920732791842,135000000,1
1295524140000,1295524199000,0.7411030577912164,0.7412898443291327,0.7409767555591782,0.7412129208236358,172000000,1
1295524200000,1295524259000,0.7412294030879617,0.7412898443291327,0.7408779403593257,0.7408834294012181,181000000,1
1295524260000,1295524319000,0.7408669625195404,0.7410755971216624,0.7407352538129347,0.7409657747908623,206000000,1
1295524320000,1295524379000,0.7409767555591782,0.741157985236133,0.7409767555591782,0.7411360132811573,143000000,1
1295524380000,1295524439000,0.7411085501693433,0.7411524921252547,0.7408669625195404,0.7408669625195404,159000000,1
1295524440000,1295524499000,0.7408669625195404,0.7410151908114117,0.7408559850050749,0.7409767555591782,150000000,1
1295524500000,1295524559000,0.7409547943479968,0.7410975654944973,0.7407956144899621,0.7408230544134533,154000000,1
1295524560000,1295524619000,0.7408230544134533,0.7410646134236444,0.7408230544134533,0.7410591216967289,136000000,1
1295524620000,1295524679000,0.7410371556029819,0.741185452011948,0.7409218549719562,0.7409383242938858,129000000,1
1295524680000,1295524739000,0.7409383242938858,0.7411030577912164,0.7408724513987671,0.7410042089039065,64000000,1
1295524740000,1295524799000,0.7410042089039065,0.7412513805806963,0.7409273446645821,0.7411085501693433,143000000,1
1295524800000,1295524859000,0.7411030577912164,0.7412843492635339,0.7409877366529584,0.7411744650573299,101000000,1
1295524860000,1295524919000,0.7411744650573299,0.7414107563872536,0.7411250277921886,0.7414107563872536,125000000,1
1295524920000,1295524979000,0.741432744635734,0.7414822229637045,0.741218414830298,0.7414602317804685,107000000,1
1295524980000,1295525039000,0.7414602317804685,0.7416581994022234,0.7413667838026186,0.7415372066293426,209000000,1
1295525040000,1295525099000,0.7415207106734492,0.7415647015202076,0.7413283120695663,0.7413667838026186,138000000,1
1295525100000,1295525159000,0.7413722800904473,0.7413887694429205,0.7410206818872315,0.7412458860853322,202000000,1
1295525160000,1295525219000,0.7412623698157963,0.741306330014752,0.741163478428437,0.7412294030879617,104000000,1
1295525220000,1295525279000,0.7412678645555357,0.741311825406239,0.7411689717021687,0.7412623698157963,83000000,1
1295525280000,1295525339000,0.7412568751575171,0.741311825406239,0.7408779403593257,0.7410975654944973,155000000,1
1295525340000,1295525399000,0.7410426470043351,0.7412074268984175,0.7408834294012181,0.7410151908114117,108000000,1
1295525400000,1295525459000,0.7410316642830148,0.7412458860853322,0.7409767555591782,0.7409987180722178,109000000,1
1295525460000,1295525519000,0.7410096998169706,0.7412623698157963,0.7410096998169706,0.7412129208236358,83000000,1
1295525520000,1295525579000,0.7412074268984175,0.741240391671423,0.7410371556029819,0.7410371556029819,95000000,1
1295525580000,1295525639000,0.7410646134236444,0.7411799584939224,0.7409438142305669,0.7411469990958007,139000000,1
1295525640000,1295525699000,0.741163478428437,0.7412898443291327,0.7411195351698275,0.7412568751575171,53000000,1
1295525700000,1295525759000,0.7412568751575171,0.7415811994334319,0.7412568751575171,0.7413612875962843,143000000,1
1295525760000,1295525819000,0.7413612875962843,0.7415866989009685,0.741157985236133,0.7412733593767374,155000000,1
1295525820000,1295525879000,0.7413008347047398,0.7414657294539846,0.7413008347047398,0.7414492366780108,127000000,1
1295525880000,1295525939000,0.7414492366780108,0.7414932190445118,0.7413338077869703,0.7414382419016408,143000000,1
1295525940000,1295525999000,0.7414052595289111,0.741432744635734,0.7412348973389667,0.7413228164336442,107000000,1
1295526000000,1295526059000,0.7413283120695663,0.7414822229637045,0.741311825406239,0.7414602317804685,84000000,1
1295526060000,1295526119000,0.7414767250456008,0.7414822229637045,0.741306330014752,0.7413502954280927,80000000,1
1295526120000,1295526179000,0.7413502954280927,0.7416141974621961,0.7413502954280927,0.7414107563872536,124000000,1
1295526180000,1295526239000,0.7414217503484682,0.7415757000474609,0.7413283120695663,0.7415482043410232,97000000,1
1295526240000,1295526299000,0.7415482043410232,0.7415757000474609,0.7413887694429205,0.7413887694429205,69000000,1
1295526300000,1295526359000,0.7414052595289111,0.7415317078958297,0.7412843492635339,0.7413612875962843,126000000,1
1295526360000,1295526419000,0.7413338077869703,0.7413338077869703,0.7409493042486033,0.7410426470043351,123000000,1
1295526420000,1295526479000,0.7410206818872315,0.7411250277921886,0.7409712651343381,0.7410755971216624,101000000,1
1295526480000,1295526539000,0.7411140426288797,0.7411689717021687,0.7407352538129347,0.7407572020118967,161000000,1
1295526540000,1295526599000,0.7407956144899621,0.7408230544134533,0.7404445629155745,0.7404993927904978,168000000,1
1295526600000,1295526659000,0.7404993927904978,0.7405158433364681,0.7400445506819511,0.7401924500370096,182000000,1
1295526660000,1295526719000,0.7402143660804169,0.7405158433364681,0.740176013856095,0.7404445629155745,135000000,1
1295526720000,1295526779000,0.7404281155364031,0.7405651993601516,0.740367814730358,0.7403897411597464,140000000,1
1295526780000,1295526839000,0.7404116688879017,0.7405926222162974,0.7403239657674199,0.7405103597399327,164000000,1
1295526840000,1295526899000,0.7405158433364681,0.740521327014218,0.7402910824536209,0.7404281155364031,162000000,1
1295526900000,1295526959000,0.7404171510228863,0.7404171510228863,0.7400226446929276,0.7403623333259297,186000000,1
1295526960000,1295527019000,0.7403623333259297,0.7404719768380366,0.7402746418921419,0.7404445629155745,121000000,1
1295527020000,1295527079000,0.7404445629155745,0.7406255323246014,0.740367814730358,0.7405816528301328,134000000,1
1295527080000,1295527139000,0.7405816528301328,0.7407572020118967,0.7405487466212464,0.7407462277498351,69000000,1
1295527140000,1295527199000,0.7407242802011806,0.7407791515115598,0.7405103597399327,0.7406365030106874,144000000,1
1295527200000,1295527259000,0.7406584453579232,0.7409273446645821,0.7406584453579232,0.7408724513987671,105000000,1
1295527260000,1295527319000,0.7409053863821591,0.7411250277921886,0.7408669625195404,0.7410206818872315,209000000,1
1295527320000,1295527379000,0.7409932273219023,0.7410755971216624,0.7408395193433198,0.7409767555591782,136000000,1
1295527380000,1295527439000,0.7409273446645821,0.7412843492635339,0.7408889185244456,0.741157985236133,127000000,1
1295527440000,1295527499000,0.7411524921252547,0.7412239089184061,0.7410426470043351,0.7410755971216624,127000000,1
1295527500000,1295527559000,0.7410591216967289,0.7412953394762007,0.7409328344385582,0.7412513805806963,143000000,1
1295527560000,1295527619000,0.7412953394762007,0.7414657294539846,0.7411415061477689,0.7414657294539846,162000000,1
1295527620000,1295527679000,0.7414382419016408,0.7414382419016408,0.7411964392923056,0.7412788542794028,127000000,1
1295527680000,1295527739000,0.7413228164336442,0.7413447994662318,0.7411085501693433,0.7411085501693433,60000000,1
1295527740000,1295527799000,0.7411415061477689,0.7412348973389667,0.7410920732791842,0.7411469990958007,85000000,1
1295527800000,1295527859000,0.741157985236133,0.7412623698157963,0.7409383242938858,0.7409822460653842,140000000,1
1295527860000,1295527919000,0.7410371556029819,0.7410810890927685,0.7408724513987671,0.7410426470043351,120000000,1
1295527920000,1295527979000,0.7410646134236444,0.7412348973389667,0.7410151908114117,0.7411195351698275,121000000,1
1295527980000,1295528039000,0.7411305204959645,0.7414602317804685,0.7411030577912164,0.7414272474513439,184000000,1
1295528040000,1295528099000,0.7414492366780108,0.7414987172072193,0.7413667838026186,0.7414712272090281,136000000,1
1295528100000,1295528159000,0.7414712272090281,0.7418012417752787,0.741399762752076,0.7415757000474609,137000000,1
1295528160000,1295528219000,0.7415976980807452,0.7416967053832347,0.7414217503484682,0.7414272474513439,132000000,1
1295528220000,1295528279000,0.7414052595289111,0.7418782874481612,0.7413667838026186,0.7417902365569065,147000000,1
1295528280000,1295528339000,0.7417902365569065,0.7417902365569065,0.7416086975868054,0.7417407171149254,135000000,1
1295528340000,1295528399000,0.7417627249395464,0.7421480733836016,0.7417187105961935,0.7418782874481612,191000000,1
1295528400000,1295528459000,0.741911311921773,0.7419388345624787,0.7416141974621961,0.7416141974621961,182000000,1
1295528460000,1295528519000,0.7416196974191634,0.7418287562499073,0.7414987172072193,0.7416637000118667,239000000,1
1295528520000,1295528579000,0.7416747014759326,0.7416747014759326,0.7412678645555357,0.7413393035858582,187000000,1
1295528580000,1295528639000,0.7413557914714429,0.741647198427708,0.7412953394762007,0.7414712272090281,199000000,1
1295528640000,1295528699000,0.7414932190445118,0.7416802023303593,0.7414767250456008,0.7415647015202076,152000000,1
1295528700000,1295528759000,0.7415921984500723,0.7416747014759326,0.7415097137772505,0.7416416980628319,139000000,1
1295528760000,1295528819000,0.7416416980628319,0.7418617763138372,0.7416196974191634,0.7418067445069211,69000000,1
1295528820000,1295528879000,0.7418067445069211,0.7418562727657144,0.7416857032663838,0.7418287562499073,91000000,1
1295528880000,1295528939000,0.7418452659144356,0.7420104029858499,0.7418012417752787,0.7419553491270895,106000000,1
1295528940000,1295528999000,0.7419553491270895,0.7421370578718477,0.7419553491270895,0.7421370578718477,92000000,1
1295529000000,1295529059000,0.7421370578718477,0.7422527370569678,0.742043439222932,0.7421260426870899,138000000,1
1295529060000,1295529119000,0.7421260426870899,0.7425117688115356,0.7421260426870899,0.7425117688115356,164000000,1
1295529120000,1295529179000,0.7425117688115356,0.7426496253332641,0.7423739634603536,0.7425779335541265,170000000,1
1295529180000,1295529239000,0.7425779335541265,0.7425944765822832,0.7423904974016333,0.7424897165174262,129000000,1
1295529240000,1295529299000,0.7424897165174262,0.7427323638200212,0.7424897165174262,0.7426220499339066,152000000,1
1295529300000,1295529359000,0.7426220499339066,0.7427489137297137,0.7424731781564391,0.7426330798479087,181000000,1
1295529360000,1295529419000,0.7425944765822832,0.7426330798479087,0.7424786908615723,0.742555877329769,127000000,1
1295529420000,1295529479000,0.742555877329769,0.742699266213125,0.7424125438023401,0.7424180556071123,112000000,1
1295529480000,1295529539000,0.7423960088790563,0.7425503634784029,0.7423904974016333,0.7425227954498204,150000000,1
1295529540000,1295529599000,0.7425393360213257,0.7426882343329917,0.7423684523102506,0.7426496253332641,186000000,1
1295529600000,1295529659000,0.7426606560664235,0.742826156394619,0.7425283088917766,0.7426165350997705,261000000,1
1295529660000,1295529719000,0.7426496253332641,0.7430082919725385,0.7426055056772191,0.7429199726605451,188000000,1
1295529720000,1295529779000,0.7429199726605451,0.7429310114262789,0.7426772027805835,0.7426772027805835,136000000,1
1295529780000,1295529839000,0.7426772027805835,0.742699266213125,0.7424125438023401,0.7424125438023401,154000000,1
1295529840000,1295529899000,0.7424345915124878,0.7426772027805835,0.7423904974016333,0.7426110203475419,129000000,1
1295529900000,1295529959000,0.7426110203475419,0.7427158146478412,0.7423574302555195,0.7426330798479087,175000000,1
1295529960000,1295530019000,0.7426330798479087,0.7428151207445979,0.7425448497089224,0.7428151207445979,121000000,1
1295530020000,1295530079000,0.7428151207445979,0.7428978961131583,0.7426716871272717,0.7427985678843612,149000000,1
1295530080000,1295530139000,0.7427985678843612,0.7435331206828608,0.7427985678843612,0.7433728312097649,190000000,1
1295530140000,1295530199000,0.7433396764985728,0.7435110076804687,0.7432789005418503,0.7434723130910604,203000000,1
1295530200000,1295530259000,0.743555235000632,0.744463056020845,0.7434446765643935,0.7441195949012926,319000000,1
1295530260000,1295530319000,0.7442525099915899,0.7442968255740389,0.7438926414139911,0.7440310112125473,216000000,1
1295530320000,1295530379000,0.744047619047619,0.744213738185607,0.7438096442358472,0.7440144041188638,223000000,1
1295530380000,1295530439000,0.7440365470751923,0.7442912858376254,0.7438981752177761,0.7442580491508015,198000000,1
1295530440000,1295530499000,0.7442525099915899,0.7442525099915899,0.7437985793447135,0.7440088685857135,231000000,1
1295530500000,1295530559000,0.7439811921554623,0.744424262275556,0.7437930470225964,0.7443522274740407,226000000,1
1295530560000,1295530619000,0.7443522274740407,0.7446792666398583,0.7442857461836748,0.7445794615201334,209000000,1
1295530620000,1295530679000,0.7445739175756673,0.7447458182522305,0.7444685983145231,0.7447347254907802,189000000,1
1295530680000,1295530739000,0.7447347254907802,0.7450176941702366,0.7443189853443591,0.7444852256906962,232000000,1
1295530740000,1295530799000,0.7444298039916326,0.7446349055058304,0.7442469709148284,0.744274667123155,224000000,1
1295530800000,1295530859000,0.7442857461836748,0.7447957397683685,0.7442248154322458,0.744751364756876,209000000,1
1295530860000,1295530919000,0.7447291792339715,0.7448234768359898,0.7445184826713322,0.7446570854121677,212000000,1
1295530920000,1295530979000,0.7446293607356937,0.7446681758608363,0.7443633088437805,0.7444575138096869,136000000,1
1295530980000,1295531039000,0.7444685983145231,0.7447790985193791,0.7444408876713144,0.7447735516016356,166000000,1
1295531040000,1295531099000,0.7447680047665153,0.7448512159696101,0.7444852256906962,0.7446349055058304,189000000,1
1295531100000,1295531159000,0.7446182714431446,0.7450509987408638,0.7445572862376031,0.7449788426008701,164000000,1
1295531160000,1295531219000,0.7449677428967325,0.7451009611802398,0.7447236330597715,0.7447236330597715,213000000,1
1295531220000,1295531279000,0.7447125409591897,0.7448068343475119,0.7445461990916536,0.7446903577492479,139000000,1
1295531280000,1295531339000,0.7446903577492479,0.7448401200682273,0.7444852256906962,0.7446182714431446,155000000,1
1295531340000,1295531399000,0.7446349055058304,0.7447735516016356,0.744512939634891,0.7446293607356937,188000000,1
1295531400000,1295531459000,0.7446349055058304,0.7448956028812561,0.7444575138096869,0.7447735516016356,172000000,1
1295531460000,1295531519000,0.7448234768359898,0.7448456679775951,0.7445406556425014,0.7448234768359898,156000000,1
1295531520000,1295531579000,0.7448512159696101,0.7451509303209366,0.7447735516016356,0.744801287016624,173000000,1
1295531580000,1295531639000,0.744801287016624,0.7450898578368551,0.744801287016624,0.7450565497921292,168000000,1
1295531640000,1295531699000,0.7450343460833545,0.7450343460833545,0.7447569113441374,0.7448234768359898,154000000,1
1295531700000,1295531759000,0.7448345722415051,0.74487895716946,0.7445739175756673,0.7448456679775951,150000000,1
1295531760000,1295531819000,0.7448234768359898,0.7448401200682273,0.7445960938488917,0.7446182714431446,138000000,1
1295531820000,1295531879000,0.7446404503585444,0.7446848121532561,0.7444131790909226,0.7444131790909226,161000000,1
1295531880000,1295531939000,0.7444131790909226,0.7444852256906962,0.7443079052942622,0.7443799315170463,148000000,1
1295531940000,1295531999000,0.7443799315170463,0.7444408876713144,0.7440365470751923,0.7440365470751923,159000000,1
1295532000000,1295532059000,0.7440310112125473,0.744424262275556,0.7439922624804701,0.7442635883924651,162000000,1
1295532060000,1295532119000,0.7442635883924651,0.7443965549327438,0.7441251320822109,0.7442192767677068,179000000,1
1295532120000,1295532179000,0.7442414319205151,0.7442525099915899,0.7439037091038936,0.7439424486121754,178000000,1
1295532180000,1295532239000,0.7439424486121754,0.7439424486121754,0.7432733759476736,0.7433286255853713,246000000,1
1295532240000,1295532299000,0.7433396764985728,0.7435718216022486,0.7432070872227837,0.7433120498316399,148000000,1
1295532300000,1295532359000,0.7433175750007432,0.7434280956345902,0.7433175750007432,0.743394935993696,143000000,1
1295532360000,1295532419000,0.743439149505613,0.7435110076804687,0.7432347060878355,0.7432678514356219,168000000,1
1295532420000,1295532479000,0.74320156369609,0.7433120498316399,0.7429475701899717,0.7431187206468105,186000000,1
1295532480000,1295532539000,0.7431518556501835,0.7432568026578864,0.7430358960641388,0.7431573784380319,216000000,1
1295532540000,1295532599000,0.74314633294442,0.7431794704103094,0.7428703022739259,0.7429917305020396,174000000,1
1295532600000,1295532659000,0.7429696496898102,0.74312976531962,0.7429199726605451,0.7430966322860625,152000000,1
1295532660000,1295532719000,0.7431187206468105,0.7431408103207396,0.7426882343329917,0.7427268473473511,185000000,1
1295532720000,1295532779000,0.7427268473473511,0.7427985678843612,0.7425834478149482,0.7426220499339066,125000000,1
1295532780000,1295532839000,0.7426220499339066,0.7429917305020396,0.7425999910888001,0.7428703022739259,113000000,1
1295532840000,1295532899000,0.742886858331476,0.7429972509101715,0.7426661715558857,0.742704782276093,168000000,1
1295532900000,1295532959000,0.742704782276093,0.7429641296918185,0.7426441100895629,0.7429641296918185,135000000,1
1295532960000,1295533019000,0.7429751697698264,0.7429751697698264,0.7427323638200212,0.7428316743425939,147000000,1
1295533020000,1295533079000,0.7428206385286209,0.7428482286783986,0.7425283088917766,0.7426275648499521,173000000,1
1295533080000,1295533139000,0.7426275648499521,0.7426330798479087,0.7425117688115356,0.7425613912630227,127000000,1
1295533140000,1295533199000,0.7425613912630227,0.7427654643769683,0.7425503634784029,0.7427544305301781,181000000,1
1295533200000,1295533259000,0.7427654643769683,0.742886858331476,0.7425999910888001,0.7427433970112006,91000000,1
1295533260000,1295533319000,0.7427544305301781,0.7429034151269993,0.7424070320794078,0.7425227954498204,147000000,1
1295533320000,1295533379000,0.7425062556152036,0.7426551406588837,0.7424456158586383,0.7425669052781655,131000000,1
1295533380000,1295533439000,0.7425669052781655,0.7426496253332641,0.7423794746922836,0.7425062556152036,179000000,1
1295533440000,1295533499000,0.7425062556152036,0.7426055056772191,0.7422307001462194,0.7424897165174262,186000000,1
1295533500000,1295533559000,0.7424897165174262,0.7425944765822832,0.7424235674937265,0.7424842036485674,158000000,1
1295533560000,1295533619000,0.7425007425007425,0.7425503634784029,0.7423298765505415,0.742467665533166,127000000,1
1295533620000,1295533679000,0.7424401036446384,0.7427544305301781,0.7424125438023401,0.7425448497089224,140000000,1
1295533680000,1295533739000,0.7425338224156111,0.7425503634784029,0.7422362092512321,0.7422527370569678,126000000,1
1295533740000,1295533799000,0.7422251911229868,0.7423629412419731,0.7422031558478187,0.7423188556412522,113000000,1
1295533800000,1295533859000,0.7423298765505415,0.7424235674937265,0.7421205352173299,0.7422582464891185,216000000,1
1295533860000,1295533919000,0.7422417184380266,0.7422802850356295,0.742032426817052,0.7420874921153204,208000000,1
1295533920000,1295533979000,0.7420654650153237,0.7421756135936884,0.742032426817052,0.7420929990946465,181000000,1
1295533980000,1295534039000,0.7420929990946465,0.7422472277066046,0.7420874921153204,0.7422362092512321,137000000,1
1295534040000,1295534099000,0.7422362092512321,0.7422913047996555,0.7418617763138372,0.7419608541453353,176000000,1
1295534100000,1295534159000,0.7419388345624787,0.7419718644269009,0.7410810890927685,0.7412843492635339,210000000,1
1295534160000,1295534219000,0.7412843492635339,0.7415427054444065,0.7412239089184061,0.7413942660567463,188000000,1
1295534220000,1295534279000,0.7413667838026186,0.7414382419016408,0.7410371556029819,0.7410591216967289,244000000,1
1295534280000,1295534339000,0.7410536300512068,0.7412623698157963,0.7410206818872315,0.7410206818872315,218000000,1
1295534340000,1295534399000,0.7409987180722178,0.7412788542794028,0.7409932273219023,0.741240391671423,168000000,1
1295534400000,1295534459000,0.741240391671423,0.7412788542794028,0.7409877366529584,0.7410316642830148,189000000,1
1295534460000,1295534519000,0.7410316642830148,0.7410646134236444,0.7405158433364681,0.7406145619635173,240000000,1
1295534520000,1295534579000,0.7405981070312384,0.7406858751203614,0.7403020432336394,0.7405761682589054,228000000,1
1295534580000,1295534639000,0.7405981070312384,0.7407078203931677,0.7404829429754085,0.7405597150326216,152000000,1
1295534640000,1295534699000,0.7405706837689123,0.7407297669664153,0.7403568520026653,0.7404281155364031,205000000,1
1295534700000,1295534759000,0.7404281155364031,0.740526810773184,0.7401102764311882,0.7403184850122523,220000000,1
1295534760000,1295534819000,0.7403184850122523,0.7403513707605629,0.7399131341980452,0.7401047988395157,231000000,1
1295534820000,1295534879000,0.7400993213289223,0.7404445629155745,0.74000074000074,0.7404445629155745,166000000,1
1295534880000,1295534939000,0.7404445629155745,0.7406913613166529,0.7402527222793862,0.7406255323246014,146000000,1
1295534940000,1295534999000,0.7406255323246014,0.7408450078159149,0.7405651993601516,0.7405926222162974,149000000,1
1295535000000,1295535059000,0.7405981070312384,0.7406145619635173,0.7404993927904978,0.7406145619635173,100000000,1
1295535060000,1295535119000,0.7406145619635173,0.7407846390897238,0.740488426165899,0.7407462277498351,101000000,1
1295535120000,1295535179000,0.7407133069145587,0.7407791515115598,0.7406090769048465,0.740663931147881,115000000,1
1295535180000,1295535239000,0.740663931147881,0.7408175662661313,0.7405048762246099,0.7405487466212464,131000000,1
1295535240000,1295535299000,0.7405761682589054,0.740663931147881,0.740400704861471,0.7404774598661217,146000000,1
1295535300000,1295535359000,0.7404774598661217,0.7407681765991333,0.7404774598661217,0.7406968475942167,130000000,1
1295535360000,1295535419000,0.7407297669664153,0.7407407407407407,0.7404061868340971,0.7404061868340971,123000000,1
1295535420000,1295535479000,0.7404061868340971,0.740773664014697,0.7404061868340971,0.7407242802011806,113000000,1
1295535480000,1295535539000,0.7407297669664153,0.7407572020118967,0.7402362834216683,0.7402636819235011,135000000,1
1295535540000,1295535599000,0.7402910824536209,0.7406255323246014,0.7402910824536209,0.7405651993601516,168000000,1
1295535600000,1295535659000,0.7405871374825962,0.7412074268984175,0.7405871374825962,0.7411689717021687,285000000,1
1295535660000,1295535719000,0.7411909456114084,0.7413722800904473,0.7409712651343381,0.741306330014752,285000000,1
1295535720000,1295535779000,0.7413228164336442,0.7414822229637045,0.7412843492635339,0.741306330014752,193000000,1
1295535780000,1295535839000,0.741306330014752,0.7415207106734492,0.7412953394762007,0.7415097137772505,232000000,1
1295535840000,1295535899000,0.7415482043410232,0.7415811994334319,0.741218414830298,0.7413722800904473,189000000,1
1295535900000,1295535959000,0.7413777764597729,0.7419938859703796,0.7413008347047398,0.7419058076386622,210000000,1
1295535960000,1295536019000,0.7418892952793584,0.7418892952793584,0.7415262092438657,0.7416196974191634,171000000,1
1295536020000,1295536079000,0.7416306975778342,0.7417077078264996,0.7414877209633408,0.741647198427708,154000000,1
1295536080000,1295536139000,0.7416581994022234,0.7419058076386622,0.7415976980807452,0.7418397626112759,208000000,1
1295536140000,1295536199000,0.7418672799436181,0.7421095205230388,0.7418342593897672,0.7419168162865579,176000000,1
1295536200000,1295536259000,0.7419388345624787,0.742170105388155,0.7419388345624787,0.7421205352173299,143000000,1
1295536260000,1295536319000,0.7421590892223656,0.742170105388155,0.741999391560499,0.742170105388155,111000000,1
1295536320000,1295536379000,0.7421811218809838,0.742384986006043,0.7420048972323218,0.7423133453093219,114000000,1
1295536380000,1295536439000,0.7423133453093219,0.7426275648499521,0.7422747752763118,0.7425062556152036,183000000,1
1295536440000,1295536499000,0.7424401036446384,0.7424401036446384,0.741999391560499,0.74220866454395,164000000,1
1295536500000,1295536559000,0.74220866454395,0.7422582464891185,0.7420489455484484,0.7421040132985038,99000000,1
1295536560000,1295536619000,0.7420599584446423,0.7423960088790563,0.7420599584446423,0.742384986006043,103000000,1
1295536620000,1295536679000,0.7423739634603536,0.7424401036446384,0.7422857948767434,0.7424235674937265,108000000,1
1295536680000,1295536739000,0.7424070320794078,0.7425448497089224,0.7423408977870818,0.7425007425007425,104000000,1
1295536740000,1295536799000,0.7425062556152036,0.7425779335541265,0.7423023248908817,0.7425338224156111,152000000,1
1295536800000,1295536859000,0.7425338224156111,0.7425944765822832,0.7423188556412522,0.7423188556412522,202000000,1
1295536860000,1295536919000,0.7423133453093219,0.7424786908615723,0.7422251911229868,0.7424786908615723,142000000,1
1295536920000,1295536979000,0.7424511281544893,0.7425724193751996,0.7421260426870899,0.7425724193751996,194000000,1
1295536980000,1295537039000,0.7425724193751996,0.7426385949277784,0.7423023248908817,0.7423023248908817,208000000,1
1295537040000,1295537099000,0.7423023248908817,0.7424621529917512,0.7422417184380266,0.7424015204383139,187000000,1
1295537100000,1295537159000,0.7424015204383139,0.7424345915124878,0.7421756135936884,0.7421866302500427,109000000,1
1295537160000,1295537219000,0.7421866302500427,0.7422802850356295,0.7420819852177268,0.74220866454395,123000000,1
1295537220000,1295537279000,0.74220866454395,0.7422472277066046,0.7419223207330192,0.7419223207330192,138000000,1
1295537280000,1295537339000,0.7419278252611586,0.7422582464891185,0.7418672799436181,0.7422582464891185,114000000,1
1295537340000,1295537399000,0.7422692655987886,0.7426110203475419,0.7421976472334583,0.7424456158586383,191000000,1
1295537400000,1295537459000,0.7424456158586383,0.7426496253332641,0.7423574302555195,0.742555877329769,156000000,1
1295537460000,1295537519000,0.7425503634784029,0.7427709814232978,0.7425503634784029,0.7426606560664235,149000000,1
1295537520000,1295537579000,0.7426882343329917,0.742842710484482,0.7426110203475419,0.7427102984209979,116000000,1
1295537580000,1295537639000,0.7426882343329917,0.7426937502320918,0.7425007425007425,0.7425503634784029,128000000,1
1295537640000,1295537699000,0.7425503634784029,0.7426772027805835,0.7425448497089224,0.7426110203475419,124000000,1
1295537700000,1295537759000,0.7426110203475419,0.7427599474125957,0.7425834478149482,0.7426827185158228,162000000,1
1295537760000,1295537819000,0.7426937502320918,0.7428096030425481,0.7426661715558857,0.7427102984209979,170000000,1
1295537820000,1295537879000,0.7426882343329917,0.7428703022739259,0.7426772027805835,0.7427654643769683,171000000,1
1295537880000,1295537939000,0.7427654643769683,0.7429420505200593,0.7427102984209979,0.742886858331476,158000000,1
1295537940000,1295537999000,0.7428813395636316,0.743361779310755,0.7427323638200212,0.743361779310755,153000000,1
1295538000000,1295538059000,0.7435054796353848,0.7440753004204026,0.7434944237918216,0.743687948536794,241000000,1
1295538060000,1295538119000,0.743654765711566,0.7436713567540232,0.7434667856213524,0.7435828797477767,157000000,1
1295538120000,1295538179000,0.7435718216022486,0.7435718216022486,0.7433341510008994,0.7434336225290125,149000000,1
1295538180000,1295538239000,0.7434723130910604,0.7437156031533542,0.7432789005418503,0.7435331206828608,193000000,1
1295538240000,1295538299000,0.7435220640172496,0.7436105265506139,0.7434833682770516,0.7435662926528215,110000000,1
1295538300000,1295538359000,0.7435386491389823,0.7442248154322458,0.7434944237918216,0.7441694324963908,196000000,1
1295538360000,1295538419000,0.7441638946561591,0.744407637622362,0.7440420830202157,0.7442081996859442,179000000,1
1295538420000,1295538479000,0.7442469709148284,0.7443411464342338,0.744047619047619,0.7440919102327519,202000000,1
1295538480000,1295538539000,0.7440808369421255,0.7442248154322458,0.7439811921554623,0.7439867272767854,189000000,1
1295538540000,1295538599000,0.7439590524937507,0.7440365470751923,0.743687948536794,0.7438483739474545,206000000,1
1295538600000,1295538659000,0.7438483739474545,0.7439147771231327,0.743621585847394,0.7437985793447135,205000000,1
1295538660000,1295538719000,0.7438207094561926,0.7443356060380504,0.7437598548180764,0.7443300657243448,167000000,1
1295538720000,1295538779000,0.7443743905434678,0.7445406556425014,0.7440753004204026,0.7441583568983479,193000000,1
1295538780000,1295538839000,0.7441971229339227,0.7443356060380504,0.7441528192229556,0.7441528192229556,138000000,1
1295538840000,1295538899000,0.7441915846815604,0.744562829934404,0.7441472816299802,0.7441694324963908,170000000,1
1295538900000,1295538959000,0.7441971229339227,0.744562829934404,0.7441915846815604,0.744324525493115,147000000,1
1295538960000,1295539019000,0.744324525493115,0.744324525493115,0.7441528192229556,0.7441805084241233,106000000,1
1295539020000,1295539079000,0.7441583568983479,0.7443411464342338,0.7439922624804701,0.7443134452780755,151000000,1
1295539080000,1295539139000,0.7443134452780755,0.744407637622362,0.7441362066912728,0.744407637622362,130000000,1
1295539140000,1295539199000,0.744407637622362,0.7444353457902182,0.7439147771231327,0.7439258454717234,184000000,1
1295539200000,1295539259000,0.7439092430723452,0.7439369141496801,0.7436326454731363,0.743687948536794,162000000,1
1295539260000,1295539319000,0.7436602959767978,0.7438926414139911,0.7436602959767978,0.7437875147827768,168000000,1
1295539320000,1295539379000,0.7437598548180764,0.7441029838529652,0.743710072065506,0.7441029838529652,196000000,1
1295539380000,1295539439000,0.7441140578027801,0.7443079052942622,0.7441140578027801,0.7442192767677068,203000000,1
1295539440000,1295539499000,0.7442303541792256,0.7442303541792256,0.7439756571164992,0.7440697639810708,133000000,1
1295539500000,1295539559000,0.7440531551574044,0.7440753004204026,0.743649235528586,0.7437985793447135,173000000,1
1295539560000,1295539619000,0.7437875147827768,0.7441085207866716,0.7437875147827768,0.7440919102327519,148000000,1
1295539620000,1295539679000,0.7440919102327519,0.7441195949012926,0.743549706297866,0.7435773506338996,193000000,1
1295539680000,1295539739000,0.7435773506338996,0.7439037091038936,0.7435773506338996,0.7438428408845779,131000000,1
1295539740000,1295539799000,0.7438483739474545,0.7438483739474545,0.7434612582338335,0.743555235000632,168000000,1
1295539800000,1295539859000,0.7435662926528215,0.7435828797477767,0.743284425218154,0.7432954748171494,145000000,1
1295539860000,1295539919000,0.7433065247446742,0.7435054796353848,0.7433009997398446,0.7433673052191819,150000000,1
1295539920000,1295539979000,0.743394935993696,0.7434999516725032,0.7432789005418503,0.7434115154443742,157000000,1
1295539980000,1295540039000,0.743394935993696,0.7438871076925366,0.743394935993696,0.7438815740534107,122000000,1
1295540040000,1295540099000,0.7438815740534107,0.7438815740534107,0.7435165358077565,0.743621585847394,190000000,1
1295540100000,1295540159000,0.7436160561578845,0.7437321969105364,0.7435939382222156,0.7436602959767978,152000000,1
1295540160000,1295540219000,0.7436602959767978,0.7436768872660207,0.743439149505613,0.7435828797477767,119000000,1
1295540220000,1295540279000,0.7435828797477767,0.7438041117491297,0.7435773506338996,0.7438041117491297,147000000,1
1295540280000,1295540339000,0.7438151768048675,0.7440586913495737,0.7437653866464362,0.7440254754322788,151000000,1
1295540340000,1295540399000,0.7440531551574044,0.7441583568983479,0.7438981752177761,0.7440144041188638,158000000,1
1295540400000,1295540459000,0.7440365470751923,0.7441417441194198,0.7437764505500227,0.7438151768048675,140000000,1
1295540460000,1295540519000,0.7438151768048675,0.7440088685857135,0.7437875147827768,0.7439867272767854,145000000,1
1295540520000,1295540579000,0.7439867272767854,0.7442525099915899,0.7439867272767854,0.7442248154322458,120000000,1
1295540580000,1295540639000,0.7442248154322458,0.744235893008648,0.7439977977665186,0.7440420830202157,126000000,1
1295540640000,1295540699000,0.7440199397343848,0.7440531551574044,0.743627115619144,0.7437930470225964,119000000,1
1295540700000,1295540759000,0.7437930470225964,0.7440586913495737,0.7437653866464362,0.7439922624804701,131000000,1
1295540760000,1295540819000,0.7439922624804701,0.7441472816299802,0.7438483739474545,0.7440033331349325,129000000,1
1295540820000,1295540879000,0.7440144041188638,0.7440365470751923,0.7438483739474545,0.7439756571164992,84000000,1
1295540880000,1295540939000,0.7439977977665186,0.7439977977665186,0.7438428408845779,0.7439092430723452,100000000,1
1295540940000,1295540999000,0.7438760404966117,0.7439424486121754,0.7438428408845779,0.7439203112562582,101000000,1
1295541000000,1295541059000,0.7439479831570177,0.7439977977665186,0.7438539070926471,0.7439313797695302,140000000,1
1295541060000,1295541119000,0.7439092430723452,0.7439369141496801,0.743682417860277,0.7437543230720028,130000000,1
1295541120000,1295541179000,0.7437709185570844,0.7438317750057647,0.7435994675827812,0.7437985793447135,108000000,1
1295541180000,1295541239000,0.7437875147827768,0.7438926414139911,0.7436658263242829,0.7437487914082139,117000000,1
1295541240000,1295541299000,0.743710072065506,0.7437156031533542,0.7435275923089506,0.7435828797477767,127000000,1
1295541300000,1295541359000,0.7435884089438815,0.743687948536794,0.7434944237918216,0.7435939382222156,104000000,1
1295541360000,1295541419000,0.7435718216022486,0.7438981752177761,0.7435718216022486,0.7437598548180764,119000000,1
1295541420000,1295541479000,0.7437598548180764,0.7437985793447135,0.743555235000632,0.743555235000632,132000000,1
1295541480000,1295541539000,0.743555235000632,0.743627115619144,0.7432899499765864,0.7433231002519866,167000000,1
1295541540000,1295541599000,0.7433341510008994,0.7434336225290125,0.7432181345224824,0.7434059888786465,174000000,1
1295541600000,1295541659000,0.7434004623950876,0.7437377283274826,0.7433286255853713,0.7436658263242829,126000000,1
1295541660000,1295541719000,0.7436713567540232,0.7437985793447135,0.7433838834374071,0.7434999516725032,175000000,1
1295541720000,1295541779000,0.7434778406429596,0.743555235000632,0.7433673052191819,0.7433894096744698,90000000,1
1295541780000,1295541839000,0.7434059888786465,0.7436990101366175,0.7433838834374071,0.7435939382222156,117000000,1
1295541840000,1295541899000,0.7435773506338996,0.7435773506338996,0.7431352877791402,0.7432347060878355,128000000,1
1295541900000,1295541959000,0.7432236582954909,0.7432512783921988,0.7431573784380319,0.7432512783921988,82000000,1
1295541960000,1295542019000,0.7432512783921988,0.7432512783921988,0.7429862101759391,0.7430138126267768,163000000,1
1295542020000,1295542079000,0.7429862101759391,0.743229182150608,0.7429199726605451,0.7431573784380319,147000000,1
1295542080000,1295542139000,0.7431960402514975,0.7433231002519866,0.7430800668772061,0.7433120498316399,100000000,1
1295542140000,1295542199000,0.7433562534844824,0.7435275923089506,0.7433120498316399,0.7434778406429596,107000000,1
1295542200000,1295542259000,0.7434778406429596,0.7435441776773166,0.7434004623950876,0.7434778406429596,98000000,1
1295542260000,1295542319000,0.7434999516725032,0.7437156031533542,0.7434557309285019,0.743627115619144,161000000,1
1295542320000,1295542379000,0.743654765711566,0.7437487914082139,0.74360499702558,0.7436768872660207,148000000,1
1295542380000,1295542439000,0.7436990101366175,0.743859440320157,0.743621585847394,0.743654765711566,124000000,1
1295542440000,1295542499000,0.7436768872660207,0.7436768872660207,0.7431573784380319,0.74320156369609,142000000,1
1295542500000,1295542559000,0.7432181345224824,0.7435386491389823,0.7431131984335173,0.7434888959933383,155000000,1
1295542560000,1295542619000,0.7435110076804687,0.7435607637856165,0.7434336225290125,0.7435331206828608,83000000,1
1295542620000,1295542679000,0.743555235000632,0.7436990101366175,0.7434446765643935,0.7436990101366175,103000000,1
1295542680000,1295542739000,0.7436990101366175,0.7438373079040153,0.7436713567540232,0.7437985793447135,90000000,1
1295542740000,1295542799000,0.7437985793447135,0.7438317750057647,0.743654765711566,0.7436934792955735,149000000,1
1295542800000,1295542859000,0.743682417860277,0.7436990101366175,0.7434888959933383,0.7435718216022486,122000000,1
1295542860000,1295542919000,0.7435718216022486,0.743627115619144,0.7433507277403625,0.7433507277403625,82000000,1
1295542920000,1295542979000,0.7433507277403625,0.7435275923089506,0.7433286255853713,0.7434115154443742,79000000,1
1295542980000,1295543039000,0.743394935993696,0.743439149505613,0.7432512783921988,0.7433894096744698,117000000,1
1295543040000,1295543099000,0.7433894096744698,0.7435386491389823,0.7433286255853713,0.7433728312097649,104000000,1
1295543100000,1295543159000,0.7433728312097649,0.7433783572825061,0.7430082919725385,0.7430966322860625,129000000,1
1295543160000,1295543219000,0.7430966322860625,0.7432236582954909,0.7430800668772061,0.7431021542531452,106000000,1
1295543220000,1295543279000,0.7431021542531452,0.7431187206468105,0.7427820157618343,0.7429862101759391,177000000,1
1295543280000,1295543339000,0.7429862101759391,0.7433728312097649,0.7429862101759391,0.7433396764985728,171000000,1
1295543340000,1295543399000,0.7433452020783932,0.7433838834374071,0.7432126108315806,0.7433783572825061,122000000,1
1295543400000,1295543459000,0.7433894096744698,0.7434723130910604,0.7433175750007432,0.7434336225290125,108000000,1
1295543460000,1295543519000,0.7434336225290125,0.743555235000632,0.7433838834374071,0.7435054796353848,97000000,1
1295543520000,1295543579000,0.7434999516725032,0.7437985793447135,0.7434999516725032,0.7436934792955735,122000000,1
1295543580000,1295543639000,0.743710072065506,0.7439313797695302,0.7436326454731363,0.7436990101366175,131000000,1
1295543640000,1295543699000,0.7436990101366175,0.7437653866464362,0.7435718216022486,0.743621585847394,95000000,1
1295543700000,1295543759000,0.743621585847394,0.7439147771231327,0.743549706297866,0.7438705070221376,135000000,1
1295543760000,1295543819000,0.7438649736299867,0.7439037091038936,0.7438428408845779,0.7438815740534107,82000000,1
1295543820000,1295543879000,0.7438981752177761,0.7442026612687167,0.7438760404966117,0.7440697639810708,137000000,1
1295543880000,1295543939000,0.7440753004204026,0.7442580491508015,0.7440088685857135,0.7442192767677068,112000000,1
1295543940000,1295543999000,0.7442192767677068,0.7442303541792256,0.7441029838529652,0.7441029838529652,51000000,1
1295544000000,1295544059000,0.7440808369421255,0.7440808369421255,0.7439369141496801,0.7439369141496801,72000000,1
1295544060000,1295544119000,0.7439369141496801,0.7440033331349325,0.7438705070221376,0.7439590524937507,78000000,1
1295544120000,1295544179000,0.7439590524937507,0.7440420830202157,0.7439535177842088,0.7439977977665186,61000000,1
1295544180000,1295544239000,0.7440088685857135,0.7440753004204026,0.743859440320157,0.7439258454717234,108000000,1
1295544240000,1295544299000,0.7439258454717234,0.7440199397343848,0.7437930470225964,0.7439203112562582,118000000,1
1295544300000,1295544359000,0.7439258454717234,0.7439701221598941,0.7438428408845779,0.7438981752177761,110000000,1
1295544360000,1295544419000,0.7439037091038936,0.7439922624804701,0.7438151768048675,0.7438428408845779,117000000,1
1295544420000,1295544479000,0.7438483739474545,0.7439203112562582,0.7437045410599278,0.743781982625253,69000000,1
1295544480000,1295544539000,0.743781982625253,0.743781982625253,0.743549706297866,0.7436105265506139,112000000,1
1295544540000,1295544599000,0.7435994675827812,0.7437377283274826,0.743555235000632,0.7436713567540232,89000000,1
1295544600000,1295544659000,0.743682417860277,0.7438096442358472,0.7435773506338996,0.743687948536794,93000000,1
1295544660000,1295544719000,0.7436934792955735,0.7436934792955735,0.743394935993696,0.743654765711566,150000000,1
1295544720000,1295544779000,0.743654765711566,0.7436990101366175,0.7436105265506139,0.743682417860277,130000000,1
1295544780000,1295544839000,0.7436990101366175,0.7439092430723452,0.743682417860277,0.7438151768048675,79000000,1
1295544840000,1295544899000,0.7438041117491297,0.7440144041188638,0.743621585847394,0.743621585847394,100000000,1
1295544900000,1295544959000,0.743621585847394,0.743682417860277,0.743621585847394,0.743649235528586,42000000,1
1295544960000,1295545019000,0.7436326454731363,0.7438096442358472,0.7436326454731363,0.7438041117491297,42000000,1
1295545020000,1295545079000,0.7437875147827768,0.7438760404966117,0.7437598548180764,0.7437764505500227,51000000,1
1295545080000,1295545139000,0.7437764505500227,0.7438262421898244,0.7436381754093728,0.7437211343234741,74000000,1
1295545140000,1295545199000,0.7437211343234741,0.7437432598267079,0.7436381754093728,0.7436713567540232,64000000,1
1295545200000,1295545259000,0.7436713567540232,0.7438207094561926,0.743654765711566,0.7437709185570844,48000000,1
1295545260000,1295545319000,0.743781982625253,0.7439867272767854,0.743781982625253,0.7439147771231327,79000000,1
1295545320000,1295545379000,0.7439147771231327,0.7439590524937507,0.7438096442358472,0.7438096442358472,52000000,1
1295545380000,1295545439000,0.7437930470225964,0.7440697639810708,0.743781982625253,0.7440697639810708,68000000,1
1295545440000,1295545499000,0.744047619047619,0.7441583568983479,0.7439756571164992,0.7439811921554623,69000000,1
1295545500000,1295545559000,0.7439258454717234,0.744213738185607,0.7439258454717234,0.7441860465116279,53000000,1
1295545560000,1295545619000,0.7441860465116279,0.7443743905434678,0.7440254754322788,0.7443743905434678,77000000,1
1295545620000,1295545679000,0.7443577681176681,0.7444353457902182,0.7439977977665186,0.7440254754322788,104000000,1
1295545680000,1295545739000,0.7440254754322788,0.7440531551574044,0.7439645872856452,0.7439977977665186,55000000,1
1295545740000,1295545799000,0.7439977977665186,0.7440531551574044,0.7439147771231327,0.7439867272767854,74000000,1
1295545800000,1295545859000,0.7440365470751923,0.7440420830202157,0.7439535177842088,0.7440420830202157,57000000,1
1295545860000,1295545919000,0.7440642276241285,0.7441805084241233,0.7440144041188638,0.7441140578027801,74000000,1
1295545920000,1295545979000,0.7441029838529652,0.7441417441194198,0.7440365470751923,0.7441417441194198,37000000,1
1295545980000,1295546039000,0.7441251320822109,0.7441251320822109,0.7441195949012926,0.7441251320822109,28000000,1
1295546040000,1295546099000,0.7441251320822109,0.7441472816299802,0.7440863735462412,0.7440863735462412,28000000,1
1295546100000,1295546159000,0.7441306693455371,0.7441472816299802,0.7440642276241285,0.7440642276241285,67000000,1
1295546160000,1295546219000,0.7440642276241285,0.7441472816299802,0.7440642276241285,0.7441085207866716,70000000,1
1295546220000,1295546279000,0.7441029838529652,0.744174970419045,0.7439867272767854,0.7440254754322788,61000000,1
1295546280000,1295546339000,0.7440254754322788,0.7440254754322788,0.7438539070926471,0.7438539070926471,55000000,1
1295546340000,1295546399000,0.7438539070926471,0.7438871076925366,0.7436602959767978,0.7436602959767978,80000000,1
1295546400000,1295546459000,0.743682417860277,0.7440310112125473,0.743682417860277,0.7440033331349325,149000000,1
1295546460000,1295546519000,0.7439811921554623,0.7440586913495737,0.7438981752177761,0.7440586913495737,76000000,1
1295546520000,1295546579000,0.7440642276241285,0.7441638946561591,0.7439147771231327,0.7439203112562582,122000000,1
1295546580000,1295546639000,0.7439535177842088,0.7440144041188638,0.7438760404966117,0.7439092430723452,94000000,1
1295546640000,1295546699000,0.743859440320157,0.7439811921554623,0.7437156031533542,0.7437432598267079,57000000,1
1295546700000,1295546759000,0.7437653866464362,0.7438705070221376,0.7436160561578845,0.7438705070221376,112000000,1
1295546760000,1295546819000,0.7438649736299867,0.7439811921554623,0.7436768872660207,0.7436768872660207,145000000,1
1295546820000,1295546879000,0.743682417860277,0.7437211343234741,0.7435441776773166,0.7435773506338996,43000000,1
1295546880000,1295546939000,0.7435662926528215,0.7438151768048675,0.7435386491389823,0.7437875147827768,51000000,1
1295546940000,1295546999000,0.7437875147827768,0.7440531551574044,0.7437875147827768,0.7440310112125473,74000000,1
1295547000000,1295547059000,0.7440310112125473,0.7440310112125473,0.7439424486121754,0.7439867272767854,79000000,1
1295547060000,1295547119000,0.7439701221598941,0.7439756571164992,0.7439037091038936,0.7439037091038936,51000000,1
1295547120000,1295547179000,0.7439037091038936,0.7439977977665186,0.7438428408845779,0.7439977977665186,60000000,1
1295547180000,1295547239000,0.7439977977665186,0.7441195949012926,0.7439258454717234,0.7441195949012926,49000000,1
1295547240000,1295547299000,0.7441528192229556,0.744174970419045,0.7437598548180764,0.7437598548180764,74000000,1
1295547300000,1295547359000,0.7437875147827768,0.7440919102327519,0.7436768872660207,0.7440531551574044,162000000,1
1295547360000,1295547419000,0.7440753004204026,0.7441583568983479,0.7439369141496801,0.7439369141496801,87000000,1
1295547420000,1295547479000,0.7438871076925366,0.7441029838529652,0.7438760404966117,0.7441029838529652,107000000,1
1295547480000,1295547539000,0.7441472816299802,0.7443965549327438,0.7441472816299802,0.7442192767677068,73000000,1
1295547540000,1295547599000,0.7442635883924651,0.744451971681047,0.7442635883924651,0.744407637622362,112000000,1
1295547600000,1295547659000,0.744424262275556,0.7444298039916326,0.7442469709148284,0.7442469709148284,93000000,1
1295547660000,1295547719000,0.7442192767677068,0.7442414319205151,0.7441528192229556,0.7441528192229556,25000000,1
1295547720000,1295547779000,0.7441472816299802,0.7443134452780755,0.7441251320822109,0.7442802066121853,67000000,1
1295547780000,1295547839000,0.7442802066121853,0.7443079052942622,0.7440254754322788,0.7440697639810708,55000000,1
1295547840000,1295547899000,0.7440697639810708,0.7440697639810708,0.7438815740534107,0.7439590524937507,55000000,1
1295547900000,1295547959000,0.7439590524937507,0.7439977977665186,0.7439369141496801,0.7439701221598941,31000000,1
1295547960000,1295548019000,0.7439590524937507,0.7439867272767854,0.7439258454717234,0.7439811921554623,31000000,1
1295548020000,1295548079000,0.7439590524937507,0.7440919102327519,0.7439258454717234,0.7439369141496801,64000000,1
1295548080000,1295548139000,0.7439645872856452,0.7439645872856452,0.7438096442358472,0.7439590524937507,53000000,1
1295548140000,1295548199000,0.7439590524937507,0.7439590524937507,0.7438151768048675,0.7438649736299867,41000000,1
1295548200000,1295548259000,0.7438649736299867,0.7438815740534107,0.7437598548180764,0.7437875147827768,44000000,1
1295548260000,1295548319000,0.7437764505500227,0.7437764505500227,0.743654765711566,0.7437211343234741,61000000,1
1295548320000,1295548379000,0.7437211343234741,0.7438041117491297,0.7436934792955735,0.7437764505500227,65000000,1
1295548380000,1295548439000,0.7437764505500227,0.7438815740534107,0.743710072065506,0.7438815740534107,83000000,1
1295548440000,1295548499000,0.7438815740534107,0.7439479831570177,0.7438705070221376,0.7439369141496801,101000000,1
1295548500000,1295548559000,0.7439313797695302,0.7440974470016594,0.7439313797695302,0.7440365470751923,71000000,1
1295548560000,1295548619000,0.7440365470751923,0.7440586913495737,0.7438760404966117,0.7440088685857135,56000000,1
1295548620000,1295548679000,0.744047619047619,0.7440808369421255,0.7438815740534107,0.7438981752177761,32000000,1
1295548680000,1295548739000,0.7439037091038936,0.7439037091038936,0.7438096442358472,0.7438926414139911,29000000,1
1295548740000,1295548799000,0.7439424486121754,0.7440365470751923,0.7437156031533542,0.7437156031533542,66000000,1
1295548800000,1295548859000,0.7437377283274826,0.7438926414139911,0.7437377283274826,0.7437875147827768,67000000,1
1295548860000,1295548919000,0.7438151768048675,0.7438705070221376,0.743781982625253,0.743781982625253,48000000,1
1295548920000,1295548979000,0.743781982625253,0.7437985793447135,0.7435828797477767,0.7437432598267079,79000000,1
1295548980000,1295549039000,0.7437432598267079,0.7439258454717234,0.7437211343234741,0.7438871076925366,75000000,1
1295549040000,1295549099000,0.7438871076925366,0.7439258454717234,0.743682417860277,0.7438428408845779,80000000,1
1295549100000,1295549159000,0.7438428408845779,0.7438981752177761,0.7437985793447135,0.7438483739474545,58000000,1
1295549160000,1295549219000,0.7438483739474545,0.7439258454717234,0.7438373079040153,0.7439092430723452,47000000,1
1295549220000,1295549279000,0.7439147771231327,0.7440033331349325,0.7438483739474545,0.7439092430723452,46000000,1
1295549280000,1295549339000,0.7439092430723452,0.7439092430723452,0.7436381754093728,0.743859440320157,99000000,1
1295549340000,1295549399000,0.7438705070221376,0.7440531551574044,0.7438705070221376,0.7439590524937507,68000000,1
1295549400000,1295549459000,0.7439590524937507,0.7441860465116279,0.7439479831570177,0.7440974470016594,61000000,1
1295549460000,1295549519000,0.7441140578027801,0.7442912858376254,0.7440586913495737,0.744235893008648,60000000,1
1295549520000,1295549579000,0.744235893008648,0.7442525099915899,0.7441195949012926,0.7441195949012926,33000000,1
1295549580000,1295549639000,0.7441251320822109,0.7443079052942622,0.7441251320822109,0.744235893008648,55000000,1
1295549640000,1295549699000,0.744235893008648,0.7443300657243448,0.7442081996859442,0.7443079052942622,36000000,1
1295549700000,1295549759000,0.7443134452780755,0.744424262275556,0.7442303541792256,0.7442303541792256,34000000,1
1295549760000,1295549819000,0.7442802066121853,0.7442968255740389,0.7441029838529652,0.7442303541792256,46000000,1
1295549820000,1295549879000,0.7442192767677068,0.744235893008648,0.7440088685857135,0.7440919102327519,71000000,1
1295549880000,1295549939000,0.7440586913495737,0.7440974470016594,0.7439258454717234,0.7439590524937507,107000000,1
1295549940000,1295549999000,0.7439203112562582,0.7441362066912728,0.743859440320157,0.7440974470016594,85000000,1
1295550000000,1295550059000,0.7440974470016594,0.7442303541792256,0.7439977977665186,0.7441195949012926,86000000,1
1295550060000,1295550119000,0.7441362066912728,0.7441971229339227,0.7441362066912728,0.7441472816299802,32000000,1
1295550120000,1295550179000,0.7441472816299802,0.7442248154322458,0.7441085207866716,0.7442081996859442,26000000,1
1295550180000,1295550239000,0.744213738185607,0.7443079052942622,0.744213738185607,0.7442525099915899,42000000,1
1295550240000,1295550299000,0.7442802066121853,0.7443134452780755,0.7440919102327519,0.7441860465116279,50000000,1
1295550300000,1295550359000,0.7441638946561591,0.744235893008648,0.7440753004204026,0.7441306693455371,79000000,1
1295550360000,1295550419000,0.7441583568983479,0.744213738185607,0.7441085207866716,0.7441915846815604,36000000,1
1295550420000,1295550479000,0.7441915846815604,0.7441915846815604,0.7440642276241285,0.7440642276241285,40000000,1
1295550480000,1295550539000,0.7440642276241285,0.7445240257903123,0.7440531551574044,0.7445240257903123,93000000,1
1295550540000,1295550599000,0.7445406556425014,0.7446127269207284,0.7444963110207788,0.7444963110207788,70000000,1
1295550600000,1295550659000,0.744512939634891,0.7447180869681782,0.744463056020845,0.7446681758608363,80000000,1
1295550660000,1295550719000,0.7446570854121677,0.7446570854121677,0.7442469709148284,0.7442912858376254,100000000,1
1295550720000,1295550779000,0.7442912858376254,0.7443356060380504,0.7440033331349325,0.7443356060380504,147000000,1
1295550780000,1295550839000,0.7443411464342338,0.7444852256906962,0.7442857461836748,0.7443633088437805,109000000,1
1295550840000,1295550899000,0.7443743905434678,0.7444353457902182,0.7442026612687167,0.7444020962363029,112000000,1
1295550900000,1295550959000,0.7444131790909226,0.7444907683144729,0.7438483739474545,0.7440033331349325,135000000,1
1295550960000,1295551019000,0.7439811921554623,0.7442469709148284,0.743859440320157,0.7438926414139911,128000000,1
1295551020000,1295551079000,0.7438926414139911,0.7440753004204026,0.7438926414139911,0.7440753004204026,55000000,1
1295551080000,1295551139000,0.7441085207866716,0.7442248154322458,0.7441085207866716,0.7442026612687167,21000000,1
1295551140000,1295551199000,0.7442414319205151,0.7442580491508015,0.7442026612687167,0.744235893008648,32000000,1
1295551200000,1295551259000,0.744235893008648,0.744235893008648,0.7440033331349325,0.7440586913495737,75000000,1
1295551260000,1295551319000,0.7440586913495737,0.7441085207866716,0.7439424486121754,0.7440033331349325,111000000,1
1295551320000,1295551379000,0.7440033331349325,0.7443079052942622,0.7439258454717234,0.7443079052942622,73000000,1
1295551380000,1295551439000,0.7443079052942622,0.7443577681176681,0.7442081996859442,0.7442081996859442,51000000,1
1295551440000,1295551499000,0.7441860465116279,0.7441860465116279,0.7438760404966117,0.7440420830202157,64000000,1
1295551500000,1295551559000,0.7440420830202157,0.7442026612687167,0.7439977977665186,0.7440919102327519,91000000,1
1295551560000,1295551619000,0.7440863735462412,0.7440974470016594,0.7437764505500227,0.7437764505500227,76000000,1
1295551620000,1295551679000,0.7438041117491297,0.7439590524937507,0.7435828797477767,0.7436326454731363,95000000,1
1295551680000,1295551739000,0.7437045410599278,0.7438207094561926,0.74360499702558,0.7437709185570844,81000000,1
1295551740000,1295551799000,0.7437709185570844,0.7439645872856452,0.7437709185570844,0.7437764505500227,102000000,1
1295551800000,1295551859000,0.7437487914082139,0.7438539070926471,0.7437266655758675,0.7437543230720028,52000000,1
1295551860000,1295551919000,0.7437875147827768,0.7438373079040153,0.7437266655758675,0.7437985793447135,51000000,1
1295551920000,1295551979000,0.7437985793447135,0.7438871076925366,0.7436713567540232,0.7437875147827768,87000000,1
1295551980000,1295552039000,0.7437875147827768,0.7439424486121754,0.7437875147827768,0.7439313797695302,60000000,1
1295552040000,1295552099000,0.7439424486121754,0.7439535177842088,0.7437764505500227,0.7437985793447135,60000000,1
1295552100000,1295552159000,0.7438151768048675,0.7438871076925366,0.7437487914082139,0.7438871076925366,48000000,1
1295552160000,1295552219000,0.7438981752177761,0.7439424486121754,0.743781982625253,0.7437930470225964,94000000,1
1295552220000,1295552279000,0.7437321969105364,0.7437321969105364,0.7435662926528215,0.7435994675827812,78000000,1
1295552280000,1295552339000,0.7436160561578845,0.7436768872660207,0.7435718216022486,0.743627115619144,38000000,1
1295552340000,1295552399000,0.7436602959767978,0.7436602959767978,0.7434723130910604,0.7435331206828608,80000000,1
1295552400000,1295552459000,0.7435331206828608,0.7436713567540232,0.7435331206828608,0.7436713567540232,68000000,1
1295552460000,1295552519000,0.7436768872660207,0.7440199397343848,0.7436768872660207,0.7439922624804701,85000000,1
1295552520000,1295552579000,0.7439811921554623,0.744047619047619,0.7438981752177761,0.7440144041188638,85000000,1
1295552580000,1295552639000,0.7440144041188638,0.744174970419045,0.7439092430723452,0.7440753004204026,99000000,1
1295552640000,1295552699000,0.7440697639810708,0.744213738185607,0.7440420830202157,0.744174970419045,90000000,1
1295552700000,1295552759000,0.7442248154322458,0.7442968255740389,0.7440697639810708,0.7442968255740389,146000000,1
1295552760000,1295552819000,0.7442857461836748,0.7442968255740389,0.7440753004204026,0.7441195949012926,88000000,1
1295552820000,1295552879000,0.7441251320822109,0.7441860465116279,0.7441251320822109,0.7441638946561591,49000000,1
1295552880000,1295552939000,0.7441805084241233,0.7443466869128965,0.7441805084241233,0.7441915846815604,46000000,1
1295552940000,1295552999000,0.7443411464342338,0.7444796831494468,0.7443189853443591,0.7444685983145231,49000000,1
1295553000000,1295553059000,0.7444796831494468,0.7444796831494468,0.7442635883924651,0.7443633088437805,79000000,1
1295553060000,1295553119000,0.7443965549327438,0.744424262275556,0.7442802066121853,0.7442968255740389,51000000,1
1295553120000,1295553179000,0.7442635883924651,0.7442912858376254,0.7442192767677068,0.7442192767677068,15000000,1
1295553180000,1295553239000,0.7442635883924651,0.7444852256906962,0.7442635883924651,0.7444852256906962,54000000,1
1295553240000,1295553299000,0.7444907683144729,0.7445073966809861,0.744274667123155,0.744274667123155,62000000,1
1295553300000,1295553359000,0.744274667123155,0.7444131790909226,0.744274667123155,0.7444131790909226,71000000,1
1295553360000,1295553419000,0.7444131790909226,0.7444131790909226,0.744274667123155,0.744274667123155,37000000,1
1295553420000,1295553479000,0.7442857461836748,0.744451971681047,0.7442857461836748,0.7443910137116825,89000000,1
1295553480000,1295553539000,0.744407637622362,0.744424262275556,0.7441915846815604,0.7442192767677068,48000000,1
1295553540000,1295553599000,0.7442192767677068,0.7443134452780755,0.7441472816299802,0.7442635883924651,103000000,1
1295553600000,1295553659000,0.744274667123155,0.744407637622362,0.744274667123155,0.7443300657243448,63000000,1
1295553660000,1295553719000,0.7443577681176681,0.7444020962363029,0.744274667123155,0.7442857461836748,39000000,1
1295553720000,1295553779000,0.7442635883924651,0.7443522274740407,0.7441362066912728,0.7442026612687167,69000000,1
1295553780000,1295553839000,0.744213738185607,0.744213738185607,0.7441583568983479,0.7441860465116279,26000000,1
1295553840000,1295553899000,0.7441860465116279,0.7442192767677068,0.7440808369421255,0.7440808369421255,47000000,1
1295553900000,1295553959000,0.7440808369421255,0.7443466869128965,0.7440808369421255,0.7443466869128965,41000000,1
1295553960000,1295554019000,0.744324525493115,0.744451971681047,0.7441971229339227,0.7441971229339227,51000000,1
1295554020000,1295554079000,0.7441971229339227,0.744274667123155,0.7440254754322788,0.744274667123155,84000000,1
1295554080000,1295554139000,0.7442635883924651,0.7443411464342338,0.7441915846815604,0.744324525493115,43000000,1
1295554140000,1295554199000,0.7443079052942622,0.744324525493115,0.7442248154322458,0.7442248154322458,28000000,1
1295554200000,1295554259000,0.7442469709148284,0.7442912858376254,0.7441915846815604,0.7442192767677068,19000000,1
1295554260000,1295554319000,0.7442192767677068,0.7443300657243448,0.7442192767677068,0.7443300657243448,25000000,1
1295554320000,1295554379000,0.7443411464342338,0.7443577681176681,0.744235893008648,0.7443522274740407,25000000,1
1295554380000,1295554439000,0.7443522274740407,0.7444464296349235,0.7443522274740407,0.744407637622362,21000000,1
1295554440000,1295554499000,0.7443910137116825,0.7443910137116825,0.7442081996859442,0.7442968255740389,87000000,1
1295554500000,1295554559000,0.7442968255740389,0.7443633088437805,0.7442968255740389,0.7443189853443591,39000000,1
1295554560000,1295554619000,0.744324525493115,0.7445351122758949,0.744324525493115,0.7444020962363029,47000000,1
1295554620000,1295554679000,0.7444020962363029,0.744424262275556,0.744235893008648,0.744407637622362,75000000,1
1295554680000,1295554739000,0.7443688496523797,0.744501853809616,0.7442026612687167,0.7442248154322458,85000000,1
1295554740000,1295554799000,0.744235893008648,0.7442580491508015,0.7441860465116279,0.7441860465116279,32000000,1
1295554800000,1295554859000,0.7441860465116279,0.7442525099915899,0.7441417441194198,0.7442192767677068,44000000,1
1295554860000,1295554919000,0.7442469709148284,0.7442469709148284,0.7441472816299802,0.7441472816299802,43000000,1
1295554920000,1295554979000,0.7441694324963908,0.7441860465116279,0.7440088685857135,0.7440088685857135,40000000,1
1295554980000,1295555039000,0.7440088685857135,0.7441251320822109,0.7440088685857135,0.7441251320822109,30000000,1
1295555040000,1295555099000,0.7441251320822109,0.7442580491508015,0.7441029838529652,0.7441638946561591,64000000,1
1295555100000,1295555159000,0.7441472816299802,0.7441694324963908,0.7440420830202157,0.7440420830202157,44000000,1
1295555160000,1295555219000,0.7440420830202157,0.7441251320822109,0.7439535177842088,0.7439756571164992,76000000,1
1295555220000,1295555279000,0.7439756571164992,0.7439922624804701,0.7439147771231327,0.7439203112562582,43000000,1
1295555280000,1295555339000,0.7439203112562582,0.7440586913495737,0.7439203112562582,0.7440586913495737,29000000,1
1295555340000,1295555399000,0.7440586913495737,0.7440753004204026,0.7439369141496801,0.7439369141496801,77000000,1
1295555400000,1295555459000,0.7439535177842088,0.7440088685857135,0.7438926414139911,0.7438926414139911,61000000,1
1295555460000,1295555519000,0.7438926414139911,0.7439203112562582,0.7437709185570844,0.7437709185570844,52000000,1
1295555520000,1295555579000,0.7437432598267079,0.7439313797695302,0.7437432598267079,0.7438207094561926,44000000,1
1295555580000,1295555639000,0.7438151768048675,0.7438760404966117,0.7437211343234741,0.7437377283274826,37000000,1
1295555640000,1295555699000,0.7437543230720028,0.7438151768048675,0.7437045410599278,0.7437432598267079,51000000,1
1295555700000,1295555759000,0.7437156031533542,0.7438539070926471,0.7436381754093728,0.7437377283274826,102000000,1
1295555760000,1295555819000,0.7437377283274826,0.7437764505500227,0.743654765711566,0.7437543230720028,51000000,1
1295555820000,1295555879000,0.7437875147827768,0.7437875147827768,0.7437045410599278,0.7437266655758675,29000000,1
1295555880000,1295555939000,0.7437266655758675,0.7437543230720028,0.7436934792955735,0.7437045410599278,27000000,1
1295555940000,1295555999000,0.7437045410599278,0.7437432598267079,0.7435607637856165,0.7437321969105364,52000000,1
1295556000000,1295556059000,0.7437377283274826,0.7437653866464362,0.7435884089438815,0.7437432598267079,65000000,1
1295556060000,1295556119000,0.7437432598267079,0.7439369141496801,0.7437432598267079,0.7437985793447135,44000000,1
1295556120000,1295556179000,0.7438262421898244,0.7439369141496801,0.7437266655758675,0.7439369141496801,44000000,1
1295556180000,1295556239000,0.7439811921554623,0.7440254754322788,0.7438871076925366,0.7439424486121754,72000000,1
1295556240000,1295556299000,0.7439645872856452,0.7440586913495737,0.7439424486121754,0.7440420830202157,74000000,1
1295556300000,1295556359000,0.7440420830202157,0.7440808369421255,0.7438981752177761,0.7439424486121754,83000000,1
1295556360000,1295556419000,0.7439479831570177,0.7439922624804701,0.7439037091038936,0.7439590524937507,55000000,1
1295556420000,1295556479000,0.7439590524937507,0.7440420830202157,0.7439037091038936,0.7440420830202157,41000000,1
1295556480000,1295556539000,0.7440642276241285,0.7440642276241285,0.7439479831570177,0.7440531551574044,30000000,1
1295556540000,1295556599000,0.7440531551574044,0.7442026612687167,0.7439811921554623,0.7441528192229556,57000000,1
1295556600000,1295556659000,0.7441528192229556,0.7441805084241233,0.7440808369421255,0.7441195949012926,48000000,1
1295556660000,1295556719000,0.7441195949012926,0.7441195949012926,0.7439977977665186,0.7440033331349325,45000000,1
1295556720000,1295556779000,0.7440144041188638,0.7440642276241285,0.7437930470225964,0.7438096442358472,70000000,1
1295556780000,1295556839000,0.7438151768048675,0.7439092430723452,0.7437487914082139,0.7438926414139911,49000000,1
1295556840000,1295556899000,0.7439037091038936,0.7439203112562582,0.743781982625253,0.743781982625253,28000000,1
1295556900000,1295556959000,0.7438207094561926,0.7440310112125473,0.7437930470225964,0.7440088685857135,36000000,1
1295556960000,1295557019000,0.7439922624804701,0.7440033331349325,0.7439203112562582,0.7439756571164992,30000000,1
1295557020000,1295557079000,0.7439756571164992,0.7439756571164992,0.7438760404966117,0.7439313797695302,40000000,1
1295557080000,1295557139000,0.7438871076925366,0.744213738185607,0.7438871076925366,0.7441472816299802,154000000,1
1295557140000,1295557199000,0.7441472816299802,0.7442303541792256,0.7440808369421255,0.7441306693455371,174000000,1
1295557200000,1295557259000,0.7441085207866716,0.744235893008648,0.7440697639810708,0.7440697639810708,106000000,1
1295557260000,1295557319000,0.7440420830202157,0.7440420830202157,0.7437930470225964,0.7439369141496801,98000000,1
1295557320000,1295557379000,0.7439369141496801,0.7440254754322788,0.7438151768048675,0.7439369141496801,94000000,1
1295557380000,1295557439000,0.7439369141496801,0.7440144041188638,0.7436381754093728,0.743687948536794,79000000,1
1295557440000,1295557499000,0.743687948536794,0.7437377283274826,0.743682417860277,0.743710072065506,49000000,1
1295557500000,1295557559000,0.7436990101366175,0.7436990101366175,0.7435662926528215,0.7435718216022486,97000000,1
1295557560000,1295557619000,0.7435718216022486,0.7437377283274826,0.7435718216022486,0.743682417860277,66000000,1
1295557620000,1295557679000,0.743627115619144,0.7437487914082139,0.7435165358077565,0.7435165358077565,109000000,1
1295557680000,1295557739000,0.7435165358077565,0.743649235528586,0.7435165358077565,0.743649235528586,38000000,1
1295557740000,1295557799000,0.743649235528586,0.7440310112125473,0.743649235528586,0.7439590524937507,115000000,1
1295557800000,1295557859000,0.7440144041188638,0.7440144041188638,0.7439092430723452,0.7440144041188638,73000000,1
1295557860000,1295557919000,0.7439922624804701,0.7440420830202157,0.7439369141496801,0.7439369141496801,85000000,1
1295557920000,1295557979000,0.7439258454717234,0.7441251320822109,0.7439203112562582,0.7440365470751923,77000000,1
1295557980000,1295558039000,0.7440365470751923,0.7441694324963908,0.7440365470751923,0.7441694324963908,66000000,1
1295558040000,1295558099000,0.7441306693455371,0.7443577681176681,0.7440199397343848,0.7440365470751923,105000000,1
1295558100000,1295558159000,0.7440919102327519,0.7442192767677068,0.7440033331349325,0.7441860465116279,47000000,1
1295558160000,1295558219000,0.7442303541792256,0.7443356060380504,0.7441362066912728,0.7442469709148284,48000000,1
1295558220000,1295558279000,0.7442469709148284,0.7442469709148284,0.7440697639810708,0.7441195949012926,51000000,1
1295558280000,1295558339000,0.7441195949012926,0.7441417441194198,0.7440531551574044,0.7440531551574044,14000000,1
1295558340000,1295558399000,0.7440144041188638,0.7440586913495737,0.7438760404966117,0.7439037091038936,28000000,1
1295558400000,1295558459000,0.7439037091038936,0.7439424486121754,0.7438649736299867,0.7439424486121754,29000000,1
1295558460000,1295558519000,0.7439535177842088,0.7439977977665186,0.7438760404966117,0.7439147771231327,31000000,1
1295558520000,1295558579000,0.7439313797695302,0.7439424486121754,0.7439147771231327,0.7439147771231327,10000000,1
1295558580000,1295558639000,0.7439258454717234,0.7439811921554623,0.7437377283274826,0.7437377283274826,49000000,1
1295558640000,1295558699000,0.7437432598267079,0.7437598548180764,0.7435884089438815,0.7436713567540232,38000000,1
1295558700000,1295558759000,0.7437156031533542,0.743859440320157,0.7436713567540232,0.7437930470225964,45000000,1
1295558760000,1295558819000,0.7437930470225964,0.7438262421898244,0.7437543230720028,0.7437653866464362,30000000,1
1295558820000,1295558879000,0.7437653866464362,0.7439092430723452,0.7437321969105364,0.743781982625253,29000000,1
1295558880000,1295558939000,0.7437543230720028,0.7439147771231327,0.7437432598267079,0.7438760404966117,41000000,1
1295558940000,1295558999000,0.7438705070221376,0.7439369141496801,0.7438317750057647,0.7438317750057647,27000000,1
1295559000000,1295559059000,0.7438373079040153,0.7438373079040153,0.743687948536794,0.7437211343234741,21000000,1
1295559060000,1295559119000,0.7437487914082139,0.7438649736299867,0.7437487914082139,0.7437653866464362,20000000,1
1295559120000,1295559179000,0.7437432598267079,0.743859440320157,0.7437211343234741,0.7438317750057647,31000000,1
1295559180000,1295559239000,0.7438262421898244,0.7438262421898244,0.7437543230720028,0.7437875147827768,12000000,1
1295559240000,1295559299000,0.7437875147827768,0.7437875147827768,0.7436326454731363,0.7437543230720028,46000000,1
1295559300000,1295559359000,0.7437543230720028,0.7438041117491297,0.7437543230720028,0.743781982625253,22000000,1
1295559360000,1295559419000,0.7437930470225964,0.7437930470225964,0.7437930470225964,0.7437930470225964,2000000,1
1295559420000,1295559479000,0.7437653866464362,0.7438981752177761,0.7437266655758675,0.7437764505500227,54000000,1
1295559480000,1295559539000,0.7437985793447135,0.7439479831570177,0.7437985793447135,0.7438705070221376,46000000,1
1295559540000,1295559599000,0.7438926414139911,0.7438926414139911,0.7438262421898244,0.7438815740534107,26000000,1
1295559600000,1295559659000,0.7438815740534107,0.7439756571164992,0.7438815740534107,0.7439479831570177,74000000,1
1295559660000,1295559719000,0.7439867272767854,0.7441029838529652,0.7439756571164992,0.7440144041188638,39000000,1
1295559720000,1295559779000,0.7440144041188638,0.744047619047619,0.7440088685857135,0.7440254754322788,17000000,1
1295559780000,1295559839000,0.7440531551574044,0.7440531551574044,0.7439590524937507,0.7440088685857135,16000000,1
1295559840000,1295559899000,0.7440088685857135,0.7440420830202157,0.7439147771231327,0.7439147771231327,21000000,1
1295559900000,1295559959000,0.7439258454717234,0.7441583568983479,0.7439258454717234,0.7440586913495737,43000000,1
1295559960000,1295560019000,0.744047619047619,0.744047619047619,0.7439701221598941,0.7439701221598941,18000000,1
1295560020000,1295560079000,0.7439701221598941,0.7439701221598941,0.7438871076925366,0.7438981752177761,27000000,1
1295560080000,1295560139000,0.7439037091038936,0.7439479831570177,0.7438483739474545,0.7438981752177761,27000000,1
1295560140000,1295560199000,0.7438981752177761,0.7443633088437805,0.7438705070221376,0.7443633088437805,90000000,1
1295560200000,1295560259000,0.7443633088437805,0.7443633088437805,0.7441085207866716,0.7442912858376254,66000000,1
1295560260000,1295560319000,0.7443023653929173,0.744512939634891,0.7441417441194198,0.7441417441194198,99000000,1
1295560320000,1295560379000,0.7441362066912728,0.744235893008648,0.7440753004204026,0.7441362066912728,64000000,1
1295560380000,1295560439000,0.7441472816299802,0.7442857461836748,0.7441195949012926,0.7441638946561591,70000000,1
1295560440000,1295560499000,0.7441528192229556,0.7441583568983479,0.7440753004204026,0.7441251320822109,55000000,1
1295560500000,1295560559000,0.7441251320822109,0.7441251320822109,0.7440310112125473,0.7440863735462412,24000000,1
1295560560000,1295560619000,0.7441251320822109,0.7441694324963908,0.7440919102327519,0.7441528192229556,43000000,1
1295560620000,1295560679000,0.7441694324963908,0.7443023653929173,0.7440586913495737,0.7442414319205151,78000000,1
1295560680000,1295560739000,0.7442248154322458,0.7442248154322458,0.7441306693455371,0.7441915846815604,78000000,1
1295560740000,1295560799000,0.7441140578027801,0.7441583568983479,0.7438981752177761,0.744047619047619,102000000,1
1295560800000,1295560859000,0.7440088685857135,0.7441694324963908,0.7439977977665186,0.7440033331349325,88000000,1
1295560860000,1295560919000,0.7439977977665186,0.7442026612687167,0.7436381754093728,0.7441971229339227,86000000,1
1295560920000,1295560979000,0.7441971229339227,0.7441971229339227,0.7436381754093728,0.7440033331349325,40000000,1
1295560980000,1295561039000,0.7440808369421255,0.7441638946561591,0.7439756571164992,0.7441638946561591,52000000,1
1295561040000,1295561099000,0.7441638946561591,0.7442192767677068,0.7440310112125473,0.7440753004204026,76000000,1
1295561100000,1295561159000,0.7440753004204026,0.7440753004204026,0.7439590524937507,0.7439756571164992,109000000,1
1295561160000,1295561219000,0.7439645872856452,0.7439701221598941,0.7439645872856452,0.7439701221598941,30000000,1
1295561220000,1295561279000,0.7439535177842088,0.7439645872856452,0.7439535177842088,0.7439645872856452,44000000,1
1295561280000,1295561339000,0.7439701221598941,0.7439867272767854,0.7439203112562582,0.7439203112562582,44000000,1
1295561340000,1295561399000,0.7439203112562582,0.7439701221598941,0.7439203112562582,0.7439701221598941,37000000,1
1295561400000,1295561459000,0.7439535177842088,0.7440310112125473,0.7439535177842088,0.7440310112125473,23000000,1
1295561460000,1295561519000,0.7440310112125473,0.7440310112125473,0.7440144041188638,0.7440254754322788,30000000,1
1295561520000,1295561579000,0.7440254754322788,0.7441029838529652,0.7438041117491297,0.7439258454717234,75000000,1
1295561580000,1295561639000,0.7439258454717234,0.7439756571164992,0.7437653866464362,0.7438539070926471,81000000,1
1295561640000,1295561699000,0.7438317750057647,0.7438815740534107,0.7437377283274826,0.7437985793447135,80000000,1
1295561700000,1295561759000,0.7437985793447135,0.7438871076925366,0.7437875147827768,0.7438317750057647,65000000,1
1295561760000,1295561819000,0.7438317750057647,0.7438317750057647,0.743781982625253,0.743781982625253,17000000,1
1295561820000,1295561879000,0.7437930470225964,0.7439147771231327,0.7437930470225964,0.7439037091038936,33000000,1
1295561880000,1295561939000,0.7439037091038936,0.7439922624804701,0.7438926414139911,0.7438926414139911,42000000,1
1295561940000,1295561999000,0.7438981752177761,0.7438981752177761,0.7438981752177761,0.7438981752177761,2000000,1
1295562000000,1295562059000,0.7437377283274826,0.7439535177842088,0.7437377283274826,0.7438926414139911,41000000,1
1295562060000,1295562119000,0.7438981752177761,0.7440033331349325,0.7438705070221376,0.7439313797695302,22000000,1
1295562120000,1295562179000,0.7439590524937507,0.7440199397343848,0.7439313797695302,0.7439479831570177,18000000,1
1295562180000,1295562239000,0.7439313797695302,0.7439313797695302,0.7437487914082139,0.7438539070926471,57000000,1
1295562240000,1295562299000,0.7438539070926471,0.7438539070926471,0.7438539070926471,0.7438539070926471,2000000,1
1295562300000,1295562359000,0.743859440320157,0.7440088685857135,0.7435939382222156,0.7439977977665186,61000000,1
1295562360000,1295562419000,0.7440199397343848,0.7440199397343848,0.7439258454717234,0.7439258454717234,12000000,1
1295562420000,1295562479000,0.7438207094561926,0.7439147771231327,0.7438207094561926,0.7439147771231327,3000000,1
1295562480000,1295562539000,0.7439037091038936,0.7439258454717234,0.7439037091038936,0.7439258454717234,5000000,1
1295562540000,1295562599000,0.7439369141496801,0.7440919102327519,0.7439203112562582,0.7440919102327519,9000000,1
1295562600000,1295562659000,0.7440697639810708,0.7440697639810708,0.7439535177842088,0.7439811921554623,33000000,1
1295562660000,1295562719000,0.7439590524937507,0.7439645872856452,0.7438649736299867,0.7438649736299867,8000000,1
1295562720000,1295562779000,0.7438317750057647,0.7440033331349325,0.7438096442358472,0.7440033331349325,20000000,1
1295562780000,1295562839000,0.7440863735462412,0.7440863735462412,0.7440033331349325,0.7440033331349325,30000000,1
1295562840000,1295562899000,0.7439590524937507,0.7439590524937507,0.7439203112562582,0.7439203112562582,19000000,1
1295562900000,1295562959000,0.7439258454717234,0.7440088685857135,0.7438871076925366,0.7439424486121754,89000000,1
1295562960000,1295563019000,0.7439258454717234,0.7439535177842088,0.7439037091038936,0.7439535177842088,128000000,1
1295563020000,1295563079000,0.7439479831570177,0.7439701221598941,0.7439092430723452,0.7439313797695302,129000000,1
1295563080000,1295563139000,0.7439369141496801,0.7440088685857135,0.7439313797695302,0.7440088685857135,46000000,1
1295563140000,1295563199000,0.7439479831570177,0.7440144041188638,0.7439479831570177,0.7439922624804701,46000000,1
1295563200000,1295563259000,0.7439922624804701,0.7440697639810708,0.7439867272767854,0.7440420830202157,82000000,1
1295563260000,1295563319000,0.7439701221598941,0.7439756571164992,0.7438981752177761,0.7438981752177761,25000000,1
1295563320000,1295563379000,0.7438981752177761,0.7440144041188638,0.7438926414139911,0.7440144041188638,23000000,1
1295563380000,1295563439000,0.7439645872856452,0.7440753004204026,0.7439645872856452,0.7439756571164992,22000000,1
1295563440000,1295563499000,0.7440088685857135,0.7440420830202157,0.7440088685857135,0.7440420830202157,5000000,1
1295563500000,1295563559000,0.7440088685857135,0.7440088685857135,0.7440088685857135,0.7440088685857135,2000000,1
1295563560000,1295563619000,0.7440199397343848,0.7440642276241285,0.7440199397343848,0.7440642276241285,8000000,1
1295563620000,1295563679000,0.7440586913495737,0.7441140578027801,0.7438483739474545,0.7441140578027801,44000000,1
1295563680000,1295563739000,0.7441140578027801,0.7441528192229556,0.7440863735462412,0.7440863735462412,32000000,1
1295563740000,1295563799000,0.7440863735462412,0.7441472816299802,0.7440310112125473,0.7441472816299802,23000000,1
1295563800000,1295563859000,0.7441472816299802,0.7441472816299802,0.7441472816299802,0.7441472816299802,18000000,1
1295563860000,1295563919000,0.7441472816299802,0.7441472816299802,0.7440144041188638,0.7440144041188638,38000000,1
1295563920000,1295563979000,0.7440144041188638,0.7440531551574044,0.7440144041188638,0.7440531551574044,8000000,1
1295563980000,1295564039000,0.744047619047619,0.7441638946561591,0.744047619047619,0.7441638946561591,11000000,1
1295564040000,1295564099000,0.7441805084241233,0.7442968255740389,0.7440254754322788,0.7440420830202157,45000000,1
1295564100000,1295564159000,0.7440420830202157,0.7441528192229556,0.7440254754322788,0.7440919102327519,56000000,1
1295564160000,1295564219000,0.7440919102327519,0.7441694324963908,0.7440919102327519,0.7441694324963908,56000000,1
1295564220000,1295564279000,0.7441694324963908,0.744235893008648,0.7441417441194198,0.7441417441194198,62000000,1
1295564280000,1295564339000,0.7441417441194198,0.7442081996859442,0.7440365470751923,0.7441694324963908,75000000,1
1295564340000,1295564399000,0.7441971229339227,0.7443965549327438,0.7441971229339227,0.7443965549327438,88000000,1
1295564400000,1295564459000,0.7443965549327438,0.7444575138096869,0.7442303541792256,0.7442303541792256,91000000,1
1295564460000,1295564519000,0.744235893008648,0.744235893008648,0.744047619047619,0.744047619047619,73000000,1
1295564520000,1295564579000,0.744047619047619,0.7441472816299802,0.744047619047619,0.7440974470016594,35000000,1
1295564580000,1295564639000,0.7440974470016594,0.7441528192229556,0.7440974470016594,0.7441029838529652,49000000,1
1295564640000,1295564699000,0.7441029838529652,0.7441029838529652,0.7440974470016594,0.7441029838529652,21000000,1
1295564700000,1295564759000,0.7441029838529652,0.7441029838529652,0.7440974470016594,0.7440974470016594,18000000,1
1295564760000,1295564819000,0.7441029838529652,0.7441029838529652,0.7440974470016594,0.7441029838529652,33000000,1
1295564820000,1295564879000,0.7441029838529652,0.7441140578027801,0.7440808369421255,0.7440808369421255,43000000,1
1295564880000,1295564939000,0.7440808369421255,0.7441805084241233,0.7440310112125473,0.744174970419045,44000000,1
1295564940000,1295564999000,0.7441805084241233,0.744235893008648,0.7441362066912728,0.744174970419045,48000000,1
1295565000000,1295565059000,0.744174970419045,0.7442912858376254,0.744174970419045,0.7442912858376254,72000000,1
1295565060000,1295565119000,0.7442912858376254,0.744512939634891,0.7442857461836748,0.7445073966809861,80000000,1
1295565120000,1295565179000,0.744512939634891,0.744512939634891,0.7443965549327438,0.7443965549327438,63000000,1
1295565180000,1295565239000,0.7443965549327438,0.7445517426233537,0.7443965549327438,0.7444575138096869,40000000,1
1295565240000,1295565299000,0.7444575138096869,0.7444575138096869,0.7443466869128965,0.7443466869128965,75000000,1
1295565300000,1295565359000,0.7443466869128965,0.7443965549327438,0.7442857461836748,0.7442857461836748,51000000,1
1295565360000,1295565419000,0.7442857461836748,0.7442912858376254,0.744235893008648,0.7442857461836748,32000000,1
1295565420000,1295565479000,0.7442912858376254,0.7445073966809861,0.7442802066121853,0.744451971681047,61000000,1
1295565480000,1295565539000,0.744451971681047,0.7446016381236039,0.7444464296349235,0.7445517426233537,74000000,1
1295565540000,1295565599000,0.7445461990916536,0.7445683737137582,0.7445240257903123,0.7445240257903123,66000000,1
1295565600000,1295565659000,0.7445240257903123,0.7445240257903123,0.7444685983145231,0.7444685983145231,36000000,1
1295565660000,1295565719000,0.744463056020845,0.7444741406907232,0.744451971681047,0.744451971681047,15000000,1
1295565720000,1295565779000,0.744451971681047,0.7444575138096869,0.744451971681047,0.744451971681047,24000000,1
1295565780000,1295565839000,0.744451971681047,0.7445794615201334,0.7444298039916326,0.7444852256906962,75000000,1
1295565840000,1295565899000,0.7444852256906962,0.7444852256906962,0.7442912858376254,0.7443466869128965,64000000,1
1295565900000,1295565959000,0.7443466869128965,0.7447291792339715,0.7443411464342338,0.7446737212090523,59000000,1
1295565960000,1295566019000,0.7446737212090523,0.7446737212090523,0.7445683737137582,0.7445683737137582,57000000,1
1295566020000,1295566079000,0.7446016381236039,0.7447624580140164,0.7446016381236039,0.7446459952938373,38000000,1
1295566080000,1295566139000,0.7446238160481325,0.7446293607356937,0.744451971681047,0.7445184826713322,60000000,1
1295566140000,1295566199000,0.7445517426233537,0.7445960938488917,0.7444852256906962,0.7444852256906962,39000000,1
1295566200000,1295566259000,0.7444796831494468,0.7445683737137582,0.7444796831494468,0.7445683737137582,32000000,1
1295566260000,1295566319000,0.744562829934404,0.7445683737137582,0.7443189853443591,0.7444353457902182,45000000,1
1295566320000,1295566379000,0.7444907683144729,0.7445905496567436,0.7444796831494468,0.744512939634891,35000000,1
1295566380000,1295566439000,0.7445351122758949,0.7447014491890201,0.7444963110207788,0.7446071824808823,56000000,1
1295566440000,1295566499000,0.7446182714431446,0.7446515403117111,0.744451971681047,0.7445461990916536,53000000,1
1295566500000,1295566559000,0.7445461990916536,0.7446626305952089,0.7445461990916536,0.7446626305952089,37000000,1
1295566560000,1295566619000,0.7446626305952089,0.7447014491890201,0.7446238160481325,0.7446238160481325,25000000,1
1295566620000,1295566679000,0.7446293607356937,0.7447180869681782,0.7446016381236039,0.7446570854121677,35000000,1
1295566680000,1295566739000,0.7446459952938373,0.7446570854121677,0.744512939634891,0.7445572862376031,64000000,1
1295566740000,1295566799000,0.7445461990916536,0.7445905496567436,0.7444187206419868,0.7444187206419868,31000000,1
1295566800000,1295566859000,0.7444741406907232,0.7444796831494468,0.7444187206419868,0.7444796831494468,35000000,1
1295566860000,1295566919000,0.7444796831494468,0.7446959034278353,0.7444741406907232,0.7446959034278353,59000000,1
1295566920000,1295566979000,0.7448290244974266,0.7448512159696101,0.7446848121532561,0.7447347254907802,77000000,1
1295566980000,1295567039000,0.7447569113441374,0.7448623122015895,0.7446293607356937,0.7446959034278353,45000000,1
1295567040000,1295567099000,0.7447014491890201,0.7448512159696101,0.7446959034278353,0.744751364756876,37000000,1
1295567100000,1295567159000,0.744751364756876,0.7448845056573978,0.744751364756876,0.744751364756876,20000000,1
1295567160000,1295567219000,0.744751364756876,0.7449788426008701,0.744751364756876,0.7448290244974266,135000000,1
1295567220000,1295567279000,0.7448290244974266,0.7448290244974266,0.7447735516016356,0.7448068343475119,25000000,1
1295567280000,1295567339000,0.744801287016624,0.7448345722415051,0.7447957397683685,0.7447957397683685,19000000,1
1295567340000,1295567399000,0.7447957397683685,0.7449067004357705,0.7447957397683685,0.7449011516171804,29000000,1
1295567400000,1295567459000,0.7449011516171804,0.7450343460833545,0.7448734087641805,0.7449788426008701,74000000,1
1295567460000,1295567519000,0.7449843925769756,0.7450621009261121,0.7449843925769756,0.7450621009261121,34000000,1
1295567520000,1295567579000,0.7450343460833545,0.7450343460833545,0.7449510939606815,0.7450176941702366,11000000,1
1295567580000,1295567639000,0.7450232447252354,0.7450343460833545,0.744784645519748,0.744784645519748,113000000,1
1295567640000,1295567699000,0.744784645519748,0.7450121436979422,0.744784645519748,0.744890054227996,38000000,1
1295567700000,1295567759000,0.744890054227996,0.744890054227996,0.7448345722415051,0.7448401200682273,41000000,1
1295567760000,1295567819000,0.7448401200682273,0.7448401200682273,0.7447347254907802,0.7447957397683685,80000000,1
1295567820000,1295567879000,0.7447957397683685,0.7448345722415051,0.7447957397683685,0.7448345722415051,29000000,1
1295567880000,1295567939000,0.7448345722415051,0.7448345722415051,0.7446459952938373,0.7446681758608363,62000000,1
1295567940000,1295567999000,0.7446681758608363,0.7447236330597715,0.7446238160481325,0.7447236330597715,96000000,1
1295568000000,1295568059000,0.7447069950328044,0.7449288965368255,0.7445683737137582,0.7448845056573978,136440000,1
1295568060000,1295568119000,0.7448734087641805,0.7448845056573978,0.7448290244974266,0.7448290244974266,52570000,1
1295568120000,1295568179000,0.7448290244974266,0.7450787548243849,0.7447735516016356,0.7449843925769756,65630000,1
1295568180000,1295568239000,0.7449843925769756,0.7453508739238996,0.7449455444806985,0.7453175425389987,101490000,1
1295568240000,1295568299000,0.7453342078588039,0.7455175755768442,0.7452842141350604,0.7454675572519084,114790000,1
1295568300000,1295568359000,0.7454620000745462,0.7455453664355476,0.7453897643077565,0.7454008765914308,137740000,1
1295568360000,1295568419000,0.7454008765914308,0.7455953952028392,0.7453619850480385,0.7453619850480385,138130000,1
1295568420000,1295568479000,0.7453619850480385,0.7455120176537245,0.7453508739238996,0.7454786718551982,153200000,1
1295568480000,1295568539000,0.7454786718551982,0.7454842292811296,0.745450885968378,0.745450885968378,23810000,1
1295568540000,1295568599000,0.7454842292811296,0.7455953952028392,0.7453953204081785,0.7454453290395683,114510000,1
1295568600000,1295568659000,0.7454786718551982,0.7455787182010677,0.7454119892064344,0.7455009020560914,115430000,1
1295568660000,1295568719000,0.7455009020560914,0.7455009020560914,0.7452731053294479,0.7453064327398209,159200000,1
1295568720000,1295568779000,0.7453008779644342,0.7453564294445604,0.7453008779644342,0.7453564294445604,27100000,1
1295568780000,1295568839000,0.7453564294445604,0.7454675572519084,0.7452897686620558,0.7453397631310233,55360000,1
1295568840000,1295568899000,0.7453397631310233,0.7454175456381893,0.7453397631310233,0.7453619850480385,141420000,1
1295568900000,1295568959000,0.7453619850480385,0.745528691671699,0.7452897686620558,0.7454008765914308,132420000,1
1295568960000,1295569019000,0.7454008765914308,0.7455064598134743,0.7453953204081785,0.7455064598134743,118550000,1
1295569020000,1295569079000,0.7455064598134743,0.7456231918637598,0.7454286587502144,0.7456176323657702,147270000,1
1295569080000,1295569139000,0.7456120729506852,0.7456120729506852,0.7454064328575155,0.7454731145121252,112170000,1
1295569140000,1295569199000,0.7454675572519084,0.7455231335828351,0.7453453184860546,0.7454564429800367,93460000,1
1295569200000,1295569259000,0.7454564429800367,0.7454731145121252,0.7454119892064344,0.7454175456381893,27000000,1
1295569260000,1295569319000,0.7454064328575155,0.7454175456381893,0.7453564294445604,0.7454119892064344,47670000,1
1295569320000,1295569379000,0.7454119892064344,0.7454119892064344,0.7452897686620558,0.7452897686620558,24750000,1
1295569380000,1295569439000,0.7452897686620558,0.7453119875980085,0.7451509303209366,0.7451509303209366,76910000,1
1295569440000,1295569499000,0.7451564828614009,0.745167588190584,0.7449566435233469,0.7451287209865505,120160000,1
1295569500000,1295569559000,0.7450954094671823,0.7452619968549944,0.7450954094671823,0.7452619968549944,66030000,1
1295569560000,1295569619000,0.7452731053294479,0.7452953232718464,0.745217566268472,0.745234227117583,29640000,1
1295569620000,1295569679000,0.7452564427419475,0.7453119875980085,0.745234227117583,0.7452397808995044,65260000,1
1295569680000,1295569739000,0.7452231198020688,0.7452675510508272,0.7450954094671823,0.7451398254882529,75320000,1
1295569740000,1295569799000,0.7451287209865505,0.7451620354846161,0.7451009611802398,0.7451620354846161,28880000,1
1295569800000,1295569859000,0.7451620354846161,0.7454286587502144,0.7451398254882529,0.7454064328575155,105770000,1
1295569860000,1295569919000,0.7453842082901632,0.7454175456381893,0.7453397631310233,0.7453786523553966,75400000,1
1295569920000,1295569979000,0.7453897643077565,0.7454397721936056,0.7453564294445604,0.7453619850480385,39160000,1
1295569980000,1295570039000,0.7453564294445604,0.7453564294445604,0.7450676521428146,0.7451065129760299,117640000,1
1295570040000,1295570099000,0.7451120648545542,0.7452453347642044,0.744939995083396,0.7451842468050226,139750000,1
1295570100000,1295570159000,0.7451953529617789,0.7453175425389987,0.7451953529617789,0.7452397808995044,65250000,1
1295570160000,1295570219000,0.7452397808995044,0.7452397808995044,0.7447291792339715,0.7448845056573978,179830000,1
1295570220000,1295570279000,0.7448734087641805,0.7449233473875538,0.7444464296349235,0.7444907683144729,180520000,1
1295570280000,1295570339000,0.7444907683144729,0.744801287016624,0.744451971681047,0.7447735516016356,135860000,1
1295570340000,1295570399000,0.7447957397683685,0.7448401200682273,0.7447014491890201,0.7447957397683685,76500000,1
1295570400000,1295570459000,0.7447957397683685,0.7449011516171804,0.7447014491890201,0.7448845056573978,117000000,1
1295570460000,1295570519000,0.74487895716946,0.7449843925769756,0.7448512159696101,0.744939995083396,52500000,1
1295570520000,1295570579000,0.744939995083396,0.744939995083396,0.7446071824808823,0.7447069950328044,133240000,1
1295570580000,1295570639000,0.7447069950328044,0.744890054227996,0.7446737212090523,0.744890054227996,51530000,1
1295570640000,1295570699000,0.744890054227996,0.744890054227996,0.7446848121532561,0.7447125409591897,57000000,1
1295570700000,1295570759000,0.7447125409591897,0.7447680047665153,0.7446071824808823,0.7446903577492479,66460000,1
1295570760000,1295570819000,0.7446903577492479,0.7446903577492479,0.7444464296349235,0.7446459952938373,147840000,1
1295570820000,1295570879000,0.7446515403117111,0.7448456679775951,0.7445960938488917,0.7448456679775951,75020000,1
1295570880000,1295570939000,0.7448401200682273,0.7448678604415577,0.7446016381236039,0.7446238160481325,101260000,1
1295570940000,1295570999000,0.7446238160481325,0.7446792666398583,0.7445683737137582,0.7445739175756673,62250000,1
1295571000000,1295571059000,0.7445739175756673,0.7446404503585444,0.7445184826713322,0.7445683737137582,63390000,1
1295571060000,1295571119000,0.7445683737137582,0.7445794615201334,0.7445073966809861,0.7445739175756673,115900000,1
1295571120000,1295571179000,0.7445739175756673,0.7446626305952089,0.744501853809616,0.7446238160481325,86660000,1
1295571180000,1295571239000,0.7446238160481325,0.7446459952938373,0.7445794615201334,0.7446182714431446,81220000,1
1295571240000,1295571299000,0.7446238160481325,0.7448123817610345,0.7445295689918325,0.7445351122758949,116920000,1
1295571300000,1295571359000,0.7445850055471583,0.7449510939606815,0.7445850055471583,0.7448956028812561,179900000,1
1295571360000,1295571419000,0.7448956028812561,0.7450621009261121,0.7448512159696101,0.7450621009261121,50660000,1
1295571420000,1295571479000,0.7450621009261121,0.745167588190584,0.7448734087641805,0.7448734087641805,79150000,1
1295571480000,1295571539000,0.7448734087641805,0.7449788426008701,0.7448623122015895,0.7449510939606815,81450000,1
1295571540000,1295571599000,0.7449677428967325,0.7449788426008701,0.7448623122015895,0.7449344457687723,75860000,1
1295571600000,1295571659000,0.7449344457687723,0.7450398968864783,0.7447680047665153,0.744784645519748,71730000,1
1295571660000,1295571719000,0.744784645519748,0.7448845056573978,0.7447735516016356,0.7447790985193791,52130000,1
1295571720000,1295571779000,0.7447790985193791,0.7449677428967325,0.7447790985193791,0.7448512159696101,58500000,1
1295571780000,1295571839000,0.7448123817610345,0.7448123817610345,0.7447347254907802,0.7448123817610345,60760000,1
1295571840000,1295571899000,0.7448123817610345,0.7448567640442743,0.7446127269207284,0.7448068343475119,74580000,1
1295571900000,1295571959000,0.7447957397683685,0.7448068343475119,0.7446515403117111,0.7447901926027438,75540000,1
1295571960000,1295572019000,0.7447901926027438,0.7448956028812561,0.7447569113441374,0.7448678604415577,41550000,1
1295572020000,1295572079000,0.7448678604415577,0.7449510939606815,0.7447347254907802,0.7448456679775951,62040000,1
1295572080000,1295572139000,0.7448623122015895,0.744912249337028,0.7447735516016356,0.744801287016624,50270000,1
1295572140000,1295572199000,0.7447735516016356,0.7449566435233469,0.744562829934404,0.7448512159696101,119960000,1
1295572200000,1295572259000,0.7447790985193791,0.7447957397683685,0.7447236330597715,0.7447236330597715,47640000,1
1295572260000,1295572319000,0.7447790985193791,0.7447790985193791,0.7446515403117111,0.7446626305952089,74670000,1
1295572320000,1295572379000,0.7446570854121677,0.7447790985193791,0.7446570854121677,0.7446959034278353,36760000,1
1295572380000,1295572439000,0.7447291792339715,0.7447901926027438,0.7446459952938373,0.7447901926027438,39750000,1
1295572440000,1295572499000,0.7447735516016356,0.7450065933083507,0.7447735516016356,0.7449899426357743,90480000,1
1295572500000,1295572559000,0.7450398968864783,0.7451953529617789,0.7450287953629408,0.7450565497921292,74270000,1
1295572560000,1295572619000,0.7450732034422383,0.7451176168158143,0.7449843925769756,0.7449899426357743,103910000,1
1295572620000,1295572679000,0.7449899426357743,0.7450954094671823,0.7449233473875538,0.7450954094671823,70140000,1
1295572680000,1295572739000,0.7450954094671823,0.7451398254882529,0.7449954927772687,0.7450732034422383,64370000,1
1295572740000,1295572799000,0.7450732034422383,0.7450843062892566,0.7450398968864783,0.7450454477723141,29560000,1
1295572800000,1295572859000,0.7450954094671823,0.7450954094671823,0.7449732927074564,0.7449843925769756,39380000,1
1295572860000,1295572919000,0.7449843925769756,0.7451953529617789,0.7449788426008701,0.7451176168158143,101430000,1
1295572920000,1295572979000,0.7451120648545542,0.7451953529617789,0.7451120648545542,0.7451897998420198,57800000,1
1295572980000,1295573039000,0.7451897998420198,0.7452120128176466,0.7451564828614009,0.7452120128176466,31810000,1
1295573040000,1295573099000,0.7451786938507854,0.7452564427419475,0.7450954094671823,0.7451009611802398,59260000,1
1295573100000,1295573159000,0.7450954094671823,0.7451231688598126,0.7449455444806985,0.7449621931686967,52950000,1
1295573160000,1295573219000,0.7449566435233469,0.7450343460833545,0.7449455444806985,0.7450343460833545,66000000,1
1295573220000,1295573279000,0.7450343460833545,0.7450398968864783,0.7448845056573978,0.7449288965368255,96000000,1
1295573280000,1295573339000,0.7449288965368255,0.7450232447252354,0.744751364756876,0.744751364756876,86250000,1
1295573340000,1295573399000,0.7447347254907802,0.7447458182522305,0.7445905496567436,0.7446349055058304,80270000,1
1295573400000,1295573459000,0.7446182714431446,0.7446349055058304,0.7443688496523797,0.7445683737137582,91590000,1
1295573460000,1295573519000,0.7445683737137582,0.7445850055471583,0.744562829934404,0.7445683737137582,33010000,1
1295573520000,1295573579000,0.7445683737137582,0.7446182714431446,0.744451971681047,0.744451971681047,67130000,1
1295573580000,1295573639000,0.744463056020845,0.744512939634891,0.7443522274740407,0.7444353457902182,81040000,1
1295573640000,1295573699000,0.7444353457902182,0.7445351122758949,0.7443522274740407,0.744512939634891,129010000,1
1295573700000,1295573759000,0.7444907683144729,0.7445351122758949,0.7442691277165824,0.7443466869128965,62100000,1
1295573760000,1295573819000,0.7443466869128965,0.7444575138096869,0.7443356060380504,0.7444575138096869,99770000,1
1295573820000,1295573879000,0.7445073966809861,0.7445073966809861,0.7443910137116825,0.7444131790909226,44250000,1
1295573880000,1295573939000,0.7444131790909226,0.7445794615201334,0.7443910137116825,0.744562829934404,70510000,1
1295573940000,1295573999000,0.7445739175756673,0.7448290244974266,0.7445461990916536,0.7447458182522305,101640000,1
1295574000000,1295574059000,0.7447458182522305,0.7447458182522305,0.7446404503585444,0.7446404503585444,37130000,1
1295574060000,1295574119000,0.7445739175756673,0.7446293607356937,0.7445683737137582,0.7445960938488917,38630000,1
1295574120000,1295574179000,0.7445960938488917,0.7447680047665153,0.7445850055471583,0.7447125409591897,80640000,1
1295574180000,1295574239000,0.7447014491890201,0.7448512159696101,0.7446903577492479,0.7448512159696101,30750000,1
1295574240000,1295574299000,0.7448123817610345,0.7448623122015895,0.7447069950328044,0.7447125409591897,122270000,1
1295574300000,1295574359000,0.7447125409591897,0.7447957397683685,0.7446071824808823,0.7446238160481325,69750000,1
1295574360000,1295574419000,0.7445960938488917,0.7447402718301992,0.7445960938488917,0.7447180869681782,51770000,1
1295574420000,1295574479000,0.7447180869681782,0.744912249337028,0.7446515403117111,0.7447291792339715,112550000,1
1295574480000,1295574539000,0.7447291792339715,0.7448678604415577,0.7446959034278353,0.7448678604415577,55530000,1
1295574540000,1295574599000,0.7448678604415577,0.7448678604415577,0.7447569113441374,0.7447957397683685,44250000,1
1295574600000,1295574659000,0.7448123817610345,0.7448734087641805,0.7448123817610345,0.7448512159696101,35250000,1
1295574660000,1295574719000,0.7448512159696101,0.7449732927074564,0.7448456679775951,0.7449067004357705,65630000,1
1295574720000,1295574779000,0.7448623122015895,0.7449732927074564,0.744817929257193,0.7449288965368255,115130000,1
1295574780000,1295574839000,0.7448845056573978,0.7449233473875538,0.7447236330597715,0.7449067004357705,88430000,1
1295574840000,1295574899000,0.7449233473875538,0.7449455444806985,0.7446903577492479,0.7447014491890201,106890000,1
1295574900000,1295574959000,0.744751364756876,0.744751364756876,0.7446293607356937,0.7447347254907802,95430000,1
1295574960000,1295575019000,0.7447347254907802,0.7449067004357705,0.7446959034278353,0.7448068343475119,89650000,1
1295575020000,1295575079000,0.7447957397683685,0.744890054227996,0.7447957397683685,0.7448734087641805,36020000,1
1295575080000,1295575139000,0.7448734087641805,0.7448734087641805,0.7447014491890201,0.7447458182522305,37050000,1
1295575140000,1295575199000,0.7447458182522305,0.7447458182522305,0.7446681758608363,0.7446681758608363,33750000,1
1295575200000,1295575259000,0.7446681758608363,0.744817929257193,0.7446681758608363,0.744801287016624,52370000,1
1295575260000,1295575319000,0.744801287016624,0.7449067004357705,0.7447624580140164,0.7449067004357705,17780000,1
1295575320000,1295575379000,0.744890054227996,0.7449677428967325,0.744817929257193,0.744817929257193,64150000,1
1295575380000,1295575439000,0.7447957397683685,0.744912249337028,0.7447957397683685,0.7449067004357705,43500000,1
1295575440000,1295575499000,0.7449455444806985,0.7450065933083507,0.7448123817610345,0.7450065933083507,72530000,1
1295575500000,1295575559000,0.7450065933083507,0.7451953529617789,0.7450065933083507,0.7450621009261121,91880000,1
1295575560000,1295575619000,0.7450621009261121,0.7451620354846161,0.7450621009261121,0.7451564828614009,84460000,1
1295575620000,1295575679000,0.7451842468050226,0.7452564427419475,0.7449954927772687,0.7449954927772687,85130000,1
1295575680000,1295575739000,0.7450176941702366,0.7451731409793065,0.7450176941702366,0.7450287953629408,94960000,1
1295575740000,1295575799000,0.7450287953629408,0.7450454477723141,0.7449233473875538,0.7450343460833545,73290000,1
1295575800000,1295575859000,0.7450343460833545,0.7450787548243849,0.7449621931686967,0.7449621931686967,60770000,1
1295575860000,1295575919000,0.7449455444806985,0.7449621931686967,0.7448290244974266,0.7448678604415577,65670000,1
1295575920000,1295575979000,0.7448678604415577,0.7449788426008701,0.7448623122015895,0.7449011516171804,85880000,1
1295575980000,1295576039000,0.7449011516171804,0.7449899426357743,0.744890054227996,0.7449067004357705,70170000,1
1295576040000,1295576099000,0.7449067004357705,0.7449067004357705,0.7447402718301992,0.7447735516016356,58510000,1
1295576100000,1295576159000,0.7447735516016356,0.7448956028812561,0.7447735516016356,0.74487895716946,55900000,1
1295576160000,1295576219000,0.7448567640442743,0.7448956028812561,0.7448123817610345,0.7448567640442743,47270000,1
1295576220000,1295576279000,0.7448567640442743,0.7448567640442743,0.744451971681047,0.744451971681047,73900000,1
1295576280000,1295576339000,0.744451971681047,0.7446127269207284,0.744451971681047,0.7445295689918325,106990000,1
1295576340000,1295576399000,0.7445073966809861,0.7445905496567436,0.7444685983145231,0.7445295689918325,69400000,1
1295576400000,1295576459000,0.7445295689918325,0.7445295689918325,0.7443023653929173,0.7444131790909226,107000000,1
1295576460000,1295576519000,0.7444131790909226,0.7445351122758949,0.7443411464342338,0.7443910137116825,83880000,1
1295576520000,1295576579000,0.7443910137116825,0.7445351122758949,0.7443411464342338,0.7444131790909226,85740000,1
1295576580000,1295576639000,0.7444131790909226,0.7445240257903123,0.7443411464342338,0.7444741406907232,83790000,1
1295576640000,1295576699000,0.7445240257903123,0.7445351122758949,0.7444353457902182,0.7444353457902182,30600000,1
1295576700000,1295576759000,0.7444353457902182,0.7444685983145231,0.7443577681176681,0.7443854725731173,44930000,1
1295576760000,1295576819000,0.7443633088437805,0.7443854725731173,0.7443300657243448,0.7443854725731173,40880000,1
1295576820000,1295576879000,0.7443910137116825,0.7444408876713144,0.7443189853443591,0.7443411464342338,47420000,1
1295576880000,1295576939000,0.7443300657243448,0.7443854725731173,0.744235893008648,0.7443300657243448,88520000,1
1295576940000,1295576999000,0.7443134452780755,0.7443300657243448,0.7442580491508015,0.7442635883924651,45680000,1
1295577000000,1295577059000,0.7442635883924651,0.7442857461836748,0.7442580491508015,0.7442580491508015,28130000,1
1295577060000,1295577119000,0.7442580491508015,0.7442580491508015,0.744213738185607,0.7442192767677068,23630000,1
1295577120000,1295577179000,0.7442525099915899,0.7442525099915899,0.7442525099915899,0.7442525099915899,13500000,1
1295577180000,1295577239000,0.7442525099915899,0.7442525099915899,0.7441915846815604,0.7442414319205151,73430000,1
1295577240000,1295577299000,0.7442414319205151,0.7442580491508015,0.7441306693455371,0.7441638946561591,60150000,1
1295577300000,1295577359000,0.7441805084241233,0.7441805084241233,0.7439092430723452,0.7439645872856452,112050000,1
1295577360000,1295577419000,0.7439645872856452,0.7440974470016594,0.7438981752177761,0.7438981752177761,71580000,1
1295577420000,1295577479000,0.7439147771231327,0.7439922624804701,0.743859440320157,0.743859440320157,114020000,1
1295577480000,1295577539000,0.7438483739474545,0.7439535177842088,0.7438151768048675,0.7438926414139911,89280000,1
1295577540000,1295577599000,0.7438926414139911,0.7440088685857135,0.7438539070926471,0.7440033331349325,64360000,1
1295577600000,1295577659000,0.7440033331349325,0.7440365470751923,0.7438981752177761,0.7439203112562582,115890000,1
1295577660000,1295577719000,0.7439203112562582,0.7439701221598941,0.7438981752177761,0.7438981752177761,79230000,1
1295577720000,1295577779000,0.7438981752177761,0.7440144041188638,0.7438981752177761,0.7439424486121754,54630000,1
1295577780000,1295577839000,0.7439313797695302,0.7441306693455371,0.7439313797695302,0.7440808369421255,50660000,1
1295577840000,1295577899000,0.7440808369421255,0.7441417441194198,0.7439867272767854,0.7441306693455371,72490000,1
1295577900000,1295577959000,0.7440808369421255,0.7440919102327519,0.7439977977665186,0.7440697639810708,45130000,1
1295577960000,1295578019000,0.7440697639810708,0.7441638946561591,0.7440531551574044,0.7440531551574044,40970000,1
1295578020000,1295578079000,0.7440254754322788,0.7440254754322788,0.7439701221598941,0.7440254754322788,47990000,1
1295578080000,1295578139000,0.7440033331349325,0.7440697639810708,0.7439092430723452,0.7440697639810708,68860000,1
1295578140000,1295578199000,0.7440697639810708,0.7440697639810708,0.7440033331349325,0.7440365470751923,38830000,1
1295578200000,1295578259000,0.7440365470751923,0.7441417441194198,0.7440144041188638,0.7441417441194198,28570000,1
1295578260000,1295578319000,0.7441417441194198,0.7441638946561591,0.7441417441194198,0.7441638946561591,10230000,1
1295578320000,1295578379000,0.7441638946561591,0.7443079052942622,0.7441638946561591,0.7442469709148284,61340000,1
1295578380000,1295578439000,0.7442469709148284,0.7442691277165824,0.7442469709148284,0.7442469709148284,6000000,1
1295578440000,1295578499000,0.7442469709148284,0.7443300657243448,0.744213738185607,0.744274667123155,41580000,1
1295578500000,1295578559000,0.7443079052942622,0.7443079052942622,0.7441694324963908,0.7441915846815604,30100000,1
1295578560000,1295578619000,0.7441915846815604,0.7441915846815604,0.7440310112125473,0.7440642276241285,39920000,1
1295578620000,1295578679000,0.7440642276241285,0.7440863735462412,0.7439203112562582,0.7439203112562582,45170000,1
1295578680000,1295578739000,0.7439535177842088,0.7440974470016594,0.7439535177842088,0.7440420830202157,80630000,1
1295578740000,1295578799000,0.7440420830202157,0.7440420830202157,0.7438041117491297,0.7438096442358472,86570000,1
1295578800000,1295578859000,0.7438096442358472,0.7438317750057647,0.743621585847394,0.743682417860277,85500000,1
1295578860000,1295578919000,0.7437045410599278,0.7438207094561926,0.7433783572825061,0.7434833682770516,130340000,1
1295578920000,1295578979000,0.7434833682770516,0.7436437054278554,0.7434446765643935,0.7435165358077565,96790000,1
1295578980000,1295579039000,0.7435773506338996,0.7435773506338996,0.7433673052191819,0.7433673052191819,67510000,1
1295579040000,1295579099000,0.7433673052191819,0.7433894096744698,0.7432623270056934,0.7433673052191819,126950000,1
1295579100000,1295579159000,0.7433507277403625,0.7433894096744698,0.7430469382750908,0.7432623270056934,162530000,1
1295579160000,1295579219000,0.7432678514356219,0.743439149505613,0.7432512783921988,0.743361779310755,89640000,1
1295579220000,1295579279000,0.7434059888786465,0.743627115619144,0.7434059888786465,0.7435331206828608,97160000,1
1295579280000,1295579339000,0.7435331206828608,0.7435386491389823,0.7433452020783932,0.7433452020783932,84390000,1
1295579340000,1295579399000,0.7433231002519866,0.7433231002519866,0.7430690236816099,0.7432126108315806,141920000,1
1295579400000,1295579459000,0.7431960402514975,0.7432568026578864,0.7431187206468105,0.7432568026578864,117930000,1
1295579460000,1295579519000,0.7431960402514975,0.7432402301071752,0.7430855885980948,0.7431573784380319,76630000,1
1295579520000,1295579579000,0.7431573784380319,0.7434225688223444,0.7431573784380319,0.7433838834374071,104300000,1
1295579580000,1295579639000,0.7433838834374071,0.7434944237918216,0.7433562534844824,0.7434944237918216,94800000,1
1295579640000,1295579699000,0.7434667856213524,0.7435275923089506,0.7433894096744698,0.7434944237918216,88060000,1
1295579700000,1295579759000,0.7434944237918216,0.7435165358077565,0.7432347060878355,0.743245754208629,104400000,1
1295579760000,1295579819000,0.743245754208629,0.7433783572825061,0.743245754208629,0.7433783572825061,95790000,1
1295579820000,1295579879000,0.7433894096744698,0.7434059888786465,0.7433286255853713,0.7434004623950876,43280000,1
1295579880000,1295579939000,0.7434059888786465,0.7434502037053557,0.7432568026578864,0.7432789005418503,73980000,1
1295579940000,1295579999000,0.7433286255853713,0.7433894096744698,0.7432678514356219,0.7432789005418503,70970000,1
1295580000000,1295580059000,0.7432789005418503,0.7433562534844824,0.7432236582954909,0.7432733759476736,87460000,1
1295580060000,1295580119000,0.7432733759476736,0.7432733759476736,0.7431573784380319,0.7432126108315806,86240000,1
1295580120000,1295580179000,0.7432236582954909,0.7433175750007432,0.7432181345224824,0.7432789005418503,81470000,1
1295580180000,1295580239000,0.7432789005418503,0.7433562534844824,0.7432789005418503,0.7433562534844824,65190000,1
1295580240000,1295580299000,0.7433396764985728,0.7434059888786465,0.7431960402514975,0.7433507277403625,112580000,1
1295580300000,1295580359000,0.743361779310755,0.7435165358077565,0.7433286255853713,0.7434336225290125,81230000,1
1295580360000,1295580419000,0.7434557309285019,0.7434557309285019,0.7432789005418503,0.7433065247446742,90560000,1
1295580420000,1295580479000,0.7433065247446742,0.7434115154443742,0.7433065247446742,0.7433728312097649,81030000,1
1295580480000,1295580539000,0.7433838834374071,0.7434999516725032,0.7433286255853713,0.7434999516725032,54240000,1
1295580540000,1295580599000,0.7434999516725032,0.7435386491389823,0.7434778406429596,0.7435275923089506,14700000,1
1295580600000,1295580659000,0.7435331206828608,0.7435939382222156,0.7435331206828608,0.7435607637856165,54380000,1
1295580660000,1295580719000,0.743549706297866,0.7436105265506139,0.7435110076804687,0.7436105265506139,33900000,1
1295580720000,1295580779000,0.743621585847394,0.743621585847394,0.7435054796353848,0.7435054796353848,33000000,1
1295580780000,1295580839000,0.7435110076804687,0.7435939382222156,0.7435054796353848,0.7435773506338996,55130000,1
1295580840000,1295580899000,0.7435662926528215,0.7435662926528215,0.7434336225290125,0.7434723130910604,24380000,1
1295580900000,1295580959000,0.7434446765643935,0.7435054796353848,0.7434336225290125,0.7434888959933383,40280000,1
1295580960000,1295581019000,0.7434944237918216,0.7435828797477767,0.7434667856213524,0.7434999516725032,35710000,1
1295581020000,1295581079000,0.7434778406429596,0.743555235000632,0.7434667856213524,0.743549706297866,22210000,1
1295581080000,1295581139000,0.7435607637856165,0.7435884089438815,0.743549706297866,0.7435718216022486,31140000,1
1295581140000,1295581199000,0.7435884089438815,0.743654765711566,0.7435607637856165,0.743649235528586,37130000,1
1295581200000,1295581259000,0.743654765711566,0.7437764505500227,0.743654765711566,0.7437543230720028,41670000,1
1295581260000,1295581319000,0.7437543230720028,0.7439037091038936,0.7437543230720028,0.7438649736299867,53280000,1
1295581320000,1295581379000,0.7438815740534107,0.7439313797695302,0.7437875147827768,0.7437875147827768,56630000,1
1295581380000,1295581439000,0.7438041117491297,0.7438262421898244,0.7435884089438815,0.7436381754093728,82740000,1
1295581440000,1295581499000,0.7436381754093728,0.7436713567540232,0.7436326454731363,0.7436437054278554,33040000,1
1295581500000,1295581559000,0.7436381754093728,0.7437377283274826,0.7434557309285019,0.7434557309285019,81420000,1
1295581560000,1295581619000,0.7434723130910604,0.7434944237918216,0.7432733759476736,0.7433231002519866,140520000,1
1295581620000,1295581679000,0.7433341510008994,0.7434502037053557,0.7433341510008994,0.7434004623950876,42170000,1
1295581680000,1295581739000,0.7434170420922729,0.7434336225290125,0.7433396764985728,0.7433562534844824,56340000,1
1295581740000,1295581799000,0.7433562534844824,0.7433894096744698,0.7433231002519866,0.7433728312097649,53260000,1
1295581800000,1295581859000,0.7433783572825061,0.7434888959933383,0.7433783572825061,0.7434336225290125,48390000,1
1295581860000,1295581919000,0.7433894096744698,0.7434059888786465,0.7433231002519866,0.7433341510008994,31810000,1
1295581920000,1295581979000,0.7433396764985728,0.7433728312097649,0.7432733759476736,0.7432733759476736,31130000,1
1295581980000,1295582039000,0.7432733759476736,0.7433231002519866,0.7432623270056934,0.7432733759476736,46320000,1
1295582040000,1295582099000,0.7432678514356219,0.7433341510008994,0.7432678514356219,0.7432678514356219,59500000,1
1295582100000,1295582159000,0.7432789005418503,0.743439149505613,0.7432789005418503,0.7434336225290125,27530000,1
1295582160000,1295582219000,0.7434059888786465,0.7434059888786465,0.7433009997398446,0.7433783572825061,55810000,1
1295582220000,1295582279000,0.7433783572825061,0.7435054796353848,0.7432733759476736,0.7433065247446742,88200000,1
1295582280000,1295582339000,0.7433231002519866,0.7433286255853713,0.7431905168890045,0.7432512783921988,80100000,1
1295582340000,1295582399000,0.7432623270056934,0.7433894096744698,0.743184993608609,0.7433452020783932,101400000,1
1295582400000,1295582459000,0.7433341510008994,0.7433894096744698,0.7432789005418503,0.7433175750007432,78450000,1
1295582460000,1295582519000,0.7433175750007432,0.7433396764985728,0.7432899499765864,0.7433175750007432,28500000,1
1295582520000,1295582579000,0.7433286255853713,0.7433286255853713,0.743184993608609,0.7432512783921988,42230000,1
1295582580000,1295582639000,0.7432512783921988,0.7432954748171494,0.74316842425999,0.7432402301071752,78900000,1
1295582640000,1295582699000,0.7432402301071752,0.7433452020783932,0.7432070872227837,0.7432954748171494,65710000,1
1295582700000,1295582759000,0.7433120498316399,0.7434336225290125,0.7432954748171494,0.7434115154443742,61950000,1
1295582760000,1295582819000,0.7434336225290125,0.7434888959933383,0.7433396764985728,0.7433562534844824,58500000,1
1295582820000,1295582879000,0.7433341510008994,0.7433838834374071,0.7432899499765864,0.7433009997398446,43880000,1
1295582880000,1295582939000,0.7433120498316399,0.743361779310755,0.7433120498316399,0.7433452020783932,18750000,1
1295582940000,1295582999000,0.7433673052191819,0.7433673052191819,0.7432347060878355,0.7432347060878355,50250000,1
1295583000000,1295583059000,0.7432181345224824,0.7432678514356219,0.7432181345224824,0.7432347060878355,48900000,1
1295583060000,1295583119000,0.7432347060878355,0.7432899499765864,0.7432181345224824,0.743229182150608,45750000,1
1295583120000,1295583179000,0.7432236582954909,0.7432236582954909,0.743184993608609,0.74320156369609,47460000,1
1295583180000,1295583239000,0.74320156369609,0.74320156369609,0.7429862101759391,0.7430524595036408,62260000,1
1295583240000,1295583299000,0.7430524595036408,0.7430690236816099,0.7429972509101715,0.743019333363054,67810000,1
1295583300000,1295583359000,0.743019333363054,0.7431739472941037,0.7429641296918185,0.74314633294442,75990000,1
1295583360000,1295583419000,0.7431573784380319,0.7432568026578864,0.7430966322860625,0.7431187206468105,54760000,1
1295583420000,1295583479000,0.7431352877791402,0.7431518556501835,0.7431021542531452,0.74314633294442,30750000,1
1295583480000,1295583539000,0.74316842425999,0.74320156369609,0.7431629013079668,0.74316842425999,29250000,1
1295583540000,1295583599000,0.7431518556501835,0.7432568026578864,0.7431352877791402,0.7432512783921988,60380000,1
1295583600000,1295583659000,0.7432623270056934,0.7433894096744698,0.7432623270056934,0.7433894096744698,57010000,1
1295583660000,1295583719000,0.7433894096744698,0.7435110076804687,0.7433065247446742,0.7433065247446742,96770000,1
1295583720000,1295583779000,0.7433065247446742,0.7434115154443742,0.7432347060878355,0.7434115154443742,54390000,1
1295583780000,1295583839000,0.7434115154443742,0.7434115154443742,0.7433452020783932,0.7433452020783932,56640000,1
1295583840000,1295583899000,0.7433452020783932,0.7433894096744698,0.7433120498316399,0.7433452020783932,18980000,1
1295583900000,1295583959000,0.7433286255853713,0.7433286255853713,0.7432402301071752,0.7432568026578864,27000000,1
1295583960000,1295584019000,0.7432568026578864,0.7432733759476736,0.743184993608609,0.7432181345224824,21000000,1
1295584020000,1295584079000,0.7431960402514975,0.7432678514356219,0.7430138126267768,0.7430690236816099,82880000,1
1295584080000,1295584139000,0.7430690236816099,0.7431187206468105,0.7430414171285907,0.7430635022068987,28940000,1
1295584140000,1295584199000,0.7430635022068987,0.743245754208629,0.7430303750817334,0.7430303750817334,65310000,1
1295584200000,1295584259000,0.7430469382750908,0.74312976531962,0.7430469382750908,0.7430966322860625,56540000,1
1295584260000,1295584319000,0.7431076763022962,0.7431076763022962,0.7430745452383782,0.7430966322860625,18000000,1
1295584320000,1295584379000,0.7430745452383782,0.7431187206468105,0.7430745452383782,0.7431187206468105,9000000,1
1295584380000,1295584439000,0.7431187206468105,0.7431187206468105,0.7430414171285907,0.7430469382750908,36000000,1
1295584440000,1295584499000,0.7430469382750908,0.7431352877791402,0.7430469382750908,0.7430524595036408,27000000,1
1295584500000,1295584559000,0.7430524595036408,0.7430690236816099,0.7429917305020396,0.7430469382750908,33000000,1
1295584560000,1295584619000,0.7430469382750908,0.7430911104010463,0.7429917305020396,0.7430524595036408,33530000,1
1295584620000,1295584679000,0.7430524595036408,0.7431629013079668,0.7430524595036408,0.7430690236816099,46500000,1
1295584680000,1295584739000,0.7430800668772061,0.7430800668772061,0.7430579808142429,0.7430579808142429,17260000,1
1295584740000,1295584799000,0.7430635022068987,0.7432181345224824,0.7430579808142429,0.74320156369609,50280000,1
1295584800000,1295584859000,0.74320156369609,0.7433231002519866,0.7431905168890045,0.7433231002519866,53750000,1
1295584860000,1295584919000,0.7433120498316399,0.7433120498316399,0.7432954748171494,0.7432954748171494,13130000,1
1295584920000,1295584979000,0.7432899499765864,0.7432899499765864,0.7432126108315806,0.743245754208629,13500000,1
1295584980000,1295585039000,0.7432568026578864,0.7433396764985728,0.7432126108315806,0.7432789005418503,67500000,1
1295585040000,1295585099000,0.7432402301071752,0.7432402301071752,0.7431960402514975,0.74320156369609,30750000,1
1295585100000,1295585159000,0.7432070872227837,0.7433120498316399,0.7431573784380319,0.7433065247446742,55120000,1
1295585160000,1295585219000,0.7433065247446742,0.7433673052191819,0.7432954748171494,0.7433175750007432,31370000,1
1295585220000,1295585279000,0.7433175750007432,0.7434170420922729,0.7432899499765864,0.7434170420922729,23640000,1
1295585280000,1295585339000,0.7434170420922729,0.7435220640172496,0.743361779310755,0.7433728312097649,56460000,1
1295585340000,1295585399000,0.7433783572825061,0.743439149505613,0.7433009997398446,0.7433175750007432,121000000,1
1295585400000,1295585459000,0.7433065247446742,0.7433231002519866,0.7432347060878355,0.7432899499765864,63000000,1
1295585460000,1295585519000,0.7432733759476736,0.7433783572825061,0.7432733759476736,0.7433507277403625,41820000,1
1295585520000,1295585579000,0.7433507277403625,0.7433728312097649,0.7433452020783932,0.7433452020783932,22500000,1
1295585580000,1295585639000,0.7433452020783932,0.7434059888786465,0.7432347060878355,0.7432347060878355,68970000,1
1295585640000,1295585699000,0.7432512783921988,0.7432623270056934,0.74314633294442,0.74314633294442,60040000,1
1295585700000,1295585759000,0.7431518556501835,0.7431518556501835,0.7430911104010463,0.7431408103207396,63510000,1
1295585760000,1295585819000,0.7431408103207396,0.74314633294442,0.7430745452383782,0.7431076763022962,35690000,1
1295585820000,1295585879000,0.7431076763022962,0.7431573784380319,0.7431076763022962,0.7431076763022962,24240000,1
1295585880000,1295585939000,0.7431187206468105,0.7431187206468105,0.7430303750817334,0.7430855885980948,94140000,1
1295585940000,1295585999000,0.7430855885980948,0.7430855885980948,0.7430414171285907,0.7430469382750908,16730000,1
1295586000000,1295586059000,0.7430469382750908,0.74314633294442,0.7430358960641388,0.74314633294442,59880000,1
1295586060000,1295586119000,0.74314633294442,0.7433009997398446,0.7430966322860625,0.7432236582954909,112730000,1
1295586120000,1295586179000,0.7432733759476736,0.7433231002519866,0.7432181345224824,0.7432954748171494,92660000,1
1295586180000,1295586239000,0.7433065247446742,0.7434502037053557,0.7432789005418503,0.7434170420922729,65710000,1
1295586240000,1295586299000,0.7434170420922729,0.7434944237918216,0.7433009997398446,0.7433009997398446,146260000,1
1295586300000,1295586359000,0.7433175750007432,0.7434280956345902,0.7432954748171494,0.743394935993696,82570000,1
1295586360000,1295586419000,0.743394935993696,0.7434336225290125,0.7433175750007432,0.7433728312097649,76750000,1
1295586420000,1295586479000,0.7433728312097649,0.7434004623950876,0.7433120498316399,0.7433120498316399,80100000,1
1295586480000,1295586539000,0.7433231002519866,0.7434502037053557,0.7433120498316399,0.7433341510008994,92070000,1
1295586540000,1295586599000,0.7433341510008994,0.743439149505613,0.7433341510008994,0.7433894096744698,34810000,1
1295586600000,1295586659000,0.7433009997398446,0.743394935993696,0.7433009997398446,0.7433728312097649,63200000,1
1295586660000,1295586719000,0.7433396764985728,0.7434612582338335,0.7433120498316399,0.743394935993696,69230000,1
1295586720000,1295586779000,0.7433894096744698,0.7434723130910604,0.7433231002519866,0.7433452020783932,86260000,1
1295586780000,1295586839000,0.7433452020783932,0.7433562534844824,0.7432678514356219,0.7432789005418503,34130000,1
1295586840000,1295586899000,0.743284425218154,0.7434280956345902,0.743284425218154,0.7434170420922729,60530000,1
1295586900000,1295586959000,0.7434004623950876,0.7434944237918216,0.7433673052191819,0.7434723130910604,90690000,1
1295586960000,1295587019000,0.7434612582338335,0.7435773506338996,0.743439149505613,0.7435165358077565,64020000,1
1295587020000,1295587079000,0.7435165358077565,0.7435331206828608,0.7434059888786465,0.7434557309285019,88430000,1
1295587080000,1295587139000,0.7434778406429596,0.743555235000632,0.7434115154443742,0.7434170420922729,53940000,1
1295587140000,1295587199000,0.7434115154443742,0.7434170420922729,0.7433009997398446,0.7433120498316399,52650000,1
1295587200000,1295587259000,0.7433286255853713,0.7434336225290125,0.7433286255853713,0.7434170420922729,88240000,1
1295587260000,1295587319000,0.7434170420922729,0.7434502037053557,0.7434115154443742,0.7434115154443742,28380000,1
1295587320000,1295587379000,0.7434115154443742,0.7434115154443742,0.7433507277403625,0.7434115154443742,108980000,1
1295587380000,1295587439000,0.7434059888786465,0.7434833682770516,0.7434059888786465,0.7434833682770516,33290000,1
1295587440000,1295587499000,0.7434833682770516,0.7435220640172496,0.7434170420922729,0.7434667856213524,56120000,1
1295587500000,1295587559000,0.7434280956345902,0.7435441776773166,0.743394935993696,0.7434170420922729,72940000,1
1295587560000,1295587619000,0.7434170420922729,0.7434446765643935,0.7434004623950876,0.7434336225290125,60410000,1
1295587620000,1295587679000,0.7434336225290125,0.7434612582338335,0.7433894096744698,0.7433894096744698,38670000,1
1295587680000,1295587739000,0.7433894096744698,0.7434502037053557,0.7433286255853713,0.7433286255853713,36750000,1
1295587740000,1295587799000,0.7433396764985728,0.7433562534844824,0.7433120498316399,0.7433562534844824,33710000,1
1295587800000,1295587859000,0.7433341510008994,0.7433507277403625,0.743284425218154,0.7433231002519866,49530000,1
1295587860000,1295587919000,0.7433175750007432,0.7433728312097649,0.7433175750007432,0.7433728312097649,38590000,1
1295587920000,1295587979000,0.7433783572825061,0.7434170420922729,0.743361779310755,0.7434059888786465,34670000,1
1295587980000,1295588039000,0.743361779310755,0.743361779310755,0.7432512783921988,0.7433009997398446,30530000,1
1295588040000,1295588099000,0.7432899499765864,0.7433065247446742,0.7431905168890045,0.7431905168890045,62220000,1
1295588100000,1295588159000,0.74320156369609,0.7432402301071752,0.7431794704103094,0.7431905168890045,78730000,1
1295588160000,1295588219000,0.7431905168890045,0.743245754208629,0.7431905168890045,0.7432070872227837,32800000,1
1295588220000,1295588279000,0.7432070872227837,0.7432070872227837,0.7431518556501835,0.7431794704103094,39290000,1
1295588280000,1295588339000,0.743184993608609,0.7431905168890045,0.7430745452383782,0.7431905168890045,67440000,1
1295588340000,1295588399000,0.7431573784380319,0.7432678514356219,0.7431131984335173,0.7432623270056934,69670000,1
1295588400000,1295588459000,0.7432623270056934,0.7433562534844824,0.7430966322860625,0.7431352877791402,105090000,1
1295588460000,1295588519000,0.7431408103207396,0.7433175750007432,0.743019333363054,0.7430303750817334,176030000,1
1295588520000,1295588579000,0.7430579808142429,0.743361779310755,0.7430579808142429,0.7432899499765864,165090000,1
1295588580000,1295588639000,0.7433120498316399,0.7433673052191819,0.74312976531962,0.7431573784380319,86250000,1
1295588640000,1295588699000,0.7431408103207396,0.7431408103207396,0.743019333363054,0.7430966322860625,104510000,1
1295588700000,1295588759000,0.7430966322860625,0.7431960402514975,0.7430690236816099,0.74316842425999,80150000,1
1295588760000,1295588819000,0.7431794704103094,0.743184993608609,0.7431131984335173,0.743184993608609,44980000,1
1295588820000,1295588879000,0.7431573784380319,0.7432070872227837,0.7431352877791402,0.7431629013079668,37510000,1
1295588880000,1295588939000,0.743184993608609,0.743184993608609,0.7430469382750908,0.7431739472941037,97500000,1
1295588940000,1295588999000,0.7431905168890045,0.7432568026578864,0.7429586097758494,0.7430911104010463,123400000,1
1295589000000,1295589059000,0.7430855885980948,0.7432568026578864,0.7430579808142429,0.74320156369609,126740000,1
1295589060000,1295589119000,0.743229182150608,0.7434612582338335,0.74320156369609,0.7433286255853713,100370000,1
1295589120000,1295589179000,0.7433286255853713,0.7434336225290125,0.7433175750007432,0.7433838834374071,49710000,1
1295589180000,1295589239000,0.7433452020783932,0.7433838834374071,0.7432899499765864,0.7433783572825061,40860000,1
1295589240000,1295589299000,0.7433673052191819,0.7433673052191819,0.7432568026578864,0.7432568026578864,36570000,1
1295589300000,1295589359000,0.7432568026578864,0.7433341510008994,0.7432347060878355,0.7433009997398446,75920000,1
1295589360000,1295589419000,0.743284425218154,0.743361779310755,0.7432181345224824,0.743361779310755,82090000,1
1295589420000,1295589479000,0.7433341510008994,0.7433673052191819,0.7432678514356219,0.7433231002519866,69570000,1
1295589480000,1295589539000,0.7433175750007432,0.7434833682770516,0.7433175750007432,0.7434059888786465,71710000,1
1295589540000,1295589599000,0.7434059888786465,0.7436768872660207,0.7434059888786465,0.7435884089438815,94420000,1
1295589600000,1295589659000,0.7435718216022486,0.743621585847394,0.743555235000632,0.74360499702558,47080000,1
1295589660000,1295589719000,0.74360499702558,0.74360499702558,0.7435441776773166,0.7435607637856165,40150000,1
1295589720000,1295589779000,0.743549706297866,0.743549706297866,0.743439149505613,0.7434778406429596,152250000,1
1295589780000,1295589839000,0.7434778406429596,0.743555235000632,0.7434225688223444,0.7434446765643935,55920000,1
1295589840000,1295589899000,0.7434446765643935,0.7434446765643935,0.7432954748171494,0.7433286255853713,125510000,1
1295589900000,1295589959000,0.7433286255853713,0.743394935993696,0.7433120498316399,0.7433396764985728,58620000,1
1295589960000,1295590019000,0.7433396764985728,0.7433396764985728,0.7430745452383782,0.7431629013079668,108900000,1
1295590020000,1295590079000,0.7431629013079668,0.7432126108315806,0.7430690236816099,0.7431187206468105,102120000,1
1295590080000,1295590139000,0.7431131984335173,0.7432070872227837,0.7430635022068987,0.7431408103207396,124170000,1
1295590140000,1295590199000,0.7431242429421775,0.7433009997398446,0.7431242429421775,0.7432954748171494,87360000,1
1295590200000,1295590259000,0.7433009997398446,0.7433009997398446,0.743229182150608,0.7432733759476736,33450000,1
1295590260000,1295590319000,0.7432678514356219,0.7432678514356219,0.7432678514356219,0.7432678514356219,36000000,1
1295590320000,1295590379000,0.7432678514356219,0.7432789005418503,0.7430248541813723,0.7430469382750908,135750000,1
1295590380000,1295590439000,0.7430303750817334,0.7430745452383782,0.7429586097758494,0.7430469382750908,71270000,1
1295590440000,1295590499000,0.7430469382750908,0.7430745452383782,0.7429420505200593,0.7430635022068987,132200000,1
1295590500000,1295590559000,0.7430635022068987,0.7431352877791402,0.7430579808142429,0.7431131984335173,82350000,1
1295590560000,1295590619000,0.7431131984335173,0.7433231002519866,0.7431021542531452,0.7432402301071752,47340000,1
1295590620000,1295590679000,0.7432070872227837,0.7432512783921988,0.7431794704103094,0.7431794704103094,70270000,1
1295590680000,1295590739000,0.7431629013079668,0.7432070872227837,0.7431408103207396,0.7431739472941037,58520000,1
1295590740000,1295590799000,0.7431629013079668,0.743229182150608,0.7431629013079668,0.7432181345224824,50250000,1
1295590800000,1295590859000,0.74320156369609,0.7432568026578864,0.74316842425999,0.74320156369609,45750000,1
1295590860000,1295590919000,0.7432070872227837,0.7432512783921988,0.743184993608609,0.743184993608609,53250000,1
1295590920000,1295590979000,0.7431960402514975,0.7432070872227837,0.7431518556501835,0.7431960402514975,48000000,1
1295590980000,1295591039000,0.7431960402514975,0.7432512783921988,0.7431573784380319,0.7431960402514975,41250000,1
1295591040000,1295591099000,0.743184993608609,0.743229182150608,0.74316842425999,0.7432070872227837,49130000,1
1295591100000,1295591159000,0.7432070872227837,0.7432347060878355,0.743184993608609,0.7432236582954909,32630000,1
1295591160000,1295591219000,0.7432126108315806,0.7432623270056934,0.74316842425999,0.74320156369609,78380000,1
1295591220000,1295591279000,0.74320156369609,0.74320156369609,0.7429862101759391,0.7429862101759391,46510000,1
1295591280000,1295591339000,0.7429862101759391,0.7429862101759391,0.7428096030425481,0.7428978961131583,111970000,1
1295591340000,1295591399000,0.7428978961131583,0.7429310114262789,0.7427764985515858,0.7428703022739259,129690000,1
1295591400000,1295591459000,0.7428703022739259,0.7429034151269993,0.742699266213125,0.742737880374637,75640000,1
1295591460000,1295591519000,0.742737880374637,0.7427820157618343,0.7427158146478412,0.7427433970112006,57360000,1
1295591520000,1295591579000,0.7427489137297137,0.7427709814232978,0.7426772027805835,0.7427158146478412,39380000,1
1295591580000,1295591639000,0.7426937502320918,0.7427433970112006,0.7424015204383139,0.7424235674937265,122970000,1
1295591640000,1295591699000,0.7424290794621844,0.7424786908615723,0.7421315502385953,0.7421756135936884,174220000,1
1295591700000,1295591759000,0.7421756135936884,0.7424786908615723,0.7420048972323218,0.7423960088790563,162450000,1
1295591760000,1295591819000,0.7423960088790563,0.7424511281544893,0.7422692655987886,0.7423243660549913,139870000,1
1295591820000,1295591879000,0.7423243660549913,0.7423684523102506,0.7422527370569678,0.7423078350591991,130180000,1
1295591880000,1295591939000,0.7422913047996555,0.7422913047996555,0.7422031558478187,0.7422362092512321,64600000,1
1295591940000,1295591999000,0.7422362092512321,0.7422527370569678,0.7420709716677303,0.7420929990946465,104580000,1
1295592000000,1295592059000,0.7420929990946465,0.7420929990946465,0.7417462189486489,0.7417462189486489,165260000,1
1295592060000,1295592119000,0.7417462189486489,0.7421370578718477,0.7417462189486489,0.7419773696902244,137320000,1
1295592120000,1295592179000,0.7419553491270895,0.7420819852177268,0.7419553491270895,0.7420048972323218,81700000,1
1295592180000,1295592239000,0.741999391560499,0.7422362092512321,0.7419718644269009,0.7422251911229868,79480000,1
1295592240000,1295592299000,0.7422362092512321,0.7425889621576665,0.7422362092512321,0.7424511281544893,91260000,1
1295592300000,1295592359000,0.7424511281544893,0.742467665533166,0.7424015204383139,0.7424125438023401,36000000,1
1295592360000,1295592419000,0.7424401036446384,0.7425007425007425,0.7423464085280755,0.7423904974016333,64350000,1
1295592420000,1295592479000,0.742384986006043,0.7424731781564391,0.7423629412419731,0.7424731781564391,63300000,1
1295592480000,1295592539000,0.7424731781564391,0.7425503634784029,0.7424456158586383,0.7425393360213257,86520000,1
1295592540000,1295592599000,0.7425393360213257,0.7426055056772191,0.7425172820897407,0.742555877329769,66940000,1
1295592600000,1295592659000,0.742555877329769,0.7425779335541265,0.7425227954498204,0.742555877329769,64500000,1
1295592660000,1295592719000,0.7425613912630227,0.7425613912630227,0.7424180556071123,0.7424566405321928,84140000,1
1295592720000,1295592779000,0.7424897165174262,0.7425613912630227,0.7424786908615723,0.7424786908615723,42870000,1
1295592780000,1295592839000,0.7424786908615723,0.742555877329769,0.7424786908615723,0.7425283088917766,23680000,1
1295592840000,1295592899000,0.742555877329769,0.7426827185158228,0.742555877329769,0.7426441100895629,34360000,1
1295592900000,1295592959000,0.742699266213125,0.742908934222843,0.742699266213125,0.7427985678843612,117280000,1
1295592960000,1295593019000,0.7428040854224699,0.7430082919725385,0.7427985678843612,0.7429806899318686,97130000,1
1295593020000,1295593079000,0.7429806899318686,0.7429917305020396,0.7428923771813177,0.7429917305020396,94500000,1
1295593080000,1295593139000,0.7429917305020396,0.7432181345224824,0.7429917305020396,0.7430358960641388,54760000,1
1295593140000,1295593199000,0.7430358960641388,0.74314633294442,0.7430248541813723,0.7430248541813723,56360000,1
1295593200000,1295593259000,0.743019333363054,0.7430414171285907,0.7427268473473511,0.7427709814232978,150120000,1
1295593260000,1295593319000,0.7427709814232978,0.7428923771813177,0.7427213309566251,0.7428151207445979,108980000,1
1295593320000,1295593379000,0.7428371923725477,0.7428647837520616,0.7425448497089224,0.7425613912630227,49500000,1
1295593380000,1295593439000,0.7425393360213257,0.7425613912630227,0.7424566405321928,0.7425117688115356,66720000,1
1295593440000,1295593499000,0.7425007425007425,0.7425007425007425,0.7422251911229868,0.7422307001462194,83800000,1
1295593500000,1295593559000,0.7422307001462194,0.7422802850356295,0.7418067445069211,0.7418067445069211,150240000,1
1295593560000,1295593619000,0.7418067445069211,0.7419773696902244,0.7415866989009685,0.7415866989009685,95010000,1
1295593620000,1295593679000,0.7415866989009685,0.7417517208639924,0.7414767250456008,0.7417077078264996,171520000,1
1295593680000,1295593739000,0.7416802023303593,0.7420048972323218,0.7416802023303593,0.7419608541453353,157030000,1
1295593740000,1295593799000,0.7419388345624787,0.7420654650153237,0.7418892952793584,0.741911311921773,166790000,1
1295593800000,1295593859000,0.7419278252611586,0.7419663592452719,0.7417572228609576,0.7418782874481612,150550000,1
1295593860000,1295593919000,0.7418782874481612,0.741911311921773,0.7415097137772505,0.7415976980807452,168860000,1
1295593920000,1295593979000,0.7416031977929889,0.7417792316650719,0.7415866989009685,0.7416361977795412,123690000,1
1295593980000,1295594039000,0.7416361977795412,0.7416692007031025,0.7414272474513439,0.7416251974577088,139570000,1
1295594040000,1295594099000,0.7416196974191634,0.7416196974191634,0.7412129208236358,0.7413612875962843,169290000,1
1295594100000,1295594159000,0.7413338077869703,0.7416361977795412,0.7413338077869703,0.7416361977795412,98480000,1
1295594160000,1295594219000,0.7416361977795412,0.7418562727657144,0.7416031977929889,0.7418122473202032,63530000,1
1295594220000,1295594279000,0.7418287562499073,0.7418342593897672,0.7416141974621961,0.7417187105961935,87940000,1
1295594280000,1295594339000,0.7417352153628198,0.7418122473202032,0.7417022065640646,0.7417407171149254,75400000,1
1295594340000,1295594399000,0.7417407171149254,0.7420985061557072,0.7417407171149254,0.7420985061557072,85170000,1
1295594400000,1295594459000,0.7421150278293136,0.7422747752763118,0.7420104029858499,0.7421205352173299,136640000,1
1295594460000,1295594519000,0.7421205352173299,0.7425062556152036,0.7421205352173299,0.7424566405321928,161770000,1
1295594520000,1295594579000,0.7424566405321928,0.7424566405321928,0.7421205352173299,0.7421535812621064,94920000,1
1295594580000,1295594639000,0.7421756135936884,0.7423739634603536,0.7421205352173299,0.7421205352173299,99590000,1
1295594640000,1295594699000,0.7421370578718477,0.7423739634603536,0.7421040132985038,0.7422692655987886,69120000,1
1295594700000,1295594759000,0.7422913047996555,0.7424235674937265,0.7421976472334583,0.7422968148043677,90200000,1
1295594760000,1295594819000,0.7422472277066046,0.7422472277066046,0.7419608541453353,0.7419608541453353,83680000,1
1295594820000,1295594879000,0.7419388345624787,0.7421150278293136,0.7418672799436181,0.7420489455484484,64940000,1
1295594880000,1295594939000,0.7420544519556845,0.7422857948767434,0.7420159088210851,0.7422857948767434,44670000,1
1295594940000,1295594999000,0.7422857948767434,0.7423353871279044,0.7421315502385953,0.7423353871279044,67940000,1
1295595000000,1295595059000,0.7423353871279044,0.742384986006043,0.7422692655987886,0.7423629412419731,21950000,1
1295595060000,1295595119000,0.7423574302555195,0.7423574302555195,0.7421370578718477,0.7421756135936884,103440000,1
1295595120000,1295595179000,0.7421756135936884,0.7422251911229868,0.7418452659144356,0.7419498441905327,133770000,1
1295595180000,1295595239000,0.7419553491270895,0.7420819852177268,0.7418122473202032,0.7420269207366843,128020000,1
1295595240000,1295595299000,0.7420048972323218,0.7422251911229868,0.7420048972323218,0.7420874921153204,95450000,1
1295595300000,1295595359000,0.7420709716677303,0.7422141733218537,0.7420544519556845,0.7421811218809838,150740000,1
1295595360000,1295595419000,0.7421590892223656,0.7422307001462194,0.7420764784018641,0.7420764784018641,92410000,1
1295595420000,1295595479000,0.7420709716677303,0.7423408977870818,0.7420654650153237,0.7422196821815321,78510000,1
1295595480000,1295595539000,0.7422307001462194,0.7422857948767434,0.7421150278293136,0.7422857948767434,109300000,1
1295595540000,1295595599000,0.7422857948767434,0.7423960088790563,0.7421811218809838,0.7422251911229868,81730000,1
1295595600000,1295595659000,0.7422472277066046,0.7423574302555195,0.74220866454395,0.7422637560030582,99370000,1
1295595660000,1295595719000,0.7422637560030582,0.7422637560030582,0.7420654650153237,0.7420985061557072,50040000,1
1295595720000,1295595779000,0.7420819852177268,0.74220866454395,0.7418452659144356,0.742192138700867,95980000,1
1295595780000,1295595839000,0.7422031558478187,0.7423078350591991,0.7419388345624787,0.7419663592452719,78560000,1
1295595840000,1295595899000,0.7419553491270895,0.7420764784018641,0.741911311921773,0.7420599584446423,107840000,1
1295595900000,1295595959000,0.7420599584446423,0.7423078350591991,0.741999391560499,0.7422362092512321,106890000,1
1295595960000,1295596019000,0.7422527370569678,0.742467665533166,0.7421811218809838,0.742467665533166,77220000,1
1295596020000,1295596079000,0.742467665533166,0.7424786908615723,0.7423298765505415,0.7423684523102506,60770000,1
1295596080000,1295596139000,0.742384986006043,0.7426551406588837,0.7423629412419731,0.7424897165174262,84720000,1
1295596140000,1295596199000,0.7424952294681506,0.7428316743425939,0.7424897165174262,0.7427544305301781,147090000,1
1295596200000,1295596259000,0.7427544305301781,0.7430745452383782,0.7426772027805835,0.7428151207445979,154770000,1
1295596260000,1295596319000,0.7427820157618343,0.7429254920024071,0.7426551406588837,0.7427599474125957,146130000,1
1295596320000,1295596379000,0.7427599474125957,0.7427599474125957,0.7425172820897407,0.7425393360213257,97410000,1
1295596380000,1295596439000,0.7425393360213257,0.7425393360213257,0.7424456158586383,0.7424731781564391,32260000,1
1295596440000,1295596499000,0.7424897165174262,0.7425283088917766,0.7424235674937265,0.7424235674937265,33380000,1
1295596500000,1295596559000,0.7424235674937265,0.7424842036485674,0.7423739634603536,0.7423794746922836,47810000,1
1295596560000,1295596619000,0.7423794746922836,0.7423794746922836,0.7417847340701728,0.7419003034372241,142660000,1
1295596620000,1295596679000,0.7418947993174567,0.7421976472334583,0.7418837913229271,0.7421150278293136,82330000,1
1295596680000,1295596739000,0.7420929990946465,0.7421150278293136,0.7419773696902244,0.7420544519556845,68270000,1
1295596740000,1295596799000,0.7420544519556845,0.7422857948767434,0.7420489455484484,0.7422857948767434,77480000,1
1295596800000,1295596859000,0.7422857948767434,0.7422857948767434,0.7420269207366843,0.7420379329791339,118240000,1
1295596860000,1295596919000,0.742043439222932,0.7420764784018641,0.7410536300512068,0.7412953394762007,240520000,1
1295596920000,1295596979000,0.7413557914714429,0.7414052595289111,0.7412239089184061,0.7414052595289111,138000000,1
1295596980000,1295597039000,0.7414107563872536,0.7414987172072193,0.741185452011948,0.7414437392490658,139550000,1
1295597040000,1295597099000,0.7414217503484682,0.7414217503484682,0.7411415061477689,0.741240391671423,183350000,1
1295597100000,1295597159000,0.7412568751575171,0.7414822229637045,0.7410701052319549,0.7412678645555357,217790000,1
1295597160000,1295597219000,0.7412074268984175,0.7414932190445118,0.7411360132811573,0.7414712272090281,267340000,1
1295597220000,1295597279000,0.7414602317804685,0.7415427054444065,0.7410536300512068,0.7410536300512068,170170000,1
1295597280000,1295597339000,0.7410591216967289,0.7410591216967289,0.7402527222793862,0.7403294466037387,203390000,1
1295597340000,1295597399000,0.7403184850122523,0.7404390803746622,0.7401431436839886,0.7402636819235011,151060000,1
1295597400000,1295597459000,0.7402910824536209,0.7403952229700214,0.7401102764311882,0.7402143660804169,145060000,1
1295597460000,1295597519000,0.7402253245888049,0.7403184850122523,0.7398310225944393,0.7401869712289324,165950000,1
1295597520000,1295597579000,0.7402198452940523,0.7405926222162974,0.7402088869478967,0.7405158433364681,161890000,1
1295597580000,1295597639000,0.7405487466212464,0.7407297669664153,0.7404774598661217,0.7405432625373974,155760000,1
1295597640000,1295597699000,0.7405597150326216,0.7407078203931677,0.7405103597399327,0.7406365030106874,166210000,1
1295597700000,1295597759000,0.740663931147881,0.7408230544134533,0.7404774598661217,0.7408120782001231,126990000,1
1295597760000,1295597819000,0.7407956144899621,0.7408395193433198,0.7404829429754085,0.7405487466212464,101090000,1
1295597820000,1295597879000,0.740521327014218,0.7405926222162974,0.7404226332390529,0.7405542307863204,136340000,1
1295597880000,1295597939000,0.7405542307863204,0.7405597150326216,0.7403184850122523,0.7404829429754085,109370000,1
1295597940000,1295597999000,0.7404719768380366,0.7405761682589054,0.7402801219981641,0.7404774598661217,158250000,1
1295598000000,1295598059000,0.7404774598661217,0.7406968475942167,0.740400704861471,0.7405816528301328,138120000,1
1295598060000,1295598119000,0.7405761682589054,0.7411250277921886,0.7405597150326216,0.7410481384870762,125050000,1
1295598120000,1295598179000,0.7410755971216624,0.7411909456114084,0.7410371556029819,0.7410371556029819,149590000,1
1295598180000,1295598239000,0.7410481384870762,0.7410481384870762,0.7408340309520458,0.7408340309520458,102190000,1
1295598240000,1295598299000,0.740828542642091,0.7408944077290105,0.7406255323246014,0.7408230544134533,177300000,1
1295598300000,1295598359000,0.7408395193433198,0.7409273446645821,0.7407626892648671,0.7408669625195404,117050000,1
1295598360000,1295598419000,0.7408779403593257,0.7410206818872315,0.7408504963698325,0.7409218549719562,64880000,1
1295598420000,1295598479000,0.7409163653606781,0.7410371556029819,0.7408944077290105,0.7408944077290105,84790000,1
1295598480000,1295598539000,0.7409053863821591,0.7409822460653842,0.7406365030106874,0.7407352538129347,154100000,1
1295598540000,1295598599000,0.7407352538129347,0.7407626892648671,0.7405706837689123,0.7406255323246014,119200000,1
1295598600000,1295598659000,0.7406310176270182,0.7406584453579232,0.740367814730358,0.7404171510228863,170450000,1
1295598660000,1295598719000,0.740400704861471,0.7404445629155745,0.7402801219981641,0.7403842594306446,174360000,1
1295598720000,1295598779000,0.7403623333259297,0.7404226332390529,0.7402746418921419,0.7403568520026653,99610000,1
1295598780000,1295598839000,0.7403075237453639,0.7403075237453639,0.7398693390747194,0.7399843123325786,151200000,1
1295598840000,1295598899000,0.7400062160522148,0.7400664579679256,0.7398364961343543,0.7399186089530152,162650000,1
1295598900000,1295598959000,0.7399186089530152,0.7399952640303102,0.7396176176916535,0.7396176176916535,124170000,1
1295598960000,1295599019000,0.7396176176916535,0.7397325127233992,0.7395410408300609,0.7396176176916535,159090000,1
1295599020000,1295599079000,0.7396121473899087,0.7396559120697052,0.7394207377940122,0.7395957369701721,175250000,1
1295599080000,1295599139000,0.7396012070291699,0.7397489292134249,0.739579327278644,0.739579327278644,143650000,1
1295599140000,1295599199000,0.7396066771690815,0.7397325127233992,0.739497289742433,0.739497289742433,117240000,1
1295599200000,1295599259000,0.7394863527793595,0.7396504412014882,0.7392512862972382,0.739579327278644,178540000,1
1295599260000,1295599319000,0.7396176176916535,0.7397325127233992,0.7395027583452887,0.7397270407219736,134280000,1
1295599320000,1295599379000,0.7397379848057818,0.7399405087830938,0.7396449704142012,0.7399350337040408,145200000,1
1295599380000,1295599439000,0.7399569345064118,0.7404226332390529,0.7399569345064118,0.7402582020608788,164670000,1
1295599440000,1295599499000,0.7402417629597826,0.7404281155364031,0.7402143660804169,0.7403787777827137,159120000,1
1295599500000,1295599559000,0.7403842594306446,0.740493909437595,0.7403020432336394,0.7404664938911514,112230000,1
1295599560000,1295599619000,0.7404719768380366,0.7406474740217898,0.7403952229700214,0.7404555282409738,94630000,1
1295599620000,1295599679000,0.7404555282409738,0.7404829429754085,0.740345889599621,0.7404061868340971,105750000,1
1295599680000,1295599739000,0.7404061868340971,0.7404061868340971,0.740269161867255,0.7402801219981641,43500000,1
1295599740000,1295599799000,0.740269161867255,0.7404774598661217,0.7402472425790214,0.740433597914939,104070000,1
1295599800000,1295599859000,0.7404500455376778,0.7404993927904978,0.7400445506819511,0.7401541000836375,185520000,1
1295599860000,1295599919000,0.7401541000836375,0.740367814730358,0.7400116921847366,0.7400390740631105,124060000,1
1295599920000,1295599979000,0.7400390740631105,0.7402308039646762,0.7399897881409236,0.7402308039646762,125700000,1
1295599980000,1295600039000,0.7402472425790214,0.7403239657674199,0.7398802873695036,0.7400883665509662,126470000,1
1295600040000,1295600099000,0.7401102764311882,0.7401376656058027,0.7397051535258046,0.739787237190584,138070000,1
1295600100000,1295600159000,0.7397598739449175,0.7399897881409236,0.7397598739449175,0.7399240837890032,139360000,1
1295600160000,1295600219000,0.7399240837890032,0.7399240837890032,0.7396012070291699,0.7396668540489363,154900000,1
1295600220000,1295600279000,0.7396942104134151,0.739716096961986,0.7394808844191377,0.7395191646391516,113270000,1
1295600280000,1295600339000,0.7395246335655441,0.739579327278644,0.7393004738916038,0.739387934667682,157210000,1
1295600340000,1295600399000,0.739387934667682,0.7395027583452887,0.7391474673112032,0.7391966410904629,212930000,1
1295600400000,1295600459000,0.7392021052475957,0.7393715341959335,0.738956298124529,0.7393551344517312,286380000,1
1295600460000,1295600519000,0.7393551344517312,0.7395629183152757,0.7392895427494178,0.7393934016532836,167440000,1
1295600520000,1295600579000,0.7393770009390088,0.7398091292446549,0.7393770009390088,0.7397653464321118,149660000,1
1295600580000,1295600639000,0.7397653464321118,0.740197928926195,0.739716096961986,0.7401869712289324,119630000,1
1295600640000,1295600699000,0.7401705352913311,0.7403513707605629,0.7400281210686006,0.7402910824536209,179460000,1
1295600700000,1295600759000,0.7402910824536209,0.7403075237453639,0.7400335975253276,0.7401541000836375,131830000,1
1295600760000,1295600819000,0.7401431436839886,0.7402362834216683,0.7399514591842775,0.7399678853937739,163880000,1
1295600820000,1295600879000,0.7399678853937739,0.7402417629597826,0.7399624099095765,0.7402362834216683,161320000,1
1295600880000,1295600939000,0.7402362834216683,0.7403184850122523,0.7399733609590056,0.7400719349920812,141230000,1
1295600940000,1295600999000,0.7400719349920812,0.7401869712289324,0.7398200757575758,0.7398693390747194,167250000,1
1295601000000,1295601059000,0.7398748131816096,0.7399459839431721,0.73963402908241,0.7396942104134151,124140000,1
1295601060000,1295601119000,0.7397215688015031,0.7398967104192254,0.7391966410904629,0.7392458214129944,196150000,1
1295601120000,1295601179000,0.7392567512622809,0.7396723251599542,0.7392021052475957,0.739661383018854,130380000,1
1295601180000,1295601239000,0.739661383018854,0.739661383018854,0.7392512862972382,0.7393004738916038,158120000,1
1295601240000,1295601299000,0.7392950082801041,0.7395301025728253,0.7392294272450398,0.7395301025728253,149210000,1
1295601300000,1295601359000,0.7395301025728253,0.7395301025728253,0.739240356609548,0.7393114053570504,160000000,1
1295601360000,1295601419000,0.7393223371457722,0.7394098030951695,0.7392021052475957,0.7392786119304782,112810000,1
1295601420000,1295601479000,0.7392786119304782,0.7394808844191377,0.7392786119304782,0.7394808844191377,84030000,1
1295601480000,1295601539000,0.739497289742433,0.7396887389786377,0.739349668031999,0.7396887389786377,112760000,1
1295601540000,1295601599000,0.7396942104134151,0.7397106252034205,0.739584797094911,0.7396230880743174,65270000,1
1295601600000,1295601659000,0.7396230880743174,0.73963402908241,0.7395082270290257,0.73963402908241,94510000,1
1295601660000,1295601719000,0.7396504412014882,0.7397544015386892,0.7394535438311088,0.7397544015386892,128090000,1
1295601720000,1295601779000,0.7397434569691231,0.7399295587060112,0.7397325127233992,0.739847443457159,107470000,1
1295601780000,1295601839000,0.7398419697552603,0.7399459839431721,0.7397051535258046,0.7398036561096685,147970000,1
1295601840000,1295601899000,0.739781764379508,0.7402198452940523,0.739781764379508,0.740176013856095,137750000,1
1295601900000,1295601959000,0.7401814925019614,0.7403020432336394,0.7400335975253276,0.7403020432336394,125800000,1
1295601960000,1295602019000,0.7402856021853231,0.7403130043382341,0.7402198452940523,0.7402362834216683,73480000,1
1295602020000,1295602079000,0.7402417629597826,0.7402856021853231,0.7399897881409236,0.7401267096926993,120180000,1
1295602080000,1295602139000,0.7401267096926993,0.7402856021853231,0.7400938438994065,0.7402801219981641,137290000,1
1295602140000,1295602199000,0.7402910824536209,0.7403404085198374,0.7402143660804169,0.7402910824536209,86510000,1
1295602200000,1295602259000,0.7402527222793862,0.7403623333259297,0.7400938438994065,0.7401102764311882,148520000,1
1295602260000,1295602319000,0.7401102764311882,0.7402034078964899,0.7399952640303102,0.740197928926195,109970000,1
1295602320000,1295602379000,0.740197928926195,0.7402253245888049,0.7401212318577783,0.7401869712289324,80670000,1
1295602380000,1295602439000,0.7401595784051042,0.7403020432336394,0.7400555041628122,0.7403020432336394,70530000,1
1295602440000,1295602499000,0.7403020432336394,0.7404171510228863,0.7401541000836375,0.740269161867255,143350000,1
1295602500000,1295602559000,0.7402856021853231,0.7402965628030589,0.7400883665509662,0.7402362834216683,136200000,1
1295602560000,1295602619000,0.7402582020608788,0.7404116688879017,0.7402582020608788,0.7403294466037387,105340000,1
1295602620000,1295602679000,0.740345889599621,0.7404061868340971,0.7402910824536209,0.7403842594306446,92500000,1
1295602680000,1295602739000,0.740367814730358,0.7406474740217898,0.7402472425790214,0.7406145619635173,135330000,1
1295602740000,1295602799000,0.7405926222162974,0.7406968475942167,0.7403897411597464,0.7403897411597464,113400000,1
1295602800000,1295602859000,0.740400704861471,0.7404116688879017,0.7402472425790214,0.7402965628030589,58660000,1
1295602860000,1295602919000,0.7403020432336394,0.7403787777827137,0.7401869712289324,0.7402034078964899,71110000,1
1295602920000,1295602979000,0.7402362834216683,0.7402527222793862,0.7401376656058027,0.7401650568076681,81080000,1
1295602980000,1295603039000,0.7401595784051042,0.7402801219981641,0.7400281210686006,0.7400828892835998,129020000,1
1295603040000,1295603099000,0.7401102764311882,0.7404390803746622,0.7401047988395157,0.7403897411597464,172040000,1
1295603100000,1295603159000,0.7403404085198374,0.740521327014218,0.7402143660804169,0.7404555282409738,191630000,1
1295603160000,1295603219000,0.7404390803746622,0.7408450078159149,0.7404390803746622,0.7407023339530542,163400000,1
1295603220000,1295603279000,0.7407023339530542,0.7407023339530542,0.7404171510228863,0.7404774598661217,137040000,1
1295603280000,1295603339000,0.740493909437595,0.7406584453579232,0.740373296215952,0.7405103597399327,142150000,1
1295603340000,1295603399000,0.7405103597399327,0.7407078203931677,0.7405103597399327,0.7406584453579232,88880000,1
1295603400000,1295603459000,0.7406584453579232,0.7408614737216436,0.7405926222162974,0.7408395193433198,92790000,1
1295603460000,1295603519000,0.7408504963698325,0.7408559850050749,0.7406529596492267,0.7406749029715877,177550000,1
1295603520000,1295603579000,0.7406474740217898,0.7408944077290105,0.7405322946133681,0.7407626892648671,139330000,1
1295603580000,1295603639000,0.7407407407407407,0.7408724513987671,0.7407133069145587,0.7408230544134533,97090000,1
1295603640000,1295603699000,0.7408120782001231,0.7408230544134533,0.7406858751203614,0.7407133069145587,56220000,1
1295603700000,1295603759000,0.7407407407407407,0.7409822460653842,0.7407407407407407,0.7409493042486033,112570000,1
1295603760000,1295603819000,0.7409383242938858,0.7410810890927685,0.7408944077290105,0.741026173044432,166540000,1
1295603820000,1295603879000,0.7410206818872315,0.7411469990958007,0.7409767555591782,0.7411469990958007,106080000,1
1295603880000,1295603939000,0.7411415061477689,0.7411415061477689,0.7409273446645821,0.7410151908114117,112850000,1
1295603940000,1295603999000,0.7410151908114117,0.7411305204959645,0.7408669625195404,0.7411305204959645,107770000,1
1295604000000,1295604059000,0.7410975654944973,0.7412513805806963,0.7409987180722178,0.7412513805806963,110210000,1
1295604060000,1295604119000,0.7412513805806963,0.7412513805806963,0.7407242802011806,0.7407572020118967,104750000,1
1295604120000,1295604179000,0.7407572020118967,0.740828542642091,0.7404774598661217,0.7405761682589054,132050000,1
1295604180000,1295604239000,0.7405761682589054,0.7407187935172291,0.7405322946133681,0.7407187935172291,107810000,1
1295604240000,1295604299000,0.7406803890053404,0.7407791515115598,0.740620047103435,0.7407572020118967,114420000,1
1295604300000,1295604359000,0.7407572020118967,0.7408614737216436,0.7407572020118967,0.7408614737216436,140470000,1
1295604360000,1295604419000,0.7408614737216436,0.7409383242938858,0.7406858751203614,0.7406913613166529,132050000,1
1295604420000,1295604479000,0.7406858751203614,0.7407352538129347,0.7405871374825962,0.7405981070312384,106990000,1
1295604480000,1295604539000,0.7406474740217898,0.7407517148402198,0.7405981070312384,0.7406474740217898,62290000,1
1295604540000,1295604599000,0.740663931147881,0.7408175662661313,0.7406310176270182,0.7407242802011806,82210000,1
1295604600000,1295604659000,0.7407462277498351,0.7407791515115598,0.7406529596492267,0.7407352538129347,95390000,1
1295604660000,1295604719000,0.7407352538129347,0.7410701052319549,0.7406803890053404,0.7410151908114117,102900000,1
1295604720000,1295604779000,0.7410151908114117,0.741163478428437,0.7408998970149143,0.7408998970149143,96630000,1
1295604780000,1295604839000,0.7408998970149143,0.7410426470043351,0.7408998970149143,0.7410151908114117,71280000,1
1295604840000,1295604899000,0.7410316642830148,0.7410536300512068,0.7409163653606781,0.7409987180722178,112050000,1
1295604900000,1295604959000,0.7409987180722178,0.7409987180722178,0.7407352538129347,0.7407626892648671,95580000,1
1295604960000,1295605019000,0.7407681765991333,0.7408175662661313,0.7406913613166529,0.740773664014697,79680000,1
1295605020000,1295605079000,0.7407791515115598,0.7408724513987671,0.7405432625373974,0.7405432625373974,55670000,1
1295605080000,1295605139000,0.7406090769048465,0.7406749029715877,0.7404610110254644,0.7405048762246099,71650000,1
1295605140000,1295605199000,0.740521327014218,0.7406419884756107,0.7405048762246099,0.7405322946133681,83140000,1
1295605200000,1295605259000,0.7405542307863204,0.7407352538129347,0.7405542307863204,0.7407133069145587,101680000,1
1295605260000,1295605319000,0.7406858751203614,0.7407187935172291,0.740620047103435,0.7406474740217898,27820000,1
1295605320000,1295605379000,0.7406365030106874,0.740828542642091,0.7406145619635173,0.7408175662661313,80710000,1
1295605380000,1295605439000,0.7408120782001231,0.7409273446645821,0.7407846390897238,0.7408889185244456,73840000,1
1295605440000,1295605499000,0.7408834294012181,0.741311825406239,0.7408230544134533,0.7411250277921886,174370000,1
1295605500000,1295605559000,0.7411250277921886,0.741157985236133,0.7409493042486033,0.7409712651343381,87880000,1
1295605560000,1295605619000,0.7409712651343381,0.7410975654944973,0.7409218549719562,0.7410481384870762,99940000,1
1295605620000,1295605679000,0.7410316642830148,0.7412294030879617,0.7410316642830148,0.7412019330546414,94460000,1
1295605680000,1295605739000,0.7411909456114084,0.741306330014752,0.7410920732791842,0.7411689717021687,97220000,1
1295605740000,1295605799000,0.741157985236133,0.7412568751575171,0.7411085501693433,0.7411250277921886,98060000,1
1295605800000,1295605859000,0.7411195351698275,0.7411415061477689,0.7409218549719562,0.7409218549719562,67990000,1
1295605860000,1295605919000,0.7409218549719562,0.741218414830298,0.7408834294012181,0.741163478428437,104050000,1
1295605920000,1295605979000,0.741163478428437,0.7411744650573299,0.7410371556029819,0.741163478428437,57800000,1
1295605980000,1295606039000,0.7412239089184061,0.7414162533271054,0.7411744650573299,0.7413557914714429,93870000,1
1295606040000,1295606099000,0.7413557914714429,0.7414547341884777,0.7412678645555357,0.741432744635734,80500000,1
1295606100000,1295606159000,0.741432744635734,0.7414822229637045,0.7413447994662318,0.7414162533271054,113720000,1
1295606160000,1295606219000,0.7414052595289111,0.7415702007430534,0.7414052595289111,0.7415427054444065,47070000,1
1295606220000,1295606279000,0.7415427054444065,0.7415537033191945,0.7414492366780108,0.7415207106734492,63070000,1
1295606280000,1295606339000,0.7415207106734492,0.7416086975868054,0.7414767250456008,0.7414767250456008,79240000,1
1295606340000,1295606399000,0.7414657294539846,0.7414877209633408,0.7411909456114084,0.7414162533271054,106630000,1
1295606400000,1295606459000,0.7413942660567463,0.7415207106734492,0.7413338077869703,0.7414437392490658,86940000,1
1295606460000,1295606519000,0.7413777764597729,0.741399762752076,0.7412348973389667,0.7412843492635339,66900000,1
1295606520000,1295606579000,0.7412953394762007,0.7415042154514648,0.7412953394762007,0.7414162533271054,161670000,1
1295606580000,1295606639000,0.7414162533271054,0.7414217503484682,0.7413173208792023,0.7413338077869703,95380000,1
1295606640000,1295606699000,0.7413283120695663,0.7413887694429205,0.7412623698157963,0.7413887694429205,115400000,1
1295606700000,1295606759000,0.7413942660567463,0.7414052595289111,0.7409767555591782,0.7410536300512068,145060000,1
1295606760000,1295606819000,0.7410536300512068,0.7411415061477689,0.7409218549719562,0.7410371556029819,111720000,1
1295606820000,1295606879000,0.7410481384870762,0.7412568751575171,0.7410481384870762,0.7412019330546414,96950000,1
1295606880000,1295606939000,0.7412019330546414,0.741240391671423,0.7408834294012181,0.7409657747908623,116300000,1
1295606940000,1295606999000,0.7409657747908623,0.7409657747908623,0.7408230544134533,0.7408998970149143,95300000,1
1295607000000,1295607059000,0.7409547943479968,0.7410042089039065,0.7407846390897238,0.7409383242938858,124360000,1
1295607060000,1295607119000,0.7409438142305669,0.741218414830298,0.7409163653606781,0.7411415061477689,120950000,1
1295607120000,1295607179000,0.7411195351698275,0.7412788542794028,0.7411195351698275,0.7412568751575171,89630000,1
1295607180000,1295607239000,0.7412843492635339,0.7414382419016408,0.7412843492635339,0.7414272474513439,75400000,1
1295607240000,1295607299000,0.7414052595289111,0.7414052595289111,0.7412568751575171,0.7412568751575171,67450000,1
1295607300000,1295607359000,0.7412568751575171,0.7413008347047398,0.7410920732791842,0.7410920732791842,73160000,1
1295607360000,1295607419000,0.7411030577912164,0.7412019330546414,0.7411030577912164,0.7412019330546414,59000000,1
1295607420000,1295607479000,0.7412019330546414,0.7412733593767374,0.741157985236133,0.7412623698157963,64850000,1
1295607480000,1295607539000,0.741240391671423,0.7412568751575171,0.741157985236133,0.741157985236133,58890000,1
1295607540000,1295607599000,0.741157985236133,0.7414162533271054,0.741157985236133,0.7414162533271054,95510000,1
1295607600000,1295607659000,0.7414162533271054,0.7415482043410232,0.7412898443291327,0.7414162533271054,176610000,1
1295607660000,1295607719000,0.7414052595289111,0.7415372066293426,0.7413612875962843,0.7414547341884777,106560000,1
1295607720000,1295607779000,0.7414657294539846,0.7415262092438657,0.7413283120695663,0.7414987172072193,82680000,1
1295607780000,1295607839000,0.7415097137772505,0.7415811994334319,0.7414602317804685,0.7415317078958297,106480000,1
1295607840000,1295607899000,0.7415372066293426,0.7416361977795412,0.7415042154514648,0.7415097137772505,82230000,1
1295607900000,1295607959000,0.7415097137772505,0.7415427054444065,0.7413557914714429,0.7413557914714429,96650000,1
1295607960000,1295608019000,0.741311825406239,0.7414437392490658,0.7411195351698275,0.741163478428437,122320000,1
1295608020000,1295608079000,0.741163478428437,0.741306330014752,0.7410865811452753,0.741306330014752,107240000,1
1295608080000,1295608139000,0.7412843492635339,0.7414987172072193,0.7412788542794028,0.7414987172072193,74570000,1
1295608140000,1295608199000,0.7414987172072193,0.7415482043410232,0.7413008347047398,0.7413283120695663,141050000,1
1295608200000,1295608259000,0.7413447994662318,0.7415207106734492,0.7413447994662318,0.7413832729105966,63680000,1
1295608260000,1295608319000,0.7413832729105966,0.7413832729105966,0.7410701052319549,0.7410701052319549,99940000,1
1295608320000,1295608379000,0.7410755971216624,0.7411744650573299,0.7410591216967289,0.7410591216967289,74500000,1
1295608380000,1295608439000,0.7410701052319549,0.7410701052319549,0.7408779403593257,0.7409987180722178,76780000,1
1295608440000,1295608499000,0.7409987180722178,0.7410591216967289,0.7408340309520458,0.7409328344385582,81460000,1
1295608500000,1295608559000,0.7409547943479968,0.741026173044432,0.7409163653606781,0.7409493042486033,82540000,1
1295608560000,1295608619000,0.7409493042486033,0.7409493042486033,0.7407023339530542,0.7407023339530542,90790000,1
1295608620000,1295608679000,0.7407133069145587,0.7408889185244456,0.7407133069145587,0.7408889185244456,73510000,1
1295608680000,1295608739000,0.7409053863821591,0.7409328344385582,0.7408779403593257,0.7408998970149143,39010000,1
1295608740000,1295608799000,0.7408669625195404,0.7408998970149143,0.7407242802011806,0.7407901267491908,55540000,1
1295608800000,1295608859000,0.7407681765991333,0.7410536300512068,0.7406310176270182,0.7410536300512068,53120000,1
1295608860000,1295608919000,0.7410755971216624,0.7412348973389667,0.7410371556029819,0.7412074268984175,143220000,1
1295608920000,1295608979000,0.7412074268984175,0.7413008347047398,0.7410426470043351,0.7413008347047398,145000000,1
1295608980000,1295609039000,0.7413008347047398,0.7415372066293426,0.7412458860853322,0.7415372066293426,112390000,1
1295609040000,1295609099000,0.7415262092438657,0.7415262092438657,0.7409438142305669,0.7410151908114117,90550000,1
1295609100000,1295609159000,0.7409822460653842,0.7411744650573299,0.7409163653606781,0.7410371556029819,107290000,1
1295609160000,1295609219000,0.741026173044432,0.7411140426288797,0.7408504963698325,0.7411030577912164,86420000,1
1295609220000,1295609279000,0.7410865811452753,0.7410865811452753,0.7409712651343381,0.741026173044432,77300000,1
1295609280000,1295609339000,0.7410096998169706,0.7410810890927685,0.7409493042486033,0.7410810890927685,31170000,1
1295609340000,1295609399000,0.7410920732791842,0.7412129208236358,0.7410536300512068,0.7411799584939224,66100000,1
1295609400000,1295609459000,0.7411799584939224,0.7413557914714429,0.7411305204959645,0.741306330014752,95110000,1
1295609460000,1295609519000,0.741306330014752,0.741432744635734,0.7412348973389667,0.7412348973389667,110270000,1
1295609520000,1295609579000,0.7412239089184061,0.7413942660567463,0.7412239089184061,0.7413612875962843,54050000,1
1295609580000,1295609639000,0.7413667838026186,0.7416967053832347,0.7413612875962843,0.7416967053832347,96450000,1
1295609640000,1295609699000,0.7417077078264996,0.7417352153628198,0.7416251974577088,0.7416802023303593,53030000,1
1295609700000,1295609759000,0.7416802023303593,0.7417022065640646,0.7415097137772505,0.7417022065640646,76740000,1
1295609760000,1295609819000,0.7417022065640646,0.7418122473202032,0.7416692007031025,0.7417847340701728,53280000,1
1295609820000,1295609879000,0.7417792316650719,0.7418232531916945,0.7416692007031025,0.7418067445069211,62430000,1
1295609880000,1295609939000,0.7417957391252745,0.7418947993174567,0.7417077078264996,0.7417077078264996,80200000,1
1295609940000,1295609999000,0.7417242121034557,0.7417352153628198,0.7415866989009685,0.7416141974621961,53340000,1
1295610000000,1295610059000,0.7415976980807452,0.7416526988741712,0.7415757000474609,0.7416416980628319,62870000,1
1295610060000,1295610119000,0.7416526988741712,0.7416802023303593,0.7414767250456008,0.7415317078958297,73440000,1
1295610120000,1295610179000,0.7415592023789219,0.7415702007430534,0.7414272474513439,0.7415097137772505,65610000,1
1295610180000,1295610239000,0.7415097137772505,0.7416031977929889,0.7415042154514648,0.7415097137772505,46370000,1
1295610240000,1295610299000,0.7415317078958297,0.7415757000474609,0.7414382419016408,0.7415592023789219,88500000,1
1295610300000,1295610359000,0.7415537033191945,0.7415811994334319,0.7414272474513439,0.7415317078958297,46910000,1
1295610360000,1295610419000,0.7415207106734492,0.7415757000474609,0.7414712272090281,0.7415207106734492,41460000,1
1295610420000,1295610479000,0.7415207106734492,0.7415207106734492,0.7414382419016408,0.7414382419016408,40140000,1
1295610480000,1295610539000,0.7414382419016408,0.7415537033191945,0.7414217503484682,0.7415262092438657,60060000,1
1295610540000,1295610599000,0.7415152121845779,0.7416416980628319,0.7414547341884777,0.7416361977795412,64690000,1
1295610600000,1295610659000,0.7416361977795412,0.7418397626112759,0.7416361977795412,0.7416692007031025,124490000,1
1295610660000,1295610719000,0.7416637000118667,0.7417627249395464,0.7415647015202076,0.7416857032663838,114050000,1
1295610720000,1295610779000,0.7417022065640646,0.7421645972643813,0.7417022065640646,0.7421315502385953,127660000,1
1295610780000,1295610839000,0.7421315502385953,0.7426110203475419,0.7419333298709777,0.7425283088917766,201360000,1
1295610840000,1295610899000,0.7425448497089224,0.7426110203475419,0.7423353871279044,0.7424566405321928,156440000,1
1295610900000,1295610959000,0.7424401036446384,0.7426716871272717,0.7424401036446384,0.7426716871272717,55440000,1
1295610960000,1295611019000,0.7426385949277784,0.7428040854224699,0.7425999910888001,0.742704782276093,104110000,1
1295611020000,1295611079000,0.7427158146478412,0.7427820157618343,0.7425448497089224,0.7425448497089224,107250000,1
1295611080000,1295611139000,0.742555877329769,0.7425724193751996,0.7423298765505415,0.7424566405321928,91880000,1
1295611140000,1295611199000,0.7424731781564391,0.7425613912630227,0.7421976472334583,0.7421976472334583,79530000,1
1295611200000,1295611259000,0.7421976472334583,0.7423078350591991,0.742043439222932,0.7420874921153204,106430000,1
1295611260000,1295611319000,0.7420874921153204,0.7422582464891185,0.7420709716677303,0.7422362092512321,81020000,1
1295611320000,1295611379000,0.7422362092512321,0.7425338224156111,0.7422362092512321,0.7424786908615723,102060000,1
1295611380000,1295611439000,0.7424786908615723,0.7427268473473511,0.7422857948767434,0.7422857948767434,157750000,1
1295611440000,1295611499000,0.7423078350591991,0.7423353871279044,0.7422141733218537,0.7422417184380266,102590000,1
1295611500000,1295611559000,0.7422527370569678,0.7424897165174262,0.742170105388155,0.7423464085280755,123800000,1
1295611560000,1295611619000,0.7423629412419731,0.7423739634603536,0.7422582464891185,0.7423574302555195,105520000,1
1295611620000,1295611679000,0.7423574302555195,0.7424235674937265,0.7421040132985038,0.7421040132985038,112910000,1
1295611680000,1295611739000,0.7420819852177268,0.7423794746922836,0.7419883804619619,0.7422472277066046,130750000,1
1295611740000,1295611799000,0.7422692655987886,0.7423023248908817,0.7421315502385953,0.7422196821815321,132420000,1
1295611800000,1295611859000,0.7421811218809838,0.7422307001462194,0.742032426817052,0.7420819852177268,89670000,1
1295611860000,1295611919000,0.7420764784018641,0.7420819852177268,0.7419333298709777,0.7419388345624787,46900000,1
1295611920000,1295611979000,0.7419388345624787,0.7419938859703796,0.7417957391252745,0.7418342593897672,80500000,1
1295611980000,1295612039000,0.7418562727657144,0.7419773696902244,0.7418287562499073,0.7419003034372241,69910000,1
1295612040000,1295612099000,0.7419003034372241,0.741999391560499,0.7416526988741712,0.7416526988741712,80320000,1
1295612100000,1295612159000,0.7416526988741712,0.7418947993174567,0.7416526988741712,0.7418782874481612,89690000,1
1295612160000,1295612219000,0.7418892952793584,0.7419608541453353,0.7418232531916945,0.7418672799436181,57330000,1
1295612220000,1295612279000,0.7418617763138372,0.7419168162865579,0.7417242121034557,0.7418947993174567,55160000,1
1295612280000,1295612339000,0.7418947993174567,0.7418947993174567,0.741647198427708,0.7416581994022234,88940000,1
1295612340000,1295612399000,0.7416747014759326,0.7417792316650719,0.7415482043410232,0.7416306975778342,64530000,1
1295612400000,1295612459000,0.7415976980807452,0.7416526988741712,0.7415482043410232,0.7416196974191634,77580000,1
1295612460000,1295612519000,0.7415811994334319,0.7415921984500723,0.7413722800904473,0.7413942660567463,69570000,1
1295612520000,1295612579000,0.7413942660567463,0.741399762752076,0.741157985236133,0.7413228164336442,102780000,1
1295612580000,1295612639000,0.7413393035858582,0.7414162533271054,0.7411964392923056,0.741311825406239,141660000,1
1295612640000,1295612699000,0.7413447994662318,0.7414602317804685,0.7412953394762007,0.7414437392490658,121340000,1
1295612700000,1295612759000,0.7414492366780108,0.7416912042840084,0.7414437392490658,0.7416637000118667,67290000,1
1295612760000,1295612819000,0.7416912042840084,0.7417462189486489,0.7416141974621961,0.7416141974621961,51960000,1
1295612820000,1295612879000,0.7416196974191634,0.7416416980628319,0.7413832729105966,0.741432744635734,129460000,1
1295612880000,1295612939000,0.741432744635734,0.7415811994334319,0.7413887694429205,0.7415317078958297,117000000,1
1295612940000,1295612999000,0.7415317078958297,0.7417407171149254,0.7415042154514648,0.7417132091705421,94570000,1
1295613000000,1295613059000,0.7417242121034557,0.7417297136923304,0.7414712272090281,0.7414877209633408,100680000,1
1295613060000,1295613119000,0.7414877209633408,0.7415866989009685,0.7413777764597729,0.7415866989009685,134330000,1
1295613120000,1295613179000,0.7415811994334319,0.7417572228609576,0.7415811994334319,0.7417462189486489,107980000,1
1295613180000,1295613239000,0.7417627249395464,0.7418177502151272,0.7414547341884777,0.7415262092438657,100190000,1
1295613240000,1295613299000,0.7415097137772505,0.7416141974621961,0.7412898443291327,0.7413777764597729,100690000,1
1295613300000,1295613359000,0.7413942660567463,0.7415042154514648,0.7413502954280927,0.7414987172072193,82760000,1
1295613360000,1295613419000,0.7414767250456008,0.7415152121845779,0.7414492366780108,0.7414712272090281,82890000,1
1295613420000,1295613479000,0.7415152121845779,0.7415152121845779,0.7413667838026186,0.7413667838026186,88830000,1
1295613480000,1295613539000,0.7413667838026186,0.7414987172072193,0.7413008347047398,0.7413173208792023,92380000,1
1295613540000,1295613599000,0.7413173208792023,0.7413832729105966,0.7412019330546414,0.7412348973389667,97210000,1
1295613600000,1295613659000,0.741218414830298,0.7413447994662318,0.7410755971216624,0.7413393035858582,90220000,1
1295613660000,1295613719000,0.7413173208792023,0.7413173208792023,0.7411415061477689,0.741163478428437,64660000,1
1295613720000,1295613779000,0.7411964392923056,0.7412019330546414,0.741157985236133,0.7411744650573299,54050000,1
1295613780000,1295613839000,0.7411799584939224,0.7413283120695663,0.7411799584939224,0.7413283120695663,77770000,1
1295613840000,1295613899000,0.7413502954280927,0.7416581994022234,0.7413502954280927,0.7415647015202076,73140000,1
1295613900000,1295613959000,0.7415921984500723,0.7417132091705421,0.7415262092438657,0.7415647015202076,106290000,1
1295613960000,1295614019000,0.7415976980807452,0.7417022065640646,0.7414767250456008,0.7415207106734492,127220000,1
1295614020000,1295614079000,0.7415262092438657,0.7417297136923304,0.7415262092438657,0.7416967053832347,117600000,1
1295614080000,1295614139000,0.7416967053832347,0.7417242121034557,0.7414712272090281,0.7414932190445118,166030000,1
1295614140000,1295614199000,0.7414822229637045,0.7414987172072193,0.7413008347047398,0.7413338077869703,123300000,1
1295614200000,1295614259000,0.7413173208792023,0.7416086975868054,0.7412953394762007,0.7415592023789219,97180000,1
1295614260000,1295614319000,0.7415537033191945,0.7415647015202076,0.741432744635734,0.7415097137772505,64220000,1
1295614320000,1295614379000,0.7415152121845779,0.7416251974577088,0.7415097137772505,0.7416251974577088,55360000,1
1295614380000,1295614439000,0.7416031977929889,0.7416361977795412,0.7414987172072193,0.7415537033191945,60170000,1
1295614440000,1295614499000,0.7415592023789219,0.7417352153628198,0.7415097137772505,0.7416747014759326,121230000,1
1295614500000,1295614559000,0.7416747014759326,0.7418562727657144,0.7416747014759326,0.7418507692992478,129980000,1
1295614560000,1295614619000,0.7418617763138372,0.7419003034372241,0.7416747014759326,0.7417352153628198,84020000,1
1295614620000,1295614679000,0.7418122473202032,0.7418782874481612,0.7417297136923304,0.7418067445069211,46900000,1
1295614680000,1295614739000,0.7418067445069211,0.7419168162865579,0.7417627249395464,0.7419168162865579,59270000,1
1295614740000,1295614799000,0.7419278252611586,0.7422196821815321,0.741911311921773,0.7422196821815321,88470000,1
1295614800000,1295614859000,0.7422692655987886,0.7422802850356295,0.7419003034372241,0.7419278252611586,145870000,1
1295614860000,1295614919000,0.7418947993174567,0.7419278252611586,0.7416692007031025,0.7417792316650719,82860000,1
1295614920000,1295614979000,0.7417462189486489,0.7417627249395464,0.7415866989009685,0.7417572228609576,67480000,1
1295614980000,1295615039000,0.7417297136923304,0.7421150278293136,0.7417297136923304,0.7421150278293136,86290000,1
1295615040000,1295615099000,0.7420985061557072,0.7420985061557072,0.7419168162865579,0.7419443393356631,69020000,1
1295615100000,1295615159000,0.7419553491270895,0.7420159088210851,0.7418617763138372,0.7418947993174567,51180000,1
1295615160000,1295615219000,0.7419168162865579,0.7420269207366843,0.7418892952793584,0.7420048972323218,63380000,1
1295615220000,1295615279000,0.7420214147380294,0.7421535812621064,0.741999391560499,0.741999391560499,93760000,1
1295615280000,1295615339000,0.7420048972323218,0.7420985061557072,0.7418947993174567,0.7420379329791339,104690000,1
1295615340000,1295615399000,0.742032426817052,0.7420929990946465,0.7419608541453353,0.7420819852177268,56600000,1
1295615400000,1295615459000,0.7421095205230388,0.7423794746922836,0.7421095205230388,0.7423629412419731,98890000,1
1295615460000,1295615519000,0.7423574302555195,0.7424401036446384,0.7422582464891185,0.7423298765505415,116990000,1
1295615520000,1295615579000,0.7423408977870818,0.7424401036446384,0.7422802850356295,0.7423684523102506,110090000,1
1295615580000,1295615639000,0.7423684523102506,0.7423684523102506,0.7421756135936884,0.742192138700867,99780000,1
1295615640000,1295615699000,0.742192138700867,0.742192138700867,0.7418177502151272,0.7420048972323218,131550000,1
1295615700000,1295615759000,0.7420214147380294,0.7421535812621064,0.741911311921773,0.741911311921773,153320000,1
1295615760000,1295615819000,0.7419223207330192,0.7420929990946465,0.741911311921773,0.7420544519556845,118040000,1
1295615820000,1295615879000,0.7420544519556845,0.7422196821815321,0.7419938859703796,0.7421370578718477,117400000,1
1295615880000,1295615939000,0.7421480733836016,0.7422913047996555,0.7421205352173299,0.7422141733218537,102530000,1
1295615940000,1295615999000,0.7422141733218537,0.7422692655987886,0.7420764784018641,0.7420764784018641,124830000,1
1295616000000,1295616059000,0.7421095205230388,0.7422637560030582,0.741999391560499,0.7421095205230388,164710000,1
1295616060000,1295616119000,0.7421095205230388,0.7421480733836016,0.742032426817052,0.7420985061557072,109530000,1
1295616120000,1295616179000,0.7421095205230388,0.7421645972643813,0.741911311921773,0.7419883804619619,136990000,1
1295616180000,1295616239000,0.7419828750352442,0.7420709716677303,0.7419388345624787,0.7420104029858499,67390000,1
1295616240000,1295616299000,0.7420048972323218,0.7421095205230388,0.7419333298709777,0.7419333298709777,116330000,1
1295616300000,1295616359000,0.7419058076386622,0.7420544519556845,0.7417902365569065,0.7419938859703796,116020000,1
1295616360000,1295616419000,0.7420048972323218,0.7421590892223656,0.7419168162865579,0.7420544519556845,128570000,1
1295616420000,1295616479000,0.742032426817052,0.742032426817052,0.7417682270997604,0.7417957391252745,92210000,1
1295616480000,1295616539000,0.7418122473202032,0.7419278252611586,0.7417847340701728,0.7418342593897672,152920000,1
1295616540000,1295616599000,0.7418342593897672,0.7418892952793584,0.7417792316650719,0.7418232531916945,70720000,1
1295616600000,1295616659000,0.7417957391252745,0.7429806899318686,0.7417957391252745,0.7426661715558857,338180000,1
1295616660000,1295616719000,0.7426661715558857,0.74316842425999,0.7426661715558857,0.7430027714003373,165820000,1
1295616720000,1295616779000,0.7429696496898102,0.7432070872227837,0.7428592653121866,0.7431131984335173,172780000,1
1295616780000,1295616839000,0.7431408103207396,0.7432402301071752,0.7429806899318686,0.7431573784380319,158060000,1
1295616840000,1295616899000,0.74312976531962,0.743394935993696,0.7431021542531452,0.7432954748171494,99030000,1
1295616900000,1295616959000,0.7432899499765864,0.7435718216022486,0.743229182150608,0.7435165358077565,124970000,1
1295616960000,1295617019000,0.7435054796353848,0.7437432598267079,0.7434723130910604,0.7435386491389823,108660000,1
1295617020000,1295617079000,0.7435275923089506,0.7437377283274826,0.7435275923089506,0.7435828797477767,103950000,1
1295617080000,1295617139000,0.74360499702558,0.7442802066121853,0.74360499702558,0.7441915846815604,157520000,1
1295617140000,1295617199000,0.7441638946561591,0.7443356060380504,0.7440753004204026,0.7441417441194198,104260000,1
1295617200000,1295617259000,0.7441417441194198,0.7441417441194198,0.743859440320157,0.7438981752177761,140980000,1
1295617260000,1295617319000,0.7438705070221376,0.7439977977665186,0.7437764505500227,0.7437764505500227,121980000,1
1295617320000,1295617379000,0.7437875147827768,0.7437875147827768,0.7435110076804687,0.7436437054278554,109920000,1
1295617380000,1295617439000,0.7436658263242829,0.7437875147827768,0.7436326454731363,0.7436934792955735,62290000,1
1295617440000,1295617499000,0.7437156031533542,0.7438262421898244,0.7435828797477767,0.7436713567540232,109700000,1
1295617500000,1295617559000,0.7436713567540232,0.7440697639810708,0.7435718216022486,0.7439645872856452,147870000,1
1295617560000,1295617619000,0.7438926414139911,0.7447180869681782,0.7438151768048675,0.744512939634891,208810000,1
1295617620000,1295617679000,0.7445406556425014,0.7446681758608363,0.7444575138096869,0.7446681758608363,124150000,1
1295617680000,1295617739000,0.7446515403117111,0.7447402718301992,0.7445184826713322,0.7446349055058304,126840000,1
1295617740000,1295617799000,0.7446459952938373,0.7446959034278353,0.744235893008648,0.7442691277165824,121920000,1
1295617800000,1295617859000,0.7442912858376254,0.7442968255740389,0.7440586913495737,0.7440974470016594,114860000,1
1295617860000,1295617919000,0.7441085207866716,0.7442303541792256,0.7438483739474545,0.7440144041188638,167060000,1
1295617920000,1295617979000,0.7440420830202157,0.7443522274740407,0.7439922624804701,0.7441251320822109,143850000,1
1295617980000,1295618039000,0.7441362066912728,0.7442968255740389,0.7439977977665186,0.7441915846815604,142140000,1
1295618040000,1295618099000,0.7441915846815604,0.7445184826713322,0.7441528192229556,0.7444963110207788,137510000,1
1295618100000,1295618159000,0.7444907683144729,0.7447735516016356,0.7444131790909226,0.7446959034278353,166480000,1
1295618160000,1295618219000,0.7446848121532561,0.7447624580140164,0.7445406556425014,0.7445683737137582,136360000,1
1295618220000,1295618279000,0.7445517426233537,0.7446016381236039,0.7442802066121853,0.7443300657243448,154050000,1
1295618280000,1295618339000,0.7443300657243448,0.7444963110207788,0.7442414319205151,0.7443023653929173,165680000,1
1295618340000,1295618399000,0.7443023653929173,0.7443965549327438,0.7439922624804701,0.7440974470016594,129820000,1
1295618400000,1295618459000,0.7441195949012926,0.7441694324963908,0.7439977977665186,0.7441528192229556,123280000,1
1295618460000,1295618519000,0.7441417441194198,0.7442968255740389,0.7440919102327519,0.7441583568983479,135630000,1
1295618520000,1295618579000,0.7441528192229556,0.7442580491508015,0.7440863735462412,0.744174970419045,138790000,1
1295618580000,1295618639000,0.7441805084241233,0.744324525493115,0.7440753004204026,0.7441915846815604,91840000,1
1295618640000,1295618699000,0.7441694324963908,0.7442303541792256,0.7439701221598941,0.7440088685857135,83090000,1
1295618700000,1295618759000,0.7440365470751923,0.7440365470751923,0.7438428408845779,0.7438428408845779,55650000,1
1295618760000,1295618819000,0.7438207094561926,0.7439037091038936,0.7436990101366175,0.7437266655758675,106830000,1
1295618820000,1295618879000,0.7437211343234741,0.7439203112562582,0.743682417860277,0.7438871076925366,128800000,1
1295618880000,1295618939000,0.7438815740534107,0.7441362066912728,0.743859440320157,0.7441195949012926,124340000,1
1295618940000,1295618999000,0.7441472816299802,0.7442081996859442,0.7440254754322788,0.7440697639810708,112310000,1
1295619000000,1295619059000,0.744047619047619,0.744047619047619,0.7437985793447135,0.7439701221598941,130630000,1
1295619060000,1295619119000,0.7439479831570177,0.7441694324963908,0.743859440320157,0.7440586913495737,111130000,1
1295619120000,1295619179000,0.7440642276241285,0.7441140578027801,0.7435828797477767,0.7438041117491297,127970000,1
1295619180000,1295619239000,0.7438151768048675,0.7441528192229556,0.7437930470225964,0.7441251320822109,122930000,1
1295619240000,1295619299000,0.7441638946561591,0.744235893008648,0.7439258454717234,0.7441694324963908,76640000,1
1295619300000,1295619359000,0.7441971229339227,0.7441971229339227,0.7439590524937507,0.7440199397343848,86010000,1
1295619360000,1295619419000,0.7440033331349325,0.7440808369421255,0.7439369141496801,0.7439867272767854,68650000,1
1295619420000,1295619479000,0.7439977977665186,0.7442580491508015,0.7438926414139911,0.7439424486121754,139990000,1
1295619480000,1295619539000,0.7439037091038936,0.7439922624804701,0.7435994675827812,0.7435994675827812,148250000,1
1295619540000,1295619599000,0.743555235000632,0.7436326454731363,0.7434280956345902,0.7435386491389823,126280000,1
1295619600000,1295619659000,0.743555235000632,0.7435773506338996,0.7434280956345902,0.7434612582338335,130680000,1
1295619660000,1295619719000,0.743439149505613,0.7434502037053557,0.7431518556501835,0.7431518556501835,120710000,1
1295619720000,1295619779000,0.7431518556501835,0.7432733759476736,0.7429420505200593,0.7430800668772061,135480000,1
1295619780000,1295619839000,0.7430800668772061,0.7433286255853713,0.7430690236816099,0.7431187206468105,110140000,1
1295619840000,1295619899000,0.7430911104010463,0.7431076763022962,0.7429310114262789,0.743019333363054,97860000,1
1295619900000,1295619959000,0.7430248541813723,0.7431408103207396,0.7429862101759391,0.7431187206468105,118070000,1
1295619960000,1295620019000,0.7431242429421775,0.7433231002519866,0.7430855885980948,0.7433175750007432,119460000,1
1295620020000,1295620079000,0.7433452020783932,0.74360499702558,0.7433452020783932,0.743555235000632,113630000,1
1295620080000,1295620139000,0.7435662926528215,0.743654765711566,0.743439149505613,0.7435331206828608,97480000,1
1295620140000,1295620199000,0.7435165358077565,0.743859440320157,0.7434944237918216,0.743859440320157,134840000,1
1295620200000,1295620259000,0.7438705070221376,0.7438705070221376,0.7435662926528215,0.7435662926528215,144220000,1
1295620260000,1295620319000,0.7435275923089506,0.7437321969105364,0.743439149505613,0.743621585847394,100840000,1
1295620320000,1295620379000,0.7436160561578845,0.7438815740534107,0.7435441776773166,0.7438151768048675,175790000,1
1295620380000,1295620439000,0.7437432598267079,0.7441251320822109,0.7437045410599278,0.7440199397343848,128390000,1
1295620440000,1295620499000,0.7440365470751923,0.7441085207866716,0.7438096442358472,0.7440199397343848,122750000,1
1295620500000,1295620559000,0.7440199397343848,0.7441085207866716,0.7439203112562582,0.7440586913495737,85700000,1
1295620560000,1295620619000,0.7440753004204026,0.7442691277165824,0.744047619047619,0.7441583568983479,96640000,1
1295620620000,1295620679000,0.7441860465116279,0.7441860465116279,0.7439867272767854,0.7440919102327519,111430000,1
1295620680000,1295620739000,0.7440697639810708,0.7440697639810708,0.7436990101366175,0.7437598548180764,91830000,1
1295620740000,1295620799000,0.743781982625253,0.7437930470225964,0.7436437054278554,0.743710072065506,81890000,1
1295620800000,1295620859000,0.743710072065506,0.7438041117491297,0.7435220640172496,0.7435828797477767,107270000,1
1295620860000,1295620919000,0.743621585847394,0.7436658263242829,0.7435607637856165,0.7436105265506139,63940000,1
1295620920000,1295620979000,0.7435828797477767,0.7436326454731363,0.7433783572825061,0.7433838834374071,117420000,1
1295620980000,1295621039000,0.7433562534844824,0.7435994675827812,0.7432954748171494,0.743549706297866,111260000,1
1295621040000,1295621099000,0.743549706297866,0.7437377283274826,0.7433728312097649,0.7433728312097649,169510000,1
1295621100000,1295621159000,0.7433728312097649,0.7433783572825061,0.7432236582954909,0.7433175750007432,141420000,1
1295621160000,1295621219000,0.7433175750007432,0.7433175750007432,0.7429034151269993,0.743184993608609,130690000,1
1295621220000,1295621279000,0.7431960402514975,0.7434170420922729,0.7431960402514975,0.7433175750007432,110650000,1
1295621280000,1295621339000,0.7432899499765864,0.7435828797477767,0.7432347060878355,0.7434944237918216,141880000,1
1295621340000,1295621399000,0.7434999516725032,0.7436990101366175,0.7434888959933383,0.7436437054278554,145860000,1
1295621400000,1295621459000,0.7436934792955735,0.7436934792955735,0.7434833682770516,0.7434999516725032,104760000,1
1295621460000,1295621519000,0.7435110076804687,0.7438041117491297,0.7435110076804687,0.7437543230720028,99240000,1
1295621520000,1295621579000,0.7437598548180764,0.7439369141496801,0.7437598548180764,0.7439092430723452,115960000,1
1295621580000,1295621639000,0.7439258454717234,0.7440365470751923,0.7437487914082139,0.7440144041188638,120960000,1
1295621640000,1295621699000,0.7440144041188638,0.7441251320822109,0.7439645872856452,0.7440586913495737,120620000,1
1295621700000,1295621759000,0.744047619047619,0.744501853809616,0.744047619047619,0.7444741406907232,138610000,1
1295621760000,1295621819000,0.7444852256906962,0.7445073966809861,0.7442635883924651,0.7444020962363029,158000000,1
1295621820000,1295621879000,0.7444187206419868,0.7444353457902182,0.744235893008648,0.7443633088437805,143410000,1
1295621880000,1295621939000,0.7443633088437805,0.7445517426233537,0.7443134452780755,0.7444020962363029,161790000,1
1295621940000,1295621999000,0.7444020962363029,0.7447014491890201,0.7443079052942622,0.7443411464342338,111380000,1
1295622000000,1295622059000,0.7443300657243448,0.7443577681176681,0.7438262421898244,0.7438262421898244,131860000,1
1295622060000,1295622119000,0.7438373079040153,0.7443134452780755,0.7438096442358472,0.7442469709148284,119610000,1
1295622120000,1295622179000,0.7442691277165824,0.744424262275556,0.7442691277165824,0.7443411464342338,129770000,1
1295622180000,1295622239000,0.7443356060380504,0.7443356060380504,0.7440697639810708,0.7440808369421255,96220000,1
1295622240000,1295622299000,0.7440863735462412,0.744174970419045,0.7437985793447135,0.7438373079040153,94930000,1
1295622300000,1295622359000,0.7438760404966117,0.7440365470751923,0.7438262421898244,0.7438262421898244,107130000,1
1295622360000,1295622419000,0.7438207094561926,0.7438428408845779,0.7436658263242829,0.7437211343234741,119910000,1
1295622420000,1295622479000,0.7437598548180764,0.7438317750057647,0.7436768872660207,0.7437211343234741,120500000,1
1295622480000,1295622539000,0.7437211343234741,0.7438041117491297,0.743621585847394,0.7437321969105364,128960000,1
1295622540000,1295622599000,0.7437321969105364,0.7437598548180764,0.7434115154443742,0.743682417860277,135960000,1
1295622600000,1295622659000,0.7436990101366175,0.7436990101366175,0.7433507277403625,0.7434280956345902,104770000,1
1295622660000,1295622719000,0.7434170420922729,0.7434888959933383,0.7431021542531452,0.7432954748171494,175800000,1
1295622720000,1295622779000,0.7433065247446742,0.743649235528586,0.743245754208629,0.7436437054278554,110280000,1
1295622780000,1295622839000,0.7436326454731363,0.743687948536794,0.7429917305020396,0.7430082919725385,163070000,1
1295622840000,1295622899000,0.7429751697698264,0.74316842425999,0.7427820157618343,0.7429972509101715,193500000,1
1295622900000,1295622959000,0.743019333363054,0.7433065247446742,0.7429972509101715,0.7430745452383782,126290000,1
1295622960000,1295623019000,0.7431021542531452,0.7434557309285019,0.7430911104010463,0.7433728312097649,205560000,1
1295623020000,1295623079000,0.7433728312097649,0.743394935993696,0.7431905168890045,0.743284425218154,190130000,1
1295623080000,1295623139000,0.7433009997398446,0.7436602959767978,0.7432623270056934,0.7433009997398446,216490000,1
1295623140000,1295623199000,0.7432899499765864,0.7435884089438815,0.7432347060878355,0.7435165358077565,135480000,1
1295623200000,1295623259000,0.7435275923089506,0.7435607637856165,0.743394935993696,0.7434667856213524,123010000,1
1295623260000,1295623319000,0.7434667856213524,0.7434667856213524,0.7429310114262789,0.7429530899419011,144380000,1
1295623320000,1295623379000,0.7429530899419011,0.7431187206468105,0.7428096030425481,0.7428813395636316,153480000,1
1295623380000,1295623439000,0.7428813395636316,0.7429696496898102,0.7426496253332641,0.7428371923725477,153470000,1
1295623440000,1295623499000,0.7428813395636316,0.7429199726605451,0.7427764985515858,0.742826156394619,110930000,1
1295623500000,1295623559000,0.7428151207445979,0.7428647837520616,0.7426551406588837,0.7426772027805835,112580000,1
1295623560000,1295623619000,0.7426772027805835,0.7428703022739259,0.7426330798479087,0.7428703022739259,128680000,1
1295623620000,1295623679000,0.7428316743425939,0.7428482286783986,0.7425007425007425,0.7425503634784029,133540000,1
1295623680000,1295623739000,0.7425503634784029,0.7425889621576665,0.7424290794621844,0.7425393360213257,116360000,1
1295623740000,1295623799000,0.7425448497089224,0.7426441100895629,0.7424621529917512,0.7426275648499521,106180000,1
1295623800000,1295623859000,0.7426330798479087,0.7428151207445979,0.7426220499339066,0.7427433970112006,131400000,1
1295623860000,1295623919000,0.7427544305301781,0.7429475701899717,0.7426110203475419,0.7429365309321625,164400000,1
1295623920000,1295623979000,0.7429199726605451,0.7429586097758494,0.7428040854224699,0.7428978961131583,128240000,1
1295623980000,1295624039000,0.742914453400691,0.7429972509101715,0.7427930504282202,0.7429586097758494,87810000,1
1295624040000,1295624099000,0.7429586097758494,0.7430138126267768,0.7428703022739259,0.7430027714003373,88600000,1
1295624100000,1295624159000,0.7429972509101715,0.7431518556501835,0.7429972509101715,0.7431242429421775,69150000,1
1295624160000,1295624219000,0.7431242429421775,0.743184993608609,0.7430690236816099,0.7431518556501835,104360000,1
1295624220000,1295624279000,0.7431187206468105,0.7433065247446742,0.7429917305020396,0.7433065247446742,84310000,1
1295624280000,1295624339000,0.7432954748171494,0.7433120498316399,0.7429586097758494,0.7430469382750908,124940000,1
1295624340000,1295624399000,0.7430469382750908,0.7431352877791402,0.7428592653121866,0.7428592653121866,129030000,1
1295624400000,1295624459000,0.742842710484482,0.7429641296918185,0.7427268473473511,0.742886858331476,128800000,1
1295624460000,1295624519000,0.742908934222843,0.7430414171285907,0.7428371923725477,0.7430138126267768,53400000,1
1295624520000,1295624579000,0.7430358960641388,0.7430635022068987,0.7428703022739259,0.7429751697698264,108560000,1
1295624580000,1295624639000,0.7429917305020396,0.7430414171285907,0.7429310114262789,0.7429310114262789,38480000,1
1295624640000,1295624699000,0.7429365309321625,0.7429586097758494,0.7428040854224699,0.7428371923725477,87110000,1
1295624700000,1295624759000,0.7428206385286209,0.742886858331476,0.7426716871272717,0.7427930504282202,114170000,1
1295624760000,1295624819000,0.7428151207445979,0.7429310114262789,0.7427544305301781,0.7429310114262789,124600000,1
1295624820000,1295624879000,0.7429310114262789,0.7429310114262789,0.7425889621576665,0.7426937502320918,119220000,1
1295624880000,1295624939000,0.7426937502320918,0.7428151207445979,0.7422968148043677,0.7424621529917512,166210000,1
1295624940000,1295624999000,0.7424180556071123,0.7426827185158228,0.7423023248908817,0.7423519193508875,196760000,1
1295625000000,1295625059000,0.7423408977870818,0.7424786908615723,0.7421645972643813,0.7422857948767434,143310000,1
1295625060000,1295625119000,0.7422802850356295,0.7424566405321928,0.7422692655987886,0.7423298765505415,114540000,1
1295625120000,1295625179000,0.7423298765505415,0.7424235674937265,0.7422802850356295,0.7423684523102506,152210000,1
1295625180000,1295625239000,0.7423794746922836,0.7424401036446384,0.742192138700867,0.7422527370569678,148330000,1
1295625240000,1295625299000,0.7422141733218537,0.7422362092512321,0.7419333298709777,0.7419498441905327,163660000,1
1295625300000,1295625359000,0.7419333298709777,0.7421040132985038,0.7418837913229271,0.7419663592452719,115370000,1
1295625360000,1295625419000,0.741999391560499,0.7420544519556845,0.7419388345624787,0.7419718644269009,99700000,1
1295625420000,1295625479000,0.7419883804619619,0.7420599584446423,0.741911311921773,0.7419388345624787,110010000,1
1295625480000,1295625539000,0.7419278252611586,0.7420929990946465,0.7418562727657144,0.7419883804619619,126140000,1
1295625540000,1295625599000,0.7419718644269009,0.7419938859703796,0.7412239089184061,0.7412239089184061,146820000,1
1295625600000,1295625659000,0.7412458860853322,0.7413283120695663,0.7409932273219023,0.7411689717021687,196520000,1
1295625660000,1295625719000,0.7411689717021687,0.7411689717021687,0.7409273446645821,0.7409877366529584,126290000,1
1295625720000,1295625779000,0.7409877366529584,0.7412678645555357,0.7408998970149143,0.7412074268984175,139820000,1
1295625780000,1295625839000,0.741163478428437,0.7411964392923056,0.7408944077290105,0.7409822460653842,115840000,1
1295625840000,1295625899000,0.7409822460653842,0.7411524921252547,0.7409438142305669,0.7410371556029819,112560000,1
1295625900000,1295625959000,0.741026173044432,0.7411909456114084,0.7409383242938858,0.7411469990958007,115770000,1
1295625960000,1295626019000,0.7411469990958007,0.7411469990958007,0.740828542642091,0.7409273446645821,77910000,1
1295626020000,1295626079000,0.7409163653606781,0.7412568751575171,0.7407791515115598,0.741163478428437,138010000,1
1295626080000,1295626139000,0.7411469990958007,0.7413502954280927,0.7410042089039065,0.7413228164336442,140750000,1
1295626140000,1295626199000,0.7413338077869703,0.7414382419016408,0.7412239089184061,0.7413667838026186,113910000,1
1295626200000,1295626259000,0.7413393035858582,0.7413667838026186,0.7412623698157963,0.7413557914714429,105460000,1
1295626260000,1295626319000,0.7413393035858582,0.7417407171149254,0.741306330014752,0.7415702007430534,156320000,1
1295626320000,1295626379000,0.7415482043410232,0.7417132091705421,0.7414767250456008,0.7414987172072193,131460000,1
1295626380000,1295626439000,0.7414987172072193,0.7417187105961935,0.7414822229637045,0.7417077078264996,108600000,1
1295626440000,1295626499000,0.7416857032663838,0.7418507692992478,0.7416857032663838,0.7417517208639924,64280000,1
1295626500000,1295626559000,0.7417462189486489,0.7419388345624787,0.7417352153628198,0.7418232531916945,98070000,1
1295626560000,1295626619000,0.7417957391252745,0.7418837913229271,0.7415757000474609,0.7416306975778342,118100000,1
1295626620000,1295626679000,0.7415976980807452,0.7418837913229271,0.7415976980807452,0.7418782874481612,111850000,1
1295626680000,1295626739000,0.7418727836550589,0.7418727836550589,0.7415482043410232,0.7416967053832347,114500000,1
1295626740000,1295626799000,0.7417132091705421,0.7417352153628198,0.7414657294539846,0.7415482043410232,98880000,1
1295626800000,1295626859000,0.7415372066293426,0.7415811994334319,0.7413942660567463,0.7415207106734492,86310000,1
1295626860000,1295626919000,0.7414987172072193,0.7415866989009685,0.7414822229637045,0.7415427054444065,70340000,1
1295626920000,1295626979000,0.7415427054444065,0.7416031977929889,0.741432744635734,0.7414382419016408,122000000,1
1295626980000,1295627039000,0.7414382419016408,0.7415976980807452,0.7413942660567463,0.7415207106734492,136840000,1
1295627040000,1295627099000,0.7415207106734492,0.7417022065640646,0.7415207106734492,0.7416306975778342,89770000,1
1295627100000,1295627159000,0.7416306975778342,0.7420269207366843,0.7416306975778342,0.7419333298709777,111710000,1
1295627160000,1295627219000,0.7419498441905327,0.7420048972323218,0.7419003034372241,0.7419828750352442,77540000,1
1295627220000,1295627279000,0.7419553491270895,0.742043439222932,0.7418452659144356,0.7419938859703796,96720000,1
1295627280000,1295627339000,0.7419938859703796,0.742032426817052,0.7419278252611586,0.7419718644269009,52590000,1
1295627340000,1295627399000,0.7419553491270895,0.7419828750352442,0.7417847340701728,0.7418617763138372,96700000,1
1295627400000,1295627459000,0.7418507692992478,0.7420214147380294,0.7417517208639924,0.7419883804619619,93750000,1
1295627460000,1295627519000,0.7419498441905327,0.7421480733836016,0.7418837913229271,0.7421370578718477,89620000,1
1295627520000,1295627579000,0.7421370578718477,0.7422251911229868,0.742032426817052,0.7421260426870899,98720000,1
1295627580000,1295627639000,0.7421260426870899,0.7421260426870899,0.7418947993174567,0.7419003034372241,53260000,1
1295627640000,1295627699000,0.7419168162865579,0.741999391560499,0.7417847340701728,0.7418012417752787,82380000,1
1295627700000,1295627759000,0.7418012417752787,0.7418122473202032,0.7417297136923304,0.7417517208639924,69890000,1
1295627760000,1295627819000,0.7417792316650719,0.7419553491270895,0.7417572228609576,0.7417902365569065,66800000,1
1295627820000,1295627879000,0.7417902365569065,0.7418342593897672,0.7415537033191945,0.7416416980628319,108740000,1
1295627880000,1295627939000,0.7416637000118667,0.7417297136923304,0.7415262092438657,0.7415702007430534,85130000,1
1295627940000,1295627999000,0.7415482043410232,0.7416141974621961,0.7413887694429205,0.7414712272090281,121870000,1
1295628000000,1295628059000,0.7414712272090281,0.7415427054444065,0.7414107563872536,0.7414437392490658,85180000,1
1295628060000,1295628119000,0.7414492366780108,0.7414712272090281,0.7413228164336442,0.7413502954280927,92920000,1
1295628120000,1295628179000,0.7413502954280927,0.7413502954280927,0.7410975654944973,0.7410975654944973,66940000,1
1295628180000,1295628239000,0.7411305204959645,0.7411964392923056,0.7410426470043351,0.7411360132811573,98570000,1
1295628240000,1295628299000,0.7411360132811573,0.7412568751575171,0.7411085501693433,0.741163478428437,93680000,1
1295628300000,1295628359000,0.7411744650573299,0.7413008347047398,0.7410591216967289,0.7411469990958007,104020000,1
1295628360000,1295628419000,0.7411469990958007,0.741218414830298,0.7409932273219023,0.7410042089039065,135120000,1
1295628420000,1295628479000,0.7410042089039065,0.7411030577912164,0.7409218549719562,0.7409218549719562,154760000,1
1295628480000,1295628539000,0.7409218549719562,0.7411744650573299,0.7409218549719562,0.7411524921252547,57790000,1
1295628540000,1295628599000,0.7411360132811573,0.7411360132811573,0.7409767555591782,0.741026173044432,93000000,1
1295628600000,1295628659000,0.7409932273219023,0.7410810890927685,0.7409493042486033,0.7410151908114117,81920000,1
1295628660000,1295628719000,0.7410042089039065,0.7411140426288797,0.7409383242938858,0.7410206818872315,47200000,1
1295628720000,1295628779000,0.741026173044432,0.7410481384870762,0.7407901267491908,0.7408559850050749,88230000,1
1295628780000,1295628839000,0.7408011023120402,0.7408120782001231,0.7406365030106874,0.7408065902154266,75740000,1
1295628840000,1295628899000,0.7407791515115598,0.7409383242938858,0.7407352538129347,0.7408559850050749,77390000,1
1295628900000,1295628959000,0.7408724513987671,0.7408724513987671,0.7404281155364031,0.7405322946133681,124560000,1
1295628960000,1295629019000,0.7405377785347719,0.7406255323246014,0.7404774598661217,0.740493909437595,59040000,1
1295629020000,1295629079000,0.740488426165899,0.7407133069145587,0.7404445629155745,0.7406913613166529,73030000,1
1295629080000,1295629139000,0.7406694170191018,0.7407242802011806,0.7405542307863204,0.7406913613166529,91890000,1
1295629140000,1295629199000,0.7406858751203614,0.7406858751203614,0.7403842594306446,0.7404500455376778,110140000,1
1295629200000,1295629259000,0.7404555282409738,0.7405597150326216,0.7404226332390529,0.740488426165899,94140000,1
1295629260000,1295629319000,0.7405597150326216,0.7407517148402198,0.7405597150326216,0.7407517148402198,44350000,1
1295629320000,1295629379000,0.7407626892648671,0.740773664014697,0.7405651993601516,0.7405981070312384,91580000,1
1295629380000,1295629439000,0.7406035919274209,0.7407187935172291,0.7406035919274209,0.7406474740217898,71740000,1
1295629440000,1295629499000,0.7406474740217898,0.7406474740217898,0.7405816528301328,0.7405816528301328,17570000,1
1295629500000,1295629559000,0.7405926222162974,0.7408614737216436,0.7405926222162974,0.7408559850050749,71260000,1
1295629560000,1295629619000,0.7408340309520458,0.7408450078159149,0.7401869712289324,0.7401924500370096,124000000,1
1295629620000,1295629679000,0.7402198452940523,0.7402965628030589,0.7401814925019614,0.7402636819235011,52770000,1
1295629680000,1295629739000,0.7402801219981641,0.7402856021853231,0.7398802873695036,0.7400171683983068,113820000,1
1295629740000,1295629799000,0.7400116921847366,0.7401321876087069,0.7398748131816096,0.7399240837890032,92400000,1
1295629800000,1295629859000,0.7399131341980452,0.7399514591842775,0.7397598739449175,0.7398912359883097,55360000,1
1295629860000,1295629919000,0.7399021849311521,0.7400719349920812,0.7398693390747194,0.739885761638403,81530000,1
1295629920000,1295629979000,0.7398912359883097,0.7400445506819511,0.7398748131816096,0.7400445506819511,49730000,1
1295629980000,1295630039000,0.7400390740631105,0.7400555041628122,0.7399350337040408,0.7399624099095765,53950000,1
1295630040000,1295630099000,0.7399952640303102,0.7402636819235011,0.7399952640303102,0.7402143660804169,76300000,1
1295630100000,1295630159000,0.7402253245888049,0.7403239657674199,0.7402253245888049,0.7403020432336394,54510000,1
1295630160000,1295630219000,0.7403130043382341,0.7403842594306446,0.7402472425790214,0.7403568520026653,71050000,1
1295630220000,1295630279000,0.740367814730358,0.7404390803746622,0.7403184850122523,0.7404390803746622,63470000,1
1295630280000,1295630339000,0.7404500455376778,0.7404610110254644,0.7402636819235011,0.7402636819235011,50250000,1
1295630340000,1295630399000,0.7402636819235011,0.740526810773184,0.7402636819235011,0.7404664938911514,67950000,1
1295630400000,1295630459000,0.7404664938911514,0.7405322946133681,0.740367814730358,0.740373296215952,79170000,1
1295630460000,1295630519000,0.7403623333259297,0.7404829429754085,0.7403294466037387,0.7403513707605629,79700000,1
1295630520000,1295630579000,0.740373296215952,0.7404061868340971,0.7402417629597826,0.7403787777827137,51790000,1
1295630580000,1295630639000,0.7403787777827137,0.740521327014218,0.7402746418921419,0.740488426165899,51180000,1
1295630640000,1295630699000,0.7404664938911514,0.740493909437595,0.740373296215952,0.740400704861471,53640000,1
1295630700000,1295630759000,0.740400704861471,0.7404226332390529,0.740269161867255,0.740269161867255,51760000,1
1295630760000,1295630819000,0.7402362834216683,0.7403020432336394,0.7402253245888049,0.7402910824536209,55540000,1
1295630820000,1295630879000,0.7402910824536209,0.7403184850122523,0.7402198452940523,0.7402362834216683,30460000,1
1295630880000,1295630939000,0.7402198452940523,0.7402636819235011,0.7397434569691231,0.7397653464321118,91840000,1
1295630940000,1295630999000,0.739787237190584,0.7400281210686006,0.7397762916494052,0.7400062160522148,102640000,1
1295631000000,1295631059000,0.7400062160522148,0.7401047988395157,0.7399459839431721,0.7400828892835998,55590000,1
1295631060000,1295631119000,0.7400828892835998,0.7401541000836375,0.7395957369701721,0.7395957369701721,104070000,1
1295631120000,1295631179000,0.739579327278644,0.7396723251599542,0.7394699479413157,0.7396668540489363,100950000,1
1295631180000,1295631239000,0.7396394997078425,0.7396394997078425,0.7394426081619675,0.7394426081619675,44160000,1
1295631240000,1295631299000,0.7394590117869766,0.7395683878888282,0.7393660675336966,0.7394535438311088,75580000,1
1295631300000,1295631359000,0.7393824677629245,0.7394699479413157,0.7392567512622809,0.7392786119304782,72440000,1
1295631360000,1295631419000,0.7392786119304782,0.7394590117869766,0.7392786119304782,0.7394590117869766,69070000,1
1295631420000,1295631479000,0.7394590117869766,0.7396449704142012,0.7394590117869766,0.7395465100800189,76510000,1
1295631480000,1295631539000,0.7395355716609968,0.739584797094911,0.7394371404486905,0.739584797094911,71290000,1
1295631540000,1295631599000,0.7395683878888282,0.7396121473899087,0.7395355716609968,0.7396121473899087,62100000,1
1295631600000,1295631659000,0.739579327278644,0.7396285585379022,0.7395683878888282,0.7395683878888282,31710000,1
1295631660000,1295631719000,0.7395738575432835,0.7395957369701721,0.7395355716609968,0.739584797094911,39430000,1
1295631720000,1295631779000,0.7396066771690815,0.7396723251599542,0.7395738575432835,0.7396285585379022,39030000,1
1295631780000,1295631839000,0.73963402908241,0.7398310225944393,0.73963402908241,0.7397598739449175,65030000,1
1295631840000,1295631899000,0.7397598739449175,0.7398091292446549,0.7395355716609968,0.7396285585379022,69490000,1
1295631900000,1295631959000,0.739661383018854,0.7396723251599542,0.7395191646391516,0.7395191646391516,54480000,1
1295631960000,1295632019000,0.7395191646391516,0.7395191646391516,0.7393332692577833,0.739387934667682,60170000,1
1295632020000,1295632079000,0.7394152704041644,0.7394535438311088,0.7393606009522965,0.7393715341959335,55850000,1
1295632080000,1295632139000,0.739387934667682,0.7394207377940122,0.7393551344517312,0.7393551344517312,28680000,1
1295632140000,1295632199000,0.7393660675336966,0.7393824677629245,0.7392075694855116,0.7392458214129944,66840000,1
1295632200000,1295632259000,0.739240356609548,0.7394863527793595,0.739240356609548,0.7393934016532836,98540000,1
1295632260000,1295632319000,0.7394098030951695,0.7395519794108728,0.7394098030951695,0.7394699479413157,39500000,1
1295632320000,1295632379000,0.7394535438311088,0.7396012070291699,0.7394535438311088,0.7396012070291699,81690000,1
1295632380000,1295632439000,0.7396066771690815,0.7396942104134151,0.7394863527793595,0.7395738575432835,96110000,1
1295632440000,1295632499000,0.7395519794108728,0.7397051535258046,0.7395301025728253,0.7396504412014882,92340000,1
1295632500000,1295632559000,0.7396668540489363,0.7397379848057818,0.7396230880743174,0.7396777963519091,70360000,1
1295632560000,1295632619000,0.7396723251599542,0.7397762916494052,0.7396449704142012,0.7397434569691231,43620000,1
1295632620000,1295632679000,0.7397489292134249,0.7397653464321118,0.739661383018854,0.7397598739449175,48900000,1
1295632680000,1295632739000,0.7397708190002737,0.7398638650488311,0.7394426081619675,0.7394918212204573,101850000,1
1295632740000,1295632799000,0.7394863527793595,0.7397708190002737,0.7394699479413157,0.7396504412014882,106040000,1
1295632800000,1295632859000,0.7396887389786377,0.7396887389786377,0.7393387354350269,0.7393387354350269,126750000,1
1295632860000,1295632919000,0.739349668031999,0.7394863527793595,0.7392895427494178,0.7393114053570504,78160000,1
1295632920000,1295632979000,0.7393004738916038,0.7393715341959335,0.7392950082801041,0.7393606009522965,16740000,1
1295632980000,1295633039000,0.7393442016930982,0.739387934667682,0.7393059395839187,0.7393059395839187,31890000,1
1295633040000,1295633099000,0.7393059395839187,0.7394480759561064,0.7393059395839187,0.7393824677629245,36020000,1
1295633100000,1295633159000,0.7393715341959335,0.7393715341959335,0.739316871211001,0.739316871211001,29140000,1
1295633160000,1295633219000,0.7393278031613657,0.7393824677629245,0.7393278031613657,0.7393715341959335,35540000,1
1295633220000,1295633279000,0.7393715341959335,0.739387934667682,0.739076450067995,0.739076450067995,104750000,1
1295633280000,1295633339000,0.739076450067995,0.739076450067995,0.738803433958361,0.7388361852410084,110350000,1
1295633340000,1295633399000,0.7388361852410084,0.7388907771653194,0.7386506330235925,0.7386506330235925,75080000,1
1295633400000,1295633459000,0.7386506330235925,0.7387488549392749,0.7386233537932003,0.7386942839836306,71650000,1
1295633460000,1295633519000,0.738699740716391,0.738754312478299,0.7386888273314866,0.7386888273314866,13880000,1
1295633520000,1295633579000,0.7386779142690413,0.7387488549392749,0.7386342652435647,0.7386779142690413,50660000,1
1295633580000,1295633639000,0.7386779142690413,0.7387106544237688,0.7385906213762897,0.7386724578587363,96630000,1
1295633640000,1295633699000,0.7386615452799528,0.7387161113983897,0.7386451770163166,0.7386888273314866,76140000,1
1295633700000,1295633759000,0.7386724578587363,0.7388361852410084,0.7386724578587363,0.7388088923038278,90750000,1
1295633760000,1295633819000,0.7388088923038278,0.7388798581350673,0.7387870594058675,0.7388525619712586,44570000,1
1295633820000,1295633879000,0.7388798581350673,0.7391747852697249,0.7388798581350673,0.7391256143981669,104170000,1
1295633880000,1295633939000,0.7391365406931623,0.7391911770141112,0.7390655255494952,0.7391638578440068,38810000,1
1295633940000,1295633999000,0.7391638578440068,0.7392130338042121,0.7391146884262031,0.7391256143981669,42490000,1
1295634000000,1295634059000,0.7391146884262031,0.7391638578440068,0.7390928374513123,0.7390928374513123,30010000,1
1295634060000,1295634119000,0.7390928374513123,0.7392676814347707,0.7390819124483566,0.7392622163081245,58990000,1
1295634120000,1295634179000,0.7393059395839187,0.7393059395839187,0.7392239626839744,0.7392294272450398,41480000,1
1295634180000,1295634239000,0.7392294272450398,0.7393114053570504,0.7391201513718071,0.7391802491037439,90130000,1
1295634240000,1295634299000,0.7391966410904629,0.7392021052475957,0.7390491393772772,0.7391529307413703,92410000,1
1295634300000,1295634359000,0.7391201513718071,0.7391365406931623,0.7390709877683751,0.7390819124483566,26030000,1
1295634360000,1295634419000,0.7390873749094619,0.7391146884262031,0.7390600634113534,0.7390600634113534,35780000,1
1295634420000,1295634479000,0.7390600634113534,0.7390655255494952,0.7388580210426765,0.7388580210426765,47240000,1
1295634480000,1295634539000,0.7388743987409581,0.7389235361924748,0.7386942839836306,0.7386942839836306,46590000,1
1295634540000,1295634599000,0.7387051975297698,0.7388798581350673,0.7387051975297698,0.7388088923038278,72620000,1
1295634600000,1295634659000,0.738803433958361,0.7388525619712586,0.7387706855791962,0.7387706855791962,33700000,1
1295634660000,1295634719000,0.7388088923038278,0.7389016965182953,0.7386942839836306,0.7388307264922533,142300000,1
1295634720000,1295634779000,0.7388471029805092,0.7389672194141468,0.7388471029805092,0.7389399167953653,64540000,1
1295634780000,1295634839000,0.7389617587289857,0.739054601353948,0.7389617587289857,0.7390491393772772,48800000,1
1295634840000,1295634899000,0.7390655255494952,0.739076450067995,0.7389836019538726,0.7390491393772772,37230000,1
1295634900000,1295634959000,0.7390600634113534,0.7390600634113534,0.7389672194141468,0.7389945240505769,22880000,1
1295634960000,1295635019000,0.7389781410265884,0.7389781410265884,0.7386888273314866,0.7387215684536341,99930000,1
1295635020000,1295635079000,0.7387215684536341,0.7389672194141468,0.7386724578587363,0.7389672194141468,103320000,1
1295635080000,1295635139000,0.7389890629618682,0.739021830704879,0.738918076152897,0.7389289963127443,36920000,1
1295635140000,1295635199000,0.7389289963127443,0.7389399167953653,0.7386015318595771,0.7386397210896414,35380000,1
1295635200000,1295635259000,0.7386506330235925,0.7389726801800138,0.7386288094780848,0.738956298124529,77070000,1
1295635260000,1295635319000,0.7389672194141468,0.7391802491037439,0.7389672194141468,0.7390327539316542,85460000,1
1295635320000,1295635379000,0.7390163692125781,0.7390163692125781,0.7388907771653194,0.7388907771653194,44790000,1
1295635380000,1295635439000,0.7389016965182953,0.738918076152897,0.7388143507299485,0.7388907771653194,31980000,1
1295635440000,1295635499000,0.7389071563158089,0.738918076152897,0.738776143440776,0.7388088923038278,41270000,1
1295635500000,1295635559000,0.7387925175093826,0.738803433958361,0.7386233537932003,0.7386615452799528,31610000,1
1295635560000,1295635619000,0.7386724578587363,0.738776143440776,0.7386615452799528,0.738776143440776,47040000,1
1295635620000,1295635679000,0.738754312478299,0.7389235361924748,0.738754312478299,0.7388634801947644,56280000,1
1295635680000,1295635739000,0.7388634801947644,0.7389126161940089,0.7387597700979596,0.7389126161940089,52970000,1
1295635740000,1295635799000,0.7389126161940089,0.7389126161940089,0.738776143440776,0.7387979756935465,53940000,1
1295635800000,1295635859000,0.738776143440776,0.7389016965182953,0.738776143440776,0.738803433958361,33730000,1
1295635860000,1295635919000,0.7388088923038278,0.7388471029805092,0.7387925175093826,0.7388198092367253,57910000,1
1295635920000,1295635979000,0.7388198092367253,0.7389016965182953,0.7388198092367253,0.738896236801466,63460000,1
1295635980000,1295636039000,0.738896236801466,0.7389344565137073,0.7388416440704264,0.7389126161940089,44080000,1
1295636040000,1295636099000,0.7389126161940089,0.7389126161940089,0.738803433958361,0.738803433958361,46220000,1
1295636100000,1295636159000,0.7388088923038278,0.738918076152897,0.7388088923038278,0.7388580210426765,42380000,1
1295636160000,1295636219000,0.7388580210426765,0.7388907771653194,0.7388361852410084,0.7388907771653194,31110000,1
1295636220000,1295636279000,0.738896236801466,0.7389726801800138,0.7388689394275243,0.7388907771653194,48560000,1
1295636280000,1295636339000,0.738896236801466,0.7389453771577205,0.7388416440704264,0.7388798581350673,67100000,1
1295636340000,1295636399000,0.7388798581350673,0.739038215666132,0.7388634801947644,0.7388743987409581,82590000,1
1295636400000,1295636459000,0.7388743987409581,0.7388853176098538,0.7388471029805092,0.7388471029805092,37100000,1
1295636460000,1295636519000,0.7388471029805092,0.7388798581350673,0.7388307264922533,0.7388416440704264,67070000,1
1295636520000,1295636579000,0.7388416440704264,0.7388471029805092,0.7386342652435647,0.7387106544237688,48790000,1
1295636580000,1295636639000,0.7387161113983897,0.738754312478299,0.7386560891114706,0.7387106544237688,53010000,1
1295636640000,1295636699000,0.7387324828060015,0.738956298124529,0.7387324828060015,0.738956298124529,37510000,1
1295636700000,1295636759000,0.7389399167953653,0.7389453771577205,0.7387597700979596,0.7387597700979596,42320000,1
1295636760000,1295636819000,0.738776143440776,0.7388471029805092,0.738776143440776,0.7388471029805092,11930000,1
1295636820000,1295636879000,0.7388634801947644,0.7389344565137073,0.7388416440704264,0.7388634801947644,64380000,1
1295636880000,1295636939000,0.7388634801947644,0.7388634801947644,0.7388416440704264,0.7388471029805092,38380000,1
1295636940000,1295636999000,0.7388689394275243,0.7389289963127443,0.7388416440704264,0.7389071563158089,28520000,1
1295637000000,1295637059000,0.7389071563158089,0.7389289963127443,0.7388252678241596,0.7388525619712586,52070000,1
1295637060000,1295637119000,0.7388743987409581,0.7389289963127443,0.7388361852410084,0.7388361852410084,38430000,1
1295637120000,1295637179000,0.7388252678241596,0.7388471029805092,0.7387870594058675,0.7387870594058675,28740000,1
1295637180000,1295637239000,0.7388088923038278,0.738918076152897,0.7388088923038278,0.738918076152897,32820000,1
1295637240000,1295637299000,0.738918076152897,0.7390327539316542,0.738754312478299,0.7387979756935465,83200000,1
1295637300000,1295637359000,0.7388416440704264,0.7388416440704264,0.7387870594058675,0.7387925175093826,47280000,1
1295637360000,1295637419000,0.7387870594058675,0.7387870594058675,0.7386397210896414,0.7386833707599574,25100000,1
1295637420000,1295637479000,0.7386833707599574,0.738765227798258,0.7386724578587363,0.738765227798258,26190000,1
1295637480000,1295637539000,0.7387706855791962,0.7388361852410084,0.7387488549392749,0.7388361852410084,41930000,1
1295637540000,1295637599000,0.7388361852410084,0.7389453771577205,0.7388143507299485,0.7388689394275243,46020000,1
1295637600000,1295637659000,0.7388416440704264,0.7390109078009992,0.7388416440704264,0.7390109078009992,32530000,1
1295637660000,1295637719000,0.7389399167953653,0.7391638578440068,0.7389344565137073,0.7390054464701405,64240000,1
1295637720000,1295637779000,0.7389453771577205,0.7389453771577205,0.7388471029805092,0.7389071563158089,52460000,1
1295637780000,1295637839000,0.7389071563158089,0.7389289963127443,0.7387870594058675,0.7388307264922533,42550000,1
1295637840000,1295637899000,0.7388416440704264,0.7388580210426765,0.7388198092367253,0.7388198092367253,17030000,1
1295637900000,1295637959000,0.7388198092367253,0.7389399167953653,0.7387379401031278,0.7389399167953653,85490000,1
1295637960000,1295638019000,0.7389399167953653,0.739021830704879,0.738918076152897,0.7389999852200003,39550000,1
1295638020000,1295638079000,0.7389999852200003,0.7390272922779039,0.7389617587289857,0.7389836019538726,42590000,1
1295638080000,1295638139000,0.7389999852200003,0.7390819124483566,0.7389781410265884,0.7389781410265884,51770000,1
1295638140000,1295638199000,0.7389781410265884,0.7389781410265884,0.7388743987409581,0.7389508376007744,42470000,1
1295638200000,1295638259000,0.738918076152897,0.7389289963127443,0.7388634801947644,0.7389289963127443,27390000,1
1295638260000,1295638319000,0.7389289963127443,0.7390054464701405,0.7389126161940089,0.7389126161940089,19300000,1
1295638320000,1295638379000,0.738918076152897,0.738956298124529,0.7388471029805092,0.7388743987409581,15150000,1
1295638380000,1295638439000,0.7388580210426765,0.7388580210426765,0.7387597700979596,0.7387870594058675,42550000,1
1295638440000,1295638499000,0.7388088923038278,0.738896236801466,0.7386833707599574,0.7388689394275243,87010000,1
1295638500000,1295638559000,0.7388689394275243,0.7389289963127443,0.7387816013829992,0.738803433958361,51470000,1
1295638560000,1295638619000,0.7387597700979596,0.7388689394275243,0.738754312478299,0.7388525619712586,34910000,1
1295638620000,1295638679000,0.7388471029805092,0.7389453771577205,0.738803433958361,0.7389453771577205,40910000,1
1295638680000,1295638739000,0.7389508376007744,0.7389890629618682,0.7388634801947644,0.7389890629618682,27700000,1
1295638740000,1295638799000,0.7389890629618682,0.739021830704879,0.7389617587289857,0.7389617587289857,46220000,1
1295638800000,1295638859000,0.7389672194141468,0.7390491393772772,0.7389672194141468,0.7390436774813391,38780000,1
1295638860000,1295638919000,0.7390819124483566,0.7391092255613534,0.7390491393772772,0.7390600634113534,24160000,1
1295638920000,1295638979000,0.7390436774813391,0.7390600634113534,0.7389999852200003,0.7390109078009992,21150000,1
1295638980000,1295639039000,0.7389999852200003,0.7391747852697249,0.7389945240505769,0.7391201513718071,48070000,1
1295639040000,1295639099000,0.7391201513718071,0.7391201513718071,0.739021830704879,0.7390327539316542,52670000,1
1295639100000,1295639159000,0.739021830704879,0.7390983000739099,0.7389726801800138,0.7390983000739099,30060000,1
1295639160000,1295639219000,0.7390873749094619,0.7390928374513123,0.7390163692125781,0.739076450067995,67400000,1
1295639220000,1295639279000,0.7390655255494952,0.7391256143981669,0.7389999852200003,0.7390163692125781,78290000,1
1295639280000,1295639339000,0.7389999852200003,0.7390272922779039,0.7389672194141468,0.7389672194141468,36760000,1
1295639340000,1295639399000,0.7389672194141468,0.7390109078009992,0.7389399167953653,0.7389836019538726,56330000,1
1295639400000,1295639459000,0.7389999852200003,0.7390054464701405,0.7388907771653194,0.7389126161940089,68890000,1
1295639460000,1295639519000,0.7389235361924748,0.7389235361924748,0.7388307264922533,0.7388471029805092,61130000,1
1295639520000,1295639579000,0.7388088923038278,0.738896236801466,0.7387870594058675,0.7388416440704264,148710000,1
1295639580000,1295639639000,0.7388361852410084,0.7388743987409581,0.7387106544237688,0.7387706855791962,120760000,1
1295639640000,1295639699000,0.7387870594058675,0.7387870594058675,0.7386397210896414,0.7387215684536341,84270000,1
1295639700000,1295639759000,0.7387215684536341,0.7388743987409581,0.7387161113983897,0.7388743987409581,120650000,1
1295639760000,1295639819000,0.7388580210426765,0.7389890629618682,0.7387597700979596,0.7389890629618682,86030000,1
1295639820000,1295639879000,0.7389890629618682,0.739038215666132,0.7389344565137073,0.7389890629618682,34580000,1
1295639880000,1295639939000,0.7389672194141468,0.7392021052475957,0.7389672194141468,0.7392021052475957,44350000,1
1295639940000,1295639999000,0.7392021052475957,0.7393004738916038,0.7391365406931623,0.7391747852697249,88070000,1
1295640000000,1295640059000,0.7391857130185387,0.7391966410904629,0.7389890629618682,0.739054601353948,52280000,1
1295640060000,1295640119000,0.739038215666132,0.739038215666132,0.7388907771653194,0.7389726801800138,47260000,1
1295640120000,1295640179000,0.7389781410265884,0.7390327539316542,0.7383942877817897,0.7383997400832916,68790000,1
1295640180000,1295640239000,0.7384270027986383,0.738606987222099,0.7384215500945179,0.7385633465782361,88560000,1
1295640240000,1295640299000,0.7385524372230428,0.7388143507299485,0.7385415281901301,0.7388143507299485,71850000,1
1295640300000,1295640359000,0.738776143440776,0.738803433958361,0.7386560891114706,0.7386560891114706,36010000,1
1295640360000,1295640419000,0.7386560891114706,0.7386560891114706,0.7383288664436914,0.7384160974709248,106360000,1
1295640420000,1295640479000,0.7384706273307979,0.7384978952809984,0.7383779313603875,0.7383779313603875,61160000,1
1295640480000,1295640539000,0.7383561239256918,0.7384706273307979,0.7381980585391061,0.7384706273307979,91400000,1
1295640540000,1295640599000,0.7384706273307979,0.738743397480885,0.7384706273307979,0.7385742562557239,79550000,1
1295640600000,1295640659000,0.7385251652450058,0.7387925175093826,0.7384924415298609,0.738765227798258,117220000,1
1295640660000,1295640719000,0.7387379401031278,0.7387379401031278,0.7384869878592739,0.7386015318595771,56400000,1
1295640720000,1295640779000,0.7385688013766923,0.7386288094780848,0.738508803024932,0.7385524372230428,41640000,1
1295640780000,1295640839000,0.738519711091089,0.738579711215333,0.7385142570177317,0.7385742562557239,24760000,1
1295640840000,1295640899000,0.7385742562557239,0.7385742562557239,0.7383942877817897,0.7384597207145336,50000000,1
1295640900000,1295640959000,0.7384978952809984,0.7384978952809984,0.7382798080472499,0.7383779313603875,42380000,1
1295640960000,1295641019000,0.7383888355608063,0.7385033491126882,0.7383724793809485,0.7385033491126882,24380000,1
1295641020000,1295641079000,0.7385033491126882,0.7385033491126882,0.7384324555832879,0.7384815342692356,28140000,1
1295641080000,1295641139000,0.738443361394181,0.7384488144204284,0.7382798080472499,0.7384160974709248,109800000,1
1295641140000,1295641199000,0.7384051924653133,0.7385415281901301,0.7383452206913865,0.7385415281901301,39400000,1
1295641200000,1295641259000,0.7385306194794836,0.7386451770163166,0.7385306194794836,0.7386178981889089,27020000,1
1295641260000,1295641319000,0.7386178981889089,0.7386779142690413,0.7385524372230428,0.7386342652435647,21000000,1
1295641320000,1295641379000,0.7386124426652091,0.7387324828060015,0.7386124426652091,0.7386451770163166,22510000,1
1295641380000,1295641439000,0.7386342652435647,0.7386342652435647,0.7385415281901301,0.7386342652435647,31900000,1
1295641440000,1295641499000,0.7386342652435647,0.7386342652435647,0.7383615756636025,0.7384270027986383,112530000,1
1295641500000,1295641559000,0.7384324555832879,0.738443361394181,0.7380836396380438,0.7380836396380438,70120000,1
1295641560000,1295641619000,0.7380836396380438,0.738465173982395,0.7380672969761384,0.738465173982395,136570000,1
1295641620000,1295641679000,0.7384597207145336,0.738465173982395,0.7383506722682871,0.7383561239256918,83090000,1
1295641680000,1295641739000,0.7383561239256918,0.7383942877817897,0.7382253063635021,0.7383724793809485,53460000,1
1295641740000,1295641799000,0.7384706273307979,0.7385578918603535,0.7382362060564899,0.7385578918603535,138940000,1
1295641800000,1295641859000,0.7385688013766923,0.7389726801800138,0.7385688013766923,0.7389344565137073,146860000,1
1295641860000,1295641919000,0.7389453771577205,0.739076450067995,0.7388634801947644,0.738896236801466,90790000,1
1295641920000,1295641979000,0.738896236801466,0.738896236801466,0.7386288094780848,0.7386615452799528,81360000,1
1295641980000,1295642039000,0.7386506330235925,0.7388143507299485,0.738606987222099,0.7386833707599574,74480000,1
1295642040000,1295642099000,0.738699740716391,0.7388743987409581,0.7386942839836306,0.7388743987409581,86270000,1
1295642100000,1295642159000,0.7389016965182953,0.7389016965182953,0.7388252678241596,0.7388361852410084,51770000,1
1295642160000,1295642219000,0.7388198092367253,0.7388198092367253,0.7386560891114706,0.7386724578587363,40330000,1
1295642220000,1295642279000,0.7386724578587363,0.7388743987409581,0.7386724578587363,0.7388525619712586,69790000,1
1295642280000,1295642339000,0.7388689394275243,0.7390436774813391,0.7387979756935465,0.738896236801466,115940000,1
1295642340000,1295642399000,0.7389071563158089,0.7390655255494952,0.7387979756935465,0.7387979756935465,100520000,1
1295642400000,1295642459000,0.7387816013829992,0.7387816013829992,0.738585166255521,0.7386397210896414,81000000,1
1295642460000,1295642519000,0.7386342652435647,0.7386615452799528,0.7385960765776413,0.7386397210896414,30000000,1
1295642520000,1295642579000,0.7386288094780848,0.7386670015290406,0.738585166255521,0.7385960765776413,24750000,1
1295642580000,1295642639000,0.7386124426652091,0.7386124426652091,0.7384160974709248,0.7384270027986383,48000000,1
1295642640000,1295642699000,0.7384760807597442,0.7385469826663024,0.738263456697157,0.738263456697157,64100000,1
1295642700000,1295642759000,0.7382253063635021,0.7384215500945179,0.7382253063635021,0.7384215500945179,105700000,1
1295642760000,1295642819000,0.7384160974709248,0.7384160974709248,0.7383615756636025,0.7383615756636025,39850000,1
1295642820000,1295642879000,0.7383561239256918,0.7384270027986383,0.738312512920469,0.7384160974709248,31880000,1
1295642880000,1295642939000,0.7384160974709248,0.7384597207145336,0.7382416560236827,0.7382416560236827,46140000,1
1295642940000,1295642999000,0.7382416560236827,0.7382525561994758,0.7380945351480618,0.7381817108099329,53630000,1
1295643000000,1295643059000,0.7382035079430697,0.7382035079430697,0.7379747022272077,0.7380509550379358,69350000,1
1295643060000,1295643119000,0.7380672969761384,0.7380890873528434,0.7380346138233883,0.7380781920036609,33380000,1
1295643120000,1295643179000,0.7380781920036609,0.7381435689241558,0.7380672969761384,0.7380672969761384,16880000,1
1295643180000,1295643239000,0.7380945351480618,0.7381054309797612,0.7378984651711925,0.7379202455798578,89280000,1
1295643240000,1295643299000,0.7379202455798578,0.7379202455798578,0.7377133835962052,0.7377133835962052,57800000,1
1295643300000,1295643359000,0.7377841391165773,0.737805912776585,0.7376970573264383,0.7377460383037743,70910000,1
1295643360000,1295643419000,0.7377405956517569,0.7378494639523644,0.7377405956517569,0.7378494639523644,31530000,1
1295643420000,1295643479000,0.7378657969688474,0.7378657969688474,0.7377188258467169,0.7377569238487303,74260000,1
1295643480000,1295643539000,0.7377514810360982,0.7378657969688474,0.7376317594730358,0.7376698484826131,123890000,1
1295643540000,1295643599000,0.7376698484826131,0.7377297105886346,0.7375773534249405,0.7376861735480491,194590000,1
1295643600000,1295643659000,0.7376861735480491,0.7380291669126764,0.7376154368158616,0.7379910407887649,164510000,1
1295643660000,1295643719000,0.7379910407887649,0.7380672969761384,0.7379638102547451,0.7379855945211949,47440000,1
1295643720000,1295643779000,0.7379529186037931,0.7379747022272077,0.7378385756764135,0.7379747022272077,89240000,1
1295643780000,1295643839000,0.7379747022272077,0.7380455078860163,0.7379747022272077,0.7380019335650659,29520000,1
1295643840000,1295643899000,0.7379855945211949,0.738040060814501,0.7378657969688474,0.7378657969688474,76340000,1
1295643900000,1295643959000,0.7378930202699212,0.7379148003571507,0.7378331316589439,0.7378331316589439,30610000,1
1295643960000,1295644019000,0.7378385756764135,0.7379311362663636,0.737805912776585,0.737805912776585,44860000,1
1295644020000,1295644079000,0.7378276877218095,0.7379801483340098,0.737805912776585,0.7379365817301662,71560000,1
1295644080000,1295644139000,0.7379801483340098,0.7381217753304941,0.7379365817301662,0.7380073800738007,91970000,1
1295644140000,1295644199000,0.7380073800738007,0.7382307561697635,0.7380073800738007,0.7381817108099329,65200000,1
1295644200000,1295644259000,0.7381817108099329,0.7383234151887893,0.7381381204050902,0.738312512920469,71190000,1
1295644260000,1295644319000,0.7382961601216712,0.7385306194794836,0.7382471060713443,0.7384978952809984,147650000,1
1295644320000,1295644379000,0.738465173982395,0.7387597700979596,0.738465173982395,0.738606987222099,87040000,1
1295644380000,1295644439000,0.738606987222099,0.7386779142690413,0.738606987222099,0.7386560891114706,24020000,1
1295644440000,1295644499000,0.7386942839836306,0.7388634801947644,0.7385742562557239,0.7385960765776413,56490000,1
1295644500000,1295644559000,0.7385742562557239,0.7386124426652091,0.7385306194794836,0.738585166255521,38100000,1
1295644560000,1295644619000,0.7385633465782361,0.7386506330235925,0.7385633465782361,0.7386506330235925,18380000,1
1295644620000,1295644679000,0.7386615452799528,0.7387324828060015,0.7385415281901301,0.7386397210896414,88860000,1
1295644680000,1295644739000,0.7386288094780848,0.7387379401031278,0.7385033491126882,0.7387379401031278,34660000,1
1295644740000,1295644799000,0.7387379401031278,0.7388307264922533,0.7386560891114706,0.7387706855791962,47830000,1
1295644800000,1295644859000,0.738754312478299,0.7387925175093826,0.738579711215333,0.7387925175093826,47640000,1
1295644860000,1295644919000,0.738803433958361,0.7388689394275243,0.738606987222099,0.738765227798258,62290000,1
1295644920000,1295644979000,0.738754312478299,0.7389071563158089,0.7387324828060015,0.7387979756935465,34880000,1
1295644980000,1295645039000,0.7387816013829992,0.7387870594058675,0.738579711215333,0.7385906213762897,53270000,1
1295645040000,1295645099000,0.7386015318595771,0.7387706855791962,0.7386015318595771,0.7387106544237688,54570000,1
1295645100000,1295645159000,0.7387106544237688,0.7387816013829992,0.7386342652435647,0.7387597700979596,41380000,1
1295645160000,1295645219000,0.7387270255895042,0.7387979756935465,0.738606987222099,0.738606987222099,27760000,1
1295645220000,1295645279000,0.738606987222099,0.738606987222099,0.7384815342692356,0.7385251652450058,21380000,1
1295645280000,1295645339000,0.738519711091089,0.7385415281901301,0.738465173982395,0.7384924415298609,16690000,1
1295645340000,1295645399000,0.7384760807597442,0.7384924415298609,0.7382362060564899,0.7382525561994758,105770000,1
1295645400000,1295645459000,0.7382198566377038,0.738443361394181,0.7382035079430697,0.7383670274820207,87840000,1
1295645460000,1295645519000,0.7383888355608063,0.7383888355608063,0.7382743575167403,0.7382798080472499,69990000,1
1295645520000,1295645579000,0.7383016109741152,0.7383942877817897,0.7383016109741152,0.7383234151887893,113820000,1
1295645580000,1295645639000,0.7383234151887893,0.7384488144204284,0.7383234151887893,0.7383888355608063,39500000,1
1295645640000,1295645699000,0.738443361394181,0.7384706273307979,0.73826890706671,0.7383016109741152,82550000,1
1295645700000,1295645759000,0.7382907093497136,0.7383561239256918,0.7381817108099329,0.7382362060564899,96420000,1
1295645760000,1295645819000,0.738263456697157,0.7383833834203396,0.7382253063635021,0.7382852586582404,121470000,1
1295645820000,1295645879000,0.7383397691949881,0.7386724578587363,0.7382798080472499,0.738519711091089,95660000,1
1295645880000,1295645939000,0.7385524372230428,0.7387270255895042,0.7385524372230428,0.7386015318595771,40700000,1
1295645940000,1295645999000,0.7386124426652091,0.738803433958361,0.7386124426652091,0.7387706855791962,63400000,1
1295646000000,1295646059000,0.738765227798258,0.7390491393772772,0.7387488549392749,0.739038215666132,84220000,1
1295646060000,1295646119000,0.739021830704879,0.739038215666132,0.7387161113983897,0.7387161113983897,112300000,1
1295646120000,1295646179000,0.7387106544237688,0.7388088923038278,0.738699740716391,0.7387816013829992,43500000,1
1295646180000,1295646239000,0.7388088923038278,0.7390819124483566,0.738776143440776,0.7389016965182953,130740000,1
1295646240000,1295646299000,0.7389508376007744,0.7392294272450398,0.738803433958361,0.7392294272450398,169590000,1
1295646300000,1295646359000,0.7392294272450398,0.739316871211001,0.7391474673112032,0.7391693215164797,100290000,1
1295646360000,1295646419000,0.7391802491037439,0.7394699479413157,0.7391802491037439,0.7394699479413157,83070000,1
1295646420000,1295646479000,0.7394480759561064,0.7394699479413157,0.7391693215164797,0.7392294272450398,56580000,1
1295646480000,1295646539000,0.739240356609548,0.7392950082801041,0.7390873749094619,0.7391420039618012,28440000,1
1295646540000,1295646599000,0.7391420039618012,0.7393660675336966,0.7391256143981669,0.7393606009522965,26490000,1
1295646600000,1295646659000,0.7393606009522965,0.7393824677629245,0.7392512862972382,0.7393824677629245,67880000,1
1295646660000,1295646719000,0.7393715341959335,0.7393824677629245,0.7390819124483566,0.7391037627772563,102020000,1
1295646720000,1295646779000,0.7391037627772563,0.7391420039618012,0.738765227798258,0.738765227798258,121270000,1
1295646780000,1295646839000,0.738765227798258,0.7388198092367253,0.738465173982395,0.738465173982395,59440000,1
1295646840000,1295646899000,0.738465173982395,0.7388307264922533,0.738465173982395,0.7385524372230428,113500000,1
1295646900000,1295646959000,0.7385306194794836,0.7385306194794836,0.7385306194794836,0.7385306194794836,1500000,1
1295646960000,1295647019000,0.7385033491126882,0.738606987222099,0.7385033491126882,0.7385033491126882,26260000,1
1295647020000,1295647079000,0.7386178981889089,0.7386233537932003,0.7384106449278572,0.7385688013766923,76720000,1
1295647080000,1295647139000,0.7385524372230428,0.7386506330235925,0.7385306194794836,0.7386233537932003,74370000,1
1295647140000,1295647199000,0.7386942839836306,0.7389836019538726,0.738585166255521,0.7385906213762897,98250000,1
1295647200000,1295647259000,0.7385906213762897,0.7385906213762897,0.7385906213762897,0.7385906213762897,0,1
1295647260000,1295647319000,0.7385906213762897,0.7385906213762897,0.7385906213762897,0.7385906213762897,0,1
1295647320000,1295647379000,0.7385906213762897,0.7385906213762897,0.7385906213762897,0.7385906213762897,0,1
1295647380000,1295647439000,0.7385906213762897,0.7385906213762897,0.7385906213762897,0.7385906213762897,0,1
1295647440000,1295647499000,0.7385906213762897,0.7385906213762897,0.7385906213762897,0.7385906213762897,0,1
1295647500000,1295647559000,0.7385906213762897,0.7385906213762897,0.7385906213762897,0.7385906213762897,0,1
1295647560000,1295647619000,0.7385906213762897,0.7385906213762897,0.7385906213762897,0.7385906213762897,0,1
1295647620000,1295647679000,0.7385906213762897,0.7385906213762897,0.7385906213762897,0.7385906213762897,0,1
1295647680000,1295647739000,0.7385906213762897,0.7385906213762897,0.7385906213762897,0.7385906213762897,0,1
1295647740000,1295647799000,0.7385906213762897,0.7385906213762897,0.7385906213762897,0.7385906213762897,0,1
1295647800000,1295647859000,0.7385906213762897,0.7385906213762897,0.7385906213762897,0.7385906213762897,0,1
1295647860000,1295647919000,0.7385906213762897,0.7385906213762897,0.7385906213762897,0.7385906213762897,0,1
1295647920000,1295647979000,0.7385906213762897,0.7385906213762897,0.7385906213762897,0.7385906213762897,0,1
1295647980000,1295648039000,0.7385906213762897,0.7385906213762897,0.7385906213762897,0.7385906213762897,0,1
1295648040000,1295648099000,0.7385906213762897,0.7385906213762897,0.7385906213762897,0.7385906213762897,0,1
1295648100000,1295648159000,0.7385906213762897,0.7385906213762897,0.7385906213762897,0.7385906213762897,0,1
1295648160000,1295648219000,0.7385906213762897,0.7385906213762897,0.7385906213762897,0.7385906213762897,0,1
1295648220000,1295648279000,0.7385906213762897,0.7385906213762897,0.7385906213762897,0.7385906213762897,0,1
1295648280000,1295648339000,0.7385906213762897,0.7385906213762897,0.7385906213762897,0.7385906213762897,0,1
1295648340000,1295648399000,0.7385906213762897,0.7385906213762897,0.7385906213762897,0.7385906213762897,0,1
1295648400000,1295648459000,0.7385906213762897,0.7385906213762897,0.7385906213762897,0.7385906213762897,0,1
1295648460000,1295648519000,0.7385906213762897,0.7385906213762897,0.7385906213762897,0.7385906213762897,0,1
1295648520000,1295648579000,0.7385906213762897,0.7385906213762897,0.7385906213762897,0.7385906213762897,0,1
1295648580000,1295648639000,0.7385906213762897,0.7385906213762897,0.7385906213762897,0.7385906213762897,0,1
1295648640000,1295648699000,0.7385906213762897,0.7385906213762897,0.7385906213762897,0.7385906213762897,0,1
1295648700000,1295648759000,0.7385906213762897,0.7385906213762897,0.7385906213762897,0.7385906213762897,0,1
1295648760000,1295648819000,0.7385906213762897,0.7385906213762897,0.7385906213762897,0.7385906213762897,0,1
1295648820000,1295648879000,0.7385906213762897,0.7385906213762897,0.7385906213762897,0.7385906213762897,0,1
1295648880000,1295648939000,0.7385906213762897,0.7385906213762897,0.7385906213762897,0.7385906213762897,0,1
1295648940000,1295648999000,0.7385906213762897,0.7385906213762897,0.7385906213762897,0.7385906213762897,0,1
1295649000000,1295649059000,0.7385906213762897,0.7385906213762897,0.7385906213762897,0.7385906213762897,0,1
1295649060000,1295649119000,0.7385906213762897,0.7385906213762897,0.7385906213762897,0.7385906213762897,0,1
1295649120000,1295649179000,0.7385906213762897,0.7385906213762897,0.7385906213762897,0.7385906213762897,0,1
1295649180000,1295649239000,0.7385906213762897,0.7385906213762897,0.7385906213762897,0.7385906213762897,0,1
1295649240000,1295649299000,0.7385906213762897,0.7385906213762897,0.7385906213762897,0.7385906213762897,0,1
1295649300000,1295649359000,0.7385906213762897,0.7385906213762897,0.7385906213762897,0.7385906213762897,0,1
1295649360000,1295649419000,0.7385906213762897,0.7385906213762897,0.7385906213762897,0.7385906213762897,0,1
1295649420000,1295649479000,0.7385906213762897,0.7385906213762897,0.7385906213762897,0.7385906213762897,0,1
1295649480000,1295649539000,0.7385906213762897,0.7385906213762897,0.7385906213762897,0.7385906213762897,0,1
1295649540000,1295649599000,0.7385906213762897,0.7385906213762897,0.7385906213762897,0.7385906213762897,0,1
1295649600000,1295649659000,0.7385906213762897,0.7385906213762897,0.7385906213762897,0.7385906213762897,0,1
1295649660000,1295649719000,0.7385906213762897,0.7385906213762897,0.7385906213762897,0.7385906213762897,0,1
1295649720000,1295649779000,0.7385906213762897,0.7385906213762897,0.7385906213762897,0.7385906213762897,0,1
1295649780000,1295649839000,0.7385906213762897,0.7385906213762897,0.7385906213762897,0.7385906213762897,0,1
1295649840000,1295649899000,0.7385906213762897,0.7385906213762897,0.7385906213762897,0.7385906213762897,0,1
1295649900000,1295649959000,0.7385906213762897,0.7385906213762897,0.7385906213762897,0.7385906213762897,0,1
1295649960000,1295650019000,0.7385906213762897,0.7385906213762897,0.7385906213762897,0.7385906213762897,0,1
1295650020000,1295650079000,0.7385906213762897,0.7385906213762897,0.7385906213762897,0.7385906213762897,0,1
1295650080000,1295650139000,0.7385906213762897,0.7385906213762897,0.7385906213762897,0.7385906213762897,0,1
1295650140000,1295650199000,0.7385906213762897,0.7385906213762897,0.7385906213762897,0.7385906213762897,0,1
1295650200000,1295650259000,0.7385906213762897,0.7385906213762897,0.7385906213762897,0.7385906213762897,0,1
1295650260000,1295650319000,0.7385906213762897,0.7385906213762897,0.7385906213762897,0.7385906213762897,0,1
1295650320000,1295650379000,0.7385906213762897,0.7385906213762897,0.7385906213762897,0.7385906213762897,0,1
1295650380000,1295650439000,0.7385906213762897,0.7385906213762897,0.7385906213762897,0.7385906213762897,0,1
1295650440000,1295650499000,0.7385906213762897,0.7385906213762897,0.7385906213762897,0.7385906213762897,0,1
1295650500000,1295650559000,0.7385906213762897,0.7385906213762897,0.7385906213762897,0.7385906213762897,0,1
1295650560000,1295650619000,0.7385906213762897,0.7385906213762897,0.7385906213762897,0.7385906213762897,0,1
1295650620000,1295650679000,0.7385906213762897,0.7385906213762897,0.7385906213762897,0.7385906213762897,0,1
1295650680000,1295650739000,0.7385906213762897,0.7385906213762897,0.7385906213762897,0.7385906213762897,0,1
1295650740000,1295650799000,0.7385906213762897,0.7385906213762897,0.7385906213762897,0.7385906213762897,0,1
1295650800000,1295650859000,0.7385906213762897,0.7385906213762897,0.7385906213762897,0.7385906213762897,0,1
1295650860000,1295650919000,0.7385906213762897,0.7385906213762897,0.7385906213762897,0.7385906213762897,0,1
1295650920000,1295650979000,0.7385906213762897,0.7385906213762897,0.7385906213762897,0.7385906213762897,0,1
1295650980000,1295651039000,0.7385906213762897,0.7385906213762897,0.7385906213762897,0.7385906213762897,0,1
1295651040000,1295651099000,0.7385906213762897,0.7385906213762897,0.7385906213762897,0.7385906213762897,0,1
1295651100000,1295651159000,0.7385906213762897,0.7385906213762897,0.7385906213762897,0.7385906213762897,0,1
1295651160000,1295651219000,0.7385906213762897,0.7385906213762897,0.7385906213762897,0.7385906213762897,0,1
1295651220000,1295651279000,0.7385906213762897,0.7385906213762897,0.7385906213762897,0.7385906213762897,0,1
1295651280000,1295651339000,0.7385906213762897,0.7385906213762897,0.7385906213762897,0.7385906213762897,0,1
1295651340000,1295651399000,0.7385906213762897,0.7385906213762897,0.7385906213762897,0.7385906213762897,0,1
1295651400000,1295651459000,0.7385906213762897,0.7385906213762897,0.7385906213762897,0.7385906213762897,0,1
1295651460000,1295651519000,0.7385906213762897,0.7385906213762897,0.7385906213762897,0.7385906213762897,0,1
1295651520000,1295651579000,0.7385906213762897,0.7385906213762897,0.7385906213762897,0.7385906213762897,0,1
1295651580000,1295651639000,0.7385906213762897,0.7385906213762897,0.7385906213762897,0.7385906213762897,0,1
1295651640000,1295651699000,0.7385906213762897,0.7385906213762897,0.7385906213762897,0.7385906213762897,0,1
1295651700000,1295651759000,0.7385906213762897,0.7385906213762897,0.7385906213762897,0.7385906213762897,0,1
1295651760000,1295651819000,0.7385906213762897,0.7385906213762897,0.7385906213762897,0.7385906213762897,0,1
1295651820000,1295651879000,0.7385906213762897,0.7385906213762897,0.7385906213762897,0.7385906213762897,0,1
1295651880000,1295651939000,0.7385906213762897,0.7385906213762897,0.7385906213762897,0.7385906213762897,0,1
1295651940000,1295651999000,0.7385906213762897,0.7385906213762897,0.7385906213762897,0.7385906213762897,0,1
1295652000000,1295652059000,0.7385906213762897,0.7385906213762897,0.7385906213762897,0.7385906213762897,0,1
1295652060000,1295652119000,0.7385906213762897,0.7385906213762897,0.7385906213762897,0.7385906213762897,0,1
1295652120000,1295652179000,0.7385906213762897,0.7385906213762897,0.7385906213762897,0.7385906213762897,0,1
1295652180000,1295652239000,0.7385906213762897,0.7385906213762897,0.7385906213762897,0.7385906213762897,0,1
1295652240000,1295652299000,0.7385906213762897,0.7385906213762897,0.7385906213762897,0.7385906213762897,0,1
1295652300000,1295652359000,0.7385906213762897,0.7385906213762897,0.7385906213762897,0.7385906213762897,0,1
1295652360000,1295652419000,0.7385906213762897,0.7385906213762897,0.7385906213762897,0.7385906213762897,0,1
1295652420000,1295652479000,0.7385906213762897,0.7385906213762897,0.7385906213762897,0.7385906213762897,0,1
1295652480000,1295652539000,0.7385906213762897,0.7385906213762897,0.7385906213762897,0.7385906213762897,0,1
1295652540000,1295652599000,0.7385906213762897,0.7385906213762897,0.7385906213762897,0.7385906213762897,0,1
1295652600000,1295652659000,0.7385906213762897,0.7385906213762897,0.7385906213762897,0.7385906213762897,0,1
1295652660000,1295652719000,0.7385906213762897,0.7385906213762897,0.7385906213762897,0.7385906213762897,0,1
1295652720000,1295652779000,0.7385906213762897,0.7385906213762897,0.7385906213762897,0.7385906213762897,0,1
1295652780000,1295652839000,0.7385906213762897,0.7385906213762897,0.7385906213762897,0.7385906213762897,0,1
1295652840000,1295652899000,0.7385906213762897,0.7385906213762897,0.7385906213762897,0.7385906213762897,0,1
1295652900000,1295652959000,0.7385906213762897,0.7385906213762897,0.7385906213762897,0.7385906213762897,0,1
1295652960000,1295653019000,0.7385906213762897,0.7385906213762897,0.7385906213762897,0.7385906213762897,0,1
1295653020000,1295653079000,0.7385906213762897,0.7385906213762897,0.7385906213762897,0.7385906213762897,0,1
1295653080000,1295653139000,0.7385906213762897,0.7385906213762897,0.7385906213762897,0.7385906213762897,0,1
1295653140000,1295653199000,0.7385906213762897,0.7385906213762897,0.7385906213762897,0.7385906213762897,0,1
1295653200000,1295653259000,0.7385906213762897,0.7385906213762897,0.7385906213762897,0.7385906213762897,0,1
1295653260000,1295653319000,0.7385906213762897,0.7385906213762897,0.7385906213762897,0.7385906213762897,0,1
1295653320000,1295653379000,0.7385906213762897,0.7385906213762897,0.7385906213762897,0.7385906213762897,0,1
1295653380000,1295653439000,0.7385906213762897,0.7385906213762897,0.7385906213762897,0.7385906213762897,0,1
1295653440000,1295653499000,0.7385906213762897,0.7385906213762897,0.7385906213762897,0.7385906213762897,0,1
1295653500000,1295653559000,0.7385906213762897,0.7385906213762897,0.7385906213762897,0.7385906213762897,0,1
1295653560000,1295653619000,0.7385906213762897,0.7385906213762897,0.7385906213762897,0.7385906213762897,0,1
1295653620000,1295653679000,0.7385906213762897,0.7385906213762897,0.7385906213762897,0.7385906213762897,0,1
1295653680000,1295653739000,0.7385906213762897,0.7385906213762897,0.7385906213762897,0.7385906213762897,0,1
1295653740000,1295653799000,0.7385906213762897,0.7385906213762897,0.7385906213762897,0.7385906213762897,0,1
1295653800000,1295653859000,0.7385906213762897,0.7385906213762897,0.7385906213762897,0.7385906213762897,0,1
1295653860000,1295653919000,0.7385906213762897,0.7385906213762897,0.7385906213762897,0.7385906213762897,0,1
1295653920000,1295653979000,0.7385906213762897,0.7385906213762897,0.7385906213762897,0.7385906213762897,0,1
1295653980000,1295654039000,0.7385906213762897,0.7385906213762897,0.7385906213762897,0.7385906213762897,0,1
1295654040000,1295654099000,0.7385906213762897,0.7385906213762897,0.7385906213762897,0.7385906213762897,0,1
1295654100000,1295654159000,0.7385906213762897,0.7385906213762897,0.7385906213762897,0.7385906213762897,0,1
1295654160000,1295654219000,0.7385906213762897,0.7385906213762897,0.7385906213762897,0.7385906213762897,0,1
1295654220000,1295654279000,0.7385906213762897,0.7385906213762897,0.7385906213762897,0.7385906213762897,0,1
1295654280000,1295654339000,0.7385906213762897,0.7385906213762897,0.7385906213762897,0.7385906213762897,0,1
1295654340000,1295654399000,0.7385906213762897,0.7385906213762897,0.7385906213762897,0.7385906213762897,0,1
1295820000000,1295820059000,0.7372239096458376,0.7373489356368115,0.7371206592807177,0.7372945713000716,91200000,1
1295820060000,1295820119000,0.7373217524663412,0.7373924328788538,0.736946829286267,0.737338062128105,54620000,1
1295820120000,1295820179000,0.7373761208117036,0.7375610331754953,0.7371369600471768,0.7372293446768355,75720000,1
1295820180000,1295820239000,0.7374033079912397,0.7374304971756411,0.7371858666725641,0.7371858666725641,28590000,1
1295820240000,1295820299000,0.7374522499668147,0.7374685654023997,0.7372184746949759,0.7372402149792467,41580000,1
1295820300000,1295820359000,0.7374685654023997,0.7375882339924914,0.7372510856022235,0.7374413734108138,21120000,1
1295820360000,1295820419000,0.7374631268436578,0.737571913261543,0.7374087456677235,0.7375229554019869,11700000,1
1295820420000,1295820479000,0.7375447136482649,0.7376154368158616,0.7373815580872323,0.7376154368158616,42000000,1
1295820480000,1295820539000,0.7375827936685893,0.7376208776213202,0.7373815580872323,0.7373869954429484,29440000,1
1295820540000,1295820599000,0.737414183424404,0.7376154368158616,0.737414183424404,0.7376154368158616,12160000,1
1295820600000,1295820659000,0.7376263185070444,0.7376970573264383,0.7375175160410059,0.7375447136482649,57750000,1
1295820660000,1295820719000,0.737822243865008,0.7380346138233883,0.737822243865008,0.7380346138233883,11630000,1
1295820720000,1295820779000,0.7380509550379358,0.7381490175236577,0.7380509550379358,0.7380999830237004,34500000,1
1295820780000,1295820839000,0.7381272236082611,0.7381272236082611,0.738040060814501,0.7380836396380438,7500000,1
1295820840000,1295820899000,0.7380999830237004,0.7381490175236577,0.7380890873528434,0.7380890873528434,13500000,1
1295820900000,1295820959000,0.7386779142690413,0.7386779142690413,0.7380836396380438,0.7384215500945179,40510000,1
1295820960000,1295821019000,0.7384379084484681,0.7386833707599574,0.7384379084484681,0.7385415281901301,37500000,1
1295821020000,1295821079000,0.7385415281901301,0.7386015318595771,0.7383561239256918,0.7384597207145336,55500000,1
1295821080000,1295821139000,0.738465173982395,0.738508803024932,0.7383234151887893,0.7383452206913865,27000000,1
1295821140000,1295821199000,0.7383615756636025,0.7385251652450058,0.7383615756636025,0.7384542675272121,30000000,1
1295821200000,1295821259000,0.7384597207145336,0.7385360737945245,0.7384051924653133,0.7385142570177317,13500000,1
1295821260000,1295821319000,0.738519711091089,0.738699740716391,0.738519711091089,0.7386506330235925,27000000,1
1295821320000,1295821379000,0.7386833707599574,0.7387161113983897,0.7386342652435647,0.7386779142690413,7500000,1
1295821380000,1295821439000,0.7384978952809984,0.7387379401031278,0.7384869878592739,0.7385688013766923,22500000,1
1295821440000,1295821499000,0.738585166255521,0.7387324828060015,0.738585166255521,0.7386615452799528,10500000,1
1295821500000,1295821559000,0.7385906213762897,0.7385906213762897,0.7385469826663024,0.7385469826663024,7500000,1
1295821560000,1295821619000,0.7385469826663024,0.7385742562557239,0.7385469826663024,0.7385742562557239,3000000,1
1295821620000,1295821679000,0.7385524372230428,0.7385524372230428,0.7382471060713443,0.7382798080472499,24000000,1
1295821680000,1295821739000,0.7382362060564899,0.7382362060564899,0.7382307561697635,0.7382307561697635,4500000,1
1295821740000,1295821799000,0.7382416560236827,0.738465173982395,0.7382035079430697,0.7383452206913865,34050000,1
1295821800000,1295821859000,0.7383016109741152,0.7384379084484681,0.7381708127260648,0.7381708127260648,19500000,1
1295821860000,1295821919000,0.7381599149639778,0.7382089574274894,0.7381108790162458,0.7381108790162458,10500000,1
1295821920000,1295821979000,0.7380291669126764,0.7384051924653133,0.7380291669126764,0.7382471060713443,23630000,1
1295821980000,1295822039000,0.7382471060713443,0.7383288664436914,0.7382471060713443,0.7382471060713443,18000000,1
1295822040000,1295822099000,0.7382525561994758,0.7382525561994758,0.7382525561994758,0.7382525561994758,3000000,1
1295822100000,1295822159000,0.7383070619070472,0.7383343177790903,0.7383016109741152,0.7383234151887893,7500000,1
1295822160000,1295822219000,0.7383397691949881,0.7383561239256918,0.7382798080472499,0.7382852586582404,9000000,1
1295822220000,1295822279000,0.7381871599725394,0.7382253063635021,0.7381435689241558,0.7382253063635021,12000000,1
1295822280000,1295822339000,0.7382416560236827,0.7383343177790903,0.7382416560236827,0.7383288664436914,9000000,1
1295822340000,1295822399000,0.7383452206913865,0.7383615756636025,0.7383452206913865,0.7383615756636025,3000000,1
1295822400000,1295822459000,0.7383615756636025,0.7384106449278572,0.7383615756636025,0.7384106449278572,3000000,1
1295822460000,1295822519000,0.7384324555832879,0.738743397480885,0.7384324555832879,0.7387161113983897,19500000,1
1295822520000,1295822579000,0.7386888273314866,0.7386888273314866,0.7384706273307979,0.7386724578587363,22500000,1
1295822580000,1295822639000,0.7386888273314866,0.7386888273314866,0.7386888273314866,0.7386888273314866,1500000,1
1295822640000,1295822699000,0.7386942839836306,0.7387270255895042,0.7386942839836306,0.7387270255895042,3000000,1
1295822700000,1295822759000,0.7387488549392749,0.7387925175093826,0.7387488549392749,0.7387925175093826,3000000,1
1295822760000,1295822819000,0.738803433958361,0.7389836019538726,0.738803433958361,0.7389726801800138,10500000,1
1295822820000,1295822879000,0.7389453771577205,0.7389672194141468,0.7388361852410084,0.7388361852410084,7500000,1
1295822880000,1295822939000,0.7388307264922533,0.7391092255613534,0.7388307264922533,0.7389945240505769,28500000,1
1295822940000,1295822999000,0.7389781410265884,0.7389999852200003,0.7389399167953653,0.7389399167953653,4500000,1
1295823000000,1295823059000,0.7389508376007744,0.7389945240505769,0.7389126161940089,0.7389126161940089,6000000,1
1295823060000,1295823119000,0.7389344565137073,0.739054601353948,0.7389344565137073,0.739054601353948,27000000,1
1295823120000,1295823179000,0.7389945240505769,0.7393551344517312,0.7389781410265884,0.7393387354350269,39000000,1
1295823180000,1295823239000,0.739240356609548,0.7392458214129944,0.7389726801800138,0.7390163692125781,25500000,1
1295823240000,1295823299000,0.7390436774813391,0.7390873749094619,0.7390436774813391,0.7390873749094619,7500000,1
1295823300000,1295823359000,0.7390983000739099,0.7390983000739099,0.7390983000739099,0.7390983000739099,3000000,1
1295823360000,1295823419000,0.7391037627772563,0.739218498203699,0.7391037627772563,0.739218498203699,6000000,1
1295823420000,1295823479000,0.7392512862972382,0.7393715341959335,0.7392512862972382,0.7393442016930982,15000000,1
1295823480000,1295823539000,0.7393223371457722,0.7394098030951695,0.739316871211001,0.739387934667682,34500000,1
1295823540000,1295823599000,0.7394098030951695,0.7394207377940122,0.7393332692577833,0.7393332692577833,15000000,1
1295823600000,1295823659000,0.7393387354350269,0.7393387354350269,0.7391365406931623,0.7393114053570504,24000000,1
1295823660000,1295823719000,0.7392895427494178,0.7393442016930982,0.7392895427494178,0.739316871211001,19500000,1
1295823720000,1295823779000,0.739349668031999,0.7395082270290257,0.739349668031999,0.7394426081619675,13500000,1
1295823780000,1295823839000,0.7394316728162734,0.7394316728162734,0.7393004738916038,0.7393004738916038,15000000,1
1295823840000,1295823899000,0.7392458214129944,0.7393332692577833,0.7392458214129944,0.7393332692577833,27000000,1
1295823900000,1295823959000,0.739349668031999,0.7393715341959335,0.739349668031999,0.7393715341959335,4500000,1
1295823960000,1295824019000,0.7393114053570504,0.7393715341959335,0.7392731466422213,0.7393551344517312,15000000,1
1295824020000,1295824079000,0.7393715341959335,0.7393715341959335,0.7391529307413703,0.7391529307413703,25500000,1
1295824080000,1295824139000,0.7391638578440068,0.739316871211001,0.7391638578440068,0.7392786119304782,21000000,1
1295824140000,1295824199000,0.7393223371457722,0.7393278031613657,0.7392676814347707,0.7392840772995432,19500000,1
1295824200000,1295824259000,0.7392622163081245,0.7393442016930982,0.7392294272450398,0.739316871211001,42000000,1
1295824260000,1295824319000,0.7393387354350269,0.7394426081619675,0.7393387354350269,0.7394098030951695,21750000,1
1295824320000,1295824379000,0.7394152704041644,0.7394152704041644,0.7393606009522965,0.7393660675336966,13500000,1
1295824380000,1295824439000,0.739349668031999,0.7398091292446549,0.739349668031999,0.7398091292446549,26190000,1
1295824440000,1295824499000,0.7398091292446549,0.7398091292446549,0.7393387354350269,0.739584797094911,37130000,1
1295824500000,1295824559000,0.7395629183152757,0.7396121473899087,0.7395355716609968,0.7396121473899087,10500000,1
1295824560000,1295824619000,0.739497289742433,0.739513695793646,0.7394207377940122,0.7395082270290257,49500000,1
1295824620000,1295824679000,0.7394863527793595,0.739497289742433,0.7391201513718071,0.739497289742433,29250000,1
1295824680000,1295824739000,0.7394808844191377,0.7395355716609968,0.7394808844191377,0.7395355716609968,12000000,1
1295824740000,1295824799000,0.7395246335655441,0.739584797094911,0.7395027583452887,0.7395465100800189,10500000,1
1295824800000,1295824859000,0.7395629183152757,0.7396066771690815,0.7394918212204573,0.7394918212204573,18000000,1
1295824860000,1295824919000,0.7394808844191377,0.7395301025728253,0.7394426081619675,0.7394863527793595,24750000,1
1295824920000,1295824979000,0.7394699479413157,0.739661383018854,0.7394426081619675,0.7395355716609968,30750000,1
1295824980000,1295825039000,0.7395355716609968,0.739683267624803,0.739513695793646,0.739683267624803,42000000,1
1295825040000,1295825099000,0.739661383018854,0.7396887389786377,0.7395519794108728,0.7395519794108728,23250000,1
1295825100000,1295825159000,0.7395355716609968,0.7395574488226245,0.7395355716609968,0.7395519794108728,7500000,1
1295825160000,1295825219000,0.7395301025728253,0.739584797094911,0.7395301025728253,0.7395355716609968,12000000,1
1295825220000,1295825279000,0.739513695793646,0.7395519794108728,0.7393988687197309,0.7395410408300609,37500000,1
1295825280000,1295825339000,0.7395410408300609,0.7395410408300609,0.7391966410904629,0.7392458214129944,52880000,1
1295825340000,1295825399000,0.7392458214129944,0.7393223371457722,0.7391747852697249,0.7392950082801041,39760000,1
1295825400000,1295825459000,0.7393004738916038,0.7393988687197309,0.7393004738916038,0.739387934667682,34880000,1
1295825460000,1295825519000,0.739387934667682,0.739387934667682,0.7392075694855116,0.7392075694855116,37880000,1
1295825520000,1295825579000,0.7391474673112032,0.7391857130185387,0.7389890629618682,0.7390109078009992,85520000,1
1295825580000,1295825639000,0.7390109078009992,0.7391092255613534,0.7390109078009992,0.739076450067995,40130000,1
1295825640000,1295825699000,0.739076450067995,0.7390873749094619,0.739054601353948,0.739076450067995,18000000,1
1295825700000,1295825759000,0.739076450067995,0.7391092255613534,0.7390327539316542,0.7390327539316542,22510000,1
1295825760000,1295825819000,0.7390327539316542,0.7390327539316542,0.7389016965182953,0.7389453771577205,55880000,1
1295825820000,1295825879000,0.7389453771577205,0.7390491393772772,0.7388525619712586,0.7389945240505769,45750000,1
1295825880000,1295825939000,0.7389945240505769,0.739021830704879,0.738956298124529,0.7389945240505769,25500000,1
1295825940000,1295825999000,0.7389945240505769,0.7390491393772772,0.7389945240505769,0.7390491393772772,19500000,1
1295826000000,1295826059000,0.7390491393772772,0.7390491393772772,0.7389016965182953,0.7389399167953653,48000000,1
1295826060000,1295826119000,0.7389399167953653,0.739240356609548,0.7389399167953653,0.7390655255494952,62250000,1
1295826120000,1295826179000,0.7390655255494952,0.7391638578440068,0.7389672194141468,0.7389672194141468,61130000,1
1295826180000,1295826239000,0.7389945240505769,0.739054601353948,0.7389945240505769,0.7390491393772772,24750000,1
1295826240000,1295826299000,0.7390491393772772,0.7390491393772772,0.7389453771577205,0.738956298124529,20250000,1
1295826300000,1295826359000,0.7389617587289857,0.7389890629618682,0.7388689394275243,0.7388853176098538,40130000,1
1295826360000,1295826419000,0.7388853176098538,0.738918076152897,0.738803433958361,0.7388907771653194,19500000,1
1295826420000,1295826479000,0.7389016965182953,0.7389399167953653,0.7388853176098538,0.7388853176098538,21000000,1
1295826480000,1295826539000,0.7388907771653194,0.7388907771653194,0.738803433958361,0.7388361852410084,35250000,1
1295826540000,1295826599000,0.7388088923038278,0.7389453771577205,0.7388088923038278,0.7388634801947644,42760000,1
1295826600000,1295826659000,0.7388416440704264,0.7389399167953653,0.7388143507299485,0.7388143507299485,14250000,1
1295826660000,1295826719000,0.7388361852410084,0.7389781410265884,0.7388361852410084,0.7389781410265884,14250000,1
1295826720000,1295826779000,0.7389890629618682,0.7392294272450398,0.7389890629618682,0.7391802491037439,57380000,1
1295826780000,1295826839000,0.7391420039618012,0.7391529307413703,0.7389945240505769,0.7391092255613534,33770000,1
1295826840000,1295826899000,0.7390873749094619,0.7391092255613534,0.7390873749094619,0.7391092255613534,3000000,1
1295826900000,1295826959000,0.7391146884262031,0.7391365406931623,0.7390272922779039,0.7390272922779039,16130000,1
1295826960000,1295827019000,0.7390327539316542,0.7391146884262031,0.7389726801800138,0.7389726801800138,12760000,1
1295827020000,1295827079000,0.7389726801800138,0.7389836019538726,0.7389672194141468,0.7389836019538726,6000000,1
1295827080000,1295827139000,0.7389781410265884,0.7389781410265884,0.7389781410265884,0.7389781410265884,1500000,1
1295827140000,1295827199000,0.7390054464701405,0.739021830704879,0.7388525619712586,0.7388525619712586,25500000,1
1295827200000,1295827259000,0.7388361852410084,0.7389453771577205,0.7388361852410084,0.7389453771577205,32000000,1
1295827260000,1295827319000,0.7389126161940089,0.7390819124483566,0.738743397480885,0.7390054464701405,97000000,1
1295827320000,1295827379000,0.7389945240505769,0.7391802491037439,0.7389945240505769,0.7391201513718071,70000000,1
1295827380000,1295827439000,0.7391201513718071,0.739387934667682,0.7391201513718071,0.739387934667682,58000000,1
1295827440000,1295827499000,0.7393988687197309,0.7394535438311088,0.7393988687197309,0.7394371404486905,45000000,1
1295827500000,1295827559000,0.7394590117869766,0.7394918212204573,0.7394590117869766,0.7394699479413157,16000000,1
1295827560000,1295827619000,0.7394426081619675,0.7394426081619675,0.7393660675336966,0.7394098030951695,26000000,1
1295827620000,1295827679000,0.739387934667682,0.7393934016532836,0.7393278031613657,0.7393278031613657,20000000,1
1295827680000,1295827739000,0.7393551344517312,0.7397981830556624,0.7393551344517312,0.7397981830556624,65000000,1
1295827740000,1295827799000,0.7397544015386892,0.7397653464321118,0.7396777963519091,0.7397051535258046,62000000,1
1295827800000,1295827859000,0.7397379848057818,0.739781764379508,0.7396996819291367,0.7397489292134249,83000000,1
1295827860000,1295827919000,0.7397489292134249,0.7397489292134249,0.7395902669920863,0.7395902669920863,35000000,1
1295827920000,1295827979000,0.7396012070291699,0.7396777963519091,0.7395465100800189,0.7395574488226245,55000000,1
1295827980000,1295828039000,0.7395465100800189,0.7395738575432835,0.7394316728162734,0.7394316728162734,55000000,1
1295828040000,1295828099000,0.7394098030951695,0.7394699479413157,0.739316871211001,0.7394699479413157,57000000,1
1295828100000,1295828159000,0.7394699479413157,0.739497289742433,0.7394699479413157,0.7394918212204573,13000000,1
1295828160000,1295828219000,0.7395246335655441,0.739661383018854,0.7395191646391516,0.7396504412014882,47000000,1
1295828220000,1295828279000,0.7396504412014882,0.7397489292134249,0.7394918212204573,0.7397379848057818,101000000,1
1295828280000,1295828339000,0.7397708190002737,0.7398912359883097,0.7397270407219736,0.7398912359883097,86000000,1
1295828340000,1295828399000,0.7398912359883097,0.7398912359883097,0.7393770009390088,0.739387934667682,110000000,1
1295828400000,1295828459000,0.7394316728162734,0.739497289742433,0.7393387354350269,0.7394480759561064,168000000,1
1295828460000,1295828519000,0.7394644798237117,0.7394644798237117,0.7392731466422213,0.7392731466422213,86000000,1
1295828520000,1295828579000,0.7392840772995432,0.7393934016532836,0.7392840772995432,0.7393387354350269,62000000,1
1295828580000,1295828639000,0.7393387354350269,0.7393387354350269,0.739054601353948,0.7391365406931623,135000000,1
1295828640000,1295828699000,0.7391365406931623,0.7391802491037439,0.7390327539316542,0.7391802491037439,71000000,1
1295828700000,1295828759000,0.7391638578440068,0.7392676814347707,0.7390873749094619,0.7391037627772563,96000000,1
1295828760000,1295828819000,0.7391310775052847,0.7392075694855116,0.7390983000739099,0.7391474673112032,87000000,1
1295828820000,1295828879000,0.7391583942523043,0.7392676814347707,0.7391583942523043,0.7392512862972382,35000000,1
1295828880000,1295828939000,0.7392567512622809,0.7394316728162734,0.7391802491037439,0.7394152704041644,77000000,1
1295828940000,1295828999000,0.7393278031613657,0.7393278031613657,0.7391638578440068,0.7391638578440068,27000000,1
1295829000000,1295829059000,0.7391638578440068,0.7392786119304782,0.7389508376007744,0.7389508376007744,148000000,1
1295829060000,1295829119000,0.738918076152897,0.7390163692125781,0.7388580210426765,0.7389781410265884,58000000,1
1295829120000,1295829179000,0.7389781410265884,0.7389999852200003,0.7388743987409581,0.7389344565137073,87000000,1
1295829180000,1295829239000,0.738918076152897,0.7389399167953653,0.7388907771653194,0.738896236801466,47000000,1
1295829240000,1295829299000,0.738896236801466,0.7389453771577205,0.7388471029805092,0.7389453771577205,28000000,1
1295829300000,1295829359000,0.7389617587289857,0.7389726801800138,0.7389344565137073,0.7389726801800138,37000000,1
1295829360000,1295829419000,0.7389781410265884,0.7391966410904629,0.7389781410265884,0.7391966410904629,65000000,1
1295829420000,1295829479000,0.7391966410904629,0.7393606009522965,0.7391966410904629,0.7393606009522965,89000000,1
1295829480000,1295829539000,0.7393606009522965,0.7396394997078425,0.7393606009522965,0.73963402908241,85000000,1
1295829540000,1295829599000,0.73963402908241,0.73963402908241,0.7394535438311088,0.7394535438311088,95000000,1
1295829600000,1295829659000,0.7394535438311088,0.7395246335655441,0.7394371404486905,0.7394590117869766,103000000,1
1295829660000,1295829719000,0.7394590117869766,0.7395027583452887,0.7394152704041644,0.7394152704041644,36000000,1
1295829720000,1295829779000,0.7394207377940122,0.739661383018854,0.7394207377940122,0.7396559120697052,117000000,1
1295829780000,1295829839000,0.7396230880743174,0.739661383018854,0.7395683878888282,0.7396121473899087,61000000,1
1295829840000,1295829899000,0.7396121473899087,0.7397106252034205,0.7395957369701721,0.7396230880743174,59000000,1
1295829900000,1295829959000,0.73963402908241,0.7396449704142012,0.739579327278644,0.739579327278644,20000000,1
1295829960000,1295830019000,0.7396012070291699,0.739716096961986,0.7396012070291699,0.7396285585379022,62000000,1
1295830020000,1295830079000,0.7396285585379022,0.739661383018854,0.7396066771690815,0.7396394997078425,102000000,1
1295830080000,1295830139000,0.7396394997078425,0.7396777963519091,0.7396394997078425,0.7396668540489363,16000000,1
1295830140000,1295830199000,0.7396723251599542,0.7397106252034205,0.7394098030951695,0.7394098030951695,92000000,1
1295830200000,1295830259000,0.7394207377940122,0.7396504412014882,0.7394207377940122,0.739579327278644,107000000,1
1295830260000,1295830319000,0.7396066771690815,0.7396504412014882,0.739584797094911,0.7396449704142012,62000000,1
1295830320000,1295830379000,0.7396449704142012,0.739716096961986,0.7396066771690815,0.7396066771690815,55000000,1
1295830380000,1295830439000,0.7396066771690815,0.7396777963519091,0.7396012070291699,0.7396176176916535,34000000,1
1295830440000,1295830499000,0.7395957369701721,0.7395957369701721,0.7394043358670255,0.7394754161397905,80000000,1
1295830500000,1295830559000,0.739579327278644,0.739584797094911,0.7394152704041644,0.739579327278644,103000000,1
1295830560000,1295830619000,0.739579327278644,0.739661383018854,0.739579327278644,0.739661383018854,26000000,1
1295830620000,1295830679000,0.739661383018854,0.7397762916494052,0.73963402908241,0.7396394997078425,36000000,1
1295830680000,1295830739000,0.73963402908241,0.739683267624803,0.7395902669920863,0.7396777963519091,47000000,1
1295830740000,1295830799000,0.7396887389786377,0.7397927100826348,0.7396887389786377,0.7397927100826348,16000000,1
1295830800000,1295830859000,0.739787237190584,0.7397927100826348,0.7395410408300609,0.7396230880743174,58000000,1
1295830860000,1295830919000,0.7396230880743174,0.7396230880743174,0.7394316728162734,0.7395465100800189,119000000,1
1295830920000,1295830979000,0.7395410408300609,0.7397325127233992,0.7395410408300609,0.7396668540489363,62000000,1
1295830980000,1295831039000,0.7396777963519091,0.739683267624803,0.7396230880743174,0.7396394997078425,33000000,1
1295831040000,1295831099000,0.7396559120697052,0.7397598739449175,0.7396394997078425,0.7396996819291367,48000000,1
1295831100000,1295831159000,0.7396777963519091,0.7396887389786377,0.7396777963519091,0.7396887389786377,8000000,1
1295831160000,1295831219000,0.7397544015386892,0.7398364961343543,0.7397544015386892,0.7398310225944393,47000000,1
1295831220000,1295831279000,0.7398419697552603,0.7401376656058027,0.7398419697552603,0.7400774120973054,101000000,1
1295831280000,1295831339000,0.7400883665509662,0.7401267096926993,0.7399897881409236,0.7400226446929276,80000000,1
1295831340000,1295831399000,0.74000074000074,0.74000074000074,0.7399624099095765,0.7399624099095765,32000000,1
1295831400000,1295831459000,0.7399624099095765,0.7401047988395157,0.7399459839431721,0.7401047988395157,48000000,1
1295831460000,1295831519000,0.7401047988395157,0.740176013856095,0.7400938438994065,0.7401650568076681,41000000,1
1295831520000,1295831579000,0.7401924500370096,0.7402801219981641,0.7401595784051042,0.7402527222793862,70000000,1
1295831580000,1295831639000,0.7402308039646762,0.7403349275212106,0.7402308039646762,0.7403184850122523,20000000,1
1295831640000,1295831699000,0.7403404085198374,0.7403623333259297,0.7402143660804169,0.7402143660804169,42000000,1
1295831700000,1295831759000,0.740269161867255,0.7403075237453639,0.740269161867255,0.7403020432336394,29000000,1
1295831760000,1295831819000,0.7403075237453639,0.7403075237453639,0.7402965628030589,0.7403020432336394,19000000,1
1295831820000,1295831879000,0.7403130043382341,0.7403568520026653,0.7403130043382341,0.7403568520026653,4000000,1
1295831880000,1295831939000,0.7403568520026653,0.7403623333259297,0.7403239657674199,0.7403239657674199,12000000,1
1295831940000,1295831999000,0.7403184850122523,0.7403184850122523,0.7401102764311882,0.740176013856095,39000000,1
1295832000000,1295832059000,0.740176013856095,0.740176013856095,0.7400335975253276,0.7400828892835998,43000000,1
1295832060000,1295832119000,0.7400938438994065,0.7401321876087069,0.7400883665509662,0.7400938438994065,10000000,1
1295832120000,1295832179000,0.7400938438994065,0.7400938438994065,0.7400226446929276,0.7400226446929276,29000000,1
1295832180000,1295832239000,0.7400500273818511,0.7400664579679256,0.7400500273818511,0.7400500273818511,5000000,1
1295832240000,1295832299000,0.7400226446929276,0.7400664579679256,0.7399076595240913,0.7399514591842775,56000000,1
1295832300000,1295832359000,0.7399295587060112,0.7399295587060112,0.7398583911039427,0.7399021849311521,47000000,1
1295832360000,1295832419000,0.7399021849311521,0.7399021849311521,0.7398583911039427,0.7398638650488311,24000000,1
1295832420000,1295832479000,0.7398638650488311,0.7398912359883097,0.7398310225944393,0.7398693390747194,39000000,1
1295832480000,1295832539000,0.7398802873695036,0.7399021849311521,0.7398364961343543,0.7398802873695036,20000000,1
1295832540000,1295832599000,0.7398802873695036,0.7399678853937739,0.7398802873695036,0.7399459839431721,20000000,1
1295832600000,1295832659000,0.7399295587060112,0.7399405087830938,0.739584797094911,0.739683267624803,115000000,1
1295832660000,1295832719000,0.7397270407219736,0.7398091292446549,0.7396668540489363,0.7397215688015031,56000000,1
1295832720000,1295832779000,0.7397434569691231,0.7397434569691231,0.7394754161397905,0.7395465100800189,76000000,1
1295832780000,1295832839000,0.7395410408300609,0.7397762916494052,0.7394043358670255,0.7396449704142012,147000000,1
1295832840000,1295832899000,0.7396449704142012,0.7396723251599542,0.7394808844191377,0.7395191646391516,134000000,1
1295832900000,1295832959000,0.7395191646391516,0.7396285585379022,0.7395191646391516,0.739584797094911,91000000,1
1295832960000,1295833019000,0.7396449704142012,0.7396449704142012,0.7394918212204573,0.7394918212204573,55000000,1
1295833020000,1295833079000,0.7395301025728253,0.739683267624803,0.7394863527793595,0.7395410408300609,75000000,1
1295833080000,1295833139000,0.7395465100800189,0.7395957369701721,0.7395355716609968,0.7395738575432835,44000000,1
1295833140000,1295833199000,0.7395629183152757,0.7397051535258046,0.7395629183152757,0.739683267624803,69000000,1
1295833200000,1295833259000,0.7396559120697052,0.7396559120697052,0.7395738575432835,0.7396066771690815,114000000,1
1295833260000,1295833319000,0.7396066771690815,0.7397106252034205,0.7396066771690815,0.7396230880743174,34000000,1
1295833320000,1295833379000,0.7396176176916535,0.7397598739449175,0.7395957369701721,0.7397106252034205,51000000,1
1295833380000,1295833439000,0.7397106252034205,0.7398748131816096,0.7396504412014882,0.7398583911039427,92000000,1
1295833440000,1295833499000,0.7398638650488311,0.7399733609590056,0.739787237190584,0.7399733609590056,66000000,1
1295833500000,1295833559000,0.7399624099095765,0.7399952640303102,0.7399076595240913,0.7399405087830938,44000000,1
1295833560000,1295833619000,0.7399952640303102,0.7403349275212106,0.7399952640303102,0.7402636819235011,92000000,1
1295833620000,1295833679000,0.7402527222793862,0.7402527222793862,0.7399952640303102,0.7400281210686006,112000000,1
1295833680000,1295833739000,0.7400116921847366,0.7401157541039418,0.7400116921847366,0.7400609810248364,154000000,1
1295833740000,1295833799000,0.7400609810248364,0.7400609810248364,0.7399569345064118,0.7399624099095765,65000000,1
1295833800000,1295833859000,0.7399624099095765,0.7399788366052731,0.7398091292446549,0.7398364961343543,170000000,1
1295833860000,1295833919000,0.739847443457159,0.7398638650488311,0.739787237190584,0.7398091292446549,77000000,1
1295833920000,1295833979000,0.7398529172400526,0.7399405087830938,0.7398529172400526,0.7398748131816096,38000000,1
1295833980000,1295834039000,0.7398693390747194,0.7399076595240913,0.7398529172400526,0.7399076595240913,23000000,1
1295834040000,1295834099000,0.7398967104192254,0.7398967104192254,0.7396777963519091,0.7397215688015031,103000000,1
1295834100000,1295834159000,0.7397434569691231,0.7397598739449175,0.7396723251599542,0.7397270407219736,108000000,1
1295834160000,1295834219000,0.7396942104134151,0.7398638650488311,0.739683267624803,0.739716096961986,107000000,1
1295834220000,1295834279000,0.739716096961986,0.7397325127233992,0.7396777963519091,0.739683267624803,39000000,1
1295834280000,1295834339000,0.7396942104134151,0.7397379848057818,0.7396176176916535,0.7396942104134151,91000000,1
1295834340000,1295834399000,0.7396942104134151,0.7397598739449175,0.739661383018854,0.7397215688015031,101000000,1
1295834400000,1295834459000,0.7397598739449175,0.7397598739449175,0.7396066771690815,0.7396066771690815,59000000,1
1295834460000,1295834519000,0.7396066771690815,0.7396176176916535,0.7394808844191377,0.7396121473899087,117000000,1
1295834520000,1295834579000,0.7396559120697052,0.739683267624803,0.7395246335655441,0.7395902669920863,116000000,1
1295834580000,1295834639000,0.739579327278644,0.7396559120697052,0.7393770009390088,0.7395410408300609,135000000,1
1295834640000,1295834699000,0.7395410408300609,0.7395410408300609,0.7394207377940122,0.7394535438311088,97000000,1
1295834700000,1295834759000,0.7394535438311088,0.7394699479413157,0.7393660675336966,0.7393824677629245,37000000,1
1295834760000,1295834819000,0.7393824677629245,0.7394863527793595,0.7393660675336966,0.7394863527793595,89000000,1
1295834820000,1295834879000,0.7394644798237117,0.7395410408300609,0.7394644798237117,0.7395082270290257,43000000,1
1295834880000,1295834939000,0.7394863527793595,0.7395683878888282,0.7394371404486905,0.7394863527793595,76000000,1
1295834940000,1295834999000,0.739497289742433,0.7395738575432835,0.739497289742433,0.7395683878888282,30000000,1
1295835000000,1295835059000,0.7395629183152757,0.7396449704142012,0.7395355716609968,0.7396285585379022,41000000,1
1295835060000,1295835119000,0.7396504412014882,0.7396777963519091,0.7395902669920863,0.7396066771690815,51000000,1
1295835120000,1295835179000,0.7396066771690815,0.7396559120697052,0.7396066771690815,0.7396559120697052,27000000,1
1295835180000,1295835239000,0.7396504412014882,0.7396504412014882,0.7396012070291699,0.7396066771690815,12000000,1
1295835240000,1295835299000,0.7396066771690815,0.7396066771690815,0.739579327278644,0.739584797094911,12000000,1
1295835300000,1295835359000,0.7396066771690815,0.7396449704142012,0.7394371404486905,0.7394371404486905,46000000,1
1295835360000,1295835419000,0.7394480759561064,0.7395246335655441,0.7394152704041644,0.7394426081619675,59000000,1
1295835420000,1295835479000,0.7394098030951695,0.7394371404486905,0.739349668031999,0.739349668031999,27000000,1
1295835480000,1295835539000,0.7393606009522965,0.7393606009522965,0.7392731466422213,0.7393059395839187,60000000,1
1295835540000,1295835599000,0.739349668031999,0.739349668031999,0.7389126161940089,0.739038215666132,137000000,1
1295835600000,1295835659000,0.7390873749094619,0.7391747852697249,0.7389836019538726,0.7391747852697249,72000000,1
1295835660000,1295835719000,0.7392021052475957,0.7392021052475957,0.7390873749094619,0.7391092255613534,50000000,1
1295835720000,1295835779000,0.7391310775052847,0.7391310775052847,0.7389781410265884,0.7389999852200003,50000000,1
1295835780000,1295835839000,0.739021830704879,0.7390819124483566,0.738896236801466,0.7390819124483566,93000000,1
1295835840000,1295835899000,0.7390655255494952,0.7391966410904629,0.739054601353948,0.7391857130185387,72000000,1
1295835900000,1295835959000,0.739218498203699,0.7392731466422213,0.7391966410904629,0.7392622163081245,65000000,1
1295835960000,1295836019000,0.7392676814347707,0.7393114053570504,0.7392567512622809,0.7392676814347707,46000000,1
1295836020000,1295836079000,0.7392895427494178,0.7392950082801041,0.7391857130185387,0.7391857130185387,38000000,1
1295836080000,1295836139000,0.7391857130185387,0.7392294272450398,0.7391857130185387,0.7392021052475957,28000000,1
1295836140000,1295836199000,0.7392075694855116,0.7392075694855116,0.7391857130185387,0.7392021052475957,19000000,1
1295836200000,1295836259000,0.7391966410904629,0.7391966410904629,0.7390163692125781,0.739054601353948,104000000,1
1295836260000,1295836319000,0.7390436774813391,0.7390819124483566,0.7389617587289857,0.7389781410265884,59000000,1
1295836320000,1295836379000,0.7389836019538726,0.7389836019538726,0.7388471029805092,0.7388471029805092,73000000,1
1295836380000,1295836439000,0.7388525619712586,0.7390272922779039,0.7388525619712586,0.738956298124529,52000000,1
1295836440000,1295836499000,0.7389836019538726,0.739021830704879,0.7388907771653194,0.7389617587289857,62000000,1
1295836500000,1295836559000,0.7389726801800138,0.7390709877683751,0.7389726801800138,0.7390655255494952,64000000,1
1295836560000,1295836619000,0.739021830704879,0.7390873749094619,0.7390109078009992,0.7390600634113534,62000000,1
1295836620000,1295836679000,0.739076450067995,0.739240356609548,0.739076450067995,0.7391802491037439,52000000,1
1295836680000,1295836739000,0.7392075694855116,0.7392676814347707,0.7392021052475957,0.7392622163081245,24000000,1
1295836740000,1295836799000,0.7392786119304782,0.7394262052647146,0.7392786119304782,0.7394043358670255,80000000,1
1295836800000,1295836859000,0.7394262052647146,0.7394262052647146,0.7393442016930982,0.7393824677629245,58000000,1
1295836860000,1295836919000,0.7393660675336966,0.7393715341959335,0.7393332692577833,0.7393606009522965,22000000,1
1295836920000,1295836979000,0.7393770009390088,0.7394535438311088,0.7393606009522965,0.7394262052647146,12000000,1
1295836980000,1295837039000,0.7394152704041644,0.7394863527793595,0.7394152704041644,0.7394644798237117,51000000,1
1295837040000,1295837099000,0.7394808844191377,0.7394808844191377,0.7394426081619675,0.7394699479413157,28000000,1
1295837100000,1295837159000,0.7394644798237117,0.7394699479413157,0.7394535438311088,0.7394535438311088,8000000,1
1295837160000,1295837219000,0.7395465100800189,0.7395738575432835,0.739497289742433,0.739497289742433,28000000,1
1295837220000,1295837279000,0.739513695793646,0.7395410408300609,0.739497289742433,0.7395027583452887,45000000,1
1295837280000,1295837339000,0.739497289742433,0.7396285585379022,0.739497289742433,0.7395957369701721,64000000,1
1295837340000,1295837399000,0.7395957369701721,0.7398364961343543,0.739579327278644,0.7398364961343543,44000000,1
1295837400000,1295837459000,0.7398364961343543,0.7398419697552603,0.7396996819291367,0.7398419697552603,87000000,1
1295837460000,1295837519000,0.7398255491355139,0.739885761638403,0.7397653464321118,0.7398310225944393,87000000,1
1295837520000,1295837579000,0.7398146024606234,0.7398364961343543,0.7397544015386892,0.7397981830556624,63000000,1
1295837580000,1295837639000,0.739787237190584,0.7398419697552603,0.7397051535258046,0.7397981830556624,75000000,1
1295837640000,1295837699000,0.739787237190584,0.7398912359883097,0.739781764379508,0.739847443457159,59000000,1
1295837700000,1295837759000,0.7398912359883097,0.7398912359883097,0.7397708190002737,0.739781764379508,52000000,1
1295837760000,1295837819000,0.739781764379508,0.739781764379508,0.7397215688015031,0.7397379848057818,32000000,1
1295837820000,1295837879000,0.7397215688015031,0.739781764379508,0.7396723251599542,0.739781764379508,33000000,1
1295837880000,1295837939000,0.739781764379508,0.739781764379508,0.7396559120697052,0.7397270407219736,57000000,1
1295837940000,1295837999000,0.7397270407219736,0.7397544015386892,0.7396394997078425,0.7397215688015031,39000000,1
1295838000000,1295838059000,0.7397051535258046,0.739787237190584,0.7396668540489363,0.739787237190584,78000000,1
1295838060000,1295838119000,0.739787237190584,0.7399678853937739,0.739787237190584,0.739885761638403,131000000,1
1295838120000,1295838179000,0.739885761638403,0.7399624099095765,0.7398091292446549,0.7398419697552603,84000000,1
1295838180000,1295838239000,0.739847443457159,0.7399076595240913,0.7398310225944393,0.739885761638403,46000000,1
1295838240000,1295838299000,0.7398967104192254,0.7400062160522148,0.7398529172400526,0.7399897881409236,43000000,1
1295838300000,1295838359000,0.7399897881409236,0.7399897881409236,0.739885761638403,0.739885761638403,59000000,1
1295838360000,1295838419000,0.739885761638403,0.739885761638403,0.7396394997078425,0.7396394997078425,98000000,1
1295838420000,1295838479000,0.739661383018854,0.7398146024606234,0.7395957369701721,0.7396176176916535,123000000,1
1295838480000,1295838539000,0.7396176176916535,0.7396668540489363,0.7395410408300609,0.7395683878888282,69000000,1
1295838540000,1295838599000,0.739579327278644,0.7396285585379022,0.7395683878888282,0.7395738575432835,39000000,1
1295838600000,1295838659000,0.7395738575432835,0.7396012070291699,0.7394371404486905,0.7395410408300609,67000000,1
1295838660000,1295838719000,0.7395410408300609,0.7396996819291367,0.7394808844191377,0.7394918212204573,81000000,1
1295838720000,1295838779000,0.7394918212204573,0.7395465100800189,0.7394699479413157,0.7395465100800189,38000000,1
1295838780000,1295838839000,0.7395465100800189,0.7395519794108728,0.7393606009522965,0.739513695793646,56000000,1
1295838840000,1295838899000,0.7394863527793595,0.7396012070291699,0.7393770009390088,0.7394918212204573,67000000,1
1295838900000,1295838959000,0.7394918212204573,0.7397325127233992,0.7394863527793595,0.7395957369701721,101000000,1
1295838960000,1295839019000,0.7395957369701721,0.7395957369701721,0.7394699479413157,0.739584797094911,83000000,1
1295839020000,1295839079000,0.7395902669920863,0.7395957369701721,0.7395574488226245,0.7395957369701721,24000000,1
1295839080000,1295839139000,0.7396012070291699,0.7396066771690815,0.7395246335655441,0.7395738575432835,28000000,1
1295839140000,1295839199000,0.7395738575432835,0.7395902669920863,0.7394535438311088,0.7394535438311088,59000000,1
1295839200000,1295839259000,0.7394535438311088,0.7394754161397905,0.7394480759561064,0.7394754161397905,24000000,1
1295839260000,1295839319000,0.7394754161397905,0.7398419697552603,0.7394535438311088,0.7398200757575758,61000000,1
1295839320000,1295839379000,0.7398146024606234,0.7399678853937739,0.7398146024606234,0.7398419697552603,88000000,1
1295839380000,1295839439000,0.7398200757575758,0.739885761638403,0.7397762916494052,0.7398091292446549,43000000,1
1295839440000,1295839499000,0.7398255491355139,0.7398255491355139,0.7396777963519091,0.7397598739449175,58000000,1
1295839500000,1295839559000,0.7397598739449175,0.7398419697552603,0.7397270407219736,0.7397762916494052,38000000,1
1295839560000,1295839619000,0.7397981830556624,0.7399459839431721,0.7397981830556624,0.7398255491355139,55000000,1
1295839620000,1295839679000,0.7398638650488311,0.7399186089530152,0.7398638650488311,0.739885761638403,29000000,1
1295839680000,1295839739000,0.739885761638403,0.7399405087830938,0.7398364961343543,0.7398693390747194,52000000,1
1295839740000,1295839799000,0.7398693390747194,0.7399897881409236,0.7398036561096685,0.7399459839431721,122000000,1
1295839800000,1295839859000,0.7399678853937739,0.7399678853937739,0.7399514591842775,0.7399514591842775,45000000,1
1295839860000,1295839919000,0.7399514591842775,0.7399514591842775,0.7398529172400526,0.7398529172400526,72000000,1
1295839920000,1295839979000,0.7398529172400526,0.7400883665509662,0.7398529172400526,0.7399733609590056,55000000,1
1295839980000,1295840039000,0.7399569345064118,0.7400171683983068,0.7399569345064118,0.7399569345064118,44000000,1
1295840040000,1295840099000,0.7399733609590056,0.7400171683983068,0.7399733609590056,0.7399897881409236,37000000,1
1295840100000,1295840159000,0.7399897881409236,0.7399897881409236,0.7399514591842775,0.7399514591842775,8000000,1
1295840160000,1295840219000,0.7399569345064118,0.7400390740631105,0.7399569345064118,0.7400062160522148,33000000,1
1295840220000,1295840279000,0.7400281210686006,0.7400281210686006,0.7399788366052731,0.7399788366052731,63000000,1
1295840280000,1295840339000,0.7399514591842775,0.7399897881409236,0.7399405087830938,0.7399624099095765,35000000,1
1295840340000,1295840399000,0.7399624099095765,0.7400664579679256,0.7398693390747194,0.7399733609590056,73000000,1
1295840400000,1295840459000,0.7399514591842775,0.7399514591842775,0.7399295587060112,0.7399295587060112,14000000,1
1295840460000,1295840519000,0.7399295587060112,0.7399295587060112,0.7398912359883097,0.7399076595240913,10000000,1
1295840520000,1295840579000,0.7399240837890032,0.7399405087830938,0.739885761638403,0.7399131341980452,30000000,1
1295840580000,1295840639000,0.7399076595240913,0.7399076595240913,0.7398748131816096,0.7398748131816096,18000000,1
1295840640000,1295840699000,0.7398748131816096,0.7398748131816096,0.7398364961343543,0.7398364961343543,11000000,1
1295840700000,1295840759000,0.7398364961343543,0.7398364961343543,0.739661383018854,0.739716096961986,50000000,1
1295840760000,1295840819000,0.7396942104134151,0.7396942104134151,0.73963402908241,0.73963402908241,48000000,1
1295840820000,1295840879000,0.73963402908241,0.7396723251599542,0.7396121473899087,0.7396449704142012,43000000,1
1295840880000,1295840939000,0.7396449704142012,0.7396777963519091,0.7395957369701721,0.7396121473899087,63000000,1
1295840940000,1295840999000,0.7396012070291699,0.739661383018854,0.7396012070291699,0.739661383018854,12000000,1
1295841000000,1295841059000,0.7396723251599542,0.7398529172400526,0.7396723251599542,0.7398146024606234,31000000,1
1295841060000,1295841119000,0.7398310225944393,0.7398364961343543,0.739716096961986,0.7397215688015031,57000000,1
1295841120000,1295841179000,0.7397215688015031,0.7398255491355139,0.739683267624803,0.7397708190002737,43000000,1
1295841180000,1295841239000,0.7397762916494052,0.7398693390747194,0.7397762916494052,0.7398693390747194,25000000,1
1295841240000,1295841299000,0.7398693390747194,0.739885761638403,0.7398529172400526,0.739885761638403,11000000,1
1295841300000,1295841359000,0.739885761638403,0.7399514591842775,0.7398529172400526,0.7398693390747194,66000000,1
1295841360000,1295841419000,0.739847443457159,0.739847443457159,0.7397598739449175,0.7398146024606234,42000000,1
1295841420000,1295841479000,0.7398310225944393,0.7398310225944393,0.739787237190584,0.7398091292446549,20000000,1
1295841480000,1295841539000,0.7398036561096685,0.7398146024606234,0.7397598739449175,0.7397653464321118,28000000,1
1295841540000,1295841599000,0.7397544015386892,0.7398091292446549,0.7397544015386892,0.7397762916494052,22000000,1
1295841600000,1295841659000,0.7397544015386892,0.7399021849311521,0.7397544015386892,0.7398146024606234,100000000,1
1295841660000,1295841719000,0.7398146024606234,0.7398638650488311,0.7397708190002737,0.7398638650488311,49000000,1
1295841720000,1295841779000,0.7398912359883097,0.7399514591842775,0.7398748131816096,0.7399514591842775,46000000,1
1295841780000,1295841839000,0.7399350337040408,0.7399350337040408,0.739847443457159,0.7398638650488311,42000000,1
1295841840000,1295841899000,0.739847443457159,0.739847443457159,0.7397489292134249,0.7397489292134249,17000000,1
1295841900000,1295841959000,0.7397379848057818,0.7398529172400526,0.7397379848057818,0.739787237190584,44000000,1
1295841960000,1295842019000,0.7398036561096685,0.7398036561096685,0.739787237190584,0.739787237190584,4000000,1
1295842020000,1295842079000,0.739787237190584,0.739787237190584,0.7396996819291367,0.7397215688015031,35000000,1
1295842080000,1295842139000,0.7397215688015031,0.7397215688015031,0.7397051535258046,0.7397106252034205,8000000,1
1295842140000,1295842199000,0.7397106252034205,0.7397762916494052,0.7397106252034205,0.7397434569691231,35000000,1
1295842200000,1295842259000,0.7397544015386892,0.739787237190584,0.7397489292134249,0.7397489292134249,23000000,1
1295842260000,1295842319000,0.7399405087830938,0.7401376656058027,0.7398748131816096,0.7400828892835998,35000000,1
1295842320000,1295842379000,0.7397489292134249,0.739781764379508,0.7397489292134249,0.7397489292134249,11000000,1
1295842380000,1295842439000,0.7397489292134249,0.7397489292134249,0.7397489292134249,0.7397489292134249,9000000,1
1295842440000,1295842499000,0.7397489292134249,0.7397489292134249,0.7397106252034205,0.7397106252034205,33000000,1
1295842500000,1295842559000,0.7397106252034205,0.7397106252034205,0.739683267624803,0.7397051535258046,13000000,1
1295842560000,1295842619000,0.7401376656058027,0.7401376656058027,0.7398748131816096,0.7399186089530152,25000000,1
1295842620000,1295842679000,0.7396996819291367,0.7396996819291367,0.739579327278644,0.7396559120697052,37000000,1
1295842680000,1295842739000,0.7396559120697052,0.7396559120697052,0.7396012070291699,0.7396121473899087,29000000,1
1295842740000,1295842799000,0.7396176176916535,0.7396942104134151,0.7396012070291699,0.7396394997078425,37000000,1
1295842800000,1295842859000,0.7396394997078425,0.7396449704142012,0.7396066771690815,0.7396449704142012,21000000,1
1295842860000,1295842919000,0.7396230880743174,0.7396285585379022,0.7394699479413157,0.739497289742433,25000000,1
1295842920000,1295842979000,0.7394863527793595,0.7394918212204573,0.7394863527793595,0.7394918212204573,4000000,1
1295842980000,1295843039000,0.7394863527793595,0.7394863527793595,0.7394426081619675,0.7394480759561064,33000000,1
1295843040000,1295843099000,0.7394590117869766,0.739579327278644,0.7394590117869766,0.7394754161397905,46000000,1
1295843100000,1295843159000,0.7394644798237117,0.7395519794108728,0.7394043358670255,0.7394754161397905,56000000,1
1295843160000,1295843219000,0.7394918212204573,0.7395301025728253,0.7394152704041644,0.7394262052647146,57000000,1
1295843220000,1295843279000,0.7394262052647146,0.7394754161397905,0.7394262052647146,0.7394371404486905,34000000,1
1295843280000,1295843339000,0.7394480759561064,0.7394699479413157,0.7393387354350269,0.7393606009522965,34000000,1
1295843340000,1295843399000,0.7393606009522965,0.7394808844191377,0.7393114053570504,0.7394808844191377,98000000,1
1295843400000,1295843459000,0.7394808844191377,0.7394808844191377,0.7394426081619675,0.7394535438311088,21000000,1
1295843460000,1295843519000,0.7394535438311088,0.7394535438311088,0.7394426081619675,0.7394426081619675,6000000,1
1295843520000,1295843579000,0.7394644798237117,0.7394863527793595,0.7394644798237117,0.7394863527793595,11000000,1
1295843580000,1295843639000,0.7395082270290257,0.7395246335655441,0.7394863527793595,0.7395246335655441,27000000,1
1295843640000,1295843699000,0.7395191646391516,0.7395191646391516,0.7394535438311088,0.7394808844191377,65000000,1
1295843700000,1295843759000,0.7394480759561064,0.7394480759561064,0.7393606009522965,0.7394316728162734,46000000,1
1295843760000,1295843819000,0.7394207377940122,0.739497289742433,0.7394043358670255,0.739497289742433,50000000,1
1295843820000,1295843879000,0.739497289742433,0.7396230880743174,0.7394480759561064,0.7395027583452887,68000000,1
1295843880000,1295843939000,0.739513695793646,0.7395355716609968,0.7394808844191377,0.7395355716609968,62000000,1
1295843940000,1295843999000,0.7395355716609968,0.7395355716609968,0.7394207377940122,0.7395027583452887,50000000,1
1295844000000,1295844059000,0.7395082270290257,0.739781764379508,0.7394863527793595,0.7397434569691231,62000000,1
1295844060000,1295844119000,0.7397434569691231,0.7397927100826348,0.7397434569691231,0.7397927100826348,9000000,1
1295844120000,1295844179000,0.7397927100826348,0.7398146024606234,0.7397762916494052,0.7397762916494052,11000000,1
1295844180000,1295844239000,0.7397653464321118,0.739781764379508,0.7397653464321118,0.739781764379508,10000000,1
1295844240000,1295844299000,0.739787237190584,0.7398638650488311,0.739787237190584,0.7398200757575758,32000000,1
1295844300000,1295844359000,0.7398419697552603,0.7399240837890032,0.7398419697552603,0.7399131341980452,28000000,1
1295844360000,1295844419000,0.7399131341980452,0.7399240837890032,0.7399131341980452,0.7399240837890032,17000000,1
1295844420000,1295844479000,0.7399076595240913,0.7399569345064118,0.7399076595240913,0.7399240837890032,11000000,1
1295844480000,1295844539000,0.7399405087830938,0.7400774120973054,0.7399405087830938,0.7400664579679256,85000000,1
1295844540000,1295844599000,0.7400828892835998,0.7402308039646762,0.7400335975253276,0.7402308039646762,64000000,1
1295844600000,1295844659000,0.7402308039646762,0.7402308039646762,0.7401267096926993,0.7401321876087069,30000000,1
1295844660000,1295844719000,0.7401486218432661,0.7401486218432661,0.7400116921847366,0.7401102764311882,53000000,1
1295844720000,1295844779000,0.7401212318577783,0.7401376656058027,0.7400993213289223,0.7400993213289223,32000000,1
1295844780000,1295844839000,0.7400993213289223,0.7400993213289223,0.7398419697552603,0.739847443457159,40000000,1
1295844840000,1295844899000,0.7398529172400526,0.74000074000074,0.7398529172400526,0.7399788366052731,40000000,1
1295844900000,1295844959000,0.7399569345064118,0.7399569345064118,0.7397981830556624,0.7398146024606234,20000000,1
1295844960000,1295845019000,0.7398146024606234,0.7400555041628122,0.7398146024606234,0.739885761638403,69000000,1
1295845020000,1295845079000,0.7398802873695036,0.7398802873695036,0.739787237190584,0.7398146024606234,39000000,1
1295845080000,1295845139000,0.7398310225944393,0.7398693390747194,0.739787237190584,0.7398364961343543,40000000,1
1295845140000,1295845199000,0.7398638650488311,0.7399733609590056,0.7398146024606234,0.7398748131816096,63000000,1
1295845200000,1295845259000,0.7398583911039427,0.7398583911039427,0.7397708190002737,0.7397927100826348,18000000,1
1295845260000,1295845319000,0.7397927100826348,0.739847443457159,0.7397927100826348,0.7398310225944393,11000000,1
1295845320000,1295845379000,0.7398200757575758,0.7398200757575758,0.7397927100826348,0.7397927100826348,6000000,1
1295845380000,1295845439000,0.7397981830556624,0.7398748131816096,0.7397489292134249,0.7397489292134249,39000000,1
1295845440000,1295845499000,0.7397598739449175,0.7398200757575758,0.7397434569691231,0.739787237190584,79000000,1
1295845500000,1295845559000,0.739787237190584,0.739787237190584,0.7396668540489363,0.7396668540489363,39000000,1
1295845560000,1295845619000,0.7396723251599542,0.7396887389786377,0.7396559120697052,0.7396559120697052,18000000,1
1295845620000,1295845679000,0.7396394997078425,0.7397379848057818,0.7396394997078425,0.7397215688015031,27000000,1
1295845680000,1295845739000,0.7397215688015031,0.7397215688015031,0.7395957369701721,0.7396121473899087,24000000,1
1295845740000,1295845799000,0.7396176176916535,0.7397051535258046,0.7396176176916535,0.7396942104134151,16000000,1
1295845800000,1295845859000,0.7396996819291367,0.7397215688015031,0.7395355716609968,0.7395957369701721,55000000,1
1295845860000,1295845919000,0.739584797094911,0.7395957369701721,0.7395574488226245,0.739584797094911,21000000,1
1295845920000,1295845979000,0.739584797094911,0.739584797094911,0.739584797094911,0.739584797094911,2000000,1
1295845980000,1295846039000,0.7396121473899087,0.7396394997078425,0.7395465100800189,0.7395465100800189,17000000,1
1295846040000,1295846099000,0.739584797094911,0.7396066771690815,0.7395027583452887,0.7395246335655441,22000000,1
1295846100000,1295846159000,0.7395410408300609,0.7396066771690815,0.7395191646391516,0.7395410408300609,58000000,1
1295846160000,1295846219000,0.7395410408300609,0.7396449704142012,0.7395191646391516,0.7396285585379022,42000000,1
1295846220000,1295846279000,0.7396066771690815,0.7396668540489363,0.739584797094911,0.7396559120697052,68000000,1
1295846280000,1295846339000,0.7396394997078425,0.7398146024606234,0.7396230880743174,0.7397653464321118,71000000,1
1295846340000,1295846399000,0.739781764379508,0.7398583911039427,0.7396012070291699,0.7396449704142012,123000000,1
1295846400000,1295846459000,0.7396723251599542,0.7398310225944393,0.7396723251599542,0.7397379848057818,44000000,1
1295846460000,1295846519000,0.7397489292134249,0.7397489292134249,0.7397051535258046,0.7397051535258046,22000000,1
1295846520000,1295846579000,0.7396996819291367,0.7398091292446549,0.7396996819291367,0.7397653464321118,42000000,1
1295846580000,1295846639000,0.7397325127233992,0.7397544015386892,0.7396230880743174,0.73963402908241,42000000,1
1295846640000,1295846699000,0.7396285585379022,0.7396668540489363,0.7395738575432835,0.7395738575432835,49000000,1
1295846700000,1295846759000,0.739584797094911,0.7397106252034205,0.7395738575432835,0.7396121473899087,81000000,1
1295846760000,1295846819000,0.7395957369701721,0.7396012070291699,0.7395574488226245,0.7395574488226245,13000000,1
1295846820000,1295846879000,0.7395410408300609,0.7395410408300609,0.739387934667682,0.7394426081619675,50000000,1
1295846880000,1295846939000,0.7394262052647146,0.7396230880743174,0.7393770009390088,0.7394098030951695,122000000,1
1295846940000,1295846999000,0.7394152704041644,0.739584797094911,0.7394098030951695,0.7395301025728253,55000000,1
1295847000000,1295847059000,0.7395246335655441,0.7395301025728253,0.7394808844191377,0.7394808844191377,36000000,1
1295847060000,1295847119000,0.7394808844191377,0.739513695793646,0.7394316728162734,0.739513695793646,65000000,1
1295847120000,1295847179000,0.739513695793646,0.739513695793646,0.7394918212204573,0.7394918212204573,46000000,1
1295847180000,1295847239000,0.7395027583452887,0.7395246335655441,0.7394863527793595,0.7395027583452887,20000000,1
1295847240000,1295847299000,0.7395082270290257,0.7395082270290257,0.7394863527793595,0.7394863527793595,10000000,1
1295847300000,1295847359000,0.7395027583452887,0.7395246335655441,0.7394754161397905,0.739513695793646,23000000,1
1295847360000,1295847419000,0.7395465100800189,0.7395574488226245,0.7395246335655441,0.7395574488226245,19000000,1
1295847420000,1295847479000,0.7395574488226245,0.7396285585379022,0.7395574488226245,0.7396121473899087,19000000,1
1295847480000,1295847539000,0.7396285585379022,0.7396285585379022,0.7395301025728253,0.7395519794108728,27000000,1
1295847540000,1295847599000,0.7395519794108728,0.7395574488226245,0.739387934667682,0.7394426081619675,59000000,1
1295847600000,1295847659000,0.7394152704041644,0.7394480759561064,0.7394043358670255,0.7394480759561064,50000000,1
1295847660000,1295847719000,0.7394535438311088,0.7395246335655441,0.7394371404486905,0.7394371404486905,23000000,1
1295847720000,1295847779000,0.7394371404486905,0.7394480759561064,0.7394262052647146,0.7394480759561064,13000000,1
1295847780000,1295847839000,0.7394808844191377,0.7395574488226245,0.7394535438311088,0.7394644798237117,57000000,1
1295847840000,1295847899000,0.7394262052647146,0.7395355716609968,0.7394262052647146,0.7394480759561064,32000000,1
1295847900000,1295847959000,0.7394754161397905,0.7395246335655441,0.7394535438311088,0.7394535438311088,68000000,1
1295847960000,1295848019000,0.7394754161397905,0.7395738575432835,0.7394590117869766,0.7395191646391516,63000000,1
1295848020000,1295848079000,0.7395191646391516,0.7395410408300609,0.7394863527793595,0.7395027583452887,19000000,1
1295848080000,1295848139000,0.739513695793646,0.7396012070291699,0.739513695793646,0.7395355716609968,36000000,1
1295848140000,1295848199000,0.7395355716609968,0.7396504412014882,0.7395355716609968,0.7396504412014882,32000000,1
1295848200000,1295848259000,0.7396504412014882,0.7396504412014882,0.7395465100800189,0.7396230880743174,88000000,1
1295848260000,1295848319000,0.7396230880743174,0.7396449704142012,0.7395574488226245,0.7396066771690815,51000000,1
1295848320000,1295848379000,0.7395902669920863,0.7396449704142012,0.7395629183152757,0.7396449704142012,17000000,1
1295848380000,1295848439000,0.739683267624803,0.7397927100826348,0.739683267624803,0.7397379848057818,30000000,1
1295848440000,1295848499000,0.7397051535258046,0.7398748131816096,0.7397051535258046,0.7398419697552603,70000000,1
1295848500000,1295848559000,0.7398419697552603,0.7398967104192254,0.7397708190002737,0.7398967104192254,84000000,1
1295848560000,1295848619000,0.7399076595240913,0.7399843123325786,0.7397215688015031,0.739787237190584,101000000,1
1295848620000,1295848679000,0.7397598739449175,0.7397708190002737,0.7397106252034205,0.7397106252034205,52000000,1
1295848680000,1295848739000,0.7397106252034205,0.7398091292446549,0.7397106252034205,0.7397708190002737,27000000,1
1295848740000,1295848799000,0.7397598739449175,0.739787237190584,0.7397544015386892,0.7397598739449175,23000000,1
1295848800000,1295848859000,0.739787237190584,0.7398967104192254,0.7397653464321118,0.7398583911039427,43000000,1
1295848860000,1295848919000,0.7398583911039427,0.7399021849311521,0.7397981830556624,0.7398748131816096,69000000,1
1295848920000,1295848979000,0.7398748131816096,0.7399186089530152,0.7398693390747194,0.7398748131816096,51000000,1
1295848980000,1295849039000,0.7398912359883097,0.7399569345064118,0.7398912359883097,0.7399240837890032,17000000,1
1295849040000,1295849099000,0.7399240837890032,0.7399240837890032,0.7398967104192254,0.7399076595240913,12000000,1
1295849100000,1295849159000,0.7398967104192254,0.7399186089530152,0.7398693390747194,0.7398912359883097,23000000,1
1295849160000,1295849219000,0.7398912359883097,0.7399295587060112,0.7398912359883097,0.7399295587060112,28000000,1
1295849220000,1295849279000,0.7399350337040408,0.7400281210686006,0.7399350337040408,0.7399624099095765,30000000,1
1295849280000,1295849339000,0.7400226446929276,0.7400226446929276,0.739847443457159,0.739847443457159,49000000,1
1295849340000,1295849399000,0.7398583911039427,0.7398583911039427,0.7397215688015031,0.7397489292134249,57000000,1
1295849400000,1295849459000,0.7397489292134249,0.7397489292134249,0.7396394997078425,0.7396887389786377,41000000,1
1295849460000,1295849519000,0.7396942104134151,0.7397489292134249,0.73963402908241,0.7397434569691231,55000000,1
1295849520000,1295849579000,0.7397489292134249,0.7398036561096685,0.7396668540489363,0.7397708190002737,41000000,1
1295849580000,1295849639000,0.739787237190584,0.739787237190584,0.7397434569691231,0.7397598739449175,25000000,1
1295849640000,1295849699000,0.7397598739449175,0.7397598739449175,0.7396668540489363,0.7397051535258046,44000000,1
1295849700000,1295849759000,0.7396887389786377,0.7396887389786377,0.739513695793646,0.7395301025728253,35000000,1
1295849760000,1295849819000,0.7395465100800189,0.7395902669920863,0.7394426081619675,0.7394426081619675,49000000,1
1295849820000,1295849879000,0.7394590117869766,0.7394863527793595,0.7394316728162734,0.7394316728162734,17000000,1
1295849880000,1295849939000,0.7394371404486905,0.7394371404486905,0.7392294272450398,0.7392294272450398,82000000,1
1295849940000,1295849999000,0.7392294272450398,0.7393934016532836,0.7391802491037439,0.739349668031999,122000000,1
1295850000000,1295850059000,0.7393387354350269,0.7393387354350269,0.7392567512622809,0.7393387354350269,44000000,1
1295850060000,1295850119000,0.7393606009522965,0.7393606009522965,0.7392622163081245,0.7392622163081245,35000000,1
1295850120000,1295850179000,0.7392731466422213,0.7394043358670255,0.7392731466422213,0.7393278031613657,49000000,1
1295850180000,1295850239000,0.7393059395839187,0.7393332692577833,0.7392895427494178,0.7393332692577833,17000000,1
1295850240000,1295850299000,0.7393059395839187,0.7393278031613657,0.739240356609548,0.739240356609548,24000000,1
1295850300000,1295850359000,0.739240356609548,0.739240356609548,0.7391529307413703,0.7391693215164797,27000000,1
1295850360000,1295850419000,0.7392075694855116,0.7393114053570504,0.7391966410904629,0.7393114053570504,49000000,1
1295850420000,1295850479000,0.7392950082801041,0.7393223371457722,0.7392950082801041,0.7393114053570504,14000000,1
1295850480000,1295850539000,0.7393278031613657,0.7393988687197309,0.7393278031613657,0.7393770009390088,56000000,1
1295850540000,1295850599000,0.7393770009390088,0.7393770009390088,0.7392348918868972,0.739316871211001,43000000,1
1295850600000,1295850659000,0.7393223371457722,0.7394644798237117,0.7393223371457722,0.7393824677629245,85000000,1
1295850660000,1295850719000,0.7393934016532836,0.7394644798237117,0.7393660675336966,0.7394207377940122,91000000,1
1295850720000,1295850779000,0.7394207377940122,0.7394480759561064,0.7394098030951695,0.7394262052647146,42000000,1
1295850780000,1295850839000,0.7394371404486905,0.7397489292134249,0.7394371404486905,0.7396230880743174,79000000,1
1295850840000,1295850899000,0.7396012070291699,0.7396012070291699,0.7394808844191377,0.7394808844191377,66000000,1
1295850900000,1295850959000,0.7394808844191377,0.7394808844191377,0.7390873749094619,0.7390873749094619,142000000,1
1295850960000,1295851019000,0.7390655255494952,0.7391583942523043,0.7390054464701405,0.7391474673112032,93000000,1
1295851020000,1295851079000,0.7391474673112032,0.7391966410904629,0.7391201513718071,0.7391966410904629,29000000,1
1295851080000,1295851139000,0.7391583942523043,0.7392021052475957,0.7390983000739099,0.7392021052475957,39000000,1
1295851140000,1295851199000,0.7392021052475957,0.7392567512622809,0.7391365406931623,0.7392021052475957,36000000,1
1295851200000,1295851259000,0.7391911770141112,0.7393715341959335,0.7391474673112032,0.7393223371457722,59000000,1
1295851260000,1295851319000,0.7393059395839187,0.7395957369701721,0.7393059395839187,0.7395957369701721,59000000,1
1295851320000,1295851379000,0.7395246335655441,0.7395301025728253,0.7394918212204573,0.7395301025728253,22000000,1
1295851380000,1295851439000,0.7395301025728253,0.739584797094911,0.7395082270290257,0.739579327278644,38000000,1
1295851440000,1295851499000,0.739579327278644,0.7396394997078425,0.739579327278644,0.739579327278644,25000000,1
1295851500000,1295851559000,0.739579327278644,0.73963402908241,0.7395465100800189,0.739579327278644,76000000,1
1295851560000,1295851619000,0.739579327278644,0.7397653464321118,0.739579327278644,0.7397051535258046,61000000,1
1295851620000,1295851679000,0.7397051535258046,0.7398310225944393,0.7396942104134151,0.7397106252034205,87000000,1
1295851680000,1295851739000,0.7397106252034205,0.7397325127233992,0.7395027583452887,0.7396012070291699,92000000,1
1295851740000,1295851799000,0.7396066771690815,0.7397051535258046,0.7396066771690815,0.739661383018854,49000000,1
1295851800000,1295851859000,0.739661383018854,0.7397106252034205,0.7396012070291699,0.7396012070291699,54000000,1
1295851860000,1295851919000,0.7396504412014882,0.7397106252034205,0.7396012070291699,0.7396012070291699,55000000,1
1295851920000,1295851979000,0.7396012070291699,0.739661383018854,0.7395574488226245,0.7396066771690815,49000000,1
1295851980000,1295852039000,0.7396121473899087,0.7396887389786377,0.7395574488226245,0.739661383018854,80000000,1
1295852040000,1295852099000,0.739661383018854,0.7396887389786377,0.7396121473899087,0.7396559120697052,30000000,1
1295852100000,1295852159000,0.7396887389786377,0.7397708190002737,0.7396559120697052,0.7396723251599542,38000000,1
1295852160000,1295852219000,0.7397106252034205,0.7397434569691231,0.7396887389786377,0.739716096961986,17000000,1
1295852220000,1295852279000,0.7397215688015031,0.7397927100826348,0.739579327278644,0.739579327278644,46000000,1
1295852280000,1295852339000,0.7395574488226245,0.7396121473899087,0.7395027583452887,0.739579327278644,39000000,1
1295852340000,1295852399000,0.7395246335655441,0.7400445506819511,0.739513695793646,0.7399952640303102,122000000,1
1295852400000,1295852459000,0.7399733609590056,0.740433597914939,0.7399186089530152,0.740433597914939,134000000,1
1295852460000,1295852519000,0.740433597914939,0.7407023339530542,0.740373296215952,0.7407023339530542,92000000,1
1295852520000,1295852579000,0.7407626892648671,0.7407626892648671,0.7404829429754085,0.7404829429754085,90000000,1
1295852580000,1295852639000,0.740521327014218,0.7405322946133681,0.7403349275212106,0.7403513707605629,45000000,1
1295852640000,1295852699000,0.7403513707605629,0.7403513707605629,0.740176013856095,0.7402472425790214,78000000,1
1295852700000,1295852759000,0.7402472425790214,0.7403075237453639,0.7401157541039418,0.7401157541039418,88000000,1
1295852760000,1295852819000,0.7401047988395157,0.7401869712289324,0.7400555041628122,0.7400609810248364,46000000,1
1295852820000,1295852879000,0.7399897881409236,0.7400062160522148,0.7399021849311521,0.7399021849311521,51000000,1
1295852880000,1295852939000,0.7399131341980452,0.7399569345064118,0.7398419697552603,0.7398967104192254,62000000,1
1295852940000,1295852999000,0.7399131341980452,0.7399131341980452,0.7398310225944393,0.7398967104192254,19000000,1
1295853000000,1295853059000,0.7398802873695036,0.7399131341980452,0.739781764379508,0.7398364961343543,73000000,1
1295853060000,1295853119000,0.7398529172400526,0.7400445506819511,0.7398529172400526,0.7399733609590056,75000000,1
1295853120000,1295853179000,0.7399788366052731,0.7399788366052731,0.7397215688015031,0.7398419697552603,65000000,1
1295853180000,1295853239000,0.739781764379508,0.7399076595240913,0.7396777963519091,0.7399076595240913,62000000,1
1295853240000,1295853299000,0.7399350337040408,0.7400828892835998,0.7399076595240913,0.7399897881409236,72000000,1
1295853300000,1295853359000,0.7399897881409236,0.7399952640303102,0.7398310225944393,0.7398802873695036,59000000,1
1295853360000,1295853419000,0.7398802873695036,0.7399952640303102,0.7398583911039427,0.7398638650488311,71000000,1
1295853420000,1295853479000,0.7398638650488311,0.7398638650488311,0.7395738575432835,0.7396066771690815,88000000,1
1295853480000,1295853539000,0.7396066771690815,0.7396887389786377,0.7395301025728253,0.7395410408300609,75000000,1
1295853540000,1295853599000,0.7395410408300609,0.7395410408300609,0.7392786119304782,0.7393442016930982,85000000,1
1295853600000,1295853659000,0.7393278031613657,0.7395027583452887,0.7392895427494178,0.7393004738916038,128000000,1
1295853660000,1295853719000,0.7392840772995432,0.7394152704041644,0.7392840772995432,0.7394043358670255,81000000,1
1295853720000,1295853779000,0.7394316728162734,0.7397051535258046,0.7393551344517312,0.739579327278644,91000000,1
1295853780000,1295853839000,0.739579327278644,0.7395902669920863,0.7394644798237117,0.7395902669920863,129000000,1
1295853840000,1295853899000,0.7395957369701721,0.7398693390747194,0.7395957369701721,0.7397215688015031,151000000,1
1295853900000,1295853959000,0.7397215688015031,0.7398693390747194,0.7396504412014882,0.7398693390747194,111000000,1
1295853960000,1295854019000,0.7398638650488311,0.7398912359883097,0.7397762916494052,0.7397762916494052,93000000,1
1295854020000,1295854079000,0.7397598739449175,0.739787237190584,0.7396777963519091,0.7397708190002737,52000000,1
1295854080000,1295854139000,0.7397708190002737,0.7397708190002737,0.7396559120697052,0.739683267624803,48000000,1
1295854140000,1295854199000,0.7396777963519091,0.7396887389786377,0.7394863527793595,0.7395902669920863,109000000,1
1295854200000,1295854259000,0.7395683878888282,0.739661383018854,0.7395574488226245,0.739661383018854,63000000,1
1295854260000,1295854319000,0.7396668540489363,0.739683267624803,0.7394918212204573,0.7395738575432835,64000000,1
1295854320000,1295854379000,0.739584797094911,0.7397708190002737,0.7395738575432835,0.7397270407219736,66000000,1
1295854380000,1295854439000,0.7397325127233992,0.7398255491355139,0.7397215688015031,0.7398146024606234,92000000,1
1295854440000,1295854499000,0.7398364961343543,0.7398364961343543,0.7395027583452887,0.739716096961986,90000000,1
1295854500000,1295854559000,0.7397270407219736,0.7398529172400526,0.739716096961986,0.7398529172400526,54000000,1
1295854560000,1295854619000,0.7398529172400526,0.7399295587060112,0.739787237190584,0.739787237190584,100000000,1
1295854620000,1295854679000,0.7397981830556624,0.7398967104192254,0.7396887389786377,0.7397927100826348,90000000,1
1295854680000,1295854739000,0.739781764379508,0.7398967104192254,0.7397215688015031,0.7398748131816096,66000000,1
1295854740000,1295854799000,0.7398693390747194,0.7400500273818511,0.739781764379508,0.7399076595240913,110000000,1
1295854800000,1295854859000,0.7399076595240913,0.7399405087830938,0.7397708190002737,0.7398255491355139,126000000,1
1295854860000,1295854919000,0.7397653464321118,0.7397762916494052,0.7396285585379022,0.7396449704142012,71000000,1
1295854920000,1295854979000,0.7396559120697052,0.7396723251599542,0.739349668031999,0.7393988687197309,120000000,1
1295854980000,1295855039000,0.7394152704041644,0.739579327278644,0.7393715341959335,0.7395574488226245,92000000,1
1295855040000,1295855099000,0.7395738575432835,0.7395738575432835,0.7394371404486905,0.7394754161397905,61000000,1
1295855100000,1295855159000,0.7394754161397905,0.7394918212204573,0.7393114053570504,0.7394426081619675,57000000,1
1295855160000,1295855219000,0.7394207377940122,0.7395629183152757,0.7394207377940122,0.7395410408300609,61000000,1
1295855220000,1295855279000,0.7395629183152757,0.7395957369701721,0.7395629183152757,0.739584797094911,37000000,1
1295855280000,1295855339000,0.739579327278644,0.739579327278644,0.7393551344517312,0.7393824677629245,41000000,1
1295855340000,1295855399000,0.7393988687197309,0.7396285585379022,0.7393988687197309,0.7395902669920863,45000000,1
1295855400000,1295855459000,0.7395902669920863,0.7400719349920812,0.7395902669920863,0.7398364961343543,150000000,1
1295855460000,1295855519000,0.739847443457159,0.7399459839431721,0.7397379848057818,0.739885761638403,81000000,1
1295855520000,1295855579000,0.7398802873695036,0.7398912359883097,0.73963402908241,0.7397434569691231,161000000,1
1295855580000,1295855639000,0.7397762916494052,0.7398091292446549,0.739497289742433,0.7396723251599542,136000000,1
1295855640000,1295855699000,0.7396559120697052,0.739716096961986,0.7395738575432835,0.7395957369701721,56000000,1
1295855700000,1295855759000,0.7396012070291699,0.7399131341980452,0.7396012070291699,0.7398967104192254,156000000,1
1295855760000,1295855819000,0.7399240837890032,0.74000074000074,0.7398364961343543,0.7398364961343543,106000000,1
1295855820000,1295855879000,0.7397981830556624,0.7398638650488311,0.7397106252034205,0.7398036561096685,133000000,1
1295855880000,1295855939000,0.7398036561096685,0.7400226446929276,0.7398036561096685,0.7399788366052731,135000000,1
1295855940000,1295855999000,0.7399897881409236,0.7400555041628122,0.739579327278644,0.739579327278644,208000000,1
1295856000000,1295856059000,0.7395683878888282,0.7398200757575758,0.7395683878888282,0.7397106252034205,192000000,1
1295856060000,1295856119000,0.7397106252034205,0.7398146024606234,0.739683267624803,0.7397434569691231,176000000,1
1295856120000,1295856179000,0.7397051535258046,0.7399350337040408,0.7396996819291367,0.7399240837890032,128000000,1
1295856180000,1295856239000,0.7399240837890032,0.7400116921847366,0.7398310225944393,0.739847443457159,169000000,1
1295856240000,1295856299000,0.7399076595240913,0.7399843123325786,0.739847443457159,0.7398802873695036,162000000,1
1295856300000,1295856359000,0.739885761638403,0.7399624099095765,0.7398200757575758,0.7399076595240913,151000000,1
1295856360000,1295856419000,0.7399186089530152,0.7399459839431721,0.7397653464321118,0.7399459839431721,144000000,1
1295856420000,1295856479000,0.7398967104192254,0.7399843123325786,0.7398036561096685,0.739885761638403,95000000,1
1295856480000,1295856539000,0.7398693390747194,0.7400116921847366,0.7398364961343543,0.7399624099095765,104000000,1
1295856540000,1295856599000,0.7399733609590056,0.7401102764311882,0.7399569345064118,0.7400555041628122,133000000,1
1295856600000,1295856659000,0.7400335975253276,0.740373296215952,0.7399405087830938,0.7403404085198374,77000000,1
1295856660000,1295856719000,0.7403075237453639,0.7404719768380366,0.7402527222793862,0.7404116688879017,189000000,1
1295856720000,1295856779000,0.7404116688879017,0.7404281155364031,0.7401924500370096,0.7402362834216683,168000000,1
1295856780000,1295856839000,0.7402527222793862,0.7404061868340971,0.7402417629597826,0.7404061868340971,98000000,1
1295856840000,1295856899000,0.740367814730358,0.740367814730358,0.7402417629597826,0.7402636819235011,45000000,1
1295856900000,1295856959000,0.7402856021853231,0.7404829429754085,0.7402856021853231,0.7404390803746622,72000000,1
1295856960000,1295857019000,0.7404226332390529,0.7404390803746622,0.7403404085198374,0.7403404085198374,70000000,1
1295857020000,1295857079000,0.7403404085198374,0.7403568520026653,0.7402856021853231,0.7403184850122523,34000000,1
1295857080000,1295857139000,0.7403184850122523,0.7403404085198374,0.7401650568076681,0.7401924500370096,61000000,1
1295857140000,1295857199000,0.7402143660804169,0.740269161867255,0.74000074000074,0.7400445506819511,120000000,1
1295857200000,1295857259000,0.7400445506819511,0.7401321876087069,0.7400116921847366,0.7400390740631105,55000000,1
1295857260000,1295857319000,0.7400555041628122,0.7400938438994065,0.7399076595240913,0.7399405087830938,79000000,1
1295857320000,1295857379000,0.7399569345064118,0.7400938438994065,0.7399076595240913,0.7400938438994065,112000000,1
1295857380000,1295857439000,0.7400664579679256,0.7401376656058027,0.7398529172400526,0.7398802873695036,70000000,1
1295857440000,1295857499000,0.7398912359883097,0.7401047988395157,0.7398802873695036,0.7400445506819511,117000000,1
1295857500000,1295857559000,0.7400445506819511,0.7401321876087069,0.7399952640303102,0.7400281210686006,100000000,1
1295857560000,1295857619000,0.7400281210686006,0.7400555041628122,0.7399514591842775,0.7399843123325786,67000000,1
1295857620000,1295857679000,0.7399678853937739,0.7404281155364031,0.7399076595240913,0.7403952229700214,158000000,1
1295857680000,1295857739000,0.7404116688879017,0.740433597914939,0.7402582020608788,0.7403787777827137,104000000,1
1295857740000,1295857799000,0.7403787777827137,0.7404116688879017,0.7402801219981641,0.7403842594306446,74000000,1
1295857800000,1295857859000,0.740373296215952,0.7404555282409738,0.740345889599621,0.740433597914939,87000000,1
1295857860000,1295857919000,0.7404390803746622,0.7406310176270182,0.740433597914939,0.7406310176270182,132000000,1
1295857920000,1295857979000,0.7406090769048465,0.7406419884756107,0.7405542307863204,0.7405761682589054,137000000,1
1295857980000,1295858039000,0.7405761682589054,0.7406145619635173,0.740526810773184,0.7405377785347719,105000000,1
1295858040000,1295858099000,0.7405597150326216,0.7407352538129347,0.7405048762246099,0.7405048762246099,120000000,1
1295858100000,1295858159000,0.7405048762246099,0.7405706837689123,0.7402856021853231,0.7403404085198374,70000000,1
1295858160000,1295858219000,0.740373296215952,0.740400704861471,0.7402746418921419,0.7403239657674199,63000000,1
1295858220000,1295858279000,0.7403239657674199,0.740345889599621,0.7402198452940523,0.7402308039646762,105000000,1
1295858280000,1295858339000,0.7402088869478967,0.7404610110254644,0.7402088869478967,0.7404500455376778,96000000,1
1295858340000,1295858399000,0.7404281155364031,0.7406035919274209,0.740373296215952,0.740493909437595,67000000,1
1295858400000,1295858459000,0.7404993927904978,0.7405158433364681,0.7403787777827137,0.7403897411597464,59000000,1
1295858460000,1295858519000,0.7403897411597464,0.7405322946133681,0.740345889599621,0.7404664938911514,73000000,1
1295858520000,1295858579000,0.7404555282409738,0.7407297669664153,0.7404445629155745,0.7407297669664153,51000000,1
1295858580000,1295858639000,0.7407297669664153,0.7407297669664153,0.740493909437595,0.7404993927904978,45000000,1
1295858640000,1295858699000,0.7405158433364681,0.7406255323246014,0.7404993927904978,0.7405926222162974,82000000,1
1295858700000,1295858759000,0.7405761682589054,0.7406255323246014,0.7404226332390529,0.7404719768380366,91000000,1
1295858760000,1295858819000,0.7404719768380366,0.7404829429754085,0.7402253245888049,0.7402417629597826,130000000,1
1295858820000,1295858879000,0.7402308039646762,0.7402636819235011,0.7399952640303102,0.7402472425790214,93000000,1
1295858880000,1295858939000,0.7402636819235011,0.7403239657674199,0.7402034078964899,0.7402965628030589,44000000,1
1295858940000,1295858999000,0.7402965628030589,0.7403239657674199,0.7401157541039418,0.7402362834216683,115000000,1
1295859000000,1295859059000,0.7402636819235011,0.7404445629155745,0.7402527222793862,0.7402910824536209,94000000,1
1295859060000,1295859119000,0.7402582020608788,0.7402910824536209,0.7399131341980452,0.7400445506819511,119000000,1
1295859120000,1295859179000,0.7400335975253276,0.7400719349920812,0.7398693390747194,0.7400719349920812,140000000,1
1295859180000,1295859239000,0.7400883665509662,0.7402362834216683,0.739885761638403,0.7399186089530152,107000000,1
1295859240000,1295859299000,0.7399405087830938,0.7400774120973054,0.7399240837890032,0.7400774120973054,82000000,1
1295859300000,1295859359000,0.7401102764311882,0.7401102764311882,0.7398529172400526,0.7399295587060112,81000000,1
1295859360000,1295859419000,0.7399350337040408,0.7402143660804169,0.7399350337040408,0.7401102764311882,151000000,1
1295859420000,1295859479000,0.7401047988395157,0.7401047988395157,0.7398036561096685,0.7400828892835998,155000000,1
1295859480000,1295859539000,0.7401321876087069,0.7401431436839886,0.7397106252034205,0.7397106252034205,170000000,1
1295859540000,1295859599000,0.7397106252034205,0.7398364961343543,0.7396121473899087,0.7396777963519091,70000000,1
1295859600000,1295859659000,0.7396942104134151,0.7398748131816096,0.73963402908241,0.7398583911039427,91000000,1
1295859660000,1295859719000,0.7398583911039427,0.7398912359883097,0.7396559120697052,0.7396559120697052,71000000,1
1295859720000,1295859779000,0.739661383018854,0.7397106252034205,0.7395738575432835,0.7396887389786377,107000000,1
1295859780000,1295859839000,0.739716096961986,0.7400116921847366,0.739716096961986,0.7397598739449175,84000000,1
1295859840000,1295859899000,0.7397708190002737,0.7397762916494052,0.7396559120697052,0.7397325127233992,80000000,1
1295859900000,1295859959000,0.7397106252034205,0.7398364961343543,0.7396996819291367,0.7397544015386892,74000000,1
1295859960000,1295860019000,0.7397544015386892,0.7399678853937739,0.7397544015386892,0.7398912359883097,100000000,1
1295860020000,1295860079000,0.7398967104192254,0.7400664579679256,0.7398364961343543,0.7399952640303102,60000000,1
1295860080000,1295860139000,0.7399733609590056,0.7400609810248364,0.7399624099095765,0.7400500273818511,56000000,1
1295860140000,1295860199000,0.7400609810248364,0.7401376656058027,0.739787237190584,0.7398364961343543,91000000,1
1295860200000,1295860259000,0.7398419697552603,0.7398912359883097,0.7397653464321118,0.7398529172400526,72000000,1
1295860260000,1295860319000,0.739885761638403,0.7399076595240913,0.7398036561096685,0.739847443457159,67000000,1
1295860320000,1295860379000,0.7398364961343543,0.7400609810248364,0.7398364961343543,0.7399021849311521,106000000,1
1295860380000,1295860439000,0.739885761638403,0.7399514591842775,0.7398748131816096,0.7399514591842775,69000000,1
1295860440000,1295860499000,0.7399405087830938,0.7399405087830938,0.7395902669920863,0.7396449704142012,110000000,1
1295860500000,1295860559000,0.7396449704142012,0.7397106252034205,0.7393551344517312,0.7393551344517312,115000000,1
1295860560000,1295860619000,0.7393606009522965,0.7394262052647146,0.7392567512622809,0.7393387354350269,99000000,1
1295860620000,1295860679000,0.7393442016930982,0.7393442016930982,0.7391310775052847,0.7392021052475957,57000000,1
1295860680000,1295860739000,0.7392348918868972,0.7394098030951695,0.7392348918868972,0.7393934016532836,69000000,1
1295860740000,1295860799000,0.7394152704041644,0.7395574488226245,0.7393660675336966,0.7395465100800189,49000000,1
1295860800000,1295860859000,0.7395410408300609,0.7395410408300609,0.7394043358670255,0.7394480759561064,75000000,1
1295860860000,1295860919000,0.7394480759561064,0.7396121473899087,0.7394480759561064,0.7395410408300609,28000000,1
1295860920000,1295860979000,0.7395574488226245,0.7398419697552603,0.7395574488226245,0.739781764379508,120000000,1
1295860980000,1295861039000,0.7397927100826348,0.7399514591842775,0.739781764379508,0.7399076595240913,154000000,1
1295861040000,1295861099000,0.7399076595240913,0.7399569345064118,0.7396176176916535,0.7396559120697052,157000000,1
1295861100000,1295861159000,0.7396559120697052,0.7396559120697052,0.7392348918868972,0.7393824677629245,116000000,1
1295861160000,1295861219000,0.7393770009390088,0.7395191646391516,0.7392676814347707,0.739387934667682,120000000,1
1295861220000,1295861279000,0.739387934667682,0.7394207377940122,0.7393223371457722,0.7394098030951695,66000000,1
1295861280000,1295861339000,0.7394098030951695,0.7394316728162734,0.739316871211001,0.739349668031999,78000000,1
1295861340000,1295861399000,0.7393660675336966,0.7394480759561064,0.7392512862972382,0.7394043358670255,69000000,1
1295861400000,1295861459000,0.739387934667682,0.7394371404486905,0.7392239626839744,0.7392239626839744,85000000,1
1295861460000,1295861519000,0.7392348918868972,0.7393442016930982,0.7391966410904629,0.7393442016930982,53000000,1
1295861520000,1295861579000,0.7393278031613657,0.7393660675336966,0.7391529307413703,0.7393660675336966,102000000,1
1295861580000,1295861639000,0.7393770009390088,0.7394262052647146,0.7392950082801041,0.7393988687197309,85000000,1
1295861640000,1295861699000,0.7393988687197309,0.7395082270290257,0.7393824677629245,0.7394699479413157,64000000,1
1295861700000,1295861759000,0.7394699479413157,0.7394699479413157,0.7393660675336966,0.7394098030951695,42000000,1
1295861760000,1295861819000,0.7393988687197309,0.7395519794108728,0.7393715341959335,0.7395082270290257,94000000,1
1295861820000,1295861879000,0.7395246335655441,0.7395683878888282,0.7393715341959335,0.7393770009390088,48000000,1
1295861880000,1295861939000,0.7393715341959335,0.7394426081619675,0.7393114053570504,0.7394262052647146,78000000,1
1295861940000,1295861999000,0.7394043358670255,0.7394371404486905,0.7393223371457722,0.7394262052647146,86000000,1
1295862000000,1295862059000,0.7394043358670255,0.7394262052647146,0.7392786119304782,0.7392840772995432,68000000,1
1295862060000,1295862119000,0.7393059395839187,0.7394644798237117,0.7392895427494178,0.7394207377940122,52000000,1
1295862120000,1295862179000,0.7394480759561064,0.7394480759561064,0.7393606009522965,0.7393606009522965,59000000,1
1295862180000,1295862239000,0.7393606009522965,0.7394043358670255,0.7392840772995432,0.7393606009522965,59000000,1
1295862240000,1295862299000,0.7393988687197309,0.7393988687197309,0.7392950082801041,0.7392950082801041,33000000,1
1295862300000,1295862359000,0.7393278031613657,0.7393824677629245,0.7393278031613657,0.7393332692577833,37000000,1
1295862360000,1295862419000,0.739316871211001,0.739316871211001,0.739076450067995,0.7391693215164797,78000000,1
1295862420000,1295862479000,0.7391693215164797,0.7393059395839187,0.7391693215164797,0.7393004738916038,33000000,1
1295862480000,1295862539000,0.7393004738916038,0.7393004738916038,0.7392075694855116,0.7392840772995432,70000000,1
1295862540000,1295862599000,0.7392840772995432,0.7393332692577833,0.7392130338042121,0.7393332692577833,70000000,1
1295862600000,1295862659000,0.7393387354350269,0.7394918212204573,0.7391365406931623,0.7391529307413703,79000000,1
1295862660000,1295862719000,0.7391146884262031,0.7391747852697249,0.7389672194141468,0.7391747852697249,102000000,1
1295862720000,1295862779000,0.7391966410904629,0.7393223371457722,0.7391747852697249,0.7392512862972382,111000000,1
1295862780000,1295862839000,0.7392348918868972,0.7392512862972382,0.7391693215164797,0.7391857130185387,82000000,1
1295862840000,1295862899000,0.7391474673112032,0.7392294272450398,0.7391256143981669,0.7391638578440068,107000000,1
1295862900000,1295862959000,0.7391693215164797,0.7391693215164797,0.7389890629618682,0.739021830704879,87000000,1
1295862960000,1295863019000,0.739038215666132,0.7391310775052847,0.7389836019538726,0.739021830704879,81000000,1
1295863020000,1295863079000,0.7390054464701405,0.7391747852697249,0.7389016965182953,0.7389726801800138,118000000,1
1295863080000,1295863139000,0.7389726801800138,0.7391146884262031,0.7389016965182953,0.739054601353948,106000000,1
1295863140000,1295863199000,0.739076450067995,0.7392676814347707,0.7390491393772772,0.7392130338042121,89000000,1
1295863200000,1295863259000,0.7392130338042121,0.7393660675336966,0.7391802491037439,0.7393278031613657,63000000,1
1295863260000,1295863319000,0.7393278031613657,0.7394371404486905,0.7392021052475957,0.7393934016532836,109000000,1
1295863320000,1295863379000,0.7393934016532836,0.7395738575432835,0.7393551344517312,0.7395355716609968,78000000,1
1295863380000,1295863439000,0.7395355716609968,0.7395355716609968,0.7394152704041644,0.7394590117869766,87000000,1
1295863440000,1295863499000,0.7394535438311088,0.7394535438311088,0.7393442016930982,0.7394152704041644,112000000,1
1295863500000,1295863559000,0.7394152704041644,0.7394207377940122,0.739240356609548,0.7393387354350269,78000000,1
1295863560000,1295863619000,0.739316871211001,0.7393715341959335,0.7392840772995432,0.7393387354350269,32000000,1
1295863620000,1295863679000,0.7393551344517312,0.7393934016532836,0.7393004738916038,0.739387934667682,63000000,1
1295863680000,1295863739000,0.7393770009390088,0.7393988687197309,0.7393004738916038,0.7393278031613657,91000000,1
1295863740000,1295863799000,0.7393442016930982,0.7393442016930982,0.7392512862972382,0.7393223371457722,72000000,1
1295863800000,1295863859000,0.7393223371457722,0.7393934016532836,0.739316871211001,0.739349668031999,84000000,1
1295863860000,1295863919000,0.7393551344517312,0.7395082270290257,0.7393332692577833,0.7395082270290257,66000000,1
1295863920000,1295863979000,0.7395082270290257,0.739513695793646,0.7394371404486905,0.7394371404486905,26000000,1
1295863980000,1295864039000,0.7394262052647146,0.7395082270290257,0.7394262052647146,0.7394863527793595,61000000,1
1295864040000,1295864099000,0.7394863527793595,0.7395301025728253,0.7394316728162734,0.7394316728162734,64000000,1
1295864100000,1295864159000,0.7394316728162734,0.7394316728162734,0.739316871211001,0.7393770009390088,61000000,1
1295864160000,1295864219000,0.7393988687197309,0.7394152704041644,0.7393551344517312,0.7394152704041644,50000000,1
1295864220000,1295864279000,0.7394426081619675,0.7394918212204573,0.7394316728162734,0.7394918212204573,48000000,1
1295864280000,1295864339000,0.7394754161397905,0.7395246335655441,0.7393934016532836,0.7394863527793595,52000000,1
1295864340000,1295864399000,0.7394808844191377,0.7394863527793595,0.739349668031999,0.7394480759561064,94000000,1
1295864400000,1295864459000,0.7394480759561064,0.7395410408300609,0.7394316728162734,0.7394808844191377,59000000,1
1295864460000,1295864519000,0.7394918212204573,0.7394918212204573,0.7393988687197309,0.7394535438311088,49000000,1
1295864520000,1295864579000,0.7394699479413157,0.7397489292134249,0.7394699479413157,0.7397106252034205,73000000,1
1295864580000,1295864639000,0.7397106252034205,0.739787237190584,0.7396230880743174,0.73963402908241,117000000,1
1295864640000,1295864699000,0.7396230880743174,0.7396723251599542,0.739579327278644,0.7396723251599542,67000000,1
1295864700000,1295864759000,0.739661383018854,0.7397215688015031,0.7396449704142012,0.7396559120697052,68000000,1
1295864760000,1295864819000,0.7396559120697052,0.7397215688015031,0.7396230880743174,0.7396887389786377,76000000,1
1295864820000,1295864879000,0.739683267624803,0.739683267624803,0.7395519794108728,0.7395902669920863,49000000,1
1295864880000,1295864939000,0.7396121473899087,0.7396887389786377,0.7395902669920863,0.7396887389786377,62000000,1
1295864940000,1295864999000,0.7396996819291367,0.7398638650488311,0.7395957369701721,0.7397762916494052,107000000,1
1295865000000,1295865059000,0.739787237190584,0.7399624099095765,0.7396668540489363,0.7399295587060112,115000000,1
1295865060000,1295865119000,0.7399624099095765,0.7399624099095765,0.7396394997078425,0.7396394997078425,134000000,1
1295865120000,1295865179000,0.73963402908241,0.7397927100826348,0.7394098030951695,0.7394808844191377,97000000,1
1295865180000,1295865239000,0.7394754161397905,0.7395082270290257,0.7393223371457722,0.739349668031999,145000000,1
1295865240000,1295865299000,0.7393551344517312,0.7394699479413157,0.739240356609548,0.739316871211001,143000000,1
1295865300000,1295865359000,0.7392676814347707,0.7393934016532836,0.7388143507299485,0.7389672194141468,165000000,1
1295865360000,1295865419000,0.7390163692125781,0.7393004738916038,0.7390163692125781,0.7392075694855116,172000000,1
1295865420000,1295865479000,0.7392021052475957,0.739349668031999,0.7392021052475957,0.7392567512622809,112000000,1
1295865480000,1295865539000,0.7392950082801041,0.7393004738916038,0.7390491393772772,0.7391529307413703,117000000,1
1295865540000,1295865599000,0.7391583942523043,0.7392130338042121,0.7391474673112032,0.7391638578440068,56000000,1
1295865600000,1295865659000,0.7391638578440068,0.7391747852697249,0.7390272922779039,0.7390873749094619,121000000,1
1295865660000,1295865719000,0.7390983000739099,0.7391693215164797,0.7390109078009992,0.7391146884262031,86000000,1
1295865720000,1295865779000,0.7391201513718071,0.7391693215164797,0.7389836019538726,0.7391693215164797,74000000,1
1295865780000,1295865839000,0.7391693215164797,0.7393223371457722,0.7390873749094619,0.739240356609548,85000000,1
1295865840000,1295865899000,0.7392294272450398,0.7392294272450398,0.7387379401031278,0.7388307264922533,167000000,1
1295865900000,1295865959000,0.7388143507299485,0.738896236801466,0.7386724578587363,0.7388689394275243,159000000,1
1295865960000,1295866019000,0.7388471029805092,0.7389126161940089,0.7387379401031278,0.7388525619712586,106000000,1
1295866020000,1295866079000,0.7388252678241596,0.7388252678241596,0.7386506330235925,0.7387324828060015,146000000,1
1295866080000,1295866139000,0.7387270255895042,0.738803433958361,0.7385688013766923,0.7385688013766923,86000000,1
1295866140000,1295866199000,0.738579711215333,0.7387270255895042,0.7384924415298609,0.7385688013766923,120000000,1
1295866200000,1295866259000,0.7385688013766923,0.7386942839836306,0.7385469826663024,0.7386233537932003,94000000,1
1295866260000,1295866319000,0.7386560891114706,0.7386888273314866,0.7385688013766923,0.7386288094780848,94000000,1
1295866320000,1295866379000,0.7386288094780848,0.7386560891114706,0.7385688013766923,0.7386124426652091,100000000,1
1295866380000,1295866439000,0.7386178981889089,0.7388143507299485,0.7386178981889089,0.7388143507299485,67000000,1
1295866440000,1295866499000,0.738803433958361,0.7388252678241596,0.7386397210896414,0.7388252678241596,119000000,1
1295866500000,1295866559000,0.7388307264922533,0.7390327539316542,0.7388307264922533,0.7390109078009992,82000000,1
1295866560000,1295866619000,0.739021830704879,0.7392512862972382,0.7390054464701405,0.7392075694855116,119000000,1
1295866620000,1295866679000,0.7392021052475957,0.739387934667682,0.7392021052475957,0.7393114053570504,96000000,1
1295866680000,1295866739000,0.7393387354350269,0.739387934667682,0.7393004738916038,0.7393551344517312,42000000,1
1295866740000,1295866799000,0.7393551344517312,0.739387934667682,0.7392130338042121,0.7392567512622809,97000000,1
1295866800000,1295866859000,0.7392622163081245,0.7395410408300609,0.7392622163081245,0.7394808844191377,153000000,1
1295866860000,1295866919000,0.7394863527793595,0.7394863527793595,0.7393332692577833,0.7393715341959335,124000000,1
1295866920000,1295866979000,0.7393551344517312,0.7394480759561064,0.7393059395839187,0.7393715341959335,125000000,1
1295866980000,1295867039000,0.7393715341959335,0.739387934667682,0.7393114053570504,0.7393715341959335,96000000,1
1295867040000,1295867099000,0.7393660675336966,0.739387934667682,0.7392676814347707,0.7393059395839187,70000000,1
1295867100000,1295867159000,0.7392731466422213,0.7394371404486905,0.739218498203699,0.7394371404486905,105000000,1
1295867160000,1295867219000,0.7394316728162734,0.7394918212204573,0.7393551344517312,0.7393660675336966,105000000,1
1295867220000,1295867279000,0.7393606009522965,0.7396230880743174,0.7393606009522965,0.7395957369701721,108000000,1
1295867280000,1295867339000,0.739579327278644,0.7397215688015031,0.7395519794108728,0.7396449704142012,81000000,1
1295867340000,1295867399000,0.7396668540489363,0.7397708190002737,0.7396559120697052,0.7396668540489363,66000000,1
1295867400000,1295867459000,0.7396504412014882,0.7397544015386892,0.7395574488226245,0.73963402908241,74000000,1
1295867460000,1295867519000,0.7396559120697052,0.7399240837890032,0.7395465100800189,0.7399131341980452,94000000,1
1295867520000,1295867579000,0.7398912359883097,0.7400390740631105,0.7398310225944393,0.7400062160522148,61000000,1
1295867580000,1295867639000,0.74000074000074,0.7400609810248364,0.7399350337040408,0.7399788366052731,51000000,1
1295867640000,1295867699000,0.7399624099095765,0.7401595784051042,0.7399514591842775,0.7401595784051042,80000000,1
1295867700000,1295867759000,0.7401486218432661,0.7402801219981641,0.7401157541039418,0.7401650568076681,81000000,1
1295867760000,1295867819000,0.7401376656058027,0.7401376656058027,0.7399131341980452,0.7400828892835998,130000000,1
1295867820000,1295867879000,0.7400774120973054,0.7400993213289223,0.7399076595240913,0.7399624099095765,90000000,1
1295867880000,1295867939000,0.7399624099095765,0.7401267096926993,0.7398912359883097,0.7401267096926993,78000000,1
1295867940000,1295867999000,0.7400883665509662,0.7401267096926993,0.7399405087830938,0.7399733609590056,56000000,1
1295868000000,1295868059000,0.7399569345064118,0.7399569345064118,0.7396942104134151,0.739787237190584,92000000,1
1295868060000,1295868119000,0.7398146024606234,0.7398146024606234,0.7396394997078425,0.7396394997078425,94000000,1
1295868120000,1295868179000,0.7396449704142012,0.7399459839431721,0.739584797094911,0.739885761638403,139000000,1
1295868180000,1295868239000,0.7398748131816096,0.7401705352913311,0.7398693390747194,0.7400609810248364,78000000,1
1295868240000,1295868299000,0.7400664579679256,0.7401486218432661,0.7400609810248364,0.7401486218432661,46000000,1
1295868300000,1295868359000,0.7400938438994065,0.7402965628030589,0.7400609810248364,0.7402965628030589,81000000,1
1295868360000,1295868419000,0.7402965628030589,0.7402965628030589,0.7401047988395157,0.7401705352913311,106000000,1
1295868420000,1295868479000,0.740176013856095,0.7402143660804169,0.7400993213289223,0.7401705352913311,72000000,1
1295868480000,1295868539000,0.740197928926195,0.7402746418921419,0.7400993213289223,0.7401102764311882,54000000,1
1295868540000,1295868599000,0.7400390740631105,0.7401486218432661,0.7400281210686006,0.7400883665509662,72000000,1
1295868600000,1295868659000,0.7400883665509662,0.7401212318577783,0.7400116921847366,0.7400719349920812,111000000,1
1295868660000,1295868719000,0.7400609810248364,0.740176013856095,0.7399733609590056,0.740176013856095,96000000,1
1295868720000,1295868779000,0.740176013856095,0.740493909437595,0.7401486218432661,0.7404171510228863,122000000,1
1295868780000,1295868839000,0.7404171510228863,0.7405487466212464,0.7403239657674199,0.7403787777827137,133000000,1
1295868840000,1295868899000,0.7403787777827137,0.740488426165899,0.7402198452940523,0.7403294466037387,104000000,1
1295868900000,1295868959000,0.7403513707605629,0.7404390803746622,0.7402801219981641,0.740367814730358,143000000,1
1295868960000,1295869019000,0.7403952229700214,0.7404993927904978,0.7401321876087069,0.7402308039646762,144000000,1
1295869020000,1295869079000,0.7402801219981641,0.7403513707605629,0.7401212318577783,0.7402527222793862,133000000,1
1295869080000,1295869139000,0.7402527222793862,0.740433597914939,0.7402253245888049,0.740367814730358,90000000,1
1295869140000,1295869199000,0.7403842594306446,0.7404445629155745,0.740345889599621,0.7404116688879017,92000000,1
1295869200000,1295869259000,0.7404226332390529,0.7404226332390529,0.740176013856095,0.7402417629597826,81000000,1
1295869260000,1295869319000,0.7402417629597826,0.7402965628030589,0.7401869712289324,0.7402965628030589,71000000,1
1295869320000,1295869379000,0.7403184850122523,0.7406858751203614,0.7402636819235011,0.7405487466212464,74000000,1
1295869380000,1295869439000,0.7405487466212464,0.7405761682589054,0.7404500455376778,0.7404555282409738,135000000,1
1295869440000,1295869499000,0.7404555282409738,0.740526810773184,0.7403294466037387,0.7404061868340971,110000000,1
1295869500000,1295869559000,0.7403952229700214,0.7403952229700214,0.7401431436839886,0.7402362834216683,117000000,1
1295869560000,1295869619000,0.7402472425790214,0.7402472425790214,0.7400335975253276,0.7400938438994065,99000000,1
1295869620000,1295869679000,0.7400938438994065,0.7401705352913311,0.7397927100826348,0.739847443457159,53000000,1
1295869680000,1295869739000,0.7398638650488311,0.7398638650488311,0.7397434569691231,0.7397598739449175,51000000,1
1295869740000,1295869799000,0.7397598739449175,0.7398638650488311,0.7396668540489363,0.7398638650488311,63000000,1
1295869800000,1295869859000,0.7398748131816096,0.739885761638403,0.7397051535258046,0.7398583911039427,61000000,1
1295869860000,1295869919000,0.7398310225944393,0.7399076595240913,0.7397544015386892,0.7398310225944393,88000000,1
1295869920000,1295869979000,0.7398255491355139,0.7399295587060112,0.7398200757575758,0.7398967104192254,52000000,1
1295869980000,1295870039000,0.7398748131816096,0.7400171683983068,0.7397489292134249,0.7398529172400526,57000000,1
1295870040000,1295870099000,0.7398364961343543,0.7399295587060112,0.7398310225944393,0.7398802873695036,62000000,1
1295870100000,1295870159000,0.7398802873695036,0.7399131341980452,0.7398036561096685,0.7398036561096685,45000000,1
1295870160000,1295870219000,0.7398200757575758,0.7398583911039427,0.7397489292134249,0.739847443457159,81000000,1
1295870220000,1295870279000,0.7398693390747194,0.7400226446929276,0.7397762916494052,0.7398638650488311,109000000,1
1295870280000,1295870339000,0.739847443457159,0.7398967104192254,0.7397106252034205,0.7397106252034205,54000000,1
1295870340000,1295870399000,0.7397051535258046,0.739787237190584,0.739497289742433,0.7395246335655441,135000000,1
1295870400000,1295870459000,0.7395519794108728,0.7397544015386892,0.7395191646391516,0.7397379848057818,55000000,1
1295870460000,1295870519000,0.7397270407219736,0.739847443457159,0.7396777963519091,0.7397708190002737,77000000,1
1295870520000,1295870579000,0.7397762916494052,0.7398200757575758,0.7395191646391516,0.7395957369701721,75000000,1
1295870580000,1295870639000,0.7396066771690815,0.74000074000074,0.7396066771690815,0.7398529172400526,77000000,1
1295870640000,1295870699000,0.7398146024606234,0.7398802873695036,0.7397051535258046,0.739716096961986,77000000,1
1295870700000,1295870759000,0.7397325127233992,0.7398529172400526,0.7396723251599542,0.7398036561096685,61000000,1
1295870760000,1295870819000,0.7397927100826348,0.7399624099095765,0.7397379848057818,0.7399624099095765,79000000,1
1295870820000,1295870879000,0.7399624099095765,0.7400335975253276,0.7398146024606234,0.7398583911039427,76000000,1
1295870880000,1295870939000,0.7398583911039427,0.7399788366052731,0.7398200757575758,0.7398802873695036,73000000,1
1295870940000,1295870999000,0.7398364961343543,0.7401047988395157,0.7397708190002737,0.7398310225944393,84000000,1
1295871000000,1295871059000,0.7398583911039427,0.7400116921847366,0.7398091292446549,0.7399186089530152,112000000,1
1295871060000,1295871119000,0.7399405087830938,0.7399843123325786,0.7398146024606234,0.7398419697552603,73000000,1
1295871120000,1295871179000,0.7398036561096685,0.7398693390747194,0.7397653464321118,0.7398419697552603,44000000,1
1295871180000,1295871239000,0.7398529172400526,0.7399131341980452,0.7397544015386892,0.7398529172400526,54000000,1
1295871240000,1295871299000,0.7398748131816096,0.7401102764311882,0.739847443457159,0.739847443457159,79000000,1
1295871300000,1295871359000,0.7399131341980452,0.7399405087830938,0.7397051535258046,0.7397653464321118,58000000,1
1295871360000,1295871419000,0.7397544015386892,0.7399186089530152,0.7397106252034205,0.7398529172400526,101000000,1
1295871420000,1295871479000,0.7398638650488311,0.7399459839431721,0.7396942104134151,0.7397325127233992,86000000,1
1295871480000,1295871539000,0.7397325127233992,0.7399459839431721,0.7397051535258046,0.7398967104192254,92000000,1
1295871540000,1295871599000,0.7398967104192254,0.7399240837890032,0.7396887389786377,0.7397598739449175,69000000,1
1295871600000,1295871659000,0.7397598739449175,0.7397653464321118,0.7395519794108728,0.7396285585379022,85000000,1
1295871660000,1295871719000,0.7396285585379022,0.739661383018854,0.7395683878888282,0.739584797094911,45000000,1
1295871720000,1295871779000,0.7395629183152757,0.7395629183152757,0.739349668031999,0.7393715341959335,67000000,1
1295871780000,1295871839000,0.7393551344517312,0.7393551344517312,0.7391365406931623,0.739316871211001,82000000,1
1295871840000,1295871899000,0.7393332692577833,0.7395683878888282,0.7393004738916038,0.7394918212204573,68000000,1
1295871900000,1295871959000,0.7395027583452887,0.7396777963519091,0.7395027583452887,0.7396285585379022,71000000,1
1295871960000,1295872019000,0.7396285585379022,0.7396285585379022,0.7394644798237117,0.7394754161397905,37000000,1
1295872020000,1295872079000,0.7394699479413157,0.7396012070291699,0.7394480759561064,0.7396012070291699,47000000,1
1295872080000,1295872139000,0.7396121473899087,0.7396394997078425,0.7394918212204573,0.7395191646391516,45000000,1
1295872140000,1295872199000,0.7395191646391516,0.739683267624803,0.7395191646391516,0.739683267624803,29000000,1
1295872200000,1295872259000,0.7396777963519091,0.7397708190002737,0.7396176176916535,0.7397708190002737,71000000,1
1295872260000,1295872319000,0.739781764379508,0.7399459839431721,0.739781764379508,0.7398529172400526,86000000,1
1295872320000,1295872379000,0.7398529172400526,0.7398529172400526,0.7396942104134151,0.7397325127233992,54000000,1
1295872380000,1295872439000,0.7398091292446549,0.7398693390747194,0.7397379848057818,0.7397379848057818,48000000,1
1295872440000,1295872499000,0.7397434569691231,0.7398802873695036,0.7397215688015031,0.7397215688015031,69000000,1
1295872500000,1295872559000,0.7397325127233992,0.7398310225944393,0.739716096961986,0.7397927100826348,100000000,1
1295872560000,1295872619000,0.7398091292446549,0.7399186089530152,0.7397653464321118,0.7398419697552603,96000000,1
1295872620000,1295872679000,0.7398529172400526,0.7399350337040408,0.7398419697552603,0.7398912359883097,57000000,1
1295872680000,1295872739000,0.7398802873695036,0.7398967104192254,0.7397544015386892,0.7397981830556624,93000000,1
1295872740000,1295872799000,0.739781764379508,0.7398693390747194,0.739781764379508,0.7398200757575758,39000000,1
1295872800000,1295872859000,0.7398419697552603,0.7400883665509662,0.7398419697552603,0.7400500273818511,79000000,1
1295872860000,1295872919000,0.7400335975253276,0.7401157541039418,0.7400062160522148,0.7401157541039418,63000000,1
1295872920000,1295872979000,0.7402198452940523,0.7402856021853231,0.7399897881409236,0.7400938438994065,91000000,1
1295872980000,1295873039000,0.7401157541039418,0.7401321876087069,0.7400445506819511,0.7400664579679256,34000000,1
1295873040000,1295873099000,0.7400664579679256,0.7400664579679256,0.7399788366052731,0.74000074000074,33000000,1
1295873100000,1295873159000,0.74000074000074,0.7400993213289223,0.74000074000074,0.7400993213289223,25000000,1
1295873160000,1295873219000,0.7400993213289223,0.7401595784051042,0.7400390740631105,0.7400390740631105,53000000,1
1295873220000,1295873279000,0.7400555041628122,0.7401924500370096,0.7400500273818511,0.7401431436839886,70000000,1
1295873280000,1295873339000,0.7401267096926993,0.7403294466037387,0.7400883665509662,0.7403294466037387,69000000,1
1295873340000,1295873399000,0.7403294466037387,0.7403513707605629,0.7402253245888049,0.7403513707605629,62000000,1
1295873400000,1295873459000,0.7403513707605629,0.7404500455376778,0.7403404085198374,0.7404500455376778,43000000,1
1295873460000,1295873519000,0.7405158433364681,0.7405926222162974,0.7404774598661217,0.7405322946133681,75000000,1
1295873520000,1295873579000,0.7405158433364681,0.7405816528301328,0.7404719768380366,0.7405432625373974,62000000,1
1295873580000,1295873639000,0.740521327014218,0.7405377785347719,0.7404226332390529,0.7404226332390529,86000000,1
1295873640000,1295873699000,0.7404116688879017,0.740433597914939,0.7402253245888049,0.7402472425790214,120000000,1
1295873700000,1295873759000,0.7402472425790214,0.7403075237453639,0.7400664579679256,0.7401047988395157,81000000,1
1295873760000,1295873819000,0.7401267096926993,0.7402143660804169,0.7400445506819511,0.7400883665509662,44000000,1
1295873820000,1295873879000,0.7400883665509662,0.7401595784051042,0.7400281210686006,0.7401595784051042,72000000,1
1295873880000,1295873939000,0.7401814925019614,0.7402143660804169,0.7401705352913311,0.7402088869478967,56000000,1
1295873940000,1295873999000,0.7402088869478967,0.7402088869478967,0.7399350337040408,0.7399569345064118,83000000,1
1295874000000,1295874059000,0.7399569345064118,0.7401595784051042,0.7398967104192254,0.7399897881409236,133000000,1
1295874060000,1295874119000,0.7399897881409236,0.7399897881409236,0.7398583911039427,0.7398802873695036,74000000,1
1295874120000,1295874179000,0.7398802873695036,0.7400062160522148,0.7396230880743174,0.7397051535258046,92000000,1
1295874180000,1295874239000,0.7397215688015031,0.740176013856095,0.7397215688015031,0.7401541000836375,104000000,1
1295874240000,1295874299000,0.7402034078964899,0.7403787777827137,0.7401924500370096,0.740367814730358,97000000,1
1295874300000,1295874359000,0.740367814730358,0.740367814730358,0.7400938438994065,0.7401157541039418,80000000,1
1295874360000,1295874419000,0.7401267096926993,0.7401541000836375,0.7399678853937739,0.74000074000074,60000000,1
1295874420000,1295874479000,0.7399733609590056,0.7402582020608788,0.7399350337040408,0.7402417629597826,61000000,1
1295874480000,1295874539000,0.7402472425790214,0.7402527222793862,0.7401486218432661,0.7402417629597826,42000000,1
1295874540000,1295874599000,0.7402417629597826,0.7403294466037387,0.7401541000836375,0.7402801219981641,77000000,1
1295874600000,1295874659000,0.7403020432336394,0.7403623333259297,0.7401869712289324,0.7403184850122523,93000000,1
1295874660000,1295874719000,0.7403404085198374,0.740433597914939,0.7402417629597826,0.7404281155364031,117000000,1
1295874720000,1295874779000,0.7404226332390529,0.7404500455376778,0.7403623333259297,0.7403842594306446,70000000,1
1295874780000,1295874839000,0.740373296215952,0.740488426165899,0.7403075237453639,0.740367814730358,60000000,1
1295874840000,1295874899000,0.7403623333259297,0.7409767555591782,0.7403294466037387,0.7409767555591782,136000000,1
1295874900000,1295874959000,0.7409657747908623,0.7409657747908623,0.7402143660804169,0.7402362834216683,100000000,1
1295874960000,1295875019000,0.7402362834216683,0.740269161867255,0.7400938438994065,0.7402143660804169,110000000,1
1295875020000,1295875079000,0.7402308039646762,0.7403842594306446,0.7402088869478967,0.7402417629597826,77000000,1
1295875080000,1295875139000,0.7402143660804169,0.7402965628030589,0.7402034078964899,0.7402143660804169,134000000,1
1295875140000,1295875199000,0.7402088869478967,0.7403075237453639,0.7400116921847366,0.7400500273818511,107000000,1
1295875200000,1295875259000,0.7400500273818511,0.7400993213289223,0.7397489292134249,0.7398693390747194,123000000,1
1295875260000,1295875319000,0.739885761638403,0.7399843123325786,0.7398255491355139,0.7398310225944393,120000000,1
1295875320000,1295875379000,0.7398255491355139,0.7398310225944393,0.7396012070291699,0.7396012070291699,135000000,1
1295875380000,1295875439000,0.7396012070291699,0.7397544015386892,0.7396012070291699,0.739716096961986,86000000,1
1295875440000,1295875499000,0.7397270407219736,0.7397981830556624,0.7396176176916535,0.7397215688015031,85000000,1
1295875500000,1295875559000,0.7396996819291367,0.7397379848057818,0.7396394997078425,0.7396887389786377,83000000,1
1295875560000,1295875619000,0.7396996819291367,0.7397653464321118,0.7396012070291699,0.7397653464321118,37000000,1
1295875620000,1295875679000,0.7397927100826348,0.7397981830556624,0.739661383018854,0.7396723251599542,50000000,1
1295875680000,1295875739000,0.739683267624803,0.7397325127233992,0.739661383018854,0.7396942104134151,52000000,1
1295875740000,1295875799000,0.7396942104134151,0.74000074000074,0.7396176176916535,0.7398638650488311,107000000,1
1295875800000,1295875859000,0.7398638650488311,0.7399514591842775,0.7396176176916535,0.73963402908241,92000000,1
1295875860000,1295875919000,0.7396066771690815,0.7397325127233992,0.739584797094911,0.739661383018854,93000000,1
1295875920000,1295875979000,0.7396723251599542,0.7398638650488311,0.7396394997078425,0.739847443457159,59000000,1
1295875980000,1295876039000,0.739847443457159,0.7402308039646762,0.739847443457159,0.7402308039646762,65000000,1
1295876040000,1295876099000,0.7402308039646762,0.7402417629597826,0.7400062160522148,0.7402417629597826,97000000,1
1295876100000,1295876159000,0.7402143660804169,0.7402856021853231,0.7401431436839886,0.7402198452940523,61000000,1
1295876160000,1295876219000,0.7402088869478967,0.7402088869478967,0.7400719349920812,0.7401047988395157,47000000,1
1295876220000,1295876279000,0.7401047988395157,0.7402143660804169,0.7398310225944393,0.740197928926195,103000000,1
1295876280000,1295876339000,0.740197928926195,0.740197928926195,0.7400062160522148,0.7400883665509662,69000000,1
1295876340000,1295876399000,0.7401047988395157,0.7402143660804169,0.7399514591842775,0.7400062160522148,103000000,1
1295876400000,1295876459000,0.74000074000074,0.7400774120973054,0.7399076595240913,0.7400774120973054,93000000,1
1295876460000,1295876519000,0.7400774120973054,0.7401212318577783,0.7399843123325786,0.7400664579679256,70000000,1
1295876520000,1295876579000,0.7401102764311882,0.7401102764311882,0.7400335975253276,0.7400445506819511,45000000,1
1295876580000,1295876639000,0.7400664579679256,0.7401924500370096,0.7400664579679256,0.7401486218432661,35000000,1
1295876640000,1295876699000,0.7401595784051042,0.7402088869478967,0.7400226446929276,0.7401321876087069,72000000,1
1295876700000,1295876759000,0.7401157541039418,0.7401376656058027,0.7399514591842775,0.7400062160522148,79000000,1
1295876760000,1295876819000,0.7400171683983068,0.7400500273818511,0.7396996819291367,0.7398091292446549,130000000,1
1295876820000,1295876879000,0.7398091292446549,0.7398091292446549,0.7397544015386892,0.739787237190584,66000000,1
1295876880000,1295876939000,0.7397653464321118,0.7398200757575758,0.7397434569691231,0.739781764379508,59000000,1
1295876940000,1295876999000,0.7397653464321118,0.7398802873695036,0.7397653464321118,0.7398802873695036,37000000,1
1295877000000,1295877059000,0.7398529172400526,0.7398802873695036,0.7396996819291367,0.7397489292134249,75000000,1
1295877060000,1295877119000,0.7397489292134249,0.7397489292134249,0.7396723251599542,0.7396942104134151,65000000,1
1295877120000,1295877179000,0.7396942104134151,0.7397270407219736,0.7395246335655441,0.73963402908241,102000000,1
1295877180000,1295877239000,0.7396230880743174,0.7396777963519091,0.7395902669920863,0.7396559120697052,75000000,1
1295877240000,1295877299000,0.7396777963519091,0.7399131341980452,0.739661383018854,0.739847443457159,92000000,1
1295877300000,1295877359000,0.7398310225944393,0.7398802873695036,0.7397653464321118,0.739847443457159,82000000,1
1295877360000,1295877419000,0.7398638650488311,0.7398638650488311,0.7396723251599542,0.7396723251599542,74000000,1
1295877420000,1295877479000,0.7396559120697052,0.7396887389786377,0.7394371404486905,0.7395519794108728,99000000,1
1295877480000,1295877539000,0.7395027583452887,0.73963402908241,0.7394918212204573,0.73963402908241,131000000,1
1295877540000,1295877599000,0.7396394997078425,0.7396394997078425,0.7394207377940122,0.739513695793646,78000000,1
1295877600000,1295877659000,0.7394918212204573,0.739513695793646,0.739316871211001,0.7393278031613657,95000000,1
1295877660000,1295877719000,0.7393387354350269,0.7394152704041644,0.7392731466422213,0.7392840772995432,111000000,1
1295877720000,1295877779000,0.7393004738916038,0.7393551344517312,0.739021830704879,0.7390819124483566,122000000,1
1295877780000,1295877839000,0.7391092255613534,0.7392294272450398,0.739054601353948,0.7391420039618012,112000000,1
1295877840000,1295877899000,0.7391857130185387,0.7392567512622809,0.7390819124483566,0.7391474673112032,87000000,1
1295877900000,1295877959000,0.7391802491037439,0.7391966410904629,0.7389508376007744,0.7391966410904629,86000000,1
1295877960000,1295878019000,0.7391638578440068,0.7392348918868972,0.7391037627772563,0.7391911770141112,115000000,1
1295878020000,1295878079000,0.7392075694855116,0.7393934016532836,0.7392075694855116,0.7393770009390088,65000000,1
1295878080000,1295878139000,0.7393770009390088,0.739387934667682,0.7392676814347707,0.7393442016930982,56000000,1
1295878140000,1295878199000,0.7393442016930982,0.7393442016930982,0.7391420039618012,0.7392239626839744,69000000,1
1295878200000,1295878259000,0.7391911770141112,0.739387934667682,0.7390491393772772,0.7393004738916038,111000000,1
1295878260000,1295878319000,0.7393278031613657,0.7395246335655441,0.7392950082801041,0.7393551344517312,150000000,1
1295878320000,1295878379000,0.739349668031999,0.739349668031999,0.7391365406931623,0.739316871211001,91000000,1
1295878380000,1295878439000,0.7392786119304782,0.7392786119304782,0.7391638578440068,0.7391638578440068,63000000,1
1295878440000,1295878499000,0.7391474673112032,0.7392895427494178,0.7390709877683751,0.7390873749094619,69000000,1
1295878500000,1295878559000,0.739076450067995,0.739076450067995,0.7386233537932003,0.7386560891114706,122000000,1
1295878560000,1295878619000,0.7386779142690413,0.7388798581350673,0.7385360737945245,0.7385633465782361,131000000,1
1295878620000,1295878679000,0.7385633465782361,0.7385633465782361,0.7381708127260648,0.7381708127260648,84000000,1
1295878680000,1295878739000,0.7381926092155966,0.738263456697157,0.7381054309797612,0.7381708127260648,138000000,1
1295878740000,1295878799000,0.7381599149639778,0.7385033491126882,0.7381217753304941,0.7384760807597442,92000000,1
1295878800000,1295878859000,0.7384597207145336,0.7385142570177317,0.738312512920469,0.7383997400832916,89000000,1
1295878860000,1295878919000,0.7383942877817897,0.7385360737945245,0.7382852586582404,0.7384488144204284,172000000,1
1295878920000,1295878979000,0.7384597207145336,0.7386178981889089,0.7384597207145336,0.7385906213762897,102000000,1
1295878980000,1295879039000,0.7386124426652091,0.7386615452799528,0.738519711091089,0.7385960765776413,98000000,1
1295879040000,1295879099000,0.7385960765776413,0.7386670015290406,0.738508803024932,0.7385469826663024,89000000,1
1295879100000,1295879159000,0.7385469826663024,0.7386015318595771,0.7383888355608063,0.7384160974709248,137000000,1
1295879160000,1295879219000,0.7384706273307979,0.738585166255521,0.7383833834203396,0.7384760807597442,166000000,1
1295879220000,1295879279000,0.7384597207145336,0.7384815342692356,0.7379910407887649,0.7380672969761384,153000000,1
1295879280000,1295879339000,0.7380672969761384,0.738508803024932,0.7380672969761384,0.7384542675272121,147000000,1
1295879340000,1295879399000,0.7384542675272121,0.738508803024932,0.7383343177790903,0.7384542675272121,121000000,1
1295879400000,1295879459000,0.7384160974709248,0.738579711215333,0.7383833834203396,0.7384160974709248,153000000,1
1295879460000,1295879519000,0.7384106449278572,0.7384815342692356,0.7380781920036609,0.7381163271331562,102000000,1
1295879520000,1295879579000,0.7381163271331562,0.7381708127260648,0.7379910407887649,0.7380836396380438,88000000,1
1295879580000,1295879639000,0.738061849582995,0.7381272236082611,0.737822243865008,0.737822243865008,124000000,1
1295879640000,1295879699000,0.7377405956517569,0.7377405956517569,0.7374033079912397,0.7374033079912397,169000000,1
1295879700000,1295879759000,0.7373924328788538,0.7377297105886346,0.7373652465012019,0.7376970573264383,141000000,1
1295879760000,1295879819000,0.737680731779286,0.7377133835962052,0.7375773534249405,0.7377133835962052,121000000,1
1295879820000,1295879879000,0.7377079414259894,0.7377133835962052,0.7375175160410059,0.7376045554457344,137000000,1
1295879880000,1295879939000,0.737609996090667,0.7376698484826131,0.7374413734108138,0.7375773534249405,69000000,1
1295879940000,1295879999000,0.7375555932528414,0.737571913261543,0.737425059178361,0.7375011984394474,162000000,1
1295880000000,1295880059000,0.7374957593993835,0.737512076760257,0.7369196757553427,0.7369359676337723,160000000,1
1295880060000,1295880119000,0.7369631223653569,0.7370228698196505,0.7367079468686228,0.7367567965814484,139000000,1
1295880120000,1295880179000,0.7367567965814484,0.7368056527729681,0.7365939893930465,0.7367350847982083,174000000,1
1295880180000,1295880239000,0.7367133742945969,0.7367730812587031,0.7365939893930465,0.7367459405298676,138000000,1
1295880240000,1295880299000,0.7367622247272138,0.7369142452892756,0.7367242293864561,0.7368002239872681,129000000,1
1295880300000,1295880359000,0.7367947952815662,0.7368219396100738,0.7365777126315712,0.7367133742945969,150000000,1
1295880360000,1295880419000,0.7367025195226168,0.736946829286267,0.7365560114018871,0.7368219396100738,145000000,1
1295880420000,1295880479000,0.736843656512961,0.736946829286267,0.7366265450741784,0.736946829286267,120000000,1
1295880480000,1295880539000,0.7369142452892756,0.7369631223653569,0.7363932929298881,0.7364529480211509,183000000,1
1295880540000,1295880599000,0.7364421009220256,0.7364421009220256,0.7359380634525798,0.7362685907819172,213000000,1
1295880600000,1295880659000,0.7363011177050968,0.736339069414684,0.7359326474441059,0.7359326474441059,156000000,1
1295880660000,1295880719000,0.7359272315153478,0.7359759777440864,0.7353806330156489,0.7355374940237578,170000000,1
1295880720000,1295880779000,0.7355320839095001,0.7355807778031145,0.7351968121866224,0.7354833964623249,197000000,1
1295880780000,1295880839000,0.7355050345319614,0.7355699563807016,0.7353373727866345,0.7353914488682326,164000000,1
1295880840000,1295880899000,0.7353914488682326,0.7355104442483084,0.7352887111124183,0.7354238983350002,140000000,1
1295880900000,1295880959000,0.7354347154603086,0.7355591352766806,0.7354130815278942,0.7354779871438447,80000000,1
1295880960000,1295881019000,0.7354455329038331,0.7358026871514135,0.7354184898916729,0.7358026871514135,113000000,1
1295881020000,1295881079000,0.7357864453421039,0.7359272315153478,0.7357431373558864,0.7357918591988698,163000000,1
1295881080000,1295881139000,0.7357918591988698,0.7359055685974376,0.7357377242160714,0.7359055685974376,145000000,1
1295881140000,1295881199000,0.7358026871514135,0.7358351729212657,0.7356727727506805,0.7357214852745344,156000000,1
1295881200000,1295881259000,0.735705247049822,0.735705247049822,0.7354942153379964,0.7354996248951913,157000000,1
1295881260000,1295881319000,0.7355050345319614,0.7357702042498087,0.7354779871438447,0.7357485505753554,164000000,1
1295881320000,1295881379000,0.7357106597117486,0.7357485505753554,0.7355861886337223,0.7356078327522031,140000000,1
1295881380000,1295881439000,0.7356078327522031,0.7356348896915483,0.7354076732436626,0.7355591352766806,163000000,1
1295881440000,1295881499000,0.7355374940237578,0.7357106597117486,0.7354238983350002,0.7356565366761567,154000000,1
1295881500000,1295881559000,0.7356781849347821,0.7357918591988698,0.7355266738748281,0.7357864453421039,155000000,1
1295881560000,1295881619000,0.7357485505753554,0.7358135154226513,0.7356403013182675,0.7357485505753554,112000000,1
1295881620000,1295881679000,0.7357539638744803,0.7359976448075366,0.7357268981753973,0.7359272315153478,82000000,1
1295881680000,1295881739000,0.7359272315153478,0.7359380634525798,0.7356835971985168,0.7358839069548387,110000000,1
1295881740000,1295881799000,0.7359272315153478,0.7359272315153478,0.7356186552890982,0.7358351729212657,147000000,1
1295881800000,1295881859000,0.7358460021486702,0.736008478817676,0.7357756178675751,0.7358568316948255,100000000,1
1295881860000,1295881919000,0.7358568316948255,0.7360572358106566,0.7358460021486702,0.7359813943903498,112000000,1
1295881920000,1295881979000,0.7359868111163448,0.7360355652385123,0.7356294781444482,0.7356565366761567,121000000,1
1295881980000,1295882039000,0.7356673606462102,0.7358730766117461,0.7354888058603748,0.7358730766117461,188000000,1
1295882040000,1295882099000,0.7358622465874388,0.7359163998969718,0.7355970105337492,0.7357377242160714,185000000,1
1295882100000,1295882159000,0.7357323111559091,0.7358297584270903,0.7355699563807016,0.7356944219648928,139000000,1
1295882160000,1295882219000,0.7356890095418864,0.7357756178675751,0.7356565366761567,0.7356565366761567,93000000,1
1295882220000,1295882279000,0.7356673606462102,0.7359163998969718,0.7356457130246074,0.7358243440125973,105000000,1
1295882280000,1295882339000,0.7358135154226513,0.735818929677785,0.7355104442483084,0.7355266738748281,81000000,1
1295882340000,1295882399000,0.7355104442483084,0.7358568316948255,0.7355104442483084,0.7358081012471946,104000000,1
1295882400000,1295882459000,0.7358081012471946,0.7358568316948255,0.7357106597117486,0.735818929677785,58000000,1
1295882460000,1295882519000,0.7357485505753554,0.7358784917434433,0.7357160724533187,0.735867661559745,167000000,1
1295882520000,1295882579000,0.735867661559745,0.7361981256395721,0.735867661559745,0.7360951623825929,90000000,1
1295882580000,1295882639000,0.7360951623825929,0.736279432770325,0.7360193131467769,0.736279432770325,118000000,1
1295882640000,1295882699000,0.7362469077629874,0.736355335630762,0.7361656078151341,0.7362631699074518,118000000,1
1295882700000,1295882759000,0.7362523283979885,0.7362848538842707,0.7360355652385123,0.7361114178242019,127000000,1
1295882760000,1295882819000,0.7361114178242019,0.7362577491128094,0.736003061772737,0.7362252260211444,108000000,1
1295882820000,1295882879000,0.7362252260211444,0.7363770250368188,0.7361710272530515,0.7363499134788852,96000000,1
1295882880000,1295882939000,0.7363499134788852,0.7363499134788852,0.7362198057852153,0.7362902750780468,71000000,1
1295882940000,1295882999000,0.7363011177050968,0.7365939893930465,0.7363011177050968,0.7365722872042663,98000000,1
1295883000000,1295883059000,0.7365722872042663,0.7367242293864561,0.7365614365894259,0.7366970922565769,102000000,1
1295883060000,1295883119000,0.7366862379643886,0.7367459405298676,0.7364421009220256,0.7364746431780353,139000000,1
1295883120000,1295883179000,0.7364475244316466,0.7366428239939301,0.7364149845721061,0.7364963396131922,136000000,1
1295883180000,1295883239000,0.7365071883101578,0.7366482504604052,0.7364366774922858,0.7366211189274796,127000000,1
1295883240000,1295883299000,0.7366428239939301,0.7367133742945969,0.736355335630762,0.7364149845721061,107000000,1
1295883300000,1295883359000,0.7364149845721061,0.7364692192689806,0.73618728604557,0.736339069414684,122000000,1
1295883360000,1295883419000,0.7363444914068598,0.7365505862942667,0.7363444914068598,0.7365505862942667,63000000,1
1295883420000,1295883479000,0.7365777126315712,0.7367079468686228,0.7363987157206398,0.7364746431780353,106000000,1
1295883480000,1295883539000,0.7364746431780353,0.7364800671669821,0.7361981256395721,0.7362089655527826,120000000,1
1295883540000,1295883599000,0.7362089655527826,0.736366180174077,0.7359109842073503,0.7359543119563137,91000000,1
1295883600000,1295883659000,0.7359597282836683,0.7362306463368844,0.7359597282836683,0.7361981256395721,74000000,1
1295883660000,1295883719000,0.7362143856290951,0.7363444914068598,0.736078907658901,0.7362740117362078,109000000,1
1295883720000,1295883779000,0.7362956963516548,0.736355335630762,0.7362306463368844,0.7362631699074518,104000000,1
1295883780000,1295883839000,0.7362414872078041,0.7362414872078041,0.7357268981753973,0.7357702042498087,126000000,1
1295883840000,1295883899000,0.7357810315650063,0.735867661559745,0.7356673606462102,0.7356673606462102,122000000,1
1295883900000,1295883959000,0.7356673606462102,0.7358081012471946,0.7355320839095001,0.7357756178675751,182000000,1
1295883960000,1295884019000,0.7357810315650063,0.7358297584270903,0.7354888058603748,0.7354888058603748,208000000,1
1295884020000,1295884079000,0.7354888058603748,0.7354942153379964,0.7352184333965621,0.7352941176470588,236000000,1
1295884080000,1295884139000,0.7353319656158772,0.735364409833293,0.7351373604157937,0.7353211515129233,222000000,1
1295884140000,1295884199000,0.7353211515129233,0.7354779871438447,0.7350400964372606,0.7351643827559843,181000000,1
1295884200000,1295884259000,0.7351319561861354,0.7353211515129233,0.7350130832328816,0.7352941176470588,138000000,1
1295884260000,1295884319000,0.7352995242612078,0.7353211515129233,0.7350887252091328,0.7352562735741544,171000000,1
1295884320000,1295884379000,0.7352562735741544,0.7354779871438447,0.7352508675960238,0.7354401241422929,148000000,1
1295884380000,1295884439000,0.7354509417449309,0.735970561177553,0.7353914488682326,0.7358460021486702,185000000,1
1295884440000,1295884499000,0.7358351729212657,0.735867661559745,0.7356998344675372,0.7357972731353057,175000000,1
1295884500000,1295884559000,0.7357918591988698,0.7359868111163448,0.7357106597117486,0.735948895708682,166000000,1
1295884560000,1295884619000,0.7359434795407712,0.7360409827619202,0.7357972731353057,0.7358081012471946,173000000,1
1295884620000,1295884679000,0.7358243440125973,0.7358243440125973,0.7355591352766806,0.7356186552890982,188000000,1
1295884680000,1295884739000,0.7356240666769653,0.7357593772532631,0.7355915995439332,0.7356619486213695,164000000,1
1295884740000,1295884799000,0.7356457130246074,0.7360193131467769,0.7356294781444482,0.7358405874951252,196000000,1
1295884800000,1295884859000,0.7358026871514135,0.7358568316948255,0.7354401241422929,0.7356457130246074,231000000,1
1295884860000,1295884919000,0.7356403013182675,0.735867661559745,0.7356294781444482,0.7358514168819033,188000000,1
1295884920000,1295884979000,0.7358351729212657,0.7359218156663035,0.7356781849347821,0.7357214852745344,199000000,1
1295884980000,1295885039000,0.7357268981753973,0.7359001530672318,0.7357160724533187,0.7357810315650063,91000000,1
1295885040000,1295885099000,0.7358081012471946,0.7358839069548387,0.735542904217603,0.7355699563807016,104000000,1
1295885100000,1295885159000,0.7355266738748281,0.7355970105337492,0.7354293068578783,0.7354671687455872,109000000,1
1295885160000,1295885219000,0.7354725779049328,0.7355212639197399,0.7350941288031932,0.735126552035933,130000000,1
1295885220000,1295885279000,0.7351427647249096,0.7353914488682326,0.7350833216945141,0.7353265585246408,124000000,1
1295885280000,1295885339000,0.735348187366718,0.7354888058603748,0.7351968121866224,0.7353265585246408,109000000,1
1295885340000,1295885399000,0.7353265585246408,0.7354293068578783,0.7352724919855299,0.7353914488682326,103000000,1
1295885400000,1295885459000,0.7353914488682326,0.7355104442483084,0.735353594776048,0.7354184898916729,136000000,1
1295885460000,1295885519000,0.7354347154603086,0.7355591352766806,0.7354184898916729,0.7355591352766806,89000000,1
1295885520000,1295885579000,0.735542904217603,0.7355483144910374,0.7354238983350002,0.7354347154603086,70000000,1
1295885580000,1295885639000,0.7354455329038331,0.7355861886337223,0.7353914488682326,0.7355374940237578,113000000,1
1295885640000,1295885699000,0.7355320839095001,0.7356565366761567,0.7354779871438447,0.7355970105337492,99000000,1
1295885700000,1295885759000,0.7356240666769653,0.7356998344675372,0.7354509417449309,0.7354671687455872,128000000,1
1295885760000,1295885819000,0.7354833964623249,0.7359055685974376,0.7354725779049328,0.7358947376167313,126000000,1
1295885820000,1295885879000,0.7358947376167313,0.7359868111163448,0.7358460021486702,0.7358460021486702,116000000,1
1295885880000,1295885939000,0.7358460021486702,0.7359055685974376,0.7357756178675751,0.7358460021486702,128000000,1
1295885940000,1295885999000,0.7358026871514135,0.7359163998969718,0.7356890095418864,0.7358947376167313,66000000,1
1295886000000,1295886059000,0.7358893222459342,0.736008478817676,0.7358405874951252,0.7359759777440864,92000000,1
1295886060000,1295886119000,0.7359759777440864,0.736008478817676,0.7358893222459342,0.7359434795407712,66000000,1
1295886120000,1295886179000,0.7359380634525798,0.7360951623825929,0.7359163998969718,0.7360951623825929,89000000,1
1295886180000,1295886239000,0.736089744061596,0.7362035455562754,0.7360680715752592,0.73618728604557,68000000,1
1295886240000,1295886299000,0.736176446770762,0.736360757862492,0.7361547691786722,0.7363499134788852,42000000,1
1295886300000,1295886359000,0.7363499134788852,0.7363878702190018,0.7361981256395721,0.7363336475023563,110000000,1
1295886360000,1295886419000,0.7363336475023563,0.7364854912358227,0.7363228039172373,0.7363878702190018,87000000,1
1295886420000,1295886479000,0.7364041385912589,0.7365722872042663,0.7363987157206398,0.7364366774922858,120000000,1
1295886480000,1295886539000,0.7364421009220256,0.7365126127784938,0.7363282256698745,0.7363987157206398,92000000,1
1295886540000,1295886599000,0.7363932929298881,0.7364909153845587,0.7362252260211444,0.7363987157206398,127000000,1
1295886600000,1295886659000,0.7363878702190018,0.7365831381388017,0.7362523283979885,0.7365234619548805,144000000,1
1295886660000,1295886719000,0.7365234619548805,0.7369576912589448,0.7365234619548805,0.7368165105843693,151000000,1
1295886720000,1295886779000,0.7368165105843693,0.7368165105843693,0.7364854912358227,0.7365071883101578,103000000,1
1295886780000,1295886839000,0.7365614365894259,0.7365614365894259,0.7363173822444427,0.7363932929298881,86000000,1
1295886840000,1295886899000,0.7363932929298881,0.7363932929298881,0.7362035455562754,0.7362414872078041,113000000,1
1295886900000,1295886959000,0.7362631699074518,0.7363824475879793,0.7362198057852153,0.7362469077629874,111000000,1
1295886960000,1295887019000,0.7362414872078041,0.7366048409670148,0.7362198057852153,0.7365505862942667,107000000,1
1295887020000,1295887079000,0.7365722872042663,0.7367242293864561,0.7365180373267342,0.7365180373267342,71000000,1
1295887080000,1295887139000,0.7365071883101578,0.7369033845972455,0.7365071883101578,0.7369033845972455,88000000,1
1295887140000,1295887199000,0.7368708044418573,0.7370174378325791,0.7368599450302481,0.7369848475915335,97000000,1
1295887200000,1295887259000,0.7370174378325791,0.7371097925035934,0.7369305369275891,0.7369413984199976,77000000,1
1295887260000,1295887319000,0.7369413984199976,0.7371097925035934,0.7369413984199976,0.7370391662612951,90000000,1
1295887320000,1295887379000,0.7370283018867925,0.7370391662612951,0.7369088149032439,0.7369251063014466,89000000,1
1295887380000,1295887439000,0.7369794161649066,0.7369902790982187,0.7368110816386678,0.7368110816386678,78000000,1
1295887440000,1295887499000,0.736843656512961,0.7369739848183359,0.736843656512961,0.7369739848183359,54000000,1
1295887500000,1295887559000,0.7369685535518199,0.7371804322826055,0.7369631223653569,0.7371586955239724,95000000,1
1295887560000,1295887619000,0.7371586955239724,0.7372619565457802,0.7370771940945374,0.7371532615346056,86000000,1
1295887620000,1295887679000,0.7371586955239724,0.7373598094662253,0.7371586955239724,0.7372619565457802,43000000,1
1295887680000,1295887739000,0.7372456502506635,0.7373706836163607,0.737147827625352,0.7373598094662253,76000000,1
1295887740000,1295887799000,0.7373869954429484,0.7374087456677235,0.7373434988423707,0.7374087456677235,62000000,1
1295887800000,1295887859000,0.7373924328788538,0.7376045554457344,0.7373924328788538,0.7375283948432014,93000000,1
1295887860000,1295887919000,0.7374957593993835,0.7375392739663387,0.7374196212612826,0.7374794427605331,66000000,1
1295887920000,1295887979000,0.7374685654023997,0.737550153410432,0.7373978703949503,0.737506637559738,74000000,1
1295887980000,1295888039000,0.737512076760257,0.737512076760257,0.7372619565457802,0.7373108797593417,64000000,1
1295888040000,1295888099000,0.7372239096458376,0.7372239096458376,0.7369957106849638,0.7370989260468648,85000000,1
1295888100000,1295888159000,0.7371315263782516,0.7371315263782516,0.7369794161649066,0.7370989260468648,95000000,1
1295888160000,1295888219000,0.7371097925035934,0.7372565210339286,0.7370880599105175,0.7370989260468648,116000000,1
1295888220000,1295888279000,0.7370826269624825,0.737354372511429,0.7370608959712251,0.7372402149792467,69000000,1
1295888280000,1295888339000,0.7372510856022235,0.737414183424404,0.7371152258521052,0.7372184746949759,106000000,1
1295888340000,1295888399000,0.7372347797879713,0.7373652465012019,0.7371913011426465,0.7373217524663412,96000000,1
1295888400000,1295888459000,0.7372891353073021,0.7372891353073021,0.7370771940945374,0.7370771940945374,92000000,1
1295888460000,1295888519000,0.7370771940945374,0.7370771940945374,0.7368490859387089,0.7369088149032439,124000000,1
1295888520000,1295888579000,0.7368925242253417,0.7369848475915335,0.7367730812587031,0.7368979543712787,98000000,1
1295888580000,1295888639000,0.7369251063014466,0.7370445985686593,0.7368653746960431,0.7369902790982187,56000000,1
1295888640000,1295888699000,0.7369902790982187,0.7370608959712251,0.7369251063014466,0.7369522602325821,65000000,1
1295888700000,1295888759000,0.7369522602325821,0.7370445985686593,0.7369251063014466,0.7369902790982187,92000000,1
1295888760000,1295888819000,0.7370065740986409,0.7370337340340067,0.7368545154444706,0.7369685535518199,91000000,1
1295888820000,1295888879000,0.7369848475915335,0.7371858666725641,0.7369848475915335,0.737147827625352,141000000,1
1295888880000,1295888939000,0.7371369600471768,0.7371369600471768,0.7368599450302481,0.7368979543712787,93000000,1
1295888940000,1295888999000,0.7369033845972455,0.7369685535518199,0.7366970922565769,0.7368002239872681,110000000,1
1295889000000,1295889059000,0.7368327979015002,0.736843656512961,0.736534311450899,0.7365831381388017,129000000,1
1295889060000,1295889119000,0.7365885637259596,0.7366211189274796,0.7364692192689806,0.7366156928607207,87000000,1
1295889120000,1295889179000,0.7365939893930465,0.7366482504604052,0.7365126127784938,0.7366211189274796,77000000,1
1295889180000,1295889239000,0.7366156928607207,0.7366753839920439,0.7364800671669821,0.736545161266563,69000000,1
1295889240000,1295889299000,0.736545161266563,0.7367296570523446,0.7364963396131922,0.7367242293864561,100000000,1
1295889300000,1295889359000,0.7367296570523446,0.7368273687157836,0.7365885637259596,0.7366970922565769,67000000,1
1295889360000,1295889419000,0.7366699571258084,0.7369033845972455,0.7366699571258084,0.7368979543712787,61000000,1
1295889420000,1295889479000,0.7369088149032439,0.7370065740986409,0.7368599450302481,0.7369522602325821,87000000,1
1295889480000,1295889539000,0.7369142452892756,0.7370391662612951,0.7369142452892756,0.7370337340340067,102000000,1
1295889540000,1295889599000,0.7370065740986409,0.7370880599105175,0.7369576912589448,0.7370445985686593,102000000,1
1295889600000,1295889659000,0.7370445985686593,0.7371967356928544,0.7370445985686593,0.7371586955239724,82000000,1
1295889660000,1295889719000,0.7371315263782516,0.7371315263782516,0.7369794161649066,0.7369794161649066,35000000,1
1295889720000,1295889779000,0.7370065740986409,0.7370283018867925,0.7369685535518199,0.7370174378325791,32000000,1
1295889780000,1295889839000,0.7370337340340067,0.7371586955239724,0.7369576912589448,0.7371586955239724,48000000,1
1295889840000,1295889899000,0.7371749979727688,0.7372510856022235,0.7371260927894326,0.7372510856022235,61000000,1
1295889900000,1295889959000,0.7372673921377805,0.7373652465012019,0.737164129593454,0.7372076050336535,96000000,1
1295889960000,1295890019000,0.7372619565457802,0.7372891353073021,0.7371369600471768,0.7371369600471768,56000000,1
1295890020000,1295890079000,0.7371369600471768,0.7371749979727688,0.7371206592807177,0.737164129593454,32000000,1
1295890080000,1295890139000,0.7371586955239724,0.7372293446768355,0.7371097925035934,0.737147827625352,69000000,1
1295890140000,1295890199000,0.7371206592807177,0.7372076050336535,0.7370989260468648,0.7371858666725641,81000000,1
1295890200000,1295890259000,0.7371858666725641,0.7372619565457802,0.7371369600471768,0.7371858666725641,57000000,1
1295890260000,1295890319000,0.7371804322826055,0.7371804322826055,0.7369305369275891,0.7370065740986409,93000000,1
1295890320000,1295890379000,0.7370174378325791,0.7370717613066808,0.7368870941594329,0.7369848475915335,76000000,1
1295890380000,1295890439000,0.7370011423517707,0.737147827625352,0.7369631223653569,0.737147827625352,61000000,1
1295890440000,1295890499000,0.737164129593454,0.7373217524663412,0.7370554634236227,0.7371749979727688,59000000,1
1295890500000,1295890559000,0.7371858666725641,0.7372293446768355,0.7371043592351806,0.737164129593454,94000000,1
1295890560000,1295890619000,0.7371586955239724,0.7371804322826055,0.7369413984199976,0.7369739848183359,76000000,1
1295890620000,1295890679000,0.7370011423517707,0.7370011423517707,0.7368599450302481,0.736946829286267,67000000,1
1295890680000,1295890739000,0.7369576912589448,0.7370717613066808,0.7368762342676923,0.7370445985686593,72000000,1
1295890740000,1295890799000,0.7370283018867925,0.7370934929386442,0.7369251063014466,0.7369902790982187,79000000,1
1295890800000,1295890859000,0.7370174378325791,0.7370283018867925,0.7368327979015002,0.7368545154444706,88000000,1
1295890860000,1295890919000,0.7368653746960431,0.7369251063014466,0.7364095615417471,0.7364312541424257,136000000,1
1295890920000,1295890979000,0.7364149845721061,0.7365722872042663,0.7363878702190018,0.7365722872042663,76000000,1
1295890980000,1295891039000,0.7365560114018871,0.7365722872042663,0.7364909153845587,0.7365288866629349,47000000,1
1295891040000,1295891099000,0.7365288866629349,0.7365505862942667,0.7364963396131922,0.7364963396131922,45000000,1
1295891100000,1295891159000,0.7365234619548805,0.7367079468686228,0.7364963396131922,0.7367079468686228,51000000,1
1295891160000,1295891219000,0.7366916650705013,0.7367893666558604,0.7365994151400643,0.7365994151400643,77000000,1
1295891220000,1295891279000,0.7365994151400643,0.7366536770068287,0.7365126127784938,0.7365994151400643,77000000,1
1295891280000,1295891339000,0.7366102668738997,0.7366373976074017,0.7364312541424257,0.7364312541424257,62000000,1
1295891340000,1295891399000,0.7363878702190018,0.7364529480211509,0.7363499134788852,0.7364095615417471,58000000,1
1295891400000,1295891459000,0.7364041385912589,0.7364637954398162,0.7363987157206398,0.7364258308724437,36000000,1
1295891460000,1295891519000,0.7364258308724437,0.7365288866629349,0.7364258308724437,0.7365288866629349,42000000,1
1295891520000,1295891579000,0.7365397363187745,0.7367188018005407,0.7364692192689806,0.7366970922565769,82000000,1
1295891580000,1295891639000,0.7366970922565769,0.7367893666558604,0.7366970922565769,0.7367893666558604,29000000,1
1295891640000,1295891699000,0.7367893666558604,0.7367893666558604,0.7366156928607207,0.7367079468686228,70000000,1
1295891700000,1295891759000,0.7367296570523446,0.7369685535518199,0.7366916650705013,0.7366916650705013,115000000,1
1295891760000,1295891819000,0.7366970922565769,0.7367730812587031,0.7366699571258084,0.7367676529529648,85000000,1
1295891820000,1295891879000,0.7367785096444307,0.7368382271672254,0.736751368515667,0.7367839381101492,44000000,1
1295891880000,1295891939000,0.7367622247272138,0.7369413984199976,0.7367622247272138,0.7368979543712787,76000000,1
1295891940000,1295891999000,0.7368979543712787,0.7371369600471768,0.7368979543712787,0.7371260927894326,114000000,1
1295892000000,1295892059000,0.7371206592807177,0.737164129593454,0.7368545154444706,0.7371532615346056,167000000,1
1295892060000,1295892119000,0.7371586955239724,0.7371586955239724,0.7370337340340067,0.7370337340340067,101000000,1
1295892120000,1295892179000,0.7370608959712251,0.737147827625352,0.7369902790982187,0.7371206592807177,105000000,1
1295892180000,1295892239000,0.7371206592807177,0.7372184746949759,0.7370445985686593,0.7370445985686593,56000000,1
1295892240000,1295892299000,0.7370391662612951,0.7370500309561013,0.7368599450302481,0.7368762342676923,95000000,1
1295892300000,1295892359000,0.7368490859387089,0.7369305369275891,0.7368490859387089,0.7369251063014466,67000000,1
1295892360000,1295892419000,0.7369251063014466,0.7369251063014466,0.7368110816386678,0.7368545154444706,72000000,1
1295892420000,1295892479000,0.7368816641735504,0.7369739848183359,0.7368708044418573,0.7369522602325821,36000000,1
1295892480000,1295892539000,0.736946829286267,0.736946829286267,0.7368490859387089,0.7369088149032439,96000000,1
1295892540000,1295892599000,0.7369196757553427,0.7369848475915335,0.7369088149032439,0.7369305369275891,34000000,1
1295892600000,1295892659000,0.7369305369275891,0.7369305369275891,0.7366808109382367,0.7367676529529648,83000000,1
1295892660000,1295892719000,0.7367839381101492,0.736843656512961,0.7367350847982083,0.7367622247272138,47000000,1
1295892720000,1295892779000,0.7367622247272138,0.7369142452892756,0.7366808109382367,0.7369033845972455,47000000,1
1295892780000,1295892839000,0.7368762342676923,0.7372293446768355,0.7368653746960431,0.7371913011426465,105000000,1
1295892840000,1295892899000,0.7371967356928544,0.7372945713000716,0.7371206592807177,0.7372402149792467,86000000,1
1295892900000,1295892959000,0.7372510856022235,0.7373489356368115,0.7372347797879713,0.7373434988423707,44000000,1
1295892960000,1295893019000,0.737338062128105,0.737338062128105,0.7372239096458376,0.737300007373,69000000,1
1295893020000,1295893079000,0.7372782635622336,0.7372945713000716,0.7369576912589448,0.7370391662612951,90000000,1
1295893080000,1295893139000,0.7370228698196505,0.7370500309561013,0.7369631223653569,0.7369631223653569,29000000,1
1295893140000,1295893199000,0.7369305369275891,0.7369848475915335,0.7368979543712787,0.7369522602325821,33000000,1
1295893200000,1295893259000,0.7369413984199976,0.736946829286267,0.7368653746960431,0.7368653746960431,24000000,1
1295893260000,1295893319000,0.7368708044418573,0.7368870941594329,0.7368545154444706,0.7368708044418573,11000000,1
1295893320000,1295893379000,0.7368110816386678,0.7368327979015002,0.7367296570523446,0.7367567965814484,47000000,1
1295893380000,1295893439000,0.7367567965814484,0.7368762342676923,0.7367567965814484,0.7368273687157836,22000000,1
1295893440000,1295893499000,0.7368327979015002,0.7368327979015002,0.7366645303395287,0.7367133742945969,107000000,1
1295893500000,1295893559000,0.7367025195226168,0.7368165105843693,0.7366156928607207,0.7366753839920439,90000000,1
1295893560000,1295893619000,0.7366916650705013,0.7366970922565769,0.7364746431780353,0.7365180373267342,70000000,1
1295893620000,1295893679000,0.7365180373267342,0.7366862379643886,0.7364963396131922,0.7366536770068287,69000000,1
1295893680000,1295893739000,0.7366428239939301,0.7370608959712251,0.7366048409670148,0.7368273687157836,94000000,1
1295893740000,1295893799000,0.7368273687157836,0.7368599450302481,0.7366808109382367,0.7368382271672254,71000000,1
1295893800000,1295893859000,0.7368219396100738,0.7368545154444706,0.7367350847982083,0.7367730812587031,75000000,1
1295893860000,1295893919000,0.7367730812587031,0.7368110816386678,0.7366645303395287,0.7367622247272138,42000000,1
1295893920000,1295893979000,0.7367459405298676,0.7368708044418573,0.7367242293864561,0.7367242293864561,47000000,1
1295893980000,1295894039000,0.7367893666558604,0.7368382271672254,0.7366428239939301,0.7366591036332026,67000000,1
1295894040000,1295894099000,0.7366699571258084,0.7366699571258084,0.7365722872042663,0.7366211189274796,59000000,1
1295894100000,1295894159000,0.7366211189274796,0.7369359676337723,0.7366048409670148,0.7368979543712787,84000000,1
1295894160000,1295894219000,0.7368870941594329,0.7369739848183359,0.7368599450302481,0.736946829286267,31000000,1
1295894220000,1295894279000,0.7369413984199976,0.7370174378325791,0.7369413984199976,0.7370174378325791,47000000,1
1295894280000,1295894339000,0.7370174378325791,0.7372239096458376,0.7370120059255766,0.7372239096458376,47000000,1
1295894340000,1295894399000,0.7372184746949759,0.7372184746949759,0.7370445985686593,0.7371695637430521,63000000,1
1295894400000,1295894459000,0.7371804322826055,0.7372782635622336,0.7370554634236227,0.7371260927894326,46000000,1
1295894460000,1295894519000,0.7371369600471768,0.7371913011426465,0.7370934929386442,0.7371152258521052,56000000,1
1295894520000,1295894579000,0.7371532615346056,0.7373163160727584,0.7371532615346056,0.7372782635622336,84000000,1
1295894580000,1295894639000,0.7372891353073021,0.7373489356368115,0.7372891353073021,0.7373326254940129,20000000,1
1295894640000,1295894699000,0.7373217524663412,0.7373217524663412,0.7372293446768355,0.7372728278099311,55000000,1
1295894700000,1295894759000,0.7372728278099311,0.7372728278099311,0.7371423937962096,0.7371695637430521,65000000,1
1295894760000,1295894819000,0.7371532615346056,0.7372293446768355,0.7371423937962096,0.7371532615346056,50000000,1
1295894820000,1295894879000,0.7371532615346056,0.7371532615346056,0.7369142452892756,0.7369631223653569,74000000,1
1295894880000,1295894939000,0.7369631223653569,0.7369794161649066,0.7368762342676923,0.7369413984199976,45000000,1
1295894940000,1295894999000,0.7369196757553427,0.7369739848183359,0.7369196757553427,0.7369576912589448,18000000,1
1295895000000,1295895059000,0.7369794161649066,0.7371423937962096,0.7369522602325821,0.7371423937962096,22000000,1
1295895060000,1295895119000,0.7371206592807177,0.7371369600471768,0.7370500309561013,0.7370500309561013,31000000,1
1295895120000,1295895179000,0.7370283018867925,0.7371097925035934,0.7370283018867925,0.7370445985686593,22000000,1
1295895180000,1295895239000,0.7370445985686593,0.7370554634236227,0.7370391662612951,0.7370445985686593,20000000,1
1295895240000,1295895299000,0.7370228698196505,0.7370445985686593,0.7370065740986409,0.7370445985686593,14000000,1
1295895300000,1295895359000,0.7370445985686593,0.7372076050336535,0.7370445985686593,0.7372076050336535,47000000,1
1295895360000,1295895419000,0.7372239096458376,0.7372836993946901,0.7372239096458376,0.7372728278099311,21000000,1
1295895420000,1295895479000,0.7372728278099311,0.7372728278099311,0.7371532615346056,0.7372456502506635,64000000,1
1295895480000,1295895539000,0.7372456502506635,0.7372673921377805,0.7371695637430521,0.7372619565457802,24000000,1
1295895540000,1295895599000,0.7372836993946901,0.7373108797593417,0.7372130398242485,0.7372130398242485,28000000,1
1295895600000,1295895659000,0.7372130398242485,0.7373054435260895,0.7372076050336535,0.7373054435260895,49000000,1
1295895660000,1295895719000,0.7373054435260895,0.7373815580872323,0.7372293446768355,0.7372673921377805,45000000,1
1295895720000,1295895779000,0.7372619565457802,0.737338062128105,0.7372619565457802,0.737338062128105,35000000,1
1295895780000,1295895839000,0.7373652465012019,0.7374087456677235,0.7373652465012019,0.7374087456677235,5000000,1
1295895840000,1295895899000,0.7374304971756411,0.7375338343646515,0.737425059178361,0.7375338343646515,52000000,1
1295895900000,1295895959000,0.737512076760257,0.7375773534249405,0.737484881559928,0.7375447136482649,26000000,1
1295895960000,1295896019000,0.7375664731783952,0.7375664731783952,0.7375392739663387,0.7375392739663387,13000000,1
1295896020000,1295896079000,0.737550153410432,0.737571913261543,0.737354372511429,0.737354372511429,51000000,1
1295896080000,1295896139000,0.7373598094662253,0.7373978703949503,0.7373217524663412,0.737354372511429,38000000,1
1295896140000,1295896199000,0.737354372511429,0.7374033079912397,0.7373326254940129,0.7373706836163607,32000000,1
1295896200000,1295896259000,0.7373706836163607,0.7374522499668147,0.7373489356368115,0.7374522499668147,27000000,1
1295896260000,1295896319000,0.7374522499668147,0.7374685654023997,0.7374522499668147,0.7374685654023997,7000000,1
1295896320000,1295896379000,0.7374685654023997,0.7374903204395442,0.737425059178361,0.737425059178361,19000000,1
1295896380000,1295896439000,0.7374304971756411,0.737484881559928,0.737425059178361,0.737484881559928,64000000,1
1295896440000,1295896499000,0.7374903204395442,0.737512076760257,0.7374033079912397,0.7374304971756411,50000000,1
1295896500000,1295896559000,0.7374359352531249,0.7375447136482649,0.7374359352531249,0.7375229554019869,51000000,1
1295896560000,1295896619000,0.7375827936685893,0.737609996090667,0.7374468116487098,0.7374522499668147,71000000,1
1295896620000,1295896679000,0.7374740040413575,0.7374794427605331,0.737425059178361,0.7374631268436578,12000000,1
1295896680000,1295896739000,0.7374468116487098,0.7375991148810621,0.737425059178361,0.737550153410432,45000000,1
1295896740000,1295896799000,0.737571913261543,0.7376644069547,0.737571913261543,0.7376644069547,21000000,1
1295896800000,1295896859000,0.737680731779286,0.737680731779286,0.7375991148810621,0.737609996090667,28000000,1
1295896860000,1295896919000,0.737609996090667,0.7377242681775259,0.7375555932528414,0.7377133835962052,74000000,1
1295896920000,1295896979000,0.7377133835962052,0.7378494639523644,0.7377133835962052,0.7377569238487303,69000000,1
1295896980000,1295897039000,0.7377678097149265,0.7378549082108494,0.7377678097149265,0.737822243865008,41000000,1
1295897040000,1295897099000,0.7377950257859361,0.737805912776585,0.7377623667416725,0.7377841391165773,31000000,1
1295897100000,1295897159000,0.737805912776585,0.7378712414683637,0.7377569238487303,0.7378657969688474,62000000,1
1295897160000,1295897219000,0.7378712414683637,0.7378930202699212,0.7378494639523644,0.7378603525496764,25000000,1
1295897220000,1295897279000,0.7378712414683637,0.7379747022272077,0.7378549082108494,0.7378821307084407,55000000,1
1295897280000,1295897339000,0.7378549082108494,0.7379747022272077,0.7378331316589439,0.7379747022272077,30000000,1
1295897340000,1295897399000,0.7379583643890812,0.7380890873528434,0.7378657969688474,0.7380073800738007,72000000,1
1295897400000,1295897459000,0.7380182733324476,0.7381163271331562,0.7379638102547451,0.7381163271331562,87000000,1
1295897460000,1295897519000,0.7381163271331562,0.7381490175236577,0.7380836396380438,0.7380945351480618,48000000,1
1295897520000,1295897579000,0.7380945351480618,0.7381163271331562,0.7380509550379358,0.7380509550379358,28000000,1
1295897580000,1295897639000,0.7380509550379358,0.7381163271331562,0.7379801483340098,0.7381108790162458,61000000,1
1295897640000,1295897699000,0.7381108790162458,0.7381762617277754,0.7381108790162458,0.7381217753304941,50000000,1
1295897700000,1295897759000,0.7381054309797612,0.7381054309797612,0.7380291669126764,0.7380291669126764,21000000,1
1295897760000,1295897819000,0.7380291669126764,0.7380672969761384,0.7379638102547451,0.7379638102547451,40000000,1
1295897820000,1295897879000,0.7379801483340098,0.7379801483340098,0.7379093552148054,0.737925690882928,13000000,1
1295897880000,1295897939000,0.7379148003571507,0.7380237200823634,0.7379093552148054,0.7380073800738007,57000000,1
1295897940000,1295897999000,0.7380073800738007,0.7380182733324476,0.7379311362663636,0.7379420272743372,54000000,1
1295898000000,1295898059000,0.737925690882928,0.7379474728988791,0.7377786959023771,0.7377841391165773,32000000,1
1295898060000,1295898119000,0.7377841391165773,0.7378004692410984,0.7377188258467169,0.7378004692410984,28000000,1
1295898120000,1295898179000,0.7378004692410984,0.7378004692410984,0.7376752900908078,0.7376752900908078,41000000,1
1295898180000,1295898239000,0.7376589655070668,0.7376644069547,0.7376372005192966,0.7376480828526326,22000000,1
1295898240000,1295898299000,0.7376263185070444,0.7376263185070444,0.7376263185070444,0.7376263185070444,8000000,1
1295898300000,1295898359000,0.7376480828526326,0.7377297105886346,0.7376263185070444,0.7376480828526326,26000000,1
1295898360000,1295898419000,0.7376535241397115,0.7377297105886346,0.7374957593993835,0.7375011984394474,44000000,1
1295898420000,1295898479000,0.7375175160410059,0.7375447136482649,0.73745768836513,0.73745768836513,34000000,1
1295898480000,1295898539000,0.73745768836513,0.7374685654023997,0.737414183424404,0.7374196212612826,28000000,1
1295898540000,1295898599000,0.7373869954429484,0.7374794427605331,0.7373598094662253,0.7374794427605331,18000000,1
1295898600000,1295898659000,0.7374794427605331,0.7374794427605331,0.7372184746949759,0.7372184746949759,45000000,1
1295898660000,1295898719000,0.7372021703231895,0.7372293446768355,0.7369576912589448,0.7369576912589448,65000000,1
1295898720000,1295898779000,0.7369413984199976,0.7369413984199976,0.7368327979015002,0.7368327979015002,61000000,1
1295898780000,1295898839000,0.736843656512961,0.7368816641735504,0.7367730812587031,0.7368219396100738,41000000,1
1295898840000,1295898899000,0.7368327979015002,0.7368870941594329,0.7367947952815662,0.7367947952815662,13000000,1
1295898900000,1295898959000,0.7368110816386678,0.7369522602325821,0.7368110816386678,0.7369305369275891,38000000,1
1295898960000,1295899019000,0.7369305369275891,0.7369305369275891,0.7368002239872681,0.7368165105843693,51000000,1
1295899020000,1295899079000,0.7368219396100738,0.736843656512961,0.7367839381101492,0.7368273687157836,20000000,1
1295899080000,1295899139000,0.7368490859387089,0.7369251063014466,0.7368490859387089,0.7369251063014466,19000000,1
1295899140000,1295899199000,0.7369142452892756,0.7370228698196505,0.7368545154444706,0.7370065740986409,80000000,1
1295899200000,1295899259000,0.7370065740986409,0.7370989260468648,0.7369739848183359,0.7370880599105175,62000000,1
1295899260000,1295899319000,0.7370880599105175,0.7371097925035934,0.7370337340340067,0.7370554634236227,41000000,1
1295899320000,1295899379000,0.7370717613066808,0.7370880599105175,0.7369576912589448,0.7369576912589448,20000000,1
1295899380000,1295899439000,0.7369413984199976,0.7369522602325821,0.7369251063014466,0.7369522602325821,8000000,1
1295899440000,1295899499000,0.7369522602325821,0.7369631223653569,0.7369305369275891,0.7369631223653569,8000000,1
1295899500000,1295899559000,0.7369902790982187,0.7370608959712251,0.7369902790982187,0.7370283018867925,21000000,1
1295899560000,1295899619000,0.7370283018867925,0.7370663285989106,0.7369794161649066,0.7370228698196505,29000000,1
1295899620000,1295899679000,0.7370391662612951,0.7370391662612951,0.7369142452892756,0.7369142452892756,19000000,1
1295899680000,1295899739000,0.7369413984199976,0.7369413984199976,0.7368599450302481,0.7369033845972455,19000000,1
1295899740000,1295899799000,0.7369088149032439,0.7369088149032439,0.7368056527729681,0.7368056527729681,29000000,1
1295899800000,1295899859000,0.7368219396100738,0.7371369600471768,0.7368219396100738,0.7371097925035934,52000000,1
1295899860000,1295899919000,0.7371206592807177,0.737147827625352,0.7370989260468648,0.7371206592807177,13000000,1
1295899920000,1295899979000,0.7371260927894326,0.7373054435260895,0.7371260927894326,0.7372402149792467,24000000,1
1295899980000,1295900039000,0.7372402149792467,0.7374413734108138,0.7372402149792467,0.7374087456677235,57000000,1
1295900040000,1295900099000,0.737414183424404,0.7374196212612826,0.737414183424404,0.7374196212612826,5000000,1
1295900100000,1295900159000,0.7374087456677235,0.7374087456677235,0.7372565210339286,0.7372565210339286,24000000,1
1295900160000,1295900219000,0.7372456502506635,0.7372456502506635,0.7371315263782516,0.7371315263782516,31000000,1
1295900220000,1295900279000,0.7371097925035934,0.7371858666725641,0.7370934929386442,0.737147827625352,46000000,1
1295900280000,1295900339000,0.7371804322826055,0.7371804322826055,0.7369088149032439,0.7370174378325791,109000000,1
1295900340000,1295900399000,0.7370283018867925,0.7370989260468648,0.7369413984199976,0.736946829286267,101000000,1
1295900400000,1295900459000,0.7369413984199976,0.7370554634236227,0.7369413984199976,0.7370228698196505,17000000,1
1295900460000,1295900519000,0.7370174378325791,0.7370174378325791,0.7369631223653569,0.7369739848183359,10000000,1
1295900520000,1295900579000,0.7369685535518199,0.7369794161649066,0.7369196757553427,0.736946829286267,32000000,1
1295900580000,1295900639000,0.736946829286267,0.7369902790982187,0.7368653746960431,0.7368653746960431,19000000,1
1295900640000,1295900699000,0.7368816641735504,0.7370011423517707,0.7368816641735504,0.7369522602325821,61000000,1
1295900700000,1295900759000,0.7369522602325821,0.7369522602325821,0.7368979543712787,0.7368979543712787,7000000,1
1295900760000,1295900819000,0.7368870941594329,0.736946829286267,0.7368816641735504,0.7369033845972455,17000000,1
1295900820000,1295900879000,0.7369033845972455,0.7369305369275891,0.7368599450302481,0.7368870941594329,22000000,1
1295900880000,1295900939000,0.7368925242253417,0.7368925242253417,0.7366862379643886,0.7367459405298676,59000000,1
1295900940000,1295900999000,0.7367622247272138,0.7367947952815662,0.7365126127784938,0.7365939893930465,52000000,1
1295901000000,1295901059000,0.7365777126315712,0.7366048409670148,0.7365288866629349,0.7365885637259596,24000000,1
1295901060000,1295901119000,0.7365994151400643,0.7366808109382367,0.7364692192689806,0.736566861856885,85000000,1
1295901120000,1295901179000,0.7365397363187745,0.7365560114018871,0.7363336475023563,0.7364204076823376,47000000,1
1295901180000,1295901239000,0.7364312541424257,0.7364692192689806,0.7364149845721061,0.7364475244316466,24000000,1
1295901240000,1295901299000,0.7364583716905402,0.7365722872042663,0.7364583716905402,0.7365722872042663,16000000,1
1295901300000,1295901359000,0.7366373976074017,0.7367459405298676,0.7365722872042663,0.7367459405298676,30000000,1
1295901360000,1295901419000,0.7367730812587031,0.7368165105843693,0.7364312541424257,0.7365180373267342,62000000,1
1295901420000,1295901479000,0.7365397363187745,0.7365885637259596,0.7364583716905402,0.7364583716905402,33000000,1
1295901480000,1295901539000,0.7364583716905402,0.7365126127784938,0.7364041385912589,0.7364746431780353,49000000,1
1295901540000,1295901599000,0.7364963396131922,0.7365126127784938,0.7364637954398162,0.7364637954398162,15000000,1
1295901600000,1295901659000,0.7364800671669821,0.736545161266563,0.7364421009220256,0.7364800671669821,30000000,1
1295901660000,1295901719000,0.7364583716905402,0.7364583716905402,0.7363716025655187,0.7363716025655187,16000000,1
1295901720000,1295901779000,0.7363770250368188,0.7364095615417471,0.7363444914068598,0.7363878702190018,26000000,1
1295901780000,1295901839000,0.7364149845721061,0.7365180373267342,0.736355335630762,0.7365017639217246,29000000,1
1295901840000,1295901899000,0.7365397363187745,0.7365939893930465,0.7365126127784938,0.7365939893930465,35000000,1
1295901900000,1295901959000,0.7365777126315712,0.7366211189274796,0.7365614365894259,0.7365831381388017,21000000,1
1295901960000,1295902019000,0.7365831381388017,0.7365885637259596,0.736545161266563,0.7365885637259596,10000000,1
1295902020000,1295902079000,0.7365777126315712,0.7365777126315712,0.7365234619548805,0.7365397363187745,12000000,1
1295902080000,1295902139000,0.7365505862942667,0.7366211189274796,0.7365505862942667,0.7366211189274796,19000000,1
1295902140000,1295902199000,0.7366211189274796,0.7366211189274796,0.7364909153845587,0.7364909153845587,26000000,1
1295902200000,1295902259000,0.7365071883101578,0.736534311450899,0.7364854912358227,0.7364854912358227,11000000,1
1295902260000,1295902319000,0.7365017639217246,0.7365180373267342,0.7364583716905402,0.7364583716905402,13000000,1
1295902320000,1295902379000,0.7364312541424257,0.7364746431780353,0.7364149845721061,0.7364746431780353,12000000,1
1295902380000,1295902439000,0.7364583716905402,0.7364583716905402,0.7364149845721061,0.7364149845721061,7000000,1
1295902440000,1295902499000,0.7364149845721061,0.7365885637259596,0.7362902750780468,0.7365126127784938,70000000,1
1295902500000,1295902559000,0.7365126127784938,0.7366319713008185,0.7364963396131922,0.7365722872042663,51000000,1
1295902560000,1295902619000,0.7365994151400643,0.7368327979015002,0.7365994151400643,0.7368165105843693,78000000,1
1295902620000,1295902679000,0.7368002239872681,0.7369033845972455,0.7368002239872681,0.7368816641735504,38000000,1
1295902680000,1295902739000,0.7368599450302481,0.7369522602325821,0.7368545154444706,0.7369359676337723,66000000,1
1295902740000,1295902799000,0.7369685535518199,0.7370120059255766,0.7368327979015002,0.7368653746960431,131000000,1
1295902800000,1295902859000,0.7368653746960431,0.7368979543712787,0.7367785096444307,0.7367839381101492,99000000,1
1295902860000,1295902919000,0.7367730812587031,0.7368925242253417,0.7367730812587031,0.7368816641735504,60000000,1
1295902920000,1295902979000,0.7368599450302481,0.7368816641735504,0.7367405126240487,0.736751368515667,69000000,1
1295902980000,1295903039000,0.7367622247272138,0.7368870941594329,0.7367296570523446,0.7368653746960431,78000000,1
1295903040000,1295903099000,0.7368762342676923,0.7370554634236227,0.7368327979015002,0.7370554634236227,65000000,1
1295903100000,1295903159000,0.7370554634236227,0.7371260927894326,0.7370120059255766,0.7370771940945374,43000000,1
1295903160000,1295903219000,0.7371206592807177,0.737164129593454,0.7370554634236227,0.737147827625352,41000000,1
1295903220000,1295903279000,0.737147827625352,0.7371586955239724,0.7371315263782516,0.737147827625352,17000000,1
1295903280000,1295903339000,0.737147827625352,0.7372510856022235,0.7371423937962096,0.7371695637430521,32000000,1
1295903340000,1295903399000,0.7371804322826055,0.7373326254940129,0.7371152258521052,0.737164129593454,71000000,1
1295903400000,1295903459000,0.737147827625352,0.7371858666725641,0.7370608959712251,0.7370608959712251,69000000,1
1295903460000,1295903519000,0.7370989260468648,0.7371586955239724,0.7370391662612951,0.7371586955239724,77000000,1
1295903520000,1295903579000,0.737164129593454,0.7372619565457802,0.7371586955239724,0.7372619565457802,92000000,1
1295903580000,1295903639000,0.7372891353073021,0.7372945713000716,0.7372347797879713,0.7372347797879713,15000000,1
1295903640000,1295903699000,0.7372347797879713,0.7373652465012019,0.7372347797879713,0.7373598094662253,25000000,1
1295903700000,1295903759000,0.7373434988423707,0.7373434988423707,0.7373271889400922,0.7373271889400922,4000000,1
1295903760000,1295903819000,0.7373326254940129,0.7375991148810621,0.7373326254940129,0.7374957593993835,75000000,1
1295903820000,1295903879000,0.7374740040413575,0.7374740040413575,0.7374413734108138,0.73745768836513,9000000,1
1295903880000,1295903939000,0.73745768836513,0.7375664731783952,0.7373924328788538,0.73745768836513,79000000,1
1295903940000,1295903999000,0.7374468116487098,0.73745768836513,0.7373869954429484,0.7374087456677235,50000000,1
1295904000000,1295904059000,0.7374087456677235,0.7374087456677235,0.7372402149792467,0.7372891353073021,46000000,1
1295904060000,1295904119000,0.7372891353073021,0.7373489356368115,0.7372782635622336,0.7372836993946901,18000000,1
1295904120000,1295904179000,0.7372402149792467,0.7372402149792467,0.7370174378325791,0.7372347797879713,65000000,1
1295904180000,1295904239000,0.7371967356928544,0.7372402149792467,0.7371913011426465,0.7372402149792467,14000000,1
1295904240000,1295904299000,0.7372402149792467,0.7372402149792467,0.7372130398242485,0.7372239096458376,5000000,1
1295904300000,1295904359000,0.7372239096458376,0.7372347797879713,0.7371749979727688,0.7371749979727688,13000000,1
1295904360000,1295904419000,0.7371586955239724,0.7371586955239724,0.7371586955239724,0.7371586955239724,3000000,1
1295904420000,1295904479000,0.7371586955239724,0.7371913011426465,0.7371532615346056,0.7371913011426465,11000000,1
1295904480000,1295904539000,0.7372076050336535,0.7372456502506635,0.7372076050336535,0.7372239096458376,10000000,1
1295904540000,1295904599000,0.7372347797879713,0.7375175160410059,0.7372347797879713,0.7373815580872323,39000000,1
1295904600000,1295904659000,0.7373706836163607,0.7374522499668147,0.7373652465012019,0.7374087456677235,24000000,1
1295904660000,1295904719000,0.737425059178361,0.7377514810360982,0.737425059178361,0.7377514810360982,68000000,1
1295904720000,1295904779000,0.7377569238487303,0.7377623667416725,0.7376317594730358,0.7376644069547,32000000,1
1295904780000,1295904839000,0.737680731779286,0.7377623667416725,0.737680731779286,0.7377297105886346,11000000,1
1295904840000,1295904899000,0.7376916153970994,0.7377569238487303,0.7375991148810621,0.7377569238487303,34000000,1
1295904900000,1295904959000,0.7377405956517569,0.7377460383037743,0.7376916153970994,0.7377460383037743,19000000,1
1295904960000,1295905019000,0.7377188258467169,0.7377460383037743,0.7376589655070668,0.7377405956517569,24000000,1
1295905020000,1295905079000,0.7377188258467169,0.7377623667416725,0.7376589655070668,0.7377188258467169,27000000,1
1295905080000,1295905139000,0.7376970573264383,0.7377460383037743,0.7376752900908078,0.7377297105886346,30000000,1
1295905140000,1295905199000,0.7377514810360982,0.7377623667416725,0.7377079414259894,0.7377351530800443,22000000,1
1295905200000,1295905259000,0.7377133835962052,0.7377460383037743,0.7377133835962052,0.7377460383037743,4000000,1
1295905260000,1295905319000,0.7377623667416725,0.7379202455798578,0.7377623667416725,0.7378821307084407,20000000,1
1295905320000,1295905379000,0.7378603525496764,0.7378712414683637,0.7378603525496764,0.7378712414683637,4000000,1
1295905380000,1295905439000,0.7378875754490045,0.7379202455798578,0.7378875754490045,0.7379093552148054,10000000,1
1295905440000,1295905499000,0.7379093552148054,0.7379148003571507,0.7378875754490045,0.7379148003571507,11000000,1
1295905500000,1295905559000,0.7379202455798578,0.7379202455798578,0.7379093552148054,0.7379093552148054,4000000,1
1295905560000,1295905619000,0.7379365817301662,0.7379365817301662,0.7379365817301662,0.7379365817301662,4000000,1
1295905620000,1295905679000,0.7379529186037931,0.7379529186037931,0.7378875754490045,0.7378875754490045,6000000,1
1295905680000,1295905739000,0.7378875754490045,0.7378875754490045,0.7377786959023771,0.7378440197742198,23000000,1
1295905740000,1295905799000,0.7378331316589439,0.7378331316589439,0.7377460383037743,0.7377460383037743,15000000,1
1295905800000,1295905859000,0.7377242681775259,0.7377242681775259,0.7375827936685893,0.7377024993360677,35000000,1
1295905860000,1295905919000,0.7376861735480491,0.7376916153970994,0.7376589655070668,0.7376589655070668,8000000,1
1295905920000,1295905979000,0.7376861735480491,0.7376916153970994,0.737609996090667,0.7376208776213202,31000000,1
1295905980000,1295906039000,0.7376426416458283,0.737680731779286,0.7376317594730358,0.737680731779286,8000000,1
1295906040000,1295906099000,0.7376916153970994,0.7377133835962052,0.7376916153970994,0.7377133835962052,2000000,1
1295906100000,1295906159000,0.7377133835962052,0.7377732527684941,0.7376698484826131,0.7376698484826131,21000000,1
1295906160000,1295906219000,0.737680731779286,0.7377841391165773,0.737680731779286,0.7377242681775259,18000000,1
1295906220000,1295906279000,0.7377133835962052,0.7378385756764135,0.7377133835962052,0.7377297105886346,14000000,1
1295906280000,1295906339000,0.7377133835962052,0.7378113563923977,0.7376752900908078,0.737805912776585,25000000,1
1295906340000,1295906399000,0.7378385756764135,0.7378440197742198,0.7377514810360982,0.737805912776585,31000000,1
1295906400000,1295906459000,0.7377514810360982,0.7377678097149265,0.737550153410432,0.737609996090667,50000000,1
1295906460000,1295906519000,0.7376535241397115,0.7376698484826131,0.7370174378325791,0.7370174378325791,35000000,1
1295906520000,1295906579000,0.7370174378325791,0.7376916153970994,0.7370174378325791,0.7376535241397115,74000000,1
1295906580000,1295906639000,0.7376916153970994,0.7376916153970994,0.737512076760257,0.7376263185070444,49000000,1
1295906640000,1295906699000,0.7376045554457344,0.7377623667416725,0.7374033079912397,0.7377623667416725,33000000,1
1295906700000,1295906759000,0.7380073800738007,0.7383888355608063,0.7380073800738007,0.7381708127260648,15000000,1
1295906760000,1295906819000,0.7377405956517569,0.7378440197742198,0.7377024993360677,0.7377024993360677,24000000,1
1295906820000,1295906879000,0.7376535241397115,0.7376698484826131,0.7375229554019869,0.737609996090667,36000000,1
1295906880000,1295906939000,0.7376263185070444,0.7376752900908078,0.7375229554019869,0.7376535241397115,18000000,1
1295906940000,1295906999000,0.7376372005192966,0.7376372005192966,0.7373598094662253,0.7375283948432014,42000000,1
1295907000000,1295907059000,0.737550153410432,0.7375882339924914,0.7373924328788538,0.7375175160410059,27000000,1
1295907060000,1295907119000,0.7375175160410059,0.7375555932528414,0.7374304971756411,0.7374468116487098,23000000,1
1295907120000,1295907179000,0.7374468116487098,0.7374468116487098,0.7371260927894326,0.7372239096458376,33000000,1
1295907180000,1295907239000,0.7371967356928544,0.7372782635622336,0.7371967356928544,0.7372782635622336,5000000,1
1295907240000,1295907299000,0.7372565210339286,0.7374957593993835,0.7372510856022235,0.737414183424404,53000000,1
1295907300000,1295907359000,0.7374196212612826,0.7374685654023997,0.7372782635622336,0.737425059178361,34000000,1
1295907360000,1295907419000,0.7374304971756411,0.7374522499668147,0.7374196212612826,0.7374359352531249,11000000,1
1295907420000,1295907479000,0.7373761208117036,0.7374304971756411,0.7373108797593417,0.7373869954429484,34000000,1
1295907480000,1295907539000,0.7373652465012019,0.7373652465012019,0.7373163160727584,0.7373163160727584,7000000,1
1295907540000,1295907599000,0.7372836993946901,0.7373163160727584,0.7372836993946901,0.7373163160727584,7000000,1
1295907600000,1295907659000,0.7373217524663412,0.7373217524663412,0.7373217524663412,0.7373217524663412,2000000,1
1295907660000,1295907719000,0.737300007373,0.737300007373,0.7371913011426465,0.7372456502506635,17000000,1
1295907720000,1295907779000,0.7372293446768355,0.7373271889400922,0.7372021703231895,0.7373271889400922,16000000,1
1295907780000,1295907839000,0.7373163160727584,0.737425059178361,0.7372945713000716,0.737425059178361,14000000,1
1295907840000,1295907899000,0.7374522499668147,0.737484881559928,0.737425059178361,0.737425059178361,11000000,1
1295907900000,1295907959000,0.7374196212612826,0.737425059178361,0.7374087456677235,0.737425059178361,5000000,1
1295907960000,1295908019000,0.7374087456677235,0.7374087456677235,0.7373489356368115,0.7373489356368115,8000000,1
1295908020000,1295908079000,0.7377133835962052,0.7380073800738007,0.7375827936685893,0.7377351530800443,29000000,1
1295908080000,1295908139000,0.7373271889400922,0.7373271889400922,0.7372945713000716,0.7372945713000716,4000000,1
1295908140000,1295908199000,0.7373108797593417,0.7373217524663412,0.7373108797593417,0.7373217524663412,3000000,1
1295908200000,1295908259000,0.7373054435260895,0.7373217524663412,0.7373054435260895,0.7373217524663412,3000000,1
1295908260000,1295908319000,0.737338062128105,0.737338062128105,0.7373054435260895,0.7373108797593417,4000000,1
1295908320000,1295908379000,0.737300007373,0.737300007373,0.7372945713000716,0.7372945713000716,4000000,1
1295908380000,1295908439000,0.7372836993946901,0.7372836993946901,0.7372836993946901,0.7372836993946901,2000000,1
1295908440000,1295908499000,0.7372891353073021,0.7373271889400922,0.7372402149792467,0.7372402149792467,30000000,1
1295908500000,1295908559000,0.7372402149792467,0.7372945713000716,0.7372130398242485,0.7372565210339286,32000000,1
1295908560000,1295908619000,0.7372673921377805,0.7375011984394474,0.7372673921377805,0.7373924328788538,81000000,1
1295908620000,1295908679000,0.7373924328788538,0.7373978703949503,0.7372565210339286,0.7373761208117036,45000000,1
1295908680000,1295908739000,0.7373761208117036,0.7374304971756411,0.7372782635622336,0.7372782635622336,46000000,1
1295908740000,1295908799000,0.7372945713000716,0.7372945713000716,0.7372565210339286,0.7372619565457802,27000000,1
1295908800000,1295908859000,0.7372619565457802,0.737338062128105,0.7372456502506635,0.737338062128105,29000000,1
1295908860000,1295908919000,0.737338062128105,0.737338062128105,0.7373326254940129,0.7373326254940129,17000000,1
1295908920000,1295908979000,0.737338062128105,0.7373489356368115,0.7372891353073021,0.7373489356368115,27000000,1
1295908980000,1295909039000,0.7373489356368115,0.7374033079912397,0.7372673921377805,0.737338062128105,46000000,1
1295909040000,1295909099000,0.7373598094662253,0.7373652465012019,0.7372673921377805,0.737300007373,18000000,1
1295909100000,1295909159000,0.7373163160727584,0.7373163160727584,0.7372945713000716,0.7372945713000716,2000000,1
1295909160000,1295909219000,0.7372891353073021,0.7372945713000716,0.7372891353073021,0.7372945713000716,4000000,1
1295909220000,1295909279000,0.7372945713000716,0.7372945713000716,0.7372945713000716,0.7372945713000716,4000000,1
1295909280000,1295909339000,0.7373108797593417,0.7373924328788538,0.7372673921377805,0.7373924328788538,16000000,1
1295909340000,1295909399000,0.7374087456677235,0.7374903204395442,0.7374087456677235,0.7374903204395442,11000000,1
1295909400000,1295909459000,0.7374903204395442,0.7374903204395442,0.7373489356368115,0.7374903204395442,27000000,1
1295909460000,1295909519000,0.7375229554019869,0.7375664731783952,0.7373978703949503,0.7375392739663387,24000000,1
1295909520000,1295909579000,0.7375447136482649,0.7376317594730358,0.7375447136482649,0.7375882339924914,28000000,1
1295909580000,1295909639000,0.7376045554457344,0.7376589655070668,0.7375936743966484,0.7375936743966484,18000000,1
1295909640000,1295909699000,0.7375936743966484,0.7375936743966484,0.7375936743966484,0.7375936743966484,6000000,1
1295909700000,1295909759000,0.7375936743966484,0.7376644069547,0.7375664731783952,0.7375664731783952,19000000,1
1295909760000,1295909819000,0.7375447136482649,0.7376535241397115,0.7375447136482649,0.7375447136482649,23000000,1
1295909820000,1295909879000,0.7375555932528414,0.7375555932528414,0.7374685654023997,0.7374903204395442,15000000,1
1295909880000,1295909939000,0.73745768836513,0.7375936743966484,0.7374196212612826,0.7375936743966484,25000000,1
1295909940000,1295909999000,0.737609996090667,0.737609996090667,0.737609996090667,0.737609996090667,2000000,1
1295910000000,1295910059000,0.7376154368158616,0.7376698484826131,0.737354372511429,0.7373598094662253,35000000,1
1295910060000,1295910119000,0.7373598094662253,0.7374903204395442,0.7373598094662253,0.7374903204395442,24000000,1
1295910120000,1295910179000,0.7374631268436578,0.7375011984394474,0.7374631268436578,0.737484881559928,13000000,1
1295910180000,1295910239000,0.7375011984394474,0.7375011984394474,0.737425059178361,0.7374740040413575,14000000,1
1295910240000,1295910299000,0.7374740040413575,0.7374740040413575,0.7374196212612826,0.7374468116487098,28000000,1
1295910300000,1295910359000,0.7374468116487098,0.7374740040413575,0.7372565210339286,0.7373054435260895,44000000,1
1295910360000,1295910419000,0.7372891353073021,0.7373489356368115,0.7371749979727688,0.7371913011426465,51000000,1
1295910420000,1295910479000,0.7371695637430521,0.7372456502506635,0.7371695637430521,0.7372021703231895,24000000,1
1295910480000,1295910539000,0.7372021703231895,0.7372021703231895,0.7371369600471768,0.7371369600471768,7000000,1
1295910540000,1295910599000,0.7371532615346056,0.7371804322826055,0.7371043592351806,0.7371695637430521,35000000,1
1295910600000,1295910659000,0.7371913011426465,0.7372184746949759,0.7371315263782516,0.7371913011426465,44000000,1
1295910660000,1295910719000,0.7371913011426465,0.7371913011426465,0.7371586955239724,0.7371749979727688,14000000,1
1295910720000,1295910779000,0.7372021703231895,0.7372782635622336,0.7372021703231895,0.7372021703231895,27000000,1
1295910780000,1295910839000,0.7372130398242485,0.7372510856022235,0.7370989260468648,0.7371260927894326,24000000,1
1295910840000,1295910899000,0.7371369600471768,0.7371532615346056,0.7371369600471768,0.7371532615346056,6000000,1
1295910900000,1295910959000,0.737164129593454,0.7372076050336535,0.737164129593454,0.7372076050336535,12000000,1
1295910960000,1295911019000,0.7371913011426465,0.7372565210339286,0.7371913011426465,0.7372347797879713,27000000,1
1295911020000,1295911079000,0.7372239096458376,0.7373326254940129,0.7371804322826055,0.7373163160727584,44000000,1
1295911080000,1295911139000,0.7373163160727584,0.7373761208117036,0.7372673921377805,0.7373326254940129,21000000,1
1295911140000,1295911199000,0.7373163160727584,0.737354372511429,0.7372945713000716,0.737354372511429,12000000,1
1295911200000,1295911259000,0.737354372511429,0.737354372511429,0.737354372511429,0.737354372511429,2000000,1
1295911260000,1295911319000,0.7373163160727584,0.7373163160727584,0.7372510856022235,0.7372728278099311,17000000,1
1295911320000,1295911379000,0.7372891353073021,0.7372891353073021,0.7372565210339286,0.7372565210339286,9000000,1
1295911380000,1295911439000,0.7372456502506635,0.7372565210339286,0.7372347797879713,0.7372347797879713,8000000,1
1295911440000,1295911499000,0.7372239096458376,0.7372347797879713,0.7372239096458376,0.7372347797879713,4000000,1
1295911500000,1295911559000,0.7372673921377805,0.7374033079912397,0.7372673921377805,0.7374033079912397,18000000,1
1295911560000,1295911619000,0.7374196212612826,0.7374685654023997,0.737354372511429,0.7374685654023997,42000000,1
1295911620000,1295911679000,0.7374522499668147,0.7374740040413575,0.737338062128105,0.7374468116487098,57000000,1
1295911680000,1295911739000,0.7374413734108138,0.737512076760257,0.7373978703949503,0.7374903204395442,48000000,1
1295911740000,1295911799000,0.7374631268436578,0.7374903204395442,0.737414183424404,0.7374903204395442,34000000,1
1295911800000,1295911859000,0.7375229554019869,0.7375229554019869,0.7374794427605331,0.737484881559928,20000000,1
1295911860000,1295911919000,0.7375229554019869,0.7375229554019869,0.7374087456677235,0.7374359352531249,27000000,1
1295911920000,1295911979000,0.7374413734108138,0.737550153410432,0.7374413734108138,0.7375229554019869,27000000,1
1295911980000,1295912039000,0.737512076760257,0.7375283948432014,0.737414183424404,0.737414183424404,26000000,1
1295912040000,1295912099000,0.7374413734108138,0.7375392739663387,0.7374413734108138,0.737484881559928,38000000,1
1295912100000,1295912159000,0.7374794427605331,0.737484881559928,0.737414183424404,0.737425059178361,15000000,1
1295912160000,1295912219000,0.7374468116487098,0.7375392739663387,0.7374468116487098,0.737484881559928,32000000,1
1295912220000,1295912279000,0.737484881559928,0.737571913261543,0.737484881559928,0.7375555932528414,27000000,1
1295912280000,1295912339000,0.7375555932528414,0.7375991148810621,0.7375229554019869,0.7375555932528414,31000000,1
1295912340000,1295912399000,0.7375229554019869,0.7375664731783952,0.7374957593993835,0.7375229554019869,29000000,1
1295912400000,1295912459000,0.7375175160410059,0.7375555932528414,0.7374685654023997,0.7375555932528414,41000000,1
1295912460000,1295912519000,0.7375555932528414,0.7375555932528414,0.7375011984394474,0.7375011984394474,7000000,1
1295912520000,1295912579000,0.737506637559738,0.7375555932528414,0.737506637559738,0.7375555932528414,37000000,1
1295912580000,1295912639000,0.7376263185070444,0.7376263185070444,0.7375555932528414,0.7375555932528414,15000000,1
1295912640000,1295912699000,0.7375555932528414,0.7376317594730358,0.737550153410432,0.7376317594730358,25000000,1
1295912700000,1295912759000,0.7376317594730358,0.7377405956517569,0.7376154368158616,0.7376752900908078,67000000,1
1295912760000,1295912819000,0.7376752900908078,0.7377297105886346,0.737512076760257,0.737512076760257,100000000,1
1295912820000,1295912879000,0.737512076760257,0.7377351530800443,0.737512076760257,0.7377297105886346,40000000,1
1295912880000,1295912939000,0.7376752900908078,0.7377297105886346,0.7376154368158616,0.7376644069547,65000000,1
1295912940000,1295912999000,0.7376698484826131,0.7377188258467169,0.7376045554457344,0.7376045554457344,25000000,1
1295913000000,1295913059000,0.7376045554457344,0.7376752900908078,0.7375610331754953,0.7376644069547,66000000,1
1295913060000,1295913119000,0.7376752900908078,0.7377297105886346,0.7376752900908078,0.7377188258467169,25000000,1
1295913120000,1295913179000,0.7377242681775259,0.7378331316589439,0.7377079414259894,0.7377133835962052,106000000,1
1295913180000,1295913239000,0.7377133835962052,0.7378984651711925,0.7377133835962052,0.7378385756764135,86000000,1
1295913240000,1295913299000,0.7378603525496764,0.7378821307084407,0.7377841391165773,0.7377841391165773,92000000,1
1295913300000,1295913359000,0.7377841391165773,0.7378276877218095,0.7377841391165773,0.7377841391165773,32000000,1
1295913360000,1295913419000,0.7377841391165773,0.7377841391165773,0.7376317594730358,0.7376698484826131,33000000,1
1295913420000,1295913479000,0.7376644069547,0.7376644069547,0.7376263185070444,0.7376644069547,32000000,1
1295913480000,1295913539000,0.7376752900908078,0.7376752900908078,0.7375882339924914,0.7375882339924914,31000000,1
1295913540000,1295913599000,0.737571913261543,0.7375882339924914,0.7374794427605331,0.7375175160410059,36000000,1
1295913600000,1295913659000,0.7375338343646515,0.7375338343646515,0.7373869954429484,0.737425059178361,65000000,1
1295913660000,1295913719000,0.737425059178361,0.7375936743966484,0.737425059178361,0.7375664731783952,78000000,1
1295913720000,1295913779000,0.7375555932528414,0.7375773534249405,0.7373489356368115,0.7373489356368115,75000000,1
1295913780000,1295913839000,0.7373489356368115,0.7375229554019869,0.7373217524663412,0.7375229554019869,101000000,1
1295913840000,1295913899000,0.7375175160410059,0.7376045554457344,0.737506637559738,0.737571913261543,43000000,1
1295913900000,1295913959000,0.737571913261543,0.7376426416458283,0.7375610331754953,0.7376426416458283,14000000,1
1295913960000,1295914019000,0.7376535241397115,0.7377024993360677,0.7376426416458283,0.7376752900908078,33000000,1
1295914020000,1295914079000,0.737680731779286,0.7376970573264383,0.7375338343646515,0.7376970573264383,39000000,1
1295914080000,1295914139000,0.7376916153970994,0.7377079414259894,0.7376263185070444,0.737680731779286,37000000,1
1295914140000,1295914199000,0.7376644069547,0.7376644069547,0.7375555932528414,0.7376263185070444,72000000,1
1295914200000,1295914259000,0.7376263185070444,0.7377133835962052,0.737609996090667,0.7377024993360677,38000000,1
1295914260000,1295914319000,0.7376970573264383,0.7376970573264383,0.7376426416458283,0.7376426416458283,13000000,1
1295914320000,1295914379000,0.7376426416458283,0.7378930202699212,0.7376426416458283,0.7377569238487303,73000000,1
1295914380000,1295914439000,0.7377405956517569,0.73790391015282,0.7377024993360677,0.737805912776585,80000000,1
1295914440000,1295914499000,0.737816800088538,0.7378712414683637,0.737816800088538,0.7378494639523644,11000000,1
1295914500000,1295914559000,0.7378276877218095,0.7379148003571507,0.737805912776585,0.7379093552148054,43000000,1
1295914560000,1295914619000,0.7379093552148054,0.7379093552148054,0.7377895824110964,0.7378331316589439,35000000,1
1295914620000,1295914679000,0.7378494639523644,0.7379093552148054,0.7377460383037743,0.7377623667416725,108000000,1
1295914680000,1295914739000,0.7377460383037743,0.7378440197742198,0.7376426416458283,0.7376426416458283,53000000,1
1295914740000,1295914799000,0.7377188258467169,0.7380672969761384,0.7377079414259894,0.7380672969761384,146000000,1
1295914800000,1295914859000,0.7380672969761384,0.7382798080472499,0.7380672969761384,0.7382362060564899,108000000,1
1295914860000,1295914919000,0.7382362060564899,0.7382362060564899,0.7381272236082611,0.7381653638047995,57000000,1
1295914920000,1295914979000,0.7381762617277754,0.7381762617277754,0.7380237200823634,0.7380237200823634,44000000,1
1295914980000,1295915039000,0.7380182733324476,0.7380291669126764,0.7379638102547451,0.7379747022272077,46000000,1
1295915040000,1295915099000,0.7380019335650659,0.7380019335650659,0.7380019335650659,0.7380019335650659,17000000,1
1295915100000,1295915159000,0.7380128266629274,0.738072744449693,0.7380128266629274,0.738040060814501,33000000,1
1295915160000,1295915219000,0.738040060814501,0.7380564022702615,0.7380073800738007,0.7380073800738007,36000000,1
1295915220000,1295915279000,0.7380073800738007,0.7380781920036609,0.7379910407887649,0.7380128266629274,58000000,1
1295915280000,1295915339000,0.7380128266629274,0.7380128266629274,0.737805912776585,0.737805912776585,60000000,1
1295915340000,1295915399000,0.737805912776585,0.737805912776585,0.7376317594730358,0.7376480828526326,82000000,1
1295915400000,1295915459000,0.7376480828526326,0.7376480828526326,0.7371423937962096,0.737484881559928,165000000,1
1295915460000,1295915519000,0.7374685654023997,0.7375610331754953,0.7373163160727584,0.7374740040413575,75000000,1
1295915520000,1295915579000,0.7374685654023997,0.7374685654023997,0.7372293446768355,0.7372293446768355,115000000,1
1295915580000,1295915639000,0.7372510856022235,0.7373598094662253,0.7371586955239724,0.7372945713000716,159000000,1
1295915640000,1295915699000,0.7372945713000716,0.737300007373,0.7370608959712251,0.7370826269624825,88000000,1
1295915700000,1295915759000,0.7370826269624825,0.7371206592807177,0.7370391662612951,0.7370391662612951,71000000,1
1295915760000,1295915819000,0.7370174378325791,0.7371532615346056,0.7369142452892756,0.7371260927894326,84000000,1
1295915820000,1295915879000,0.7371260927894326,0.737164129593454,0.7370500309561013,0.7371097925035934,54000000,1
1295915880000,1295915939000,0.7371097925035934,0.7371152258521052,0.7369522602325821,0.7370826269624825,80000000,1
1295915940000,1295915999000,0.7370880599105175,0.7374304971756411,0.7370880599105175,0.7373869954429484,149000000,1
1295916000000,1295916059000,0.7373869954429484,0.7376698484826131,0.7372891353073021,0.7376589655070668,116000000,1
1295916060000,1295916119000,0.7376644069547,0.737925690882928,0.7376644069547,0.7378603525496764,148000000,1
1295916120000,1295916179000,0.7378657969688474,0.7379093552148054,0.7377623667416725,0.7378930202699212,129000000,1
1295916180000,1295916239000,0.7378712414683637,0.7379148003571507,0.7377569238487303,0.7378113563923977,86000000,1
1295916240000,1295916299000,0.7378331316589439,0.737925690882928,0.737822243865008,0.73790391015282,79000000,1
1295916300000,1295916359000,0.7378875754490045,0.7380890873528434,0.7378331316589439,0.738040060814501,95000000,1
1295916360000,1295916419000,0.738040060814501,0.738040060814501,0.7379311362663636,0.7379964871367213,72000000,1
1295916420000,1295916479000,0.7379638102547451,0.7380672969761384,0.7379638102547451,0.7380182733324476,91000000,1
1295916480000,1295916539000,0.7380128266629274,0.7381163271331562,0.7380128266629274,0.7380781920036609,79000000,1
1295916540000,1295916599000,0.7380890873528434,0.7381163271331562,0.738040060814501,0.7380509550379358,67000000,1
1295916600000,1295916659000,0.7380509550379358,0.7381163271331562,0.7379964871367213,0.7381163271331562,57000000,1
1295916660000,1295916719000,0.7381326719664593,0.7381381204050902,0.7379910407887649,0.7380019335650659,88000000,1
1295916720000,1295916779000,0.7380019335650659,0.7381544662035978,0.7379747022272077,0.7381054309797612,54000000,1
1295916780000,1295916839000,0.7380890873528434,0.7380890873528434,0.7379365817301662,0.7379692562007867,55000000,1
1295916840000,1295916899000,0.7379855945211949,0.738040060814501,0.7377895824110964,0.7377895824110964,61000000,1
1295916900000,1295916959000,0.737805912776585,0.737822243865008,0.7376698484826131,0.7377678097149265,87000000,1
1295916960000,1295917019000,0.7377895824110964,0.7377895824110964,0.737506637559738,0.7375555932528414,87000000,1
1295917020000,1295917079000,0.7375555932528414,0.7376045554457344,0.737484881559928,0.7374957593993835,97000000,1
1295917080000,1295917139000,0.7374957593993835,0.7377732527684941,0.7374685654023997,0.7377188258467169,70000000,1
1295917140000,1295917199000,0.7377351530800443,0.7378494639523644,0.7377242681775259,0.7378440197742198,51000000,1
1295917200000,1295917259000,0.7378440197742198,0.7379474728988791,0.7377841391165773,0.7379148003571507,65000000,1
1295917260000,1295917319000,0.7379093552148054,0.7379148003571507,0.7377514810360982,0.7378004692410984,63000000,1
1295917320000,1295917379000,0.7378004692410984,0.7378004692410984,0.7376426416458283,0.7376970573264383,65000000,1
1295917380000,1295917439000,0.7377024993360677,0.7377950257859361,0.7377024993360677,0.7377460383037743,27000000,1
1295917440000,1295917499000,0.7377460383037743,0.7379365817301662,0.7377405956517569,0.7378657969688474,58000000,1
1295917500000,1295917559000,0.737822243865008,0.737822243865008,0.7376970573264383,0.7376970573264383,70000000,1
1295917560000,1295917619000,0.7377024993360677,0.7377024993360677,0.7376154368158616,0.7376372005192966,35000000,1
1295917620000,1295917679000,0.7375610331754953,0.7377024993360677,0.7375610331754953,0.7376263185070444,18000000,1
1295917680000,1295917739000,0.7376263185070444,0.7376752900908078,0.7375283948432014,0.7375882339924914,84000000,1
1295917740000,1295917799000,0.7376208776213202,0.7377297105886346,0.7376208776213202,0.7376916153970994,32000000,1
1295917800000,1295917859000,0.7377024993360677,0.7377895824110964,0.7376916153970994,0.7376916153970994,41000000,1
1295917860000,1295917919000,0.7377297105886346,0.7377895824110964,0.7375882339924914,0.7375936743966484,46000000,1
1295917920000,1295917979000,0.7375936743966484,0.7376372005192966,0.7375664731783952,0.7375827936685893,21000000,1
1295917980000,1295918039000,0.7375827936685893,0.7376916153970994,0.7375773534249405,0.737680731779286,43000000,1
1295918040000,1295918099000,0.737680731779286,0.7376916153970994,0.737680731779286,0.737680731779286,9000000,1
1295918100000,1295918159000,0.737680731779286,0.737680731779286,0.7376317594730358,0.7376535241397115,19000000,1
1295918160000,1295918219000,0.7376698484826131,0.7376752900908078,0.7376535241397115,0.7376698484826131,14000000,1
1295918220000,1295918279000,0.7376861735480491,0.7377895824110964,0.7376861735480491,0.7377732527684941,45000000,1
1295918280000,1295918339000,0.7377732527684941,0.7377786959023771,0.7377732527684941,0.7377786959023771,21000000,1
1295918340000,1295918399000,0.7377786959023771,0.7378276877218095,0.7377786959023771,0.7377786959023771,32000000,1
1295918400000,1295918459000,0.7377786959023771,0.7377950257859361,0.7376861735480491,0.7377623667416725,48000000,1
1295918460000,1295918519000,0.7377569238487303,0.7377786959023771,0.7376208776213202,0.7376317594730358,79000000,1
1295918520000,1295918579000,0.7376317594730358,0.7376535241397115,0.7374087456677235,0.7374087456677235,78000000,1
1295918580000,1295918639000,0.737414183424404,0.7374196212612826,0.7371749979727688,0.7371858666725641,111000000,1
1295918640000,1295918699000,0.7371858666725641,0.7371967356928544,0.7370717613066808,0.7370989260468648,99000000,1
1295918700000,1295918759000,0.7370771940945374,0.7371206592807177,0.7369685535518199,0.7370989260468648,87000000,1
1295918760000,1295918819000,0.7370934929386442,0.7371532615346056,0.7370826269624825,0.7371532615346056,49000000,1
1295918820000,1295918879000,0.7371423937962096,0.7372293446768355,0.7370989260468648,0.7372130398242485,66000000,1
1295918880000,1295918939000,0.7372130398242485,0.7372184746949759,0.7368925242253417,0.7369305369275891,114000000,1
1295918940000,1295918999000,0.7369305369275891,0.7370445985686593,0.7369251063014466,0.7370445985686593,64000000,1
1295919000000,1295919059000,0.7370174378325791,0.7370771940945374,0.7369957106849638,0.7370283018867925,65000000,1
1295919060000,1295919119000,0.7370337340340067,0.7370826269624825,0.7367893666558604,0.7368925242253417,86000000,1
1295919120000,1295919179000,0.7368870941594329,0.7370065740986409,0.7368219396100738,0.7369359676337723,136000000,1
1295919180000,1295919239000,0.7369413984199976,0.7370500309561013,0.7369359676337723,0.7370500309561013,71000000,1
1295919240000,1295919299000,0.7370391662612951,0.7371369600471768,0.7370283018867925,0.7370771940945374,69000000,1
1295919300000,1295919359000,0.7370717613066808,0.7371043592351806,0.7370174378325791,0.7370771940945374,46000000,1
1295919360000,1295919419000,0.7370771940945374,0.7371532615346056,0.7370608959712251,0.7370771940945374,76000000,1
1295919420000,1295919479000,0.7370717613066808,0.7371913011426465,0.7370228698196505,0.7371315263782516,92000000,1
1295919480000,1295919539000,0.7371586955239724,0.7371695637430521,0.7370337340340067,0.7370554634236227,75000000,1
1295919540000,1295919599000,0.7370391662612951,0.7370608959712251,0.7369631223653569,0.7369631223653569,38000000,1
1295919600000,1295919659000,0.7369576912589448,0.7369685535518199,0.7366862379643886,0.7367079468686228,77000000,1
1295919660000,1295919719000,0.7367025195226168,0.7369413984199976,0.7367025195226168,0.7369196757553427,138000000,1
1295919720000,1295919779000,0.7369142452892756,0.7370228698196505,0.7368870941594329,0.7369413984199976,109000000,1
1295919780000,1295919839000,0.7369359676337723,0.7369413984199976,0.7368110816386678,0.7369413984199976,83000000,1
1295919840000,1295919899000,0.7369413984199976,0.7370228698196505,0.7368165105843693,0.7368708044418573,89000000,1
1295919900000,1295919959000,0.7368870941594329,0.7369631223653569,0.7368816641735504,0.7369251063014466,70000000,1
1295919960000,1295920019000,0.7369359676337723,0.736946829286267,0.7368870941594329,0.7368870941594329,53000000,1
1295920020000,1295920079000,0.7368979543712787,0.7369413984199976,0.7368979543712787,0.7369413984199976,60000000,1
1295920080000,1295920139000,0.7369413984199976,0.7370174378325791,0.7368925242253417,0.7369576912589448,49000000,1
1295920140000,1295920199000,0.736946829286267,0.7370554634236227,0.7368653746960431,0.7370283018867925,88000000,1
1295920200000,1295920259000,0.7370391662612951,0.7370826269624825,0.7370283018867925,0.7370826269624825,37000000,1
1295920260000,1295920319000,0.7370826269624825,0.7370826269624825,0.7370228698196505,0.7370391662612951,30000000,1
1295920320000,1295920379000,0.7370228698196505,0.7370391662612951,0.7369631223653569,0.7369848475915335,56000000,1
1295920380000,1295920439000,0.7369848475915335,0.7369848475915335,0.7368816641735504,0.7369631223653569,71000000,1
1295920440000,1295920499000,0.7369631223653569,0.7369631223653569,0.7369359676337723,0.7369359676337723,19000000,1
1295920500000,1295920559000,0.7369522602325821,0.7369576912589448,0.7366428239939301,0.7366699571258084,65000000,1
1295920560000,1295920619000,0.7366970922565769,0.7366970922565769,0.7364475244316466,0.7364583716905402,103000000,1
1295920620000,1295920679000,0.7364583716905402,0.7364909153845587,0.7362740117362078,0.7364312541424257,101000000,1
1295920680000,1295920739000,0.7364312541424257,0.7364529480211509,0.7363770250368188,0.7364366774922858,46000000,1
1295920740000,1295920799000,0.7364312541424257,0.7364312541424257,0.736279432770325,0.7363932929298881,43000000,1
1295920800000,1295920859000,0.7364204076823376,0.7364637954398162,0.7362035455562754,0.7362035455562754,137000000,1
1295920860000,1295920919000,0.7362035455562754,0.7362848538842707,0.7360409827619202,0.736089744061596,175000000,1
1295920920000,1295920979000,0.736089744061596,0.736089744061596,0.7359543119563137,0.735970561177553,117000000,1
1295920980000,1295921039000,0.735970561177553,0.7362143856290951,0.735970561177553,0.73618728604557,102000000,1
1295921040000,1295921099000,0.7361981256395721,0.7363716025655187,0.7361981256395721,0.7363716025655187,79000000,1
1295921100000,1295921159000,0.7363716025655187,0.7363987157206398,0.7363282256698745,0.7363878702190018,85000000,1
1295921160000,1295921219000,0.7363716025655187,0.7364963396131922,0.7362848538842707,0.7364421009220256,95000000,1
1295921220000,1295921279000,0.7364204076823376,0.7364529480211509,0.7363824475879793,0.7364529480211509,27000000,1
1295921280000,1295921339000,0.7364258308724437,0.7365831381388017,0.7364258308724437,0.7365831381388017,49000000,1
1295921340000,1295921399000,0.7365614365894259,0.7367785096444307,0.7365614365894259,0.7367079468686228,102000000,1
1295921400000,1295921459000,0.7367079468686228,0.736751368515667,0.7366319713008185,0.7366591036332026,92000000,1
1295921460000,1295921519000,0.7366536770068287,0.7367079468686228,0.7366102668738997,0.7366645303395287,82000000,1
1295921520000,1295921579000,0.7366645303395287,0.7366699571258084,0.7365614365894259,0.7366265450741784,70000000,1
1295921580000,1295921639000,0.7366265450741784,0.7366265450741784,0.7365560114018871,0.7365994151400643,31000000,1
1295921640000,1295921699000,0.7366211189274796,0.7366211189274796,0.7364204076823376,0.7364475244316466,79000000,1
1295921700000,1295921759000,0.7364475244316466,0.7364746431780353,0.7363716025655187,0.7364583716905402,40000000,1
1295921760000,1295921819000,0.7364583716905402,0.7365126127784938,0.7364583716905402,0.7365071883101578,38000000,1
1295921820000,1295921879000,0.7365071883101578,0.7366211189274796,0.7364366774922858,0.7366211189274796,85000000,1
1295921880000,1295921939000,0.7366211189274796,0.7366265450741784,0.7364421009220256,0.7364963396131922,95000000,1
1295921940000,1295921999000,0.7364963396131922,0.736545161266563,0.7364746431780353,0.7365071883101578,65000000,1
1295922000000,1295922059000,0.7364909153845587,0.7365994151400643,0.7364909153845587,0.7365994151400643,51000000,1
1295922060000,1295922119000,0.7366102668738997,0.7366319713008185,0.7365885637259596,0.7366265450741784,18000000,1
1295922120000,1295922179000,0.7366265450741784,0.7366428239939301,0.7366265450741784,0.7366428239939301,10000000,1
1295922180000,1295922239000,0.7366536770068287,0.7366862379643886,0.7366428239939301,0.7366428239939301,41000000,1
1295922240000,1295922299000,0.7366211189274796,0.7366916650705013,0.7366211189274796,0.7366916650705013,36000000,1
1295922300000,1295922359000,0.7367025195226168,0.7368219396100738,0.7367025195226168,0.7367676529529648,34000000,1
1295922360000,1295922419000,0.7367730812587031,0.7368273687157836,0.7367730812587031,0.7368056527729681,20000000,1
1295922420000,1295922479000,0.7368110816386678,0.7368110816386678,0.7367242293864561,0.7367242293864561,24000000,1
1295922480000,1295922539000,0.7367133742945969,0.7367730812587031,0.7367025195226168,0.7367459405298676,36000000,1
1295922540000,1295922599000,0.7367785096444307,0.7367785096444307,0.7366970922565769,0.7367242293864561,40000000,1
1295922600000,1295922659000,0.7367188018005407,0.7367242293864561,0.7366102668738997,0.7366265450741784,50000000,1
1295922660000,1295922719000,0.7366048409670148,0.7366428239939301,0.7366048409670148,0.7366265450741784,26000000,1
1295922720000,1295922779000,0.7366265450741784,0.7366536770068287,0.7365831381388017,0.7365831381388017,31000000,1
1295922780000,1295922839000,0.7365994151400643,0.7366428239939301,0.7365994151400643,0.7366048409670148,54000000,1
1295922840000,1295922899000,0.7366048409670148,0.7366428239939301,0.7365722872042663,0.7366428239939301,40000000,1
1295922900000,1295922959000,0.7366428239939301,0.7367730812587031,0.7366428239939301,0.7367730812587031,47000000,1
1295922960000,1295923019000,0.7367567965814484,0.7367567965814484,0.7367133742945969,0.7367350847982083,33000000,1
1295923020000,1295923079000,0.7367350847982083,0.7368002239872681,0.7367350847982083,0.7367730812587031,43000000,1
1295923080000,1295923139000,0.7367676529529648,0.7367676529529648,0.7367405126240487,0.7367405126240487,6000000,1
1295923140000,1295923199000,0.7367405126240487,0.7367405126240487,0.7366862379643886,0.7366862379643886,12000000,1
1295923200000,1295923259000,0.7367133742945969,0.7368165105843693,0.7366916650705013,0.7367839381101492,44000000,1
1295923260000,1295923319000,0.7368002239872681,0.7368219396100738,0.7367676529529648,0.7368165105843693,45000000,1
1295923320000,1295923379000,0.7368165105843693,0.7368165105843693,0.7367242293864561,0.7367242293864561,31000000,1
1295923380000,1295923439000,0.7367405126240487,0.7368762342676923,0.7367405126240487,0.7367730812587031,60000000,1
1295923440000,1295923499000,0.7367839381101492,0.7368599450302481,0.7367676529529648,0.7368599450302481,29000000,1
1295923500000,1295923559000,0.7368762342676923,0.7369739848183359,0.7368762342676923,0.7368870941594329,36000000,1
1295923560000,1295923619000,0.7368979543712787,0.7370065740986409,0.7368870941594329,0.7370065740986409,21000000,1
1295923620000,1295923679000,0.7370011423517707,0.7370608959712251,0.7369576912589448,0.7369902790982187,39000000,1
1295923680000,1295923739000,0.7369685535518199,0.7370011423517707,0.7369685535518199,0.7370011423517707,6000000,1
1295923740000,1295923799000,0.7370011423517707,0.7371152258521052,0.7369794161649066,0.7370934929386442,21000000,1
1295923800000,1295923859000,0.7370717613066808,0.7371152258521052,0.7370717613066808,0.7370934929386442,14000000,1
1295923860000,1295923919000,0.7370880599105175,0.7371152258521052,0.7369902790982187,0.7370011423517707,77000000,1
1295923920000,1295923979000,0.7369794161649066,0.7370826269624825,0.7369685535518199,0.7370228698196505,77000000,1
1295923980000,1295924039000,0.7370065740986409,0.7370608959712251,0.7369902790982187,0.7369902790982187,34000000,1
1295924040000,1295924099000,0.7370228698196505,0.7370826269624825,0.7369685535518199,0.7370826269624825,53000000,1
1295924100000,1295924159000,0.7370826269624825,0.7372130398242485,0.7370826269624825,0.7371423937962096,35000000,1
1295924160000,1295924219000,0.737147827625352,0.7372076050336535,0.737147827625352,0.7371858666725641,10000000,1
1295924220000,1295924279000,0.7371804322826055,0.7372782635622336,0.7371369600471768,0.7372456502506635,86000000,1
1295924280000,1295924339000,0.7372239096458376,0.7372619565457802,0.7371586955239724,0.7372130398242485,52000000,1
1295924340000,1295924399000,0.7372239096458376,0.7373217524663412,0.7372239096458376,0.7372728278099311,54000000,1
1295924400000,1295924459000,0.7372728278099311,0.7373706836163607,0.7372728278099311,0.7372891353073021,35000000,1
1295924460000,1295924519000,0.7372891353073021,0.7372945713000716,0.7371913011426465,0.7372021703231895,57000000,1
1295924520000,1295924579000,0.7372293446768355,0.737338062128105,0.7372184746949759,0.7372347797879713,55000000,1
1295924580000,1295924639000,0.7372347797879713,0.7372565210339286,0.7371804322826055,0.7372347797879713,46000000,1
1295924640000,1295924699000,0.7372184746949759,0.7372565210339286,0.7371695637430521,0.7372565210339286,85000000,1
1295924700000,1295924759000,0.7372782635622336,0.7372782635622336,0.7371695637430521,0.7372456502506635,36000000,1
1295924760000,1295924819000,0.7372293446768355,0.7373434988423707,0.7372293446768355,0.7373054435260895,42000000,1
1295924820000,1295924879000,0.7373054435260895,0.7373163160727584,0.7372565210339286,0.7373163160727584,32000000,1
1295924880000,1295924939000,0.737300007373,0.7373054435260895,0.7372076050336535,0.7372347797879713,48000000,1
1295924940000,1295924999000,0.7372673921377805,0.7373326254940129,0.7372565210339286,0.7373271889400922,47000000,1
1295925000000,1295925059000,0.7373108797593417,0.7373761208117036,0.7373108797593417,0.737354372511429,25000000,1
1295925060000,1295925119000,0.7373706836163607,0.7373978703949503,0.7373434988423707,0.7373652465012019,33000000,1
1295925120000,1295925179000,0.7373326254940129,0.7373924328788538,0.737300007373,0.737300007373,30000000,1
1295925180000,1295925239000,0.737338062128105,0.7373924328788538,0.7372836993946901,0.7372945713000716,25000000,1
1295925240000,1295925299000,0.7372891353073021,0.7373652465012019,0.7372673921377805,0.737338062128105,43000000,1
1295925300000,1295925359000,0.737354372511429,0.7373706836163607,0.7373489356368115,0.737354372511429,8000000,1
1295925360000,1295925419000,0.7373652465012019,0.7373869954429484,0.7372836993946901,0.7372836993946901,40000000,1
1295925420000,1295925479000,0.7372836993946901,0.7373108797593417,0.7371913011426465,0.7371967356928544,52000000,1
1295925480000,1295925539000,0.7371804322826055,0.7372293446768355,0.7371423937962096,0.7372293446768355,17000000,1
1295925540000,1295925599000,0.7372184746949759,0.7372891353073021,0.7372021703231895,0.7372510856022235,74000000,1
1295925600000,1295925659000,0.7372347797879713,0.7373163160727584,0.7372239096458376,0.7373163160727584,51000000,1
1295925660000,1295925719000,0.737300007373,0.737300007373,0.7372456502506635,0.7372945713000716,23000000,1
1295925720000,1295925779000,0.7372728278099311,0.7373489356368115,0.7372619565457802,0.7372619565457802,38000000,1
1295925780000,1295925839000,0.7372728278099311,0.7372728278099311,0.7372402149792467,0.7372402149792467,5000000,1
1295925840000,1295925899000,0.7372510856022235,0.7372510856022235,0.7372184746949759,0.7372184746949759,11000000,1
1295925900000,1295925959000,0.7371967356928544,0.7372402149792467,0.7371260927894326,0.7372021703231895,57000000,1
1295925960000,1295926019000,0.7372076050336535,0.7372076050336535,0.7371804322826055,0.7371858666725641,17000000,1
1295926020000,1295926079000,0.7372021703231895,0.7372184746949759,0.7371206592807177,0.7371858666725641,54000000,1
1295926080000,1295926139000,0.7372021703231895,0.7372021703231895,0.7370337340340067,0.7370989260468648,113000000,1
1295926140000,1295926199000,0.7370989260468648,0.7371260927894326,0.7370717613066808,0.7371097925035934,25000000,1
1295926200000,1295926259000,0.7371260927894326,0.7372347797879713,0.7371260927894326,0.7372347797879713,43000000,1
1295926260000,1295926319000,0.7372184746949759,0.737354372511429,0.7372184746949759,0.7372728278099311,39000000,1
1295926320000,1295926379000,0.7372728278099311,0.7372728278099311,0.7372021703231895,0.7372239096458376,17000000,1
1295926380000,1295926439000,0.7372347797879713,0.7372782635622336,0.7372076050336535,0.7372402149792467,51000000,1
1295926440000,1295926499000,0.7372510856022235,0.7373271889400922,0.7372510856022235,0.7373163160727584,51000000,1
1295926500000,1295926559000,0.7373163160727584,0.7373706836163607,0.7372619565457802,0.7373598094662253,67000000,1
1295926560000,1295926619000,0.7373326254940129,0.737414183424404,0.7373326254940129,0.737354372511429,27000000,1
1295926620000,1295926679000,0.7373598094662253,0.7374033079912397,0.737354372511429,0.7373978703949503,25000000,1
1295926680000,1295926739000,0.7373652465012019,0.73745768836513,0.7373652465012019,0.73745768836513,14000000,1
1295926740000,1295926799000,0.73745768836513,0.7374685654023997,0.7373326254940129,0.7374304971756411,31000000,1
1295926800000,1295926859000,0.7374087456677235,0.7374087456677235,0.7373434988423707,0.7374033079912397,26000000,1
1295926860000,1295926919000,0.737414183424404,0.737414183424404,0.7373326254940129,0.7373326254940129,15000000,1
1295926920000,1295926979000,0.7373869954429484,0.737506637559738,0.7373869954429484,0.7374794427605331,14000000,1
1295926980000,1295927039000,0.7374794427605331,0.737512076760257,0.7374359352531249,0.73745768836513,30000000,1
1295927040000,1295927099000,0.73745768836513,0.737484881559928,0.7374087456677235,0.737414183424404,55000000,1
1295927100000,1295927159000,0.737414183424404,0.737414183424404,0.7372456502506635,0.7372945713000716,72000000,1
1295927160000,1295927219000,0.7372945713000716,0.7373489356368115,0.7372347797879713,0.7373434988423707,48000000,1
1295927220000,1295927279000,0.7373217524663412,0.7375936743966484,0.7373217524663412,0.7375011984394474,55000000,1
1295927280000,1295927339000,0.7375175160410059,0.7375175160410059,0.73745768836513,0.737512076760257,16000000,1
1295927340000,1295927399000,0.7375011984394474,0.7376372005192966,0.7375011984394474,0.7376154368158616,39000000,1
1295927400000,1295927459000,0.7376154368158616,0.737680731779286,0.7375664731783952,0.737680731779286,35000000,1
1295927460000,1295927519000,0.7376861735480491,0.7376861735480491,0.7374740040413575,0.7376752900908078,49000000,1
1295927520000,1295927579000,0.7377024993360677,0.7378276877218095,0.7377024993360677,0.7377623667416725,34000000,1
1295927580000,1295927639000,0.7377514810360982,0.7378766860482276,0.7377460383037743,0.7377895824110964,85000000,1
1295927640000,1295927699000,0.7377841391165773,0.7378984651711925,0.7377841391165773,0.7378984651711925,42000000,1
1295927700000,1295927759000,0.7379529186037931,0.7379529186037931,0.7377514810360982,0.7378113563923977,83000000,1
1295927760000,1295927819000,0.7377786959023771,0.7378331316589439,0.7377351530800443,0.737805912776585,77000000,1
1295927820000,1295927879000,0.737816800088538,0.7379311362663636,0.737805912776585,0.7379202455798578,49000000,1
1295927880000,1295927939000,0.7379420272743372,0.7379420272743372,0.737816800088538,0.7378385756764135,50000000,1
1295927940000,1295927999000,0.7378549082108494,0.7379093552148054,0.7378113563923977,0.737822243865008,54000000,1
1295928000000,1295928059000,0.7378331316589439,0.7379093552148054,0.7377623667416725,0.73790391015282,58000000,1
1295928060000,1295928119000,0.73790391015282,0.7380781920036609,0.73790391015282,0.7380346138233883,104000000,1
1295928120000,1295928179000,0.738072744449693,0.738072744449693,0.7380128266629274,0.7380237200823634,33000000,1
1295928180000,1295928239000,0.7380291669126764,0.7380291669126764,0.7378113563923977,0.7378385756764135,84000000,1
1295928240000,1295928299000,0.7378440197742198,0.7379910407887649,0.7378385756764135,0.7378766860482276,92000000,1
1295928300000,1295928359000,0.7378821307084407,0.7379202455798578,0.7378494639523644,0.7378875754490045,54000000,1
1295928360000,1295928419000,0.7378712414683637,0.7378930202699212,0.7378113563923977,0.7378385756764135,62000000,1
1295928420000,1295928479000,0.7378113563923977,0.7378930202699212,0.7377841391165773,0.7378440197742198,45000000,1
1295928480000,1295928539000,0.7378603525496764,0.7378603525496764,0.7377405956517569,0.7378331316589439,46000000,1
1295928540000,1295928599000,0.7378331316589439,0.7378331316589439,0.7377460383037743,0.7377460383037743,101000000,1
1295928600000,1295928659000,0.7377460383037743,0.7378113563923977,0.7376263185070444,0.7376535241397115,88000000,1
1295928660000,1295928719000,0.7376535241397115,0.7376698484826131,0.737609996090667,0.7376208776213202,50000000,1
1295928720000,1295928779000,0.7376372005192966,0.7376589655070668,0.7375882339924914,0.7375882339924914,12000000,1
1295928780000,1295928839000,0.7375827936685893,0.7375882339924914,0.737550153410432,0.737550153410432,16000000,1
1295928840000,1295928899000,0.7375664731783952,0.7376263185070444,0.7375664731783952,0.7376263185070444,28000000,1
1295928900000,1295928959000,0.7375936743966484,0.7375936743966484,0.737550153410432,0.737550153410432,18000000,1
1295928960000,1295929019000,0.7375447136482649,0.7377460383037743,0.7375392739663387,0.7377460383037743,41000000,1
1295929020000,1295929079000,0.7377678097149265,0.7377841391165773,0.7376970573264383,0.7377024993360677,35000000,1
1295929080000,1295929139000,0.7377405956517569,0.7377405956517569,0.7376698484826131,0.7377188258467169,39000000,1
1295929140000,1295929199000,0.7377297105886346,0.7377297105886346,0.7376752900908078,0.7376861735480491,24000000,1
1295929200000,1295929259000,0.737680731779286,0.737680731779286,0.737609996090667,0.7376426416458283,28000000,1
1295929260000,1295929319000,0.7376317594730358,0.7377242681775259,0.7376317594730358,0.7376535241397115,41000000,1
1295929320000,1295929379000,0.7376480828526326,0.737680731779286,0.7375936743966484,0.7375991148810621,24000000,1
1295929380000,1295929439000,0.737609996090667,0.737680731779286,0.737609996090667,0.7376752900908078,26000000,1
1295929440000,1295929499000,0.7376698484826131,0.7376698484826131,0.7376480828526326,0.7376698484826131,18000000,1
1295929500000,1295929559000,0.7376698484826131,0.7377133835962052,0.7376535241397115,0.7377133835962052,28000000,1
1295929560000,1295929619000,0.7377133835962052,0.7377188258467169,0.7376263185070444,0.7376589655070668,49000000,1
1295929620000,1295929679000,0.7376535241397115,0.7376535241397115,0.7376154368158616,0.7376372005192966,20000000,1
1295929680000,1295929739000,0.7376426416458283,0.7376916153970994,0.737484881559928,0.7376916153970994,64000000,1
1295929740000,1295929799000,0.7376916153970994,0.7377950257859361,0.7376861735480491,0.7377133835962052,44000000,1
1295929800000,1295929859000,0.7377460383037743,0.737822243865008,0.7377351530800443,0.7377950257859361,97000000,1
1295929860000,1295929919000,0.7377950257859361,0.7378930202699212,0.7377950257859361,0.7378766860482276,30000000,1
1295929920000,1295929979000,0.7378875754490045,0.7379093552148054,0.7378766860482276,0.7378875754490045,38000000,1
1295929980000,1295930039000,0.7378930202699212,0.7378930202699212,0.7377351530800443,0.7377351530800443,63000000,1
1295930040000,1295930099000,0.7377351530800443,0.7378440197742198,0.7377351530800443,0.7377732527684941,71000000,1
1295930100000,1295930159000,0.7377950257859361,0.7378385756764135,0.7377895824110964,0.737816800088538,27000000,1
1295930160000,1295930219000,0.7378113563923977,0.737822243865008,0.7377024993360677,0.737822243865008,25000000,1
1295930220000,1295930279000,0.7378385756764135,0.73790391015282,0.7377297105886346,0.7378385756764135,58000000,1
1295930280000,1295930339000,0.7378113563923977,0.7378385756764135,0.7378113563923977,0.7378113563923977,15000000,1
1295930340000,1295930399000,0.737816800088538,0.7378549082108494,0.7378113563923977,0.7378113563923977,23000000,1
1295930400000,1295930459000,0.7377950257859361,0.7378603525496764,0.7377950257859361,0.7378603525496764,27000000,1
1295930460000,1295930519000,0.7378385756764135,0.7378603525496764,0.737805912776585,0.7378549082108494,27000000,1
1295930520000,1295930579000,0.7378385756764135,0.7378984651711925,0.7377460383037743,0.7377841391165773,58000000,1
1295930580000,1295930639000,0.7377841391165773,0.7378494639523644,0.7377841391165773,0.737822243865008,69000000,1
1295930640000,1295930699000,0.7378385756764135,0.7378603525496764,0.7377188258467169,0.7377732527684941,45000000,1
1295930700000,1295930759000,0.7377732527684941,0.7378385756764135,0.7377460383037743,0.7378385756764135,27000000,1
1295930760000,1295930819000,0.7378385756764135,0.7379474728988791,0.7378385756764135,0.7378984651711925,46000000,1
1295930820000,1295930879000,0.73790391015282,0.7379529186037931,0.7378385756764135,0.7379311362663636,35000000,1
1295930880000,1295930939000,0.7379311362663636,0.7379910407887649,0.7378603525496764,0.7378930202699212,36000000,1
1295930940000,1295930999000,0.7378712414683637,0.7379529186037931,0.7378603525496764,0.73790391015282,9000000,1
1295931000000,1295931059000,0.7378984651711925,0.7378984651711925,0.7378440197742198,0.7378712414683637,50000000,1
1295931060000,1295931119000,0.7378494639523644,0.7380564022702615,0.7378494639523644,0.7380346138233883,78000000,1
1295931120000,1295931179000,0.7380564022702615,0.7381544662035978,0.7380346138233883,0.7381054309797612,35000000,1
1295931180000,1295931239000,0.7381054309797612,0.7381054309797612,0.7379529186037931,0.7380455078860163,38000000,1
1295931240000,1295931299000,0.7380781920036609,0.7381054309797612,0.7379910407887649,0.7381054309797612,59000000,1
1295931300000,1295931359000,0.738072744449693,0.7380781920036609,0.7380237200823634,0.7380237200823634,23000000,1
1295931360000,1295931419000,0.7380237200823634,0.7380237200823634,0.7377786959023771,0.7377786959023771,95000000,1
1295931420000,1295931479000,0.7377841391165773,0.7377841391165773,0.7377623667416725,0.7377623667416725,21000000,1
1295931480000,1295931539000,0.737822243865008,0.737822243865008,0.7376372005192966,0.7376372005192966,69000000,1
1295931540000,1295931599000,0.7376372005192966,0.7377514810360982,0.7376372005192966,0.7376970573264383,50000000,1
1295931600000,1295931659000,0.7377079414259894,0.7377188258467169,0.7375991148810621,0.7376480828526326,36000000,1
1295931660000,1295931719000,0.7376480828526326,0.737805912776585,0.7376426416458283,0.7377786959023771,58000000,1
1295931720000,1295931779000,0.7378113563923977,0.7378385756764135,0.7377732527684941,0.7377732527684941,63000000,1
1295931780000,1295931839000,0.7377460383037743,0.7378385756764135,0.7377460383037743,0.737805912776585,55000000,1
1295931840000,1295931899000,0.737805912776585,0.7378657969688474,0.7377678097149265,0.7378549082108494,57000000,1
1295931900000,1295931959000,0.7378549082108494,0.7379202455798578,0.7378331316589439,0.7378440197742198,35000000,1
1295931960000,1295932019000,0.7378440197742198,0.7380019335650659,0.7378440197742198,0.7379747022272077,39000000,1
1295932020000,1295932079000,0.7379747022272077,0.7379964871367213,0.7377133835962052,0.7377297105886346,101000000,1
1295932080000,1295932139000,0.7376861735480491,0.7378276877218095,0.7375882339924914,0.7377514810360982,113000000,1
1295932140000,1295932199000,0.7377514810360982,0.7377623667416725,0.7376970573264383,0.7377242681775259,60000000,1
1295932200000,1295932259000,0.7376916153970994,0.7376916153970994,0.737484881559928,0.7375664731783952,56000000,1
1295932260000,1295932319000,0.7375827936685893,0.7375827936685893,0.7375175160410059,0.7375175160410059,16000000,1
1295932320000,1295932379000,0.7375229554019869,0.7375664731783952,0.7375229554019869,0.7375447136482649,31000000,1
1295932380000,1295932439000,0.7375447136482649,0.7375610331754953,0.7375175160410059,0.7375175160410059,15000000,1
1295932440000,1295932499000,0.7375175160410059,0.7375283948432014,0.7373924328788538,0.7375283948432014,110000000,1
1295932500000,1295932559000,0.7375283948432014,0.7375555932528414,0.7374304971756411,0.7374359352531249,23000000,1
1295932560000,1295932619000,0.7374359352531249,0.7375229554019869,0.7373489356368115,0.737425059178361,96000000,1
1295932620000,1295932679000,0.7374522499668147,0.7374522499668147,0.7374033079912397,0.7374196212612826,30000000,1
1295932680000,1295932739000,0.7374196212612826,0.7375011984394474,0.7373815580872323,0.7374359352531249,56000000,1
1295932740000,1295932799000,0.7374468116487098,0.7374468116487098,0.7374468116487098,0.7374468116487098,16000000,1
1295932800000,1295932859000,0.7374413734108138,0.7374957593993835,0.7373924328788538,0.7374957593993835,49000000,1
1295932860000,1295932919000,0.7374957593993835,0.7374957593993835,0.737354372511429,0.7373706836163607,126000000,1
1295932920000,1295932979000,0.7373706836163607,0.7374196212612826,0.7373598094662253,0.7373652465012019,23000000,1
1295932980000,1295933039000,0.7373815580872323,0.7374685654023997,0.7373815580872323,0.7374631268436578,14000000,1
1295933040000,1295933099000,0.7374631268436578,0.7374631268436578,0.7371913011426465,0.7371913011426465,58000000,1
1295933100000,1295933159000,0.7372456502506635,0.737300007373,0.7371913011426465,0.7372510856022235,51000000,1
1295933160000,1295933219000,0.7372510856022235,0.7373054435260895,0.7372456502506635,0.7372565210339286,28000000,1
1295933220000,1295933279000,0.737300007373,0.737300007373,0.7371967356928544,0.7372510856022235,38000000,1
1295933280000,1295933339000,0.7372184746949759,0.737414183424404,0.7372021703231895,0.7373108797593417,45000000,1
1295933340000,1295933399000,0.7373108797593417,0.737414183424404,0.7372565210339286,0.7372565210339286,87000000,1
1295933400000,1295933459000,0.7372565210339286,0.7373217524663412,0.7372565210339286,0.7372728278099311,26000000,1
1295933460000,1295933519000,0.7372836993946901,0.7373271889400922,0.7372130398242485,0.7372130398242485,45000000,1
1295933520000,1295933579000,0.7372184746949759,0.7373761208117036,0.7372184746949759,0.7373217524663412,66000000,1
1295933580000,1295933639000,0.7373598094662253,0.7374903204395442,0.7373598094662253,0.7374304971756411,64000000,1
1295933640000,1295933699000,0.7374304971756411,0.737506637559738,0.737354372511429,0.737506637559738,52000000,1
1295933700000,1295933759000,0.7375011984394474,0.7375447136482649,0.7373434988423707,0.7373489356368115,95000000,1
1295933760000,1295933819000,0.7373489356368115,0.7376263185070444,0.7373489356368115,0.7375991148810621,153000000,1
1295933820000,1295933879000,0.7376263185070444,0.7377405956517569,0.7375936743966484,0.7377024993360677,69000000,1
1295933880000,1295933939000,0.7377024993360677,0.7378331316589439,0.7377024993360677,0.737805912776585,46000000,1
1295933940000,1295933999000,0.7377786959023771,0.7377786959023771,0.7377242681775259,0.7377514810360982,20000000,1
1295934000000,1295934059000,0.7377623667416725,0.7378276877218095,0.7377623667416725,0.7378276877218095,27000000,1
1295934060000,1295934119000,0.7378004692410984,0.7378712414683637,0.7378004692410984,0.7378440197742198,42000000,1
1295934120000,1295934179000,0.7378440197742198,0.7378657969688474,0.737816800088538,0.7378657969688474,31000000,1
1295934180000,1295934239000,0.7378712414683637,0.738072744449693,0.7378712414683637,0.7380564022702615,39000000,1
1295934240000,1295934299000,0.7380509550379358,0.7380509550379358,0.7379964871367213,0.7379964871367213,22000000,1
1295934300000,1295934359000,0.7379855945211949,0.7379910407887649,0.7379474728988791,0.7379910407887649,18000000,1
1295934360000,1295934419000,0.7380019335650659,0.7380781920036609,0.7380019335650659,0.738061849582995,37000000,1
1295934420000,1295934479000,0.738061849582995,0.7382198566377038,0.738061849582995,0.7381653638047995,70000000,1
1295934480000,1295934539000,0.7381490175236577,0.7382798080472499,0.7381163271331562,0.7382798080472499,56000000,1
1295934540000,1295934599000,0.7382798080472499,0.7383016109741152,0.7381980585391061,0.7382525561994758,70000000,1
1295934600000,1295934659000,0.7382362060564899,0.7383561239256918,0.7382307561697635,0.7383070619070472,63000000,1
1295934660000,1295934719000,0.7383179640143824,0.7384215500945179,0.7383070619070472,0.7384160974709248,68000000,1
1295934720000,1295934779000,0.7384160974709248,0.7386506330235925,0.7384160974709248,0.7386015318595771,75000000,1
1295934780000,1295934839000,0.7385960765776413,0.7387215684536341,0.7384869878592739,0.7384869878592739,109000000,1
1295934840000,1295934899000,0.7384869878592739,0.7386833707599574,0.7384869878592739,0.7386833707599574,75000000,1
1295934900000,1295934959000,0.7386833707599574,0.7387925175093826,0.7386724578587363,0.738765227798258,97000000,1
1295934960000,1295935019000,0.7387870594058675,0.7387925175093826,0.7386942839836306,0.7386942839836306,34000000,1
1295935020000,1295935079000,0.7386724578587363,0.7386724578587363,0.738606987222099,0.7386506330235925,17000000,1
1295935080000,1295935139000,0.738585166255521,0.738585166255521,0.7385033491126882,0.7385578918603535,54000000,1
1295935140000,1295935199000,0.7385415281901301,0.738579711215333,0.7384815342692356,0.7384869878592739,73000000,1
1295935200000,1295935259000,0.7384815342692356,0.7385906213762897,0.7383288664436914,0.738585166255521,72000000,1
1295935260000,1295935319000,0.738585166255521,0.7388798581350673,0.738585166255521,0.7388252678241596,70000000,1
1295935320000,1295935379000,0.7388252678241596,0.7388416440704264,0.7387488549392749,0.7387488549392749,51000000,1
1295935380000,1295935439000,0.7387270255895042,0.738743397480885,0.7387270255895042,0.7387270255895042,14000000,1
1295935440000,1295935499000,0.7387270255895042,0.7387270255895042,0.7386506330235925,0.7386506330235925,21000000,1
1295935500000,1295935559000,0.7386506330235925,0.7386506330235925,0.738508803024932,0.7385524372230428,45000000,1
1295935560000,1295935619000,0.7385251652450058,0.7385688013766923,0.738508803024932,0.7385688013766923,20000000,1
1295935620000,1295935679000,0.7385469826663024,0.7385906213762897,0.7385033491126882,0.7385742562557239,49000000,1
1295935680000,1295935739000,0.738579711215333,0.738585166255521,0.7385742562557239,0.738585166255521,9000000,1
1295935740000,1295935799000,0.738585166255521,0.738585166255521,0.7384706273307979,0.7384706273307979,38000000,1
1295935800000,1295935859000,0.7384379084484681,0.7384379084484681,0.738263456697157,0.738263456697157,116000000,1
1295935860000,1295935919000,0.738263456697157,0.738312512920469,0.7382253063635021,0.7382253063635021,110000000,1
1295935920000,1295935979000,0.7382307561697635,0.7383833834203396,0.7382089574274894,0.7382362060564899,107000000,1
1295935980000,1295936039000,0.7382362060564899,0.7382907093497136,0.7382144069923668,0.7382525561994758,67000000,1
1295936040000,1295936099000,0.738263456697157,0.7384051924653133,0.738263456697157,0.7383452206913865,57000000,1
1295936100000,1295936159000,0.7383452206913865,0.7383452206913865,0.7379910407887649,0.7380291669126764,142000000,1
1295936160000,1295936219000,0.7380182733324476,0.738072744449693,0.7379529186037931,0.7379910407887649,78000000,1
1295936220000,1295936279000,0.7380019335650659,0.7380346138233883,0.7379747022272077,0.7380182733324476,33000000,1
1295936280000,1295936339000,0.738040060814501,0.7381544662035978,0.7380182733324476,0.7380455078860163,54000000,1
1295936340000,1295936399000,0.7380564022702615,0.7381762617277754,0.7380346138233883,0.7381762617277754,73000000,1
1295936400000,1295936459000,0.7381599149639778,0.738263456697157,0.7381054309797612,0.7381762617277754,72000000,1
1295936460000,1295936519000,0.7381599149639778,0.7382253063635021,0.7381108790162458,0.7382198566377038,92000000,1
1295936520000,1295936579000,0.7381871599725394,0.7383561239256918,0.7381762617277754,0.7383397691949881,95000000,1
1295936580000,1295936639000,0.7383561239256918,0.7383888355608063,0.7382852586582404,0.7383397691949881,55000000,1
1295936640000,1295936699000,0.7383397691949881,0.7383888355608063,0.7382907093497136,0.7383234151887893,40000000,1
1295936700000,1295936759000,0.7383234151887893,0.7384215500945179,0.7382307561697635,0.73826890706671,71000000,1
1295936760000,1295936819000,0.7382416560236827,0.7382525561994758,0.7382089574274894,0.7382089574274894,11000000,1
1295936820000,1295936879000,0.7382416560236827,0.7383179640143824,0.7382416560236827,0.738263456697157,16000000,1
1295936880000,1295936939000,0.7382525561994758,0.7382580064080795,0.7382035079430697,0.7382198566377038,11000000,1
1295936940000,1295936999000,0.738263456697157,0.73826890706671,0.7381871599725394,0.7382362060564899,43000000,1
1295937000000,1295937059000,0.7382362060564899,0.738263456697157,0.7382144069923668,0.7382307561697635,37000000,1
1295937060000,1295937119000,0.7382580064080795,0.7382798080472499,0.7382580064080795,0.7382798080472499,17000000,1
1295937120000,1295937179000,0.7382743575167403,0.738312512920469,0.7382743575167403,0.7383070619070472,22000000,1
1295937180000,1295937239000,0.7383343177790903,0.7383506722682871,0.7383179640143824,0.7383179640143824,16000000,1
1295937240000,1295937299000,0.7383179640143824,0.7384924415298609,0.7382525561994758,0.7384924415298609,76000000,1
1295937300000,1295937359000,0.7385415281901301,0.7386397210896414,0.7384597207145336,0.7386233537932003,168000000,1
1295937360000,1295937419000,0.7385960765776413,0.7385960765776413,0.738465173982395,0.7384924415298609,129000000,1
1295937420000,1295937479000,0.7385033491126882,0.7386233537932003,0.7384706273307979,0.7385033491126882,110000000,1
1295937480000,1295937539000,0.7384815342692356,0.7386451770163166,0.7384106449278572,0.738606987222099,105000000,1
1295937540000,1295937599000,0.7385906213762897,0.7386942839836306,0.7385688013766923,0.7386560891114706,98000000,1
1295937600000,1295937659000,0.7386560891114706,0.7386833707599574,0.738585166255521,0.7386833707599574,71000000,1
1295937660000,1295937719000,0.7386833707599574,0.7387106544237688,0.7385360737945245,0.7385360737945245,80000000,1
1295937720000,1295937779000,0.7385469826663024,0.7386178981889089,0.7385142570177317,0.7386178981889089,80000000,1
1295937780000,1295937839000,0.7386288094780848,0.7386451770163166,0.7385688013766923,0.7386288094780848,96000000,1
1295937840000,1295937899000,0.7386342652435647,0.7386724578587363,0.7384760807597442,0.7384760807597442,97000000,1
1295937900000,1295937959000,0.7384706273307979,0.7385415281901301,0.7384379084484681,0.7384924415298609,71000000,1
1295937960000,1295938019000,0.7384706273307979,0.7384815342692356,0.7384542675272121,0.7384815342692356,23000000,1
1295938020000,1295938079000,0.7384760807597442,0.7384869878592739,0.7383888355608063,0.7383888355608063,49000000,1
1295938080000,1295938139000,0.7384051924653133,0.7384215500945179,0.7382253063635021,0.7383234151887893,153000000,1
1295938140000,1295938199000,0.7383070619070472,0.7383397691949881,0.7381871599725394,0.7382035079430697,73000000,1
1295938200000,1295938259000,0.7382144069923668,0.73826890706671,0.7381708127260648,0.7382253063635021,33000000,1
1295938260000,1295938319000,0.7382253063635021,0.7382253063635021,0.738061849582995,0.7381108790162458,95000000,1
1295938320000,1295938379000,0.7381108790162458,0.7381381204050902,0.738061849582995,0.7381381204050902,57000000,1
1295938380000,1295938439000,0.7381272236082611,0.7381653638047995,0.7381108790162458,0.7381544662035978,31000000,1
1295938440000,1295938499000,0.7381762617277754,0.7382307561697635,0.7381381204050902,0.7381544662035978,79000000,1
1295938500000,1295938559000,0.7381653638047995,0.7382035079430697,0.7380999830237004,0.7381435689241558,98000000,1
1295938560000,1295938619000,0.7381217753304941,0.7381217753304941,0.7380346138233883,0.738040060814501,35000000,1
1295938620000,1295938679000,0.7380291669126764,0.7380509550379358,0.7379529186037931,0.7379692562007867,87000000,1
1295938680000,1295938739000,0.7379747022272077,0.7381599149639778,0.7379747022272077,0.7381381204050902,63000000,1
1295938740000,1295938799000,0.7381381204050902,0.7383343177790903,0.7381381204050902,0.7382471060713443,94000000,1
1295938800000,1295938859000,0.7383016109741152,0.7383343177790903,0.7381490175236577,0.7381980585391061,143000000,1
1295938860000,1295938919000,0.7381926092155966,0.7382798080472499,0.7381217753304941,0.7382362060564899,71000000,1
1295938920000,1295938979000,0.7382198566377038,0.7383724793809485,0.7382144069923668,0.7383179640143824,67000000,1
1295938980000,1295939039000,0.7383179640143824,0.738443361394181,0.7381980585391061,0.738443361394181,86000000,1
1295939040000,1295939099000,0.7384488144204284,0.7384488144204284,0.7382416560236827,0.7383070619070472,115000000,1
1295939100000,1295939159000,0.7383234151887893,0.7384488144204284,0.738312512920469,0.7384488144204284,48000000,1
1295939160000,1295939219000,0.738465173982395,0.7384869878592739,0.7383452206913865,0.7383452206913865,28000000,1
1295939220000,1295939279000,0.7382907093497136,0.7383888355608063,0.7382798080472499,0.7383670274820207,39000000,1
1295939280000,1295939339000,0.7383670274820207,0.7383670274820207,0.73826890706671,0.7383506722682871,27000000,1
1295939340000,1295939399000,0.7383506722682871,0.7383615756636025,0.7383070619070472,0.7383397691949881,39000000,1
1295939400000,1295939459000,0.7383288664436914,0.738508803024932,0.7382907093497136,0.7384706273307979,83000000,1
1295939460000,1295939519000,0.7384706273307979,0.7385360737945245,0.7383397691949881,0.7383670274820207,110000000,1
1295939520000,1295939579000,0.7383506722682871,0.7385360737945245,0.7383506722682871,0.738465173982395,79000000,1
1295939580000,1295939639000,0.738443361394181,0.7384706273307979,0.7382852586582404,0.7383452206913865,98000000,1
1295939640000,1295939699000,0.7383343177790903,0.7383888355608063,0.7382253063635021,0.7383070619070472,54000000,1
1295939700000,1295939759000,0.7383016109741152,0.7383397691949881,0.7382144069923668,0.7382253063635021,39000000,1
1295939760000,1295939819000,0.7382253063635021,0.7382852586582404,0.7380890873528434,0.7382852586582404,80000000,1
1295939820000,1295939879000,0.7383070619070472,0.7383506722682871,0.7381871599725394,0.7382798080472499,75000000,1
1295939880000,1295939939000,0.738263456697157,0.7383506722682871,0.7382525561994758,0.7382743575167403,59000000,1
1295939940000,1295939999000,0.7382907093497136,0.7383234151887893,0.7382307561697635,0.7382307561697635,55000000,1
1295940000000,1295940059000,0.7382089574274894,0.7382743575167403,0.7381817108099329,0.7381817108099329,42000000,1
1295940060000,1295940119000,0.7381817108099329,0.7381817108099329,0.7377569238487303,0.7377569238487303,82000000,1
1295940120000,1295940179000,0.7377351530800443,0.7378603525496764,0.7375827936685893,0.7376372005192966,89000000,1
1295940180000,1295940239000,0.7376372005192966,0.7377079414259894,0.7373434988423707,0.7374740040413575,129000000,1
1295940240000,1295940299000,0.7374740040413575,0.7375610331754953,0.7373978703949503,0.7374957593993835,140000000,1
1295940300000,1295940359000,0.7374794427605331,0.7375936743966484,0.7374631268436578,0.7375555932528414,116000000,1
1295940360000,1295940419000,0.7375338343646515,0.7376154368158616,0.7373326254940129,0.737338062128105,123000000,1
1295940420000,1295940479000,0.7373108797593417,0.7373815580872323,0.7371369600471768,0.7373489356368115,184000000,1
1295940480000,1295940539000,0.7373489356368115,0.737609996090667,0.7373271889400922,0.737512076760257,132000000,1
1295940540000,1295940599000,0.7375283948432014,0.7376208776213202,0.7375283948432014,0.7376208776213202,69000000,1
1295940600000,1295940659000,0.7375936743966484,0.7376426416458283,0.7374685654023997,0.7374685654023997,71000000,1
1295940660000,1295940719000,0.7374794427605331,0.7376372005192966,0.7374740040413575,0.7376372005192966,108000000,1
1295940720000,1295940779000,0.7376263185070444,0.7376263185070444,0.737338062128105,0.7376045554457344,119000000,1
1295940780000,1295940839000,0.7376045554457344,0.7376045554457344,0.7374740040413575,0.7375338343646515,93000000,1
1295940840000,1295940899000,0.7375392739663387,0.7377623667416725,0.7375392739663387,0.7377623667416725,120000000,1
1295940900000,1295940959000,0.7377514810360982,0.737816800088538,0.7376480828526326,0.7376970573264383,97000000,1
1295940960000,1295941019000,0.7377079414259894,0.737805912776585,0.7377079414259894,0.7377514810360982,100000000,1
1295941020000,1295941079000,0.7377514810360982,0.7377895824110964,0.7373652465012019,0.7373869954429484,151000000,1
1295941080000,1295941139000,0.7374196212612826,0.7376154368158616,0.7373163160727584,0.737425059178361,138000000,1
1295941140000,1295941199000,0.7373598094662253,0.7374033079912397,0.7371695637430521,0.7372293446768355,105000000,1
1295941200000,1295941259000,0.7372619565457802,0.7372619565457802,0.7367459405298676,0.7367459405298676,122000000,1
1295941260000,1295941319000,0.7367459405298676,0.7371206592807177,0.7367459405298676,0.7370445985686593,125000000,1
1295941320000,1295941379000,0.7370283018867925,0.7370445985686593,0.7367947952815662,0.7368816641735504,108000000,1
1295941380000,1295941439000,0.7368870941594329,0.7370228698196505,0.7368870941594329,0.7370228698196505,70000000,1
1295941440000,1295941499000,0.7370283018867925,0.7370771940945374,0.7368979543712787,0.7370554634236227,89000000,1
1295941500000,1295941559000,0.7370608959712251,0.7370771940945374,0.736946829286267,0.7370554634236227,69000000,1
1295941560000,1295941619000,0.7370500309561013,0.7373489356368115,0.7370445985686593,0.7372402149792467,100000000,1
1295941620000,1295941679000,0.7372293446768355,0.7373108797593417,0.7371315263782516,0.737164129593454,95000000,1
1295941680000,1295941739000,0.737164129593454,0.7371749979727688,0.7370011423517707,0.7370174378325791,110000000,1
1295941740000,1295941799000,0.7369739848183359,0.7370989260468648,0.7369739848183359,0.7370554634236227,72000000,1
1295941800000,1295941859000,0.7370445985686593,0.737164129593454,0.7370011423517707,0.737164129593454,43000000,1
1295941860000,1295941919000,0.7372021703231895,0.7373054435260895,0.7371206592807177,0.7371913011426465,67000000,1
1295941920000,1295941979000,0.7371532615346056,0.7373434988423707,0.7371369600471768,0.7372619565457802,93000000,1
1295941980000,1295942039000,0.7372619565457802,0.7372619565457802,0.7370391662612951,0.7370826269624825,127000000,1
1295942040000,1295942099000,0.7370663285989106,0.7371097925035934,0.7370283018867925,0.7370826269624825,119000000,1
1295942100000,1295942159000,0.7370880599105175,0.7372891353073021,0.7370880599105175,0.7371913011426465,119000000,1
1295942160000,1295942219000,0.7371858666725641,0.7373978703949503,0.7371804322826055,0.7373598094662253,78000000,1
1295942220000,1295942279000,0.7373869954429484,0.7374413734108138,0.7373054435260895,0.737425059178361,55000000,1
1295942280000,1295942339000,0.7374468116487098,0.737484881559928,0.7372782635622336,0.7373761208117036,76000000,1
1295942340000,1295942399000,0.7373761208117036,0.7373978703949503,0.7372565210339286,0.7373163160727584,57000000,1
1295942400000,1295942459000,0.7373108797593417,0.7373434988423707,0.7371152258521052,0.7371152258521052,66000000,1
1295942460000,1295942519000,0.7371152258521052,0.7371858666725641,0.7370663285989106,0.7370934929386442,70000000,1
1295942520000,1295942579000,0.7371315263782516,0.7371749979727688,0.7368490859387089,0.7368870941594329,100000000,1
1295942580000,1295942639000,0.7368925242253417,0.7369413984199976,0.7367947952815662,0.7368816641735504,65000000,1
1295942640000,1295942699000,0.7368653746960431,0.7368653746960431,0.7364529480211509,0.7366156928607207,128000000,1
1295942700000,1295942759000,0.7366265450741784,0.7369142452892756,0.7366156928607207,0.7369033845972455,120000000,1
1295942760000,1295942819000,0.7368599450302481,0.7370337340340067,0.7368273687157836,0.7369359676337723,95000000,1
1295942820000,1295942879000,0.736946829286267,0.7371423937962096,0.736946829286267,0.7369902790982187,71000000,1
1295942880000,1295942939000,0.7369739848183359,0.7370771940945374,0.7369359676337723,0.7370771940945374,109000000,1
1295942940000,1295942999000,0.7370989260468648,0.7372728278099311,0.7370663285989106,0.7372728278099311,69000000,1
1295943000000,1295943059000,0.7372728278099311,0.7372728278099311,0.7369576912589448,0.7370826269624825,118000000,1
1295943060000,1295943119000,0.7370771940945374,0.7370989260468648,0.7369413984199976,0.7369848475915335,92000000,1
1295943120000,1295943179000,0.7369957106849638,0.7370771940945374,0.7369413984199976,0.736946829286267,82000000,1
1295943180000,1295943239000,0.7369359676337723,0.7369359676337723,0.7368273687157836,0.7368653746960431,103000000,1
1295943240000,1295943299000,0.7368653746960431,0.7370228698196505,0.7368002239872681,0.7369088149032439,70000000,1
1295943300000,1295943359000,0.7369088149032439,0.7370663285989106,0.7367947952815662,0.7369794161649066,152000000,1
1295943360000,1295943419000,0.7369848475915335,0.7370120059255766,0.7366591036332026,0.7366591036332026,103000000,1
1295943420000,1295943479000,0.7366428239939301,0.7367567965814484,0.7365939893930465,0.7367296570523446,101000000,1
1295943480000,1295943539000,0.7367296570523446,0.7368110816386678,0.7366862379643886,0.7368110816386678,101000000,1
1295943540000,1295943599000,0.7368110816386678,0.7369142452892756,0.7366265450741784,0.7366916650705013,94000000,1
1295943600000,1295943659000,0.7366753839920439,0.7367188018005407,0.7365288866629349,0.7365939893930465,97000000,1
1295943660000,1295943719000,0.7365777126315712,0.7366156928607207,0.7365397363187745,0.7365994151400643,65000000,1
1295943720000,1295943779000,0.7366048409670148,0.7366156928607207,0.7364366774922858,0.7364692192689806,108000000,1
1295943780000,1295943839000,0.736545161266563,0.7368762342676923,0.7365017639217246,0.7367730812587031,137000000,1
1295943840000,1295943899000,0.7367839381101492,0.7370771940945374,0.7367839381101492,0.7370771940945374,97000000,1
1295943900000,1295943959000,0.7370771940945374,0.7371695637430521,0.736946829286267,0.7370989260468648,139000000,1
1295943960000,1295944019000,0.7370989260468648,0.7370989260468648,0.7369359676337723,0.736946829286267,86000000,1
1295944020000,1295944079000,0.7369251063014466,0.7370120059255766,0.7368056527729681,0.736946829286267,95000000,1
1295944080000,1295944139000,0.7369196757553427,0.7371315263782516,0.7369196757553427,0.7370174378325791,98000000,1
1295944140000,1295944199000,0.7370174378325791,0.7370771940945374,0.7369902790982187,0.7370608959712251,73000000,1
1295944200000,1295944259000,0.7370608959712251,0.7373163160727584,0.7370608959712251,0.7372945713000716,58000000,1
1295944260000,1295944319000,0.7373163160727584,0.737484881559928,0.7372836993946901,0.7374740040413575,109000000,1
1295944320000,1295944379000,0.737484881559928,0.737822243865008,0.7374794427605331,0.7376752900908078,168000000,1
1295944380000,1295944439000,0.7376535241397115,0.7377514810360982,0.7374740040413575,0.7374740040413575,184000000,1
1295944440000,1295944499000,0.7374740040413575,0.737925690882928,0.7374740040413575,0.7377460383037743,175000000,1
1295944500000,1295944559000,0.7377460383037743,0.7377623667416725,0.7376535241397115,0.7377405956517569,69000000,1
1295944560000,1295944619000,0.7377079414259894,0.7377569238487303,0.7376426416458283,0.7376698484826131,98000000,1
1295944620000,1295944679000,0.7376589655070668,0.7379910407887649,0.7376263185070444,0.7379910407887649,88000000,1
1295944680000,1295944739000,0.7379855945211949,0.7381653638047995,0.7379474728988791,0.7379692562007867,153000000,1
1295944740000,1295944799000,0.7379855945211949,0.7379964871367213,0.737816800088538,0.7379638102547451,109000000,1
1295944800000,1295944859000,0.7379529186037931,0.7381653638047995,0.7379474728988791,0.7380672969761384,129000000,1
1295944860000,1295944919000,0.7380781920036609,0.7381544662035978,0.7379583643890812,0.7380073800738007,70000000,1
1295944920000,1295944979000,0.7380019335650659,0.73826890706671,0.7380019335650659,0.7382253063635021,96000000,1
1295944980000,1295945039000,0.7382144069923668,0.7382144069923668,0.7379474728988791,0.7379910407887649,84000000,1
1295945040000,1295945099000,0.7380019335650659,0.7380672969761384,0.7379202455798578,0.7379855945211949,56000000,1
1295945100000,1295945159000,0.7380019335650659,0.7384051924653133,0.7379855945211949,0.7382907093497136,208000000,1
1295945160000,1295945219000,0.7382907093497136,0.7383397691949881,0.7381653638047995,0.7382798080472499,164000000,1
1295945220000,1295945279000,0.7382743575167403,0.7382961601216712,0.7380890873528434,0.7382089574274894,157000000,1
1295945280000,1295945339000,0.7382416560236827,0.7383343177790903,0.7381762617277754,0.7383343177790903,92000000,1
1295945340000,1295945399000,0.7383561239256918,0.7384978952809984,0.7382035079430697,0.738312512920469,147000000,1
1295945400000,1295945459000,0.738312512920469,0.7385415281901301,0.7382961601216712,0.7385415281901301,150000000,1
1295945460000,1295945519000,0.7385360737945245,0.7385469826663024,0.7381054309797612,0.7381326719664593,148000000,1
1295945520000,1295945579000,0.7381326719664593,0.7382907093497136,0.7380672969761384,0.7382743575167403,124000000,1
1295945580000,1295945639000,0.7382743575167403,0.7386670015290406,0.7382580064080795,0.7386015318595771,165000000,1
1295945640000,1295945699000,0.7385742562557239,0.7387706855791962,0.7385742562557239,0.7386615452799528,115000000,1
1295945700000,1295945759000,0.7387270255895042,0.738743397480885,0.738606987222099,0.738699740716391,98000000,1
1295945760000,1295945819000,0.7387106544237688,0.7389836019538726,0.7387106544237688,0.738803433958361,170000000,1
1295945820000,1295945879000,0.7388416440704264,0.738896236801466,0.7386451770163166,0.7387379401031278,120000000,1
1295945880000,1295945939000,0.738776143440776,0.7387979756935465,0.7384978952809984,0.7385742562557239,92000000,1
1295945940000,1295945999000,0.7385688013766923,0.7386124426652091,0.7379747022272077,0.7380128266629274,215000000,1
1295946000000,1295946059000,0.7380291669126764,0.7381217753304941,0.7377242681775259,0.7377569238487303,119000000,1
1295946060000,1295946119000,0.7377678097149265,0.7379583643890812,0.7377623667416725,0.7378930202699212,60000000,1
1295946120000,1295946179000,0.7378930202699212,0.7379202455798578,0.737680731779286,0.7377405956517569,82000000,1
1295946180000,1295946239000,0.7377569238487303,0.7377678097149265,0.7376861735480491,0.7377133835962052,42000000,1
1295946240000,1295946299000,0.7377351530800443,0.7377678097149265,0.7375936743966484,0.7377678097149265,82000000,1
1295946300000,1295946359000,0.7377514810360982,0.7378766860482276,0.7377242681775259,0.7378113563923977,90000000,1
1295946360000,1295946419000,0.7378113563923977,0.738040060814501,0.7377895824110964,0.7380073800738007,136000000,1
1295946420000,1295946479000,0.7380073800738007,0.7380073800738007,0.7377950257859361,0.7378385756764135,73000000,1
1295946480000,1295946539000,0.737822243865008,0.7378875754490045,0.7377351530800443,0.7377351530800443,62000000,1
1295946540000,1295946599000,0.7377623667416725,0.7377786959023771,0.7376698484826131,0.7377514810360982,72000000,1
1295946600000,1295946659000,0.7377351530800443,0.7380999830237004,0.7376970573264383,0.7380999830237004,132000000,1
1295946660000,1295946719000,0.7381326719664593,0.7385906213762897,0.7380836396380438,0.7385906213762897,153000000,1
1295946720000,1295946779000,0.7385906213762897,0.7386451770163166,0.7384924415298609,0.7386342652435647,119000000,1
1295946780000,1295946839000,0.7386506330235925,0.7387816013829992,0.7386178981889089,0.7386724578587363,82000000,1
1295946840000,1295946899000,0.7386942839836306,0.7388143507299485,0.7386560891114706,0.7386833707599574,108000000,1
1295946900000,1295946959000,0.7386724578587363,0.7386833707599574,0.7384488144204284,0.7385142570177317,74000000,1
1295946960000,1295947019000,0.7385251652450058,0.7385742562557239,0.7384215500945179,0.7384542675272121,114000000,1
1295947020000,1295947079000,0.7384542675272121,0.7385360737945245,0.7383833834203396,0.7385360737945245,101000000,1
1295947080000,1295947139000,0.7385578918603535,0.7386342652435647,0.738443361394181,0.738508803024932,81000000,1
1295947140000,1295947199000,0.738519711091089,0.738519711091089,0.7382362060564899,0.7382471060713443,125000000,1
1295947200000,1295947259000,0.738263456697157,0.7385033491126882,0.7381926092155966,0.738312512920469,111000000,1
1295947260000,1295947319000,0.738312512920469,0.7384597207145336,0.7382253063635021,0.7383670274820207,95000000,1
1295947320000,1295947379000,0.7383234151887893,0.7383452206913865,0.7382089574274894,0.7382525561994758,98000000,1
1295947380000,1295947439000,0.7382253063635021,0.7383833834203396,0.7381980585391061,0.7383561239256918,73000000,1
1295947440000,1295947499000,0.7383779313603875,0.7386015318595771,0.7383179640143824,0.7385688013766923,79000000,1
1295947500000,1295947559000,0.738585166255521,0.738585166255521,0.738263456697157,0.7385306194794836,105000000,1
1295947560000,1295947619000,0.738519711091089,0.7386178981889089,0.7383888355608063,0.738508803024932,117000000,1
1295947620000,1295947679000,0.7384924415298609,0.7386178981889089,0.7384160974709248,0.7386178981889089,102000000,1
1295947680000,1295947739000,0.7386015318595771,0.738803433958361,0.7386015318595771,0.7386342652435647,116000000,1
1295947740000,1295947799000,0.7386888273314866,0.738776143440776,0.7386615452799528,0.7386670015290406,90000000,1
1295947800000,1295947859000,0.7386779142690413,0.7390272922779039,0.7385360737945245,0.7386615452799528,202000000,1
1295947860000,1295947919000,0.7386670015290406,0.7387597700979596,0.7383343177790903,0.7383888355608063,184000000,1
1295947920000,1295947979000,0.7383670274820207,0.7384106449278572,0.7379583643890812,0.7381272236082611,171000000,1
1295947980000,1295948039000,0.7381217753304941,0.7383506722682871,0.7379964871367213,0.7383234151887893,151000000,1
1295948040000,1295948099000,0.7383288664436914,0.7383288664436914,0.7379420272743372,0.7381326719664593,176000000,1
1295948100000,1295948159000,0.7381326719664593,0.7382471060713443,0.7379801483340098,0.7381272236082611,168000000,1
1295948160000,1295948219000,0.7381217753304941,0.7381381204050902,0.737925690882928,0.7379747022272077,117000000,1
1295948220000,1295948279000,0.7379964871367213,0.7380019335650659,0.7376644069547,0.7376644069547,124000000,1
1295948280000,1295948339000,0.7376644069547,0.7381217753304941,0.7376045554457344,0.738061849582995,128000000,1
1295948340000,1295948399000,0.7380509550379358,0.7381490175236577,0.7380073800738007,0.7381054309797612,95000000,1
1295948400000,1295948459000,0.7381054309797612,0.7383615756636025,0.7381054309797612,0.7383615756636025,89000000,1
1295948460000,1295948519000,0.7383670274820207,0.7384924415298609,0.7381435689241558,0.7383779313603875,169000000,1
1295948520000,1295948579000,0.7383942877817897,0.7387106544237688,0.7383888355608063,0.7386833707599574,167000000,1
1295948580000,1295948639000,0.7386560891114706,0.7390655255494952,0.7386233537932003,0.7389071563158089,128000000,1
1295948640000,1295948699000,0.7389235361924748,0.7390109078009992,0.7387816013829992,0.7390109078009992,151000000,1
1295948700000,1295948759000,0.7390109078009992,0.7394043358670255,0.7389399167953653,0.739218498203699,182000000,1
1295948760000,1295948819000,0.7392075694855116,0.7392239626839744,0.7389289963127443,0.7390819124483566,132000000,1
1295948820000,1295948879000,0.7390600634113534,0.7391256143981669,0.7388743987409581,0.7389399167953653,113000000,1
1295948880000,1295948939000,0.738956298124529,0.7391365406931623,0.7388471029805092,0.7391365406931623,137000000,1
1295948940000,1295948999000,0.7391911770141112,0.7394808844191377,0.7391911770141112,0.7394262052647146,188000000,1
1295949000000,1295949059000,0.7394262052647146,0.7398310225944393,0.7394262052647146,0.7397981830556624,167000000,1
1295949060000,1295949119000,0.739781764379508,0.739781764379508,0.7395246335655441,0.7396723251599542,136000000,1
1295949120000,1295949179000,0.7396723251599542,0.7397051535258046,0.7394590117869766,0.7395410408300609,151000000,1
1295949180000,1295949239000,0.7395683878888282,0.7396668540489363,0.7395191646391516,0.7396559120697052,147000000,1
1295949240000,1295949299000,0.7396887389786377,0.7398091292446549,0.7395246335655441,0.7396394997078425,158000000,1
1295949300000,1295949359000,0.7396285585379022,0.739781764379508,0.7396230880743174,0.7396668540489363,132000000,1
1295949360000,1295949419000,0.739661383018854,0.7399131341980452,0.7396504412014882,0.7398419697552603,149000000,1
1295949420000,1295949479000,0.7398529172400526,0.7400445506819511,0.7397598739449175,0.7398802873695036,161000000,1
1295949480000,1295949539000,0.7398802873695036,0.7399295587060112,0.739584797094911,0.739781764379508,119000000,1
1295949540000,1295949599000,0.7397598739449175,0.7402746418921419,0.7397598739449175,0.740176013856095,190000000,1
1295949600000,1295949659000,0.7401650568076681,0.7402198452940523,0.739885761638403,0.7399897881409236,143000000,1
1295949660000,1295949719000,0.74000074000074,0.7401376656058027,0.7399076595240913,0.7401267096926993,124000000,1
1295949720000,1295949779000,0.7401267096926993,0.7402472425790214,0.7400774120973054,0.7400883665509662,166000000,1
1295949780000,1295949839000,0.7400664579679256,0.7400883665509662,0.739885761638403,0.7399569345064118,101000000,1
1295949840000,1295949899000,0.7399186089530152,0.7399678853937739,0.7397434569691231,0.7397708190002737,168000000,1
1295949900000,1295949959000,0.7397762916494052,0.7397762916494052,0.7396504412014882,0.7396996819291367,107000000,1
1295949960000,1295950019000,0.7396996819291367,0.7397489292134249,0.7396012070291699,0.7396723251599542,121000000,1
1295950020000,1295950079000,0.7396668540489363,0.7397325127233992,0.7395246335655441,0.73963402908241,102000000,1
1295950080000,1295950139000,0.739584797094911,0.7398912359883097,0.739579327278644,0.7398529172400526,135000000,1
1295950140000,1295950199000,0.7398200757575758,0.7398419697552603,0.7396668540489363,0.7396668540489363,106000000,1
1295950200000,1295950259000,0.7396668540489363,0.7399624099095765,0.7396668540489363,0.7399076595240913,81000000,1
1295950260000,1295950319000,0.7399076595240913,0.7399350337040408,0.7396996819291367,0.7397653464321118,85000000,1
1295950320000,1295950379000,0.7397653464321118,0.7398200757575758,0.7396777963519091,0.739787237190584,117000000,1
1295950380000,1295950439000,0.739787237190584,0.7398419697552603,0.7396723251599542,0.7397051535258046,112000000,1
1295950440000,1295950499000,0.7397106252034205,0.7397270407219736,0.7396012070291699,0.73963402908241,98000000,1
1295950500000,1295950559000,0.7396012070291699,0.7398146024606234,0.7395738575432835,0.7398146024606234,136000000,1
1295950560000,1295950619000,0.739787237190584,0.739787237190584,0.7394918212204573,0.7395465100800189,106000000,1
1295950620000,1295950679000,0.7395465100800189,0.7395574488226245,0.7393223371457722,0.7393770009390088,133000000,1
1295950680000,1295950739000,0.7393660675336966,0.7394535438311088,0.7391310775052847,0.7391802491037439,121000000,1
1295950740000,1295950799000,0.739218498203699,0.7393223371457722,0.7391092255613534,0.739316871211001,72000000,1
1295950800000,1295950859000,0.739316871211001,0.7393442016930982,0.7391256143981669,0.7391529307413703,78000000,1
1295950860000,1295950919000,0.7391857130185387,0.7392348918868972,0.739076450067995,0.7391256143981669,70000000,1
1295950920000,1295950979000,0.7391256143981669,0.7392021052475957,0.739054601353948,0.7392021052475957,97000000,1
1295950980000,1295951039000,0.7392130338042121,0.7392676814347707,0.7391747852697249,0.7392348918868972,55000000,1
1295951040000,1295951099000,0.7392348918868972,0.7393824677629245,0.739218498203699,0.739218498203699,87000000,1
1295951100000,1295951159000,0.7392895427494178,0.7393114053570504,0.7391966410904629,0.7393059395839187,73000000,1
1295951160000,1295951219000,0.7393059395839187,0.7394098030951695,0.7392676814347707,0.7393442016930982,58000000,1
1295951220000,1295951279000,0.7393442016930982,0.7394262052647146,0.7392895427494178,0.7393715341959335,99000000,1
1295951280000,1295951339000,0.7393606009522965,0.7394426081619675,0.7393332692577833,0.7393934016532836,64000000,1
1295951340000,1295951399000,0.7393934016532836,0.7394371404486905,0.7392731466422213,0.7393442016930982,76000000,1
1295951400000,1295951459000,0.7393387354350269,0.7393387354350269,0.7391747852697249,0.7392676814347707,70000000,1
1295951460000,1295951519000,0.7392567512622809,0.7393223371457722,0.7391911770141112,0.739218498203699,64000000,1
1295951520000,1295951579000,0.7391966410904629,0.7391966410904629,0.7389453771577205,0.7390600634113534,105000000,1
1295951580000,1295951639000,0.7390709877683751,0.7393606009522965,0.7389726801800138,0.7393387354350269,127000000,1
1295951640000,1295951699000,0.7393442016930982,0.7393551344517312,0.7391365406931623,0.7392130338042121,109000000,1
1295951700000,1295951759000,0.7392294272450398,0.7393223371457722,0.7390327539316542,0.7392567512622809,118000000,1
1295951760000,1295951819000,0.7392239626839744,0.739316871211001,0.7391966410904629,0.7392075694855116,94000000,1
1295951820000,1295951879000,0.7391966410904629,0.7391966410904629,0.7389890629618682,0.7391256143981669,79000000,1
1295951880000,1295951939000,0.7391256143981669,0.7391802491037439,0.7390109078009992,0.7391365406931623,65000000,1
1295951940000,1295951999000,0.7391256143981669,0.7391256143981669,0.7389016965182953,0.7390436774813391,95000000,1
1295952000000,1295952059000,0.7390054464701405,0.7390873749094619,0.7388853176098538,0.7390491393772772,78000000,1
1295952060000,1295952119000,0.7390436774813391,0.7390928374513123,0.7388634801947644,0.7388798581350673,82000000,1
1295952120000,1295952179000,0.7388689394275243,0.7389781410265884,0.7387925175093826,0.7389617587289857,73000000,1
1295952180000,1295952239000,0.7389508376007744,0.7390054464701405,0.738743397480885,0.7387816013829992,73000000,1
1295952240000,1295952299000,0.7387706855791962,0.7388580210426765,0.7387488549392749,0.7388525619712586,72000000,1
1295952300000,1295952359000,0.7388853176098538,0.7389016965182953,0.7387979756935465,0.7388525619712586,64000000,1
1295952360000,1295952419000,0.7388525619712586,0.7389235361924748,0.7388416440704264,0.7388689394275243,65000000,1
1295952420000,1295952479000,0.7388689394275243,0.7389399167953653,0.7388361852410084,0.7388361852410084,77000000,1
1295952480000,1295952539000,0.7388361852410084,0.738918076152897,0.7388143507299485,0.7388307264922533,43000000,1
1295952540000,1295952599000,0.7387925175093826,0.7388088923038278,0.7386451770163166,0.7387379401031278,66000000,1
1295952600000,1295952659000,0.7387379401031278,0.7387870594058675,0.7387051975297698,0.7387816013829992,46000000,1
1295952660000,1295952719000,0.7388307264922533,0.7389508376007744,0.7387979756935465,0.7387979756935465,65000000,1
1295952720000,1295952779000,0.7387979756935465,0.739076450067995,0.7387870594058675,0.739076450067995,104000000,1
1295952780000,1295952839000,0.739076450067995,0.7392075694855116,0.7390600634113534,0.7391310775052847,130000000,1
1295952840000,1295952899000,0.7391474673112032,0.7391474673112032,0.7389836019538726,0.7391037627772563,105000000,1
1295952900000,1295952959000,0.7391201513718071,0.7391638578440068,0.7390327539316542,0.7390983000739099,62000000,1
1295952960000,1295953019000,0.7391037627772563,0.7391420039618012,0.7389617587289857,0.7390163692125781,84000000,1
1295953020000,1295953079000,0.7390163692125781,0.7391037627772563,0.7388907771653194,0.7390819124483566,69000000,1
1295953080000,1295953139000,0.7390928374513123,0.7392512862972382,0.7390709877683751,0.7392021052475957,64000000,1
1295953140000,1295953199000,0.7392021052475957,0.739240356609548,0.7390600634113534,0.7390819124483566,111000000,1
1295953200000,1295953259000,0.7390928374513123,0.7391256143981669,0.7389071563158089,0.7389453771577205,146000000,1
1295953260000,1295953319000,0.7389672194141468,0.7390928374513123,0.7387816013829992,0.7388198092367253,97000000,1
1295953320000,1295953379000,0.738803433958361,0.7388088923038278,0.738754312478299,0.7387979756935465,51000000,1
1295953380000,1295953439000,0.7387979756935465,0.7388689394275243,0.738776143440776,0.7387816013829992,67000000,1
1295953440000,1295953499000,0.7387979756935465,0.7389836019538726,0.7387870594058675,0.7389617587289857,101000000,1
1295953500000,1295953559000,0.7389617587289857,0.7389836019538726,0.7388143507299485,0.7388634801947644,105000000,1
1295953560000,1295953619000,0.7388743987409581,0.738918076152897,0.7388198092367253,0.7388198092367253,46000000,1
1295953620000,1295953679000,0.7388088923038278,0.7388088923038278,0.7384106449278572,0.7384760807597442,153000000,1
1295953680000,1295953739000,0.7384924415298609,0.7385633465782361,0.7383942877817897,0.7383942877817897,136000000,1
1295953740000,1295953799000,0.7383833834203396,0.7384542675272121,0.7383779313603875,0.7384106449278572,66000000,1
1295953800000,1295953859000,0.7384106449278572,0.7384215500945179,0.7379093552148054,0.7380019335650659,136000000,1
1295953860000,1295953919000,0.7380237200823634,0.7380564022702615,0.7378549082108494,0.7379747022272077,111000000,1
1295953920000,1295953979000,0.7379964871367213,0.7380564022702615,0.737822243865008,0.7378549082108494,120000000,1
1295953980000,1295954039000,0.7378385756764135,0.7380128266629274,0.7377133835962052,0.7379964871367213,175000000,1
1295954040000,1295954099000,0.7380019335650659,0.7381108790162458,0.7379148003571507,0.7380455078860163,141000000,1
1295954100000,1295954159000,0.7380346138233883,0.7381272236082611,0.7380291669126764,0.7381272236082611,77000000,1
1295954160000,1295954219000,0.7381054309797612,0.7381054309797612,0.7378549082108494,0.7379638102547451,93000000,1
1295954220000,1295954279000,0.7379474728988791,0.7379910407887649,0.7378766860482276,0.7379365817301662,77000000,1
1295954280000,1295954339000,0.7379365817301662,0.7380455078860163,0.7379365817301662,0.7379855945211949,64000000,1
1295954340000,1295954399000,0.7379855945211949,0.7380672969761384,0.7379365817301662,0.7379474728988791,40000000,1
1295954400000,1295954459000,0.7379474728988791,0.7379474728988791,0.737680731779286,0.7377460383037743,117000000,1
1295954460000,1295954519000,0.7377623667416725,0.7380073800738007,0.7377242681775259,0.7378331316589439,119000000,1
1295954520000,1295954579000,0.7378113563923977,0.7378930202699212,0.7377405956517569,0.7378821307084407,94000000,1
1295954580000,1295954639000,0.7379093552148054,0.7379202455798578,0.7376752900908078,0.7376752900908078,93000000,1
1295954640000,1295954699000,0.7376372005192966,0.7380291669126764,0.7376372005192966,0.7378712414683637,112000000,1
1295954700000,1295954759000,0.7378385756764135,0.7378549082108494,0.7376698484826131,0.7377188258467169,77000000,1
1295954760000,1295954819000,0.7377188258467169,0.7378004692410984,0.7373924328788538,0.7374685654023997,103000000,1
1295954820000,1295954879000,0.7374794427605331,0.737512076760257,0.7371967356928544,0.7372130398242485,104000000,1
1295954880000,1295954939000,0.7372402149792467,0.7379910407887649,0.7371749979727688,0.7378549082108494,145000000,1
1295954940000,1295954999000,0.7378549082108494,0.7380564022702615,0.7378004692410984,0.7379365817301662,132000000,1
1295955000000,1295955059000,0.737925690882928,0.7379638102547451,0.7376480828526326,0.7376535241397115,75000000,1
1295955060000,1295955119000,0.7376535241397115,0.7377079414259894,0.7374196212612826,0.7375610331754953,177000000,1
1295955120000,1295955179000,0.7375882339924914,0.7376752900908078,0.7374631268436578,0.7375338343646515,115000000,1
1295955180000,1295955239000,0.7375392739663387,0.737571913261543,0.7374468116487098,0.7374957593993835,116000000,1
1295955240000,1295955299000,0.7375175160410059,0.7376861735480491,0.7375175160410059,0.7376589655070668,113000000,1
1295955300000,1295955359000,0.7376589655070668,0.737680731779286,0.7375936743966484,0.7376263185070444,90000000,1
1295955360000,1295955419000,0.7376208776213202,0.7376208776213202,0.7374685654023997,0.7375011984394474,116000000,1
1295955420000,1295955479000,0.7374740040413575,0.7376317594730358,0.7373978703949503,0.7375555932528414,90000000,1
1295955480000,1295955539000,0.7375610331754953,0.7376426416458283,0.7375175160410059,0.7375175160410059,110000000,1
1295955540000,1295955599000,0.737512076760257,0.7375229554019869,0.7373706836163607,0.737506637559738,125000000,1
1295955600000,1295955659000,0.7375283948432014,0.7376372005192966,0.7374685654023997,0.7375175160410059,87000000,1
1295955660000,1295955719000,0.7374903204395442,0.7375664731783952,0.7374196212612826,0.7374196212612826,91000000,1
1295955720000,1295955779000,0.7373924328788538,0.7377133835962052,0.7373271889400922,0.7374413734108138,142000000,1
1295955780000,1295955839000,0.7374631268436578,0.7374794427605331,0.7371369600471768,0.7372891353073021,112000000,1
1295955840000,1295955899000,0.7373054435260895,0.7373163160727584,0.7370065740986409,0.7370771940945374,97000000,1
1295955900000,1295955959000,0.7370989260468648,0.7370989260468648,0.7368599450302481,0.7369251063014466,118000000,1
1295955960000,1295956019000,0.7369359676337723,0.7369522602325821,0.7367405126240487,0.7367785096444307,136000000,1
1295956020000,1295956079000,0.7367785096444307,0.7368382271672254,0.7365831381388017,0.7366156928607207,156000000,1
1295956080000,1295956139000,0.7366591036332026,0.7366970922565769,0.7363228039172373,0.736534311450899,138000000,1
1295956140000,1295956199000,0.7365505862942667,0.7366319713008185,0.7364746431780353,0.7365939893930465,96000000,1
1295956200000,1295956259000,0.7365939893930465,0.7365939893930465,0.73618728604557,0.7362089655527826,143000000,1
1295956260000,1295956319000,0.7362198057852153,0.7362198057852153,0.7358893222459342,0.7359218156663035,113000000,1
1295956320000,1295956379000,0.7359272315153478,0.7363011177050968,0.7359272315153478,0.7362577491128094,113000000,1
1295956380000,1295956439000,0.7362469077629874,0.7363824475879793,0.7362469077629874,0.7362523283979885,122000000,1
1295956440000,1295956499000,0.7362523283979885,0.7363932929298881,0.7362523283979885,0.736339069414684,126000000,1
1295956500000,1295956559000,0.736339069414684,0.7363824475879793,0.7358081012471946,0.735818929677785,102000000,1
1295956560000,1295956619000,0.7358026871514135,0.7359813943903498,0.7357431373558864,0.735948895708682,79000000,1
1295956620000,1295956679000,0.7359434795407712,0.735970561177553,0.7359218156663035,0.7359434795407712,26000000,1
1295956680000,1295956739000,0.7359434795407712,0.7360409827619202,0.7358730766117461,0.7359434795407712,86000000,1
1295956740000,1295956799000,0.7359543119563137,0.7359813943903498,0.7356078327522031,0.7356186552890982,137000000,1
1295956800000,1295956859000,0.7356186552890982,0.7356186552890982,0.7344894196799094,0.7348564457933142,201000000,1
1295956860000,1295956919000,0.7348564457933142,0.7353211515129233,0.7347700537116909,0.7351643827559843,120000000,1
1295956920000,1295956979000,0.7351373604157937,0.7354617596658062,0.7350076808302647,0.7354617596658062,117000000,1
1295956980000,1295957039000,0.735456350665588,0.7356240666769653,0.7353265585246408,0.7354238983350002,98000000,1
1295957040000,1295957099000,0.7353427800369142,0.7354725779049328,0.7350292909172431,0.7354238983350002,409000000,1
1295957100000,1295957159000,0.7354184898916729,0.7355320839095001,0.7346405036695293,0.7347322635631576,292000000,1
1295957160000,1295957219000,0.7347214670918255,0.7350022785070633,0.7345811418329268,0.7350022785070633,120000000,1
1295957220000,1295957279000,0.7350130832328816,0.7350346936375397,0.7347322635631576,0.7347916498276914,131000000,1
1295957280000,1295957339000,0.7348078477478139,0.7351319561861354,0.7347646548810416,0.7350509022749826,172000000,1
1295957340000,1295957399000,0.7350454993164077,0.7350725149035953,0.7346459006758742,0.7347322635631576,193000000,1
1295957400000,1295957459000,0.7347160689751445,0.7347214670918255,0.7342467362732573,0.7344786303442501,161000000,1
1295957460000,1295957519000,0.7344516583918446,0.7347754526216789,0.7344246884203259,0.7347160689751445,178000000,1
1295957520000,1295957579000,0.7347592561297291,0.7347592561297291,0.7345217895888883,0.7345595580889699,126000000,1
1295957580000,1295957639000,0.734575745778026,0.7346297098947276,0.7345109993022145,0.7346297098947276,88000000,1
1295957640000,1295957699000,0.7346620921707061,0.7347808516110069,0.7346189164370982,0.7346405036695293,88000000,1
1295957700000,1295957759000,0.7346566949264608,0.7348402457305782,0.7346459006758742,0.7348402457305782,92000000,1
1295957760000,1295957819000,0.7348564457933142,0.7350509022749826,0.734797049055051,0.7350454993164077,102000000,1
1295957820000,1295957879000,0.7350454993164077,0.7352833046572844,0.7348294460855636,0.7351751922483127,138000000,1
1295957880000,1295957939000,0.7350941288031932,0.7352454616973877,0.7350671116272915,0.7352454616973877,105000000,1
1295957940000,1295957999000,0.7352076226326314,0.7353968569138336,0.7351157439738887,0.7351373604157937,77000000,1
1295958000000,1295958059000,0.735126552035933,0.7352346501385918,0.734975268082229,0.7350779182593354,124000000,1
1295958060000,1295958119000,0.7350779182593354,0.735180597113681,0.7349806700083789,0.7350833216945141,87000000,1
1295958120000,1295958179000,0.7350941288031932,0.7351103400620432,0.7349374568224244,0.7349968762632759,97000000,1
1295958180000,1295958239000,0.7349914740989004,0.735023888276369,0.7345487666926207,0.7345595580889699,102000000,1
1295958240000,1295958299000,0.734554162351161,0.7349644644681429,0.7343923270689668,0.7349590627802032,137000000,1
1295958300000,1295958359000,0.7349050502675055,0.7350454993164077,0.7347808516110069,0.7348618459729571,95000000,1
1295958360000,1295958419000,0.734851045693038,0.734975268082229,0.7347106709377846,0.7347700537116909,112000000,1
1295958420000,1295958479000,0.7347754526216789,0.7348726465703493,0.7346620921707061,0.73481864675798,108000000,1
1295958480000,1295958539000,0.7347862506796773,0.7352508675960238,0.7347646548810416,0.7350779182593354,108000000,1
1295958540000,1295958599000,0.7351319561861354,0.7353590022649057,0.7351103400620432,0.7352076226326314,120000000,1
1295958600000,1295958659000,0.7352184333965621,0.7352670857689055,0.7349590627802032,0.7351643827559843,127000000,1
1295958660000,1295958719000,0.735180597113681,0.7352508675960238,0.7350995324766973,0.7352400558782441,70000000,1
1295958720000,1295958779000,0.7352292444784284,0.7352454616973877,0.7350887252091328,0.7350887252091328,74000000,1
1295958780000,1295958839000,0.7350887252091328,0.735126552035933,0.7348240463820938,0.7348348458683911,58000000,1
1295958840000,1295958899000,0.7348348458683911,0.734921253187721,0.7348240463820938,0.7348348458683911,74000000,1
1295958900000,1295958959000,0.7348240463820938,0.7348240463820938,0.7345433711133473,0.7346243131262672,107000000,1
1295958960000,1295959019000,0.7346512977615175,0.734797049055051,0.7346297098947276,0.7347592561297291,88000000,1
1295959020000,1295959079000,0.7347592561297291,0.7349104511615259,0.734672886897109,0.7348672462319682,128000000,1
1295959080000,1295959139000,0.7348402457305782,0.7350833216945141,0.7348078477478139,0.7350833216945141,96000000,1
1295959140000,1295959199000,0.7350833216945141,0.7351049362296468,0.7349158521349305,0.7350130832328816,65000000,1
1295959200000,1295959259000,0.7350563053129869,0.7350563053129869,0.7348456456721266,0.7348888480617307,107000000,1
1295959260000,1295959319000,0.7348942487176096,0.7349860720139353,0.7347646548810416,0.7348402457305782,100000000,1
1295959320000,1295959379000,0.7348402457305782,0.7350184857149157,0.7348348458683911,0.7349482596425211,81000000,1
1295959380000,1295959439000,0.7349536611716632,0.7351319561861354,0.7349050502675055,0.7350617084304227,120000000,1
1295959440000,1295959499000,0.7350671116272915,0.7354076732436626,0.7350671116272915,0.7352454616973877,86000000,1
1295959500000,1295959559000,0.7352292444784284,0.7352292444784284,0.7347538574577517,0.7348672462319682,100000000,1
1295959560000,1295959619000,0.7348618459729571,0.7350941288031932,0.7348618459729571,0.7350130832328816,95000000,1
1295959620000,1295959679000,0.7350130832328816,0.7357702042498087,0.7349644644681429,0.7354942153379964,195000000,1
1295959680000,1295959739000,0.7354888058603748,0.7358622465874388,0.7353427800369142,0.7358622465874388,159000000,1
1295959740000,1295959799000,0.7358730766117461,0.7359218156663035,0.7355158540442339,0.7355970105337492,152000000,1
1295959800000,1295959859000,0.7356132439808446,0.7357539638744803,0.7356024216031719,0.7356781849347821,124000000,1
1295959860000,1295959919000,0.7356944219648928,0.7357214852745344,0.7354671687455872,0.7357160724533187,137000000,1
1295959920000,1295959979000,0.7357431373558864,0.7358081012471946,0.7356294781444482,0.7356727727506805,97000000,1
1295959980000,1295960039000,0.7356619486213695,0.735705247049822,0.7352400558782441,0.7353103377280382,179000000,1
1295960040000,1295960099000,0.7352670857689055,0.7355807778031145,0.7352562735741544,0.7355807778031145,117000000,1
1295960100000,1295960159000,0.7355915995439332,0.7356998344675372,0.7353914488682326,0.7354833964623249,110000000,1
1295960160000,1295960219000,0.7354942153379964,0.7356944219648928,0.7354725779049328,0.7354996248951913,160000000,1
1295960220000,1295960279000,0.7355212639197399,0.7358405874951252,0.7355050345319614,0.7358405874951252,121000000,1
1295960280000,1295960339000,0.7358135154226513,0.7358730766117461,0.7355915995439332,0.7357214852745344,77000000,1
1295960340000,1295960399000,0.7356835971985168,0.7359597282836683,0.7355104442483084,0.7358026871514135,143000000,1
1295960400000,1295960459000,0.7358026871514135,0.7359868111163448,0.735705247049822,0.7357485505753554,128000000,1
1295960460000,1295960519000,0.7357647907117053,0.7359218156663035,0.7357106597117486,0.7358514168819033,155000000,1
1295960520000,1295960579000,0.7358568316948255,0.7363228039172373,0.7358568316948255,0.7359813943903498,198000000,1
1295960580000,1295960639000,0.7359868111163448,0.7362198057852153,0.7359597282836683,0.7361330928631897,140000000,1
1295960640000,1295960699000,0.73618728604557,0.7364204076823376,0.7360734895771994,0.7360734895771994,179000000,1
1295960700000,1295960759000,0.7360680715752592,0.736236066732437,0.7360409827619202,0.7362035455562754,78000000,1
1295960760000,1295960819000,0.7362089655527826,0.7362089655527826,0.7358026871514135,0.7358243440125973,83000000,1
1295960820000,1295960879000,0.7358568316948255,0.7359543119563137,0.7358297584270903,0.7358297584270903,101000000,1
1295960880000,1295960939000,0.7358514168819033,0.7359272315153478,0.7358135154226513,0.7358297584270903,47000000,1
1295960940000,1295960999000,0.735818929677785,0.735818929677785,0.7355861886337223,0.7356024216031719,105000000,1
1295961000000,1295961059000,0.7355970105337492,0.7357431373558864,0.735542904217603,0.7357268981753973,104000000,1
1295961060000,1295961119000,0.7357323111559091,0.7357323111559091,0.7354996248951913,0.7355861886337223,71000000,1
1295961120000,1295961179000,0.7356024216031719,0.7357377242160714,0.735564545788893,0.7356998344675372,81000000,1
1295961180000,1295961239000,0.7356890095418864,0.7357810315650063,0.7355807778031145,0.7356673606462102,47000000,1
1295961240000,1295961299000,0.7356132439808446,0.7356186552890982,0.7353914488682326,0.7354238983350002,113000000,1
1295961300000,1295961359000,0.7354509417449309,0.7354779871438447,0.7351157439738887,0.7351589781290204,120000000,1
1295961360000,1295961419000,0.7351589781290204,0.7353860409021715,0.7351589781290204,0.7353806330156489,105000000,1
1295961420000,1295961479000,0.7353860409021715,0.7354130815278942,0.7349914740989004,0.7350454993164077,119000000,1
1295961480000,1295961539000,0.7350941288031932,0.7351319561861354,0.7348888480617307,0.7349320555314661,104000000,1
1295961540000,1295961599000,0.7349320555314661,0.7349374568224244,0.7347376619178123,0.734851045693038,112000000,1
1295961600000,1295961659000,0.7348240463820938,0.7349320555314661,0.7346998751010212,0.7349104511615259,122000000,1
1295961660000,1295961719000,0.7349104511615259,0.7349482596425211,0.7347754526216789,0.7348888480617307,113000000,1
1295961720000,1295961779000,0.734921253187721,0.7349968762632759,0.7347052729797442,0.734743060351795,90000000,1
1295961780000,1295961839000,0.734743060351795,0.7349428581927756,0.7346890795815211,0.7347754526216789,92000000,1
1295961840000,1295961899000,0.7347646548810416,0.7350130832328816,0.7347538574577517,0.7349914740989004,66000000,1
1295961900000,1295961959000,0.7349914740989004,0.7350454993164077,0.7347754526216789,0.7348888480617307,111000000,1
1295961960000,1295962019000,0.7348348458683911,0.734921253187721,0.7347808516110069,0.7349104511615259,129000000,1
1295962020000,1295962079000,0.7349104511615259,0.7349860720139353,0.7346944773016141,0.7348024483617579,162000000,1
1295962080000,1295962139000,0.73481864675798,0.734921253187721,0.7347376619178123,0.7347592561297291,185000000,1
1295962140000,1295962199000,0.7347538574577517,0.7349698662354843,0.7347376619178123,0.7348294460855636,119000000,1
1295962200000,1295962259000,0.7348294460855636,0.7349536611716632,0.7347376619178123,0.7348402457305782,118000000,1
1295962260000,1295962319000,0.7348402457305782,0.7349374568224244,0.73481864675798,0.7348564457933142,76000000,1
1295962320000,1295962379000,0.7348780469881023,0.7349914740989004,0.7348078477478139,0.7349374568224244,76000000,1
1295962380000,1295962439000,0.7349374568224244,0.7352454616973877,0.7348618459729571,0.7351373604157937,126000000,1
1295962440000,1295962499000,0.7351373604157937,0.735364409833293,0.7351373604157937,0.7353373727866345,113000000,1
1295962500000,1295962559000,0.7353806330156489,0.7354888058603748,0.735304930954867,0.7354509417449309,100000000,1
1295962560000,1295962619000,0.7354455329038331,0.7356132439808446,0.7354076732436626,0.7354725779049328,147000000,1
1295962620000,1295962679000,0.7354942153379964,0.7356348896915483,0.7354725779049328,0.735564545788893,135000000,1
1295962680000,1295962739000,0.7355591352766806,0.7356673606462102,0.7354455329038331,0.7355807778031145,105000000,1
1295962740000,1295962799000,0.7355699563807016,0.7355699563807016,0.735304930954867,0.7353968569138336,100000000,1
1295962800000,1295962859000,0.7353157445807229,0.7355861886337223,0.7352778982816555,0.7354238983350002,126000000,1
1295962860000,1295962919000,0.7354509417449309,0.7357431373558864,0.7353373727866345,0.7356565366761567,97000000,1
1295962920000,1295962979000,0.7356403013182675,0.7357972731353057,0.7354617596658062,0.7356619486213695,112000000,1
1295962980000,1295963039000,0.7356619486213695,0.7357431373558864,0.7354076732436626,0.7354238983350002,133000000,1
1295963040000,1295963099000,0.7354293068578783,0.735456350665588,0.7352184333965621,0.735456350665588,165000000,1
1295963100000,1295963159000,0.7354725779049328,0.7356890095418864,0.7353914488682326,0.7356890095418864,119000000,1
1295963160000,1295963219000,0.7356890095418864,0.7357485505753554,0.7352724919855299,0.7352724919855299,98000000,1
1295963220000,1295963279000,0.7352616796317809,0.7352995242612078,0.7351049362296468,0.7351860020585208,148000000,1
1295963280000,1295963339000,0.7352022173698876,0.7352941176470588,0.7351049362296468,0.7352941176470588,103000000,1
1295963340000,1295963399000,0.7352238388977523,0.7352292444784284,0.7348240463820938,0.7348240463820938,106000000,1
1295963400000,1295963459000,0.7348240463820938,0.7348996494528672,0.7346243131262672,0.7348132472132208,145000000,1
1295963460000,1295963519000,0.7348078477478139,0.7348834474852288,0.7347052729797442,0.7347538574577517,91000000,1
1295963520000,1295963579000,0.734743060351795,0.7349374568224244,0.7346782843792703,0.7348942487176096,93000000,1
1295963580000,1295963639000,0.7348942487176096,0.7349806700083789,0.7348132472132208,0.7349806700083789,94000000,1
1295963640000,1295963699000,0.7350130832328816,0.7350454993164077,0.7348996494528672,0.7350292909172431,76000000,1
1295963700000,1295963759000,0.7350292909172431,0.7350779182593354,0.7348888480617307,0.7350184857149157,122000000,1
1295963760000,1295963819000,0.7350076808302647,0.7350454993164077,0.7347106709377846,0.7347592561297291,97000000,1
1295963820000,1295963879000,0.7347268652878292,0.7348942487176096,0.7347268652878292,0.7348888480617307,52000000,1
1295963880000,1295963939000,0.7348888480617307,0.7350400964372606,0.7348888480617307,0.7350184857149157,86000000,1
1295963940000,1295963999000,0.7350346936375397,0.7350779182593354,0.7348834474852288,0.7349590627802032,111000000,1
1295964000000,1295964059000,0.7349698662354843,0.7350725149035953,0.7348888480617307,0.7350454993164077,115000000,1
1295964060000,1295964119000,0.735023888276369,0.735364409833293,0.7349860720139353,0.735364409833293,91000000,1
1295964120000,1295964179000,0.7353914488682326,0.7355807778031145,0.7353157445807229,0.735564545788893,136000000,1
1295964180000,1295964239000,0.7355699563807016,0.7359055685974376,0.7355537248440626,0.7356998344675372,188000000,1
1295964240000,1295964299000,0.7356781849347821,0.7358081012471946,0.7356781849347821,0.7356781849347821,102000000,1
1295964300000,1295964359000,0.735705247049822,0.7358730766117461,0.735705247049822,0.7357864453421039,69000000,1
1295964360000,1295964419000,0.7357918591988698,0.7359976448075366,0.7357756178675751,0.7359218156663035,141000000,1
1295964420000,1295964479000,0.7359001530672318,0.7359163998969718,0.7356186552890982,0.7356673606462102,122000000,1
1295964480000,1295964539000,0.7356673606462102,0.735867661559745,0.7355861886337223,0.7357756178675751,122000000,1
1295964540000,1295964599000,0.735818929677785,0.7359434795407712,0.7357810315650063,0.7358460021486702,111000000,1
1295964600000,1295964659000,0.7358460021486702,0.7360951623825929,0.7357160724533187,0.7357539638744803,101000000,1
1295964660000,1295964719000,0.7357485505753554,0.7358405874951252,0.7354238983350002,0.7354238983350002,139000000,1
1295964720000,1295964779000,0.7354238983350002,0.7354888058603748,0.7353319656158772,0.7353806330156489,99000000,1
1295964780000,1295964839000,0.7353968569138336,0.7354184898916729,0.7351427647249096,0.7351589781290204,128000000,1
1295964840000,1295964899000,0.7351860020585208,0.7352400558782441,0.735023888276369,0.7350725149035953,104000000,1
1295964900000,1295964959000,0.7350671116272915,0.7353265585246408,0.7350671116272915,0.7352724919855299,72000000,1
1295964960000,1295965019000,0.7352454616973877,0.7352941176470588,0.7350509022749826,0.7350671116272915,82000000,1
1295965020000,1295965079000,0.7350833216945141,0.7354130815278942,0.7350833216945141,0.7352238388977523,162000000,1
1295965080000,1295965139000,0.7352346501385918,0.7356024216031719,0.7352130279748558,0.7355970105337492,126000000,1
1295965140000,1295965199000,0.7355970105337492,0.7356511248105698,0.7351373604157937,0.7352184333965621,146000000,1
1295965200000,1295965259000,0.7351968121866224,0.7352022173698876,0.735023888276369,0.7352022173698876,73000000,1
1295965260000,1295965319000,0.7352130279748558,0.735353594776048,0.7351157439738887,0.7351860020585208,104000000,1
1295965320000,1295965379000,0.7352022173698876,0.7355537248440626,0.7352022173698876,0.7354725779049328,96000000,1
1295965380000,1295965439000,0.7354725779049328,0.7358405874951252,0.7354347154603086,0.7357214852745344,117000000,1
1295965440000,1295965499000,0.7357431373558864,0.7357810315650063,0.7354725779049328,0.7355104442483084,102000000,1
1295965500000,1295965559000,0.7355374940237578,0.7356186552890982,0.7355266738748281,0.7355699563807016,63000000,1
1295965560000,1295965619000,0.7355483144910374,0.7355537248440626,0.7352508675960238,0.7354401241422929,126000000,1
1295965620000,1295965679000,0.7354076732436626,0.7356457130246074,0.7354076732436626,0.7356186552890982,71000000,1
1295965680000,1295965739000,0.7356511248105698,0.7356511248105698,0.7354238983350002,0.735456350665588,55000000,1
1295965740000,1295965799000,0.7354779871438447,0.7357214852745344,0.7354779871438447,0.7356673606462102,105000000,1
1295965800000,1295965859000,0.7356727727506805,0.7357647907117053,0.7354725779049328,0.7355374940237578,115000000,1
1295965860000,1295965919000,0.735542904217603,0.7357756178675751,0.7355050345319614,0.7356132439808446,120000000,1
1295965920000,1295965979000,0.7356294781444482,0.7356673606462102,0.7354347154603086,0.7356565366761567,102000000,1
1295965980000,1295966039000,0.7356565366761567,0.7356565366761567,0.7353373727866345,0.7354238983350002,111000000,1
1295966040000,1295966099000,0.7354942153379964,0.7356294781444482,0.7354833964623249,0.7356240666769653,75000000,1
1295966100000,1295966159000,0.7356078327522031,0.7357268981753973,0.7354347154603086,0.7354671687455872,135000000,1
1295966160000,1295966219000,0.735456350665588,0.7354671687455872,0.7351427647249096,0.7351751922483127,150000000,1
1295966220000,1295966279000,0.735191407082834,0.7352833046572844,0.7351373604157937,0.7352400558782441,106000000,1
1295966280000,1295966339000,0.7352454616973877,0.7354725779049328,0.7352454616973877,0.735456350665588,177000000,1
1295966340000,1295966399000,0.7354888058603748,0.7355699563807016,0.7353427800369142,0.7354184898916729,117000000,1
1295966400000,1295966459000,0.7354401241422929,0.7356078327522031,0.7354076732436626,0.735564545788893,77000000,1
1295966460000,1295966519000,0.7355753670521081,0.7358351729212657,0.7355753670521081,0.7356673606462102,178000000,1
1295966520000,1295966579000,0.7356835971985168,0.7357106597117486,0.735564545788893,0.735705247049822,127000000,1
1295966580000,1295966639000,0.735705247049822,0.7357106597117486,0.7353265585246408,0.7353806330156489,163000000,1
1295966640000,1295966699000,0.7353806330156489,0.7354238983350002,0.7350833216945141,0.7351373604157937,180000000,1
1295966700000,1295966759000,0.735126552035933,0.7352562735741544,0.7350833216945141,0.7350833216945141,139000000,1
1295966760000,1295966819000,0.7350941288031932,0.7351049362296468,0.7348996494528672,0.7348996494528672,144000000,1
1295966820000,1295966879000,0.7349158521349305,0.7350995324766973,0.7349158521349305,0.7349536611716632,97000000,1
1295966880000,1295966939000,0.7349320555314661,0.7349860720139353,0.7347376619178123,0.7348294460855636,130000000,1
1295966940000,1295966999000,0.7348456456721266,0.7348996494528672,0.7343060440730487,0.7344948144666098,191000000,1
1295967000000,1295967059000,0.7344948144666098,0.7345271848511113,0.7343761474627305,0.7344732357952876,109000000,1
1295967060000,1295967119000,0.7345163944059232,0.7345703498024005,0.7342952601240958,0.7343168283387551,134000000,1
1295967120000,1295967179000,0.7343168283387551,0.7346297098947276,0.734198218835121,0.7345595580889699,131000000,1
1295967180000,1295967239000,0.7345811418329268,0.7345865379671052,0.7343168283387551,0.7345056042777607,135000000,1
1295967240000,1295967299000,0.7345379756133392,0.7346135198272189,0.7342521274955394,0.7343222205903951,152000000,1
1295967300000,1295967359000,0.7343383978204837,0.734635106742481,0.7342251721758029,0.7345109993022145,152000000,1
1295967360000,1295967419000,0.7345163944059232,0.7345649539060491,0.7343761474627305,0.734413900986318,118000000,1
1295967420000,1295967479000,0.7344192946637094,0.7346297098947276,0.7343923270689668,0.7346297098947276,95000000,1
1295967480000,1295967539000,0.7346405036695293,0.7347160689751445,0.7345271848511113,0.7345811418329268,83000000,1
1295967540000,1295967599000,0.7345811418329268,0.7345811418329268,0.7341119814416491,0.7341389284508201,151000000,1
1295967600000,1295967659000,0.7341604874825637,0.7357268981753973,0.7341604874825637,0.7357160724533187,204000000,1
1295967660000,1295967719000,0.7357431373558864,0.7358893222459342,0.7354725779049328,0.7354725779049328,171000000,1
1295967720000,1295967779000,0.7354671687455872,0.7358893222459342,0.7353211515129233,0.7358460021486702,181000000,1
1295967780000,1295967839000,0.7358622465874388,0.7359326474441059,0.7355591352766806,0.7355807778031145,140000000,1
1295967840000,1295967899000,0.7355915995439332,0.7357214852745344,0.7352562735741544,0.7352562735741544,150000000,1
1295967900000,1295967959000,0.7352400558782441,0.7354725779049328,0.7352292444784284,0.7354725779049328,137000000,1
1295967960000,1295968019000,0.7354509417449309,0.7357106597117486,0.7353914488682326,0.7355807778031145,159000000,1
1295968020000,1295968079000,0.7355537248440626,0.7355537248440626,0.7352238388977523,0.7352346501385918,164000000,1
1295968080000,1295968139000,0.7352130279748558,0.7353211515129233,0.7348294460855636,0.7351968121866224,163000000,1
1295968140000,1295968199000,0.7352184333965621,0.7352400558782441,0.7348834474852288,0.7351049362296468,132000000,1
1295968200000,1295968259000,0.7351157439738887,0.7352670857689055,0.734975268082229,0.7352670857689055,126000000,1
1295968260000,1295968319000,0.7352454616973877,0.735867661559745,0.7351860020585208,0.7358297584270903,144000000,1
1295968320000,1295968379000,0.7357918591988698,0.7359543119563137,0.7356511248105698,0.7359326474441059,166000000,1
1295968380000,1295968439000,0.7359651446907475,0.736003061772737,0.7357647907117053,0.735818929677785,112000000,1
1295968440000,1295968499000,0.735818929677785,0.7358514168819033,0.7355915995439332,0.7356186552890982,155000000,1
1295968500000,1295968559000,0.7356186552890982,0.7357647907117053,0.7355861886337223,0.7356403013182675,82000000,1
1295968560000,1295968619000,0.7356348896915483,0.7357864453421039,0.7354779871438447,0.7354779871438447,142000000,1
1295968620000,1295968679000,0.7354888058603748,0.7355320839095001,0.7348942487176096,0.7348942487176096,148000000,1
1295968680000,1295968739000,0.7348996494528672,0.7350130832328816,0.7347754526216789,0.73481864675798,150000000,1
1295968740000,1295968799000,0.7348294460855636,0.7348294460855636,0.7343977204294757,0.7346566949264608,176000000,1
1295968800000,1295968859000,0.7346566949264608,0.7346566949264608,0.7340473166900339,0.7341712674732762,162000000,1
1295968860000,1295968919000,0.7341766575873487,0.7342197813493491,0.7336111274135806,0.7338587762171048,174000000,1
1295968920000,1295968979000,0.7338426201116909,0.734063481809907,0.733309867417576,0.7333421334389346,161000000,1
1295968980000,1295969039000,0.7333421334389346,0.7334335692544648,0.7329981088648791,0.7334335692544648,187000000,1
1295969040000,1295969099000,0.7334012951866873,0.7334228109162652,0.7331808317203355,0.7333475113852201,172000000,1
1295969100000,1295969159000,0.733336755571526,0.7333744022998621,0.732965873108948,0.7330625888838389,153000000,1
1295969160000,1295969219000,0.7330572151156398,0.7330787106611637,0.732450486347123,0.7325095043108184,178000000,1
1295969220000,1295969279000,0.7325095043108184,0.7326007326007326,0.732353932008261,0.7325631652589244,145000000,1
1295969280000,1295969339000,0.7325631652589244,0.7328423289729216,0.7325095043108184,0.7328208472874637,145000000,1
1295969340000,1295969399000,0.7328047368498191,0.7330249741608698,0.7328047368498191,0.7329121531493236,136000000,1
1295969400000,1295969459000,0.7329121531493236,0.7329390121447994,0.7325631652589244,0.7326275687754129,184000000,1
1295969460000,1295969519000,0.7326222013831908,0.7329873632978567,0.7326222013831908,0.7329712455380376,138000000,1
1295969520000,1295969579000,0.7329819906324901,0.7332453438920663,0.7329712455380376,0.7332345910750685,120000000,1
1295969580000,1295969639000,0.7332023345162331,0.733336755571526,0.7328745538626154,0.7328745538626154,144000000,1
1295969640000,1295969699000,0.7327832573681357,0.7329282683103805,0.7327241952856525,0.7328584410635242,125000000,1
1295969700000,1295969759000,0.7328584410635242,0.7330679627308248,0.732847699591071,0.7329390121447994,102000000,1
1295969760000,1295969819000,0.732922896511287,0.7330303474563846,0.732493407559332,0.7324987730645551,167000000,1
1295969820000,1295969879000,0.732493407559332,0.7329981088648791,0.7324290276272228,0.7329497562942061,159000000,1
1295969880000,1295969939000,0.7329819906324901,0.7332507204188328,0.7329336401882174,0.7331217055343358,150000000,1
1295969940000,1295969999000,0.7331324550406523,0.7332722273143905,0.7330142278061617,0.7330196009441292,122000000,1
1295970000000,1295970059000,0.7330196009441292,0.7331969586990152,0.7329712455380376,0.7331969586990152,93000000,1
1295970060000,1295970119000,0.7331969586990152,0.7332937354716179,0.7329873632978567,0.7332937354716179,122000000,1
1295970120000,1295970179000,0.7332937354716179,0.7334228109162652,0.733159330185636,0.7332614737089099,146000000,1
1295970180000,1295970239000,0.7332722273143905,0.733336755571526,0.7331754562184276,0.7332345910750685,110000000,1
1295970240000,1295970299000,0.7332345910750685,0.733369023959166,0.733159330185636,0.7332345910750685,129000000,1
1295970300000,1295970359000,0.7332453438920663,0.7334120528936772,0.7332292147848338,0.7333528894103843,101000000,1
1295970360000,1295970419000,0.733369023959166,0.7334981259122884,0.7333044900233924,0.733315244890626,115000000,1
1295970420000,1295970479000,0.7333206224425443,0.7333582675144288,0.7331055818659002,0.7331055818659002,88000000,1
1295970480000,1295970539000,0.7331270802480901,0.7331485798912007,0.732777887694461,0.7328369584334877,138000000,1
1295970540000,1295970599000,0.732847699591071,0.7328638119178313,0.7326651427231697,0.7327564097866945,104000000,1
1295970600000,1295970659000,0.7327564097866945,0.7328047368498191,0.7326222013831908,0.7327080890973037,121000000,1
1295970660000,1295970719000,0.7327134577480785,0.7327510405064775,0.7326168340696132,0.732670510744613,136000000,1
1295970720000,1295970779000,0.732670510744613,0.7326812470234825,0.7324612161786034,0.7325685317861487,136000000,1
1295970780000,1295970839000,0.7325738983920003,0.7327617791455997,0.7324343921893196,0.7327349331379374,177000000,1
1295970840000,1295970899000,0.7327564097866945,0.7330034817665384,0.7326275687754129,0.7329605007586141,127000000,1
1295970900000,1295970959000,0.7329712455380376,0.7330088547469654,0.7326758788447167,0.7327832573681357,117000000,1
1295970960000,1295971019000,0.7327832573681357,0.7331055818659002,0.732606099678386,0.7331055818659002,114000000,1
1295971020000,1295971079000,0.7331217055343358,0.7334228109162652,0.7331217055343358,0.7332668504722238,137000000,1
1295971080000,1295971139000,0.7332776042354114,0.7334012951866873,0.7330787106611637,0.7331002074673588,119000000,1
1295971140000,1295971199000,0.7331109563432425,0.7334981259122884,0.7331002074673588,0.7334981259122884,135000000,1
1295971200000,1295971259000,0.7334766057636591,0.7337241637378843,0.7333905377952814,0.7336165093059254,166000000,1
1295971260000,1295971319000,0.7336165093059254,0.7336972471679286,0.7334550868777551,0.7336541847634699,122000000,1
1295971320000,1295971379000,0.7336111274135806,0.733998825601879,0.7335088864601594,0.733853390769592,159000000,1
1295971380000,1295971439000,0.7338426201116909,0.7339018626429274,0.7336272733275133,0.7336972471679286,169000000,1
1295971440000,1295971499000,0.7336972471679286,0.734063481809907,0.7336703325727617,0.7340149885860668,167000000,1
1295971500000,1295971559000,0.734020376405649,0.734063481809907,0.7335035061467593,0.7336595672875872,117000000,1
1295971560000,1295971619000,0.7335949822103216,0.7336864810928994,0.7334389485419234,0.7335088864601594,115000000,1
1295971620000,1295971679000,0.7335035061467593,0.7336380376649768,0.7334281900459126,0.7336380376649768,90000000,1
1295971680000,1295971739000,0.7336757153338225,0.7338426201116909,0.7335842191362779,0.7337510822828464,146000000,1
1295971740000,1295971799000,0.7337618502538815,0.7338372349012989,0.7336488023183302,0.7337295472888693,147000000,1
1295971800000,1295971859000,0.7337187802658998,0.7338480054011214,0.7337187802658998,0.7338156948500815,142000000,1
1295971860000,1295971919000,0.7338318497699436,0.7339503409199334,0.7336810981738678,0.7339072488018964,116000000,1
1295971920000,1295971979000,0.7339072488018964,0.733939567416019,0.7336757153338225,0.7339072488018964,107000000,1
1295971980000,1295972039000,0.7339234077531668,0.7343923270689668,0.7339234077531668,0.7342143906020557,207000000,1
1295972040000,1295972099000,0.7341766575873487,0.7345002093325597,0.7341766575873487,0.7343653614546309,163000000,1
1295972100000,1295972159000,0.7343491830365338,0.7346998751010212,0.7342898682683976,0.7345919341805627,177000000,1
1295972160000,1295972219000,0.7345919341805627,0.7346243131262672,0.7344786303442501,0.7345703498024005,155000000,1
1295972220000,1295972279000,0.7346135198272189,0.7350022785070633,0.7346081232966274,0.7347700537116909,161000000,1
1295972280000,1295972339000,0.734743060351795,0.7348132472132208,0.7346135198272189,0.7347322635631576,105000000,1
1295972340000,1295972399000,0.7347592561297291,0.7348672462319682,0.7346890795815211,0.7348024483617579,108000000,1
1295972400000,1295972459000,0.7348024483617579,0.7348726465703493,0.7347160689751445,0.7347376619178123,95000000,1
1295972460000,1295972519000,0.7347538574577517,0.734921253187721,0.7347376619178123,0.7348132472132208,101000000,1
1295972520000,1295972579000,0.7348294460855636,0.7350022785070633,0.7347268652878292,0.7350022785070633,152000000,1
1295972580000,1295972639000,0.7350130832328816,0.7352076226326314,0.7349428581927756,0.7350671116272915,156000000,1
1295972640000,1295972699000,0.7351589781290204,0.7352454616973877,0.7350130832328816,0.7352184333965621,149000000,1
1295972700000,1295972759000,0.7352238388977523,0.7354076732436626,0.735191407082834,0.7353157445807229,120000000,1
1295972760000,1295972819000,0.7353157445807229,0.7356403013182675,0.7353157445807229,0.735564545788893,202000000,1
1295972820000,1295972879000,0.7355483144910374,0.7356781849347821,0.7354293068578783,0.7354293068578783,134000000,1
1295972880000,1295972939000,0.7354455329038331,0.7354779871438447,0.7352941176470588,0.7353211515129233,102000000,1
1295972940000,1295972999000,0.7353968569138336,0.7353968569138336,0.7350617084304227,0.7351860020585208,101000000,1
1295973000000,1295973059000,0.7351968121866224,0.7352616796317809,0.7350887252091328,0.7352238388977523,120000000,1
1295973060000,1295973119000,0.7352346501385918,0.7352562735741544,0.7348726465703493,0.7349482596425211,131000000,1
1295973120000,1295973179000,0.7349158521349305,0.7349374568224244,0.7347376619178123,0.7349320555314661,128000000,1
1295973180000,1295973239000,0.7349266543198989,0.7349266543198989,0.7347862506796773,0.7348240463820938,134000000,1
1295973240000,1295973299000,0.734797049055051,0.7348726465703493,0.7347052729797442,0.7347700537116909,106000000,1
1295973300000,1295973359000,0.7347862506796773,0.7348996494528672,0.7347592561297291,0.7348456456721266,89000000,1
1295973360000,1295973419000,0.7348348458683911,0.7350779182593354,0.7348024483617579,0.7350184857149157,71000000,1
1295973420000,1295973479000,0.7350184857149157,0.735023888276369,0.7348780469881023,0.7349482596425211,57000000,1
1295973480000,1295973539000,0.734921253187721,0.7350671116272915,0.7348996494528672,0.7350509022749826,82000000,1
1295973540000,1295973599000,0.7350509022749826,0.7350509022749826,0.7347160689751445,0.7347322635631576,85000000,1
1295973600000,1295973659000,0.7347322635631576,0.7348240463820938,0.734602726845322,0.7347916498276914,84000000,1
1295973660000,1295973719000,0.7348078477478139,0.7349050502675055,0.7347484588651075,0.734851045693038,120000000,1
1295973720000,1295973779000,0.7348834474852288,0.7349644644681429,0.7347646548810416,0.7347646548810416,66000000,1
1295973780000,1295973839000,0.7347538574577517,0.7348078477478139,0.7347484588651075,0.7347754526216789,36000000,1
1295973840000,1295973899000,0.7347484588651075,0.7348780469881023,0.7346459006758742,0.7348294460855636,87000000,1
1295973900000,1295973959000,0.7348402457305782,0.7348726465703493,0.7346081232966274,0.7346998751010212,125000000,1
1295973960000,1295974019000,0.7346998751010212,0.7347214670918255,0.7343168283387551,0.734446264239077,116000000,1
1295974020000,1295974079000,0.734446264239077,0.7345002093325597,0.7343114361663068,0.734446264239077,100000000,1
1295974080000,1295974139000,0.734446264239077,0.7345271848511113,0.7343923270689668,0.7345109993022145,92000000,1
1295974140000,1295974199000,0.7344624469350882,0.7344786303442501,0.7343653614546309,0.7343653614546309,40000000,1
1295974200000,1295974259000,0.7343977204294757,0.7346081232966274,0.7343977204294757,0.7345649539060491,94000000,1
1295974260000,1295974319000,0.7345703498024005,0.7346566949264608,0.7344894196799094,0.7345002093325597,66000000,1
1295974320000,1295974379000,0.7345163944059232,0.7346566949264608,0.7345002093325597,0.7345002093325597,79000000,1
1295974380000,1295974439000,0.7344786303442501,0.7345811418329268,0.734446264239077,0.7345811418329268,80000000,1
1295974440000,1295974499000,0.7345865379671052,0.7345865379671052,0.7342952601240958,0.7343383978204837,74000000,1
1295974500000,1295974559000,0.7343222205903951,0.7345163944059232,0.7342898682683976,0.7344300822561692,98000000,1
1295974560000,1295974619000,0.7344516583918446,0.7345487666926207,0.7343815405855958,0.7343815405855958,60000000,1
1295974620000,1295974679000,0.7343707544190761,0.7344894196799094,0.7342036093449436,0.7342089999339212,107000000,1
1295974680000,1295974739000,0.7342089999339212,0.7343545757633616,0.7341497078084163,0.7342575187969925,104000000,1
1295974740000,1295974799000,0.7342844764918826,0.7343599685693933,0.7338910905621605,0.733961114740141,103000000,1
1295974800000,1295974859000,0.7339718888766561,0.7339718888766561,0.7337833871441151,0.7337941560633411,112000000,1
1295974860000,1295974919000,0.7338049252986586,0.7340473166900339,0.7337941560633411,0.7340311522821028,77000000,1
1295974920000,1295974979000,0.7340473166900339,0.7340796476417691,0.733939567416019,0.733977276063533,56000000,1
1295974980000,1295975039000,0.733988050674535,0.7340473166900339,0.7339234077531668,0.7340042131841836,62000000,1
1295975040000,1295975099000,0.7340096008455791,0.7341604874825637,0.7340096008455791,0.7340850364106178,70000000,1
1295975100000,1295975159000,0.7341065922771987,0.7342036093449436,0.7340742589520356,0.7341281494097609,84000000,1
1295975160000,1295975219000,0.7341443180900501,0.734187438052935,0.7340042131841836,0.7341604874825637,75000000,1
1295975220000,1295975279000,0.7341712674732762,0.7341766575873487,0.7340527049842178,0.7340580933575083,47000000,1
1295975280000,1295975339000,0.7340042131841836,0.734036540338978,0.7339234077531668,0.7339826633294921,72000000,1
1295975340000,1295975399000,0.7339718888766561,0.734020376405649,0.7338695473492631,0.7339557277904998,58000000,1
1295975400000,1295975459000,0.7339557277904998,0.733998825601879,0.7338803187976105,0.733998825601879,91000000,1
1295975460000,1295975519000,0.733998825601879,0.7340796476417691,0.7339665017688592,0.7340580933575083,71000000,1
1295975520000,1295975579000,0.7340580933575083,0.7341658774383484,0.7340257643043271,0.7341281494097609,72000000,1
1295975580000,1295975639000,0.7341281494097609,0.7341281494097609,0.7334981259122884,0.7335842191362779,110000000,1
1295975640000,1295975699000,0.7335896006338215,0.7338049252986586,0.7335196473237536,0.7337726185409665,109000000,1
1295975700000,1295975759000,0.7337564662288587,0.733939567416019,0.7336864810928994,0.7338910905621605,92000000,1
1295975760000,1295975819000,0.7339180213570144,0.733961114740141,0.7337833871441151,0.7339449541284403,95000000,1
1295975820000,1295975879000,0.733928794228384,0.7339449541284403,0.7338803187976105,0.7338803187976105,55000000,1
1295975880000,1295975939000,0.733896476563016,0.733998825601879,0.7338803187976105,0.733896476563016,52000000,1
1295975940000,1295975999000,0.7338803187976105,0.7340257643043271,0.7338803187976105,0.7339072488018964,43000000,1
1295976000000,1295976059000,0.7339072488018964,0.7340149885860668,0.7339072488018964,0.7340149885860668,46000000,1
1295976060000,1295976119000,0.7339934380986635,0.7341119814416491,0.7339934380986635,0.7340796476417691,55000000,1
1295976120000,1295976179000,0.7340796476417691,0.7341281494097609,0.7340473166900339,0.7340850364106178,48000000,1
1295976180000,1295976239000,0.7340850364106178,0.7341173706852252,0.7340850364106178,0.7340958141856675,17000000,1
1295976240000,1295976299000,0.7340904252585834,0.7342197813493491,0.7340904252585834,0.7341820477805676,11000000,1
1295976300000,1295976359000,0.7341820477805676,0.7342575187969925,0.7341173706852252,0.7341173706852252,60000000,1
1295976360000,1295976419000,0.7341335388907242,0.7341497078084163,0.733998825601879,0.733998825601879,71000000,1
1295976420000,1295976479000,0.733998825601879,0.733998825601879,0.7338587762171048,0.733896476563016,55000000,1
1295976480000,1295976539000,0.7339072488018964,0.733977276063533,0.7339072488018964,0.7339449541284403,9000000,1
1295976540000,1295976599000,0.7339449541284403,0.733977276063533,0.7338587762171048,0.7338587762171048,36000000,1
1295976600000,1295976659000,0.7338480054011214,0.7339234077531668,0.733767234357917,0.7338749330339124,89000000,1
1295976660000,1295976719000,0.7338749330339124,0.7339503409199334,0.7338749330339124,0.7338749330339124,28000000,1
1295976720000,1295976779000,0.7338910905621605,0.7342036093449436,0.7338910905621605,0.7342036093449436,33000000,1
1295976780000,1295976839000,0.7342036093449436,0.7343653614546309,0.7341550976059202,0.7343653614546309,56000000,1
1295976840000,1295976899000,0.7343815405855958,0.7344300822561692,0.7342521274955394,0.7343006520589791,55000000,1
1295976900000,1295976959000,0.7343168283387551,0.7344354761712409,0.7342575187969925,0.7342952601240958,83000000,1
1295976960000,1295977019000,0.7342575187969925,0.7342575187969925,0.7341281494097609,0.7342197813493491,56000000,1
1295977020000,1295977079000,0.7342251721758029,0.7342736931763946,0.7342143906020557,0.7342575187969925,26000000,1
1295977080000,1295977139000,0.7342575187969925,0.7342629101776182,0.7341227600079284,0.7341712674732762,57000000,1
1295977140000,1295977199000,0.7341389284508201,0.7345649539060491,0.7341389284508201,0.7344354761712409,89000000,1
1295977200000,1295977259000,0.7344354761712409,0.7345163944059232,0.7344354761712409,0.7345109993022145,39000000,1
1295977260000,1295977319000,0.7345163944059232,0.7346081232966274,0.7345163944059232,0.7345487666926207,23000000,1
1295977320000,1295977379000,0.7345703498024005,0.7346135198272189,0.734554162351161,0.7346135198272189,17000000,1
1295977380000,1295977439000,0.7345649539060491,0.7345865379671052,0.7344624469350882,0.7345109993022145,48000000,1
1295977440000,1295977499000,0.7344786303442501,0.734635106742481,0.7344786303442501,0.7346135198272189,68000000,1
1295977500000,1295977559000,0.7346081232966274,0.7346135198272189,0.7344624469350882,0.7345109993022145,108000000,1
1295977560000,1295977619000,0.7344786303442501,0.7345649539060491,0.734446264239077,0.7345002093325597,74000000,1
1295977620000,1295977679000,0.7345163944059232,0.7347916498276914,0.7345163944059232,0.7347160689751445,79000000,1
1295977680000,1295977739000,0.7347322635631576,0.7348078477478139,0.734667489494255,0.7347808516110069,78000000,1
1295977740000,1295977799000,0.7347916498276914,0.73481864675798,0.7347322635631576,0.7347754526216789,60000000,1
1295977800000,1295977859000,0.7347754526216789,0.7347808516110069,0.7346944773016141,0.7347052729797442,47000000,1
1295977860000,1295977919000,0.7347160689751445,0.7348726465703493,0.7347052729797442,0.7348348458683911,62000000,1
1295977920000,1295977979000,0.7348564457933142,0.7348564457933142,0.7347646548810416,0.7347808516110069,66000000,1
1295977980000,1295978039000,0.7347808516110069,0.7349104511615259,0.734667489494255,0.7348132472132208,60000000,1
1295978040000,1295978099000,0.7347862506796773,0.7348078477478139,0.7347484588651075,0.7348078477478139,31000000,1
1295978100000,1295978159000,0.7348456456721266,0.7348618459729571,0.7346620921707061,0.7346944773016141,65000000,1
1295978160000,1295978219000,0.7346944773016141,0.7346944773016141,0.734446264239077,0.734446264239077,74000000,1
1295978220000,1295978279000,0.7344570526238478,0.7345217895888883,0.7341497078084163,0.7341497078084163,119000000,1
1295978280000,1295978339000,0.7341497078084163,0.7343545757633616,0.7341497078084163,0.7343437903889084,43000000,1
1295978340000,1295978399000,0.7343545757633616,0.7343923270689668,0.7342143906020557,0.7343114361663068,60000000,1
1295978400000,1295978459000,0.7342952601240958,0.7342952601240958,0.733988050674535,0.7341820477805676,91000000,1
1295978460000,1295978519000,0.7341820477805676,0.7341820477805676,0.7339126350399249,0.7339557277904998,70000000,1
1295978520000,1295978579000,0.733961114740141,0.7339718888766561,0.7338587762171048,0.7339180213570144,69000000,1
1295978580000,1295978639000,0.733939567416019,0.7340688703414154,0.7339341807826675,0.7339341807826675,49000000,1
1295978640000,1295978699000,0.7339557277904998,0.734020376405649,0.7339341807826675,0.734020376405649,21000000,1
1295978700000,1295978759000,0.733998825601879,0.7341065922771987,0.7339934380986635,0.7340958141856675,35000000,1
1295978760000,1295978819000,0.7340958141856675,0.7340958141856675,0.733961114740141,0.7339934380986635,44000000,1
1295978820000,1295978879000,0.7340311522821028,0.7341065922771987,0.7339934380986635,0.7340042131841836,55000000,1
1295978880000,1295978939000,0.733998825601879,0.734063481809907,0.7339934380986635,0.734020376405649,31000000,1
1295978940000,1295978999000,0.7340419284749545,0.734413900986318,0.7340419284749545,0.7343276129212286,63000000,1
1295979000000,1295979059000,0.7343006520589791,0.7343923270689668,0.7341550976059202,0.7343707544190761,79000000,1
1295979060000,1295979119000,0.7343330053312577,0.7343707544190761,0.7342790847945487,0.7343437903889084,102000000,1
1295979120000,1295979179000,0.7343545757633616,0.7344246884203259,0.7342952601240958,0.7343923270689668,75000000,1
1295979180000,1295979239000,0.7343869337876741,0.7344408701655429,0.7342089999339212,0.7342844764918826,71000000,1
1295979240000,1295979299000,0.734198218835121,0.7343545757633616,0.7341712674732762,0.7343330053312577,64000000,1
1295979300000,1295979359000,0.7343383978204837,0.7343761474627305,0.7342251721758029,0.7342790847945487,35000000,1
1295979360000,1295979419000,0.7342736931763946,0.7342952601240958,0.7341443180900501,0.734198218835121,31000000,1
1295979420000,1295979479000,0.7341712674732762,0.7341712674732762,0.7341012031918721,0.7341281494097609,20000000,1
1295979480000,1295979539000,0.7341443180900501,0.7342467362732573,0.7341443180900501,0.7342305630814189,28000000,1
1295979540000,1295979599000,0.7342251721758029,0.7342305630814189,0.7341497078084163,0.7341820477805676,41000000,1
1295979600000,1295979659000,0.7341497078084163,0.7341497078084163,0.734020376405649,0.734020376405649,53000000,1
1295979660000,1295979719000,0.7340419284749545,0.7340419284749545,0.7339449541284403,0.7339665017688592,69000000,1
1295979720000,1295979779000,0.733977276063533,0.733977276063533,0.7337349309188563,0.7338749330339124,80000000,1
1295979780000,1295979839000,0.7338749330339124,0.7340742589520356,0.7337026303239297,0.7339072488018964,75000000,1
1295979840000,1295979899000,0.7339072488018964,0.7339072488018964,0.7336757153338225,0.7336972471679286,71000000,1
1295979900000,1295979959000,0.7336972471679286,0.7338049252986586,0.7336595672875872,0.7336864810928994,59000000,1
1295979960000,1295980019000,0.7337026303239297,0.733745698415843,0.7336434199521665,0.733745698415843,46000000,1
1295980020000,1295980079000,0.7337833871441151,0.7339234077531668,0.7337833871441151,0.7338749330339124,46000000,1
1295980080000,1295980139000,0.7338695473492631,0.733998825601879,0.7338264647176236,0.7339234077531668,51000000,1
1295980140000,1295980199000,0.7339126350399249,0.7340796476417691,0.7339126350399249,0.7340580933575083,97000000,1
1295980200000,1295980259000,0.734036540338978,0.7342359540661987,0.7340257643043271,0.7342197813493491,56000000,1
1295980260000,1295980319000,0.7342197813493491,0.7342413451301443,0.7341173706852252,0.7341712674732762,38000000,1
1295980320000,1295980379000,0.734187438052935,0.7342143906020557,0.7341712674732762,0.7341928284044522,36000000,1
1295980380000,1295980439000,0.7341712674732762,0.7341766575873487,0.7341389284508201,0.7341389284508201,18000000,1
1295980440000,1295980499000,0.7341335388907242,0.7341497078084163,0.7340688703414154,0.7340796476417691,36000000,1
1295980500000,1295980559000,0.7340796476417691,0.7340850364106178,0.7340311522821028,0.7340688703414154,26000000,1
1295980560000,1295980619000,0.7340527049842178,0.7340742589520356,0.733928794228384,0.733928794228384,50000000,1
1295980620000,1295980679000,0.733928794228384,0.733961114740141,0.7338641617436613,0.7339126350399249,51000000,1
1295980680000,1295980739000,0.7339126350399249,0.7339126350399249,0.7338103100348561,0.7338210797443367,31000000,1
1295980740000,1295980799000,0.7338210797443367,0.7338426201116909,0.7335788377176895,0.7336003638657804,42000000,1
1295980800000,1295980859000,0.7336003638657804,0.7336003638657804,0.7334389485419234,0.7334819856824317,69000000,1
1295980860000,1295980919000,0.7334927457567445,0.7334927457567445,0.7330518414262256,0.7330733366565991,65000000,1
1295980920000,1295980979000,0.733035720830676,0.7332776042354114,0.7330034817665384,0.7332776042354114,58000000,1
1295980980000,1295981039000,0.7333044900233924,0.7333313777829926,0.7332399674441454,0.7332614737089099,35000000,1
1295981040000,1295981099000,0.7332614737089099,0.7332614737089099,0.7332077104122827,0.7332184624408843,13000000,1
1295981100000,1295981159000,0.7332077104122827,0.7332184624408843,0.7331432048622057,0.7332077104122827,46000000,1
1295981160000,1295981219000,0.7332238385734398,0.733369023959166,0.7331485798912007,0.7333528894103843,69000000,1
1295981220000,1295981279000,0.733336755571526,0.7333528894103843,0.7332668504722238,0.7333313777829926,39000000,1
1295981280000,1295981339000,0.7332991127080737,0.7333959164515371,0.7332991127080737,0.7333959164515371,51000000,1
1295981340000,1295981399000,0.7333959164515371,0.7334066740007334,0.7333421334389346,0.7334012951866873,30000000,1
1295981400000,1295981459000,0.7334120528936772,0.7334604664808567,0.7333582675144288,0.7334604664808567,33000000,1
1295981460000,1295981519000,0.7334604664808567,0.7335035061467593,0.733336755571526,0.7333636456973555,45000000,1
1295981520000,1295981579000,0.7333797807194455,0.7334281900459126,0.733336755571526,0.7333744022998621,35000000,1
1295981580000,1295981639000,0.7333475113852201,0.7333636456973555,0.7332776042354114,0.7332829812352885,32000000,1
1295981640000,1295981699000,0.733336755571526,0.7334604664808567,0.7333206224425443,0.7334604664808567,41000000,1
1295981700000,1295981759000,0.7334604664808567,0.7335088864601594,0.7334604664808567,0.733471225923807,27000000,1
1295981760000,1295981819000,0.733471225923807,0.733471225923807,0.7332937354716179,0.7333582675144288,70000000,1
1295981820000,1295981879000,0.7333475113852201,0.7334550868777551,0.7332991127080737,0.7333744022998621,74000000,1
1295981880000,1295981939000,0.7333744022998621,0.7333744022998621,0.7332399674441454,0.7332722273143905,67000000,1
1295981940000,1295981999000,0.7332722273143905,0.7332829812352885,0.733170080795343,0.7332023345162331,93000000,1
1295982000000,1295982059000,0.7331862073010683,0.7332238385734398,0.7330840847445201,0.7331163308993871,53000000,1
1295982060000,1295982119000,0.7331432048622057,0.7332184624408843,0.7327832573681357,0.7327832573681357,83000000,1
1295982120000,1295982179000,0.7327832573681357,0.732793996951577,0.7324236631437089,0.7324880421327121,73000000,1
1295982180000,1295982239000,0.7324236631437089,0.7327510405064775,0.7323753863280162,0.7325577988103261,87000000,1
1295982240000,1295982299000,0.7325577988103261,0.7325577988103261,0.7323432053197411,0.7323753863280162,82000000,1
1295982300000,1295982359000,0.7323968419048177,0.7325041386483834,0.7323324789454413,0.7324236631437089,61000000,1
1295982360000,1295982419000,0.7324558512235675,0.7327188264775275,0.7324397568300007,0.7327080890973037,85000000,1
1295982420000,1295982479000,0.7327188264775275,0.7327510405064775,0.7325577988103261,0.7327080890973037,117000000,1
1295982480000,1295982539000,0.7327403021821006,0.7327403021821006,0.7326436714239662,0.7326812470234825,24000000,1
1295982540000,1295982599000,0.7326919836170073,0.7327241952856525,0.7323271158761195,0.7323378420933144,97000000,1
1295982600000,1295982659000,0.7323378420933144,0.7323432053197411,0.7321501786446436,0.732230594058681,104000000,1
1295982660000,1295982719000,0.7322145095627215,0.7322949391096758,0.7321340976813313,0.7321394579239453,116000000,1
1295982720000,1295982779000,0.7321448182450488,0.7321448182450488,0.7320269093091862,0.7320858590295469,104000000,1
1295982780000,1295982839000,0.7320858590295469,0.7320858590295469,0.7315931171719536,0.731684117332865,147000000,1
1295982840000,1295982899000,0.731684117332865,0.7318019158574157,0.7315663567263869,0.7317162404419566,88000000,1
1295982900000,1295982959000,0.7317269487717963,0.7317537209676712,0.7314646848850138,0.7316948247225048,93000000,1
1295982960000,1295983019000,0.7317055324255306,0.731967969081673,0.7317055324255306,0.731967969081673,66000000,1
1295983020000,1295983079000,0.7319947589175261,0.732171621027969,0.7319947589175261,0.7320376267340142,74000000,1
1295983080000,1295983139000,0.7320537034596858,0.7320537034596858,0.7316038218983656,0.7316627034936894,93000000,1
1295983140000,1295983199000,0.7316627034936894,0.731823337846244,0.7315610048721962,0.731823337846244,73000000,1
1295983200000,1295983259000,0.7317697852255681,0.7319786847806992,0.7317697852255681,0.731967969081673,52000000,1
1295983260000,1295983319000,0.7319894007934765,0.7320376267340142,0.7318608293446919,0.7318608293446919,44000000,1
1295983320000,1295983379000,0.7318715419069645,0.7320108337603396,0.7318715419069645,0.7320108337603396,46000000,1
1295983380000,1295983439000,0.7320215507144531,0.7320912185658333,0.731967969081673,0.7320269093091862,42000000,1
1295983440000,1295983499000,0.7320215507144531,0.7321984257733846,0.731973326891968,0.7321984257733846,107000000,1
1295983500000,1295983559000,0.7321984257733846,0.732316389973124,0.7321769818200455,0.732305664384314,59000000,1
1295983560000,1295983619000,0.732316389973124,0.7323378420933144,0.7322681272974912,0.7322949391096758,32000000,1
1295983620000,1295983679000,0.7323110271394466,0.7323968419048177,0.7322788517867604,0.732316389973124,46000000,1
1295983680000,1295983739000,0.7322895765901668,0.7324880421327121,0.7322895765901668,0.7324182987387757,84000000,1
1295983740000,1295983799000,0.7324343921893196,0.7325363338021567,0.7322627651706539,0.7322842141491955,79000000,1
1295983800000,1295983859000,0.7322627651706539,0.7324129344124217,0.7322037869579862,0.7322037869579862,55000000,1
1295983860000,1295983919000,0.7321877036397051,0.7323217528853476,0.7321608996793135,0.7322466792613095,54000000,1
1295983920000,1295983979000,0.7322252324815114,0.7323592954703577,0.7322145095627215,0.7323592954703577,34000000,1
1295983980000,1295984039000,0.7323378420933144,0.7323485686247226,0.7320804995717329,0.7321233774315647,57000000,1
1295984040000,1295984099000,0.7321340976813313,0.732316389973124,0.7321340976813313,0.7322681272974912,54000000,1
1295984100000,1295984159000,0.7322681272974912,0.7324558512235675,0.7322145095627215,0.7324236631437089,52000000,1
1295984160000,1295984219000,0.7324343921893196,0.7324773115152758,0.732230594058681,0.732230594058681,107000000,1
1295984220000,1295984279000,0.7322198709828588,0.7322466792613095,0.7321448182450488,0.732171621027969,47000000,1
1295984280000,1295984339000,0.7321608996793135,0.7322413174485783,0.7320644216691068,0.7322145095627215,45000000,1
1295984340000,1295984399000,0.7322252324815114,0.7323485686247226,0.7322252324815114,0.7323217528853476,52000000,1
1295984400000,1295984459000,0.7323432053197411,0.7323485686247226,0.7321662603143922,0.7322574031223456,62000000,1
1295984460000,1295984519000,0.7322788517867604,0.7323217528853476,0.7322198709828588,0.7322466792613095,29000000,1
1295984520000,1295984579000,0.7322466792613095,0.7322466792613095,0.7319894007934765,0.7322037869579862,40000000,1
1295984580000,1295984639000,0.7321930646672914,0.7323324789454413,0.7320269093091862,0.7321340976813313,95000000,1
1295984640000,1295984699000,0.7321287375172051,0.7321287375172051,0.7319251094228039,0.7319572536963841,44000000,1
1295984700000,1295984759000,0.7319572536963841,0.7319572536963841,0.7317537209676712,0.7319143952923266,70000000,1
1295984760000,1295984819000,0.7318983246847348,0.7319251094228039,0.7317912053332943,0.7317912053332943,115000000,1
1295984820000,1295984879000,0.731780495122683,0.7319304666056725,0.7316787637555608,0.7319197523183557,104000000,1
1295984880000,1295984939000,0.7319411812066782,0.7320858590295469,0.7319036814755178,0.7320537034596858,72000000,1
1295984940000,1295984999000,0.7320537034596858,0.7320965781805936,0.7319626113498122,0.732048344472669,88000000,1
1295985000000,1295985059000,0.7320269093091862,0.7321448182450488,0.7317537209676712,0.7318501170960187,102000000,1
1295985060000,1295985119000,0.7318501170960187,0.731967969081673,0.7315824127587973,0.7315877649262194,87000000,1
1295985120000,1295985179000,0.7315984694960018,0.7317055324255306,0.7313523436185851,0.7313897868730161,120000000,1
1295985180000,1295985239000,0.7314004856499224,0.7315449497794392,0.7313042079244123,0.7315021396437584,57000000,1
1295985240000,1295985299000,0.7315074906367041,0.7315235440852663,0.731330949194439,0.731373739294517,74000000,1
1295985300000,1295985359000,0.7313202524517511,0.7314379338341245,0.7311277645768598,0.7311758770454645,107000000,1
1295985360000,1295985419000,0.7311758770454645,0.7311865695650902,0.7311331100940237,0.7311651848385587,51000000,1
1295985420000,1295985479000,0.7311812232661865,0.7314967887290975,0.7311812232661865,0.7314967887290975,113000000,1
1295985480000,1295985539000,0.7314807364548055,0.7315877649262194,0.731411184739837,0.7314700353300027,107000000,1
1295985540000,1295985599000,0.7314539842298521,0.7319197523183557,0.7314272339616293,0.7314593345182975,117000000,1
1295985600000,1295985659000,0.7314432838877674,0.7317055324255306,0.731373739294517,0.7317055324255306,77000000,1
1295985660000,1295985719000,0.7317215945676988,0.731812626695061,0.7316198795753678,0.731812626695061,74000000,1
1295985720000,1295985779000,0.7317965605561654,0.731876898305705,0.731780495122683,0.7318554731811562,50000000,1
1295985780000,1295985839000,0.7318929679723637,0.7318929679723637,0.7318019158574157,0.731823337846244,57000000,1
1295985840000,1295985899000,0.7318179822314594,0.7319626113498122,0.7317912053332943,0.7317912053332943,67000000,1
1295985900000,1295985959000,0.7317965605561654,0.7319572536963841,0.7317965605561654,0.7318822547828505,43000000,1
1295985960000,1295986019000,0.7319090383447145,0.7320161921981714,0.7318876113384029,0.7320161921981714,30000000,1
1295986020000,1295986079000,0.7319894007934765,0.7319894007934765,0.7318715419069645,0.7319840427478681,35000000,1
1295986080000,1295986139000,0.7319572536963841,0.7319947589175261,0.7319518961213869,0.7319840427478681,14000000,1
1295986140000,1295986199000,0.7320108337603396,0.7320912185658333,0.7319894007934765,0.7320108337603396,44000000,1
1295986200000,1295986259000,0.7320269093091862,0.7321072976455429,0.7320269093091862,0.7321019378738295,25000000,1
1295986260000,1295986319000,0.7321180174244089,0.7321180174244089,0.7320429855641124,0.7321180174244089,23000000,1
1295986320000,1295986379000,0.7321555391227311,0.7322198709828588,0.7321555391227311,0.7322037869579862,37000000,1
1295986380000,1295986439000,0.7322252324815114,0.7322681272974912,0.732171621027969,0.7322520411525647,53000000,1
1295986440000,1295986499000,0.7322520411525647,0.7322734895028595,0.7321448182450488,0.7322413174485783,33000000,1
1295986500000,1295986559000,0.7322627651706539,0.7324022059954445,0.732230594058681,0.7323700226302338,43000000,1
1295986560000,1295986619000,0.7323485686247226,0.7323753863280162,0.7321608996793135,0.7321608996793135,42000000,1
1295986620000,1295986679000,0.7321608996793135,0.7323110271394466,0.7321448182450488,0.7322949391096758,56000000,1
1295986680000,1295986739000,0.732305664384314,0.7323968419048177,0.7322949391096758,0.7323753863280162,32000000,1
1295986740000,1295986799000,0.7323753863280162,0.732445121549268,0.7323003017077242,0.7323003017077242,36000000,1
1295986800000,1295986859000,0.732305664384314,0.7326544069162576,0.732305664384314,0.732589998681338,73000000,1
1295986860000,1295986919000,0.732589998681338,0.7328262175907606,0.7325202358715159,0.7326866152809121,114000000,1
1295986920000,1295986979000,0.7326973520317698,0.7327403021821006,0.7320054754009561,0.7320751401923894,205000000,1
1295986980000,1295987039000,0.7320161921981714,0.7322037869579862,0.7319894007934765,0.7321340976813313,127000000,1
1295987040000,1295987099000,0.7321340976813313,0.7323110271394466,0.7320751401923894,0.7322788517867604,124000000,1
1295987100000,1295987159000,0.7322627651706539,0.7322627651706539,0.7321072976455429,0.7321394579239453,61000000,1
1295987160000,1295987219000,0.7321287375172051,0.7321287375172051,0.7320108337603396,0.7320269093091862,35000000,1
1295987220000,1295987279000,0.7320322679823726,0.7320590625251645,0.7319036814755178,0.7319036814755178,52000000,1
1295987280000,1295987339000,0.7319090383447145,0.7319304666056725,0.7317055324255306,0.7317108863945678,100000000,1
1295987340000,1295987399000,0.7317108863945678,0.7318983246847348,0.7315128417079362,0.7316734102565978,172000000,1
1295987400000,1295987459000,0.7316894709885124,0.7320751401923894,0.731684117332865,0.732048344472669,113000000,1
1295987460000,1295987519000,0.7320858590295469,0.7323700226302338,0.7320429855641124,0.732353932008261,98000000,1
1295987520000,1295987579000,0.7323271158761195,0.7323968419048177,0.7321180174244089,0.7323914778927632,86000000,1
1295987580000,1295987639000,0.7323914778927632,0.7323968419048177,0.7321877036397051,0.7322895765901668,83000000,1
1295987640000,1295987699000,0.7322788517867604,0.7322788517867604,0.7321501786446436,0.732171621027969,62000000,1
1295987700000,1295987759000,0.7321501786446436,0.7321555391227311,0.7320108337603396,0.7320751401923894,32000000,1
1295987760000,1295987819000,0.7320590625251645,0.7323324789454413,0.7319894007934765,0.7323324789454413,66000000,1
1295987820000,1295987879000,0.7322949391096758,0.7324182987387757,0.7322734895028595,0.7323432053197411,66000000,1
1295987880000,1295987939000,0.7323324789454413,0.732589998681338,0.7322734895028595,0.7325792650764813,66000000,1
1295987940000,1295987999000,0.7325846318395933,0.7326866152809121,0.7323968419048177,0.7324075701646453,61000000,1
1295988000000,1295988059000,0.7323700226302338,0.7325041386483834,0.7323700226302338,0.7324236631437089,47000000,1
1295988060000,1295988119000,0.7324236631437089,0.7324880421327121,0.7323271158761195,0.7323271158761195,43000000,1
1295988120000,1295988179000,0.7323271158761195,0.7325363338021567,0.7323110271394466,0.7325363338021567,26000000,1
1295988180000,1295988239000,0.7325363338021567,0.7328047368498191,0.7324612161786034,0.7325309677466615,100000000,1
1295988240000,1295988299000,0.7325470661490001,0.7328208472874637,0.7325148700518621,0.7328208472874637,72000000,1
1295988300000,1295988359000,0.7327349331379374,0.7327617791455997,0.7326168340696132,0.7326329362462819,58000000,1
1295988360000,1295988419000,0.7326168340696132,0.7326597747803852,0.7325256017697819,0.7325738983920003,68000000,1
1295988420000,1295988479000,0.7325738983920003,0.7325738983920003,0.7324665812122322,0.732482676784694,42000000,1
1295988480000,1295988539000,0.732482676784694,0.7327080890973037,0.732450486347123,0.7327027205252012,74000000,1
1295988540000,1295988599000,0.7327241952856525,0.7327295641724553,0.7323110271394466,0.7323324789454413,98000000,1
1295988600000,1295988659000,0.732353932008261,0.7324773115152758,0.7322734895028595,0.7323968419048177,73000000,1
1295988660000,1295988719000,0.7323807501043642,0.7324075701646453,0.7323003017077242,0.7323592954703577,54000000,1
1295988720000,1295988779000,0.7323753863280162,0.7325953656017171,0.7323753863280162,0.7325256017697819,40000000,1
1295988780000,1295988839000,0.7325416999362688,0.7325631652589244,0.7323432053197411,0.732493407559332,37000000,1
1295988840000,1295988899000,0.7325041386483834,0.7325256017697819,0.732450486347123,0.7325256017697819,31000000,1
1295988900000,1295988959000,0.7325416999362688,0.7326597747803852,0.7325202358715159,0.7325953656017171,88000000,1
1295988960000,1295989019000,0.7325846318395933,0.7327080890973037,0.7325846318395933,0.7326919836170073,32000000,1
1295989020000,1295989079000,0.7326919836170073,0.7326919836170073,0.7326007326007326,0.732606099678386,20000000,1
1295989080000,1295989139000,0.7325685317861487,0.7325685317861487,0.7324290276272228,0.7324719463244558,80000000,1
1295989140000,1295989199000,0.7324075701646453,0.732482676784694,0.7323914778927632,0.7324290276272228,122000000,1
1295989200000,1295989259000,0.7324290276272228,0.7325363338021567,0.7323110271394466,0.7323110271394466,159000000,1
1295989260000,1295989319000,0.7323110271394466,0.7324129344124217,0.7322413174485783,0.7322413174485783,97000000,1
1295989320000,1295989379000,0.7322413174485783,0.7322413174485783,0.7321662603143922,0.7321930646672914,83000000,1
1295989380000,1295989439000,0.7321930646672914,0.7322949391096758,0.7321877036397051,0.7322520411525647,59000000,1
1295989440000,1295989499000,0.7322520411525647,0.732493407559332,0.7322520411525647,0.732353932008261,96000000,1
1295989500000,1295989559000,0.7323485686247226,0.7323485686247226,0.7321072976455429,0.7322091482210978,123000000,1
1295989560000,1295989619000,0.7322091482210978,0.7323700226302338,0.7321823426906237,0.7321823426906237,65000000,1
1295989620000,1295989679000,0.7321823426906237,0.7324880421327121,0.7321823426906237,0.7324880421327121,58000000,1
1295989680000,1295989739000,0.7324880421327121,0.7327671485831947,0.7324880421327121,0.7327403021821006,105000000,1
1295989740000,1295989799000,0.7327403021821006,0.7328799249530957,0.7326973520317698,0.7328262175907606,97000000,1
1295989800000,1295989859000,0.7328262175907606,0.7328584410635242,0.7327295641724553,0.7327564097866945,114000000,1
1295989860000,1295989919000,0.7327564097866945,0.7327564097866945,0.7325685317861487,0.7326812470234825,165000000,1
1295989920000,1295989979000,0.7326812470234825,0.7326812470234825,0.732450486347123,0.7326007326007326,90000000,1
1295989980000,1295990039000,0.732606099678386,0.7326597747803852,0.732606099678386,0.7326597747803852,8000000,1
1295990040000,1295990099000,0.732670510744613,0.7329712455380376,0.732670510744613,0.7329336401882174,74000000,1
1295990100000,1295990159000,0.7329605007586141,0.7330840847445201,0.7329282683103805,0.7329551284870339,43000000,1
1295990160000,1295990219000,0.7328906673702417,0.7329390121447994,0.7328154770628755,0.7328799249530957,36000000,1
1295990220000,1295990279000,0.7328691828508611,0.7328691828508611,0.7328315879727679,0.732853070287938,13000000,1
1295990280000,1295990339000,0.732853070287938,0.7329282683103805,0.7327617791455997,0.7327832573681357,36000000,1
1295990340000,1295990399000,0.732793996951577,0.7329605007586141,0.7327349331379374,0.7329121531493236,43000000,1
1295990400000,1295990459000,0.7329121531493236,0.7329712455380376,0.7328369584334877,0.7328423289729216,43000000,1
1295990460000,1295990519000,0.732847699591071,0.7328691828508611,0.7326383037957991,0.7326383037957991,26000000,1
1295990520000,1295990579000,0.7326436714239662,0.7327027205252012,0.7326222013831908,0.7326812470234825,33000000,1
1295990580000,1295990639000,0.7327188264775275,0.732793996951577,0.7326866152809121,0.7327832573681357,44000000,1
1295990640000,1295990699000,0.7327671485831947,0.732922896511287,0.7327564097866945,0.7328906673702417,55000000,1
1295990700000,1295990759000,0.7329121531493236,0.7329497562942061,0.7328852961223039,0.7329282683103805,44000000,1
1295990760000,1295990819000,0.7329121531493236,0.7329390121447994,0.7328584410635242,0.7328584410635242,25000000,1
1295990820000,1295990879000,0.7328638119178313,0.7329443841801284,0.7328262175907606,0.7329121531493236,25000000,1
1295990880000,1295990939000,0.7329282683103805,0.7329282683103805,0.7327886271205072,0.7328154770628755,44000000,1
1295990940000,1295990999000,0.7328423289729216,0.73290678158645,0.7328154770628755,0.732847699591071,41000000,1
1295991000000,1295991059000,0.7328745538626154,0.7331969586990152,0.732853070287938,0.7329927360419858,71000000,1
1295991060000,1295991119000,0.7330088547469654,0.7332883583140234,0.7330088547469654,0.7332883583140234,70000000,1
1295991120000,1295991179000,0.7332776042354114,0.7333528894103843,0.7331862073010683,0.7333475113852201,59000000,1
1295991180000,1295991239000,0.733369023959166,0.7334228109162652,0.7331647054510796,0.7332560970244467,43000000,1
1295991240000,1295991299000,0.7332077104122827,0.7332883583140234,0.7332077104122827,0.7332130863871658,25000000,1
1295991300000,1295991359000,0.7332507204188328,0.7334550868777551,0.7331324550406523,0.7331324550406523,90000000,1
1295991360000,1295991419000,0.7331324550406523,0.733159330185636,0.7329873632978567,0.7331432048622057,46000000,1
1295991420000,1295991479000,0.7331432048622057,0.7331539549990103,0.7331109563432425,0.7331109563432425,15000000,1
1295991480000,1295991539000,0.7330840847445201,0.7330894589066703,0.733035720830676,0.7330787106611637,17000000,1
1295991540000,1295991599000,0.7331002074673588,0.7332130863871658,0.7331002074673588,0.7331163308993871,41000000,1
1295991600000,1295991659000,0.7331163308993871,0.7331485798912007,0.7329497562942061,0.7331109563432425,64000000,1
1295991660000,1295991719000,0.7331217055343358,0.7332722273143905,0.7331217055343358,0.7331754562184276,35000000,1
1295991720000,1295991779000,0.7331270802480901,0.7332991127080737,0.7330787106611637,0.7331324550406523,53000000,1
1295991780000,1295991839000,0.733159330185636,0.7332238385734398,0.7331378299120234,0.7332238385734398,21000000,1
1295991840000,1295991899000,0.7332077104122827,0.733309867417576,0.7331754562184276,0.7331915829606277,25000000,1
1295991900000,1295991959000,0.7331862073010683,0.7334443279082902,0.7331808317203355,0.7332722273143905,48000000,1
1295991960000,1295992019000,0.7332614737089099,0.7334443279082902,0.7332507204188328,0.733385159217918,46000000,1
1295992020000,1295992079000,0.7334120528936772,0.7335088864601594,0.7332184624408843,0.7333959164515371,73000000,1
1295992080000,1295992139000,0.733336755571526,0.7334281900459126,0.7331217055343358,0.7331862073010683,86000000,1
1295992140000,1295992199000,0.7331754562184276,0.7331754562184276,0.7330894589066703,0.7331055818659002,34000000,1
1295992200000,1295992259000,0.7331055818659002,0.7331055818659002,0.7329497562942061,0.7329551284870339,19000000,1
1295992260000,1295992319000,0.7329551284870339,0.7331432048622057,0.73290678158645,0.7330787106611637,64000000,1
1295992320000,1295992379000,0.7331002074673588,0.7331808317203355,0.7330840847445201,0.7331432048622057,31000000,1
1295992380000,1295992439000,0.7330894589066703,0.7331647054510796,0.7330518414262256,0.7331002074673588,29000000,1
1295992440000,1295992499000,0.7330787106611637,0.7331432048622057,0.733035720830676,0.7331163308993871,42000000,1
1295992500000,1295992559000,0.7330894589066703,0.7331754562184276,0.7330196009441292,0.7331754562184276,41000000,1
1295992560000,1295992619000,0.7331539549990103,0.7332077104122827,0.7331270802480901,0.7331754562184276,15000000,1
1295992620000,1295992679000,0.7331378299120234,0.7331378299120234,0.7330787106611637,0.7331109563432425,10000000,1
1295992680000,1295992739000,0.733094833147616,0.7332883583140234,0.733094833147616,0.7332345910750685,33000000,1
1295992740000,1295992799000,0.7332345910750685,0.733309867417576,0.7329981088648791,0.7329981088648791,100000000,1
1295992800000,1295992859000,0.7329712455380376,0.7330142278061617,0.7327564097866945,0.7329443841801284,115000000,1
1295992860000,1295992919000,0.7329443841801284,0.7329497562942061,0.7328423289729216,0.7328906673702417,31000000,1
1295992920000,1295992979000,0.7328906673702417,0.7329551284870339,0.732670510744613,0.7326919836170073,102000000,1
1295992980000,1295993039000,0.732670510744613,0.732847699591071,0.7324397568300007,0.7328262175907606,109000000,1
1295993040000,1295993099000,0.7328584410635242,0.7329712455380376,0.7328262175907606,0.7329712455380376,20000000,1
1295993100000,1295993159000,0.7329497562942061,0.7330733366565991,0.7329390121447994,0.7330410942837455,17000000,1
1295993160000,1295993219000,0.7330196009441292,0.7330196009441292,0.7329336401882174,0.7329336401882174,10000000,1
1295993220000,1295993279000,0.73290678158645,0.7330034817665384,0.73290678158645,0.7330034817665384,5000000,1
1295993280000,1295993339000,0.7330196009441292,0.7330196009441292,0.732901410102313,0.7329390121447994,15000000,1
1295993340000,1295993399000,0.7329390121447994,0.7329443841801284,0.732853070287938,0.732853070287938,14000000,1
1295993400000,1295993459000,0.7328638119178313,0.732901410102313,0.7327456713049467,0.732901410102313,34000000,1
1295993460000,1295993519000,0.732922896511287,0.732922896511287,0.7328906673702417,0.7328906673702417,43000000,1
1295993520000,1295993579000,0.7328906673702417,0.7328906673702417,0.7328262175907606,0.7328584410635242,20000000,1
1295993580000,1295993639000,0.7328584410635242,0.7329443841801284,0.7328584410635242,0.7328852961223039,8000000,1
1295993640000,1295993699000,0.7328691828508611,0.7328691828508611,0.7328101069169946,0.7328101069169946,8000000,1
1295993700000,1295993759000,0.7328101069169946,0.732847699591071,0.7327134577480785,0.7328315879727679,15000000,1
1295993760000,1295993819000,0.7328315879727679,0.7328638119178313,0.7328315879727679,0.7328423289729216,5000000,1
1295993820000,1295993879000,0.7328691828508611,0.7329712455380376,0.7328691828508611,0.7329282683103805,30000000,1
1295993880000,1295993939000,0.73290678158645,0.7329927360419858,0.7327403021821006,0.7327510405064775,31000000,1
1295993940000,1295993999000,0.7327564097866945,0.7330410942837455,0.7327510405064775,0.7330410942837455,21000000,1
1295994000000,1295994059000,0.7330142278061617,0.7330410942837455,0.7329927360419858,0.7330410942837455,8000000,1
1295994060000,1295994119000,0.7331378299120234,0.733159330185636,0.7330303474563846,0.7330303474563846,17000000,1
1295994120000,1295994179000,0.7334604664808567,0.7334604664808567,0.7332023345162331,0.7332023345162331,26000000,1
1295994180000,1295994239000,0.7330034817665384,0.7331002074673588,0.7330034817665384,0.7331002074673588,17000000,1
1295994240000,1295994299000,0.7331055818659002,0.7331324550406523,0.7331055818659002,0.7331324550406523,5000000,1
1295994300000,1295994359000,0.733094833147616,0.7331163308993871,0.7330572151156398,0.7330625888838389,24000000,1
1295994360000,1295994419000,0.7330894589066703,0.7330894589066703,0.7328262175907606,0.7328852961223039,90000000,1
1295994420000,1295994479000,0.7328906673702417,0.7328906673702417,0.7327832573681357,0.7328208472874637,44000000,1
1295994480000,1295994539000,0.7328208472874637,0.732901410102313,0.7327456713049467,0.7327993668613471,23000000,1
1295994540000,1295994599000,0.7327725180994813,0.7330518414262256,0.7327725180994813,0.7328906673702417,72000000,1
1295994600000,1295994659000,0.732901410102313,0.7329282683103805,0.7327510405064775,0.7327671485831947,77000000,1
1295994660000,1295994719000,0.7327725180994813,0.732847699591071,0.7327671485831947,0.7328423289729216,21000000,1
1295994720000,1295994779000,0.732847699591071,0.7328638119178313,0.732847699591071,0.7328638119178313,3000000,1
1295994780000,1295994839000,0.7328047368498191,0.7328154770628755,0.7327993668613471,0.7328154770628755,12000000,1
1295994840000,1295994899000,0.7328262175907606,0.7328262175907606,0.7327993668613471,0.7327993668613471,6000000,1
1295994900000,1295994959000,0.732777887694461,0.7328262175907606,0.732777887694461,0.7328154770628755,13000000,1
1295994960000,1295995019000,0.7328154770628755,0.7328584410635242,0.7327564097866945,0.7328047368498191,97000000,1
1295995020000,1295995079000,0.7328047368498191,0.732847699591071,0.7328047368498191,0.732847699591071,7000000,1
1295995080000,1295995139000,0.732847699591071,0.7328638119178313,0.7328154770628755,0.7328638119178313,10000000,1
1295995140000,1295995199000,0.7328691828508611,0.7328906673702417,0.7328638119178313,0.7328906673702417,11000000,1
1295995200000,1295995259000,0.7328691828508611,0.7329390121447994,0.7328423289729216,0.7328423289729216,28000000,1
1295995260000,1295995319000,0.732847699591071,0.7330625888838389,0.7328315879727679,0.7330464678155948,57000000,1
1295995320000,1295995379000,0.7330464678155948,0.7331432048622057,0.7328154770628755,0.7329712455380376,75000000,1
1295995380000,1295995439000,0.7329712455380376,0.7330303474563846,0.7329443841801284,0.7330303474563846,12000000,1
1295995440000,1295995499000,0.7330464678155948,0.7331378299120234,0.7330303474563846,0.7331378299120234,17000000,1
1295995500000,1295995559000,0.7331378299120234,0.7331485798912007,0.7331055818659002,0.7331485798912007,11000000,1
1295995560000,1295995619000,0.7332130863871658,0.7332345910750685,0.7329873632978567,0.7330625888838389,99000000,1
1295995620000,1295995679000,0.7330625888838389,0.733170080795343,0.7329873632978567,0.7330787106611637,128000000,1
1295995680000,1295995739000,0.7330787106611637,0.7331485798912007,0.7330464678155948,0.7331217055343358,101000000,1
1295995740000,1295995799000,0.7331217055343358,0.7331378299120234,0.7330088547469654,0.7330518414262256,104000000,1
1295995800000,1295995859000,0.7330196009441292,0.7330196009441292,0.732922896511287,0.732965873108948,47000000,1
1295995860000,1295995919000,0.732965873108948,0.7330196009441292,0.732965873108948,0.7330196009441292,17000000,1
1295995920000,1295995979000,0.7330249741608698,0.7330518414262256,0.7329282683103805,0.732965873108948,64000000,1
1295995980000,1295996039000,0.7329712455380376,0.7330787106611637,0.7328262175907606,0.7328799249530957,45000000,1
1295996040000,1295996099000,0.7328960386969109,0.7329819906324901,0.7328315879727679,0.7329605007586141,36000000,1
1295996100000,1295996159000,0.7329605007586141,0.7330733366565991,0.7328047368498191,0.7328745538626154,53000000,1
1295996160000,1295996219000,0.7328745538626154,0.7329819906324901,0.7328745538626154,0.7329497562942061,23000000,1
1295996220000,1295996279000,0.7329282683103805,0.7330410942837455,0.732853070287938,0.7330410942837455,35000000,1
1295996280000,1295996339000,0.7330410942837455,0.7330625888838389,0.7328369584334877,0.7328369584334877,61000000,1
1295996340000,1295996399000,0.7327564097866945,0.7329981088648791,0.7327564097866945,0.7329981088648791,31000000,1
1295996400000,1295996459000,0.7329766180458843,0.7329766180458843,0.7327241952856525,0.7328369584334877,99000000,1
1295996460000,1295996519000,0.7328369584334877,0.7331109563432425,0.732777887694461,0.7330249741608698,71000000,1
1295996520000,1295996579000,0.7330464678155948,0.7331432048622057,0.7328584410635242,0.7330787106611637,87000000,1
1295996580000,1295996639000,0.7330410942837455,0.7330894589066703,0.732777887694461,0.7330303474563846,78000000,1
1295996640000,1295996699000,0.7330303474563846,0.7330464678155948,0.732847699591071,0.7329497562942061,72000000,1
1295996700000,1295996759000,0.7329551284870339,0.7330249741608698,0.7328745538626154,0.732901410102313,53000000,1
1295996760000,1295996819000,0.7329443841801284,0.7329766180458843,0.7327832573681357,0.7328799249530957,75000000,1
1295996820000,1295996879000,0.73290678158645,0.7329605007586141,0.732847699591071,0.7328799249530957,33000000,1
1295996880000,1295996939000,0.73290678158645,0.7329551284870339,0.7328423289729216,0.7328852961223039,19000000,1
1295996940000,1295996999000,0.732922896511287,0.7329390121447994,0.7328584410635242,0.7328852961223039,21000000,1
1295997000000,1295997059000,0.7328852961223039,0.7330196009441292,0.7328852961223039,0.7330196009441292,14000000,1
1295997060000,1295997119000,0.7329927360419858,0.7329927360419858,0.7328852961223039,0.7329819906324901,25000000,1
1295997120000,1295997179000,0.7329819906324901,0.7330249741608698,0.7329819906324901,0.7330249741608698,7000000,1
1295997180000,1295997239000,0.7330142278061617,0.7330142278061617,0.7330034817665384,0.7330034817665384,6000000,1
1295997240000,1295997299000,0.7330142278061617,0.7330196009441292,0.7330034817665384,0.7330034817665384,9000000,1
1295997300000,1295997359000,0.7329819906324901,0.7329981088648791,0.7329336401882174,0.7329336401882174,14000000,1
1295997360000,1295997419000,0.7329443841801284,0.7329819906324901,0.7329443841801284,0.7329819906324901,5000000,1
1295997420000,1295997479000,0.7329819906324901,0.7330410942837455,0.7329819906324901,0.7330410942837455,7000000,1
1295997480000,1295997539000,0.7330464678155948,0.7330518414262256,0.733035720830676,0.7330518414262256,7000000,1
1295997540000,1295997599000,0.7330733366565991,0.7330787106611637,0.7330249741608698,0.7330787106611637,10000000,1
1295997600000,1295997659000,0.7331002074673588,0.7331002074673588,0.7330572151156398,0.7330572151156398,5000000,1
1295997660000,1295997719000,0.7330572151156398,0.7330572151156398,0.7329443841801284,0.7330088547469654,22000000,1
1295997720000,1295997779000,0.7330088547469654,0.7330088547469654,0.7330034817665384,0.7330034817665384,9000000,1
1295997780000,1295997839000,0.7330034817665384,0.7330142278061617,0.7330034817665384,0.7330142278061617,15000000,1
1295997840000,1295997899000,0.7330142278061617,0.7330142278061617,0.7327241952856525,0.7329766180458843,59000000,1
1295997900000,1295997959000,0.7329766180458843,0.7329766180458843,0.7326866152809121,0.7327027205252012,53000000,1
1295997960000,1295998019000,0.7327349331379374,0.7329443841801284,0.7327349331379374,0.7329282683103805,59000000,1
1295998020000,1295998079000,0.7329282683103805,0.7329282683103805,0.7328584410635242,0.7328584410635242,23000000,1
1295998080000,1295998139000,0.7328584410635242,0.732901410102313,0.7328315879727679,0.7328691828508611,23000000,1
1295998140000,1295998199000,0.7328638119178313,0.732901410102313,0.7328638119178313,0.732901410102313,5000000,1
1295998200000,1295998259000,0.732901410102313,0.73290678158645,0.7328584410635242,0.7328584410635242,22000000,1
1295998260000,1295998319000,0.7328638119178313,0.7329336401882174,0.7328638119178313,0.7329121531493236,31000000,1
1295998320000,1295998379000,0.7329175247909353,0.7329766180458843,0.7328960386969109,0.7328960386969109,29000000,1
1295998380000,1295998439000,0.73290678158645,0.73290678158645,0.73290678158645,0.73290678158645,2000000,1
1295998440000,1295998499000,0.7329121531493236,0.7329121531493236,0.7329121531493236,0.7329121531493236,5000000,1
1295998500000,1295998559000,0.732901410102313,0.73290678158645,0.732853070287938,0.7328691828508611,27000000,1
1295998560000,1295998619000,0.7328691828508611,0.7328799249530957,0.7328423289729216,0.7328799249530957,9000000,1
1295998620000,1295998679000,0.7328960386969109,0.7328960386969109,0.7328960386969109,0.7328960386969109,2000000,1
1295998680000,1295998739000,0.73290678158645,0.7329605007586141,0.73290678158645,0.7329336401882174,9000000,1
1295998740000,1295998799000,0.7329497562942061,0.7329497562942061,0.7329336401882174,0.7329336401882174,8000000,1
1295998800000,1295998859000,0.7331915829606277,0.7332614737089099,0.7331378299120234,0.7331915829606277,15000000,1
1295998860000,1295998919000,0.7329336401882174,0.7330142278061617,0.7329336401882174,0.7329981088648791,19000000,1
1295998920000,1295998979000,0.7329981088648791,0.7330196009441292,0.7329873632978567,0.7329927360419858,9000000,1
1295998980000,1295999039000,0.7329873632978567,0.7329927360419858,0.7329766180458843,0.7329766180458843,8000000,1
1295999040000,1295999099000,0.7330142278061617,0.7330518414262256,0.7330034817665384,0.7330034817665384,14000000,1
1295999100000,1295999159000,0.7330249741608698,0.7330249741608698,0.7329927360419858,0.7329927360419858,8000000,1
1295999160000,1295999219000,0.7329712455380376,0.7329712455380376,0.7329551284870339,0.7329551284870339,10000000,1
1295999220000,1295999279000,0.7329712455380376,0.7329981088648791,0.732922896511287,0.7329282683103805,23000000,1
1295999280000,1295999339000,0.7329282683103805,0.7329282683103805,0.7328852961223039,0.73290678158645,9000000,1
1295999340000,1295999399000,0.7329443841801284,0.7330034817665384,0.7328960386969109,0.7329443841801284,77000000,1
1295999400000,1295999459000,0.7329443841801284,0.7329443841801284,0.7328101069169946,0.7328369584334877,61000000,1
1295999460000,1295999519000,0.7327993668613471,0.7328638119178313,0.7327993668613471,0.7328047368498191,37000000,1
1295999520000,1295999579000,0.7328047368498191,0.7328691828508611,0.7328047368498191,0.7328691828508611,10000000,1
1295999580000,1295999639000,0.7328691828508611,0.7328691828508611,0.732847699591071,0.732847699591071,16000000,1
1295999640000,1295999699000,0.7328315879727679,0.7328315879727679,0.7328208472874637,0.7328208472874637,4000000,1
1295999700000,1295999759000,0.7328369584334877,0.7328852961223039,0.7328047368498191,0.7328208472874637,42000000,1
1295999760000,1295999819000,0.7328369584334877,0.7328906673702417,0.7328262175907606,0.7328906673702417,15000000,1
1295999820000,1295999879000,0.7328638119178313,0.7328638119178313,0.7328423289729216,0.7328423289729216,16000000,1
1295999880000,1295999939000,0.7328154770628755,0.7328154770628755,0.732777887694461,0.732777887694461,7000000,1
1295999940000,1295999999000,0.7327886271205072,0.7328584410635242,0.7325470661490001,0.7326544069162576,55000000,1
1296000000000,1296000059000,0.7326436714239662,0.7326436714239662,0.7325470661490001,0.7325846318395933,51000000,1
1296000060000,1296000119000,0.7325685317861487,0.7325953656017171,0.7325041386483834,0.7325953656017171,52000000,1
1296000120000,1296000179000,0.7326168340696132,0.732853070287938,0.7325631652589244,0.732777887694461,91000000,1
1296000180000,1296000239000,0.7327617791455997,0.7328691828508611,0.7327456713049467,0.7328262175907606,51000000,1
1296000240000,1296000299000,0.7328262175907606,0.7330196009441292,0.7327403021821006,0.7328960386969109,86000000,1
1296000300000,1296000359000,0.7329175247909353,0.7330518414262256,0.7328852961223039,0.7330518414262256,68000000,1
1296000360000,1296000419000,0.7330625888838389,0.7332077104122827,0.7329766180458843,0.733035720830676,85000000,1
1296000420000,1296000479000,0.733035720830676,0.7330518414262256,0.7329551284870339,0.7330518414262256,25000000,1
1296000480000,1296000539000,0.7330410942837455,0.7330572151156398,0.7330410942837455,0.7330572151156398,7000000,1
1296000540000,1296000599000,0.7330679627308248,0.7331002074673588,0.7330625888838389,0.7330787106611637,22000000,1
1296000600000,1296000659000,0.7331055818659002,0.7332399674441454,0.7331055818659002,0.7331378299120234,60000000,1
1296000660000,1296000719000,0.7331378299120234,0.7332023345162331,0.7330464678155948,0.7331055818659002,77000000,1
1296000720000,1296000779000,0.7331163308993871,0.7331969586990152,0.7330572151156398,0.7331109563432425,56000000,1
1296000780000,1296000839000,0.7331163308993871,0.7332345910750685,0.7331163308993871,0.7331754562184276,78000000,1
1296000840000,1296000899000,0.7331915829606277,0.7332184624408843,0.733035720830676,0.7330733366565991,57000000,1
1296000900000,1296000959000,0.7330303474563846,0.733170080795343,0.7330303474563846,0.733170080795343,49000000,1
1296000960000,1296001019000,0.733170080795343,0.7331969586990152,0.7330787106611637,0.7330787106611637,52000000,1
1296001020000,1296001079000,0.7330679627308248,0.733309867417576,0.7330410942837455,0.7332991127080737,143000000,1
1296001080000,1296001139000,0.733309867417576,0.7333528894103843,0.7332184624408843,0.7333044900233924,61000000,1
1296001140000,1296001199000,0.7333044900233924,0.7333905377952814,0.7333044900233924,0.7333905377952814,93000000,1
1296001200000,1296001259000,0.7333905377952814,0.7334012951866873,0.7333206224425443,0.7334012951866873,70000000,1
1296001260000,1296001319000,0.7334012951866873,0.7334012951866873,0.7331862073010683,0.7332937354716179,64000000,1
1296001320000,1296001379000,0.7332991127080737,0.7333636456973555,0.7332668504722238,0.7332991127080737,47000000,1
1296001380000,1296001439000,0.7332883583140234,0.7333475113852201,0.7332614737089099,0.733309867417576,21000000,1
1296001440000,1296001499000,0.733309867417576,0.7333905377952814,0.733309867417576,0.7333797807194455,36000000,1
1296001500000,1296001559000,0.7333959164515371,0.7334550868777551,0.7333905377952814,0.7333905377952814,41000000,1
1296001560000,1296001619000,0.7333744022998621,0.7334443279082902,0.7333421334389346,0.7334012951866873,30000000,1
1296001620000,1296001679000,0.7334012951866873,0.7335788377176895,0.7334012951866873,0.7335411699981661,69000000,1
1296001680000,1296001739000,0.7335411699981661,0.7335411699981661,0.7334550868777551,0.7334927457567445,55000000,1
1296001740000,1296001799000,0.7334981259122884,0.7334981259122884,0.7334228109162652,0.7334281900459126,40000000,1
1296001800000,1296001859000,0.7334228109162652,0.7334335692544648,0.7333206224425443,0.7333744022998621,99000000,1
1296001860000,1296001919000,0.7333528894103843,0.7334443279082902,0.7333528894103843,0.7333959164515371,74000000,1
1296001920000,1296001979000,0.7333959164515371,0.7334550868777551,0.7333959164515371,0.7334281900459126,51000000,1
1296001980000,1296002039000,0.7334281900459126,0.7334550868777551,0.7333313777829926,0.7333905377952814,63000000,1
1296002040000,1296002099000,0.7333744022998621,0.7333744022998621,0.7332507204188328,0.7333044900233924,46000000,1
1296002100000,1296002159000,0.7332829812352885,0.7333744022998621,0.7332292147848338,0.7332507204188328,63000000,1
1296002160000,1296002219000,0.7332560970244467,0.7333044900233924,0.7332238385734398,0.7332560970244467,29000000,1
1296002220000,1296002279000,0.7332399674441454,0.7332399674441454,0.7331324550406523,0.7331324550406523,24000000,1
1296002280000,1296002339000,0.733170080795343,0.7332184624408843,0.7331055818659002,0.7331055818659002,46000000,1
1296002340000,1296002399000,0.7331270802480901,0.7331432048622057,0.7330679627308248,0.7330679627308248,38000000,1
1296002400000,1296002459000,0.7330679627308248,0.7331163308993871,0.7330679627308248,0.7331109563432425,47000000,1
1296002460000,1296002519000,0.7331109563432425,0.733170080795343,0.7330787106611637,0.7331163308993871,63000000,1
1296002520000,1296002579000,0.7331485798912007,0.7331485798912007,0.7331002074673588,0.7331109563432425,30000000,1
1296002580000,1296002639000,0.7331217055343358,0.7331270802480901,0.7330733366565991,0.7331055818659002,19000000,1
1296002640000,1296002699000,0.7331055818659002,0.7331808317203355,0.7331055818659002,0.7331808317203355,19000000,1
1296002700000,1296002759000,0.7331969586990152,0.7332023345162331,0.7331539549990103,0.7332023345162331,13000000,1
1296002760000,1296002819000,0.7332130863871658,0.7332399674441454,0.7332130863871658,0.7332399674441454,12000000,1
1296002820000,1296002879000,0.7332399674441454,0.7332722273143905,0.7330034817665384,0.7330034817665384,84000000,1
1296002880000,1296002939000,0.7330034817665384,0.7330303474563846,0.7329712455380376,0.7329712455380376,45000000,1
1296002940000,1296002999000,0.7329819906324901,0.7330034817665384,0.7329497562942061,0.7329981088648791,43000000,1
1296003000000,1296003059000,0.7329981088648791,0.7330787106611637,0.7329766180458843,0.7330088547469654,45000000,1
1296003060000,1296003119000,0.7329927360419858,0.7330034817665384,0.732901410102313,0.7329712455380376,126000000,1
1296003120000,1296003179000,0.7329390121447994,0.7330196009441292,0.7328906673702417,0.7329336401882174,102000000,1
1296003180000,1296003239000,0.7329336401882174,0.7331862073010683,0.7329336401882174,0.7330787106611637,76000000,1
1296003240000,1296003299000,0.7330787106611637,0.7333260000733326,0.7330787106611637,0.7333260000733326,91000000,1
1296003300000,1296003359000,0.7333260000733326,0.7333260000733326,0.7331163308993871,0.7331915829606277,177000000,1
1296003360000,1296003419000,0.7331915829606277,0.7334120528936772,0.733159330185636,0.7333313777829926,100000000,1
1296003420000,1296003479000,0.7333313777829926,0.7335035061467593,0.7333313777829926,0.7334174318655206,117000000,1
1296003480000,1296003539000,0.7333959164515371,0.7334335692544648,0.7333797807194455,0.7334066740007334,29000000,1
1296003540000,1296003599000,0.7334066740007334,0.7334927457567445,0.7333582675144288,0.7334550868777551,65000000,1
1296003600000,1296003659000,0.7334550868777551,0.7336434199521665,0.7334550868777551,0.7335573128328515,85000000,1
1296003660000,1296003719000,0.7335465508641178,0.7335842191362779,0.7333636456973555,0.7334281900459126,139000000,1
1296003720000,1296003779000,0.7334228109162652,0.7335411699981661,0.7333905377952814,0.7334443279082902,51000000,1
1296003780000,1296003839000,0.7334281900459126,0.7334281900459126,0.7332937354716179,0.733385159217918,77000000,1
1296003840000,1296003899000,0.7333744022998621,0.733385159217918,0.7332776042354114,0.7332937354716179,59000000,1
1296003900000,1296003959000,0.7332937354716179,0.7333744022998621,0.7332614737089099,0.7332614737089099,44000000,1
1296003960000,1296004019000,0.7332614737089099,0.7332668504722238,0.7332077104122827,0.7332130863871658,29000000,1
1296004020000,1296004079000,0.7332292147848338,0.7332883583140234,0.7332292147848338,0.7332453438920663,18000000,1
1296004080000,1296004139000,0.7332292147848338,0.7332507204188328,0.7331754562184276,0.7331915829606277,44000000,1
1296004140000,1296004199000,0.7332292147848338,0.7333044900233924,0.733170080795343,0.7331808317203355,69000000,1
1296004200000,1296004259000,0.7331808317203355,0.7331808317203355,0.7330840847445201,0.7331754562184276,57000000,1
1296004260000,1296004319000,0.7331754562184276,0.7332560970244467,0.7331378299120234,0.7332399674441454,60000000,1
1296004320000,1296004379000,0.7332399674441454,0.7332776042354114,0.7331002074673588,0.7331270802480901,60000000,1
1296004380000,1296004439000,0.7331432048622057,0.7332668504722238,0.7331270802480901,0.7332668504722238,99000000,1
1296004440000,1296004499000,0.7332668504722238,0.7333582675144288,0.7332238385734398,0.7333475113852201,49000000,1
1296004500000,1296004559000,0.7333475113852201,0.7333475113852201,0.7332722273143905,0.7332937354716179,46000000,1
1296004560000,1296004619000,0.7332937354716179,0.7333260000733326,0.7332292147848338,0.7332292147848338,23000000,1
1296004620000,1296004679000,0.7332292147848338,0.7333313777829926,0.7332130863871658,0.7332560970244467,60000000,1
1296004680000,1296004739000,0.7332722273143905,0.733309867417576,0.7331862073010683,0.7332130863871658,60000000,1
1296004740000,1296004799000,0.7332130863871658,0.7332453438920663,0.7332130863871658,0.7332345910750685,42000000,1
1296004800000,1296004859000,0.7332345910750685,0.7332507204188328,0.7332130863871658,0.7332130863871658,19000000,1
1296004860000,1296004919000,0.7332292147848338,0.7332292147848338,0.7332023345162331,0.7332023345162331,34000000,1
1296004920000,1296004979000,0.7331808317203355,0.7332023345162331,0.733035720830676,0.733035720830676,78000000,1
1296004980000,1296005039000,0.733035720830676,0.733035720830676,0.7329175247909353,0.7329175247909353,66000000,1
1296005040000,1296005099000,0.7329336401882174,0.7329497562942061,0.7328745538626154,0.7329121531493236,82000000,1
1296005100000,1296005159000,0.7329282683103805,0.7331002074673588,0.7329282683103805,0.7330733366565991,46000000,1
1296005160000,1296005219000,0.7330733366565991,0.7330733366565991,0.7329121531493236,0.7329390121447994,20000000,1
1296005220000,1296005279000,0.7329551284870339,0.7329605007586141,0.7329121531493236,0.7329605007586141,25000000,1
1296005280000,1296005339000,0.7329766180458843,0.7330196009441292,0.7328369584334877,0.732847699591071,32000000,1
1296005340000,1296005399000,0.732847699591071,0.732853070287938,0.7328101069169946,0.7328154770628755,40000000,1
1296005400000,1296005459000,0.7328208472874637,0.7329121531493236,0.7328101069169946,0.73290678158645,38000000,1
1296005460000,1296005519000,0.73290678158645,0.73290678158645,0.7328745538626154,0.7328799249530957,18000000,1
1296005520000,1296005579000,0.7328745538626154,0.7328745538626154,0.7328745538626154,0.7328745538626154,2000000,1
1296005580000,1296005639000,0.7328852961223039,0.7329819906324901,0.7328799249530957,0.7328799249530957,41000000,1
1296005640000,1296005699000,0.7328852961223039,0.73290678158645,0.7328638119178313,0.7328960386969109,30000000,1
1296005700000,1296005759000,0.7328960386969109,0.7328960386969109,0.7328262175907606,0.732853070287938,42000000,1
1296005760000,1296005819000,0.732853070287938,0.732853070287938,0.7327295641724553,0.7327349331379374,66000000,1
1296005820000,1296005879000,0.7327349331379374,0.732847699591071,0.7325953656017171,0.732606099678386,102000000,1
1296005880000,1296005939000,0.732606099678386,0.7328154770628755,0.732606099678386,0.7327725180994813,80000000,1
1296005940000,1296005999000,0.7327725180994813,0.7330249741608698,0.7327725180994813,0.7329443841801284,85000000,1
1296006000000,1296006059000,0.7329443841801284,0.7331055818659002,0.7329443841801284,0.7330787106611637,27000000,1
1296006060000,1296006119000,0.7330787106611637,0.7331270802480901,0.7330196009441292,0.7331055818659002,32000000,1
1296006120000,1296006179000,0.7331163308993871,0.7332453438920663,0.7331002074673588,0.7332453438920663,37000000,1
1296006180000,1296006239000,0.7332453438920663,0.7332453438920663,0.733170080795343,0.7331808317203355,48000000,1
1296006240000,1296006299000,0.7331808317203355,0.7331808317203355,0.7331485798912007,0.733159330185636,16000000,1
1296006300000,1296006359000,0.733170080795343,0.7332507204188328,0.7331432048622057,0.7331432048622057,44000000,1
1296006360000,1296006419000,0.7331539549990103,0.7331647054510796,0.7330894589066703,0.7331109563432425,34000000,1
1296006420000,1296006479000,0.7331109563432425,0.7331217055343358,0.7330410942837455,0.7330733366565991,52000000,1
1296006480000,1296006539000,0.7330733366565991,0.7330733366565991,0.7328960386969109,0.7330518414262256,59000000,1
1296006540000,1296006599000,0.733035720830676,0.733035720830676,0.7328906673702417,0.7328960386969109,39000000,1
1296006600000,1296006659000,0.7328960386969109,0.732901410102313,0.7327188264775275,0.7327188264775275,57000000,1
1296006660000,1296006719000,0.7327188264775275,0.7327510405064775,0.7326758788447167,0.7327027205252012,46000000,1
1296006720000,1296006779000,0.7327027205252012,0.7327671485831947,0.7326329362462819,0.7327188264775275,78000000,1
1296006780000,1296006839000,0.7326973520317698,0.732777887694461,0.7326973520317698,0.7327456713049467,40000000,1
1296006840000,1296006899000,0.7327295641724553,0.7327295641724553,0.7322413174485783,0.7323110271394466,109000000,1
1296006900000,1296006959000,0.7323271158761195,0.7323968419048177,0.7322627651706539,0.7323914778927632,92000000,1
1296006960000,1296007019000,0.7323753863280162,0.7325416999362688,0.732353932008261,0.7323861139592793,108000000,1
1296007020000,1296007079000,0.7323753863280162,0.7323914778927632,0.7320644216691068,0.7321877036397051,98000000,1
1296007080000,1296007139000,0.7322091482210978,0.7322413174485783,0.7320751401923894,0.7321019378738295,57000000,1
1296007140000,1296007199000,0.7321019378738295,0.7324075701646453,0.7321019378738295,0.7323592954703577,66000000,1
1296007200000,1296007259000,0.7323110271394466,0.7323753863280162,0.7323110271394466,0.7323485686247226,43000000,1
1296007260000,1296007319000,0.7323592954703577,0.7324022059954445,0.7323592954703577,0.7323807501043642,18000000,1
1296007320000,1296007379000,0.7324022059954445,0.7325256017697819,0.7324022059954445,0.7324236631437089,45000000,1
1296007380000,1296007439000,0.7324182987387757,0.7324880421327121,0.7324022059954445,0.7324182987387757,39000000,1
1296007440000,1296007499000,0.7324022059954445,0.732445121549268,0.732305664384314,0.7323432053197411,71000000,1
1296007500000,1296007559000,0.7323432053197411,0.7323485686247226,0.7323110271394466,0.7323485686247226,28000000,1
1296007560000,1296007619000,0.7323485686247226,0.7324182987387757,0.7322949391096758,0.7323324789454413,62000000,1
1296007620000,1296007679000,0.732353932008261,0.7324182987387757,0.732353932008261,0.7324182987387757,51000000,1
1296007680000,1296007739000,0.7324343921893196,0.7325309677466615,0.7324343921893196,0.7325309677466615,40000000,1
1296007740000,1296007799000,0.7325309677466615,0.7325738983920003,0.732482676784694,0.7325309677466615,50000000,1
1296007800000,1296007859000,0.7325309677466615,0.7325309677466615,0.732482676784694,0.732482676784694,21000000,1
1296007860000,1296007919000,0.732482676784694,0.732482676784694,0.7323592954703577,0.7323968419048177,66000000,1
1296007920000,1296007979000,0.7323968419048177,0.7324290276272228,0.7323968419048177,0.7324290276272228,26000000,1
1296007980000,1296008039000,0.7324129344124217,0.7324129344124217,0.7323324789454413,0.7323324789454413,7000000,1
1296008040000,1296008099000,0.7323324789454413,0.7323324789454413,0.7322520411525647,0.7322520411525647,31000000,1
1296008100000,1296008159000,0.7322520411525647,0.7322895765901668,0.7322359557143694,0.7322842141491955,44000000,1
1296008160000,1296008219000,0.7322842141491955,0.7323271158761195,0.7322413174485783,0.7322734895028595,56000000,1
1296008220000,1296008279000,0.7322788517867604,0.732353932008261,0.7322788517867604,0.7323485686247226,34000000,1
1296008280000,1296008339000,0.7323485686247226,0.7323592954703577,0.7323003017077242,0.7323271158761195,63000000,1
1296008340000,1296008399000,0.7323271158761195,0.7323271158761195,0.732305664384314,0.732305664384314,17000000,1
1296008400000,1296008459000,0.7322842141491955,0.7323753863280162,0.7322842141491955,0.732316389973124,50000000,1
1296008460000,1296008519000,0.732316389973124,0.7323592954703577,0.7322681272974912,0.7323217528853476,52000000,1
1296008520000,1296008579000,0.7322734895028595,0.7322949391096758,0.7320161921981714,0.7320912185658333,110000000,1
1296008580000,1296008639000,0.7321126574957355,0.7321501786446436,0.7320912185658333,0.7321126574957355,41000000,1
1296008640000,1296008699000,0.7321340976813313,0.7321394579239453,0.7321019378738295,0.7321072976455429,27000000,1
1296008700000,1296008759000,0.7321072976455429,0.7321233774315647,0.7319411812066782,0.7319411812066782,33000000,1
1296008760000,1296008819000,0.7319518961213869,0.7322252324815114,0.7319518961213869,0.7320804995717329,104000000,1
1296008820000,1296008879000,0.7321019378738295,0.7321019378738295,0.7320858590295469,0.7320858590295469,19000000,1
1296008880000,1296008939000,0.7320858590295469,0.7321126574957355,0.7320001171200188,0.7320751401923894,99000000,1
1296008940000,1296008999000,0.7320751401923894,0.7321394579239453,0.732048344472669,0.732048344472669,84000000,1
1296009000000,1296009059000,0.7320054754009561,0.7320376267340142,0.7318179822314594,0.7318608293446919,98000000,1
1296009060000,1296009119000,0.7319036814755178,0.731973326891968,0.7318822547828505,0.7319572536963841,33000000,1
1296009120000,1296009179000,0.731973326891968,0.7320644216691068,0.731973326891968,0.7320644216691068,52000000,1
1296009180000,1296009239000,0.7320912185658333,0.7321072976455429,0.7320376267340142,0.7320751401923894,63000000,1
1296009240000,1296009299000,0.7321180174244089,0.7321984257733846,0.7320912185658333,0.7321984257733846,59000000,1
1296009300000,1296009359000,0.7321823426906237,0.7322413174485783,0.7321072976455429,0.7322359557143694,42000000,1
1296009360000,1296009419000,0.732230594058681,0.7322734895028595,0.7321984257733846,0.7322734895028595,29000000,1
1296009420000,1296009479000,0.7322949391096758,0.7323968419048177,0.7322949391096758,0.7323753863280162,38000000,1
1296009480000,1296009539000,0.7323753863280162,0.7323914778927632,0.7323753863280162,0.7323914778927632,4000000,1
1296009540000,1296009599000,0.7323861139592793,0.7324129344124217,0.7322788517867604,0.7323003017077242,21000000,1
1296009600000,1296009659000,0.732316389973124,0.7323324789454413,0.7323003017077242,0.7323003017077242,17000000,1
1296009660000,1296009719000,0.7323003017077242,0.7323003017077242,0.7322842141491955,0.7322842141491955,12000000,1
1296009720000,1296009779000,0.7322949391096758,0.7323110271394466,0.7322734895028595,0.7322788517867604,11000000,1
1296009780000,1296009839000,0.7322627651706539,0.7323592954703577,0.7322627651706539,0.7323592954703577,22000000,1
1296009840000,1296009899000,0.7323485686247226,0.7324075701646453,0.7323485686247226,0.7323968419048177,32000000,1
1296009900000,1296009959000,0.7324075701646453,0.7324558512235675,0.7323646590110148,0.7323700226302338,36000000,1
1296009960000,1296010019000,0.7323700226302338,0.7323914778927632,0.7322734895028595,0.732316389973124,48000000,1
1296010020000,1296010079000,0.732316389973124,0.7324182987387757,0.732316389973124,0.7323646590110148,38000000,1
1296010080000,1296010139000,0.7323646590110148,0.7324397568300007,0.7323646590110148,0.7323914778927632,13000000,1
1296010140000,1296010199000,0.7323807501043642,0.7323807501043642,0.732353932008261,0.7323753863280162,33000000,1
1296010200000,1296010259000,0.7323646590110148,0.7323861139592793,0.7323646590110148,0.7323753863280162,11000000,1
1296010260000,1296010319000,0.7323968419048177,0.7324987730645551,0.7323968419048177,0.7324987730645551,17000000,1
1296010320000,1296010379000,0.7325041386483834,0.7325041386483834,0.7323485686247226,0.7323485686247226,34000000,1
1296010380000,1296010439000,0.7323378420933144,0.7323861139592793,0.7323324789454413,0.7323700226302338,36000000,1
1296010440000,1296010499000,0.7323861139592793,0.7323861139592793,0.7323271158761195,0.7323485686247226,33000000,1
1296010500000,1296010559000,0.7323646590110148,0.7323646590110148,0.7322466792613095,0.7322466792613095,35000000,1
1296010560000,1296010619000,0.7322252324815114,0.7323324789454413,0.7322252324815114,0.7323324789454413,55000000,1
1296010620000,1296010679000,0.732353932008261,0.7325041386483834,0.732353932008261,0.7325041386483834,54000000,1
1296010680000,1296010739000,0.732482676784694,0.7325202358715159,0.7324719463244558,0.7325095043108184,16000000,1
1296010740000,1296010799000,0.7325095043108184,0.7325470661490001,0.732450486347123,0.7325256017697819,31000000,1
1296010800000,1296010859000,0.7325256017697819,0.7326222013831908,0.7325148700518621,0.732606099678386,31000000,1
1296010860000,1296010919000,0.7325953656017171,0.7326758788447167,0.7325363338021567,0.7326383037957991,55000000,1
1296010920000,1296010979000,0.7326222013831908,0.732670510744613,0.7325685317861487,0.7326383037957991,43000000,1
1296010980000,1296011039000,0.7326383037957991,0.7326490391307852,0.7325095043108184,0.7325577988103261,56000000,1
1296011040000,1296011099000,0.7325685317861487,0.7326383037957991,0.7325363338021567,0.7326222013831908,41000000,1
1296011100000,1296011159000,0.7326007326007326,0.7326007326007326,0.7325148700518621,0.7325792650764813,69000000,1
1296011160000,1296011219000,0.7325792650764813,0.7326007326007326,0.7325738983920003,0.7325792650764813,18000000,1
1296011220000,1296011279000,0.7325792650764813,0.7325792650764813,0.7325095043108184,0.7325416999362688,20000000,1
1296011280000,1296011339000,0.7325577988103261,0.7325738983920003,0.7325416999362688,0.7325577988103261,21000000,1
1296011340000,1296011399000,0.7325631652589244,0.7326007326007326,0.7325631652589244,0.7326007326007326,16000000,1
1296011400000,1296011459000,0.7326007326007326,0.732670510744613,0.7325846318395933,0.7325846318395933,33000000,1
1296011460000,1296011519000,0.7325685317861487,0.7326222013831908,0.7325685317861487,0.7326007326007326,20000000,1
1296011520000,1296011579000,0.7326007326007326,0.7326007326007326,0.7325363338021567,0.7325363338021567,10000000,1
1296011580000,1296011639000,0.7325363338021567,0.7325953656017171,0.7324665812122322,0.7325738983920003,93000000,1
1296011640000,1296011699000,0.7326597747803852,0.7326866152809121,0.7325577988103261,0.7325953656017171,50000000,1
1296011700000,1296011759000,0.7325953656017171,0.7327456713049467,0.7325953656017171,0.7327456713049467,27000000,1
1296011760000,1296011819000,0.7327241952856525,0.7327671485831947,0.7326651427231697,0.7327671485831947,67000000,1
1296011820000,1296011879000,0.7328208472874637,0.7328960386969109,0.7327510405064775,0.7328745538626154,61000000,1
1296011880000,1296011939000,0.7328745538626154,0.7328745538626154,0.7328315879727679,0.732847699591071,43000000,1
1296011940000,1296011999000,0.7328584410635242,0.7329175247909353,0.732853070287938,0.7329175247909353,51000000,1
1296012000000,1296012059000,0.7329282683103805,0.7329282683103805,0.732853070287938,0.732853070287938,16000000,1
1296012060000,1296012119000,0.732853070287938,0.7329175247909353,0.7328208472874637,0.7328906673702417,50000000,1
1296012120000,1296012179000,0.732922896511287,0.7329390121447994,0.732847699591071,0.732847699591071,27000000,1
1296012180000,1296012239000,0.732847699591071,0.732847699591071,0.7328315879727679,0.7328315879727679,7000000,1
1296012240000,1296012299000,0.7328315879727679,0.7329121531493236,0.7327456713049467,0.732847699591071,60000000,1
1296012300000,1296012359000,0.732847699591071,0.7328691828508611,0.732793996951577,0.7328691828508611,34000000,1
1296012360000,1296012419000,0.732847699591071,0.7328638119178313,0.7327993668613471,0.7328638119178313,65000000,1
1296012420000,1296012479000,0.7328638119178313,0.7328691828508611,0.7328047368498191,0.7328154770628755,101000000,1
1296012480000,1296012539000,0.7328154770628755,0.7328745538626154,0.7327295641724553,0.7327295641724553,52000000,1
1296012540000,1296012599000,0.7327295641724553,0.7328208472874637,0.7326758788447167,0.7327456713049467,85000000,1
1296012600000,1296012659000,0.7327510405064775,0.732777887694461,0.7327027205252012,0.7327027205252012,39000000,1
1296012660000,1296012719000,0.7327027205252012,0.7327295641724553,0.732670510744613,0.7327188264775275,33000000,1
1296012720000,1296012779000,0.7327188264775275,0.7327188264775275,0.7326436714239662,0.7326436714239662,45000000,1
1296012780000,1296012839000,0.7326436714239662,0.7326919836170073,0.7326329362462819,0.7326383037957991,31000000,1
1296012840000,1296012899000,0.7326597747803852,0.7327080890973037,0.7326114668346788,0.7326758788447167,26000000,1
1296012900000,1296012959000,0.7326758788447167,0.7326812470234825,0.7326168340696132,0.7326329362462819,24000000,1
1296012960000,1296013019000,0.7326168340696132,0.7326168340696132,0.7325846318395933,0.7325846318395933,6000000,1
1296013020000,1296013079000,0.7325846318395933,0.7326490391307852,0.7325738983920003,0.7326490391307852,21000000,1
1296013080000,1296013139000,0.7326490391307852,0.7326597747803852,0.7325577988103261,0.732589998681338,27000000,1
1296013140000,1296013199000,0.732589998681338,0.7326436714239662,0.732589998681338,0.7326275687754129,29000000,1
1296013200000,1296013259000,0.7326275687754129,0.7326383037957991,0.7326275687754129,0.7326383037957991,16000000,1
1296013260000,1296013319000,0.7326490391307852,0.7326490391307852,0.7325846318395933,0.7325846318395933,38000000,1
1296013320000,1296013379000,0.7325846318395933,0.7326597747803852,0.7325846318395933,0.7326222013831908,51000000,1
1296013380000,1296013439000,0.7326222013831908,0.7326544069162576,0.7325846318395933,0.7326275687754129,57000000,1
1296013440000,1296013499000,0.7326275687754129,0.7326329362462819,0.7325577988103261,0.7325577988103261,39000000,1
1296013500000,1296013559000,0.7325577988103261,0.7326490391307852,0.7325577988103261,0.7326490391307852,49000000,1
1296013560000,1296013619000,0.7326490391307852,0.7326597747803852,0.7325953656017171,0.7326383037957991,24000000,1
1296013620000,1296013679000,0.7326383037957991,0.7326651427231697,0.7326007326007326,0.7326651427231697,38000000,1
1296013680000,1296013739000,0.7326651427231697,0.7326812470234825,0.7326490391307852,0.7326597747803852,14000000,1
1296013740000,1296013799000,0.7326597747803852,0.7326973520317698,0.7326490391307852,0.7326973520317698,21000000,1
1296013800000,1296013859000,0.7327403021821006,0.7328208472874637,0.7327349331379374,0.7327617791455997,51000000,1
1296013860000,1296013919000,0.7327617791455997,0.7327832573681357,0.7327617791455997,0.7327832573681357,6000000,1
1296013920000,1296013979000,0.7327832573681357,0.7328047368498191,0.7327832573681357,0.7327993668613471,27000000,1
1296013980000,1296014039000,0.7327993668613471,0.7327993668613471,0.7327456713049467,0.7327456713049467,25000000,1
1296014040000,1296014099000,0.7327510405064775,0.7327725180994813,0.7327456713049467,0.7327725180994813,17000000,1
1296014100000,1296014159000,0.7327725180994813,0.7327886271205072,0.7327671485831947,0.7327886271205072,20000000,1
1296014160000,1296014219000,0.7327993668613471,0.7328208472874637,0.7327564097866945,0.732793996951577,43000000,1
1296014220000,1296014279000,0.732793996951577,0.732793996951577,0.7326597747803852,0.7327027205252012,83000000,1
1296014280000,1296014339000,0.7327027205252012,0.7328047368498191,0.7326812470234825,0.732793996951577,55000000,1
1296014340000,1296014399000,0.732793996951577,0.7327993668613471,0.7327349331379374,0.7327564097866945,70000000,1
1296014400000,1296014459000,0.7327564097866945,0.732777887694461,0.7326329362462819,0.7327403021821006,43000000,1
1296014460000,1296014519000,0.7327403021821006,0.7327456713049467,0.7326812470234825,0.7327456713049467,35000000,1
1296014520000,1296014579000,0.7327456713049467,0.7327456713049467,0.7327456713049467,0.7327456713049467,17000000,1
1296014580000,1296014639000,0.7327403021821006,0.7327456713049467,0.7326812470234825,0.7326812470234825,21000000,1
1296014640000,1296014699000,0.7326866152809121,0.7326866152809121,0.7326490391307852,0.7326490391307852,30000000,1
1296014700000,1296014759000,0.7326436714239662,0.732670510744613,0.7326436714239662,0.732670510744613,13000000,1
1296014760000,1296014819000,0.732670510744613,0.7326973520317698,0.7326544069162576,0.7326973520317698,29000000,1
1296014820000,1296014879000,0.7326973520317698,0.7326973520317698,0.7326651427231697,0.7326651427231697,39000000,1
1296014880000,1296014939000,0.7326597747803852,0.7327886271205072,0.7326168340696132,0.7327886271205072,117000000,1
1296014940000,1296014999000,0.7327886271205072,0.7328584410635242,0.7327617791455997,0.7328047368498191,55000000,1
1296015000000,1296015059000,0.7328208472874637,0.7328208472874637,0.7327725180994813,0.7327725180994813,55000000,1
1296015060000,1296015119000,0.7327725180994813,0.7327725180994813,0.7327510405064775,0.7327564097866945,22000000,1
1296015120000,1296015179000,0.7327456713049467,0.732777887694461,0.7327134577480785,0.7327134577480785,25000000,1
1296015180000,1296015239000,0.7327134577480785,0.7327134577480785,0.7326222013831908,0.7326436714239662,46000000,1
1296015240000,1296015299000,0.7326436714239662,0.732793996951577,0.7326436714239662,0.7327295641724553,57000000,1
1296015300000,1296015359000,0.7327295641724553,0.7327295641724553,0.7326973520317698,0.7326973520317698,45000000,1
1296015360000,1296015419000,0.7326973520317698,0.7327134577480785,0.7326490391307852,0.7326490391307852,32000000,1
1296015420000,1296015479000,0.7326383037957991,0.7326383037957991,0.7325685317861487,0.732606099678386,38000000,1
1296015480000,1296015539000,0.732606099678386,0.7326275687754129,0.732606099678386,0.7326114668346788,10000000,1
1296015540000,1296015599000,0.7326114668346788,0.7326866152809121,0.7325953656017171,0.7326490391307852,42000000,1
1296015600000,1296015659000,0.7326651427231697,0.7326651427231697,0.7324236631437089,0.732450486347123,132000000,1
1296015660000,1296015719000,0.732450486347123,0.7325738983920003,0.7324290276272228,0.7324773115152758,126000000,1
1296015720000,1296015779000,0.7324773115152758,0.7325846318395933,0.732450486347123,0.7324987730645551,137000000,1
1296015780000,1296015839000,0.7324987730645551,0.7325363338021567,0.7324343921893196,0.7324343921893196,69000000,1
1296015840000,1296015899000,0.7324343921893196,0.7324558512235675,0.7323914778927632,0.7324182987387757,68000000,1
1296015900000,1296015959000,0.7324343921893196,0.732450486347123,0.7323217528853476,0.7323217528853476,56000000,1
1296015960000,1296016019000,0.7323646590110148,0.7324129344124217,0.732353932008261,0.7323914778927632,67000000,1
1296016020000,1296016079000,0.7323914778927632,0.7324236631437089,0.732305664384314,0.7324022059954445,64000000,1
1296016080000,1296016139000,0.7324022059954445,0.7324022059954445,0.7322734895028595,0.7323217528853476,37000000,1
1296016140000,1296016199000,0.7323217528853476,0.7323646590110148,0.732305664384314,0.7323646590110148,22000000,1
1296016200000,1296016259000,0.7323861139592793,0.7324022059954445,0.732353932008261,0.7323700226302338,26000000,1
1296016260000,1296016319000,0.7323914778927632,0.7324129344124217,0.7323753863280162,0.7324129344124217,10000000,1
1296016320000,1296016379000,0.7324129344124217,0.7324182987387757,0.7323861139592793,0.7323861139592793,25000000,1
1296016380000,1296016439000,0.7323861139592793,0.7324075701646453,0.732353932008261,0.7323753863280162,32000000,1
1296016440000,1296016499000,0.7324075701646453,0.732445121549268,0.7323861139592793,0.7323914778927632,34000000,1
1296016500000,1296016559000,0.7324075701646453,0.732450486347123,0.7324075701646453,0.7324075701646453,34000000,1
1296016560000,1296016619000,0.7323914778927632,0.7324665812122322,0.7323861139592793,0.7324129344124217,31000000,1
1296016620000,1296016679000,0.7324236631437089,0.7324236631437089,0.7323378420933144,0.7323914778927632,35000000,1
1296016680000,1296016739000,0.7323753863280162,0.7323914778927632,0.7323592954703577,0.7323753863280162,30000000,1
1296016740000,1296016799000,0.7323968419048177,0.7323968419048177,0.7322788517867604,0.732305664384314,26000000,1
1296016800000,1296016859000,0.7322788517867604,0.7323968419048177,0.7322788517867604,0.7323861139592793,28000000,1
1296016860000,1296016919000,0.7323914778927632,0.7323914778927632,0.7323378420933144,0.7323378420933144,13000000,1
1296016920000,1296016979000,0.7323592954703577,0.7323861139592793,0.7322895765901668,0.7322895765901668,33000000,1
1296016980000,1296017039000,0.732305664384314,0.7323324789454413,0.7322681272974912,0.732316389973124,27000000,1
1296017040000,1296017099000,0.732316389973124,0.7323271158761195,0.7322895765901668,0.7323110271394466,16000000,1
1296017100000,1296017159000,0.7322788517867604,0.732305664384314,0.7322145095627215,0.7322681272974912,36000000,1
1296017160000,1296017219000,0.7322895765901668,0.732305664384314,0.7322627651706539,0.7322842141491955,26000000,1
1296017220000,1296017279000,0.7322734895028595,0.7323378420933144,0.732230594058681,0.732316389973124,23000000,1
1296017280000,1296017339000,0.7323110271394466,0.7323592954703577,0.7323003017077242,0.7323592954703577,21000000,1
1296017340000,1296017399000,0.7323914778927632,0.7324343921893196,0.7323861139592793,0.7324022059954445,39000000,1
1296017400000,1296017459000,0.7324075701646453,0.732445121549268,0.7324075701646453,0.7324343921893196,29000000,1
1296017460000,1296017519000,0.7324236631437089,0.732482676784694,0.7324129344124217,0.7324182987387757,22000000,1
1296017520000,1296017579000,0.7324290276272228,0.7325095043108184,0.7324290276272228,0.7324290276272228,57000000,1
1296017580000,1296017639000,0.7324397568300007,0.7324665812122322,0.7323646590110148,0.7323646590110148,52000000,1
1296017640000,1296017699000,0.732353932008261,0.732353932008261,0.732353932008261,0.732353932008261,2000000,1
1296017700000,1296017759000,0.732353932008261,0.7324343921893196,0.7323432053197411,0.7323968419048177,36000000,1
1296017760000,1296017819000,0.7324022059954445,0.7324558512235675,0.7324022059954445,0.7324236631437089,22000000,1
1296017820000,1296017879000,0.7324397568300007,0.7324558512235675,0.7324236631437089,0.7324558512235675,14000000,1
1296017880000,1296017939000,0.7324612161786034,0.732606099678386,0.7324612161786034,0.7325846318395933,48000000,1
1296017940000,1296017999000,0.7325685317861487,0.7326114668346788,0.7325256017697819,0.7325363338021567,29000000,1
1296018000000,1296018059000,0.7325363338021567,0.7325363338021567,0.7324397568300007,0.7324612161786034,39000000,1
1296018060000,1296018119000,0.7324719463244558,0.7324987730645551,0.7324343921893196,0.7324343921893196,15000000,1
1296018120000,1296018179000,0.732445121549268,0.7325095043108184,0.732445121549268,0.7324880421327121,19000000,1
1296018180000,1296018239000,0.7324880421327121,0.7325953656017171,0.7324880421327121,0.7325953656017171,34000000,1
1296018240000,1296018299000,0.7325953656017171,0.7326544069162576,0.7325953656017171,0.7326275687754129,40000000,1
1296018300000,1296018359000,0.732606099678386,0.7326275687754129,0.7325631652589244,0.7326007326007326,26000000,1
1296018360000,1296018419000,0.7325846318395933,0.7326168340696132,0.7325738983920003,0.732606099678386,21000000,1
1296018420000,1296018479000,0.7326168340696132,0.7326168340696132,0.7325363338021567,0.7325846318395933,28000000,1
1296018480000,1296018539000,0.7325846318395933,0.7326329362462819,0.732552432440352,0.7325685317861487,38000000,1
1296018540000,1296018599000,0.7325846318395933,0.7326383037957991,0.732552432440352,0.7325577988103261,50000000,1
1296018600000,1296018659000,0.7325631652589244,0.7325631652589244,0.7325309677466615,0.7325470661490001,11000000,1
1296018660000,1296018719000,0.7325685317861487,0.7325685317861487,0.7325363338021567,0.7325363338021567,12000000,1
1296018720000,1296018779000,0.7325363338021567,0.7326222013831908,0.732493407559332,0.7325953656017171,79000000,1
1296018780000,1296018839000,0.732589998681338,0.7326758788447167,0.7325363338021567,0.7326758788447167,70000000,1
1296018840000,1296018899000,0.732670510744613,0.7327241952856525,0.732606099678386,0.7326544069162576,71000000,1
1296018900000,1296018959000,0.7326222013831908,0.732670510744613,0.7325738983920003,0.7325738983920003,65000000,1
1296018960000,1296019019000,0.7325738983920003,0.7326222013831908,0.7325631652589244,0.7325846318395933,44000000,1
1296019020000,1296019079000,0.7325738983920003,0.7326168340696132,0.7325416999362688,0.7325953656017171,35000000,1
1296019080000,1296019139000,0.7326007326007326,0.7326007326007326,0.7323378420933144,0.7323485686247226,75000000,1
1296019140000,1296019199000,0.7323646590110148,0.7324236631437089,0.7323432053197411,0.7323861139592793,28000000,1
1296019200000,1296019259000,0.7323861139592793,0.7323861139592793,0.7323324789454413,0.7323324789454413,12000000,1
1296019260000,1296019319000,0.732316389973124,0.7323378420933144,0.7322466792613095,0.7322734895028595,57000000,1
1296019320000,1296019379000,0.7322788517867604,0.7323432053197411,0.7322198709828588,0.7322734895028595,46000000,1
1296019380000,1296019439000,0.7322734895028595,0.7322734895028595,0.7322252324815114,0.7322252324815114,35000000,1
1296019440000,1296019499000,0.7322252324815114,0.7322574031223456,0.732171621027969,0.7322145095627215,24000000,1
1296019500000,1296019559000,0.7322145095627215,0.7322252324815114,0.7321555391227311,0.7322252324815114,48000000,1
1296019560000,1296019619000,0.7322466792613095,0.7324290276272228,0.7321877036397051,0.7324075701646453,67000000,1
1296019620000,1296019679000,0.7324075701646453,0.7324880421327121,0.7324022059954445,0.7324880421327121,36000000,1
1296019680000,1296019739000,0.732482676784694,0.7326490391307852,0.732482676784694,0.732589998681338,58000000,1
1296019740000,1296019799000,0.732589998681338,0.7327295641724553,0.732589998681338,0.7326812470234825,63000000,1
1296019800000,1296019859000,0.7326866152809121,0.7326866152809121,0.7326597747803852,0.7326597747803852,8000000,1
1296019860000,1296019919000,0.7326544069162576,0.7326812470234825,0.7325738983920003,0.7325953656017171,50000000,1
1296019920000,1296019979000,0.7326222013831908,0.7326651427231697,0.7325685317861487,0.7326651427231697,69000000,1
1296019980000,1296020039000,0.7326651427231697,0.7326651427231697,0.7325095043108184,0.7326168340696132,86000000,1
1296020040000,1296020099000,0.7325953656017171,0.7328262175907606,0.732552432440352,0.7326919836170073,95000000,1
1296020100000,1296020159000,0.7326973520317698,0.7327564097866945,0.732670510744613,0.7327080890973037,40000000,1
1296020160000,1296020219000,0.7327080890973037,0.7327886271205072,0.7327080890973037,0.7327886271205072,20000000,1
1296020220000,1296020279000,0.7327886271205072,0.732793996951577,0.7327564097866945,0.7327564097866945,29000000,1
1296020280000,1296020339000,0.7327564097866945,0.7328369584334877,0.7327510405064775,0.7328262175907606,37000000,1
1296020340000,1296020399000,0.7328262175907606,0.7328584410635242,0.7328208472874637,0.7328208472874637,35000000,1
1296020400000,1296020459000,0.7328691828508611,0.7329981088648791,0.7328369584334877,0.732965873108948,51000000,1
1296020460000,1296020519000,0.7329873632978567,0.7330518414262256,0.7329282683103805,0.7330142278061617,64000000,1
1296020520000,1296020579000,0.7330249741608698,0.7331163308993871,0.7330249741608698,0.7330840847445201,39000000,1
1296020580000,1296020639000,0.7330625888838389,0.7330894589066703,0.7330464678155948,0.7330464678155948,30000000,1
1296020640000,1296020699000,0.7330464678155948,0.7330464678155948,0.7329712455380376,0.7329712455380376,17000000,1
1296020700000,1296020759000,0.7329712455380376,0.7330249741608698,0.7329712455380376,0.7330249741608698,25000000,1
1296020760000,1296020819000,0.7330088547469654,0.7330733366565991,0.7330088547469654,0.7330572151156398,19000000,1
1296020820000,1296020879000,0.7330572151156398,0.7330679627308248,0.7330142278061617,0.7330464678155948,18000000,1
1296020880000,1296020939000,0.7330625888838389,0.7330894589066703,0.733035720830676,0.7330894589066703,14000000,1
1296020940000,1296020999000,0.7330894589066703,0.7330894589066703,0.7330679627308248,0.7330679627308248,3000000,1
1296021000000,1296021059000,0.7330410942837455,0.7330894589066703,0.7330196009441292,0.7330840847445201,26000000,1
1296021060000,1296021119000,0.7330840847445201,0.7330840847445201,0.7330410942837455,0.7330464678155948,43000000,1
1296021120000,1296021179000,0.7330464678155948,0.7332292147848338,0.7330464678155948,0.7331808317203355,66000000,1
1296021180000,1296021239000,0.7331808317203355,0.7332238385734398,0.733159330185636,0.733159330185636,52000000,1
1296021240000,1296021299000,0.733159330185636,0.7331862073010683,0.7331163308993871,0.7331217055343358,43000000,1
1296021300000,1296021359000,0.7331217055343358,0.7331217055343358,0.7330894589066703,0.733094833147616,13000000,1
1296021360000,1296021419000,0.7331002074673588,0.7331002074673588,0.7330840847445201,0.7330840847445201,5000000,1
1296021420000,1296021479000,0.733094833147616,0.733094833147616,0.7330625888838389,0.7330894589066703,20000000,1
1296021480000,1296021539000,0.7330733366565991,0.7331109563432425,0.7330196009441292,0.7330787106611637,29000000,1
1296021540000,1296021599000,0.7330787106611637,0.7331915829606277,0.7330303474563846,0.7331808317203355,67000000,1
1296021600000,1296021659000,0.733159330185636,0.7333959164515371,0.733159330185636,0.7332991127080737,111000000,1
1296021660000,1296021719000,0.7333206224425443,0.7333206224425443,0.7332130863871658,0.7332614737089099,43000000,1
1296021720000,1296021779000,0.7332399674441454,0.7332507204188328,0.7332399674441454,0.7332399674441454,7000000,1
1296021780000,1296021839000,0.7332399674441454,0.733309867417576,0.7332130863871658,0.733309867417576,24000000,1
1296021840000,1296021899000,0.733315244890626,0.733315244890626,0.7332399674441454,0.7332614737089099,17000000,1
1296021900000,1296021959000,0.7332991127080737,0.733309867417576,0.7331378299120234,0.7331539549990103,65000000,1
1296021960000,1296022019000,0.7331378299120234,0.7331754562184276,0.7331055818659002,0.7331539549990103,42000000,1
1296022020000,1296022079000,0.7331324550406523,0.7332507204188328,0.7331324550406523,0.7331969586990152,69000000,1
1296022080000,1296022139000,0.7331969586990152,0.7331969586990152,0.7330142278061617,0.7330787106611637,32000000,1
1296022140000,1296022199000,0.7331002074673588,0.7331217055343358,0.7330572151156398,0.7330679627308248,36000000,1
1296022200000,1296022259000,0.7330518414262256,0.7331432048622057,0.7330518414262256,0.7330518414262256,41000000,1
1296022260000,1296022319000,0.7330787106611637,0.7330787106611637,0.7329981088648791,0.7329981088648791,28000000,1
1296022320000,1296022379000,0.7329981088648791,0.7332614737089099,0.7329981088648791,0.7332130863871658,74000000,1
1296022380000,1296022439000,0.7332238385734398,0.7333475113852201,0.7332238385734398,0.7333044900233924,33000000,1
1296022440000,1296022499000,0.7333475113852201,0.7333582675144288,0.7332560970244467,0.7332829812352885,44000000,1
1296022500000,1296022559000,0.7332883583140234,0.733369023959166,0.7332883583140234,0.7333636456973555,86000000,1
1296022560000,1296022619000,0.733336755571526,0.733336755571526,0.7331485798912007,0.7332023345162331,105000000,1
1296022620000,1296022679000,0.7332077104122827,0.7332184624408843,0.733159330185636,0.7331862073010683,38000000,1
1296022680000,1296022739000,0.7331754562184276,0.7332023345162331,0.7331754562184276,0.7331969586990152,13000000,1
1296022740000,1296022799000,0.7331862073010683,0.7331862073010683,0.7331270802480901,0.733159330185636,32000000,1
1296022800000,1296022859000,0.733159330185636,0.7331647054510796,0.7331109563432425,0.7331109563432425,16000000,1
1296022860000,1296022919000,0.7330894589066703,0.7331002074673588,0.7330894589066703,0.7331002074673588,6000000,1
1296022920000,1296022979000,0.733094833147616,0.733094833147616,0.733094833147616,0.733094833147616,3000000,1
1296022980000,1296023039000,0.733094833147616,0.7331808317203355,0.7330840847445201,0.7331808317203355,38000000,1
1296023040000,1296023099000,0.7331862073010683,0.7332453438920663,0.7331647054510796,0.7331754562184276,91000000,1
1296023100000,1296023159000,0.7331915829606277,0.7332184624408843,0.7331324550406523,0.7331969586990152,45000000,1
1296023160000,1296023219000,0.7332130863871658,0.7332238385734398,0.7331217055343358,0.7331862073010683,60000000,1
1296023220000,1296023279000,0.7331862073010683,0.7331862073010683,0.7331324550406523,0.7331324550406523,14000000,1
1296023280000,1296023339000,0.7331324550406523,0.7332130863871658,0.7331002074673588,0.7331808317203355,42000000,1
1296023340000,1296023399000,0.7331647054510796,0.7332722273143905,0.7331647054510796,0.7332722273143905,15000000,1
1296023400000,1296023459000,0.7332722273143905,0.7332722273143905,0.7332077104122827,0.7332077104122827,17000000,1
1296023460000,1296023519000,0.7332077104122827,0.733369023959166,0.733170080795343,0.7333582675144288,68000000,1
1296023520000,1296023579000,0.733336755571526,0.733369023959166,0.7332722273143905,0.7332722273143905,115000000,1
1296023580000,1296023639000,0.7332937354716179,0.7334443279082902,0.7332937354716179,0.7334228109162652,38000000,1
1296023640000,1296023699000,0.7334281900459126,0.7335680751173709,0.7334012951866873,0.733525027873951,84000000,1
1296023700000,1296023759000,0.7335411699981661,0.7335949822103216,0.7334497073535667,0.733471225923807,27000000,1
1296023760000,1296023819000,0.7334550868777551,0.7336111274135806,0.7334443279082902,0.7335573128328515,54000000,1
1296023820000,1296023879000,0.7335519318090125,0.7335519318090125,0.7334550868777551,0.7334873656801262,41000000,1
1296023880000,1296023939000,0.7334766057636591,0.7334819856824317,0.7333744022998621,0.733385159217918,54000000,1
1296023940000,1296023999000,0.7334012951866873,0.7334927457567445,0.733385159217918,0.7334766057636591,55000000,1
1296024000000,1296024059000,0.7334766057636591,0.7335304085030845,0.7334389485419234,0.7334389485419234,45000000,1
1296024060000,1296024119000,0.7334604664808567,0.733664949890684,0.7334604664808567,0.7336541847634699,40000000,1
1296024120000,1296024179000,0.7337080135589241,0.7337349309188563,0.733664949890684,0.7336757153338225,42000000,1
1296024180000,1296024239000,0.7336864810928994,0.7337026303239297,0.7336703325727617,0.7336757153338225,17000000,1
1296024240000,1296024299000,0.7336757153338225,0.7336972471679286,0.7336326554567597,0.7336918640909191,41000000,1
1296024300000,1296024359000,0.7336972471679286,0.7336972471679286,0.7336541847634699,0.7336757153338225,11000000,1
1296024360000,1296024419000,0.7336757153338225,0.7336918640909191,0.7335573128328515,0.7336003638657804,60000000,1
1296024420000,1296024479000,0.7336165093059254,0.7336165093059254,0.7334281900459126,0.7335465508641178,55000000,1
1296024480000,1296024539000,0.7335465508641178,0.7335626939356372,0.733471225923807,0.733525027873951,63000000,1
1296024540000,1296024599000,0.733525027873951,0.733525027873951,0.7334012951866873,0.733471225923807,50000000,1
1296024600000,1296024659000,0.7334927457567445,0.7335788377176895,0.7334927457567445,0.7335788377176895,31000000,1
1296024660000,1296024719000,0.7335788377176895,0.7336595672875872,0.7335465508641178,0.7336057456001995,60000000,1
1296024720000,1296024779000,0.7336057456001995,0.7336165093059254,0.733525027873951,0.7336111274135806,76000000,1
1296024780000,1296024839000,0.7336326554567597,0.7336864810928994,0.7335573128328515,0.733664949890684,148000000,1
1296024840000,1296024899000,0.7336541847634699,0.733664949890684,0.7335519318090125,0.733664949890684,135000000,1
1296024900000,1296024959000,0.7336488023183302,0.7338156948500815,0.7335788377176895,0.7338156948500815,43000000,1
1296024960000,1296025019000,0.7338318497699436,0.7339557277904998,0.733745698415843,0.733745698415843,121000000,1
1296025020000,1296025079000,0.7337564662288587,0.7338210797443367,0.7336972471679286,0.7337564662288587,94000000,1
1296025080000,1296025139000,0.733745698415843,0.7337726185409665,0.7336918640909191,0.7337349309188563,91000000,1
1296025140000,1296025199000,0.7337403146278468,0.7340257643043271,0.7336918640909191,0.7336918640909191,158000000,1
1296025200000,1296025259000,0.7336918640909191,0.7337564662288587,0.7335896006338215,0.7336488023183302,116000000,1
1296025260000,1296025319000,0.7336380376649768,0.7336541847634699,0.733471225923807,0.7334766057636591,48000000,1
1296025320000,1296025379000,0.7334550868777551,0.7334550868777551,0.733336755571526,0.7334120528936772,30000000,1
1296025380000,1296025439000,0.7334281900459126,0.7337618502538815,0.7334281900459126,0.733745698415843,56000000,1
1296025440000,1296025499000,0.7337564662288587,0.7337726185409665,0.7336380376649768,0.7337133968729135,88000000,1
1296025500000,1296025559000,0.7337241637378843,0.7337564662288587,0.7336757153338225,0.7337241637378843,31000000,1
1296025560000,1296025619000,0.7337241637378843,0.7338103100348561,0.733664949890684,0.7337833871441151,53000000,1
1296025620000,1296025679000,0.7337618502538815,0.7337995406414876,0.7336918640909191,0.7337995406414876,43000000,1
1296025680000,1296025739000,0.7337564662288587,0.733778002803032,0.7336864810928994,0.7337295472888693,42000000,1
1296025740000,1296025799000,0.7337187802658998,0.7340580933575083,0.7337133968729135,0.7339449541284403,77000000,1
1296025800000,1296025859000,0.7339449541284403,0.7341281494097609,0.7339018626429274,0.7341281494097609,91000000,1
1296025860000,1296025919000,0.7341389284508201,0.7342683016374183,0.7340042131841836,0.7342683016374183,115000000,1
1296025920000,1296025979000,0.7342629101776182,0.7342844764918826,0.7340580933575083,0.734063481809907,134000000,1
1296025980000,1296026039000,0.7340796476417691,0.7342844764918826,0.734020376405649,0.7342844764918826,68000000,1
1296026040000,1296026099000,0.7342844764918826,0.7343168283387551,0.7341658774383484,0.7342251721758029,75000000,1
1296026100000,1296026159000,0.7342359540661987,0.7343545757633616,0.734187438052935,0.7343545757633616,60000000,1
1296026160000,1296026219000,0.7343276129212286,0.7343330053312577,0.7342575187969925,0.7343060440730487,54000000,1
1296026220000,1296026279000,0.7343060440730487,0.7345487666926207,0.7343060440730487,0.7345271848511113,77000000,1
1296026280000,1296026339000,0.7345433711133473,0.7345919341805627,0.7343653614546309,0.7344300822561692,53000000,1
1296026340000,1296026399000,0.7344516583918446,0.7346135198272189,0.7344085073881496,0.7346135198272189,71000000,1
1296026400000,1296026459000,0.7346405036695293,0.734672886897109,0.7344948144666098,0.7344948144666098,95000000,1
1296026460000,1296026519000,0.7344786303442501,0.7344786303442501,0.7343383978204837,0.7343545757633616,60000000,1
1296026520000,1296026579000,0.7343437903889084,0.7343977204294757,0.7342521274955394,0.7342844764918826,42000000,1
1296026580000,1296026639000,0.7342844764918826,0.7342844764918826,0.7341335388907242,0.7341335388907242,56000000,1
1296026640000,1296026699000,0.7341119814416491,0.7341173706852252,0.7340257643043271,0.7341119814416491,54000000,1
1296026700000,1296026759000,0.7341281494097609,0.7343815405855958,0.7341065922771987,0.7343707544190761,66000000,1
1296026760000,1296026819000,0.7343707544190761,0.734446264239077,0.7342143906020557,0.7342143906020557,77000000,1
1296026820000,1296026879000,0.7341928284044522,0.7342629101776182,0.7341766575873487,0.7342143906020557,68000000,1
1296026880000,1296026939000,0.7342251721758029,0.7342305630814189,0.7341227600079284,0.7341766575873487,44000000,1
1296026940000,1296026999000,0.7341604874825637,0.7343599685693933,0.7341604874825637,0.7343599685693933,96000000,1
1296027000000,1296027059000,0.7343437903889084,0.7345649539060491,0.7342305630814189,0.7345649539060491,85000000,1
1296027060000,1296027119000,0.7345649539060491,0.7346135198272189,0.7343545757633616,0.734413900986318,90000000,1
1296027120000,1296027179000,0.7344192946637094,0.7344840249724569,0.7343545757633616,0.7343653614546309,53000000,1
1296027180000,1296027239000,0.7343545757633616,0.7343653614546309,0.7342413451301443,0.7342575187969925,89000000,1
1296027240000,1296027299000,0.7342575187969925,0.7343977204294757,0.7342359540661987,0.7343276129212286,88000000,1
1296027300000,1296027359000,0.7343383978204837,0.7343707544190761,0.7342197813493491,0.7342790847945487,49000000,1
1296027360000,1296027419000,0.7342952601240958,0.7343599685693933,0.7342629101776182,0.7343276129212286,43000000,1
1296027420000,1296027479000,0.7343276129212286,0.7343276129212286,0.7340688703414154,0.7340742589520356,74000000,1
1296027480000,1296027539000,0.7341012031918721,0.7341658774383484,0.734063481809907,0.7341335388907242,44000000,1
1296027540000,1296027599000,0.7341443180900501,0.7342736931763946,0.7340311522821028,0.7340311522821028,68000000,1
1296027600000,1296027659000,0.7340419284749545,0.7341281494097609,0.733988050674535,0.7340149885860668,48000000,1
1296027660000,1296027719000,0.7340311522821028,0.7341012031918721,0.7337726185409665,0.7338857046403593,94000000,1
1296027720000,1296027779000,0.733853390769592,0.733853390769592,0.7334658461628734,0.7334658461628734,112000000,1
1296027780000,1296027839000,0.7334981259122884,0.7335680751173709,0.733471225923807,0.7335088864601594,53000000,1
1296027840000,1296027899000,0.7334927457567445,0.7334927457567445,0.7332507204188328,0.733315244890626,71000000,1
1296027900000,1296027959000,0.733309867417576,0.7335088864601594,0.7332722273143905,0.7334550868777551,78000000,1
1296027960000,1296028019000,0.7334389485419234,0.7334981259122884,0.7332937354716179,0.7332991127080737,64000000,1
1296028020000,1296028079000,0.7332829812352885,0.7333313777829926,0.7332130863871658,0.7332184624408843,49000000,1
1296028080000,1296028139000,0.7332345910750685,0.7334066740007334,0.7331862073010683,0.7331862073010683,118000000,1
1296028140000,1296028199000,0.7331754562184276,0.7333959164515371,0.7330787106611637,0.7333044900233924,110000000,1
1296028200000,1296028259000,0.733315244890626,0.7333636456973555,0.7331539549990103,0.7331754562184276,72000000,1
1296028260000,1296028319000,0.7331378299120234,0.7332130863871658,0.7329121531493236,0.7331055818659002,115000000,1
1296028320000,1296028379000,0.7331055818659002,0.7331432048622057,0.7327188264775275,0.7327456713049467,88000000,1
1296028380000,1296028439000,0.7327241952856525,0.7330196009441292,0.7326919836170073,0.7329981088648791,111000000,1
1296028440000,1296028499000,0.7330142278061617,0.7330142278061617,0.7327886271205072,0.7327886271205072,72000000,1
1296028500000,1296028559000,0.7328101069169946,0.7329121531493236,0.7328101069169946,0.7328208472874637,64000000,1
1296028560000,1296028619000,0.7328154770628755,0.7328262175907606,0.7327617791455997,0.7328101069169946,44000000,1
1296028620000,1296028679000,0.7328262175907606,0.7329121531493236,0.7328262175907606,0.73290678158645,45000000,1
1296028680000,1296028739000,0.7329390121447994,0.7330464678155948,0.7329390121447994,0.7330196009441292,39000000,1
1296028740000,1296028799000,0.7330410942837455,0.7331647054510796,0.7328906673702417,0.7331002074673588,76000000,1
1296028800000,1296028859000,0.7330894589066703,0.7331002074673588,0.7327349331379374,0.7327403021821006,173000000,1
1296028860000,1296028919000,0.7327295641724553,0.7330410942837455,0.7326919836170073,0.7329390121447994,121000000,1
1296028920000,1296028979000,0.732901410102313,0.7329282683103805,0.7328101069169946,0.7328852961223039,67000000,1
1296028980000,1296029039000,0.732965873108948,0.732965873108948,0.7328262175907606,0.7328852961223039,62000000,1
1296029040000,1296029099000,0.7328584410635242,0.7330787106611637,0.7328584410635242,0.732901410102313,88000000,1
1296029100000,1296029159000,0.732853070287938,0.7331539549990103,0.7328262175907606,0.7329712455380376,135000000,1
1296029160000,1296029219000,0.732965873108948,0.7330196009441292,0.7327671485831947,0.7327671485831947,93000000,1
1296029220000,1296029279000,0.7327725180994813,0.7329497562942061,0.7327725180994813,0.732847699591071,118000000,1
1296029280000,1296029339000,0.7328315879727679,0.7328638119178313,0.7324773115152758,0.7326222013831908,143000000,1
1296029340000,1296029399000,0.7326222013831908,0.7326222013831908,0.7323432053197411,0.7324236631437089,124000000,1
1296029400000,1296029459000,0.7324397568300007,0.732493407559332,0.7322466792613095,0.7322466792613095,103000000,1
1296029460000,1296029519000,0.7322198709828588,0.7324612161786034,0.7321930646672914,0.7324612161786034,122000000,1
1296029520000,1296029579000,0.7324719463244558,0.7325309677466615,0.7323646590110148,0.732493407559332,93000000,1
1296029580000,1296029639000,0.7325148700518621,0.7326919836170073,0.732493407559332,0.7326383037957991,55000000,1
1296029640000,1296029699000,0.7326275687754129,0.7327295641724553,0.7324290276272228,0.7325041386483834,97000000,1
1296029700000,1296029759000,0.7325041386483834,0.732606099678386,0.732445121549268,0.732445121549268,115000000,1
1296029760000,1296029819000,0.7324236631437089,0.7324719463244558,0.7323003017077242,0.7323807501043642,127000000,1
1296029820000,1296029879000,0.7323861139592793,0.7324612161786034,0.7321394579239453,0.7324022059954445,110000000,1
1296029880000,1296029939000,0.7324129344124217,0.7324236631437089,0.732316389973124,0.7323592954703577,81000000,1
1296029940000,1296029999000,0.7323700226302338,0.7324290276272228,0.7322949391096758,0.7324129344124217,103000000,1
1296030000000,1296030059000,0.7324182987387757,0.7326329362462819,0.7323914778927632,0.732445121549268,120000000,1
1296030060000,1296030119000,0.732445121549268,0.7325953656017171,0.7323378420933144,0.732482676784694,91000000,1
1296030120000,1296030179000,0.7324665812122322,0.7326544069162576,0.7324397568300007,0.732589998681338,98000000,1
1296030180000,1296030239000,0.7325685317861487,0.7325792650764813,0.732353932008261,0.732482676784694,111000000,1
1296030240000,1296030299000,0.732482676784694,0.7325953656017171,0.7322842141491955,0.7323432053197411,88000000,1
1296030300000,1296030359000,0.732353932008261,0.7325953656017171,0.732353932008261,0.7324880421327121,92000000,1
1296030360000,1296030419000,0.7325041386483834,0.7325256017697819,0.732353932008261,0.732353932008261,74000000,1
1296030420000,1296030479000,0.7323646590110148,0.7324343921893196,0.7321126574957355,0.7322037869579862,129000000,1
1296030480000,1296030539000,0.7322037869579862,0.7323592954703577,0.7321501786446436,0.7322198709828588,151000000,1
1296030540000,1296030599000,0.7322466792613095,0.7324773115152758,0.7322413174485783,0.7322681272974912,154000000,1
1296030600000,1296030659000,0.7322681272974912,0.7325470661490001,0.732230594058681,0.7325148700518621,97000000,1
1296030660000,1296030719000,0.7325148700518621,0.7326329362462819,0.732493407559332,0.7326168340696132,104000000,1
1296030720000,1296030779000,0.7326168340696132,0.7326758788447167,0.7324880421327121,0.7326758788447167,50000000,1
1296030780000,1296030839000,0.7326973520317698,0.7329443841801284,0.7326812470234825,0.7328799249530957,141000000,1
1296030840000,1296030899000,0.7329390121447994,0.7329873632978567,0.7328315879727679,0.7328960386969109,65000000,1
1296030900000,1296030959000,0.732922896511287,0.7329497562942061,0.7327832573681357,0.7328584410635242,60000000,1
1296030960000,1296031019000,0.732847699591071,0.7329390121447994,0.7326919836170073,0.7326919836170073,100000000,1
1296031020000,1296031079000,0.7326919836170073,0.7329605007586141,0.7326919836170073,0.7328208472874637,106000000,1
1296031080000,1296031139000,0.7328154770628755,0.733035720830676,0.7327832573681357,0.7330249741608698,57000000,1
1296031140000,1296031199000,0.7330249741608698,0.7332507204188328,0.7329927360419858,0.7332023345162331,76000000,1
1296031200000,1296031259000,0.7331969586990152,0.7332184624408843,0.7329873632978567,0.7330679627308248,100000000,1
1296031260000,1296031319000,0.7330679627308248,0.733159330185636,0.7330196009441292,0.7330625888838389,78000000,1
1296031320000,1296031379000,0.7330464678155948,0.7330894589066703,0.732901410102313,0.7330196009441292,111000000,1
1296031380000,1296031439000,0.7330196009441292,0.733159330185636,0.7329873632978567,0.7331055818659002,91000000,1
1296031440000,1296031499000,0.7331055818659002,0.7332937354716179,0.7330894589066703,0.7332937354716179,60000000,1
1296031500000,1296031559000,0.7333044900233924,0.7333044900233924,0.7332238385734398,0.7332345910750685,28000000,1
1296031560000,1296031619000,0.7332614737089099,0.7333959164515371,0.7331915829606277,0.7331915829606277,64000000,1
1296031620000,1296031679000,0.7332023345162331,0.7333744022998621,0.7331539549990103,0.7332345910750685,83000000,1
1296031680000,1296031739000,0.7331754562184276,0.7334497073535667,0.7331754562184276,0.7332937354716179,105000000,1
1296031740000,1296031799000,0.7332991127080737,0.7333744022998621,0.7330625888838389,0.7331432048622057,122000000,1
1296031800000,1296031859000,0.7331432048622057,0.7332345910750685,0.733035720830676,0.7332292147848338,105000000,1
1296031860000,1296031919000,0.7332184624408843,0.7334658461628734,0.7332184624408843,0.7334658461628734,61000000,1
1296031920000,1296031979000,0.7334658461628734,0.7337618502538815,0.7334497073535667,0.7337349309188563,125000000,1
1296031980000,1296032039000,0.7337241637378843,0.7338103100348561,0.7336003638657804,0.7337080135589241,106000000,1
1296032040000,1296032099000,0.7337187802658998,0.7337349309188563,0.7334819856824317,0.7335680751173709,79000000,1
1296032100000,1296032159000,0.7335680751173709,0.7336165093059254,0.7335088864601594,0.7336165093059254,78000000,1
1296032160000,1296032219000,0.7336165093059254,0.7337187802658998,0.7336003638657804,0.7336003638657804,99000000,1
1296032220000,1296032279000,0.7336003638657804,0.7336703325727617,0.7334174318655206,0.7334550868777551,120000000,1
1296032280000,1296032339000,0.7334497073535667,0.7336703325727617,0.7334281900459126,0.7335573128328515,95000000,1
1296032340000,1296032399000,0.7335734563780545,0.7336595672875872,0.7333744022998621,0.7334443279082902,127000000,1
1296032400000,1296032459000,0.7334335692544648,0.7338803187976105,0.7333797807194455,0.7338803187976105,135000000,1
1296032460000,1296032519000,0.733998825601879,0.7343114361663068,0.7336918640909191,0.7339180213570144,194000000,1
1296032520000,1296032579000,0.7338803187976105,0.7338857046403593,0.7336541847634699,0.7338857046403593,165000000,1
1296032580000,1296032639000,0.7338910905621605,0.7342575187969925,0.7338749330339124,0.7340042131841836,181000000,1
1296032640000,1296032699000,0.7340742589520356,0.7341065922771987,0.7339072488018964,0.7340257643043271,117000000,1
1296032700000,1296032759000,0.733998825601879,0.7341065922771987,0.7333475113852201,0.7338318497699436,184000000,1
1296032760000,1296032819000,0.7338318497699436,0.733939567416019,0.7337241637378843,0.7338480054011214,117000000,1
1296032820000,1296032879000,0.7338372349012989,0.733977276063533,0.7338372349012989,0.7338857046403593,102000000,1
1296032880000,1296032939000,0.733896476563016,0.733988050674535,0.7338641617436613,0.7339718888766561,61000000,1
1296032940000,1296032999000,0.7339503409199334,0.7341928284044522,0.7339018626429274,0.7341227600079284,159000000,1
1296033000000,1296033059000,0.7341227600079284,0.7341550976059202,0.7337510822828464,0.7337995406414876,120000000,1
1296033060000,1296033119000,0.7338210797443367,0.7340742589520356,0.7336434199521665,0.7340742589520356,149000000,1
1296033120000,1296033179000,0.7340850364106178,0.7340958141856675,0.7338372349012989,0.7340419284749545,97000000,1
1296033180000,1296033239000,0.7339826633294921,0.7341119814416491,0.7339826633294921,0.7340473166900339,76000000,1
1296033240000,1296033299000,0.7340688703414154,0.7341658774383484,0.7339826633294921,0.7339826633294921,111000000,1
1296033300000,1296033359000,0.733988050674535,0.7340904252585834,0.7336864810928994,0.7338210797443367,112000000,1
1296033360000,1296033419000,0.7338264647176236,0.7338587762171048,0.7335626939356372,0.7336380376649768,100000000,1
1296033420000,1296033479000,0.7336488023183302,0.7338480054011214,0.7336165093059254,0.7338318497699436,81000000,1
1296033480000,1296033539000,0.7338480054011214,0.7338641617436613,0.7335626939356372,0.7337995406414876,120000000,1
1296033540000,1296033599000,0.7338103100348561,0.7338587762171048,0.7336380376649768,0.7336810981738678,111000000,1
1296033600000,1296033659000,0.7336810981738678,0.7336918640909191,0.7330679627308248,0.7330894589066703,121000000,1
1296033660000,1296033719000,0.7330625888838389,0.7331539549990103,0.7330303474563846,0.7330679627308248,103000000,1
1296033720000,1296033779000,0.7330572151156398,0.7331539549990103,0.7330142278061617,0.7331539549990103,102000000,1
1296033780000,1296033839000,0.7331324550406523,0.7331324550406523,0.7329390121447994,0.7331163308993871,85000000,1
1296033840000,1296033899000,0.7330894589066703,0.7330894589066703,0.732670510744613,0.73290678158645,128000000,1
1296033900000,1296033959000,0.7328852961223039,0.7331378299120234,0.7328638119178313,0.7331378299120234,90000000,1
1296033960000,1296034019000,0.7331378299120234,0.7332507204188328,0.7325846318395933,0.732589998681338,129000000,1
1296034020000,1296034079000,0.7325631652589244,0.7327832573681357,0.732482676784694,0.7325792650764813,145000000,1
1296034080000,1296034139000,0.7325953656017171,0.7326866152809121,0.7325631652589244,0.7326544069162576,101000000,1
1296034140000,1296034199000,0.7326436714239662,0.7327403021821006,0.7323700226302338,0.7325202358715159,100000000,1
1296034200000,1296034259000,0.7325041386483834,0.7327241952856525,0.7324719463244558,0.7324987730645551,161000000,1
1296034260000,1296034319000,0.732482676784694,0.7326490391307852,0.7322734895028595,0.7323861139592793,197000000,1
1296034320000,1296034379000,0.7323700226302338,0.7327027205252012,0.732305664384314,0.7326919836170073,193000000,1
1296034380000,1296034439000,0.7326973520317698,0.732793996951577,0.7326114668346788,0.7327403021821006,199000000,1
1296034440000,1296034499000,0.7327617791455997,0.7328423289729216,0.7324665812122322,0.7327671485831947,201000000,1
1296034500000,1296034559000,0.7327832573681357,0.7328423289729216,0.7326222013831908,0.7328154770628755,120000000,1
1296034560000,1296034619000,0.7327993668613471,0.732847699591071,0.7326812470234825,0.7328262175907606,160000000,1
1296034620000,1296034679000,0.7328262175907606,0.7329551284870339,0.7324612161786034,0.7324612161786034,172000000,1
1296034680000,1296034739000,0.732493407559332,0.732606099678386,0.7323807501043642,0.7325631652589244,144000000,1
1296034740000,1296034799000,0.732552432440352,0.7327886271205072,0.7325363338021567,0.7327456713049467,202000000,1
1296034800000,1296034859000,0.7327456713049467,0.7328101069169946,0.7325846318395933,0.7325846318395933,158000000,1
1296034860000,1296034919000,0.7325846318395933,0.7325846318395933,0.732353932008261,0.7323807501043642,163000000,1
1296034920000,1296034979000,0.7324290276272228,0.7325685317861487,0.7323914778927632,0.7325202358715159,74000000,1
1296034980000,1296035039000,0.7325416999362688,0.7326383037957991,0.7324719463244558,0.732589998681338,120000000,1
1296035040000,1296035099000,0.7325846318395933,0.7327295641724553,0.7325846318395933,0.7326329362462819,59000000,1
1296035100000,1296035159000,0.7326383037957991,0.7326436714239662,0.7319626113498122,0.7319626113498122,141000000,1
1296035160000,1296035219000,0.731967969081673,0.7325041386483834,0.7319572536963841,0.7325041386483834,105000000,1
1296035220000,1296035279000,0.7324987730645551,0.7325416999362688,0.732445121549268,0.7324880421327121,100000000,1
1296035280000,1296035339000,0.732482676784694,0.7325256017697819,0.7322895765901668,0.7324880421327121,132000000,1
1296035340000,1296035399000,0.7324773115152758,0.7325631652589244,0.7324290276272228,0.7325631652589244,98000000,1
1296035400000,1296035459000,0.7325792650764813,0.7327403021821006,0.7325041386483834,0.7326973520317698,74000000,1
1296035460000,1296035519000,0.7327080890973037,0.7327725180994813,0.7325792650764813,0.732606099678386,107000000,1
1296035520000,1296035579000,0.7325953656017171,0.7326275687754129,0.7325148700518621,0.7325470661490001,114000000,1
1296035580000,1296035639000,0.7325470661490001,0.7327080890973037,0.7324719463244558,0.7326329362462819,106000000,1
1296035640000,1296035699000,0.7326329362462819,0.7327564097866945,0.7325738983920003,0.7325792650764813,75000000,1
1296035700000,1296035759000,0.7325738983920003,0.7326383037957991,0.7323324789454413,0.7323968419048177,102000000,1
1296035760000,1296035819000,0.7324075701646453,0.7325309677466615,0.7322895765901668,0.7323485686247226,124000000,1
1296035820000,1296035879000,0.7323753863280162,0.7326007326007326,0.7323753863280162,0.7325738983920003,172000000,1
1296035880000,1296035939000,0.7325953656017171,0.7327671485831947,0.7325631652589244,0.732589998681338,157000000,1
1296035940000,1296035999000,0.732589998681338,0.7326275687754129,0.7323968419048177,0.7323968419048177,76000000,1
1296036000000,1296036059000,0.7324129344124217,0.7326758788447167,0.7324129344124217,0.7326651427231697,116000000,1
1296036060000,1296036119000,0.7326758788447167,0.7327564097866945,0.7326383037957991,0.7327295641724553,130000000,1
1296036120000,1296036179000,0.7327295641724553,0.7328960386969109,0.7327027205252012,0.7327080890973037,139000000,1
1296036180000,1296036239000,0.7327027205252012,0.7327295641724553,0.7325095043108184,0.7325631652589244,103000000,1
1296036240000,1296036299000,0.7325685317861487,0.7327080890973037,0.7325041386483834,0.732670510744613,123000000,1
1296036300000,1296036359000,0.732670510744613,0.7326866152809121,0.7325148700518621,0.7326383037957991,84000000,1
1296036360000,1296036419000,0.7326168340696132,0.7329175247909353,0.7325309677466615,0.7329175247909353,124000000,1
1296036420000,1296036479000,0.73290678158645,0.73290678158645,0.732670510744613,0.7327027205252012,85000000,1
1296036480000,1296036539000,0.7327027205252012,0.7327295641724553,0.7325041386483834,0.7325041386483834,152000000,1
1296036540000,1296036599000,0.7325041386483834,0.7325631652589244,0.7324022059954445,0.7325577988103261,174000000,1
1296036600000,1296036659000,0.7325577988103261,0.7326114668346788,0.7324343921893196,0.732589998681338,138000000,1
1296036660000,1296036719000,0.7326168340696132,0.7326490391307852,0.7324719463244558,0.7325416999362688,128000000,1
1296036720000,1296036779000,0.7325416999362688,0.7327349331379374,0.7323592954703577,0.7323592954703577,146000000,1
1296036780000,1296036839000,0.7323485686247226,0.7324075701646453,0.7321769818200455,0.7322734895028595,121000000,1
1296036840000,1296036899000,0.7322842141491955,0.7323700226302338,0.7321180174244089,0.7322198709828588,120000000,1
1296036900000,1296036959000,0.7322198709828588,0.7324290276272228,0.7322198709828588,0.7324075701646453,99000000,1
1296036960000,1296037019000,0.7323592954703577,0.7324075701646453,0.7321984257733846,0.7322520411525647,120000000,1
1296037020000,1296037079000,0.7322413174485783,0.7323592954703577,0.7321930646672914,0.7322949391096758,133000000,1
1296037080000,1296037139000,0.7322949391096758,0.7324182987387757,0.7322145095627215,0.732353932008261,188000000,1
1296037140000,1296037199000,0.7324022059954445,0.7332883583140234,0.7323592954703577,0.7326436714239662,266000000,1
1296037200000,1296037259000,0.7326275687754129,0.7330733366565991,0.7325846318395933,0.7327832573681357,215000000,1
1296037260000,1296037319000,0.7327725180994813,0.732922896511287,0.7327456713049467,0.7328745538626154,135000000,1
1296037320000,1296037379000,0.7328745538626154,0.7328745538626154,0.7326812470234825,0.7328208472874637,120000000,1
1296037380000,1296037439000,0.7327993668613471,0.7327993668613471,0.7324236631437089,0.7325470661490001,124000000,1
1296037440000,1296037499000,0.7325577988103261,0.7326651427231697,0.7324558512235675,0.7325309677466615,96000000,1
1296037500000,1296037559000,0.7325416999362688,0.732670510744613,0.7325202358715159,0.7325738983920003,85000000,1
1296037560000,1296037619000,0.7325577988103261,0.7327564097866945,0.7325095043108184,0.7327134577480785,84000000,1
1296037620000,1296037679000,0.7327134577480785,0.7327993668613471,0.7327134577480785,0.7327993668613471,46000000,1
1296037680000,1296037739000,0.7328154770628755,0.7329336401882174,0.7327886271205072,0.7329336401882174,63000000,1
1296037740000,1296037799000,0.7329390121447994,0.7329443841801284,0.7322198709828588,0.732353932008261,136000000,1
1296037800000,1296037859000,0.732353932008261,0.7326973520317698,0.732316389973124,0.7326544069162576,131000000,1
1296037860000,1296037919000,0.7326544069162576,0.7327134577480785,0.7324880421327121,0.7326436714239662,150000000,1
1296037920000,1296037979000,0.7326436714239662,0.7326490391307852,0.7325256017697819,0.7326329362462819,70000000,1
1296037980000,1296038039000,0.7326490391307852,0.7327403021821006,0.7323968419048177,0.7326758788447167,103000000,1
1296038040000,1296038099000,0.7326919836170073,0.7327241952856525,0.732450486347123,0.7324773115152758,134000000,1
1296038100000,1296038159000,0.732482676784694,0.7325846318395933,0.7324182987387757,0.7325470661490001,89000000,1
1296038160000,1296038219000,0.7325470661490001,0.7326812470234825,0.7325363338021567,0.7326436714239662,74000000,1
1296038220000,1296038279000,0.7326275687754129,0.7328369584334877,0.7325416999362688,0.7328369584334877,93000000,1
1296038280000,1296038339000,0.732847699591071,0.732847699591071,0.7324665812122322,0.732493407559332,114000000,1
1296038340000,1296038399000,0.7323700226302338,0.7324612161786034,0.7321877036397051,0.7321877036397051,155000000,1
1296038400000,1296038459000,0.7322091482210978,0.7323217528853476,0.7322091482210978,0.7323217528853476,95000000,1
1296038460000,1296038519000,0.7323432053197411,0.7323592954703577,0.7321394579239453,0.7322681272974912,116000000,1
1296038520000,1296038579000,0.7322681272974912,0.7323700226302338,0.7320001171200188,0.7320161921981714,88000000,1
1296038580000,1296038639000,0.7320054754009561,0.7321823426906237,0.731967969081673,0.7321448182450488,108000000,1
1296038640000,1296038699000,0.7321608996793135,0.7323646590110148,0.7321233774315647,0.7321287375172051,104000000,1
1296038700000,1296038759000,0.7321394579239453,0.7324987730645551,0.7321394579239453,0.7324612161786034,113000000,1
1296038760000,1296038819000,0.7324612161786034,0.732482676784694,0.732353932008261,0.732353932008261,84000000,1
1296038820000,1296038879000,0.732353932008261,0.7326275687754129,0.732353932008261,0.7325363338021567,141000000,1
1296038880000,1296038939000,0.7325363338021567,0.7328745538626154,0.7324719463244558,0.7328745538626154,138000000,1
1296038940000,1296038999000,0.7328745538626154,0.7329981088648791,0.7328101069169946,0.7328315879727679,98000000,1
1296039000000,1296039059000,0.7328315879727679,0.732853070287938,0.7327080890973037,0.7328315879727679,57000000,1
1296039060000,1296039119000,0.732853070287938,0.7332937354716179,0.732853070287938,0.7332399674441454,93000000,1
1296039120000,1296039179000,0.7332238385734398,0.7334389485419234,0.7332238385734398,0.7333044900233924,93000000,1
1296039180000,1296039239000,0.7332937354716179,0.7334443279082902,0.7332668504722238,0.7333475113852201,60000000,1
1296039240000,1296039299000,0.7333421334389346,0.7333744022998621,0.7332345910750685,0.7332668504722238,93000000,1
1296039300000,1296039359000,0.7332668504722238,0.7332668504722238,0.7331324550406523,0.7332238385734398,55000000,1
1296039360000,1296039419000,0.7332292147848338,0.7334281900459126,0.7332292147848338,0.7333905377952814,43000000,1
1296039420000,1296039479000,0.7333797807194455,0.7334550868777551,0.733336755571526,0.733336755571526,72000000,1
1296039480000,1296039539000,0.733336755571526,0.7334658461628734,0.7332991127080737,0.7333044900233924,73000000,1
1296039540000,1296039599000,0.7333044900233924,0.7335519318090125,0.7331862073010683,0.7335519318090125,85000000,1
1296039600000,1296039659000,0.7334604664808567,0.7336272733275133,0.7334497073535667,0.7335788377176895,103000000,1
1296039660000,1296039719000,0.7335896006338215,0.7337133968729135,0.7334228109162652,0.7334228109162652,78000000,1
1296039720000,1296039779000,0.7333797807194455,0.7334066740007334,0.7332399674441454,0.7332560970244467,106000000,1
1296039780000,1296039839000,0.7332722273143905,0.7332722273143905,0.7329981088648791,0.7331324550406523,70000000,1
1296039840000,1296039899000,0.7331270802480901,0.7333528894103843,0.7329282683103805,0.7332130863871658,139000000,1
1296039900000,1296039959000,0.7332238385734398,0.7332991127080737,0.7329927360419858,0.7330303474563846,150000000,1
1296039960000,1296040019000,0.7330303474563846,0.7330464678155948,0.732901410102313,0.7329282683103805,70000000,1
1296040020000,1296040079000,0.732922896511287,0.7330464678155948,0.7328745538626154,0.7330303474563846,101000000,1
1296040080000,1296040139000,0.7330464678155948,0.7330518414262256,0.7328852961223039,0.7329819906324901,125000000,1
1296040140000,1296040199000,0.7329819906324901,0.7332077104122827,0.7328960386969109,0.7331915829606277,74000000,1
1296040200000,1296040259000,0.7331485798912007,0.7333044900233924,0.7330464678155948,0.7331862073010683,74000000,1
1296040260000,1296040319000,0.7331915829606277,0.7333582675144288,0.7330840847445201,0.7332399674441454,86000000,1
1296040320000,1296040379000,0.7332399674441454,0.7334766057636591,0.7331754562184276,0.7332453438920663,101000000,1
1296040380000,1296040439000,0.7332453438920663,0.7333959164515371,0.7331808317203355,0.733385159217918,62000000,1
1296040440000,1296040499000,0.7333905377952814,0.7335196473237536,0.7332507204188328,0.7332507204188328,102000000,1
1296040500000,1296040559000,0.7332507204188328,0.7334228109162652,0.7332184624408843,0.7334066740007334,121000000,1
1296040560000,1296040619000,0.7334066740007334,0.7335035061467593,0.7332238385734398,0.7335035061467593,81000000,1
1296040620000,1296040679000,0.7334658461628734,0.7335411699981661,0.7332292147848338,0.7332614737089099,115000000,1
1296040680000,1296040739000,0.7332937354716179,0.7335088864601594,0.7332614737089099,0.7333582675144288,60000000,1
1296040740000,1296040799000,0.733369023959166,0.7334443279082902,0.733369023959166,0.7334443279082902,41000000,1
1296040800000,1296040859000,0.7334228109162652,0.7335949822103216,0.7333797807194455,0.7335896006338215,49000000,1
1296040860000,1296040919000,0.7335896006338215,0.7336218912772358,0.7334819856824317,0.7335142668524903,47000000,1
1296040920000,1296040979000,0.7334819856824317,0.7335196473237536,0.7334228109162652,0.7335196473237536,39000000,1
1296040980000,1296041039000,0.7335196473237536,0.733745698415843,0.7335196473237536,0.7336218912772358,76000000,1
1296041040000,1296041099000,0.7336488023183302,0.7338426201116909,0.7333528894103843,0.7334281900459126,98000000,1
1296041100000,1296041159000,0.7334281900459126,0.7335573128328515,0.7334120528936772,0.7335573128328515,56000000,1
1296041160000,1296041219000,0.7335465508641178,0.7336595672875872,0.7334443279082902,0.7335196473237536,134000000,1
1296041220000,1296041279000,0.7335196473237536,0.7335842191362779,0.733315244890626,0.7335411699981661,76000000,1
1296041280000,1296041339000,0.7335573128328515,0.7335573128328515,0.7333959164515371,0.7334174318655206,75000000,1
1296041340000,1296041399000,0.7334174318655206,0.7335680751173709,0.7333905377952814,0.7333905377952814,89000000,1
1296041400000,1296041459000,0.7334012951866873,0.7334012951866873,0.7331915829606277,0.7332453438920663,130000000,1
1296041460000,1296041519000,0.7332722273143905,0.733336755571526,0.7332722273143905,0.7333206224425443,55000000,1
1296041520000,1296041579000,0.7333044900233924,0.7334927457567445,0.7332184624408843,0.7332883583140234,108000000,1
1296041580000,1296041639000,0.7332883583140234,0.733369023959166,0.7332023345162331,0.7333421334389346,95000000,1
1296041640000,1296041699000,0.7333528894103843,0.7333528894103843,0.7331969586990152,0.7332399674441454,83000000,1
1296041700000,1296041759000,0.7332453438920663,0.7332776042354114,0.7330303474563846,0.7330625888838389,70000000,1
1296041760000,1296041819000,0.7330518414262256,0.7331539549990103,0.7329712455380376,0.7330249741608698,139000000,1
1296041820000,1296041879000,0.7330088547469654,0.7330894589066703,0.7329336401882174,0.7330034817665384,104000000,1
1296041880000,1296041939000,0.7330034817665384,0.7331163308993871,0.7329551284870339,0.7331163308993871,69000000,1
1296041940000,1296041999000,0.7331109563432425,0.7331109563432425,0.733035720830676,0.7330679627308248,45000000,1
1296042000000,1296042059000,0.7330679627308248,0.7331378299120234,0.7329819906324901,0.7330464678155948,65000000,1
1296042060000,1296042119000,0.7330464678155948,0.7332292147848338,0.7330088547469654,0.7331754562184276,76000000,1
1296042120000,1296042179000,0.7331754562184276,0.7331754562184276,0.7330303474563846,0.7330733366565991,74000000,1
1296042180000,1296042239000,0.7330733366565991,0.7331217055343358,0.7330034817665384,0.7330572151156398,93000000,1
1296042240000,1296042299000,0.7330894589066703,0.7330894589066703,0.7328638119178313,0.7328638119178313,66000000,1
1296042300000,1296042359000,0.7328638119178313,0.7331055818659002,0.7328638119178313,0.7330034817665384,104000000,1
1296042360000,1296042419000,0.7331109563432425,0.7331378299120234,0.7328745538626154,0.7328799249530957,138000000,1
1296042420000,1296042479000,0.732901410102313,0.7332829812352885,0.732853070287938,0.7332776042354114,89000000,1
1296042480000,1296042539000,0.7332937354716179,0.7334981259122884,0.7332937354716179,0.7334228109162652,53000000,1
1296042540000,1296042599000,0.7334228109162652,0.7334819856824317,0.7333528894103843,0.7334819856824317,50000000,1
1296042600000,1296042659000,0.7334819856824317,0.7336326554567597,0.7334497073535667,0.7335949822103216,36000000,1
1296042660000,1296042719000,0.7335949822103216,0.7336595672875872,0.7334228109162652,0.7334335692544648,104000000,1
1296042720000,1296042779000,0.7334281900459126,0.7334927457567445,0.7333528894103843,0.7334604664808567,75000000,1
1296042780000,1296042839000,0.7334335692544648,0.7334981259122884,0.7332560970244467,0.7333528894103843,81000000,1
1296042840000,1296042899000,0.733315244890626,0.7333421334389346,0.7332184624408843,0.7332453438920663,79000000,1
1296042900000,1296042959000,0.7332453438920663,0.733315244890626,0.7332399674441454,0.7332668504722238,62000000,1
1296042960000,1296043019000,0.7332453438920663,0.7333313777829926,0.7332023345162331,0.7333313777829926,67000000,1
1296043020000,1296043079000,0.7333206224425443,0.7334228109162652,0.7332507204188328,0.7334120528936772,103000000,1
1296043080000,1296043139000,0.7334497073535667,0.7335142668524903,0.7332722273143905,0.7332722273143905,73000000,1
1296043140000,1296043199000,0.7332560970244467,0.7334389485419234,0.732965873108948,0.732965873108948,116000000,1
1296043200000,1296043259000,0.7329551284870339,0.733094833147616,0.73290678158645,0.7330733366565991,87000000,1
1296043260000,1296043319000,0.7330840847445201,0.7331485798912007,0.7330733366565991,0.7331432048622057,27000000,1
1296043320000,1296043379000,0.7331485798912007,0.7335842191362779,0.7331055818659002,0.7334174318655206,84000000,1
1296043380000,1296043439000,0.7334174318655206,0.7336272733275133,0.7334174318655206,0.7334981259122884,59000000,1
1296043440000,1296043499000,0.7335304085030845,0.7335788377176895,0.7334604664808567,0.7334927457567445,76000000,1
1296043500000,1296043559000,0.7334658461628734,0.7335788377176895,0.7334012951866873,0.7334120528936772,42000000,1
1296043560000,1296043619000,0.7334012951866873,0.7334658461628734,0.7333636456973555,0.733385159217918,49000000,1
1296043620000,1296043679000,0.7333313777829926,0.733385159217918,0.7333206224425443,0.7333475113852201,43000000,1
1296043680000,1296043739000,0.7333636456973555,0.7334174318655206,0.7333313777829926,0.7334174318655206,26000000,1
1296043740000,1296043799000,0.7334174318655206,0.7334174318655206,0.7332668504722238,0.7333313777829926,54000000,1
1296043800000,1296043859000,0.7333206224425443,0.7333206224425443,0.7332238385734398,0.733315244890626,59000000,1
1296043860000,1296043919000,0.733315244890626,0.7334550868777551,0.733309867417576,0.733309867417576,64000000,1
1296043920000,1296043979000,0.7333044900233924,0.7333421334389346,0.7332292147848338,0.7332292147848338,34000000,1
1296043980000,1296044039000,0.7332292147848338,0.7332292147848338,0.7330625888838389,0.7331539549990103,67000000,1
1296044040000,1296044099000,0.7331539549990103,0.7331862073010683,0.7329390121447994,0.7329390121447994,59000000,1
1296044100000,1296044159000,0.7329390121447994,0.7329712455380376,0.7327993668613471,0.7328638119178313,78000000,1
1296044160000,1296044219000,0.732847699591071,0.7330410942837455,0.7328369584334877,0.7328638119178313,60000000,1
1296044220000,1296044279000,0.7328691828508611,0.732901410102313,0.7328047368498191,0.7328047368498191,58000000,1
1296044280000,1296044339000,0.7328047368498191,0.7328799249530957,0.7328047368498191,0.7328262175907606,57000000,1
1296044340000,1296044399000,0.7328262175907606,0.7330088547469654,0.7328262175907606,0.7329336401882174,46000000,1
1296044400000,1296044459000,0.7329390121447994,0.7331163308993871,0.7329175247909353,0.7330733366565991,79000000,1
1296044460000,1296044519000,0.7330894589066703,0.7331539549990103,0.7330249741608698,0.7331270802480901,48000000,1
1296044520000,1296044579000,0.7331109563432425,0.7331109563432425,0.7328423289729216,0.7330518414262256,81000000,1
1296044580000,1296044639000,0.7330840847445201,0.7331862073010683,0.7330733366565991,0.7331217055343358,52000000,1
1296044640000,1296044699000,0.7331270802480901,0.7334335692544648,0.7331270802480901,0.7332937354716179,71000000,1
1296044700000,1296044759000,0.7332507204188328,0.7332991127080737,0.7330840847445201,0.733159330185636,89000000,1
1296044760000,1296044819000,0.733170080795343,0.7333313777829926,0.733170080795343,0.7333044900233924,67000000,1
1296044820000,1296044879000,0.7332991127080737,0.7334766057636591,0.7332776042354114,0.7334497073535667,73000000,1
1296044880000,1296044939000,0.7334443279082902,0.7334443279082902,0.7331862073010683,0.7332399674441454,91000000,1
1296044940000,1296044999000,0.7332292147848338,0.733336755571526,0.7332292147848338,0.7333206224425443,41000000,1
1296045000000,1296045059000,0.7333206224425443,0.7334228109162652,0.7332507204188328,0.7333636456973555,62000000,1
1296045060000,1296045119000,0.7333582675144288,0.7334819856824317,0.7333475113852201,0.7334281900459126,38000000,1
1296045120000,1296045179000,0.7334120528936772,0.7334819856824317,0.7333475113852201,0.7334497073535667,90000000,1
1296045180000,1296045239000,0.7334335692544648,0.7334550868777551,0.733369023959166,0.7333905377952814,47000000,1
1296045240000,1296045299000,0.7334335692544648,0.7334443279082902,0.7333044900233924,0.7334389485419234,76000000,1
1296045300000,1296045359000,0.7334389485419234,0.7335304085030845,0.7333313777829926,0.7335304085030845,54000000,1
1296045360000,1296045419000,0.7336057456001995,0.7336595672875872,0.733525027873951,0.7335896006338215,91000000,1
1296045420000,1296045479000,0.7335896006338215,0.7336218912772358,0.7335035061467593,0.7335896006338215,51000000,1
1296045480000,1296045539000,0.7335734563780545,0.7336003638657804,0.7334873656801262,0.7335142668524903,72000000,1
1296045540000,1296045599000,0.7335142668524903,0.7335196473237536,0.7334550868777551,0.7334550868777551,73000000,1
1296045600000,1296045659000,0.7334604664808567,0.7334658461628734,0.733336755571526,0.733336755571526,66000000,1
1296045660000,1296045719000,0.7333636456973555,0.7334174318655206,0.7332184624408843,0.7332184624408843,68000000,1
1296045720000,1296045779000,0.7332184624408843,0.7333582675144288,0.7331915829606277,0.7333421334389346,67000000,1
1296045780000,1296045839000,0.7333421334389346,0.733369023959166,0.7332614737089099,0.7332614737089099,57000000,1
1296045840000,1296045899000,0.7332614737089099,0.7332614737089099,0.7331217055343358,0.7331808317203355,44000000,1
1296045900000,1296045959000,0.7332023345162331,0.7332883583140234,0.7331808317203355,0.7331915829606277,59000000,1
1296045960000,1296046019000,0.7331915829606277,0.7331969586990152,0.7330303474563846,0.7331002074673588,88000000,1
1296046020000,1296046079000,0.7331324550406523,0.7332560970244467,0.733094833147616,0.7331163308993871,73000000,1
1296046080000,1296046139000,0.7331002074673588,0.7331969586990152,0.7330787106611637,0.7331002074673588,72000000,1
1296046140000,1296046199000,0.7331109563432425,0.7333421334389346,0.7331109563432425,0.7332614737089099,70000000,1
1296046200000,1296046259000,0.7332883583140234,0.7333905377952814,0.7332614737089099,0.7333905377952814,107000000,1
1296046260000,1296046319000,0.7333905377952814,0.7335519318090125,0.7333260000733326,0.7334443279082902,95000000,1
1296046320000,1296046379000,0.7334443279082902,0.733471225923807,0.7333260000733326,0.7334658461628734,69000000,1
1296046380000,1296046439000,0.7334658461628734,0.7335626939356372,0.7333475113852201,0.7335626939356372,97000000,1
1296046440000,1296046499000,0.7335680751173709,0.7336918640909191,0.7334658461628734,0.7334873656801262,98000000,1
1296046500000,1296046559000,0.7334873656801262,0.7335304085030845,0.7332668504722238,0.7332668504722238,91000000,1
1296046560000,1296046619000,0.7332668504722238,0.7334819856824317,0.7332292147848338,0.7332937354716179,93000000,1
1296046620000,1296046679000,0.7332776042354114,0.7332883583140234,0.732965873108948,0.7331217055343358,95000000,1
1296046680000,1296046739000,0.7331270802480901,0.7332399674441454,0.7330303474563846,0.7331217055343358,83000000,1
1296046740000,1296046799000,0.7331378299120234,0.7332023345162331,0.7330142278061617,0.7331055818659002,82000000,1
1296046800000,1296046859000,0.733094833147616,0.7331163308993871,0.732922896511287,0.7330733366565991,117000000,1
1296046860000,1296046919000,0.7330410942837455,0.7331915829606277,0.7330142278061617,0.7331915829606277,104000000,1
1296046920000,1296046979000,0.7331485798912007,0.733170080795343,0.7328154770628755,0.7329819906324901,60000000,1
1296046980000,1296047039000,0.7329927360419858,0.7332023345162331,0.7329927360419858,0.7331270802480901,119000000,1
1296047040000,1296047099000,0.7331055818659002,0.7332238385734398,0.7330518414262256,0.733094833147616,79000000,1
1296047100000,1296047159000,0.7331002074673588,0.7332991127080737,0.7331002074673588,0.7332023345162331,68000000,1
1296047160000,1296047219000,0.7332130863871658,0.7333582675144288,0.7332023345162331,0.7333582675144288,78000000,1
1296047220000,1296047279000,0.7333475113852201,0.733525027873951,0.7333475113852201,0.7334927457567445,107000000,1
1296047280000,1296047339000,0.7335035061467593,0.733778002803032,0.7334550868777551,0.7337403146278468,130000000,1
1296047340000,1296047399000,0.7337403146278468,0.7337510822828464,0.733369023959166,0.7335734563780545,119000000,1
1296047400000,1296047459000,0.7336057456001995,0.7337026303239297,0.7334658461628734,0.7335357892111557,130000000,1
1296047460000,1296047519000,0.7335142668524903,0.7336918640909191,0.7333206224425443,0.7333959164515371,112000000,1
1296047520000,1296047579000,0.7333959164515371,0.7335088864601594,0.7333744022998621,0.7334228109162652,82000000,1
1296047580000,1296047639000,0.7334389485419234,0.733664949890684,0.7334389485419234,0.733664949890684,92000000,1
1296047640000,1296047699000,0.7336595672875872,0.7336918640909191,0.7336003638657804,0.7336810981738678,76000000,1
1296047700000,1296047759000,0.7336757153338225,0.7336972471679286,0.7334281900459126,0.7335573128328515,121000000,1
1296047760000,1296047819000,0.7335573128328515,0.7336380376649768,0.7334120528936772,0.7335304085030845,55000000,1
1296047820000,1296047879000,0.7335465508641178,0.7336757153338225,0.7335304085030845,0.7335680751173709,58000000,1
1296047880000,1296047939000,0.7335680751173709,0.7337241637378843,0.7335680751173709,0.7336703325727617,34000000,1
1296047940000,1296047999000,0.7336703325727617,0.7337349309188563,0.7335573128328515,0.7335573128328515,59000000,1
1296048000000,1296048059000,0.7335680751173709,0.7336003638657804,0.7333313777829926,0.7335088864601594,106000000,1
1296048060000,1296048119000,0.7334873656801262,0.7337295472888693,0.7334497073535667,0.7337295472888693,78000000,1
1296048120000,1296048179000,0.7337295472888693,0.7340419284749545,0.7336595672875872,0.7338803187976105,136000000,1
1296048180000,1296048239000,0.7338803187976105,0.7341065922771987,0.7338049252986586,0.7338857046403593,80000000,1
1296048240000,1296048299000,0.7338695473492631,0.7340473166900339,0.7338318497699436,0.733961114740141,66000000,1
1296048300000,1296048359000,0.733961114740141,0.734020376405649,0.7338803187976105,0.7339665017688592,52000000,1
1296048360000,1296048419000,0.7339665017688592,0.7341389284508201,0.7339503409199334,0.7341389284508201,41000000,1
1296048420000,1296048479000,0.7341497078084163,0.7342629101776182,0.7339234077531668,0.7340042131841836,98000000,1
1296048480000,1296048539000,0.734063481809907,0.7340850364106178,0.7339341807826675,0.7340096008455791,51000000,1
1296048540000,1296048599000,0.7339557277904998,0.733998825601879,0.7336165093059254,0.7337510822828464,82000000,1
1296048600000,1296048659000,0.7337510822828464,0.7339503409199334,0.733745698415843,0.7339180213570144,79000000,1
1296048660000,1296048719000,0.7338857046403593,0.7339826633294921,0.7338103100348561,0.733928794228384,89000000,1
1296048720000,1296048779000,0.733896476563016,0.7341820477805676,0.7338803187976105,0.734063481809907,68000000,1
1296048780000,1296048839000,0.7340688703414154,0.7342251721758029,0.7340149885860668,0.7340796476417691,77000000,1
1296048840000,1296048899000,0.7340796476417691,0.7341928284044522,0.7339665017688592,0.7340311522821028,85000000,1
1296048900000,1296048959000,0.7340311522821028,0.7342952601240958,0.7340042131841836,0.7342089999339212,86000000,1
1296048960000,1296049019000,0.7342089999339212,0.7344786303442501,0.734187438052935,0.7344192946637094,112000000,1
1296049020000,1296049079000,0.7344300822561692,0.7344786303442501,0.7343330053312577,0.734413900986318,132000000,1
1296049080000,1296049139000,0.7344246884203259,0.7345973304733011,0.7344192946637094,0.7344840249724569,88000000,1
1296049140000,1296049199000,0.7344624469350882,0.734575745778026,0.7344624469350882,0.7345109993022145,50000000,1
1296049200000,1296049259000,0.7345109993022145,0.7345433711133473,0.7343437903889084,0.7345056042777607,88000000,1
1296049260000,1296049319000,0.7345002093325597,0.7345811418329268,0.734413900986318,0.7344300822561692,73000000,1
1296049320000,1296049379000,0.7344570526238478,0.7346081232966274,0.7344570526238478,0.7346081232966274,72000000,1
1296049380000,1296049439000,0.7346405036695293,0.7347106709377846,0.7345325801925945,0.7346890795815211,71000000,1
1296049440000,1296049499000,0.734667489494255,0.7348240463820938,0.7343815405855958,0.7343923270689668,120000000,1
1296049500000,1296049559000,0.7343977204294757,0.734672886897109,0.7343923270689668,0.7346459006758742,87000000,1
1296049560000,1296049619000,0.734635106742481,0.7346836819407404,0.734446264239077,0.734672886897109,92000000,1
1296049620000,1296049679000,0.7346620921707061,0.7348942487176096,0.7346297098947276,0.7346297098947276,154000000,1
1296049680000,1296049739000,0.7346135198272189,0.7346566949264608,0.7345325801925945,0.7346297098947276,64000000,1
1296049740000,1296049799000,0.7346297098947276,0.7346297098947276,0.7344786303442501,0.7344786303442501,61000000,1
1296049800000,1296049859000,0.7344894196799094,0.7345487666926207,0.7343977204294757,0.7344192946637094,80000000,1
1296049860000,1296049919000,0.7344246884203259,0.7344786303442501,0.7343222205903951,0.7343383978204837,66000000,1
1296049920000,1296049979000,0.7343599685693933,0.7343599685693933,0.7339234077531668,0.7339234077531668,106000000,1
1296049980000,1296050039000,0.733896476563016,0.7339557277904998,0.733745698415843,0.7337995406414876,112000000,1
1296050040000,1296050099000,0.7337510822828464,0.7339503409199334,0.733745698415843,0.7339503409199334,90000000,1
1296050100000,1296050159000,0.733928794228384,0.733977276063533,0.733745698415843,0.733853390769592,106000000,1
1296050160000,1296050219000,0.7339180213570144,0.7339449541284403,0.7338318497699436,0.7339072488018964,58000000,1
1296050220000,1296050279000,0.7339126350399249,0.7339557277904998,0.7338749330339124,0.7338749330339124,35000000,1
1296050280000,1296050339000,0.7338749330339124,0.7339503409199334,0.7337995406414876,0.7339341807826675,46000000,1
1296050340000,1296050399000,0.7339341807826675,0.7339341807826675,0.7338049252986586,0.733896476563016,52000000,1
1296050400000,1296050459000,0.733928794228384,0.7340580933575083,0.7337941560633411,0.7338803187976105,93000000,1
1296050460000,1296050519000,0.7339072488018964,0.7342844764918826,0.7339072488018964,0.7342359540661987,126000000,1
1296050520000,1296050579000,0.7342197813493491,0.7343977204294757,0.7341604874825637,0.7342683016374183,75000000,1
1296050580000,1296050639000,0.7342790847945487,0.7345379756133392,0.7342143906020557,0.7344031138692028,85000000,1
1296050640000,1296050699000,0.7343761474627305,0.7345865379671052,0.7343761474627305,0.734554162351161,124000000,1
1296050700000,1296050759000,0.7345379756133392,0.734743060351795,0.7344678413255676,0.7346243131262672,121000000,1
1296050760000,1296050819000,0.7346243131262672,0.734743060351795,0.7345973304733011,0.7347106709377846,78000000,1
1296050820000,1296050879000,0.7347322635631576,0.7348564457933142,0.7347322635631576,0.7348402457305782,73000000,1
1296050880000,1296050939000,0.7348402457305782,0.7348402457305782,0.7346836819407404,0.7346836819407404,45000000,1
1296050940000,1296050999000,0.7346836819407404,0.7347484588651075,0.7344678413255676,0.7344894196799094,58000000,1
1296051000000,1296051059000,0.7344894196799094,0.7344894196799094,0.7342413451301443,0.7343276129212286,88000000,1
1296051060000,1296051119000,0.7343276129212286,0.7343276129212286,0.7341443180900501,0.7342844764918826,87000000,1
1296051120000,1296051179000,0.7343168283387551,0.7343923270689668,0.7342844764918826,0.7343114361663068,56000000,1
1296051180000,1296051239000,0.7343114361663068,0.7343330053312577,0.7342521274955394,0.7342521274955394,56000000,1
1296051240000,1296051299000,0.7342790847945487,0.7344840249724569,0.734198218835121,0.7344354761712409,89000000,1
1296051300000,1296051359000,0.7344354761712409,0.734575745778026,0.7343653614546309,0.7345379756133392,68000000,1
1296051360000,1296051419000,0.7345379756133392,0.7346189164370982,0.7343977204294757,0.7344894196799094,64000000,1
1296051420000,1296051479000,0.7344732357952876,0.7347322635631576,0.7344354761712409,0.7346836819407404,94000000,1
1296051480000,1296051539000,0.7346566949264608,0.7347160689751445,0.7345002093325597,0.7345163944059232,110000000,1
1296051540000,1296051599000,0.7345163944059232,0.7345163944059232,0.7342359540661987,0.7343006520589791,84000000,1
1296051600000,1296051659000,0.7342898682683976,0.734635106742481,0.7342898682683976,0.7345217895888883,71000000,1
1296051660000,1296051719000,0.7345325801925945,0.7345325801925945,0.7343869337876741,0.7345002093325597,67000000,1
1296051720000,1296051779000,0.7345002093325597,0.7345056042777607,0.7342089999339212,0.7342575187969925,86000000,1
1296051780000,1296051839000,0.7342467362732573,0.7342629101776182,0.7340580933575083,0.7341335388907242,80000000,1
1296051840000,1296051899000,0.7341550976059202,0.7343977204294757,0.7341335388907242,0.7341389284508201,117000000,1
1296051900000,1296051959000,0.7341604874825637,0.7342089999339212,0.7341119814416491,0.7341173706852252,80000000,1
1296051960000,1296052019000,0.7341119814416491,0.7342143906020557,0.7341119814416491,0.7341766575873487,87000000,1
1296052020000,1296052079000,0.7341550976059202,0.7342036093449436,0.7340796476417691,0.7340796476417691,103000000,1
1296052080000,1296052139000,0.7340796476417691,0.7341335388907242,0.7338049252986586,0.7341335388907242,100000000,1
1296052140000,1296052199000,0.7341119814416491,0.7343114361663068,0.7340473166900339,0.7340958141856675,87000000,1
1296052200000,1296052259000,0.7341119814416491,0.7341281494097609,0.7339341807826675,0.7339934380986635,108000000,1
1296052260000,1296052319000,0.7339934380986635,0.7340904252585834,0.733896476563016,0.733896476563016,92000000,1
1296052320000,1296052379000,0.7338857046403593,0.7338910905621605,0.7337510822828464,0.733853390769592,56000000,1
1296052380000,1296052439000,0.733853390769592,0.7340796476417691,0.7338103100348561,0.7338210797443367,87000000,1
1296052440000,1296052499000,0.7338210797443367,0.7338210797443367,0.7335357892111557,0.7335357892111557,67000000,1
1296052500000,1296052559000,0.7335357892111557,0.7336326554567597,0.7335304085030845,0.7336111274135806,89000000,1
1296052560000,1296052619000,0.7336541847634699,0.7338049252986586,0.7335573128328515,0.7335680751173709,134000000,1
1296052620000,1296052679000,0.7335573128328515,0.7336703325727617,0.7335304085030845,0.7336595672875872,129000000,1
1296052680000,1296052739000,0.7336595672875872,0.7337080135589241,0.7335734563780545,0.7336003638657804,94000000,1
1296052740000,1296052799000,0.7336111274135806,0.7336326554567597,0.7335304085030845,0.7335573128328515,82000000,1
1296052800000,1296052859000,0.7335734563780545,0.7337133968729135,0.7335357892111557,0.7335842191362779,151000000,1
1296052860000,1296052919000,0.7335626939356372,0.7338264647176236,0.7335519318090125,0.7338103100348561,109000000,1
1296052920000,1296052979000,0.7337833871441151,0.733896476563016,0.7337187802658998,0.7338857046403593,96000000,1
1296052980000,1296053039000,0.7338587762171048,0.733998825601879,0.7337187802658998,0.7338318497699436,135000000,1
1296053040000,1296053099000,0.7338372349012989,0.7340419284749545,0.7337241637378843,0.7340419284749545,61000000,1
1296053100000,1296053159000,0.734063481809907,0.7342036093449436,0.7340096008455791,0.7341550976059202,77000000,1
1296053160000,1296053219000,0.734187438052935,0.7344192946637094,0.734187438052935,0.7342521274955394,92000000,1
1296053220000,1296053279000,0.7342790847945487,0.7343491830365338,0.7341281494097609,0.7342790847945487,102000000,1
1296053280000,1296053339000,0.7342844764918826,0.7344516583918446,0.7339503409199334,0.7339503409199334,149000000,1
1296053340000,1296053399000,0.733961114740141,0.7340958141856675,0.7337026303239297,0.7337295472888693,130000000,1
1296053400000,1296053459000,0.7337295472888693,0.7338749330339124,0.7336864810928994,0.733745698415843,115000000,1
1296053460000,1296053519000,0.7337403146278468,0.7338910905621605,0.7337295472888693,0.7338641617436613,114000000,1
1296053520000,1296053579000,0.7338587762171048,0.7338641617436613,0.7335734563780545,0.7336218912772358,99000000,1
1296053580000,1296053639000,0.7336326554567597,0.7336326554567597,0.7334819856824317,0.7335142668524903,76000000,1
1296053640000,1296053699000,0.7335142668524903,0.7335842191362779,0.7334281900459126,0.7334873656801262,114000000,1
1296053700000,1296053759000,0.7335626939356372,0.733778002803032,0.7335142668524903,0.7336918640909191,118000000,1
1296053760000,1296053819000,0.7336810981738678,0.7339180213570144,0.7336810981738678,0.733853390769592,110000000,1
1296053820000,1296053879000,0.733853390769592,0.7338695473492631,0.7337295472888693,0.7338695473492631,54000000,1
1296053880000,1296053939000,0.7338426201116909,0.733853390769592,0.7337133968729135,0.7338426201116909,79000000,1
1296053940000,1296053999000,0.7338641617436613,0.7340473166900339,0.7336864810928994,0.7337026303239297,113000000,1
1296054000000,1296054059000,0.7337026303239297,0.7342736931763946,0.7336003638657804,0.734198218835121,189000000,1
1296054060000,1296054119000,0.7341712674732762,0.7345325801925945,0.7341712674732762,0.7344192946637094,159000000,1
1296054120000,1296054179000,0.7344354761712409,0.734446264239077,0.7343006520589791,0.7344408701655429,106000000,1
1296054180000,1296054239000,0.7344354761712409,0.7344732357952876,0.7343437903889084,0.7344246884203259,95000000,1
1296054240000,1296054299000,0.7344246884203259,0.7349320555314661,0.7344246884203259,0.7348942487176096,130000000,1
1296054300000,1296054359000,0.7349104511615259,0.7350076808302647,0.7346620921707061,0.7347700537116909,206000000,1
1296054360000,1296054419000,0.7347592561297291,0.7352346501385918,0.7347538574577517,0.7352346501385918,205000000,1
1296054420000,1296054479000,0.7352346501385918,0.7352995242612078,0.7349266543198989,0.7349590627802032,172000000,1
1296054480000,1296054539000,0.734975268082229,0.7350995324766973,0.7346782843792703,0.7347700537116909,151000000,1
1296054540000,1296054599000,0.7347484588651075,0.7348456456721266,0.7344840249724569,0.734554162351161,155000000,1
1296054600000,1296054659000,0.7345325801925945,0.7346512977615175,0.7342251721758029,0.7342736931763946,172000000,1
1296054660000,1296054719000,0.7342575187969925,0.7345056042777607,0.734198218835121,0.7344786303442501,185000000,1
1296054720000,1296054779000,0.7344732357952876,0.734554162351161,0.7343923270689668,0.7344570526238478,161000000,1
1296054780000,1296054839000,0.7344408701655429,0.7344732357952876,0.7341712674732762,0.7342844764918826,157000000,1
1296054840000,1296054899000,0.7343006520589791,0.734446264239077,0.7342251721758029,0.7343707544190761,154000000,1
1296054900000,1296054959000,0.7343869337876741,0.734413900986318,0.7336595672875872,0.7337349309188563,133000000,1
1296054960000,1296055019000,0.733745698415843,0.7339557277904998,0.733745698415843,0.7339557277904998,178000000,1
1296055020000,1296055079000,0.733961114740141,0.7341173706852252,0.7338695473492631,0.734063481809907,95000000,1
1296055080000,1296055139000,0.7340796476417691,0.7341928284044522,0.7340796476417691,0.7341227600079284,52000000,1
1296055140000,1296055199000,0.7341065922771987,0.7343168283387551,0.734036540338978,0.7343006520589791,135000000,1
1296055200000,1296055259000,0.7342952601240958,0.7344624469350882,0.7341389284508201,0.7344624469350882,163000000,1
1296055260000,1296055319000,0.7344624469350882,0.7345271848511113,0.7342844764918826,0.7344354761712409,107000000,1
1296055320000,1296055379000,0.734446264239077,0.7345703498024005,0.7343653614546309,0.7344300822561692,127000000,1
1296055380000,1296055439000,0.7344192946637094,0.7344678413255676,0.7341065922771987,0.7341173706852252,151000000,1
1296055440000,1296055499000,0.7341550976059202,0.7341820477805676,0.733998825601879,0.7340904252585834,128000000,1
1296055500000,1296055559000,0.7340850364106178,0.734198218835121,0.7338910905621605,0.734198218835121,114000000,1
1296055560000,1296055619000,0.734198218835121,0.7343060440730487,0.7341119814416491,0.7341604874825637,147000000,1
1296055620000,1296055679000,0.7341389284508201,0.7346297098947276,0.7341389284508201,0.7346297098947276,134000000,1
1296055680000,1296055739000,0.7346189164370982,0.7346512977615175,0.7344354761712409,0.7345865379671052,160000000,1
1296055740000,1296055799000,0.7345973304733011,0.7347052729797442,0.7343761474627305,0.7344031138692028,97000000,1
1296055800000,1296055859000,0.7343869337876741,0.7344354761712409,0.7341443180900501,0.7343114361663068,134000000,1
1296055860000,1296055919000,0.7342952601240958,0.7343383978204837,0.734198218835121,0.7342251721758029,126000000,1
1296055920000,1296055979000,0.7342089999339212,0.7342089999339212,0.733988050674535,0.7340149885860668,121000000,1
1296055980000,1296056039000,0.733998825601879,0.7340527049842178,0.7338156948500815,0.7340527049842178,144000000,1
1296056040000,1296056099000,0.7340042131841836,0.734187438052935,0.7340042131841836,0.7341497078084163,140000000,1
1296056100000,1296056159000,0.7341389284508201,0.7341604874825637,0.7338803187976105,0.7341604874825637,128000000,1
1296056160000,1296056219000,0.7341820477805676,0.7342413451301443,0.7341012031918721,0.7341012031918721,93000000,1
1296056220000,1296056279000,0.7341012031918721,0.7341227600079284,0.7339234077531668,0.7340958141856675,76000000,1
1296056280000,1296056339000,0.7340958141856675,0.7340958141856675,0.7338372349012989,0.7339072488018964,105000000,1
1296056340000,1296056399000,0.7339018626429274,0.7339072488018964,0.7336595672875872,0.7337241637378843,122000000,1
1296056400000,1296056459000,0.7337133968729135,0.733853390769592,0.7336272733275133,0.733853390769592,100000000,1
1296056460000,1296056519000,0.7338372349012989,0.7339341807826675,0.733745698415843,0.733745698415843,126000000,1
1296056520000,1296056579000,0.7337564662288587,0.7338318497699436,0.7336380376649768,0.7336434199521665,146000000,1
1296056580000,1296056639000,0.7336380376649768,0.7337295472888693,0.7335357892111557,0.7336810981738678,154000000,1
1296056640000,1296056699000,0.7337080135589241,0.7338210797443367,0.7336757153338225,0.7338210797443367,95000000,1
1296056700000,1296056759000,0.7338264647176236,0.7338641617436613,0.7336003638657804,0.7336703325727617,126000000,1
1296056760000,1296056819000,0.7336434199521665,0.733896476563016,0.7336434199521665,0.7337295472888693,123000000,1
1296056820000,1296056879000,0.7337510822828464,0.733896476563016,0.733664949890684,0.7338372349012989,91000000,1
1296056880000,1296056939000,0.7338372349012989,0.7338426201116909,0.7337133968729135,0.7337564662288587,87000000,1
1296056940000,1296056999000,0.7337564662288587,0.7338695473492631,0.7337133968729135,0.7337403146278468,54000000,1
1296057000000,1296057059000,0.7337510822828464,0.7337618502538815,0.7334927457567445,0.7335842191362779,126000000,1
1296057060000,1296057119000,0.7335519318090125,0.7337133968729135,0.733525027873951,0.7337133968729135,124000000,1
1296057120000,1296057179000,0.7337241637378843,0.7338318497699436,0.7336488023183302,0.7336541847634699,122000000,1
1296057180000,1296057239000,0.7336810981738678,0.7338803187976105,0.733664949890684,0.7338210797443367,138000000,1
1296057240000,1296057299000,0.7338049252986586,0.7338857046403593,0.7336541847634699,0.7338210797443367,122000000,1
1296057300000,1296057359000,0.7338210797443367,0.733939567416019,0.7336864810928994,0.7337026303239297,104000000,1
1296057360000,1296057419000,0.7336810981738678,0.7338156948500815,0.7336810981738678,0.7338103100348561,122000000,1
1296057420000,1296057479000,0.7338156948500815,0.7338480054011214,0.7335680751173709,0.7336218912772358,111000000,1
1296057480000,1296057539000,0.7336218912772358,0.7336864810928994,0.7332937354716179,0.7333797807194455,132000000,1
1296057540000,1296057599000,0.7333528894103843,0.7336326554567597,0.7333206224425443,0.7336057456001995,150000000,1
1296057600000,1296057659000,0.7336272733275133,0.7338264647176236,0.7335196473237536,0.7338103100348561,145000000,1
1296057660000,1296057719000,0.7337887715642175,0.7339234077531668,0.7337510822828464,0.7338695473492631,162000000,1
1296057720000,1296057779000,0.7338426201116909,0.733961114740141,0.7337080135589241,0.7337080135589241,113000000,1
1296057780000,1296057839000,0.7336972471679286,0.7340742589520356,0.7336972471679286,0.7340311522821028,96000000,1
1296057840000,1296057899000,0.7339718888766561,0.733988050674535,0.733767234357917,0.7339072488018964,59000000,1
1296057900000,1296057959000,0.733896476563016,0.733939567416019,0.7337833871441151,0.7338857046403593,101000000,1
1296057960000,1296058019000,0.7338857046403593,0.7339665017688592,0.7337564662288587,0.733961114740141,98000000,1
1296058020000,1296058079000,0.7339449541284403,0.7340257643043271,0.7338480054011214,0.733998825601879,88000000,1
1296058080000,1296058139000,0.733988050674535,0.7340311522821028,0.7337510822828464,0.7337564662288587,95000000,1
1296058140000,1296058199000,0.7337618502538815,0.733767234357917,0.733525027873951,0.7335465508641178,109000000,1
1296058200000,1296058259000,0.7335465508641178,0.7337726185409665,0.7335304085030845,0.7336003638657804,100000000,1
1296058260000,1296058319000,0.7336326554567597,0.7339180213570144,0.7335734563780545,0.7337026303239297,116000000,1
1296058320000,1296058379000,0.7336864810928994,0.7336864810928994,0.7335465508641178,0.7336434199521665,83000000,1
1296058380000,1296058439000,0.7336595672875872,0.7337241637378843,0.7335519318090125,0.7335519318090125,91000000,1
1296058440000,1296058499000,0.7335680751173709,0.7336541847634699,0.7335411699981661,0.7335896006338215,113000000,1
1296058500000,1296058559000,0.7336003638657804,0.7338049252986586,0.7335842191362779,0.7337295472888693,81000000,1
1296058560000,1296058619000,0.7337510822828464,0.7338372349012989,0.7336057456001995,0.7336111274135806,105000000,1
1296058620000,1296058679000,0.7336218912772358,0.7336703325727617,0.7335411699981661,0.7335519318090125,70000000,1
1296058680000,1296058739000,0.7335411699981661,0.7336272733275133,0.7334981259122884,0.7335357892111557,96000000,1
1296058740000,1296058799000,0.7335680751173709,0.7336488023183302,0.7334497073535667,0.733525027873951,142000000,1
1296058800000,1296058859000,0.7335142668524903,0.7336380376649768,0.7332829812352885,0.7336380376649768,104000000,1
1296058860000,1296058919000,0.7336272733275133,0.7336272733275133,0.7334604664808567,0.7335626939356372,78000000,1
1296058920000,1296058979000,0.7336218912772358,0.7337295472888693,0.7335680751173709,0.7336810981738678,122000000,1
1296058980000,1296059039000,0.7336972471679286,0.733745698415843,0.7335142668524903,0.7336165093059254,100000000,1
1296059040000,1296059099000,0.7336165093059254,0.7336918640909191,0.7334658461628734,0.7336326554567597,96000000,1
1296059100000,1296059159000,0.7336272733275133,0.7337833871441151,0.7336165093059254,0.733767234357917,99000000,1
1296059160000,1296059219000,0.7337726185409665,0.7339234077531668,0.7337403146278468,0.7339072488018964,78000000,1
1296059220000,1296059279000,0.7339072488018964,0.7339665017688592,0.7338210797443367,0.7339503409199334,63000000,1
1296059280000,1296059339000,0.7339503409199334,0.7339503409199334,0.7338156948500815,0.7338264647176236,69000000,1
1296059340000,1296059399000,0.7338480054011214,0.7340419284749545,0.7338318497699436,0.734020376405649,87000000,1
1296059400000,1296059459000,0.734020376405649,0.734020376405649,0.7336488023183302,0.7338587762171048,135000000,1
1296059460000,1296059519000,0.7338587762171048,0.7339072488018964,0.7335465508641178,0.7336972471679286,137000000,1
1296059520000,1296059579000,0.7336810981738678,0.7337403146278468,0.7335411699981661,0.7335842191362779,139000000,1
1296059580000,1296059639000,0.7335842191362779,0.7335842191362779,0.7332722273143905,0.7332722273143905,57000000,1
1296059640000,1296059699000,0.7333313777829926,0.7335734563780545,0.733309867417576,0.7334658461628734,110000000,1
1296059700000,1296059759000,0.7334819856824317,0.7336918640909191,0.7334443279082902,0.7336541847634699,126000000,1
1296059760000,1296059819000,0.7336272733275133,0.7338587762171048,0.7335788377176895,0.7338318497699436,131000000,1
1296059820000,1296059879000,0.7338318497699436,0.7339503409199334,0.7337995406414876,0.7338372349012989,73000000,1
1296059880000,1296059939000,0.7338264647176236,0.7339934380986635,0.7338264647176236,0.7339718888766561,72000000,1
1296059940000,1296059999000,0.733977276063533,0.7340742589520356,0.7338587762171048,0.734036540338978,124000000,1
1296060000000,1296060059000,0.7340419284749545,0.7340904252585834,0.7335788377176895,0.7335842191362779,120000000,1
1296060060000,1296060119000,0.7335896006338215,0.7338318497699436,0.7335896006338215,0.7336595672875872,80000000,1
1296060120000,1296060179000,0.7336595672875872,0.7338264647176236,0.7336595672875872,0.7337941560633411,84000000,1
1296060180000,1296060239000,0.7337995406414876,0.733961114740141,0.7337510822828464,0.7339126350399249,45000000,1
1296060240000,1296060299000,0.7339072488018964,0.7339234077531668,0.7338103100348561,0.7338480054011214,84000000,1
1296060300000,1296060359000,0.7338695473492631,0.733977276063533,0.7337349309188563,0.7339503409199334,84000000,1
1296060360000,1296060419000,0.7339503409199334,0.7340688703414154,0.7339341807826675,0.734020376405649,64000000,1
1296060420000,1296060479000,0.734020376405649,0.734020376405649,0.7338264647176236,0.7338587762171048,113000000,1
1296060480000,1296060539000,0.7338480054011214,0.733961114740141,0.7338264647176236,0.7338641617436613,89000000,1
1296060540000,1296060599000,0.733853390769592,0.7339180213570144,0.7337941560633411,0.7338695473492631,86000000,1
1296060600000,1296060659000,0.7338695473492631,0.7339503409199334,0.7338318497699436,0.7338857046403593,77000000,1
1296060660000,1296060719000,0.7338857046403593,0.733988050674535,0.7338857046403593,0.7339126350399249,71000000,1
1296060720000,1296060779000,0.733928794228384,0.7339341807826675,0.7337833871441151,0.7338587762171048,42000000,1
1296060780000,1296060839000,0.7338803187976105,0.7340042131841836,0.7338803187976105,0.7339557277904998,59000000,1
1296060840000,1296060899000,0.7339557277904998,0.7340527049842178,0.7338641617436613,0.7340527049842178,87000000,1
1296060900000,1296060959000,0.7340527049842178,0.7340688703414154,0.7338049252986586,0.7340688703414154,114000000,1
1296060960000,1296061019000,0.7340850364106178,0.734187438052935,0.7339665017688592,0.7341658774383484,80000000,1
1296061020000,1296061079000,0.7341550976059202,0.7341550976059202,0.7339934380986635,0.7340688703414154,88000000,1
1296061080000,1296061139000,0.7340742589520356,0.7341227600079284,0.7340096008455791,0.7341065922771987,48000000,1
1296061140000,1296061199000,0.7341065922771987,0.7341658774383484,0.733853390769592,0.733853390769592,76000000,1
1296061200000,1296061259000,0.733853390769592,0.7339665017688592,0.733853390769592,0.7339180213570144,100000000,1
1296061260000,1296061319000,0.7339180213570144,0.7339180213570144,0.7337726185409665,0.7338318497699436,82000000,1
1296061320000,1296061379000,0.7337995406414876,0.7338049252986586,0.7335842191362779,0.7335842191362779,81000000,1
1296061380000,1296061439000,0.7335842191362779,0.7336434199521665,0.7334658461628734,0.733471225923807,80000000,1
1296061440000,1296061499000,0.733471225923807,0.7335196473237536,0.733315244890626,0.7334766057636591,90000000,1
1296061500000,1296061559000,0.7334766057636591,0.7334766057636591,0.7333636456973555,0.7334066740007334,73000000,1
1296061560000,1296061619000,0.7334066740007334,0.7334981259122884,0.733315244890626,0.7334766057636591,55000000,1
1296061620000,1296061679000,0.7334766057636591,0.7335896006338215,0.7334335692544648,0.7334335692544648,88000000,1
1296061680000,1296061739000,0.7334550868777551,0.7335680751173709,0.7334550868777551,0.7335142668524903,99000000,1
1296061740000,1296061799000,0.7335142668524903,0.7335142668524903,0.7332776042354114,0.7333044900233924,119000000,1
1296061800000,1296061859000,0.7333044900233924,0.7334335692544648,0.7332238385734398,0.7334281900459126,72000000,1
1296061860000,1296061919000,0.7334120528936772,0.7335949822103216,0.7334120528936772,0.7335304085030845,71000000,1
1296061920000,1296061979000,0.7335304085030845,0.7336595672875872,0.7334658461628734,0.7336380376649768,56000000,1
1296061980000,1296062039000,0.7336541847634699,0.7336810981738678,0.7335896006338215,0.7336380376649768,42000000,1
1296062040000,1296062099000,0.7336326554567597,0.7336810981738678,0.7335788377176895,0.7336434199521665,43000000,1
1296062100000,1296062159000,0.7336434199521665,0.7336434199521665,0.7336380376649768,0.7336380376649768,33000000,1
1296062160000,1296062219000,0.7336434199521665,0.733664949890684,0.7335734563780545,0.7336057456001995,58000000,1
1296062220000,1296062279000,0.7336165093059254,0.7337941560633411,0.7336057456001995,0.7337510822828464,70000000,1
1296062280000,1296062339000,0.733745698415843,0.7337618502538815,0.7336326554567597,0.7336326554567597,65000000,1
1296062340000,1296062399000,0.7336380376649768,0.7337349309188563,0.7336326554567597,0.7336918640909191,61000000,1
1296062400000,1296062459000,0.7336918640909191,0.733778002803032,0.7335304085030845,0.7335411699981661,44000000,1
1296062460000,1296062519000,0.7335573128328515,0.7336434199521665,0.7334766057636591,0.7334766057636591,34000000,1
1296062520000,1296062579000,0.7334228109162652,0.7335680751173709,0.733315244890626,0.7335411699981661,75000000,1
1296062580000,1296062639000,0.7335196473237536,0.7336541847634699,0.7335196473237536,0.7336380376649768,72000000,1
1296062640000,1296062699000,0.7336380376649768,0.7336864810928994,0.7335842191362779,0.7336434199521665,52000000,1
1296062700000,1296062759000,0.7336380376649768,0.7336541847634699,0.7335357892111557,0.7336003638657804,33000000,1
1296062760000,1296062819000,0.7335896006338215,0.7335896006338215,0.733385159217918,0.733385159217918,35000000,1
1296062820000,1296062879000,0.7334335692544648,0.7338587762171048,0.7334335692544648,0.7337080135589241,154000000,1
1296062880000,1296062939000,0.7337080135589241,0.7337187802658998,0.7335465508641178,0.7335573128328515,60000000,1
1296062940000,1296062999000,0.7335734563780545,0.7338372349012989,0.7335411699981661,0.7338372349012989,70000000,1
1296063000000,1296063059000,0.7338480054011214,0.733939567416019,0.7337995406414876,0.7337995406414876,70000000,1
1296063060000,1296063119000,0.7337995406414876,0.733988050674535,0.7337349309188563,0.733988050674535,44000000,1
1296063120000,1296063179000,0.733988050674535,0.7340042131841836,0.7338695473492631,0.733998825601879,63000000,1
1296063180000,1296063239000,0.733998825601879,0.7340904252585834,0.7338480054011214,0.7338587762171048,77000000,1
1296063240000,1296063299000,0.733977276063533,0.734187438052935,0.733961114740141,0.734187438052935,50000000,1
1296063300000,1296063359000,0.7341820477805676,0.7343761474627305,0.7341119814416491,0.7341335388907242,113000000,1
1296063360000,1296063419000,0.7341712674732762,0.7342251721758029,0.7340688703414154,0.7340958141856675,73000000,1
1296063420000,1296063479000,0.7340958141856675,0.7342521274955394,0.7340473166900339,0.7342521274955394,82000000,1
1296063480000,1296063539000,0.7342521274955394,0.734446264239077,0.7342251721758029,0.7342952601240958,95000000,1
1296063540000,1296063599000,0.7342844764918826,0.7343869337876741,0.7342467362732573,0.7343869337876741,76000000,1
1296063600000,1296063659000,0.7343653614546309,0.734413900986318,0.7342683016374183,0.7342683016374183,60000000,1
1296063660000,1296063719000,0.7342683016374183,0.7344085073881496,0.734187438052935,0.7343923270689668,78000000,1
1296063720000,1296063779000,0.7343815405855958,0.7343815405855958,0.7342036093449436,0.7342683016374183,42000000,1
1296063780000,1296063839000,0.7342683016374183,0.7343060440730487,0.7341712674732762,0.7342305630814189,55000000,1
1296063840000,1296063899000,0.7342036093449436,0.7342197813493491,0.7340796476417691,0.7341550976059202,23000000,1
1296063900000,1296063959000,0.7341389284508201,0.7341389284508201,0.7340742589520356,0.7340958141856675,22000000,1
1296063960000,1296064019000,0.7340850364106178,0.7340850364106178,0.733977276063533,0.7339826633294921,24000000,1
1296064020000,1296064079000,0.733988050674535,0.7340904252585834,0.7339665017688592,0.7340473166900339,25000000,1
1296064080000,1296064139000,0.7340473166900339,0.7340473166900339,0.7336972471679286,0.733767234357917,61000000,1
1296064140000,1296064199000,0.7337887715642175,0.7338318497699436,0.7337133968729135,0.733745698415843,83000000,1
1296064200000,1296064259000,0.733745698415843,0.7339126350399249,0.7337295472888693,0.7337887715642175,62000000,1
1296064260000,1296064319000,0.7337887715642175,0.7338587762171048,0.733778002803032,0.7338103100348561,25000000,1
1296064320000,1296064379000,0.7338103100348561,0.7338587762171048,0.7337618502538815,0.7337618502538815,29000000,1
1296064380000,1296064439000,0.7337618502538815,0.7337618502538815,0.733471225923807,0.733471225923807,37000000,1
1296064440000,1296064499000,0.7335088864601594,0.7335573128328515,0.7334228109162652,0.7334228109162652,91000000,1
1296064500000,1296064559000,0.7334228109162652,0.7334228109162652,0.7332722273143905,0.7333206224425443,90000000,1
1296064560000,1296064619000,0.7333421334389346,0.7334174318655206,0.7333044900233924,0.7333797807194455,114000000,1
1296064620000,1296064679000,0.7333797807194455,0.7334281900459126,0.7333636456973555,0.7334174318655206,56000000,1
1296064680000,1296064739000,0.7334174318655206,0.7334174318655206,0.7332991127080737,0.7332991127080737,43000000,1
1296064740000,1296064799000,0.733309867417576,0.7334228109162652,0.7332883583140234,0.7333797807194455,82000000,1
1296064800000,1296064859000,0.7333797807194455,0.7334120528936772,0.7332345910750685,0.733385159217918,127000000,1
1296064860000,1296064919000,0.7333797807194455,0.7333797807194455,0.7331539549990103,0.7331647054510796,83000000,1
1296064920000,1296064979000,0.733170080795343,0.7333206224425443,0.7331485798912007,0.7333044900233924,56000000,1
1296064980000,1296065039000,0.7333206224425443,0.7334873656801262,0.733315244890626,0.7333905377952814,76000000,1
1296065040000,1296065099000,0.7333528894103843,0.7335465508641178,0.7333528894103843,0.7335465508641178,101000000,1
1296065100000,1296065159000,0.7335357892111557,0.7336165093059254,0.7334873656801262,0.7336165093059254,48000000,1
1296065160000,1296065219000,0.7336165093059254,0.7337241637378843,0.7335304085030845,0.7337241637378843,47000000,1
1296065220000,1296065279000,0.7337133968729135,0.7339503409199334,0.7336757153338225,0.7339341807826675,107000000,1
1296065280000,1296065339000,0.7339341807826675,0.7339826633294921,0.7338587762171048,0.733928794228384,54000000,1
1296065340000,1296065399000,0.733928794228384,0.733928794228384,0.7338641617436613,0.7339018626429274,23000000,1
1296065400000,1296065459000,0.7339234077531668,0.7341065922771987,0.7339234077531668,0.7341065922771987,62000000,1
1296065460000,1296065519000,0.7341119814416491,0.7341281494097609,0.733998825601879,0.7340527049842178,46000000,1
1296065520000,1296065579000,0.734036540338978,0.7340958141856675,0.7339665017688592,0.7339826633294921,48000000,1
1296065580000,1296065639000,0.7340419284749545,0.7341389284508201,0.7340419284749545,0.7341012031918721,24000000,1
1296065640000,1296065699000,0.7341550976059202,0.7342089999339212,0.7339826633294921,0.7340850364106178,92000000,1
1296065700000,1296065759000,0.7341065922771987,0.7341766575873487,0.7340850364106178,0.7341119814416491,53000000,1
1296065760000,1296065819000,0.7340904252585834,0.7341227600079284,0.7340473166900339,0.7340688703414154,22000000,1
1296065820000,1296065879000,0.7340904252585834,0.7341227600079284,0.7339234077531668,0.7339449541284403,87000000,1
1296065880000,1296065939000,0.733977276063533,0.7339826633294921,0.7337349309188563,0.7338049252986586,69000000,1
1296065940000,1296065999000,0.7338049252986586,0.7338910905621605,0.733778002803032,0.7337995406414876,50000000,1
1296066000000,1296066059000,0.7337995406414876,0.7347052729797442,0.7337995406414876,0.7345865379671052,143000000,1
1296066060000,1296066119000,0.7345865379671052,0.7349320555314661,0.7343815405855958,0.7348672462319682,149000000,1
1296066120000,1296066179000,0.7348780469881023,0.7348888480617307,0.7343977204294757,0.7343977204294757,97000000,1
1296066180000,1296066239000,0.7343761474627305,0.7344732357952876,0.7343491830365338,0.7344408701655429,50000000,1
1296066240000,1296066299000,0.7344516583918446,0.7349968762632759,0.7344516583918446,0.734975268082229,115000000,1
1296066300000,1296066359000,0.7349860720139353,0.7352562735741544,0.7349320555314661,0.7350563053129869,127000000,1
1296066360000,1296066419000,0.7350400964372606,0.7350725149035953,0.7349644644681429,0.7349914740989004,77000000,1
1296066420000,1296066479000,0.734975268082229,0.734975268082229,0.7346243131262672,0.7347268652878292,87000000,1
1296066480000,1296066539000,0.7347268652878292,0.7347484588651075,0.7345865379671052,0.7346243131262672,144000000,1
1296066540000,1296066599000,0.7346081232966274,0.7346566949264608,0.7345649539060491,0.7345973304733011,99000000,1
1296066600000,1296066659000,0.7345973304733011,0.7348078477478139,0.734554162351161,0.7348078477478139,77000000,1
1296066660000,1296066719000,0.7348240463820938,0.7348240463820938,0.7347538574577517,0.7347754526216789,21000000,1
1296066720000,1296066779000,0.7347754526216789,0.7348294460855636,0.7347160689751445,0.7348240463820938,79000000,1
1296066780000,1296066839000,0.7348456456721266,0.7349482596425211,0.7348024483617579,0.734921253187721,63000000,1
1296066840000,1296066899000,0.7349104511615259,0.7349914740989004,0.7348780469881023,0.7349860720139353,53000000,1
1296066900000,1296066959000,0.7349914740989004,0.7350400964372606,0.7349860720139353,0.7349914740989004,38000000,1
1296066960000,1296067019000,0.7349860720139353,0.7350076808302647,0.734975268082229,0.7349860720139353,28000000,1
1296067020000,1296067079000,0.7349860720139353,0.7350022785070633,0.7348834474852288,0.7348834474852288,44000000,1
1296067080000,1296067139000,0.7348834474852288,0.7348834474852288,0.7347754526216789,0.7348132472132208,67000000,1
1296067140000,1296067199000,0.7348132472132208,0.7348132472132208,0.734672886897109,0.7347214670918255,71000000,1
1296067200000,1296067259000,0.7347214670918255,0.7347376619178123,0.7346620921707061,0.734667489494255,34000000,1
1296067260000,1296067319000,0.734667489494255,0.7346998751010212,0.7345487666926207,0.734667489494255,71000000,1
1296067320000,1296067379000,0.734672886897109,0.734743060351795,0.734554162351161,0.734575745778026,67000000,1
1296067380000,1296067439000,0.734575745778026,0.7345811418329268,0.7344624469350882,0.734554162351161,50000000,1
1296067440000,1296067499000,0.7345703498024005,0.734602726845322,0.7342683016374183,0.7342790847945487,71000000,1
1296067500000,1296067559000,0.7342736931763946,0.7343330053312577,0.7342629101776182,0.7343330053312577,41000000,1
1296067560000,1296067619000,0.7343491830365338,0.734554162351161,0.7343491830365338,0.7344840249724569,60000000,1
1296067620000,1296067679000,0.7344786303442501,0.7344786303442501,0.7342305630814189,0.7342898682683976,76000000,1
1296067680000,1296067739000,0.7342736931763946,0.7344570526238478,0.7342736931763946,0.7344354761712409,71000000,1
1296067740000,1296067799000,0.7344354761712409,0.7344786303442501,0.7344192946637094,0.7344624469350882,24000000,1
1296067800000,1296067859000,0.7344732357952876,0.7344786303442501,0.734446264239077,0.734446264239077,33000000,1
1296067860000,1296067919000,0.7344085073881496,0.7344300822561692,0.7343276129212286,0.7343653614546309,32000000,1
1296067920000,1296067979000,0.7343653614546309,0.7344516583918446,0.7343437903889084,0.7344192946637094,57000000,1
1296067980000,1296068039000,0.7343977204294757,0.7344085073881496,0.7343545757633616,0.7343545757633616,34000000,1
1296068040000,1296068099000,0.7343437903889084,0.7343437903889084,0.7342683016374183,0.7342844764918826,23000000,1
1296068100000,1296068159000,0.7342521274955394,0.7342629101776182,0.7342251721758029,0.7342629101776182,25000000,1
1296068160000,1296068219000,0.7342736931763946,0.734413900986318,0.7341550976059202,0.7341766575873487,82000000,1
1296068220000,1296068279000,0.7342036093449436,0.7342898682683976,0.7340904252585834,0.7341766575873487,53000000,1
1296068280000,1296068339000,0.7341820477805676,0.7342467362732573,0.7341012031918721,0.7341227600079284,45000000,1
1296068340000,1296068399000,0.7341335388907242,0.7341766575873487,0.7340742589520356,0.7340742589520356,34000000,1
1296068400000,1296068459000,0.7341012031918721,0.7341012031918721,0.733939567416019,0.7339557277904998,51000000,1
1296068460000,1296068519000,0.7339718888766561,0.7340419284749545,0.733939567416019,0.7340419284749545,53000000,1
1296068520000,1296068579000,0.734020376405649,0.7341012031918721,0.7339234077531668,0.7341012031918721,79000000,1
1296068580000,1296068639000,0.7341335388907242,0.7344246884203259,0.7341335388907242,0.7344085073881496,67000000,1
1296068640000,1296068699000,0.7343977204294757,0.7345271848511113,0.7343276129212286,0.7344192946637094,72000000,1
1296068700000,1296068759000,0.7344192946637094,0.7344678413255676,0.7342736931763946,0.7344678413255676,64000000,1
1296068760000,1296068819000,0.7344678413255676,0.7344948144666098,0.7341443180900501,0.734198218835121,99000000,1
1296068820000,1296068879000,0.734198218835121,0.7343006520589791,0.734198218835121,0.7343006520589791,22000000,1
1296068880000,1296068939000,0.7343168283387551,0.7343599685693933,0.7342305630814189,0.7342683016374183,58000000,1
1296068940000,1296068999000,0.7343491830365338,0.7345649539060491,0.7343276129212286,0.7345271848511113,49000000,1
1296069000000,1296069059000,0.7345433711133473,0.7346135198272189,0.7344624469350882,0.7345973304733011,63000000,1
1296069060000,1296069119000,0.734635106742481,0.7346890795815211,0.7345217895888883,0.7345919341805627,150000000,1
1296069120000,1296069179000,0.7346189164370982,0.7346459006758742,0.7342521274955394,0.7343168283387551,122000000,1
1296069180000,1296069239000,0.7343437903889084,0.7344246884203259,0.7341443180900501,0.7343707544190761,117000000,1
1296069240000,1296069299000,0.7343491830365338,0.734413900986318,0.7341604874825637,0.7342467362732573,170000000,1
1296069300000,1296069359000,0.7342521274955394,0.7344085073881496,0.7341119814416491,0.7341281494097609,95000000,1
1296069360000,1296069419000,0.7341065922771987,0.7342467362732573,0.7338103100348561,0.7338103100348561,55000000,1
1296069420000,1296069479000,0.7338103100348561,0.7340149885860668,0.7329443841801284,0.7335842191362779,236000000,1
1296069480000,1296069539000,0.7335842191362779,0.7338049252986586,0.7328638119178313,0.7334281900459126,218000000,1
1296069540000,1296069599000,0.7334281900459126,0.7336003638657804,0.7330787106611637,0.7332238385734398,218000000,1
1296069600000,1296069659000,0.7332453438920663,0.7334389485419234,0.7328101069169946,0.7330518414262256,260000000,1
1296069660000,1296069719000,0.7330464678155948,0.733998825601879,0.7329443841801284,0.733998825601879,219000000,1
1296069720000,1296069779000,0.733998825601879,0.7344408701655429,0.7337241637378843,0.7338318497699436,200000000,1
1296069780000,1296069839000,0.7338156948500815,0.7338372349012989,0.7330787106611637,0.7332345910750685,207000000,1
1296069840000,1296069899000,0.7332345910750685,0.7334497073535667,0.7327295641724553,0.7332937354716179,211000000,1
1296069900000,1296069959000,0.7332991127080737,0.7335896006338215,0.7331163308993871,0.7333959164515371,195000000,1
1296069960000,1296070019000,0.7334766057636591,0.733928794228384,0.7334497073535667,0.733928794228384,184000000,1
1296070020000,1296070079000,0.733928794228384,0.7343383978204837,0.7338695473492631,0.7341550976059202,212000000,1
1296070080000,1296070139000,0.7341604874825637,0.7350022785070633,0.7341497078084163,0.7348996494528672,246000000,1
1296070140000,1296070199000,0.7348348458683911,0.7352670857689055,0.7342251721758029,0.7344516583918446,250000000,1
1296070200000,1296070259000,0.734446264239077,0.7344570526238478,0.7341227600079284,0.7342143906020557,237000000,1
1296070260000,1296070319000,0.7342143906020557,0.7345433711133473,0.734036540338978,0.7345433711133473,233000000,1
1296070320000,1296070379000,0.7345433711133473,0.7345703498024005,0.734198218835121,0.7343761474627305,170000000,1
1296070380000,1296070439000,0.7343977204294757,0.7344085073881496,0.733977276063533,0.7342036093449436,133000000,1
1296070440000,1296070499000,0.7341820477805676,0.7343545757633616,0.7338857046403593,0.7343330053312577,145000000,1
1296070500000,1296070559000,0.7342736931763946,0.7345595580889699,0.7340527049842178,0.7345217895888883,140000000,1
1296070560000,1296070619000,0.7344948144666098,0.7347700537116909,0.7343114361663068,0.7346135198272189,136000000,1
1296070620000,1296070679000,0.7345919341805627,0.7347214670918255,0.7344408701655429,0.7345433711133473,143000000,1
1296070680000,1296070739000,0.734575745778026,0.7349698662354843,0.7344570526238478,0.7347160689751445,136000000,1
1296070740000,1296070799000,0.7347376619178123,0.7348456456721266,0.7341928284044522,0.7343653614546309,117000000,1
1296070800000,1296070859000,0.7343491830365338,0.7343707544190761,0.7342413451301443,0.7343330053312577,101000000,1
1296070860000,1296070919000,0.7343545757633616,0.7344678413255676,0.7342736931763946,0.7343437903889084,130000000,1
1296070920000,1296070979000,0.7343545757633616,0.7345271848511113,0.7343168283387551,0.7344624469350882,94000000,1
1296070980000,1296071039000,0.7344354761712409,0.7344354761712409,0.7340311522821028,0.7340527049842178,118000000,1
1296071040000,1296071099000,0.7340527049842178,0.7340904252585834,0.7337941560633411,0.7339126350399249,130000000,1
1296071100000,1296071159000,0.7341173706852252,0.7343923270689668,0.733998825601879,0.7341712674732762,122000000,1
1296071160000,1296071219000,0.7341766575873487,0.7343276129212286,0.7338587762171048,0.7339018626429274,111000000,1
1296071220000,1296071279000,0.7339234077531668,0.7344246884203259,0.7338857046403593,0.7342736931763946,111000000,1
1296071280000,1296071339000,0.7342898682683976,0.7343761474627305,0.7339557277904998,0.7342197813493491,126000000,1
1296071340000,1296071399000,0.7342197813493491,0.7342521274955394,0.733961114740141,0.7341173706852252,90000000,1
1296071400000,1296071459000,0.7341173706852252,0.7343006520589791,0.7340796476417691,0.7342521274955394,132000000,1
1296071460000,1296071519000,0.7342521274955394,0.7342521274955394,0.7339934380986635,0.7339934380986635,90000000,1
1296071520000,1296071579000,0.7339665017688592,0.7340904252585834,0.7338426201116909,0.7338426201116909,84000000,1
1296071580000,1296071639000,0.7338641617436613,0.734063481809907,0.7338049252986586,0.7338210797443367,73000000,1
1296071640000,1296071699000,0.7338210797443367,0.7339234077531668,0.7336703325727617,0.7337618502538815,77000000,1
1296071700000,1296071759000,0.733745698415843,0.733928794228384,0.7336864810928994,0.7337995406414876,85000000,1
1296071760000,1296071819000,0.7337995406414876,0.7340042131841836,0.733745698415843,0.7339126350399249,132000000,1
1296071820000,1296071879000,0.733928794228384,0.7340311522821028,0.7338910905621605,0.7339180213570144,82000000,1
1296071880000,1296071939000,0.733896476563016,0.7341065922771987,0.7338641617436613,0.733977276063533,99000000,1
1296071940000,1296071999000,0.733977276063533,0.7342467362732573,0.733977276063533,0.7341766575873487,108000000,1
1296072000000,1296072059000,0.7341766575873487,0.7341766575873487,0.7338641617436613,0.7339072488018964,92000000,1
1296072060000,1296072119000,0.7339126350399249,0.7341119814416491,0.7338857046403593,0.7341119814416491,65000000,1
1296072120000,1296072179000,0.7341389284508201,0.7342575187969925,0.7341065922771987,0.7342359540661987,52000000,1
1296072180000,1296072239000,0.7342575187969925,0.7343437903889084,0.7342467362732573,0.7342736931763946,51000000,1
1296072240000,1296072299000,0.7342197813493491,0.7342197813493491,0.734063481809907,0.7341119814416491,43000000,1
1296072300000,1296072359000,0.7341012031918721,0.7341335388907242,0.7338641617436613,0.733928794228384,74000000,1
1296072360000,1296072419000,0.7339557277904998,0.7343545757633616,0.7339557277904998,0.7343276129212286,74000000,1
1296072420000,1296072479000,0.7343491830365338,0.7344570526238478,0.7342467362732573,0.7343815405855958,61000000,1
1296072480000,1296072539000,0.7343599685693933,0.7343815405855958,0.7343060440730487,0.7343383978204837,37000000,1
1296072540000,1296072599000,0.7343060440730487,0.7343168283387551,0.7342467362732573,0.7342575187969925,16000000,1
1296072600000,1296072659000,0.7342305630814189,0.7342305630814189,0.7340149885860668,0.7340149885860668,32000000,1
1296072660000,1296072719000,0.7339826633294921,0.734036540338978,0.7337133968729135,0.7337887715642175,87000000,1
1296072720000,1296072779000,0.7337887715642175,0.7338049252986586,0.7335680751173709,0.7337564662288587,68000000,1
1296072780000,1296072839000,0.7337618502538815,0.7338372349012989,0.7336434199521665,0.7336434199521665,48000000,1
1296072840000,1296072899000,0.7336595672875872,0.7336595672875872,0.7335573128328515,0.7336111274135806,48000000,1
1296072900000,1296072959000,0.7336488023183302,0.7337241637378843,0.7335519318090125,0.7335519318090125,55000000,1
1296072960000,1296073019000,0.7335734563780545,0.7339234077531668,0.7335411699981661,0.7338210797443367,87000000,1
1296073020000,1296073079000,0.7337995406414876,0.7338910905621605,0.7335573128328515,0.7336918640909191,89000000,1
1296073080000,1296073139000,0.7337349309188563,0.733961114740141,0.7337349309188563,0.733961114740141,54000000,1
1296073140000,1296073199000,0.733961114740141,0.7340473166900339,0.7338641617436613,0.733988050674535,78000000,1
1296073200000,1296073259000,0.733988050674535,0.7339934380986635,0.733745698415843,0.7338480054011214,122000000,1
1296073260000,1296073319000,0.7338372349012989,0.733853390769592,0.7337403146278468,0.733853390769592,44000000,1
1296073320000,1296073379000,0.7338372349012989,0.7338641617436613,0.7336972471679286,0.7338480054011214,28000000,1
1296073380000,1296073439000,0.7338264647176236,0.7339180213570144,0.7338156948500815,0.733853390769592,28000000,1
1296073440000,1296073499000,0.7338695473492631,0.7338910905621605,0.7337995406414876,0.7338049252986586,40000000,1
1296073500000,1296073559000,0.7337995406414876,0.7338857046403593,0.7336595672875872,0.7338857046403593,77000000,1
1296073560000,1296073619000,0.7338695473492631,0.7339934380986635,0.7338103100348561,0.7339934380986635,40000000,1
1296073620000,1296073679000,0.733988050674535,0.7340311522821028,0.7339018626429274,0.7339018626429274,22000000,1
1296073680000,1296073739000,0.7339180213570144,0.7340149885860668,0.7338587762171048,0.7338587762171048,42000000,1
1296073740000,1296073799000,0.7338695473492631,0.733998825601879,0.7337187802658998,0.7337187802658998,48000000,1
1296073800000,1296073859000,0.7337026303239297,0.7337026303239297,0.7334873656801262,0.7335519318090125,88000000,1
1296073860000,1296073919000,0.7335411699981661,0.7336003638657804,0.7333905377952814,0.7333905377952814,77000000,1
1296073920000,1296073979000,0.733369023959166,0.7335896006338215,0.7333206224425443,0.7335896006338215,45000000,1
1296073980000,1296074039000,0.7335896006338215,0.7335896006338215,0.7333260000733326,0.7333528894103843,57000000,1
1296074040000,1296074099000,0.733369023959166,0.7334066740007334,0.7330572151156398,0.7330787106611637,96000000,1
1296074100000,1296074159000,0.733094833147616,0.7333313777829926,0.7330894589066703,0.7332883583140234,78000000,1
1296074160000,1296074219000,0.7332991127080737,0.7334066740007334,0.7332722273143905,0.7333528894103843,68000000,1
1296074220000,1296074279000,0.7333313777829926,0.7333313777829926,0.7331539549990103,0.7331647054510796,45000000,1
1296074280000,1296074339000,0.7331915829606277,0.7335573128328515,0.7330679627308248,0.7335573128328515,96000000,1
1296074340000,1296074399000,0.7335626939356372,0.733664949890684,0.7334066740007334,0.7334550868777551,51000000,1
1296074400000,1296074459000,0.7334658461628734,0.7337618502538815,0.7334658461628734,0.7336918640909191,100000000,1
1296074460000,1296074519000,0.7336541847634699,0.7336972471679286,0.7335357892111557,0.7335626939356372,33000000,1
1296074520000,1296074579000,0.7335896006338215,0.7336918640909191,0.7335896006338215,0.7336165093059254,32000000,1
1296074580000,1296074639000,0.7335949822103216,0.7336111274135806,0.7335519318090125,0.7335519318090125,10000000,1
1296074640000,1296074699000,0.733525027873951,0.7337241637378843,0.7334819856824317,0.733664949890684,70000000,1
1296074700000,1296074759000,0.7336703325727617,0.7339557277904998,0.7336703325727617,0.7339126350399249,41000000,1
1296074760000,1296074819000,0.7339234077531668,0.7339234077531668,0.7337295472888693,0.7338049252986586,46000000,1
1296074820000,1296074879000,0.733767234357917,0.7339072488018964,0.733767234357917,0.7337941560633411,50000000,1
1296074880000,1296074939000,0.7337941560633411,0.7338264647176236,0.733664949890684,0.7337403146278468,41000000,1
1296074940000,1296074999000,0.7337241637378843,0.7337564662288587,0.7336488023183302,0.7336703325727617,16000000,1
1296075000000,1296075059000,0.7336918640909191,0.733853390769592,0.7336918640909191,0.733853390769592,31000000,1
1296075060000,1296075119000,0.733853390769592,0.7339234077531668,0.7337241637378843,0.7337941560633411,66000000,1
1296075120000,1296075179000,0.7338049252986586,0.7338049252986586,0.7336864810928994,0.7337349309188563,36000000,1
1296075180000,1296075239000,0.7337349309188563,0.733778002803032,0.7336434199521665,0.733664949890684,42000000,1
1296075240000,1296075299000,0.7336864810928994,0.7337026303239297,0.7335734563780545,0.7335842191362779,22000000,1
1296075300000,1296075359000,0.7335788377176895,0.733664949890684,0.7335788377176895,0.7336057456001995,33000000,1
1296075360000,1296075419000,0.7336165093059254,0.7337510822828464,0.7336165093059254,0.7337510822828464,32000000,1
1296075420000,1296075479000,0.7337510822828464,0.7337995406414876,0.7337187802658998,0.7337833871441151,48000000,1
1296075480000,1296075539000,0.7337241637378843,0.7337241637378843,0.7336595672875872,0.7336595672875872,123000000,1
1296075540000,1296075599000,0.7336703325727617,0.7337887715642175,0.7336703325727617,0.7337726185409665,128000000,1
1296075600000,1296075659000,0.7337349309188563,0.7337510822828464,0.7335949822103216,0.7336218912772358,125000000,1
1296075660000,1296075719000,0.7336218912772358,0.7336595672875872,0.7335357892111557,0.7335842191362779,99000000,1
1296075720000,1296075779000,0.7335842191362779,0.7336272733275133,0.7334281900459126,0.7335788377176895,79000000,1
1296075780000,1296075839000,0.7335626939356372,0.7335626939356372,0.7334281900459126,0.7334281900459126,83000000,1
1296075840000,1296075899000,0.7334281900459126,0.7335680751173709,0.7334228109162652,0.7335142668524903,99000000,1
1296075900000,1296075959000,0.7335196473237536,0.7335573128328515,0.7334766057636591,0.7334819856824317,66000000,1
1296075960000,1296076019000,0.7334658461628734,0.7334927457567445,0.733385159217918,0.7334335692544648,62000000,1
1296076020000,1296076079000,0.7334228109162652,0.7334497073535667,0.7332292147848338,0.7332722273143905,99000000,1
1296076080000,1296076139000,0.7333044900233924,0.7335196473237536,0.7332937354716179,0.7334228109162652,120000000,1
1296076140000,1296076199000,0.7334281900459126,0.7334550868777551,0.733385159217918,0.733385159217918,37000000,1
1296076200000,1296076259000,0.733385159217918,0.733471225923807,0.7333528894103843,0.733385159217918,45000000,1
1296076260000,1296076319000,0.733369023959166,0.7334228109162652,0.733369023959166,0.733369023959166,18000000,1
1296076320000,1296076379000,0.7333528894103843,0.7336326554567597,0.7333475113852201,0.7336165093059254,75000000,1
1296076380000,1296076439000,0.7336003638657804,0.7336380376649768,0.7335788377176895,0.7335788377176895,10000000,1
1296076440000,1296076499000,0.7335788377176895,0.7336165093059254,0.7335626939356372,0.7335626939356372,20000000,1
1296076500000,1296076559000,0.7335734563780545,0.7335734563780545,0.7335142668524903,0.7335142668524903,12000000,1
1296076560000,1296076619000,0.7335357892111557,0.7335519318090125,0.7334389485419234,0.733471225923807,39000000,1
1296076620000,1296076679000,0.7334604664808567,0.7334981259122884,0.7333582675144288,0.7333636456973555,60000000,1
1296076680000,1296076739000,0.7333744022998621,0.7336918640909191,0.7333744022998621,0.7336918640909191,42000000,1
1296076740000,1296076799000,0.7336810981738678,0.7336810981738678,0.7335626939356372,0.7336111274135806,58000000,1
1296076800000,1296076859000,0.7336111274135806,0.7336434199521665,0.7334766057636591,0.7334766057636591,40000000,1
1296076860000,1296076919000,0.7334497073535667,0.7334766057636591,0.7331969586990152,0.7333044900233924,76000000,1
1296076920000,1296076979000,0.7333044900233924,0.7337726185409665,0.7332453438920663,0.7337726185409665,102000000,1
1296076980000,1296077039000,0.7337726185409665,0.7340149885860668,0.7336488023183302,0.7338318497699436,113000000,1
1296077040000,1296077099000,0.7338426201116909,0.7339665017688592,0.7337995406414876,0.7338264647176236,48000000,1
1296077100000,1296077159000,0.7337941560633411,0.7338318497699436,0.7336595672875872,0.7336595672875872,26000000,1
1296077160000,1296077219000,0.7336488023183302,0.7337510822828464,0.7336326554567597,0.7337133968729135,28000000,1
1296077220000,1296077279000,0.7337133968729135,0.7337564662288587,0.7336434199521665,0.7337133968729135,48000000,1
1296077280000,1296077339000,0.7336972471679286,0.7338156948500815,0.7336918640909191,0.7338156948500815,23000000,1
1296077340000,1296077399000,0.7338210797443367,0.7338210797443367,0.7337887715642175,0.7338156948500815,21000000,1
1296077400000,1296077459000,0.7338156948500815,0.7340958141856675,0.7338049252986586,0.7340958141856675,67000000,1
1296077460000,1296077519000,0.7340904252585834,0.7341335388907242,0.7339665017688592,0.734020376405649,53000000,1
1296077520000,1296077579000,0.733988050674535,0.7339934380986635,0.7339341807826675,0.7339557277904998,25000000,1
1296077580000,1296077639000,0.7339557277904998,0.7339557277904998,0.7338480054011214,0.7338695473492631,15000000,1
1296077640000,1296077699000,0.7338480054011214,0.7338480054011214,0.7337295472888693,0.733745698415843,16000000,1
1296077700000,1296077759000,0.7337349309188563,0.7337564662288587,0.7332668504722238,0.7332722273143905,75000000,1
1296077760000,1296077819000,0.7332722273143905,0.7337026303239297,0.7332722273143905,0.7336326554567597,104000000,1
1296077820000,1296077879000,0.7336326554567597,0.7337187802658998,0.7336326554567597,0.7336703325727617,51000000,1
1296077880000,1296077939000,0.7336703325727617,0.7336810981738678,0.7333044900233924,0.7334550868777551,67000000,1
1296077940000,1296077999000,0.7334550868777551,0.7335626939356372,0.7334550868777551,0.7335304085030845,47000000,1
1296078000000,1296078059000,0.7335573128328515,0.7338318497699436,0.7335573128328515,0.7336541847634699,69000000,1
1296078060000,1296078119000,0.7336918640909191,0.7337941560633411,0.7335680751173709,0.7337241637378843,64000000,1
1296078120000,1296078179000,0.7337026303239297,0.7337887715642175,0.7336326554567597,0.733778002803032,43000000,1
1296078180000,1296078239000,0.733778002803032,0.733778002803032,0.733664949890684,0.7337618502538815,39000000,1
1296078240000,1296078299000,0.7337618502538815,0.7337726185409665,0.7337026303239297,0.733767234357917,29000000,1
1296078300000,1296078359000,0.7337403146278468,0.7337618502538815,0.7336703325727617,0.7337026303239297,31000000,1
1296078360000,1296078419000,0.7336810981738678,0.7337026303239297,0.7336703325727617,0.7337026303239297,8000000,1
1296078420000,1296078479000,0.7336864810928994,0.733767234357917,0.7336864810928994,0.7336864810928994,15000000,1
1296078480000,1296078539000,0.7336757153338225,0.7336810981738678,0.7336326554567597,0.7336810981738678,10000000,1
1296078540000,1296078599000,0.7336810981738678,0.7337133968729135,0.7336111274135806,0.733664949890684,14000000,1
1296078600000,1296078659000,0.7336703325727617,0.7337080135589241,0.7336111274135806,0.7336111274135806,25000000,1
1296078660000,1296078719000,0.7336434199521665,0.7336541847634699,0.7335949822103216,0.7335949822103216,20000000,1
1296078720000,1296078779000,0.7335842191362779,0.7336380376649768,0.7335734563780545,0.7336326554567597,14000000,1
1296078780000,1296078839000,0.7336003638657804,0.7336003638657804,0.7334819856824317,0.7335788377176895,15000000,1
1296078840000,1296078899000,0.7335680751173709,0.7336864810928994,0.7335304085030845,0.7335573128328515,50000000,1
1296078900000,1296078959000,0.7335357892111557,0.7336165093059254,0.733525027873951,0.7335842191362779,24000000,1
1296078960000,1296079019000,0.7335896006338215,0.7336165093059254,0.7334873656801262,0.7335035061467593,49000000,1
1296079020000,1296079079000,0.7335304085030845,0.7335304085030845,0.7334819856824317,0.7334927457567445,16000000,1
1296079080000,1296079139000,0.7334927457567445,0.7334927457567445,0.7334281900459126,0.7334550868777551,15000000,1
1296079140000,1296079199000,0.7334658461628734,0.7334766057636591,0.7333582675144288,0.7333582675144288,54000000,1
1296079200000,1296079259000,0.7333744022998621,0.7333744022998621,0.7325846318395933,0.7331002074673588,59000000,1
1296079260000,1296079319000,0.7331109563432425,0.7332238385734398,0.7324290276272228,0.7330733366565991,61000000,1
1296079320000,1296079379000,0.7330679627308248,0.7332937354716179,0.7324290276272228,0.7331808317203355,87000000,1
1296079380000,1296079439000,0.733309867417576,0.733309867417576,0.7330733366565991,0.7331002074673588,91000000,1
1296079440000,1296079499000,0.7331002074673588,0.7335411699981661,0.7331002074673588,0.7335304085030845,51000000,1
1296079500000,1296079559000,0.7335465508641178,0.7336810981738678,0.7334819856824317,0.7335088864601594,61000000,1
1296079560000,1296079619000,0.7335088864601594,0.7335142668524903,0.7332937354716179,0.7332937354716179,35000000,1
1296079620000,1296079679000,0.7332883583140234,0.7334766057636591,0.7332077104122827,0.7334658461628734,48000000,1
1296079680000,1296079739000,0.7334658461628734,0.7334873656801262,0.7334281900459126,0.7334443279082902,54000000,1
1296079740000,1296079799000,0.7334335692544648,0.7334658461628734,0.7333744022998621,0.7334443279082902,35000000,1
1296079800000,1296079859000,0.7334443279082902,0.7334443279082902,0.7332453438920663,0.7332453438920663,45000000,1
1296079860000,1296079919000,0.7332453438920663,0.733525027873951,0.7332077104122827,0.733525027873951,37000000,1
1296079920000,1296079979000,0.7334927457567445,0.7334927457567445,0.7334228109162652,0.7334228109162652,34000000,1
1296079980000,1296080039000,0.7334335692544648,0.7335411699981661,0.7334335692544648,0.7335088864601594,33000000,1
1296080040000,1296080099000,0.7335196473237536,0.7335573128328515,0.733385159217918,0.733385159217918,52000000,1
1296080100000,1296080159000,0.7332829812352885,0.7334066740007334,0.7332668504722238,0.7334066740007334,54000000,1
1296080160000,1296080219000,0.7334120528936772,0.7334120528936772,0.7331378299120234,0.7331378299120234,31000000,1
1296080220000,1296080279000,0.7331378299120234,0.7332614737089099,0.7323968419048177,0.7331862073010683,91000000,1
1296080280000,1296080339000,0.7331862073010683,0.7332507204188328,0.7330464678155948,0.7331055818659002,83000000,1
1296080340000,1296080399000,0.7330787106611637,0.7332453438920663,0.7330088547469654,0.7331969586990152,52000000,1
1296080400000,1296080459000,0.7331969586990152,0.733309867417576,0.7330572151156398,0.733094833147616,38000000,1
1296080460000,1296080519000,0.733094833147616,0.733159330185636,0.7330518414262256,0.7330787106611637,24000000,1
1296080520000,1296080579000,0.7330787106611637,0.7331217055343358,0.7329819906324901,0.7329819906324901,30000000,1
1296080580000,1296080639000,0.7329282683103805,0.7330464678155948,0.73290678158645,0.7329819906324901,31000000,1
1296080640000,1296080699000,0.732965873108948,0.7330894589066703,0.7328799249530957,0.7330464678155948,49000000,1
1296080700000,1296080759000,0.7330410942837455,0.7333044900233924,0.7330410942837455,0.7333044900233924,43000000,1
1296080760000,1296080819000,0.7332829812352885,0.7332829812352885,0.7332829812352885,0.7332829812352885,8000000,1
1296080820000,1296080879000,0.7332829812352885,0.7332829812352885,0.7331647054510796,0.7331647054510796,22000000,1
1296080880000,1296080939000,0.7331754562184276,0.7332077104122827,0.7331324550406523,0.7331324550406523,17000000,1
1296080940000,1296080999000,0.733159330185636,0.7332023345162331,0.733159330185636,0.7331647054510796,10000000,1
1296081000000,1296081059000,0.733170080795343,0.7333797807194455,0.7331163308993871,0.7331647054510796,71000000,1
1296081060000,1296081119000,0.7331647054510796,0.7332292147848338,0.733094833147616,0.7331270802480901,25000000,1
1296081120000,1296081179000,0.7331270802480901,0.7331539549990103,0.7331270802480901,0.7331378299120234,17000000,1
1296081180000,1296081239000,0.7331378299120234,0.7331754562184276,0.7331378299120234,0.7331754562184276,10000000,1
1296081240000,1296081299000,0.7331485798912007,0.7333744022998621,0.7331485798912007,0.733315244890626,66000000,1
1296081300000,1296081359000,0.7333044900233924,0.7333044900233924,0.7330303474563846,0.7330625888838389,37000000,1
1296081360000,1296081419000,0.7330787106611637,0.7331378299120234,0.7329981088648791,0.7330303474563846,68000000,1
1296081420000,1296081479000,0.7330303474563846,0.733035720830676,0.7328154770628755,0.7328154770628755,30000000,1
1296081480000,1296081539000,0.732793996951577,0.7327993668613471,0.7327188264775275,0.7327886271205072,10000000,1
1296081540000,1296081599000,0.732793996951577,0.7328906673702417,0.7327671485831947,0.7328906673702417,24000000,1
1296081600000,1296081659000,0.7328906673702417,0.7329390121447994,0.7328799249530957,0.7328852961223039,13000000,1
1296081660000,1296081719000,0.7328799249530957,0.7328852961223039,0.732853070287938,0.732853070287938,8000000,1
1296081720000,1296081779000,0.7328638119178313,0.7329336401882174,0.7328638119178313,0.7329336401882174,16000000,1
1296081780000,1296081839000,0.7329497562942061,0.7329551284870339,0.7328691828508611,0.7329282683103805,37000000,1
1296081840000,1296081899000,0.7329390121447994,0.7329497562942061,0.73290678158645,0.7329121531493236,25000000,1
1296081900000,1296081959000,0.7329336401882174,0.7329336401882174,0.7328960386969109,0.7328960386969109,24000000,1
1296081960000,1296082019000,0.7328960386969109,0.7329551284870339,0.7328960386969109,0.7329390121447994,14000000,1
1296082020000,1296082079000,0.7329497562942061,0.7329605007586141,0.7329336401882174,0.7329443841801284,16000000,1
1296082080000,1296082139000,0.7329497562942061,0.7330464678155948,0.7328960386969109,0.7329712455380376,51000000,1
1296082140000,1296082199000,0.7329873632978567,0.7329873632978567,0.7329766180458843,0.7329873632978567,11000000,1
1296082200000,1296082259000,0.7329873632978567,0.7330625888838389,0.7329873632978567,0.7330088547469654,20000000,1
1296082260000,1296082319000,0.7330088547469654,0.7331539549990103,0.7330088547469654,0.7330464678155948,24000000,1
1296082320000,1296082379000,0.7330249741608698,0.7331808317203355,0.732965873108948,0.7330840847445201,59000000,1
1296082380000,1296082439000,0.7330518414262256,0.7330518414262256,0.7329551284870339,0.7329551284870339,34000000,1
1296082440000,1296082499000,0.7329336401882174,0.7329336401882174,0.7329336401882174,0.7329336401882174,2000000,1
1296082500000,1296082559000,0.7329121531493236,0.7329121531493236,0.7328799249530957,0.7328799249530957,11000000,1
1296082560000,1296082619000,0.7328852961223039,0.7330625888838389,0.7328852961223039,0.7330625888838389,32000000,1
1296082620000,1296082679000,0.7330625888838389,0.7330787106611637,0.7328906673702417,0.7330679627308248,19000000,1
1296082680000,1296082739000,0.7330679627308248,0.7330787106611637,0.7328315879727679,0.7330142278061617,65000000,1
1296082740000,1296082799000,0.7330142278061617,0.7331163308993871,0.7329605007586141,0.7330088547469654,64000000,1
1296082800000,1296082859000,0.7329443841801284,0.7331539549990103,0.7329390121447994,0.7329981088648791,89000000,1
1296082860000,1296082919000,0.7329927360419858,0.733159330185636,0.7329551284870339,0.733159330185636,31000000,1
1296082920000,1296082979000,0.7331647054510796,0.7332776042354114,0.7329551284870339,0.7329927360419858,41000000,1
1296082980000,1296083039000,0.7329927360419858,0.7329981088648791,0.73290678158645,0.7329443841801284,26000000,1
1296083040000,1296083099000,0.7329390121447994,0.7330518414262256,0.7328906673702417,0.7330518414262256,37000000,1
1296083100000,1296083159000,0.7330518414262256,0.7330518414262256,0.7329981088648791,0.7329981088648791,7000000,1
1296083160000,1296083219000,0.7329981088648791,0.7329981088648791,0.7329927360419858,0.7329927360419858,11000000,1
1296083220000,1296083279000,0.7329927360419858,0.7330518414262256,0.7329927360419858,0.7330518414262256,11000000,1
1296083280000,1296083339000,0.7330464678155948,0.7330518414262256,0.7330464678155948,0.7330518414262256,2000000,1
1296083340000,1296083399000,0.7329981088648791,0.7329981088648791,0.7329390121447994,0.7329981088648791,26000000,1
1296083400000,1296083459000,0.7329927360419858,0.7330464678155948,0.7329927360419858,0.7330464678155948,8000000,1
1296083460000,1296083519000,0.7330464678155948,0.7332130863871658,0.7330464678155948,0.7331163308993871,21000000,1
1296083520000,1296083579000,0.7331163308993871,0.7331163308993871,0.7330572151156398,0.7330572151156398,7000000,1
1296083580000,1296083639000,0.7330518414262256,0.7330840847445201,0.7330518414262256,0.7330840847445201,8000000,1
1296083640000,1296083699000,0.7330572151156398,0.7330787106611637,0.7330572151156398,0.7330787106611637,6000000,1
1296083700000,1296083759000,0.7330572151156398,0.7331969586990152,0.7330572151156398,0.733170080795343,33000000,1
1296083760000,1296083819000,0.7331754562184276,0.7333744022998621,0.7331754562184276,0.733369023959166,94000000,1
1296083820000,1296083879000,0.7333421334389346,0.7333421334389346,0.7332614737089099,0.7332722273143905,13000000,1
1296083880000,1296083939000,0.7332937354716179,0.7333206224425443,0.7332184624408843,0.7332184624408843,17000000,1
1296083940000,1296083999000,0.7332345910750685,0.7332345910750685,0.7331539549990103,0.7332077104122827,37000000,1
1296084000000,1296084059000,0.7332184624408843,0.7332560970244467,0.7332130863871658,0.7332292147848338,14000000,1
1296084060000,1296084119000,0.7332399674441454,0.7332614737089099,0.7332130863871658,0.7332130863871658,13000000,1
1296084120000,1296084179000,0.7332130863871658,0.7332345910750685,0.7331754562184276,0.7331862073010683,18000000,1
1296084180000,1296084239000,0.733159330185636,0.7332077104122827,0.733159330185636,0.7332077104122827,18000000,1
1296084240000,1296084299000,0.7332292147848338,0.7332507204188328,0.7332130863871658,0.7332292147848338,21000000,1
1296084300000,1296084359000,0.7332614737089099,0.7332829812352885,0.7332184624408843,0.7332829812352885,9000000,1
1296084360000,1296084419000,0.7332829812352885,0.7332991127080737,0.7332668504722238,0.7332776042354114,8000000,1
1296084420000,1296084479000,0.7332883583140234,0.7333797807194455,0.7332883583140234,0.733309867417576,40000000,1
1296084480000,1296084539000,0.733336755571526,0.7333744022998621,0.7333313777829926,0.7333421334389346,26000000,1
1296084540000,1296084599000,0.7333475113852201,0.7333959164515371,0.7333475113852201,0.7333744022998621,21000000,1
1296084600000,1296084659000,0.7333959164515371,0.7333959164515371,0.7332614737089099,0.7332614737089099,22000000,1
1296084660000,1296084719000,0.7332614737089099,0.7332614737089099,0.7332077104122827,0.7332345910750685,20000000,1
1296084720000,1296084779000,0.7332399674441454,0.7332614737089099,0.7332399674441454,0.7332614737089099,5000000,1
1296084780000,1296084839000,0.7332614737089099,0.7332614737089099,0.7331862073010683,0.7331862073010683,18000000,1
1296084840000,1296084899000,0.7331862073010683,0.7332614737089099,0.733159330185636,0.7331915829606277,21000000,1
1296084900000,1296084959000,0.733159330185636,0.733159330185636,0.7331002074673588,0.7331055818659002,40000000,1
1296084960000,1296085019000,0.7331002074673588,0.7331539549990103,0.7329981088648791,0.7329981088648791,24000000,1
1296085020000,1296085079000,0.7329981088648791,0.7332238385734398,0.7329981088648791,0.7332184624408843,50000000,1
1296085080000,1296085139000,0.7332184624408843,0.7332184624408843,0.7329390121447994,0.7330464678155948,64000000,1
1296085140000,1296085199000,0.7330464678155948,0.7330464678155948,0.7329712455380376,0.7330088547469654,32000000,1
1296085200000,1296085259000,0.7330088547469654,0.7331217055343358,0.7329443841801284,0.7331055818659002,27000000,1
1296085260000,1296085319000,0.733094833147616,0.7331324550406523,0.7330679627308248,0.7330733366565991,28000000,1
1296085320000,1296085379000,0.7330572151156398,0.7331002074673588,0.7330088547469654,0.7331002074673588,22000000,1
1296085380000,1296085439000,0.7331055818659002,0.7331324550406523,0.7331002074673588,0.7331002074673588,16000000,1
1296085440000,1296085499000,0.7331002074673588,0.7331862073010683,0.7331002074673588,0.7331754562184276,13000000,1
1296085500000,1296085559000,0.7331754562184276,0.7331754562184276,0.7330572151156398,0.7330733366565991,21000000,1
1296085560000,1296085619000,0.7330733366565991,0.7330787106611637,0.7330572151156398,0.7330787106611637,19000000,1
1296085620000,1296085679000,0.7330787106611637,0.7330787106611637,0.7330572151156398,0.7330787106611637,9000000,1
1296085680000,1296085739000,0.7330787106611637,0.7330787106611637,0.7329390121447994,0.7329390121447994,32000000,1
1296085740000,1296085799000,0.7329390121447994,0.7329443841801284,0.7328369584334877,0.7328799249530957,21000000,1
1296085800000,1296085859000,0.7328638119178313,0.7330196009441292,0.7328638119178313,0.7328745538626154,29000000,1
1296085860000,1296085919000,0.7328960386969109,0.7329390121447994,0.7327886271205072,0.7328423289729216,53000000,1
1296085920000,1296085979000,0.7328369584334877,0.7328369584334877,0.7328101069169946,0.7328315879727679,12000000,1
1296085980000,1296086039000,0.7328369584334877,0.7328745538626154,0.7328369584334877,0.7328745538626154,9000000,1
1296086040000,1296086099000,0.7328745538626154,0.7329390121447994,0.7328745538626154,0.7329390121447994,48000000,1
1296086100000,1296086159000,0.732922896511287,0.7329497562942061,0.7327295641724553,0.7327617791455997,57000000,1
1296086160000,1296086219000,0.7327456713049467,0.732777887694461,0.7326866152809121,0.7327617791455997,25000000,1
1296086220000,1296086279000,0.7327725180994813,0.7328960386969109,0.7327725180994813,0.7328369584334877,28000000,1
1296086280000,1296086339000,0.7328208472874637,0.7328369584334877,0.7327993668613471,0.7328154770628755,15000000,1
1296086340000,1296086399000,0.7328745538626154,0.7332238385734398,0.7327564097866945,0.7331485798912007,67000000,1
1296086400000,1296086459000,0.7331485798912007,0.7331485798912007,0.7330088547469654,0.7331324550406523,37000000,1
1296086460000,1296086519000,0.7330787106611637,0.7331915829606277,0.7330142278061617,0.7331055818659002,50000000,1
1296086520000,1296086579000,0.7331055818659002,0.7331109563432425,0.7327832573681357,0.7328638119178313,74000000,1
1296086580000,1296086639000,0.7328638119178313,0.7328638119178313,0.7327241952856525,0.7328315879727679,56000000,1
1296086640000,1296086699000,0.732847699591071,0.7329551284870339,0.7327832573681357,0.7329390121447994,39000000,1
1296086700000,1296086759000,0.7329443841801284,0.7331270802480901,0.7327617791455997,0.7329443841801284,135000000,1
1296086760000,1296086819000,0.7329443841801284,0.7330034817665384,0.7329443841801284,0.7329551284870339,30000000,1
1296086820000,1296086879000,0.7329551284870339,0.7329551284870339,0.7328369584334877,0.7328369584334877,57000000,1
1296086880000,1296086939000,0.7328315879727679,0.7328315879727679,0.7327027205252012,0.7327993668613471,77000000,1
1296086940000,1296086999000,0.7327993668613471,0.7328906673702417,0.7327886271205072,0.7328906673702417,51000000,1
1296087000000,1296087059000,0.7328960386969109,0.7328960386969109,0.732793996951577,0.7328745538626154,60000000,1
1296087060000,1296087119000,0.7328745538626154,0.7328745538626154,0.7325309677466615,0.7325577988103261,62000000,1
1296087120000,1296087179000,0.7325738983920003,0.7326007326007326,0.7325631652589244,0.7325631652589244,44000000,1
1296087180000,1296087239000,0.7325685317861487,0.7325685317861487,0.7325148700518621,0.7325148700518621,16000000,1
1296087240000,1296087299000,0.7325256017697819,0.7326329362462819,0.7324397568300007,0.7324558512235675,95000000,1
1296087300000,1296087359000,0.7324558512235675,0.7325685317861487,0.7324022059954445,0.7324558512235675,42000000,1
1296087360000,1296087419000,0.7324612161786034,0.7325095043108184,0.7323003017077242,0.7324075701646453,75000000,1
1296087420000,1296087479000,0.7324558512235675,0.7325148700518621,0.7323110271394466,0.7325095043108184,87000000,1
1296087480000,1296087539000,0.7325095043108184,0.7326168340696132,0.7325095043108184,0.7325416999362688,52000000,1
1296087540000,1296087599000,0.7325416999362688,0.7325416999362688,0.7324343921893196,0.7324343921893196,67000000,1
1296087600000,1296087659000,0.7324343921893196,0.7325041386483834,0.7323807501043642,0.732482676784694,39000000,1
1296087660000,1296087719000,0.7324880421327121,0.7326222013831908,0.7324880421327121,0.7325792650764813,39000000,1
1296087720000,1296087779000,0.7326168340696132,0.7326651427231697,0.7325095043108184,0.7326436714239662,68000000,1
1296087780000,1296087839000,0.7326436714239662,0.7326651427231697,0.7325953656017171,0.7326168340696132,32000000,1
1296087840000,1296087899000,0.7326544069162576,0.7327134577480785,0.7326383037957991,0.7326436714239662,42000000,1
1296087900000,1296087959000,0.7326436714239662,0.7326973520317698,0.7326383037957991,0.7326383037957991,34000000,1
1296087960000,1296088019000,0.7326436714239662,0.7327241952856525,0.7326329362462819,0.7326973520317698,32000000,1
1296088020000,1296088079000,0.7327241952856525,0.732853070287938,0.7327241952856525,0.7327886271205072,90000000,1
1296088080000,1296088139000,0.7327993668613471,0.7328691828508611,0.7327886271205072,0.7328154770628755,117000000,1
1296088140000,1296088199000,0.7328154770628755,0.732853070287938,0.7328101069169946,0.732847699591071,48000000,1
1296088200000,1296088259000,0.732847699591071,0.732847699591071,0.7327349331379374,0.7327456713049467,58000000,1
1296088260000,1296088319000,0.7327403021821006,0.7327886271205072,0.7326544069162576,0.732670510744613,76000000,1
1296088320000,1296088379000,0.732670510744613,0.732670510744613,0.7325792650764813,0.732589998681338,88000000,1
1296088380000,1296088439000,0.7326383037957991,0.7328101069169946,0.732606099678386,0.7326651427231697,135000000,1
1296088440000,1296088499000,0.7326651427231697,0.7327027205252012,0.7325846318395933,0.7325846318395933,76000000,1
1296088500000,1296088559000,0.732552432440352,0.7327671485831947,0.7325416999362688,0.7327295641724553,103000000,1
1296088560000,1296088619000,0.7327564097866945,0.7328154770628755,0.7327027205252012,0.7327510405064775,138000000,1
1296088620000,1296088679000,0.7327564097866945,0.7327993668613471,0.7327080890973037,0.7327080890973037,86000000,1
1296088680000,1296088739000,0.7327080890973037,0.732793996951577,0.7327080890973037,0.7327241952856525,80000000,1
1296088740000,1296088799000,0.7327241952856525,0.7327241952856525,0.7326222013831908,0.7326544069162576,130000000,1
1296088800000,1296088859000,0.7326919836170073,0.7327403021821006,0.7326436714239662,0.7326812470234825,148000000,1
1296088860000,1296088919000,0.7326973520317698,0.7327564097866945,0.7326919836170073,0.7327188264775275,95000000,1
1296088920000,1296088979000,0.7327188264775275,0.7328208472874637,0.7326866152809121,0.7328154770628755,98000000,1
1296088980000,1296089039000,0.7328369584334877,0.7328369584334877,0.7326973520317698,0.7327456713049467,129000000,1
1296089040000,1296089099000,0.7327456713049467,0.7329497562942061,0.7327456713049467,0.7328906673702417,103000000,1
1296089100000,1296089159000,0.7328906673702417,0.7329121531493236,0.7328315879727679,0.7328369584334877,62000000,1
1296089160000,1296089219000,0.732853070287938,0.732901410102313,0.7328101069169946,0.7328960386969109,74000000,1
1296089220000,1296089279000,0.7328960386969109,0.7329981088648791,0.7328691828508611,0.7329819906324901,79000000,1
1296089280000,1296089339000,0.7329766180458843,0.7330034817665384,0.7328638119178313,0.7329282683103805,113000000,1
1296089340000,1296089399000,0.7329282683103805,0.7329282683103805,0.7328047368498191,0.7328799249530957,53000000,1
1296089400000,1296089459000,0.732901410102313,0.7330249741608698,0.7328960386969109,0.7330249741608698,56000000,1
1296089460000,1296089519000,0.7330088547469654,0.7330249741608698,0.7329336401882174,0.7330196009441292,58000000,1
1296089520000,1296089579000,0.7330196009441292,0.7330249741608698,0.7329443841801284,0.732965873108948,46000000,1
1296089580000,1296089639000,0.7329712455380376,0.7330410942837455,0.7328906673702417,0.7330196009441292,85000000,1
1296089640000,1296089699000,0.7330196009441292,0.7331270802480901,0.7329605007586141,0.7330733366565991,118000000,1
1296089700000,1296089759000,0.7330464678155948,0.7331270802480901,0.7329927360419858,0.733035720830676,126000000,1
1296089760000,1296089819000,0.7329981088648791,0.7330840847445201,0.7329390121447994,0.7329443841801284,97000000,1
1296089820000,1296089879000,0.7329390121447994,0.7330518414262256,0.7329390121447994,0.7330303474563846,59000000,1
1296089880000,1296089939000,0.7330303474563846,0.7331324550406523,0.7329282683103805,0.7330840847445201,107000000,1
1296089940000,1296089999000,0.7331109563432425,0.733309867417576,0.7331109563432425,0.733309867417576,145000000,1
1296090000000,1296090059000,0.733309867417576,0.733336755571526,0.7329873632978567,0.7329873632978567,115000000,1
1296090060000,1296090119000,0.7329981088648791,0.7331539549990103,0.7329551284870339,0.7330894589066703,52000000,1
1296090120000,1296090179000,0.7330787106611637,0.7330787106611637,0.7329497562942061,0.7329497562942061,42000000,1
1296090180000,1296090239000,0.7329551284870339,0.7331055818659002,0.7329551284870339,0.7330787106611637,50000000,1
1296090240000,1296090299000,0.7330733366565991,0.7332614737089099,0.7330518414262256,0.7331539549990103,79000000,1
1296090300000,1296090359000,0.7331539549990103,0.7332883583140234,0.7331539549990103,0.7331862073010683,48000000,1
1296090360000,1296090419000,0.7331862073010683,0.7332130863871658,0.7331808317203355,0.7331862073010683,19000000,1
1296090420000,1296090479000,0.7331862073010683,0.7333206224425443,0.7331808317203355,0.733315244890626,48000000,1
1296090480000,1296090539000,0.7333206224425443,0.7333528894103843,0.7331432048622057,0.7333475113852201,94000000,1
1296090540000,1296090599000,0.7333528894103843,0.7334174318655206,0.733336755571526,0.7334174318655206,41000000,1
1296090600000,1296090659000,0.7334174318655206,0.7334550868777551,0.7332883583140234,0.7333582675144288,102000000,1
1296090660000,1296090719000,0.7334012951866873,0.7334012951866873,0.7332829812352885,0.7332829812352885,46000000,1
1296090720000,1296090779000,0.7332829812352885,0.7333206224425443,0.7332668504722238,0.733309867417576,87000000,1
1296090780000,1296090839000,0.733315244890626,0.7333582675144288,0.7332776042354114,0.7332991127080737,42000000,1
1296090840000,1296090899000,0.7332937354716179,0.7333636456973555,0.7332722273143905,0.733336755571526,71000000,1
1296090900000,1296090959000,0.7333313777829926,0.7334658461628734,0.7332937354716179,0.7333475113852201,84000000,1
1296090960000,1296091019000,0.7333475113852201,0.7333475113852201,0.7332991127080737,0.7332991127080737,13000000,1
1296091020000,1296091079000,0.7332991127080737,0.7333313777829926,0.7332722273143905,0.7332991127080737,33000000,1
1296091080000,1296091139000,0.7332829812352885,0.7333313777829926,0.733159330185636,0.7332238385734398,71000000,1
1296091140000,1296091199000,0.7332238385734398,0.7332560970244467,0.733035720830676,0.7331109563432425,102000000,1
1296091200000,1296091259000,0.7331163308993871,0.7332507204188328,0.7331163308993871,0.7332130863871658,67000000,1
1296091260000,1296091319000,0.7332453438920663,0.7332614737089099,0.7330679627308248,0.7330679627308248,99000000,1
1296091320000,1296091379000,0.7330464678155948,0.7331217055343358,0.7330410942837455,0.7331163308993871,33000000,1
1296091380000,1296091439000,0.7331109563432425,0.7331217055343358,0.7330733366565991,0.7331002074673588,44000000,1
1296091440000,1296091499000,0.7331163308993871,0.7332507204188328,0.7330679627308248,0.7332077104122827,102000000,1
1296091500000,1296091559000,0.7331915829606277,0.7334174318655206,0.7331862073010683,0.7333475113852201,65000000,1
1296091560000,1296091619000,0.7333206224425443,0.7333206224425443,0.7332184624408843,0.7332453438920663,88000000,1
1296091620000,1296091679000,0.7332345910750685,0.733309867417576,0.7331862073010683,0.7332292147848338,54000000,1
1296091680000,1296091739000,0.7332238385734398,0.7332453438920663,0.7331915829606277,0.7332345910750685,36000000,1
1296091740000,1296091799000,0.7332345910750685,0.733309867417576,0.7331754562184276,0.7333044900233924,88000000,1
1296091800000,1296091859000,0.7333044900233924,0.733369023959166,0.7332614737089099,0.7333582675144288,57000000,1
1296091860000,1296091919000,0.7333582675144288,0.7335465508641178,0.7332991127080737,0.733336755571526,129000000,1
1296091920000,1296091979000,0.733336755571526,0.7334066740007334,0.7333313777829926,0.7333797807194455,83000000,1
1296091980000,1296092039000,0.7333797807194455,0.7333797807194455,0.733309867417576,0.7333475113852201,66000000,1
1296092040000,1296092099000,0.7333421334389346,0.7333905377952814,0.7332722273143905,0.733336755571526,87000000,1
1296092100000,1296092159000,0.7333744022998621,0.7333744022998621,0.7332937354716179,0.7332937354716179,33000000,1
1296092160000,1296092219000,0.733309867417576,0.7333905377952814,0.7332829812352885,0.7333797807194455,49000000,1
1296092220000,1296092279000,0.7334281900459126,0.7336003638657804,0.7333905377952814,0.733471225923807,73000000,1
1296092280000,1296092339000,0.7334497073535667,0.7335465508641178,0.7333260000733326,0.7333260000733326,86000000,1
1296092340000,1296092399000,0.7333206224425443,0.7334066740007334,0.7331217055343358,0.7331862073010683,71000000,1
1296092400000,1296092459000,0.7331432048622057,0.7332453438920663,0.7331432048622057,0.7331969586990152,88000000,1
1296092460000,1296092519000,0.7332184624408843,0.7332184624408843,0.7330679627308248,0.733094833147616,93000000,1
1296092520000,1296092579000,0.733094833147616,0.7332560970244467,0.7330196009441292,0.7332130863871658,142000000,1
1296092580000,1296092639000,0.7332238385734398,0.7333313777829926,0.7331969586990152,0.7332991127080737,43000000,1
1296092640000,1296092699000,0.7333044900233924,0.733525027873951,0.7332937354716179,0.7334766057636591,78000000,1
1296092700000,1296092759000,0.7334873656801262,0.7335035061467593,0.7334012951866873,0.7334658461628734,142000000,1
1296092760000,1296092819000,0.7334658461628734,0.7336111274135806,0.7334658461628734,0.7335035061467593,132000000,1
1296092820000,1296092879000,0.7335196473237536,0.7336326554567597,0.7335142668524903,0.7335357892111557,114000000,1
1296092880000,1296092939000,0.7335465508641178,0.7335896006338215,0.733525027873951,0.7335519318090125,38000000,1
1296092940000,1296092999000,0.7335626939356372,0.7336380376649768,0.7334604664808567,0.7334981259122884,80000000,1
1296093000000,1296093059000,0.7334766057636591,0.7335949822103216,0.7334766057636591,0.7335788377176895,86000000,1
1296093060000,1296093119000,0.7335788377176895,0.7335788377176895,0.7334335692544648,0.7334335692544648,43000000,1
1296093120000,1296093179000,0.7334335692544648,0.7334335692544648,0.7333206224425443,0.733369023959166,54000000,1
1296093180000,1296093239000,0.7333744022998621,0.733385159217918,0.7333313777829926,0.7333475113852201,67000000,1
1296093240000,1296093299000,0.733336755571526,0.733336755571526,0.7331808317203355,0.733336755571526,111000000,1
1296093300000,1296093359000,0.733336755571526,0.733336755571526,0.7331378299120234,0.7332722273143905,94000000,1
1296093360000,1296093419000,0.7332560970244467,0.7332560970244467,0.7331270802480901,0.7331969586990152,69000000,1
1296093420000,1296093479000,0.7332077104122827,0.7333797807194455,0.7332077104122827,0.7333797807194455,48000000,1
1296093480000,1296093539000,0.7333744022998621,0.7333744022998621,0.7333206224425443,0.733336755571526,35000000,1
1296093540000,1296093599000,0.7333528894103843,0.7334281900459126,0.7333528894103843,0.7333582675144288,33000000,1
1296093600000,1296093659000,0.7333528894103843,0.7333528894103843,0.7332507204188328,0.733315244890626,40000000,1
1296093660000,1296093719000,0.733309867417576,0.7333421334389346,0.7332023345162331,0.7332023345162331,115000000,1
1296093720000,1296093779000,0.7332023345162331,0.7332883583140234,0.7332023345162331,0.7332722273143905,37000000,1
1296093780000,1296093839000,0.7332776042354114,0.7333206224425443,0.7332345910750685,0.7332345910750685,52000000,1
1296093840000,1296093899000,0.7332345910750685,0.7332937354716179,0.7332130863871658,0.7332399674441454,25000000,1
1296093900000,1296093959000,0.7332399674441454,0.7333313777829926,0.7332130863871658,0.7332776042354114,38000000,1
1296093960000,1296094019000,0.7332829812352885,0.7333475113852201,0.7332453438920663,0.7332937354716179,44000000,1
1296094020000,1296094079000,0.7332937354716179,0.7333260000733326,0.7332829812352885,0.7333260000733326,24000000,1
1296094080000,1296094139000,0.7333313777829926,0.7333475113852201,0.7332722273143905,0.7333421334389346,62000000,1
1296094140000,1296094199000,0.7333475113852201,0.7334228109162652,0.7332776042354114,0.7333206224425443,57000000,1
1296094200000,1296094259000,0.7333260000733326,0.7334120528936772,0.733315244890626,0.7333475113852201,132000000,1
1296094260000,1296094319000,0.7333582675144288,0.7334389485419234,0.7333206224425443,0.7334389485419234,63000000,1
1296094320000,1296094379000,0.7334281900459126,0.7334281900459126,0.7332560970244467,0.7332776042354114,45000000,1
1296094380000,1296094439000,0.7332776042354114,0.7333582675144288,0.7332507204188328,0.7332991127080737,49000000,1
1296094440000,1296094499000,0.733315244890626,0.7333475113852201,0.7332077104122827,0.7332184624408843,28000000,1
1296094500000,1296094559000,0.7332184624408843,0.7332991127080737,0.733170080795343,0.7332991127080737,101000000,1
1296094560000,1296094619000,0.7332883583140234,0.7333475113852201,0.7332453438920663,0.733336755571526,105000000,1
1296094620000,1296094679000,0.733336755571526,0.7333528894103843,0.733170080795343,0.7332023345162331,80000000,1
1296094680000,1296094739000,0.7331969586990152,0.7333313777829926,0.733170080795343,0.7332614737089099,128000000,1
1296094740000,1296094799000,0.7332507204188328,0.733315244890626,0.7331539549990103,0.7332130863871658,73000000,1
1296094800000,1296094859000,0.7331969586990152,0.7331969586990152,0.7331163308993871,0.7331378299120234,37000000,1
1296094860000,1296094919000,0.7331055818659002,0.7331915829606277,0.7330518414262256,0.7331485798912007,78000000,1
1296094920000,1296094979000,0.7331002074673588,0.7332399674441454,0.7330787106611637,0.7331862073010683,84000000,1
1296094980000,1296095039000,0.7331969586990152,0.733336755571526,0.7331808317203355,0.733336755571526,70000000,1
1296095040000,1296095099000,0.733336755571526,0.7334819856824317,0.7333206224425443,0.7334550868777551,64000000,1
1296095100000,1296095159000,0.7334335692544648,0.7334335692544648,0.7331808317203355,0.7331915829606277,96000000,1
1296095160000,1296095219000,0.7331862073010683,0.7332668504722238,0.7331862073010683,0.7332560970244467,43000000,1
1296095220000,1296095279000,0.7332560970244467,0.7332560970244467,0.733159330185636,0.7331862073010683,103000000,1
1296095280000,1296095339000,0.7331915829606277,0.7332507204188328,0.733170080795343,0.7332292147848338,138000000,1
1296095340000,1296095399000,0.7332292147848338,0.7332292147848338,0.7332238385734398,0.7332238385734398,11000000,1
1296095400000,1296095459000,0.7332238385734398,0.7332507204188328,0.7331485798912007,0.7332507204188328,42000000,1
1296095460000,1296095519000,0.7332507204188328,0.733315244890626,0.7332507204188328,0.7332991127080737,33000000,1
1296095520000,1296095579000,0.7332507204188328,0.7333528894103843,0.7332507204188328,0.7333475113852201,57000000,1
1296095580000,1296095639000,0.7333475113852201,0.733525027873951,0.733309867417576,0.7335196473237536,61000000,1
1296095640000,1296095699000,0.7334658461628734,0.7335196473237536,0.7334120528936772,0.7334604664808567,59000000,1
1296095700000,1296095759000,0.7334604664808567,0.7335304085030845,0.7334228109162652,0.7335304085030845,69000000,1
1296095760000,1296095819000,0.7335304085030845,0.7335465508641178,0.7334604664808567,0.7334927457567445,56000000,1
1296095820000,1296095879000,0.7334873656801262,0.7335088864601594,0.7333797807194455,0.7333797807194455,44000000,1
1296095880000,1296095939000,0.7333797807194455,0.7333959164515371,0.733369023959166,0.7333959164515371,29000000,1
1296095940000,1296095999000,0.7333959164515371,0.7334335692544648,0.7333959164515371,0.7334335692544648,21000000,1
1296096000000,1296096059000,0.7334174318655206,0.7334443279082902,0.7334174318655206,0.7334174318655206,23000000,1
1296096060000,1296096119000,0.7334174318655206,0.7334174318655206,0.7333959164515371,0.7333959164515371,18000000,1
1296096120000,1296096179000,0.7333959164515371,0.7334281900459126,0.733369023959166,0.7333959164515371,24000000,1
1296096180000,1296096239000,0.7334012951866873,0.7334120528936772,0.7333475113852201,0.7333744022998621,28000000,1
1296096240000,1296096299000,0.7333797807194455,0.7334012951866873,0.7333475113852201,0.7333475113852201,42000000,1
1296096300000,1296096359000,0.7333475113852201,0.7333475113852201,0.733309867417576,0.733309867417576,31000000,1
1296096360000,1296096419000,0.733309867417576,0.7333636456973555,0.7332238385734398,0.7332238385734398,51000000,1
1296096420000,1296096479000,0.7332184624408843,0.7332668504722238,0.7331969586990152,0.7332238385734398,50000000,1
1296096480000,1296096539000,0.7332238385734398,0.7332829812352885,0.7332184624408843,0.7332614737089099,47000000,1
1296096540000,1296096599000,0.7332614737089099,0.733315244890626,0.7332614737089099,0.733315244890626,18000000,1
1296096600000,1296096659000,0.7332937354716179,0.7332937354716179,0.7332776042354114,0.7332776042354114,12000000,1
1296096660000,1296096719000,0.7332829812352885,0.7332829812352885,0.7332614737089099,0.7332614737089099,12000000,1
1296096720000,1296096779000,0.7332614737089099,0.7332668504722238,0.7331915829606277,0.7332668504722238,21000000,1
1296096780000,1296096839000,0.7332668504722238,0.7332722273143905,0.7332507204188328,0.7332668504722238,28000000,1
1296096840000,1296096899000,0.7332668504722238,0.7333206224425443,0.7332399674441454,0.7332614737089099,40000000,1
1296096900000,1296096959000,0.7332614737089099,0.7332614737089099,0.7332614737089099,0.7332614737089099,6000000,1
1296096960000,1296097019000,0.7332453438920663,0.7332453438920663,0.7331647054510796,0.7331647054510796,25000000,1
1296097020000,1296097079000,0.7331647054510796,0.7331808317203355,0.7331270802480901,0.7331378299120234,67000000,1
1296097080000,1296097139000,0.7331324550406523,0.7331324550406523,0.7330679627308248,0.7330679627308248,27000000,1
1296097140000,1296097199000,0.7330787106611637,0.7332507204188328,0.7330572151156398,0.7332507204188328,62000000,1
1296097200000,1296097259000,0.7332507204188328,0.7333636456973555,0.7332238385734398,0.7333582675144288,49000000,1
1296097260000,1296097319000,0.733336755571526,0.7333636456973555,0.733309867417576,0.7333313777829926,53000000,1
1296097320000,1296097379000,0.733336755571526,0.7333905377952814,0.7333260000733326,0.7333528894103843,42000000,1
1296097380000,1296097439000,0.733369023959166,0.733369023959166,0.7332722273143905,0.7332829812352885,44000000,1
1296097440000,1296097499000,0.7332937354716179,0.7333313777829926,0.7332829812352885,0.7332829812352885,22000000,1
1296097500000,1296097559000,0.7332829812352885,0.7333313777829926,0.7332453438920663,0.7332829812352885,31000000,1
1296097560000,1296097619000,0.7332883583140234,0.7332883583140234,0.7332184624408843,0.7332453438920663,36000000,1
1296097620000,1296097679000,0.7332399674441454,0.7332399674441454,0.7331862073010683,0.7332184624408843,38000000,1
1296097680000,1296097739000,0.7332184624408843,0.7332829812352885,0.7332184624408843,0.7332776042354114,57000000,1
1296097740000,1296097799000,0.7332453438920663,0.7332453438920663,0.7331754562184276,0.7331862073010683,63000000,1
1296097800000,1296097859000,0.7331754562184276,0.7332883583140234,0.733170080795343,0.7332238385734398,77000000,1
1296097860000,1296097919000,0.7332238385734398,0.7334066740007334,0.7332238385734398,0.7334012951866873,69000000,1
1296097920000,1296097979000,0.7334012951866873,0.7335842191362779,0.7333959164515371,0.7335842191362779,81000000,1
1296097980000,1296098039000,0.7335842191362779,0.7336972471679286,0.7335411699981661,0.7336918640909191,76000000,1
1296098040000,1296098099000,0.7336972471679286,0.7338049252986586,0.7336380376649768,0.7337726185409665,51000000,1
1296098100000,1296098159000,0.7337726185409665,0.7337726185409665,0.7336541847634699,0.7336757153338225,74000000,1
1296098160000,1296098219000,0.7336757153338225,0.7336757153338225,0.7335842191362779,0.7336003638657804,43000000,1
1296098220000,1296098279000,0.7336003638657804,0.7336434199521665,0.7335304085030845,0.7335734563780545,56000000,1
1296098280000,1296098339000,0.7335734563780545,0.7335788377176895,0.7335519318090125,0.7335680751173709,17000000,1
1296098340000,1296098399000,0.7335626939356372,0.7336972471679286,0.7335626939356372,0.7336218912772358,33000000,1
1296098400000,1296098459000,0.7336218912772358,0.7336972471679286,0.7335680751173709,0.7336918640909191,53000000,1
1296098460000,1296098519000,0.7336918640909191,0.7337241637378843,0.7336380376649768,0.7336703325727617,45000000,1
1296098520000,1296098579000,0.733664949890684,0.7337241637378843,0.733664949890684,0.7336972471679286,31000000,1
1296098580000,1296098639000,0.733664949890684,0.733745698415843,0.733664949890684,0.7337241637378843,41000000,1
1296098640000,1296098699000,0.7337241637378843,0.7338049252986586,0.7337187802658998,0.7338049252986586,31000000,1
1296098700000,1296098759000,0.733778002803032,0.733778002803032,0.7336703325727617,0.7337187802658998,25000000,1
1296098760000,1296098819000,0.7336972471679286,0.733778002803032,0.7336972471679286,0.7337187802658998,31000000,1
1296098820000,1296098879000,0.7337187802658998,0.7337241637378843,0.7336972471679286,0.7336972471679286,20000000,1
1296098880000,1296098939000,0.7336972471679286,0.7337241637378843,0.7336918640909191,0.7336972471679286,27000000,1
1296098940000,1296098999000,0.7336918640909191,0.7336918640909191,0.7336703325727617,0.7336864810928994,21000000,1
1296099000000,1296099059000,0.7336864810928994,0.7337241637378843,0.733664949890684,0.7337241637378843,54000000,1
1296099060000,1296099119000,0.7337187802658998,0.7338318497699436,0.7337187802658998,0.7337995406414876,43000000,1
1296099120000,1296099179000,0.7338264647176236,0.7338318497699436,0.7337187802658998,0.7337403146278468,58000000,1
1296099180000,1296099239000,0.7337726185409665,0.7337726185409665,0.7335896006338215,0.7336380376649768,70000000,1
1296099240000,1296099299000,0.7335949822103216,0.7336434199521665,0.7335949822103216,0.7336057456001995,30000000,1
1296099300000,1296099359000,0.7336057456001995,0.7337241637378843,0.7336003638657804,0.7336380376649768,63000000,1
1296099360000,1296099419000,0.7336380376649768,0.7336703325727617,0.7336380376649768,0.7336703325727617,17000000,1
1296099420000,1296099479000,0.7336703325727617,0.7336918640909191,0.7336380376649768,0.7336380376649768,29000000,1
1296099480000,1296099539000,0.733664949890684,0.7336703325727617,0.7336380376649768,0.7336380376649768,9000000,1
1296099540000,1296099599000,0.7336272733275133,0.7336272733275133,0.7335896006338215,0.7336003638657804,36000000,1
1296099600000,1296099659000,0.7336003638657804,0.7336380376649768,0.7335465508641178,0.7335734563780545,47000000,1
1296099660000,1296099719000,0.7335842191362779,0.7335842191362779,0.7335357892111557,0.7335357892111557,14000000,1
1296099720000,1296099779000,0.7335465508641178,0.7335519318090125,0.7335304085030845,0.7335519318090125,16000000,1
1296099780000,1296099839000,0.7335411699981661,0.7335573128328515,0.7335304085030845,0.7335304085030845,14000000,1
1296099840000,1296099899000,0.7335304085030845,0.7335626939356372,0.7335304085030845,0.7335357892111557,22000000,1
1296099900000,1296099959000,0.7335573128328515,0.7335896006338215,0.7335142668524903,0.7335573128328515,47000000,1
1296099960000,1296100019000,0.7335411699981661,0.7335519318090125,0.7335088864601594,0.7335357892111557,40000000,1
1296100020000,1296100079000,0.7335573128328515,0.7335573128328515,0.7334819856824317,0.7334819856824317,39000000,1
1296100080000,1296100139000,0.7334873656801262,0.7335842191362779,0.7334174318655206,0.7334766057636591,85000000,1
1296100140000,1296100199000,0.7334766057636591,0.7335519318090125,0.7334604664808567,0.7334604664808567,50000000,1
1296100200000,1296100259000,0.733471225923807,0.7335842191362779,0.733471225923807,0.7335519318090125,51000000,1
1296100260000,1296100319000,0.7335519318090125,0.7336165093059254,0.7335519318090125,0.7335573128328515,25000000,1
1296100320000,1296100379000,0.7335519318090125,0.7335519318090125,0.7335088864601594,0.7335088864601594,11000000,1
1296100380000,1296100439000,0.7335088864601594,0.7335142668524903,0.7334819856824317,0.7335088864601594,25000000,1
1296100440000,1296100499000,0.7334927457567445,0.7335196473237536,0.7334766057636591,0.7335088864601594,19000000,1
1296100500000,1296100559000,0.7335357892111557,0.7336165093059254,0.7335304085030845,0.7336165093059254,43000000,1
1296100560000,1296100619000,0.7336380376649768,0.7336918640909191,0.7336111274135806,0.7336165093059254,51000000,1
1296100620000,1296100679000,0.7336111274135806,0.7336111274135806,0.7335842191362779,0.7335896006338215,6000000,1
1296100680000,1296100739000,0.7335896006338215,0.7335896006338215,0.7335035061467593,0.7335573128328515,52000000,1
1296100740000,1296100799000,0.7335357892111557,0.7335357892111557,0.7334658461628734,0.7335035061467593,60000000,1
1296100800000,1296100859000,0.7334819856824317,0.7335088864601594,0.7334766057636591,0.7334873656801262,33000000,1
1296100860000,1296100919000,0.7334873656801262,0.7335465508641178,0.733471225923807,0.7335142668524903,41000000,1
1296100920000,1296100979000,0.7334981259122884,0.7335088864601594,0.7334443279082902,0.733471225923807,41000000,1
1296100980000,1296101039000,0.733471225923807,0.7334766057636591,0.7333959164515371,0.7334120528936772,49000000,1
1296101040000,1296101099000,0.7333959164515371,0.7334174318655206,0.7333959164515371,0.7334120528936772,15000000,1
1296101100000,1296101159000,0.7334120528936772,0.733525027873951,0.733385159217918,0.733525027873951,51000000,1
1296101160000,1296101219000,0.7335357892111557,0.7335626939356372,0.7334443279082902,0.7334873656801262,39000000,1
1296101220000,1296101279000,0.7334873656801262,0.7335357892111557,0.7334497073535667,0.7334981259122884,51000000,1
1296101280000,1296101339000,0.7334981259122884,0.7335142668524903,0.7334981259122884,0.7334981259122884,11000000,1
1296101340000,1296101399000,0.7334927457567445,0.7335788377176895,0.7334604664808567,0.7335573128328515,59000000,1
1296101400000,1296101459000,0.7335573128328515,0.7336272733275133,0.733525027873951,0.7335626939356372,47000000,1
1296101460000,1296101519000,0.7335573128328515,0.7335788377176895,0.7334819856824317,0.7334819856824317,77000000,1
1296101520000,1296101579000,0.7334819856824317,0.7336111274135806,0.7334604664808567,0.7336111274135806,74000000,1
1296101580000,1296101639000,0.7336111274135806,0.7336218912772358,0.7335626939356372,0.7335626939356372,20000000,1
1296101640000,1296101699000,0.7335573128328515,0.7335573128328515,0.7334873656801262,0.7334927457567445,51000000,1
1296101700000,1296101759000,0.7334927457567445,0.7334981259122884,0.733471225923807,0.7334819856824317,18000000,1
1296101760000,1296101819000,0.7334981259122884,0.7335142668524903,0.7334658461628734,0.733471225923807,21000000,1
1296101820000,1296101879000,0.733471225923807,0.7335734563780545,0.733471225923807,0.7335573128328515,46000000,1
1296101880000,1296101939000,0.7335088864601594,0.7335411699981661,0.7334873656801262,0.7335088864601594,34000000,1
1296101940000,1296101999000,0.7335088864601594,0.7335088864601594,0.7334550868777551,0.7334550868777551,38000000,1
1296102000000,1296102059000,0.7334550868777551,0.7334550868777551,0.7333905377952814,0.7334066740007334,32000000,1
1296102060000,1296102119000,0.7334066740007334,0.7334120528936772,0.7334066740007334,0.7334120528936772,4000000,1
1296102120000,1296102179000,0.7334120528936772,0.7334120528936772,0.7332776042354114,0.7333044900233924,63000000,1
1296102180000,1296102239000,0.7333475113852201,0.7334604664808567,0.7333475113852201,0.7334174318655206,47000000,1
1296102240000,1296102299000,0.7334228109162652,0.7335142668524903,0.7334228109162652,0.7334497073535667,29000000,1
1296102300000,1296102359000,0.7334604664808567,0.733525027873951,0.7334604664808567,0.7334873656801262,35000000,1
1296102360000,1296102419000,0.7334873656801262,0.7335304085030845,0.7334873656801262,0.7334873656801262,15000000,1
1296102420000,1296102479000,0.7334927457567445,0.7334927457567445,0.7334819856824317,0.7334873656801262,9000000,1
1296102480000,1296102539000,0.7334819856824317,0.7334819856824317,0.7334228109162652,0.7334443279082902,39000000,1
1296102540000,1296102599000,0.7334335692544648,0.7334335692544648,0.7334174318655206,0.7334174318655206,31000000,1
1296102600000,1296102659000,0.733385159217918,0.7334443279082902,0.733336755571526,0.7334174318655206,63000000,1
1296102660000,1296102719000,0.7334174318655206,0.733525027873951,0.7333744022998621,0.7335035061467593,61000000,1
1296102720000,1296102779000,0.7335035061467593,0.7335035061467593,0.7334174318655206,0.7334281900459126,32000000,1
1296102780000,1296102839000,0.7334281900459126,0.7334873656801262,0.733369023959166,0.7334120528936772,50000000,1
1296102840000,1296102899000,0.7334120528936772,0.733471225923807,0.7333744022998621,0.733471225923807,37000000,1
1296102900000,1296102959000,0.733471225923807,0.7334873656801262,0.733471225923807,0.7334873656801262,7000000,1
1296102960000,1296103019000,0.7334766057636591,0.7334819856824317,0.7334228109162652,0.7334819856824317,23000000,1
1296103020000,1296103079000,0.7334819856824317,0.7334819856824317,0.7334228109162652,0.7334389485419234,18000000,1
1296103080000,1296103139000,0.7334497073535667,0.7334766057636591,0.7334389485419234,0.7334389485419234,18000000,1
1296103140000,1296103199000,0.7334497073535667,0.7334766057636591,0.7334389485419234,0.7334389485419234,14000000,1
1296103200000,1296103259000,0.7334443279082902,0.7334819856824317,0.7334335692544648,0.7334819856824317,36000000,1
1296103260000,1296103319000,0.7334873656801262,0.7335304085030845,0.7334819856824317,0.7334819856824317,20000000,1
1296103320000,1296103379000,0.7334873656801262,0.7334873656801262,0.7334335692544648,0.7334443279082902,25000000,1
1296103380000,1296103439000,0.7334335692544648,0.733471225923807,0.7334174318655206,0.7334604664808567,30000000,1
1296103440000,1296103499000,0.7334604664808567,0.7335304085030845,0.7334604664808567,0.733525027873951,41000000,1
1296103500000,1296103559000,0.733525027873951,0.7335842191362779,0.7334927457567445,0.7335734563780545,62000000,1
1296103560000,1296103619000,0.7335734563780545,0.7335842191362779,0.7335196473237536,0.7335357892111557,51000000,1
1296103620000,1296103679000,0.7335196473237536,0.7336165093059254,0.7334658461628734,0.7335142668524903,69000000,1
1296103680000,1296103739000,0.7335088864601594,0.7335465508641178,0.7334927457567445,0.7334927457567445,23000000,1
1296103740000,1296103799000,0.7334981259122884,0.7335680751173709,0.7334658461628734,0.7335626939356372,32000000,1
1296103800000,1296103859000,0.7335680751173709,0.7335680751173709,0.7334981259122884,0.7334981259122884,16000000,1
1296103860000,1296103919000,0.733767234357917,0.7338372349012989,0.7336864810928994,0.7337295472888693,51000000,1
1296103920000,1296103979000,0.7334981259122884,0.7335465508641178,0.7334981259122884,0.7335035061467593,15000000,1
1296103980000,1296104039000,0.7335035061467593,0.7335142668524903,0.7335035061467593,0.7335142668524903,9000000,1
1296104040000,1296104099000,0.733525027873951,0.7335304085030845,0.733525027873951,0.7335304085030845,10000000,1
1296104100000,1296104159000,0.7335142668524903,0.7335142668524903,0.7335142668524903,0.7335142668524903,2000000,1
1296104160000,1296104219000,0.733525027873951,0.7335680751173709,0.7334604664808567,0.7335142668524903,26000000,1
1296104220000,1296104279000,0.7335035061467593,0.7335196473237536,0.7335035061467593,0.7335196473237536,14000000,1
1296104280000,1296104339000,0.7335035061467593,0.7335573128328515,0.7334389485419234,0.7334389485419234,63000000,1
1296104340000,1296104399000,0.7334281900459126,0.7335626939356372,0.7334174318655206,0.7335304085030845,30000000,1
1296104400000,1296104459000,0.7335304085030845,0.7335626939356372,0.7334604664808567,0.7335465508641178,56000000,1
1296104460000,1296104519000,0.7335411699981661,0.7335788377176895,0.7335357892111557,0.7335788377176895,20000000,1
1296104520000,1296104579000,0.7335788377176895,0.7335842191362779,0.7335357892111557,0.7335842191362779,25000000,1
1296104580000,1296104639000,0.7335842191362779,0.7335842191362779,0.7334550868777551,0.7335035061467593,21000000,1
1296104640000,1296104699000,0.7334766057636591,0.7335196473237536,0.7334443279082902,0.7334443279082902,41000000,1
1296104700000,1296104759000,0.7334873656801262,0.7335734563780545,0.7334228109162652,0.733471225923807,68000000,1
1296104760000,1296104819000,0.733471225923807,0.7335035061467593,0.7333905377952814,0.7334012951866873,54000000,1
1296104820000,1296104879000,0.7334281900459126,0.7334550868777551,0.7333959164515371,0.7334281900459126,34000000,1
1296104880000,1296104939000,0.7334281900459126,0.7334497073535667,0.7333905377952814,0.7334012951866873,26000000,1
1296104940000,1296104999000,0.7333905377952814,0.7334443279082902,0.7333744022998621,0.7334228109162652,51000000,1
1296105000000,1296105059000,0.7334012951866873,0.7334766057636591,0.733385159217918,0.7334066740007334,45000000,1
1296105060000,1296105119000,0.7334281900459126,0.7334335692544648,0.7333421334389346,0.7333421334389346,47000000,1
1296105120000,1296105179000,0.7333421334389346,0.7333797807194455,0.7333206224425443,0.7333744022998621,16000000,1
1296105180000,1296105239000,0.733369023959166,0.7334389485419234,0.733309867417576,0.733369023959166,69000000,1
1296105240000,1296105299000,0.7333475113852201,0.733385159217918,0.7333475113852201,0.7333744022998621,36000000,1
1296105300000,1296105359000,0.7333744022998621,0.7335896006338215,0.7333744022998621,0.7335626939356372,41000000,1
1296105360000,1296105419000,0.7335842191362779,0.7335842191362779,0.7334550868777551,0.7334604664808567,22000000,1
1296105420000,1296105479000,0.7334604664808567,0.7334604664808567,0.7333905377952814,0.7334281900459126,44000000,1
1296105480000,1296105539000,0.7334281900459126,0.7334550868777551,0.7334120528936772,0.7334550868777551,19000000,1
1296105540000,1296105599000,0.7334497073535667,0.7335465508641178,0.7334228109162652,0.7334497073535667,33000000,1
1296105600000,1296105659000,0.7334873656801262,0.7335088864601594,0.7334228109162652,0.7334389485419234,37000000,1
1296105660000,1296105719000,0.7334604664808567,0.7334604664808567,0.733369023959166,0.7333959164515371,44000000,1
1296105720000,1296105779000,0.7333959164515371,0.7334228109162652,0.7333582675144288,0.7333582675144288,31000000,1
1296105780000,1296105839000,0.7333959164515371,0.7334120528936772,0.7332829812352885,0.7333582675144288,37000000,1
1296105840000,1296105899000,0.7333582675144288,0.7334550868777551,0.7333528894103843,0.7333905377952814,23000000,1
1296105900000,1296105959000,0.7333905377952814,0.7334228109162652,0.733336755571526,0.7334228109162652,46000000,1
1296105960000,1296106019000,0.7334228109162652,0.7335088864601594,0.7333421334389346,0.7334497073535667,97000000,1
1296106020000,1296106079000,0.7334497073535667,0.7334497073535667,0.7333421334389346,0.7333636456973555,46000000,1
1296106080000,1296106139000,0.7333636456973555,0.7333959164515371,0.7332776042354114,0.7333582675144288,76000000,1
1296106140000,1296106199000,0.7333582675144288,0.7334873656801262,0.7332722273143905,0.7334873656801262,50000000,1
1296106200000,1296106259000,0.733471225923807,0.733471225923807,0.7333475113852201,0.7333475113852201,47000000,1
1296106260000,1296106319000,0.7333475113852201,0.7334228109162652,0.7333206224425443,0.7333528894103843,36000000,1
1296106320000,1296106379000,0.7333744022998621,0.7334066740007334,0.7333582675144288,0.7334066740007334,56000000,1
1296106380000,1296106439000,0.7334066740007334,0.733471225923807,0.7333044900233924,0.7333313777829926,72000000,1
1296106440000,1296106499000,0.7333313777829926,0.733336755571526,0.7332560970244467,0.7332883583140234,46000000,1
1296106500000,1296106559000,0.733309867417576,0.7333421334389346,0.7332829812352885,0.7332829812352885,40000000,1
1296106560000,1296106619000,0.7332829812352885,0.7333260000733326,0.7332776042354114,0.7332829812352885,30000000,1
1296106620000,1296106679000,0.7333260000733326,0.733336755571526,0.7333260000733326,0.733336755571526,10000000,1
1296106680000,1296106739000,0.733336755571526,0.7333797807194455,0.7332829812352885,0.7332937354716179,27000000,1
1296106740000,1296106799000,0.7332829812352885,0.733336755571526,0.7332829812352885,0.7333313777829926,35000000,1
1296106800000,1296106859000,0.733385159217918,0.733385159217918,0.7333260000733326,0.733385159217918,21000000,1
1296106860000,1296106919000,0.733385159217918,0.733385159217918,0.733309867417576,0.7333260000733326,18000000,1
1296106920000,1296106979000,0.7333260000733326,0.7334873656801262,0.7332991127080737,0.7333528894103843,52000000,1
1296106980000,1296107039000,0.7333421334389346,0.7333421334389346,0.7332668504722238,0.7333044900233924,38000000,1
1296107040000,1296107099000,0.7333044900233924,0.7333044900233924,0.7332614737089099,0.7332668504722238,17000000,1
1296107100000,1296107159000,0.7332668504722238,0.7333475113852201,0.7332184624408843,0.7332184624408843,61000000,1
1296107160000,1296107219000,0.7332345910750685,0.7332722273143905,0.7332345910750685,0.7332722273143905,22000000,1
1296107220000,1296107279000,0.7332722273143905,0.733315244890626,0.7332560970244467,0.7332560970244467,42000000,1
1296107280000,1296107339000,0.7332560970244467,0.7332560970244467,0.733170080795343,0.7331808317203355,78000000,1
1296107340000,1296107399000,0.7331808317203355,0.7332238385734398,0.7331270802480901,0.7331862073010683,60000000,1
1296107400000,1296107459000,0.7331862073010683,0.7331915829606277,0.7330625888838389,0.7331915829606277,47000000,1
1296107460000,1296107519000,0.7331862073010683,0.7332453438920663,0.7331378299120234,0.7331915829606277,59000000,1
1296107520000,1296107579000,0.7331915829606277,0.7333044900233924,0.7331378299120234,0.7332507204188328,78000000,1
1296107580000,1296107639000,0.7332560970244467,0.7333044900233924,0.7332453438920663,0.7332507204188328,22000000,1
1296107640000,1296107699000,0.7332937354716179,0.7332991127080737,0.7332937354716179,0.7332991127080737,5000000,1
1296107700000,1296107759000,0.7332937354716179,0.7332991127080737,0.7331915829606277,0.7332077104122827,35000000,1
1296107760000,1296107819000,0.7332077104122827,0.7332507204188328,0.7331969586990152,0.7332399674441454,41000000,1
1296107820000,1296107879000,0.7332937354716179,0.7332937354716179,0.7332238385734398,0.7332345910750685,43000000,1
1296107880000,1296107939000,0.7332292147848338,0.7332292147848338,0.7331378299120234,0.7331539549990103,72000000,1
1296107940000,1296107999000,0.733159330185636,0.7331969586990152,0.733159330185636,0.7331969586990152,32000000,1
1296108000000,1296108059000,0.7331915829606277,0.7332722273143905,0.7331915829606277,0.7332614737089099,69000000,1
1296108060000,1296108119000,0.7332614737089099,0.733309867417576,0.7332023345162331,0.7332184624408843,63000000,1
1296108120000,1296108179000,0.7332184624408843,0.7332560970244467,0.7331270802480901,0.733159330185636,65000000,1
1296108180000,1296108239000,0.7331324550406523,0.733159330185636,0.7331002074673588,0.7331539549990103,88000000,1
1296108240000,1296108299000,0.7331539549990103,0.7332560970244467,0.7331539549990103,0.7332560970244467,40000000,1
1296108300000,1296108359000,0.7332453438920663,0.7332883583140234,0.7332453438920663,0.7332668504722238,49000000,1
1296108360000,1296108419000,0.7332668504722238,0.7332937354716179,0.7332399674441454,0.7332399674441454,33000000,1
1296108420000,1296108479000,0.7332453438920663,0.7332453438920663,0.7331539549990103,0.7331969586990152,57000000,1
1296108480000,1296108539000,0.7332077104122827,0.7332238385734398,0.7332077104122827,0.7332238385734398,6000000,1
1296108540000,1296108599000,0.7332130863871658,0.7332614737089099,0.7331862073010683,0.7332614737089099,23000000,1
1296108600000,1296108659000,0.7332614737089099,0.7333528894103843,0.7332453438920663,0.7333528894103843,39000000,1
1296108660000,1296108719000,0.7333528894103843,0.7333636456973555,0.7332991127080737,0.7332991127080737,35000000,1
1296108720000,1296108779000,0.7332937354716179,0.7333528894103843,0.7332614737089099,0.7333528894103843,18000000,1
1296108780000,1296108839000,0.733336755571526,0.7333905377952814,0.733336755571526,0.7333905377952814,65000000,1
1296108840000,1296108899000,0.7333905377952814,0.7334174318655206,0.7333905377952814,0.7334174318655206,36000000,1
1296108900000,1296108959000,0.7334443279082902,0.7334497073535667,0.7334228109162652,0.7334389485419234,31000000,1
1296108960000,1296109019000,0.7334497073535667,0.7334550868777551,0.7333582675144288,0.7333797807194455,44000000,1
1296109020000,1296109079000,0.7334228109162652,0.7334766057636591,0.7334174318655206,0.7334766057636591,30000000,1
1296109080000,1296109139000,0.7334766057636591,0.7334766057636591,0.7334174318655206,0.7334335692544648,43000000,1
1296109140000,1296109199000,0.7334335692544648,0.7334335692544648,0.733315244890626,0.7334281900459126,58000000,1
1296109200000,1296109259000,0.7334281900459126,0.7335304085030845,0.7333744022998621,0.7335304085030845,56000000,1
1296109260000,1296109319000,0.7334873656801262,0.7334873656801262,0.733369023959166,0.7334012951866873,59000000,1
1296109320000,1296109379000,0.7334012951866873,0.7334873656801262,0.7333260000733326,0.7334604664808567,75000000,1
1296109380000,1296109439000,0.7334873656801262,0.7334873656801262,0.7334228109162652,0.7334228109162652,25000000,1
1296109440000,1296109499000,0.7334497073535667,0.7334873656801262,0.7333582675144288,0.7334766057636591,83000000,1
1296109500000,1296109559000,0.7334819856824317,0.7335196473237536,0.7334497073535667,0.7334981259122884,68000000,1
1296109560000,1296109619000,0.7335088864601594,0.7335142668524903,0.733471225923807,0.7334927457567445,17000000,1
1296109620000,1296109679000,0.7334927457567445,0.7334927457567445,0.7333959164515371,0.7334120528936772,51000000,1
1296109680000,1296109739000,0.7334281900459126,0.7334281900459126,0.733369023959166,0.733369023959166,30000000,1
1296109740000,1296109799000,0.733369023959166,0.7334443279082902,0.7332507204188328,0.7332614737089099,43000000,1
1296109800000,1296109859000,0.7332614737089099,0.7333206224425443,0.7332614737089099,0.7332829812352885,55000000,1
1296109860000,1296109919000,0.7332937354716179,0.7333959164515371,0.7332722273143905,0.733336755571526,62000000,1
1296109920000,1296109979000,0.7333636456973555,0.7334335692544648,0.7333475113852201,0.7334335692544648,54000000,1
1296109980000,1296110039000,0.7333744022998621,0.7335304085030845,0.733369023959166,0.7335304085030845,52000000,1
1296110040000,1296110099000,0.7335304085030845,0.7335304085030845,0.7334228109162652,0.733471225923807,44000000,1
1296110100000,1296110159000,0.7334819856824317,0.7334873656801262,0.7334497073535667,0.7334819856824317,23000000,1
1296110160000,1296110219000,0.7334766057636591,0.7335304085030845,0.733471225923807,0.7334927457567445,32000000,1
1296110220000,1296110279000,0.7334927457567445,0.733525027873951,0.7333959164515371,0.7334819856824317,120000000,1
1296110280000,1296110339000,0.7334927457567445,0.7335304085030845,0.7334389485419234,0.7334819856824317,63000000,1
1296110340000,1296110399000,0.7337026303239297,0.7338910905621605,0.7336326554567597,0.7338910905621605,58000000,1
1296110400000,1296110459000,0.7334766057636591,0.7335088864601594,0.733471225923807,0.7334873656801262,19000000,1
1296110460000,1296110519000,0.7334873656801262,0.7335519318090125,0.7334873656801262,0.7335304085030845,41000000,1
1296110520000,1296110579000,0.7335465508641178,0.7336810981738678,0.7335411699981661,0.7336434199521665,66000000,1
1296110580000,1296110639000,0.7336434199521665,0.7336434199521665,0.7335196473237536,0.7335842191362779,50000000,1
1296110640000,1296110699000,0.7335842191362779,0.7335896006338215,0.7335573128328515,0.7335734563780545,42000000,1
1296110700000,1296110759000,0.7335734563780545,0.7336434199521665,0.7335734563780545,0.7336165093059254,40000000,1
1296110760000,1296110819000,0.7336165093059254,0.7336541847634699,0.7336165093059254,0.7336541847634699,28000000,1
1296110820000,1296110879000,0.7336541847634699,0.7336864810928994,0.7335896006338215,0.7336488023183302,40000000,1
1296110880000,1296110939000,0.7336488023183302,0.7336488023183302,0.7336003638657804,0.7336057456001995,33000000,1
1296110940000,1296110999000,0.7336057456001995,0.7336057456001995,0.7332776042354114,0.7332776042354114,104000000,1
1296111000000,1296111059000,0.733309867417576,0.7333206224425443,0.7332130863871658,0.7332399674441454,106000000,1
1296111060000,1296111119000,0.7332399674441454,0.7333206224425443,0.7331969586990152,0.733315244890626,152000000,1
1296111120000,1296111179000,0.733315244890626,0.733315244890626,0.7331378299120234,0.7332077104122827,111000000,1
1296111180000,1296111239000,0.7331915829606277,0.7332077104122827,0.7331109563432425,0.7331808317203355,71000000,1
1296111240000,1296111299000,0.7331647054510796,0.7331754562184276,0.7331055818659002,0.733159330185636,86000000,1
1296111300000,1296111359000,0.7331754562184276,0.7332238385734398,0.7331055818659002,0.7331055818659002,63000000,1
1296111360000,1296111419000,0.7330894589066703,0.7331647054510796,0.7330625888838389,0.7331647054510796,49000000,1
1296111420000,1296111479000,0.7331539549990103,0.7332023345162331,0.7331163308993871,0.7331324550406523,71000000,1
1296111480000,1296111539000,0.7331163308993871,0.7331915829606277,0.7331163308993871,0.7331862073010683,48000000,1
1296111540000,1296111599000,0.7332023345162331,0.7333797807194455,0.7332023345162331,0.7333528894103843,65000000,1
1296111600000,1296111659000,0.7333582675144288,0.7333905377952814,0.7332991127080737,0.733385159217918,75000000,1
1296111660000,1296111719000,0.7333959164515371,0.7334389485419234,0.733309867417576,0.7333260000733326,74000000,1
1296111720000,1296111779000,0.7333475113852201,0.7334228109162652,0.7333260000733326,0.733385159217918,68000000,1
1296111780000,1296111839000,0.7333744022998621,0.733385159217918,0.7333475113852201,0.733369023959166,43000000,1
1296111840000,1296111899000,0.733385159217918,0.733471225923807,0.733385159217918,0.7334443279082902,44000000,1
1296111900000,1296111959000,0.7334658461628734,0.7335304085030845,0.7334443279082902,0.733525027873951,46000000,1
1296111960000,1296112019000,0.7335088864601594,0.7335680751173709,0.7334389485419234,0.7334658461628734,68000000,1
1296112020000,1296112079000,0.7334604664808567,0.7334604664808567,0.7332829812352885,0.7333260000733326,66000000,1
1296112080000,1296112139000,0.733309867417576,0.733309867417576,0.7332453438920663,0.7332560970244467,39000000,1
1296112140000,1296112199000,0.7332399674441454,0.7332722273143905,0.7331432048622057,0.7331432048622057,44000000,1
1296112200000,1296112259000,0.7331324550406523,0.733170080795343,0.7329819906324901,0.7330625888838389,99000000,1
1296112260000,1296112319000,0.7330464678155948,0.7331378299120234,0.7330249741608698,0.7330840847445201,97000000,1
1296112320000,1296112379000,0.7330625888838389,0.7331270802480901,0.7330625888838389,0.7331163308993871,36000000,1
1296112380000,1296112439000,0.7331163308993871,0.7331163308993871,0.7328638119178313,0.7330733366565991,105000000,1
1296112440000,1296112499000,0.7330894589066703,0.7332453438920663,0.7329981088648791,0.7330410942837455,159000000,1
1296112500000,1296112559000,0.733035720830676,0.7331270802480901,0.7329282683103805,0.7329766180458843,96000000,1
1296112560000,1296112619000,0.7329712455380376,0.7330196009441292,0.7328101069169946,0.7329282683103805,132000000,1
1296112620000,1296112679000,0.7329551284870339,0.7330303474563846,0.7328262175907606,0.7329819906324901,125000000,1
1296112680000,1296112739000,0.7329551284870339,0.7330733366565991,0.7329551284870339,0.7330410942837455,87000000,1
1296112740000,1296112799000,0.7330518414262256,0.7331055818659002,0.7329766180458843,0.7330518414262256,122000000,1
1296112800000,1296112859000,0.7330572151156398,0.7330894589066703,0.7330142278061617,0.7330625888838389,82000000,1
1296112860000,1296112919000,0.7330518414262256,0.7332292147848338,0.733035720830676,0.733170080795343,84000000,1
1296112920000,1296112979000,0.7331647054510796,0.7332507204188328,0.7331163308993871,0.7332238385734398,151000000,1
1296112980000,1296113039000,0.7332399674441454,0.7333044900233924,0.7331647054510796,0.7332883583140234,78000000,1
1296113040000,1296113099000,0.7332776042354114,0.7332937354716179,0.7330894589066703,0.7331539549990103,109000000,1
1296113100000,1296113159000,0.7331109563432425,0.7332829812352885,0.7330249741608698,0.7331055818659002,284000000,1
1296113160000,1296113219000,0.7330733366565991,0.7331539549990103,0.732965873108948,0.7330733366565991,234000000,1
1296113220000,1296113279000,0.7331485798912007,0.7333206224425443,0.7330733366565991,0.7332399674441454,216000000,1
1296113280000,1296113339000,0.7332130863871658,0.7332130863871658,0.7331109563432425,0.7331324550406523,72000000,1
1296113340000,1296113399000,0.7331539549990103,0.7332507204188328,0.7331324550406523,0.7331808317203355,107000000,1
1296113400000,1296113459000,0.7331539549990103,0.733369023959166,0.7331539549990103,0.733315244890626,190000000,1
1296113460000,1296113519000,0.733336755571526,0.7334604664808567,0.7331915829606277,0.7333421334389346,240000000,1
1296113520000,1296113579000,0.733336755571526,0.7339234077531668,0.733336755571526,0.7338103100348561,258000000,1
1296113580000,1296113639000,0.7338103100348561,0.733896476563016,0.7336757153338225,0.7336757153338225,155000000,1
1296113640000,1296113699000,0.7336595672875872,0.7340042131841836,0.7335896006338215,0.733939567416019,184000000,1
1296113700000,1296113759000,0.7339126350399249,0.733988050674535,0.7338103100348561,0.7338103100348561,189000000,1
1296113760000,1296113819000,0.7338264647176236,0.7339018626429274,0.7336380376649768,0.7337026303239297,170000000,1
1296113820000,1296113879000,0.7337241637378843,0.7338049252986586,0.7336703325727617,0.7337726185409665,181000000,1
1296113880000,1296113939000,0.7337618502538815,0.7343869337876741,0.7337349309188563,0.7343491830365338,182000000,1
1296113940000,1296113999000,0.7343114361663068,0.7343114361663068,0.734063481809907,0.7342575187969925,269000000,1
1296114000000,1296114059000,0.7342683016374183,0.7344624469350882,0.7341928284044522,0.7343653614546309,255000000,1
1296114060000,1296114119000,0.7343761474627305,0.7347160689751445,0.7343761474627305,0.7346405036695293,182000000,1
1296114120000,1296114179000,0.7346459006758742,0.7347592561297291,0.7344408701655429,0.7344732357952876,122000000,1
1296114180000,1296114239000,0.7345002093325597,0.7350184857149157,0.7345002093325597,0.7349320555314661,169000000,1
1296114240000,1296114299000,0.7349482596425211,0.7350671116272915,0.7348456456721266,0.7349428581927756,159000000,1
1296114300000,1296114359000,0.7349428581927756,0.735023888276369,0.7347322635631576,0.734797049055051,142000000,1
1296114360000,1296114419000,0.7347700537116909,0.7348402457305782,0.7347376619178123,0.7348294460855636,72000000,1
1296114420000,1296114479000,0.7348456456721266,0.7348456456721266,0.7347214670918255,0.7347214670918255,67000000,1
1296114480000,1296114539000,0.7347214670918255,0.7348672462319682,0.7345487666926207,0.7348672462319682,122000000,1
1296114540000,1296114599000,0.7348888480617307,0.7350130832328816,0.7348618459729571,0.7348780469881023,79000000,1
1296114600000,1296114659000,0.7348942487176096,0.7352022173698876,0.7348942487176096,0.7351751922483127,129000000,1
1296114660000,1296114719000,0.7351968121866224,0.7353590022649057,0.7350725149035953,0.7353373727866345,127000000,1
1296114720000,1296114779000,0.7353373727866345,0.7355374940237578,0.7351751922483127,0.7352130279748558,192000000,1
1296114780000,1296114839000,0.7352400558782441,0.7353914488682326,0.7349104511615259,0.7350400964372606,223000000,1
1296114840000,1296114899000,0.7350184857149157,0.7350292909172431,0.7343599685693933,0.735023888276369,300000000,1
1296114900000,1296114959000,0.7350346936375397,0.7350833216945141,0.7347214670918255,0.7347754526216789,274000000,1
1296114960000,1296115019000,0.7347646548810416,0.735348187366718,0.7347052729797442,0.735348187366718,359000000,1
1296115020000,1296115079000,0.7353590022649057,0.735564545788893,0.7352454616973877,0.7354347154603086,237000000,1
1296115080000,1296115139000,0.7354455329038331,0.7354455329038331,0.7348942487176096,0.7348996494528672,228000000,1
1296115140000,1296115199000,0.7349158521349305,0.7349536611716632,0.7344570526238478,0.7347538574577517,413000000,1
1296115200000,1296115259000,0.734797049055051,0.7350941288031932,0.7347592561297291,0.7348024483617579,340000000,1
1296115260000,1296115319000,0.7348078477478139,0.7349968762632759,0.7334927457567445,0.7336380376649768,281000000,1
1296115320000,1296115379000,0.7336918640909191,0.7343222205903951,0.7336918640909191,0.7343114361663068,274000000,1
1296115380000,1296115439000,0.7342683016374183,0.7342736931763946,0.7338587762171048,0.7338857046403593,224000000,1
1296115440000,1296115499000,0.7339234077531668,0.733988050674535,0.7336703325727617,0.7339018626429274,251000000,1
1296115500000,1296115559000,0.7338857046403593,0.7340958141856675,0.7335304085030845,0.7337403146278468,182000000,1
1296115560000,1296115619000,0.7337403146278468,0.7338857046403593,0.7334873656801262,0.7334873656801262,156000000,1
1296115620000,1296115679000,0.7333744022998621,0.7336810981738678,0.7333744022998621,0.7336380376649768,153000000,1
1296115680000,1296115739000,0.7336380376649768,0.7337295472888693,0.7334012951866873,0.7336218912772358,143000000,1
1296115740000,1296115799000,0.7336165093059254,0.7336810981738678,0.7334873656801262,0.7335196473237536,123000000,1
1296115800000,1296115859000,0.7335357892111557,0.733961114740141,0.7335035061467593,0.7336003638657804,191000000,1
1296115860000,1296115919000,0.7336003638657804,0.7340580933575083,0.7336003638657804,0.7339503409199334,122000000,1
1296115920000,1296115979000,0.7339503409199334,0.7341443180900501,0.7337941560633411,0.7339341807826675,185000000,1
1296115980000,1296116039000,0.733961114740141,0.7347484588651075,0.733961114740141,0.734554162351161,238000000,1
1296116040000,1296116099000,0.7345271848511113,0.7345703498024005,0.7340904252585834,0.7341065922771987,165000000,1
1296116100000,1296116159000,0.7341173706852252,0.7343653614546309,0.7339072488018964,0.7340042131841836,188000000,1
1296116160000,1296116219000,0.7340042131841836,0.7340042131841836,0.7337295472888693,0.7337295472888693,196000000,1
1296116220000,1296116279000,0.7337187802658998,0.7343491830365338,0.7335788377176895,0.7343383978204837,153000000,1
1296116280000,1296116339000,0.7343437903889084,0.7344516583918446,0.7341227600079284,0.7341550976059202,240000000,1
1296116340000,1296116399000,0.7341550976059202,0.7343383978204837,0.7340473166900339,0.7342305630814189,237000000,1
1296116400000,1296116459000,0.7342359540661987,0.7344516583918446,0.7340311522821028,0.7344516583918446,210000000,1
1296116460000,1296116519000,0.7344678413255676,0.7344840249724569,0.733939567416019,0.7339718888766561,203000000,1
1296116520000,1296116579000,0.733998825601879,0.7343168283387551,0.733998825601879,0.7342036093449436,174000000,1
1296116580000,1296116639000,0.7341928284044522,0.7342197813493491,0.7337941560633411,0.7339126350399249,148000000,1
1296116640000,1296116699000,0.7339126350399249,0.7340257643043271,0.7338049252986586,0.7338156948500815,114000000,1
1296116700000,1296116759000,0.7338156948500815,0.7338156948500815,0.7335088864601594,0.7335088864601594,125000000,1
1296116760000,1296116819000,0.7335142668524903,0.733961114740141,0.733385159217918,0.733939567416019,168000000,1
1296116820000,1296116879000,0.7339341807826675,0.734063481809907,0.7337510822828464,0.734063481809907,118000000,1
1296116880000,1296116939000,0.734063481809907,0.7341389284508201,0.7340149885860668,0.7341389284508201,115000000,1
1296116940000,1296116999000,0.7341335388907242,0.7344192946637094,0.7340688703414154,0.7342305630814189,227000000,1
1296117000000,1296117059000,0.7342036093449436,0.7342143906020557,0.7338749330339124,0.7341389284508201,196000000,1
1296117060000,1296117119000,0.7341604874825637,0.7345056042777607,0.7341443180900501,0.7341550976059202,127000000,1
1296117120000,1296117179000,0.7341550976059202,0.7343168283387551,0.7340796476417691,0.7343168283387551,151000000,1
1296117180000,1296117239000,0.7342790847945487,0.7344624469350882,0.7342089999339212,0.7344246884203259,123000000,1
1296117240000,1296117299000,0.7344354761712409,0.7345002093325597,0.7343114361663068,0.7343114361663068,102000000,1
1296117300000,1296117359000,0.7343114361663068,0.734446264239077,0.7342844764918826,0.7343276129212286,222000000,1
1296117360000,1296117419000,0.7343168283387551,0.7344192946637094,0.7341065922771987,0.7344192946637094,142000000,1
1296117420000,1296117479000,0.7343977204294757,0.7346405036695293,0.7343114361663068,0.7343114361663068,134000000,1
1296117480000,1296117539000,0.7343006520589791,0.7343815405855958,0.7341281494097609,0.7342736931763946,138000000,1
1296117540000,1296117599000,0.7342736931763946,0.7344570526238478,0.7341227600079284,0.7344246884203259,82000000,1
1296117600000,1296117659000,0.7344246884203259,0.7344624469350882,0.7342251721758029,0.7343006520589791,118000000,1
1296117660000,1296117719000,0.7343114361663068,0.7343761474627305,0.7342036093449436,0.7342629101776182,152000000,1
1296117720000,1296117779000,0.7344246884203259,0.7344246884203259,0.7341119814416491,0.7343060440730487,125000000,1
1296117780000,1296117839000,0.7343060440730487,0.7343060440730487,0.734063481809907,0.7342305630814189,112000000,1
1296117840000,1296117899000,0.7342251721758029,0.7342629101776182,0.734020376405649,0.7341335388907242,149000000,1
1296117900000,1296117959000,0.7341335388907242,0.7343869337876741,0.7340850364106178,0.7343222205903951,106000000,1
1296117960000,1296118019000,0.7342844764918826,0.7344948144666098,0.7341820477805676,0.7342305630814189,158000000,1
1296118020000,1296118079000,0.7342305630814189,0.7342305630814189,0.7340096008455791,0.7341712674732762,176000000,1
1296118080000,1296118139000,0.7341712674732762,0.7342844764918826,0.734036540338978,0.7341497078084163,144000000,1
1296118140000,1296118199000,0.7341443180900501,0.7341443180900501,0.7339503409199334,0.7341065922771987,117000000,1
1296118200000,1296118259000,0.7340796476417691,0.7341550976059202,0.7338641617436613,0.7339072488018964,125000000,1
1296118260000,1296118319000,0.7339072488018964,0.7339449541284403,0.7337564662288587,0.7338641617436613,140000000,1
1296118320000,1296118379000,0.7338641617436613,0.7340042131841836,0.7337887715642175,0.7340042131841836,122000000,1
1296118380000,1296118439000,0.7340042131841836,0.7341497078084163,0.7337618502538815,0.7339126350399249,177000000,1
1296118440000,1296118499000,0.733928794228384,0.7339934380986635,0.7338264647176236,0.7338857046403593,80000000,1
1296118500000,1296118559000,0.7338857046403593,0.7340742589520356,0.7338857046403593,0.733998825601879,110000000,1
1296118560000,1296118619000,0.7340149885860668,0.7340527049842178,0.733853390769592,0.733896476563016,115000000,1
1296118620000,1296118679000,0.733896476563016,0.733928794228384,0.7337510822828464,0.7337510822828464,150000000,1
1296118680000,1296118739000,0.7337726185409665,0.7339449541284403,0.7337026303239297,0.7337295472888693,167000000,1
1296118740000,1296118799000,0.7337295472888693,0.7338426201116909,0.7335896006338215,0.7336272733275133,92000000,1
1296118800000,1296118859000,0.7336057456001995,0.7337403146278468,0.733525027873951,0.7335788377176895,147000000,1
1296118860000,1296118919000,0.7335949822103216,0.7336326554567597,0.7335465508641178,0.7336218912772358,115000000,1
1296118920000,1296118979000,0.7336218912772358,0.7336380376649768,0.7334550868777551,0.7334550868777551,80000000,1
1296118980000,1296119039000,0.7334443279082902,0.7336165093059254,0.7334443279082902,0.7335196473237536,137000000,1
1296119040000,1296119099000,0.7335196473237536,0.7335465508641178,0.7333421334389346,0.7333797807194455,95000000,1
1296119100000,1296119159000,0.7333905377952814,0.7335035061467593,0.7332829812352885,0.7335035061467593,147000000,1
1296119160000,1296119219000,0.7335304085030845,0.7335949822103216,0.7334389485419234,0.7335088864601594,104000000,1
1296119220000,1296119279000,0.7335304085030845,0.7336218912772358,0.7333421334389346,0.7336057456001995,114000000,1
1296119280000,1296119339000,0.7336057456001995,0.7338910905621605,0.7335573128328515,0.733745698415843,97000000,1
1296119340000,1296119399000,0.7337618502538815,0.7339665017688592,0.7337349309188563,0.733939567416019,132000000,1
1296119400000,1296119459000,0.7339341807826675,0.7339341807826675,0.7337295472888693,0.7337403146278468,69000000,1
1296119460000,1296119519000,0.7337403146278468,0.7338049252986586,0.7336488023183302,0.7337080135589241,80000000,1
1296119520000,1296119579000,0.7337133968729135,0.7338695473492631,0.7336918640909191,0.7338695473492631,93000000,1
1296119580000,1296119639000,0.7338264647176236,0.7339234077531668,0.7337349309188563,0.7338587762171048,108000000,1
1296119640000,1296119699000,0.7338480054011214,0.733853390769592,0.7336864810928994,0.7337887715642175,65000000,1
1296119700000,1296119759000,0.7337995406414876,0.7339718888766561,0.733767234357917,0.7338803187976105,143000000,1
1296119760000,1296119819000,0.7339234077531668,0.7343006520589791,0.7339234077531668,0.7341497078084163,146000000,1
1296119820000,1296119879000,0.7341497078084163,0.7341928284044522,0.7339557277904998,0.7340742589520356,79000000,1
1296119880000,1296119939000,0.7340527049842178,0.7341173706852252,0.734020376405649,0.734020376405649,132000000,1
1296119940000,1296119999000,0.7340473166900339,0.7341065922771987,0.7339934380986635,0.7340527049842178,84000000,1
1296120000000,1296120059000,0.734020376405649,0.7340688703414154,0.7338103100348561,0.7338103100348561,106000000,1
1296120060000,1296120119000,0.7338156948500815,0.7339503409199334,0.7337564662288587,0.7338426201116909,102000000,1
1296120120000,1296120179000,0.7338426201116909,0.734020376405649,0.7338426201116909,0.7339557277904998,118000000,1
1296120180000,1296120239000,0.733988050674535,0.7340850364106178,0.7338803187976105,0.7340742589520356,111000000,1
1296120240000,1296120299000,0.7340796476417691,0.7341497078084163,0.7340311522821028,0.7341443180900501,105000000,1
1296120300000,1296120359000,0.7341443180900501,0.7341443180900501,0.7340419284749545,0.7340527049842178,41000000,1
1296120360000,1296120419000,0.7340527049842178,0.7341550976059202,0.733961114740141,0.7339826633294921,53000000,1
1296120420000,1296120479000,0.7340042131841836,0.734063481809907,0.7338210797443367,0.7339126350399249,72000000,1
1296120480000,1296120539000,0.7339180213570144,0.7340527049842178,0.733853390769592,0.7338803187976105,94000000,1
1296120540000,1296120599000,0.7339180213570144,0.734036540338978,0.7339018626429274,0.7339718888766561,108000000,1
1296120600000,1296120659000,0.7339665017688592,0.7340257643043271,0.7338210797443367,0.7338910905621605,121000000,1
1296120660000,1296120719000,0.7339072488018964,0.7339072488018964,0.7337510822828464,0.7338426201116909,140000000,1
1296120720000,1296120779000,0.7338641617436613,0.7339557277904998,0.7337995406414876,0.733853390769592,94000000,1
1296120780000,1296120839000,0.7338587762171048,0.7338587762171048,0.7336326554567597,0.7336864810928994,132000000,1
1296120840000,1296120899000,0.7336810981738678,0.733745698415843,0.7336434199521665,0.7336918640909191,127000000,1
1296120900000,1296120959000,0.7336918640909191,0.7336918640909191,0.7334819856824317,0.7335196473237536,127000000,1
1296120960000,1296121019000,0.733525027873951,0.7335573128328515,0.733336755571526,0.7334066740007334,146000000,1
1296121020000,1296121079000,0.7334066740007334,0.7334658461628734,0.733369023959166,0.7334012951866873,97000000,1
1296121080000,1296121139000,0.7333582675144288,0.7335035061467593,0.7332507204188328,0.7334335692544648,125000000,1
1296121140000,1296121199000,0.7334873656801262,0.7334873656801262,0.7331539549990103,0.7331539549990103,167000000,1
1296121200000,1296121259000,0.7331539549990103,0.7332668504722238,0.7331055818659002,0.7331055818659002,116000000,1
1296121260000,1296121319000,0.7331163308993871,0.7334012951866873,0.7330679627308248,0.7333206224425443,142000000,1
1296121320000,1296121379000,0.7332883583140234,0.7334012951866873,0.7332345910750685,0.7333044900233924,111000000,1
1296121380000,1296121439000,0.733309867417576,0.7333475113852201,0.7332399674441454,0.7333313777829926,107000000,1
1296121440000,1296121499000,0.7333528894103843,0.7335142668524903,0.7333528894103843,0.7334766057636591,78000000,1
1296121500000,1296121559000,0.7334497073535667,0.7336272733275133,0.7334497073535667,0.7335680751173709,85000000,1
1296121560000,1296121619000,0.7335734563780545,0.7337295472888693,0.7335465508641178,0.7336111274135806,96000000,1
1296121620000,1296121679000,0.7336218912772358,0.7337618502538815,0.7335680751173709,0.7337564662288587,113000000,1
1296121680000,1296121739000,0.733745698415843,0.733745698415843,0.7334873656801262,0.7335088864601594,123000000,1
1296121740000,1296121799000,0.7335196473237536,0.7336380376649768,0.733385159217918,0.7336218912772358,114000000,1
1296121800000,1296121859000,0.7336218912772358,0.7337887715642175,0.7335573128328515,0.7337887715642175,147000000,1
1296121860000,1296121919000,0.733745698415843,0.7337941560633411,0.7334927457567445,0.7336003638657804,152000000,1
1296121920000,1296121979000,0.7336003638657804,0.7337080135589241,0.7334174318655206,0.7337080135589241,76000000,1
1296121980000,1296122039000,0.7337187802658998,0.7337833871441151,0.7337026303239297,0.733745698415843,30000000,1
1296122040000,1296122099000,0.7337349309188563,0.733853390769592,0.7336703325727617,0.733767234357917,71000000,1
1296122100000,1296122159000,0.7337564662288587,0.7337941560633411,0.7335788377176895,0.7336165093059254,79000000,1
1296122160000,1296122219000,0.7336272733275133,0.7336380376649768,0.7334443279082902,0.7334927457567445,103000000,1
1296122220000,1296122279000,0.7335035061467593,0.7336057456001995,0.7334550868777551,0.7336057456001995,70000000,1
1296122280000,1296122339000,0.7335842191362779,0.7337510822828464,0.7334981259122884,0.733525027873951,78000000,1
1296122340000,1296122399000,0.733525027873951,0.7335357892111557,0.7332507204188328,0.7332507204188328,135000000,1
1296122400000,1296122459000,0.7332130863871658,0.7332453438920663,0.733159330185636,0.7331862073010683,78000000,1
1296122460000,1296122519000,0.7331862073010683,0.7333044900233924,0.7331432048622057,0.7332668504722238,106000000,1
1296122520000,1296122579000,0.7332399674441454,0.7332883583140234,0.7330464678155948,0.733159330185636,91000000,1
1296122580000,1296122639000,0.733159330185636,0.7333582675144288,0.7331539549990103,0.7333206224425443,118000000,1
1296122640000,1296122699000,0.733336755571526,0.7335788377176895,0.733336755571526,0.7334550868777551,172000000,1
1296122700000,1296122759000,0.7334604664808567,0.7335411699981661,0.733369023959166,0.7333959164515371,154000000,1
1296122760000,1296122819000,0.7333959164515371,0.7335357892111557,0.7332668504722238,0.7335357892111557,93000000,1
1296122820000,1296122879000,0.7335357892111557,0.7336111274135806,0.7334550868777551,0.7336111274135806,80000000,1
1296122880000,1296122939000,0.7336165093059254,0.7338103100348561,0.7336003638657804,0.7338049252986586,109000000,1
1296122940000,1296122999000,0.7338264647176236,0.7338749330339124,0.7335680751173709,0.7335896006338215,126000000,1
1296123000000,1296123059000,0.7335626939356372,0.7337564662288587,0.7335035061467593,0.733664949890684,102000000,1
1296123060000,1296123119000,0.7336488023183302,0.7337080135589241,0.7335734563780545,0.7336757153338225,112000000,1
1296123120000,1296123179000,0.7336757153338225,0.7338749330339124,0.7336757153338225,0.7338749330339124,140000000,1
1296123180000,1296123239000,0.7338480054011214,0.7339180213570144,0.7337510822828464,0.7338156948500815,132000000,1
1296123240000,1296123299000,0.7338210797443367,0.7339341807826675,0.7337564662288587,0.7338803187976105,117000000,1
1296123300000,1296123359000,0.7338803187976105,0.7339341807826675,0.7337618502538815,0.7338372349012989,139000000,1
1296123360000,1296123419000,0.7338372349012989,0.7339826633294921,0.733778002803032,0.7338803187976105,155000000,1
1296123420000,1296123479000,0.7338803187976105,0.7339018626429274,0.7337618502538815,0.7339018626429274,130000000,1
1296123480000,1296123539000,0.7338910905621605,0.7339718888766561,0.7338049252986586,0.7338641617436613,134000000,1
1296123540000,1296123599000,0.7338695473492631,0.7341766575873487,0.733853390769592,0.7341766575873487,104000000,1
1296123600000,1296123659000,0.7341712674732762,0.7342790847945487,0.7341227600079284,0.7342251721758029,113000000,1
1296123660000,1296123719000,0.7342305630814189,0.7344732357952876,0.7342305630814189,0.7343707544190761,135000000,1
1296123720000,1296123779000,0.7343869337876741,0.7345109993022145,0.7343060440730487,0.7344732357952876,90000000,1
1296123780000,1296123839000,0.7344570526238478,0.7344624469350882,0.7343006520589791,0.7344246884203259,102000000,1
1296123840000,1296123899000,0.734446264239077,0.734446264239077,0.7342089999339212,0.7342952601240958,69000000,1
1296123900000,1296123959000,0.7342683016374183,0.7343491830365338,0.7342683016374183,0.7343491830365338,44000000,1
1296123960000,1296124019000,0.7343707544190761,0.7343869337876741,0.7342898682683976,0.7343491830365338,45000000,1
1296124020000,1296124079000,0.7343653614546309,0.7344085073881496,0.7343060440730487,0.7343222205903951,74000000,1
1296124080000,1296124139000,0.7343222205903951,0.7344085073881496,0.7343006520589791,0.7343060440730487,59000000,1
1296124140000,1296124199000,0.7343222205903951,0.7343545757633616,0.733939567416019,0.7340311522821028,78000000,1
1296124200000,1296124259000,0.7339718888766561,0.7340149885860668,0.7328208472874637,0.7329282683103805,253000000,1
1296124260000,1296124319000,0.7330142278061617,0.7332453438920663,0.7329443841801284,0.7331270802480901,139000000,1
1296124320000,1296124379000,0.7331217055343358,0.733170080795343,0.7324236631437089,0.7326758788447167,181000000,1
1296124380000,1296124439000,0.7326758788447167,0.7327993668613471,0.731876898305705,0.7321448182450488,213000000,1
1296124440000,1296124499000,0.7321555391227311,0.7323861139592793,0.7321126574957355,0.7321126574957355,123000000,1
1296124500000,1296124559000,0.7321233774315647,0.7324129344124217,0.7321072976455429,0.7324129344124217,125000000,1
1296124560000,1296124619000,0.7324129344124217,0.7324397568300007,0.7320161921981714,0.7321769818200455,161000000,1
1296124620000,1296124679000,0.7321662603143922,0.7326114668346788,0.7321501786446436,0.7324612161786034,134000000,1
1296124680000,1296124739000,0.7324236631437089,0.7324236631437089,0.7318179822314594,0.7318822547828505,189000000,1
1296124740000,1296124799000,0.7318876113384029,0.7320108337603396,0.7318661855866273,0.7319786847806992,173000000,1
1296124800000,1296124859000,0.7319786847806992,0.7320376267340142,0.731823337846244,0.7318501170960187,139000000,1
1296124860000,1296124919000,0.7318715419069645,0.7319840427478681,0.7317162404419566,0.7317912053332943,127000000,1
1296124920000,1296124979000,0.731780495122683,0.7318876113384029,0.7315503013987242,0.7316519970441259,162000000,1
1296124980000,1296125039000,0.7316519970441259,0.7318554731811562,0.7316305850849788,0.7317644303945674,126000000,1
1296125040000,1296125099000,0.7317590756419357,0.7321072976455429,0.7317055324255306,0.7321072976455429,106000000,1
1296125100000,1296125159000,0.7321019378738295,0.7322627651706539,0.7319197523183557,0.7319411812066782,112000000,1
1296125160000,1296125219000,0.7319411812066782,0.7320376267340142,0.731807271237047,0.7320376267340142,153000000,1
1296125220000,1296125279000,0.7320376267340142,0.732171621027969,0.7319894007934765,0.7320804995717329,127000000,1
1296125280000,1296125339000,0.7321287375172051,0.7323110271394466,0.7320804995717329,0.7322949391096758,133000000,1
1296125340000,1296125399000,0.7323485686247226,0.7323914778927632,0.732171621027969,0.7322574031223456,99000000,1
1296125400000,1296125459000,0.7322895765901668,0.7325846318395933,0.7322466792613095,0.7325846318395933,132000000,1
1296125460000,1296125519000,0.7325846318395933,0.7326329362462819,0.7324182987387757,0.7324182987387757,113000000,1
1296125520000,1296125579000,0.7324129344124217,0.7324182987387757,0.7320804995717329,0.7320858590295469,147000000,1
1296125580000,1296125639000,0.7321126574957355,0.7321287375172051,0.7315717086588828,0.731780495122683,200000000,1
1296125640000,1296125699000,0.731780495122683,0.7319197523183557,0.7316627034936894,0.7318179822314594,138000000,1
1296125700000,1296125759000,0.7317376574150635,0.7318554731811562,0.7316573502297404,0.731780495122683,110000000,1
1296125760000,1296125819000,0.7317430118542367,0.7317912053332943,0.7316038218983656,0.7316519970441259,104000000,1
1296125820000,1296125879000,0.7316359379572724,0.7316519970441259,0.7312400368544979,0.7312721209816597,93000000,1
1296125880000,1296125939000,0.7312721209816597,0.7317269487717963,0.7312721209816597,0.731368390258173,141000000,1
1296125940000,1296125999000,0.731368390258173,0.7316787637555608,0.731368390258173,0.7315556530963092,150000000,1
1296126000000,1296126059000,0.7315395982384526,0.731684117332865,0.7312507312507313,0.7312507312507313,101000000,1
1296126060000,1296126119000,0.7312507312507313,0.7315984694960018,0.7309781218248137,0.7310636244672374,149000000,1
1296126120000,1296126179000,0.7311331100940237,0.731373739294517,0.730999495610348,0.7310155267697885,153000000,1
1296126180000,1296126239000,0.7310155267697885,0.7311812232661865,0.7307217338565302,0.7309086656531399,180000000,1
1296126240000,1296126299000,0.7309246928288978,0.7310850032533283,0.7308178582651845,0.7309674354007529,164000000,1
1296126300000,1296126359000,0.7309674354007529,0.730999495610348,0.7307003763106938,0.7308178582651845,146000000,1
1296126360000,1296126419000,0.7308392226794027,0.7311224191378604,0.7308231992516371,0.7310529355430626,91000000,1
1296126420000,1296126479000,0.7310582799660789,0.7311438013628521,0.7307858139857789,0.7309086656531399,136000000,1
1296126480000,1296126539000,0.7309033234174115,0.7310422469314501,0.7306683423327317,0.7307057155801072,127000000,1
1296126540000,1296126599000,0.7307964951000094,0.7309086656531399,0.7307964951000094,0.7308018357742114,115000000,1
1296126600000,1296126659000,0.7307964951000094,0.7307964951000094,0.7304335122895438,0.7305348976520608,191000000,1
1296126660000,1296126719000,0.7305295608786809,0.7306736811340055,0.7303641595699616,0.7304922056481657,133000000,1
1296126720000,1296126779000,0.7304068366079907,0.7307644526939632,0.7304068366079907,0.7306256347310202,124000000,1
1296126780000,1296126839000,0.7306256347310202,0.7307484325446122,0.7305722572491032,0.7305989450151233,133000000,1
1296126840000,1296126899000,0.7306256347310202,0.7308766134101241,0.7305242241832739,0.7308392226794027,131000000,1
1296126900000,1296126959000,0.7308338814587444,0.730887297178775,0.730481533426835,0.730887297178775,160000000,1
1296126960000,1296127019000,0.7309033234174115,0.7309033234174115,0.7305509084400547,0.7306950371193078,161000000,1
1296127020000,1296127079000,0.7306790200132983,0.7308125173567973,0.7305669199298656,0.7308018357742114,115000000,1
1296127080000,1296127139000,0.7308018357742114,0.7310155267697885,0.7308018357742114,0.7308445639781331,90000000,1
1296127140000,1296127199000,0.7308499053549372,0.730972778573726,0.7306790200132983,0.7307804735457468,126000000,1
1296127200000,1296127259000,0.7307804735457468,0.7308552468098168,0.7306576649642343,0.7308178582651845,139000000,1
1296127260000,1296127319000,0.7308499053549372,0.7309193503588814,0.7307644526939632,0.7307964951000094,103000000,1
1296127320000,1296127379000,0.7308231992516371,0.731117073777024,0.7308125173567973,0.7310689690465398,116000000,1
1296127380000,1296127439000,0.7310582799660789,0.7310689690465398,0.7308819552554068,0.7309567492891447,101000000,1
1296127440000,1296127499000,0.7309567492891447,0.7310956931152719,0.7309567492891447,0.7309567492891447,71000000,1
1296127500000,1296127559000,0.7309567492891447,0.7312293427710667,0.7307751331837681,0.7312079555425564,149000000,1
1296127560000,1296127619000,0.7311972623974495,0.731288164101064,0.7311117284943485,0.7312293427710667,89000000,1
1296127620000,1296127679000,0.7312186490004241,0.7313416462500457,0.7310529355430626,0.731288164101064,124000000,1
1296127680000,1296127739000,0.7312774686099147,0.7315824127587973,0.7312453840135135,0.7314165344021767,150000000,1
1296127740000,1296127799000,0.7314165344021767,0.7314700353300027,0.7314004856499224,0.7314700353300027,94000000,1
1296127800000,1296127859000,0.7314860871346227,0.7314860871346227,0.7309514063505058,0.730962092305893,176000000,1
1296127860000,1296127919000,0.730962092305893,0.7311331100940237,0.7309033234174115,0.7311063832898325,113000000,1
1296127920000,1296127979000,0.7310956931152719,0.7315717086588828,0.7310475911981871,0.7315503013987242,114000000,1
1296127980000,1296128039000,0.7315503013987242,0.7315770606696856,0.7312667734316155,0.731330949194439,183000000,1
1296128040000,1296128099000,0.7313042079244123,0.7314004856499224,0.7312239958466478,0.7312453840135135,138000000,1
1296128100000,1296128159000,0.7312721209816597,0.7313416462500457,0.7309941520467835,0.7310636244672374,166000000,1
1296128160000,1296128219000,0.7310636244672374,0.731325600783981,0.7309193503588814,0.7312828163163823,185000000,1
1296128220000,1296128279000,0.7312614259597806,0.7312774686099147,0.730988808561341,0.7311224191378604,126000000,1
1296128280000,1296128339000,0.7311224191378604,0.7313042079244123,0.7310636244672374,0.7313042079244123,74000000,1
1296128340000,1296128399000,0.7312935119639619,0.7314593345182975,0.7312935119639619,0.7314272339616293,79000000,1
1296128400000,1296128459000,0.731411184739837,0.7314325838587457,0.731330949194439,0.731411184739837,97000000,1
1296128460000,1296128519000,0.7314218841427735,0.7314218841427735,0.7312186490004241,0.7312614259597806,76000000,1
1296128520000,1296128579000,0.7312614259597806,0.731330949194439,0.7312346897736829,0.731288164101064,47000000,1
1296128580000,1296128639000,0.7312721209816597,0.7313095560219686,0.7312079555425564,0.7312186490004241,69000000,1
1296128640000,1296128699000,0.7312346897736829,0.7312667734316155,0.7311117284943485,0.7312667734316155,55000000,1
1296128700000,1296128759000,0.7312935119639619,0.7313095560219686,0.7310636244672374,0.7310636244672374,82000000,1
1296128760000,1296128819000,0.7310636244672374,0.7312721209816597,0.7309353780032307,0.7312186490004241,141000000,1
1296128820000,1296128879000,0.7312133022323941,0.7312186490004241,0.7308712716429255,0.7308926391802308,75000000,1
1296128880000,1296128939000,0.7309033234174115,0.7309353780032307,0.7306256347310202,0.7307057155801072,103000000,1
1296128940000,1296128999000,0.7307057155801072,0.7309407207075506,0.7306042828023058,0.7308499053549372,115000000,1
1296129000000,1296129059000,0.7308338814587444,0.7309514063505058,0.7307217338565302,0.7308659299538093,111000000,1
1296129060000,1296129119000,0.7308659299538093,0.7309514063505058,0.7308018357742114,0.7309514063505058,38000000,1
1296129120000,1296129179000,0.7309567492891447,0.7309674354007529,0.7308285403161565,0.7308338814587444,65000000,1
1296129180000,1296129239000,0.7308125173567973,0.7309300353770137,0.7308125173567973,0.7308712716429255,47000000,1
1296129240000,1296129299000,0.7309140079669627,0.7310155267697885,0.7308819552554068,0.7309514063505058,92000000,1
1296129300000,1296129359000,0.7309834651540182,0.7309834651540182,0.7308071765264735,0.7309353780032307,53000000,1
1296129360000,1296129419000,0.7309300353770137,0.7309300353770137,0.7307270734380709,0.7308125173567973,55000000,1
1296129420000,1296129479000,0.7308338814587444,0.7308659299538093,0.7306950371193078,0.7307537725163507,25000000,1
1296129480000,1296129539000,0.7307430926509166,0.7307484325446122,0.7306309729082036,0.7307484325446122,55000000,1
1296129540000,1296129599000,0.7307751331837681,0.7308231992516371,0.7305295608786809,0.7305295608786809,73000000,1
1296129600000,1296129659000,0.730518887565838,0.7305936073059361,0.7304335122895438,0.7305669199298656,49000000,1
1296129660000,1296129719000,0.7305669199298656,0.7305882696747421,0.7303428229210791,0.7303428229210791,96000000,1
1296129720000,1296129779000,0.7303374889536455,0.7304601899196493,0.7302788204536492,0.7303001533630322,108000000,1
1296129780000,1296129839000,0.7302521560694908,0.7304068366079907,0.7301615117263939,0.7303641595699616,85000000,1
1296129840000,1296129899000,0.7303588252908655,0.730390832134275,0.7302041650845577,0.7302734874210391,64000000,1
1296129900000,1296129959000,0.7302628215894901,0.7303801628747763,0.7302628215894901,0.7303321550641232,48000000,1
1296129960000,1296130019000,0.7303054867851223,0.7303641595699616,0.7302041650845577,0.7303534910896874,76000000,1
1296130020000,1296130079000,0.7303534910896874,0.7306363111633921,0.7303214875188058,0.7306309729082036,115000000,1
1296130080000,1296130139000,0.7306309729082036,0.7310903481452238,0.7305882696747421,0.7310636244672374,112000000,1
1296130140000,1296130199000,0.7310475911981871,0.7310796584395836,0.7309407207075506,0.7309567492891447,68000000,1
1296130200000,1296130259000,0.730962092305893,0.730999495610348,0.7308285403161565,0.7308392226794027,61000000,1
1296130260000,1296130319000,0.7308445639781331,0.7308712716429255,0.7307217338565302,0.7308659299538093,74000000,1
1296130320000,1296130379000,0.7308392226794027,0.7308926391802308,0.7307804735457468,0.7308338814587444,59000000,1
1296130380000,1296130439000,0.7308338814587444,0.730887297178775,0.7307964951000094,0.7308231992516371,55000000,1
1296130440000,1296130499000,0.7308659299538093,0.7309514063505058,0.7307430926509166,0.7309353780032307,88000000,1
1296130500000,1296130559000,0.7309407207075506,0.7310369027428505,0.7309033234174115,0.7310155267697885,85000000,1
1296130560000,1296130619000,0.7310262146000556,0.7311224191378604,0.730999495610348,0.731074313703988,50000000,1
1296130620000,1296130679000,0.7310956931152719,0.7311544929443592,0.731074313703988,0.7311544929443592,22000000,1
1296130680000,1296130739000,0.7311758770454645,0.7311919159421774,0.7310262146000556,0.7310422469314501,69000000,1
1296130740000,1296130799000,0.7310422469314501,0.73114914711452,0.730999495610348,0.7310582799660789,75000000,1
1296130800000,1296130859000,0.7310369027428505,0.731117073777024,0.7309674354007529,0.731117073777024,67000000,1
1296130860000,1296130919000,0.73114914711452,0.7311705309029225,0.7311063832898325,0.73114914711452,44000000,1
1296130920000,1296130979000,0.7311544929443592,0.7313042079244123,0.7310850032533283,0.7312935119639619,84000000,1
1296130980000,1296131039000,0.7313042079244123,0.7314272339616293,0.7310155267697885,0.7310155267697885,122000000,1
1296131040000,1296131099000,0.7310369027428505,0.7311117284943485,0.730988808561341,0.7310155267697885,89000000,1
1296131100000,1296131159000,0.730988808561341,0.7310529355430626,0.7308659299538093,0.7309941520467835,78000000,1
1296131160000,1296131219000,0.7310155267697885,0.7311544929443592,0.7309353780032307,0.7310369027428505,75000000,1
1296131220000,1296131279000,0.7310582799660789,0.7311705309029225,0.7309674354007529,0.7309834651540182,64000000,1
1296131280000,1296131339000,0.7310155267697885,0.7311224191378604,0.7308605883427737,0.7309300353770137,76000000,1
1296131340000,1296131399000,0.7309407207075506,0.7310903481452238,0.7307484325446122,0.7307591125661337,148000000,1
1296131400000,1296131459000,0.7307751331837681,0.7312186490004241,0.7307751331837681,0.7310529355430626,154000000,1
1296131460000,1296131519000,0.7310262146000556,0.7310422469314501,0.7307751331837681,0.7310101829718488,121000000,1
1296131520000,1296131579000,0.7310262146000556,0.7312453840135135,0.7310262146000556,0.7311651848385587,119000000,1
1296131580000,1296131639000,0.731117073777024,0.7311812232661865,0.7310636244672374,0.731117073777024,53000000,1
1296131640000,1296131699000,0.7310956931152719,0.731117073777024,0.7306416494965879,0.7308018357742114,121000000,1
1296131700000,1296131759000,0.7308018357742114,0.7308659299538093,0.7307537725163507,0.7308071765264735,56000000,1
1296131760000,1296131819000,0.7308071765264735,0.7310422469314501,0.7307430926509166,0.7309300353770137,75000000,1
1296131820000,1296131879000,0.7309246928288978,0.73114914711452,0.7309086656531399,0.7311063832898325,116000000,1
1296131880000,1296131939000,0.7310796584395836,0.73114914711452,0.7310101829718488,0.7310422469314501,127000000,1
1296131940000,1296131999000,0.7310422469314501,0.7312453840135135,0.7310048392520359,0.7312239958466478,100000000,1
1296132000000,1296132059000,0.7312507312507313,0.7313523436185851,0.7311919159421774,0.7312935119639619,76000000,1
1296132060000,1296132119000,0.7312828163163823,0.7314432838877674,0.7312453840135135,0.7313576924202089,93000000,1
1296132120000,1296132179000,0.7313469948951979,0.7318340493109782,0.7313149041977476,0.7318286935394163,108000000,1
1296132180000,1296132239000,0.7318340493109782,0.7319304666056725,0.7316680568359746,0.7318661855866273,146000000,1
1296132240000,1296132299000,0.731823337846244,0.7318340493109782,0.7317055324255306,0.7317162404419566,49000000,1
1296132300000,1296132359000,0.7317323030542506,0.7318501170960187,0.7315342467757628,0.7318501170960187,59000000,1
1296132360000,1296132419000,0.7318661855866273,0.7318661855866273,0.731684117332865,0.7316894709885124,39000000,1
1296132420000,1296132479000,0.731684117332865,0.7320161921981714,0.7316680568359746,0.7320161921981714,62000000,1
1296132480000,1296132539000,0.7320161921981714,0.7321555391227311,0.7319358238669634,0.7321180174244089,84000000,1
1296132540000,1296132599000,0.7321019378738295,0.7321823426906237,0.7320376267340142,0.7320912185658333,71000000,1
1296132600000,1296132659000,0.7320965781805936,0.7321555391227311,0.7320322679823726,0.7321555391227311,53000000,1
1296132660000,1296132719000,0.7321608996793135,0.7322895765901668,0.7320537034596858,0.7322681272974912,74000000,1
1296132720000,1296132779000,0.7322734895028595,0.7322734895028595,0.7321448182450488,0.7321555391227311,40000000,1
1296132780000,1296132839000,0.7321448182450488,0.7322413174485783,0.7321233774315647,0.7321501786446436,39000000,1
1296132840000,1296132899000,0.7321448182450488,0.7321448182450488,0.7319947589175261,0.732048344472669,28000000,1
1296132900000,1296132959000,0.7321180174244089,0.7322949391096758,0.7319626113498122,0.7322949391096758,169000000,1
1296132960000,1296133019000,0.7322949391096758,0.7322949391096758,0.731973326891968,0.7321877036397051,120000000,1
1296133020000,1296133079000,0.7321984257733846,0.7321984257733846,0.731973326891968,0.7320108337603396,69000000,1
1296133080000,1296133139000,0.7320269093091862,0.7320269093091862,0.7319411812066782,0.7319411812066782,49000000,1
1296133140000,1296133199000,0.7319358238669634,0.7321662603143922,0.7319358238669634,0.7320858590295469,115000000,1
1296133200000,1296133259000,0.7320858590295469,0.7321877036397051,0.7320054754009561,0.7321608996793135,116000000,1
1296133260000,1296133319000,0.7321608996793135,0.7323217528853476,0.7321608996793135,0.7321769818200455,103000000,1
1296133320000,1296133379000,0.732171621027969,0.7321930646672914,0.7321019378738295,0.7321930646672914,52000000,1
1296133380000,1296133439000,0.7322091482210978,0.7322734895028595,0.7321340976813313,0.7321340976813313,88000000,1
1296133440000,1296133499000,0.7321340976813313,0.732230594058681,0.7321126574957355,0.7321448182450488,55000000,1
1296133500000,1296133559000,0.7321608996793135,0.7322091482210978,0.7320429855641124,0.7320429855641124,64000000,1
1296133560000,1296133619000,0.7320644216691068,0.7321984257733846,0.7319947589175261,0.7321930646672914,72000000,1
1296133620000,1296133679000,0.7321930646672914,0.7322949391096758,0.7321448182450488,0.7322627651706539,42000000,1
1296133680000,1296133739000,0.7322466792613095,0.7322681272974912,0.7321823426906237,0.732230594058681,28000000,1
1296133740000,1296133799000,0.7322466792613095,0.732482676784694,0.7322466792613095,0.7324129344124217,68000000,1
1296133800000,1296133859000,0.7324290276272228,0.732670510744613,0.7324290276272228,0.732670510744613,64000000,1
1296133860000,1296133919000,0.732670510744613,0.7327886271205072,0.7326007326007326,0.7327080890973037,92000000,1
1296133920000,1296133979000,0.7327134577480785,0.7327295641724553,0.7325202358715159,0.7325416999362688,78000000,1
1296133980000,1296134039000,0.7325685317861487,0.7325953656017171,0.7322842141491955,0.7322949391096758,113000000,1
1296134040000,1296134099000,0.7322681272974912,0.732482676784694,0.7321769818200455,0.7324129344124217,119000000,1
1296134100000,1296134159000,0.7324022059954445,0.7324022059954445,0.7322681272974912,0.7322949391096758,145000000,1
1296134160000,1296134219000,0.7322895765901668,0.7323700226302338,0.7321769818200455,0.7323646590110148,85000000,1
1296134220000,1296134279000,0.7323432053197411,0.7325309677466615,0.732316389973124,0.7325309677466615,58000000,1
1296134280000,1296134339000,0.7325685317861487,0.7325685317861487,0.7324022059954445,0.732450486347123,98000000,1
1296134340000,1296134399000,0.7324558512235675,0.7326275687754129,0.7324290276272228,0.7324343921893196,95000000,1
1296134400000,1296134459000,0.7323378420933144,0.7324236631437089,0.7320590625251645,0.7323700226302338,120000000,1
1296134460000,1296134519000,0.7323646590110148,0.7328154770628755,0.7323110271394466,0.7327403021821006,95000000,1
1296134520000,1296134579000,0.7327671485831947,0.7329443841801284,0.732230594058681,0.7322413174485783,127000000,1
1296134580000,1296134639000,0.7322413174485783,0.7322842141491955,0.7320858590295469,0.7320858590295469,72000000,1
1296134640000,1296134699000,0.7321019378738295,0.7323646590110148,0.7320858590295469,0.7323110271394466,138000000,1
1296134700000,1296134759000,0.7323110271394466,0.732316389973124,0.7318983246847348,0.7318983246847348,151000000,1
1296134760000,1296134819000,0.7319197523183557,0.7321287375172051,0.7319090383447145,0.7320537034596858,72000000,1
1296134820000,1296134879000,0.7320912185658333,0.7322574031223456,0.7320751401923894,0.7322145095627215,69000000,1
1296134880000,1296134939000,0.7321662603143922,0.7321877036397051,0.7321019378738295,0.7321072976455429,22000000,1
1296134940000,1296134999000,0.7321233774315647,0.7322574031223456,0.7320215507144531,0.7320912185658333,79000000,1
1296135000000,1296135059000,0.7318876113384029,0.7319251094228039,0.7307911545038659,0.7310850032533283,216000000,1
1296135060000,1296135119000,0.7310636244672374,0.7313630413000709,0.7309941520467835,0.7313630413000709,144000000,1
1296135120000,1296135179000,0.731368390258173,0.7313897868730161,0.7307911545038659,0.7308766134101241,146000000,1
1296135180000,1296135239000,0.7308445639781331,0.7308445639781331,0.7298577507243837,0.7299483196589681,181000000,1
1296135240000,1296135299000,0.7299589763055316,0.7300335815447511,0.7296181178771032,0.7297991592713686,151000000,1
1296135300000,1296135359000,0.7298524238398996,0.7301881694912778,0.7298524238398996,0.7300762199573635,162000000,1
1296135360000,1296135419000,0.7300975410314818,0.730556245525343,0.7300868803387603,0.7305028781813401,161000000,1
1296135420000,1296135479000,0.730518887565838,0.7306683423327317,0.7304388476596739,0.7305829321215398,120000000,1
1296135480000,1296135539000,0.7305829321215398,0.7305829321215398,0.7303268212525105,0.7303801628747763,108000000,1
1296135540000,1296135599000,0.7304335122895438,0.7305348976520608,0.7301188633509536,0.7301988331422646,151000000,1
1296135600000,1296135659000,0.7302148292027515,0.7302414908610277,0.7300175934240014,0.730028252093356,107000000,1
1296135660000,1296135719000,0.7300442406809853,0.7300442406809853,0.7298257905837876,0.7299536479433556,128000000,1
1296135720000,1296135779000,0.7299110238461931,0.7299909481122434,0.7297086273451011,0.7299216794038,156000000,1
1296135780000,1296135839000,0.7299536479433556,0.7300762199573635,0.729692653454365,0.7298737318443909,158000000,1
1296135840000,1296135899000,0.7299056961840531,0.7300815501091472,0.7297938332421091,0.7300122642060387,182000000,1
1296135900000,1296135959000,0.7300389110739602,0.730065559887278,0.7298417703041981,0.729884386313208,103000000,1
1296135960000,1296136019000,0.7298790590399171,0.7301935012778387,0.7298417703041981,0.730028252093356,110000000,1
1296136020000,1296136079000,0.7300442406809853,0.7300868803387603,0.729777855620749,0.7298417703041981,111000000,1
1296136080000,1296136139000,0.7298470970331715,0.7301028714945936,0.7298151378255888,0.7300975410314818,89000000,1
1296136140000,1296136199000,0.7300975410314818,0.7301241941254207,0.7298524238398996,0.7299536479433556,128000000,1
1296136200000,1296136259000,0.7299589763055316,0.7299749618588083,0.7293626828876928,0.7293626828876928,153000000,1
1296136260000,1296136319000,0.7293946024799417,0.7296553837622491,0.7293520436444263,0.7294637711818043,168000000,1
1296136320000,1296136379000,0.7294637711818043,0.7297512278064407,0.7294637711818043,0.729666031857219,147000000,1
1296136380000,1296136439000,0.729666031857219,0.729884386313208,0.7294956996228507,0.7298364436529773,134000000,1
1296136440000,1296136499000,0.7298364436529773,0.7299696332632563,0.7297618786989806,0.7299110238461931,119000000,1
1296136500000,1296136559000,0.7299110238461931,0.730028252093356,0.729666031857219,0.730028252093356,74000000,1
1296136560000,1296136619000,0.7300708898834077,0.7301721745987704,0.7299270072992701,0.7299323352725202,123000000,1
1296136620000,1296136679000,0.7299270072992701,0.730028252093356,0.7297246019352297,0.7299003685996861,105000000,1
1296136680000,1296136739000,0.7299216794038,0.7304922056481657,0.7299216794038,0.7303641595699616,79000000,1
1296136740000,1296136799000,0.7303641595699616,0.7304068366079907,0.7301241941254207,0.7302574887905475,99000000,1
1296136800000,1296136859000,0.7302894867525487,0.7304548542377338,0.7301082020355416,0.7302148292027515,103000000,1
1296136860000,1296136919000,0.7302468234263181,0.7305775946463273,0.7302468234263181,0.7304068366079907,122000000,1
1296136920000,1296136979000,0.7304175066467993,0.730609620667485,0.7303801628747763,0.7305882696747421,134000000,1
1296136980000,1296137039000,0.7305882696747421,0.7305882696747421,0.7300495703658278,0.7301082020355416,115000000,1
1296137040000,1296137099000,0.7301135326543278,0.7302041650845577,0.7300708898834077,0.7301668431236538,53000000,1
1296137100000,1296137159000,0.7301508491654376,0.730236158373618,0.7299270072992701,0.7301188633509536,98000000,1
1296137160000,1296137219000,0.7301455180017377,0.7304228417831082,0.7300335815447511,0.7303374889536455,118000000,1
1296137220000,1296137279000,0.7303481569664259,0.7303481569664259,0.7300815501091472,0.730156180406989,55000000,1
1296137280000,1296137339000,0.7301401869158879,0.7301775061517455,0.7299589763055316,0.7300868803387603,105000000,1
1296137340000,1296137399000,0.7301135326543278,0.7303321550641232,0.7300815501091472,0.7303321550641232,74000000,1
1296137400000,1296137459000,0.7303268212525105,0.7303534910896874,0.7300975410314818,0.7300975410314818,78000000,1
1296137460000,1296137519000,0.7300549001284896,0.7309033234174115,0.7299643047454979,0.7309033234174115,122000000,1
1296137520000,1296137579000,0.7309193503588814,0.7311544929443592,0.7308445639781331,0.7310422469314501,111000000,1
1296137580000,1296137639000,0.7310262146000556,0.7312026089309087,0.7308659299538093,0.7308659299538093,94000000,1
1296137640000,1296137699000,0.7308819552554068,0.7311758770454645,0.7308071765264735,0.7310475911981871,99000000,1
1296137700000,1296137759000,0.730999495610348,0.7312935119639619,0.730972778573726,0.7312346897736829,157000000,1
1296137760000,1296137819000,0.7312293427710667,0.7315181928574565,0.731117073777024,0.7312453840135135,147000000,1
1296137820000,1296137879000,0.731256078566153,0.7313042079244123,0.7310315586323861,0.7311117284943485,105000000,1
1296137880000,1296137939000,0.731138455689354,0.7311438013628521,0.7309407207075506,0.7309407207075506,59000000,1
1296137940000,1296137999000,0.7309407207075506,0.7313416462500457,0.7307270734380709,0.7312935119639619,145000000,1
1296138000000,1296138059000,0.7312774686099147,0.7312935119639619,0.7309941520467835,0.7310582799660789,105000000,1
1296138060000,1296138119000,0.7310956931152719,0.7315984694960018,0.7310636244672374,0.7315984694960018,74000000,1
1296138120000,1296138179000,0.7316091743790468,0.7316252322910113,0.7313149041977476,0.7313149041977476,103000000,1
1296138180000,1296138239000,0.7313362976831267,0.7315931171719536,0.7313042079244123,0.7315449497794392,82000000,1
1296138240000,1296138299000,0.7315503013987242,0.7317697852255681,0.7315074906367041,0.7315181928574565,87000000,1
1296138300000,1296138359000,0.7314807364548055,0.7316466439368442,0.7314593345182975,0.7316145269380468,85000000,1
1296138360000,1296138419000,0.7316091743790468,0.7317055324255306,0.7315181928574565,0.7316573502297404,85000000,1
1296138420000,1296138479000,0.7316145269380468,0.7318179822314594,0.7315449497794392,0.7317483663717721,132000000,1
1296138480000,1296138539000,0.7317055324255306,0.7318019158574157,0.7316145269380468,0.7317697852255681,110000000,1
1296138540000,1296138599000,0.7317751401349393,0.7318340493109782,0.7316359379572724,0.7318340493109782,103000000,1
1296138600000,1296138659000,0.7318501170960187,0.7318661855866273,0.7314593345182975,0.7314753858532661,119000000,1
1296138660000,1296138719000,0.7314593345182975,0.7315770606696856,0.7314058351557529,0.7315074906367041,179000000,1
1296138720000,1296138779000,0.7315342467757628,0.7317269487717963,0.7314646848850138,0.7317001785348436,145000000,1
1296138780000,1296138839000,0.7317483663717721,0.7317751401349393,0.7312453840135135,0.7316466439368442,180000000,1
1296138840000,1296138899000,0.7316412909078938,0.7318822547828505,0.7315610048721962,0.7317590756419357,166000000,1
1296138900000,1296138959000,0.7317323030542506,0.7319465386248188,0.7316145269380468,0.7318661855866273,182000000,1
1296138960000,1296139019000,0.7319090383447145,0.7319786847806992,0.731780495122683,0.7318501170960187,95000000,1
1296139020000,1296139079000,0.7318608293446919,0.7319251094228039,0.7317430118542367,0.7318340493109782,124000000,1
1296139080000,1296139139000,0.731823337846244,0.7318340493109782,0.7316948247225048,0.7317858501888008,115000000,1
1296139140000,1296139199000,0.7317537209676712,0.7318394051609315,0.7317055324255306,0.7317483663717721,92000000,1
1296139200000,1296139259000,0.7317162404419566,0.7317965605561654,0.7316038218983656,0.7317055324255306,135000000,1
1296139260000,1296139319000,0.7316948247225048,0.7317269487717963,0.7315503013987242,0.7316091743790468,131000000,1
1296139320000,1296139379000,0.7316466439368442,0.7317483663717721,0.7316091743790468,0.7316787637555608,107000000,1
1296139380000,1296139439000,0.7316948247225048,0.7321340976813313,0.7316948247225048,0.7321340976813313,123000000,1
1296139440000,1296139499000,0.7321394579239453,0.7322466792613095,0.7320322679823726,0.7320965781805936,103000000,1
1296139500000,1296139559000,0.732048344472669,0.7322788517867604,0.7320322679823726,0.7321662603143922,159000000,1
1296139560000,1296139619000,0.7321448182450488,0.732230594058681,0.7320804995717329,0.7321877036397051,104000000,1
1296139620000,1296139679000,0.7321877036397051,0.7322413174485783,0.7320965781805936,0.7321608996793135,90000000,1
1296139680000,1296139739000,0.732171621027969,0.7321823426906237,0.7319411812066782,0.7319572536963841,75000000,1
1296139740000,1296139799000,0.7319894007934765,0.7321394579239453,0.731967969081673,0.7320965781805936,80000000,1
1296139800000,1296139859000,0.7321126574957355,0.732316389973124,0.7321126574957355,0.732316389973124,30000000,1
1296139860000,1296139919000,0.7323271158761195,0.7325738983920003,0.7322574031223456,0.7325095043108184,137000000,1
1296139920000,1296139979000,0.7325363338021567,0.7326436714239662,0.7324558512235675,0.7325309677466615,103000000,1
1296139980000,1296140039000,0.7325202358715159,0.7325685317861487,0.7324236631437089,0.7324397568300007,65000000,1
1296140040000,1296140099000,0.732445121549268,0.7326275687754129,0.7324397568300007,0.7325095043108184,106000000,1
1296140100000,1296140159000,0.7325095043108184,0.7325095043108184,0.7322895765901668,0.732353932008261,101000000,1
1296140160000,1296140219000,0.7323700226302338,0.7323700226302338,0.732230594058681,0.732305664384314,138000000,1
1296140220000,1296140279000,0.7323003017077242,0.7323485686247226,0.7321340976813313,0.7322895765901668,124000000,1
1296140280000,1296140339000,0.7322734895028595,0.7324129344124217,0.7322252324815114,0.732353932008261,66000000,1
1296140340000,1296140399000,0.7323700226302338,0.7326168340696132,0.7322788517867604,0.7323217528853476,116000000,1
1296140400000,1296140459000,0.7324129344124217,0.732922896511287,0.7323968419048177,0.7328423289729216,135000000,1
1296140460000,1296140519000,0.7328208472874637,0.732847699591071,0.732482676784694,0.7326812470234825,152000000,1
1296140520000,1296140579000,0.732670510744613,0.7328369584334877,0.7325416999362688,0.7328315879727679,149000000,1
1296140580000,1296140639000,0.7328154770628755,0.732965873108948,0.7326973520317698,0.7329282683103805,164000000,1
1296140640000,1296140699000,0.7329282683103805,0.7329605007586141,0.7324075701646453,0.7324558512235675,200000000,1
1296140700000,1296140759000,0.7324665812122322,0.7327080890973037,0.7324236631437089,0.7324236631437089,150000000,1
1296140760000,1296140819000,0.7324236631437089,0.7325470661490001,0.7323110271394466,0.7324612161786034,159000000,1
1296140820000,1296140879000,0.7324612161786034,0.7326007326007326,0.7323217528853476,0.7326007326007326,127000000,1
1296140880000,1296140939000,0.7326275687754129,0.7327510405064775,0.7325095043108184,0.7325631652589244,105000000,1
1296140940000,1296140999000,0.7325738983920003,0.7327188264775275,0.7325148700518621,0.7326275687754129,66000000,1
1296141000000,1296141059000,0.7326490391307852,0.7328154770628755,0.7325738983920003,0.7327832573681357,77000000,1
1296141060000,1296141119000,0.732793996951577,0.732793996951577,0.7325846318395933,0.7326168340696132,88000000,1
1296141120000,1296141179000,0.7325631652589244,0.7325846318395933,0.732445121549268,0.7324987730645551,118000000,1
1296141180000,1296141239000,0.7325202358715159,0.7325846318395933,0.7322574031223456,0.7323110271394466,116000000,1
1296141240000,1296141299000,0.7323378420933144,0.7323861139592793,0.7322681272974912,0.7323378420933144,89000000,1
1296141300000,1296141359000,0.7323378420933144,0.7323807501043642,0.7322681272974912,0.7323324789454413,72000000,1
1296141360000,1296141419000,0.7323324789454413,0.7325846318395933,0.7322734895028595,0.732552432440352,135000000,1
1296141420000,1296141479000,0.7325416999362688,0.7326114668346788,0.7322895765901668,0.7323968419048177,119000000,1
1296141480000,1296141539000,0.7323807501043642,0.7326275687754129,0.7323700226302338,0.7325309677466615,121000000,1
1296141540000,1296141599000,0.732552432440352,0.732606099678386,0.7323700226302338,0.7323807501043642,112000000,1
1296141600000,1296141659000,0.7323807501043642,0.7324129344124217,0.7322145095627215,0.7322842141491955,133000000,1
1296141660000,1296141719000,0.7322788517867604,0.7323753863280162,0.7321233774315647,0.7322252324815114,128000000,1
1296141720000,1296141779000,0.7322091482210978,0.732353932008261,0.7322091482210978,0.732230594058681,91000000,1
1296141780000,1296141839000,0.7322413174485783,0.7324397568300007,0.7321769818200455,0.7324397568300007,127000000,1
1296141840000,1296141899000,0.7323968419048177,0.7324236631437089,0.7322252324815114,0.732230594058681,77000000,1
1296141900000,1296141959000,0.7322252324815114,0.7322681272974912,0.7321126574957355,0.7321877036397051,88000000,1
1296141960000,1296142019000,0.7321984257733846,0.7322895765901668,0.7321340976813313,0.732230594058681,102000000,1
1296142020000,1296142079000,0.7322145095627215,0.7322574031223456,0.7320269093091862,0.7321072976455429,127000000,1
1296142080000,1296142139000,0.7321019378738295,0.7322949391096758,0.7321019378738295,0.7322091482210978,92000000,1
1296142140000,1296142199000,0.7322252324815114,0.7322788517867604,0.7321019378738295,0.7322788517867604,80000000,1
1296142200000,1296142259000,0.7322788517867604,0.7326168340696132,0.7322788517867604,0.7325416999362688,103000000,1
1296142260000,1296142319000,0.7325470661490001,0.7326168340696132,0.7323968419048177,0.7324773115152758,119000000,1
1296142320000,1296142379000,0.7324719463244558,0.732493407559332,0.7323700226302338,0.7323968419048177,58000000,1
1296142380000,1296142439000,0.7324022059954445,0.7325148700518621,0.7323003017077242,0.7324880421327121,101000000,1
1296142440000,1296142499000,0.7324880421327121,0.7325416999362688,0.7323646590110148,0.7323807501043642,106000000,1
1296142500000,1296142559000,0.7323807501043642,0.7325041386483834,0.732353932008261,0.7323861139592793,136000000,1
1296142560000,1296142619000,0.7323861139592793,0.7326168340696132,0.7323753863280162,0.732493407559332,73000000,1
1296142620000,1296142679000,0.7324719463244558,0.7327617791455997,0.7324719463244558,0.7326383037957991,78000000,1
1296142680000,1296142739000,0.7326114668346788,0.7326973520317698,0.7325202358715159,0.7326866152809121,106000000,1
1296142740000,1296142799000,0.7326758788447167,0.7328960386969109,0.7326222013831908,0.7328154770628755,124000000,1
1296142800000,1296142859000,0.7328154770628755,0.7328154770628755,0.7325577988103261,0.7325738983920003,168000000,1
1296142860000,1296142919000,0.732589998681338,0.732589998681338,0.7320644216691068,0.7321126574957355,149000000,1
1296142920000,1296142979000,0.7321126574957355,0.7321501786446436,0.7318661855866273,0.7318661855866273,148000000,1
1296142980000,1296143039000,0.7318661855866273,0.7318822547828505,0.7315824127587973,0.7316091743790468,151000000,1
1296143040000,1296143099000,0.7316091743790468,0.7316359379572724,0.7314646848850138,0.7314967887290975,113000000,1
1296143100000,1296143159000,0.7315021396437584,0.7315877649262194,0.7313790884091041,0.7315181928574565,136000000,1
1296143160000,1296143219000,0.7315181928574565,0.7319518961213869,0.7315021396437584,0.7318876113384029,114000000,1
1296143220000,1296143279000,0.7318554731811562,0.7318822547828505,0.7317215945676988,0.7318501170960187,108000000,1
1296143280000,1296143339000,0.7319786847806992,0.7319786847806992,0.7317912053332943,0.7318179822314594,131000000,1
1296143340000,1296143399000,0.7318179822314594,0.7318447610892778,0.7317055324255306,0.7317055324255306,55000000,1
1296143400000,1296143459000,0.7317215945676988,0.7318340493109782,0.7317215945676988,0.731780495122683,29000000,1
1296143460000,1296143519000,0.7318019158574157,0.7320697808915145,0.731780495122683,0.7319518961213869,84000000,1
1296143520000,1296143579000,0.7319518961213869,0.7320161921981714,0.7318929679723637,0.7319465386248188,121000000,1
1296143580000,1296143639000,0.7319304666056725,0.7320054754009561,0.7317376574150635,0.7317537209676712,83000000,1
1296143640000,1296143699000,0.7317269487717963,0.7319090383447145,0.7317055324255306,0.7319090383447145,83000000,1
1296143700000,1296143759000,0.7319251094228039,0.7321877036397051,0.7318019158574157,0.7321340976813313,98000000,1
1296143760000,1296143819000,0.7321340976813313,0.7324558512235675,0.7321340976813313,0.7322788517867604,107000000,1
1296143820000,1296143879000,0.7322788517867604,0.7322949391096758,0.7320751401923894,0.7321769818200455,110000000,1
1296143880000,1296143939000,0.7321930646672914,0.7324719463244558,0.7321930646672914,0.7324343921893196,67000000,1
1296143940000,1296143999000,0.7324343921893196,0.732493407559332,0.732171621027969,0.7323432053197411,159000000,1
1296144000000,1296144059000,0.7323861139592793,0.7325738983920003,0.7323217528853476,0.7324987730645551,178000000,1
1296144060000,1296144119000,0.7325095043108184,0.7325577988103261,0.7322574031223456,0.7323217528853476,138000000,1
1296144120000,1296144179000,0.7323217528853476,0.7323217528853476,0.7320965781805936,0.7321769818200455,119000000,1
1296144180000,1296144239000,0.7321340976813313,0.7322949391096758,0.7320054754009561,0.7320054754009561,139000000,1
1296144240000,1296144299000,0.7320429855641124,0.7320644216691068,0.7318447610892778,0.7318929679723637,109000000,1
1296144300000,1296144359000,0.7319036814755178,0.7320001171200188,0.7317537209676712,0.7318286935394163,128000000,1
1296144360000,1296144419000,0.7318340493109782,0.7321394579239453,0.7317965605561654,0.7321394579239453,127000000,1
1296144420000,1296144479000,0.7321340976813313,0.7323324789454413,0.7320751401923894,0.7320912185658333,169000000,1
1296144480000,1296144539000,0.7320912185658333,0.7321823426906237,0.7319786847806992,0.7321555391227311,117000000,1
1296144540000,1296144599000,0.7321555391227311,0.7327832573681357,0.7321126574957355,0.7324236631437089,174000000,1
1296144600000,1296144659000,0.7324236631437089,0.7327188264775275,0.7324075701646453,0.7325309677466615,155000000,1
1296144660000,1296144719000,0.7324987730645551,0.7329712455380376,0.7324558512235675,0.7325470661490001,160000000,1
1296144720000,1296144779000,0.7325202358715159,0.7327134577480785,0.7325202358715159,0.7325738983920003,147000000,1
1296144780000,1296144839000,0.7325738983920003,0.732670510744613,0.7323968419048177,0.7324987730645551,117000000,1
1296144840000,1296144899000,0.7324773115152758,0.7327725180994813,0.7323646590110148,0.7327725180994813,139000000,1
1296144900000,1296144959000,0.7328047368498191,0.7328745538626154,0.7326866152809121,0.7327671485831947,114000000,1
1296144960000,1296145019000,0.7327295641724553,0.7328960386969109,0.732589998681338,0.7326436714239662,176000000,1
1296145020000,1296145079000,0.7327134577480785,0.732922896511287,0.732606099678386,0.7328799249530957,144000000,1
1296145080000,1296145139000,0.7328852961223039,0.7328960386969109,0.732493407559332,0.7326275687754129,132000000,1
1296145140000,1296145199000,0.7325846318395933,0.732670510744613,0.732305664384314,0.7323217528853476,97000000,1
1296145200000,1296145259000,0.7323217528853476,0.7325256017697819,0.7323003017077242,0.7325256017697819,104000000,1
1296145260000,1296145319000,0.7325416999362688,0.7326490391307852,0.7324075701646453,0.7325577988103261,118000000,1
1296145320000,1296145379000,0.7325416999362688,0.7326168340696132,0.7324236631437089,0.7324773115152758,109000000,1
1296145380000,1296145439000,0.7324773115152758,0.7325202358715159,0.7323324789454413,0.732493407559332,114000000,1
1296145440000,1296145499000,0.7324773115152758,0.732670510744613,0.7323646590110148,0.7324612161786034,132000000,1
1296145500000,1296145559000,0.7324719463244558,0.7327295641724553,0.7323968419048177,0.7325953656017171,156000000,1
1296145560000,1296145619000,0.7326329362462819,0.7327617791455997,0.7324665812122322,0.7324773115152758,148000000,1
1296145620000,1296145679000,0.732493407559332,0.7326168340696132,0.7323432053197411,0.7325309677466615,144000000,1
1296145680000,1296145739000,0.7325309677466615,0.7327349331379374,0.7324612161786034,0.7325953656017171,107000000,1
1296145740000,1296145799000,0.7325846318395933,0.7327241952856525,0.7325256017697819,0.7326866152809121,167000000,1
1296145800000,1296145859000,0.7326866152809121,0.7328691828508611,0.7325095043108184,0.7326544069162576,141000000,1
1296145860000,1296145919000,0.7326436714239662,0.7327564097866945,0.732482676784694,0.732552432440352,140000000,1
1296145920000,1296145979000,0.732552432440352,0.7325738983920003,0.7322466792613095,0.7325148700518621,153000000,1
1296145980000,1296146039000,0.7325095043108184,0.7325256017697819,0.7323217528853476,0.7324129344124217,112000000,1
1296146040000,1296146099000,0.7324182987387757,0.7324290276272228,0.732305664384314,0.732353932008261,94000000,1
1296146100000,1296146159000,0.7323432053197411,0.7323807501043642,0.7321877036397051,0.7322466792613095,122000000,1
1296146160000,1296146219000,0.7322466792613095,0.7322842141491955,0.7321662603143922,0.7322681272974912,101000000,1
1296146220000,1296146279000,0.7322627651706539,0.7325309677466615,0.7321930646672914,0.7325309677466615,142000000,1
1296146280000,1296146339000,0.7325309677466615,0.7325631652589244,0.7323217528853476,0.7325577988103261,134000000,1
1296146340000,1296146399000,0.732552432440352,0.732552432440352,0.7321448182450488,0.7321448182450488,140000000,1
1296146400000,1296146459000,0.7321448182450488,0.7324612161786034,0.7321448182450488,0.7323807501043642,125000000,1
1296146460000,1296146519000,0.7323968419048177,0.7327832573681357,0.7323968419048177,0.7327671485831947,172000000,1
1296146520000,1296146579000,0.7327832573681357,0.7332776042354114,0.7326973520317698,0.7332077104122827,180000000,1
1296146580000,1296146639000,0.7331808317203355,0.733385159217918,0.7331808317203355,0.7333797807194455,146000000,1
1296146640000,1296146699000,0.7333797807194455,0.7339180213570144,0.7333582675144288,0.7336111274135806,188000000,1
1296146700000,1296146759000,0.7336326554567597,0.7336488023183302,0.7333313777829926,0.7334012951866873,123000000,1
1296146760000,1296146819000,0.7334012951866873,0.7335357892111557,0.7333582675144288,0.7334873656801262,100000000,1
1296146820000,1296146879000,0.7335304085030845,0.7337187802658998,0.7334819856824317,0.7334819856824317,159000000,1
1296146880000,1296146939000,0.7334766057636591,0.7336864810928994,0.7334497073535667,0.7336757153338225,70000000,1
1296146940000,1296146999000,0.7338587762171048,0.7342359540661987,0.7338587762171048,0.7339503409199334,135000000,1
1296147000000,1296147059000,0.7339234077531668,0.7340257643043271,0.7338426201116909,0.733977276063533,107000000,1
1296147060000,1296147119000,0.733998825601879,0.7341281494097609,0.733896476563016,0.7340742589520356,91000000,1
1296147120000,1296147179000,0.7340742589520356,0.7340850364106178,0.7339180213570144,0.7340688703414154,128000000,1
1296147180000,1296147239000,0.7340419284749545,0.7343222205903951,0.7335788377176895,0.7343222205903951,125000000,1
1296147240000,1296147299000,0.7343114361663068,0.7347160689751445,0.7342844764918826,0.7344948144666098,205000000,1
1296147300000,1296147359000,0.7344948144666098,0.7347862506796773,0.734446264239077,0.7347538574577517,154000000,1
1296147360000,1296147419000,0.7347376619178123,0.7350130832328816,0.7347214670918255,0.7350130832328816,114000000,1
1296147420000,1296147479000,0.7350400964372606,0.7351535735815211,0.7347538574577517,0.7349104511615259,161000000,1
1296147480000,1296147539000,0.7349536611716632,0.7350563053129869,0.734743060351795,0.7349644644681429,162000000,1
1296147540000,1296147599000,0.7349806700083789,0.7349914740989004,0.7346944773016141,0.7348834474852288,178000000,1
1296147600000,1296147659000,0.7349266543198989,0.7349266543198989,0.7346512977615175,0.734797049055051,161000000,1
1296147660000,1296147719000,0.734797049055051,0.734797049055051,0.7345002093325597,0.7345865379671052,194000000,1
1296147720000,1296147779000,0.7345865379671052,0.7347214670918255,0.7344786303442501,0.7345811418329268,134000000,1
1296147780000,1296147839000,0.7345811418329268,0.7345811418329268,0.7343168283387551,0.7344948144666098,141000000,1
1296147840000,1296147899000,0.7345109993022145,0.7347592561297291,0.7344246884203259,0.734667489494255,99000000,1
1296147900000,1296147959000,0.7347484588651075,0.7349050502675055,0.7347376619178123,0.7348024483617579,132000000,1
1296147960000,1296148019000,0.7348024483617579,0.7348024483617579,0.7343437903889084,0.7343491830365338,120000000,1
1296148020000,1296148079000,0.7343491830365338,0.7343707544190761,0.7340419284749545,0.7341119814416491,100000000,1
1296148080000,1296148139000,0.7341119814416491,0.7341712674732762,0.733928794228384,0.7341712674732762,94000000,1
1296148140000,1296148199000,0.7341928284044522,0.7342683016374183,0.7341173706852252,0.7341227600079284,78000000,1
1296148200000,1296148259000,0.7341227600079284,0.7342521274955394,0.7340958141856675,0.7342197813493491,69000000,1
1296148260000,1296148319000,0.7342467362732573,0.7343491830365338,0.7342089999339212,0.7343006520589791,64000000,1
1296148320000,1296148379000,0.7343168283387551,0.7343437903889084,0.7340850364106178,0.7340850364106178,84000000,1
1296148380000,1296148439000,0.7340850364106178,0.7341658774383484,0.7340688703414154,0.7341443180900501,77000000,1
1296148440000,1296148499000,0.7341443180900501,0.7342844764918826,0.7340580933575083,0.7342844764918826,72000000,1
1296148500000,1296148559000,0.7343222205903951,0.7343707544190761,0.7341766575873487,0.7343168283387551,169000000,1
1296148560000,1296148619000,0.7343222205903951,0.7346189164370982,0.7343222205903951,0.7345109993022145,134000000,1
1296148620000,1296148679000,0.7345109993022145,0.7346297098947276,0.7344948144666098,0.7345703498024005,87000000,1
1296148680000,1296148739000,0.7345703498024005,0.7346459006758742,0.7344678413255676,0.7345703498024005,99000000,1
1296148740000,1296148799000,0.7345919341805627,0.7345919341805627,0.7342844764918826,0.7342898682683976,76000000,1
1296148800000,1296148859000,0.7343060440730487,0.7344246884203259,0.7340688703414154,0.7340688703414154,118000000,1
1296148860000,1296148919000,0.7340473166900339,0.7340473166900339,0.7338857046403593,0.733896476563016,100000000,1
1296148920000,1296148979000,0.7339072488018964,0.7340580933575083,0.7339018626429274,0.7339234077531668,104000000,1
1296148980000,1296149039000,0.7339126350399249,0.7340419284749545,0.7339126350399249,0.7339665017688592,116000000,1
1296149040000,1296149099000,0.7339665017688592,0.7340904252585834,0.7339072488018964,0.7339126350399249,88000000,1
1296149100000,1296149159000,0.7339126350399249,0.7340958141856675,0.7339072488018964,0.7339665017688592,106000000,1
1296149160000,1296149219000,0.733961114740141,0.7342089999339212,0.7339557277904998,0.7341658774383484,103000000,1
1296149220000,1296149279000,0.7341658774383484,0.7343437903889084,0.7341065922771987,0.7343437903889084,79000000,1
1296149280000,1296149339000,0.7343653614546309,0.7344085073881496,0.7342629101776182,0.7343006520589791,46000000,1
1296149340000,1296149399000,0.7343006520589791,0.7343869337876741,0.7342251721758029,0.7343060440730487,77000000,1
1296149400000,1296149459000,0.7343222205903951,0.7343545757633616,0.7341820477805676,0.7342251721758029,75000000,1
1296149460000,1296149519000,0.7342683016374183,0.7343977204294757,0.7342521274955394,0.7343653614546309,54000000,1
1296149520000,1296149579000,0.7343761474627305,0.7344085073881496,0.7342413451301443,0.7342844764918826,80000000,1
1296149580000,1296149639000,0.7342736931763946,0.7342736931763946,0.7341227600079284,0.7341550976059202,60000000,1
1296149640000,1296149699000,0.7341443180900501,0.7343977204294757,0.7341389284508201,0.7343599685693933,92000000,1
1296149700000,1296149759000,0.7343437903889084,0.7344570526238478,0.7343276129212286,0.7343276129212286,65000000,1
1296149760000,1296149819000,0.7343276129212286,0.734413900986318,0.7343060440730487,0.7343653614546309,44000000,1
1296149820000,1296149879000,0.7343923270689668,0.7345433711133473,0.7343815405855958,0.7345056042777607,92000000,1
1296149880000,1296149939000,0.7345056042777607,0.7345163944059232,0.7342521274955394,0.7342683016374183,76000000,1
1296149940000,1296149999000,0.7343060440730487,0.7343060440730487,0.7342197813493491,0.7342521274955394,54000000,1
1296150000000,1296150059000,0.7342521274955394,0.7344085073881496,0.7342197813493491,0.7342629101776182,106000000,1
1296150060000,1296150119000,0.7342629101776182,0.7343383978204837,0.7342089999339212,0.7342629101776182,93000000,1
1296150120000,1296150179000,0.7342413451301443,0.7343545757633616,0.7342036093449436,0.7342844764918826,40000000,1
1296150180000,1296150239000,0.7342790847945487,0.7343923270689668,0.7342790847945487,0.7343168283387551,45000000,1
1296150240000,1296150299000,0.7343168283387551,0.7343222205903951,0.7341550976059202,0.7342736931763946,82000000,1
1296150300000,1296150359000,0.7342467362732573,0.734602726845322,0.7342251721758029,0.734602726845322,107000000,1
1296150360000,1296150419000,0.7345865379671052,0.7348726465703493,0.7344948144666098,0.7348240463820938,138000000,1
1296150420000,1296150479000,0.7347808516110069,0.734851045693038,0.7346890795815211,0.7347538574577517,115000000,1
1296150480000,1296150539000,0.7347538574577517,0.7347538574577517,0.7346512977615175,0.7346512977615175,62000000,1
1296150540000,1296150599000,0.7346512977615175,0.7346566949264608,0.7346081232966274,0.7346135198272189,55000000,1
1296150600000,1296150659000,0.7345973304733011,0.734672886897109,0.7345973304733011,0.7346566949264608,37000000,1
1296150660000,1296150719000,0.734667489494255,0.7347106709377846,0.7346620921707061,0.734667489494255,55000000,1
1296150720000,1296150779000,0.734667489494255,0.7348888480617307,0.7346620921707061,0.7348726465703493,90000000,1
1296150780000,1296150839000,0.7348726465703493,0.7349806700083789,0.7348348458683911,0.734921253187721,89000000,1
1296150840000,1296150899000,0.7349536611716632,0.735023888276369,0.7349158521349305,0.7350130832328816,119000000,1
1296150900000,1296150959000,0.7349968762632759,0.7350076808302647,0.7348996494528672,0.7348996494528672,31000000,1
1296150960000,1296151019000,0.7349374568224244,0.7350130832328816,0.7349374568224244,0.7350022785070633,54000000,1
1296151020000,1296151079000,0.7349968762632759,0.7349968762632759,0.7349266543198989,0.7349698662354843,72000000,1
1296151080000,1296151139000,0.7349806700083789,0.7349806700083789,0.7349320555314661,0.7349374568224244,72000000,1
1296151140000,1296151199000,0.7349374568224244,0.7349428581927756,0.7346243131262672,0.7347808516110069,120000000,1
1296151200000,1296151259000,0.7347700537116909,0.7351103400620432,0.7347538574577517,0.7350941288031932,131000000,1
1296151260000,1296151319000,0.7350941288031932,0.735126552035933,0.734743060351795,0.7348456456721266,121000000,1
1296151320000,1296151379000,0.7348402457305782,0.734921253187721,0.7346566949264608,0.7347160689751445,127000000,1
1296151380000,1296151439000,0.734667489494255,0.7347862506796773,0.7345649539060491,0.7346782843792703,115000000,1
1296151440000,1296151499000,0.7346782843792703,0.7347754526216789,0.7346620921707061,0.7346782843792703,60000000,1
1296151500000,1296151559000,0.7347376619178123,0.73481864675798,0.7346620921707061,0.7347700537116909,82000000,1
1296151560000,1296151619000,0.7347592561297291,0.734851045693038,0.7346620921707061,0.7347268652878292,70000000,1
1296151620000,1296151679000,0.7347322635631576,0.7347322635631576,0.7345703498024005,0.7346512977615175,93000000,1
1296151680000,1296151739000,0.7346512977615175,0.7347268652878292,0.7346135198272189,0.7346620921707061,51000000,1
1296151740000,1296151799000,0.7346512977615175,0.734797049055051,0.7346297098947276,0.7346944773016141,98000000,1
1296151800000,1296151859000,0.7346944773016141,0.7347484588651075,0.7346944773016141,0.7347160689751445,19000000,1
1296151860000,1296151919000,0.7347160689751445,0.7347754526216789,0.7347160689751445,0.7347376619178123,61000000,1
1296151920000,1296151979000,0.7347214670918255,0.7347862506796773,0.7346620921707061,0.7347160689751445,50000000,1
1296151980000,1296152039000,0.7347214670918255,0.7348348458683911,0.7347214670918255,0.7348294460855636,81000000,1
1296152040000,1296152099000,0.7348294460855636,0.7348294460855636,0.7346459006758742,0.7346998751010212,55000000,1
1296152100000,1296152159000,0.7347160689751445,0.7347700537116909,0.7346620921707061,0.7346620921707061,68000000,1
1296152160000,1296152219000,0.7346620921707061,0.734667489494255,0.734602726845322,0.7346297098947276,18000000,1
1296152220000,1296152279000,0.7346189164370982,0.7348672462319682,0.7346189164370982,0.7348456456721266,76000000,1
1296152280000,1296152339000,0.7348348458683911,0.7348348458683911,0.7347214670918255,0.7347808516110069,90000000,1
1296152340000,1296152399000,0.7347700537116909,0.7347754526216789,0.7347700537116909,0.7347754526216789,37000000,1
1296152400000,1296152459000,0.7347700537116909,0.7347754526216789,0.7346782843792703,0.7346836819407404,22000000,1
1296152460000,1296152519000,0.7346890795815211,0.7347700537116909,0.734672886897109,0.7347700537116909,48000000,1
1296152520000,1296152579000,0.7347754526216789,0.7348024483617579,0.7347160689751445,0.7347700537116909,39000000,1
1296152580000,1296152639000,0.7347592561297291,0.7348240463820938,0.7347592561297291,0.7348240463820938,32000000,1
1296152640000,1296152699000,0.7348024483617579,0.7348456456721266,0.7347754526216789,0.7348348458683911,58000000,1
1296152700000,1296152759000,0.7348240463820938,0.7349266543198989,0.7347916498276914,0.7348996494528672,46000000,1
1296152760000,1296152819000,0.7349050502675055,0.7350022785070633,0.7348780469881023,0.7348780469881023,34000000,1
1296152820000,1296152879000,0.7348780469881023,0.7348780469881023,0.7347538574577517,0.7347754526216789,48000000,1
1296152880000,1296152939000,0.7347700537116909,0.7347754526216789,0.7345002093325597,0.7345649539060491,102000000,1
1296152940000,1296152999000,0.7345811418329268,0.7346512977615175,0.7345595580889699,0.7346512977615175,32000000,1
1296153000000,1296153059000,0.7346512977615175,0.7347754526216789,0.7346135198272189,0.7347160689751445,61000000,1
1296153060000,1296153119000,0.7347268652878292,0.7347268652878292,0.734602726845322,0.7346620921707061,66000000,1
1296153120000,1296153179000,0.7346459006758742,0.7348456456721266,0.7346459006758742,0.7348078477478139,45000000,1
1296153180000,1296153239000,0.7348078477478139,0.7348294460855636,0.7347700537116909,0.7347700537116909,43000000,1
1296153240000,1296153299000,0.7347700537116909,0.7347754526216789,0.7347160689751445,0.7347700537116909,32000000,1
1296153300000,1296153359000,0.7348456456721266,0.7349050502675055,0.7344894196799094,0.7346243131262672,83000000,1
1296153360000,1296153419000,0.7345919341805627,0.7346459006758742,0.7345056042777607,0.7345163944059232,29000000,1
1296153420000,1296153479000,0.7345163944059232,0.7345487666926207,0.734446264239077,0.7345002093325597,35000000,1
1296153480000,1296153539000,0.7345002093325597,0.7345056042777607,0.7343545757633616,0.734413900986318,34000000,1
1296153540000,1296153599000,0.7344354761712409,0.7344354761712409,0.7342790847945487,0.7342790847945487,32000000,1
1296153600000,1296153659000,0.7342521274955394,0.7342952601240958,0.7341604874825637,0.7342359540661987,84000000,1
1296153660000,1296153719000,0.7342359540661987,0.7342359540661987,0.733939567416019,0.7339718888766561,90000000,1
1296153720000,1296153779000,0.7340149885860668,0.7341658774383484,0.733988050674535,0.7340742589520356,82000000,1
1296153780000,1296153839000,0.7340796476417691,0.7342089999339212,0.7340742589520356,0.7342089999339212,61000000,1
1296153840000,1296153899000,0.7341658774383484,0.734198218835121,0.7340904252585834,0.7341012031918721,28000000,1
1296153900000,1296153959000,0.7340850364106178,0.7341227600079284,0.7339234077531668,0.7340311522821028,106000000,1
1296153960000,1296154019000,0.7340311522821028,0.7340311522821028,0.7339018626429274,0.7339018626429274,52000000,1
1296154020000,1296154079000,0.7339234077531668,0.7339718888766561,0.7338910905621605,0.7339503409199334,40000000,1
1296154080000,1296154139000,0.7339180213570144,0.733939567416019,0.7337349309188563,0.7338695473492631,69000000,1
1296154140000,1296154199000,0.733853390769592,0.733853390769592,0.7337995406414876,0.7338156948500815,28000000,1
1296154200000,1296154259000,0.7338156948500815,0.7338587762171048,0.7336864810928994,0.7336918640909191,72000000,1
1296154260000,1296154319000,0.7336810981738678,0.7338641617436613,0.7336218912772358,0.7338049252986586,98000000,1
1296154320000,1296154379000,0.7337995406414876,0.7339072488018964,0.7336864810928994,0.7339072488018964,99000000,1
1296154380000,1296154439000,0.7339072488018964,0.7340742589520356,0.7338426201116909,0.7338587762171048,48000000,1
1296154440000,1296154499000,0.7338749330339124,0.7339072488018964,0.7336918640909191,0.7337133968729135,53000000,1
1296154500000,1296154559000,0.7337026303239297,0.7338103100348561,0.7336595672875872,0.7337510822828464,57000000,1
1296154560000,1296154619000,0.7337726185409665,0.7338156948500815,0.7337403146278468,0.7337510822828464,76000000,1
1296154620000,1296154679000,0.7337510822828464,0.7338641617436613,0.7337510822828464,0.7338264647176236,52000000,1
1296154680000,1296154739000,0.7338264647176236,0.7339072488018964,0.7337403146278468,0.733767234357917,74000000,1
1296154740000,1296154799000,0.7337349309188563,0.7337887715642175,0.7336972471679286,0.7337080135589241,72000000,1
1296154800000,1296154859000,0.7336918640909191,0.7337133968729135,0.7336003638657804,0.7336488023183302,80000000,1
1296154860000,1296154919000,0.7336326554567597,0.7337510822828464,0.7336111274135806,0.7337133968729135,65000000,1
1296154920000,1296154979000,0.7337026303239297,0.733778002803032,0.7336757153338225,0.7337026303239297,57000000,1
1296154980000,1296155039000,0.7337295472888693,0.7338049252986586,0.7337295472888693,0.7338049252986586,17000000,1
1296155040000,1296155099000,0.7338049252986586,0.7338049252986586,0.7335573128328515,0.7335626939356372,48000000,1
1296155100000,1296155159000,0.7335680751173709,0.7336003638657804,0.7334766057636591,0.7334766057636591,46000000,1
1296155160000,1296155219000,0.7334873656801262,0.7336165093059254,0.7334819856824317,0.7335573128328515,58000000,1
1296155220000,1296155279000,0.7335734563780545,0.7336918640909191,0.7335734563780545,0.7336003638657804,55000000,1
1296155280000,1296155339000,0.7336003638657804,0.7336541847634699,0.7335088864601594,0.7335088864601594,50000000,1
1296155340000,1296155399000,0.733525027873951,0.7335949822103216,0.7335035061467593,0.7335734563780545,41000000,1
1296155400000,1296155459000,0.7335304085030845,0.7337080135589241,0.7335088864601594,0.7337080135589241,62000000,1
1296155460000,1296155519000,0.7337080135589241,0.7337080135589241,0.7336218912772358,0.7336218912772358,22000000,1
1296155520000,1296155579000,0.7336488023183302,0.7337080135589241,0.7336380376649768,0.7336595672875872,32000000,1
1296155580000,1296155639000,0.7336434199521665,0.7336918640909191,0.7335573128328515,0.7336918640909191,28000000,1
1296155640000,1296155699000,0.7336918640909191,0.7337187802658998,0.7336541847634699,0.7336595672875872,24000000,1
1296155700000,1296155759000,0.733664949890684,0.7337080135589241,0.7335304085030845,0.7335304085030845,30000000,1
1296155760000,1296155819000,0.7335196473237536,0.7335196473237536,0.7332023345162331,0.7333260000733326,83000000,1
1296155820000,1296155879000,0.733336755571526,0.7334012951866873,0.7332023345162331,0.7332130863871658,103000000,1
1296155880000,1296155939000,0.7332453438920663,0.733369023959166,0.7332453438920663,0.733369023959166,42000000,1
1296155940000,1296155999000,0.733369023959166,0.7335357892111557,0.733369023959166,0.7335304085030845,40000000,1
1296156000000,1296156059000,0.7335357892111557,0.7336057456001995,0.7334819856824317,0.7335842191362779,31000000,1
1296156060000,1296156119000,0.7335734563780545,0.7335734563780545,0.7334658461628734,0.733525027873951,46000000,1
1296156120000,1296156179000,0.7334981259122884,0.7335465508641178,0.7333421334389346,0.7333636456973555,55000000,1
1296156180000,1296156239000,0.7333421334389346,0.7334550868777551,0.733315244890626,0.7333528894103843,56000000,1
1296156240000,1296156299000,0.7333313777829926,0.7334281900459126,0.7332937354716179,0.7334281900459126,73000000,1
1296156300000,1296156359000,0.7334443279082902,0.7334550868777551,0.7332722273143905,0.7332883583140234,73000000,1
1296156360000,1296156419000,0.7332829812352885,0.7332829812352885,0.7331109563432425,0.7332023345162331,37000000,1
1296156420000,1296156479000,0.7331163308993871,0.7331432048622057,0.7329712455380376,0.7330464678155948,92000000,1
1296156480000,1296156539000,0.7330518414262256,0.733170080795343,0.7328369584334877,0.7328691828508611,127000000,1
1296156540000,1296156599000,0.7328799249530957,0.7330142278061617,0.7328584410635242,0.732965873108948,79000000,1
1296156600000,1296156659000,0.732965873108948,0.7332077104122827,0.7329443841801284,0.733159330185636,71000000,1
1296156660000,1296156719000,0.7331808317203355,0.7334604664808567,0.733159330185636,0.7334604664808567,80000000,1
1296156720000,1296156779000,0.7334766057636591,0.7335519318090125,0.7334658461628734,0.7335411699981661,37000000,1
1296156780000,1296156839000,0.7335626939356372,0.7337080135589241,0.7335626939356372,0.7336326554567597,74000000,1
1296156840000,1296156899000,0.7336272733275133,0.7337187802658998,0.7335519318090125,0.7335734563780545,50000000,1
1296156900000,1296156959000,0.7335788377176895,0.7336703325727617,0.7334550868777551,0.7334550868777551,56000000,1
1296156960000,1296157019000,0.7334281900459126,0.7334766057636591,0.7333905377952814,0.7334012951866873,51000000,1
1296157020000,1296157079000,0.7334228109162652,0.7334228109162652,0.7333313777829926,0.733369023959166,33000000,1
1296157080000,1296157139000,0.733369023959166,0.7334174318655206,0.733159330185636,0.733369023959166,108000000,1
1296157140000,1296157199000,0.7333528894103843,0.733385159217918,0.733315244890626,0.7333797807194455,38000000,1
1296157200000,1296157259000,0.7333797807194455,0.7335734563780545,0.7333475113852201,0.7335680751173709,49000000,1
1296157260000,1296157319000,0.7335680751173709,0.7336810981738678,0.7335088864601594,0.7336703325727617,117000000,1
1296157320000,1296157379000,0.7336703325727617,0.7337026303239297,0.7334927457567445,0.7336326554567597,143000000,1
1296157380000,1296157439000,0.7336272733275133,0.7337133968729135,0.7335573128328515,0.7336541847634699,85000000,1
1296157440000,1296157499000,0.7336703325727617,0.7336757153338225,0.7335949822103216,0.7336111274135806,30000000,1
1296157500000,1296157559000,0.7336326554567597,0.733664949890684,0.7335573128328515,0.7335573128328515,32000000,1
1296157560000,1296157619000,0.7335680751173709,0.7337241637378843,0.7335465508641178,0.7336810981738678,73000000,1
1296157620000,1296157679000,0.7336703325727617,0.7336703325727617,0.7335626939356372,0.7336595672875872,59000000,1
1296157680000,1296157739000,0.7336541847634699,0.7336541847634699,0.7336057456001995,0.7336111274135806,11000000,1
1296157740000,1296157799000,0.7336272733275133,0.7336272733275133,0.7335035061467593,0.7335196473237536,20000000,1
1296157800000,1296157859000,0.7335411699981661,0.7335949822103216,0.7332829812352885,0.7332829812352885,56000000,1
1296157860000,1296157919000,0.7332560970244467,0.7332560970244467,0.733035720830676,0.733035720830676,52000000,1
1296157920000,1296157979000,0.7330518414262256,0.7330787106611637,0.7329497562942061,0.7329497562942061,71000000,1
1296157980000,1296158039000,0.7329819906324901,0.7330679627308248,0.7329551284870339,0.7330679627308248,37000000,1
1296158040000,1296158099000,0.7330679627308248,0.7330733366565991,0.7329121531493236,0.7329121531493236,35000000,1
1296158100000,1296158159000,0.7329390121447994,0.7329927360419858,0.732922896511287,0.7329497562942061,58000000,1
1296158160000,1296158219000,0.7329336401882174,0.7329819906324901,0.7329175247909353,0.7329175247909353,40000000,1
1296158220000,1296158279000,0.7328745538626154,0.7329605007586141,0.7328208472874637,0.7328208472874637,44000000,1
1296158280000,1296158339000,0.7327886271205072,0.7328154770628755,0.7326758788447167,0.7326758788447167,55000000,1
1296158340000,1296158399000,0.7326919836170073,0.732793996951577,0.732606099678386,0.7326544069162576,93000000,1
1296158400000,1296158459000,0.7326651427231697,0.7328799249530957,0.7326651427231697,0.7327134577480785,60000000,1
1296158460000,1296158519000,0.7327349331379374,0.7327456713049467,0.7326168340696132,0.7326919836170073,45000000,1
1296158520000,1296158579000,0.7326222013831908,0.732793996951577,0.732552432440352,0.7327295641724553,43000000,1
1296158580000,1296158639000,0.7327349331379374,0.7327349331379374,0.7326168340696132,0.7326597747803852,20000000,1
1296158640000,1296158699000,0.7326436714239662,0.7327027205252012,0.7325256017697819,0.7325256017697819,30000000,1
1296158700000,1296158759000,0.7325309677466615,0.732552432440352,0.7322198709828588,0.7322895765901668,55000000,1
1296158760000,1296158819000,0.7323110271394466,0.732552432440352,0.7323110271394466,0.7324880421327121,39000000,1
1296158820000,1296158879000,0.7324880421327121,0.7325846318395933,0.7324665812122322,0.7325792650764813,44000000,1
1296158880000,1296158939000,0.7325846318395933,0.7326544069162576,0.7325738983920003,0.7326544069162576,37000000,1
1296158940000,1296158999000,0.7326275687754129,0.7326812470234825,0.7326114668346788,0.7326812470234825,37000000,1
1296159000000,1296159059000,0.7326812470234825,0.7327832573681357,0.732552432440352,0.7326758788447167,84000000,1
1296159060000,1296159119000,0.7326544069162576,0.7327080890973037,0.732482676784694,0.7325095043108184,41000000,1
1296159120000,1296159179000,0.7325095043108184,0.7325095043108184,0.7322842141491955,0.732445121549268,91000000,1
1296159180000,1296159239000,0.732482676784694,0.732606099678386,0.7324182987387757,0.732606099678386,80000000,1
1296159240000,1296159299000,0.7326114668346788,0.7327510405064775,0.7325846318395933,0.7327510405064775,102000000,1
1296159300000,1296159359000,0.7327403021821006,0.7327403021821006,0.732670510744613,0.7327241952856525,52000000,1
1296159360000,1296159419000,0.7327241952856525,0.7327403021821006,0.732670510744613,0.7326758788447167,24000000,1
1296159420000,1296159479000,0.7326758788447167,0.7327188264775275,0.7326436714239662,0.7327188264775275,15000000,1
1296159480000,1296159539000,0.7327188264775275,0.7327241952856525,0.7326007326007326,0.7326222013831908,14000000,1
1296159540000,1296159599000,0.7325846318395933,0.7326114668346788,0.7325095043108184,0.7326114668346788,45000000,1
1296159600000,1296159659000,0.732606099678386,0.7326222013831908,0.7325095043108184,0.7325095043108184,60000000,1
1296159660000,1296159719000,0.7325846318395933,0.7326490391307852,0.7325685317861487,0.7326383037957991,22000000,1
1296159720000,1296159779000,0.7326114668346788,0.7327134577480785,0.7326114668346788,0.7326597747803852,40000000,1
1296159780000,1296159839000,0.7326436714239662,0.7327295641724553,0.7326436714239662,0.7326651427231697,32000000,1
1296159840000,1296159899000,0.7326651427231697,0.7327134577480785,0.7325846318395933,0.7326973520317698,48000000,1
1296159900000,1296159959000,0.7327080890973037,0.7327295641724553,0.7326329362462819,0.7326866152809121,55000000,1
1296159960000,1296160019000,0.7327027205252012,0.7328638119178313,0.7327027205252012,0.7328423289729216,67000000,1
1296160020000,1296160079000,0.732847699591071,0.7328584410635242,0.7327993668613471,0.7327993668613471,35000000,1
1296160080000,1296160139000,0.7327886271205072,0.7328423289729216,0.7327134577480785,0.7327241952856525,61000000,1
1296160140000,1296160199000,0.7327134577480785,0.7327564097866945,0.7327027205252012,0.7327241952856525,35000000,1
1296160200000,1296160259000,0.7327134577480785,0.7327456713049467,0.7326544069162576,0.7327349331379374,50000000,1
1296160260000,1296160319000,0.7327295641724553,0.7327295641724553,0.7326275687754129,0.7326919836170073,21000000,1
1296160320000,1296160379000,0.7326758788447167,0.7327295641724553,0.7326758788447167,0.7326973520317698,23000000,1
1296160380000,1296160439000,0.7327188264775275,0.7327510405064775,0.7327027205252012,0.7327403021821006,18000000,1
1296160440000,1296160499000,0.7327188264775275,0.7327671485831947,0.7326651427231697,0.7326812470234825,36000000,1
1296160500000,1296160559000,0.7326758788447167,0.7328101069169946,0.7326597747803852,0.7327832573681357,36000000,1
1296160560000,1296160619000,0.7327725180994813,0.7329497562942061,0.7326919836170073,0.7327080890973037,84000000,1
1296160620000,1296160679000,0.7326973520317698,0.7328101069169946,0.7326973520317698,0.7328047368498191,25000000,1
1296160680000,1296160739000,0.7328154770628755,0.7328745538626154,0.7327456713049467,0.732853070287938,54000000,1
1296160740000,1296160799000,0.732847699591071,0.732847699591071,0.7327456713049467,0.7327725180994813,19000000,1
1296160800000,1296160859000,0.7327671485831947,0.7327671485831947,0.7326222013831908,0.7327564097866945,48000000,1
1296160860000,1296160919000,0.7327295641724553,0.7327671485831947,0.7325738983920003,0.7325738983920003,32000000,1
1296160920000,1296160979000,0.7325738983920003,0.7326544069162576,0.7325470661490001,0.7326544069162576,41000000,1
1296160980000,1296161039000,0.7326597747803852,0.7326758788447167,0.7324719463244558,0.7324719463244558,50000000,1
1296161040000,1296161099000,0.732482676784694,0.7325577988103261,0.7323753863280162,0.7325041386483834,54000000,1
1296161100000,1296161159000,0.7324987730645551,0.7326329362462819,0.7324773115152758,0.7326168340696132,40000000,1
1296161160000,1296161219000,0.7325953656017171,0.7326436714239662,0.7325577988103261,0.7326275687754129,33000000,1
1296161220000,1296161279000,0.7326329362462819,0.7327617791455997,0.7325631652589244,0.7326919836170073,90000000,1
1296161280000,1296161339000,0.7326758788447167,0.7327564097866945,0.7326490391307852,0.7326544069162576,47000000,1
1296161340000,1296161399000,0.7326544069162576,0.7326919836170073,0.7325685317861487,0.7325846318395933,54000000,1
1296161400000,1296161459000,0.7325846318395933,0.7326651427231697,0.7325846318395933,0.7326651427231697,52000000,1
1296161460000,1296161519000,0.7326490391307852,0.7327080890973037,0.7326007326007326,0.732670510744613,27000000,1
1296161520000,1296161579000,0.7326973520317698,0.7327349331379374,0.732589998681338,0.7326973520317698,65000000,1
1296161580000,1296161639000,0.7327080890973037,0.7327080890973037,0.7325470661490001,0.7325631652589244,87000000,1
1296161640000,1296161699000,0.7325416999362688,0.7327241952856525,0.7325416999362688,0.7326329362462819,37000000,1
1296161700000,1296161759000,0.7326436714239662,0.7327349331379374,0.7325846318395933,0.7326758788447167,70000000,1
1296161760000,1296161819000,0.7326383037957991,0.7326597747803852,0.7325685317861487,0.7326329362462819,32000000,1
1296161820000,1296161879000,0.7326597747803852,0.7327993668613471,0.7326597747803852,0.7327349331379374,33000000,1
1296161880000,1296161939000,0.7327617791455997,0.7327617791455997,0.7326168340696132,0.7326919836170073,112000000,1
1296161940000,1296161999000,0.7326919836170073,0.7328369584334877,0.7326919836170073,0.7328101069169946,95000000,1
1296162000000,1296162059000,0.7327886271205072,0.7328799249530957,0.7327510405064775,0.7327617791455997,93000000,1
1296162060000,1296162119000,0.7327617791455997,0.7327671485831947,0.7326222013831908,0.7327241952856525,42000000,1
1296162120000,1296162179000,0.7327188264775275,0.7328691828508611,0.7326758788447167,0.7327349331379374,38000000,1
1296162180000,1296162239000,0.7327403021821006,0.7328584410635242,0.7326973520317698,0.7328047368498191,50000000,1
1296162240000,1296162299000,0.732793996951577,0.7329390121447994,0.7327886271205072,0.7328262175907606,61000000,1
1296162300000,1296162359000,0.7327993668613471,0.7328638119178313,0.7327510405064775,0.7328638119178313,42000000,1
1296162360000,1296162419000,0.7328262175907606,0.7329282683103805,0.7327671485831947,0.7329282683103805,93000000,1
1296162420000,1296162479000,0.7329175247909353,0.7329390121447994,0.7327886271205072,0.7329390121447994,65000000,1
1296162480000,1296162539000,0.7329390121447994,0.7329712455380376,0.7327993668613471,0.7328584410635242,57000000,1
1296162540000,1296162599000,0.7328691828508611,0.7328906673702417,0.7327886271205072,0.7327886271205072,31000000,1
1296162600000,1296162659000,0.732847699591071,0.7329443841801284,0.732777887694461,0.7329443841801284,109000000,1
1296162660000,1296162719000,0.7329981088648791,0.7331163308993871,0.732922896511287,0.7330034817665384,122000000,1
1296162720000,1296162779000,0.7330249741608698,0.7333044900233924,0.7329981088648791,0.7333044900233924,105000000,1
1296162780000,1296162839000,0.733315244890626,0.7333636456973555,0.7332829812352885,0.7332829812352885,16000000,1
1296162840000,1296162899000,0.7332130863871658,0.7334281900459126,0.7331808317203355,0.733369023959166,71000000,1
1296162900000,1296162959000,0.733369023959166,0.733369023959166,0.7332560970244467,0.7333582675144288,28000000,1
1296162960000,1296163019000,0.733336755571526,0.733336755571526,0.7331432048622057,0.733159330185636,24000000,1
1296163020000,1296163079000,0.7331378299120234,0.7331539549990103,0.7331378299120234,0.7331539549990103,3000000,1
1296163080000,1296163139000,0.733170080795343,0.7331862073010683,0.7329927360419858,0.7330625888838389,39000000,1
1296163140000,1296163199000,0.7330625888838389,0.7332507204188328,0.733035720830676,0.7332507204188328,37000000,1
1296163200000,1296163259000,0.7332560970244467,0.7333636456973555,0.7332560970244467,0.7332829812352885,18000000,1
1296163260000,1296163319000,0.7332507204188328,0.7332776042354114,0.7332507204188328,0.7332776042354114,5000000,1
1296163320000,1296163379000,0.7332776042354114,0.7333421334389346,0.7332776042354114,0.733315244890626,19000000,1
1296163380000,1296163439000,0.733309867417576,0.7334281900459126,0.7332668504722238,0.7333421334389346,35000000,1
1296163440000,1296163499000,0.733309867417576,0.733309867417576,0.7331754562184276,0.7331754562184276,49000000,1
1296163500000,1296163559000,0.7331754562184276,0.7332991127080737,0.733094833147616,0.7331432048622057,58000000,1
1296163560000,1296163619000,0.7331109563432425,0.7331485798912007,0.7331002074673588,0.7331002074673588,24000000,1
1296163620000,1296163679000,0.7330894589066703,0.7330894589066703,0.7328745538626154,0.7330303474563846,27000000,1
1296163680000,1296163739000,0.7330572151156398,0.7330787106611637,0.7328852961223039,0.7328852961223039,19000000,1
1296163740000,1296163799000,0.7328638119178313,0.7329336401882174,0.7328638119178313,0.7329282683103805,13000000,1
1296163800000,1296163859000,0.7329712455380376,0.7329712455380376,0.7329175247909353,0.7329175247909353,10000000,1
1296163860000,1296163919000,0.7329175247909353,0.7329175247909353,0.7328799249530957,0.7328960386969109,11000000,1
1296163920000,1296163979000,0.732901410102313,0.732901410102313,0.7328691828508611,0.7328691828508611,5000000,1
1296163980000,1296164039000,0.732847699591071,0.7329175247909353,0.732847699591071,0.73290678158645,23000000,1
1296164040000,1296164099000,0.7328960386969109,0.733035720830676,0.7328584410635242,0.7329175247909353,27000000,1
1296164100000,1296164159000,0.7329175247909353,0.732922896511287,0.7328315879727679,0.732922896511287,9000000,1
1296164160000,1296164219000,0.732922896511287,0.732922896511287,0.7328369584334877,0.7328369584334877,11000000,1
1296164220000,1296164279000,0.7328584410635242,0.7329121531493236,0.7327027205252012,0.7327027205252012,64000000,1
1296164280000,1296164339000,0.7327188264775275,0.7328047368498191,0.7327080890973037,0.7327403021821006,28000000,1
1296164340000,1296164399000,0.7327403021821006,0.7330572151156398,0.7326758788447167,0.7328745538626154,47000000,1
1296164400000,1296164459000,0.7328906673702417,0.7328906673702417,0.7328423289729216,0.7328423289729216,19000000,1
1296164460000,1296164519000,0.7328154770628755,0.7330410942837455,0.7328154770628755,0.7330034817665384,41000000,1
1296164520000,1296164579000,0.7330303474563846,0.733094833147616,0.7329927360419858,0.7330303474563846,48000000,1
1296164580000,1296164639000,0.733035720830676,0.7331539549990103,0.7329981088648791,0.7330518414262256,63000000,1
1296164640000,1296164699000,0.7330518414262256,0.7331647054510796,0.733035720830676,0.733035720830676,65000000,1
1296164700000,1296164759000,0.7330142278061617,0.7331432048622057,0.732922896511287,0.7329336401882174,47000000,1
1296164760000,1296164819000,0.7329336401882174,0.7329766180458843,0.7327832573681357,0.7328047368498191,60000000,1
1296164820000,1296164879000,0.7328315879727679,0.7328638119178313,0.7327295641724553,0.7327993668613471,62000000,1
1296164880000,1296164939000,0.7328154770628755,0.7328154770628755,0.7327403021821006,0.7327456713049467,8000000,1
1296164940000,1296164999000,0.7327510405064775,0.7327564097866945,0.7325846318395933,0.7327349331379374,39000000,1
1296165000000,1296165059000,0.7327134577480785,0.7328369584334877,0.7327027205252012,0.7327295641724553,33000000,1
1296165060000,1296165119000,0.7327725180994813,0.732853070287938,0.7327725180994813,0.7328047368498191,27000000,1
1296165120000,1296165179000,0.7328208472874637,0.732847699591071,0.7327671485831947,0.7328315879727679,31000000,1
1296165180000,1296165239000,0.7328315879727679,0.7328315879727679,0.7327080890973037,0.7327134577480785,13000000,1
1296165240000,1296165299000,0.7327134577480785,0.7327349331379374,0.7325577988103261,0.7326919836170073,42000000,1
1296165300000,1296165359000,0.732670510744613,0.732670510744613,0.7326383037957991,0.7326383037957991,7000000,1
1296165360000,1296165419000,0.7326275687754129,0.7326919836170073,0.7325846318395933,0.7326490391307852,39000000,1
1296165420000,1296165479000,0.7326275687754129,0.7328369584334877,0.7326222013831908,0.7328208472874637,53000000,1
1296165480000,1296165539000,0.7328208472874637,0.732847699591071,0.7326866152809121,0.7327510405064775,46000000,1
1296165540000,1296165599000,0.7327403021821006,0.7328315879727679,0.7326168340696132,0.7326168340696132,42000000,1
1296165600000,1296165659000,0.7326168340696132,0.7326597747803852,0.7323861139592793,0.7324290276272228,145000000,1
1296165660000,1296165719000,0.7324397568300007,0.7324719463244558,0.7322359557143694,0.732353932008261,22000000,1
1296165720000,1296165779000,0.7323646590110148,0.7323861139592793,0.7323646590110148,0.7323861139592793,4000000,1
1296165780000,1296165839000,0.7323968419048177,0.7325202358715159,0.7321501786446436,0.7325202358715159,197000000,1
1296165840000,1296165899000,0.7325416999362688,0.7327349331379374,0.7325416999362688,0.732670510744613,49000000,1
1296165900000,1296165959000,0.7326490391307852,0.7326490391307852,0.7326329362462819,0.7326329362462819,17000000,1
1296165960000,1296166019000,0.7326329362462819,0.7327027205252012,0.7326329362462819,0.7326812470234825,16000000,1
1296166020000,1296166079000,0.7327080890973037,0.7328745538626154,0.7327080890973037,0.7328745538626154,29000000,1
1296166080000,1296166139000,0.7328745538626154,0.7328906673702417,0.7327510405064775,0.7327564097866945,28000000,1
1296166140000,1296166199000,0.7327564097866945,0.7328154770628755,0.7327510405064775,0.7327832573681357,27000000,1
1296166200000,1296166259000,0.7327886271205072,0.7328315879727679,0.7327134577480785,0.7327456713049467,39000000,1
1296166260000,1296166319000,0.7327456713049467,0.7328208472874637,0.7326758788447167,0.7326758788447167,37000000,1
1296166320000,1296166379000,0.7326812470234825,0.732853070287938,0.7326812470234825,0.7327725180994813,39000000,1
1296166380000,1296166439000,0.7327725180994813,0.732847699591071,0.7327725180994813,0.7328154770628755,22000000,1
1296166440000,1296166499000,0.7328154770628755,0.7328799249530957,0.7327349331379374,0.7327564097866945,30000000,1
1296166500000,1296166559000,0.7327832573681357,0.7327832573681357,0.7327134577480785,0.7327403021821006,12000000,1
1296166560000,1296166619000,0.7327403021821006,0.7327617791455997,0.7327403021821006,0.7327617791455997,4000000,1
1296166620000,1296166679000,0.7327510405064775,0.7327510405064775,0.732482676784694,0.7326007326007326,37000000,1
1296166680000,1296166739000,0.7326007326007326,0.732606099678386,0.732450486347123,0.7325309677466615,45000000,1
1296166740000,1296166799000,0.7325041386483834,0.7325577988103261,0.7323861139592793,0.7323861139592793,118000000,1
1296166800000,1296166859000,0.7323861139592793,0.7325148700518621,0.7323646590110148,0.7325148700518621,65000000,1
1296166860000,1296166919000,0.7325416999362688,0.7326114668346788,0.7324129344124217,0.7325041386483834,72000000,1
1296166920000,1296166979000,0.7325041386483834,0.7325041386483834,0.7325041386483834,0.7325041386483834,4000000,1
1296166980000,1296167039000,0.7325041386483834,0.7325416999362688,0.7325041386483834,0.7325416999362688,9000000,1
1296167040000,1296167099000,0.7325416999362688,0.7325416999362688,0.7325095043108184,0.7325095043108184,13000000,1
1296167100000,1296167159000,0.7325095043108184,0.732606099678386,0.7325095043108184,0.7325953656017171,38000000,1
1296167160000,1296167219000,0.732493407559332,0.7325363338021567,0.7324612161786034,0.7325309677466615,70000000,1
1296167220000,1296167279000,0.7325309677466615,0.7325309677466615,0.7323914778927632,0.732482676784694,40000000,1
1296167280000,1296167339000,0.732482676784694,0.7325577988103261,0.7324343921893196,0.7324343921893196,67000000,1
1296167340000,1296167399000,0.7324343921893196,0.732450486347123,0.7324290276272228,0.732445121549268,18000000,1
1296167400000,1296167459000,0.732445121549268,0.732445121549268,0.7323646590110148,0.7323861139592793,66000000,1
1296167460000,1296167519000,0.7323861139592793,0.732606099678386,0.7323700226302338,0.7324773115152758,105000000,1
1296167520000,1296167579000,0.7324773115152758,0.7325041386483834,0.7324773115152758,0.7324773115152758,18000000,1
1296167580000,1296167639000,0.7324773115152758,0.7325256017697819,0.731780495122683,0.731812626695061,103000000,1
1296167640000,1296167699000,0.731812626695061,0.7321019378738295,0.7316466439368442,0.7320054754009561,97000000,1
1296167700000,1296167759000,0.7320054754009561,0.7320858590295469,0.731967969081673,0.7320054754009561,35000000,1
1296167760000,1296167819000,0.7320215507144531,0.7321394579239453,0.7320054754009561,0.7320858590295469,42000000,1
1296167820000,1296167879000,0.7321072976455429,0.7322574031223456,0.7321072976455429,0.7321340976813313,32000000,1
1296167880000,1296167939000,0.7321340976813313,0.7322091482210978,0.7320429855641124,0.7321501786446436,39000000,1
1296167940000,1296167999000,0.7321501786446436,0.7321769818200455,0.7320697808915145,0.732171621027969,37000000,1
1296168000000,1296168059000,0.7322037869579862,0.7322788517867604,0.7322037869579862,0.7322734895028595,44000000,1
1296168060000,1296168119000,0.7322734895028595,0.7322788517867604,0.7321501786446436,0.7321501786446436,12000000,1
1296168120000,1296168179000,0.7321555391227311,0.7322198709828588,0.7321555391227311,0.7321984257733846,19000000,1
1296168180000,1296168239000,0.7321984257733846,0.7322520411525647,0.7321877036397051,0.7321877036397051,16000000,1
1296168240000,1296168299000,0.7321877036397051,0.7321877036397051,0.7321555391227311,0.7321877036397051,25000000,1
1296168300000,1296168359000,0.7321877036397051,0.7321877036397051,0.7321340976813313,0.7321608996793135,35000000,1
1296168360000,1296168419000,0.7322359557143694,0.7322359557143694,0.732171621027969,0.7321930646672914,17000000,1
1296168420000,1296168479000,0.7321930646672914,0.7323324789454413,0.732171621027969,0.732305664384314,45000000,1
1296168480000,1296168539000,0.7323324789454413,0.7324236631437089,0.7323324789454413,0.7323914778927632,79000000,1
1296168540000,1296168599000,0.7323914778927632,0.7324236631437089,0.7323700226302338,0.7323968419048177,39000000,1
1296168600000,1296168659000,0.7323807501043642,0.7323861139592793,0.7323432053197411,0.7323432053197411,31000000,1
1296168660000,1296168719000,0.7323324789454413,0.7323324789454413,0.7323324789454413,0.7323324789454413,2000000,1
1296168720000,1296168779000,0.7323110271394466,0.7323110271394466,0.7321340976813313,0.7321340976813313,29000000,1
1296168780000,1296168839000,0.7321340976813313,0.7321340976813313,0.7319894007934765,0.7319894007934765,40000000,1
1296168840000,1296168899000,0.7320054754009561,0.7320804995717329,0.7320054754009561,0.7320376267340142,11000000,1
1296168900000,1296168959000,0.7320108337603396,0.7320108337603396,0.7319143952923266,0.7319143952923266,37000000,1
1296168960000,1296169019000,0.7319143952923266,0.7319465386248188,0.7318394051609315,0.731876898305705,105000000,1
1296169020000,1296169079000,0.731876898305705,0.7319411812066782,0.7318554731811562,0.7319358238669634,39000000,1
1296169080000,1296169139000,0.7319358238669634,0.731973326891968,0.731823337846244,0.731823337846244,42000000,1
1296169140000,1296169199000,0.7318019158574157,0.7319251094228039,0.7317537209676712,0.731812626695061,56000000,1
1296169200000,1296169259000,0.7317590756419357,0.7320858590295469,0.7317590756419357,0.7319840427478681,86000000,1
1296169260000,1296169319000,0.7320054754009561,0.7322788517867604,0.7319518961213869,0.732230594058681,69000000,1
1296169320000,1296169379000,0.732230594058681,0.7322520411525647,0.7320215507144531,0.7320215507144531,57000000,1
1296169380000,1296169439000,0.7320161921981714,0.7320912185658333,0.7319572536963841,0.731967969081673,61000000,1
1296169440000,1296169499000,0.731967969081673,0.7320751401923894,0.7319251094228039,0.7320322679823726,24000000,1
1296169500000,1296169559000,0.732048344472669,0.7320537034596858,0.7319626113498122,0.7320322679823726,27000000,1
1296169560000,1296169619000,0.7320161921981714,0.7320161921981714,0.7319626113498122,0.7319626113498122,9000000,1
1296169620000,1296169679000,0.7319518961213869,0.731973326891968,0.7319465386248188,0.7319518961213869,8000000,1
1296169680000,1296169739000,0.7319251094228039,0.7319251094228039,0.7317001785348436,0.7317751401349393,30000000,1
1296169740000,1296169799000,0.731780495122683,0.7319411812066782,0.7317376574150635,0.7317751401349393,43000000,1
1296169800000,1296169859000,0.7317697852255681,0.7318715419069645,0.7317697852255681,0.7318394051609315,21000000,1
1296169860000,1296169919000,0.7318340493109782,0.7318340493109782,0.7317430118542367,0.7317697852255681,14000000,1
1296169920000,1296169979000,0.7317376574150635,0.7317965605561654,0.7317055324255306,0.7317483663717721,35000000,1
1296169980000,1296170039000,0.7317483663717721,0.7318019158574157,0.7316359379572724,0.7317215945676988,46000000,1
1296170040000,1296170099000,0.7317323030542506,0.7317537209676712,0.7316787637555608,0.7316787637555608,37000000,1
1296170100000,1296170159000,0.7316894709885124,0.7317483663717721,0.7316894709885124,0.7317483663717721,9000000,1
1296170160000,1296170219000,0.7317215945676988,0.7317912053332943,0.7317162404419566,0.7317912053332943,30000000,1
1296170220000,1296170279000,0.7317912053332943,0.7319036814755178,0.7317912053332943,0.731876898305705,17000000,1
1296170280000,1296170339000,0.7318608293446919,0.731876898305705,0.731807271237047,0.731807271237047,16000000,1
1296170340000,1296170399000,0.7318447610892778,0.7318822547828505,0.731780495122683,0.731807271237047,42000000,1
1296170400000,1296170459000,0.731807271237047,0.7319090383447145,0.731807271237047,0.7319036814755178,15000000,1
1296170460000,1296170519000,0.7319197523183557,0.7319518961213869,0.7319197523183557,0.7319518961213869,5000000,1
1296170520000,1296170579000,0.731967969081673,0.731973326891968,0.731876898305705,0.7318983246847348,29000000,1
1296170580000,1296170639000,0.7318661855866273,0.7318929679723637,0.731823337846244,0.731876898305705,15000000,1
1296170640000,1296170699000,0.7318608293446919,0.7320429855641124,0.7318286935394163,0.7320429855641124,38000000,1
1296170700000,1296170759000,0.7320429855641124,0.7320429855641124,0.7318929679723637,0.7318983246847348,52000000,1
1296170760000,1296170819000,0.7319090383447145,0.7319143952923266,0.7318447610892778,0.7318876113384029,83000000,1
1296170820000,1296170879000,0.7318608293446919,0.7320751401923894,0.7317697852255681,0.7319894007934765,107000000,1
1296170880000,1296170939000,0.7319894007934765,0.7319947589175261,0.7319626113498122,0.7319626113498122,32000000,1
1296170940000,1296170999000,0.7319626113498122,0.732048344472669,0.7319411812066782,0.732048344472669,50000000,1
1296171000000,1296171059000,0.732048344472669,0.732048344472669,0.7319304666056725,0.7319465386248188,31000000,1
1296171060000,1296171119000,0.7319465386248188,0.732048344472669,0.7318876113384029,0.731973326891968,80000000,1
1296171120000,1296171179000,0.7319947589175261,0.7320751401923894,0.7319947589175261,0.7320429855641124,47000000,1
1296171180000,1296171239000,0.7320537034596858,0.7321072976455429,0.7320537034596858,0.7320965781805936,32000000,1
1296171240000,1296171299000,0.7320965781805936,0.7321019378738295,0.7318715419069645,0.7319465386248188,109000000,1
1296171300000,1296171359000,0.7319465386248188,0.7319518961213869,0.7319197523183557,0.7319518961213869,22000000,1
1296171360000,1296171419000,0.7319626113498122,0.7320537034596858,0.7319572536963841,0.7320269093091862,51000000,1
1296171420000,1296171479000,0.7320322679823726,0.7321072976455429,0.7319947589175261,0.732048344472669,75000000,1
1296171480000,1296171539000,0.7320537034596858,0.7320697808915145,0.7319947589175261,0.7319947589175261,23000000,1
1296171540000,1296171599000,0.7320215507144531,0.7320644216691068,0.7319947589175261,0.7319947589175261,34000000,1
1296171600000,1296171659000,0.7320376267340142,0.7320965781805936,0.7318340493109782,0.7318340493109782,59000000,1
1296171660000,1296171719000,0.7318394051609315,0.7319572536963841,0.7318394051609315,0.7318608293446919,19000000,1
1296171720000,1296171779000,0.7318501170960187,0.7318929679723637,0.7318340493109782,0.7318929679723637,8000000,1
1296171780000,1296171839000,0.7319143952923266,0.7319411812066782,0.7319090383447145,0.7319090383447145,5000000,1
1296171840000,1296171899000,0.7319251094228039,0.731967969081673,0.7319251094228039,0.7319411812066782,13000000,1
1296171900000,1296171959000,0.731967969081673,0.7320054754009561,0.731967969081673,0.731967969081673,16000000,1
1296171960000,1296172019000,0.731973326891968,0.7320001171200188,0.7319411812066782,0.7320001171200188,37000000,1
1296172020000,1296172079000,0.7319947589175261,0.7320054754009561,0.7319090383447145,0.7320001171200188,50000000,1
1296172080000,1296172139000,0.7320161921981714,0.7320912185658333,0.7320054754009561,0.7320644216691068,22000000,1
1296172140000,1296172199000,0.732048344472669,0.7320697808915145,0.7320322679823726,0.7320697808915145,7000000,1
1296172200000,1296172259000,0.7320644216691068,0.7322252324815114,0.7320644216691068,0.7322091482210978,29000000,1
1296172260000,1296172319000,0.7322037869579862,0.7322037869579862,0.7321233774315647,0.7321287375172051,21000000,1
1296172320000,1296172379000,0.7321287375172051,0.7322145095627215,0.7321180174244089,0.7321394579239453,49000000,1
1296172380000,1296172439000,0.7321287375172051,0.7321448182450488,0.7321072976455429,0.7321448182450488,12000000,1
1296172440000,1296172499000,0.7321501786446436,0.7322413174485783,0.7321501786446436,0.7322252324815114,18000000,1
1296172500000,1296172559000,0.7322252324815114,0.7322252324815114,0.7322252324815114,0.7322252324815114,2000000,1
1296172560000,1296172619000,0.7322145095627215,0.7322949391096758,0.7322145095627215,0.7322949391096758,13000000,1
1296172620000,1296172679000,0.7323110271394466,0.7323110271394466,0.7322574031223456,0.7322949391096758,11000000,1
1296172680000,1296172739000,0.7322734895028595,0.732305664384314,0.7320858590295469,0.7320858590295469,26000000,1
1296172740000,1296172799000,0.7320644216691068,0.7320912185658333,0.7319947589175261,0.7319947589175261,25000000,1
1296172800000,1296172859000,0.7319947589175261,0.7319947589175261,0.7319143952923266,0.7319143952923266,16500000,1
1296172860000,1296172919000,0.7318876113384029,0.7319840427478681,0.7318501170960187,0.7319465386248188,71630000,1
1296172920000,1296172979000,0.7319465386248188,0.7319465386248188,0.7317483663717721,0.7318876113384029,108990000,1
1296172980000,1296173039000,0.7318286935394163,0.7318929679723637,0.7318179822314594,0.7318394051609315,55210000,1
1296173040000,1296173099000,0.731823337846244,0.7318286935394163,0.7316573502297404,0.7318286935394163,63090000,1
1296173100000,1296173159000,0.7318179822314594,0.7318179822314594,0.7317430118542367,0.731780495122683,21380000,1
1296173160000,1296173219000,0.7317644303945674,0.7318286935394163,0.7317430118542367,0.731812626695061,44280000,1
1296173220000,1296173279000,0.731812626695061,0.731812626695061,0.7317001785348436,0.7317055324255306,61140000,1
1296173280000,1296173339000,0.7317108863945678,0.7320001171200188,0.7317108863945678,0.7319626113498122,121980000,1
1296173340000,1296173399000,0.7319626113498122,0.7319626113498122,0.7318554731811562,0.7318822547828505,52500000,1
1296173400000,1296173459000,0.7319251094228039,0.7319894007934765,0.7318929679723637,0.7319090383447145,86290000,1
1296173460000,1296173519000,0.7319572536963841,0.7320108337603396,0.7318019158574157,0.7318340493109782,67900000,1
1296173520000,1296173579000,0.7318501170960187,0.7318501170960187,0.7316894709885124,0.7317483663717721,80350000,1
1296173580000,1296173639000,0.7317483663717721,0.7317644303945674,0.731684117332865,0.7317055324255306,52530000,1
1296173640000,1296173699000,0.7317108863945678,0.7317162404419566,0.7316252322910113,0.7316252322910113,54750000,1
1296173700000,1296173759000,0.7316359379572724,0.7316787637555608,0.7315717086588828,0.7316252322910113,73130000,1
1296173760000,1296173819000,0.7316252322910113,0.731780495122683,0.7316198795753678,0.7317430118542367,94880000,1
1296173820000,1296173879000,0.7317430118542367,0.7318019158574157,0.731684117332865,0.7317912053332943,46890000,1
1296173880000,1296173939000,0.7317912053332943,0.7318179822314594,0.7316359379572724,0.7316734102565978,70160000,1
1296173940000,1296173999000,0.7316734102565978,0.7317483663717721,0.7315717086588828,0.7316466439368442,63790000,1
1296174000000,1296174059000,0.7316519970441259,0.7316680568359746,0.7315395982384526,0.7315395982384526,36000000,1
1296174060000,1296174119000,0.7315556530963092,0.7316252322910113,0.7315074906367041,0.7315931171719536,35250000,1
1296174120000,1296174179000,0.7315770606696856,0.7316198795753678,0.7315395982384526,0.7315824127587973,41630000,1
1296174180000,1296174239000,0.7315610048721962,0.7316038218983656,0.7315021396437584,0.7315717086588828,38630000,1
1296174240000,1296174299000,0.7315770606696856,0.7316466439368442,0.7315770606696856,0.7316466439368442,46900000,1
1296174300000,1296174359000,0.7316466439368442,0.7317483663717721,0.7315931171719536,0.7317483663717721,63770000,1
1296174360000,1296174419000,0.7317323030542506,0.7317644303945674,0.7317323030542506,0.7317590756419357,34350000,1
1296174420000,1296174479000,0.7317590756419357,0.7318661855866273,0.7316627034936894,0.7316627034936894,72000000,1
1296174480000,1296174539000,0.7316466439368442,0.7316466439368442,0.7313897868730161,0.7314165344021767,58890000,1
1296174540000,1296174599000,0.7314165344021767,0.7314860871346227,0.7313951362223441,0.731448634019676,54000000,1
1296174600000,1296174659000,0.731448634019676,0.7315717086588828,0.7314432838877674,0.7315717086588828,53250000,1
1296174660000,1296174719000,0.7315663567263869,0.7317162404419566,0.7315663567263869,0.7316145269380468,89250000,1
1296174720000,1296174779000,0.7316359379572724,0.7317858501888008,0.7315984694960018,0.7317483663717721,53750000,1
1296174780000,1296174839000,0.7317430118542367,0.731812626695061,0.7317430118542367,0.7317537209676712,31890000,1
1296174840000,1296174899000,0.7317430118542367,0.7317858501888008,0.7317376574150635,0.7317644303945674,11250000,1
1296174900000,1296174959000,0.7317537209676712,0.731780495122683,0.7317537209676712,0.731780495122683,13500000,1
1296174960000,1296175019000,0.731780495122683,0.731812626695061,0.7317590756419357,0.7318019158574157,53270000,1
1296175020000,1296175079000,0.7318019158574157,0.7318019158574157,0.7316894709885124,0.7317055324255306,29630000,1
1296175080000,1296175139000,0.7317055324255306,0.7317215945676988,0.7317001785348436,0.7317215945676988,11260000,1
1296175140000,1296175199000,0.7317215945676988,0.7317483663717721,0.7317215945676988,0.7317323030542506,30390000,1
1296175200000,1296175259000,0.7317323030542506,0.7317323030542506,0.7316948247225048,0.7317323030542506,75030000,1
1296175260000,1296175319000,0.7317323030542506,0.7317965605561654,0.7317269487717963,0.7317537209676712,49530000,1
1296175320000,1296175379000,0.7317590756419357,0.7318447610892778,0.7317590756419357,0.7318447610892778,15580000,1
1296175380000,1296175439000,0.7318661855866273,0.7318715419069645,0.7318340493109782,0.7318608293446919,41460000,1
1296175440000,1296175499000,0.731876898305705,0.731876898305705,0.731780495122683,0.7318661855866273,32270000,1
1296175500000,1296175559000,0.7318661855866273,0.7318715419069645,0.7317697852255681,0.7317965605561654,38650000,1
1296175560000,1296175619000,0.7317965605561654,0.731812626695061,0.7317376574150635,0.731780495122683,45210000,1
1296175620000,1296175679000,0.7317644303945674,0.7317965605561654,0.7317644303945674,0.7317965605561654,38280000,1
1296175680000,1296175739000,0.7317965605561654,0.731823337846244,0.7317269487717963,0.7317697852255681,46910000,1
1296175740000,1296175799000,0.7317858501888008,0.7317858501888008,0.7314807364548055,0.7315074906367041,110930000,1
1296175800000,1296175859000,0.7315074906367041,0.7317108863945678,0.7315074906367041,0.7317108863945678,90520000,1
1296175860000,1296175919000,0.7317323030542506,0.7317537209676712,0.731368390258173,0.7314004856499224,96380000,1
1296175920000,1296175979000,0.731411184739837,0.7314539842298521,0.7313576924202089,0.7314058351557529,65280000,1
1296175980000,1296176039000,0.7314218841427735,0.7315128417079362,0.731330949194439,0.7314807364548055,88500000,1
1296176040000,1296176099000,0.7314593345182975,0.7314753858532661,0.7312721209816597,0.7314700353300027,94730000,1
1296176100000,1296176159000,0.7314967887290975,0.7314967887290975,0.7313202524517511,0.7313202524517511,45010000,1
1296176160000,1296176219000,0.7313095560219686,0.7313095560219686,0.7312667734316155,0.731288164101064,27000000,1
1296176220000,1296176279000,0.7312935119639619,0.7313416462500457,0.731256078566153,0.7313202524517511,44640000,1
1296176280000,1296176339000,0.7313202524517511,0.7313202524517511,0.7311598388523715,0.7311758770454645,61880000,1
1296176340000,1296176399000,0.7311972623974495,0.7313469948951979,0.7311972623974495,0.7312507312507313,99790000,1
1296176400000,1296176459000,0.7312507312507313,0.7313149041977476,0.7310101829718488,0.731074313703988,145700000,1
1296176460000,1296176519000,0.7310850032533283,0.731373739294517,0.7310582799660789,0.731330949194439,127510000,1
1296176520000,1296176579000,0.7313202524517511,0.731373739294517,0.7312614259597806,0.731373739294517,93190000,1
1296176580000,1296176639000,0.7314218841427735,0.7314646848850138,0.7313362976831267,0.7314646848850138,122830000,1
1296176640000,1296176699000,0.7314539842298521,0.7315556530963092,0.7314058351557529,0.7314325838587457,82500000,1
1296176700000,1296176759000,0.7314272339616293,0.7314272339616293,0.7312828163163823,0.7312988599050775,54750000,1
1296176760000,1296176819000,0.7312667734316155,0.7313790884091041,0.7312667734316155,0.7313469948951979,40880000,1
1296176820000,1296176879000,0.7313362976831267,0.7313630413000709,0.7312614259597806,0.7312774686099147,34500000,1
1296176880000,1296176939000,0.7312774686099147,0.731330949194439,0.7312293427710667,0.731330949194439,71250000,1
1296176940000,1296176999000,0.731330949194439,0.731330949194439,0.7311010381634743,0.7311438013628521,78750000,1
1296177000000,1296177059000,0.7311438013628521,0.7311651848385587,0.730988808561341,0.7310101829718488,139880000,1
1296177060000,1296177119000,0.7310155267697885,0.7310262146000556,0.7309033234174115,0.730972778573726,105000000,1
1296177120000,1296177179000,0.7309674354007529,0.7311919159421774,0.7309246928288978,0.7311919159421774,76500000,1
1296177180000,1296177239000,0.7312346897736829,0.7312614259597806,0.7311331100940237,0.731256078566153,94500000,1
1296177240000,1296177299000,0.7312400368544979,0.7314325838587457,0.7312026089309087,0.731373739294517,98440000,1
1296177300000,1296177359000,0.7313630413000709,0.7315128417079362,0.7313576924202089,0.7314807364548055,54000000,1
1296177360000,1296177419000,0.7314967887290975,0.7316412909078938,0.7314967887290975,0.7316359379572724,105300000,1
1296177420000,1296177479000,0.7316359379572724,0.7316359379572724,0.7315556530963092,0.7315824127587973,79690000,1
1296177480000,1296177539000,0.7315824127587973,0.7317162404419566,0.7314967887290975,0.7316627034936894,151540000,1
1296177540000,1296177599000,0.7316627034936894,0.7316787637555608,0.7314379338341245,0.7314860871346227,70970000,1
1296177600000,1296177659000,0.7315128417079362,0.7315342467757628,0.7314379338341245,0.7314432838877674,95540000,1
1296177660000,1296177719000,0.7314432838877674,0.7315021396437584,0.7313897868730161,0.7314860871346227,60360000,1
1296177720000,1296177779000,0.7314860871346227,0.7316573502297404,0.7314860871346227,0.7315663567263869,74010000,1
1296177780000,1296177839000,0.7315770606696856,0.7316038218983656,0.7315074906367041,0.7315503013987242,62210000,1
1296177840000,1296177899000,0.7315503013987242,0.7315503013987242,0.7314432838877674,0.7315395982384526,92980000,1
1296177900000,1296177959000,0.7315395982384526,0.7315984694960018,0.7314807364548055,0.731528895391368,107670000,1
1296177960000,1296178019000,0.731528895391368,0.7315984694960018,0.731528895391368,0.7315984694960018,51140000,1
1296178020000,1296178079000,0.7316252322910113,0.731967969081673,0.7316252322910113,0.7318608293446919,151670000,1
1296178080000,1296178139000,0.7318715419069645,0.7318929679723637,0.7317912053332943,0.7318447610892778,94900000,1
1296178140000,1296178199000,0.7318447610892778,0.7319251094228039,0.7317697852255681,0.7317965605561654,123410000,1
1296178200000,1296178259000,0.7317858501888008,0.7318501170960187,0.7317430118542367,0.7318501170960187,86010000,1
1296178260000,1296178319000,0.7318019158574157,0.7319894007934765,0.7317912053332943,0.731967969081673,81400000,1
1296178320000,1296178379000,0.731967969081673,0.7320269093091862,0.731967969081673,0.7320108337603396,90050000,1
1296178380000,1296178439000,0.7320269093091862,0.7323968419048177,0.7320269093091862,0.7323485686247226,139260000,1
1296178440000,1296178499000,0.7323003017077242,0.7324075701646453,0.7322681272974912,0.7323753863280162,146510000,1
1296178500000,1296178559000,0.7323646590110148,0.7323646590110148,0.732230594058681,0.7322359557143694,172540000,1
1296178560000,1296178619000,0.7322359557143694,0.7323271158761195,0.7322091482210978,0.7323003017077242,142390000,1
1296178620000,1296178679000,0.7322842141491955,0.7324343921893196,0.7322788517867604,0.7323753863280162,128920000,1
1296178680000,1296178739000,0.7323646590110148,0.7324343921893196,0.7323646590110148,0.7324290276272228,98090000,1
1296178740000,1296178799000,0.7324290276272228,0.732606099678386,0.7323753863280162,0.7324880421327121,151370000,1
1296178800000,1296178859000,0.7324880421327121,0.7326329362462819,0.7324880421327121,0.7326007326007326,125280000,1
1296178860000,1296178919000,0.7325685317861487,0.7326222013831908,0.7325256017697819,0.7325577988103261,72940000,1
1296178920000,1296178979000,0.7325577988103261,0.7325738983920003,0.7322681272974912,0.7323217528853476,110830000,1
1296178980000,1296179039000,0.732316389973124,0.732316389973124,0.7322145095627215,0.7322145095627215,79210000,1
1296179040000,1296179099000,0.7322145095627215,0.7322466792613095,0.7321769818200455,0.732230594058681,61030000,1
1296179100000,1296179159000,0.7322359557143694,0.732450486347123,0.7322145095627215,0.7323968419048177,135530000,1
1296179160000,1296179219000,0.7323968419048177,0.7323968419048177,0.7322681272974912,0.732316389973124,88500000,1
1296179220000,1296179279000,0.7323110271394466,0.7324290276272228,0.7322466792613095,0.7322574031223456,66450000,1
1296179280000,1296179339000,0.7322627651706539,0.7322734895028595,0.7321823426906237,0.7322359557143694,83180000,1
1296179340000,1296179399000,0.7322359557143694,0.7322788517867604,0.732048344472669,0.7320912185658333,134080000,1
1296179400000,1296179459000,0.7321072976455429,0.7321823426906237,0.7320269093091862,0.7320644216691068,132940000,1
1296179460000,1296179519000,0.7320590625251645,0.7321287375172051,0.7319894007934765,0.7319894007934765,111400000,1
1296179520000,1296179579000,0.7319894007934765,0.7322574031223456,0.7319626113498122,0.7322466792613095,92980000,1
1296179580000,1296179639000,0.7322466792613095,0.7323485686247226,0.7322252324815114,0.7323485686247226,37590000,1
1296179640000,1296179699000,0.7323485686247226,0.7324719463244558,0.7322252324815114,0.7324719463244558,134360000,1
1296179700000,1296179759000,0.7325041386483834,0.7325095043108184,0.7323217528853476,0.7324236631437089,179970000,1
1296179760000,1296179819000,0.7324987730645551,0.7326597747803852,0.732450486347123,0.7326436714239662,151070000,1
1296179820000,1296179879000,0.7326544069162576,0.7327027205252012,0.7325095043108184,0.7325846318395933,98290000,1
1296179880000,1296179939000,0.7325577988103261,0.7326275687754129,0.7325577988103261,0.7326114668346788,67500000,1
1296179940000,1296179999000,0.7326114668346788,0.7327564097866945,0.7325685317861487,0.7327349331379374,112740000,1
1296180000000,1296180059000,0.7327456713049467,0.732847699591071,0.7326919836170073,0.7326919836170073,132380000,1
1296180060000,1296180119000,0.7326919836170073,0.732777887694461,0.7326597747803852,0.7327725180994813,94960000,1
1296180120000,1296180179000,0.7327725180994813,0.7327725180994813,0.732316389973124,0.732353932008261,120280000,1
1296180180000,1296180239000,0.7323485686247226,0.7324129344124217,0.7322788517867604,0.7323432053197411,125100000,1
1296180240000,1296180299000,0.732316389973124,0.7325202358715159,0.7322627651706539,0.732482676784694,93700000,1
1296180300000,1296180359000,0.7324987730645551,0.7325363338021567,0.7323378420933144,0.7323378420933144,47650000,1
1296180360000,1296180419000,0.7323003017077242,0.7323003017077242,0.732230594058681,0.7322627651706539,36000000,1
1296180420000,1296180479000,0.7322359557143694,0.7322681272974912,0.7320804995717329,0.7321019378738295,80440000,1
1296180480000,1296180539000,0.7321019378738295,0.7322466792613095,0.7321019378738295,0.7322466792613095,101150000,1
1296180540000,1296180599000,0.7322466792613095,0.7322627651706539,0.7321555391227311,0.7321877036397051,59630000,1
1296180600000,1296180659000,0.7321930646672914,0.7321930646672914,0.7321769818200455,0.7321877036397051,28500000,1
1296180660000,1296180719000,0.7321877036397051,0.732316389973124,0.7321823426906237,0.7322520411525647,79910000,1
1296180720000,1296180779000,0.7322359557143694,0.7322681272974912,0.7322091482210978,0.7322574031223456,48780000,1
1296180780000,1296180839000,0.7322734895028595,0.7322734895028595,0.7321394579239453,0.7321394579239453,67880000,1
1296180840000,1296180899000,0.732171621027969,0.732171621027969,0.7320965781805936,0.7321126574957355,40880000,1
1296180900000,1296180959000,0.7321180174244089,0.7322466792613095,0.7321180174244089,0.7322198709828588,82900000,1
1296180960000,1296181019000,0.7322359557143694,0.7323753863280162,0.7322037869579862,0.7323378420933144,114110000,1
1296181020000,1296181079000,0.7323271158761195,0.7323592954703577,0.7321984257733846,0.7322681272974912,68640000,1
1296181080000,1296181139000,0.7322842141491955,0.7323110271394466,0.7321823426906237,0.7322466792613095,61140000,1
1296181140000,1296181199000,0.7322574031223456,0.7323700226302338,0.7322520411525647,0.7323592954703577,44630000,1
1296181200000,1296181259000,0.7323592954703577,0.7323592954703577,0.7323432053197411,0.7323432053197411,6750000,1
1296181260000,1296181319000,0.732316389973124,0.7323378420933144,0.7322681272974912,0.7322681272974912,21010000,1
1296181320000,1296181379000,0.7321930646672914,0.7322198709828588,0.7321180174244089,0.732171621027969,34510000,1
1296181380000,1296181439000,0.7321072976455429,0.7321608996793135,0.7320537034596858,0.7320590625251645,67520000,1
1296181440000,1296181499000,0.7321019378738295,0.7321608996793135,0.732048344472669,0.7320751401923894,81030000,1
1296181500000,1296181559000,0.7320751401923894,0.7321072976455429,0.7320215507144531,0.7321072976455429,28130000,1
1296181560000,1296181619000,0.7321072976455429,0.7321126574957355,0.7320590625251645,0.7320804995717329,28960000,1
1296181620000,1296181679000,0.7320804995717329,0.7320858590295469,0.7320804995717329,0.7320858590295469,12760000,1
1296181680000,1296181739000,0.7320858590295469,0.7320858590295469,0.7320537034596858,0.7320537034596858,6010000,1
1296181740000,1296181799000,0.7320697808915145,0.7321394579239453,0.7320322679823726,0.7320537034596858,65370000,1
1296181800000,1296181859000,0.7320858590295469,0.7321662603143922,0.732048344472669,0.7321501786446436,67540000,1
1296181860000,1296181919000,0.7321501786446436,0.7322574031223456,0.7320912185658333,0.7321662603143922,97800000,1
1296181920000,1296181979000,0.7321662603143922,0.7323003017077242,0.7321555391227311,0.7321555391227311,34960000,1
1296181980000,1296182039000,0.7321501786446436,0.7321501786446436,0.7320590625251645,0.7320804995717329,46500000,1
1296182040000,1296182099000,0.7321019378738295,0.7321608996793135,0.7321019378738295,0.7321555391227311,25730000,1
1296182100000,1296182159000,0.7321555391227311,0.7322091482210978,0.7321448182450488,0.7321662603143922,43510000,1
1296182160000,1296182219000,0.7322145095627215,0.7322574031223456,0.7321180174244089,0.7322574031223456,55140000,1
1296182220000,1296182279000,0.732305664384314,0.732305664384314,0.7321501786446436,0.732230594058681,49150000,1
1296182280000,1296182339000,0.7322091482210978,0.7322091482210978,0.7321019378738295,0.7321287375172051,40880000,1
1296182340000,1296182399000,0.7321340976813313,0.7321340976813313,0.7320054754009561,0.7320322679823726,39390000,1
1296182400000,1296182459000,0.7320322679823726,0.7321340976813313,0.7320322679823726,0.7321019378738295,29830000,1
1296182460000,1296182519000,0.7320751401923894,0.7320858590295469,0.7320751401923894,0.7320804995717329,13520000,1
1296182520000,1296182579000,0.7320215507144531,0.7320322679823726,0.7319465386248188,0.7319786847806992,72980000,1
1296182580000,1296182639000,0.7319786847806992,0.7320429855641124,0.7319786847806992,0.7320429855641124,27760000,1
1296182640000,1296182699000,0.7320215507144531,0.7320429855641124,0.7319786847806992,0.7320322679823726,38250000,1
1296182700000,1296182759000,0.7320322679823726,0.7320912185658333,0.7319947589175261,0.7320912185658333,22320000,1
1296182760000,1296182819000,0.7320376267340142,0.7320858590295469,0.7320269093091862,0.7320858590295469,33190000,1
1296182820000,1296182879000,0.7320858590295469,0.7320858590295469,0.7319840427478681,0.7319840427478681,31130000,1
1296182880000,1296182939000,0.7319358238669634,0.7320912185658333,0.7319358238669634,0.7320161921981714,41450000,1
1296182940000,1296182999000,0.7320161921981714,0.7320537034596858,0.7318822547828505,0.7319143952923266,80460000,1
1296183000000,1296183059000,0.7318876113384029,0.7318929679723637,0.7318394051609315,0.7318929679723637,26910000,1
1296183060000,1296183119000,0.7318929679723637,0.731967969081673,0.7318929679723637,0.7319143952923266,25690000,1
1296183120000,1296183179000,0.7319411812066782,0.7320429855641124,0.7318876113384029,0.7319036814755178,62630000,1
1296183180000,1296183239000,0.7319036814755178,0.7321769818200455,0.7318876113384029,0.7320644216691068,100230000,1
1296183240000,1296183299000,0.732048344472669,0.7321126574957355,0.7319840427478681,0.7321126574957355,101670000,1
1296183300000,1296183359000,0.7321180174244089,0.7321877036397051,0.7321180174244089,0.7321662603143922,64180000,1
1296183360000,1296183419000,0.732171621027969,0.7322252324815114,0.7321180174244089,0.7321823426906237,74650000,1
1296183420000,1296183479000,0.7321823426906237,0.7322198709828588,0.7321394579239453,0.7322198709828588,63620000,1
1296183480000,1296183539000,0.7322198709828588,0.7322627651706539,0.7321019378738295,0.7322627651706539,62290000,1
1296183540000,1296183599000,0.7322627651706539,0.732316389973124,0.7321394579239453,0.7321769818200455,101530000,1
1296183600000,1296183659000,0.7321769818200455,0.7322145095627215,0.7321019378738295,0.732171621027969,77910000,1
1296183660000,1296183719000,0.7321823426906237,0.7322788517867604,0.7321823426906237,0.732230594058681,78420000,1
1296183720000,1296183779000,0.7322145095627215,0.7322949391096758,0.7322145095627215,0.7322681272974912,61360000,1
1296183780000,1296183839000,0.7322949391096758,0.7323003017077242,0.7322413174485783,0.7323003017077242,62170000,1
1296183840000,1296183899000,0.7323003017077242,0.7323485686247226,0.7322681272974912,0.7322681272974912,30780000,1
1296183900000,1296183959000,0.7322681272974912,0.7322681272974912,0.7320322679823726,0.7320376267340142,75330000,1
1296183960000,1296184019000,0.7320108337603396,0.7320108337603396,0.7319358238669634,0.7319358238669634,67700000,1
1296184020000,1296184079000,0.7319465386248188,0.7320322679823726,0.7319090383447145,0.7319251094228039,57210000,1
1296184080000,1296184139000,0.7319251094228039,0.7319894007934765,0.7316948247225048,0.7316948247225048,138070000,1
1296184140000,1296184199000,0.7316948247225048,0.7317376574150635,0.7315824127587973,0.7316894709885124,122020000,1
1296184200000,1296184259000,0.7316894709885124,0.7317162404419566,0.7316252322910113,0.7316359379572724,75760000,1
1296184260000,1296184319000,0.7316359379572724,0.7317055324255306,0.7316091743790468,0.7317055324255306,48200000,1
1296184320000,1296184379000,0.7317055324255306,0.7317912053332943,0.7317055324255306,0.7317912053332943,22140000,1
1296184380000,1296184439000,0.7317644303945674,0.7317858501888008,0.7316627034936894,0.7316734102565978,57790000,1
1296184440000,1296184499000,0.7316734102565978,0.7317215945676988,0.7316734102565978,0.7317215945676988,18940000,1
1296184500000,1296184559000,0.7317162404419566,0.7317162404419566,0.7316680568359746,0.7316680568359746,18190000,1
1296184560000,1296184619000,0.7316680568359746,0.7317858501888008,0.7316627034936894,0.7317858501888008,63020000,1
1296184620000,1296184679000,0.7317858501888008,0.7317858501888008,0.7317215945676988,0.7317751401349393,33380000,1
1296184680000,1296184739000,0.7317858501888008,0.731823337846244,0.731780495122683,0.731780495122683,28690000,1
1296184740000,1296184799000,0.731780495122683,0.7317912053332943,0.7317483663717721,0.7317483663717721,22130000,1
1296184800000,1296184859000,0.7317697852255681,0.7317965605561654,0.7317697852255681,0.7317965605561654,18380000,1
1296184860000,1296184919000,0.7318019158574157,0.7318286935394163,0.731780495122683,0.731812626695061,18000000,1
1296184920000,1296184979000,0.731812626695061,0.7318286935394163,0.7318019158574157,0.7318286935394163,11250000,1
1296184980000,1296185039000,0.7318286935394163,0.7318394051609315,0.7318286935394163,0.7318340493109782,11450000,1
1296185040000,1296185099000,0.7318340493109782,0.7318340493109782,0.731780495122683,0.7317912053332943,42750000,1
1296185100000,1296185159000,0.7317912053332943,0.7318929679723637,0.7317751401349393,0.7318822547828505,48380000,1
1296185160000,1296185219000,0.7318822547828505,0.7318983246847348,0.7318822547828505,0.7318983246847348,33000000,1
1296185220000,1296185279000,0.7318983246847348,0.7319358238669634,0.731876898305705,0.731876898305705,34500000,1
1296185280000,1296185339000,0.731876898305705,0.7320322679823726,0.731876898305705,0.7320322679823726,46330000,1
1296185340000,1296185399000,0.7320429855641124,0.7321287375172051,0.7320376267340142,0.7320751401923894,79700000,1
1296185400000,1296185459000,0.7320590625251645,0.7320804995717329,0.7320590625251645,0.7320590625251645,18750000,1
1296185460000,1296185519000,0.7320590625251645,0.7320858590295469,0.7320590625251645,0.7320858590295469,16500000,1
1296185520000,1296185579000,0.7320751401923894,0.7321233774315647,0.7320269093091862,0.7320751401923894,54460000,1
1296185580000,1296185639000,0.7320804995717329,0.7321930646672914,0.7320697808915145,0.7321662603143922,84990000,1
1296185640000,1296185699000,0.7321662603143922,0.7322091482210978,0.7321555391227311,0.732171621027969,25890000,1
1296185700000,1296185759000,0.7321608996793135,0.7322788517867604,0.7321608996793135,0.732230594058681,98310000,1
1296185760000,1296185819000,0.732230594058681,0.7323700226302338,0.7322091482210978,0.732353932008261,88740000,1
1296185820000,1296185879000,0.7323700226302338,0.7324236631437089,0.7323003017077242,0.7323753863280162,85420000,1
1296185880000,1296185939000,0.7323700226302338,0.7324129344124217,0.7323646590110148,0.7323807501043642,59260000,1
1296185940000,1296185999000,0.7323914778927632,0.7324236631437089,0.7323378420933144,0.7323646590110148,70880000,1
1296186000000,1296186059000,0.7324075701646453,0.7324612161786034,0.7324075701646453,0.7324290276272228,51760000,1
1296186060000,1296186119000,0.7324182987387757,0.732445121549268,0.7323003017077242,0.7323914778927632,122700000,1
1296186120000,1296186179000,0.7323914778927632,0.7325148700518621,0.7323592954703577,0.7325041386483834,88520000,1
1296186180000,1296186239000,0.7325041386483834,0.7325148700518621,0.7324343921893196,0.7324558512235675,70140000,1
1296186240000,1296186299000,0.7324290276272228,0.7324612161786034,0.7323432053197411,0.7323432053197411,49700000,1
1296186300000,1296186359000,0.732353932008261,0.7325148700518621,0.7323432053197411,0.7325095043108184,95090000,1
1296186360000,1296186419000,0.7325095043108184,0.7326222013831908,0.7325095043108184,0.7326114668346788,90810000,1
1296186420000,1296186479000,0.7326222013831908,0.7326222013831908,0.7325631652589244,0.7325846318395933,46270000,1
1296186480000,1296186539000,0.7326007326007326,0.7326812470234825,0.7325470661490001,0.732589998681338,87390000,1
1296186540000,1296186599000,0.7326651427231697,0.7327295641724553,0.7326168340696132,0.7326383037957991,91600000,1
1296186600000,1296186659000,0.7326383037957991,0.732793996951577,0.7326222013831908,0.7327134577480785,68530000,1
1296186660000,1296186719000,0.7327134577480785,0.732793996951577,0.7326919836170073,0.7327671485831947,53690000,1
1296186720000,1296186779000,0.7327725180994813,0.732793996951577,0.7326651427231697,0.7327134577480785,82910000,1
1296186780000,1296186839000,0.7327134577480785,0.7327134577480785,0.7326544069162576,0.732670510744613,52500000,1
1296186840000,1296186899000,0.7326866152809121,0.7326919836170073,0.7325256017697819,0.7325577988103261,86660000,1
1296186900000,1296186959000,0.7325577988103261,0.7326329362462819,0.7325577988103261,0.732606099678386,44770000,1
1296186960000,1296187019000,0.732606099678386,0.7326651427231697,0.732552432440352,0.7326651427231697,98100000,1
1296187020000,1296187079000,0.732670510744613,0.7327027205252012,0.7325846318395933,0.7326651427231697,69000000,1
1296187080000,1296187139000,0.7327134577480785,0.7327617791455997,0.7326919836170073,0.7327027205252012,41250000,1
1296187140000,1296187199000,0.7327403021821006,0.7327564097866945,0.7324665812122322,0.7325041386483834,90390000,1
1296187200000,1296187259000,0.7324987730645551,0.732552432440352,0.732445121549268,0.7324612161786034,62890000,1
1296187260000,1296187319000,0.732450486347123,0.732606099678386,0.732450486347123,0.7326007326007326,79610000,1
1296187320000,1296187379000,0.7326007326007326,0.7327134577480785,0.7325577988103261,0.7326114668346788,68250000,1
1296187380000,1296187439000,0.7326114668346788,0.7326114668346788,0.7325041386483834,0.732589998681338,46890000,1
1296187440000,1296187499000,0.7325953656017171,0.7326758788447167,0.732589998681338,0.7326329362462819,24050000,1
1296187500000,1296187559000,0.7326436714239662,0.7326490391307852,0.7325631652589244,0.732606099678386,48730000,1
1296187560000,1296187619000,0.7326007326007326,0.7326275687754129,0.7325470661490001,0.7326275687754129,47610000,1
1296187620000,1296187679000,0.7326168340696132,0.7326275687754129,0.7325256017697819,0.7325256017697819,50490000,1
1296187680000,1296187739000,0.7325256017697819,0.7326222013831908,0.7325148700518621,0.7326168340696132,50770000,1
1296187740000,1296187799000,0.7326168340696132,0.732670510744613,0.7325631652589244,0.7326168340696132,34530000,1
1296187800000,1296187859000,0.7326168340696132,0.7326490391307852,0.7326114668346788,0.7326222013831908,21000000,1
1296187860000,1296187919000,0.7326007326007326,0.7326758788447167,0.7325846318395933,0.7326383037957991,31710000,1
1296187920000,1296187979000,0.7326436714239662,0.7328047368498191,0.7326329362462819,0.7327617791455997,96400000,1
1296187980000,1296188039000,0.7327617791455997,0.7328047368498191,0.7326490391307852,0.7326758788447167,49560000,1
1296188040000,1296188099000,0.7326812470234825,0.7327295641724553,0.732670510744613,0.7327241952856525,32680000,1
1296188100000,1296188159000,0.7327295641724553,0.7327295641724553,0.7326758788447167,0.7327027205252012,60420000,1
1296188160000,1296188219000,0.7326758788447167,0.7326866152809121,0.7326490391307852,0.7326758788447167,28520000,1
1296188220000,1296188279000,0.7326758788447167,0.7328960386969109,0.7326758788447167,0.7327617791455997,83120000,1
1296188280000,1296188339000,0.7327617791455997,0.7328638119178313,0.7327617791455997,0.7328315879727679,71810000,1
1296188340000,1296188399000,0.7328047368498191,0.7328369584334877,0.7326973520317698,0.7327510405064775,78390000,1
1296188400000,1296188459000,0.7327617791455997,0.7328369584334877,0.7327617791455997,0.7328047368498191,15270000,1
1296188460000,1296188519000,0.7327564097866945,0.7327564097866945,0.7327349331379374,0.7327403021821006,7500000,1
1296188520000,1296188579000,0.7327403021821006,0.7327886271205072,0.7327295641724553,0.7327403021821006,29270000,1
1296188580000,1296188639000,0.7327295641724553,0.7328852961223039,0.7326973520317698,0.7328154770628755,81420000,1
1296188640000,1296188699000,0.7328369584334877,0.732901410102313,0.7328369584334877,0.7328745538626154,40660000,1
1296188700000,1296188759000,0.7328691828508611,0.7328852961223039,0.7327832573681357,0.7328315879727679,47260000,1
1296188760000,1296188819000,0.7328315879727679,0.732847699591071,0.732793996951577,0.7328315879727679,43280000,1
1296188820000,1296188879000,0.7328315879727679,0.7328799249530957,0.7327886271205072,0.7328584410635242,101850000,1
1296188880000,1296188939000,0.7328691828508611,0.7329443841801284,0.7328315879727679,0.7328906673702417,40520000,1
1296188940000,1296188999000,0.7328906673702417,0.7329282683103805,0.7328208472874637,0.7328852961223039,101110000,1
1296189000000,1296189059000,0.7329175247909353,0.7329175247909353,0.7328262175907606,0.7328369584334877,53070000,1
1296189060000,1296189119000,0.7328369584334877,0.7329175247909353,0.7328262175907606,0.7328369584334877,44480000,1
1296189120000,1296189179000,0.7328208472874637,0.73290678158645,0.7328101069169946,0.7328799249530957,48280000,1
1296189180000,1296189239000,0.7328799249530957,0.7328906673702417,0.7328369584334877,0.7328906673702417,36670000,1
1296189240000,1296189299000,0.7328745538626154,0.7328906673702417,0.7328315879727679,0.7328315879727679,53750000,1
1296189300000,1296189359000,0.7328315879727679,0.7328369584334877,0.7328315879727679,0.7328369584334877,59640000,1
1296189360000,1296189419000,0.7328369584334877,0.7328369584334877,0.7328369584334877,0.7328369584334877,17820000,1
1296189420000,1296189479000,0.7328369584334877,0.7328369584334877,0.7328369584334877,0.7328369584334877,37390000,1
1296189480000,1296189539000,0.7327295641724553,0.7328369584334877,0.7327295641724553,0.7328315879727679,19280000,1
1296189540000,1296189599000,0.7328315879727679,0.7328369584334877,0.7328315879727679,0.7328369584334877,18000000,1
1296189600000,1296189659000,0.7328369584334877,0.7328369584334877,0.7328369584334877,0.7328369584334877,4800000,1
1296189660000,1296189719000,0.7328369584334877,0.7328369584334877,0.7328315879727679,0.7328315879727679,6840000,1
1296189720000,1296189779000,0.7326812470234825,0.7327832573681357,0.7326812470234825,0.732777887694461,6750000,1
1296189780000,1296189839000,0.732777887694461,0.732777887694461,0.732777887694461,0.732777887694461,12000000,1
1296189840000,1296189899000,0.732777887694461,0.7327832573681357,0.732777887694461,0.7327832573681357,10500000,1
1296189900000,1296189959000,0.7327832573681357,0.7327832573681357,0.732777887694461,0.732777887694461,9000000,1
1296189960000,1296190019000,0.7327080890973037,0.732777887694461,0.7327080890973037,0.732777887694461,13500000,1
1296190020000,1296190079000,0.732777887694461,0.7327832573681357,0.732777887694461,0.732777887694461,10650000,1
1296190080000,1296190139000,0.732777887694461,0.7328852961223039,0.732777887694461,0.7328584410635242,38850000,1
1296190140000,1296190199000,0.7328691828508611,0.732901410102313,0.732847699591071,0.7328852961223039,43450000,1
1296190200000,1296190259000,0.7329121531493236,0.7329121531493236,0.7327993668613471,0.7328154770628755,31280000,1
1296190260000,1296190319000,0.7328101069169946,0.7328101069169946,0.7327510405064775,0.7327510405064775,34500000,1
1296190320000,1296190379000,0.7327832573681357,0.7327832573681357,0.732777887694461,0.732777887694461,8400000,1
1296190380000,1296190439000,0.732777887694461,0.7327832573681357,0.7327241952856525,0.7327241952856525,25220000,1
1296190440000,1296190499000,0.7327241952856525,0.7327886271205072,0.7327241952856525,0.7327886271205072,17780000,1
1296190500000,1296190559000,0.7328047368498191,0.7328638119178313,0.7327886271205072,0.7327886271205072,54610000,1
1296190560000,1296190619000,0.732777887694461,0.7327993668613471,0.7327671485831947,0.7327671485831947,17650000,1
1296190620000,1296190679000,0.732777887694461,0.7327993668613471,0.7327671485831947,0.7327671485831947,8190000,1
1296190680000,1296190739000,0.7327671485831947,0.7328369584334877,0.7327671485831947,0.7328315879727679,17900000,1
1296190740000,1296190799000,0.7327617791455997,0.7327617791455997,0.7326329362462819,0.7326329362462819,22500000,1
1296190800000,1296190859000,0.7326436714239662,0.7326490391307852,0.7326275687754129,0.7326275687754129,12760000,1
1296190860000,1296190919000,0.7326275687754129,0.7326275687754129,0.7326168340696132,0.7326168340696132,10500000,1
1296190920000,1296190979000,0.7326222013831908,0.7326758788447167,0.7326168340696132,0.7326758788447167,9000000,1
1296190980000,1296191039000,0.7326758788447167,0.7327241952856525,0.7326168340696132,0.7326329362462819,85600000,1
1296191040000,1296191099000,0.732670510744613,0.7327403021821006,0.732670510744613,0.7326758788447167,26820000,1
1296191100000,1296191159000,0.7326758788447167,0.7327295641724553,0.7325577988103261,0.7326007326007326,68310000,1
1296191160000,1296191219000,0.732606099678386,0.7326758788447167,0.7326007326007326,0.7326758788447167,41740000,1
1296191220000,1296191279000,0.7326758788447167,0.7326758788447167,0.7326758788447167,0.7326758788447167,3760000,1
1296191280000,1296191339000,0.7326758788447167,0.7327349331379374,0.732670510744613,0.732670510744613,47640000,1
1296191340000,1296191399000,0.7327403021821006,0.7327403021821006,0.732670510744613,0.7327134577480785,41010000,1
1296191400000,1296191459000,0.7327134577480785,0.7327403021821006,0.7325846318395933,0.7326275687754129,68360000,1
1296191460000,1296191519000,0.7326114668346788,0.7326114668346788,0.7325309677466615,0.7325685317861487,40660000,1
1296191520000,1296191579000,0.7325631652589244,0.7325685317861487,0.7324290276272228,0.7324773115152758,70750000,1
1296191580000,1296191639000,0.7324773115152758,0.7324773115152758,0.7324075701646453,0.7324343921893196,34740000,1
1296191640000,1296191699000,0.7324290276272228,0.7324290276272228,0.7323861139592793,0.7323914778927632,35440000,1
1296191700000,1296191759000,0.7324182987387757,0.7324773115152758,0.7323324789454413,0.7323324789454413,57270000,1
1296191760000,1296191819000,0.7323378420933144,0.7323592954703577,0.7322788517867604,0.732316389973124,76440000,1
1296191820000,1296191879000,0.7323003017077242,0.732353932008261,0.7323003017077242,0.732316389973124,59290000,1
1296191880000,1296191939000,0.7323324789454413,0.732445121549268,0.732305664384314,0.7323968419048177,59550000,1
1296191940000,1296191999000,0.7323968419048177,0.7324022059954445,0.7323271158761195,0.7323914778927632,60070000,1
1296192000000,1296192059000,0.7323914778927632,0.7324022059954445,0.7323324789454413,0.7323324789454413,25110000,1
1296192060000,1296192119000,0.7323646590110148,0.7323753863280162,0.732305664384314,0.7323378420933144,55770000,1
1296192120000,1296192179000,0.7324022059954445,0.7324075701646453,0.7324022059954445,0.7324075701646453,12030000,1
1296192180000,1296192239000,0.7324022059954445,0.732445121549268,0.7324022059954445,0.7324129344124217,23670000,1
1296192240000,1296192299000,0.7324236631437089,0.7324290276272228,0.7324022059954445,0.7324022059954445,57640000,1
1296192300000,1296192359000,0.7324022059954445,0.7324022059954445,0.7321823426906237,0.7322949391096758,41770000,1
1296192360000,1296192419000,0.7322949391096758,0.7323485686247226,0.7322949391096758,0.732316389973124,89970000,1
1296192420000,1296192479000,0.7323217528853476,0.7323324789454413,0.7322949391096758,0.7323003017077242,59820000,1
1296192480000,1296192539000,0.7323110271394466,0.7323217528853476,0.7322949391096758,0.7322949391096758,42580000,1
1296192540000,1296192599000,0.7322949391096758,0.7323003017077242,0.7321877036397051,0.7321877036397051,26320000,1
1296192600000,1296192659000,0.7321877036397051,0.7322466792613095,0.7320804995717329,0.7322413174485783,48010000,1
1296192660000,1296192719000,0.7322413174485783,0.7322466792613095,0.7322413174485783,0.7322466792613095,11400000,1
1296192720000,1296192779000,0.7322466792613095,0.7322466792613095,0.7322466792613095,0.7322466792613095,7980000,1
1296192780000,1296192839000,0.7322466792613095,0.7322466792613095,0.7322413174485783,0.7322413174485783,10260000,1
1296192840000,1296192899000,0.7322413174485783,0.7322466792613095,0.7321394579239453,0.7322466792613095,22680000,1
1296192900000,1296192959000,0.7322466792613095,0.7322466792613095,0.7322413174485783,0.7322413174485783,18300000,1
1296192960000,1296193019000,0.7322413174485783,0.7322466792613095,0.7322413174485783,0.7322413174485783,8400000,1
1296193020000,1296193079000,0.7322466792613095,0.7323003017077242,0.7321769818200455,0.7323003017077242,33510000,1
1296193080000,1296193139000,0.7322949391096758,0.7323003017077242,0.7322949391096758,0.7323003017077242,34200000,1
1296193140000,1296193199000,0.7323003017077242,0.7323003017077242,0.7322949391096758,0.7322949391096758,21660000,1
1296193200000,1296193259000,0.7322949391096758,0.7323003017077242,0.7322949391096758,0.7322949391096758,33060000,1
1296193260000,1296193319000,0.7322949391096758,0.7323003017077242,0.7321072976455429,0.7321072976455429,38820000,1
1296193320000,1296193379000,0.7321019378738295,0.7321394579239453,0.7320804995717329,0.7320804995717329,64490000,1
1296193380000,1296193439000,0.7320751401923894,0.7321877036397051,0.7320590625251645,0.7321823426906237,58140000,1
1296193440000,1296193499000,0.7321823426906237,0.7322359557143694,0.7321287375172051,0.7321930646672914,92220000,1
1296193500000,1296193559000,0.7321984257733846,0.7322359557143694,0.7321287375172051,0.732230594058681,29030000,1
1296193560000,1296193619000,0.7322359557143694,0.7322359557143694,0.7321501786446436,0.732230594058681,45350000,1
1296193620000,1296193679000,0.7322359557143694,0.7322359557143694,0.7321930646672914,0.732230594058681,33000000,1
1296193680000,1296193739000,0.732230594058681,0.7322574031223456,0.732171621027969,0.7322413174485783,60110000,1
1296193740000,1296193799000,0.7322413174485783,0.7322574031223456,0.7321448182450488,0.7322198709828588,61420000,1
1296193800000,1296193859000,0.7321984257733846,0.7321984257733846,0.7320912185658333,0.7321394579239453,120680000,1
1296193860000,1296193919000,0.7321394579239453,0.7321394579239453,0.7320429855641124,0.7320858590295469,93360000,1
1296193920000,1296193979000,0.7320858590295469,0.7321394579239453,0.7320804995717329,0.7320965781805936,59870000,1
1296193980000,1296194039000,0.7320912185658333,0.7321394579239453,0.7320858590295469,0.7320965781805936,28130000,1
1296194040000,1296194099000,0.7321287375172051,0.7322037869579862,0.7321126574957355,0.7321930646672914,91130000,1
1296194100000,1296194159000,0.7322198709828588,0.732305664384314,0.7321608996793135,0.7322627651706539,145600000,1
1296194160000,1296194219000,0.7322627651706539,0.7322949391096758,0.7321930646672914,0.7322734895028595,58620000,1
1296194220000,1296194279000,0.7322734895028595,0.7323324789454413,0.7322198709828588,0.7322842141491955,92730000,1
1296194280000,1296194339000,0.7322842141491955,0.7323003017077242,0.7322574031223456,0.7323003017077242,41670000,1
1296194340000,1296194399000,0.732316389973124,0.7324022059954445,0.7322574031223456,0.7323217528853476,96760000,1
1296194400000,1296194459000,0.732305664384314,0.732316389973124,0.7321984257733846,0.7322520411525647,99030000,1
1296194460000,1296194519000,0.7322574031223456,0.7323110271394466,0.7321233774315647,0.7321555391227311,87800000,1
1296194520000,1296194579000,0.7321394579239453,0.7321448182450488,0.7320269093091862,0.7321180174244089,65270000,1
1296194580000,1296194639000,0.7321501786446436,0.7322198709828588,0.7321287375172051,0.7321662603143922,55530000,1
1296194640000,1296194699000,0.7321501786446436,0.7322145095627215,0.7321340976813313,0.7321340976813313,39380000,1
1296194700000,1296194759000,0.7321662603143922,0.7322198709828588,0.7320912185658333,0.7320965781805936,50350000,1
1296194760000,1296194819000,0.7321072976455429,0.7321233774315647,0.7320376267340142,0.7320376267340142,31330000,1
1296194820000,1296194879000,0.7320322679823726,0.7321555391227311,0.7320322679823726,0.7320965781805936,45790000,1
1296194880000,1296194939000,0.7320912185658333,0.7321019378738295,0.732048344472669,0.7320537034596858,32230000,1
1296194940000,1296194999000,0.7320537034596858,0.7320697808915145,0.7320322679823726,0.7320322679823726,19050000,1
1296195000000,1296195059000,0.732048344472669,0.7320965781805936,0.732048344472669,0.7320858590295469,13580000,1
1296195060000,1296195119000,0.7320804995717329,0.7321072976455429,0.7320804995717329,0.7321072976455429,17630000,1
1296195120000,1296195179000,0.7321180174244089,0.7321233774315647,0.7320697808915145,0.7320697808915145,25140000,1
1296195180000,1296195239000,0.7320751401923894,0.7321233774315647,0.7320751401923894,0.7321019378738295,44280000,1
1296195240000,1296195299000,0.7321072976455429,0.7322198709828588,0.7321072976455429,0.7322145095627215,26640000,1
1296195300000,1296195359000,0.7322198709828588,0.7322198709828588,0.7321501786446436,0.732171621027969,41090000,1
1296195360000,1296195419000,0.7321769818200455,0.7322037869579862,0.7321662603143922,0.7321662603143922,22520000,1
1296195420000,1296195479000,0.7321984257733846,0.7322145095627215,0.7321126574957355,0.7321448182450488,75220000,1
1296195480000,1296195539000,0.7321287375172051,0.7321394579239453,0.7320429855641124,0.7320429855641124,27760000,1
1296195540000,1296195599000,0.732048344472669,0.7320858590295469,0.7320215507144531,0.7320269093091862,25320000,1
1296195600000,1296195659000,0.7320376267340142,0.7320537034596858,0.7320322679823726,0.7320322679823726,15940000,1
1296195660000,1296195719000,0.7320376267340142,0.7320537034596858,0.7320376267340142,0.7320537034596858,4130000,1
1296195720000,1296195779000,0.7320215507144531,0.7321501786446436,0.7320215507144531,0.7321501786446436,22470000,1
1296195780000,1296195839000,0.7321501786446436,0.7322520411525647,0.7320858590295469,0.7322359557143694,58180000,1
1296195840000,1296195899000,0.7322359557143694,0.7322574031223456,0.732171621027969,0.7322413174485783,56100000,1
1296195900000,1296195959000,0.7322252324815114,0.7322252324815114,0.7320697808915145,0.7321448182450488,44910000,1
1296195960000,1296196019000,0.7321287375172051,0.7321823426906237,0.7321287375172051,0.7321608996793135,23830000,1
1296196020000,1296196079000,0.7321501786446436,0.7321823426906237,0.7321233774315647,0.7321555391227311,21340000,1
1296196080000,1296196139000,0.7321662603143922,0.7321662603143922,0.7321019378738295,0.7321287375172051,43690000,1
1296196140000,1296196199000,0.7321126574957355,0.7321126574957355,0.7320697808915145,0.7320965781805936,32820000,1
1296196200000,1296196259000,0.7321126574957355,0.7322037869579862,0.7321072976455429,0.7322037869579862,29900000,1
1296196260000,1296196319000,0.7321984257733846,0.7322145095627215,0.7321233774315647,0.7321340976813313,37510000,1
1296196320000,1296196379000,0.7321501786446436,0.7321501786446436,0.7320644216691068,0.7320644216691068,54750000,1
1296196380000,1296196439000,0.7320697808915145,0.7320751401923894,0.7320322679823726,0.7320322679823726,32070000,1
1296196440000,1296196499000,0.7320269093091862,0.732048344472669,0.7319947589175261,0.7319947589175261,17260000,1
1296196500000,1296196559000,0.7319840427478681,0.7319840427478681,0.731780495122683,0.7318340493109782,91500000,1
1296196560000,1296196619000,0.731823337846244,0.7319518961213869,0.7317912053332943,0.731823337846244,97970000,1
1296196620000,1296196679000,0.731823337846244,0.7318929679723637,0.731807271237047,0.7318394051609315,76990000,1
1296196680000,1296196739000,0.731823337846244,0.7319518961213869,0.731823337846244,0.7319518961213869,72120000,1
1296196740000,1296196799000,0.7319572536963841,0.7320322679823726,0.7318983246847348,0.7320322679823726,70980000,1
1296196800000,1296196859000,0.7320269093091862,0.7321072976455429,0.731973326891968,0.7319947589175261,103630000,1
1296196860000,1296196919000,0.731973326891968,0.7320322679823726,0.731967969081673,0.7320269093091862,29680000,1
1296196920000,1296196979000,0.7320269093091862,0.7320590625251645,0.7320001171200188,0.7320161921981714,40920000,1
1296196980000,1296197039000,0.7319947589175261,0.7320537034596858,0.731967969081673,0.7320537034596858,51910000,1
1296197040000,1296197099000,0.7320376267340142,0.7320697808915145,0.7319465386248188,0.7320697808915145,63680000,1
1296197100000,1296197159000,0.7320697808915145,0.7321287375172051,0.7320697808915145,0.7321233774315647,37510000,1
1296197160000,1296197219000,0.7321233774315647,0.7321877036397051,0.7321072976455429,0.7321877036397051,22910000,1
1296197220000,1296197279000,0.7321608996793135,0.7321930646672914,0.7321608996793135,0.7321930646672914,25660000,1
1296197280000,1296197339000,0.7321984257733846,0.7322466792613095,0.7321072976455429,0.7321180174244089,51380000,1
1296197340000,1296197399000,0.7321072976455429,0.7321501786446436,0.7320590625251645,0.7321233774315647,35710000,1
1296197400000,1296197459000,0.7321233774315647,0.7321233774315647,0.7319411812066782,0.7319572536963841,51000000,1
1296197460000,1296197519000,0.7319518961213869,0.7319518961213869,0.7318394051609315,0.7319197523183557,67880000,1
1296197520000,1296197579000,0.7319251094228039,0.7319572536963841,0.7319036814755178,0.7319572536963841,37810000,1
1296197580000,1296197639000,0.7319518961213869,0.7320269093091862,0.7319465386248188,0.7320001171200188,29630000,1
1296197640000,1296197699000,0.7319947589175261,0.7319947589175261,0.731812626695061,0.731812626695061,31130000,1
1296197700000,1296197759000,0.731823337846244,0.7318447610892778,0.7318019158574157,0.731812626695061,30410000,1
1296197760000,1296197819000,0.731812626695061,0.7318340493109782,0.7317430118542367,0.7317965605561654,61230000,1
1296197820000,1296197879000,0.7318447610892778,0.7320322679823726,0.7318019158574157,0.7319036814755178,107320000,1
1296197880000,1296197939000,0.7319090383447145,0.7320751401923894,0.7318929679723637,0.7320644216691068,119330000,1
1296197940000,1296197999000,0.7320590625251645,0.7322681272974912,0.7320108337603396,0.7322681272974912,129340000,1
1296198000000,1296198059000,0.732305664384314,0.7325416999362688,0.7322949391096758,0.7325416999362688,115930000,1
1296198060000,1296198119000,0.7325416999362688,0.732552432440352,0.7323271158761195,0.7323324789454413,43150000,1
1296198120000,1296198179000,0.7323324789454413,0.7323646590110148,0.7323271158761195,0.732353932008261,23650000,1
1296198180000,1296198239000,0.7323324789454413,0.7324665812122322,0.7323324789454413,0.7324665812122322,34940000,1
1296198240000,1296198299000,0.7324773115152758,0.7324773115152758,0.732316389973124,0.732316389973124,76210000,1
1296198300000,1296198359000,0.732305664384314,0.732305664384314,0.7322037869579862,0.7322037869579862,29640000,1
1296198360000,1296198419000,0.7322198709828588,0.7322252324815114,0.7321180174244089,0.7321394579239453,34900000,1
1296198420000,1296198479000,0.7321180174244089,0.7321877036397051,0.7321126574957355,0.7321501786446436,37910000,1
1296198480000,1296198539000,0.7321501786446436,0.7322949391096758,0.7321448182450488,0.7322895765901668,42420000,1
1296198540000,1296198599000,0.7322574031223456,0.7324022059954445,0.7322091482210978,0.7322413174485783,106770000,1
1296198600000,1296198659000,0.7322466792613095,0.7323217528853476,0.7321501786446436,0.7322145095627215,132320000,1
1296198660000,1296198719000,0.7322359557143694,0.7322734895028595,0.7320376267340142,0.7321823426906237,111090000,1
1296198720000,1296198779000,0.7321823426906237,0.7323646590110148,0.7321769818200455,0.7321984257733846,79900000,1
1296198780000,1296198839000,0.7321769818200455,0.7321769818200455,0.7320912185658333,0.7321180174244089,65630000,1
1296198840000,1296198899000,0.7321394579239453,0.7322574031223456,0.7320054754009561,0.7322413174485783,124490000,1
1296198900000,1296198959000,0.7322413174485783,0.7323003017077242,0.7321340976813313,0.732230594058681,71650000,1
1296198960000,1296199019000,0.732230594058681,0.732230594058681,0.7320590625251645,0.7321072976455429,45440000,1
1296199020000,1296199079000,0.7321233774315647,0.7322788517867604,0.7321233774315647,0.7322734895028595,95300000,1
1296199080000,1296199139000,0.7322734895028595,0.7322788517867604,0.7321555391227311,0.7322359557143694,77710000,1
1296199140000,1296199199000,0.7322359557143694,0.732450486347123,0.7322359557143694,0.7323271158761195,109480000,1
1296199200000,1296199259000,0.7323271158761195,0.7323914778927632,0.7322466792613095,0.732305664384314,103280000,1
1296199260000,1296199319000,0.732305664384314,0.7323753863280162,0.7322252324815114,0.7322252324815114,97400000,1
1296199320000,1296199379000,0.732230594058681,0.7323271158761195,0.732230594058681,0.732305664384314,65440000,1
1296199380000,1296199439000,0.732316389973124,0.7324022059954445,0.7322949391096758,0.7323324789454413,85830000,1
1296199440000,1296199499000,0.732305664384314,0.7323646590110148,0.7322842141491955,0.7323217528853476,35440000,1
1296199500000,1296199559000,0.732316389973124,0.7323324789454413,0.7322574031223456,0.7323110271394466,24530000,1
1296199560000,1296199619000,0.7322895765901668,0.7323968419048177,0.7322466792613095,0.7323700226302338,57020000,1
1296199620000,1296199679000,0.7323807501043642,0.7324290276272228,0.7323700226302338,0.7324182987387757,35120000,1
1296199680000,1296199739000,0.7324290276272228,0.7325685317861487,0.7322949391096758,0.7325256017697819,62350000,1
1296199740000,1296199799000,0.7325256017697819,0.7329121531493236,0.7325041386483834,0.7328369584334877,74650000,1
1296199800000,1296199859000,0.7328369584334877,0.732847699591071,0.7326490391307852,0.7327993668613471,163030000,1
1296199860000,1296199919000,0.7327993668613471,0.7328208472874637,0.7324773115152758,0.7325738983920003,129430000,1
1296199920000,1296199979000,0.7325148700518621,0.7326007326007326,0.7324290276272228,0.7324665812122322,94790000,1
1296199980000,1296200039000,0.7324665812122322,0.7327617791455997,0.7324665812122322,0.7325953656017171,100010000,1
1296200040000,1296200099000,0.7326222013831908,0.7326222013831908,0.7324773115152758,0.732552432440352,75070000,1
1296200100000,1296200159000,0.732552432440352,0.7325846318395933,0.7323914778927632,0.7323914778927632,90400000,1
1296200160000,1296200219000,0.7324022059954445,0.7324022059954445,0.7321662603143922,0.7322198709828588,78410000,1
1296200220000,1296200279000,0.7322413174485783,0.7322413174485783,0.7320590625251645,0.7320590625251645,75830000,1
1296200280000,1296200339000,0.7320590625251645,0.7321448182450488,0.7319786847806992,0.7320161921981714,82860000,1
1296200340000,1296200399000,0.7320161921981714,0.7320697808915145,0.7319840427478681,0.7320376267340142,62280000,1
1296200400000,1296200459000,0.7320590625251645,0.7322681272974912,0.7320537034596858,0.7321180174244089,87430000,1
1296200460000,1296200519000,0.7321019378738295,0.7322895765901668,0.7320001171200188,0.7321501786446436,94980000,1
1296200520000,1296200579000,0.7321769818200455,0.7321877036397051,0.7319894007934765,0.7319894007934765,71220000,1
1296200580000,1296200639000,0.7319465386248188,0.7322359557143694,0.7319465386248188,0.7322359557143694,71130000,1
1296200640000,1296200699000,0.7322359557143694,0.7325041386483834,0.7322359557143694,0.7322574031223456,113520000,1
1296200700000,1296200759000,0.7322520411525647,0.7322520411525647,0.7319786847806992,0.7321019378738295,71310000,1
1296200760000,1296200819000,0.7321180174244089,0.7321340976813313,0.7320429855641124,0.7320697808915145,57330000,1
1296200820000,1296200879000,0.7320644216691068,0.7320644216691068,0.7319304666056725,0.731973326891968,42860000,1
1296200880000,1296200939000,0.7319840427478681,0.7322520411525647,0.7319572536963841,0.7320751401923894,111920000,1
1296200940000,1296200999000,0.7320590625251645,0.7321340976813313,0.7319840427478681,0.7319947589175261,95520000,1
1296201000000,1296201059000,0.7320054754009561,0.7320537034596858,0.7319143952923266,0.7319840427478681,72570000,1
1296201060000,1296201119000,0.7319947589175261,0.7320912185658333,0.731973326891968,0.7320912185658333,66790000,1
1296201120000,1296201179000,0.7320912185658333,0.7321662603143922,0.731967969081673,0.7320108337603396,68800000,1
1296201180000,1296201239000,0.732048344472669,0.7321930646672914,0.732048344472669,0.7321394579239453,77890000,1
1296201240000,1296201299000,0.7321180174244089,0.7321180174244089,0.7319411812066782,0.7319840427478681,68470000,1
1296201300000,1296201359000,0.731973326891968,0.7322466792613095,0.731973326891968,0.7322466792613095,82580000,1
1296201360000,1296201419000,0.7322895765901668,0.7323807501043642,0.7321823426906237,0.7322466792613095,126830000,1
1296201420000,1296201479000,0.7322520411525647,0.7323646590110148,0.7322520411525647,0.7322788517867604,120810000,1
1296201480000,1296201539000,0.7322466792613095,0.7322466792613095,0.7320054754009561,0.7321608996793135,67920000,1
1296201540000,1296201599000,0.7321608996793135,0.7322252324815114,0.7320108337603396,0.7320590625251645,99140000,1
1296201600000,1296201659000,0.7320376267340142,0.7320804995717329,0.7318715419069645,0.732048344472669,95240000,1
1296201660000,1296201719000,0.732048344472669,0.7323432053197411,0.732048344472669,0.7322574031223456,98250000,1
1296201720000,1296201779000,0.7322466792613095,0.7322895765901668,0.7321555391227311,0.7322627651706539,67250000,1
1296201780000,1296201839000,0.7322359557143694,0.7322895765901668,0.7322145095627215,0.7322574031223456,41650000,1
1296201840000,1296201899000,0.7322574031223456,0.732316389973124,0.7322091482210978,0.7322842141491955,75790000,1
1296201900000,1296201959000,0.7323003017077242,0.7326275687754129,0.7322895765901668,0.7325309677466615,117110000,1
1296201960000,1296202019000,0.7325416999362688,0.7327403021821006,0.7325095043108184,0.732606099678386,108270000,1
1296202020000,1296202079000,0.7325738983920003,0.7327027205252012,0.732316389973124,0.732316389973124,142020000,1
1296202080000,1296202139000,0.732305664384314,0.7323914778927632,0.7322359557143694,0.7322520411525647,94950000,1
1296202140000,1296202199000,0.7322413174485783,0.7322949391096758,0.7321608996793135,0.7321823426906237,76570000,1
1296202200000,1296202259000,0.7321877036397051,0.7322788517867604,0.7319894007934765,0.7320751401923894,95660000,1
1296202260000,1296202319000,0.7321072976455429,0.7321608996793135,0.7319947589175261,0.7320376267340142,72100000,1
1296202320000,1296202379000,0.7319894007934765,0.7321287375172051,0.7319894007934765,0.7320965781805936,54210000,1
1296202380000,1296202439000,0.7321072976455429,0.7323753863280162,0.7321072976455429,0.7323485686247226,87120000,1
1296202440000,1296202499000,0.732353932008261,0.7327403021821006,0.732353932008261,0.7325792650764813,150770000,1
1296202500000,1296202559000,0.7325792650764813,0.7326275687754129,0.7324022059954445,0.7326007326007326,94130000,1
1296202560000,1296202619000,0.7326383037957991,0.7326383037957991,0.7323914778927632,0.7324343921893196,97010000,1
1296202620000,1296202679000,0.7324343921893196,0.7324343921893196,0.7323485686247226,0.7323700226302338,52160000,1
1296202680000,1296202739000,0.7323700226302338,0.7324129344124217,0.7323217528853476,0.7323432053197411,62290000,1
1296202740000,1296202799000,0.732353932008261,0.7324987730645551,0.7323003017077242,0.7324987730645551,76100000,1
1296202800000,1296202859000,0.7325685317861487,0.7327617791455997,0.7325309677466615,0.7327241952856525,137280000,1
1296202860000,1296202919000,0.7327134577480785,0.7328047368498191,0.7326007326007326,0.7326007326007326,91620000,1
1296202920000,1296202979000,0.7326383037957991,0.7326383037957991,0.732316389973124,0.7324665812122322,154210000,1
1296202980000,1296203039000,0.7324665812122322,0.7326329362462819,0.7323110271394466,0.732482676784694,144470000,1
1296203040000,1296203099000,0.732482676784694,0.7327349331379374,0.7324665812122322,0.7327080890973037,101360000,1
1296203100000,1296203159000,0.7326597747803852,0.7327134577480785,0.7326168340696132,0.7326866152809121,75720000,1
1296203160000,1296203219000,0.7327134577480785,0.7328208472874637,0.7326168340696132,0.7327027205252012,124110000,1
1296203220000,1296203279000,0.7327134577480785,0.7327241952856525,0.7325363338021567,0.7326490391307852,74240000,1
1296203280000,1296203339000,0.7326490391307852,0.7326490391307852,0.7323432053197411,0.7325148700518621,134550000,1
1296203340000,1296203399000,0.7325363338021567,0.7329282683103805,0.7325363338021567,0.7327886271205072,101520000,1
1296203400000,1296203459000,0.7328047368498191,0.7328745538626154,0.7326973520317698,0.7327671485831947,107850000,1
1296203460000,1296203519000,0.7327725180994813,0.732777887694461,0.7326114668346788,0.7326436714239662,39330000,1
1296203520000,1296203579000,0.7326275687754129,0.7329605007586141,0.7326275687754129,0.7328745538626154,102820000,1
1296203580000,1296203639000,0.7328799249530957,0.7329282683103805,0.732670510744613,0.7327349331379374,119960000,1
1296203640000,1296203699000,0.7327403021821006,0.7327993668613471,0.7325846318395933,0.732606099678386,69040000,1
1296203700000,1296203759000,0.732606099678386,0.7327510405064775,0.7324773115152758,0.7327188264775275,119330000,1
1296203760000,1296203819000,0.7327188264775275,0.7327241952856525,0.7324987730645551,0.7324987730645551,75970000,1
1296203820000,1296203879000,0.7325148700518621,0.7325846318395933,0.7324773115152758,0.7325738983920003,71460000,1
1296203880000,1296203939000,0.7325685317861487,0.7326544069162576,0.7325685317861487,0.7326383037957991,46150000,1
1296203940000,1296203999000,0.7326436714239662,0.7327349331379374,0.7326436714239662,0.7326973520317698,60870000,1
1296204000000,1296204059000,0.7326812470234825,0.7327188264775275,0.7326651427231697,0.7327134577480785,49460000,1
1296204060000,1296204119000,0.7327241952856525,0.7327993668613471,0.7326919836170073,0.7327832573681357,64310000,1
1296204120000,1296204179000,0.7327832573681357,0.7329121531493236,0.7327510405064775,0.732853070287938,81790000,1
1296204180000,1296204239000,0.7328638119178313,0.7329282683103805,0.7327617791455997,0.7327725180994813,78050000,1
1296204240000,1296204299000,0.7327564097866945,0.732777887694461,0.7324665812122322,0.7325041386483834,113690000,1
1296204300000,1296204359000,0.7324880421327121,0.7325095043108184,0.7320215507144531,0.7320912185658333,146390000,1
1296204360000,1296204419000,0.7320912185658333,0.7322466792613095,0.7320590625251645,0.7322091482210978,88940000,1
1296204420000,1296204479000,0.7322091482210978,0.7323700226302338,0.7321394579239453,0.7323700226302338,88860000,1
1296204480000,1296204539000,0.7323646590110148,0.7324343921893196,0.7322627651706539,0.7323861139592793,86090000,1
1296204540000,1296204599000,0.7324182987387757,0.7325631652589244,0.7323485686247226,0.7323807501043642,75700000,1
1296204600000,1296204659000,0.7323807501043642,0.7324022059954445,0.7322413174485783,0.7322413174485783,78190000,1
1296204660000,1296204719000,0.7322413174485783,0.732552432440352,0.7322413174485783,0.7324880421327121,84610000,1
1296204720000,1296204779000,0.732493407559332,0.7327456713049467,0.732493407559332,0.7326758788447167,103380000,1
1296204780000,1296204839000,0.7326758788447167,0.7327080890973037,0.7325577988103261,0.7326114668346788,59810000,1
1296204840000,1296204899000,0.7326114668346788,0.7326651427231697,0.7325631652589244,0.7325953656017171,64670000,1
1296204900000,1296204959000,0.7325953656017171,0.7326651427231697,0.7323217528853476,0.7323217528853476,93530000,1
1296204960000,1296205019000,0.7323378420933144,0.7324290276272228,0.7322198709828588,0.7322788517867604,106010000,1
1296205020000,1296205079000,0.7322627651706539,0.7323378420933144,0.7320804995717329,0.7321340976813313,99850000,1
1296205080000,1296205139000,0.7321340976813313,0.7322681272974912,0.7321180174244089,0.7322574031223456,86660000,1
1296205140000,1296205199000,0.7322198709828588,0.7323700226302338,0.7321448182450488,0.7322091482210978,139620000,1
1296205200000,1296205259000,0.7322037869579862,0.732353932008261,0.7321180174244089,0.732230594058681,105880000,1
1296205260000,1296205319000,0.7322252324815114,0.7323217528853476,0.7321823426906237,0.7323003017077242,124770000,1
1296205320000,1296205379000,0.7323003017077242,0.7323324789454413,0.7321019378738295,0.7322037869579862,84540000,1
1296205380000,1296205439000,0.7322145095627215,0.7322627651706539,0.731973326891968,0.7319840427478681,84140000,1
1296205440000,1296205499000,0.7320001171200188,0.7320965781805936,0.7319090383447145,0.7320912185658333,62590000,1
1296205500000,1296205559000,0.7321019378738295,0.7321340976813313,0.7319090383447145,0.7320001171200188,91400000,1
1296205560000,1296205619000,0.7320001171200188,0.7321769818200455,0.7320001171200188,0.7321126574957355,69790000,1
1296205620000,1296205679000,0.7321448182450488,0.7322091482210978,0.7321287375172051,0.7322091482210978,46400000,1
1296205680000,1296205739000,0.7321930646672914,0.7324397568300007,0.7321930646672914,0.7323753863280162,85590000,1
1296205740000,1296205799000,0.7323753863280162,0.7324075701646453,0.7323271158761195,0.7323807501043642,66050000,1
1296205800000,1296205859000,0.7323700226302338,0.7323807501043642,0.7322734895028595,0.7322734895028595,71630000,1
1296205860000,1296205919000,0.7322734895028595,0.7322734895028595,0.7321608996793135,0.7322037869579862,48760000,1
1296205920000,1296205979000,0.7321823426906237,0.7322466792613095,0.7321126574957355,0.7321555391227311,45430000,1
1296205980000,1296206039000,0.7321930646672914,0.7322520411525647,0.7321555391227311,0.7322413174485783,54030000,1
1296206040000,1296206099000,0.7322413174485783,0.7322413174485783,0.7319840427478681,0.7320108337603396,52980000,1
1296206100000,1296206159000,0.7320322679823726,0.7320322679823726,0.7318822547828505,0.7319894007934765,68840000,1
1296206160000,1296206219000,0.7320001171200188,0.7320001171200188,0.7318554731811562,0.7318715419069645,36690000,1
1296206220000,1296206279000,0.7318715419069645,0.7319947589175261,0.7318715419069645,0.7319411812066782,39230000,1
1296206280000,1296206339000,0.7319411812066782,0.7320537034596858,0.7319251094228039,0.7319411812066782,48470000,1
1296206340000,1296206399000,0.7319411812066782,0.7319626113498122,0.7318661855866273,0.7318661855866273,37800000,1
1296206400000,1296206459000,0.7318661855866273,0.7320429855641124,0.7318661855866273,0.7319894007934765,73520000,1
1296206460000,1296206519000,0.7320001171200188,0.7321233774315647,0.7320001171200188,0.7320269093091862,68290000,1
1296206520000,1296206579000,0.7320269093091862,0.7320269093091862,0.7319090383447145,0.7319304666056725,49130000,1
1296206580000,1296206639000,0.7319304666056725,0.7320161921981714,0.7319304666056725,0.7319626113498122,27400000,1
1296206640000,1296206699000,0.7319840427478681,0.732048344472669,0.7319090383447145,0.7320215507144531,35610000,1
1296206700000,1296206759000,0.7320054754009561,0.7321394579239453,0.7319786847806992,0.7321287375172051,56080000,1
1296206760000,1296206819000,0.7321126574957355,0.7321769818200455,0.732048344472669,0.7320912185658333,81940000,1
1296206820000,1296206879000,0.7320697808915145,0.7320697808915145,0.731973326891968,0.7320215507144531,63410000,1
1296206880000,1296206939000,0.7320215507144531,0.7320912185658333,0.731973326891968,0.7320912185658333,52520000,1
1296206940000,1296206999000,0.7320912185658333,0.7320912185658333,0.7319465386248188,0.7320644216691068,75450000,1
1296207000000,1296207059000,0.7320376267340142,0.7321019378738295,0.7319840427478681,0.7320001171200188,67290000,1
1296207060000,1296207119000,0.7320108337603396,0.7320108337603396,0.7318608293446919,0.7319197523183557,59410000,1
1296207120000,1296207179000,0.7319197523183557,0.7319197523183557,0.7316466439368442,0.7316466439368442,67890000,1
1296207180000,1296207239000,0.7316359379572724,0.7316359379572724,0.7312935119639619,0.7312935119639619,129540000,1
1296207240000,1296207299000,0.7312935119639619,0.731373739294517,0.731117073777024,0.7312400368544979,130160000,1
1296207300000,1296207359000,0.731256078566153,0.7313576924202089,0.7312453840135135,0.7313416462500457,58050000,1
1296207360000,1296207419000,0.7313469948951979,0.7314432838877674,0.7313362976831267,0.7313523436185851,49760000,1
1296207420000,1296207479000,0.7313523436185851,0.7314272339616293,0.7313523436185851,0.7314272339616293,43710000,1
1296207480000,1296207539000,0.7314272339616293,0.7314272339616293,0.7312079555425564,0.7313042079244123,158920000,1
1296207540000,1296207599000,0.7312667734316155,0.7314218841427735,0.7312346897736829,0.7314218841427735,109330000,1
1296207600000,1296207659000,0.7314165344021767,0.7314860871346227,0.7312400368544979,0.7312828163163823,102440000,1
1296207660000,1296207719000,0.7312988599050775,0.7314432838877674,0.7311758770454645,0.7314004856499224,69410000,1
1296207720000,1296207779000,0.7314218841427735,0.7314807364548055,0.7312614259597806,0.7313630413000709,102590000,1
1296207780000,1296207839000,0.7313790884091041,0.7314325838587457,0.7312828163163823,0.7314058351557529,88760000,1
1296207840000,1296207899000,0.7314165344021767,0.7314379338341245,0.7313523436185851,0.7313897868730161,71290000,1
1296207900000,1296207959000,0.7313897868730161,0.7314379338341245,0.7313416462500457,0.7314325838587457,61500000,1
1296207960000,1296208019000,0.7314325838587457,0.7315021396437584,0.7313630413000709,0.7314753858532661,85300000,1
1296208020000,1296208079000,0.7315074906367041,0.7317912053332943,0.7315074906367041,0.7317912053332943,117330000,1
1296208080000,1296208139000,0.7317858501888008,0.731807271237047,0.7316680568359746,0.7316680568359746,107700000,1
1296208140000,1296208199000,0.7316573502297404,0.7317269487717963,0.731411184739837,0.7315931171719536,91740000,1
1296208200000,1296208259000,0.7315984694960018,0.7319626113498122,0.7315984694960018,0.7317483663717721,130400000,1
1296208260000,1296208319000,0.7317108863945678,0.7317215945676988,0.7315181928574565,0.731528895391368,67550000,1
1296208320000,1296208379000,0.7315181928574565,0.7320429855641124,0.7314165344021767,0.7318983246847348,130680000,1
1296208380000,1296208439000,0.7318608293446919,0.7319572536963841,0.7316894709885124,0.7317055324255306,64990000,1
1296208440000,1296208499000,0.7317215945676988,0.7317430118542367,0.7316412909078938,0.7316948247225048,49020000,1
1296208500000,1296208559000,0.7316734102565978,0.731812626695061,0.7316734102565978,0.7317055324255306,59490000,1
1296208560000,1296208619000,0.7317215945676988,0.7317430118542367,0.7316359379572724,0.7317376574150635,43630000,1
1296208620000,1296208679000,0.7317055324255306,0.7317055324255306,0.7314593345182975,0.7315235440852663,51260000,1
1296208680000,1296208739000,0.7315128417079362,0.7318340493109782,0.7315074906367041,0.7318019158574157,118970000,1
1296208740000,1296208799000,0.7317912053332943,0.7317912053332943,0.7315824127587973,0.7317537209676712,162670000,1
1296208800000,1296208859000,0.7317215945676988,0.731780495122683,0.731288164101064,0.7313416462500457,141520000,1
1296208860000,1296208919000,0.731330949194439,0.7315449497794392,0.7311651848385587,0.7312507312507313,145610000,1
1296208920000,1296208979000,0.7312453840135135,0.7313844376019367,0.7311598388523715,0.7311651848385587,143980000,1
1296208980000,1296209039000,0.7311758770454645,0.7312186490004241,0.7309941520467835,0.7310636244672374,131360000,1
1296209040000,1296209099000,0.7310582799660789,0.7311812232661865,0.7310369027428505,0.7311598388523715,84420000,1
1296209100000,1296209159000,0.7311598388523715,0.731368390258173,0.7311277645768598,0.7313202524517511,135850000,1
1296209160000,1296209219000,0.7313042079244123,0.7313630413000709,0.7312133022323941,0.7312614259597806,86320000,1
1296209220000,1296209279000,0.7312935119639619,0.7314914378927194,0.7312239958466478,0.7314914378927194,99390000,1
1296209280000,1296209339000,0.7314914378927194,0.731823337846244,0.7314914378927194,0.7316627034936894,162950000,1
1296209340000,1296209399000,0.7316787637555608,0.7316787637555608,0.7310048392520359,0.7311331100940237,167380000,1
1296209400000,1296209459000,0.731138455689354,0.7312507312507313,0.7308712716429255,0.7312507312507313,147850000,1
1296209460000,1296209519000,0.7312346897736829,0.7313523436185851,0.7312346897736829,0.731330949194439,107900000,1
1296209520000,1296209579000,0.731330949194439,0.7314165344021767,0.731330949194439,0.7314165344021767,60790000,1
1296209580000,1296209639000,0.7314218841427735,0.7315395982384526,0.731411184739837,0.731411184739837,129580000,1
1296209640000,1296209699000,0.7314058351557529,0.7315717086588828,0.7313149041977476,0.7314914378927194,146570000,1
1296209700000,1296209759000,0.731448634019676,0.7315395982384526,0.7313844376019367,0.7314967887290975,96180000,1
1296209760000,1296209819000,0.7314967887290975,0.7316680568359746,0.7314967887290975,0.7316466439368442,58620000,1
1296209820000,1296209879000,0.7316787637555608,0.7316787637555608,0.7315128417079362,0.7316359379572724,76180000,1
1296209880000,1296209939000,0.7316466439368442,0.7316466439368442,0.7315931171719536,0.7316252322910113,33760000,1
1296209940000,1296209999000,0.7316038218983656,0.7316145269380468,0.7315610048721962,0.7316145269380468,24150000,1
1296210000000,1296210059000,0.7316198795753678,0.7318394051609315,0.7316198795753678,0.7318019158574157,52750000,1
1296210060000,1296210119000,0.7318019158574157,0.7318661855866273,0.7317162404419566,0.7318286935394163,60470000,1
1296210120000,1296210179000,0.7318286935394163,0.7319572536963841,0.7317751401349393,0.7318876113384029,66740000,1
1296210180000,1296210239000,0.7319036814755178,0.7319304666056725,0.7317537209676712,0.731807271237047,126820000,1
1296210240000,1296210299000,0.7318179822314594,0.7318822547828505,0.7318179822314594,0.7318179822314594,71900000,1
1296210300000,1296210359000,0.7318179822314594,0.7320269093091862,0.7316252322910113,0.7317108863945678,148690000,1
1296210360000,1296210419000,0.7317430118542367,0.731823337846244,0.7317055324255306,0.731807271237047,120040000,1
1296210420000,1296210479000,0.7318179822314594,0.7321180174244089,0.7318179822314594,0.7321180174244089,74610000,1
1296210480000,1296210539000,0.7321126574957355,0.7321180174244089,0.7319304666056725,0.7319465386248188,67150000,1
1296210540000,1296210599000,0.7319411812066782,0.7319894007934765,0.7316091743790468,0.7316412909078938,101320000,1
1296210600000,1296210659000,0.7316466439368442,0.7316466439368442,0.7314753858532661,0.7314860871346227,60730000,1
1296210660000,1296210719000,0.7315074906367041,0.7315503013987242,0.7312186490004241,0.7314432838877674,124800000,1
1296210720000,1296210779000,0.731448634019676,0.7316787637555608,0.7314432838877674,0.7316198795753678,91940000,1
1296210780000,1296210839000,0.7316091743790468,0.7317858501888008,0.7314165344021767,0.7314539842298521,121520000,1
1296210840000,1296210899000,0.7314807364548055,0.7315663567263869,0.7311438013628521,0.731325600783981,131310000,1
1296210900000,1296210959000,0.7313202524517511,0.7316198795753678,0.731117073777024,0.7313095560219686,160040000,1
1296210960000,1296211019000,0.7313095560219686,0.7313149041977476,0.7310956931152719,0.7312346897736829,110400000,1
1296211020000,1296211079000,0.7312400368544979,0.731373739294517,0.7312400368544979,0.7313149041977476,53160000,1
1296211080000,1296211139000,0.7313202524517511,0.7314432838877674,0.7312133022323941,0.7314432838877674,95940000,1
1296211140000,1296211199000,0.7314379338341245,0.7314593345182975,0.7311919159421774,0.7312400368544979,81710000,1
1296211200000,1296211259000,0.731256078566153,0.7314753858532661,0.7312293427710667,0.731330949194439,130530000,1
1296211260000,1296211319000,0.7313897868730161,0.7313951362223441,0.731288164101064,0.7313095560219686,88140000,1
1296211320000,1296211379000,0.731325600783981,0.7314272339616293,0.7313042079244123,0.7314004856499224,76900000,1
1296211380000,1296211439000,0.7313951362223441,0.731448634019676,0.731288164101064,0.7314379338341245,93930000,1
1296211440000,1296211499000,0.7314379338341245,0.7315074906367041,0.7314058351557529,0.7314379338341245,73300000,1
1296211500000,1296211559000,0.7314379338341245,0.7315877649262194,0.731411184739837,0.7315342467757628,71320000,1
1296211560000,1296211619000,0.7315342467757628,0.7316038218983656,0.7313416462500457,0.7313790884091041,186960000,1
1296211620000,1296211679000,0.731373739294517,0.7313951362223441,0.7312186490004241,0.7313362976831267,113690000,1
1296211680000,1296211739000,0.7313523436185851,0.7314004856499224,0.7313362976831267,0.7313362976831267,46540000,1
1296211740000,1296211799000,0.7313469948951979,0.731411184739837,0.7313149041977476,0.731368390258173,68520000,1
1296211800000,1296211859000,0.731368390258173,0.7314646848850138,0.7313630413000709,0.731411184739837,55160000,1
1296211860000,1296211919000,0.7314218841427735,0.7316894709885124,0.7314004856499224,0.7316252322910113,90890000,1
1296211920000,1296211979000,0.7316252322910113,0.731684117332865,0.7315342467757628,0.7316466439368442,116780000,1
1296211980000,1296212039000,0.7316466439368442,0.7318286935394163,0.7315984694960018,0.7318286935394163,52860000,1
1296212040000,1296212099000,0.7318019158574157,0.7320429855641124,0.7317269487717963,0.7319947589175261,69890000,1
1296212100000,1296212159000,0.7320161921981714,0.7320161921981714,0.7317644303945674,0.7319518961213869,107900000,1
1296212160000,1296212219000,0.7319626113498122,0.7319626113498122,0.731823337846244,0.731823337846244,56850000,1
1296212220000,1296212279000,0.731823337846244,0.7318608293446919,0.7317430118542367,0.7317697852255681,45400000,1
1296212280000,1296212339000,0.7317858501888008,0.731967969081673,0.7317858501888008,0.7318501170960187,69440000,1
1296212340000,1296212399000,0.7318501170960187,0.7321930646672914,0.7318501170960187,0.7320912185658333,96960000,1
1296212400000,1296212459000,0.7320965781805936,0.7321930646672914,0.7319304666056725,0.732048344472669,83760000,1
1296212460000,1296212519000,0.7320376267340142,0.7321340976813313,0.7319411812066782,0.7319786847806992,116990000,1
1296212520000,1296212579000,0.7319840427478681,0.7320858590295469,0.7319840427478681,0.7320054754009561,56800000,1
1296212580000,1296212639000,0.7320054754009561,0.7322252324815114,0.7320054754009561,0.7320965781805936,84530000,1
1296212640000,1296212699000,0.7321019378738295,0.7321019378738295,0.7319304666056725,0.7319626113498122,68540000,1
1296212700000,1296212759000,0.7319626113498122,0.731973326891968,0.7318983246847348,0.7318983246847348,45500000,1
1296212760000,1296212819000,0.7318983246847348,0.7319572536963841,0.7317483663717721,0.7317483663717721,37920000,1
1296212820000,1296212879000,0.7317483663717721,0.7319251094228039,0.7317215945676988,0.7317269487717963,88800000,1
1296212880000,1296212939000,0.7317269487717963,0.7317323030542506,0.7316466439368442,0.7317055324255306,117120000,1
1296212940000,1296212999000,0.731684117332865,0.7317590756419357,0.7316734102565978,0.7317537209676712,40710000,1
1296213000000,1296213059000,0.7317537209676712,0.7318394051609315,0.7317537209676712,0.7317858501888008,77030000,1
1296213060000,1296213119000,0.7317858501888008,0.7320054754009561,0.7317108863945678,0.7320054754009561,80570000,1
1296213120000,1296213179000,0.7320161921981714,0.7321394579239453,0.7320054754009561,0.7321233774315647,62420000,1
1296213180000,1296213239000,0.7321233774315647,0.7321608996793135,0.7319090383447145,0.731967969081673,85580000,1
1296213240000,1296213299000,0.731967969081673,0.7321233774315647,0.7319358238669634,0.7320537034596858,85690000,1
1296213300000,1296213359000,0.7320322679823726,0.7320322679823726,0.7318394051609315,0.7318447610892778,67310000,1
1296213360000,1296213419000,0.7318286935394163,0.7318501170960187,0.7317430118542367,0.7317644303945674,47090000,1
1296213420000,1296213479000,0.731807271237047,0.7318340493109782,0.731780495122683,0.7318286935394163,57110000,1
1296213480000,1296213539000,0.7318019158574157,0.7318447610892778,0.7318019158574157,0.7318394051609315,51180000,1
1296213540000,1296213599000,0.7318608293446919,0.7321448182450488,0.7318340493109782,0.7321072976455429,74650000,1
1296213600000,1296213659000,0.7321448182450488,0.7322520411525647,0.7321287375172051,0.7321662603143922,112270000,1
1296213660000,1296213719000,0.7321662603143922,0.7321769818200455,0.7320054754009561,0.7320054754009561,61340000,1
1296213720000,1296213779000,0.7319840427478681,0.7319840427478681,0.7317269487717963,0.731780495122683,121990000,1
1296213780000,1296213839000,0.7317376574150635,0.7317376574150635,0.7314646848850138,0.7316627034936894,137770000,1
1296213840000,1296213899000,0.7316627034936894,0.7317430118542367,0.7316145269380468,0.731684117332865,89610000,1
1296213900000,1296213959000,0.731684117332865,0.731684117332865,0.7314700353300027,0.7316359379572724,119960000,1
1296213960000,1296214019000,0.7316466439368442,0.7319197523183557,0.7316466439368442,0.731823337846244,106640000,1
1296214020000,1296214079000,0.731876898305705,0.731973326891968,0.7318447610892778,0.7318876113384029,83250000,1
1296214080000,1296214139000,0.7318876113384029,0.7319840427478681,0.731780495122683,0.7318179822314594,99880000,1
1296214140000,1296214199000,0.7318019158574157,0.7318822547828505,0.7317001785348436,0.7318822547828505,120000000,1
1296214200000,1296214259000,0.7318661855866273,0.7318876113384029,0.731812626695061,0.7318286935394163,57720000,1
1296214260000,1296214319000,0.7318286935394163,0.7318608293446919,0.7315663567263869,0.7316734102565978,102420000,1
1296214320000,1296214379000,0.7316198795753678,0.7317269487717963,0.7315342467757628,0.7315503013987242,145410000,1
1296214380000,1296214439000,0.7315449497794392,0.7318554731811562,0.7315449497794392,0.7318179822314594,126500000,1
1296214440000,1296214499000,0.7318179822314594,0.7318179822314594,0.7316091743790468,0.7316466439368442,58850000,1
1296214500000,1296214559000,0.7316466439368442,0.731807271237047,0.7316305850849788,0.731807271237047,128570000,1
1296214560000,1296214619000,0.7318340493109782,0.7320108337603396,0.731812626695061,0.7319036814755178,157460000,1
1296214620000,1296214679000,0.7318608293446919,0.7321394579239453,0.731812626695061,0.7319251094228039,162150000,1
1296214680000,1296214739000,0.7319465386248188,0.7321608996793135,0.7318394051609315,0.7321019378738295,134070000,1
1296214740000,1296214799000,0.7321180174244089,0.7321340976813313,0.7320054754009561,0.7320590625251645,71810000,1
1296214800000,1296214859000,0.7320697808915145,0.7320912185658333,0.7318876113384029,0.7319358238669634,86640000,1
1296214860000,1296214919000,0.7319358238669634,0.7319947589175261,0.7318554731811562,0.7319036814755178,71500000,1
1296214920000,1296214979000,0.7318608293446919,0.7318608293446919,0.731448634019676,0.731528895391368,131510000,1
1296214980000,1296215039000,0.7315877649262194,0.7316573502297404,0.7315342467757628,0.7315717086588828,105700000,1
1296215040000,1296215099000,0.7315610048721962,0.7318661855866273,0.7315610048721962,0.7317483663717721,78450000,1
1296215100000,1296215159000,0.7317590756419357,0.7319090383447145,0.7316627034936894,0.7316787637555608,123950000,1
1296215160000,1296215219000,0.7317055324255306,0.7319143952923266,0.7317055324255306,0.7317590756419357,145280000,1
1296215220000,1296215279000,0.7317912053332943,0.7319036814755178,0.7316948247225048,0.7317858501888008,135040000,1
1296215280000,1296215339000,0.7317537209676712,0.7318715419069645,0.7315931171719536,0.7318340493109782,112980000,1
1296215340000,1296215399000,0.7318286935394163,0.7318554731811562,0.7317162404419566,0.7317590756419357,44620000,1
1296215400000,1296215459000,0.7317108863945678,0.7319251094228039,0.7317108863945678,0.7318554731811562,95510000,1
1296215460000,1296215519000,0.7318340493109782,0.7318554731811562,0.7316305850849788,0.7316734102565978,95730000,1
1296215520000,1296215579000,0.7316787637555608,0.7320215507144531,0.7316787637555608,0.7319786847806992,75940000,1
1296215580000,1296215639000,0.7320001171200188,0.7320215507144531,0.7319036814755178,0.7319626113498122,57720000,1
1296215640000,1296215699000,0.7319518961213869,0.7320322679823726,0.7318715419069645,0.7320161921981714,62750000,1
1296215700000,1296215759000,0.7320215507144531,0.732230594058681,0.7320215507144531,0.7321340976813313,110900000,1
1296215760000,1296215819000,0.7321555391227311,0.7322949391096758,0.7321287375172051,0.7322037869579862,73550000,1
1296215820000,1296215879000,0.732230594058681,0.7322413174485783,0.7320644216691068,0.7320858590295469,81050000,1
1296215880000,1296215939000,0.7320537034596858,0.7322037869579862,0.7320537034596858,0.7321930646672914,76310000,1
1296215940000,1296215999000,0.732171621027969,0.7326222013831908,0.7320912185658333,0.7325846318395933,130380000,1
1296216000000,1296216059000,0.7325631652589244,0.732606099678386,0.7325041386483834,0.7325363338021567,82120000,1
1296216060000,1296216119000,0.7325309677466615,0.732552432440352,0.7324343921893196,0.7325095043108184,33470000,1
1296216120000,1296216179000,0.7324880421327121,0.7325363338021567,0.7323324789454413,0.7324075701646453,79060000,1
1296216180000,1296216239000,0.732353932008261,0.7324022059954445,0.7322681272974912,0.7323003017077242,64370000,1
1296216240000,1296216299000,0.7323592954703577,0.7325256017697819,0.7320912185658333,0.7321769818200455,151000000,1
1296216300000,1296216359000,0.7321662603143922,0.7321877036397051,0.7319251094228039,0.7319786847806992,104890000,1
1296216360000,1296216419000,0.7319786847806992,0.7320804995717329,0.7317537209676712,0.731807271237047,152570000,1
1296216420000,1296216479000,0.7317965605561654,0.7318822547828505,0.7316734102565978,0.7318822547828505,110270000,1
1296216480000,1296216539000,0.7318929679723637,0.7320537034596858,0.7318501170960187,0.7318501170960187,85770000,1
1296216540000,1296216599000,0.7318286935394163,0.7321501786446436,0.7318286935394163,0.7321072976455429,66500000,1
1296216600000,1296216659000,0.7320804995717329,0.7321823426906237,0.7320161921981714,0.7320644216691068,73410000,1
1296216660000,1296216719000,0.7320322679823726,0.7322091482210978,0.7319786847806992,0.7319786847806992,104050000,1
1296216720000,1296216779000,0.7319786847806992,0.7322252324815114,0.7318822547828505,0.7322252324815114,93620000,1
1296216780000,1296216839000,0.7322359557143694,0.7323003017077242,0.7320108337603396,0.7321340976813313,117830000,1
1296216840000,1296216899000,0.7321394579239453,0.732305664384314,0.7321394579239453,0.7322413174485783,52630000,1
1296216900000,1296216959000,0.7322413174485783,0.7324987730645551,0.7322413174485783,0.732482676784694,59680000,1
1296216960000,1296217019000,0.7324665812122322,0.732482676784694,0.7321984257733846,0.7322037869579862,34890000,1
1296217020000,1296217079000,0.7321984257733846,0.7323646590110148,0.7320537034596858,0.7323378420933144,89540000,1
1296217080000,1296217139000,0.7323432053197411,0.7324987730645551,0.7322359557143694,0.7324987730645551,67350000,1
1296217140000,1296217199000,0.7324987730645551,0.732670510744613,0.7324987730645551,0.7326114668346788,76470000,1
1296217200000,1296217259000,0.732589998681338,0.7327510405064775,0.7325846318395933,0.7327188264775275,66320000,1
1296217260000,1296217319000,0.7327134577480785,0.7327134577480785,0.7326275687754129,0.7326812470234825,82680000,1
1296217320000,1296217379000,0.7326812470234825,0.7326866152809121,0.7326007326007326,0.7326222013831908,58450000,1
1296217380000,1296217439000,0.7326329362462819,0.7326490391307852,0.7323003017077242,0.7323271158761195,94090000,1
1296217440000,1296217499000,0.732316389973124,0.7323914778927632,0.7322037869579862,0.7323324789454413,146490000,1
1296217500000,1296217559000,0.7323324789454413,0.7324665812122322,0.7323324789454413,0.7324129344124217,42570000,1
1296217560000,1296217619000,0.7324236631437089,0.7324236631437089,0.7323378420933144,0.7323914778927632,85240000,1
1296217620000,1296217679000,0.7323807501043642,0.7324290276272228,0.732353932008261,0.7324022059954445,53430000,1
1296217680000,1296217739000,0.7323861139592793,0.7323861139592793,0.7321769818200455,0.7322198709828588,109370000,1
1296217740000,1296217799000,0.7321984257733846,0.7323110271394466,0.7321501786446436,0.7322627651706539,121590000,1
1296217800000,1296217859000,0.7322413174485783,0.7322627651706539,0.7321019378738295,0.7321126574957355,126010000,1
1296217860000,1296217919000,0.7321233774315647,0.7321448182450488,0.7319465386248188,0.7320215507144531,74280000,1
1296217920000,1296217979000,0.7320804995717329,0.7321019378738295,0.7319251094228039,0.7320965781805936,123560000,1
1296217980000,1296218039000,0.7320804995717329,0.7321126574957355,0.7320108337603396,0.7320644216691068,45950000,1
1296218040000,1296218099000,0.7320858590295469,0.7320965781805936,0.731876898305705,0.7319572536963841,83390000,1
1296218100000,1296218159000,0.7319411812066782,0.7320429855641124,0.7319304666056725,0.7319304666056725,55840000,1
1296218160000,1296218219000,0.7319358238669634,0.7322037869579862,0.7319358238669634,0.7321877036397051,47130000,1
1296218220000,1296218279000,0.7321823426906237,0.7321984257733846,0.7321287375172051,0.7321287375172051,44440000,1
1296218280000,1296218339000,0.7321072976455429,0.7321126574957355,0.7320054754009561,0.7320429855641124,40680000,1
1296218340000,1296218399000,0.7320269093091862,0.7322574031223456,0.7320269093091862,0.7322520411525647,61330000,1
1296218400000,1296218459000,0.7322520411525647,0.7322627651706539,0.7321394579239453,0.7322413174485783,56450000,1
1296218460000,1296218519000,0.7322413174485783,0.732445121549268,0.7322413174485783,0.7324236631437089,65570000,1
1296218520000,1296218579000,0.7324022059954445,0.7324022059954445,0.7323324789454413,0.7323324789454413,17250000,1
1296218580000,1296218639000,0.7323432053197411,0.7323700226302338,0.7322037869579862,0.7323646590110148,107070000,1
1296218640000,1296218699000,0.7323646590110148,0.7324236631437089,0.7321126574957355,0.7321555391227311,79520000,1
1296218700000,1296218759000,0.7321608996793135,0.7323324789454413,0.7321555391227311,0.7322520411525647,55270000,1
1296218760000,1296218819000,0.7322520411525647,0.7322520411525647,0.7321501786446436,0.7321501786446436,103560000,1
1296218820000,1296218879000,0.7321608996793135,0.7323646590110148,0.7321340976813313,0.732305664384314,86430000,1
1296218880000,1296218939000,0.732305664384314,0.7323271158761195,0.7322252324815114,0.7322842141491955,54960000,1
1296218940000,1296218999000,0.732305664384314,0.7324236631437089,0.732305664384314,0.7324129344124217,48820000,1
1296219000000,1296219059000,0.7324236631437089,0.7324236631437089,0.7322949391096758,0.7323378420933144,53650000,1
1296219060000,1296219119000,0.7323378420933144,0.732445121549268,0.7322091482210978,0.732230594058681,75420000,1
1296219120000,1296219179000,0.7322145095627215,0.7324343921893196,0.7322145095627215,0.7324129344124217,85430000,1
1296219180000,1296219239000,0.7324129344124217,0.7324129344124217,0.7322949391096758,0.7322949391096758,49650000,1
1296219240000,1296219299000,0.732305664384314,0.7323753863280162,0.7322252324815114,0.7323271158761195,53090000,1
1296219300000,1296219359000,0.7323003017077242,0.7324022059954445,0.7321984257733846,0.732353932008261,58260000,1
1296219360000,1296219419000,0.7323592954703577,0.7323861139592793,0.732305664384314,0.732316389973124,22670000,1
1296219420000,1296219479000,0.7323217528853476,0.7324665812122322,0.7323217528853476,0.7324182987387757,48670000,1
1296219480000,1296219539000,0.7324022059954445,0.7325416999362688,0.7322198709828588,0.7322842141491955,79250000,1
1296219540000,1296219599000,0.7322949391096758,0.7326651427231697,0.7322788517867604,0.7326651427231697,123500000,1
1296219600000,1296219659000,0.7326490391307852,0.7326490391307852,0.7322734895028595,0.732353932008261,140090000,1
1296219660000,1296219719000,0.7323324789454413,0.7324182987387757,0.7322091482210978,0.7324182987387757,55550000,1
1296219720000,1296219779000,0.7323753863280162,0.7324397568300007,0.732353932008261,0.7324397568300007,33390000,1
1296219780000,1296219839000,0.7324558512235675,0.732670510744613,0.7324182987387757,0.732670510744613,81710000,1
1296219840000,1296219899000,0.7326866152809121,0.7328638119178313,0.7325416999362688,0.7326490391307852,122880000,1
1296219900000,1296219959000,0.732670510744613,0.7327134577480785,0.7324880421327121,0.7327134577480785,82520000,1
1296219960000,1296220019000,0.7327027205252012,0.7327027205252012,0.7324343921893196,0.7324612161786034,68020000,1
1296220020000,1296220079000,0.732450486347123,0.7325256017697819,0.7324022059954445,0.7324397568300007,51000000,1
1296220080000,1296220139000,0.7324397568300007,0.7327241952856525,0.7323646590110148,0.7327241952856525,91060000,1
1296220140000,1296220199000,0.7327349331379374,0.7329121531493236,0.7327241952856525,0.7328584410635242,93950000,1
1296220200000,1296220259000,0.7328369584334877,0.7331915829606277,0.7328369584334877,0.7331539549990103,80900000,1
1296220260000,1296220319000,0.733159330185636,0.7332023345162331,0.7329819906324901,0.733159330185636,96360000,1
1296220320000,1296220379000,0.733170080795343,0.7332023345162331,0.7329981088648791,0.7330894589066703,81670000,1
1296220380000,1296220439000,0.7330894589066703,0.7331324550406523,0.7329712455380376,0.7329927360419858,66600000,1
1296220440000,1296220499000,0.7330142278061617,0.7331109563432425,0.7327671485831947,0.7327671485831947,121430000,1
1296220500000,1296220559000,0.7327510405064775,0.7327993668613471,0.7324612161786034,0.7325685317861487,127720000,1
1296220560000,1296220619000,0.7325202358715159,0.7327134577480785,0.732493407559332,0.7326597747803852,70190000,1
1296220620000,1296220679000,0.7326222013831908,0.7327456713049467,0.732482676784694,0.7327188264775275,101450000,1
1296220680000,1296220739000,0.7327241952856525,0.7328906673702417,0.7327080890973037,0.7328638119178313,35190000,1
1296220740000,1296220799000,0.732847699591071,0.7328799249530957,0.7326866152809121,0.7327832573681357,76260000,1
1296220800000,1296220859000,0.7327295641724553,0.7327564097866945,0.732552432440352,0.7325631652589244,73410000,1
1296220860000,1296220919000,0.7325577988103261,0.7325631652589244,0.7323861139592793,0.7324236631437089,60790000,1
1296220920000,1296220979000,0.732445121549268,0.732493407559332,0.7322520411525647,0.7323861139592793,105760000,1
1296220980000,1296221039000,0.732353932008261,0.7324075701646453,0.732230594058681,0.732353932008261,45880000,1
1296221040000,1296221099000,0.732353932008261,0.7324129344124217,0.732230594058681,0.7323968419048177,54760000,1
1296221100000,1296221159000,0.7324129344124217,0.732450486347123,0.7322091482210978,0.7322681272974912,98550000,1
1296221160000,1296221219000,0.7322842141491955,0.7326383037957991,0.7322681272974912,0.7325309677466615,92930000,1
1296221220000,1296221279000,0.7325470661490001,0.7326544069162576,0.7323700226302338,0.7323700226302338,97440000,1
1296221280000,1296221339000,0.7323861139592793,0.7324075701646453,0.7322091482210978,0.7323914778927632,106140000,1
1296221340000,1296221399000,0.7324022059954445,0.732445121549268,0.7320429855641124,0.7320429855641124,131050000,1
1296221400000,1296221459000,0.7320376267340142,0.7322466792613095,0.7315770606696856,0.7322091482210978,172270000,1
1296221460000,1296221519000,0.7322198709828588,0.7328906673702417,0.7321340976813313,0.7328906673702417,180500000,1
1296221520000,1296221579000,0.7328906673702417,0.733170080795343,0.7327564097866945,0.732777887694461,183940000,1
1296221580000,1296221639000,0.732793996951577,0.732901410102313,0.7324880421327121,0.7325685317861487,163470000,1
1296221640000,1296221699000,0.7325846318395933,0.7331969586990152,0.7325846318395933,0.7330464678155948,146400000,1
1296221700000,1296221759000,0.7330034817665384,0.7334389485419234,0.7330034817665384,0.733170080795343,192180000,1
1296221760000,1296221819000,0.7331915829606277,0.733385159217918,0.7331270802480901,0.733170080795343,133720000,1
1296221820000,1296221879000,0.7331539549990103,0.7336541847634699,0.7330894589066703,0.7336541847634699,137150000,1
1296221880000,1296221939000,0.7336595672875872,0.7338587762171048,0.7335142668524903,0.7336488023183302,123200000,1
1296221940000,1296221999000,0.7336703325727617,0.733988050674535,0.7336488023183302,0.7338372349012989,127690000,1
1296222000000,1296222059000,0.7338372349012989,0.7338372349012989,0.7334120528936772,0.7334120528936772,165720000,1
1296222060000,1296222119000,0.7334335692544648,0.7334335692544648,0.7329712455380376,0.7330679627308248,158990000,1
1296222120000,1296222179000,0.7330518414262256,0.733159330185636,0.7327349331379374,0.7331055818659002,151580000,1
1296222180000,1296222239000,0.7331647054510796,0.7332023345162331,0.7328906673702417,0.7330196009441292,129790000,1
1296222240000,1296222299000,0.7330303474563846,0.7331915829606277,0.7324612161786034,0.7326651427231697,136110000,1
1296222300000,1296222359000,0.7326114668346788,0.7327241952856525,0.7324558512235675,0.7327188264775275,132060000,1
1296222360000,1296222419000,0.7327188264775275,0.7328691828508611,0.7327134577480785,0.7328691828508611,99040000,1
1296222420000,1296222479000,0.7328852961223039,0.7333421334389346,0.7328154770628755,0.7332077104122827,143170000,1
1296222480000,1296222539000,0.7332130863871658,0.733309867417576,0.7330733366565991,0.7331862073010683,76130000,1
1296222540000,1296222599000,0.7331808317203355,0.7333044900233924,0.7331539549990103,0.7333044900233924,95720000,1
1296222600000,1296222659000,0.733315244890626,0.7336864810928994,0.733309867417576,0.7336703325727617,75350000,1
1296222660000,1296222719000,0.7336703325727617,0.7337026303239297,0.7334335692544648,0.7334497073535667,95530000,1
1296222720000,1296222779000,0.7334550868777551,0.7335088864601594,0.7333206224425443,0.733336755571526,117700000,1
1296222780000,1296222839000,0.7333636456973555,0.7333905377952814,0.7332507204188328,0.7333260000733326,94210000,1
1296222840000,1296222899000,0.733336755571526,0.7334228109162652,0.733309867417576,0.733309867417576,64960000,1
1296222900000,1296222959000,0.7333260000733326,0.7333313777829926,0.7330088547469654,0.7330464678155948,102530000,1
1296222960000,1296223019000,0.7330464678155948,0.7330679627308248,0.7328584410635242,0.7330679627308248,80030000,1
1296223020000,1296223079000,0.7331055818659002,0.7333636456973555,0.7331055818659002,0.7331217055343358,124140000,1
1296223080000,1296223139000,0.7331217055343358,0.7333636456973555,0.7331217055343358,0.7333636456973555,106900000,1
1296223140000,1296223199000,0.7333797807194455,0.7334228109162652,0.7332023345162331,0.7332399674441454,112820000,1
1296223200000,1296223259000,0.7332614737089099,0.7332991127080737,0.7330464678155948,0.7331969586990152,118170000,1
1296223260000,1296223319000,0.7332077104122827,0.7332077104122827,0.7327295641724553,0.7329819906324901,156400000,1
1296223320000,1296223379000,0.7329819906324901,0.7333744022998621,0.7329819906324901,0.7333582675144288,89600000,1
1296223380000,1296223439000,0.7333582675144288,0.7335035061467593,0.7333044900233924,0.7333313777829926,104560000,1
1296223440000,1296223499000,0.733309867417576,0.7336972471679286,0.7332991127080737,0.7335088864601594,140350000,1
1296223500000,1296223559000,0.7334981259122884,0.7335626939356372,0.7332722273143905,0.7333959164515371,84310000,1
1296223560000,1296223619000,0.7333959164515371,0.7334873656801262,0.7332507204188328,0.7332722273143905,127470000,1
1296223620000,1296223679000,0.7332614737089099,0.7332722273143905,0.7330787106611637,0.7332507204188328,112690000,1
1296223680000,1296223739000,0.7332453438920663,0.7332453438920663,0.7329927360419858,0.7330518414262256,69820000,1
1296223740000,1296223799000,0.7330303474563846,0.7331808317203355,0.7330142278061617,0.733159330185636,59710000,1
1296223800000,1296223859000,0.7331324550406523,0.7331915829606277,0.7330679627308248,0.7331915829606277,58640000,1
1296223860000,1296223919000,0.7332077104122827,0.7334497073535667,0.7332077104122827,0.7332937354716179,115320000,1
1296223920000,1296223979000,0.7332507204188328,0.7332937354716179,0.7330894589066703,0.7332560970244467,118040000,1
1296223980000,1296224039000,0.7332345910750685,0.7333475113852201,0.7331378299120234,0.7332184624408843,65540000,1
1296224040000,1296224099000,0.7331862073010683,0.7335788377176895,0.7331647054510796,0.7334066740007334,68620000,1
1296224100000,1296224159000,0.7334066740007334,0.7334174318655206,0.7332883583140234,0.733309867417576,63800000,1
1296224160000,1296224219000,0.7333313777829926,0.7333475113852201,0.7331270802480901,0.7331862073010683,67380000,1
1296224220000,1296224279000,0.7331862073010683,0.7336434199521665,0.7331862073010683,0.7335734563780545,102300000,1
1296224280000,1296224339000,0.7335734563780545,0.7336218912772358,0.733471225923807,0.7335411699981661,144700000,1
1296224340000,1296224399000,0.7335465508641178,0.7336380376649768,0.7333905377952814,0.7334335692544648,113700000,1
1296224400000,1296224459000,0.7334335692544648,0.7338426201116909,0.7334335692544648,0.7338156948500815,68990000,1
1296224460000,1296224519000,0.7338049252986586,0.7338049252986586,0.7336272733275133,0.7337564662288587,151530000,1
1296224520000,1296224579000,0.7337510822828464,0.7337833871441151,0.7334981259122884,0.7336057456001995,155250000,1
1296224580000,1296224639000,0.7336057456001995,0.7336057456001995,0.7333260000733326,0.7334228109162652,104370000,1
1296224640000,1296224699000,0.7334066740007334,0.7336165093059254,0.7333475113852201,0.7335519318090125,140370000,1
1296224700000,1296224759000,0.7335519318090125,0.7335519318090125,0.7332991127080737,0.7335035061467593,84610000,1
1296224760000,1296224819000,0.7334766057636591,0.7336003638657804,0.7333959164515371,0.7334981259122884,84930000,1
1296224820000,1296224879000,0.7335088864601594,0.7337941560633411,0.7334550868777551,0.733767234357917,130840000,1
1296224880000,1296224939000,0.7337887715642175,0.734036540338978,0.7337510822828464,0.7339934380986635,101600000,1
1296224940000,1296224999000,0.7339934380986635,0.7339934380986635,0.7337241637378843,0.7337349309188563,101730000,1
1296225000000,1296225059000,0.7337833871441151,0.7339234077531668,0.7337833871441151,0.7338803187976105,100430000,1
1296225060000,1296225119000,0.7338264647176236,0.7338264647176236,0.7335734563780545,0.7336810981738678,131360000,1
1296225120000,1296225179000,0.7336810981738678,0.7337026303239297,0.7334443279082902,0.7335734563780545,133160000,1
1296225180000,1296225239000,0.7336003638657804,0.7336111274135806,0.7333959164515371,0.7335142668524903,105170000,1
1296225240000,1296225299000,0.7335142668524903,0.7336111274135806,0.7334389485419234,0.7336111274135806,49570000,1
1296225300000,1296225359000,0.7336111274135806,0.7336111274135806,0.7334120528936772,0.7334281900459126,93310000,1
1296225360000,1296225419000,0.7334174318655206,0.7335734563780545,0.733369023959166,0.7334281900459126,116280000,1
1296225420000,1296225479000,0.7333636456973555,0.7334981259122884,0.7333636456973555,0.7334927457567445,73420000,1
1296225480000,1296225539000,0.7334927457567445,0.7334927457567445,0.7333313777829926,0.7334819856824317,95690000,1
1296225540000,1296225599000,0.7334819856824317,0.7336057456001995,0.7333636456973555,0.7335411699981661,120770000,1
1296225600000,1296225659000,0.7335573128328515,0.7335734563780545,0.7333582675144288,0.7334066740007334,152720000,1
1296225660000,1296225719000,0.733385159217918,0.7335357892111557,0.7333797807194455,0.7333797807194455,103870000,1
1296225720000,1296225779000,0.733385159217918,0.7334012951866873,0.7330894589066703,0.7331539549990103,100430000,1
1296225780000,1296225839000,0.733159330185636,0.733170080795343,0.732847699591071,0.7329175247909353,136330000,1
1296225840000,1296225899000,0.7329175247909353,0.7329981088648791,0.7327886271205072,0.7328101069169946,86290000,1
1296225900000,1296225959000,0.732853070287938,0.7328691828508611,0.7326275687754129,0.7327080890973037,140980000,1
1296225960000,1296226019000,0.7327134577480785,0.7329121531493236,0.7327134577480785,0.7329121531493236,136090000,1
1296226020000,1296226079000,0.732922896511287,0.7329873632978567,0.7327832573681357,0.7327993668613471,101900000,1
1296226080000,1296226139000,0.7328101069169946,0.7329873632978567,0.7328047368498191,0.7329497562942061,123630000,1
1296226140000,1296226199000,0.7329605007586141,0.7331862073010683,0.7329390121447994,0.7330034817665384,141540000,1
1296226200000,1296226259000,0.7330196009441292,0.7332023345162331,0.7330196009441292,0.7331915829606277,117330000,1
1296226260000,1296226319000,0.7331808317203355,0.7332937354716179,0.7331002074673588,0.7332345910750685,121300000,1
1296226320000,1296226379000,0.7332345910750685,0.7332722273143905,0.7331055818659002,0.7332399674441454,92850000,1
1296226380000,1296226439000,0.7332399674441454,0.7332399674441454,0.733035720830676,0.7330518414262256,89550000,1
1296226440000,1296226499000,0.7330518414262256,0.733159330185636,0.7330518414262256,0.733159330185636,73910000,1
1296226500000,1296226559000,0.7331862073010683,0.7335304085030845,0.7331862073010683,0.7333744022998621,118420000,1
1296226560000,1296226619000,0.7333744022998621,0.7333744022998621,0.7331270802480901,0.7331270802480901,126680000,1
1296226620000,1296226679000,0.7331217055343358,0.7331217055343358,0.7327832573681357,0.7328906673702417,111410000,1
1296226680000,1296226739000,0.7328906673702417,0.7330410942837455,0.7328852961223039,0.7329175247909353,118590000,1
1296226740000,1296226799000,0.7329282683103805,0.7330034817665384,0.7328369584334877,0.7329927360419858,125150000,1
1296226800000,1296226859000,0.7329712455380376,0.7331055818659002,0.7328960386969109,0.7330572151156398,135580000,1
1296226860000,1296226919000,0.7330733366565991,0.7332130863871658,0.7330464678155948,0.7331647054510796,165100000,1
1296226920000,1296226979000,0.733159330185636,0.7332399674441454,0.7331217055343358,0.7331378299120234,112420000,1
1296226980000,1296227039000,0.7331217055343358,0.733159330185636,0.7329121531493236,0.7329497562942061,139280000,1
1296227040000,1296227099000,0.7329927360419858,0.7331002074673588,0.7328584410635242,0.733035720830676,113110000,1
1296227100000,1296227159000,0.7330249741608698,0.7338103100348561,0.7330142278061617,0.7333475113852201,184510000,1
1296227160000,1296227219000,0.733369023959166,0.7334120528936772,0.7332292147848338,0.7333959164515371,156250000,1
1296227220000,1296227279000,0.7333744022998621,0.7337510822828464,0.7333744022998621,0.7336057456001995,140910000,1
1296227280000,1296227339000,0.7335949822103216,0.7335949822103216,0.7331539549990103,0.7333797807194455,132150000,1
1296227340000,1296227399000,0.7333797807194455,0.7335465508641178,0.7332829812352885,0.7335465508641178,131030000,1
1296227400000,1296227459000,0.7335465508641178,0.7339234077531668,0.7335304085030845,0.7336111274135806,137490000,1
1296227460000,1296227519000,0.7336218912772358,0.7340473166900339,0.7335357892111557,0.7340473166900339,182460000,1
1296227520000,1296227579000,0.7340419284749545,0.7342521274955394,0.7339826633294921,0.7341712674732762,163220000,1
1296227580000,1296227639000,0.734198218835121,0.7344246884203259,0.7338480054011214,0.7338480054011214,156800000,1
1296227640000,1296227699000,0.7338749330339124,0.7346944773016141,0.7338749330339124,0.7346944773016141,153090000,1
1296227700000,1296227759000,0.7347322635631576,0.7347916498276914,0.7343383978204837,0.7345271848511113,136220000,1
1296227760000,1296227819000,0.7345271848511113,0.7347268652878292,0.7345271848511113,0.7346890795815211,123110000,1
1296227820000,1296227879000,0.7346890795815211,0.7348672462319682,0.7346081232966274,0.734851045693038,134130000,1
1296227880000,1296227939000,0.7348726465703493,0.7349158521349305,0.7345487666926207,0.7346512977615175,134980000,1
1296227940000,1296227999000,0.7346081232966274,0.7348672462319682,0.7346081232966274,0.7347592561297291,120960000,1
1296228000000,1296228059000,0.7347592561297291,0.7348942487176096,0.734602726845322,0.734672886897109,125660000,1
1296228060000,1296228119000,0.7346620921707061,0.7348726465703493,0.7346620921707061,0.7348078477478139,122450000,1
1296228120000,1296228179000,0.734797049055051,0.7349860720139353,0.7346890795815211,0.7348942487176096,186960000,1
1296228180000,1296228239000,0.7348942487176096,0.7350400964372606,0.7345811418329268,0.734602726845322,171940000,1
1296228240000,1296228299000,0.7345811418329268,0.7346944773016141,0.7344192946637094,0.734602726845322,129980000,1
1296228300000,1296228359000,0.7346189164370982,0.7347700537116909,0.7345865379671052,0.734667489494255,126820000,1
1296228360000,1296228419000,0.734667489494255,0.7348672462319682,0.7346620921707061,0.7346890795815211,118150000,1
1296228420000,1296228479000,0.7346890795815211,0.7347376619178123,0.7344948144666098,0.734554162351161,116320000,1
1296228480000,1296228539000,0.7345595580889699,0.7345595580889699,0.7343006520589791,0.7343006520589791,95210000,1
1296228540000,1296228599000,0.7343006520589791,0.7344516583918446,0.7342036093449436,0.7342790847945487,163540000,1
1296228600000,1296228659000,0.7342790847945487,0.7343276129212286,0.7338264647176236,0.7339126350399249,172190000,1
1296228660000,1296228719000,0.7338857046403593,0.7343653614546309,0.7338318497699436,0.734020376405649,191520000,1
1296228720000,1296228779000,0.734020376405649,0.7344516583918446,0.7338803187976105,0.7344516583918446,160060000,1
1296228780000,1296228839000,0.7344085073881496,0.7345325801925945,0.7341712674732762,0.7343545757633616,162490000,1
1296228840000,1296228899000,0.7343653614546309,0.7346890795815211,0.7342683016374183,0.7343276129212286,132480000,1
1296228900000,1296228959000,0.7343060440730487,0.7344192946637094,0.7340311522821028,0.7343545757633616,186130000,1
1296228960000,1296229019000,0.7343330053312577,0.7349536611716632,0.7341065922771987,0.734797049055051,203360000,1
1296229020000,1296229079000,0.7348294460855636,0.7349536611716632,0.7346189164370982,0.7348024483617579,207440000,1
1296229080000,1296229139000,0.7347754526216789,0.7348348458683911,0.734446264239077,0.7345056042777607,166970000,1
1296229140000,1296229199000,0.7345163944059232,0.7346135198272189,0.7342305630814189,0.7342305630814189,138010000,1
1296229200000,1296229259000,0.7342413451301443,0.7346297098947276,0.7342413451301443,0.7344624469350882,136680000,1
1296229260000,1296229319000,0.734446264239077,0.7347916498276914,0.7342305630814189,0.7347376619178123,176770000,1
1296229320000,1296229379000,0.734667489494255,0.7347106709377846,0.7343761474627305,0.7345865379671052,143960000,1
1296229380000,1296229439000,0.7346135198272189,0.7348024483617579,0.7345865379671052,0.7347322635631576,152930000,1
1296229440000,1296229499000,0.7347214670918255,0.7347214670918255,0.734063481809907,0.7343168283387551,188770000,1
1296229500000,1296229559000,0.7343437903889084,0.7344840249724569,0.7341119814416491,0.7343707544190761,178840000,1
1296229560000,1296229619000,0.7343869337876741,0.7344624469350882,0.7339826633294921,0.7339826633294921,192110000,1
1296229620000,1296229679000,0.7339826633294921,0.7341766575873487,0.7339826633294921,0.7340904252585834,138260000,1
1296229680000,1296229739000,0.7340796476417691,0.7343060440730487,0.733998825601879,0.7342898682683976,154270000,1
1296229740000,1296229799000,0.7342898682683976,0.7343060440730487,0.733977276063533,0.734036540338978,110140000,1
1296229800000,1296229859000,0.734020376405649,0.7341335388907242,0.733988050674535,0.733988050674535,117230000,1
1296229860000,1296229919000,0.733977276063533,0.7342521274955394,0.7339072488018964,0.7342521274955394,129890000,1
1296229920000,1296229979000,0.7342844764918826,0.7346998751010212,0.7342844764918826,0.7345109993022145,163680000,1
1296229980000,1296230039000,0.7345002093325597,0.7345163944059232,0.7341497078084163,0.7342521274955394,132160000,1
1296230040000,1296230099000,0.7342736931763946,0.7345811418329268,0.7342197813493491,0.7345703498024005,114080000,1
1296230100000,1296230159000,0.734602726845322,0.7348726465703493,0.7345056042777607,0.7346512977615175,145620000,1
1296230160000,1296230219000,0.7346243131262672,0.7347376619178123,0.7344192946637094,0.7346998751010212,123030000,1
1296230220000,1296230279000,0.7346998751010212,0.7351589781290204,0.7346512977615175,0.7351481691134848,129870000,1
1296230280000,1296230339000,0.7351481691134848,0.735180597113681,0.7349482596425211,0.7350400964372606,154970000,1
1296230340000,1296230399000,0.7350454993164077,0.7351373604157937,0.7349104511615259,0.7350563053129869,138710000,1
1296230400000,1296230459000,0.7350779182593354,0.7351751922483127,0.7346944773016141,0.734797049055051,172340000,1
1296230460000,1296230519000,0.7348132472132208,0.734921253187721,0.7346836819407404,0.7349104511615259,146040000,1
1296230520000,1296230579000,0.7349104511615259,0.7350563053129869,0.7347538574577517,0.7348726465703493,162490000,1
1296230580000,1296230639000,0.7349050502675055,0.7350130832328816,0.7342952601240958,0.7343006520589791,157220000,1
1296230640000,1296230699000,0.7343114361663068,0.7345056042777607,0.7343114361663068,0.7344948144666098,117420000,1
1296230700000,1296230759000,0.7344840249724569,0.7344894196799094,0.7342898682683976,0.7343653614546309,122810000,1
1296230760000,1296230819000,0.7343761474627305,0.7343923270689668,0.7341658774383484,0.7342251721758029,123660000,1
1296230820000,1296230879000,0.7342413451301443,0.7343006520589791,0.7341604874825637,0.7342467362732573,109960000,1
1296230880000,1296230939000,0.7342251721758029,0.7343222205903951,0.733961114740141,0.733998825601879,135270000,1
1296230940000,1296230999000,0.7340149885860668,0.7340796476417691,0.7337726185409665,0.7340796476417691,148630000,1
1296231000000,1296231059000,0.7340580933575083,0.7342898682683976,0.7340419284749545,0.7342683016374183,79800000,1
1296231060000,1296231119000,0.7342790847945487,0.7343923270689668,0.7341550976059202,0.7343545757633616,125970000,1
1296231120000,1296231179000,0.7343491830365338,0.7343491830365338,0.7341389284508201,0.7342575187969925,101090000,1
1296231180000,1296231239000,0.7342683016374183,0.7343869337876741,0.7342251721758029,0.7343707544190761,91360000,1
1296231240000,1296231299000,0.7343707544190761,0.7345919341805627,0.7342736931763946,0.7345811418329268,165430000,1
1296231300000,1296231359000,0.7346081232966274,0.7348240463820938,0.7346081232966274,0.7346944773016141,181680000,1
1296231360000,1296231419000,0.7346890795815211,0.7347754526216789,0.7344786303442501,0.7345002093325597,148490000,1
1296231420000,1296231479000,0.7344948144666098,0.7345703498024005,0.7343383978204837,0.7344300822561692,152600000,1
1296231480000,1296231539000,0.7344246884203259,0.7345487666926207,0.7343168283387551,0.7344678413255676,153790000,1
1296231540000,1296231599000,0.734446264239077,0.7344948144666098,0.7342467362732573,0.7342467362732573,145490000,1
1296231600000,1296231659000,0.7342683016374183,0.7346620921707061,0.7342359540661987,0.7346620921707061,132480000,1
1296231660000,1296231719000,0.7346782843792703,0.7347862506796773,0.7346297098947276,0.7346566949264608,120610000,1
1296231720000,1296231779000,0.7346566949264608,0.7346620921707061,0.7342305630814189,0.7342359540661987,100750000,1
1296231780000,1296231839000,0.7342575187969925,0.7344678413255676,0.7342575187969925,0.734446264239077,107680000,1
1296231840000,1296231899000,0.734446264239077,0.7344570526238478,0.7341335388907242,0.7341928284044522,121330000,1
1296231900000,1296231959000,0.7341820477805676,0.7342251721758029,0.7340742589520356,0.7341335388907242,100260000,1
1296231960000,1296232019000,0.7341227600079284,0.7343707544190761,0.7340311522821028,0.7342898682683976,107820000,1
1296232020000,1296232079000,0.7342952601240958,0.7343707544190761,0.7340850364106178,0.7341173706852252,137370000,1
1296232080000,1296232139000,0.7341281494097609,0.7343599685693933,0.7341281494097609,0.7342683016374183,128280000,1
1296232140000,1296232199000,0.7342683016374183,0.7343006520589791,0.7340419284749545,0.7342089999339212,143560000,1
1296232200000,1296232259000,0.7342089999339212,0.7342089999339212,0.7339557277904998,0.733998825601879,171190000,1
1296232260000,1296232319000,0.7340096008455791,0.7340850364106178,0.7338803187976105,0.7339665017688592,123080000,1
1296232320000,1296232379000,0.733988050674535,0.733998825601879,0.7338641617436613,0.7339126350399249,122730000,1
1296232380000,1296232439000,0.7339018626429274,0.7341281494097609,0.7339018626429274,0.7340419284749545,112350000,1
1296232440000,1296232499000,0.7340580933575083,0.7341443180900501,0.734036540338978,0.7341389284508201,79500000,1
1296232500000,1296232559000,0.7341335388907242,0.7341335388907242,0.733939567416019,0.7341173706852252,123960000,1
1296232560000,1296232619000,0.7341227600079284,0.7341281494097609,0.7338049252986586,0.733977276063533,135670000,1
1296232620000,1296232679000,0.7339665017688592,0.7341335388907242,0.7338910905621605,0.7340850364106178,107820000,1
1296232680000,1296232739000,0.7340850364106178,0.7343491830365338,0.7340096008455791,0.7342629101776182,149900000,1
1296232740000,1296232799000,0.7342629101776182,0.7344948144666098,0.7342629101776182,0.7344354761712409,99170000,1
1296232800000,1296232859000,0.7344570526238478,0.7349698662354843,0.7344570526238478,0.7347862506796773,152160000,1
1296232860000,1296232919000,0.7348078477478139,0.7348348458683911,0.7345919341805627,0.7345919341805627,136890000,1
1296232920000,1296232979000,0.7346081232966274,0.7349158521349305,0.7345217895888883,0.7348942487176096,158900000,1
1296232980000,1296233039000,0.7348888480617307,0.7350887252091328,0.7348726465703493,0.7349536611716632,153180000,1
1296233040000,1296233099000,0.7349374568224244,0.7349644644681429,0.7348132472132208,0.7348240463820938,73480000,1
1296233100000,1296233159000,0.7348240463820938,0.7352941176470588,0.7347754526216789,0.7352508675960238,158010000,1
1296233160000,1296233219000,0.7352454616973877,0.7354671687455872,0.7352400558782441,0.7354022650389763,141760000,1
1296233220000,1296233279000,0.7354076732436626,0.7355915995439332,0.7353319656158772,0.7353319656158772,96880000,1
1296233280000,1296233339000,0.7353265585246408,0.7353590022649057,0.7351481691134848,0.7352833046572844,119040000,1
1296233340000,1296233399000,0.735348187366718,0.7354455329038331,0.7352670857689055,0.7353427800369142,101560000,1
1296233400000,1296233459000,0.7353590022649057,0.7353698174812112,0.7351211479651847,0.7352130279748558,116580000,1
1296233460000,1296233519000,0.7352184333965621,0.7354347154603086,0.7350022785070633,0.7354293068578783,169700000,1
1296233520000,1296233579000,0.7354130815278942,0.7354942153379964,0.735191407082834,0.7353265585246408,159850000,1
1296233580000,1296233639000,0.735348187366718,0.7356890095418864,0.7352995242612078,0.7355320839095001,178920000,1
1296233640000,1296233699000,0.7355212639197399,0.7356024216031719,0.7352616796317809,0.7352616796317809,137320000,1
1296233700000,1296233759000,0.7352724919855299,0.7354779871438447,0.7351860020585208,0.7354779871438447,150970000,1
1296233760000,1296233819000,0.7354942153379964,0.7354996248951913,0.7353319656158772,0.7354888058603748,141530000,1
1296233820000,1296233879000,0.7354888058603748,0.7354996248951913,0.7353373727866345,0.7354671687455872,159480000,1
1296233880000,1296233939000,0.7354779871438447,0.7356348896915483,0.7354779871438447,0.7356132439808446,146090000,1
1296233940000,1296233999000,0.7355807778031145,0.7357593772532631,0.7355050345319614,0.7356132439808446,109510000,1
1296234000000,1296234059000,0.7355970105337492,0.7357756178675751,0.7355861886337223,0.7357106597117486,129370000,1
1296234060000,1296234119000,0.7356835971985168,0.7359651446907475,0.7356835971985168,0.7359272315153478,130750000,1
1296234120000,1296234179000,0.7359326474441059,0.7360193131467769,0.7358243440125973,0.7358839069548387,136870000,1
1296234180000,1296234239000,0.7358839069548387,0.7360518180479906,0.7358026871514135,0.7359651446907475,128680000,1
1296234240000,1296234299000,0.7359868111163448,0.7364475244316466,0.7359868111163448,0.7364149845721061,165780000,1
1296234300000,1296234359000,0.7364366774922858,0.7364366774922858,0.7357431373558864,0.7357864453421039,154740000,1
1296234360000,1296234419000,0.7357972731353057,0.7358893222459342,0.7357268981753973,0.7357431373558864,127660000,1
1296234420000,1296234479000,0.7357431373558864,0.7357485505753554,0.7356348896915483,0.7356890095418864,102780000,1
1296234480000,1296234539000,0.7356673606462102,0.7357864453421039,0.7356457130246074,0.7357106597117486,107310000,1
1296234540000,1296234599000,0.7356944219648928,0.7357106597117486,0.7355483144910374,0.7355915995439332,124370000,1
1296234600000,1296234659000,0.7355807778031145,0.7356890095418864,0.7355374940237578,0.7356890095418864,49410000,1
1296234660000,1296234719000,0.7356835971985168,0.7358026871514135,0.7355320839095001,0.7357214852745344,90890000,1
1296234720000,1296234779000,0.7357214852745344,0.735818929677785,0.7356511248105698,0.7357268981753973,118770000,1
1296234780000,1296234839000,0.7357160724533187,0.7357918591988698,0.7356565366761567,0.7357702042498087,107230000,1
1296234840000,1296234899000,0.7357647907117053,0.7358405874951252,0.7357214852745344,0.7357972731353057,87410000,1
1296234900000,1296234959000,0.7357972731353057,0.7358460021486702,0.7357972731353057,0.7357972731353057,42840000,1
1296234960000,1296235019000,0.7358026871514135,0.7358405874951252,0.7356619486213695,0.7357539638744803,82060000,1
1296235020000,1296235079000,0.7357377242160714,0.7357377242160714,0.7355483144910374,0.7355483144910374,63010000,1
1296235080000,1296235139000,0.7355483144910374,0.7357323111559091,0.7355374940237578,0.7356132439808446,70460000,1
1296235140000,1296235199000,0.7356240666769653,0.7357323111559091,0.7355104442483084,0.7356565366761567,65290000,1
1296235200000,1296235259000,0.7356457130246074,0.7357539638744803,0.7355591352766806,0.7357323111559091,78710000,1
1296235260000,1296235319000,0.7357214852745344,0.7357918591988698,0.7356835971985168,0.7357918591988698,50110000,1
1296235320000,1296235379000,0.7357972731353057,0.7358297584270903,0.7355807778031145,0.7356998344675372,112600000,1
1296235380000,1296235439000,0.7357214852745344,0.7358893222459342,0.7357106597117486,0.7357106597117486,94370000,1
1296235440000,1296235499000,0.7356835971985168,0.7356944219648928,0.7355807778031145,0.7355807778031145,68830000,1
1296235500000,1296235559000,0.7355807778031145,0.7355915995439332,0.7354347154603086,0.7355158540442339,87200000,1
1296235560000,1296235619000,0.7355320839095001,0.7356890095418864,0.7354779871438447,0.7356186552890982,111670000,1
1296235620000,1296235679000,0.7356403013182675,0.7358405874951252,0.7356078327522031,0.7356727727506805,97420000,1
1296235680000,1296235739000,0.7356619486213695,0.7356727727506805,0.7355861886337223,0.7355915995439332,39750000,1
1296235740000,1296235799000,0.7355915995439332,0.7356024216031719,0.7355158540442339,0.7355699563807016,107210000,1
1296235800000,1296235859000,0.7355591352766806,0.7355861886337223,0.7354184898916729,0.7355320839095001,100630000,1
1296235860000,1296235919000,0.7355158540442339,0.735705247049822,0.7354725779049328,0.7356348896915483,108720000,1
1296235920000,1296235979000,0.7356511248105698,0.7358243440125973,0.7355807778031145,0.7358243440125973,51640000,1
1296235980000,1296236039000,0.7358297584270903,0.7358460021486702,0.7356890095418864,0.7357268981753973,73640000,1
1296236040000,1296236099000,0.7357106597117486,0.7358135154226513,0.7356457130246074,0.7356998344675372,79480000,1
1296236100000,1296236159000,0.7356944219648928,0.7359380634525798,0.7356835971985168,0.7358568316948255,99160000,1
1296236160000,1296236219000,0.7358784917434433,0.7359001530672318,0.7357431373558864,0.7357593772532631,35000000,1
1296236220000,1296236279000,0.7357864453421039,0.7358351729212657,0.7356078327522031,0.7357160724533187,87340000,1
1296236280000,1296236339000,0.7357160724533187,0.7358893222459342,0.7354942153379964,0.7358568316948255,132840000,1
1296236340000,1296236399000,0.7358730766117461,0.7359163998969718,0.7357756178675751,0.7357756178675751,73850000,1
1296236400000,1296236459000,0.7357702042498087,0.7358947376167313,0.7357702042498087,0.735867661559745,29360000,1
1296236460000,1296236519000,0.7358460021486702,0.7360518180479906,0.7357864453421039,0.7359651446907475,114530000,1
1296236520000,1296236579000,0.735948895708682,0.7359922279220731,0.7358947376167313,0.7359434795407712,64930000,1
1296236580000,1296236639000,0.7359543119563137,0.7360138959423553,0.7359055685974376,0.736003061772737,81970000,1
1296236640000,1296236699000,0.736003061772737,0.7360193131467769,0.7358351729212657,0.7358351729212657,83280000,1
1296236700000,1296236759000,0.7358351729212657,0.736003061772737,0.7358351729212657,0.7359163998969718,42540000,1
1296236760000,1296236819000,0.7359218156663035,0.7359218156663035,0.7355753670521081,0.7356132439808446,107790000,1
1296236820000,1296236879000,0.7356132439808446,0.7358135154226513,0.7356132439808446,0.7357810315650063,67080000,1
1296236880000,1296236939000,0.7357810315650063,0.7359976448075366,0.7357810315650063,0.7359272315153478,108400000,1
1296236940000,1296236999000,0.7359163998969718,0.7359326474441059,0.7358568316948255,0.7358893222459342,43890000,1
1296237000000,1296237059000,0.7359001530672318,0.7360247304309425,0.7359001530672318,0.7360138959423553,45550000,1
1296237060000,1296237119000,0.7360138959423553,0.7360355652385123,0.735867661559745,0.7358730766117461,57920000,1
1296237120000,1296237179000,0.7358730766117461,0.735948895708682,0.7357268981753973,0.7357702042498087,69770000,1
1296237180000,1296237239000,0.7357864453421039,0.735818929677785,0.7357323111559091,0.7357485505753554,79660000,1
1296237240000,1296237299000,0.7357431373558864,0.7358297584270903,0.7357160724533187,0.7358135154226513,79440000,1
1296237300000,1296237359000,0.7358135154226513,0.7358730766117461,0.7358026871514135,0.7358514168819033,49160000,1
1296237360000,1296237419000,0.7358514168819033,0.7358514168819033,0.7357756178675751,0.7357972731353057,35280000,1
1296237420000,1296237479000,0.7358135154226513,0.7358460021486702,0.7357268981753973,0.7357268981753973,54030000,1
1296237480000,1296237539000,0.7357377242160714,0.7357702042498087,0.7355591352766806,0.7355591352766806,68410000,1
1296237540000,1296237599000,0.7355591352766806,0.7356078327522031,0.7353806330156489,0.7355104442483084,126570000,1
1296237600000,1296237659000,0.735456350665588,0.735564545788893,0.7353806330156489,0.7354455329038331,103430000,1
1296237660000,1296237719000,0.7354671687455872,0.7355266738748281,0.7354293068578783,0.7354401241422929,105690000,1
1296237720000,1296237779000,0.7354401241422929,0.7355915995439332,0.7353265585246408,0.7355537248440626,82820000,1
1296237780000,1296237839000,0.7355861886337223,0.7356403013182675,0.7355374940237578,0.735564545788893,87760000,1
1296237840000,1296237899000,0.7355699563807016,0.7357810315650063,0.7355050345319614,0.7357810315650063,79430000,1
1296237900000,1296237959000,0.7357702042498087,0.7361276739837758,0.7357539638744803,0.736089744061596,111440000,1
1296237960000,1296238019000,0.736089744061596,0.736089744061596,0.7358243440125973,0.7358243440125973,114720000,1
1296238020000,1296238079000,0.735818929677785,0.7359055685974376,0.735818929677785,0.7358568316948255,62560000,1
1296238080000,1296238139000,0.7358622465874388,0.7358839069548387,0.735705247049822,0.7357160724533187,95410000,1
1296238140000,1296238199000,0.7357323111559091,0.7359109842073503,0.7357268981753973,0.7357972731353057,108770000,1
1296238200000,1296238259000,0.7357972731353057,0.7359759777440864,0.7357972731353057,0.735948895708682,75770000,1
1296238260000,1296238319000,0.7359272315153478,0.7359272315153478,0.7357864453421039,0.7357864453421039,86180000,1
1296238320000,1296238379000,0.7357972731353057,0.7359759777440864,0.7357756178675751,0.7359163998969718,65220000,1
1296238380000,1296238439000,0.7359218156663035,0.7359218156663035,0.7356294781444482,0.7356673606462102,73320000,1
1296238440000,1296238499000,0.7356781849347821,0.7358839069548387,0.7356781849347821,0.7358622465874388,52960000,1
1296238500000,1296238559000,0.7358405874951252,0.7359543119563137,0.7358405874951252,0.7359218156663035,44250000,1
1296238560000,1296238619000,0.7359218156663035,0.7359218156663035,0.7357810315650063,0.7358784917434433,67810000,1
1296238620000,1296238679000,0.7359218156663035,0.736078907658901,0.7358568316948255,0.7360734895771994,95330000,1
1296238680000,1296238739000,0.7360734895771994,0.7360734895771994,0.7359326474441059,0.735970561177553,43000000,1
1296238740000,1296238799000,0.7359597282836683,0.7359813943903498,0.7357864453421039,0.7358351729212657,83440000,1
1296238800000,1296238859000,0.7358730766117461,0.7360301477948537,0.7358730766117461,0.7360301477948537,26360000,1
1296238860000,1296238919000,0.7360355652385123,0.7360355652385123,0.7358405874951252,0.7359109842073503,54090000,1
1296238920000,1296238979000,0.7358893222459342,0.735948895708682,0.7358243440125973,0.7358622465874388,51600000,1
1296238980000,1296239039000,0.7358568316948255,0.7358947376167313,0.735818929677785,0.7358622465874388,39780000,1
1296239040000,1296239099000,0.7358514168819033,0.7358947376167313,0.7358081012471946,0.7358947376167313,36760000,1
1296239100000,1296239159000,0.7359055685974376,0.7359272315153478,0.7358243440125973,0.7359272315153478,44250000,1
1296239160000,1296239219000,0.7359272315153478,0.7359759777440864,0.7358622465874388,0.7359055685974376,70280000,1
1296239220000,1296239279000,0.7359001530672318,0.7359001530672318,0.7358460021486702,0.7358514168819033,17640000,1
1296239280000,1296239339000,0.735867661559745,0.7359055685974376,0.7357702042498087,0.7358081012471946,51720000,1
1296239340000,1296239399000,0.7358297584270903,0.7358351729212657,0.7357918591988698,0.7358135154226513,38440000,1
1296239400000,1296239459000,0.7357918591988698,0.7359218156663035,0.7357593772532631,0.7357810315650063,68720000,1
1296239460000,1296239519000,0.7357810315650063,0.7359109842073503,0.7357810315650063,0.7358947376167313,48750000,1
1296239520000,1296239579000,0.7358947376167313,0.736078907658901,0.7358730766117461,0.7358784917434433,89470000,1
1296239580000,1296239639000,0.7358839069548387,0.7360572358106566,0.7356403013182675,0.7356619486213695,108990000,1
1296239640000,1296239699000,0.7356457130246074,0.7357160724533187,0.7356024216031719,0.7356403013182675,62470000,1
1296239700000,1296239759000,0.7356511248105698,0.7356944219648928,0.7351103400620432,0.7352184333965621,158290000,1
1296239760000,1296239819000,0.7352076226326314,0.7354347154603086,0.7351968121866224,0.7352454616973877,128860000,1
1296239820000,1296239879000,0.7352941176470588,0.7354617596658062,0.7352292444784284,0.735348187366718,83430000,1
1296239880000,1296239939000,0.7353860409021715,0.735542904217603,0.735353594776048,0.7354833964623249,100530000,1
1296239940000,1296239999000,0.7354942153379964,0.7356565366761567,0.7354942153379964,0.7356132439808446,32640000,1
1296240000000,1296240059000,0.7355807778031145,0.7355915995439332,0.7354022650389763,0.7354347154603086,79690000,1
1296240060000,1296240119000,0.735456350665588,0.7355104442483084,0.7354238983350002,0.7354888058603748,51290000,1
1296240120000,1296240179000,0.7354888058603748,0.7355104442483084,0.7354022650389763,0.7354022650389763,57420000,1
1296240180000,1296240239000,0.7354130815278942,0.7354130815278942,0.7351968121866224,0.7352887111124183,114230000,1
1296240240000,1296240299000,0.7352887111124183,0.7353698174812112,0.7352508675960238,0.7352778982816555,85880000,1
1296240300000,1296240359000,0.7352778982816555,0.7352778982816555,0.735023888276369,0.735023888276369,91640000,1
1296240360000,1296240419000,0.735023888276369,0.7350725149035953,0.7349482596425211,0.7349968762632759,103820000,1
1296240420000,1296240479000,0.7349644644681429,0.7349644644681429,0.7347538574577517,0.7347592561297291,33170000,1
1296240480000,1296240539000,0.734743060351795,0.7349698662354843,0.734743060351795,0.7348618459729571,71450000,1
1296240540000,1296240599000,0.7348618459729571,0.7348942487176096,0.7347862506796773,0.7347916498276914,43160000,1
1296240600000,1296240659000,0.7348024483617579,0.7348618459729571,0.7347754526216789,0.734851045693038,43840000,1
1296240660000,1296240719000,0.7348240463820938,0.7348240463820938,0.7347268652878292,0.7347592561297291,34360000,1
1296240720000,1296240779000,0.7347484588651075,0.7347808516110069,0.7347106709377846,0.7347538574577517,42810000,1
1296240780000,1296240839000,0.7347916498276914,0.7349266543198989,0.7347592561297291,0.7348834474852288,83210000,1
1296240840000,1296240899000,0.7349536611716632,0.7349968762632759,0.7348834474852288,0.7349644644681429,56160000,1
1296240900000,1296240959000,0.7349644644681429,0.735023888276369,0.7349536611716632,0.7349536611716632,48290000,1
1296240960000,1296241019000,0.7349536611716632,0.7350130832328816,0.7349158521349305,0.7349644644681429,40020000,1
1296241020000,1296241079000,0.7349644644681429,0.734975268082229,0.7348402457305782,0.7349374568224244,51960000,1
1296241080000,1296241139000,0.7349374568224244,0.7349374568224244,0.7347700537116909,0.7348078477478139,62900000,1
1296241140000,1296241199000,0.73481864675798,0.735180597113681,0.73481864675798,0.7351211479651847,111170000,1
1296241200000,1296241259000,0.7351103400620432,0.7351373604157937,0.7350671116272915,0.7350887252091328,46720000,1
1296241260000,1296241319000,0.7350887252091328,0.7351535735815211,0.7349968762632759,0.7350725149035953,63970000,1
1296241320000,1296241379000,0.7350725149035953,0.7352130279748558,0.7350725149035953,0.7351643827559843,43600000,1
1296241380000,1296241439000,0.7351481691134848,0.7351481691134848,0.734797049055051,0.734797049055051,75190000,1
1296241440000,1296241499000,0.73481864675798,0.7348942487176096,0.7347322635631576,0.7347322635631576,49030000,1
1296241500000,1296241559000,0.734743060351795,0.7348942487176096,0.7347376619178123,0.7348834474852288,35200000,1
1296241560000,1296241619000,0.7348942487176096,0.7349428581927756,0.7346459006758742,0.7346566949264608,73270000,1
1296241620000,1296241679000,0.734667489494255,0.734797049055051,0.7346189164370982,0.7347592561297291,68440000,1
1296241680000,1296241739000,0.7347592561297291,0.7348834474852288,0.7346782843792703,0.7348240463820938,74410000,1
1296241740000,1296241799000,0.7348078477478139,0.7348402457305782,0.7347646548810416,0.7347646548810416,38950000,1
1296241800000,1296241859000,0.7347862506796773,0.7348078477478139,0.7346512977615175,0.734667489494255,46150000,1
1296241860000,1296241919000,0.7346512977615175,0.7347646548810416,0.7346459006758742,0.7346944773016141,30050000,1
1296241920000,1296241979000,0.7346890795815211,0.7347214670918255,0.7346566949264608,0.7347106709377846,34150000,1
1296241980000,1296242039000,0.7347052729797442,0.7348240463820938,0.7347052729797442,0.7347538574577517,31500000,1
1296242040000,1296242099000,0.7347538574577517,0.7347862506796773,0.734635106742481,0.7346836819407404,45770000,1
1296242100000,1296242159000,0.734667489494255,0.7346836819407404,0.7345163944059232,0.7345163944059232,37520000,1
1296242160000,1296242219000,0.734554162351161,0.7346243131262672,0.7343653614546309,0.7343869337876741,81040000,1
1296242220000,1296242279000,0.7343977204294757,0.7344085073881496,0.7342413451301443,0.7342898682683976,78880000,1
1296242280000,1296242339000,0.7343060440730487,0.7344246884203259,0.7343060440730487,0.7343437903889084,41290000,1
1296242340000,1296242399000,0.7343330053312577,0.7343707544190761,0.7341766575873487,0.7342305630814189,60960000,1
1296242400000,1296242459000,0.7342736931763946,0.7343060440730487,0.7341766575873487,0.7341766575873487,59750000,1
1296242460000,1296242519000,0.7342036093449436,0.7343006520589791,0.7341766575873487,0.7342305630814189,45650000,1
1296242520000,1296242579000,0.7342467362732573,0.7343599685693933,0.7339826633294921,0.7339826633294921,68570000,1
1296242580000,1296242639000,0.7339934380986635,0.734036540338978,0.7338264647176236,0.734036540338978,98300000,1
1296242640000,1296242699000,0.7340527049842178,0.7342844764918826,0.734036540338978,0.7342521274955394,61690000,1
1296242700000,1296242759000,0.7342143906020557,0.7342143906020557,0.7340904252585834,0.7341281494097609,65660000,1
1296242760000,1296242819000,0.7341389284508201,0.7341928284044522,0.7340580933575083,0.7340904252585834,60410000,1
1296242820000,1296242879000,0.7340850364106178,0.7341119814416491,0.7338318497699436,0.733928794228384,69670000,1
1296242880000,1296242939000,0.7339449541284403,0.734198218835121,0.7339126350399249,0.734198218835121,50260000,1
1296242940000,1296242999000,0.7341766575873487,0.7343869337876741,0.7341766575873487,0.7343653614546309,73910000,1
1296243000000,1296243059000,0.7343491830365338,0.7343707544190761,0.7342629101776182,0.7342683016374183,19440000,1
1296243060000,1296243119000,0.7342521274955394,0.7343599685693933,0.7342305630814189,0.7343599685693933,34360000,1
1296243120000,1296243179000,0.7343599685693933,0.7344031138692028,0.7343545757633616,0.7343707544190761,21110000,1
1296243180000,1296243239000,0.7343977204294757,0.7345163944059232,0.7343653614546309,0.7344031138692028,54290000,1
1296243240000,1296243299000,0.7343977204294757,0.7345163944059232,0.7343222205903951,0.7343707544190761,65280000,1
1296243300000,1296243359000,0.7343707544190761,0.7344624469350882,0.7343707544190761,0.7344624469350882,41050000,1
1296243360000,1296243419000,0.7344624469350882,0.7345433711133473,0.7344624469350882,0.7345379756133392,40080000,1
1296243420000,1296243479000,0.7345595580889699,0.7346890795815211,0.7344732357952876,0.7345002093325597,35420000,1
1296243480000,1296243539000,0.7345002093325597,0.7345973304733011,0.7345002093325597,0.7345973304733011,7880000,1
1296243540000,1296243599000,0.7346081232966274,0.7347376619178123,0.7345163944059232,0.7345163944059232,66370000,1
1296243600000,1296243659000,0.7345002093325597,0.7345811418329268,0.7343707544190761,0.7344300822561692,65650000,1
1296243660000,1296243719000,0.7344085073881496,0.7344786303442501,0.7342952601240958,0.7342952601240958,42770000,1
1296243720000,1296243779000,0.7343222205903951,0.7343330053312577,0.733939567416019,0.733939567416019,61260000,1
1296243780000,1296243839000,0.7339557277904998,0.7340850364106178,0.7339557277904998,0.7340527049842178,31510000,1
1296243840000,1296243899000,0.7340311522821028,0.7342467362732573,0.7340311522821028,0.7342467362732573,53860000,1
1296243900000,1296243959000,0.7342736931763946,0.7343006520589791,0.7342521274955394,0.7342736931763946,26230000,1
1296243960000,1296244019000,0.7343276129212286,0.7343437903889084,0.7342521274955394,0.7343383978204837,53550000,1
1296244020000,1296244079000,0.7343491830365338,0.7345056042777607,0.7343006520589791,0.7345056042777607,31950000,1
1296244080000,1296244139000,0.7345217895888883,0.734575745778026,0.7345056042777607,0.734554162351161,41750000,1
1296244140000,1296244199000,0.734554162351161,0.7345811418329268,0.7344300822561692,0.7344570526238478,58740000,1
1296244200000,1296244259000,0.7344570526238478,0.7344624469350882,0.7343330053312577,0.7343761474627305,64820000,1
1296244260000,1296244319000,0.7343761474627305,0.7345109993022145,0.7343653614546309,0.7345002093325597,62940000,1
1296244320000,1296244379000,0.7345056042777607,0.734575745778026,0.7344354761712409,0.734575745778026,25430000,1
1296244380000,1296244439000,0.7345973304733011,0.734667489494255,0.7345271848511113,0.7345973304733011,63400000,1
1296244440000,1296244499000,0.7345973304733011,0.7345973304733011,0.7344732357952876,0.7344732357952876,52310000,1
1296244500000,1296244559000,0.734446264239077,0.7344894196799094,0.7343545757633616,0.7344894196799094,61330000,1
1296244560000,1296244619000,0.7344786303442501,0.7344894196799094,0.7343276129212286,0.7343977204294757,64590000,1
1296244620000,1296244679000,0.7343977204294757,0.734667489494255,0.7343383978204837,0.734667489494255,91130000,1
1296244680000,1296244739000,0.734667489494255,0.734667489494255,0.7345056042777607,0.7345703498024005,71830000,1
1296244740000,1296244799000,0.7345919341805627,0.7345919341805627,0.7341065922771987,0.7341065922771987,85100000,1
1296244800000,1296244859000,0.7341119814416491,0.7343815405855958,0.734063481809907,0.7342844764918826,77690000,1
1296244860000,1296244919000,0.7342844764918826,0.7343330053312577,0.7342413451301443,0.7343222205903951,34980000,1
1296244920000,1296244979000,0.7343330053312577,0.7345109993022145,0.7343330053312577,0.7345109993022145,18400000,1
1296244980000,1296245039000,0.7345163944059232,0.734575745778026,0.7345002093325597,0.7345217895888883,33960000,1
1296245040000,1296245099000,0.7345163944059232,0.7345163944059232,0.7344786303442501,0.7344786303442501,13140000,1
1296245100000,1296245159000,0.7345002093325597,0.7345811418329268,0.7344840249724569,0.734575745778026,22290000,1
1296245160000,1296245219000,0.734575745778026,0.734575745778026,0.7344246884203259,0.734554162351161,41270000,1
1296245220000,1296245279000,0.7345649539060491,0.7345649539060491,0.7344031138692028,0.734413900986318,56660000,1
1296245280000,1296245339000,0.7344570526238478,0.7345379756133392,0.7344354761712409,0.7344786303442501,38460000,1
1296245340000,1296245399000,0.7344732357952876,0.7344894196799094,0.734413900986318,0.7344840249724569,45810000,1
1296245400000,1296245459000,0.7344840249724569,0.7345325801925945,0.7344354761712409,0.7344894196799094,39950000,1
1296245460000,1296245519000,0.7345056042777607,0.734602726845322,0.7345056042777607,0.7345865379671052,42420000,1
1296245520000,1296245579000,0.7346297098947276,0.734667489494255,0.7345109993022145,0.734575745778026,60920000,1
1296245580000,1296245639000,0.7346135198272189,0.7347268652878292,0.7346135198272189,0.7346620921707061,46570000,1
1296245640000,1296245699000,0.7346566949264608,0.734797049055051,0.7346566949264608,0.7347484588651075,41690000,1
1296245700000,1296245759000,0.7347646548810416,0.7347646548810416,0.7345433711133473,0.7345433711133473,34130000,1
1296245760000,1296245819000,0.7345271848511113,0.7345811418329268,0.7344624469350882,0.7344732357952876,48050000,1
1296245820000,1296245879000,0.7344624469350882,0.7345163944059232,0.7343923270689668,0.7345002093325597,57030000,1
1296245880000,1296245939000,0.7344948144666098,0.7344948144666098,0.7343060440730487,0.7343222205903951,44440000,1
1296245940000,1296245999000,0.7343222205903951,0.7344192946637094,0.7342629101776182,0.7344192946637094,56310000,1
1296246000000,1296246059000,0.7343923270689668,0.7345325801925945,0.7343923270689668,0.7344948144666098,22140000,1
1296246060000,1296246119000,0.7345109993022145,0.7345865379671052,0.7344192946637094,0.7345865379671052,69450000,1
1296246120000,1296246179000,0.7345865379671052,0.734672886897109,0.7345649539060491,0.734672886897109,41000000,1
1296246180000,1296246239000,0.734672886897109,0.7347214670918255,0.734554162351161,0.7347106709377846,39980000,1
1296246240000,1296246299000,0.7347106709377846,0.7347106709377846,0.7345325801925945,0.734602726845322,61100000,1
1296246300000,1296246359000,0.7346297098947276,0.7346297098947276,0.7345217895888883,0.7345973304733011,38920000,1
1296246360000,1296246419000,0.7345973304733011,0.7348294460855636,0.7345379756133392,0.7348240463820938,46910000,1
1296246420000,1296246479000,0.7348240463820938,0.7348996494528672,0.7347862506796773,0.734851045693038,50310000,1
1296246480000,1296246539000,0.7347700537116909,0.7349266543198989,0.734743060351795,0.7348564457933142,84150000,1
1296246540000,1296246599000,0.7348672462319682,0.7348726465703493,0.7343653614546309,0.7343653614546309,71310000,1
1296246600000,1296246659000,0.7343923270689668,0.7345865379671052,0.7343923270689668,0.7344894196799094,34320000,1
1296246660000,1296246719000,0.7345056042777607,0.7347916498276914,0.7345056042777607,0.7347916498276914,36920000,1
1296246720000,1296246779000,0.7347916498276914,0.7347916498276914,0.734635106742481,0.7346620921707061,45420000,1
1296246780000,1296246839000,0.7346620921707061,0.7346620921707061,0.7344786303442501,0.7344840249724569,29580000,1
1296246840000,1296246899000,0.7344732357952876,0.7345595580889699,0.7344624469350882,0.7345271848511113,35670000,1
1296246900000,1296246959000,0.7345271848511113,0.7345595580889699,0.7344678413255676,0.7345595580889699,37000000,1
1296246960000,1296247019000,0.7345703498024005,0.7347052729797442,0.7344732357952876,0.7345002093325597,43150000,1
1296247020000,1296247079000,0.7345002093325597,0.7345002093325597,0.7341065922771987,0.7342683016374183,65490000,1
1296247080000,1296247139000,0.7342844764918826,0.7344624469350882,0.734198218835121,0.7342521274955394,77500000,1
1296247140000,1296247199000,0.7342467362732573,0.7342736931763946,0.733961114740141,0.7339718888766561,61560000,1
1296247200000,1296247259000,0.733939567416019,0.7340688703414154,0.7338156948500815,0.7340688703414154,86630000,1
1296247260000,1296247319000,0.7340850364106178,0.7342305630814189,0.7339503409199334,0.733961114740141,84210000,1
1296247320000,1296247379000,0.733939567416019,0.7339449541284403,0.7337187802658998,0.7337403146278468,71670000,1
1296247380000,1296247439000,0.7337241637378843,0.7337403146278468,0.7335357892111557,0.7335465508641178,47590000,1
1296247440000,1296247499000,0.7335734563780545,0.7335734563780545,0.7334604664808567,0.7335196473237536,18380000,1
1296247500000,1296247559000,0.7335196473237536,0.7337995406414876,0.7334174318655206,0.733767234357917,60150000,1
1296247560000,1296247619000,0.733778002803032,0.7338587762171048,0.7336488023183302,0.7336488023183302,68290000,1
1296247620000,1296247679000,0.7336488023183302,0.733778002803032,0.7336380376649768,0.7336703325727617,59640000,1
1296247680000,1296247739000,0.7336703325727617,0.7338103100348561,0.7336703325727617,0.7337564662288587,36010000,1
1296247740000,1296247799000,0.733778002803032,0.7339180213570144,0.733778002803032,0.7339126350399249,27770000,1
1296247800000,1296247859000,0.733896476563016,0.7343599685693933,0.7338587762171048,0.7343599685693933,66040000,1
1296247860000,1296247919000,0.7343707544190761,0.7344408701655429,0.7342467362732573,0.7343491830365338,42400000,1
1296247920000,1296247979000,0.7343653614546309,0.734413900986318,0.7343276129212286,0.7343383978204837,28900000,1
1296247980000,1296248039000,0.7343491830365338,0.7343815405855958,0.734187438052935,0.7343707544190761,48160000,1
1296248040000,1296248099000,0.7343437903889084,0.7343437903889084,0.7342521274955394,0.7342844764918826,16510000,1
1296248100000,1296248159000,0.7342736931763946,0.7343383978204837,0.7342413451301443,0.7343222205903951,13510000,1
1296248160000,1296248219000,0.7343060440730487,0.7343060440730487,0.7342305630814189,0.7342952601240958,53650000,1
1296248220000,1296248279000,0.7342844764918826,0.7342844764918826,0.734187438052935,0.734187438052935,21010000,1
1296248280000,1296248339000,0.734187438052935,0.734187438052935,0.7340311522821028,0.7341335388907242,109990000,1
1296248340000,1296248399000,0.7341335388907242,0.7341335388907242,0.733853390769592,0.7338749330339124,165410000,1
1296248400000,1296248459000,0.7338749330339124,0.7338749330339124,0.7337726185409665,0.7338264647176236,49120000,1
1296248460000,1296248519000,0.7338049252986586,0.7339557277904998,0.7336595672875872,0.7339557277904998,107070000,1
1296248520000,1296248579000,0.7339718888766561,0.733988050674535,0.733853390769592,0.7338641617436613,41950000,1
1296248580000,1296248639000,0.733939567416019,0.7339665017688592,0.7339072488018964,0.7339665017688592,90540000,1
1296248640000,1296248699000,0.7339934380986635,0.7339934380986635,0.7338049252986586,0.7338641617436613,70850000,1
1296248700000,1296248759000,0.7338695473492631,0.7338695473492631,0.7337941560633411,0.7338156948500815,42990000,1
1296248760000,1296248819000,0.7338318497699436,0.7338372349012989,0.7337026303239297,0.7337026303239297,31830000,1
1296248820000,1296248879000,0.7337026303239297,0.7337887715642175,0.7336972471679286,0.733745698415843,40300000,1
1296248880000,1296248939000,0.7337510822828464,0.7337618502538815,0.7335573128328515,0.7335896006338215,50590000,1
1296248940000,1296248999000,0.7335896006338215,0.7336218912772358,0.7335842191362779,0.7335896006338215,60080000,1
1296249000000,1296249059000,0.7335896006338215,0.7336057456001995,0.7334766057636591,0.7334766057636591,62080000,1
1296249060000,1296249119000,0.7334766057636591,0.7335680751173709,0.7334012951866873,0.7335304085030845,39140000,1
1296249120000,1296249179000,0.7335088864601594,0.7337241637378843,0.7333744022998621,0.7337241637378843,105070000,1
1296249180000,1296249239000,0.733767234357917,0.7337833871441151,0.7337403146278468,0.7337403146278468,18750000,1
1296249240000,1296249299000,0.733745698415843,0.733939567416019,0.733745698415843,0.733939567416019,21960000,1
1296249300000,1296249359000,0.7339234077531668,0.733998825601879,0.7338695473492631,0.733998825601879,28520000,1
1296249360000,1296249419000,0.7340042131841836,0.7340473166900339,0.733977276063533,0.7340473166900339,20640000,1
1296249420000,1296249479000,0.7340419284749545,0.7340904252585834,0.7340257643043271,0.7340904252585834,11640000,1
1296249480000,1296249539000,0.7340473166900339,0.7340688703414154,0.7340473166900339,0.7340527049842178,8630000,1
1296249540000,1296249599000,0.7340527049842178,0.7340527049842178,0.733961114740141,0.733977276063533,29800000,1
1296249600000,1296249659000,0.733977276063533,0.733977276063533,0.7337833871441151,0.7338857046403593,36030000,1
1296249660000,1296249719000,0.7339072488018964,0.7339072488018964,0.7337133968729135,0.7337349309188563,20860000,1
1296249720000,1296249779000,0.7337510822828464,0.7339180213570144,0.7337510822828464,0.7339180213570144,19530000,1
1296249780000,1296249839000,0.7339126350399249,0.7339180213570144,0.7339126350399249,0.7339180213570144,4880000,1
1296249840000,1296249899000,0.7339018626429274,0.733928794228384,0.7337564662288587,0.733778002803032,35250000,1
1296249900000,1296249959000,0.7337887715642175,0.7338803187976105,0.7337241637378843,0.7337941560633411,40140000,1
1296249960000,1296250019000,0.7338049252986586,0.7338049252986586,0.7336703325727617,0.733767234357917,34890000,1
1296250020000,1296250079000,0.7337833871441151,0.7338264647176236,0.7336272733275133,0.7336972471679286,78220000,1
1296250080000,1296250139000,0.7336972471679286,0.7336972471679286,0.7336380376649768,0.7336434199521665,21000000,1
1296250140000,1296250199000,0.7335896006338215,0.7335896006338215,0.7335411699981661,0.7335680751173709,20250000,1
1296250200000,1296250259000,0.7335626939356372,0.7336326554567597,0.7335626939356372,0.7336326554567597,14260000,1
1296250260000,1296250319000,0.7336272733275133,0.7336595672875872,0.7335680751173709,0.7336595672875872,16130000,1
1296250320000,1296250379000,0.7336595672875872,0.733778002803032,0.7336434199521665,0.7337564662288587,42160000,1
1296250380000,1296250439000,0.733745698415843,0.7337941560633411,0.7337080135589241,0.733745698415843,26660000,1
1296250440000,1296250499000,0.7337080135589241,0.7337510822828464,0.7336703325727617,0.7336810981738678,13880000,1
1296250500000,1296250559000,0.7337080135589241,0.7337080135589241,0.7336218912772358,0.7336218912772358,8250000,1
1296250560000,1296250619000,0.7336111274135806,0.7336272733275133,0.7335035061467593,0.7335142668524903,32070000,1
1296250620000,1296250679000,0.7334927457567445,0.7337133968729135,0.7334927457567445,0.7337133968729135,22650000,1
1296250680000,1296250739000,0.7337133968729135,0.7337133968729135,0.7336057456001995,0.7336218912772358,20650000,1
1296250740000,1296250799000,0.7336326554567597,0.7337510822828464,0.7336218912772358,0.7336218912772358,37590000,1
1296250800000,1296250859000,0.7335949822103216,0.7337403146278468,0.7335196473237536,0.7336972471679286,47810000,1
1296250860000,1296250919000,0.7337133968729135,0.7337833871441151,0.7337133968729135,0.7337833871441151,6950000,1
1296250920000,1296250979000,0.7337941560633411,0.7340096008455791,0.7337618502538815,0.7338587762171048,58640000,1
1296250980000,1296251039000,0.7337941560633411,0.7339341807826675,0.7337564662288587,0.7337564662288587,33390000,1
1296251040000,1296251099000,0.7337618502538815,0.7340149885860668,0.7337618502538815,0.7339665017688592,82710000,1
1296251100000,1296251159000,0.7340257643043271,0.7340580933575083,0.733928794228384,0.7340580933575083,48190000,1
1296251160000,1296251219000,0.7340904252585834,0.7340904252585834,0.7340042131841836,0.7340311522821028,16510000,1
1296251220000,1296251279000,0.7340311522821028,0.7340311522821028,0.7339826633294921,0.734020376405649,26250000,1
1296251280000,1296251339000,0.733998825601879,0.734036540338978,0.7339557277904998,0.7340149885860668,19140000,1
1296251340000,1296251399000,0.7340096008455791,0.7340688703414154,0.7340096008455791,0.7340419284749545,22880000,1
1296251400000,1296251459000,0.7340311522821028,0.734063481809907,0.7340149885860668,0.7340149885860668,19880000,1
1296251460000,1296251519000,0.733896476563016,0.7340257643043271,0.733896476563016,0.7339341807826675,45000000,1
1296251520000,1296251579000,0.733977276063533,0.7341712674732762,0.7336918640909191,0.7336972471679286,69840000,1
1296251580000,1296251639000,0.7336918640909191,0.733853390769592,0.7336541847634699,0.7336918640909191,95240000,1
1296251640000,1296251699000,0.7337187802658998,0.7337241637378843,0.7336165093059254,0.7336972471679286,34280000,1
1296251700000,1296251759000,0.7336918640909191,0.7336918640909191,0.7335304085030845,0.7336057456001995,71490000,1
1296251760000,1296251819000,0.7336057456001995,0.7336541847634699,0.7334766057636591,0.7336541847634699,87820000,1
1296251820000,1296251879000,0.7336595672875872,0.7336918640909191,0.7335465508641178,0.7336380376649768,60750000,1
1296251880000,1296251939000,0.7336272733275133,0.7336434199521665,0.7334873656801262,0.7335304085030845,72340000,1
1296251940000,1296251999000,0.7335519318090125,0.7335573128328515,0.7333260000733326,0.7333260000733326,75930000,1
1296252000000,1296252059000,0.7333260000733326,0.7333260000733326,0.7333260000733326,0.7333260000733326,0,1
1296252060000,1296252119000,0.7333260000733326,0.7333260000733326,0.7333260000733326,0.7333260000733326,0,1
1296252120000,1296252179000,0.7333260000733326,0.7333260000733326,0.7333260000733326,0.7333260000733326,0,1
1296252180000,1296252239000,0.7333260000733326,0.7333260000733326,0.7333260000733326,0.7333260000733326,0,1
1296252240000,1296252299000,0.7333260000733326,0.7333260000733326,0.7333260000733326,0.7333260000733326,0,1
1296252300000,1296252359000,0.7333260000733326,0.7333260000733326,0.7333260000733326,0.7333260000733326,0,1
1296252360000,1296252419000,0.7333260000733326,0.7333260000733326,0.7333260000733326,0.7333260000733326,0,1
1296252420000,1296252479000,0.7333260000733326,0.7333260000733326,0.7333260000733326,0.7333260000733326,0,1
1296252480000,1296252539000,0.7333260000733326,0.7333260000733326,0.7333260000733326,0.7333260000733326,0,1
1296252540000,1296252599000,0.7333260000733326,0.7333260000733326,0.7333260000733326,0.7333260000733326,0,1
1296252600000,1296252659000,0.7333260000733326,0.7333260000733326,0.7333260000733326,0.7333260000733326,0,1
1296252660000,1296252719000,0.7333260000733326,0.7333260000733326,0.7333260000733326,0.7333260000733326,0,1
1296252720000,1296252779000,0.7333260000733326,0.7333260000733326,0.7333260000733326,0.7333260000733326,0,1
1296252780000,1296252839000,0.7333260000733326,0.7333260000733326,0.7333260000733326,0.7333260000733326,0,1
1296252840000,1296252899000,0.7333260000733326,0.7333260000733326,0.7333260000733326,0.7333260000733326,0,1
1296252900000,1296252959000,0.7333260000733326,0.7333260000733326,0.7333260000733326,0.7333260000733326,0,1
1296252960000,1296253019000,0.7333260000733326,0.7333260000733326,0.7333260000733326,0.7333260000733326,0,1
1296253020000,1296253079000,0.7333260000733326,0.7333260000733326,0.7333260000733326,0.7333260000733326,0,1
1296253080000,1296253139000,0.7333260000733326,0.7333260000733326,0.7333260000733326,0.7333260000733326,0,1
1296253140000,1296253199000,0.7333260000733326,0.7333260000733326,0.7333260000733326,0.7333260000733326,0,1
1296253200000,1296253259000,0.7333260000733326,0.7333260000733326,0.7333260000733326,0.7333260000733326,0,1
1296253260000,1296253319000,0.7333260000733326,0.7333260000733326,0.7333260000733326,0.7333260000733326,0,1
1296253320000,1296253379000,0.7333260000733326,0.7333260000733326,0.7333260000733326,0.7333260000733326,0,1
1296253380000,1296253439000,0.7333260000733326,0.7333260000733326,0.7333260000733326,0.7333260000733326,0,1
1296253440000,1296253499000,0.7333260000733326,0.7333260000733326,0.7333260000733326,0.7333260000733326,0,1
1296253500000,1296253559000,0.7333260000733326,0.7333260000733326,0.7333260000733326,0.7333260000733326,0,1
1296253560000,1296253619000,0.7333260000733326,0.7333260000733326,0.7333260000733326,0.7333260000733326,0,1
1296253620000,1296253679000,0.7333260000733326,0.7333260000733326,0.7333260000733326,0.7333260000733326,0,1
1296253680000,1296253739000,0.7333260000733326,0.7333260000733326,0.7333260000733326,0.7333260000733326,0,1
1296253740000,1296253799000,0.7333260000733326,0.7333260000733326,0.7333260000733326,0.7333260000733326,0,1
1296253800000,1296253859000,0.7333260000733326,0.7333260000733326,0.7333260000733326,0.7333260000733326,0,1
1296253860000,1296253919000,0.7333260000733326,0.7333260000733326,0.7333260000733326,0.7333260000733326,0,1
1296253920000,1296253979000,0.7333260000733326,0.7333260000733326,0.7333260000733326,0.7333260000733326,0,1
1296253980000,1296254039000,0.7333260000733326,0.7333260000733326,0.7333260000733326,0.7333260000733326,0,1
1296254040000,1296254099000,0.7333260000733326,0.7333260000733326,0.7333260000733326,0.7333260000733326,0,1
1296254100000,1296254159000,0.7333260000733326,0.7333260000733326,0.7333260000733326,0.7333260000733326,0,1
1296254160000,1296254219000,0.7333260000733326,0.7333260000733326,0.7333260000733326,0.7333260000733326,0,1
1296254220000,1296254279000,0.7333260000733326,0.7333260000733326,0.7333260000733326,0.7333260000733326,0,1
1296254280000,1296254339000,0.7333260000733326,0.7333260000733326,0.7333260000733326,0.7333260000733326,0,1
1296254340000,1296254399000,0.7333260000733326,0.7333260000733326,0.7333260000733326,0.7333260000733326,0,1
1296254400000,1296254459000,0.7333260000733326,0.7333260000733326,0.7333260000733326,0.7333260000733326,0,1
1296254460000,1296254519000,0.7333260000733326,0.7333260000733326,0.7333260000733326,0.7333260000733326,0,1
1296254520000,1296254579000,0.7333260000733326,0.7333260000733326,0.7333260000733326,0.7333260000733326,0,1
1296254580000,1296254639000,0.7333260000733326,0.7333260000733326,0.7333260000733326,0.7333260000733326,0,1
1296254640000,1296254699000,0.7333260000733326,0.7333260000733326,0.7333260000733326,0.7333260000733326,0,1
1296254700000,1296254759000,0.7333260000733326,0.7333260000733326,0.7333260000733326,0.7333260000733326,0,1
1296254760000,1296254819000,0.7333260000733326,0.7333260000733326,0.7333260000733326,0.7333260000733326,0,1
1296254820000,1296254879000,0.7333260000733326,0.7333260000733326,0.7333260000733326,0.7333260000733326,0,1
1296254880000,1296254939000,0.7333260000733326,0.7333260000733326,0.7333260000733326,0.7333260000733326,0,1
1296254940000,1296254999000,0.7333260000733326,0.7333260000733326,0.7333260000733326,0.7333260000733326,0,1
1296255000000,1296255059000,0.7333260000733326,0.7333260000733326,0.7333260000733326,0.7333260000733326,0,1
1296255060000,1296255119000,0.7333260000733326,0.7333260000733326,0.7333260000733326,0.7333260000733326,0,1
1296255120000,1296255179000,0.7333260000733326,0.7333260000733326,0.7333260000733326,0.7333260000733326,0,1
1296255180000,1296255239000,0.7333260000733326,0.7333260000733326,0.7333260000733326,0.7333260000733326,0,1
1296255240000,1296255299000,0.7333260000733326,0.7333260000733326,0.7333260000733326,0.7333260000733326,0,1
1296255300000,1296255359000,0.7333260000733326,0.7333260000733326,0.7333260000733326,0.7333260000733326,0,1
1296255360000,1296255419000,0.7333260000733326,0.7333260000733326,0.7333260000733326,0.7333260000733326,0,1
1296255420000,1296255479000,0.7333260000733326,0.7333260000733326,0.7333260000733326,0.7333260000733326,0,1
1296255480000,1296255539000,0.7333260000733326,0.7333260000733326,0.7333260000733326,0.7333260000733326,0,1
1296255540000,1296255599000,0.7333260000733326,0.7333260000733326,0.7333260000733326,0.7333260000733326,0,1
1296255600000,1296255659000,0.7333260000733326,0.7333260000733326,0.7333260000733326,0.7333260000733326,0,1
1296255660000,1296255719000,0.7333260000733326,0.7333260000733326,0.7333260000733326,0.7333260000733326,0,1
1296255720000,1296255779000,0.7333260000733326,0.7333260000733326,0.7333260000733326,0.7333260000733326,0,1
1296255780000,1296255839000,0.7333260000733326,0.7333260000733326,0.7333260000733326,0.7333260000733326,0,1
1296255840000,1296255899000,0.7333260000733326,0.7333260000733326,0.7333260000733326,0.7333260000733326,0,1
1296255900000,1296255959000,0.7333260000733326,0.7333260000733326,0.7333260000733326,0.7333260000733326,0,1
1296255960000,1296256019000,0.7333260000733326,0.7333260000733326,0.7333260000733326,0.7333260000733326,0,1
1296256020000,1296256079000,0.7333260000733326,0.7333260000733326,0.7333260000733326,0.7333260000733326,0,1
1296256080000,1296256139000,0.7333260000733326,0.7333260000733326,0.7333260000733326,0.7333260000733326,0,1
1296256140000,1296256199000,0.7333260000733326,0.7333260000733326,0.7333260000733326,0.7333260000733326,0,1
1296256200000,1296256259000,0.7333260000733326,0.7333260000733326,0.7333260000733326,0.7333260000733326,0,1
1296256260000,1296256319000,0.7333260000733326,0.7333260000733326,0.7333260000733326,0.7333260000733326,0,1
1296256320000,1296256379000,0.7333260000733326,0.7333260000733326,0.7333260000733326,0.7333260000733326,0,1
1296256380000,1296256439000,0.7333260000733326,0.7333260000733326,0.7333260000733326,0.7333260000733326,0,1
1296256440000,1296256499000,0.7333260000733326,0.7333260000733326,0.7333260000733326,0.7333260000733326,0,1
1296256500000,1296256559000,0.7333260000733326,0.7333260000733326,0.7333260000733326,0.7333260000733326,0,1
1296256560000,1296256619000,0.7333260000733326,0.7333260000733326,0.7333260000733326,0.7333260000733326,0,1
1296256620000,1296256679000,0.7333260000733326,0.7333260000733326,0.7333260000733326,0.7333260000733326,0,1
1296256680000,1296256739000,0.7333260000733326,0.7333260000733326,0.7333260000733326,0.7333260000733326,0,1
1296256740000,1296256799000,0.7333260000733326,0.7333260000733326,0.7333260000733326,0.7333260000733326,0,1
1296256800000,1296256859000,0.7333260000733326,0.7333260000733326,0.7333260000733326,0.7333260000733326,0,1
1296256860000,1296256919000,0.7333260000733326,0.7333260000733326,0.7333260000733326,0.7333260000733326,0,1
1296256920000,1296256979000,0.7333260000733326,0.7333260000733326,0.7333260000733326,0.7333260000733326,0,1
1296256980000,1296257039000,0.7333260000733326,0.7333260000733326,0.7333260000733326,0.7333260000733326,0,1
1296257040000,1296257099000,0.7333260000733326,0.7333260000733326,0.7333260000733326,0.7333260000733326,0,1
1296257100000,1296257159000,0.7333260000733326,0.7333260000733326,0.7333260000733326,0.7333260000733326,0,1
1296257160000,1296257219000,0.7333260000733326,0.7333260000733326,0.7333260000733326,0.7333260000733326,0,1
1296257220000,1296257279000,0.7333260000733326,0.7333260000733326,0.7333260000733326,0.7333260000733326,0,1
1296257280000,1296257339000,0.7333260000733326,0.7333260000733326,0.7333260000733326,0.7333260000733326,0,1
1296257340000,1296257399000,0.7333260000733326,0.7333260000733326,0.7333260000733326,0.7333260000733326,0,1
1296257400000,1296257459000,0.7333260000733326,0.7333260000733326,0.7333260000733326,0.7333260000733326,0,1
1296257460000,1296257519000,0.7333260000733326,0.7333260000733326,0.7333260000733326,0.7333260000733326,0,1
1296257520000,1296257579000,0.7333260000733326,0.7333260000733326,0.7333260000733326,0.7333260000733326,0,1
1296257580000,1296257639000,0.7333260000733326,0.7333260000733326,0.7333260000733326,0.7333260000733326,0,1
1296257640000,1296257699000,0.7333260000733326,0.7333260000733326,0.7333260000733326,0.7333260000733326,0,1
1296257700000,1296257759000,0.7333260000733326,0.7333260000733326,0.7333260000733326,0.7333260000733326,0,1
1296257760000,1296257819000,0.7333260000733326,0.7333260000733326,0.7333260000733326,0.7333260000733326,0,1
1296257820000,1296257879000,0.7333260000733326,0.7333260000733326,0.7333260000733326,0.7333260000733326,0,1
1296257880000,1296257939000,0.7333260000733326,0.7333260000733326,0.7333260000733326,0.7333260000733326,0,1
1296257940000,1296257999000,0.7333260000733326,0.7333260000733326,0.7333260000733326,0.7333260000733326,0,1
1296258000000,1296258059000,0.7333260000733326,0.7333260000733326,0.7333260000733326,0.7333260000733326,0,1
1296258060000,1296258119000,0.7333260000733326,0.7333260000733326,0.7333260000733326,0.7333260000733326,0,1
1296258120000,1296258179000,0.7333260000733326,0.7333260000733326,0.7333260000733326,0.7333260000733326,0,1
1296258180000,1296258239000,0.7333260000733326,0.7333260000733326,0.7333260000733326,0.7333260000733326,0,1
1296258240000,1296258299000,0.7333260000733326,0.7333260000733326,0.7333260000733326,0.7333260000733326,0,1
1296258300000,1296258359000,0.7333260000733326,0.7333260000733326,0.7333260000733326,0.7333260000733326,0,1
1296258360000,1296258419000,0.7333260000733326,0.7333260000733326,0.7333260000733326,0.7333260000733326,0,1
1296258420000,1296258479000,0.7333260000733326,0.7333260000733326,0.7333260000733326,0.7333260000733326,0,1
1296258480000,1296258539000,0.7333260000733326,0.7333260000733326,0.7333260000733326,0.7333260000733326,0,1
1296258540000,1296258599000,0.7333260000733326,0.7333260000733326,0.7333260000733326,0.7333260000733326,0,1
1296258600000,1296258659000,0.7333260000733326,0.7333260000733326,0.7333260000733326,0.7333260000733326,0,1
1296258660000,1296258719000,0.7333260000733326,0.7333260000733326,0.7333260000733326,0.7333260000733326,0,1
1296258720000,1296258779000,0.7333260000733326,0.7333260000733326,0.7333260000733326,0.7333260000733326,0,1
1296258780000,1296258839000,0.7333260000733326,0.7333260000733326,0.7333260000733326,0.7333260000733326,0,1
1296258840000,1296258899000,0.7333260000733326,0.7333260000733326,0.7333260000733326,0.7333260000733326,0,1
1296258900000,1296258959000,0.7333260000733326,0.7333260000733326,0.7333260000733326,0.7333260000733326,0,1
1296258960000,1296259019000,0.7333260000733326,0.7333260000733326,0.7333260000733326,0.7333260000733326,0,1
1296259020000,1296259079000,0.7333260000733326,0.7333260000733326,0.7333260000733326,0.7333260000733326,0,1
1296259080000,1296259139000,0.7333260000733326,0.7333260000733326,0.7333260000733326,0.7333260000733326,0,1
1296259140000,1296259199000,0.7333260000733326,0.7333260000733326,0.7333260000733326,0.7333260000733326,0,1
1296424800000,1296424859000,0.7341766575873487,0.7342359540661987,0.7335626939356372,0.7336757153338225,17020000,1
1296424860000,1296424919000,0.7337241637378843,0.7342952601240958,0.7337241637378843,0.7337564662288587,11820000,1
1296424920000,1296424979000,0.7342844764918826,0.7345271848511113,0.7341227600079284,0.7345271848511113,31210000,1
1296424980000,1296425039000,0.7345487666926207,0.7345865379671052,0.7343114361663068,0.7343923270689668,39000000,1
1296425040000,1296425099000,0.7344085073881496,0.7344624469350882,0.7343114361663068,0.7343437903889084,21000000,1
1296425100000,1296425159000,0.7343383978204837,0.7343383978204837,0.733977276063533,0.734020376405649,31500000,1
1296425160000,1296425219000,0.7340257643043271,0.7340850364106178,0.734020376405649,0.7340527049842178,15000000,1
1296425220000,1296425279000,0.7340473166900339,0.7340742589520356,0.7340096008455791,0.7340742589520356,18000000,1
1296425280000,1296425339000,0.7340149885860668,0.734036540338978,0.733928794228384,0.7339665017688592,19500000,1
1296425340000,1296425399000,0.733896476563016,0.7339126350399249,0.733896476563016,0.7339126350399249,4500000,1
1296425400000,1296425459000,0.7338156948500815,0.7338749330339124,0.733745698415843,0.7338749330339124,22500000,1
1296425460000,1296425519000,0.7338372349012989,0.733961114740141,0.7338318497699436,0.733961114740141,7500000,1
1296425520000,1296425579000,0.733961114740141,0.7340904252585834,0.733961114740141,0.7340904252585834,10500000,1
1296425580000,1296425639000,0.7340257643043271,0.7340419284749545,0.7340042131841836,0.7340419284749545,7500000,1
1296425640000,1296425699000,0.7340419284749545,0.7342413451301443,0.7340311522821028,0.7341928284044522,21000000,1
1296425700000,1296425759000,0.7341928284044522,0.7342467362732573,0.7341928284044522,0.7342467362732573,3000000,1
1296425760000,1296425819000,0.7342736931763946,0.7349806700083789,0.7342736931763946,0.7346782843792703,54000000,1
1296425820000,1296425879000,0.7346836819407404,0.7348942487176096,0.7346782843792703,0.7348942487176096,20270000,1
1296425880000,1296425939000,0.7348942487176096,0.7349374568224244,0.7347754526216789,0.7347754526216789,16500000,1
1296425940000,1296425999000,0.7348240463820938,0.7349698662354843,0.7345379756133392,0.7345379756133392,30390000,1
1296426000000,1296426059000,0.7345379756133392,0.7345379756133392,0.7344786303442501,0.7344786303442501,3000000,1
1296426060000,1296426119000,0.7344894196799094,0.7345109993022145,0.7343114361663068,0.7343114361663068,25130000,1
1296426120000,1296426179000,0.7343114361663068,0.7343653614546309,0.7342844764918826,0.7343653614546309,15380000,1
1296426180000,1296426239000,0.7343599685693933,0.7344031138692028,0.7343599685693933,0.7344031138692028,7510000,1
1296426240000,1296426299000,0.7344085073881496,0.7344840249724569,0.7343815405855958,0.7343815405855958,6000000,1
1296426300000,1296426359000,0.7343923270689668,0.7344570526238478,0.7343923270689668,0.7344570526238478,4500000,1
1296426360000,1296426419000,0.7344624469350882,0.7344894196799094,0.7344624469350882,0.7344894196799094,5630000,1
1296426420000,1296426479000,0.7344894196799094,0.7344894196799094,0.7344840249724569,0.7344840249724569,3000000,1
1296426480000,1296426539000,0.7345109993022145,0.7345109993022145,0.7343491830365338,0.7343491830365338,24380000,1
1296426540000,1296426599000,0.7343491830365338,0.7344624469350882,0.734198218835121,0.7342089999339212,37530000,1
1296426600000,1296426659000,0.734187438052935,0.734187438052935,0.7340419284749545,0.7341281494097609,32260000,1
1296426660000,1296426719000,0.7341065922771987,0.7341443180900501,0.7340850364106178,0.7341443180900501,13900000,1
1296426720000,1296426779000,0.7341497078084163,0.7342683016374183,0.7340688703414154,0.7342143906020557,20630000,1
1296426780000,1296426839000,0.7342143906020557,0.7342736931763946,0.7341604874825637,0.7341928284044522,25130000,1
1296426840000,1296426899000,0.7342036093449436,0.7343545757633616,0.7341119814416491,0.7343545757633616,25530000,1
1296426900000,1296426959000,0.7343653614546309,0.7345487666926207,0.7343653614546309,0.734413900986318,28890000,1
1296426960000,1296427019000,0.7344354761712409,0.7344354761712409,0.7343491830365338,0.7343491830365338,9000000,1
1296427020000,1296427079000,0.7343330053312577,0.7343330053312577,0.7343330053312577,0.7343330053312577,1500000,1
1296427080000,1296427139000,0.7343437903889084,0.7343545757633616,0.7343437903889084,0.7343545757633616,2630000,1
1296427140000,1296427199000,0.7343383978204837,0.7343545757633616,0.7343383978204837,0.7343491830365338,5630000,1
1296427200000,1296427259000,0.7343383978204837,0.7343383978204837,0.7343114361663068,0.7343114361663068,3000000,1
1296427260000,1296427319000,0.7343114361663068,0.7343276129212286,0.7342575187969925,0.7343276129212286,17640000,1
1296427320000,1296427379000,0.7343383978204837,0.7344300822561692,0.7343383978204837,0.7344300822561692,7130000,1
1296427380000,1296427439000,0.7344354761712409,0.7344516583918446,0.7344354761712409,0.7344516583918446,2630000,1
1296427440000,1296427499000,0.7345002093325597,0.7345433711133473,0.7345002093325597,0.7345433711133473,4130000,1
1296427500000,1296427559000,0.734554162351161,0.7346081232966274,0.734554162351161,0.7346081232966274,10510000,1
1296427560000,1296427619000,0.7346189164370982,0.734635106742481,0.7346189164370982,0.734635106742481,6390000,1
1296427620000,1296427679000,0.7346459006758742,0.7346782843792703,0.7345919341805627,0.734667489494255,14260000,1
1296427680000,1296427739000,0.7346782843792703,0.7347916498276914,0.7345865379671052,0.7347322635631576,38640000,1
1296427740000,1296427799000,0.7347646548810416,0.7348942487176096,0.7347322635631576,0.7348672462319682,39390000,1
1296427800000,1296427859000,0.7349050502675055,0.7349536611716632,0.7347754526216789,0.7348132472132208,22520000,1
1296427860000,1296427919000,0.7348294460855636,0.7349590627802032,0.7348294460855636,0.7349158521349305,15760000,1
1296427920000,1296427979000,0.7349158521349305,0.7350779182593354,0.7348726465703493,0.7350779182593354,33770000,1
1296427980000,1296428039000,0.7350941288031932,0.7351860020585208,0.7350779182593354,0.7351589781290204,34150000,1
1296428040000,1296428099000,0.7351751922483127,0.7352022173698876,0.7351481691134848,0.735191407082834,15760000,1
1296428100000,1296428159000,0.7352022173698876,0.7353157445807229,0.735191407082834,0.7352022173698876,46910000,1
1296428160000,1296428219000,0.7352238388977523,0.7352238388977523,0.735180597113681,0.7352184333965621,9770000,1
1296428220000,1296428279000,0.7352508675960238,0.7353211515129233,0.7352508675960238,0.7352887111124183,27790000,1
1296428280000,1296428339000,0.7352833046572844,0.7352887111124183,0.7351697874624145,0.7351697874624145,11260000,1
1296428340000,1296428399000,0.735180597113681,0.735180597113681,0.7351751922483127,0.7351751922483127,2260000,1
1296428400000,1296428459000,0.7351697874624145,0.7356457130246074,0.7347322635631576,0.734743060351795,85100000,1
1296428460000,1296428519000,0.7347538574577517,0.7348294460855636,0.7347214670918255,0.7347268652878292,28510000,1
1296428520000,1296428579000,0.7347322635631576,0.7351373604157937,0.7347322635631576,0.7351103400620432,31170000,1
1296428580000,1296428639000,0.7351103400620432,0.7351103400620432,0.7348672462319682,0.7348672462319682,18380000,1
1296428640000,1296428699000,0.7348780469881023,0.7349374568224244,0.7347268652878292,0.7347268652878292,33760000,1
1296428700000,1296428759000,0.7347268652878292,0.7347268652878292,0.7345002093325597,0.7345002093325597,13500000,1
1296428760000,1296428819000,0.7345163944059232,0.7349806700083789,0.7345163944059232,0.7348402457305782,28900000,1
1296428820000,1296428879000,0.7348402457305782,0.7348780469881023,0.734672886897109,0.7348240463820938,50650000,1
1296428880000,1296428939000,0.7348240463820938,0.7348240463820938,0.7347160689751445,0.7347700537116909,35630000,1
1296428940000,1296428999000,0.7347700537116909,0.7349428581927756,0.7347700537116909,0.7349320555314661,33020000,1
1296429000000,1296429059000,0.7349482596425211,0.7349482596425211,0.7349482596425211,0.7349482596425211,10500000,1
1296429060000,1296429119000,0.7349482596425211,0.7349914740989004,0.7348132472132208,0.7349050502675055,14630000,1
1296429120000,1296429179000,0.7348240463820938,0.7349320555314661,0.7347700537116909,0.7348672462319682,68650000,1
1296429180000,1296429239000,0.7348402457305782,0.7348402457305782,0.7348294460855636,0.7348294460855636,13500000,1
1296429240000,1296429299000,0.7348294460855636,0.7348294460855636,0.734672886897109,0.7346944773016141,31510000,1
1296429300000,1296429359000,0.7347052729797442,0.734851045693038,0.7347052729797442,0.7348132472132208,80110000,1
1296429360000,1296429419000,0.7348456456721266,0.7350184857149157,0.7348240463820938,0.7350076808302647,74300000,1
1296429420000,1296429479000,0.7350076808302647,0.735023888276369,0.7349266543198989,0.7349428581927756,54760000,1
1296429480000,1296429539000,0.7349374568224244,0.7349374568224244,0.7348024483617579,0.7349050502675055,43910000,1
1296429540000,1296429599000,0.7349104511615259,0.7349320555314661,0.7347538574577517,0.7348564457933142,59650000,1
1296429600000,1296429659000,0.7348348458683911,0.7348348458683911,0.7345325801925945,0.7345325801925945,45770000,1
1296429660000,1296429719000,0.7345703498024005,0.7346512977615175,0.7344786303442501,0.7346189164370982,72090000,1
1296429720000,1296429779000,0.7346081232966274,0.734667489494255,0.7345109993022145,0.7345109993022145,47260000,1
1296429780000,1296429839000,0.7345109993022145,0.7345217895888883,0.7342790847945487,0.7343761474627305,64520000,1
1296429840000,1296429899000,0.7343761474627305,0.7344031138692028,0.7342521274955394,0.7343491830365338,57410000,1
1296429900000,1296429959000,0.7343383978204837,0.7344085073881496,0.7343383978204837,0.7343707544190761,23450000,1
1296429960000,1296430019000,0.7343869337876741,0.7344031138692028,0.7342413451301443,0.7342575187969925,23080000,1
1296430020000,1296430079000,0.7342575187969925,0.7343222205903951,0.7342359540661987,0.7343060440730487,27390000,1
1296430080000,1296430139000,0.7342575187969925,0.7343491830365338,0.7342143906020557,0.7342898682683976,36780000,1
1296430140000,1296430199000,0.7342736931763946,0.7342898682683976,0.7342089999339212,0.7342089999339212,21760000,1
1296430200000,1296430259000,0.7342036093449436,0.7342143906020557,0.7341065922771987,0.7341658774383484,48780000,1
1296430260000,1296430319000,0.7341766575873487,0.7342251721758029,0.7341712674732762,0.734187438052935,33760000,1
1296430320000,1296430379000,0.734187438052935,0.7342305630814189,0.734187438052935,0.7342036093449436,28890000,1
1296430380000,1296430439000,0.7342036093449436,0.7342036093449436,0.7340958141856675,0.7340958141856675,47650000,1
1296430440000,1296430499000,0.7340958141856675,0.7341712674732762,0.7340796476417691,0.7341281494097609,54420000,1
1296430500000,1296430559000,0.7341119814416491,0.7342467362732573,0.7340904252585834,0.734187438052935,57820000,1
1296430560000,1296430619000,0.734187438052935,0.7344408701655429,0.734187438052935,0.7343330053312577,91180000,1
1296430620000,1296430679000,0.7343060440730487,0.7344031138692028,0.7343060440730487,0.7343491830365338,49940000,1
1296430680000,1296430739000,0.7343491830365338,0.7343761474627305,0.7342736931763946,0.7343437903889084,72780000,1
1296430740000,1296430799000,0.7343168283387551,0.7344408701655429,0.7343168283387551,0.7343437903889084,60070000,1
1296430800000,1296430859000,0.7343491830365338,0.7343815405855958,0.7340527049842178,0.7342089999339212,115990000,1
1296430860000,1296430919000,0.7342089999339212,0.7343599685693933,0.7341820477805676,0.7343599685693933,59690000,1
1296430920000,1296430979000,0.7343383978204837,0.7343815405855958,0.7343006520589791,0.7343006520589791,27380000,1
1296430980000,1296431039000,0.7343006520589791,0.7345811418329268,0.7343006520589791,0.7344354761712409,49160000,1
1296431040000,1296431099000,0.7344570526238478,0.7346405036695293,0.7344300822561692,0.7345056042777607,95820000,1
1296431100000,1296431159000,0.7345056042777607,0.7345056042777607,0.7344624469350882,0.7344894196799094,32640000,1
1296431160000,1296431219000,0.7344894196799094,0.7345703498024005,0.734446264239077,0.7344516583918446,37060000,1
1296431220000,1296431279000,0.7344624469350882,0.734575745778026,0.7344624469350882,0.734575745778026,24840000,1
1296431280000,1296431339000,0.7345703498024005,0.7349590627802032,0.7345703498024005,0.7349428581927756,31070000,1
1296431340000,1296431399000,0.7349428581927756,0.7349428581927756,0.7345811418329268,0.7345811418329268,69780000,1
1296431400000,1296431459000,0.7345811418329268,0.7345811418329268,0.7345056042777607,0.734554162351161,33330000,1
1296431460000,1296431519000,0.7346081232966274,0.7346998751010212,0.7345865379671052,0.7346297098947276,60400000,1
1296431520000,1296431579000,0.7346297098947276,0.7346998751010212,0.7345487666926207,0.734672886897109,39780000,1
1296431580000,1296431639000,0.734667489494255,0.7347106709377846,0.7346189164370982,0.7346890795815211,25140000,1
1296431640000,1296431699000,0.7346890795815211,0.7346890795815211,0.7346405036695293,0.7346836819407404,19500000,1
1296431700000,1296431759000,0.7346998751010212,0.7347160689751445,0.734667489494255,0.7346998751010212,14630000,1
1296431760000,1296431819000,0.734672886897109,0.7348348458683911,0.734672886897109,0.7348348458683911,73590000,1
1296431820000,1296431879000,0.7348348458683911,0.7350184857149157,0.7348078477478139,0.7349266543198989,63420000,1
1296431880000,1296431939000,0.7349698662354843,0.7349806700083789,0.7348726465703493,0.7349536611716632,97920000,1
1296431940000,1296431999000,0.7349536611716632,0.7349536611716632,0.7348132472132208,0.7349104511615259,96770000,1
1296432000000,1296432059000,0.7349104511615259,0.7349104511615259,0.7345595580889699,0.7346944773016141,57000000,1
1296432060000,1296432119000,0.7346459006758742,0.7346782843792703,0.7344354761712409,0.7345973304733011,152000000,1
1296432120000,1296432179000,0.7345973304733011,0.7346512977615175,0.7345379756133392,0.7345811418329268,89000000,1
1296432180000,1296432239000,0.7345865379671052,0.7347700537116909,0.7345433711133473,0.7345433711133473,85000000,1
1296432240000,1296432299000,0.7345649539060491,0.7345649539060491,0.7343437903889084,0.7343923270689668,70000000,1
1296432300000,1296432359000,0.7343923270689668,0.7345379756133392,0.7343923270689668,0.7344732357952876,65000000,1
1296432360000,1296432419000,0.7344732357952876,0.7344894196799094,0.7344192946637094,0.734446264239077,48000000,1
1296432420000,1296432479000,0.734446264239077,0.7344570526238478,0.7344246884203259,0.7344246884203259,26000000,1
1296432480000,1296432539000,0.7344246884203259,0.7344516583918446,0.7342575187969925,0.7343869337876741,87000000,1
1296432540000,1296432599000,0.7343707544190761,0.7343707544190761,0.7341550976059202,0.7341604874825637,110000000,1
1296432600000,1296432659000,0.7341443180900501,0.7342359540661987,0.7341012031918721,0.734187438052935,45000000,1
1296432660000,1296432719000,0.7341928284044522,0.7343815405855958,0.7341658774383484,0.7341928284044522,91000000,1
1296432720000,1296432779000,0.7341928284044522,0.7342575187969925,0.734063481809907,0.7342575187969925,121000000,1
1296432780000,1296432839000,0.7342575187969925,0.7343977204294757,0.7342305630814189,0.7343977204294757,64000000,1
1296432840000,1296432899000,0.7343761474627305,0.7344678413255676,0.7343599685693933,0.7344678413255676,74000000,1
1296432900000,1296432959000,0.7344678413255676,0.7344840249724569,0.7343869337876741,0.7344516583918446,59000000,1
1296432960000,1296433019000,0.7344678413255676,0.7344894196799094,0.7344678413255676,0.7344894196799094,11000000,1
1296433020000,1296433079000,0.7345002093325597,0.7347538574577517,0.7345002093325597,0.7345865379671052,106000000,1
1296433080000,1296433139000,0.7346243131262672,0.734667489494255,0.7345595580889699,0.734635106742481,42000000,1
1296433140000,1296433199000,0.7346459006758742,0.7347214670918255,0.7345865379671052,0.7346620921707061,50000000,1
1296433200000,1296433259000,0.7346890795815211,0.7347484588651075,0.734635106742481,0.7347160689751445,66000000,1
1296433260000,1296433319000,0.7347160689751445,0.7347700537116909,0.7347160689751445,0.7347214670918255,52000000,1
1296433320000,1296433379000,0.7347160689751445,0.7347214670918255,0.7347160689751445,0.7347214670918255,44000000,1
1296433380000,1296433439000,0.7347214670918255,0.7347214670918255,0.7340580933575083,0.7341658774383484,236000000,1
1296433440000,1296433499000,0.7341658774383484,0.7342305630814189,0.7340419284749545,0.7340419284749545,95000000,1
1296433500000,1296433559000,0.7340419284749545,0.7341389284508201,0.7339503409199334,0.7341227600079284,106000000,1
1296433560000,1296433619000,0.7341335388907242,0.7341766575873487,0.734036540338978,0.734036540338978,54000000,1
1296433620000,1296433679000,0.734036540338978,0.7342305630814189,0.734036540338978,0.7342305630814189,66000000,1
1296433680000,1296433739000,0.7342305630814189,0.7342305630814189,0.7340796476417691,0.7341389284508201,164000000,1
1296433740000,1296433799000,0.7339934380986635,0.7339934380986635,0.7337887715642175,0.7338426201116909,145000000,1
1296433800000,1296433859000,0.7338426201116909,0.7340796476417691,0.7337833871441151,0.7338803187976105,95000000,1
1296433860000,1296433919000,0.733961114740141,0.7340580933575083,0.7338910905621605,0.7340042131841836,96000000,1
1296433920000,1296433979000,0.7340042131841836,0.7340042131841836,0.7339018626429274,0.7340042131841836,95000000,1
1296433980000,1296434039000,0.7339718888766561,0.7340257643043271,0.7339126350399249,0.7339126350399249,178000000,1
1296434040000,1296434099000,0.7339234077531668,0.7339557277904998,0.7338910905621605,0.7338910905621605,57000000,1
1296434100000,1296434159000,0.7339018626429274,0.733988050674535,0.7339018626429274,0.7339503409199334,45000000,1
1296434160000,1296434219000,0.7339503409199334,0.7339557277904998,0.7336218912772358,0.7336218912772358,145000000,1
1296434220000,1296434279000,0.7336218912772358,0.7337187802658998,0.733525027873951,0.7335896006338215,253000000,1
1296434280000,1296434339000,0.7335896006338215,0.7337133968729135,0.7335896006338215,0.7337133968729135,192000000,1
1296434340000,1296434399000,0.7337133968729135,0.7338049252986586,0.7336218912772358,0.733745698415843,118000000,1
1296434400000,1296434459000,0.7337349309188563,0.7338318497699436,0.7337133968729135,0.7338156948500815,69000000,1
1296434460000,1296434519000,0.7338103100348561,0.7339503409199334,0.7337995406414876,0.7339449541284403,63000000,1
1296434520000,1296434579000,0.7339341807826675,0.7340958141856675,0.7339341807826675,0.7339934380986635,48000000,1
1296434580000,1296434639000,0.7340688703414154,0.7342143906020557,0.734036540338978,0.7341550976059202,123000000,1
1296434640000,1296434699000,0.7341550976059202,0.7341550976059202,0.7339826633294921,0.7340257643043271,70000000,1
1296434700000,1296434759000,0.7340257643043271,0.7340527049842178,0.734020376405649,0.7340257643043271,27000000,1
1296434760000,1296434819000,0.7340419284749545,0.7340850364106178,0.7339934380986635,0.7340850364106178,58000000,1
1296434820000,1296434879000,0.7340850364106178,0.7341335388907242,0.734063481809907,0.734063481809907,30000000,1
1296434880000,1296434939000,0.734063481809907,0.7341065922771987,0.734063481809907,0.7341065922771987,25000000,1
1296434940000,1296434999000,0.7341065922771987,0.7341119814416491,0.7340688703414154,0.7340958141856675,38000000,1
1296435000000,1296435059000,0.7341012031918721,0.7341012031918721,0.733961114740141,0.7340419284749545,111000000,1
1296435060000,1296435119000,0.7340419284749545,0.7340904252585834,0.7339126350399249,0.7339665017688592,135000000,1
1296435120000,1296435179000,0.7339718888766561,0.7340311522821028,0.7338749330339124,0.7339072488018964,110000000,1
1296435180000,1296435239000,0.7339180213570144,0.7339557277904998,0.7338480054011214,0.7339072488018964,82000000,1
1296435240000,1296435299000,0.7338803187976105,0.7341550976059202,0.7338803187976105,0.7340149885860668,135000000,1
1296435300000,1296435359000,0.7340311522821028,0.7341335388907242,0.7338695473492631,0.7338910905621605,138000000,1
1296435360000,1296435419000,0.7338910905621605,0.7340796476417691,0.7338910905621605,0.7340796476417691,69000000,1
1296435420000,1296435479000,0.7340958141856675,0.7342036093449436,0.7339557277904998,0.7341443180900501,128000000,1
1296435480000,1296435539000,0.7341443180900501,0.7343923270689668,0.7340796476417691,0.7343923270689668,98000000,1
1296435540000,1296435599000,0.7343923270689668,0.7343923270689668,0.7342575187969925,0.7343707544190761,68000000,1
1296435600000,1296435659000,0.7343707544190761,0.7345217895888883,0.7343599685693933,0.7344948144666098,105000000,1
1296435660000,1296435719000,0.7344678413255676,0.7344678413255676,0.7342736931763946,0.7343276129212286,82000000,1
1296435720000,1296435779000,0.7343437903889084,0.734446264239077,0.7342790847945487,0.7344300822561692,60000000,1
1296435780000,1296435839000,0.7344624469350882,0.7344624469350882,0.7340580933575083,0.7340580933575083,101000000,1
1296435840000,1296435899000,0.734063481809907,0.7341227600079284,0.734036540338978,0.7340473166900339,42000000,1
1296435900000,1296435959000,0.7340473166900339,0.7340850364106178,0.7340042131841836,0.7340042131841836,40000000,1
1296435960000,1296436019000,0.7340149885860668,0.7341335388907242,0.7340149885860668,0.7341335388907242,45000000,1
1296436020000,1296436079000,0.7341119814416491,0.7341443180900501,0.7340257643043271,0.7340796476417691,50000000,1
1296436080000,1296436139000,0.7341119814416491,0.7342952601240958,0.7340796476417691,0.7342736931763946,122000000,1
1296436140000,1296436199000,0.7342790847945487,0.734413900986318,0.7342683016374183,0.7343707544190761,107000000,1
1296436200000,1296436259000,0.7343761474627305,0.7345002093325597,0.7343761474627305,0.7344840249724569,77000000,1
1296436260000,1296436319000,0.7344840249724569,0.7345595580889699,0.734446264239077,0.7345379756133392,83000000,1
1296436320000,1296436379000,0.7345595580889699,0.7345595580889699,0.7344354761712409,0.7345217895888883,91000000,1
1296436380000,1296436439000,0.7345271848511113,0.7346189164370982,0.7345217895888883,0.7345271848511113,39000000,1
1296436440000,1296436499000,0.7345271848511113,0.7347214670918255,0.7345163944059232,0.734672886897109,79000000,1
1296436500000,1296436559000,0.734672886897109,0.7348780469881023,0.734635106742481,0.7348024483617579,132000000,1
1296436560000,1296436619000,0.7347916498276914,0.7347916498276914,0.734667489494255,0.7346836819407404,73000000,1
1296436620000,1296436679000,0.7346836819407404,0.7346890795815211,0.7344840249724569,0.7344894196799094,146000000,1
1296436680000,1296436739000,0.7344894196799094,0.7345109993022145,0.7343653614546309,0.7344300822561692,90000000,1
1296436740000,1296436799000,0.7344300822561692,0.7346512977615175,0.7343707544190761,0.7346512977615175,147000000,1
1296436800000,1296436859000,0.7346620921707061,0.7347160689751445,0.734575745778026,0.734575745778026,74000000,1
1296436860000,1296436919000,0.7345919341805627,0.7346135198272189,0.7345002093325597,0.7345163944059232,103000000,1
1296436920000,1296436979000,0.7345379756133392,0.7345649539060491,0.7344354761712409,0.7345163944059232,130000000,1
1296436980000,1296437039000,0.7345163944059232,0.7345271848511113,0.7342359540661987,0.7342844764918826,121000000,1
1296437040000,1296437099000,0.7343006520589791,0.7343545757633616,0.7342036093449436,0.7342683016374183,109000000,1
1296437100000,1296437159000,0.7342790847945487,0.7343923270689668,0.7342736931763946,0.7343707544190761,39000000,1
1296437160000,1296437219000,0.7343869337876741,0.7345379756133392,0.7343815405855958,0.7345002093325597,60000000,1
1296437220000,1296437279000,0.7345163944059232,0.7345163944059232,0.7344192946637094,0.7344300822561692,59000000,1
1296437280000,1296437339000,0.7344354761712409,0.7346566949264608,0.7344354761712409,0.7346566949264608,88000000,1
1296437340000,1296437399000,0.7346566949264608,0.7346566949264608,0.7345703498024005,0.7345919341805627,62000000,1
1296437400000,1296437459000,0.7345919341805627,0.734635106742481,0.7345919341805627,0.734635106742481,18000000,1
1296437460000,1296437519000,0.7346297098947276,0.7346836819407404,0.7345919341805627,0.7345919341805627,86000000,1
1296437520000,1296437579000,0.7345919341805627,0.7345919341805627,0.7344840249724569,0.734554162351161,71000000,1
1296437580000,1296437639000,0.7345595580889699,0.7346297098947276,0.7345271848511113,0.7345919341805627,98000000,1
1296437640000,1296437699000,0.7345919341805627,0.7346566949264608,0.7345433711133473,0.7345865379671052,96000000,1
1296437700000,1296437759000,0.7345811418329268,0.734743060351795,0.7345811418329268,0.734743060351795,54000000,1
1296437760000,1296437819000,0.7347268652878292,0.7347268652878292,0.7346243131262672,0.7346297098947276,58000000,1
1296437820000,1296437879000,0.734635106742481,0.7346566949264608,0.7345865379671052,0.7346512977615175,44000000,1
1296437880000,1296437939000,0.7346512977615175,0.734672886897109,0.7345595580889699,0.7345703498024005,84000000,1
1296437940000,1296437999000,0.7345703498024005,0.7346836819407404,0.7344948144666098,0.7344948144666098,125000000,1
1296438000000,1296438059000,0.7345002093325597,0.7345056042777607,0.7343599685693933,0.7344246884203259,79000000,1
1296438060000,1296438119000,0.7344246884203259,0.7344300822561692,0.7343653614546309,0.734413900986318,50000000,1
1296438120000,1296438179000,0.7343977204294757,0.7343977204294757,0.7343168283387551,0.7343330053312577,31000000,1
1296438180000,1296438239000,0.7343060440730487,0.7343060440730487,0.7341928284044522,0.7342521274955394,43000000,1
1296438240000,1296438299000,0.7342413451301443,0.7342683016374183,0.7341389284508201,0.7341820477805676,90000000,1
1296438300000,1296438359000,0.734198218835121,0.7342305630814189,0.7341281494097609,0.7341389284508201,75000000,1
1296438360000,1296438419000,0.7341389284508201,0.7341928284044522,0.7341012031918721,0.7341012031918721,70000000,1
1296438420000,1296438479000,0.7341281494097609,0.7341335388907242,0.7340257643043271,0.7341227600079284,67000000,1
1296438480000,1296438539000,0.7341281494097609,0.7342521274955394,0.733977276063533,0.734020376405649,100000000,1
1296438540000,1296438599000,0.734020376405649,0.7341335388907242,0.7339180213570144,0.7339180213570144,74000000,1
1296438600000,1296438659000,0.733928794228384,0.7339557277904998,0.7337995406414876,0.733853390769592,131000000,1
1296438660000,1296438719000,0.7338641617436613,0.7342359540661987,0.7338641617436613,0.7340850364106178,94000000,1
1296438720000,1296438779000,0.7340850364106178,0.7343006520589791,0.7340580933575083,0.7342952601240958,106000000,1
1296438780000,1296438839000,0.7342844764918826,0.7343330053312577,0.7342143906020557,0.7342413451301443,49000000,1
1296438840000,1296438899000,0.7342089999339212,0.7342521274955394,0.7342089999339212,0.7342251721758029,22000000,1
1296438900000,1296438959000,0.7342089999339212,0.7342251721758029,0.7341281494097609,0.7341497078084163,47000000,1
1296438960000,1296439019000,0.7341497078084163,0.7342629101776182,0.7340419284749545,0.7341658774383484,94000000,1
1296439020000,1296439079000,0.7341389284508201,0.7343491830365338,0.7341389284508201,0.7343491830365338,72000000,1
1296439080000,1296439139000,0.7343491830365338,0.7345002093325597,0.7343491830365338,0.7344246884203259,61000000,1
1296439140000,1296439199000,0.7344246884203259,0.7345217895888883,0.7344246884203259,0.7344732357952876,37000000,1
1296439200000,1296439259000,0.7344732357952876,0.7345433711133473,0.7343437903889084,0.7344408701655429,85000000,1
1296439260000,1296439319000,0.7344246884203259,0.7344570526238478,0.734413900986318,0.7344246884203259,20000000,1
1296439320000,1296439379000,0.7344085073881496,0.7344354761712409,0.7343815405855958,0.7344085073881496,43000000,1
1296439380000,1296439439000,0.7344085073881496,0.7345056042777607,0.7343168283387551,0.7343869337876741,74000000,1
1296439440000,1296439499000,0.7343977204294757,0.734413900986318,0.7343060440730487,0.7343869337876741,58000000,1
1296439500000,1296439559000,0.7343869337876741,0.734446264239077,0.7343114361663068,0.7343222205903951,42000000,1
1296439560000,1296439619000,0.7343222205903951,0.7344246884203259,0.7343222205903951,0.7343653614546309,52000000,1
1296439620000,1296439679000,0.7343491830365338,0.7343923270689668,0.7342736931763946,0.7342898682683976,66000000,1
1296439680000,1296439739000,0.7342629101776182,0.7344516583918446,0.7342305630814189,0.7344516583918446,125000000,1
1296439740000,1296439799000,0.7345002093325597,0.734554162351161,0.7344948144666098,0.7344948144666098,52000000,1
1296439800000,1296439859000,0.7344948144666098,0.7345487666926207,0.7344948144666098,0.7345163944059232,41000000,1
1296439860000,1296439919000,0.7344786303442501,0.734554162351161,0.7344786303442501,0.7345109993022145,36000000,1
1296439920000,1296439979000,0.7345109993022145,0.7345217895888883,0.734446264239077,0.7344516583918446,89000000,1
1296439980000,1296440039000,0.7344516583918446,0.7344840249724569,0.7344031138692028,0.7344840249724569,79000000,1
1296440040000,1296440099000,0.7344570526238478,0.7345002093325597,0.7344246884203259,0.7344840249724569,35000000,1
1296440100000,1296440159000,0.7344732357952876,0.7345595580889699,0.734446264239077,0.7345056042777607,56000000,1
1296440160000,1296440219000,0.7344948144666098,0.7344948144666098,0.7343923270689668,0.7343923270689668,46000000,1
1296440220000,1296440279000,0.7343923270689668,0.7344516583918446,0.7343491830365338,0.7344192946637094,49000000,1
1296440280000,1296440339000,0.734413900986318,0.7344624469350882,0.7344085073881496,0.7344624469350882,19000000,1
1296440340000,1296440399000,0.7344624469350882,0.7344786303442501,0.7343977204294757,0.7343977204294757,28000000,1
1296440400000,1296440459000,0.7343923270689668,0.7345109993022145,0.7343653614546309,0.7343653614546309,69000000,1
1296440460000,1296440519000,0.7343599685693933,0.7343599685693933,0.7342844764918826,0.7342844764918826,41000000,1
1296440520000,1296440579000,0.7342898682683976,0.7343060440730487,0.7342736931763946,0.7343060440730487,44000000,1
1296440580000,1296440639000,0.7342898682683976,0.7343222205903951,0.7342521274955394,0.7342521274955394,41000000,1
1296440640000,1296440699000,0.7342521274955394,0.734446264239077,0.7342521274955394,0.734446264239077,52000000,1
1296440700000,1296440759000,0.734446264239077,0.7344516583918446,0.7343815405855958,0.7344192946637094,39000000,1
1296440760000,1296440819000,0.7344840249724569,0.734575745778026,0.7343383978204837,0.7345109993022145,65000000,1
1296440820000,1296440879000,0.7345433711133473,0.7345649539060491,0.734413900986318,0.7344516583918446,69000000,1
1296440880000,1296440939000,0.7344516583918446,0.7344894196799094,0.7343006520589791,0.7343437903889084,71000000,1
1296440940000,1296440999000,0.7343437903889084,0.734743060351795,0.7342036093449436,0.734743060351795,170000000,1
1296441000000,1296441059000,0.734743060351795,0.734743060351795,0.7344948144666098,0.7345595580889699,193000000,1
1296441060000,1296441119000,0.7345433711133473,0.7346998751010212,0.7345433711133473,0.7346566949264608,59000000,1
1296441120000,1296441179000,0.7346620921707061,0.7347538574577517,0.7346566949264608,0.734667489494255,59000000,1
1296441180000,1296441239000,0.7346998751010212,0.7347862506796773,0.7346620921707061,0.7347376619178123,85000000,1
1296441240000,1296441299000,0.7347376619178123,0.7348402457305782,0.734672886897109,0.734672886897109,106000000,1
1296441300000,1296441359000,0.734672886897109,0.7347160689751445,0.7346566949264608,0.7347052729797442,65000000,1
1296441360000,1296441419000,0.7347106709377846,0.7347106709377846,0.7346782843792703,0.7346998751010212,43000000,1
1296441420000,1296441479000,0.7346998751010212,0.7349428581927756,0.7346998751010212,0.7348456456721266,104000000,1
1296441480000,1296441539000,0.7348294460855636,0.7349320555314661,0.73481864675798,0.734921253187721,49000000,1
1296441540000,1296441599000,0.734921253187721,0.734921253187721,0.7347268652878292,0.7347268652878292,24000000,1
1296441600000,1296441659000,0.7347484588651075,0.7348132472132208,0.7347484588651075,0.7347916498276914,64000000,1
1296441660000,1296441719000,0.7347808516110069,0.7348294460855636,0.7347700537116909,0.73481864675798,30000000,1
1296441720000,1296441779000,0.73481864675798,0.73481864675798,0.7347106709377846,0.7347106709377846,43000000,1
1296441780000,1296441839000,0.7347052729797442,0.7347592561297291,0.7347052729797442,0.7347592561297291,44000000,1
1296441840000,1296441899000,0.7347592561297291,0.7348078477478139,0.7347268652878292,0.7347538574577517,44000000,1
1296441900000,1296441959000,0.7347538574577517,0.7347538574577517,0.7347538574577517,0.7347538574577517,22000000,1
1296441960000,1296442019000,0.7347538574577517,0.7347538574577517,0.734667489494255,0.7347376619178123,78000000,1
1296442020000,1296442079000,0.7347376619178123,0.7347754526216789,0.7347322635631576,0.7347322635631576,57000000,1
1296442080000,1296442139000,0.7347322635631576,0.734743060351795,0.7346512977615175,0.7346782843792703,104000000,1
1296442140000,1296442199000,0.7346620921707061,0.734667489494255,0.7345595580889699,0.7346620921707061,136000000,1
1296442200000,1296442259000,0.7346620921707061,0.7347862506796773,0.7346512977615175,0.7347052729797442,104000000,1
1296442260000,1296442319000,0.7347052729797442,0.7347160689751445,0.7346243131262672,0.7346243131262672,110000000,1
1296442320000,1296442379000,0.7346297098947276,0.7346620921707061,0.7345163944059232,0.734554162351161,92000000,1
1296442380000,1296442439000,0.7345595580889699,0.7347484588651075,0.7345595580889699,0.734672886897109,89000000,1
1296442440000,1296442499000,0.7346998751010212,0.7347484588651075,0.7345325801925945,0.7346890795815211,106000000,1
1296442500000,1296442559000,0.7346890795815211,0.7347376619178123,0.7346297098947276,0.7346944773016141,80000000,1
1296442560000,1296442619000,0.734672886897109,0.734672886897109,0.734575745778026,0.7346566949264608,136000000,1
1296442620000,1296442679000,0.7346459006758742,0.7346459006758742,0.7343383978204837,0.7343923270689668,160000000,1
1296442680000,1296442739000,0.7343923270689668,0.7344246884203259,0.7341443180900501,0.7341604874825637,145000000,1
1296442740000,1296442799000,0.7341712674732762,0.7342467362732573,0.734036540338978,0.7340796476417691,169000000,1
1296442800000,1296442859000,0.7340904252585834,0.7343276129212286,0.7340904252585834,0.7342898682683976,95000000,1
1296442860000,1296442919000,0.7342736931763946,0.7342736931763946,0.7341281494097609,0.7341766575873487,81000000,1
1296442920000,1296442979000,0.7341766575873487,0.7342736931763946,0.7341604874825637,0.7342736931763946,80000000,1
1296442980000,1296443039000,0.7342736931763946,0.7342736931763946,0.734187438052935,0.7342359540661987,41000000,1
1296443040000,1296443099000,0.7342521274955394,0.7343006520589791,0.734187438052935,0.7342683016374183,62000000,1
1296443100000,1296443159000,0.7342467362732573,0.7342683016374183,0.7341119814416491,0.7341658774383484,79000000,1
1296443160000,1296443219000,0.734187438052935,0.734187438052935,0.7341389284508201,0.734187438052935,23000000,1
1296443220000,1296443279000,0.7341928284044522,0.7343491830365338,0.7341928284044522,0.7343222205903951,75000000,1
1296443280000,1296443339000,0.7343222205903951,0.7344570526238478,0.7342736931763946,0.7343599685693933,74000000,1
1296443340000,1296443399000,0.7343437903889084,0.7343869337876741,0.7343222205903951,0.7343869337876741,30000000,1
1296443400000,1296443459000,0.7343653614546309,0.7343653614546309,0.7343545757633616,0.7343653614546309,30000000,1
1296443460000,1296443519000,0.7343707544190761,0.7344516583918446,0.7343707544190761,0.734446264239077,30000000,1
1296443520000,1296443579000,0.734446264239077,0.734446264239077,0.7343383978204837,0.7343599685693933,30000000,1
1296443580000,1296443639000,0.7343977204294757,0.7344894196799094,0.7342844764918826,0.7342898682683976,101000000,1
1296443640000,1296443699000,0.7342898682683976,0.7344732357952876,0.7342629101776182,0.7344732357952876,39000000,1
1296443700000,1296443759000,0.7344246884203259,0.7346405036695293,0.7344192946637094,0.7346405036695293,42000000,1
1296443760000,1296443819000,0.7346459006758742,0.7346620921707061,0.7346459006758742,0.7346620921707061,7000000,1
1296443820000,1296443879000,0.734743060351795,0.7347484588651075,0.7346566949264608,0.7346890795815211,54000000,1
1296443880000,1296443939000,0.7346512977615175,0.7346620921707061,0.7346243131262672,0.7346620921707061,30000000,1
1296443940000,1296443999000,0.7346297098947276,0.7346297098947276,0.734575745778026,0.7346297098947276,22000000,1
1296444000000,1296444059000,0.7346297098947276,0.7347808516110069,0.7345973304733011,0.734743060351795,56000000,1
1296444060000,1296444119000,0.7347160689751445,0.7347160689751445,0.7344840249724569,0.7344840249724569,57000000,1
1296444120000,1296444179000,0.7344840249724569,0.7346836819407404,0.7344840249724569,0.7345649539060491,60000000,1
1296444180000,1296444239000,0.7345649539060491,0.7346135198272189,0.7345109993022145,0.7345703498024005,38000000,1
1296444240000,1296444299000,0.7345703498024005,0.7345703498024005,0.7343491830365338,0.7343491830365338,69000000,1
1296444300000,1296444359000,0.7343383978204837,0.7346512977615175,0.7342952601240958,0.7345163944059232,100000000,1
1296444360000,1296444419000,0.7345163944059232,0.734554162351161,0.7344516583918446,0.7345109993022145,79000000,1
1296444420000,1296444479000,0.7345487666926207,0.7346135198272189,0.7345379756133392,0.7345865379671052,86000000,1
1296444480000,1296444539000,0.7345865379671052,0.7345865379671052,0.734554162351161,0.734554162351161,34000000,1
1296444540000,1296444599000,0.7345595580889699,0.734635106742481,0.7344786303442501,0.7344948144666098,82000000,1
1296444600000,1296444659000,0.7344786303442501,0.7344786303442501,0.734413900986318,0.7344246884203259,43000000,1
1296444660000,1296444719000,0.7344192946637094,0.7344786303442501,0.7344085073881496,0.7344300822561692,38000000,1
1296444720000,1296444779000,0.7344300822561692,0.7344624469350882,0.7343869337876741,0.7343869337876741,54000000,1
1296444780000,1296444839000,0.7343869337876741,0.7344408701655429,0.7343330053312577,0.7343977204294757,55000000,1
1296444840000,1296444899000,0.7343977204294757,0.7344840249724569,0.7343114361663068,0.7343815405855958,129000000,1
1296444900000,1296444959000,0.7343869337876741,0.7344246884203259,0.7343114361663068,0.7343168283387551,80000000,1
1296444960000,1296445019000,0.7343114361663068,0.7344192946637094,0.7343114361663068,0.7343599685693933,43000000,1
1296445020000,1296445079000,0.7343599685693933,0.7343653614546309,0.7343222205903951,0.7343653614546309,26000000,1
1296445080000,1296445139000,0.7343653614546309,0.734602726845322,0.7343653614546309,0.7345109993022145,96000000,1
1296445140000,1296445199000,0.7345109993022145,0.7345595580889699,0.7345056042777607,0.734554162351161,49000000,1
1296445200000,1296445259000,0.7345163944059232,0.734554162351161,0.7344948144666098,0.7345109993022145,48000000,1
1296445260000,1296445319000,0.7345109993022145,0.734554162351161,0.7344948144666098,0.7345056042777607,42000000,1
1296445320000,1296445379000,0.7345056042777607,0.7346512977615175,0.7344570526238478,0.7345109993022145,51000000,1
1296445380000,1296445439000,0.7345109993022145,0.7345379756133392,0.7344948144666098,0.7345379756133392,12000000,1
1296445440000,1296445499000,0.7345109993022145,0.7345379756133392,0.7344894196799094,0.7345379756133392,24000000,1
1296445500000,1296445559000,0.7345379756133392,0.7346890795815211,0.7345217895888883,0.7346512977615175,30000000,1
1296445560000,1296445619000,0.7346512977615175,0.7347106709377846,0.7346512977615175,0.7346944773016141,40000000,1
1296445620000,1296445679000,0.7346944773016141,0.7346944773016141,0.7346081232966274,0.7346081232966274,26000000,1
1296445680000,1296445739000,0.7345973304733011,0.7346566949264608,0.7345811418329268,0.7346566949264608,27000000,1
1296445740000,1296445799000,0.7346566949264608,0.734667489494255,0.7346189164370982,0.7346189164370982,17000000,1
1296445800000,1296445859000,0.7346243131262672,0.7346243131262672,0.7346135198272189,0.7346135198272189,7000000,1
1296445860000,1296445919000,0.7346135198272189,0.7346135198272189,0.7345379756133392,0.7345595580889699,77000000,1
1296445920000,1296445979000,0.734554162351161,0.734554162351161,0.7344354761712409,0.7344570526238478,62000000,1
1296445980000,1296446039000,0.7344678413255676,0.734575745778026,0.7343977204294757,0.734575745778026,65000000,1
1296446040000,1296446099000,0.734575745778026,0.7346135198272189,0.7344894196799094,0.7345919341805627,65000000,1
1296446100000,1296446159000,0.7346135198272189,0.7347160689751445,0.7345811418329268,0.7346782843792703,73000000,1
1296446160000,1296446219000,0.7346782843792703,0.7347754526216789,0.7346243131262672,0.7347646548810416,93000000,1
1296446220000,1296446279000,0.7347646548810416,0.7348132472132208,0.7347214670918255,0.7347808516110069,111000000,1
1296446280000,1296446339000,0.7347862506796773,0.7347916498276914,0.7347538574577517,0.7347700537116909,26000000,1
1296446340000,1296446399000,0.7347700537116909,0.7348618459729571,0.7347538574577517,0.73481864675798,68000000,1
1296446400000,1296446459000,0.73481864675798,0.7348240463820938,0.7347484588651075,0.7347484588651075,17000000,1
1296446460000,1296446519000,0.7347484588651075,0.7348402457305782,0.7347484588651075,0.7348078477478139,36000000,1
1296446520000,1296446579000,0.7348078477478139,0.7348456456721266,0.7347376619178123,0.7347700537116909,81000000,1
1296446580000,1296446639000,0.7347700537116909,0.7348834474852288,0.7347700537116909,0.7348402457305782,98000000,1
1296446640000,1296446699000,0.7348348458683911,0.7348834474852288,0.7348294460855636,0.734851045693038,45000000,1
1296446700000,1296446759000,0.7348456456721266,0.7348618459729571,0.7347700537116909,0.7347700537116909,45000000,1
1296446760000,1296446819000,0.7347700537116909,0.7348240463820938,0.7347700537116909,0.7347916498276914,21000000,1
1296446820000,1296446879000,0.73481864675798,0.734851045693038,0.7347538574577517,0.734797049055051,43000000,1
1296446880000,1296446939000,0.734797049055051,0.734851045693038,0.7347754526216789,0.7348240463820938,52000000,1
1296446940000,1296446999000,0.7348132472132208,0.7348294460855636,0.7348132472132208,0.73481864675798,17000000,1
1296447000000,1296447059000,0.7347862506796773,0.7348294460855636,0.7347214670918255,0.7347214670918255,52000000,1
1296447060000,1296447119000,0.7347214670918255,0.7347484588651075,0.7346620921707061,0.7346998751010212,39000000,1
1296447120000,1296447179000,0.7346890795815211,0.7346890795815211,0.7346135198272189,0.7346243131262672,24000000,1
1296447180000,1296447239000,0.7346189164370982,0.7346620921707061,0.7345595580889699,0.7346566949264608,33000000,1
1296447240000,1296447299000,0.7346566949264608,0.7346944773016141,0.7346566949264608,0.7346944773016141,12000000,1
1296447300000,1296447359000,0.7347214670918255,0.7347214670918255,0.7346620921707061,0.734667489494255,62000000,1
1296447360000,1296447419000,0.7346566949264608,0.734667489494255,0.7346135198272189,0.7346405036695293,55000000,1
1296447420000,1296447479000,0.734602726845322,0.7346243131262672,0.7344840249724569,0.7345163944059232,80000000,1
1296447480000,1296447539000,0.7345271848511113,0.7345271848511113,0.734446264239077,0.7344678413255676,22000000,1
1296447540000,1296447599000,0.7344786303442501,0.7346081232966274,0.7344786303442501,0.7345649539060491,80000000,1
1296447600000,1296447659000,0.7345865379671052,0.7345973304733011,0.7345595580889699,0.7345865379671052,32000000,1
1296447660000,1296447719000,0.7345865379671052,0.7345865379671052,0.7345325801925945,0.7345487666926207,37000000,1
1296447720000,1296447779000,0.7345487666926207,0.7345919341805627,0.7345217895888883,0.7345325801925945,54000000,1
1296447780000,1296447839000,0.7345325801925945,0.734575745778026,0.7345325801925945,0.734575745778026,11000000,1
1296447840000,1296447899000,0.7345811418329268,0.7345811418329268,0.734446264239077,0.7344840249724569,46000000,1
1296447900000,1296447959000,0.734446264239077,0.734554162351161,0.7343869337876741,0.7345002093325597,60000000,1
1296447960000,1296448019000,0.7345056042777607,0.7345056042777607,0.7344570526238478,0.7344948144666098,42000000,1
1296448020000,1296448079000,0.7345002093325597,0.7346189164370982,0.7344948144666098,0.7345973304733011,67000000,1
1296448080000,1296448139000,0.7345811418329268,0.7346459006758742,0.7343168283387551,0.7343222205903951,65000000,1
1296448140000,1296448199000,0.7343060440730487,0.7344246884203259,0.7342143906020557,0.7343222205903951,159000000,1
1296448200000,1296448259000,0.7343437903889084,0.7343545757633616,0.7339072488018964,0.7340473166900339,244000000,1
1296448260000,1296448319000,0.7340473166900339,0.7341281494097609,0.733988050674535,0.733988050674535,173000000,1
1296448320000,1296448379000,0.733988050674535,0.7340958141856675,0.7339665017688592,0.734063481809907,113000000,1
1296448380000,1296448439000,0.734063481809907,0.7340796476417691,0.7340580933575083,0.7340796476417691,23000000,1
1296448440000,1296448499000,0.7340742589520356,0.7340742589520356,0.7338156948500815,0.733939567416019,98000000,1
1296448500000,1296448559000,0.7339341807826675,0.7339341807826675,0.7338318497699436,0.733853390769592,85000000,1
1296448560000,1296448619000,0.7338749330339124,0.7340473166900339,0.7338641617436613,0.7340257643043271,75000000,1
1296448620000,1296448679000,0.7340473166900339,0.7340742589520356,0.7340149885860668,0.7340419284749545,34000000,1
1296448680000,1296448739000,0.734036540338978,0.7341227600079284,0.7340096008455791,0.7341227600079284,101000000,1
1296448740000,1296448799000,0.7341012031918721,0.7341712674732762,0.7340850364106178,0.7341119814416491,118000000,1
1296448800000,1296448859000,0.7341119814416491,0.7341227600079284,0.7339826633294921,0.7340311522821028,140000000,1
1296448860000,1296448919000,0.7340311522821028,0.7340904252585834,0.7340096008455791,0.7340796476417691,23000000,1
1296448920000,1296448979000,0.7340796476417691,0.7341443180900501,0.7340796476417691,0.7341443180900501,27000000,1
1296448980000,1296449039000,0.7341443180900501,0.7341443180900501,0.7341119814416491,0.7341119814416491,25000000,1
1296449040000,1296449099000,0.7341119814416491,0.7341335388907242,0.7341119814416491,0.7341335388907242,15000000,1
1296449100000,1296449159000,0.7341227600079284,0.7341820477805676,0.7341119814416491,0.7341550976059202,45000000,1
1296449160000,1296449219000,0.7341550976059202,0.7341766575873487,0.7341335388907242,0.7341335388907242,26000000,1
1296449220000,1296449279000,0.7341389284508201,0.7341658774383484,0.7340850364106178,0.7341389284508201,36000000,1
1296449280000,1296449339000,0.7341604874825637,0.7342197813493491,0.7341604874825637,0.7342036093449436,41000000,1
1296449340000,1296449399000,0.7342036093449436,0.7343168283387551,0.7341928284044522,0.7342952601240958,75000000,1
1296449400000,1296449459000,0.7342952601240958,0.7343276129212286,0.7342629101776182,0.7343168283387551,60000000,1
1296449460000,1296449519000,0.7343114361663068,0.7343815405855958,0.7343114361663068,0.7343437903889084,85000000,1
1296449520000,1296449579000,0.7343545757633616,0.7343869337876741,0.7343222205903951,0.7343222205903951,58000000,1
1296449580000,1296449639000,0.7343383978204837,0.7343653614546309,0.7343168283387551,0.7343168283387551,41000000,1
1296449640000,1296449699000,0.7343330053312577,0.7343599685693933,0.7343168283387551,0.7343545757633616,30000000,1
1296449700000,1296449759000,0.7343653614546309,0.7343761474627305,0.7343168283387551,0.7343168283387551,24000000,1
1296449760000,1296449819000,0.7343168283387551,0.7343330053312577,0.7342575187969925,0.7342683016374183,50000000,1
1296449820000,1296449879000,0.7342683016374183,0.7343869337876741,0.7342251721758029,0.7343599685693933,116000000,1
1296449880000,1296449939000,0.7343707544190761,0.7344354761712409,0.7343491830365338,0.7343707544190761,88000000,1
1296449940000,1296449999000,0.7343707544190761,0.734413900986318,0.7343168283387551,0.7343491830365338,96000000,1
1296450000000,1296450059000,0.7343330053312577,0.7343330053312577,0.7342683016374183,0.7343168283387551,73000000,1
1296450060000,1296450119000,0.7343114361663068,0.7343114361663068,0.733988050674535,0.7339934380986635,50000000,1
1296450120000,1296450179000,0.7339934380986635,0.734036540338978,0.7339665017688592,0.734036540338978,62000000,1
1296450180000,1296450239000,0.734036540338978,0.7342305630814189,0.734036540338978,0.734198218835121,67000000,1
1296450240000,1296450299000,0.7342036093449436,0.7342251721758029,0.7341604874825637,0.7341604874825637,34000000,1
1296450300000,1296450359000,0.7341604874825637,0.7341820477805676,0.7340958141856675,0.7341119814416491,35000000,1
1296450360000,1296450419000,0.7341119814416491,0.7341550976059202,0.734036540338978,0.7341497078084163,74000000,1
1296450420000,1296450479000,0.7341658774383484,0.7342305630814189,0.7341604874825637,0.734198218835121,36000000,1
1296450480000,1296450539000,0.734198218835121,0.7343168283387551,0.734198218835121,0.7343168283387551,54000000,1
1296450540000,1296450599000,0.7343006520589791,0.7343491830365338,0.7341658774383484,0.7341658774383484,120000000,1
1296450600000,1296450659000,0.7341658774383484,0.7342251721758029,0.7341658774383484,0.7342036093449436,81000000,1
1296450660000,1296450719000,0.7342089999339212,0.7342629101776182,0.7339503409199334,0.733961114740141,107000000,1
1296450720000,1296450779000,0.7339503409199334,0.7340580933575083,0.7339503409199334,0.7340419284749545,82000000,1
1296450780000,1296450839000,0.7340473166900339,0.7340580933575083,0.733988050674535,0.7340473166900339,59000000,1
1296450840000,1296450899000,0.7340473166900339,0.7340473166900339,0.7340042131841836,0.7340473166900339,43000000,1
1296450900000,1296450959000,0.7340419284749545,0.7340580933575083,0.733998825601879,0.7340311522821028,24000000,1
1296450960000,1296451019000,0.7340527049842178,0.7341065922771987,0.7340096008455791,0.7340149885860668,47000000,1
1296451020000,1296451079000,0.734020376405649,0.7340958141856675,0.7339826633294921,0.7339826633294921,62000000,1
1296451080000,1296451139000,0.733998825601879,0.734063481809907,0.7339665017688592,0.7340149885860668,52000000,1
1296451140000,1296451199000,0.7340257643043271,0.7340904252585834,0.734020376405649,0.734020376405649,56000000,1
1296451200000,1296451259000,0.7340149885860668,0.7340311522821028,0.7339718888766561,0.734020376405649,33000000,1
1296451260000,1296451319000,0.7340042131841836,0.7340311522821028,0.7339557277904998,0.7339557277904998,37000000,1
1296451320000,1296451379000,0.7339341807826675,0.7339449541284403,0.7338910905621605,0.7338910905621605,46000000,1
1296451380000,1296451439000,0.7338910905621605,0.7338910905621605,0.7337349309188563,0.733745698415843,64000000,1
1296451440000,1296451499000,0.733767234357917,0.7337941560633411,0.7337349309188563,0.733778002803032,74000000,1
1296451500000,1296451559000,0.7337833871441151,0.7338426201116909,0.7337510822828464,0.7338264647176236,114000000,1
1296451560000,1296451619000,0.7338264647176236,0.7338264647176236,0.7336810981738678,0.7337349309188563,108000000,1
1296451620000,1296451679000,0.7337510822828464,0.7337995406414876,0.733664949890684,0.7337026303239297,84000000,1
1296451680000,1296451739000,0.7337026303239297,0.7338210797443367,0.7336703325727617,0.7337403146278468,88000000,1
1296451740000,1296451799000,0.7337564662288587,0.7338103100348561,0.7337133968729135,0.7338103100348561,57000000,1
1296451800000,1296451859000,0.7337995406414876,0.7338480054011214,0.7337995406414876,0.7338318497699436,11000000,1
1296451860000,1296451919000,0.7338426201116909,0.7338910905621605,0.7338372349012989,0.7338910905621605,23000000,1
1296451920000,1296451979000,0.7338910905621605,0.7339126350399249,0.733853390769592,0.7339126350399249,32000000,1
1296451980000,1296452039000,0.7339126350399249,0.7340096008455791,0.7338910905621605,0.7339665017688592,54000000,1
1296452040000,1296452099000,0.733988050674535,0.7341119814416491,0.7339665017688592,0.7340904252585834,57000000,1
1296452100000,1296452159000,0.7341173706852252,0.7341335388907242,0.7340688703414154,0.7340688703414154,50000000,1
1296452160000,1296452219000,0.7340796476417691,0.7341173706852252,0.7340580933575083,0.7340904252585834,43000000,1
1296452220000,1296452279000,0.7340904252585834,0.7341712674732762,0.7340904252585834,0.7341658774383484,26000000,1
1296452280000,1296452339000,0.7341335388907242,0.7341712674732762,0.7341065922771987,0.7341227600079284,47000000,1
1296452340000,1296452399000,0.7341065922771987,0.7341658774383484,0.7340958141856675,0.7340958141856675,31000000,1
1296452400000,1296452459000,0.7340850364106178,0.7341604874825637,0.7340419284749545,0.7340796476417691,29000000,1
1296452460000,1296452519000,0.7341012031918721,0.7341012031918721,0.733961114740141,0.7340688703414154,49000000,1
1296452520000,1296452579000,0.7340527049842178,0.734063481809907,0.7340257643043271,0.7340580933575083,26000000,1
1296452580000,1296452639000,0.7340580933575083,0.7340580933575083,0.7340257643043271,0.7340257643043271,39000000,1
1296452640000,1296452699000,0.7340257643043271,0.734063481809907,0.7339557277904998,0.7340473166900339,67000000,1
1296452700000,1296452759000,0.7340473166900339,0.7340580933575083,0.734020376405649,0.7340419284749545,23000000,1
1296452760000,1296452819000,0.7340473166900339,0.7340527049842178,0.7339718888766561,0.733977276063533,66000000,1
1296452820000,1296452879000,0.733988050674535,0.7341227600079284,0.733961114740141,0.7341227600079284,23000000,1
1296452880000,1296452939000,0.7341443180900501,0.7341604874825637,0.734020376405649,0.7341497078084163,41000000,1
1296452940000,1296452999000,0.7341497078084163,0.7341497078084163,0.7340311522821028,0.7340580933575083,34000000,1
1296453000000,1296453059000,0.7340796476417691,0.7340850364106178,0.733988050674535,0.7340257643043271,49000000,1
1296453060000,1296453119000,0.7340257643043271,0.7340257643043271,0.7339826633294921,0.734020376405649,28000000,1
1296453120000,1296453179000,0.734020376405649,0.734020376405649,0.7339449541284403,0.7339503409199334,19000000,1
1296453180000,1296453239000,0.7339503409199334,0.7339503409199334,0.7337995406414876,0.7339126350399249,84000000,1
1296453240000,1296453299000,0.7339072488018964,0.7340096008455791,0.7338857046403593,0.7340042131841836,127000000,1
1296453300000,1296453359000,0.7339934380986635,0.7340527049842178,0.733961114740141,0.733977276063533,60000000,1
1296453360000,1296453419000,0.7339665017688592,0.7339665017688592,0.733745698415843,0.733767234357917,130000000,1
1296453420000,1296453479000,0.7338049252986586,0.7338857046403593,0.7337133968729135,0.7338264647176236,156000000,1
1296453480000,1296453539000,0.7338426201116909,0.7338426201116909,0.7335734563780545,0.733745698415843,124000000,1
1296453540000,1296453599000,0.733767234357917,0.7338857046403593,0.7337349309188563,0.7338857046403593,126000000,1
1296453600000,1296453659000,0.7338372349012989,0.7339449541284403,0.7338049252986586,0.733939567416019,140000000,1
1296453660000,1296453719000,0.7339557277904998,0.7341497078084163,0.7339180213570144,0.7341389284508201,173000000,1
1296453720000,1296453779000,0.7341389284508201,0.7342521274955394,0.7341227600079284,0.7342251721758029,142000000,1
1296453780000,1296453839000,0.7342251721758029,0.7342251721758029,0.7340096008455791,0.7340904252585834,78000000,1
1296453840000,1296453899000,0.7340850364106178,0.734187438052935,0.7340580933575083,0.734187438052935,54000000,1
1296453900000,1296453959000,0.734187438052935,0.734187438052935,0.7340473166900339,0.7340580933575083,99000000,1
1296453960000,1296454019000,0.7340473166900339,0.7340688703414154,0.7339341807826675,0.7339718888766561,84000000,1
1296454020000,1296454079000,0.7339665017688592,0.7340958141856675,0.7339665017688592,0.7340257643043271,81000000,1
1296454080000,1296454139000,0.7340257643043271,0.7340958141856675,0.7340149885860668,0.7340149885860668,34000000,1
1296454140000,1296454199000,0.7339826633294921,0.733988050674535,0.7339072488018964,0.733939567416019,107000000,1
1296454200000,1296454259000,0.733939567416019,0.7340688703414154,0.7339234077531668,0.7340149885860668,97000000,1
1296454260000,1296454319000,0.734036540338978,0.7340958141856675,0.733998825601879,0.7340850364106178,74000000,1
1296454320000,1296454379000,0.7340796476417691,0.7340796476417691,0.7340096008455791,0.7340096008455791,61000000,1
1296454380000,1296454439000,0.734020376405649,0.734020376405649,0.7338372349012989,0.7339126350399249,225000000,1
1296454440000,1296454499000,0.7339018626429274,0.7341173706852252,0.7338641617436613,0.7341173706852252,135000000,1
1296454500000,1296454559000,0.7341227600079284,0.7341335388907242,0.7340580933575083,0.7340958141856675,42000000,1
1296454560000,1296454619000,0.7341065922771987,0.7341389284508201,0.7340527049842178,0.7341173706852252,54000000,1
1296454620000,1296454679000,0.7341065922771987,0.7341227600079284,0.7339826633294921,0.7340096008455791,78000000,1
1296454680000,1296454739000,0.734020376405649,0.734020376405649,0.7338264647176236,0.7338587762171048,36000000,1
1296454740000,1296454799000,0.7338641617436613,0.7339234077531668,0.733853390769592,0.7339018626429274,36000000,1
1296454800000,1296454859000,0.7339018626429274,0.733939567416019,0.7338803187976105,0.733939567416019,39000000,1
1296454860000,1296454919000,0.733939567416019,0.733939567416019,0.7338210797443367,0.7338210797443367,58000000,1
1296454920000,1296454979000,0.7338318497699436,0.7338695473492631,0.733767234357917,0.7338695473492631,38000000,1
1296454980000,1296455039000,0.7338857046403593,0.733998825601879,0.7338695473492631,0.7339018626429274,75000000,1
1296455040000,1296455099000,0.7338857046403593,0.7340473166900339,0.7338641617436613,0.7340311522821028,52000000,1
1296455100000,1296455159000,0.7340311522821028,0.7340311522821028,0.7339341807826675,0.7339665017688592,26000000,1
1296455160000,1296455219000,0.733988050674535,0.7340149885860668,0.733939567416019,0.7339934380986635,42000000,1
1296455220000,1296455279000,0.733988050674535,0.7340958141856675,0.7339665017688592,0.7340742589520356,88000000,1
1296455280000,1296455339000,0.734063481809907,0.734063481809907,0.733939567416019,0.734036540338978,38000000,1
1296455340000,1296455399000,0.734036540338978,0.7340688703414154,0.734020376405649,0.7340688703414154,35000000,1
1296455400000,1296455459000,0.7340688703414154,0.7341335388907242,0.7340149885860668,0.7340796476417691,35000000,1
1296455460000,1296455519000,0.7340688703414154,0.7340688703414154,0.733988050674535,0.734020376405649,28000000,1
1296455520000,1296455579000,0.734020376405649,0.7341173706852252,0.734020376405649,0.7341173706852252,13000000,1
1296455580000,1296455639000,0.7341119814416491,0.7341119814416491,0.7339934380986635,0.7340096008455791,29000000,1
1296455640000,1296455699000,0.734020376405649,0.7340850364106178,0.7339826633294921,0.7340042131841836,54000000,1
1296455700000,1296455759000,0.7340042131841836,0.7340419284749545,0.733939567416019,0.7340311522821028,37000000,1
1296455760000,1296455819000,0.7339934380986635,0.7340149885860668,0.7338103100348561,0.7338210797443367,112000000,1
1296455820000,1296455879000,0.7338426201116909,0.7339180213570144,0.7338372349012989,0.733853390769592,64000000,1
1296455880000,1296455939000,0.733853390769592,0.7339449541284403,0.7337833871441151,0.7338210797443367,73000000,1
1296455940000,1296455999000,0.7338049252986586,0.7338857046403593,0.7338049252986586,0.7338857046403593,31000000,1
1296456000000,1296456059000,0.7338910905621605,0.733896476563016,0.7338103100348561,0.7338264647176236,98000000,1
1296456060000,1296456119000,0.7338103100348561,0.7339341807826675,0.7338103100348561,0.733928794228384,31000000,1
1296456120000,1296456179000,0.733928794228384,0.7339665017688592,0.7338372349012989,0.7338372349012989,29000000,1
1296456180000,1296456239000,0.7338426201116909,0.7338641617436613,0.7337941560633411,0.7338641617436613,22000000,1
1296456240000,1296456299000,0.7338803187976105,0.7339018626429274,0.7337295472888693,0.7337295472888693,85000000,1
1296456300000,1296456359000,0.7337403146278468,0.7338641617436613,0.7337403146278468,0.7338641617436613,25000000,1
1296456360000,1296456419000,0.7338480054011214,0.7338695473492631,0.7338264647176236,0.733853390769592,22000000,1
1296456420000,1296456479000,0.7338587762171048,0.734036540338978,0.7338587762171048,0.733988050674535,52000000,1
1296456480000,1296456539000,0.7339718888766561,0.7340527049842178,0.7339557277904998,0.7340527049842178,26000000,1
1296456540000,1296456599000,0.7340688703414154,0.7341766575873487,0.7340688703414154,0.7340742589520356,64000000,1
1296456600000,1296456659000,0.734036540338978,0.7343869337876741,0.734020376405649,0.7343491830365338,78000000,1
1296456660000,1296456719000,0.7343114361663068,0.7343383978204837,0.7342413451301443,0.7342683016374183,84000000,1
1296456720000,1296456779000,0.7342736931763946,0.7343545757633616,0.7342736931763946,0.7343545757633616,38000000,1
1296456780000,1296456839000,0.7343599685693933,0.7344085073881496,0.7343276129212286,0.7343383978204837,47000000,1
1296456840000,1296456899000,0.7343383978204837,0.7343383978204837,0.7341658774383484,0.7342197813493491,140000000,1
1296456900000,1296456959000,0.7342197813493491,0.7342575187969925,0.734198218835121,0.7342305630814189,60000000,1
1296456960000,1296457019000,0.734198218835121,0.7342197813493491,0.7341065922771987,0.7341065922771987,83000000,1
1296457020000,1296457079000,0.7341065922771987,0.7342467362732573,0.7341065922771987,0.7342143906020557,66000000,1
1296457080000,1296457139000,0.7342143906020557,0.7342197813493491,0.7340688703414154,0.7340688703414154,102000000,1
1296457140000,1296457199000,0.733998825601879,0.733998825601879,0.7336541847634699,0.7337887715642175,310000000,1
1296457200000,1296457259000,0.7337887715642175,0.7340419284749545,0.7337887715642175,0.733998825601879,132000000,1
1296457260000,1296457319000,0.7339826633294921,0.7341281494097609,0.7338641617436613,0.733896476563016,104000000,1
1296457320000,1296457379000,0.7338803187976105,0.7340096008455791,0.7338587762171048,0.7338641617436613,39000000,1
1296457380000,1296457439000,0.7338803187976105,0.7340473166900339,0.7338049252986586,0.733988050674535,113000000,1
1296457440000,1296457499000,0.7339665017688592,0.7341497078084163,0.7338749330339124,0.7340688703414154,80000000,1
1296457500000,1296457559000,0.7340688703414154,0.7342251721758029,0.7339180213570144,0.7342251721758029,111000000,1
1296457560000,1296457619000,0.7342251721758029,0.7342413451301443,0.7340958141856675,0.7341658774383484,78000000,1
1296457620000,1296457679000,0.7341820477805676,0.7342521274955394,0.7341604874825637,0.7342413451301443,43000000,1
1296457680000,1296457739000,0.7342251721758029,0.7342251721758029,0.7341712674732762,0.734187438052935,24000000,1
1296457740000,1296457799000,0.7342089999339212,0.7345163944059232,0.7342089999339212,0.7343761474627305,147000000,1
1296457800000,1296457859000,0.7343707544190761,0.7347214670918255,0.7343707544190761,0.734554162351161,174000000,1
1296457860000,1296457919000,0.734554162351161,0.734575745778026,0.7342952601240958,0.7344732357952876,163000000,1
1296457920000,1296457979000,0.7344732357952876,0.7345865379671052,0.7343545757633616,0.7343545757633616,164000000,1
1296457980000,1296458039000,0.7343545757633616,0.7344408701655429,0.7342898682683976,0.7343545757633616,159000000,1
1296458040000,1296458099000,0.7343545757633616,0.7344840249724569,0.7342844764918826,0.7343977204294757,122000000,1
1296458100000,1296458159000,0.7343977204294757,0.7344354761712409,0.734198218835121,0.734198218835121,142000000,1
1296458160000,1296458219000,0.734198218835121,0.7343383978204837,0.7341443180900501,0.7341443180900501,116000000,1
1296458220000,1296458279000,0.7341820477805676,0.7343923270689668,0.7341335388907242,0.7343599685693933,60000000,1
1296458280000,1296458339000,0.7343707544190761,0.7346998751010212,0.7343707544190761,0.7345325801925945,107000000,1
1296458340000,1296458399000,0.7345487666926207,0.7347268652878292,0.7345163944059232,0.7345973304733011,147000000,1
1296458400000,1296458459000,0.7345973304733011,0.7346512977615175,0.7344894196799094,0.734554162351161,133000000,1
1296458460000,1296458519000,0.734575745778026,0.734575745778026,0.7342736931763946,0.7343060440730487,107000000,1
1296458520000,1296458579000,0.7343222205903951,0.7344624469350882,0.7343222205903951,0.7344570526238478,74000000,1
1296458580000,1296458639000,0.7344894196799094,0.7345163944059232,0.7341766575873487,0.7342575187969925,156000000,1
1296458640000,1296458699000,0.7342521274955394,0.7342898682683976,0.7340850364106178,0.7342898682683976,97000000,1
1296458700000,1296458759000,0.7342898682683976,0.7342898682683976,0.7341065922771987,0.7341604874825637,97000000,1
1296458760000,1296458819000,0.7341604874825637,0.734575745778026,0.7340958141856675,0.734554162351161,120000000,1
1296458820000,1296458879000,0.7345379756133392,0.7346782843792703,0.7344408701655429,0.7345973304733011,133000000,1
1296458880000,1296458939000,0.7345865379671052,0.7348294460855636,0.7345649539060491,0.7346944773016141,100000000,1
1296458940000,1296458999000,0.7346836819407404,0.73481864675798,0.7346566949264608,0.7346890795815211,99000000,1
1296459000000,1296459059000,0.7346836819407404,0.7346836819407404,0.7345217895888883,0.7345379756133392,49000000,1
1296459060000,1296459119000,0.7345379756133392,0.7345595580889699,0.734187438052935,0.734187438052935,71000000,1
1296459120000,1296459179000,0.7341604874825637,0.7341712674732762,0.7337241637378843,0.7338480054011214,158000000,1
1296459180000,1296459239000,0.7338749330339124,0.7340257643043271,0.7338210797443367,0.7338426201116909,132000000,1
1296459240000,1296459299000,0.7338210797443367,0.7340096008455791,0.7337618502538815,0.7339718888766561,87000000,1
1296459300000,1296459359000,0.733961114740141,0.734198218835121,0.733939567416019,0.734187438052935,151000000,1
1296459360000,1296459419000,0.7342036093449436,0.7343222205903951,0.7340796476417691,0.7343222205903951,113000000,1
1296459420000,1296459479000,0.7343330053312577,0.7343707544190761,0.7341497078084163,0.7343707544190761,71000000,1
1296459480000,1296459539000,0.7343761474627305,0.7344300822561692,0.7342629101776182,0.7343276129212286,71000000,1
1296459540000,1296459599000,0.7343168283387551,0.7343383978204837,0.7338264647176236,0.7339072488018964,163000000,1
1296459600000,1296459659000,0.7338857046403593,0.7339718888766561,0.7338049252986586,0.7338587762171048,123000000,1
1296459660000,1296459719000,0.7338857046403593,0.733977276063533,0.7337295472888693,0.733778002803032,202000000,1
1296459720000,1296459779000,0.7338264647176236,0.7342036093449436,0.7336757153338225,0.7341227600079284,179000000,1
1296459780000,1296459839000,0.7341227600079284,0.7342143906020557,0.733939567416019,0.7341335388907242,150000000,1
1296459840000,1296459899000,0.7341065922771987,0.734187438052935,0.7339718888766561,0.7340580933575083,151000000,1
1296459900000,1296459959000,0.7340527049842178,0.7342359540661987,0.7340257643043271,0.734063481809907,125000000,1
1296459960000,1296460019000,0.7340958141856675,0.7341443180900501,0.7340419284749545,0.7341119814416491,96000000,1
1296460020000,1296460079000,0.7341119814416491,0.7342629101776182,0.733988050674535,0.7342629101776182,106000000,1
1296460080000,1296460139000,0.7342736931763946,0.7343276129212286,0.7341335388907242,0.7343276129212286,110000000,1
1296460140000,1296460199000,0.7343114361663068,0.7343114361663068,0.7339126350399249,0.7339126350399249,119000000,1
1296460200000,1296460259000,0.7339126350399249,0.7339449541284403,0.7337403146278468,0.733853390769592,142000000,1
1296460260000,1296460319000,0.7338480054011214,0.7339234077531668,0.7337026303239297,0.7338641617436613,111000000,1
1296460320000,1296460379000,0.7338749330339124,0.7339449541284403,0.7336810981738678,0.7337887715642175,105000000,1
1296460380000,1296460439000,0.7337887715642175,0.7341550976059202,0.7337187802658998,0.7337510822828464,148000000,1
1296460440000,1296460499000,0.7337295472888693,0.7341227600079284,0.7336703325727617,0.7340742589520356,102000000,1
1296460500000,1296460559000,0.7340742589520356,0.7341820477805676,0.7340096008455791,0.7341227600079284,76000000,1
1296460560000,1296460619000,0.7341119814416491,0.7343977204294757,0.7340742589520356,0.7341389284508201,150000000,1
1296460620000,1296460679000,0.7341389284508201,0.7342790847945487,0.7341389284508201,0.7342143906020557,108000000,1
1296460680000,1296460739000,0.7342143906020557,0.7343330053312577,0.7342036093449436,0.7342844764918826,69000000,1
1296460740000,1296460799000,0.7342629101776182,0.7342683016374183,0.7341550976059202,0.7342197813493491,95000000,1
1296460800000,1296460859000,0.7342413451301443,0.7343491830365338,0.734198218835121,0.7342467362732573,108000000,1
1296460860000,1296460919000,0.7342413451301443,0.734446264239077,0.7341928284044522,0.7342898682683976,171000000,1
1296460920000,1296460979000,0.7342898682683976,0.7344894196799094,0.7342521274955394,0.7344786303442501,130000000,1
1296460980000,1296461039000,0.7344732357952876,0.7345271848511113,0.7341389284508201,0.7341604874825637,137000000,1
1296461040000,1296461099000,0.7341550976059202,0.7343437903889084,0.7339934380986635,0.7343383978204837,157000000,1
1296461100000,1296461159000,0.7343491830365338,0.7344085073881496,0.7342467362732573,0.7342844764918826,152000000,1
1296461160000,1296461219000,0.7342844764918826,0.7345973304733011,0.7342844764918826,0.7344786303442501,174000000,1
1296461220000,1296461279000,0.7344786303442501,0.7345865379671052,0.7343761474627305,0.7344085073881496,172000000,1
1296461280000,1296461339000,0.734413900986318,0.734413900986318,0.7337887715642175,0.7338372349012989,184000000,1
1296461340000,1296461399000,0.7338587762171048,0.7339126350399249,0.733745698415843,0.7337618502538815,94000000,1
1296461400000,1296461459000,0.7337618502538815,0.7338910905621605,0.7337133968729135,0.7337241637378843,155000000,1
1296461460000,1296461519000,0.733745698415843,0.7338372349012989,0.7336541847634699,0.7337618502538815,94000000,1
1296461520000,1296461579000,0.7337618502538815,0.7338049252986586,0.7336595672875872,0.7337241637378843,106000000,1
1296461580000,1296461639000,0.7337295472888693,0.7337995406414876,0.7336595672875872,0.7336918640909191,126000000,1
1296461640000,1296461699000,0.7337080135589241,0.7338318497699436,0.7335949822103216,0.7336972471679286,109000000,1
1296461700000,1296461759000,0.733664949890684,0.733767234357917,0.7336003638657804,0.7337403146278468,104000000,1
1296461760000,1296461819000,0.7337403146278468,0.7340042131841836,0.7336972471679286,0.7339018626429274,113000000,1
1296461820000,1296461879000,0.7338910905621605,0.7339665017688592,0.733745698415843,0.7338049252986586,107000000,1
1296461880000,1296461939000,0.7338049252986586,0.7339018626429274,0.7337187802658998,0.7337187802658998,112000000,1
1296461940000,1296461999000,0.7337295472888693,0.7338426201116909,0.7336057456001995,0.7337510822828464,125000000,1
1296462000000,1296462059000,0.7337618502538815,0.7339665017688592,0.7337080135589241,0.7337510822828464,212000000,1
1296462060000,1296462119000,0.733778002803032,0.7337941560633411,0.7335949822103216,0.7336434199521665,151000000,1
1296462120000,1296462179000,0.7336272733275133,0.7337564662288587,0.7336272733275133,0.7337295472888693,85000000,1
1296462180000,1296462239000,0.7337295472888693,0.733745698415843,0.7336757153338225,0.7337403146278468,87000000,1
1296462240000,1296462299000,0.7337080135589241,0.7338156948500815,0.7335949822103216,0.7335949822103216,97000000,1
1296462300000,1296462359000,0.7336003638657804,0.7338695473492631,0.7335734563780545,0.7337995406414876,104000000,1
1296462360000,1296462419000,0.7337995406414876,0.7338426201116909,0.7337618502538815,0.7338426201116909,52000000,1
1296462420000,1296462479000,0.7338641617436613,0.7339234077531668,0.7336488023183302,0.7337026303239297,120000000,1
1296462480000,1296462539000,0.7336703325727617,0.7337941560633411,0.7333582675144288,0.7333636456973555,112000000,1
1296462540000,1296462599000,0.7333636456973555,0.733369023959166,0.733159330185636,0.733170080795343,101000000,1
1296462600000,1296462659000,0.733170080795343,0.7333636456973555,0.7331055818659002,0.7333582675144288,148000000,1
1296462660000,1296462719000,0.7333582675144288,0.7334550868777551,0.7332991127080737,0.7332991127080737,109000000,1
1296462720000,1296462779000,0.7333206224425443,0.7333528894103843,0.7331324550406523,0.7331808317203355,73000000,1
1296462780000,1296462839000,0.7332453438920663,0.7335465508641178,0.7332453438920663,0.7334927457567445,180000000,1
1296462840000,1296462899000,0.7334927457567445,0.7334981259122884,0.7332453438920663,0.7333582675144288,212000000,1
1296462900000,1296462959000,0.733369023959166,0.7334281900459126,0.7331217055343358,0.7332292147848338,206000000,1
1296462960000,1296463019000,0.7332560970244467,0.7334174318655206,0.7332023345162331,0.7332991127080737,164000000,1
1296463020000,1296463079000,0.7332991127080737,0.7334120528936772,0.7331915829606277,0.7332829812352885,134000000,1
1296463080000,1296463139000,0.7332883583140234,0.7334658461628734,0.7332668504722238,0.7334281900459126,131000000,1
1296463140000,1296463199000,0.7334443279082902,0.7336272733275133,0.7334066740007334,0.7336272733275133,147000000,1
1296463200000,1296463259000,0.7336434199521665,0.7336434199521665,0.733385159217918,0.7334335692544648,152000000,1
1296463260000,1296463319000,0.7334766057636591,0.7336057456001995,0.7334066740007334,0.7334066740007334,118000000,1
1296463320000,1296463379000,0.7334443279082902,0.7334604664808567,0.7332883583140234,0.7334174318655206,66000000,1
1296463380000,1296463439000,0.7334443279082902,0.7335519318090125,0.7334012951866873,0.7335357892111557,111000000,1
1296463440000,1296463499000,0.7335142668524903,0.7337564662288587,0.7334658461628734,0.7337295472888693,142000000,1
1296463500000,1296463559000,0.7337295472888693,0.7337510822828464,0.7332991127080737,0.7332991127080737,178000000,1
1296463560000,1296463619000,0.7333421334389346,0.7333421334389346,0.7329819906324901,0.7332829812352885,143000000,1
1296463620000,1296463679000,0.7332829812352885,0.7334066740007334,0.7331915829606277,0.7332668504722238,159000000,1
1296463680000,1296463739000,0.7332776042354114,0.7334550868777551,0.7332776042354114,0.7333636456973555,145000000,1
1296463740000,1296463799000,0.7333582675144288,0.7334604664808567,0.7331002074673588,0.7331432048622057,150000000,1
1296463800000,1296463859000,0.733159330185636,0.7332614737089099,0.7331324550406523,0.7332238385734398,86000000,1
1296463860000,1296463919000,0.7332238385734398,0.7332238385734398,0.7329873632978567,0.7330733366565991,113000000,1
1296463920000,1296463979000,0.7330733366565991,0.7331808317203355,0.7330464678155948,0.7331270802480901,129000000,1
1296463980000,1296464039000,0.7331270802480901,0.7333260000733326,0.7331163308993871,0.7332345910750685,124000000,1
1296464040000,1296464099000,0.7332507204188328,0.7334281900459126,0.7330303474563846,0.7330679627308248,149000000,1
1296464100000,1296464159000,0.7330733366565991,0.7331808317203355,0.7330679627308248,0.7331270802480901,69000000,1
1296464160000,1296464219000,0.7331432048622057,0.7331432048622057,0.7329175247909353,0.7330034817665384,120000000,1
1296464220000,1296464279000,0.7329981088648791,0.7330572151156398,0.7329551284870339,0.7329927360419858,101000000,1
1296464280000,1296464339000,0.7329927360419858,0.7329981088648791,0.7327993668613471,0.7328799249530957,103000000,1
1296464340000,1296464399000,0.7328691828508611,0.73290678158645,0.7327671485831947,0.7328799249530957,181000000,1
1296464400000,1296464459000,0.7328852961223039,0.7329551284870339,0.7327886271205072,0.7328691828508611,110000000,1
1296464460000,1296464519000,0.7328691828508611,0.7328745538626154,0.7327027205252012,0.732777887694461,73000000,1
1296464520000,1296464579000,0.732777887694461,0.7328423289729216,0.7324612161786034,0.732482676784694,108000000,1
1296464580000,1296464639000,0.732482676784694,0.7327188264775275,0.7324665812122322,0.7325416999362688,149000000,1
1296464640000,1296464699000,0.7325470661490001,0.7327617791455997,0.7324880421327121,0.7327349331379374,229000000,1
1296464700000,1296464759000,0.7327349331379374,0.7327671485831947,0.7325846318395933,0.7327080890973037,103000000,1
1296464760000,1296464819000,0.7327080890973037,0.732793996951577,0.7326866152809121,0.7326919836170073,42000000,1
1296464820000,1296464879000,0.7326919836170073,0.7329336401882174,0.7326597747803852,0.7328315879727679,208000000,1
1296464880000,1296464939000,0.7328423289729216,0.7329927360419858,0.7328315879727679,0.732965873108948,131000000,1
1296464940000,1296464999000,0.7329390121447994,0.7329712455380376,0.7328906673702417,0.7329390121447994,96000000,1
1296465000000,1296465059000,0.732922896511287,0.7329443841801284,0.7325363338021567,0.7325416999362688,226000000,1
1296465060000,1296465119000,0.732589998681338,0.7326919836170073,0.7325416999362688,0.7325953656017171,138000000,1
1296465120000,1296465179000,0.7325953656017171,0.732670510744613,0.7325148700518621,0.7325738983920003,90000000,1
1296465180000,1296465239000,0.7325738983920003,0.7326383037957991,0.7324612161786034,0.7324665812122322,87000000,1
1296465240000,1296465299000,0.7324665812122322,0.7326114668346788,0.7324665812122322,0.7325470661490001,71000000,1
1296465300000,1296465359000,0.7325309677466615,0.7326866152809121,0.7325148700518621,0.7326114668346788,101000000,1
1296465360000,1296465419000,0.7326114668346788,0.7327349331379374,0.7326114668346788,0.7326651427231697,121000000,1
1296465420000,1296465479000,0.7326436714239662,0.7330787106611637,0.7325631652589244,0.7330518414262256,129000000,1
1296465480000,1296465539000,0.7330303474563846,0.7330303474563846,0.7328584410635242,0.7329551284870339,97000000,1
1296465540000,1296465599000,0.7330088547469654,0.7330088547469654,0.7326436714239662,0.7326866152809121,129000000,1
1296465600000,1296465659000,0.7326866152809121,0.7327456713049467,0.7325685317861487,0.7326758788447167,176000000,1
1296465660000,1296465719000,0.7326436714239662,0.7328638119178313,0.7326168340696132,0.732777887694461,156000000,1
1296465720000,1296465779000,0.732777887694461,0.7328638119178313,0.7327510405064775,0.7328047368498191,104000000,1
1296465780000,1296465839000,0.732793996951577,0.7331055818659002,0.732777887694461,0.732922896511287,195000000,1
1296465840000,1296465899000,0.732922896511287,0.7333313777829926,0.7328745538626154,0.7332560970244467,187000000,1
1296465900000,1296465959000,0.7332776042354114,0.7336165093059254,0.7332560970244467,0.7334873656801262,196000000,1
1296465960000,1296466019000,0.7334819856824317,0.7335519318090125,0.7331270802480901,0.7331485798912007,134000000,1
1296466020000,1296466079000,0.7331217055343358,0.7332668504722238,0.7330840847445201,0.7332130863871658,116000000,1
1296466080000,1296466139000,0.7332130863871658,0.7332937354716179,0.7331270802480901,0.7331485798912007,146000000,1
1296466140000,1296466199000,0.7331432048622057,0.7332507204188328,0.7330894589066703,0.7332507204188328,68000000,1
1296466200000,1296466259000,0.7332507204188328,0.7332722273143905,0.733094833147616,0.7331378299120234,85000000,1
1296466260000,1296466319000,0.7331378299120234,0.7332023345162331,0.7330410942837455,0.7331378299120234,81000000,1
1296466320000,1296466379000,0.7331163308993871,0.7332023345162331,0.733094833147616,0.7331862073010683,53000000,1
1296466380000,1296466439000,0.733170080795343,0.7332614737089099,0.7331163308993871,0.7331485798912007,59000000,1
1296466440000,1296466499000,0.7331217055343358,0.7332722273143905,0.7331002074673588,0.7332399674441454,76000000,1
1296466500000,1296466559000,0.7333044900233924,0.733369023959166,0.7331808317203355,0.7332453438920663,139000000,1
1296466560000,1296466619000,0.7332829812352885,0.7332991127080737,0.7331378299120234,0.7332453438920663,87000000,1
1296466620000,1296466679000,0.7332399674441454,0.7333528894103843,0.7331485798912007,0.7332130863871658,135000000,1
1296466680000,1296466739000,0.7332399674441454,0.7332399674441454,0.7330787106611637,0.7331055818659002,85000000,1
1296466740000,1296466799000,0.7331002074673588,0.7331862073010683,0.7331002074673588,0.7331485798912007,86000000,1
1296466800000,1296466859000,0.7331485798912007,0.7333582675144288,0.7331485798912007,0.7332614737089099,105000000,1
1296466860000,1296466919000,0.7332614737089099,0.7332614737089099,0.7331378299120234,0.733159330185636,42000000,1
1296466920000,1296466979000,0.7331432048622057,0.7331539549990103,0.7330249741608698,0.7330249741608698,43000000,1
1296466980000,1296467039000,0.7330303474563846,0.7331539549990103,0.7330303474563846,0.7331378299120234,38000000,1
1296467040000,1296467099000,0.7331378299120234,0.7331862073010683,0.7329873632978567,0.7330196009441292,73000000,1
1296467100000,1296467159000,0.7330196009441292,0.7330572151156398,0.7327134577480785,0.7328101069169946,147000000,1
1296467160000,1296467219000,0.7328101069169946,0.7328423289729216,0.7325685317861487,0.7325846318395933,166000000,1
1296467220000,1296467279000,0.7325953656017171,0.7326919836170073,0.7325309677466615,0.7326275687754129,175000000,1
1296467280000,1296467339000,0.7326651427231697,0.7328047368498191,0.7326597747803852,0.7327134577480785,136000000,1
1296467340000,1296467399000,0.7327403021821006,0.732965873108948,0.7327080890973037,0.7328745538626154,156000000,1
1296467400000,1296467459000,0.7328799249530957,0.7329175247909353,0.732793996951577,0.7328208472874637,83000000,1
1296467460000,1296467519000,0.7328101069169946,0.7328638119178313,0.7327832573681357,0.732847699591071,88000000,1
1296467520000,1296467579000,0.732847699591071,0.732847699591071,0.732777887694461,0.7328154770628755,102000000,1
1296467580000,1296467639000,0.7328154770628755,0.7328154770628755,0.7326007326007326,0.7326651427231697,131000000,1
1296467640000,1296467699000,0.7326651427231697,0.7328101069169946,0.7326275687754129,0.7327993668613471,124000000,1
1296467700000,1296467759000,0.7327886271205072,0.7329443841801284,0.732777887694461,0.7329282683103805,123000000,1
1296467760000,1296467819000,0.7329175247909353,0.7330464678155948,0.7328745538626154,0.7330464678155948,113000000,1
1296467820000,1296467879000,0.7330142278061617,0.7330410942837455,0.7328638119178313,0.7328960386969109,79000000,1
1296467880000,1296467939000,0.7329121531493236,0.7329390121447994,0.732777887694461,0.7328423289729216,79000000,1
1296467940000,1296467999000,0.7328208472874637,0.7328208472874637,0.732589998681338,0.732589998681338,68000000,1
1296468000000,1296468059000,0.732589998681338,0.7326919836170073,0.7323003017077242,0.732450486347123,195000000,1
1296468060000,1296468119000,0.732450486347123,0.7325041386483834,0.7321501786446436,0.7322627651706539,204000000,1
1296468120000,1296468179000,0.7322627651706539,0.7322681272974912,0.7320001171200188,0.7321555391227311,186000000,1
1296468180000,1296468239000,0.7322145095627215,0.732305664384314,0.7320965781805936,0.7322145095627215,164000000,1
1296468240000,1296468299000,0.7322252324815114,0.7322574031223456,0.7320644216691068,0.7321072976455429,193000000,1
1296468300000,1296468359000,0.7320965781805936,0.7321501786446436,0.7319411812066782,0.7320751401923894,167000000,1
1296468360000,1296468419000,0.7320804995717329,0.7322627651706539,0.7320215507144531,0.732171621027969,78000000,1
1296468420000,1296468479000,0.7321608996793135,0.7321984257733846,0.7318501170960187,0.7319251094228039,100000000,1
1296468480000,1296468539000,0.7319304666056725,0.7319786847806992,0.7316680568359746,0.7319036814755178,108000000,1
1296468540000,1296468599000,0.7319197523183557,0.7321930646672914,0.7319143952923266,0.7321555391227311,71000000,1
1296468600000,1296468659000,0.7321394579239453,0.7321448182450488,0.7320429855641124,0.7320804995717329,60000000,1
1296468660000,1296468719000,0.7320804995717329,0.7322145095627215,0.7319304666056725,0.7319786847806992,99000000,1
1296468720000,1296468779000,0.7319626113498122,0.7322091482210978,0.7319465386248188,0.7321126574957355,185000000,1
1296468780000,1296468839000,0.7321126574957355,0.7321126574957355,0.7319465386248188,0.7320376267340142,110000000,1
1296468840000,1296468899000,0.7320322679823726,0.7320590625251645,0.7319036814755178,0.7319840427478681,105000000,1
1296468900000,1296468959000,0.7319840427478681,0.732171621027969,0.7318286935394163,0.7321394579239453,134000000,1
1296468960000,1296469019000,0.7321394579239453,0.7322842141491955,0.731967969081673,0.7320322679823726,191000000,1
1296469020000,1296469079000,0.7320322679823726,0.7320537034596858,0.7318876113384029,0.731967969081673,112000000,1
1296469080000,1296469139000,0.7319518961213869,0.732048344472669,0.731876898305705,0.7319626113498122,110000000,1
1296469140000,1296469199000,0.7319518961213869,0.7319840427478681,0.7318501170960187,0.7319036814755178,81000000,1
1296469200000,1296469259000,0.7318983246847348,0.731973326891968,0.7318822547828505,0.731973326891968,62000000,1
1296469260000,1296469319000,0.7319894007934765,0.7320912185658333,0.7318876113384029,0.7320912185658333,87000000,1
1296469320000,1296469379000,0.7320858590295469,0.7322520411525647,0.7319626113498122,0.7320054754009561,182000000,1
1296469380000,1296469439000,0.7320054754009561,0.7320858590295469,0.731967969081673,0.7319947589175261,114000000,1
1296469440000,1296469499000,0.7320269093091862,0.7321555391227311,0.7319840427478681,0.7320804995717329,75000000,1
1296469500000,1296469559000,0.7320804995717329,0.7322198709828588,0.732048344472669,0.7322145095627215,67000000,1
1296469560000,1296469619000,0.7322252324815114,0.7322734895028595,0.7320215507144531,0.7321180174244089,158000000,1
1296469620000,1296469679000,0.7321180174244089,0.7322252324815114,0.7320429855641124,0.7322198709828588,186000000,1
1296469680000,1296469739000,0.7322145095627215,0.7323378420933144,0.7321662603143922,0.7323378420933144,104000000,1
1296469740000,1296469799000,0.732316389973124,0.7325309677466615,0.732316389973124,0.7325309677466615,70000000,1
1296469800000,1296469859000,0.7325416999362688,0.7325685317861487,0.7323646590110148,0.7324773115152758,120000000,1
1296469860000,1296469919000,0.732445121549268,0.732445121549268,0.7322895765901668,0.7323592954703577,50000000,1
1296469920000,1296469979000,0.7323753863280162,0.7323753863280162,0.7321984257733846,0.7321984257733846,75000000,1
1296469980000,1296470039000,0.7321930646672914,0.7322198709828588,0.7319572536963841,0.7320054754009561,175000000,1
1296470040000,1296470099000,0.7319947589175261,0.7319947589175261,0.7317965605561654,0.731812626695061,115000000,1
1296470100000,1296470159000,0.7318179822314594,0.7319786847806992,0.7318179822314594,0.7318822547828505,98000000,1
1296470160000,1296470219000,0.7318929679723637,0.7321394579239453,0.7317858501888008,0.7320644216691068,110000000,1
1296470220000,1296470279000,0.7320376267340142,0.7322091482210978,0.7319518961213869,0.7321340976813313,101000000,1
1296470280000,1296470339000,0.7321501786446436,0.7321555391227311,0.7320108337603396,0.7320644216691068,106000000,1
1296470340000,1296470399000,0.7320912185658333,0.7321608996793135,0.7318876113384029,0.7319143952923266,103000000,1
1296470400000,1296470459000,0.7319304666056725,0.7320054754009561,0.731823337846244,0.7319840427478681,140000000,1
1296470460000,1296470519000,0.7319840427478681,0.7320054754009561,0.7319143952923266,0.7319786847806992,103000000,1
1296470520000,1296470579000,0.7319786847806992,0.7320429855641124,0.7317215945676988,0.7317215945676988,95000000,1
1296470580000,1296470639000,0.7317162404419566,0.731876898305705,0.7316948247225048,0.7317965605561654,122000000,1
1296470640000,1296470699000,0.731812626695061,0.7319197523183557,0.7316627034936894,0.7316627034936894,151000000,1
1296470700000,1296470759000,0.7316573502297404,0.7320001171200188,0.7316252322910113,0.7317001785348436,185000000,1
1296470760000,1296470819000,0.7317001785348436,0.7317430118542367,0.731448634019676,0.731448634019676,177000000,1
1296470820000,1296470879000,0.7314593345182975,0.7315663567263869,0.7314004856499224,0.7315663567263869,153000000,1
1296470880000,1296470939000,0.7315663567263869,0.7316948247225048,0.7314700353300027,0.7315663567263869,167000000,1
1296470940000,1296470999000,0.7315877649262194,0.7316091743790468,0.7314860871346227,0.7315074906367041,115000000,1
1296471000000,1296471059000,0.7315181928574565,0.7318661855866273,0.7315181928574565,0.731812626695061,144000000,1
1296471060000,1296471119000,0.7318179822314594,0.7323432053197411,0.7317965605561654,0.7322359557143694,241000000,1
1296471120000,1296471179000,0.7322359557143694,0.7324343921893196,0.7321823426906237,0.732353932008261,174000000,1
1296471180000,1296471239000,0.732353932008261,0.7325577988103261,0.7322895765901668,0.7324558512235675,164000000,1
1296471240000,1296471299000,0.7324558512235675,0.7325416999362688,0.7322734895028595,0.7323968419048177,137000000,1
1296471300000,1296471359000,0.7323968419048177,0.7326383037957991,0.7323861139592793,0.7323968419048177,174000000,1
1296471360000,1296471419000,0.7323968419048177,0.7324719463244558,0.732305664384314,0.732305664384314,101000000,1
1296471420000,1296471479000,0.7323003017077242,0.7323914778927632,0.7322788517867604,0.732316389973124,87000000,1
1296471480000,1296471539000,0.732316389973124,0.7323217528853476,0.7322252324815114,0.7323003017077242,81000000,1
1296471540000,1296471599000,0.732305664384314,0.7324236631437089,0.7322359557143694,0.7322520411525647,128000000,1
1296471600000,1296471659000,0.7322252324815114,0.7322842141491955,0.7321394579239453,0.7321984257733846,199000000,1
1296471660000,1296471719000,0.7321823426906237,0.7322788517867604,0.7320590625251645,0.7321126574957355,159000000,1
1296471720000,1296471779000,0.7321126574957355,0.7322627651706539,0.7321126574957355,0.7322627651706539,94000000,1
1296471780000,1296471839000,0.7322681272974912,0.7324129344124217,0.7322091482210978,0.7323271158761195,142000000,1
1296471840000,1296471899000,0.7324022059954445,0.7326544069162576,0.7323861139592793,0.7326168340696132,182000000,1
1296471900000,1296471959000,0.7326007326007326,0.7326275687754129,0.7324182987387757,0.732445121549268,139000000,1
1296471960000,1296472019000,0.732445121549268,0.7327241952856525,0.7324022059954445,0.7325953656017171,140000000,1
1296472020000,1296472079000,0.732589998681338,0.732606099678386,0.7320108337603396,0.7321823426906237,238000000,1
1296472080000,1296472139000,0.7321823426906237,0.7322520411525647,0.7318661855866273,0.7321072976455429,208000000,1
1296472140000,1296472199000,0.7320912185658333,0.7322734895028595,0.7320269093091862,0.7322413174485783,215000000,1
1296472200000,1296472259000,0.7322466792613095,0.7322734895028595,0.7320215507144531,0.7321823426906237,157000000,1
1296472260000,1296472319000,0.7321769818200455,0.7321769818200455,0.7320376267340142,0.7320697808915145,157000000,1
1296472320000,1296472379000,0.7320697808915145,0.7321930646672914,0.732048344472669,0.7320804995717329,119000000,1
1296472380000,1296472439000,0.7320858590295469,0.732230594058681,0.7320751401923894,0.7321126574957355,134000000,1
1296472440000,1296472499000,0.7321394579239453,0.7322627651706539,0.7320858590295469,0.7322037869579862,98000000,1
1296472500000,1296472559000,0.7322037869579862,0.7323378420933144,0.7322037869579862,0.7322895765901668,142000000,1
1296472560000,1296472619000,0.7322949391096758,0.7323110271394466,0.7321662603143922,0.7322359557143694,145000000,1
1296472620000,1296472679000,0.7322359557143694,0.7322359557143694,0.7321019378738295,0.7321608996793135,123000000,1
1296472680000,1296472739000,0.7321608996793135,0.7322574031223456,0.7321287375172051,0.7322145095627215,81000000,1
1296472740000,1296472799000,0.732230594058681,0.7323271158761195,0.7321287375172051,0.7321608996793135,101000000,1
1296472800000,1296472859000,0.7321394579239453,0.7323968419048177,0.7321180174244089,0.7323003017077242,78000000,1
1296472860000,1296472919000,0.7323003017077242,0.7325202358715159,0.7323003017077242,0.7323485686247226,100000000,1
1296472920000,1296472979000,0.7323485686247226,0.7323485686247226,0.7321877036397051,0.7321984257733846,92000000,1
1296472980000,1296473039000,0.7321984257733846,0.7322037869579862,0.7315877649262194,0.731807271237047,201000000,1
1296473040000,1296473099000,0.731807271237047,0.7319090383447145,0.7314753858532661,0.7316305850849788,141000000,1
1296473100000,1296473159000,0.7316573502297404,0.7316627034936894,0.7315181928574565,0.7316627034936894,112000000,1
1296473160000,1296473219000,0.7316680568359746,0.7317751401349393,0.7316519970441259,0.7317162404419566,63000000,1
1296473220000,1296473279000,0.7317162404419566,0.7317162404419566,0.7314860871346227,0.7316091743790468,78000000,1
1296473280000,1296473339000,0.7316091743790468,0.7316412909078938,0.7314807364548055,0.7314860871346227,75000000,1
1296473340000,1296473399000,0.731448634019676,0.7315181928574565,0.731325600783981,0.7315128417079362,111000000,1
1296473400000,1296473459000,0.7315235440852663,0.7315717086588828,0.731373739294517,0.7314272339616293,104000000,1
1296473460000,1296473519000,0.731448634019676,0.7315984694960018,0.7313951362223441,0.731528895391368,104000000,1
1296473520000,1296473579000,0.731528895391368,0.7316573502297404,0.7314325838587457,0.7316305850849788,95000000,1
1296473580000,1296473639000,0.7316305850849788,0.7316305850849788,0.7314753858532661,0.7315128417079362,105000000,1
1296473640000,1296473699000,0.7315235440852663,0.7316412909078938,0.7314967887290975,0.7315128417079362,106000000,1
1296473700000,1296473759000,0.7315021396437584,0.7318019158574157,0.7314646848850138,0.7317537209676712,145000000,1
1296473760000,1296473819000,0.7317644303945674,0.7318179822314594,0.7317215945676988,0.7317965605561654,57000000,1
1296473820000,1296473879000,0.731780495122683,0.7319090383447145,0.731780495122683,0.7319090383447145,69000000,1
1296473880000,1296473939000,0.7319090383447145,0.7319894007934765,0.731780495122683,0.7318554731811562,116000000,1
1296473940000,1296473999000,0.7318554731811562,0.7319304666056725,0.731780495122683,0.7319090383447145,85000000,1
1296474000000,1296474059000,0.7319143952923266,0.7320751401923894,0.7318554731811562,0.7319947589175261,183000000,1
1296474060000,1296474119000,0.7320054754009561,0.7320054754009561,0.7318501170960187,0.7318983246847348,84000000,1
1296474120000,1296474179000,0.7319036814755178,0.7319358238669634,0.7318501170960187,0.7319197523183557,98000000,1
1296474180000,1296474239000,0.7319358238669634,0.7320644216691068,0.7318394051609315,0.7319947589175261,83000000,1
1296474240000,1296474299000,0.7320054754009561,0.7320161921981714,0.7319251094228039,0.7319786847806992,45000000,1
1296474300000,1296474359000,0.7319840427478681,0.7323110271394466,0.7319840427478681,0.7322627651706539,124000000,1
1296474360000,1296474419000,0.7322734895028595,0.7322788517867604,0.7320697808915145,0.7320697808915145,94000000,1
1296474420000,1296474479000,0.7320697808915145,0.732493407559332,0.7320697808915145,0.7323003017077242,202000000,1
1296474480000,1296474539000,0.7322842141491955,0.7324719463244558,0.7321180174244089,0.7323485686247226,92000000,1
1296474540000,1296474599000,0.7323646590110148,0.7325202358715159,0.7323485686247226,0.7323753863280162,87000000,1
1296474600000,1296474659000,0.7323753863280162,0.7323753863280162,0.7320108337603396,0.7320537034596858,129000000,1
1296474660000,1296474719000,0.7320804995717329,0.7320965781805936,0.7319411812066782,0.7320054754009561,145000000,1
1296474720000,1296474779000,0.7320001171200188,0.7320858590295469,0.7319465386248188,0.7320108337603396,148000000,1
1296474780000,1296474839000,0.7319894007934765,0.7320697808915145,0.7319465386248188,0.7320001171200188,88000000,1
1296474840000,1296474899000,0.7320161921981714,0.732171621027969,0.7317912053332943,0.7318394051609315,79000000,1
1296474900000,1296474959000,0.7318286935394163,0.7320590625251645,0.7318286935394163,0.7318608293446919,128000000,1
1296474960000,1296475019000,0.731876898305705,0.7321555391227311,0.7318340493109782,0.731876898305705,140000000,1
1296475020000,1296475079000,0.731876898305705,0.7321501786446436,0.731876898305705,0.7321394579239453,123000000,1
1296475080000,1296475139000,0.7321233774315647,0.7321340976813313,0.731876898305705,0.7319786847806992,71000000,1
1296475140000,1296475199000,0.7319947589175261,0.7319947589175261,0.731807271237047,0.7319197523183557,129000000,1
1296475200000,1296475259000,0.7319197523183557,0.7320054754009561,0.7318019158574157,0.7318501170960187,129000000,1
1296475260000,1296475319000,0.7318286935394163,0.7319465386248188,0.7317430118542367,0.7317644303945674,72000000,1
1296475320000,1296475379000,0.7317537209676712,0.7319840427478681,0.7317001785348436,0.7319036814755178,100000000,1
1296475380000,1296475439000,0.7318822547828505,0.7320644216691068,0.7318661855866273,0.731876898305705,93000000,1
1296475440000,1296475499000,0.7318822547828505,0.7320108337603396,0.7317269487717963,0.7317590756419357,100000000,1
1296475500000,1296475559000,0.7317483663717721,0.7317590756419357,0.7316305850849788,0.7316412909078938,68000000,1
1296475560000,1296475619000,0.7316412909078938,0.7318608293446919,0.7316252322910113,0.7318608293446919,83000000,1
1296475620000,1296475679000,0.7318554731811562,0.7318983246847348,0.7317162404419566,0.7317537209676712,67000000,1
1296475680000,1296475739000,0.7317751401349393,0.7317751401349393,0.7316734102565978,0.7317055324255306,56000000,1
1296475740000,1296475799000,0.7317055324255306,0.731823337846244,0.7317055324255306,0.731823337846244,18000000,1
1296475800000,1296475859000,0.7317965605561654,0.7318394051609315,0.7317376574150635,0.7318394051609315,65000000,1
1296475860000,1296475919000,0.7318394051609315,0.7318876113384029,0.7317162404419566,0.7317162404419566,74000000,1
1296475920000,1296475979000,0.7317162404419566,0.7317215945676988,0.7315984694960018,0.7315984694960018,57000000,1
1296475980000,1296476039000,0.7316091743790468,0.7317323030542506,0.7315877649262194,0.7317055324255306,48000000,1
1296476040000,1296476099000,0.7317001785348436,0.7317430118542367,0.7315021396437584,0.7315449497794392,82000000,1
1296476100000,1296476159000,0.7315342467757628,0.7315984694960018,0.7314914378927194,0.7314914378927194,61000000,1
1296476160000,1296476219000,0.7314967887290975,0.7314967887290975,0.7313042079244123,0.7314325838587457,59000000,1
1296476220000,1296476279000,0.7314218841427735,0.7315074906367041,0.7314058351557529,0.7314646848850138,48000000,1
1296476280000,1296476339000,0.7314379338341245,0.7316145269380468,0.7314165344021767,0.7316038218983656,57000000,1
1296476340000,1296476399000,0.7316038218983656,0.7316573502297404,0.7315610048721962,0.7315610048721962,63000000,1
1296476400000,1296476459000,0.7315824127587973,0.7316252322910113,0.7314753858532661,0.7315235440852663,69000000,1
1296476460000,1296476519000,0.7315235440852663,0.7316145269380468,0.7314967887290975,0.7316038218983656,53000000,1
1296476520000,1296476579000,0.7316145269380468,0.7316627034936894,0.7315556530963092,0.7315610048721962,54000000,1
1296476580000,1296476639000,0.7315449497794392,0.7315449497794392,0.7314218841427735,0.7314967887290975,64000000,1
1296476640000,1296476699000,0.7314967887290975,0.7315877649262194,0.7314860871346227,0.7314860871346227,61000000,1
1296476700000,1296476759000,0.7314860871346227,0.7316145269380468,0.7314860871346227,0.7315021396437584,51000000,1
1296476760000,1296476819000,0.7314807364548055,0.7315877649262194,0.7314539842298521,0.7315128417079362,57000000,1
1296476820000,1296476879000,0.7315235440852663,0.7316091743790468,0.7315181928574565,0.7315181928574565,36000000,1
1296476880000,1296476939000,0.7315074906367041,0.7315931171719536,0.7314539842298521,0.7315877649262194,50000000,1
1296476940000,1296476999000,0.7315503013987242,0.7315877649262194,0.7311812232661865,0.7312079555425564,79000000,1
1296477000000,1296477059000,0.7312186490004241,0.7313897868730161,0.7310315586323861,0.7311651848385587,176000000,1
1296477060000,1296477119000,0.7311651848385587,0.7313149041977476,0.7311277645768598,0.7312667734316155,97000000,1
1296477120000,1296477179000,0.7312400368544979,0.7313362976831267,0.7311972623974495,0.7312453840135135,81000000,1
1296477180000,1296477239000,0.7312614259597806,0.731448634019676,0.7312079555425564,0.7314218841427735,157000000,1
1296477240000,1296477299000,0.7314218841427735,0.7314593345182975,0.731325600783981,0.731411184739837,79000000,1
1296477300000,1296477359000,0.7313951362223441,0.7314753858532661,0.731368390258173,0.7314593345182975,41000000,1
1296477360000,1296477419000,0.7314700353300027,0.7315074906367041,0.731448634019676,0.7314967887290975,37000000,1
1296477420000,1296477479000,0.7314860871346227,0.7315342467757628,0.7314004856499224,0.7314165344021767,79000000,1
1296477480000,1296477539000,0.731411184739837,0.7315503013987242,0.731411184739837,0.7315128417079362,100000000,1
1296477540000,1296477599000,0.7315021396437584,0.7315449497794392,0.731411184739837,0.7314218841427735,130000000,1
1296477600000,1296477659000,0.7314218841427735,0.7315021396437584,0.731373739294517,0.7315021396437584,111000000,1
1296477660000,1296477719000,0.7315181928574565,0.7315181928574565,0.731373739294517,0.7314807364548055,111000000,1
1296477720000,1296477779000,0.7314807364548055,0.7315342467757628,0.7314272339616293,0.7314379338341245,51000000,1
1296477780000,1296477839000,0.731448634019676,0.7315074906367041,0.731373739294517,0.7313790884091041,78000000,1
1296477840000,1296477899000,0.7313844376019367,0.7314593345182975,0.7310262146000556,0.7310262146000556,105000000,1
1296477900000,1296477959000,0.7310262146000556,0.7310529355430626,0.7308125173567973,0.7308712716429255,126000000,1
1296477960000,1296478019000,0.7308605883427737,0.7309246928288978,0.7308071765264735,0.7308445639781331,105000000,1
1296478020000,1296478079000,0.7308445639781331,0.7309674354007529,0.7308018357742114,0.7309033234174115,81000000,1
1296478080000,1296478139000,0.7308712716429255,0.7308926391802308,0.730390832134275,0.7305722572491032,133000000,1
1296478140000,1296478199000,0.7305775946463273,0.7308445639781331,0.7305775946463273,0.7307591125661337,154000000,1
1296478200000,1296478259000,0.7307697928998407,0.7310101829718488,0.7307537725163507,0.7310048392520359,128000000,1
1296478260000,1296478319000,0.7309941520467835,0.7310689690465398,0.7309193503588814,0.7309300353770137,113000000,1
1296478320000,1296478379000,0.7309407207075506,0.7310903481452238,0.7308499053549372,0.7309086656531399,132000000,1
1296478380000,1296478439000,0.7309193503588814,0.7309407207075506,0.7307537725163507,0.730887297178775,87000000,1
1296478440000,1296478499000,0.7308712716429255,0.7308712716429255,0.7307484325446122,0.7307484325446122,67000000,1
1296478500000,1296478559000,0.7307484325446122,0.7307751331837681,0.73071105492755,0.7307751331837681,76000000,1
1296478560000,1296478619000,0.7307751331837681,0.7308605883427737,0.7307430926509166,0.7307751331837681,101000000,1
1296478620000,1296478679000,0.7307644526939632,0.7308125173567973,0.7303588252908655,0.7303854974655624,130000000,1
1296478680000,1296478739000,0.7303961668809162,0.7306683423327317,0.7303801628747763,0.730556245525343,158000000,1
1296478740000,1296478799000,0.7305722572491032,0.7306736811340055,0.7304495186337673,0.7304761974331067,158000000,1
1296478800000,1296478859000,0.730470861517334,0.7305669199298656,0.7302628215894901,0.7303161538630073,193000000,1
1296478860000,1296478919000,0.7303374889536455,0.7305669199298656,0.7303374889536455,0.7305135510263715,114000000,1
1296478920000,1296478979000,0.7304975418757716,0.7305348976520608,0.7304175066467993,0.7304761974331067,151000000,1
1296478980000,1296479039000,0.7304761974331067,0.7307003763106938,0.7304335122895438,0.7306363111633921,115000000,1
1296479040000,1296479099000,0.7306683423327317,0.7309407207075506,0.7306256347310202,0.7308926391802308,137000000,1
1296479100000,1296479159000,0.7308926391802308,0.7310155267697885,0.7307964951000094,0.7308605883427737,123000000,1
1296479160000,1296479219000,0.7308659299538093,0.7308659299538093,0.7307804735457468,0.7308071765264735,79000000,1
1296479220000,1296479279000,0.7307964951000094,0.730972778573726,0.7306843589706119,0.730962092305893,113000000,1
1296479280000,1296479339000,0.7309674354007529,0.7311331100940237,0.7309246928288978,0.7309300353770137,131000000,1
1296479340000,1296479399000,0.7309674354007529,0.7313042079244123,0.7309300353770137,0.7312507312507313,128000000,1
1296479400000,1296479459000,0.7312293427710667,0.7313951362223441,0.7312186490004241,0.7313790884091041,47000000,1
1296479460000,1296479519000,0.7313630413000709,0.7314432838877674,0.7313095560219686,0.7313095560219686,82000000,1
1296479520000,1296479579000,0.7313095560219686,0.7313095560219686,0.7309353780032307,0.7311705309029225,104000000,1
1296479580000,1296479639000,0.7311705309029225,0.7312079555425564,0.7311705309029225,0.7311972623974495,61000000,1
1296479640000,1296479699000,0.7311865695650902,0.7312507312507313,0.7309407207075506,0.7309407207075506,149000000,1
1296479700000,1296479759000,0.7309246928288978,0.7310422469314501,0.7308285403161565,0.7309567492891447,171000000,1
1296479760000,1296479819000,0.730962092305893,0.7310956931152719,0.7309193503588814,0.7309353780032307,115000000,1
1296479820000,1296479879000,0.7309193503588814,0.730946063489975,0.7308552468098168,0.7309407207075506,80000000,1
1296479880000,1296479939000,0.7309300353770137,0.7311651848385587,0.7309246928288978,0.730972778573726,151000000,1
1296479940000,1296479999000,0.730999495610348,0.730999495610348,0.7307163943530237,0.7308819552554068,178000000,1
1296480000000,1296480059000,0.7308819552554068,0.7309407207075506,0.7306309729082036,0.7308819552554068,193000000,1
1296480060000,1296480119000,0.7308819552554068,0.7310903481452238,0.7308766134101241,0.730999495610348,124000000,1
1296480120000,1296480179000,0.730999495610348,0.7310636244672374,0.7309140079669627,0.7309941520467835,104000000,1
1296480180000,1296480239000,0.7310101829718488,0.7310850032533283,0.7308338814587444,0.7310369027428505,143000000,1
1296480240000,1296480299000,0.731020870645857,0.7313042079244123,0.7310048392520359,0.7313042079244123,114000000,1
1296480300000,1296480359000,0.7313416462500457,0.7314004856499224,0.731256078566153,0.731256078566153,116000000,1
1296480360000,1296480419000,0.7312774686099147,0.7312774686099147,0.7308338814587444,0.7308926391802308,161000000,1
1296480420000,1296480479000,0.730887297178775,0.730972778573726,0.7306149586106625,0.7307804735457468,126000000,1
1296480480000,1296480539000,0.7308018357742114,0.7312186490004241,0.7307644526939632,0.7311919159421774,96000000,1
1296480540000,1296480599000,0.7311758770454645,0.7311758770454645,0.7306790200132983,0.7306790200132983,135000000,1
1296480600000,1296480659000,0.7306790200132983,0.7317697852255681,0.7306790200132983,0.7311117284943485,246000000,1
1296480660000,1296480719000,0.7311117284943485,0.7311812232661865,0.7309033234174115,0.7310956931152719,249000000,1
1296480720000,1296480779000,0.7310903481452238,0.7313042079244123,0.7310315586323861,0.7311544929443592,173000000,1
1296480780000,1296480839000,0.7311651848385587,0.7315503013987242,0.7311277645768598,0.7311919159421774,229000000,1
1296480840000,1296480899000,0.7311812232661865,0.7311865695650902,0.7309033234174115,0.7310101829718488,205000000,1
1296480900000,1296480959000,0.7309834651540182,0.7311972623974495,0.7308552468098168,0.7310956931152719,198000000,1
1296480960000,1296481019000,0.7310956931152719,0.7311758770454645,0.7309941520467835,0.7311277645768598,161000000,1
1296481020000,1296481079000,0.731117073777024,0.7311972623974495,0.7309834651540182,0.7309834651540182,147000000,1
1296481080000,1296481139000,0.730999495610348,0.7311438013628521,0.7308819552554068,0.7310903481452238,147000000,1
1296481140000,1296481199000,0.7311063832898325,0.7311705309029225,0.730962092305893,0.7310422469314501,156000000,1
1296481200000,1296481259000,0.7310315586323861,0.7311544929443592,0.7309674354007529,0.730972778573726,125000000,1
1296481260000,1296481319000,0.7309781218248137,0.7309941520467835,0.7306202966318405,0.7306309729082036,204000000,1
1296481320000,1296481379000,0.7306256347310202,0.7311651848385587,0.7306256347310202,0.7310369027428505,157000000,1
1296481380000,1296481439000,0.7310262146000556,0.7311651848385587,0.7308552468098168,0.730962092305893,152000000,1
1296481440000,1296481499000,0.730999495610348,0.7312774686099147,0.730999495610348,0.7312774686099147,150000000,1
1296481500000,1296481559000,0.7312828163163823,0.7313469948951979,0.7311919159421774,0.7312346897736829,142000000,1
1296481560000,1296481619000,0.7312507312507313,0.7315181928574565,0.7312239958466478,0.7315181928574565,112000000,1
1296481620000,1296481679000,0.7314914378927194,0.7315021396437584,0.7313523436185851,0.7315021396437584,113000000,1
1296481680000,1296481739000,0.7314753858532661,0.7314914378927194,0.7313469948951979,0.7314593345182975,122000000,1
1296481740000,1296481799000,0.7314432838877674,0.7314539842298521,0.7312721209816597,0.7313469948951979,91000000,1
1296481800000,1296481859000,0.7313523436185851,0.7314807364548055,0.7312774686099147,0.7314432838877674,105000000,1
1296481860000,1296481919000,0.7314807364548055,0.7314860871346227,0.7313790884091041,0.7314165344021767,52000000,1
1296481920000,1296481979000,0.7314004856499224,0.7314004856499224,0.7312239958466478,0.7312828163163823,110000000,1
1296481980000,1296482039000,0.7313149041977476,0.7315663567263869,0.7313095560219686,0.7315663567263869,83000000,1
1296482040000,1296482099000,0.7315449497794392,0.7316412909078938,0.7313951362223441,0.731448634019676,90000000,1
1296482100000,1296482159000,0.7314325838587457,0.7316894709885124,0.7313790884091041,0.7316038218983656,90000000,1
1296482160000,1296482219000,0.7316198795753678,0.7316627034936894,0.731411184739837,0.7314432838877674,133000000,1
1296482220000,1296482279000,0.7314539842298521,0.7315395982384526,0.7312667734316155,0.7314807364548055,130000000,1
1296482280000,1296482339000,0.7314539842298521,0.7315074906367041,0.731325600783981,0.7313576924202089,87000000,1
1296482340000,1296482399000,0.7313576924202089,0.7314325838587457,0.7311438013628521,0.7312293427710667,141000000,1
1296482400000,1296482459000,0.7312079555425564,0.7314004856499224,0.7311972623974495,0.731330949194439,131000000,1
1296482460000,1296482519000,0.7313042079244123,0.7313951362223441,0.7311063832898325,0.7311117284943485,96000000,1
1296482520000,1296482579000,0.7311224191378604,0.7312828163163823,0.7311224191378604,0.7311438013628521,90000000,1
1296482580000,1296482639000,0.7311544929443592,0.7311598388523715,0.7310155267697885,0.731074313703988,104000000,1
1296482640000,1296482699000,0.7310475911981871,0.7311010381634743,0.7309781218248137,0.7310422469314501,85000000,1
1296482700000,1296482759000,0.7310422469314501,0.7311117284943485,0.7309407207075506,0.7310155267697885,123000000,1
1296482760000,1296482819000,0.7309941520467835,0.731330949194439,0.7309941520467835,0.7312186490004241,215000000,1
1296482820000,1296482879000,0.7312400368544979,0.7313095560219686,0.7311705309029225,0.7312507312507313,76000000,1
1296482880000,1296482939000,0.7312507312507313,0.7312667734316155,0.7310422469314501,0.7310529355430626,117000000,1
1296482940000,1296482999000,0.7310582799660789,0.7311812232661865,0.7310582799660789,0.7310956931152719,90000000,1
1296483000000,1296483059000,0.7310850032533283,0.7310956931152719,0.7309567492891447,0.7310048392520359,115000000,1
1296483060000,1296483119000,0.730999495610348,0.7310850032533283,0.7309567492891447,0.7310422469314501,74000000,1
1296483120000,1296483179000,0.7310369027428505,0.731138455689354,0.7309246928288978,0.7309300353770137,88000000,1
1296483180000,1296483239000,0.7309246928288978,0.7310262146000556,0.7308231992516371,0.7309567492891447,109000000,1
1296483240000,1296483299000,0.7309140079669627,0.7311598388523715,0.7308926391802308,0.7310582799660789,127000000,1
1296483300000,1296483359000,0.731074313703988,0.7311865695650902,0.7310689690465398,0.7311865695650902,127000000,1
1296483360000,1296483419000,0.7311651848385587,0.7312774686099147,0.7310262146000556,0.7310262146000556,141000000,1
1296483420000,1296483479000,0.7310315586323861,0.7311063832898325,0.7308659299538093,0.7308712716429255,94000000,1
1296483480000,1296483539000,0.7308926391802308,0.7309193503588814,0.73071105492755,0.73071105492755,79000000,1
1296483540000,1296483599000,0.73071105492755,0.7309140079669627,0.7305402345034153,0.7308552468098168,139000000,1
1296483600000,1296483659000,0.7308605883427737,0.7309246928288978,0.7308071765264735,0.7308926391802308,101000000,1
1296483660000,1296483719000,0.7308552468098168,0.7310048392520359,0.7308499053549372,0.7308926391802308,120000000,1
1296483720000,1296483779000,0.730887297178775,0.731020870645857,0.7308285403161565,0.7309567492891447,134000000,1
1296483780000,1296483839000,0.730946063489975,0.7310422469314501,0.7308819552554068,0.731020870645857,80000000,1
1296483840000,1296483899000,0.731020870645857,0.7310903481452238,0.7309193503588814,0.7309246928288978,90000000,1
1296483900000,1296483959000,0.7309246928288978,0.731138455689354,0.7308659299538093,0.731138455689354,85000000,1
1296483960000,1296484019000,0.7311544929443592,0.7312346897736829,0.731020870645857,0.7310262146000556,59000000,1
1296484020000,1296484079000,0.7310315586323861,0.7312026089309087,0.7310101829718488,0.7311919159421774,123000000,1
1296484080000,1296484139000,0.7312239958466478,0.7312721209816597,0.7310903481452238,0.7311598388523715,116000000,1
1296484140000,1296484199000,0.7311598388523715,0.7312186490004241,0.7309246928288978,0.731020870645857,95000000,1
1296484200000,1296484259000,0.7310101829718488,0.7311972623974495,0.7309567492891447,0.7310956931152719,96000000,1
1296484260000,1296484319000,0.7311063832898325,0.7311063832898325,0.7308766134101241,0.7309567492891447,128000000,1
1296484320000,1296484379000,0.7309353780032307,0.7310956931152719,0.7309353780032307,0.7310048392520359,111000000,1
1296484380000,1296484439000,0.7309941520467835,0.7310048392520359,0.7307324130976478,0.7307484325446122,133000000,1
1296484440000,1296484499000,0.7307430926509166,0.7308659299538093,0.7305242241832739,0.7306469879077924,174000000,1
1296484500000,1296484559000,0.7306576649642343,0.7307324130976478,0.7305882696747421,0.7307324130976478,132000000,1
1296484560000,1296484619000,0.7307217338565302,0.7307804735457468,0.7306736811340055,0.7307057155801072,72000000,1
1296484620000,1296484679000,0.7307057155801072,0.7307217338565302,0.7305615826886127,0.7306576649642343,84000000,1
1296484680000,1296484739000,0.7306683423327317,0.730946063489975,0.7306149586106625,0.730946063489975,128000000,1
1296484740000,1296484799000,0.7309353780032307,0.7310422469314501,0.7308659299538093,0.730988808561341,108000000,1
1296484800000,1296484859000,0.730972778573726,0.7310262146000556,0.7307537725163507,0.7307751331837681,109000000,1
1296484860000,1296484919000,0.7307751331837681,0.7308445639781331,0.7307537725163507,0.7308071765264735,59000000,1
1296484920000,1296484979000,0.7308338814587444,0.7313362976831267,0.7308338814587444,0.7313095560219686,230000000,1
1296484980000,1296485039000,0.7313202524517511,0.7316627034936894,0.7312935119639619,0.731528895391368,183000000,1
1296485040000,1296485099000,0.7315235440852663,0.7316252322910113,0.7313844376019367,0.7313844376019367,115000000,1
1296485100000,1296485159000,0.7313844376019367,0.7317269487717963,0.7312988599050775,0.7315610048721962,202000000,1
1296485160000,1296485219000,0.7315610048721962,0.7315610048721962,0.731138455689354,0.7313844376019367,191000000,1
1296485220000,1296485279000,0.731325600783981,0.7313469948951979,0.7310956931152719,0.7311972623974495,154000000,1
1296485280000,1296485339000,0.7311972623974495,0.7313630413000709,0.7311544929443592,0.7312133022323941,174000000,1
1296485340000,1296485399000,0.7312133022323941,0.731368390258173,0.7311598388523715,0.7312721209816597,159000000,1
1296485400000,1296485459000,0.7312721209816597,0.7314218841427735,0.730946063489975,0.7310101829718488,142000000,1
1296485460000,1296485519000,0.7310422469314501,0.7311117284943485,0.7308178582651845,0.7310689690465398,134000000,1
1296485520000,1296485579000,0.7310689690465398,0.7310689690465398,0.7307858139857789,0.7308018357742114,190000000,1
1296485580000,1296485639000,0.7308285403161565,0.7309567492891447,0.7305829321215398,0.7306950371193078,181000000,1
1296485640000,1296485699000,0.7306843589706119,0.7310048392520359,0.7306843589706119,0.7309353780032307,145000000,1
1296485700000,1296485759000,0.7309086656531399,0.7309300353770137,0.7306736811340055,0.7306790200132983,137000000,1
1296485760000,1296485819000,0.7306736811340055,0.73071105492755,0.7305028781813401,0.7307057155801072,188000000,1
1296485820000,1296485879000,0.7306950371193078,0.73071105492755,0.7305509084400547,0.7306042828023058,173000000,1
1296485880000,1296485939000,0.7305722572491032,0.7306736811340055,0.7304281769973558,0.7304548542377338,189000000,1
1296485940000,1296485999000,0.7304495186337673,0.730470861517334,0.7300229227197734,0.7302201613786556,204000000,1
1296486000000,1296486059000,0.7302628215894901,0.7304922056481657,0.7301668431236538,0.730236158373618,234000000,1
1296486060000,1296486119000,0.7302201613786556,0.7302948200188416,0.7301615117263939,0.7302841535641519,240000000,1
1296486120000,1296486179000,0.7302681544663201,0.7302948200188416,0.7300922106462046,0.7301935012778387,224000000,1
1296486180000,1296486239000,0.7301775061517455,0.7304441831077478,0.7301455180017377,0.7302201613786556,232000000,1
1296486240000,1296486299000,0.7302308259640873,0.7304655256795156,0.7301668431236538,0.7301828377825808,162000000,1
1296486300000,1296486359000,0.7301828377825808,0.7304601899196493,0.7300495703658278,0.7303961668809162,207000000,1
1296486360000,1296486419000,0.7303694939269777,0.7305989450151233,0.7303534910896874,0.730556245525343,225000000,1
1296486420000,1296486479000,0.7305722572491032,0.7310262146000556,0.7304868694985208,0.7310262146000556,288000000,1
1296486480000,1296486539000,0.731074313703988,0.7312026089309087,0.730988808561341,0.730988808561341,232000000,1
1296486540000,1296486599000,0.7309941520467835,0.7310529355430626,0.730556245525343,0.7305882696747421,204000000,1
1296486600000,1296486659000,0.7305936073059361,0.7311651848385587,0.7305882696747421,0.7311544929443592,203000000,1
1296486660000,1296486719000,0.7311438013628521,0.7313951362223441,0.7311331100940237,0.7312614259597806,205000000,1
1296486720000,1296486779000,0.7312774686099147,0.7313469948951979,0.7310529355430626,0.7310956931152719,205000000,1
1296486780000,1296486839000,0.7311117284943485,0.7311117284943485,0.7308926391802308,0.730972778573726,166000000,1
1296486840000,1296486899000,0.730988808561341,0.7311063832898325,0.7309140079669627,0.730999495610348,151000000,1
1296486900000,1296486959000,0.7309514063505058,0.7309514063505058,0.7306896980059477,0.7308071765264735,161000000,1
1296486960000,1296487019000,0.7308071765264735,0.7308499053549372,0.7304121715884274,0.7305295608786809,146000000,1
1296487020000,1296487079000,0.7305135510263715,0.7306042828023058,0.7302948200188416,0.7304441831077478,191000000,1
1296487080000,1296487139000,0.7304495186337673,0.7307003763106938,0.7304068366079907,0.7305402345034153,173000000,1
1296487140000,1296487199000,0.7305455714327459,0.7307377528352625,0.7304868694985208,0.7306202966318405,140000000,1
1296487200000,1296487259000,0.7306202966318405,0.7306523263970072,0.7304761974331067,0.7304761974331067,142000000,1
1296487260000,1296487319000,0.7304655256795156,0.7305509084400547,0.7300815501091472,0.7301082020355416,184000000,1
1296487320000,1296487379000,0.730065559887278,0.7301988331422646,0.7298950410930908,0.7301721745987704,212000000,1
1296487380000,1296487439000,0.7301721745987704,0.7302574887905475,0.7294584500466853,0.7296021479487235,280000000,1
1296487440000,1296487499000,0.729591501718188,0.7296021479487235,0.7292031268230079,0.7293573632272604,195000000,1
1296487500000,1296487559000,0.7293573632272604,0.7294637711818043,0.7293041708905533,0.7293520436444263,188000000,1
1296487560000,1296487619000,0.7293360853614954,0.7294158837602848,0.7292243969314237,0.7293733224413583,165000000,1
1296487620000,1296487679000,0.7293254468941676,0.7293946024799417,0.7291393239420189,0.729250986311959,207000000,1
1296487680000,1296487739000,0.7292882147024504,0.7297459024767576,0.7292882147024504,0.7295435975253881,240000000,1
1296487740000,1296487799000,0.7295542423579193,0.7297246019352297,0.7293360853614954,0.7294318455355124,159000000,1
1296487800000,1296487859000,0.7294318455355124,0.7297086273451011,0.7293733224413583,0.729697978006903,174000000,1
1296487860000,1296487919000,0.729697978006903,0.7297991592713686,0.7296127944899642,0.7297192769941404,117000000,1
1296487920000,1296487979000,0.7297192769941404,0.7298577507243837,0.729697978006903,0.7297938332421091,168000000,1
1296487980000,1296488039000,0.7297938332421091,0.7298417703041981,0.7297086273451011,0.7297192769941404,142000000,1
1296488040000,1296488099000,0.7297725299024294,0.729783181416801,0.7296234413419234,0.7297086273451011,124000000,1
1296488100000,1296488159000,0.7297086273451011,0.7299003685996861,0.729666031857219,0.7299003685996861,121000000,1
1296488160000,1296488219000,0.7299216794038,0.7299802905321557,0.7298257905837876,0.729884386313208,99000000,1
1296488220000,1296488279000,0.7299056961840531,0.7299216794038,0.7296873289795323,0.7298364436529773,134000000,1
1296488280000,1296488339000,0.7298257905837876,0.729863077686626,0.7297299269540343,0.729777855620749,65000000,1
1296488340000,1296488399000,0.7297725299024294,0.7297725299024294,0.7292775776315981,0.7293946024799417,155000000,1
1296488400000,1296488459000,0.7294158837602848,0.7295595648906755,0.7291446404223206,0.7291659071188468,130000000,1
1296488460000,1296488519000,0.7291978094897803,0.7292616226071102,0.729027695762162,0.7291393239420189,104000000,1
1296488520000,1296488579000,0.7291127427034043,0.7292031268230079,0.7290649013575188,0.7290649013575188,77000000,1
1296488580000,1296488639000,0.7290649013575188,0.7290649013575188,0.728560292006965,0.7285656000466282,239000000,1
1296488640000,1296488699000,0.7285656000466282,0.7286293025560315,0.7284541474536885,0.728570908163637,206000000,1
1296488700000,1296488759000,0.728570908163637,0.728650539201399,0.7284806806923481,0.7286293025560315,157000000,1
1296488760000,1296488819000,0.7286346116013203,0.7287992303880128,0.7286027584900436,0.7287248772098581,69000000,1
1296488820000,1296488879000,0.7287248772098581,0.7288523490911211,0.7287248772098581,0.7288417247310575,76000000,1
1296488880000,1296488939000,0.7288098535092193,0.7289586097301395,0.7287248772098581,0.7287514301746818,151000000,1
1296488940000,1296488999000,0.728772673939818,0.7288417247310575,0.7286983261799448,0.7288417247310575,81000000,1
1296489000000,1296489059000,0.7288364126671768,0.7288364126671768,0.7284541474536885,0.7285178304739008,187000000,1
1296489060000,1296489119000,0.7285072158639732,0.7286293025560315,0.7284010867744215,0.7285019086750008,142000000,1
1296489120000,1296489179000,0.7284753738899856,0.7286239935881089,0.7284170041665452,0.7286239935881089,107000000,1
1296489180000,1296489239000,0.7286239935881089,0.7287992303880128,0.7285443683520326,0.7287514301746818,176000000,1
1296489240000,1296489299000,0.7287567409998542,0.7288045419099052,0.7284063924945006,0.7285284453931503,157000000,1
1296489300000,1296489359000,0.7285337529687751,0.7286611579883123,0.7284010867744215,0.7284063924945006,245000000,1
1296489360000,1296489419000,0.7284010867744215,0.7289479822719851,0.7284010867744215,0.7287514301746818,605000000,1
1296489420000,1296489479000,0.7287514301746818,0.7291286912139993,0.7287248772098581,0.729048955637371,162000000,1
1296489480000,1296489539000,0.7290595860399671,0.7292882147024504,0.7290436405523234,0.7292669408710364,149000000,1
1296489540000,1296489599000,0.729309489775081,0.7293148087371913,0.7288417247310575,0.7288417247310575,228000000,1
1296489600000,1296489659000,0.7289320416657555,0.7293573632272604,0.7288682862119986,0.7293573632272604,213000000,1
1296489660000,1296489719000,0.7293946024799417,0.7296713560212481,0.7293307660890368,0.7295861787194303,158000000,1
1296489720000,1296489779000,0.7295648875010944,0.729634088504615,0.7291978094897803,0.729309489775081,123000000,1
1296489780000,1296489839000,0.729309489775081,0.7294212042744083,0.7290330106147206,0.7290914791078837,167000000,1
1296489840000,1296489899000,0.7291446404223206,0.7294584500466853,0.7291446404223206,0.7293839623054369,146000000,1
1296489900000,1296489959000,0.7293839623054369,0.7294850564986176,0.7292669408710364,0.7293201277768864,162000000,1
1296489960000,1296490019000,0.7293307660890368,0.7293946024799417,0.729250986311959,0.729250986311959,103000000,1
1296490020000,1296490079000,0.729250986311959,0.729282896128237,0.729086163402791,0.7291552736155164,132000000,1
1296490080000,1296490139000,0.7291446404223206,0.7294105633237781,0.7291286912139993,0.7293414047115455,138000000,1
1296490140000,1296490199000,0.7293520436444263,0.7293999226836082,0.729309489775081,0.729309489775081,89000000,1
1296490200000,1296490259000,0.729309489775081,0.7295169868030377,0.7292669408710364,0.7294158837602848,94000000,1
1296490260000,1296490319000,0.7294371662824964,0.7295595648906755,0.7294212042744083,0.7294850564986176,146000000,1
1296490320000,1296490379000,0.7294637711818043,0.729735252050556,0.7294637711818043,0.729490378021914,156000000,1
1296490380000,1296490439000,0.7295063430576529,0.729682004582403,0.7294637711818043,0.7294637711818043,191000000,1
1296490440000,1296490499000,0.7294637711818043,0.729548919902824,0.729250986311959,0.7293041708905533,186000000,1
1296490500000,1296490559000,0.7293201277768864,0.7294105633237781,0.7290914791078837,0.729235032450959,245000000,1
1296490560000,1296490619000,0.7292616226071102,0.7293254468941676,0.7290223809870964,0.7290223809870964,175000000,1
1296490620000,1296490679000,0.7289904939639587,0.7291978094897803,0.7289532959623276,0.7291978094897803,149000000,1
1296490680000,1296490739000,0.7292084442337842,0.729682004582403,0.729160590328414,0.729682004582403,221000000,1
1296490740000,1296490799000,0.7296553837622491,0.7296553837622491,0.7294158837602848,0.7294212042744083,155000000,1
1296490800000,1296490859000,0.7294105633237781,0.7294265248661502,0.7292456682807303,0.729250986311959,113000000,1
1296490860000,1296490919000,0.7292722592125318,0.7293307660890368,0.7291446404223206,0.7293254468941676,128000000,1
1296490920000,1296490979000,0.7293467241391886,0.7295755329549268,0.7293467241391886,0.7295169868030377,130000000,1
1296490980000,1296491039000,0.7295169868030377,0.7295169868030377,0.729235032450959,0.729442487107104,134000000,1
1296491040000,1296491099000,0.729442487107104,0.7295648875010944,0.7289904939639587,0.7290436405523234,208000000,1
1296491100000,1296491159000,0.7290595860399671,0.729235032450959,0.7289320416657555,0.7289320416657555,131000000,1
1296491160000,1296491219000,0.7289320416657555,0.7290223809870964,0.7288417247310575,0.7290011226617289,168000000,1
1296491220000,1296491279000,0.7290011226617289,0.729048955637371,0.7289054755379323,0.7289851797312961,86000000,1
1296491280000,1296491339000,0.7289904939639587,0.7293414047115455,0.7289904939639587,0.7292297146524126,143000000,1
1296491340000,1296491399000,0.7292297146524126,0.7292403503270644,0.7286664674978321,0.7286664674978321,202000000,1
1296491400000,1296491459000,0.7286770867490072,0.72882578877171,0.7285921414051628,0.7286664674978321,148000000,1
1296491460000,1296491519000,0.72867177708473,0.7288204769401201,0.7286133758843545,0.7287832962868491,86000000,1
1296491520000,1296491579000,0.7287779850746269,0.7290383255447739,0.7285337529687751,0.7286877063097068,186000000,1
1296491580000,1296491639000,0.7286877063097068,0.7288151651859571,0.7284594539467933,0.7285019086750008,288000000,1
1296491640000,1296491699000,0.7285390606217351,0.7286293025560315,0.7281518050883248,0.7282578615436154,219000000,1
1296491700000,1296491759000,0.7282737726766245,0.7283427289545368,0.7271616698540586,0.7271933970839545,252000000,1
1296491760000,1296491819000,0.7271986852247772,0.7276643429918647,0.7269607950043254,0.7274949439101399,287000000,1
1296491820000,1296491879000,0.7275002364375768,0.7277437759713561,0.7273573652206802,0.7275478726500204,240000000,1
1296491880000,1296491939000,0.7275002364375768,0.7278073348423205,0.7273679463493403,0.7273679463493403,192000000,1
1296491940000,1296491999000,0.7273891095302522,0.7275743399081801,0.7270876504162577,0.7272357043641414,237000000,1
1296492000000,1296492059000,0.7272357043641414,0.727383818619571,0.7268921001366557,0.7268921001366557,226000000,1
1296492060000,1296492119000,0.7268921001366557,0.7268921001366557,0.7263482840021791,0.726358835792058,175000000,1
1296492120000,1296492179000,0.7263799402915689,0.726416876116866,0.7256367462448298,0.726321905868681,337000000,1
1296492180000,1296492239000,0.7263904930012276,0.7264907590375451,0.7262164124909223,0.7264327069061958,189000000,1
1296492240000,1296492299000,0.7264432611490879,0.7264696480981024,0.7262427829623443,0.7263641118019641,163000000,1
1296492300000,1296492359000,0.7263904930012276,0.7264432611490879,0.7262955296510151,0.726422152969977,153000000,1
1296492360000,1296492419000,0.726416876116866,0.726416876116866,0.7262216864320002,0.7263430082222029,142000000,1
1296492420000,1296492479000,0.726306079908195,0.7266860934082304,0.726274430056141,0.7266860934082304,141000000,1
1296492480000,1296492539000,0.7266860934082304,0.7267653129451437,0.726321905868681,0.7267653129451437,159000000,1
1296492540000,1296492599000,0.7267864410721553,0.7270559324128805,0.7267494676560149,0.7269132356361945,180000000,1
1296492600000,1296492659000,0.726907951646083,0.7271193711871679,0.7268921001366557,0.7270506463480245,99000000,1
1296492660000,1296492719000,0.727029502857226,0.727320333694569,0.727029502857226,0.7272938849130157,144000000,1
1296492720000,1296492779000,0.7273097539511102,0.7273891095302522,0.7271933970839545,0.7273362038868846,153000000,1
1296492780000,1296492839000,0.7273362038868846,0.7273573652206802,0.7271828210330359,0.7272674380549959,110000000,1
1296492840000,1296492899000,0.7272515708633931,0.727320333694569,0.7271828210330359,0.7272357043641414,118000000,1
1296492900000,1296492959000,0.7272198385571959,0.7272198385571959,0.7271087972893384,0.7271087972893384,84000000,1
1296492960000,1296493019000,0.7271246582514106,0.7272885953875358,0.7270083605961469,0.7272568598503305,139000000,1
1296493020000,1296493079000,0.7272568598503305,0.7273732370291167,0.7272409931203002,0.7273097539511102,119000000,1
1296493080000,1296493139000,0.7273097539511102,0.7274049827241317,0.7270242171766742,0.7270242171766742,191000000,1
1296493140000,1296493199000,0.7270030752230082,0.7275584593222065,0.7270030752230082,0.7275584593222065,277000000,1
1296493200000,1296493259000,0.7275743399081801,0.7277437759713561,0.7274843590862796,0.7276484584767408,223000000,1
1296493260000,1296493319000,0.7276749330539062,0.7277278879881235,0.7275214073174103,0.7276325746551021,128000000,1
1296493320000,1296493379000,0.7276166915269037,0.7276166915269037,0.7273785277858598,0.7275267002298984,129000000,1
1296493380000,1296493439000,0.7275319932194019,0.7275319932194019,0.7273944005179048,0.7273996915825308,107000000,1
1296493440000,1296493499000,0.7273944005179048,0.7274790667898531,0.7271193711871679,0.7274261480603181,222000000,1
1296493500000,1296493559000,0.7274367311903047,0.7276802282005196,0.7274367311903047,0.727637869185264,97000000,1
1296493560000,1296493619000,0.727637869185264,0.7276590480764332,0.7274314395868189,0.727637869185264,168000000,1
1296493620000,1296493679000,0.727637869185264,0.727802037845706,0.7276061031599933,0.7277543683455959,149000000,1
1296493680000,1296493739000,0.7277649610281864,0.7278815008916548,0.727685523424197,0.7278179290668647,160000000,1
1296493740000,1296493799000,0.7278179290668647,0.7279980780850739,0.7277331839054528,0.7279821789962582,112000000,1
1296493800000,1296493859000,0.7279821789962582,0.7281412011417254,0.7279450838228765,0.7281412011417254,176000000,1
1296493860000,1296493919000,0.7281412011417254,0.7284329222543542,0.7280563806861203,0.7283268148083407,190000000,1
1296493920000,1296493979000,0.7283215102474837,0.7284170041665452,0.7282419511058354,0.7283427289545368,93000000,1
1296493980000,1296494039000,0.7283109013575715,0.7283427289545368,0.72811999417504,0.72811999417504,87000000,1
1296494040000,1296494099000,0.7280987884436161,0.72811999417504,0.7280563806861203,0.7280881860410934,65000000,1
1296494100000,1296494159000,0.7280828849556233,0.7280881860410934,0.7278550112817527,0.7278762028154251,101000000,1
1296494160000,1296494219000,0.7278762028154251,0.7279397848209996,0.7277967409261942,0.7278073348423205,160000000,1
1296494220000,1296494279000,0.7277861473184719,0.7278444159776406,0.7277437759713561,0.7278338209819935,50000000,1
1296494280000,1296494339000,0.7278338209819935,0.7279821789962582,0.7278179290668647,0.7279821789962582,59000000,1
1296494340000,1296494399000,0.7279821789962582,0.7280987884436161,0.7279768794543086,0.7279980780850739,78000000,1
1296494400000,1296494459000,0.7279874786153678,0.7279927783116391,0.7278285235998398,0.7278815008916548,72000000,1
1296494460000,1296494519000,0.7279026939678704,0.7281305975039682,0.7279026939678704,0.7280404790506352,63000000,1
1296494520000,1296494579000,0.7280510800637773,0.7282525579871099,0.7280510800637773,0.7281146926263825,88000000,1
1296494580000,1296494639000,0.7281040897606722,0.7281412011417254,0.7279397848209996,0.7280881860410934,65000000,1
1296494640000,1296494699000,0.7280881860410934,0.7281465030764189,0.7279768794543086,0.7281146926263825,90000000,1
1296494700000,1296494759000,0.7281146926263825,0.7281252958009014,0.7279874786153678,0.7280722830162578,59000000,1
1296494760000,1296494819000,0.7280563806861203,0.7280563806861203,0.7279132909687798,0.7279503829019014,59000000,1
1296494820000,1296494879000,0.7279715799895172,0.7281358992842424,0.7279715799895172,0.7279821789962582,79000000,1
1296494880000,1296494939000,0.7279980780850739,0.7280987884436161,0.7279026939678704,0.7280722830162578,112000000,1
1296494940000,1296494999000,0.7280828849556233,0.7283427289545368,0.728061681385647,0.7282048294544289,126000000,1
1296495000000,1296495059000,0.7281942239634156,0.7283798646670211,0.72816240934378,0.7283374241618658,126000000,1
1296495060000,1296495119000,0.7283480338244827,0.7285921414051628,0.7282896845049086,0.7284276161477834,129000000,1
1296495120000,1296495179000,0.72846476051721,0.7286399207239767,0.72846476051721,0.7286399207239767,70000000,1
1296495180000,1296495239000,0.7286186846975504,0.728746119426914,0.7285656000466282,0.7287089463597345,74000000,1
1296495240000,1296495299000,0.7286983261799448,0.7290011226617289,0.7286611579883123,0.7289532959623276,88000000,1
1296495300000,1296495359000,0.7289639235754223,0.7292935333542397,0.7289267282852727,0.729123374966278,172000000,1
1296495360000,1296495419000,0.729123374966278,0.7291340075392456,0.7290914791078837,0.7291340075392456,36000000,1
1296495420000,1296495479000,0.7291393239420189,0.7291978094897803,0.7289107886085822,0.7289161017566879,102000000,1
1296495480000,1296495539000,0.7289001625447362,0.729086163402791,0.7289001625447362,0.7290383255447739,107000000,1
1296495540000,1296495599000,0.7290330106147206,0.7291180587960803,0.729027695762162,0.7290967948904897,60000000,1
1296495600000,1296495659000,0.7290967948904897,0.7290967948904897,0.7286664674978321,0.7287248772098581,114000000,1
1296495660000,1296495719000,0.7287408087565496,0.728746119426914,0.7285549840446459,0.7286399207239767,110000000,1
1296495720000,1296495779000,0.7286611579883123,0.7289001625447362,0.7286611579883123,0.7287779850746269,104000000,1
1296495780000,1296495839000,0.7287779850746269,0.7287779850746269,0.7286239935881089,0.7287195668490895,107000000,1
1296495840000,1296495899000,0.7287248772098581,0.7287620519024334,0.7286027584900436,0.7287408087565496,105000000,1
1296495900000,1296495959000,0.7287514301746818,0.7289320416657555,0.7286930162061327,0.7289214149822507,52000000,1
1296495960000,1296496019000,0.7289054755379323,0.7290223809870964,0.7288789113464581,0.7289692374981777,61000000,1
1296496020000,1296496079000,0.7289692374981777,0.7290436405523234,0.7288735987405064,0.7290383255447739,92000000,1
1296496080000,1296496139000,0.7290383255447739,0.7291127427034043,0.7289161017566879,0.7289267282852727,73000000,1
1296496140000,1296496199000,0.7289267282852727,0.7289904939639587,0.7289054755379323,0.7289745514984072,48000000,1
1296496200000,1296496259000,0.7289745514984072,0.7289745514984072,0.7288576613873077,0.7288842240298551,86000000,1
1296496260000,1296496319000,0.7289054755379323,0.7289054755379323,0.7287673628824207,0.7287886075764864,45000000,1
1296496320000,1296496379000,0.7287779850746269,0.7288629737609329,0.7287620519024334,0.72882578877171,71000000,1
1296496380000,1296496439000,0.7288311006807282,0.7289586097301395,0.7288098535092193,0.7289479822719851,47000000,1
1296496440000,1296496499000,0.7289479822719851,0.7289532959623276,0.7287992303880128,0.7288682862119986,57000000,1
1296496500000,1296496559000,0.7288470368723715,0.7289001625447362,0.7286770867490072,0.7286983261799448,78000000,1
1296496560000,1296496619000,0.7286877063097068,0.7286877063097068,0.7285072158639732,0.7285815246296984,69000000,1
1296496620000,1296496679000,0.7285974499089253,0.7286877063097068,0.7284223101185143,0.7284223101185143,98000000,1
1296496680000,1296496739000,0.7284329222543542,0.7285868329787544,0.7284170041665452,0.7285496761596689,90000000,1
1296496740000,1296496799000,0.7285496761596689,0.72867177708473,0.7285019086750008,0.7285549840446459,101000000,1
1296496800000,1296496859000,0.7285390606217351,0.7285390606217351,0.7282472545078505,0.7284700671649401,158000000,1
1296496860000,1296496919000,0.7284541474536885,0.7285868329787544,0.7284223101185143,0.7285284453931503,76000000,1
1296496920000,1296496979000,0.7285284453931503,0.7285762163579932,0.7284329222543542,0.7285019086750008,90000000,1
1296496980000,1296497039000,0.7285019086750008,0.7285072158639732,0.7283851700779372,0.7284912945290304,82000000,1
1296497040000,1296497099000,0.7284806806923481,0.7286770867490072,0.7284806806923481,0.7285921414051628,68000000,1
1296497100000,1296497159000,0.7285815246296984,0.7287354981635866,0.7285019086750008,0.7285656000466282,103000000,1
1296497160000,1296497219000,0.7285443683520326,0.7286346116013203,0.7285443683520326,0.7286346116013203,54000000,1
1296497220000,1296497279000,0.7286346116013203,0.7286930162061327,0.7285019086750008,0.7285019086750008,77000000,1
1296497280000,1296497339000,0.7285019086750008,0.7285921414051628,0.7284806806923481,0.7285921414051628,61000000,1
1296497340000,1296497399000,0.7285868329787544,0.7285868329787544,0.728448841037894,0.728485987572029,74000000,1
1296497400000,1296497459000,0.7285019086750008,0.7285019086750008,0.7283692540770469,0.7283798646670211,28000000,1
1296497460000,1296497519000,0.7283586437962053,0.7284753738899856,0.7283586437962053,0.7283692540770469,59000000,1
1296497520000,1296497579000,0.7283745593333917,0.7284435346994078,0.7283745593333917,0.7283904755661416,31000000,1
1296497580000,1296497639000,0.7283904755661416,0.7283957811316356,0.7283427289545368,0.7283427289545368,17000000,1
1296497640000,1296497699000,0.7283374241618658,0.7283692540770469,0.728268468888371,0.728279076542131,31000000,1
1296497700000,1296497759000,0.728279076542131,0.7283586437962053,0.728279076542131,0.7283109013575715,60000000,1
1296497760000,1296497819000,0.7283321194464676,0.7283427289545368,0.7283002927767177,0.7283002927767177,8000000,1
1296497820000,1296497879000,0.7282843804848917,0.7283321194464676,0.7282207382701844,0.7283268148083407,70000000,1
1296497880000,1296497939000,0.7283268148083407,0.7284435346994078,0.7282949886021834,0.7283162057638944,94000000,1
1296497940000,1296497999000,0.7283215102474837,0.7283215102474837,0.7282419511058354,0.7282419511058354,40000000,1
1296498000000,1296498059000,0.7282419511058354,0.7283162057638944,0.7281942239634156,0.7283109013575715,58000000,1
1296498060000,1296498119000,0.7283162057638944,0.7284116982918746,0.7282896845049086,0.7284116982918746,50000000,1
1296498120000,1296498179000,0.7284382284382285,0.7285443683520326,0.7284170041665452,0.7285072158639732,80000000,1
1296498180000,1296498239000,0.7285072158639732,0.7286080671485196,0.7285072158639732,0.7286080671485196,64000000,1
1296498240000,1296498299000,0.7285921414051628,0.7286770867490072,0.728570908163637,0.7286611579883123,73000000,1
1296498300000,1296498359000,0.7286823964906657,0.7287620519024334,0.7286346116013203,0.7287354981635866,66000000,1
1296498360000,1296498419000,0.7287567409998542,0.7287620519024334,0.7286770867490072,0.7287567409998542,23000000,1
1296498420000,1296498479000,0.728772673939818,0.7287992303880128,0.7287567409998542,0.7287886075764864,20000000,1
1296498480000,1296498539000,0.7287886075764864,0.7290330106147206,0.7287886075764864,0.7290117516694369,81000000,1
1296498540000,1296498599000,0.7290117516694369,0.7290330106147206,0.7288948496289925,0.7289639235754223,73000000,1
1296498600000,1296498659000,0.7289639235754223,0.7290649013575188,0.7289267282852727,0.7290649013575188,78000000,1
1296498660000,1296498719000,0.7290542707999184,0.7291765409323251,0.7289798655761128,0.7290702167525754,97000000,1
1296498720000,1296498779000,0.7290702167525754,0.7290702167525754,0.7289107886085822,0.7289532959623276,62000000,1
1296498780000,1296498839000,0.7289479822719851,0.7289798655761128,0.72894266865911,0.7289479822719851,27000000,1
1296498840000,1296498899000,0.7289479822719851,0.7289479822719851,0.72882578877171,0.72882578877171,60000000,1
1296498900000,1296498959000,0.7288470368723715,0.7291021107506106,0.7288470368723715,0.7289479822719851,110000000,1
1296498960000,1296499019000,0.7289745514984072,0.7290011226617289,0.7289107886085822,0.7289267282852727,47000000,1
1296499020000,1296499079000,0.7289161017566879,0.729389282353885,0.7289161017566879,0.7292669408710364,191000000,1
1296499080000,1296499139000,0.729282896128237,0.7293573632272604,0.7291871750559651,0.7293573632272604,146000000,1
1296499140000,1296499199000,0.7293148087371913,0.7295861787194303,0.7293148087371913,0.729490378021914,144000000,1
1296499200000,1296499259000,0.729490378021914,0.7297991592713686,0.729442487107104,0.7297725299024294,166000000,1
1296499260000,1296499319000,0.7297618786989806,0.7300229227197734,0.7297618786989806,0.7298470970331715,170000000,1
1296499320000,1296499379000,0.7298470970331715,0.7298470970331715,0.7295861787194303,0.7295861787194303,102000000,1
1296499380000,1296499439000,0.7295861787194303,0.7295861787194303,0.7294212042744083,0.7294371662824964,108000000,1
1296499440000,1296499499000,0.7294584500466853,0.7294584500466853,0.7293307660890368,0.7293520436444263,67000000,1
1296499500000,1296499559000,0.7293520436444263,0.7295702101891776,0.7293414047115455,0.7295329530034871,111000000,1
1296499560000,1296499619000,0.7295329530034871,0.7295702101891776,0.7294052429648864,0.7294265248661502,77000000,1
1296499620000,1296499679000,0.7293999226836082,0.7294052429648864,0.7292722592125318,0.7293839623054369,113000000,1
1296499680000,1296499739000,0.7294052429648864,0.7294371662824964,0.7293520436444263,0.7294105633237781,45000000,1
1296499740000,1296499799000,0.7294265248661502,0.7294265248661502,0.7292722592125318,0.7293680026257248,52000000,1
1296499800000,1296499859000,0.7293680026257248,0.7294105633237781,0.729250986311959,0.7292935333542397,85000000,1
1296499860000,1296499919000,0.7292882147024504,0.7293946024799417,0.7292722592125318,0.7292722592125318,57000000,1
1296499920000,1296499979000,0.7292882147024504,0.7293201277768864,0.7291871750559651,0.729235032450959,42000000,1
1296499980000,1296500039000,0.7292403503270644,0.7293786423345952,0.7292403503270644,0.7292775776315981,100000000,1
1296500040000,1296500099000,0.7292775776315981,0.7294265248661502,0.7292616226071102,0.7293680026257248,85000000,1
1296500100000,1296500159000,0.7293573632272604,0.729389282353885,0.7293041708905533,0.7293148087371913,38000000,1
1296500160000,1296500219000,0.7293041708905533,0.7293786423345952,0.7292456682807303,0.7292882147024504,84000000,1
1296500220000,1296500279000,0.7292988520836068,0.7293201277768864,0.7292084442337842,0.7292297146524126,43000000,1
1296500280000,1296500339000,0.7292031268230079,0.7294052429648864,0.7291978094897803,0.7293573632272604,85000000,1
1296500340000,1296500399000,0.7293520436444263,0.7293786423345952,0.729250986311959,0.7293414047115455,68000000,1
1296500400000,1296500459000,0.7293839623054369,0.7294105633237781,0.7293201277768864,0.7293520436444263,74000000,1
1296500460000,1296500519000,0.7293360853614954,0.7295702101891776,0.7293360853614954,0.7295702101891776,17000000,1
1296500520000,1296500579000,0.7295702101891776,0.729634088504615,0.7295329530034871,0.7295329530034871,68000000,1
1296500580000,1296500639000,0.7295276308590188,0.7295276308590188,0.7293786423345952,0.7293839623054369,63000000,1
1296500640000,1296500699000,0.7293733224413583,0.7295808557983439,0.7293307660890368,0.7295808557983439,70000000,1
1296500700000,1296500759000,0.7295808557983439,0.7296500598313049,0.7295063430576529,0.7295702101891776,46000000,1
1296500760000,1296500819000,0.7295861787194303,0.729697978006903,0.7295648875010944,0.729697978006903,24000000,1
1296500820000,1296500879000,0.7297139521307647,0.7297885072905872,0.7296500598313049,0.7297459024767576,61000000,1
1296500880000,1296500939000,0.7297246019352297,0.7297246019352297,0.7295223087922029,0.729591501718188,55000000,1
1296500940000,1296500999000,0.729591501718188,0.7298524238398996,0.7295276308590188,0.7295648875010944,103000000,1
1296501000000,1296501059000,0.7295382752256097,0.7297086273451011,0.729442487107104,0.7296766802629754,66000000,1
1296501060000,1296501119000,0.7296873289795323,0.7298524238398996,0.7296500598313049,0.7298204641658151,74000000,1
1296501120000,1296501179000,0.7297991592713686,0.7300708898834077,0.7297405772247966,0.730065559887278,115000000,1
1296501180000,1296501239000,0.7300868803387603,0.7300868803387603,0.7298737318443909,0.7299643047454979,95000000,1
1296501240000,1296501299000,0.7299483196589681,0.7299643047454979,0.729884386313208,0.7299376633235521,53000000,1
1296501300000,1296501359000,0.7299376633235521,0.7299376633235521,0.7297086273451011,0.729777855620749,52000000,1
1296501360000,1296501419000,0.7297618786989806,0.7297618786989806,0.7296021479487235,0.7296553837622491,69000000,1
1296501420000,1296501479000,0.7296021479487235,0.7298311170795079,0.7295648875010944,0.7297938332421091,75000000,1
1296501480000,1296501539000,0.7297938332421091,0.729884386313208,0.7297086273451011,0.7297991592713686,112000000,1
1296501540000,1296501599000,0.729783181416801,0.729863077686626,0.7297086273451011,0.7298098115631066,89000000,1
1296501600000,1296501659000,0.7298044853783671,0.7300335815447511,0.7297725299024294,0.7298044853783671,122000000,1
1296501660000,1296501719000,0.7298151378255888,0.729884386313208,0.7298098115631066,0.7298417703041981,58000000,1
1296501720000,1296501779000,0.7298417703041981,0.7299163515861082,0.729783181416801,0.7299163515861082,51000000,1
1296501780000,1296501839000,0.7298897136642654,0.7299376633235521,0.7297885072905872,0.7297885072905872,69000000,1
1296501840000,1296501899000,0.7297885072905872,0.7299056961840531,0.729697978006903,0.729863077686626,104000000,1
1296501900000,1296501959000,0.7298311170795079,0.7298897136642654,0.7297299269540343,0.7297299269540343,53000000,1
1296501960000,1296502019000,0.7297192769941404,0.7298790590399171,0.7296766802629754,0.7298684047266278,59000000,1
1296502020000,1296502079000,0.7298684047266278,0.7299429914523676,0.7298311170795079,0.7298524238398996,53000000,1
1296502080000,1296502139000,0.7298470970331715,0.7298470970331715,0.7297565532138479,0.729783181416801,31000000,1
1296502140000,1296502199000,0.7297885072905872,0.7298950410930908,0.7297246019352297,0.7297885072905872,69000000,1
1296502200000,1296502259000,0.7297672042618404,0.7297991592713686,0.7297246019352297,0.7297459024767576,37000000,1
1296502260000,1296502319000,0.7297405772247966,0.7299643047454979,0.7297405772247966,0.7299643047454979,76000000,1
1296502320000,1296502379000,0.7299643047454979,0.7299909481122434,0.7297991592713686,0.7299163515861082,77000000,1
1296502380000,1296502439000,0.7299270072992701,0.7299483196589681,0.729548919902824,0.7295702101891776,61000000,1
1296502440000,1296502499000,0.7295861787194303,0.7296181178771032,0.729490378021914,0.7295276308590188,41000000,1
1296502500000,1296502559000,0.7294956996228507,0.7295595648906755,0.7294690923945553,0.7295169868030377,41000000,1
1296502560000,1296502619000,0.7295116648915215,0.7295648875010944,0.729490378021914,0.7295276308590188,43000000,1
1296502620000,1296502679000,0.7295169868030377,0.7295435975253881,0.7293680026257248,0.7294265248661502,27000000,1
1296502680000,1296502739000,0.729447808009337,0.729447808009337,0.729235032450959,0.7293201277768864,57000000,1
1296502740000,1296502799000,0.7293041708905533,0.7295435975253881,0.7292882147024504,0.7295435975253881,44000000,1
1296502800000,1296502859000,0.7295435975253881,0.7296021479487235,0.7294797350529602,0.7295382752256097,54000000,1
1296502860000,1296502919000,0.7295382752256097,0.7295382752256097,0.7294052429648864,0.7294105633237781,50000000,1
1296502920000,1296502979000,0.7294371662824964,0.7294371662824964,0.729389282353885,0.729389282353885,28000000,1
1296502980000,1296503039000,0.729447808009337,0.7294637711818043,0.7293946024799417,0.7294052429648864,46000000,1
1296503040000,1296503099000,0.7294052429648864,0.7294212042744083,0.7293733224413583,0.7294105633237781,25000000,1
1296503100000,1296503159000,0.7294212042744083,0.7294212042744083,0.729309489775081,0.7293360853614954,64000000,1
1296503160000,1296503219000,0.7293201277768864,0.7293201277768864,0.7291659071188468,0.729309489775081,72000000,1
1296503220000,1296503279000,0.729309489775081,0.7293414047115455,0.7292935333542397,0.7293414047115455,26000000,1
1296503280000,1296503339000,0.7293307660890368,0.729389282353885,0.7293307660890368,0.7293786423345952,28000000,1
1296503340000,1296503399000,0.7293573632272604,0.7293839623054369,0.7293573632272604,0.7293680026257248,8000000,1
1296503400000,1296503459000,0.7293946024799417,0.7295382752256097,0.7293360853614954,0.7295276308590188,84000000,1
1296503460000,1296503519000,0.72947441368494,0.72947441368494,0.7293573632272604,0.7293573632272604,90000000,1
1296503520000,1296503579000,0.7293573632272604,0.72947441368494,0.7293414047115455,0.7294158837602848,49000000,1
1296503580000,1296503639000,0.7294158837602848,0.729490378021914,0.7294105633237781,0.729447808009337,24000000,1
1296503640000,1296503699000,0.72947441368494,0.7294850564986176,0.7294318455355124,0.7294318455355124,29000000,1
1296503700000,1296503759000,0.7294158837602848,0.7294212042744083,0.7293041708905533,0.7293041708905533,124000000,1
1296503760000,1296503819000,0.7293041708905533,0.7293201277768864,0.7291127427034043,0.7291552736155164,82000000,1
1296503820000,1296503879000,0.729160590328414,0.7292722592125318,0.729160590328414,0.7291659071188468,61000000,1
1296503880000,1296503939000,0.7291499569801526,0.7292775776315981,0.7290702167525754,0.7291021107506106,103000000,1
1296503940000,1296503999000,0.7290967948904897,0.7292775776315981,0.729086163402791,0.7292616226071102,114000000,1
1296504000000,1296504059000,0.7293148087371913,0.7294265248661502,0.7292882147024504,0.7293946024799417,86000000,1
1296504060000,1296504119000,0.7294158837602848,0.7295808557983439,0.729389282353885,0.7295223087922029,81000000,1
1296504120000,1296504179000,0.7295116648915215,0.7295116648915215,0.7294158837602848,0.7294637711818043,43000000,1
1296504180000,1296504239000,0.7294371662824964,0.7294956996228507,0.7294371662824964,0.7294371662824964,15000000,1
1296504240000,1296504299000,0.729447808009337,0.72947441368494,0.7293946024799417,0.7294371662824964,40000000,1
1296504300000,1296504359000,0.7294371662824964,0.7294371662824964,0.7293201277768864,0.7293414047115455,17000000,1
1296504360000,1296504419000,0.7293414047115455,0.7293414047115455,0.7292722592125318,0.7293148087371913,35000000,1
1296504420000,1296504479000,0.7293148087371913,0.7293786423345952,0.7292403503270644,0.7292616226071102,48000000,1
1296504480000,1296504539000,0.7292031268230079,0.729309489775081,0.7292031268230079,0.729309489775081,38000000,1
1296504540000,1296504599000,0.7292935333542397,0.7293946024799417,0.7292403503270644,0.7292616226071102,45000000,1
1296504600000,1296504659000,0.7292775776315981,0.7293786423345952,0.7292031268230079,0.7292031268230079,69000000,1
1296504660000,1296504719000,0.7291659071188468,0.7292669408710364,0.729123374966278,0.7291924922341,77000000,1
1296504720000,1296504779000,0.7291393239420189,0.729160590328414,0.7290914791078837,0.7291446404223206,35000000,1
1296504780000,1296504839000,0.729160590328414,0.7291712239868166,0.7290755322251385,0.7291446404223206,31000000,1
1296504840000,1296504899000,0.7291286912139993,0.7293254468941676,0.7291180587960803,0.729309489775081,34000000,1
1296504900000,1296504959000,0.729309489775081,0.7293307660890368,0.7292084442337842,0.7292243969314237,42000000,1
1296504960000,1296505019000,0.7292403503270644,0.7292456682807303,0.7290914791078837,0.7291499569801526,46000000,1
1296505020000,1296505079000,0.7291393239420189,0.7291924922341,0.7291127427034043,0.7291499569801526,27000000,1
1296505080000,1296505139000,0.729160590328414,0.7291765409323251,0.7291127427034043,0.7291127427034043,11000000,1
1296505140000,1296505199000,0.7291286912139993,0.7291499569801526,0.7291074266882482,0.7291180587960803,28000000,1
1296505200000,1296505259000,0.7291074266882482,0.729235032450959,0.7291074266882482,0.7291393239420189,47000000,1
1296505260000,1296505319000,0.7291393239420189,0.7292297146524126,0.7291393239420189,0.7292137617221112,25000000,1
1296505320000,1296505379000,0.729235032450959,0.7293573632272604,0.7292031268230079,0.7293573632272604,42000000,1
1296505380000,1296505439000,0.7293573632272604,0.7293573632272604,0.729250986311959,0.7292988520836068,31000000,1
1296505440000,1296505499000,0.7292935333542397,0.7293307660890368,0.729250986311959,0.729250986311959,27000000,1
1296505500000,1296505559000,0.7292403503270644,0.729389282353885,0.7292297146524126,0.7293626828876928,49000000,1
1296505560000,1296505619000,0.7293733224413583,0.7293733224413583,0.7293733224413583,0.7293733224413583,4000000,1
1296505620000,1296505679000,0.7293733224413583,0.7293733224413583,0.7292935333542397,0.7292988520836068,19000000,1
1296505680000,1296505739000,0.7292935333542397,0.7293839623054369,0.7292935333542397,0.7293467241391886,60000000,1
1296505740000,1296505799000,0.7293733224413583,0.7294956996228507,0.7293680026257248,0.7294690923945553,27000000,1
1296505800000,1296505859000,0.7294690923945553,0.7294690923945553,0.7292988520836068,0.7293041708905533,24000000,1
1296505860000,1296505919000,0.7293254468941676,0.7293254468941676,0.729250986311959,0.7292669408710364,21000000,1
1296505920000,1296505979000,0.7292669408710364,0.729282896128237,0.7292031268230079,0.7292616226071102,48000000,1
1296505980000,1296506039000,0.7292616226071102,0.7292616226071102,0.7291499569801526,0.7291499569801526,39000000,1
1296506040000,1296506099000,0.7291712239868166,0.7292297146524126,0.729048955637371,0.7291127427034043,42000000,1
1296506100000,1296506159000,0.7291021107506106,0.7291021107506106,0.7290223809870964,0.7290702167525754,87000000,1
1296506160000,1296506219000,0.7290755322251385,0.7291340075392456,0.7290702167525754,0.7291340075392456,30000000,1
1296506220000,1296506279000,0.7291499569801526,0.7291499569801526,0.7291340075392456,0.7291340075392456,7000000,1
1296506280000,1296506339000,0.7290967948904897,0.7291180587960803,0.7290595860399671,0.7291180587960803,12000000,1
1296506340000,1296506399000,0.7290808477752098,0.7293307660890368,0.7290383255447739,0.7292935333542397,54000000,1
1296506400000,1296506459000,0.7292988520836068,0.729389282353885,0.7291286912139993,0.7291978094897803,96000000,1
1296506460000,1296506519000,0.729181857955374,0.729181857955374,0.7290808477752098,0.7291340075392456,38000000,1
1296506520000,1296506579000,0.7291446404223206,0.7292031268230079,0.7291180587960803,0.7291180587960803,38000000,1
1296506580000,1296506639000,0.7291286912139993,0.7291446404223206,0.7290649013575188,0.7290702167525754,43000000,1
1296506640000,1296506699000,0.7290702167525754,0.729181857955374,0.7290702167525754,0.7290967948904897,31000000,1
1296506700000,1296506759000,0.7290755322251385,0.7291446404223206,0.7290330106147206,0.7290967948904897,37000000,1
1296506760000,1296506819000,0.7290808477752098,0.7291393239420189,0.72894266865911,0.7289586097301395,90000000,1
1296506820000,1296506879000,0.7289745514984072,0.7290595860399671,0.7289639235754223,0.7290170662895219,65000000,1
1296506880000,1296506939000,0.7290170662895219,0.7290436405523234,0.7289692374981777,0.7289692374981777,45000000,1
1296506940000,1296506999000,0.7289851797312961,0.7290223809870964,0.7288895367906993,0.7289958082741024,61000000,1
1296507000000,1296507059000,0.7289904939639587,0.7289958082741024,0.7289214149822507,0.7289479822719851,56000000,1
1296507060000,1296507119000,0.7289692374981777,0.7290542707999184,0.7288948496289925,0.7289958082741024,48000000,1
1296507120000,1296507179000,0.7290383255447739,0.729086163402791,0.7289745514984072,0.7290702167525754,66000000,1
1296507180000,1296507239000,0.729086163402791,0.7291074266882482,0.729027695762162,0.7290808477752098,87000000,1
1296507240000,1296507299000,0.7290755322251385,0.7292243969314237,0.7290330106147206,0.7291924922341,118000000,1
1296507300000,1296507359000,0.7291978094897803,0.729442487107104,0.7291924922341,0.7293467241391886,111000000,1
1296507360000,1296507419000,0.7293626828876928,0.7294584500466853,0.7293307660890368,0.7294371662824964,56000000,1
1296507420000,1296507479000,0.729442487107104,0.7294797350529602,0.7294265248661502,0.729442487107104,54000000,1
1296507480000,1296507539000,0.7294318455355124,0.7295382752256097,0.729389282353885,0.7294531289891968,72000000,1
1296507540000,1296507599000,0.7294212042744083,0.729490378021914,0.7291446404223206,0.7291552736155164,213000000,1
1296507600000,1296507659000,0.7291446404223206,0.7295595648906755,0.729123374966278,0.7294690923945553,103000000,1
1296507660000,1296507719000,0.7294584500466853,0.7295861787194303,0.7294265248661502,0.7295116648915215,87000000,1
1296507720000,1296507779000,0.7295010213014298,0.7295382752256097,0.7294584500466853,0.7295116648915215,60000000,1
1296507780000,1296507839000,0.7295116648915215,0.7295116648915215,0.729389282353885,0.72947441368494,48000000,1
1296507840000,1296507899000,0.72947441368494,0.7296181178771032,0.72947441368494,0.7296181178771032,47000000,1
1296507900000,1296507959000,0.7296074711805048,0.7296500598313049,0.7295648875010944,0.729591501718188,55000000,1
1296507960000,1296508019000,0.7296287648844269,0.7296394122024895,0.7295435975253881,0.7295435975253881,23000000,1
1296508020000,1296508079000,0.7295808557983439,0.7296074711805048,0.7295755329549268,0.7296074711805048,16000000,1
1296508080000,1296508139000,0.7296607077708865,0.729777855620749,0.7296553837622491,0.7297512278064407,24000000,1
1296508140000,1296508199000,0.729777855620749,0.729777855620749,0.7296234413419234,0.7296553837622491,18000000,1
1296508200000,1296508259000,0.7296181178771032,0.7297139521307647,0.7295968247946185,0.7296074711805048,65000000,1
1296508260000,1296508319000,0.7296181178771032,0.7296181178771032,0.7295755329549268,0.7295861787194303,45000000,1
1296508320000,1296508379000,0.7295755329549268,0.7296713560212481,0.7295702101891776,0.7296234413419234,43000000,1
1296508380000,1296508439000,0.7296181178771032,0.7296766802629754,0.729591501718188,0.7296553837622491,37000000,1
1296508440000,1296508499000,0.7296553837622491,0.729682004582403,0.7295861787194303,0.729682004582403,19000000,1
1296508500000,1296508559000,0.729666031857219,0.7296766802629754,0.729591501718188,0.7296766802629754,24000000,1
1296508560000,1296508619000,0.7296766802629754,0.7297086273451011,0.7296553837622491,0.7297086273451011,21000000,1
1296508620000,1296508679000,0.729692653454365,0.729692653454365,0.7295861787194303,0.7296074711805048,24000000,1
1296508680000,1296508739000,0.7296074711805048,0.7296074711805048,0.7293626828876928,0.7293626828876928,44000000,1
1296508740000,1296508799000,0.7293733224413583,0.7295542423579193,0.7293733224413583,0.729548919902824,40000000,1
1296508800000,1296508859000,0.7295435975253881,0.7296553837622491,0.72947441368494,0.7296287648844269,62000000,1
1296508860000,1296508919000,0.729634088504615,0.7296553837622491,0.7295755329549268,0.7295755329549268,17000000,1
1296508920000,1296508979000,0.7295755329549268,0.7295755329549268,0.7294690923945553,0.7295223087922029,32000000,1
1296508980000,1296509039000,0.7295223087922029,0.7297033026371478,0.7295223087922029,0.7297033026371478,40000000,1
1296509040000,1296509099000,0.7297033026371478,0.7298098115631066,0.7296873289795323,0.7298098115631066,28000000,1
1296509100000,1296509159000,0.7298417703041981,0.7298470970331715,0.7297938332421091,0.7298470970331715,22000000,1
1296509160000,1296509219000,0.7298470970331715,0.7298470970331715,0.729666031857219,0.7297991592713686,61000000,1
1296509220000,1296509279000,0.7297512278064407,0.7297991592713686,0.729634088504615,0.729692653454365,46000000,1
1296509280000,1296509339000,0.7296766802629754,0.729777855620749,0.7296607077708865,0.7297033026371478,41000000,1
1296509340000,1296509399000,0.7296873289795323,0.7297512278064407,0.7296234413419234,0.729697978006903,36000000,1
1296509400000,1296509459000,0.729682004582403,0.729682004582403,0.7295063430576529,0.7295968247946185,23000000,1
1296509460000,1296509519000,0.7296287648844269,0.7297459024767576,0.7296287648844269,0.7296553837622491,23000000,1
1296509520000,1296509579000,0.7296553837622491,0.7298417703041981,0.7296553837622491,0.7297938332421091,33000000,1
1296509580000,1296509639000,0.729777855620749,0.729777855620749,0.7297565532138479,0.7297565532138479,12000000,1
1296509640000,1296509699000,0.7297405772247966,0.7297405772247966,0.7297086273451011,0.7297086273451011,6000000,1
1296509700000,1296509759000,0.729666031857219,0.7298204641658151,0.729666031857219,0.7297725299024294,22000000,1
1296509760000,1296509819000,0.7297725299024294,0.7297938332421091,0.7297512278064407,0.7297672042618404,17000000,1
1296509820000,1296509879000,0.7297565532138479,0.7297565532138479,0.7296394122024895,0.7297192769941404,27000000,1
1296509880000,1296509939000,0.7297086273451011,0.7297086273451011,0.729692653454365,0.729697978006903,7000000,1
1296509940000,1296509999000,0.7296873289795323,0.7297139521307647,0.7296181178771032,0.7296607077708865,29000000,1
1296510000000,1296510059000,0.7296394122024895,0.729783181416801,0.7296074711805048,0.7296394122024895,43000000,1
1296510060000,1296510119000,0.7296394122024895,0.729682004582403,0.7295755329549268,0.7296287648844269,105000000,1
1296510120000,1296510179000,0.729692653454365,0.729735252050556,0.7295595648906755,0.7297246019352297,30000000,1
1296510180000,1296510239000,0.7297512278064407,0.7297885072905872,0.729692653454365,0.729692653454365,34000000,1
1296510240000,1296510299000,0.7296873289795323,0.7296873289795323,0.7295595648906755,0.7295595648906755,17000000,1
1296510300000,1296510359000,0.7295861787194303,0.7296074711805048,0.7295595648906755,0.7295968247946185,14000000,1
1296510360000,1296510419000,0.7295648875010944,0.7295861787194303,0.7295648875010944,0.7295861787194303,3000000,1
1296510420000,1296510479000,0.7295702101891776,0.7295968247946185,0.7295702101891776,0.7295755329549268,8000000,1
1296510480000,1296510539000,0.7295169868030377,0.7296394122024895,0.7295169868030377,0.7296234413419234,25000000,1
1296510540000,1296510599000,0.7296234413419234,0.7297991592713686,0.729548919902824,0.7297991592713686,29000000,1
1296510600000,1296510659000,0.7297991592713686,0.7298311170795079,0.7296500598313049,0.729692653454365,39000000,1
1296510660000,1296510719000,0.7296553837622491,0.729692653454365,0.7296394122024895,0.7296394122024895,12000000,1
1296510720000,1296510779000,0.7296394122024895,0.7296766802629754,0.7295169868030377,0.7295169868030377,57000000,1
1296510780000,1296510839000,0.7295329530034871,0.7295808557983439,0.7294797350529602,0.7295808557983439,17000000,1
1296510840000,1296510899000,0.7295755329549268,0.7295755329549268,0.7295010213014298,0.7295276308590188,25000000,1
1296510900000,1296510959000,0.7295382752256097,0.7296234413419234,0.729389282353885,0.7293946024799417,36000000,1
1296510960000,1296511019000,0.7294371662824964,0.7296127944899642,0.7294318455355124,0.7294584500466853,55000000,1
1296511020000,1296511079000,0.7294531289891968,0.7295063430576529,0.7294265248661502,0.7295010213014298,18000000,1
1296511080000,1296511139000,0.7294637711818043,0.7296181178771032,0.729447808009337,0.7294531289891968,40000000,1
1296511140000,1296511199000,0.72947441368494,0.7295382752256097,0.7293041708905533,0.7293626828876928,59000000,1
1296511200000,1296511259000,0.7293307660890368,0.7293680026257248,0.7288629737609329,0.729309489775081,179000000,1
1296511260000,1296511319000,0.7289479822719851,0.729309489775081,0.7287886075764864,0.7288151651859571,173000000,1
1296511320000,1296511379000,0.7291871750559651,0.7294158837602848,0.7288417247310575,0.7293680026257248,219000000,1
1296511380000,1296511439000,0.7294371662824964,0.7294956996228507,0.7292722592125318,0.7294637711818043,176000000,1
1296511440000,1296511499000,0.7294212042744083,0.7297139521307647,0.7294212042744083,0.729682004582403,62000000,1
1296511500000,1296511559000,0.729682004582403,0.729783181416801,0.7295010213014298,0.7295010213014298,74000000,1
1296511560000,1296511619000,0.7295329530034871,0.7299110238461931,0.7295329530034871,0.7298098115631066,58000000,1
1296511620000,1296511679000,0.729777855620749,0.7298684047266278,0.7297086273451011,0.7298684047266278,32000000,1
1296511680000,1296511739000,0.7298684047266278,0.7298684047266278,0.7297885072905872,0.7298684047266278,24000000,1
1296511740000,1296511799000,0.7298684047266278,0.7299643047454979,0.7298257905837876,0.7299643047454979,40000000,1
1296511800000,1296511859000,0.7299483196589681,0.7299483196589681,0.7297512278064407,0.7297512278064407,25000000,1
1296511860000,1296511919000,0.7297405772247966,0.7297405772247966,0.7296234413419234,0.7297139521307647,17000000,1
1296511920000,1296511979000,0.7297299269540343,0.729777855620749,0.7297299269540343,0.7297618786989806,13000000,1
1296511980000,1296512039000,0.7297618786989806,0.7297618786989806,0.729735252050556,0.7297618786989806,10000000,1
1296512040000,1296512099000,0.7297938332421091,0.7298257905837876,0.7297405772247966,0.7298257905837876,25000000,1
1296512100000,1296512159000,0.7297725299024294,0.729884386313208,0.7297565532138479,0.7298417703041981,32000000,1
1296512160000,1296512219000,0.7298577507243837,0.729863077686626,0.7298524238398996,0.7298524238398996,8000000,1
1296512220000,1296512279000,0.7298204641658151,0.7298684047266278,0.7297405772247966,0.7297405772247966,40000000,1
1296512280000,1296512339000,0.7297512278064407,0.7298044853783671,0.7297512278064407,0.7298044853783671,5000000,1
1296512340000,1296512399000,0.7298364436529773,0.7300175934240014,0.7298364436529773,0.7299643047454979,54000000,1
1296512400000,1296512459000,0.7299536479433556,0.7299802905321557,0.7298257905837876,0.7298950410930908,49000000,1
1296512460000,1296512519000,0.7299323352725202,0.7300495703658278,0.7299056961840531,0.7300495703658278,38000000,1
1296512520000,1296512579000,0.730065559887278,0.7300868803387603,0.7299962770189873,0.7300069350658831,58000000,1
1296512580000,1296512639000,0.7299962770189873,0.7300708898834077,0.7299802905321557,0.7300549001284896,50000000,1
1296512640000,1296512699000,0.730065559887278,0.7300922106462046,0.7300016060035331,0.7300122642060387,24000000,1
1296512700000,1296512759000,0.7299643047454979,0.7299643047454979,0.7295223087922029,0.7296127944899642,53000000,1
1296512760000,1296512819000,0.729634088504615,0.7299163515861082,0.729634088504615,0.729692653454365,34000000,1
1296512820000,1296512879000,0.729666031857219,0.729666031857219,0.7296287648844269,0.7296394122024895,34000000,1
1296512880000,1296512939000,0.729634088504615,0.729666031857219,0.7295968247946185,0.729666031857219,22000000,1
1296512940000,1296512999000,0.7296287648844269,0.7296287648844269,0.7295808557983439,0.7295808557983439,27000000,1
1296513000000,1296513059000,0.7295808557983439,0.7296074711805048,0.7295808557983439,0.7296021479487235,12000000,1
1296513060000,1296513119000,0.7296127944899642,0.7296234413419234,0.7296127944899642,0.7296234413419234,7000000,1
1296513120000,1296513179000,0.7296234413419234,0.7296234413419234,0.7296234413419234,0.7296234413419234,4000000,1
1296513180000,1296513239000,0.7296766802629754,0.7297033026371478,0.7296447359780522,0.7296553837622491,22000000,1
1296513240000,1296513299000,0.7296553837622491,0.7296553837622491,0.7296553837622491,0.7296553837622491,2000000,1
1296513300000,1296513359000,0.7296447359780522,0.7297565532138479,0.7296181178771032,0.7296181178771032,22000000,1
1296513360000,1296513419000,0.7296021479487235,0.7296074711805048,0.7295382752256097,0.7296074711805048,47000000,1
1296513420000,1296513479000,0.7296181178771032,0.729634088504615,0.7294850564986176,0.7295116648915215,10000000,1
1296513480000,1296513539000,0.7295116648915215,0.7295382752256097,0.7295116648915215,0.7295169868030377,5000000,1
1296513540000,1296513599000,0.7296713560212481,0.7298737318443909,0.7296713560212481,0.7297991592713686,21000000,1
1296513600000,1296513659000,0.7295169868030377,0.7295968247946185,0.7295169868030377,0.7295702101891776,13000000,1
1296513660000,1296513719000,0.7295542423579193,0.7296127944899642,0.7294637711818043,0.7295542423579193,56000000,1
1296513720000,1296513779000,0.7295382752256097,0.7295968247946185,0.7295382752256097,0.7295968247946185,7000000,1
1296513780000,1296513839000,0.7295435975253881,0.7295435975253881,0.7294158837602848,0.7295010213014298,15000000,1
1296513840000,1296513899000,0.7295169868030377,0.7296394122024895,0.7295169868030377,0.7295755329549268,25000000,1
1296513900000,1296513959000,0.729591501718188,0.7296074711805048,0.7295435975253881,0.7295808557983439,30000000,1
1296513960000,1296514019000,0.729548919902824,0.7295755329549268,0.7293680026257248,0.7294690923945553,54000000,1
1296514020000,1296514079000,0.7294690923945553,0.7294956996228507,0.7294158837602848,0.729447808009337,36000000,1
1296514080000,1296514139000,0.7294690923945553,0.7294690923945553,0.7293573632272604,0.7294212042744083,18000000,1
1296514140000,1296514199000,0.7294371662824964,0.7295382752256097,0.7294371662824964,0.7295382752256097,27000000,1
1296514200000,1296514259000,0.7295382752256097,0.7295968247946185,0.7295382752256097,0.7295968247946185,12000000,1
1296514260000,1296514319000,0.7295968247946185,0.7297033026371478,0.7295968247946185,0.7296500598313049,63000000,1
1296514320000,1296514379000,0.7296766802629754,0.7296766802629754,0.7296766802629754,0.7296766802629754,5000000,1
1296514380000,1296514439000,0.7296766802629754,0.729735252050556,0.7296766802629754,0.729692653454365,33000000,1
1296514440000,1296514499000,0.729692653454365,0.729735252050556,0.729692653454365,0.729735252050556,15000000,1
1296514500000,1296514559000,0.7297299269540343,0.729777855620749,0.7297299269540343,0.7297459024767576,34000000,1
1296514560000,1296514619000,0.7297459024767576,0.7297885072905872,0.7297299269540343,0.7297672042618404,32000000,1
1296514620000,1296514679000,0.7297672042618404,0.7297672042618404,0.7297672042618404,0.7297672042618404,10000000,1
1296514680000,1296514739000,0.7297672042618404,0.7297672042618404,0.7297405772247966,0.7297405772247966,22000000,1
1296514740000,1296514799000,0.7297139521307647,0.7297139521307647,0.729682004582403,0.7297139521307647,7000000,1
1296514800000,1296514859000,0.7297512278064407,0.7298897136642654,0.7297512278064407,0.7298897136642654,25000000,1
1296514860000,1296514919000,0.7298897136642654,0.7298897136642654,0.729682004582403,0.729682004582403,21000000,1
1296514920000,1296514979000,0.729692653454365,0.7297192769941404,0.729692653454365,0.7297192769941404,4000000,1
1296514980000,1296515039000,0.7299376633235521,0.7301935012778387,0.7299376633235521,0.7301935012778387,15000000,1
1296515040000,1296515099000,0.7297246019352297,0.729735252050556,0.729634088504615,0.729634088504615,17000000,1
1296515100000,1296515159000,0.7296394122024895,0.7297459024767576,0.7296394122024895,0.7296713560212481,13000000,1
1296515160000,1296515219000,0.7296713560212481,0.7296873289795323,0.7296287648844269,0.7296873289795323,15000000,1
1296515220000,1296515279000,0.7297192769941404,0.7297192769941404,0.729697978006903,0.729697978006903,5000000,1
1296515280000,1296515339000,0.7297246019352297,0.7297938332421091,0.7297192769941404,0.7297672042618404,14000000,1
1296515340000,1296515399000,0.7297672042618404,0.7297672042618404,0.7296607077708865,0.729697978006903,20000000,1
1296515400000,1296515459000,0.729735252050556,0.7297991592713686,0.7296873289795323,0.7297618786989806,22000000,1
1296515460000,1296515519000,0.7297885072905872,0.7297885072905872,0.7297885072905872,0.7297885072905872,2000000,1
1296515520000,1296515579000,0.7297885072905872,0.729863077686626,0.7297885072905872,0.7298417703041981,11000000,1
1296515580000,1296515639000,0.7298417703041981,0.7299003685996861,0.7298151378255888,0.729863077686626,33000000,1
1296515640000,1296515699000,0.7298417703041981,0.7298470970331715,0.7298417703041981,0.7298470970331715,4000000,1
1296515700000,1296515759000,0.7298577507243837,0.7298577507243837,0.7298311170795079,0.7298364436529773,12000000,1
1296515760000,1296515819000,0.7298364436529773,0.7298364436529773,0.729735252050556,0.729735252050556,12000000,1
1296515820000,1296515879000,0.7297725299024294,0.7297725299024294,0.7297459024767576,0.7297459024767576,4000000,1
1296515880000,1296515939000,0.7297672042618404,0.7298204641658151,0.7297405772247966,0.7298204641658151,21000000,1
1296515940000,1296515999000,0.7298204641658151,0.7298204641658151,0.7296553837622491,0.7296607077708865,22000000,1
1296516000000,1296516059000,0.7296447359780522,0.7297299269540343,0.7295968247946185,0.7296234413419234,42000000,1
1296516060000,1296516119000,0.729634088504615,0.7296713560212481,0.7295382752256097,0.7296181178771032,43000000,1
1296516120000,1296516179000,0.7296394122024895,0.729777855620749,0.7296394122024895,0.7297405772247966,68000000,1
1296516180000,1296516239000,0.7297565532138479,0.7298044853783671,0.7297565532138479,0.729777855620749,5000000,1
1296516240000,1296516299000,0.7297991592713686,0.7298311170795079,0.7297991592713686,0.7298311170795079,9000000,1
1296516300000,1296516359000,0.7298098115631066,0.7298257905837876,0.7298098115631066,0.7298257905837876,5000000,1
1296516360000,1296516419000,0.7298257905837876,0.7298257905837876,0.7297885072905872,0.7297885072905872,7000000,1
1296516420000,1296516479000,0.7297672042618404,0.7297885072905872,0.7297672042618404,0.7297885072905872,5000000,1
1296516480000,1296516539000,0.7298044853783671,0.7298044853783671,0.7295968247946185,0.729692653454365,34000000,1
1296516540000,1296516599000,0.729692653454365,0.7297246019352297,0.7296394122024895,0.7296394122024895,24000000,1
1296516600000,1296516659000,0.729666031857219,0.7297512278064407,0.7296127944899642,0.7296713560212481,19000000,1
1296516660000,1296516719000,0.729666031857219,0.729666031857219,0.729666031857219,0.729666031857219,5000000,1
1296516720000,1296516779000,0.729666031857219,0.729682004582403,0.7296074711805048,0.7296074711805048,15000000,1
1296516780000,1296516839000,0.7296074711805048,0.7296127944899642,0.729548919902824,0.7295648875010944,26000000,1
1296516840000,1296516899000,0.7295648875010944,0.7296127944899642,0.7295648875010944,0.7296127944899642,6000000,1
1296516900000,1296516959000,0.7296074711805048,0.7296766802629754,0.7296074711805048,0.7296607077708865,24000000,1
1296516960000,1296517019000,0.7296553837622491,0.7296553837622491,0.7295648875010944,0.7295702101891776,33000000,1
1296517020000,1296517079000,0.7295968247946185,0.7296500598313049,0.7295968247946185,0.7296500598313049,13000000,1
1296517080000,1296517139000,0.7296500598313049,0.7296500598313049,0.7295063430576529,0.7295595648906755,37000000,1
1296517140000,1296517199000,0.7295542423579193,0.7295595648906755,0.7295542423579193,0.7295542423579193,5000000,1
1296517200000,1296517259000,0.7295542423579193,0.7296394122024895,0.7295542423579193,0.7296074711805048,22000000,1
1296517260000,1296517319000,0.7295648875010944,0.7296074711805048,0.7295648875010944,0.7296074711805048,19000000,1
1296517320000,1296517379000,0.7296234413419234,0.7296234413419234,0.7296234413419234,0.7296234413419234,2000000,1
1296517380000,1296517439000,0.7296394122024895,0.7296394122024895,0.7296181178771032,0.7296181178771032,5000000,1
1296517440000,1296517499000,0.7296287648844269,0.7297192769941404,0.7295276308590188,0.7295276308590188,28000000,1
1296517500000,1296517559000,0.729548919902824,0.729634088504615,0.729548919902824,0.7295648875010944,17000000,1
1296517560000,1296517619000,0.7295648875010944,0.7295648875010944,0.7293148087371913,0.7293414047115455,44000000,1
1296517620000,1296517679000,0.7293414047115455,0.7293414047115455,0.7290649013575188,0.729123374966278,67000000,1
1296517680000,1296517739000,0.7291446404223206,0.7292243969314237,0.729123374966278,0.7291659071188468,31000000,1
1296517740000,1296517799000,0.7291765409323251,0.7292403503270644,0.7291552736155164,0.729235032450959,25000000,1
1296517800000,1296517859000,0.7291978094897803,0.7292403503270644,0.7291978094897803,0.729235032450959,15000000,1
1296517860000,1296517919000,0.7292137617221112,0.729235032450959,0.7292031268230079,0.729235032450959,13000000,1
1296517920000,1296517979000,0.7292031268230079,0.7292563044207517,0.729181857955374,0.7292084442337842,34000000,1
1296517980000,1296518039000,0.7292084442337842,0.7292084442337842,0.7288735987405064,0.7289904939639587,89000000,1
1296518040000,1296518099000,0.7289904939639587,0.729027695762162,0.7288895367906993,0.7289586097301395,54000000,1
1296518100000,1296518159000,0.7289586097301395,0.7290702167525754,0.7289532959623276,0.7290702167525754,42000000,1
1296518160000,1296518219000,0.729027695762162,0.7290330106147206,0.7288151651859571,0.7289001625447362,79000000,1
1296518220000,1296518279000,0.7289639235754223,0.7290011226617289,0.7289373551237006,0.7289639235754223,49000000,1
1296518280000,1296518339000,0.7289745514984072,0.7290808477752098,0.7289745514984072,0.7290117516694369,28000000,1
1296518340000,1296518399000,0.7289745514984072,0.7289745514984072,0.7288417247310575,0.7288417247310575,32000000,1
