openEpochMillis,closeEpochMillis,open,high,low,close,volume,sourceBars
1370131200000,1370131259999,80000.02688044427,80000.02688044427,80000.02688044427,80000.02688044427,0,1
1370131260000,1370131319999,80000.02688044427,80000.02688044427,80000.02688044427,80000.02688044427,0,1
1370131320000,1370131379999,80000.02688044427,80000.02688044427,80000.02688044427,80000.02688044427,0,1
1370131380000,1370131439999,80000.02688044427,80000.02688044427,80000.02688044427,80000.02688044427,0,1
1370131440000,1370131499999,80000.02688044427,80000.02688044427,80000.02688044427,80000.02688044427,0,1
1370131500000,1370131559999,80000.02688044427,80000.02688044427,80000.02688044427,80000.02688044427,0,1
1370131560000,1370131619999,80000.02688044427,80000.02688044427,80000.02688044427,80000.02688044427,0,1
1370131620000,1370131679999,80000.02688044427,80000.02688044427,80000.02688044427,80000.02688044427,0,1
1370131680000,1370131739999,80000.02688044427,80000.02688044427,80000.02688044427,80000.02688044427,0,1
1370131740000,1370131799999,80000.02688044427,80000.02688044427,80000.02688044427,80000.02688044427,0,1
1370131800000,1370131859999,80000.02688044427,80000.02688044427,80000.02688044427,80000.02688044427,0,1
1370131860000,1370131919999,80000.02688044427,80000.02688044427,80000.02688044427,80000.02688044427,0,1
1370131920000,1370131979999,80000.02688044427,80000.02688044427,80000.02688044427,80000.02688044427,0,1
1370131980000,1370132039999,80000.02688044427,80000.02688044427,80000.02688044427,80000.02688044427,0,1
1370132040000,1370132099999,80000.02688044427,80000.02688044427,80000.02688044427,80000.02688044427,0,1
1370132100000,1370132159999,80000.02688044427,80000.02688044427,80000.02688044427,80000.02688044427,0,1
1370132160000,1370132219999,80000.02688044427,80000.02688044427,80000.02688044427,80000.02688044427,0,1
1370132220000,1370132279999,80000.02688044427,80000.02688044427,80000.02688044427,80000.02688044427,0,1
1370132280000,1370132339999,80000.02688044427,80000.02688044427,80000.02688044427,80000.02688044427,0,1
1370132340000,1370132399999,80000.02688044427,80000.02688044427,80000.02688044427,80000.02688044427,0,1
1370132400000,1370132459999,80000.02688044427,80000.02688044427,80000.02688044427,80000.02688044427,0,1
1370132460000,1370132519999,80000.02688044427,80000.02688044427,80000.02688044427,80000.02688044427,0,1
1370132520000,1370132579999,80000.02688044427,80000.02688044427,80000.02688044427,80000.02688044427,0,1
1370132580000,1370132639999,80000.02688044427,80000.02688044427,80000.02688044427,80000.02688044427,0,1
1370132640000,1370132699999,80000.02688044427,80000.02688044427,80000.02688044427,80000.02688044427,0,1
1370132700000,1370132759999,80000.02688044427,80000.02688044427,80000.02688044427,80000.02688044427,0,1
1370132760000,1370132819999,80000.02688044427,80000.02688044427,80000.02688044427,80000.02688044427,0,1
1370132820000,1370132879999,80000.02688044427,80000.02688044427,80000.02688044427,80000.02688044427,0,1
1370132880000,1370132939999,80000.02688044427,80000.02688044427,80000.02688044427,80000.02688044427,0,1
1370132940000,1370132999999,80000.02688044427,80000.02688044427,80000.02688044427,80000.02688044427,0,1
1370133000000,1370133059999,80000.02688044427,80000.02688044427,80000.02688044427,80000.02688044427,0,1
1370133060000,1370133119999,80000.02688044427,80000.02688044427,80000.02688044427,80000.02688044427,0,1
1370133120000,1370133179999,80000.02688044427,80000.02688044427,80000.02688044427,80000.02688044427,0,1
1370133180000,1370133239999,80000.02688044427,80000.02688044427,80000.02688044427,80000.02688044427,0,1
1370133240000,1370133299999,80000.02688044427,80000.02688044427,80000.02688044427,80000.02688044427,0,1
1370133300000,1370133359999,80000.02688044427,80000.02688044427,80000.02688044427,80000.02688044427,0,1
1370133360000,1370133419999,80000.02688044427,80000.02688044427,80000.02688044427,80000.02688044427,0,1
1370133420000,1370133479999,80000.02688044427,80000.02688044427,80000.02688044427,80000.02688044427,0,1
1370133480000,1370133539999,80000.02688044427,80000.02688044427,80000.02688044427,80000.02688044427,0,1
1370133540000,1370133599999,80000.02688044427,80000.02688044427,80000.02688044427,80000.02688044427,0,1
1370133600000,1370133659999,80000.02688044427,80000.02688044427,80000.02688044427,80000.02688044427,0,1
1370133660000,1370133719999,80000.02688044427,80000.02688044427,80000.02688044427,80000.02688044427,0,1
1370133720000,1370133779999,80000.02688044427,80000.02688044427,80000.02688044427,80000.02688044427,0,1
1370133780000,1370133839999,80000.02688044427,80000.02688044427,80000.02688044427,80000.02688044427,0,1
1370133840000,1370133899999,80000.02688044427,80000.02688044427,80000.02688044427,80000.02688044427,0,1
1370133900000,1370133959999,80000.02688044427,80000.02688044427,80000.02688044427,80000.02688044427,0,1
1370133960000,1370134019999,80000.02688044427,80000.02688044427,80000.02688044427,80000.02688044427,0,1
1370134020000,1370134079999,80000.02688044427,80000.02688044427,80000.02688044427,80000.02688044427,0,1
1370134080000,1370134139999,80000.02688044427,80000.02688044427,80000.02688044427,80000.02688044427,0,1
1370134140000,1370134199999,80000.02688044427,80000.02688044427,80000.02688044427,80000.02688044427,0,1
1370134200000,1370134259999,80000.02688044427,80000.02688044427,80000.02688044427,80000.02688044427,0,1
1370134260000,1370134319999,80000.02688044427,80000.02688044427,80000.02688044427,80000.02688044427,0,1
1370134320000,1370134379999,80000.02688044427,80000.02688044427,80000.02688044427,80000.02688044427,0,1
1370134380000,1370134439999,80000.02688044427,80000.02688044427,80000.02688044427,80000.02688044427,0,1
1370134440000,1370134499999,80000.02688044427,80000.02688044427,80000.02688044427,80000.02688044427,0,1
1370134500000,1370134559999,80000.02688044427,80000.02688044427,80000.02688044427,80000.02688044427,0,1
1370134560000,1370134619999,80000.02688044427,80000.02688044427,80000.02688044427,80000.02688044427,0,1
1370134620000,1370134679999,80000.02688044427,80000.02688044427,80000.02688044427,80000.02688044427,0,1
1370134680000,1370134739999,80000.02688044427,80000.02688044427,80000.02688044427,80000.02688044427,0,1
1370134740000,1370134799999,80000.02688044427,80000.02688044427,80000.02688044427,80000.02688044427,0,1
1370134800000,1370134859999,80000.02688044427,80000.02688044427,80000.02688044427,80000.02688044427,0,1
1370134860000,1370134919999,80000.02688044427,80000.02688044427,80000.02688044427,80000.02688044427,0,1
1370134920000,1370134979999,80000.02688044427,80000.02688044427,80000.02688044427,80000.02688044427,0,1
1370134980000,1370135039999,80000.02688044427,80000.02688044427,80000.02688044427,80000.02688044427,0,1
1370135040000,1370135099999,80000.02688044427,80000.02688044427,80000.02688044427,80000.02688044427,0,1
1370135100000,1370135159999,80000.02688044427,80000.02688044427,80000.02688044427,80000.02688044427,0,1
1370135160000,1370135219999,80000.02688044427,80000.02688044427,80000.02688044427,80000.02688044427,0,1
1370135220000,1370135279999,80000.02688044427,80000.02688044427,80000.02688044427,80000.02688044427,0,1
1370135280000,1370135339999,80000.02688044427,80000.02688044427,80000.02688044427,80000.02688044427,0,1
1370135340000,1370135399999,80000.02688044427,80000.02688044427,80000.02688044427,80000.02688044427,0,1
1370135400000,1370135459999,80000.02688044427,80000.02688044427,80000.02688044427,80000.02688044427,0,1
1370135460000,1370135519999,80000.02688044427,80000.02688044427,80000.02688044427,80000.02688044427,0,1
1370135520000,1370135579999,80000.02688044427,80000.02688044427,80000.02688044427,80000.02688044427,0,1
1370135580000,1370135639999,80000.02688044427,80000.02688044427,80000.02688044427,80000.02688044427,0,1
1370135640000,1370135699999,80000.02688044427,80000.02688044427,80000.02688044427,80000.02688044427,0,1
1370135700000,1370135759999,80000.02688044427,80000.02688044427,80000.02688044427,80000.02688044427,0,1
1370135760000,1370135819999,80000.02688044427,80000.02688044427,80000.02688044427,80000.02688044427,0,1
1370135820000,1370135879999,80000.02688044427,80000.02688044427,80000.02688044427,80000.02688044427,0,1
1370135880000,1370135939999,80000.02688044427,80000.02688044427,80000.02688044427,80000.02688044427,0,1
1370135940000,1370135999999,80000.02688044427,80000.02688044427,80000.02688044427,80000.02688044427,0,1
1370136000000,1370136059999,80000.02688044427,80000.02688044427,80000.02688044427,80000.02688044427,0,1
1370136060000,1370136119999,80000.02688044427,80000.02688044427,80000.02688044427,80000.02688044427,0,1
1370136120000,1370136179999,80000.02688044427,80000.02688044427,80000.02688044427,80000.02688044427,0,1
1370136180000,1370136239999,80000.02688044427,80000.02688044427,80000.02688044427,80000.02688044427,0,1
1370136240000,1370136299999,80000.02688044427,80000.02688044427,80000.02688044427,80000.02688044427,0,1
1370136300000,1370136359999,80000.02688044427,80000.02688044427,80000.02688044427,80000.02688044427,0,1
1370136360000,1370136419999,80000.02688044427,80000.02688044427,80000.02688044427,80000.02688044427,0,1
1370136420000,1370136479999,80000.02688044427,80000.02688044427,80000.02688044427,80000.02688044427,0,1
1370136480000,1370136539999,80000.02688044427,80000.02688044427,80000.02688044427,80000.02688044427,0,1
1370136540000,1370136599999,80000.02688044427,80000.02688044427,80000.02688044427,80000.02688044427,0,1
1370136600000,1370136659999,80000.02688044427,80000.02688044427,80000.02688044427,80000.02688044427,0,1
1370136660000,1370136719999,80000.02688044427,80000.02688044427,80000.02688044427,80000.02688044427,0,1
1370136720000,1370136779999,80000.02688044427,80000.02688044427,80000.02688044427,80000.02688044427,0,1
1370136780000,1370136839999,80000.02688044427,80000.02688044427,80000.02688044427,80000.02688044427,0,1
1370136840000,1370136899999,80000.02688044427,80000.02688044427,80000.02688044427,80000.02688044427,0,1
1370136900000,1370136959999,80000.02688044427,80000.02688044427,80000.02688044427,80000.02688044427,0,1
1370136960000,1370137019999,80000.02688044427,80000.02688044427,80000.02688044427,80000.02688044427,0,1
1370137020000,1370137079999,80000.02688044427,80000.02688044427,80000.02688044427,80000.02688044427,0,1
1370137080000,1370137139999,80000.02688044427,80000.02688044427,80000.02688044427,80000.02688044427,0,1
1370137140000,1370137199999,80000.02688044427,80000.02688044427,80000.02688044427,80000.02688044427,0,1
1370137200000,1370137259999,80000.02688044427,80000.02688044427,80000.02688044427,80000.02688044427,0,1
1370137260000,1370137319999,80000.02688044427,80000.02688044427,80000.02688044427,80000.02688044427,0,1
1370137320000,1370137379999,80000.02688044427,80000.02688044427,80000.02688044427,80000.02688044427,0,1
1370137380000,1370137439999,80000.02688044427,80000.02688044427,80000.02688044427,80000.02688044427,0,1
1370137440000,1370137499999,80000.02688044427,80000.02688044427,80000.02688044427,80000.02688044427,0,1
1370137500000,1370137559999,80000.02688044427,80000.02688044427,80000.02688044427,80000.02688044427,0,1
1370137560000,1370137619999,80000.02688044427,80000.02688044427,80000.02688044427,80000.02688044427,0,1
1370137620000,1370137679999,80000.02688044427,80000.02688044427,80000.02688044427,80000.02688044427,0,1
1370137680000,1370137739999,80000.02688044427,80000.02688044427,80000.02688044427,80000.02688044427,0,1
1370137740000,1370137799999,80000.02688044427,80000.02688044427,80000.02688044427,80000.02688044427,0,1
1370137800000,1370137859999,80000.02688044427,80000.02688044427,80000.02688044427,80000.02688044427,0,1
1370137860000,1370137919999,80000.02688044427,80000.02688044427,80000.02688044427,80000.02688044427,0,1
1370137920000,1370137979999,80000.02688044427,80000.02688044427,80000.02688044427,80000.02688044427,0,1
1370137980000,1370138039999,80000.02688044427,80000.02688044427,80000.02688044427,80000.02688044427,0,1
1370138040000,1370138099999,80000.02688044427,80000.02688044427,80000.02688044427,80000.02688044427,0,1
1370138100000,1370138159999,80000.02688044427,80000.02688044427,80000.02688044427,80000.02688044427,0,1
1370138160000,1370138219999,80000.02688044427,80000.02688044427,80000.02688044427,80000.02688044427,0,1
1370138220000,1370138279999,80000.02688044427,80000.02688044427,80000.02688044427,80000.02688044427,0,1
1370138280000,1370138339999,80000.02688044427,80000.02688044427,80000.02688044427,80000.02688044427,0,1
1370138340000,1370138399999,80000.02688044427,80000.02688044427,80000.02688044427,80000.02688044427,0,1
1370138400000,1370138459999,80000.02688044427,80000.02688044427,80000.02688044427,80000.02688044427,0,1
1370138460000,1370138519999,80000.02688044427,80000.02688044427,80000.02688044427,80000.02688044427,0,1
1370138520000,1370138579999,80000.02688044427,80000.02688044427,80000.02688044427,80000.02688044427,0,1
1370138580000,1370138639999,80000.02688044427,80000.02688044427,80000.02688044427,80000.02688044427,0,1
1370138640000,1370138699999,80000.02688044427,80000.02688044427,80000.02688044427,80000.02688044427,0,1
1370138700000,1370138759999,80000.02688044427,80000.02688044427,80000.02688044427,80000.02688044427,0,1
1370138760000,1370138819999,80000.02688044427,80000.02688044427,80000.02688044427,80000.02688044427,0,1
1370138820000,1370138879999,80000.02688044427,80000.02688044427,80000.02688044427,80000.02688044427,0,1
1370138880000,1370138939999,80000.02688044427,80000.02688044427,80000.02688044427,80000.02688044427,0,1
1370138940000,1370138999999,80000.02688044427,80000.02688044427,80000.02688044427,80000.02688044427,0,1
1370139000000,1370139059999,80000.02688044427,80000.02688044427,80000.02688044427,80000.02688044427,0,1
1370139060000,1370139119999,80000.02688044427,80000.02688044427,80000.02688044427,80000.02688044427,0,1
1370139120000,1370139179999,80000.02688044427,80000.02688044427,80000.02688044427,80000.02688044427,0,1
1370139180000,1370139239999,80000.02688044427,80000.02688044427,80000.02688044427,80000.02688044427,0,1
1370139240000,1370139299999,80000.02688044427,80000.02688044427,80000.02688044427,80000.02688044427,0,1
1370139300000,1370139359999,80000.02688044427,80000.02688044427,80000.02688044427,80000.02688044427,0,1
1370139360000,1370139419999,80000.02688044427,80000.02688044427,80000.02688044427,80000.02688044427,0,1
1370139420000,1370139479999,80000.02688044427,80000.02688044427,80000.02688044427,80000.02688044427,0,1
1370139480000,1370139539999,80000.02688044427,80000.02688044427,80000.02688044427,80000.02688044427,0,1
1370139540000,1370139599999,80000.02688044427,80000.02688044427,80000.02688044427,80000.02688044427,0,1
1370139600000,1370139659999,80000.02688044427,80000.02688044427,80000.02688044427,80000.02688044427,0,1
1370139660000,1370139719999,80000.02688044427,80000.02688044427,80000.02688044427,80000.02688044427,0,1
1370139720000,1370139779999,80000.02688044427,80000.02688044427,80000.02688044427,80000.02688044427,0,1
1370139780000,1370139839999,80000.02688044427,80000.02688044427,80000.02688044427,80000.02688044427,0,1
1370139840000,1370139899999,80000.02688044427,80000.02688044427,80000.02688044427,80000.02688044427,0,1
1370139900000,1370139959999,80000.02688044427,80000.02688044427,80000.02688044427,80000.02688044427,0,1
1370139960000,1370140019999,80000.02688044427,80000.02688044427,80000.02688044427,80000.02688044427,0,1
1370140020000,1370140079999,80000.02688044427,80000.02688044427,80000.02688044427,80000.02688044427,0,1
1370140080000,1370140139999,80000.02688044427,80000.02688044427,80000.02688044427,80000.02688044427,0,1
1370140140000,1370140199999,80000.02688044427,80000.02688044427,80000.02688044427,80000.02688044427,0,1
1370140200000,1370140259999,80000.02688044427,80000.02688044427,80000.02688044427,80000.02688044427,0,1
1370140260000,1370140319999,80000.02688044427,80000.02688044427,80000.02688044427,80000.02688044427,0,1
1370140320000,1370140379999,80000.02688044427,80000.02688044427,80000.02688044427,80000.02688044427,0,1
1370140380000,1370140439999,80000.02688044427,80000.02688044427,80000.02688044427,80000.02688044427,0,1
1370140440000,1370140499999,80000.02688044427,80000.02688044427,80000.02688044427,80000.02688044427,0,1
1370140500000,1370140559999,80000.02688044427,80000.02688044427,80000.02688044427,80000.02688044427,0,1
1370140560000,1370140619999,80000.02688044427,80000.02688044427,80000.02688044427,80000.02688044427,0,1
1370140620000,1370140679999,80000.02688044427,80000.02688044427,80000.02688044427,80000.02688044427,0,1
1370140680000,1370140739999,80000.02688044427,80000.02688044427,80000.02688044427,80000.02688044427,0,1
1370140740000,1370140799999,80000.02688044427,80000.02688044427,80000.02688044427,80000.02688044427,0,1
1370140800000,1370140859999,80000.02688044427,80000.02688044427,80000.02688044427,80000.02688044427,0,1
1370140860000,1370140919999,80000.02688044427,80000.02688044427,80000.02688044427,80000.02688044427,0,1
1370140920000,1370140979999,80000.02688044427,80000.02688044427,80000.02688044427,80000.02688044427,0,1
1370140980000,1370141039999,80000.02688044427,80000.02688044427,80000.02688044427,80000.02688044427,0,1
1370141040000,1370141099999,80000.02688044427,80000.02688044427,80000.02688044427,80000.02688044427,0,1
1370141100000,1370141159999,80000.02688044427,80000.02688044427,80000.02688044427,80000.02688044427,0,1
1370141160000,1370141219999,80000.02688044427,80000.02688044427,80000.02688044427,80000.02688044427,0,1
1370141220000,1370141279999,80000.02688044427,80000.02688044427,80000.02688044427,80000.02688044427,0,1
1370141280000,1370141339999,80000.02688044427,80000.02688044427,80000.02688044427,80000.02688044427,0,1
1370141340000,1370141399999,80000.02688044427,80000.02688044427,80000.02688044427,80000.02688044427,0,1
1370141400000,1370141459999,80000.02688044427,80000.02688044427,80000.02688044427,80000.02688044427,0,1
1370141460000,1370141519999,80000.02688044427,80000.02688044427,80000.02688044427,80000.02688044427,0,1
1370141520000,1370141579999,80000.02688044427,80000.02688044427,80000.02688044427,80000.02688044427,0,1
1370141580000,1370141639999,80000.02688044427,80000.02688044427,80000.02688044427,80000.02688044427,0,1
1370141640000,1370141699999,80000.02688044427,80000.02688044427,80000.02688044427,80000.02688044427,0,1
1370141700000,1370141759999,80000.02688044427,80000.02688044427,80000.02688044427,80000.02688044427,0,1
1370141760000,1370141819999,80000.02688044427,80000.02688044427,80000.02688044427,80000.02688044427,0,1
1370141820000,1370141879999,80000.02688044427,80000.02688044427,80000.02688044427,80000.02688044427,0,1
1370141880000,1370141939999,80000.02688044427,80000.02688044427,80000.02688044427,80000.02688044427,0,1
1370141940000,1370141999999,80000.02688044427,80000.02688044427,80000.02688044427,80000.02688044427,0,1
1370142000000,1370142059999,80000.02688044427,80000.02688044427,80000.02688044427,80000.02688044427,0,1
1370142060000,1370142119999,80000.02688044427,80000.02688044427,80000.02688044427,80000.02688044427,0,1
1370142120000,1370142179999,80000.02688044427,80000.02688044427,80000.02688044427,80000.02688044427,0,1
1370142180000,1370142239999,80000.02688044427,80000.02688044427,80000.02688044427,80000.02688044427,0,1
1370142240000,1370142299999,80000.02688044427,80000.02688044427,80000.02688044427,80000.02688044427,0,1
1370142300000,1370142359999,80000.02688044427,80000.02688044427,80000.02688044427,80000.02688044427,0,1
1370142360000,1370142419999,80000.02688044427,80000.02688044427,80000.02688044427,80000.02688044427,0,1
1370142420000,1370142479999,80000.02688044427,80000.02688044427,80000.02688044427,80000.02688044427,0,1
1370142480000,1370142539999,80000.02688044427,80000.02688044427,80000.02688044427,80000.02688044427,0,1
1370142540000,1370142599999,80000.02688044427,80000.02688044427,80000.02688044427,80000.02688044427,0,1
1370142600000,1370142659999,80000.02688044427,80000.02688044427,80000.02688044427,80000.02688044427,0,1
1370142660000,1370142719999,80000.02688044427,80000.02688044427,80000.02688044427,80000.02688044427,0,1
1370142720000,1370142779999,80000.02688044427,80000.02688044427,80000.02688044427,80000.02688044427,0,1
1370142780000,1370142839999,80000.02688044427,80000.02688044427,80000.02688044427,80000.02688044427,0,1
1370142840000,1370142899999,80000.02688044427,80000.02688044427,80000.02688044427,80000.02688044427,0,1
1370142900000,1370142959999,80000.02688044427,80000.02688044427,80000.02688044427,80000.02688044427,0,1
1370142960000,1370143019999,80000.02688044427,80000.02688044427,80000.02688044427,80000.02688044427,0,1
1370143020000,1370143079999,80000.02688044427,80000.02688044427,80000.02688044427,80000.02688044427,0,1
1370143080000,1370143139999,80000.02688044427,80000.02688044427,80000.02688044427,80000.02688044427,0,1
1370143140000,1370143199999,80000.02688044427,80000.02688044427,80000.02688044427,80000.02688044427,0,1
1370143200000,1370143259999,80000.02688044427,80000.02688044427,80000.02688044427,80000.02688044427,0,1
1370143260000,1370143319999,80000.02688044427,80000.02688044427,80000.02688044427,80000.02688044427,0,1
1370143320000,1370143379999,80000.02688044427,80000.02688044427,80000.02688044427,80000.02688044427,0,1
1370143380000,1370143439999,80000.02688044427,80000.02688044427,80000.02688044427,80000.02688044427,0,1
1370143440000,1370143499999,80000.02688044427,80000.02688044427,80000.02688044427,80000.02688044427,0,1
1370143500000,1370143559999,80000.02688044427,80000.02688044427,80000.02688044427,80000.02688044427,0,1
1370143560000,1370143619999,80000.02688044427,80000.02688044427,80000.02688044427,80000.02688044427,0,1
1370143620000,1370143679999,80000.02688044427,80000.02688044427,80000.02688044427,80000.02688044427,0,1
1370143680000,1370143739999,80000.02688044427,80000.02688044427,80000.02688044427,80000.02688044427,0,1
1370143740000,1370143799999,80000.02688044427,80000.02688044427,80000.02688044427,80000.02688044427,0,1
1370143800000,1370143859999,80000.02688044427,80000.02688044427,80000.02688044427,80000.02688044427,0,1
1370143860000,1370143919999,80000.02688044427,80000.02688044427,80000.02688044427,80000.02688044427,0,1
1370143920000,1370143979999,80000.02688044427,80000.02688044427,80000.02688044427,80000.02688044427,0,1
1370143980000,1370144039999,80000.02688044427,80000.02688044427,80000.02688044427,80000.02688044427,0,1
1370144040000,1370144099999,80000.02688044427,80000.02688044427,80000.02688044427,80000.02688044427,0,1
1370144100000,1370144159999,80000.02688044427,80000.02688044427,80000.02688044427,80000.02688044427,0,1
1370144160000,1370144219999,80000.02688044427,80000.02688044427,80000.02688044427,80000.02688044427,0,1
1370144220000,1370144279999,80000.02688044427,80000.02688044427,80000.02688044427,80000.02688044427,0,1
1370144280000,1370144339999,80000.02688044427,80000.02688044427,80000.02688044427,80000.02688044427,0,1
1370144340000,1370144399999,80000.02688044427,80000.02688044427,80000.02688044427,80000.02688044427,0,1
1370144400000,1370144459999,80000.02688044427,80000.02688044427,80000.02688044427,80000.02688044427,0,1
1370144460000,1370144519999,80000.02688044427,80000.02688044427,80000.02688044427,80000.02688044427,0,1
1370144520000,1370144579999,80000.02688044427,80000.02688044427,80000.02688044427,80000.02688044427,0,1
1370144580000,1370144639999,80000.02688044427,80000.02688044427,80000.02688044427,80000.02688044427,0,1
1370144640000,1370144699999,80000.02688044427,80000.02688044427,80000.02688044427,80000.02688044427,0,1
1370144700000,1370144759999,80000.02688044427,80000.02688044427,80000.02688044427,80000.02688044427,0,1
1370144760000,1370144819999,80000.02688044427,80000.02688044427,80000.02688044427,80000.02688044427,0,1
1370144820000,1370144879999,80000.02688044427,80000.02688044427,80000.02688044427,80000.02688044427,0,1
1370144880000,1370144939999,80000.02688044427,80000.02688044427,80000.02688044427,80000.02688044427,0,1
1370144940000,1370144999999,80000.02688044427,80000.02688044427,80000.02688044427,80000.02688044427,0,1
1370145000000,1370145059999,80000.02688044427,80000.02688044427,80000.02688044427,80000.02688044427,0,1
1370145060000,1370145119999,80000.02688044427,80000.02688044427,80000.02688044427,80000.02688044427,0,1
1370145120000,1370145179999,80000.02688044427,80000.02688044427,80000.02688044427,80000.02688044427,0,1
1370145180000,1370145239999,80000.02688044427,80000.02688044427,80000.02688044427,80000.02688044427,0,1
1370145240000,1370145299999,80000.02688044427,80000.02688044427,80000.02688044427,80000.02688044427,0,1
1370145300000,1370145359999,80000.02688044427,80000.02688044427,80000.02688044427,80000.02688044427,0,1
1370145360000,1370145419999,80000.02688044427,80000.02688044427,80000.02688044427,80000.02688044427,0,1
1370145420000,1370145479999,80000.02688044427,80000.02688044427,80000.02688044427,80000.02688044427,0,1
1370145480000,1370145539999,80000.02688044427,80000.02688044427,80000.02688044427,80000.02688044427,0,1
1370145540000,1370145599999,80000.02688044427,80000.02688044427,80000.02688044427,80000.02688044427,0,1
1370145600000,1370145659999,80000.02688044427,80000.02688044427,80000.02688044427,80000.02688044427,0,1
1370145660000,1370145719999,80000.02688044427,80000.02688044427,80000.02688044427,80000.02688044427,0,1
1370145720000,1370145779999,80000.02688044427,80000.02688044427,80000.02688044427,80000.02688044427,0,1
1370145780000,1370145839999,80000.02688044427,80000.02688044427,80000.02688044427,80000.02688044427,0,1
1370145840000,1370145899999,80000.02688044427,80000.02688044427,80000.02688044427,80000.02688044427,0,1
1370145900000,1370145959999,80000.02688044427,80000.02688044427,80000.02688044427,80000.02688044427,0,1
1370145960000,1370146019999,80000.02688044427,80000.02688044427,80000.02688044427,80000.02688044427,0,1
1370146020000,1370146079999,80000.02688044427,80000.02688044427,80000.02688044427,80000.02688044427,0,1
1370146080000,1370146139999,80000.02688044427,80000.02688044427,80000.02688044427,80000.02688044427,0,1
1370146140000,1370146199999,80000.02688044427,80000.02688044427,80000.02688044427,80000.02688044427,0,1
1370146200000,1370146259999,80000.02688044427,80000.02688044427,80000.02688044427,80000.02688044427,0,1
1370146260000,1370146319999,80000.02688044427,80000.02688044427,80000.02688044427,80000.02688044427,0,1
1370146320000,1370146379999,80000.02688044427,80000.02688044427,80000.02688044427,80000.02688044427,0,1
1370146380000,1370146439999,80000.02688044427,80000.02688044427,80000.02688044427,80000.02688044427,0,1
1370146440000,1370146499999,80000.02688044427,80000.02688044427,80000.02688044427,80000.02688044427,0,1
1370146500000,1370146559999,80000.02688044427,80000.02688044427,80000.02688044427,80000.02688044427,0,1
1370146560000,1370146619999,80000.02688044427,80000.02688044427,80000.02688044427,80000.02688044427,0,1
1370146620000,1370146679999,80000.02688044427,80000.02688044427,80000.02688044427,80000.02688044427,0,1
1370146680000,1370146739999,80000.02688044427,80000.02688044427,80000.02688044427,80000.02688044427,0,1
1370146740000,1370146799999,80000.02688044427,80000.02688044427,80000.02688044427,80000.02688044427,0,1
1370146800000,1370146859999,80000.02688044427,80000.02688044427,80000.02688044427,80000.02688044427,0,1
1370146860000,1370146919999,80000.02688044427,80000.02688044427,80000.02688044427,80000.02688044427,0,1
1370146920000,1370146979999,80000.02688044427,80000.02688044427,80000.02688044427,80000.02688044427,0,1
1370146980000,1370147039999,80000.02688044427,80000.02688044427,80000.02688044427,80000.02688044427,0,1
1370147040000,1370147099999,80000.02688044427,80000.02688044427,80000.02688044427,80000.02688044427,0,1
1370147100000,1370147159999,80000.02688044427,80000.02688044427,80000.02688044427,80000.02688044427,0,1
1370147160000,1370147219999,80000.02688044427,80000.02688044427,80000.02688044427,80000.02688044427,0,1
1370147220000,1370147279999,80000.02688044427,80000.02688044427,80000.02688044427,80000.02688044427,0,1
1370147280000,1370147339999,80000.02688044427,80000.02688044427,80000.02688044427,80000.02688044427,0,1
1370147340000,1370147399999,80000.02688044427,80000.02688044427,80000.02688044427,80000.02688044427,0,1
1370147400000,1370147459999,80000.02688044427,80000.02688044427,80000.02688044427,80000.02688044427,0,1
1370147460000,1370147519999,80000.02688044427,80000.02688044427,80000.02688044427,80000.02688044427,0,1
1370147520000,1370147579999,80000.02688044427,80000.02688044427,80000.02688044427,80000.02688044427,0,1
1370147580000,1370147639999,80000.02688044427,80000.02688044427,80000.02688044427,80000.02688044427,0,1
1370147640000,1370147699999,80000.02688044427,80000.02688044427,80000.02688044427,80000.02688044427,0,1
1370147700000,1370147759999,80000.02688044427,80000.02688044427,80000.02688044427,80000.02688044427,0,1
1370147760000,1370147819999,80000.02688044427,80000.02688044427,80000.02688044427,80000.02688044427,0,1
1370147820000,1370147879999,80000.02688044427,80000.02688044427,80000.02688044427,80000.02688044427,0,1
1370147880000,1370147939999,80000.02688044427,80000.02688044427,80000.02688044427,80000.02688044427,0,1
1370147940000,1370147999999,80000.02688044427,80000.02688044427,80000.02688044427,80000.02688044427,0,1
1370148000000,1370148059999,80000.02688044427,80000.02688044427,80000.02688044427,80000.02688044427,0,1
1370148060000,1370148119999,80000.02688044427,80000.02688044427,80000.02688044427,80000.02688044427,0,1
1370148120000,1370148179999,80000.02688044427,80000.02688044427,80000.02688044427,80000.02688044427,0,1
1370148180000,1370148239999,80000.02688044427,80000.02688044427,80000.02688044427,80000.02688044427,0,1
1370148240000,1370148299999,80000.02688044427,80000.02688044427,80000.02688044427,80000.02688044427,0,1
1370148300000,1370148359999,80000.02688044427,80000.02688044427,80000.02688044427,80000.02688044427,0,1
1370148360000,1370148419999,80000.02688044427,80000.02688044427,80000.02688044427,80000.02688044427,0,1
1370148420000,1370148479999,80000.02688044427,80000.02688044427,80000.02688044427,80000.02688044427,0,1
1370148480000,1370148539999,80000.02688044427,80000.02688044427,80000.02688044427,80000.02688044427,0,1
1370148540000,1370148599999,80000.02688044427,80000.02688044427,80000.02688044427,80000.02688044427,0,1
1370148600000,1370148659999,80000.02688044427,80000.02688044427,80000.02688044427,80000.02688044427,0,1
1370148660000,1370148719999,80000.02688044427,80000.02688044427,80000.02688044427,80000.02688044427,0,1
1370148720000,1370148779999,80000.02688044427,80000.02688044427,80000.02688044427,80000.02688044427,0,1
1370148780000,1370148839999,80000.02688044427,80000.02688044427,80000.02688044427,80000.02688044427,0,1
1370148840000,1370148899999,80000.02688044427,80000.02688044427,80000.02688044427,80000.02688044427,0,1
1370148900000,1370148959999,80000.02688044427,80000.02688044427,80000.02688044427,80000.02688044427,0,1
1370148960000,1370149019999,80000.02688044427,80000.02688044427,80000.02688044427,80000.02688044427,0,1
1370149020000,1370149079999,80000.02688044427,80000.02688044427,80000.02688044427,80000.02688044427,0,1
1370149080000,1370149139999,80000.02688044427,80000.02688044427,80000.02688044427,80000.02688044427,0,1
1370149140000,1370149199999,80000.02688044427,80000.02688044427,80000.02688044427,80000.02688044427,0,1
1370149200000,1370149259999,80000.02688044427,80000.02688044427,80000.02688044427,80000.02688044427,0,1
1370149260000,1370149319999,80000.02688044427,80000.02688044427,80000.02688044427,80000.02688044427,0,1
1370149320000,1370149379999,80000.02688044427,80000.02688044427,80000.02688044427,80000.02688044427,0,1
1370149380000,1370149439999,80000.02688044427,80000.02688044427,80000.02688044427,80000.02688044427,0,1
1370149440000,1370149499999,80000.02688044427,80000.02688044427,80000.02688044427,80000.02688044427,0,1
1370149500000,1370149559999,80000.02688044427,80000.02688044427,80000.02688044427,80000.02688044427,0,1
1370149560000,1370149619999,80000.02688044427,80000.02688044427,80000.02688044427,80000.02688044427,0,1
1370149620000,1370149679999,80000.02688044427,80000.02688044427,80000.02688044427,80000.02688044427,0,1
1370149680000,1370149739999,80000.02688044427,80000.02688044427,80000.02688044427,80000.02688044427,0,1
1370149740000,1370149799999,80000.02688044427,80000.02688044427,80000.02688044427,80000.02688044427,0,1
1370149800000,1370149859999,80000.02688044427,80000.02688044427,80000.02688044427,80000.02688044427,0,1
1370149860000,1370149919999,80000.02688044427,80000.02688044427,80000.02688044427,80000.02688044427,0,1
1370149920000,1370149979999,80000.02688044427,80000.02688044427,80000.02688044427,80000.02688044427,0,1
1370149980000,1370150039999,80000.02688044427,80000.02688044427,80000.02688044427,80000.02688044427,0,1
1370150040000,1370150099999,80000.02688044427,80000.02688044427,80000.02688044427,80000.02688044427,0,1
1370150100000,1370150159999,80000.02688044427,80000.02688044427,80000.02688044427,80000.02688044427,0,1
1370150160000,1370150219999,80000.02688044427,80000.02688044427,80000.02688044427,80000.02688044427,0,1
1370150220000,1370150279999,80000.02688044427,80000.02688044427,80000.02688044427,80000.02688044427,0,1
1370150280000,1370150339999,80000.02688044427,80000.02688044427,80000.02688044427,80000.02688044427,0,1
1370150340000,1370150399999,80000.02688044427,80000.02688044427,80000.02688044427,80000.02688044427,0,1
1370150400000,1370150459999,80000.02688044427,80000.02688044427,80000.02688044427,80000.02688044427,0,1
1370150460000,1370150519999,80000.02688044427,80000.02688044427,80000.02688044427,80000.02688044427,0,1
1370150520000,1370150579999,80000.02688044427,80000.02688044427,80000.02688044427,80000.02688044427,0,1
1370150580000,1370150639999,80000.02688044427,80000.02688044427,80000.02688044427,80000.02688044427,0,1
1370150640000,1370150699999,80000.02688044427,80000.02688044427,80000.02688044427,80000.02688044427,0,1
1370150700000,1370150759999,80000.02688044427,80000.02688044427,80000.02688044427,80000.02688044427,0,1
1370150760000,1370150819999,80000.02688044427,80000.02688044427,80000.02688044427,80000.02688044427,0,1
1370150820000,1370150879999,80000.02688044427,80000.02688044427,80000.02688044427,80000.02688044427,0,1
1370150880000,1370150939999,80000.02688044427,80000.02688044427,80000.02688044427,80000.02688044427,0,1
1370150940000,1370150999999,80000.02688044427,80000.02688044427,80000.02688044427,80000.02688044427,0,1
1370151000000,1370151059999,80000.02688044427,80000.02688044427,80000.02688044427,80000.02688044427,0,1
1370151060000,1370151119999,80000.02688044427,80000.02688044427,80000.02688044427,80000.02688044427,0,1
1370151120000,1370151179999,80000.02688044427,80000.02688044427,80000.02688044427,80000.02688044427,0,1
1370151180000,1370151239999,80000.02688044427,80000.02688044427,80000.02688044427,80000.02688044427,0,1
1370151240000,1370151299999,80000.02688044427,80000.02688044427,80000.02688044427,80000.02688044427,0,1
1370151300000,1370151359999,80000.02688044427,80000.02688044427,80000.02688044427,80000.02688044427,0,1
1370151360000,1370151419999,80000.02688044427,80000.02688044427,80000.02688044427,80000.02688044427,0,1
1370151420000,1370151479999,80000.02688044427,80000.02688044427,80000.02688044427,80000.02688044427,0,1
1370151480000,1370151539999,80000.02688044427,80000.02688044427,80000.02688044427,80000.02688044427,0,1
1370151540000,1370151599999,80000.02688044427,80000.02688044427,80000.02688044427,80000.02688044427,0,1
1370151600000,1370151659999,80000.02688044427,80000.02688044427,80000.02688044427,80000.02688044427,0,1
1370151660000,1370151719999,80000.02688044427,80000.02688044427,80000.02688044427,80000.02688044427,0,1
1370151720000,1370151779999,80000.02688044427,80000.02688044427,80000.02688044427,80000.02688044427,0,1
1370151780000,1370151839999,80000.02688044427,80000.02688044427,80000.02688044427,80000.02688044427,0,1
1370151840000,1370151899999,80000.02688044427,80000.02688044427,80000.02688044427,80000.02688044427,0,1
1370151900000,1370151959999,80000.02688044427,80000.02688044427,80000.02688044427,80000.02688044427,0,1
1370151960000,1370152019999,80000.02688044427,80000.02688044427,80000.02688044427,80000.02688044427,0,1
1370152020000,1370152079999,80000.02688044427,80000.02688044427,80000.02688044427,80000.02688044427,0,1
1370152080000,1370152139999,80000.02688044427,80000.02688044427,80000.02688044427,80000.02688044427,0,1
1370152140000,1370152199999,80000.02688044427,80000.02688044427,80000.02688044427,80000.02688044427,0,1
1370152200000,1370152259999,80000.02688044427,80000.02688044427,80000.02688044427,80000.02688044427,0,1
1370152260000,1370152319999,80000.02688044427,80000.02688044427,80000.02688044427,80000.02688044427,0,1
1370152320000,1370152379999,80000.02688044427,80000.02688044427,80000.02688044427,80000.02688044427,0,1
1370152380000,1370152439999,80000.02688044427,80000.02688044427,80000.02688044427,80000.02688044427,0,1
1370152440000,1370152499999,80000.02688044427,80000.02688044427,80000.02688044427,80000.02688044427,0,1
1370152500000,1370152559999,80000.02688044427,80000.02688044427,80000.02688044427,80000.02688044427,0,1
1370152560000,1370152619999,80000.02688044427,80000.02688044427,80000.02688044427,80000.02688044427,0,1
1370152620000,1370152679999,80000.02688044427,80000.02688044427,80000.02688044427,80000.02688044427,0,1
1370152680000,1370152739999,80000.02688044427,80000.02688044427,80000.02688044427,80000.02688044427,0,1
1370152740000,1370152799999,80000.02688044427,80000.02688044427,80000.02688044427,80000.02688044427,0,1
1370152800000,1370152859999,80000.02688044427,80000.02688044427,80000.02688044427,80000.02688044427,0,1
1370152860000,1370152919999,80000.02688044427,80000.02688044427,80000.02688044427,80000.02688044427,0,1
1370152920000,1370152979999,80000.02688044427,80000.02688044427,80000.02688044427,80000.02688044427,0,1
1370152980000,1370153039999,80000.02688044427,80000.02688044427,80000.02688044427,80000.02688044427,0,1
1370153040000,1370153099999,80000.02688044427,80000.02688044427,80000.02688044427,80000.02688044427,0,1
1370153100000,1370153159999,80000.02688044427,80000.02688044427,80000.02688044427,80000.02688044427,0,1
1370153160000,1370153219999,80000.02688044427,80000.02688044427,80000.02688044427,80000.02688044427,0,1
1370153220000,1370153279999,80000.02688044427,80000.02688044427,80000.02688044427,80000.02688044427,0,1
1370153280000,1370153339999,80000.02688044427,80000.02688044427,80000.02688044427,80000.02688044427,0,1
1370153340000,1370153399999,80000.02688044427,80000.02688044427,80000.02688044427,80000.02688044427,0,1
1370153400000,1370153459999,80000.02688044427,80000.02688044427,80000.02688044427,80000.02688044427,0,1
1370153460000,1370153519999,80000.02688044427,80000.02688044427,80000.02688044427,80000.02688044427,0,1
1370153520000,1370153579999,80000.02688044427,80000.02688044427,80000.02688044427,80000.02688044427,0,1
1370153580000,1370153639999,80000.02688044427,80000.02688044427,80000.02688044427,80000.02688044427,0,1
1370153640000,1370153699999,80000.02688044427,80000.02688044427,80000.02688044427,80000.02688044427,0,1
1370153700000,1370153759999,80000.02688044427,80000.02688044427,80000.02688044427,80000.02688044427,0,1
1370153760000,1370153819999,80000.02688044427,80000.02688044427,80000.02688044427,80000.02688044427,0,1
1370153820000,1370153879999,80000.02688044427,80000.02688044427,80000.02688044427,80000.02688044427,0,1
1370153880000,1370153939999,80000.02688044427,80000.02688044427,80000.02688044427,80000.02688044427,0,1
1370153940000,1370153999999,80000.02688044427,80000.02688044427,80000.02688044427,80000.02688044427,0,1
1370154000000,1370154059999,80000.02688044427,80000.02688044427,80000.02688044427,80000.02688044427,0,1
1370154060000,1370154119999,80000.02688044427,80000.02688044427,80000.02688044427,80000.02688044427,0,1
1370154120000,1370154179999,80000.02688044427,80000.02688044427,80000.02688044427,80000.02688044427,0,1
1370154180000,1370154239999,80000.02688044427,80000.02688044427,80000.02688044427,80000.02688044427,0,1
1370154240000,1370154299999,80000.02688044427,80000.02688044427,80000.02688044427,80000.02688044427,0,1
1370154300000,1370154359999,80000.02688044427,80000.02688044427,80000.02688044427,80000.02688044427,0,1
1370154360000,1370154419999,80000.02688044427,80000.02688044427,80000.02688044427,80000.02688044427,0,1
1370154420000,1370154479999,80000.02688044427,80000.02688044427,80000.02688044427,80000.02688044427,0,1
1370154480000,1370154539999,80000.02688044427,80000.02688044427,80000.02688044427,80000.02688044427,0,1
1370154540000,1370154599999,80000.02688044427,80000.02688044427,80000.02688044427,80000.02688044427,0,1
1370154600000,1370154659999,80000.02688044427,80000.02688044427,80000.02688044427,80000.02688044427,0,1
1370154660000,1370154719999,80000.02688044427,80000.02688044427,80000.02688044427,80000.02688044427,0,1
1370154720000,1370154779999,80000.02688044427,80000.02688044427,80000.02688044427,80000.02688044427,0,1
1370154780000,1370154839999,80000.02688044427,80000.02688044427,80000.02688044427,80000.02688044427,0,1
1370154840000,1370154899999,80000.02688044427,80000.02688044427,80000.02688044427,80000.02688044427,0,1
1370154900000,1370154959999,80000.02688044427,80000.02688044427,80000.02688044427,80000.02688044427,0,1
1370154960000,1370155019999,80000.02688044427,80000.02688044427,80000.02688044427,80000.02688044427,0,1
1370155020000,1370155079999,80000.02688044427,80000.02688044427,80000.02688044427,80000.02688044427,0,1
1370155080000,1370155139999,80000.02688044427,80000.02688044427,80000.02688044427,80000.02688044427,0,1
1370155140000,1370155199999,80000.02688044427,80000.02688044427,80000.02688044427,80000.02688044427,0,1
1370155200000,1370155259999,80000.02688044427,80000.02688044427,80000.02688044427,80000.02688044427,0,1
1370155260000,1370155319999,80000.02688044427,80000.02688044427,80000.02688044427,80000.02688044427,0,1
1370155320000,1370155379999,80000.02688044427,80000.02688044427,80000.02688044427,80000.02688044427,0,1
1370155380000,1370155439999,80000.02688044427,80000.02688044427,80000.02688044427,80000.02688044427,0,1
1370155440000,1370155499999,80000.02688044427,80000.02688044427,80000.02688044427,80000.02688044427,0,1
1370155500000,1370155559999,80000.02688044427,80000.02688044427,80000.02688044427,80000.02688044427,0,1
1370155560000,1370155619999,80000.02688044427,80000.02688044427,80000.02688044427,80000.02688044427,0,1
1370155620000,1370155679999,80000.02688044427,80000.02688044427,80000.02688044427,80000.02688044427,0,1
1370155680000,1370155739999,80000.02688044427,80000.02688044427,80000.02688044427,80000.02688044427,0,1
1370155740000,1370155799999,80000.02688044427,80000.02688044427,80000.02688044427,80000.02688044427,0,1
1370155800000,1370155859999,80000.02688044427,80000.02688044427,80000.02688044427,80000.02688044427,0,1
1370155860000,1370155919999,80000.02688044427,80000.02688044427,80000.02688044427,80000.02688044427,0,1
1370155920000,1370155979999,80000.02688044427,80000.02688044427,80000.02688044427,80000.02688044427,0,1
1370155980000,1370156039999,80000.02688044427,80000.02688044427,80000.02688044427,80000.02688044427,0,1
1370156040000,1370156099999,80000.02688044427,80000.02688044427,80000.02688044427,80000.02688044427,0,1
1370156100000,1370156159999,80000.02688044427,80000.02688044427,80000.02688044427,80000.02688044427,0,1
1370156160000,1370156219999,80000.02688044427,80000.02688044427,80000.02688044427,80000.02688044427,0,1
1370156220000,1370156279999,80000.02688044427,80000.02688044427,80000.02688044427,80000.02688044427,0,1
1370156280000,1370156339999,80000.02688044427,80000.02688044427,80000.02688044427,80000.02688044427,0,1
1370156340000,1370156399999,80000.02688044427,80000.02688044427,80000.02688044427,80000.02688044427,0,1
1370156400000,1370156459999,80000.02688044427,80000.02688044427,80000.02688044427,80000.02688044427,0,1
1370156460000,1370156519999,80000.02688044427,80000.02688044427,80000.02688044427,80000.02688044427,0,1
1370156520000,1370156579999,80000.02688044427,80000.02688044427,80000.02688044427,80000.02688044427,0,1
1370156580000,1370156639999,80000.02688044427,80000.02688044427,80000.02688044427,80000.02688044427,0,1
1370156640000,1370156699999,80000.02688044427,80000.02688044427,80000.02688044427,80000.02688044427,0,1
1370156700000,1370156759999,80000.02688044427,80000.02688044427,80000.02688044427,80000.02688044427,0,1
1370156760000,1370156819999,80000.02688044427,80000.02688044427,80000.02688044427,80000.02688044427,0,1
1370156820000,1370156879999,80000.02688044427,80000.02688044427,80000.02688044427,80000.02688044427,0,1
1370156880000,1370156939999,80000.02688044427,80000.02688044427,80000.02688044427,80000.02688044427,0,1
1370156940000,1370156999999,80000.02688044427,80000.02688044427,80000.02688044427,80000.02688044427,0,1
1370157000000,1370157059999,80000.02688044427,80000.02688044427,80000.02688044427,80000.02688044427,0,1
1370157060000,1370157119999,80000.02688044427,80000.02688044427,80000.02688044427,80000.02688044427,0,1
1370157120000,1370157179999,80000.02688044427,80000.02688044427,80000.02688044427,80000.02688044427,0,1
1370157180000,1370157239999,80000.02688044427,80000.02688044427,80000.02688044427,80000.02688044427,0,1
1370157240000,1370157299999,80000.02688044427,80000.02688044427,80000.02688044427,80000.02688044427,0,1
1370157300000,1370157359999,80000.02688044427,80000.02688044427,80000.02688044427,80000.02688044427,0,1
1370157360000,1370157419999,80000.02688044427,80000.02688044427,80000.02688044427,80000.02688044427,0,1
1370157420000,1370157479999,80000.02688044427,80000.02688044427,80000.02688044427,80000.02688044427,0,1
1370157480000,1370157539999,80000.02688044427,80000.02688044427,80000.02688044427,80000.02688044427,0,1
1370157540000,1370157599999,80000.02688044427,80000.02688044427,80000.02688044427,80000.02688044427,0,1
1370157600000,1370157659999,80000.02688044427,80000.02688044427,80000.02688044427,80000.02688044427,0,1
1370157660000,1370157719999,80000.02688044427,80000.02688044427,80000.02688044427,80000.02688044427,0,1
1370157720000,1370157779999,80000.02688044427,80000.02688044427,80000.02688044427,80000.02688044427,0,1
1370157780000,1370157839999,80000.02688044427,80000.02688044427,80000.02688044427,80000.02688044427,0,1
1370157840000,1370157899999,80000.02688044427,80000.02688044427,80000.02688044427,80000.02688044427,0,1
1370157900000,1370157959999,80000.02688044427,80000.02688044427,80000.02688044427,80000.02688044427,0,1
1370157960000,1370158019999,80000.02688044427,80000.02688044427,80000.02688044427,80000.02688044427,0,1
1370158020000,1370158079999,80000.02688044427,80000.02688044427,80000.02688044427,80000.02688044427,0,1
1370158080000,1370158139999,80000.02688044427,80000.02688044427,80000.02688044427,80000.02688044427,0,1
1370158140000,1370158199999,80000.02688044427,80000.02688044427,80000.02688044427,80000.02688044427,0,1
1370158200000,1370158259999,80000.02688044427,80000.02688044427,80000.02688044427,80000.02688044427,0,1
1370158260000,1370158319999,80000.02688044427,80000.02688044427,80000.02688044427,80000.02688044427,0,1
1370158320000,1370158379999,80000.02688044427,80000.02688044427,80000.02688044427,80000.02688044427,0,1
1370158380000,1370158439999,80000.02688044427,80000.02688044427,80000.02688044427,80000.02688044427,0,1
1370158440000,1370158499999,80000.02688044427,80000.02688044427,80000.02688044427,80000.02688044427,0,1
1370158500000,1370158559999,80000.02688044427,80000.02688044427,80000.02688044427,80000.02688044427,0,1
1370158560000,1370158619999,80000.02688044427,80000.02688044427,80000.02688044427,80000.02688044427,0,1
1370158620000,1370158679999,80000.02688044427,80000.02688044427,80000.02688044427,80000.02688044427,0,1
1370158680000,1370158739999,80000.02688044427,80000.02688044427,80000.02688044427,80000.02688044427,0,1
1370158740000,1370158799999,80000.02688044427,80000.02688044427,80000.02688044427,80000.02688044427,0,1
1370158800000,1370158859999,80000.02688044427,80000.02688044427,80000.02688044427,80000.02688044427,0,1
1370158860000,1370158919999,80000.02688044427,80000.02688044427,80000.02688044427,80000.02688044427,0,1
1370158920000,1370158979999,80000.02688044427,80000.02688044427,80000.02688044427,80000.02688044427,0,1
1370158980000,1370159039999,80000.02688044427,80000.02688044427,80000.02688044427,80000.02688044427,0,1
1370159040000,1370159099999,80000.02688044427,80000.02688044427,80000.02688044427,80000.02688044427,0,1
1370159100000,1370159159999,80000.02688044427,80000.02688044427,80000.02688044427,80000.02688044427,0,1
1370159160000,1370159219999,80000.02688044427,80000.02688044427,80000.02688044427,80000.02688044427,0,1
1370159220000,1370159279999,80000.02688044427,80000.02688044427,80000.02688044427,80000.02688044427,0,1
1370159280000,1370159339999,80000.02688044427,80000.02688044427,80000.02688044427,80000.02688044427,0,1
1370159340000,1370159399999,80000.02688044427,80000.02688044427,80000.02688044427,80000.02688044427,0,1
1370159400000,1370159459999,80000.02688044427,80000.02688044427,80000.02688044427,80000.02688044427,0,1
1370159460000,1370159519999,80000.02688044427,80000.02688044427,80000.02688044427,80000.02688044427,0,1
1370159520000,1370159579999,80000.02688044427,80000.02688044427,80000.02688044427,80000.02688044427,0,1
1370159580000,1370159639999,80000.02688044427,80000.02688044427,80000.02688044427,80000.02688044427,0,1
1370159640000,1370159699999,80000.02688044427,80000.02688044427,80000.02688044427,80000.02688044427,0,1
1370159700000,1370159759999,80000.02688044427,80000.02688044427,80000.02688044427,80000.02688044427,0,1
1370159760000,1370159819999,80000.02688044427,80000.02688044427,80000.02688044427,80000.02688044427,0,1
1370159820000,1370159879999,80000.02688044427,80000.02688044427,80000.02688044427,80000.02688044427,0,1
1370159880000,1370159939999,80000.02688044427,80000.02688044427,80000.02688044427,80000.02688044427,0,1
1370159940000,1370159999999,80000.02688044427,80000.02688044427,80000.02688044427,80000.02688044427,0,1
1370160000000,1370160059999,80000.02688044427,80000.02688044427,80000.02688044427,80000.02688044427,0,1
1370160060000,1370160119999,80000.02688044427,80000.02688044427,80000.02688044427,80000.02688044427,0,1
1370160120000,1370160179999,80000.02688044427,80000.02688044427,80000.02688044427,80000.02688044427,0,1
1370160180000,1370160239999,80000.02688044427,80000.02688044427,80000.02688044427,80000.02688044427,0,1
1370160240000,1370160299999,80000.02688044427,80000.02688044427,80000.02688044427,80000.02688044427,0,1
1370160300000,1370160359999,80000.02688044427,80000.02688044427,80000.02688044427,80000.02688044427,0,1
1370160360000,1370160419999,80000.02688044427,80000.02688044427,80000.02688044427,80000.02688044427,0,1
1370160420000,1370160479999,80000.02688044427,80000.02688044427,80000.02688044427,80000.02688044427,0,1
1370160480000,1370160539999,80000.02688044427,80000.02688044427,80000.02688044427,80000.02688044427,0,1
1370160540000,1370160599999,80000.02688044427,80000.02688044427,80000.02688044427,80000.02688044427,0,1
1370160600000,1370160659999,80000.02688044427,80000.02688044427,80000.02688044427,80000.02688044427,0,1
1370160660000,1370160719999,80000.02688044427,80000.02688044427,80000.02688044427,80000.02688044427,0,1
1370160720000,1370160779999,80000.02688044427,80000.02688044427,80000.02688044427,80000.02688044427,0,1
1370160780000,1370160839999,80000.02688044427,80000.02688044427,80000.02688044427,80000.02688044427,0,1
1370160840000,1370160899999,80000.02688044427,80000.02688044427,80000.02688044427,80000.02688044427,0,1
1370160900000,1370160959999,80000.02688044427,80000.02688044427,80000.02688044427,80000.02688044427,0,1
1370160960000,1370161019999,80000.02688044427,80000.02688044427,80000.02688044427,80000.02688044427,0,1
1370161020000,1370161079999,80000.02688044427,80000.02688044427,80000.02688044427,80000.02688044427,0,1
1370161080000,1370161139999,80000.02688044427,80000.02688044427,80000.02688044427,80000.02688044427,0,1
1370161140000,1370161199999,80000.02688044427,80000.02688044427,80000.02688044427,80000.02688044427,0,1
1370161200000,1370161259999,80000.02688044427,80000.02688044427,80000.02688044427,80000.02688044427,0,1
1370161260000,1370161319999,80000.02688044427,80000.02688044427,80000.02688044427,80000.02688044427,0,1
1370161320000,1370161379999,80000.02688044427,80000.02688044427,80000.02688044427,80000.02688044427,0,1
1370161380000,1370161439999,80000.02688044427,80000.02688044427,80000.02688044427,80000.02688044427,0,1
1370161440000,1370161499999,80000.02688044427,80000.02688044427,80000.02688044427,80000.02688044427,0,1
1370161500000,1370161559999,80000.02688044427,80000.02688044427,80000.02688044427,80000.02688044427,0,1
1370161560000,1370161619999,80000.02688044427,80000.02688044427,80000.02688044427,80000.02688044427,0,1
1370161620000,1370161679999,80000.02688044427,80000.02688044427,80000.02688044427,80000.02688044427,0,1
1370161680000,1370161739999,80000.02688044427,80000.02688044427,80000.02688044427,80000.02688044427,0,1
1370161740000,1370161799999,80000.02688044427,80000.02688044427,80000.02688044427,80000.02688044427,0,1
1370161800000,1370161859999,80000.02688044427,80000.02688044427,80000.02688044427,80000.02688044427,0,1
1370161860000,1370161919999,80000.02688044427,80000.02688044427,80000.02688044427,80000.02688044427,0,1
1370161920000,1370161979999,80000.02688044427,80000.02688044427,80000.02688044427,80000.02688044427,0,1
1370161980000,1370162039999,80000.02688044427,80000.02688044427,80000.02688044427,80000.02688044427,0,1
1370162040000,1370162099999,80000.02688044427,80000.02688044427,80000.02688044427,80000.02688044427,0,1
1370162100000,1370162159999,80000.02688044427,80000.02688044427,80000.02688044427,80000.02688044427,0,1
1370162160000,1370162219999,80000.02688044427,80000.02688044427,80000.02688044427,80000.02688044427,0,1
1370162220000,1370162279999,80000.02688044427,80000.02688044427,80000.02688044427,80000.02688044427,0,1
1370162280000,1370162339999,80000.02688044427,80000.02688044427,80000.02688044427,80000.02688044427,0,1
1370162340000,1370162399999,80000.02688044427,80000.02688044427,80000.02688044427,80000.02688044427,0,1
1370162400000,1370162459999,80000.02688044427,80000.02688044427,80000.02688044427,80000.02688044427,0,1
1370162460000,1370162519999,80000.02688044427,80000.02688044427,80000.02688044427,80000.02688044427,0,1
1370162520000,1370162579999,80000.02688044427,80000.02688044427,80000.02688044427,80000.02688044427,0,1
1370162580000,1370162639999,80000.02688044427,80000.02688044427,80000.02688044427,80000.02688044427,0,1
1370162640000,1370162699999,80000.02688044427,80000.02688044427,80000.02688044427,80000.02688044427,0,1
1370162700000,1370162759999,80000.02688044427,80000.02688044427,80000.02688044427,80000.02688044427,0,1
1370162760000,1370162819999,80000.02688044427,80000.02688044427,80000.02688044427,80000.02688044427,0,1
1370162820000,1370162879999,80000.02688044427,80000.02688044427,80000.02688044427,80000.02688044427,0,1
1370162880000,1370162939999,80000.02688044427,80000.02688044427,80000.02688044427,80000.02688044427,0,1
1370162940000,1370162999999,80000.02688044427,80000.02688044427,80000.02688044427,80000.02688044427,0,1
1370163000000,1370163059999,80000.02688044427,80000.02688044427,80000.02688044427,80000.02688044427,0,1
1370163060000,1370163119999,80000.02688044427,80000.02688044427,80000.02688044427,80000.02688044427,0,1
1370163120000,1370163179999,80000.02688044427,80000.02688044427,80000.02688044427,80000.02688044427,0,1
1370163180000,1370163239999,80000.02688044427,80000.02688044427,80000.02688044427,80000.02688044427,0,1
1370163240000,1370163299999,80000.02688044427,80000.02688044427,80000.02688044427,80000.02688044427,0,1
1370163300000,1370163359999,80000.02688044427,80000.02688044427,80000.02688044427,80000.02688044427,0,1
1370163360000,1370163419999,80000.02688044427,80000.02688044427,80000.02688044427,80000.02688044427,0,1
1370163420000,1370163479999,80000.02688044427,80000.02688044427,80000.02688044427,80000.02688044427,0,1
1370163480000,1370163539999,80000.02688044427,80000.02688044427,80000.02688044427,80000.02688044427,0,1
1370163540000,1370163599999,80000.02688044427,80000.02688044427,80000.02688044427,80000.02688044427,0,1
1370163600000,1370163659999,80000.02688044427,80000.02688044427,80000.02688044427,80000.02688044427,0,1
1370163660000,1370163719999,80000.02688044427,80000.02688044427,80000.02688044427,80000.02688044427,0,1
1370163720000,1370163779999,80000.02688044427,80000.02688044427,80000.02688044427,80000.02688044427,0,1
1370163780000,1370163839999,80000.02688044427,80000.02688044427,80000.02688044427,80000.02688044427,0,1
1370163840000,1370163899999,80000.02688044427,80000.02688044427,80000.02688044427,80000.02688044427,0,1
1370163900000,1370163959999,80000.02688044427,80000.02688044427,80000.02688044427,80000.02688044427,0,1
1370163960000,1370164019999,80000.02688044427,80000.02688044427,80000.02688044427,80000.02688044427,0,1
1370164020000,1370164079999,80000.02688044427,80000.02688044427,80000.02688044427,80000.02688044427,0,1
1370164080000,1370164139999,80000.02688044427,80000.02688044427,80000.02688044427,80000.02688044427,0,1
1370164140000,1370164199999,80000.02688044427,80000.02688044427,80000.02688044427,80000.02688044427,0,1
1370164200000,1370164259999,80000.02688044427,80000.02688044427,80000.02688044427,80000.02688044427,0,1
1370164260000,1370164319999,80000.02688044427,80000.02688044427,80000.02688044427,80000.02688044427,0,1
1370164320000,1370164379999,80000.02688044427,80000.02688044427,80000.02688044427,80000.02688044427,0,1
1370164380000,1370164439999,80000.02688044427,80000.02688044427,80000.02688044427,80000.02688044427,0,1
1370164440000,1370164499999,80000.02688044427,80000.02688044427,80000.02688044427,80000.02688044427,0,1
1370164500000,1370164559999,80000.02688044427,80000.02688044427,80000.02688044427,80000.02688044427,0,1
1370164560000,1370164619999,80000.02688044427,80000.02688044427,80000.02688044427,80000.02688044427,0,1
1370164620000,1370164679999,80000.02688044427,80000.02688044427,80000.02688044427,80000.02688044427,0,1
1370164680000,1370164739999,80000.02688044427,80000.02688044427,80000.02688044427,80000.02688044427,0,1
1370164740000,1370164799999,80000.02688044427,80000.02688044427,80000.02688044427,80000.02688044427,0,1
1370164800000,1370164859999,80000.02688044427,80000.02688044427,80000.02688044427,80000.02688044427,0,1
1370164860000,1370164919999,80000.02688044427,80000.02688044427,80000.02688044427,80000.02688044427,0,1
1370164920000,1370164979999,80000.02688044427,80000.02688044427,80000.02688044427,80000.02688044427,0,1
1370164980000,1370165039999,80000.02688044427,80000.02688044427,80000.02688044427,80000.02688044427,0,1
1370165040000,1370165099999,80000.02688044427,80000.02688044427,80000.02688044427,80000.02688044427,0,1
1370165100000,1370165159999,80000.02688044427,80000.02688044427,80000.02688044427,80000.02688044427,0,1
1370165160000,1370165219999,80000.02688044427,80000.02688044427,80000.02688044427,80000.02688044427,0,1
1370165220000,1370165279999,80000.02688044427,80000.02688044427,80000.02688044427,80000.02688044427,0,1
1370165280000,1370165339999,80000.02688044427,80000.02688044427,80000.02688044427,80000.02688044427,0,1
1370165340000,1370165399999,80000.02688044427,80000.02688044427,80000.02688044427,80000.02688044427,0,1
1370165400000,1370165459999,80000.02688044427,80000.02688044427,80000.02688044427,80000.02688044427,0,1
1370165460000,1370165519999,80000.02688044427,80000.02688044427,80000.02688044427,80000.02688044427,0,1
1370165520000,1370165579999,80000.02688044427,80000.02688044427,80000.02688044427,80000.02688044427,0,1
1370165580000,1370165639999,80000.02688044427,80000.02688044427,80000.02688044427,80000.02688044427,0,1
1370165640000,1370165699999,80000.02688044427,80000.02688044427,80000.02688044427,80000.02688044427,0,1
1370165700000,1370165759999,80000.02688044427,80000.02688044427,80000.02688044427,80000.02688044427,0,1
1370165760000,1370165819999,80000.02688044427,80000.02688044427,80000.02688044427,80000.02688044427,0,1
1370165820000,1370165879999,80000.02688044427,80000.02688044427,80000.02688044427,80000.02688044427,0,1
1370165880000,1370165939999,80000.02688044427,80000.02688044427,80000.02688044427,80000.02688044427,0,1
1370165940000,1370165999999,80000.02688044427,80000.02688044427,80000.02688044427,80000.02688044427,0,1
1370166000000,1370166059999,80000.02688044427,80000.02688044427,80000.02688044427,80000.02688044427,0,1
1370166060000,1370166119999,80000.02688044427,80000.02688044427,80000.02688044427,80000.02688044427,0,1
1370166120000,1370166179999,80000.02688044427,80000.02688044427,80000.02688044427,80000.02688044427,0,1
1370166180000,1370166239999,80000.02688044427,80000.02688044427,80000.02688044427,80000.02688044427,0,1
1370166240000,1370166299999,80000.02688044427,80000.02688044427,80000.02688044427,80000.02688044427,0,1
1370166300000,1370166359999,80000.02688044427,80000.02688044427,80000.02688044427,80000.02688044427,0,1
1370166360000,1370166419999,80000.02688044427,80000.02688044427,80000.02688044427,80000.02688044427,0,1
1370166420000,1370166479999,80000.02688044427,80000.02688044427,80000.02688044427,80000.02688044427,0,1
1370166480000,1370166539999,80000.02688044427,80000.02688044427,80000.02688044427,80000.02688044427,0,1
1370166540000,1370166599999,80000.02688044427,80000.02688044427,80000.02688044427,80000.02688044427,0,1
1370166600000,1370166659999,80000.02688044427,80000.02688044427,80000.02688044427,80000.02688044427,0,1
1370166660000,1370166719999,80000.02688044427,80000.02688044427,80000.02688044427,80000.02688044427,0,1
1370166720000,1370166779999,80000.02688044427,80000.02688044427,80000.02688044427,80000.02688044427,0,1
1370166780000,1370166839999,80000.02688044427,80000.02688044427,80000.02688044427,80000.02688044427,0,1
1370166840000,1370166899999,80000.02688044427,80000.02688044427,80000.02688044427,80000.02688044427,0,1
1370166900000,1370166959999,80000.02688044427,80000.02688044427,80000.02688044427,80000.02688044427,0,1
1370166960000,1370167019999,80000.02688044427,80000.02688044427,80000.02688044427,80000.02688044427,0,1
1370167020000,1370167079999,80000.02688044427,80000.02688044427,80000.02688044427,80000.02688044427,0,1
1370167080000,1370167139999,80000.02688044427,80000.02688044427,80000.02688044427,80000.02688044427,0,1
1370167140000,1370167199999,80000.02688044427,80000.02688044427,80000.02688044427,80000.02688044427,0,1
1370167200000,1370167259999,80000.02688044427,80000.02688044427,80000.02688044427,80000.02688044427,0,1
1370167260000,1370167319999,80000.02688044427,80000.02688044427,80000.02688044427,80000.02688044427,0,1
1370167320000,1370167379999,80000.02688044427,80000.02688044427,80000.02688044427,80000.02688044427,0,1
1370167380000,1370167439999,80000.02688044427,80000.02688044427,80000.02688044427,80000.02688044427,0,1
1370167440000,1370167499999,80000.02688044427,80000.02688044427,80000.02688044427,80000.02688044427,0,1
1370167500000,1370167559999,80000.02688044427,80000.02688044427,80000.02688044427,80000.02688044427,0,1
1370167560000,1370167619999,80000.02688044427,80000.02688044427,80000.02688044427,80000.02688044427,0,1
1370167620000,1370167679999,80000.02688044427,80000.02688044427,80000.02688044427,80000.02688044427,0,1
1370167680000,1370167739999,80000.02688044427,80000.02688044427,80000.02688044427,80000.02688044427,0,1
1370167740000,1370167799999,80000.02688044427,80000.02688044427,80000.02688044427,80000.02688044427,0,1
1370167800000,1370167859999,80000.02688044427,80000.02688044427,80000.02688044427,80000.02688044427,0,1
1370167860000,1370167919999,80000.02688044427,80000.02688044427,80000.02688044427,80000.02688044427,0,1
1370167920000,1370167979999,80000.02688044427,80000.02688044427,80000.02688044427,80000.02688044427,0,1
1370167980000,1370168039999,80000.02688044427,80000.02688044427,80000.02688044427,80000.02688044427,0,1
1370168040000,1370168099999,80000.02688044427,80000.02688044427,80000.02688044427,80000.02688044427,0,1
1370168100000,1370168159999,80000.02688044427,80000.02688044427,80000.02688044427,80000.02688044427,0,1
1370168160000,1370168219999,80000.02688044427,80000.02688044427,80000.02688044427,80000.02688044427,0,1
1370168220000,1370168279999,80000.02688044427,80000.02688044427,80000.02688044427,80000.02688044427,0,1
1370168280000,1370168339999,80000.02688044427,80000.02688044427,80000.02688044427,80000.02688044427,0,1
1370168340000,1370168399999,80000.02688044427,80000.02688044427,80000.02688044427,80000.02688044427,0,1
1370168400000,1370168459999,80000.02688044427,80000.02688044427,80000.02688044427,80000.02688044427,0,1
1370168460000,1370168519999,80000.02688044427,80000.02688044427,80000.02688044427,80000.02688044427,0,1
1370168520000,1370168579999,80000.02688044427,80000.02688044427,80000.02688044427,80000.02688044427,0,1
1370168580000,1370168639999,80000.02688044427,80000.02688044427,80000.02688044427,80000.02688044427,0,1
1370168640000,1370168699999,80000.02688044427,80000.02688044427,80000.02688044427,80000.02688044427,0,1
1370168700000,1370168759999,80000.02688044427,80000.02688044427,80000.02688044427,80000.02688044427,0,1
1370168760000,1370168819999,80000.02688044427,80000.02688044427,80000.02688044427,80000.02688044427,0,1
1370168820000,1370168879999,80000.02688044427,80000.02688044427,80000.02688044427,80000.02688044427,0,1
1370168880000,1370168939999,80000.02688044427,80000.02688044427,80000.02688044427,80000.02688044427,0,1
1370168940000,1370168999999,80000.02688044427,80000.02688044427,80000.02688044427,80000.02688044427,0,1
1370169000000,1370169059999,80000.02688044427,80000.02688044427,80000.02688044427,80000.02688044427,0,1
1370169060000,1370169119999,80000.02688044427,80000.02688044427,80000.02688044427,80000.02688044427,0,1
1370169120000,1370169179999,80000.02688044427,80000.02688044427,80000.02688044427,80000.02688044427,0,1
1370169180000,1370169239999,80000.02688044427,80000.02688044427,80000.02688044427,80000.02688044427,0,1
1370169240000,1370169299999,80000.02688044427,80000.02688044427,80000.02688044427,80000.02688044427,0,1
1370169300000,1370169359999,80000.02688044427,80000.02688044427,80000.02688044427,80000.02688044427,0,1
1370169360000,1370169419999,80000.02688044427,80000.02688044427,80000.02688044427,80000.02688044427,0,1
1370169420000,1370169479999,80000.02688044427,80000.02688044427,80000.02688044427,80000.02688044427,0,1
1370169480000,1370169539999,80000.02688044427,80000.02688044427,80000.02688044427,80000.02688044427,0,1
1370169540000,1370169599999,80000.02688044427,80000.02688044427,80000.02688044427,80000.02688044427,0,1
1370169600000,1370169659999,80000.02688044427,80000.02688044427,80000.02688044427,80000.02688044427,0,1
1370169660000,1370169719999,80000.02688044427,80000.02688044427,80000.02688044427,80000.02688044427,0,1
1370169720000,1370169779999,80000.02688044427,80000.02688044427,80000.02688044427,80000.02688044427,0,1
1370169780000,1370169839999,80000.02688044427,80000.02688044427,80000.02688044427,80000.02688044427,0,1
1370169840000,1370169899999,80000.02688044427,80000.02688044427,80000.02688044427,80000.02688044427,0,1
1370169900000,1370169959999,80000.02688044427,80000.02688044427,80000.02688044427,80000.02688044427,0,1
1370169960000,1370170019999,80000.02688044427,80000.02688044427,80000.02688044427,80000.02688044427,0,1
1370170020000,1370170079999,80000.02688044427,80000.02688044427,80000.02688044427,80000.02688044427,0,1
1370170080000,1370170139999,80000.02688044427,80000.02688044427,80000.02688044427,80000.02688044427,0,1
1370170140000,1370170199999,80000.02688044427,80000.02688044427,80000.02688044427,80000.02688044427,0,1
1370170200000,1370170259999,80000.02688044427,80000.02688044427,80000.02688044427,80000.02688044427,0,1
1370170260000,1370170319999,80000.02688044427,80000.02688044427,80000.02688044427,80000.02688044427,0,1
1370170320000,1370170379999,80000.02688044427,80000.02688044427,80000.02688044427,80000.02688044427,0,1
1370170380000,1370170439999,80000.02688044427,80000.02688044427,80000.02688044427,80000.02688044427,0,1
1370170440000,1370170499999,80000.02688044427,80000.02688044427,80000.02688044427,80000.02688044427,0,1
1370170500000,1370170559999,80000.02688044427,80000.02688044427,80000.02688044427,80000.02688044427,0,1
1370170560000,1370170619999,80000.02688044427,80000.02688044427,80000.02688044427,80000.02688044427,0,1
1370170620000,1370170679999,80000.02688044427,80000.02688044427,80000.02688044427,80000.02688044427,0,1
1370170680000,1370170739999,80000.02688044427,80000.02688044427,80000.02688044427,80000.02688044427,0,1
1370170740000,1370170799999,80000.02688044427,80000.02688044427,80000.02688044427,80000.02688044427,0,1
1370170800000,1370170859999,80000.02688044427,80000.02688044427,80000.02688044427,80000.02688044427,0,1
1370170860000,1370170919999,80000.02688044427,80000.02688044427,80000.02688044427,80000.02688044427,0,1
1370170920000,1370170979999,80000.02688044427,80000.02688044427,80000.02688044427,80000.02688044427,0,1
1370170980000,1370171039999,80000.02688044427,80000.02688044427,80000.02688044427,80000.02688044427,0,1
1370171040000,1370171099999,80000.02688044427,80000.02688044427,80000.02688044427,80000.02688044427,0,1
1370171100000,1370171159999,80000.02688044427,80000.02688044427,80000.02688044427,80000.02688044427,0,1
1370171160000,1370171219999,80000.02688044427,80000.02688044427,80000.02688044427,80000.02688044427,0,1
1370171220000,1370171279999,80000.02688044427,80000.02688044427,80000.02688044427,80000.02688044427,0,1
1370171280000,1370171339999,80000.02688044427,80000.02688044427,80000.02688044427,80000.02688044427,0,1
1370171340000,1370171399999,80000.02688044427,80000.02688044427,80000.02688044427,80000.02688044427,0,1
1370171400000,1370171459999,80000.02688044427,80000.02688044427,80000.02688044427,80000.02688044427,0,1
1370171460000,1370171519999,80000.02688044427,80000.02688044427,80000.02688044427,80000.02688044427,0,1
1370171520000,1370171579999,80000.02688044427,80000.02688044427,80000.02688044427,80000.02688044427,0,1
1370171580000,1370171639999,80000.02688044427,80000.02688044427,80000.02688044427,80000.02688044427,0,1
1370171640000,1370171699999,80000.02688044427,80000.02688044427,80000.02688044427,80000.02688044427,0,1
1370171700000,1370171759999,80000.02688044427,80000.02688044427,80000.02688044427,80000.02688044427,0,1
1370171760000,1370171819999,80000.02688044427,80000.02688044427,80000.02688044427,80000.02688044427,0,1
1370171820000,1370171879999,80000.02688044427,80000.02688044427,80000.02688044427,80000.02688044427,0,1
1370171880000,1370171939999,80000.02688044427,80000.02688044427,80000.02688044427,80000.02688044427,0,1
1370171940000,1370171999999,80000.02688044427,80000.02688044427,80000.02688044427,80000.02688044427,0,1
1370172000000,1370172059999,80000.02688044427,80000.02688044427,80000.02688044427,80000.02688044427,0,1
1370172060000,1370172119999,80000.02688044427,80000.02688044427,80000.02688044427,80000.02688044427,0,1
1370172120000,1370172179999,80000.02688044427,80000.02688044427,80000.02688044427,80000.02688044427,0,1
1370172180000,1370172239999,80000.02688044427,80000.02688044427,80000.02688044427,80000.02688044427,0,1
1370172240000,1370172299999,80000.02688044427,80000.02688044427,80000.02688044427,80000.02688044427,0,1
1370172300000,1370172359999,80000.02688044427,80000.02688044427,80000.02688044427,80000.02688044427,0,1
1370172360000,1370172419999,80000.02688044427,80000.02688044427,80000.02688044427,80000.02688044427,0,1
1370172420000,1370172479999,80000.02688044427,80000.02688044427,80000.02688044427,80000.02688044427,0,1
1370172480000,1370172539999,80000.02688044427,80000.02688044427,80000.02688044427,80000.02688044427,0,1
1370172540000,1370172599999,80000.02688044427,80000.02688044427,80000.02688044427,80000.02688044427,0,1
1370172600000,1370172659999,80000.02688044427,80000.02688044427,80000.02688044427,80000.02688044427,0,1
1370172660000,1370172719999,80000.02688044427,80000.02688044427,80000.02688044427,80000.02688044427,0,1
1370172720000,1370172779999,80000.02688044427,80000.02688044427,80000.02688044427,80000.02688044427,0,1
1370172780000,1370172839999,80000.02688044427,80000.02688044427,80000.02688044427,80000.02688044427,0,1
1370172840000,1370172899999,80000.02688044427,80000.02688044427,80000.02688044427,80000.02688044427,0,1
1370172900000,1370172959999,80000.02688044427,80000.02688044427,80000.02688044427,80000.02688044427,0,1
1370172960000,1370173019999,80000.02688044427,80000.02688044427,80000.02688044427,80000.02688044427,0,1
1370173020000,1370173079999,80000.02688044427,80000.02688044427,80000.02688044427,80000.02688044427,0,1
1370173080000,1370173139999,80000.02688044427,80000.02688044427,80000.02688044427,80000.02688044427,0,1
1370173140000,1370173199999,80000.02688044427,80000.02688044427,80000.02688044427,80000.02688044427,0,1
1370173200000,1370173259999,80000.02688044427,80000.02688044427,80000.02688044427,80000.02688044427,0,1
1370173260000,1370173319999,80000.02688044427,80000.02688044427,80000.02688044427,80000.02688044427,0,1
1370173320000,1370173379999,80000.02688044427,80000.02688044427,80000.02688044427,80000.02688044427,0,1
1370173380000,1370173439999,80000.02688044427,80000.02688044427,80000.02688044427,80000.02688044427,0,1
1370173440000,1370173499999,80000.02688044427,80000.02688044427,80000.02688044427,80000.02688044427,0,1
1370173500000,1370173559999,80000.02688044427,80000.02688044427,80000.02688044427,80000.02688044427,0,1
1370173560000,1370173619999,80000.02688044427,80000.02688044427,80000.02688044427,80000.02688044427,0,1
1370173620000,1370173679999,80000.02688044427,80000.02688044427,80000.02688044427,80000.02688044427,0,1
1370173680000,1370173739999,80000.02688044427,80000.02688044427,80000.02688044427,80000.02688044427,0,1
1370173740000,1370173799999,80000.02688044427,80000.02688044427,80000.02688044427,80000.02688044427,0,1
1370173800000,1370173859999,80000.02688044427,80000.02688044427,80000.02688044427,80000.02688044427,0,1
1370173860000,1370173919999,80000.02688044427,80000.02688044427,80000.02688044427,80000.02688044427,0,1
1370173920000,1370173979999,80000.02688044427,80000.02688044427,80000.02688044427,80000.02688044427,0,1
1370173980000,1370174039999,80000.02688044427,80000.02688044427,80000.02688044427,80000.02688044427,0,1
1370174040000,1370174099999,80000.02688044427,80000.02688044427,80000.02688044427,80000.02688044427,0,1
1370174100000,1370174159999,80000.02688044427,80000.02688044427,80000.02688044427,80000.02688044427,0,1
1370174160000,1370174219999,80000.02688044427,80000.02688044427,80000.02688044427,80000.02688044427,0,1
1370174220000,1370174279999,80000.02688044427,80000.02688044427,80000.02688044427,80000.02688044427,0,1
1370174280000,1370174339999,80000.02688044427,80000.02688044427,80000.02688044427,80000.02688044427,0,1
1370174340000,1370174399999,80000.02688044427,80000.02688044427,80000.02688044427,80000.02688044427,0,1
1370174400000,1370174459999,80000.02688044427,80000.02688044427,80000.02688044427,80000.02688044427,0,1
1370174460000,1370174519999,80000.02688044427,80000.02688044427,80000.02688044427,80000.02688044427,0,1
1370174520000,1370174579999,80000.02688044427,80000.02688044427,80000.02688044427,80000.02688044427,0,1
1370174580000,1370174639999,80000.02688044427,80000.02688044427,80000.02688044427,80000.02688044427,0,1
1370174640000,1370174699999,80000.02688044427,80000.02688044427,80000.02688044427,80000.02688044427,0,1
1370174700000,1370174759999,80000.02688044427,80000.02688044427,80000.02688044427,80000.02688044427,0,1
1370174760000,1370174819999,80000.02688044427,80000.02688044427,80000.02688044427,80000.02688044427,0,1
1370174820000,1370174879999,80000.02688044427,80000.02688044427,80000.02688044427,80000.02688044427,0,1
1370174880000,1370174939999,80000.02688044427,80000.02688044427,80000.02688044427,80000.02688044427,0,1
1370174940000,1370174999999,80000.02688044427,80000.02688044427,80000.02688044427,80000.02688044427,0,1
1370175000000,1370175059999,80000.02688044427,80000.02688044427,80000.02688044427,80000.02688044427,0,1
1370175060000,1370175119999,80000.02688044427,80000.02688044427,80000.02688044427,80000.02688044427,0,1
1370175120000,1370175179999,80000.02688044427,80000.02688044427,80000.02688044427,80000.02688044427,0,1
1370175180000,1370175239999,80000.02688044427,80000.02688044427,80000.02688044427,80000.02688044427,0,1
1370175240000,1370175299999,80000.02688044427,80000.02688044427,80000.02688044427,80000.02688044427,0,1
1370175300000,1370175359999,80000.02688044427,80000.02688044427,80000.02688044427,80000.02688044427,0,1
1370175360000,1370175419999,80000.02688044427,80000.02688044427,80000.02688044427,80000.02688044427,0,1
1370175420000,1370175479999,80000.02688044427,80000.02688044427,80000.02688044427,80000.02688044427,0,1
1370175480000,1370175539999,80000.02688044427,80000.02688044427,80000.02688044427,80000.02688044427,0,1
1370175540000,1370175599999,80000.02688044427,80000.02688044427,80000.02688044427,80000.02688044427,0,1
1370175600000,1370175659999,80000.02688044427,80000.02688044427,80000.02688044427,80000.02688044427,0,1
1370175660000,1370175719999,80000.02688044427,80000.02688044427,80000.02688044427,80000.02688044427,0,1
1370175720000,1370175779999,80000.02688044427,80000.02688044427,80000.02688044427,80000.02688044427,0,1
1370175780000,1370175839999,80000.02688044427,80000.02688044427,80000.02688044427,80000.02688044427,0,1
1370175840000,1370175899999,80000.02688044427,80000.02688044427,80000.02688044427,80000.02688044427,0,1
1370175900000,1370175959999,80000.02688044427,80000.02688044427,80000.02688044427,80000.02688044427,0,1
1370175960000,1370176019999,80000.02688044427,80000.02688044427,80000.02688044427,80000.02688044427,0,1
1370176020000,1370176079999,80000.02688044427,80000.02688044427,80000.02688044427,80000.02688044427,0,1
1370176080000,1370176139999,80000.02688044427,80000.02688044427,80000.02688044427,80000.02688044427,0,1
1370176140000,1370176199999,80000.02688044427,80000.02688044427,80000.02688044427,80000.02688044427,0,1
1370176200000,1370176259999,80000.02688044427,80000.02688044427,80000.02688044427,80000.02688044427,0,1
1370176260000,1370176319999,80000.02688044427,80000.02688044427,80000.02688044427,80000.02688044427,0,1
1370176320000,1370176379999,80000.02688044427,80000.02688044427,80000.02688044427,80000.02688044427,0,1
1370176380000,1370176439999,80000.02688044427,80000.02688044427,80000.02688044427,80000.02688044427,0,1
1370176440000,1370176499999,80000.02688044427,80000.02688044427,80000.02688044427,80000.02688044427,0,1
1370176500000,1370176559999,80000.02688044427,80000.02688044427,80000.02688044427,80000.02688044427,0,1
1370176560000,1370176619999,80000.02688044427,80000.02688044427,80000.02688044427,80000.02688044427,0,1
1370176620000,1370176679999,80000.02688044427,80000.02688044427,80000.02688044427,80000.02688044427,0,1
1370176680000,1370176739999,80000.02688044427,80000.02688044427,80000.02688044427,80000.02688044427,0,1
1370176740000,1370176799999,80000.02688044427,80000.02688044427,80000.02688044427,80000.02688044427,0,1
1370176800000,1370176859999,80000.02688044427,80000.02688044427,80000.02688044427,80000.02688044427,0,1
1370176860000,1370176919999,80000.02688044427,80000.02688044427,80000.02688044427,80000.02688044427,0,1
1370176920000,1370176979999,80000.02688044427,80000.02688044427,80000.02688044427,80000.02688044427,0,1
1370176980000,1370177039999,80000.02688044427,80000.02688044427,80000.02688044427,80000.02688044427,0,1
1370177040000,1370177099999,80000.02688044427,80000.02688044427,80000.02688044427,80000.02688044427,0,1
1370177100000,1370177159999,80000.02688044427,80000.02688044427,80000.02688044427,80000.02688044427,0,1
1370177160000,1370177219999,80000.02688044427,80000.02688044427,80000.02688044427,80000.02688044427,0,1
1370177220000,1370177279999,80000.02688044427,80000.02688044427,80000.02688044427,80000.02688044427,0,1
1370177280000,1370177339999,80000.02688044427,80000.02688044427,80000.02688044427,80000.02688044427,0,1
1370177340000,1370177399999,80000.02688044427,80000.02688044427,80000.02688044427,80000.02688044427,0,1
1370177400000,1370177459999,80000.02688044427,80000.02688044427,80000.02688044427,80000.02688044427,0,1
1370177460000,1370177519999,80000.02688044427,80000.02688044427,80000.02688044427,80000.02688044427,0,1
1370177520000,1370177579999,80000.02688044427,80000.02688044427,80000.02688044427,80000.02688044427,0,1
1370177580000,1370177639999,80000.02688044427,80000.02688044427,80000.02688044427,80000.02688044427,0,1
1370177640000,1370177699999,80000.02688044427,80000.02688044427,80000.02688044427,80000.02688044427,0,1
1370177700000,1370177759999,80000.02688044427,80000.02688044427,80000.02688044427,80000.02688044427,0,1
1370177760000,1370177819999,80000.02688044427,80000.02688044427,80000.02688044427,80000.02688044427,0,1
1370177820000,1370177879999,80000.02688044427,80000.02688044427,80000.02688044427,80000.02688044427,0,1
1370177880000,1370177939999,80000.02688044427,80000.02688044427,80000.02688044427,80000.02688044427,0,1
1370177940000,1370177999999,80000.02688044427,80000.02688044427,80000.02688044427,80000.02688044427,0,1
1370178000000,1370178059999,80000.02688044427,80000.02688044427,80000.02688044427,80000.02688044427,0,1
1370178060000,1370178119999,80000.02688044427,80000.02688044427,80000.02688044427,80000.02688044427,0,1
1370178120000,1370178179999,80000.02688044427,80000.02688044427,80000.02688044427,80000.02688044427,0,1
1370178180000,1370178239999,80000.02688044427,80000.02688044427,80000.02688044427,80000.02688044427,0,1
1370178240000,1370178299999,80000.02688044427,80000.02688044427,80000.02688044427,80000.02688044427,0,1
1370178300000,1370178359999,80000.02688044427,80000.02688044427,80000.02688044427,80000.02688044427,0,1
1370178360000,1370178419999,80000.02688044427,80000.02688044427,80000.02688044427,80000.02688044427,0,1
1370178420000,1370178479999,80000.02688044427,80000.02688044427,80000.02688044427,80000.02688044427,0,1
1370178480000,1370178539999,80000.02688044427,80000.02688044427,80000.02688044427,80000.02688044427,0,1
1370178540000,1370178599999,80000.02688044427,80000.02688044427,80000.02688044427,80000.02688044427,0,1
1370178600000,1370178659999,80000.02688044427,80000.02688044427,80000.02688044427,80000.02688044427,0,1
1370178660000,1370178719999,80000.02688044427,80000.02688044427,80000.02688044427,80000.02688044427,0,1
1370178720000,1370178779999,80000.02688044427,80000.02688044427,80000.02688044427,80000.02688044427,0,1
1370178780000,1370178839999,80000.02688044427,80000.02688044427,80000.02688044427,80000.02688044427,0,1
1370178840000,1370178899999,80000.02688044427,80000.02688044427,80000.02688044427,80000.02688044427,0,1
1370178900000,1370178959999,80000.02688044427,80000.02688044427,80000.02688044427,80000.02688044427,0,1
1370178960000,1370179019999,80000.02688044427,80000.02688044427,80000.02688044427,80000.02688044427,0,1
1370179020000,1370179079999,80000.02688044427,80000.02688044427,80000.02688044427,80000.02688044427,0,1
1370179080000,1370179139999,80000.02688044427,80000.02688044427,80000.02688044427,80000.02688044427,0,1
1370179140000,1370179199999,80000.02688044427,80000.02688044427,80000.02688044427,80000.02688044427,0,1
1370179200000,1370179259999,80000.02688044427,80000.02688044427,80000.02688044427,80000.02688044427,0,1
1370179260000,1370179319999,80000.02688044427,80000.02688044427,80000.02688044427,80000.02688044427,0,1
1370179320000,1370179379999,80000.02688044427,80000.02688044427,80000.02688044427,80000.02688044427,0,1
1370179380000,1370179439999,80000.02688044427,80000.02688044427,80000.02688044427,80000.02688044427,0,1
1370179440000,1370179499999,80000.02688044427,80000.02688044427,80000.02688044427,80000.02688044427,0,1
1370179500000,1370179559999,80000.02688044427,80000.02688044427,80000.02688044427,80000.02688044427,0,1
1370179560000,1370179619999,80000.02688044427,80000.02688044427,80000.02688044427,80000.02688044427,0,1
1370179620000,1370179679999,80000.02688044427,80000.02688044427,80000.02688044427,80000.02688044427,0,1
1370179680000,1370179739999,80000.02688044427,80000.02688044427,80000.02688044427,80000.02688044427,0,1
1370179740000,1370179799999,80000.02688044427,80000.02688044427,80000.02688044427,80000.02688044427,0,1
1370179800000,1370179859999,80000.02688044427,80000.02688044427,80000.02688044427,80000.02688044427,0,1
1370179860000,1370179919999,80000.02688044427,80000.02688044427,80000.02688044427,80000.02688044427,0,1
1370179920000,1370179979999,80000.02688044427,80000.02688044427,80000.02688044427,80000.02688044427,0,1
1370179980000,1370180039999,80000.02688044427,80000.02688044427,80000.02688044427,80000.02688044427,0,1
1370180040000,1370180099999,80000.02688044427,80000.02688044427,80000.02688044427,80000.02688044427,0,1
1370180100000,1370180159999,80000.02688044427,80000.02688044427,80000.02688044427,80000.02688044427,0,1
1370180160000,1370180219999,80000.02688044427,80000.02688044427,80000.02688044427,80000.02688044427,0,1
1370180220000,1370180279999,80000.02688044427,80000.02688044427,80000.02688044427,80000.02688044427,0,1
1370180280000,1370180339999,80000.02688044427,80000.02688044427,80000.02688044427,80000.02688044427,0,1
1370180340000,1370180399999,80000.02688044427,80000.02688044427,80000.02688044427,80000.02688044427,0,1
1370180400000,1370180459999,80000.02688044427,80000.02688044427,80000.02688044427,80000.02688044427,0,1
1370180460000,1370180519999,80000.02688044427,80000.02688044427,80000.02688044427,80000.02688044427,0,1
1370180520000,1370180579999,80000.02688044427,80000.02688044427,80000.02688044427,80000.02688044427,0,1
1370180580000,1370180639999,80000.02688044427,80000.02688044427,80000.02688044427,80000.02688044427,0,1
1370180640000,1370180699999,80000.02688044427,80000.02688044427,80000.02688044427,80000.02688044427,0,1
1370180700000,1370180759999,80000.02688044427,80000.02688044427,80000.02688044427,80000.02688044427,0,1
1370180760000,1370180819999,80000.02688044427,80000.02688044427,80000.02688044427,80000.02688044427,0,1
1370180820000,1370180879999,80000.02688044427,80000.02688044427,80000.02688044427,80000.02688044427,0,1
1370180880000,1370180939999,80000.02688044427,80000.02688044427,80000.02688044427,80000.02688044427,0,1
1370180940000,1370180999999,80000.02688044427,80000.02688044427,80000.02688044427,80000.02688044427,0,1
1370181000000,1370181059999,80000.02688044427,80000.02688044427,80000.02688044427,80000.02688044427,0,1
1370181060000,1370181119999,80000.02688044427,80000.02688044427,80000.02688044427,80000.02688044427,0,1
1370181120000,1370181179999,80000.02688044427,80000.02688044427,80000.02688044427,80000.02688044427,0,1
1370181180000,1370181239999,80000.02688044427,80000.02688044427,80000.02688044427,80000.02688044427,0,1
1370181240000,1370181299999,80000.02688044427,80000.02688044427,80000.02688044427,80000.02688044427,0,1
1370181300000,1370181359999,80000.02688044427,80000.02688044427,80000.02688044427,80000.02688044427,0,1
1370181360000,1370181419999,80000.02688044427,80000.02688044427,80000.02688044427,80000.02688044427,0,1
1370181420000,1370181479999,80000.02688044427,80000.02688044427,80000.02688044427,80000.02688044427,0,1
1370181480000,1370181539999,80000.02688044427,80000.02688044427,80000.02688044427,80000.02688044427,0,1
1370181540000,1370181599999,80000.02688044427,80000.02688044427,80000.02688044427,80000.02688044427,0,1
1370181600000,1370181659999,80000.02688044427,80000.02688044427,80000.02688044427,80000.02688044427,0,1
1370181660000,1370181719999,80000.02688044427,80000.02688044427,80000.02688044427,80000.02688044427,0,1
1370181720000,1370181779999,80000.02688044427,80000.02688044427,80000.02688044427,80000.02688044427,0,1
1370181780000,1370181839999,80000.02688044427,80000.02688044427,80000.02688044427,80000.02688044427,0,1
1370181840000,1370181899999,80000.02688044427,80000.02688044427,80000.02688044427,80000.02688044427,0,1
1370181900000,1370181959999,80000.02688044427,80000.02688044427,80000.02688044427,80000.02688044427,0,1
1370181960000,1370182019999,80000.02688044427,80000.02688044427,80000.02688044427,80000.02688044427,0,1
1370182020000,1370182079999,80000.02688044427,80000.02688044427,80000.02688044427,80000.02688044427,0,1
1370182080000,1370182139999,80000.02688044427,80000.02688044427,80000.02688044427,80000.02688044427,0,1
1370182140000,1370182199999,80000.02688044427,80000.02688044427,80000.02688044427,80000.02688044427,0,1
1370182200000,1370182259999,80000.02688044427,80000.02688044427,80000.02688044427,80000.02688044427,0,1
1370182260000,1370182319999,80000.02688044427,80000.02688044427,80000.02688044427,80000.02688044427,0,1
1370182320000,1370182379999,80000.02688044427,80000.02688044427,80000.02688044427,80000.02688044427,0,1
1370182380000,1370182439999,80000.02688044427,80000.02688044427,80000.02688044427,80000.02688044427,0,1
1370182440000,1370182499999,80000.02688044427,80000.02688044427,80000.02688044427,80000.02688044427,0,1
1370182500000,1370182559999,80000.02688044427,80000.02688044427,80000.02688044427,80000.02688044427,0,1
1370182560000,1370182619999,80000.02688044427,80000.02688044427,80000.02688044427,80000.02688044427,0,1
1370182620000,1370182679999,80000.02688044427,80000.02688044427,80000.02688044427,80000.02688044427,0,1
1370182680000,1370182739999,80000.02688044427,80000.02688044427,80000.02688044427,80000.02688044427,0,1
1370182740000,1370182799999,80000.02688044427,80000.02688044427,80000.02688044427,80000.02688044427,0,1
1370182800000,1370182859999,80000.02688044427,80000.02688044427,80000.02688044427,80000.02688044427,0,1
1370182860000,1370182919999,80000.02688044427,80000.02688044427,80000.02688044427,80000.02688044427,0,1
1370182920000,1370182979999,80000.02688044427,80000.02688044427,80000.02688044427,80000.02688044427,0,1
1370182980000,1370183039999,80000.02688044427,80000.02688044427,80000.02688044427,80000.02688044427,0,1
1370183040000,1370183099999,80000.02688044427,80000.02688044427,80000.02688044427,80000.02688044427,0,1
1370183100000,1370183159999,80000.02688044427,80000.02688044427,80000.02688044427,80000.02688044427,0,1
1370183160000,1370183219999,80000.02688044427,80000.02688044427,80000.02688044427,80000.02688044427,0,1
1370183220000,1370183279999,80000.02688044427,80000.02688044427,80000.02688044427,80000.02688044427,0,1
1370183280000,1370183339999,80000.02688044427,80000.02688044427,80000.02688044427,80000.02688044427,0,1
1370183340000,1370183399999,80000.02688044427,80000.02688044427,80000.02688044427,80000.02688044427,0,1
1370183400000,1370183459999,80000.02688044427,80000.02688044427,80000.02688044427,80000.02688044427,0,1
1370183460000,1370183519999,80000.02688044427,80000.02688044427,80000.02688044427,80000.02688044427,0,1
1370183520000,1370183579999,80000.02688044427,80000.02688044427,80000.02688044427,80000.02688044427,0,1
1370183580000,1370183639999,80000.02688044427,80000.02688044427,80000.02688044427,80000.02688044427,0,1
1370183640000,1370183699999,80000.02688044427,80000.02688044427,80000.02688044427,80000.02688044427,0,1
1370183700000,1370183759999,80000.02688044427,80000.02688044427,80000.02688044427,80000.02688044427,0,1
1370183760000,1370183819999,80000.02688044427,80000.02688044427,80000.02688044427,80000.02688044427,0,1
1370183820000,1370183879999,80000.02688044427,80000.02688044427,80000.02688044427,80000.02688044427,0,1
1370183880000,1370183939999,80000.02688044427,80000.02688044427,80000.02688044427,80000.02688044427,0,1
1370183940000,1370183999999,80000.02688044427,80000.02688044427,80000.02688044427,80000.02688044427,0,1
1370184000000,1370184059999,80000.02688044427,80000.02688044427,80000.02688044427,80000.02688044427,0,1
1370184060000,1370184119999,80000.02688044427,80000.02688044427,80000.02688044427,80000.02688044427,0,1
1370184120000,1370184179999,80000.02688044427,80000.02688044427,80000.02688044427,80000.02688044427,0,1
1370184180000,1370184239999,80000.02688044427,80000.02688044427,80000.02688044427,80000.02688044427,0,1
1370184240000,1370184299999,80000.02688044427,80000.02688044427,80000.02688044427,80000.02688044427,0,1
1370184300000,1370184359999,80000.02688044427,80000.02688044427,80000.02688044427,80000.02688044427,0,1
1370184360000,1370184419999,80000.02688044427,80000.02688044427,80000.02688044427,80000.02688044427,0,1
1370184420000,1370184479999,80000.02688044427,80000.02688044427,80000.02688044427,80000.02688044427,0,1
1370184480000,1370184539999,80000.02688044427,80000.02688044427,80000.02688044427,80000.02688044427,0,1
1370184540000,1370184599999,80000.02688044427,80000.02688044427,80000.02688044427,80000.02688044427,0,1
1370184600000,1370184659999,80000.02688044427,80000.02688044427,80000.02688044427,80000.02688044427,0,1
1370184660000,1370184719999,80000.02688044427,80000.02688044427,80000.02688044427,80000.02688044427,0,1
1370184720000,1370184779999,80000.02688044427,80000.02688044427,80000.02688044427,80000.02688044427,0,1
1370184780000,1370184839999,80000.02688044427,80000.02688044427,80000.02688044427,80000.02688044427,0,1
1370184840000,1370184899999,80000.02688044427,80000.02688044427,80000.02688044427,80000.02688044427,0,1
1370184900000,1370184959999,80000.02688044427,80000.02688044427,80000.02688044427,80000.02688044427,0,1
1370184960000,1370185019999,80000.02688044427,80000.02688044427,80000.02688044427,80000.02688044427,0,1
1370185020000,1370185079999,80000.02688044427,80000.02688044427,80000.02688044427,80000.02688044427,0,1
1370185080000,1370185139999,80000.02688044427,80000.02688044427,80000.02688044427,80000.02688044427,0,1
1370185140000,1370185199999,80000.02688044427,80000.02688044427,80000.02688044427,80000.02688044427,0,1
1370185200000,1370185259999,80000.02688044427,80000.02688044427,80000.02688044427,80000.02688044427,0,1
1370185260000,1370185319999,80000.02688044427,80000.02688044427,80000.02688044427,80000.02688044427,0,1
1370185320000,1370185379999,80000.02688044427,80000.02688044427,80000.02688044427,80000.02688044427,0,1
1370185380000,1370185439999,80000.02688044427,80000.02688044427,80000.02688044427,80000.02688044427,0,1
1370185440000,1370185499999,80000.02688044427,80000.02688044427,80000.02688044427,80000.02688044427,0,1
1370185500000,1370185559999,80000.02688044427,80000.02688044427,80000.02688044427,80000.02688044427,0,1
1370185560000,1370185619999,80000.02688044427,80000.02688044427,80000.02688044427,80000.02688044427,0,1
1370185620000,1370185679999,80000.02688044427,80000.02688044427,80000.02688044427,80000.02688044427,0,1
1370185680000,1370185739999,80000.02688044427,80000.02688044427,80000.02688044427,80000.02688044427,0,1
1370185740000,1370185799999,80000.02688044427,80000.02688044427,80000.02688044427,80000.02688044427,0,1
1370185800000,1370185859999,80000.02688044427,80000.02688044427,80000.02688044427,80000.02688044427,0,1
1370185860000,1370185919999,80000.02688044427,80000.02688044427,80000.02688044427,80000.02688044427,0,1
1370185920000,1370185979999,80000.02688044427,80000.02688044427,80000.02688044427,80000.02688044427,0,1
1370185980000,1370186039999,80000.02688044427,80000.02688044427,80000.02688044427,80000.02688044427,0,1
1370186040000,1370186099999,80000.02688044427,80000.02688044427,80000.02688044427,80000.02688044427,0,1
1370186100000,1370186159999,80000.02688044427,80000.02688044427,80000.02688044427,80000.02688044427,0,1
1370186160000,1370186219999,80000.02688044427,80000.02688044427,80000.02688044427,80000.02688044427,0,1
1370186220000,1370186279999,80000.02688044427,80000.02688044427,80000.02688044427,80000.02688044427,0,1
1370186280000,1370186339999,80000.02688044427,80000.02688044427,80000.02688044427,80000.02688044427,0,1
1370186340000,1370186399999,80000.02688044427,80000.02688044427,80000.02688044427,80000.02688044427,0,1
1370186400000,1370186459999,80000.02688044427,80000.02688044427,80000.02688044427,80000.02688044427,0,1
1370186460000,1370186519999,80000.02688044427,80000.02688044427,80000.02688044427,80000.02688044427,0,1
1370186520000,1370186579999,80000.02688044427,80000.02688044427,80000.02688044427,80000.02688044427,0,1
1370186580000,1370186639999,80000.02688044427,80000.02688044427,80000.02688044427,80000.02688044427,0,1
1370186640000,1370186699999,80000.02688044427,80000.02688044427,80000.02688044427,80000.02688044427,0,1
1370186700000,1370186759999,80000.02688044427,80000.02688044427,80000.02688044427,80000.02688044427,0,1
1370186760000,1370186819999,80000.02688044427,80000.02688044427,80000.02688044427,80000.02688044427,0,1
1370186820000,1370186879999,80000.02688044427,80000.02688044427,80000.02688044427,80000.02688044427,0,1
1370186880000,1370186939999,80000.02688044427,80000.02688044427,80000.02688044427,80000.02688044427,0,1
1370186940000,1370186999999,80000.02688044427,80000.02688044427,80000.02688044427,80000.02688044427,0,1
1370187000000,1370187059999,80000.02688044427,80000.02688044427,80000.02688044427,80000.02688044427,0,1
1370187060000,1370187119999,80000.02688044427,80000.02688044427,80000.02688044427,80000.02688044427,0,1
1370187120000,1370187179999,80000.02688044427,80000.02688044427,80000.02688044427,80000.02688044427,0,1
1370187180000,1370187239999,80000.02688044427,80000.02688044427,80000.02688044427,80000.02688044427,0,1
1370187240000,1370187299999,80000.02688044427,80000.02688044427,80000.02688044427,80000.02688044427,0,1
1370187300000,1370187359999,80000.02688044427,80000.02688044427,80000.02688044427,80000.02688044427,0,1
1370187360000,1370187419999,80000.02688044427,80000.02688044427,80000.02688044427,80000.02688044427,0,1
1370187420000,1370187479999,80000.02688044427,80000.02688044427,80000.02688044427,80000.02688044427,0,1
1370187480000,1370187539999,80000.02688044427,80000.02688044427,80000.02688044427,80000.02688044427,0,1
1370187540000,1370187599999,80000.02688044427,80000.02688044427,80000.02688044427,80000.02688044427,0,1
1370187600000,1370187659999,80000.02688044427,80000.02688044427,80000.02688044427,80000.02688044427,0,1
1370187660000,1370187719999,80000.02688044427,80000.02688044427,80000.02688044427,80000.02688044427,0,1
1370187720000,1370187779999,80000.02688044427,80000.02688044427,80000.02688044427,80000.02688044427,0,1
1370187780000,1370187839999,80000.02688044427,80000.02688044427,80000.02688044427,80000.02688044427,0,1
1370187840000,1370187899999,80000.02688044427,80000.02688044427,80000.02688044427,80000.02688044427,0,1
1370187900000,1370187959999,80000.02688044427,80000.02688044427,80000.02688044427,80000.02688044427,0,1
1370187960000,1370188019999,80000.02688044427,80000.02688044427,80000.02688044427,80000.02688044427,0,1
1370188020000,1370188079999,80000.02688044427,80000.02688044427,80000.02688044427,80000.02688044427,0,1
1370188080000,1370188139999,80000.02688044427,80000.02688044427,80000.02688044427,80000.02688044427,0,1
1370188140000,1370188199999,80000.02688044427,80000.02688044427,80000.02688044427,80000.02688044427,0,1
1370188200000,1370188259999,80000.02688044427,80000.02688044427,80000.02688044427,80000.02688044427,0,1
1370188260000,1370188319999,80000.02688044427,80000.02688044427,80000.02688044427,80000.02688044427,0,1
1370188320000,1370188379999,80000.02688044427,80000.02688044427,80000.02688044427,80000.02688044427,0,1
1370188380000,1370188439999,80000.02688044427,80000.02688044427,80000.02688044427,80000.02688044427,0,1
1370188440000,1370188499999,80000.02688044427,80000.02688044427,80000.02688044427,80000.02688044427,0,1
1370188500000,1370188559999,80000.02688044427,80000.02688044427,80000.02688044427,80000.02688044427,0,1
1370188560000,1370188619999,80000.02688044427,80000.02688044427,80000.02688044427,80000.02688044427,0,1
1370188620000,1370188679999,80000.02688044427,80000.02688044427,80000.02688044427,80000.02688044427,0,1
1370188680000,1370188739999,80000.02688044427,80000.02688044427,80000.02688044427,80000.02688044427,0,1
1370188740000,1370188799999,80000.02688044427,80000.02688044427,80000.02688044427,80000.02688044427,0,1
1370188800000,1370188859999,80000.02688044427,80000.02688044427,80000.02688044427,80000.02688044427,0,1
1370188860000,1370188919999,80000.02688044427,80000.02688044427,80000.02688044427,80000.02688044427,0,1
1370188920000,1370188979999,80000.02688044427,80000.02688044427,80000.02688044427,80000.02688044427,0,1
1370188980000,1370189039999,80000.02688044427,80000.02688044427,80000.02688044427,80000.02688044427,0,1
1370189040000,1370189099999,80000.02688044427,80000.02688044427,80000.02688044427,80000.02688044427,0,1
1370189100000,1370189159999,80000.02688044427,80000.02688044427,80000.02688044427,80000.02688044427,0,1
1370189160000,1370189219999,80000.02688044427,80000.02688044427,80000.02688044427,80000.02688044427,0,1
1370189220000,1370189279999,80000.02688044427,80000.02688044427,80000.02688044427,80000.02688044427,0,1
1370189280000,1370189339999,80000.02688044427,80000.02688044427,80000.02688044427,80000.02688044427,0,1
1370189340000,1370189399999,80000.02688044427,80000.02688044427,80000.02688044427,80000.02688044427,0,1
1370189400000,1370189459999,80000.02688044427,80000.02688044427,80000.02688044427,80000.02688044427,0,1
1370189460000,1370189519999,80000.02688044427,80000.02688044427,80000.02688044427,80000.02688044427,0,1
1370189520000,1370189579999,80000.02688044427,80000.02688044427,80000.02688044427,80000.02688044427,0,1
1370189580000,1370189639999,80000.02688044427,80000.02688044427,80000.02688044427,80000.02688044427,0,1
1370189640000,1370189699999,80000.02688044427,80000.02688044427,80000.02688044427,80000.02688044427,0,1
1370189700000,1370189759999,80000.02688044427,80000.02688044427,80000.02688044427,80000.02688044427,0,1
1370189760000,1370189819999,80000.02688044427,80000.02688044427,80000.02688044427,80000.02688044427,0,1
1370189820000,1370189879999,80000.02688044427,80000.02688044427,80000.02688044427,80000.02688044427,0,1
1370189880000,1370189939999,80000.02688044427,80000.02688044427,80000.02688044427,80000.02688044427,0,1
1370189940000,1370189999999,80000.02688044427,80000.02688044427,80000.02688044427,80000.02688044427,0,1
1370190000000,1370190059999,80000.02688044427,80000.02688044427,80000.02688044427,80000.02688044427,0,1
1370190060000,1370190119999,80000.02688044427,80000.02688044427,80000.02688044427,80000.02688044427,0,1
1370190120000,1370190179999,80000.02688044427,80000.02688044427,80000.02688044427,80000.02688044427,0,1
1370190180000,1370190239999,80000.02688044427,80000.02688044427,80000.02688044427,80000.02688044427,0,1
1370190240000,1370190299999,80000.02688044427,80000.02688044427,80000.02688044427,80000.02688044427,0,1
1370190300000,1370190359999,80000.02688044427,80000.02688044427,80000.02688044427,80000.02688044427,0,1
1370190360000,1370190419999,80000.02688044427,80000.02688044427,80000.02688044427,80000.02688044427,0,1
1370190420000,1370190479999,80000.02688044427,80000.02688044427,80000.02688044427,80000.02688044427,0,1
1370190480000,1370190539999,80000.02688044427,80000.02688044427,80000.02688044427,80000.02688044427,0,1
1370190540000,1370190599999,80000.02688044427,80000.02688044427,80000.02688044427,80000.02688044427,0,1
1370190600000,1370190659999,80000.02688044427,80000.02688044427,80000.02688044427,80000.02688044427,0,1
1370190660000,1370190719999,80000.02688044427,80000.02688044427,80000.02688044427,80000.02688044427,0,1
1370190720000,1370190779999,80000.02688044427,80000.02688044427,80000.02688044427,80000.02688044427,0,1
1370190780000,1370190839999,80000.02688044427,80000.02688044427,80000.02688044427,80000.02688044427,0,1
1370190840000,1370190899999,80000.02688044427,80000.02688044427,80000.02688044427,80000.02688044427,0,1
1370190900000,1370190959999,80000.02688044427,80000.02688044427,80000.02688044427,80000.02688044427,0,1
1370190960000,1370191019999,80000.02688044427,80000.02688044427,80000.02688044427,80000.02688044427,0,1
1370191020000,1370191079999,80000.02688044427,80000.02688044427,80000.02688044427,80000.02688044427,0,1
1370191080000,1370191139999,80000.02688044427,80000.02688044427,80000.02688044427,80000.02688044427,0,1
1370191140000,1370191199999,80000.02688044427,80000.02688044427,80000.02688044427,80000.02688044427,0,1
1370191200000,1370191259999,80000.02688044427,80000.02688044427,80000.02688044427,80000.02688044427,0,1
1370191260000,1370191319999,80000.02688044427,80000.02688044427,80000.02688044427,80000.02688044427,0,1
1370191320000,1370191379999,80000.02688044427,80000.02688044427,80000.02688044427,80000.02688044427,0,1
1370191380000,1370191439999,80000.02688044427,80000.02688044427,80000.02688044427,80000.02688044427,0,1
1370191440000,1370191499999,80000.02688044427,80000.02688044427,80000.02688044427,80000.02688044427,0,1
1370191500000,1370191559999,80000.02688044427,80000.02688044427,80000.02688044427,80000.02688044427,0,1
1370191560000,1370191619999,80000.02688044427,80000.02688044427,80000.02688044427,80000.02688044427,0,1
1370191620000,1370191679999,80000.02688044427,80000.02688044427,80000.02688044427,80000.02688044427,0,1
1370191680000,1370191739999,80000.02688044427,80000.02688044427,80000.02688044427,80000.02688044427,0,1
1370191740000,1370191799999,80000.02688044427,80000.02688044427,80000.02688044427,80000.02688044427,0,1
1370191800000,1370191859999,80000.02688044427,80000.02688044427,80000.02688044427,80000.02688044427,0,1
1370191860000,1370191919999,80000.02688044427,80000.02688044427,80000.02688044427,80000.02688044427,0,1
1370191920000,1370191979999,80000.02688044427,80000.02688044427,80000.02688044427,80000.02688044427,0,1
1370191980000,1370192039999,80000.02688044427,80000.02688044427,80000.02688044427,80000.02688044427,0,1
1370192040000,1370192099999,80000.02688044427,80000.02688044427,80000.02688044427,80000.02688044427,0,1
1370192100000,1370192159999,80000.02688044427,80000.02688044427,80000.02688044427,80000.02688044427,0,1
1370192160000,1370192219999,80000.02688044427,80000.02688044427,80000.02688044427,80000.02688044427,0,1
1370192220000,1370192279999,80000.02688044427,80000.02688044427,80000.02688044427,80000.02688044427,0,1
1370192280000,1370192339999,80000.02688044427,80000.02688044427,80000.02688044427,80000.02688044427,0,1
1370192340000,1370192399999,80000.02688044427,80000.02688044427,80000.02688044427,80000.02688044427,0,1
1370192400000,1370192459999,80000.02688044427,80000.02688044427,80000.02688044427,80000.02688044427,0,1
1370192460000,1370192519999,80000.02688044427,80000.02688044427,80000.02688044427,80000.02688044427,0,1
1370192520000,1370192579999,80000.02688044427,80000.02688044427,80000.02688044427,80000.02688044427,0,1
1370192580000,1370192639999,80000.02688044427,80000.02688044427,80000.02688044427,80000.02688044427,0,1
1370192640000,1370192699999,80000.02688044427,80000.02688044427,80000.02688044427,80000.02688044427,0,1
1370192700000,1370192759999,80000.02688044427,80000.02688044427,80000.02688044427,80000.02688044427,0,1
1370192760000,1370192819999,80000.02688044427,80000.02688044427,80000.02688044427,80000.02688044427,0,1
1370192820000,1370192879999,80000.02688044427,80000.02688044427,80000.02688044427,80000.02688044427,0,1
1370192880000,1370192939999,80000.02688044427,80000.02688044427,80000.02688044427,80000.02688044427,0,1
1370192940000,1370192999999,80000.02688044427,80000.02688044427,80000.02688044427,80000.02688044427,0,1
1370193000000,1370193059999,80000.02688044427,80000.02688044427,80000.02688044427,80000.02688044427,0,1
1370193060000,1370193119999,80000.02688044427,80000.02688044427,80000.02688044427,80000.02688044427,0,1
1370193120000,1370193179999,80000.02688044427,80000.02688044427,80000.02688044427,80000.02688044427,0,1
1370193180000,1370193239999,80000.02688044427,80000.02688044427,80000.02688044427,80000.02688044427,0,1
1370193240000,1370193299999,80000.02688044427,80000.02688044427,80000.02688044427,80000.02688044427,0,1
1370193300000,1370193359999,80000.02688044427,80000.02688044427,80000.02688044427,80000.02688044427,0,1
1370193360000,1370193419999,80000.02688044427,80000.02688044427,80000.02688044427,80000.02688044427,0,1
1370193420000,1370193479999,80000.02688044427,80000.02688044427,80000.02688044427,80000.02688044427,0,1
1370193480000,1370193539999,80000.02688044427,80000.02688044427,80000.02688044427,80000.02688044427,0,1
1370193540000,1370193599999,80000.02688044427,80000.02688044427,80000.02688044427,80000.02688044427,0,1
1370193600000,1370193659999,80000.02688044427,80000.02688044427,80000.02688044427,80000.02688044427,0,1
1370193660000,1370193719999,80000.02688044427,80000.02688044427,80000.02688044427,80000.02688044427,0,1
1370193720000,1370193779999,80000.02688044427,80000.02688044427,80000.02688044427,80000.02688044427,0,1
1370193780000,1370193839999,80000.02688044427,80000.02688044427,80000.02688044427,80000.02688044427,0,1
1370193840000,1370193899999,80000.02688044427,80000.02688044427,80000.02688044427,80000.02688044427,0,1
1370193900000,1370193959999,80000.02688044427,80000.02688044427,80000.02688044427,80000.02688044427,0,1
1370193960000,1370194019999,80000.02688044427,80000.02688044427,80000.02688044427,80000.02688044427,0,1
1370194020000,1370194079999,80000.02688044427,80000.02688044427,80000.02688044427,80000.02688044427,0,1
1370194080000,1370194139999,80000.02688044427,80000.02688044427,80000.02688044427,80000.02688044427,0,1
1370194140000,1370194199999,80000.02688044427,80000.02688044427,80000.02688044427,80000.02688044427,0,1
1370194200000,1370194259999,80000.02688044427,80000.02688044427,80000.02688044427,80000.02688044427,0,1
1370194260000,1370194319999,80000.02688044427,80000.02688044427,80000.02688044427,80000.02688044427,0,1
1370194320000,1370194379999,80000.02688044427,80000.02688044427,80000.02688044427,80000.02688044427,0,1
1370194380000,1370194439999,80000.02688044427,80000.02688044427,80000.02688044427,80000.02688044427,0,1
1370194440000,1370194499999,80000.02688044427,80000.02688044427,80000.02688044427,80000.02688044427,0,1
1370194500000,1370194559999,80000.02688044427,80000.02688044427,80000.02688044427,80000.02688044427,0,1
1370194560000,1370194619999,80000.02688044427,80000.02688044427,80000.02688044427,80000.02688044427,0,1
1370194620000,1370194679999,80000.02688044427,80000.02688044427,80000.02688044427,80000.02688044427,0,1
1370194680000,1370194739999,80000.02688044427,80000.02688044427,80000.02688044427,80000.02688044427,0,1
1370194740000,1370194799999,80000.02688044427,80000.02688044427,80000.02688044427,80000.02688044427,0,1
1370194800000,1370194859999,80000.02688044427,80000.02688044427,80000.02688044427,80000.02688044427,0,1
1370194860000,1370194919999,80000.02688044427,80000.02688044427,80000.02688044427,80000.02688044427,0,1
1370194920000,1370194979999,80000.02688044427,80000.02688044427,80000.02688044427,80000.02688044427,0,1
1370194980000,1370195039999,80000.02688044427,80000.02688044427,80000.02688044427,80000.02688044427,0,1
1370195040000,1370195099999,80000.02688044427,80000.02688044427,80000.02688044427,80000.02688044427,0,1
1370195100000,1370195159999,80000.02688044427,80000.02688044427,80000.02688044427,80000.02688044427,0,1
1370195160000,1370195219999,80000.02688044427,80000.02688044427,80000.02688044427,80000.02688044427,0,1
1370195220000,1370195279999,80000.02688044427,80000.02688044427,80000.02688044427,80000.02688044427,0,1
1370195280000,1370195339999,80000.02688044427,80000.02688044427,80000.02688044427,80000.02688044427,0,1
1370195340000,1370195399999,80000.02688044427,80000.02688044427,80000.02688044427,80000.02688044427,0,1
1370195400000,1370195459999,80000.02688044427,80000.02688044427,80000.02688044427,80000.02688044427,0,1
1370195460000,1370195519999,80000.02688044427,80000.02688044427,80000.02688044427,80000.02688044427,0,1
1370195520000,1370195579999,80000.02688044427,80000.02688044427,80000.02688044427,80000.02688044427,0,1
1370195580000,1370195639999,80000.02688044427,80000.02688044427,80000.02688044427,80000.02688044427,0,1
1370195640000,1370195699999,80000.02688044427,80000.02688044427,80000.02688044427,80000.02688044427,0,1
1370195700000,1370195759999,80000.02688044427,80000.02688044427,80000.02688044427,80000.02688044427,0,1
1370195760000,1370195819999,80000.02688044427,80000.02688044427,80000.02688044427,80000.02688044427,0,1
1370195820000,1370195879999,80000.02688044427,80000.02688044427,80000.02688044427,80000.02688044427,0,1
1370195880000,1370195939999,80000.02688044427,80000.02688044427,80000.02688044427,80000.02688044427,0,1
1370195940000,1370195999999,80000.02688044427,80000.02688044427,80000.02688044427,80000.02688044427,0,1
1370196000000,1370196059999,80000.02688044427,80000.02688044427,80000.02688044427,80000.02688044427,0,1
1370196060000,1370196119999,80000.02688044427,80000.02688044427,80000.02688044427,80000.02688044427,0,1
1370196120000,1370196179999,80000.02688044427,80000.02688044427,80000.02688044427,80000.02688044427,0,1
1370196180000,1370196239999,80000.02688044427,80000.02688044427,80000.02688044427,80000.02688044427,0,1
1370196240000,1370196299999,80000.02688044427,80000.02688044427,80000.02688044427,80000.02688044427,0,1
1370196300000,1370196359999,80000.02688044427,80000.02688044427,80000.02688044427,80000.02688044427,0,1
1370196360000,1370196419999,80000.02688044427,80000.02688044427,80000.02688044427,80000.02688044427,0,1
1370196420000,1370196479999,80000.02688044427,80000.02688044427,80000.02688044427,80000.02688044427,0,1
1370196480000,1370196539999,80000.02688044427,80000.02688044427,80000.02688044427,80000.02688044427,0,1
1370196540000,1370196599999,80000.02688044427,80000.02688044427,80000.02688044427,80000.02688044427,0,1
1370196600000,1370196659999,80000.02688044427,80000.02688044427,80000.02688044427,80000.02688044427,0,1
1370196660000,1370196719999,80000.02688044427,80000.02688044427,80000.02688044427,80000.02688044427,0,1
1370196720000,1370196779999,80000.02688044427,80000.02688044427,80000.02688044427,80000.02688044427,0,1
1370196780000,1370196839999,80000.02688044427,80000.02688044427,80000.02688044427,80000.02688044427,0,1
1370196840000,1370196899999,80000.02688044427,80000.02688044427,80000.02688044427,80000.02688044427,0,1
1370196900000,1370196959999,80000.02688044427,80000.02688044427,80000.02688044427,80000.02688044427,0,1
1370196960000,1370197019999,80000.02688044427,80000.02688044427,80000.02688044427,80000.02688044427,0,1
1370197020000,1370197079999,80000.02688044427,80000.02688044427,80000.02688044427,80000.02688044427,0,1
1370197080000,1370197139999,80000.02688044427,80000.02688044427,80000.02688044427,80000.02688044427,0,1
1370197140000,1370197199999,80000.02688044427,80000.02688044427,80000.02688044427,80000.02688044427,0,1
1370197200000,1370197259999,80000.02688044427,80000.02688044427,80000.02688044427,80000.02688044427,0,1
1370197260000,1370197319999,80000.02688044427,80000.02688044427,80000.02688044427,80000.02688044427,0,1
1370197320000,1370197379999,80000.02688044427,80000.02688044427,80000.02688044427,80000.02688044427,0,1
1370197380000,1370197439999,80000.02688044427,80000.02688044427,80000.02688044427,80000.02688044427,0,1
1370197440000,1370197499999,80000.02688044427,80000.02688044427,80000.02688044427,80000.02688044427,0,1
1370197500000,1370197559999,80000.02688044427,80000.02688044427,80000.02688044427,80000.02688044427,0,1
1370197560000,1370197619999,80000.02688044427,80000.02688044427,80000.02688044427,80000.02688044427,0,1
1370197620000,1370197679999,80000.02688044427,80000.02688044427,80000.02688044427,80000.02688044427,0,1
1370197680000,1370197739999,80000.02688044427,80000.02688044427,80000.02688044427,80000.02688044427,0,1
1370197740000,1370197799999,80000.02688044427,80000.02688044427,80000.02688044427,80000.02688044427,0,1
1370197800000,1370197859999,80000.02688044427,80000.02688044427,80000.02688044427,80000.02688044427,0,1
1370197860000,1370197919999,80000.02688044427,80000.02688044427,80000.02688044427,80000.02688044427,0,1
1370197920000,1370197979999,80000.02688044427,80000.02688044427,80000.02688044427,80000.02688044427,0,1
1370197980000,1370198039999,80000.02688044427,80000.02688044427,80000.02688044427,80000.02688044427,0,1
1370198040000,1370198099999,80000.02688044427,80000.02688044427,80000.02688044427,80000.02688044427,0,1
1370198100000,1370198159999,80000.02688044427,80000.02688044427,80000.02688044427,80000.02688044427,0,1
1370198160000,1370198219999,80000.02688044427,80000.02688044427,80000.02688044427,80000.02688044427,0,1
1370198220000,1370198279999,80000.02688044427,80000.02688044427,80000.02688044427,80000.02688044427,0,1
1370198280000,1370198339999,80000.02688044427,80000.02688044427,80000.02688044427,80000.02688044427,0,1
1370198340000,1370198399999,80000.02688044427,80000.02688044427,80000.02688044427,80000.02688044427,0,1
1370198400000,1370198459999,80000.02688044427,80000.02688044427,80000.02688044427,80000.02688044427,0,1
1370198460000,1370198519999,80000.02688044427,80000.02688044427,80000.02688044427,80000.02688044427,0,1
1370198520000,1370198579999,80000.02688044427,80000.02688044427,80000.02688044427,80000.02688044427,0,1
1370198580000,1370198639999,80000.02688044427,80000.02688044427,80000.02688044427,80000.02688044427,0,1
1370198640000,1370198699999,80000.02688044427,80000.02688044427,80000.02688044427,80000.02688044427,0,1
1370198700000,1370198759999,80000.02688044427,80000.02688044427,80000.02688044427,80000.02688044427,0,1
1370198760000,1370198819999,80000.02688044427,80000.02688044427,80000.02688044427,80000.02688044427,0,1
1370198820000,1370198879999,80000.02688044427,80000.02688044427,80000.02688044427,80000.02688044427,0,1
1370198880000,1370198939999,80000.02688044427,80000.02688044427,80000.02688044427,80000.02688044427,0,1
1370198940000,1370198999999,80000.02688044427,80000.02688044427,80000.02688044427,80000.02688044427,0,1
1370199000000,1370199059999,80000.02688044427,80000.02688044427,80000.02688044427,80000.02688044427,0,1
1370199060000,1370199119999,80000.02688044427,80000.02688044427,80000.02688044427,80000.02688044427,0,1
1370199120000,1370199179999,80000.02688044427,80000.02688044427,80000.02688044427,80000.02688044427,0,1
1370199180000,1370199239999,80000.02688044427,80000.02688044427,80000.02688044427,80000.02688044427,0,1
1370199240000,1370199299999,80000.02688044427,80000.02688044427,80000.02688044427,80000.02688044427,0,1
1370199300000,1370199359999,80000.02688044427,80000.02688044427,80000.02688044427,80000.02688044427,0,1
1370199360000,1370199419999,80000.02688044427,80000.02688044427,80000.02688044427,80000.02688044427,0,1
1370199420000,1370199479999,80000.02688044427,80000.02688044427,80000.02688044427,80000.02688044427,0,1
1370199480000,1370199539999,80000.02688044427,80000.02688044427,80000.02688044427,80000.02688044427,0,1
1370199540000,1370199599999,80000.02688044427,80000.02688044427,80000.02688044427,80000.02688044427,0,1
1370199600000,1370199659999,80000.02688044427,80000.02688044427,80000.02688044427,80000.02688044427,0,1
1370199660000,1370199719999,80000.02688044427,80000.02688044427,80000.02688044427,80000.02688044427,0,1
1370199720000,1370199779999,80000.02688044427,80000.02688044427,80000.02688044427,80000.02688044427,0,1
1370199780000,1370199839999,80000.02688044427,80000.02688044427,80000.02688044427,80000.02688044427,0,1
1370199840000,1370199899999,80000.02688044427,80000.02688044427,80000.02688044427,80000.02688044427,0,1
1370199900000,1370199959999,80000.02688044427,80000.02688044427,80000.02688044427,80000.02688044427,0,1
1370199960000,1370200019999,80000.02688044427,80000.02688044427,80000.02688044427,80000.02688044427,0,1
1370200020000,1370200079999,80000.02688044427,80000.02688044427,80000.02688044427,80000.02688044427,0,1
1370200080000,1370200139999,80000.02688044427,80000.02688044427,80000.02688044427,80000.02688044427,0,1
1370200140000,1370200199999,80000.02688044427,80000.02688044427,80000.02688044427,80000.02688044427,0,1
1370200200000,1370200259999,80000.02688044427,80000.02688044427,80000.02688044427,80000.02688044427,0,1
1370200260000,1370200319999,80000.02688044427,80000.02688044427,80000.02688044427,80000.02688044427,0,1
1370200320000,1370200379999,80000.02688044427,80000.02688044427,80000.02688044427,80000.02688044427,0,1
1370200380000,1370200439999,80000.02688044427,80000.02688044427,80000.02688044427,80000.02688044427,0,1
1370200440000,1370200499999,80000.02688044427,80000.02688044427,80000.02688044427,80000.02688044427,0,1
1370200500000,1370200559999,80000.02688044427,80000.02688044427,80000.02688044427,80000.02688044427,0,1
1370200560000,1370200619999,80000.02688044427,80000.02688044427,80000.02688044427,80000.02688044427,0,1
1370200620000,1370200679999,80000.02688044427,80000.02688044427,80000.02688044427,80000.02688044427,0,1
1370200680000,1370200739999,80000.02688044427,80000.02688044427,80000.02688044427,80000.02688044427,0,1
1370200740000,1370200799999,80000.02688044427,80000.02688044427,80000.02688044427,80000.02688044427,0,1
1370200800000,1370200859999,80000.02688044427,80000.02688044427,80000.02688044427,80000.02688044427,0,1
1370200860000,1370200919999,80000.02688044427,80000.02688044427,80000.02688044427,80000.02688044427,0,1
1370200920000,1370200979999,80000.02688044427,80000.02688044427,80000.02688044427,80000.02688044427,0,1
1370200980000,1370201039999,80000.02688044427,80000.02688044427,80000.02688044427,80000.02688044427,0,1
1370201040000,1370201099999,80000.02688044427,80000.02688044427,80000.02688044427,80000.02688044427,0,1
1370201100000,1370201159999,80000.02688044427,80000.02688044427,80000.02688044427,80000.02688044427,0,1
1370201160000,1370201219999,80000.02688044427,80000.02688044427,80000.02688044427,80000.02688044427,0,1
1370201220000,1370201279999,80000.02688044427,80000.02688044427,80000.02688044427,80000.02688044427,0,1
1370201280000,1370201339999,80000.02688044427,80000.02688044427,80000.02688044427,80000.02688044427,0,1
1370201340000,1370201399999,80000.02688044427,80000.02688044427,80000.02688044427,80000.02688044427,0,1
1370201400000,1370201459999,80000.02688044427,80000.02688044427,80000.02688044427,80000.02688044427,0,1
1370201460000,1370201519999,80000.02688044427,80000.02688044427,80000.02688044427,80000.02688044427,0,1
1370201520000,1370201579999,80000.02688044427,80000.02688044427,80000.02688044427,80000.02688044427,0,1
1370201580000,1370201639999,80000.02688044427,80000.02688044427,80000.02688044427,80000.02688044427,0,1
1370201640000,1370201699999,80000.02688044427,80000.02688044427,80000.02688044427,80000.02688044427,0,1
1370201700000,1370201759999,80000.02688044427,80000.02688044427,80000.02688044427,80000.02688044427,0,1
1370201760000,1370201819999,80000.02688044427,80000.02688044427,80000.02688044427,80000.02688044427,0,1
1370201820000,1370201879999,80000.02688044427,80000.02688044427,80000.02688044427,80000.02688044427,0,1
1370201880000,1370201939999,80000.02688044427,80000.02688044427,80000.02688044427,80000.02688044427,0,1
1370201940000,1370201999999,80000.02688044427,80000.02688044427,80000.02688044427,80000.02688044427,0,1
1370202000000,1370202059999,80000.02688044427,80000.02688044427,80000.02688044427,80000.02688044427,0,1
1370202060000,1370202119999,80000.02688044427,80000.02688044427,80000.02688044427,80000.02688044427,0,1
1370202120000,1370202179999,80000.02688044427,80000.02688044427,80000.02688044427,80000.02688044427,0,1
1370202180000,1370202239999,80000.02688044427,80000.02688044427,80000.02688044427,80000.02688044427,0,1
1370202240000,1370202299999,80000.02688044427,80000.02688044427,80000.02688044427,80000.02688044427,0,1
1370202300000,1370202359999,80000.02688044427,80000.02688044427,80000.02688044427,80000.02688044427,0,1
1370202360000,1370202419999,80000.02688044427,80000.02688044427,80000.02688044427,80000.02688044427,0,1
1370202420000,1370202479999,80000.02688044427,80000.02688044427,80000.02688044427,80000.02688044427,0,1
1370202480000,1370202539999,80000.02688044427,80000.02688044427,80000.02688044427,80000.02688044427,0,1
1370202540000,1370202599999,80000.02688044427,80000.02688044427,80000.02688044427,80000.02688044427,0,1
1370202600000,1370202659999,80000.02688044427,80000.02688044427,80000.02688044427,80000.02688044427,0,1
1370202660000,1370202719999,80000.02688044427,80000.02688044427,80000.02688044427,80000.02688044427,0,1
1370202720000,1370202779999,80000.02688044427,80000.02688044427,80000.02688044427,80000.02688044427,0,1
1370202780000,1370202839999,80000.02688044427,80000.02688044427,80000.02688044427,80000.02688044427,0,1
1370202840000,1370202899999,80000.02688044427,80000.02688044427,80000.02688044427,80000.02688044427,0,1
1370202900000,1370202959999,80000.02688044427,80000.02688044427,80000.02688044427,80000.02688044427,0,1
1370202960000,1370203019999,80000.02688044427,80000.02688044427,80000.02688044427,80000.02688044427,0,1
1370203020000,1370203079999,80000.02688044427,80000.02688044427,80000.02688044427,80000.02688044427,0,1
1370203080000,1370203139999,80000.02688044427,80000.02688044427,80000.02688044427,80000.02688044427,0,1
1370203140000,1370203199999,80000.02688044427,80000.02688044427,80000.02688044427,80000.02688044427,0,1
1370203200000,1370203259999,80000.02688044427,80000.02688044427,80000.02688044427,80000.02688044427,0,1
1370203260000,1370203319999,80000.02688044427,80000.02688044427,80000.02688044427,80000.02688044427,0,1
1370203320000,1370203379999,80000.02688044427,80000.02688044427,80000.02688044427,80000.02688044427,0,1
1370203380000,1370203439999,80000.02688044427,80000.02688044427,80000.02688044427,80000.02688044427,0,1
1370203440000,1370203499999,80000.02688044427,80000.02688044427,80000.02688044427,80000.02688044427,0,1
1370203500000,1370203559999,80000.02688044427,80000.02688044427,80000.02688044427,80000.02688044427,0,1
1370203560000,1370203619999,80000.02688044427,80000.02688044427,80000.02688044427,80000.02688044427,0,1
1370203620000,1370203679999,80000.02688044427,80000.02688044427,80000.02688044427,80000.02688044427,0,1
1370203680000,1370203739999,80000.02688044427,80000.02688044427,80000.02688044427,80000.02688044427,0,1
1370203740000,1370203799999,80000.02688044427,80000.02688044427,80000.02688044427,80000.02688044427,0,1
1370203800000,1370203859999,80000.02688044427,80000.02688044427,80000.02688044427,80000.02688044427,0,1
1370203860000,1370203919999,80000.02688044427,80000.02688044427,80000.02688044427,80000.02688044427,0,1
1370203920000,1370203979999,80000.02688044427,80000.02688044427,80000.02688044427,80000.02688044427,0,1
1370203980000,1370204039999,80000.02688044427,80000.02688044427,80000.02688044427,80000.02688044427,0,1
1370204040000,1370204099999,80000.02688044427,80000.02688044427,80000.02688044427,80000.02688044427,0,1
1370204100000,1370204159999,80000.02688044427,80000.02688044427,80000.02688044427,80000.02688044427,0,1
1370204160000,1370204219999,80000.02688044427,80000.02688044427,80000.02688044427,80000.02688044427,0,1
1370204220000,1370204279999,80000.02688044427,80000.02688044427,80000.02688044427,80000.02688044427,0,1
1370204280000,1370204339999,80000.02688044427,80000.02688044427,80000.02688044427,80000.02688044427,0,1
1370204340000,1370204399999,80000.02688044427,80000.02688044427,80000.02688044427,80000.02688044427,0,1
1370204400000,1370204459999,80000.02688044427,80000.02688044427,80000.02688044427,80000.02688044427,0,1
1370204460000,1370204519999,80000.02688044427,80000.02688044427,80000.02688044427,80000.02688044427,0,1
1370204520000,1370204579999,80000.02688044427,80000.02688044427,80000.02688044427,80000.02688044427,0,1
1370204580000,1370204639999,80000.02688044427,80000.02688044427,80000.02688044427,80000.02688044427,0,1
1370204640000,1370204699999,80000.02688044427,80000.02688044427,80000.02688044427,80000.02688044427,0,1
1370204700000,1370204759999,80000.02688044427,80000.02688044427,80000.02688044427,80000.02688044427,0,1
1370204760000,1370204819999,80000.02688044427,80000.02688044427,80000.02688044427,80000.02688044427,0,1
1370204820000,1370204879999,80000.02688044427,80000.02688044427,80000.02688044427,80000.02688044427,0,1
1370204880000,1370204939999,80000.02688044427,80000.02688044427,80000.02688044427,80000.02688044427,0,1
1370204940000,1370204999999,80000.02688044427,80000.02688044427,80000.02688044427,80000.02688044427,0,1
1370205000000,1370205059999,80000.02688044427,80000.02688044427,80000.02688044427,80000.02688044427,0,1
1370205060000,1370205119999,80000.02688044427,80000.02688044427,80000.02688044427,80000.02688044427,0,1
1370205120000,1370205179999,80000.02688044427,80000.02688044427,80000.02688044427,80000.02688044427,0,1
1370205180000,1370205239999,80000.02688044427,80000.02688044427,80000.02688044427,80000.02688044427,0,1
1370205240000,1370205299999,80000.02688044427,80000.02688044427,80000.02688044427,80000.02688044427,0,1
1370205300000,1370205359999,80000.02688044427,80000.02688044427,80000.02688044427,80000.02688044427,0,1
1370205360000,1370205419999,80000.02688044427,80000.02688044427,80000.02688044427,80000.02688044427,0,1
1370205420000,1370205479999,80000.02688044427,80000.02688044427,80000.02688044427,80000.02688044427,0,1
1370205480000,1370205539999,80000.02688044427,80000.02688044427,80000.02688044427,80000.02688044427,0,1
1370205540000,1370205599999,80000.02688044427,80000.02688044427,80000.02688044427,80000.02688044427,0,1
1370205600000,1370205659999,80000.02688044427,80000.02688044427,80000.02688044427,80000.02688044427,0,1
1370205660000,1370205719999,80000.02688044427,80000.02688044427,80000.02688044427,80000.02688044427,0,1
1370205720000,1370205779999,80000.02688044427,80000.02688044427,80000.02688044427,80000.02688044427,0,1
1370205780000,1370205839999,80000.02688044427,80000.02688044427,80000.02688044427,80000.02688044427,0,1
1370205840000,1370205899999,80000.02688044427,80000.02688044427,80000.02688044427,80000.02688044427,0,1
1370205900000,1370205959999,80000.02688044427,80000.02688044427,80000.02688044427,80000.02688044427,0,1
1370205960000,1370206019999,80000.02688044427,80000.02688044427,80000.02688044427,80000.02688044427,0,1
1370206020000,1370206079999,80000.02688044427,80000.02688044427,80000.02688044427,80000.02688044427,0,1
1370206080000,1370206139999,80000.02688044427,80000.02688044427,80000.02688044427,80000.02688044427,0,1
1370206140000,1370206199999,80000.02688044427,80000.02688044427,80000.02688044427,80000.02688044427,0,1
1370206200000,1370206259999,80000.02688044427,80000.02688044427,80000.02688044427,80000.02688044427,0,1
1370206260000,1370206319999,80000.02688044427,80000.02688044427,80000.02688044427,80000.02688044427,0,1
1370206320000,1370206379999,80000.02688044427,80000.02688044427,80000.02688044427,80000.02688044427,0,1
1370206380000,1370206439999,80000.02688044427,80000.02688044427,80000.02688044427,80000.02688044427,0,1
1370206440000,1370206499999,80000.02688044427,80000.02688044427,80000.02688044427,80000.02688044427,0,1
1370206500000,1370206559999,80000.02688044427,80000.02688044427,80000.02688044427,80000.02688044427,0,1
1370206560000,1370206619999,80000.02688044427,80000.02688044427,80000.02688044427,80000.02688044427,0,1
1370206620000,1370206679999,80000.02688044427,80000.02688044427,80000.02688044427,80000.02688044427,0,1
1370206680000,1370206739999,80000.02688044427,80000.02688044427,80000.02688044427,80000.02688044427,0,1
1370206740000,1370206799999,80000.02688044427,80000.02688044427,80000.02688044427,80000.02688044427,0,1
1370206800000,1370206859999,80000.02688044427,80000.02688044427,80000.02688044427,80000.02688044427,0,1
1370206860000,1370206919999,80000.02688044427,80000.02688044427,80000.02688044427,80000.02688044427,0,1
1370206920000,1370206979999,80000.02688044427,80000.02688044427,80000.02688044427,80000.02688044427,0,1
1370206980000,1370207039999,80000.02688044427,80000.02688044427,80000.02688044427,80000.02688044427,0,1
1370207040000,1370207099999,80000.02688044427,80000.02688044427,80000.02688044427,80000.02688044427,0,1
1370207100000,1370207159999,80000.02688044427,80000.02688044427,80000.02688044427,80000.02688044427,0,1
1370207160000,1370207219999,80000.02688044427,80000.02688044427,80000.02688044427,80000.02688044427,0,1
1370207220000,1370207279999,80000.02688044427,80000.02688044427,80000.02688044427,80000.02688044427,0,1
1370207280000,1370207339999,80000.02688044427,80000.02688044427,80000.02688044427,80000.02688044427,0,1
1370207340000,1370207399999,80000.02688044427,80000.02688044427,80000.02688044427,80000.02688044427,0,1
1370207400000,1370207459999,80000.02688044427,80000.02688044427,80000.02688044427,80000.02688044427,0,1
1370207460000,1370207519999,80000.02688044427,80000.02688044427,80000.02688044427,80000.02688044427,0,1
1370207520000,1370207579999,80000.02688044427,80000.02688044427,80000.02688044427,80000.02688044427,0,1
1370207580000,1370207639999,80000.02688044427,80000.02688044427,80000.02688044427,80000.02688044427,0,1
1370207640000,1370207699999,80000.02688044427,80000.02688044427,80000.02688044427,80000.02688044427,0,1
1370207700000,1370207759999,80000.02688044427,80000.02688044427,80000.02688044427,80000.02688044427,0,1
1370207760000,1370207819999,80000.02688044427,80000.02688044427,80000.02688044427,80000.02688044427,0,1
1370207820000,1370207879999,80000.02688044427,80000.02688044427,80000.02688044427,80000.02688044427,0,1
1370207880000,1370207939999,80000.02688044427,80000.02688044427,80000.02688044427,80000.02688044427,0,1
1370207940000,1370207999999,80000.02688044427,80000.02688044427,80000.02688044427,80000.02688044427,0,1
1370208000000,1370208059999,80000.02688044427,80000.02688044427,80000.02688044427,80000.02688044427,0,1
1370208060000,1370208119999,80000.02688044427,80000.02688044427,80000.02688044427,80000.02688044427,0,1
1370208120000,1370208179999,80000.02688044427,80000.02688044427,80000.02688044427,80000.02688044427,0,1
1370208180000,1370208239999,80000.02688044427,80000.02688044427,80000.02688044427,80000.02688044427,0,1
1370208240000,1370208299999,80000.02688044427,80000.02688044427,80000.02688044427,80000.02688044427,0,1
1370208300000,1370208359999,80000.02688044427,80000.02688044427,80000.02688044427,80000.02688044427,0,1
1370208360000,1370208419999,80000.02688044427,80000.02688044427,80000.02688044427,80000.02688044427,0,1
1370208420000,1370208479999,80000.02688044427,80000.02688044427,80000.02688044427,80000.02688044427,0,1
1370208480000,1370208539999,80000.02688044427,80000.02688044427,80000.02688044427,80000.02688044427,0,1
1370208540000,1370208599999,80000.02688044427,80000.02688044427,80000.02688044427,80000.02688044427,0,1
1370208600000,1370208659999,80000.02688044427,80000.02688044427,80000.02688044427,80000.02688044427,0,1
1370208660000,1370208719999,80000.02688044427,80000.02688044427,80000.02688044427,80000.02688044427,0,1
1370208720000,1370208779999,80000.02688044427,80000.02688044427,80000.02688044427,80000.02688044427,0,1
1370208780000,1370208839999,80000.02688044427,80000.02688044427,80000.02688044427,80000.02688044427,0,1
1370208840000,1370208899999,80000.02688044427,80000.02688044427,80000.02688044427,80000.02688044427,0,1
1370208900000,1370208959999,80000.02688044427,80000.02688044427,80000.02688044427,80000.02688044427,0,1
1370208960000,1370209019999,80000.02688044427,80000.02688044427,80000.02688044427,80000.02688044427,0,1
1370209020000,1370209079999,80000.02688044427,80000.02688044427,80000.02688044427,80000.02688044427,0,1
1370209080000,1370209139999,80000.02688044427,80000.02688044427,80000.02688044427,80000.02688044427,0,1
1370209140000,1370209199999,80000.02688044427,80000.02688044427,80000.02688044427,80000.02688044427,0,1
1370209200000,1370209259999,80000.02688044427,80000.02688044427,80000.02688044427,80000.02688044427,0,1
1370209260000,1370209319999,80000.02688044427,80000.02688044427,80000.02688044427,80000.02688044427,0,1
1370209320000,1370209379999,80000.02688044427,80000.02688044427,80000.02688044427,80000.02688044427,0,1
1370209380000,1370209439999,80000.02688044427,80000.02688044427,80000.02688044427,80000.02688044427,0,1
1370209440000,1370209499999,80000.02688044427,80000.02688044427,80000.02688044427,80000.02688044427,0,1
1370209500000,1370209559999,80000.02688044427,80000.02688044427,80000.02688044427,80000.02688044427,0,1
1370209560000,1370209619999,80000.02688044427,80000.02688044427,80000.02688044427,80000.02688044427,0,1
1370209620000,1370209679999,80000.02688044427,80000.02688044427,80000.02688044427,80000.02688044427,0,1
1370209680000,1370209739999,80000.02688044427,80000.02688044427,80000.02688044427,80000.02688044427,0,1
1370209740000,1370209799999,80000.02688044427,80000.02688044427,80000.02688044427,80000.02688044427,0,1
1370209800000,1370209859999,80000.02688044427,80000.02688044427,80000.02688044427,80000.02688044427,0,1
1370209860000,1370209919999,80000.02688044427,80000.02688044427,80000.02688044427,80000.02688044427,0,1
1370209920000,1370209979999,80000.02688044427,80000.02688044427,80000.02688044427,80000.02688044427,0,1
1370209980000,1370210039999,80000.02688044427,80000.02688044427,80000.02688044427,80000.02688044427,0,1
1370210040000,1370210099999,80000.02688044427,80000.02688044427,80000.02688044427,80000.02688044427,0,1
1370210100000,1370210159999,80000.02688044427,80000.02688044427,80000.02688044427,80000.02688044427,0,1
1370210160000,1370210219999,80000.02688044427,80000.02688044427,80000.02688044427,80000.02688044427,0,1
1370210220000,1370210279999,80000.02688044427,80000.02688044427,80000.02688044427,80000.02688044427,0,1
1370210280000,1370210339999,80000.02688044427,80000.02688044427,80000.02688044427,80000.02688044427,0,1
1370210340000,1370210399999,80000.02688044427,80000.02688044427,80000.02688044427,80000.02688044427,0,1
1370210400000,1370210459999,80000.39588153487,80000.39588153487,79997.4804017425,80000.02688044427,0,1
1370210460000,1370210519999,80000.56695923886,80002.85777667661,80000.56695923886,80002.45868225199,0,1
1370210520000,1370210579999,80003.08582348256,80003.98119226359,80000.41600847548,80003.80681961111,0,1
1370210580000,1370210639999,80003.89065299663,80008.30600232433,80003.70286523702,80006.14383109374,0,1
1370210640000,1370210699999,80006.11030537866,80008.00098013395,80005.41294502145,80008.00098013395,0,1
1370210700000,1370210759999,80007.83673356229,80007.83673356229,80003.8705330482,80003.8705330482,0,1
1370210760000,1370210819999,80005.45988426429,80006.08683731125,80003.84370638733,80003.84370638733,0,1
1370210820000,1370210879999,80004.1421489364,80004.1421489364,79998.22528869787,79998.537319446,0,1
1370210880000,1370210939999,79997.8830502301,80000.20131902042,79997.76225738613,79998.92315045642,0,1
1370210940000,1370210999999,79998.99695990994,79998.99695990994,79992.10013363643,79993.82898206152,0,1
1370211000000,1370211059999,79994.74531837503,79996.11463153239,79993.28518235155,79996.11463153239,0,1
1370211060000,1370211119999,79994.8392968392,79995.94012165345,79991.61331655885,79992.72456774322,0,1
1370211120000,1370211179999,79992.51978451047,79992.70442531613,79992.12699181985,79992.34856908067,0,1
1370211180000,1370211239999,79992.33178309642,79993.80884185886,79991.81140360872,79993.36239028443,0,1
1370211240000,1370211299999,79992.39221250782,79994.39289126826,79992.29485383192,79992.70442531613,0,1
1370211300000,1370211359999,79992.57014143193,79994.42309979266,79992.21428041779,79992.77492363348,0,1
1370211360000,1370211419999,79995.32931309375,79996.05422461123,79994.33583047317,79995.76225268145,0,1
1370211420000,1370211479999,79995.1782832464,79996.07436029216,79995.1782832464,79996.07436029216,0,1
1370211480000,1370211539999,79996.81935198518,80000.60050354351,79996.81935198518,79999.83902011304,0,1
1370211540000,1370211599999,80000.5334148217,80001.26465760604,79999.86250284745,80000.47638905427,0,1
1370211600000,1370211659999,80000.61392123386,80001.05334064348,79996.8260633698,79996.8260633698,0,1
1370211660000,1370211719999,79996.44686307633,79996.44686307633,79994.8258713984,79996.07771623504,0,1
1370211720000,1370211779999,79996.2455119431,79997.5408000492,79995.90320571189,79997.34953749318,0,1
1370211780000,1370211839999,79997.13813778045,79997.6246859811,79996.80257350391,79996.80257350391,0,1
1370211840000,1370211899999,79996.9938465215,79997.39987009944,79996.87975428462,79997.39987009944,0,1
1370211900000,1370211959999,79997.44684697004,79997.44684697004,79996.88310995723,79997.29920463359,0,1
1370211960000,1370212019999,79997.03746967982,79997.44684697004,79994.89635476156,79994.89635476156,0,1
1370212020000,1370212079999,79995.35616260559,79995.35616260559,79994.53386360143,79994.53386360143,0,1
1370212080000,1370212139999,79994.05723485687,79994.05723485687,79988.8329690311,79988.90013629537,0,1
1370212140000,1370212199999,79990.49858405825,79991.99270018138,79990.46500585024,79991.11976057012,0,1
1370212200000,1370212259999,79992.28478219065,79992.28478219065,79989.11842678866,79989.11842678866,0,1
1370212260000,1370212319999,79988.73893410317,79988.96058644752,79987.4055580013,79988.76244291804,0,1
1370212320000,1370212379999,79989.06133588903,79989.72289867183,79989.06133588903,79989.34678712784,0,1
1370212380000,1370212439999,79989.30313040735,79990.7067664314,79989.2527570315,79989.2527570315,0,1
1370212440000,1370212499999,79990.1225016881,79990.13929138126,79988.90013629537,79988.90013629537,0,1
1370212500000,1370212559999,79989.06469418625,79990.48179496833,79988.81281876384,79990.1493651836,0,1
1370212560000,1370212619999,79990.13929138126,79990.13929138126,79988.41652192267,79989.14529298157,0,1
1370212620000,1370212679999,79989.35686172858,79991.27420928057,79989.35686172858,79990.49186842567,0,1
1370212680000,1370212739999,79990.18966029155,79990.98881305574,79989.31656326473,79990.98881305574,0,1
1370212740000,1370212799999,79990.84443303946,79992.23778106397,79989.68260168302,79992.23778106397,0,1
1370212800000,1370212859999,79992.10684818905,79995.30581971175,79992.10684818905,79994.19149877342,0,1
1370212860000,1370212919999,79993.45302492328,80000.15770966165,79993.43959762121,80000.15770966165,0,1
1370212920000,1370212979999,80001.07346626089,80007.30375161702,80000.57702254209,80007.30375161702,0,1
1370212980000,1370213039999,80007.05233517868,80008.5774977665,80005.89238549104,80008.5774977665,0,1
1370213040000,1370213099999,80009.11711497021,80009.11711497021,80006.90818690308,80007.31380814307,0,1
1370213100000,1370213159999,80007.30710379349,80007.46465482033,80005.94267511739,80006.09689506117,0,1
1370213160000,1370213219999,80006.10024764223,80007.24341224828,80006.10024764223,80007.00875568659,0,1
1370213220000,1370213279999,80007.51158443363,80007.51158443363,80006.01643277853,80006.1672990274,0,1
1370213280000,1370213339999,80006.11030537866,80007.50152810646,80006.09689506117,80006.43214760358,0,1
1370213340000,1370213399999,80007.49147176919,80008.82217252922,80006.73721764988,80007.33392116484,0,1
1370213400000,1370213459999,80007.63225957078,80008.0847783659,80007.2199468399,80008.03785144251,0,1
1370213460000,1370213519999,80007.7663413486,80009.8510816937,80007.5316970576,80009.8510816937,0,1
1370213520000,1370213579999,80008.6746980465,80009.41875165087,80008.6746980465,80009.16738838218,0,1
1370213580000,1370213639999,80008.72832538276,80012.77635897505,80008.53727668461,80012.77635897505,0,1
1370213640000,1370213699999,80012.53513136775,80012.83666496766,80010.69557948947,80010.69557948947,0,1
1370213700000,1370213759999,80011.48639371355,80011.48639371355,80011.00722137476,80011.00722137476,0,1
1370213760000,1370213819999,80011.27864349095,80011.50314757568,80011.23843327192,80011.50314757568,0,1
1370213820000,1370213879999,80011.51990140976,80012.52843051782,80011.02397603972,80012.07946334327,0,1
1370213880000,1370213939999,80011.92198500702,80012.39441257618,80010.90669279548,80012.31735144641,0,1
1370213940000,1370213999999,80011.88847865807,80012.48487488378,80011.88847865807,80012.43126768916,0,1
1370214000000,1370214059999,80012.37430973,80012.37430973,80010.90334182544,80010.90334182544,0,1
1370214060000,1370214119999,80011.05078344526,80011.52660293553,80010.55818589618,80010.81621621008,0,1
1370214120000,1370214179999,80010.85307713998,80010.86648108081,80010.3839278918,80010.3839278918,0,1
1370214180000,1370214239999,80009.34837057252,80010.6118031328,80009.34837057252,80010.41743928232,0,1
1370214240000,1370214299999,80010.04545655233,80010.04545655233,80009.2109584681,80009.54945805363,0,1
1370214300000,1370214359999,80009.82427107188,80012.22688762331,80009.2109584681,80012.22688762331,0,1
1370214360000,1370214419999,80012.79311067614,80014.55188314461,80012.79311067614,80014.24370155997,0,1
1370214420000,1370214479999,80014.32409767162,80014.87680344286,80014.32409767162,80014.87680344286,0,1
1370214480000,1370214539999,80014.71936915284,80017.49587842869,80014.52843487961,80017.39541505813,0,1
1370214540000,1370214599999,80016.85959336875,80017.10741446872,80015.58690177838,80015.58690177838,0,1
1370214600000,1370214659999,80016.09599785162,80016.19312507942,80015.20841224298,80015.20841224298,0,1
1370214660000,1370214719999,80015.11462501071,80015.79456251701,80014.39779353948,80014.39779353948,0,1
1370214720000,1370214779999,80014.32074784652,80014.64232593746,80012.82661399416,80014.12980596203,0,1
1370214780000,1370214839999,80014.09965691014,80014.4580897547,80013.59380926097,80014.14990527947,0,1
1370214840000,1370214899999,80013.99245954506,80014.24370155997,80013.99245954506,80014.11640639465,0,1
1370214900000,1370214959999,80014.14990527947,80014.71601946015,80013.7244611048,80014.71601946015,0,1
1370214960000,1370215019999,80014.80981043089,80014.80981043089,80014.3408467802,80014.80981043089,0,1
1370215020000,1370215079999,80014.4379910567,80015.53331121033,80013.56030851323,80014.49493726279,0,1
1370215080000,1370215139999,80014.75621569819,80014.75621569819,80012.65909628167,80013.5301577443,0,1
1370215140000,1370215199999,80013.97235991117,80013.97235991117,80012.15987685637,80012.15987685637,0,1
1370215200000,1370215259999,80012.82661399416,80012.82661399416,80012.09956678217,80012.38771163192,0,1
1370215260000,1370215319999,80011.90523184657,80012.34415538498,80011.06083620382,80012.34415538498,0,1
1370215320000,1370215379999,80013.14153969684,80013.14153969684,80012.38771163192,80012.77635897505,0,1
1370215380000,1370215439999,80012.44801996835,80012.51837923449,80011.97224431994,80012.09956678217,0,1
1370215440000,1370215499999,80011.44953511802,80011.75445213956,80010.93014955439,80011.59026720635,0,1
1370215500000,1370215559999,80011.03737975148,80011.49309526177,80009.46567209456,80009.4790778952,0,1
1370215560000,1370215619999,80009.74719013371,80009.74719013371,80009.74719013371,80009.74719013371,0,1
1370215620000,1370215679999,80009.50253800304,80012.31065045054,80009.50253800304,80012.31065045054,0,1
1370215680000,1370215739999,80012.4915757629,80012.75290654638,80011.67738607805,80011.67738607805,0,1
1370215740000,1370215799999,80012.18668121703,80012.20343390596,80010.26328595605,80012.20343390596,0,1
1370215800000,1370215859999,80011.69078891401,80013.04103257139,80011.69078891401,80011.74104938892,0,1
1370215860000,1370215919999,80012.35755732733,80013.8350113317,80012.35755732733,80013.7914613882,0,1
1370215920000,1370215979999,80013.60720952864,80016.27350552005,80013.60720952864,80015.60699816735,0,1
1370215980000,1370216039999,80016.51464296538,80017.48918090203,80015.7711171657,80016.15293461681,0,1
1370216040000,1370216099999,80016.571577347,80017.21792730353,80015.64719082417,80015.64719082417,0,1
1370216100000,1370216159999,80015.75437045252,80016.21656944133,80015.43952702514,80015.43952702514,0,1
1370216160000,1370216219999,80014.9236982842,80015.73092500697,80014.58538057067,80015.44287647547,0,1
1370216220000,1370216279999,80015.20506271411,80015.37923672736,80014.4379910567,80014.4379910567,0,1
1370216280000,1370216339999,80015.3088975872,80017.1476010954,80015.16821782257,80017.1476010954,0,1
1370216340000,1370216399999,80017.05048313778,80017.74703243951,80016.68879417081,80016.83280153062,0,1
1370216400000,1370216459999,80017.14425221602,80017.14425221602,80014.35424604685,80014.35424604685,0,1
1370216460000,1370216519999,80014.13315585107,80015.81130916286,80013.41960414717,80013.45310536628,0,1
1370216520000,1370216579999,80013.27889780133,80014.52508512298,80013.27889780133,80014.52508512298,0,1
1370216580000,1370216639999,80014.04940828834,80014.17670430653,80010.4107370132,80010.4107370132,0,1
1370216640000,1370216699999,80010.97706290708,80011.11445074543,80009.31150409569,80009.45226627598,0,1
1370216700000,1370216759999,80009.38188543351,80013.68761075757,80009.38188543351,80012.2067844404,0,1
1370216760000,1370216819999,80011.28199433524,80011.28199433524,80006.86460678278,80007.46130269667,0,1
1370216820000,1370216879999,80007.51158443363,80010.31690477385,80005.9158540148,80010.31690477385,0,1
1370216880000,1370216939999,80009.95497217437,80010.43419493547,80008.06466685428,80010.43419493547,0,1
1370216940000,1370216999999,80009.92145923401,80011.48304293775,80009.38188543351,80010.54478154214,0,1
1370217000000,1370217059999,80010.78940817571,80012.01245158841,80010.3068512674,80012.01245158841,0,1
1370217060000,1370217119999,80011.7879589376,80012.49827663755,80010.69222844868,80010.80281220189,0,1
1370217120000,1370217179999,80010.97371196061,80010.97371196061,80008.29594679603,80008.51716608301,0,1
1370217180000,1370217239999,80008.8556891538,80009.47572644673,80007.72946903892,80009.47572644673,0,1
1370217240000,1370217299999,80008.37303892129,80009.48913223388,80007.65237195206,80009.48913223388,0,1
1370217300000,1370217359999,80009.71032512716,80010.42414154694,80009.4321575144,80010.23982763286,0,1
1370217360000,1370217419999,80010.85307713998,80011.26188925268,80010.39733246149,80010.72238777537,0,1
1370217420000,1370217479999,80009.87454092884,80010.70228156769,80007.82332555979,80007.82332555979,0,1
1370217480000,1370217539999,80007.5886826059,80010.82626920442,80007.2970472607,80010.42749267757,0,1
1370217540000,1370217599999,80010.45095056054,80010.45095056054,80006.04995880832,80006.04995880832,0,1
1370304000000,1370304059999,80014.72271884438,80016.70888834551,80014.5887303071,80015.96202771357,0,1
1370304060000,1370304119999,80016.05245775361,80018.70136015737,80015.92518561093,80018.70136015737,0,1
1370304120000,1370304179999,80019.4681048661,80019.6924251714,80017.70349952955,80019.42792756365,0,1
1370304180000,1370304239999,80019.44801623505,80019.44801623505,80017.60638697057,80018.70136015737,0,1
1370304240000,1370304299999,80018.06515179826,80018.07519750792,80016.24336293052,80018.07519750792,0,1
1370304300000,1370304359999,80018.2292304589,80018.53394082922,80016.62516235124,80017.0002493413,0,1
1370304360000,1370304419999,80016.74572756095,80017.18108982763,80015.90174056588,80016.95001529252,0,1
1370304420000,1370304479999,80016.70219029178,80018.07854607556,80015.98547261726,80018.07854607556,0,1
1370304480000,1370304539999,80018.01492309863,80018.20579081509,80017.65661772227,80017.65661772227,0,1
1370304540000,1370304599999,80017.92116218427,80019.49823773697,80017.92116218427,80019.49823773697,0,1
1370304600000,1370304659999,80019.41118697333,80020.42561614102,80019.3241354519,80020.19461656734,0,1
1370304660000,1370304719999,80020.44235503321,80020.45239835509,80018.76497876717,80018.76497876717,0,1
1370304720000,1370304779999,80018.80181040888,80018.80181040888,80015.7644184838,80016.14958540429,0,1
1370304780000,1370304839999,80016.83280153062,80016.8729892609,80014.307348535,80015.33904299355,0,1
1370304840000,1370304899999,80014.96389368745,80014.96389368745,80012.67919855533,80012.67919855533,0,1
1370304900000,1370304959999,80013.1783920564,80014.42459190225,80011.76450419077,80011.76450419077,0,1
1370304960000,1370305019999,80011.62712528315,80014.9705929056,80011.62712528315,80012.13307242385,0,1
1370305020000,1370305079999,80012.1029173514,80012.1029173514,80011.00387043839,80011.67068465332,0,1
1370305080000,1370305139999,80011.77455623186,80012.85341656773,80011.58021498,80011.82146562336,0,1
1370305140000,1370305199999,80011.73434800685,80012.14982520258,80009.95497217437,80010.76260006947,0,1
1370305200000,1370305259999,80010.99046668173,80014.09965691014,80010.06221282877,80014.09965691014,0,1
1370305260000,1370305319999,80014.4580897547,80015.41943029962,80011.56681199584,80012.96397642442,0,1
1370305320000,1370305379999,80012.65909628167,80013.5301577443,80011.48304293775,80011.48304293775,0,1
1370305380000,1370305439999,80011.67738607805,80014.54853339583,80011.67738607805,80014.54853339583,0,1
1370305440000,1370305499999,80014.21355285146,80014.21355285146,80009.9013514159,80009.93486442363,0,1
1370305500000,1370305559999,80010.95360625825,80012.87686876068,80010.95360625825,80012.64904512968,0,1
1370305560000,1370305619999,80012.88021906948,80012.88021906948,80011.5534089937,80011.5534089937,0,1
1370305620000,1370305679999,80010.98041385245,80012.66579704404,80010.58499455043,80012.66579704404,0,1
1370305680000,1370305739999,80012.6222420083,80013.01758076342,80011.93873813939,80012.50497750768,0,1
1370305740000,1370305799999,80012.14312409447,80012.28719692964,80010.9402024342,80011.34566016337,0,1
1370305800000,1370305859999,80011.14795968797,80011.80806296253,80011.11445074543,80011.11445074543,0,1
1370305860000,1370305919999,80011.04408160062,80011.10104713698,80009.76059555693,80010.56823914996,0,1
1370305920000,1370305979999,80010.35711869852,80010.45765280271,80009.71032512716,80009.93821571823,0,1
1370305980000,1370306039999,80009.93821571823,80010.33030943338,80009.40199429619,80009.75054149119,0,1
1370306040000,1370306099999,80009.63659470635,80009.93486442363,80009.17073993398,80009.79075769351,0,1
1370306100000,1370306159999,80009.21431000529,80009.21431000529,80007.55851382668,80009.12381810641,0,1
1370306160000,1370306219999,80009.33496459668,80010.49786616137,80008.48029654169,80009.39529134646,0,1
1370306220000,1370306279999,80009.3550735537,80009.40534576937,80008.26578015044,80008.48029654169,0,1
1370306280000,1370306339999,80008.69480833129,80009.50924088089,80008.30600232433,80008.47359297411,0,1
1370306340000,1370306399999,80008.40320524329,80009.88794618136,80007.87695746192,80009.53940377562,0,1
1370306400000,1370306459999,80008.20209471094,80010.13929133875,80008.20209471094,80009.7371360545,0,1
1370306460000,1370306519999,80010.11248148963,80010.3068512674,80009.55280947739,80009.9181079338,0,1
1370306520000,1370306579999,80010.00524137431,80010.00524137431,80008.46353761434,80008.580849516,0,1
1370306580000,1370306639999,80008.68810490753,80009.65670305685,80008.20209471094,80009.65670305685,0,1
1370306640000,1370306699999,80009.71702786574,80009.71702786574,80008.43001967538,80008.83222752839,0,1
1370306700000,1370306759999,80008.81211751993,80009.39529134646,80005.18495127918,80005.73145698721,0,1
1370306760000,1370306819999,80005.78510010958,80005.78510010958,80001.77783735338,80001.77783735338,0,1
1370306820000,1370306879999,80003.11600575835,80004.59482568956,80002.56600332679,80002.66326205597,0,1
1370306880000,1370306939999,80002.90137426218,80003.0690555122,80001.6637996854,80001.82479366222,0,1
1370306940000,1370306999999,80001.55311482282,80004.32992844704,80001.31161632463,80002.56264956064,0,1
1370307000000,1370307059999,80003.1260664967,80004.82953890187,80002.61630968413,80004.82953890187,0,1
1370307060000,1370307119999,80004.61494418078,80005.9259119367,80003.19649138176,80003.19649138176,0,1
1370307120000,1370307179999,80003.04222670113,80005.50011772566,80003.04222670113,80004.77589065334,0,1
1370307180000,1370307239999,80005.95608564168,80007.14619805508,80005.19165705169,80006.30140044898,0,1
1370307240000,1370307299999,80006.331573021,80007.17636807825,80004.86642190583,80004.86642190583,0,1
1370307300000,1370307359999,80005.25871452934,80006.16059390911,80004.95695233872,80005.10448165849,0,1
1370307360000,1370307419999,80004.93012859218,80006.06336918876,80004.64847490951,80004.64847490951,0,1
1370307420000,1370307479999,80004.67194635273,80004.67194635273,80002.83430097488,80003.28703693382,0,1
1370307480000,1370307539999,80003.33733966404,80006.34498302378,80003.33733966404,80006.28799038773,0,1
1370307540000,1370307599999,80006.37180297541,80006.46231978113,80004.23603913249,80004.53111686705,0,1
1370307600000,1370307659999,80005.47329543608,80006.07007437223,80004.21591987896,80005.84209561179,0,1
1370307660000,1370307719999,80005.92255929719,80007.02216478132,80005.64093356571,80006.36174550198,0,1
1370307720000,1370307779999,80007.05568743944,80008.72497368266,80006.74727474569,80008.72497368266,0,1
1370307780000,1370307839999,80008.09148219413,80009.62654051595,80007.68589249764,80009.62654051595,0,1
1370307840000,1370307899999,80009.48242934255,80009.48242934255,80005.04077608285,80005.04077608285,0,1
1370307900000,1370307959999,80005.15812814423,80005.15812814423,80003.35746068526,80003.81017296003,0,1
1370307960000,1370308019999,80003.18307715618,80005.23859733326,80003.18307715618,80005.23859733326,0,1
1370308020000,1370308079999,80004.87312789191,80005.36600555826,80004.2125666661,80004.95024640881,0,1
1370308080000,1370308139999,80005.46323705892,80006.4254426629,80004.85971591521,80006.10360022217,0,1
1370308140000,1370308199999,80005.5437037928,80006.25781768422,80004.19244736536,80004.44728885063,0,1
1370308200000,1370308259999,80004.9971878236,80004.9971878236,80004.17232802414,80004.70212384163,0,1
1370308260000,1370308319999,80004.23268592637,80004.82618589478,80003.20990558936,80003.88394635165,0,1
1370308320000,1370308379999,80004.10861650987,80004.71218298437,80003.18307715618,80004.32657527241,0,1
1370308380000,1370308439999,80004.73565427803,80004.73565427803,80004.19580058496,80004.72224211697,0,1
1370308440000,1370308499999,80004.33663479294,80004.33663479294,80002.78064202114,80002.78064202114,0,1
1370308500000,1370308559999,80002.92149616063,80003.65927114563,80002.59618717157,80003.34740017971,0,1
1370308560000,1370308619999,80003.41447002559,80006.8143217926,80003.41447002559,80006.29134290473,0,1
1370308620000,1370308679999,80006.22093981184,80006.76403654958,80005.07430538377,80005.07430538377,0,1
1370308680000,1370308739999,80005.20842146326,80006.89142534081,80005.02736433102,80006.36509799426,0,1
1370308740000,1370308799999,80005.90244343654,80007.4411899311,80005.01059961591,80006.71375105366,0,1
1370308800000,1370308859999,80006.331573021,80007.81326954612,80006.31816300024,80006.70369392414,0,1
1370308860000,1370308919999,80006.68693201912,80012.93717414717,80006.61988411809,80011.88512801699,0,1
1370308920000,1370308979999,80012.05935986397,80012.05935986397,80007.88701341156,80010.52802607427,0,1
1370308980000,1370309039999,80009.88794618136,80011.46628904191,80009.613134913,80011.15131057602,0,1
1370309040000,1370309099999,80010.76260006947,80011.46963982332,80009.54275520274,80009.58632365322,0,1
1370309100000,1370309159999,80009.78405500435,80009.78405500435,80006.66011291265,80008.13840886582,0,1
1370309160000,1370309219999,80008.949535105,80008.949535105,80007.57527427081,80007.64566782948,0,1
1370309220000,1370309279999,80006.07007437223,80007.74287716727,80004.58811951685,80005.9393224835,0,1
1370309280000,1370309339999,80006.22429235131,80008.17527966769,80006.22429235131,80007.6289075033,0,1
1370309340000,1370309399999,80007.60544299948,80007.8266775621,80007.27693416475,80007.59538676671,0,1
1370309400000,1370309459999,80007.36744277789,80007.80321352233,80004.38357908816,80005.41629783182,0,1
1370309460000,1370309519999,80005.05083488495,80005.15477524731,80003.08582348256,80004.48082014153,0,1
1370309520000,1370309579999,80003.7431057681,80003.7431057681,80001.6336130262,80002.71356792403,0,1
1370309580000,1370309639999,80002.29099076675,80003.45806518415,80001.93547551779,80002.90808156617,0,1
1370309640000,1370309699999,80002.52240427907,80003.40440957737,80002.38489834493,80003.16295578408,0,1
1370309700000,1370309759999,80003.50836705406,80004.43052316301,80003.1696629126,80004.23603913249,0,1
1370309760000,1370309819999,80003.92083284336,80005.09442291036,80003.41111654397,80004.29974983493,0,1
1370309820000,1370309879999,80005.08436415214,80005.08436415214,80003.43459089163,80003.73639902417,0,1
1370309880000,1370309939999,80002.8980206085,80002.8980206085,80001.26130340341,80001.74765103843,0,1
1370309940000,1370309999999,80001.60342627588,80002.01261669268,80000.94935764172,80001.10700886654,0,1
1370310000000,1370310059999,80001.24117816405,80002.12329646944,80001.23782395356,80001.23782395356,0,1
1370310060000,1370310119999,80001.49274074505,80003.25014810418,80001.49274074505,80002.60960218444,0,1
1370310120000,1370310179999,80002.33794466608,80003.11600575835,80001.12378012718,80002.93826437842,0,1
1370310180000,1370310239999,80003.0992378386,80003.72633889983,80002.653200852,80003.72633889983,0,1
1370310240000,1370310299999,80003.65927114563,80005.02401139024,80002.85777667661,80004.97036418499,0,1
1370310300000,1370310359999,80005.95943826996,80007.46465482033,80005.73816239325,80007.46465482033,0,1
1370310360000,1370310419999,80006.69028440237,80007.56857009654,80006.120363105,80007.0154602362,0,1
1370310420000,1370310479999,80007.1596069655,80008.51046254014,80007.12943689177,80008.28924310488,0,1
1370310480000,1370310539999,80008.50040721743,80009.67681136691,80006.7740936184,80007.67248429291,0,1
1370310540000,1370310599999,80007.8400855601,80008.11829746206,80007.22665124793,80007.2970472607,0,1
1370310600000,1370310659999,80006.70704630176,80010.12923765376,80006.58971241595,80009.88124355733,0,1
1370310660000,1370310719999,80010.10242777767,80010.2800418675,80009.87118961291,80010.03540277299,0,1
1370310720000,1370310779999,80009.85443301637,80011.16471411711,80009.50588944253,80010.48111061491,0,1
1370310780000,1370310839999,80010.0990765381,80012.05600928016,80009.92816183106,80012.05600928016,0,1
1370310840000,1370310899999,80012.08951506777,80012.08951506777,80010.68887740676,80011.02062510897,0,1
1370310900000,1370310959999,80011.07759077895,80012.2168360369,80011.07759077895,80011.3624142613,0,1
1370310960000,1370311019999,80010.53472826477,80011.39927317793,80010.53472826477,80010.93014955439,0,1
1370311020000,1370311079999,80011.22502982966,80011.22502982966,80010.32025594042,80010.32025594042,0,1
1370311080000,1370311139999,80010.98041385245,80011.99569857953,80010.98041385245,80011.61707309386,0,1
1370311140000,1370311199999,80011.7108931343,80011.82146562336,80010.89999085428,80011.24513498633,0,1
1370311200000,1370311259999,80011.27864349095,80011.86502414699,80011.04408160062,80011.04408160062,0,1
1370311260000,1370311319999,80011.29874853983,80011.73769869846,80010.7491959894,80010.7491959894,0,1
1370311320000,1370311379999,80011.20492463256,80011.20492463256,80010.00524137431,80010.9636591145,0,1
1370311380000,1370311439999,80011.07759077895,80011.14125790844,80006.61653171123,80008.11159365182,0,1
1370311440000,1370311499999,80007.59538676671,80010.1325888832,80007.31045596885,80009.19084922125,0,1
1370311500000,1370311559999,80008.39650162405,80008.76854569624,80008.09818601784,80008.76854569624,0,1
1370311560000,1370311619999,80008.65123599644,80008.99980935945,80008.06131493172,80008.06131493172,0,1
1370311620000,1370311679999,80008.43001967538,80008.43001967538,80006.33827802465,80006.33827802465,0,1
1370311680000,1370311739999,80006.21088218667,80006.21088218667,80002.98856886309,80004.6317095592,0,1
1370311740000,1370311799999,80004.3433411343,80006.48578696739,80004.3433411343,80006.17065158485,0,1
1370311800000,1370311859999,80006.45896732145,80007.14955028438,80006.18741435527,80006.98193744321,0,1
1370311860000,1370311919999,80006.89142534081,80008.09818601784,80006.86795910647,80006.97523287113,0,1
1370311920000,1370311979999,80007.6255554347,80007.83338156335,80006.51931142365,80007.24341224828,0,1
1370311980000,1370312039999,80007.7093568127,80008.14176076252,80005.22518584672,80005.22518584672,0,1
1370312040000,1370312099999,80006.4187377177,80006.50925409855,80004.9033047737,80005.44982587366,0,1
1370312100000,1370312159999,80005.13465784215,80006.43214760358,80005.13465784215,80006.43214760358,0,1
1370312160000,1370312219999,80007.55516173448,80011.42272878141,80007.55516173448,80011.42272878141,0,1
1370312220000,1370312279999,80009.79075769351,80009.79075769351,80006.60312207259,80006.60312207259,0,1
1370312280000,1370312339999,80007.17301585794,80007.17301585794,80006.4287951338,80006.5595406228,0,1
1370312340000,1370312399999,80006.63329373425,80008.8523374964,80006.63329373425,80007.07915323327,0,1
1370312400000,1370312459999,80006.61988411809,80008.48029654169,80006.61988411809,80008.48029654169,0,1
1370312460000,1370312519999,80008.0814264501,80008.31605784253,80007.5484575467,80007.60209092303,0,1
1370312520000,1370312579999,80008.65123599644,80009.25452836418,80007.85684553233,80008.49705544095,0,1
1370312580000,1370312639999,80008.41661246831,80009.713676497,80008.14176076252,80008.37974255627,0,1
1370312640000,1370312699999,80007.93394104278,80008.580849516,80007.93394104278,80008.580849516,0,1
1370312700000,1370312759999,80008.78195243144,80009.25787988678,80008.23561341387,80008.23561341387,0,1
1370312760000,1370312819999,80008.50711076704,80008.83557919254,80008.50711076704,80008.83557919254,0,1
1370312820000,1370312879999,80008.26578015044,80010.1728035491,80008.26578015044,80009.23106767448,0,1
1370312880000,1370312939999,80009.74719013371,80009.85778433793,80008.71827027912,80009.21431000529,0,1
1370312940000,1370312999999,80009.27128596597,80009.27128596597,80007.80321352233,80007.80321352233,0,1
1370313000000,1370313059999,80007.92723710895,80009.15063060627,80007.89706935106,80008.77860074933,0,1
1370313060000,1370313119999,80008.65123599644,80008.80206250056,80006.31816300024,80007.06239195759,0,1
1370313120000,1370313179999,80006.80091241917,80006.80091241917,80005.54705655933,80006.30475296149,0,1
1370313180000,1370313239999,80006.50590165461,80007.83673356229,80005.38276967756,80006.90148228154,0,1
1370313240000,1370313299999,80006.83443581902,80006.83443581902,80005.95608564168,80006.29134290473,0,1
1370313300000,1370313359999,80006.71710342792,80009.68016274799,80006.71710342792,80009.68016274799,0,1
1370313360000,1370313419999,80009.21766154138,80009.82427107188,80009.21766154138,80009.82427107188,0,1
1370313420000,1370313479999,80009.35172206369,80009.79746037816,80009.09700553468,80009.09700553468,0,1
1370313480000,1370313539999,80009.39529134646,80009.39529134646,80008.18868719832,80008.5406284476,0,1
1370313540000,1370313599999,80008.54398020948,80010.19626202952,80008.54398020948,80009.80416305833,0,1
1370313600000,1370313659999,80009.3684795026,80009.86113565836,80009.3684795026,80009.83097373408,0,1
1370313660000,1370313719999,80009.51929518925,80010.24653001653,80009.22101307634,80009.324910103,0,1
1370313720000,1370313779999,80009.8209197391,80009.8209197391,80009.19755230802,80009.19755230802,0,1
1370313780000,1370313839999,80009.22101307634,80009.78070365809,80009.22101307634,80009.60308069902,0,1
1370313840000,1370313899999,80009.27128596597,80009.86448697766,80009.27128596597,80009.62989191388,0,1
1370313900000,1370313959999,80009.55280947739,80011.30880104912,80007.8300295633,80007.8300295633,0,1
1370313960000,1370314019999,80008.01773983652,80008.01773983652,80005.8722695697,80006.80091241917,0,1
1370314020000,1370314079999,80006.60982689416,80006.60982689416,80004.95359937433,80005.84544827828,0,1
1370314080000,1370314139999,80006.25446515599,80006.79756007301,80006.25446515599,80006.53607360962,0,1
1370314140000,1370314199999,80006.39191789195,80006.92830074069,80006.27122778591,80006.88472070805,0,1
1370314200000,1370314259999,80006.69028440237,80006.69028440237,80004.6820055258,80006.18741435527,0,1
1370314260000,1370314319999,80006.98193744321,80007.4143728474,80005.84544827828,80005.84544827828,0,1
1370314320000,1370314379999,80005.08436415214,80006.98864201081,80005.0608936769,80006.28463786963,0,1
1370314380000,1370314439999,80006.51595898306,80007.77304539029,80005.89238549104,80006.78415067712,0,1
1370314440000,1370314499999,80006.7506271087,80007.56186591774,80006.73721764988,80007.56186591774,0,1
1370314500000,1370314559999,80007.79986151216,80008.1216493655,80006.080132139,80006.080132139,0,1
1370314560000,1370314619999,80006.38521292426,80007.34732982355,80006.38521292426,80007.04227838968,0,1
1370314620000,1370314679999,80006.72716054396,80008.17527966769,80006.24776009614,80006.24776009614,0,1
1370314680000,1370314739999,80005.98290663637,80006.74057001626,80003.37758166602,80003.37758166602,0,1
1370314740000,1370314799999,80003.06234831618,80003.44465130946,80001.98913900681,80003.44465130946,0,1
1370314800000,1370314859999,80003.25014810418,80003.46141865004,80001.24788658168,80001.2545949948,0,1
1370314860000,1370314919999,80000.99631784092,80001.88516573532,80000.99631784092,80001.88516573532,0,1
1370314920000,1370314979999,80002.10652688504,80003.02545865768,80001.3384497791,80002.4653898529,0,1
1370314980000,1370315039999,80002.71356792403,80002.76051983924,80001.49609487003,80001.60342627588,0,1
1370315040000,1370315099999,80000.91246018761,80001.73423486919,80000.89568857255,80001.73423486919,0,1
1370315100000,1370315159999,80001.6637996854,80002.7672272377,80001.6637996854,80002.7672272377,0,1
1370315160000,1370315219999,80002.76387353904,80003.73639902417,80002.76387353904,80002.77728832696,0,1
1370315220000,1370315279999,80003.01204420265,80003.01204420265,80001.2713660079,80001.2713660079,0,1
1370315280000,1370315339999,80001.26801180754,80001.5296360581,79999.47670807915,79999.47670807915,0,1
1370315340000,1370315399999,79999.32574085731,79999.70818672617,79999.2083203313,79999.70818672617,0,1
1370315400000,1370315459999,79999.40290216656,80001.0835290544,79999.40290216656,80000.90239722196,0,1
1370315460000,1370315519999,80001.43907459211,80001.43907459211,80001.06675772626,80001.06675772626,0,1
1370315520000,1370315579999,80000.81518442878,80001.03992354273,80000.06378116606,80000.21809180007,0,1
1370315580000,1370315639999,79999.8658575193,80001.4021789449,79999.8658575193,80001.4021789449,0,1
1370315640000,1370315699999,80000.96277486398,80005.78845279517,80000.1811916477,80004.37351961488,0,1
1370315700000,1370315759999,80005.12459912438,80005.12459912438,79999.89269485352,79999.89269485352,0,1
1370315760000,1370315819999,80000.16106423446,80004.29974983493,79999.54044911075,80003.78334613724,0,1
1370315820000,1370315879999,80003.25014810418,80004.64512184169,80003.25014810418,80004.5747071579,0,1
1370315880000,1370315939999,80004.9938348727,80004.9938348727,80003.29709750011,80004.33328162055,0,1
1370315940000,1370315999999,80004.14550217288,80004.14550217288,80002.9181425137,80003.5016601527,0,1
1370316000000,1370316059999,80003.35075368268,80003.53854805455,80003.22331977896,80003.33063264795,0,1
1370316060000,1370316119999,80003.57208239273,80004.91336371408,80003.57208239273,80004.91336371408,0,1
1370316120000,1370316179999,80005.19165705169,80006.06672178107,80004.537823078,80004.98377601328,0,1
1370316180000,1370316239999,80004.77589065334,80005.02736433102,80004.77589065334,80005.02736433102,0,1
1370316240000,1370316299999,80006.80761710815,80007.97751650316,80005.8722695697,80006.97858515773,0,1
1370316300000,1370316359999,80006.95511912792,80006.95511912792,80004.07173071081,80005.16818682828,0,1
1370316360000,1370316419999,80004.66188716952,80004.66188716952,80002.50898914922,80003.951012599,0,1
1370316420000,1370316479999,80003.8705330482,80005.07095245874,80002.50898914922,80002.50898914922,0,1
1370316480000,1370316539999,80002.99862972966,80003.73639902417,80002.81082521804,80003.73639902417,0,1
1370316540000,1370316599999,80003.29039045704,80005.92255929719,80003.29039045704,80005.22518584672,0,1
1370316600000,1370316659999,80005.44647307454,80007.87025348989,80005.44647307454,80007.87025348989,0,1
1370316660000,1370316719999,80008.74843555971,80008.74843555971,80006.93835764434,80006.93835764434,0,1
1370316720000,1370316779999,80008.53727668461,80008.81546919083,80006.21758727123,80008.81546919083,0,1
1370316780000,1370316839999,80009.24447378961,80010.8396731812,80007.97416455142,80010.8396731812,0,1
1370316840000,1370316899999,80010.01864645163,80010.19626202952,80009.06684130552,80010.19626202952,0,1
1370316900000,1370316959999,80009.54275520274,80009.54275520274,80008.26913200445,80008.75178725195,0,1
1370316960000,1370317019999,80008.46688940206,80009.71702786574,80007.4143728474,80008.19874283446,0,1
1370317020000,1370317079999,80008.70486345854,80009.78070365809,80008.19203907815,80009.69356826108,0,1
1370317080000,1370317139999,80009.22101307634,80011.19822289121,80007.52834495643,80007.68589249764,0,1
1370317140000,1370317199999,80008.80206250056,80008.80206250056,80007.98422040328,80008.60095998953,0,1
1370317200000,1370317259999,80008.03449951098,80009.7773523107,80006.53942604344,80007.91718119975,0,1
1370317260000,1370317319999,80008.34957616347,80008.66129116749,80007.5316970576,80007.92388514034,0,1
1370317320000,1370317379999,80008.14846455255,80008.14846455255,80007.66578018379,80007.90377330512,0,1
1370317380000,1370317439999,80007.66242812753,80009.36177653041,80007.51828864611,80008.36968710211,0,1
1370317440000,1370317499999,80008.14846455255,80009.83097373408,80007.53504915767,80009.83097373408,0,1
1370317500000,1370317559999,80009.23106767448,80010.32025594042,80008.55738724578,80010.32025594042,0,1
1370317560000,1370317619999,80009.61983771672,80009.65670305685,80008.09148219413,80008.14176076252,0,1
1370317620000,1370317679999,80008.80876584793,80009.98178244579,80007.68924454603,80008.1618721191,0,1
1370317680000,1370317739999,80008.34622433643,80009.8477303699,80008.34622433643,80009.46902354642,0,1
1370317740000,1370317799999,80009.23106767448,80009.713676497,80007.2132424274,80009.713676497,0,1
1370317800000,1370317859999,80008.94283185198,80009.68016274799,80007.79650950087,80007.79650950087,0,1
1370317860000,1370317919999,80007.60544299948,80008.92272206595,80007.3372733312,80007.9104772547,0,1
1370317920000,1370317979999,80007.60544299948,80009.84102771895,80007.26017322057,80007.57192218423,0,1
1370317980000,1370318039999,80008.09148219413,80009.28134051357,80007.88701341156,80007.97416455142,0,1
1370318040000,1370318099999,80007.95740477579,80010.22307165404,80007.95740477579,80009.81421707016,0,1
1370318100000,1370318159999,80009.9181079338,80012.02585397531,80009.25117684044,80011.02397603972,0,1
1370318160000,1370318219999,80011.12115254291,80011.35236180591,80007.8266775621,80007.8266775621,0,1
1370318220000,1370318279999,80008.29594679603,80009.713676497,80008.29594679603,80008.30935416484,0,1
1370318280000,1370318339999,80008.20879846052,80008.34957616347,80007.9507008577,80007.9507008577,0,1
1370318340000,1370318399999,80007.98757235166,80010.16274989779,80007.98757235166,80009.50588944253,0,1
1370318400000,1370318459999,80009.31150409569,80009.31150409569,80007.08920998519,80008.09483410654,0,1
1370318460000,1370318519999,80008.135056968,80008.135056968,80007.5316970576,80008.0445553022,0,1
1370318520000,1370318579999,80008.11829746206,80008.51381431214,80007.13949359312,80008.14511265811,0,1
1370318580000,1370318639999,80007.6255554347,80007.6255554347,80006.51260654138,80006.66011291265,0,1
1370318640000,1370318699999,80007.06239195759,80007.80321352233,80007.06239195759,80007.55516173448,0,1
1370318700000,1370318759999,80007.22329904446,80009.20090384973,80007.22329904446,80009.20090384973,0,1
1370318760000,1370318819999,80008.8556891538,80008.8556891538,80007.93058907641,80008.05461108328,0,1
1370318820000,1370318879999,80007.77974942751,80007.77974942751,80006.65005572917,80007.01881250931,0,1
1370318880000,1370318939999,80006.70369392414,80007.59538676671,80006.70369392414,80007.59538676671,0,1
1370318940000,1370318999999,80008.09483410654,80008.18868719832,80007.61214714906,80008.15181644587,0,1
1370319000000,1370319059999,80007.53504915767,80008.0847783659,80004.8496569209,80004.92006966869,0,1
1370319060000,1370319119999,80005.35594707321,80005.45653146855,80005.08436415214,80005.45653146855,0,1
1370319120000,1370319179999,80005.46323705892,80006.3952703741,80005.0608936769,80006.3952703741,0,1
1370319180000,1370319239999,80005.93261721235,80006.75397947061,80005.93261721235,80006.69028440237,0,1
1370319240000,1370319299999,80006.24776009614,80006.6299413319,80006.1773566964,80006.37180297541,0,1
1370319300000,1370319359999,80006.9953465739,80009.44221190026,80006.77744597242,80009.44221190026,0,1
1370319360000,1370319419999,80009.47572644673,80010.13929133875,80009.2109584681,80009.2109584681,0,1
1370319420000,1370319479999,80010.1828571903,80010.1828571903,80008.7886557923,80008.7886557923,0,1
1370319480000,1370319539999,80008.46353761434,80010.04545655233,80008.35963163784,80009.06013813113,0,1
1370319540000,1370319599999,80008.59425650287,80009.50588944253,80008.37639073934,80009.16738838218,0,1
1370319600000,1370319659999,80009.37183098702,80009.37183098702,80008.26578015044,80008.43001967538,0,1
1370319660000,1370319719999,80008.82887586312,80009.33161309992,80007.80991753931,80008.79871082517,0,1
1370319720000,1370319779999,80008.3261133506,80009.0433801755,80008.3261133506,80008.61436694943,0,1
1370319780000,1370319839999,80008.77524906608,80008.77524906608,80007.6289075033,80007.6289075033,0,1
1370319840000,1370319899999,80007.60544299948,80009.58967506462,80007.60544299948,80009.33831609233,0,1
1370319900000,1370319959999,80009.36177653041,80009.36177653041,80006.63329373425,80008.50711076704,0,1
1370319960000,1370320019999,80008.3261133506,80008.3261133506,80005.88568018842,80008.26913200445,0,1
1370320020000,1370320079999,80009.79746037816,80010.15269623637,80007.8601975234,80008.14176076252,0,1
1370320080000,1370320139999,80008.62107042263,80010.18620840179,80008.3227615157,80008.95958997612,0,1
1370320140000,1370320199999,80008.27918755972,80009.68686550678,80008.19539095687,80009.04673176889,0,1
1370320200000,1370320259999,80009.87454092884,80009.87454092884,80006.56289304874,80008.95623835352,0,1
1370320260000,1370320319999,80009.72037923333,80011.15466146299,80009.1539821637,80010.29009540088,0,1
1370320320000,1370320379999,80010.32695827018,80010.84637516284,80009.94826959529,80010.84637516284,0,1
1370320380000,1370320439999,80010.94690434847,80011.85497219683,80009.55951232153,80010.56823914996,0,1
1370320440000,1370320499999,80010.97036101302,80011.30209937738,80009.46902354642,80010.14264256485,0,1
1370320500000,1370320559999,80009.65000027785,80011.15131057602,80009.65000027785,80011.15131057602,0,1
1370320560000,1370320619999,80010.73914291756,80011.29874853983,80009.99518755455,80010.27669068746,0,1
1370320620000,1370320679999,80010.06891533147,80013.44975524943,80010.06891533147,80012.94387472322,0,1
1370320680000,1370320739999,80013.07453505877,80013.75126127202,80012.88021906948,80012.98742835809,0,1
1370320740000,1370320799999,80013.87186113576,80014.76291505549,80012.88356937715,80014.30399870429,0,1
1370320800000,1370320859999,80014.33079731841,80014.33079731841,80013.27889780133,80013.79816139187,0,1
1370320860000,1370320919999,80013.60720952864,80014.52173536521,80013.60720952864,80014.52173536521,0,1
1370320920000,1370320979999,80014.52508512298,80015.26535406201,80012.98407808524,80012.98407808524,0,1
1370320980000,1370321039999,80013.17504184751,80014.76291505549,80013.17504184751,80014.71601946015,0,1
1370321040000,1370321099999,80014.36764529554,80014.84665664301,80013.42965452469,80014.02260892015,0,1
1370321100000,1370321159999,80014.41119272984,80014.89690125894,80013.33585060838,80014.26380064848,0,1
1370321160000,1370321219999,80014.7930621078,80015.04428400926,80013.89196097162,80014.36429548505,0,1
1370321220000,1370321279999,80014.45139019318,80015.23855795227,80014.40784293393,80014.96724329708,0,1
1370321280000,1370321339999,80015.07777978593,80015.07777978593,80014.25710095679,80014.81985941129,0,1
1370321340000,1370321399999,80014.5887303071,80015.34239247756,80014.39444373909,80015.34239247756,0,1
1370321400000,1370321459999,80015.50651581859,80015.93188418515,80014.52508512298,80015.04763359197,0,1
1370321460000,1370321519999,80015.45292481974,80016.41416973645,80015.45292481974,80016.20317266982,0,1
1370321520000,1370321579999,80016.15293461681,80016.2266170082,80014.21020298936,80014.21020298936,0,1
1370321580000,1370321639999,80015.10792588902,80015.27205307821,80013.93886043159,80014.18005417986,0,1
1370321640000,1370321699999,80013.89531094037,80014.68922187836,80013.30569916268,80014.03265869163,0,1
1370321700000,1370321759999,80014.31069836457,80015.13807190124,80013.35930166995,80013.35930166995,0,1
1370321760000,1370321819999,80013.56365859305,80014.87680344286,80012.62559240242,80012.96062614369,0,1
1370321820000,1370321879999,80013.98910960888,80014.39779353948,80012.73280442088,80014.39779353948,0,1
1370321880000,1370321939999,80014.41789231828,80016.04241001177,80013.94891028725,80015.73092500697,0,1
1370321940000,1370321999999,80015.92518561093,80015.92518561093,80014.33414714014,80014.33414714014,0,1
1370322000000,1370322059999,80014.88015308167,80016.1026963114,80014.88015308167,80015.39263460273,0,1
1370322060000,1370322119999,80015.93188418515,80016.68879417081,80015.57685356874,80016.02231449778,0,1
1370322120000,1370322179999,80016.03236225982,80016.52469023275,80015.72087694207,80015.79791184842,0,1
1370322180000,1370322239999,80016.02231449778,80016.511293874,80015.93523347056,80016.19982347413,0,1
1370322240000,1370322299999,80015.57685356874,80015.64384144226,80014.9873409314,80015.4596237103,0,1
1370322300000,1370322359999,80016.01561598414,80016.23666456496,80015.92183632216,80016.23666456496,0,1
1370322360000,1370322419999,80016.09599785162,80017.56955092563,80016.09599785162,80017.56955092563,0,1
1370322420000,1370322479999,80017.33848536681,80018.46362387555,80017.29495067828,80017.73028903504,0,1
1370322480000,1370322539999,80017.88767593037,80017.99483154812,80016.57827548822,80017.6800586534,0,1
1370322540000,1370322599999,80017.857538206,80018.1254259048,80017.68675605218,80018.10198601765,0,1
1370322600000,1370322659999,80017.87093276138,80018.75828209046,80017.60303824482,80017.60303824482,0,1
1370322660000,1370322719999,80017.71354560253,80018.07854607556,80017.70684822167,80017.79391382293,0,1
1370322720000,1370322779999,80018.16225990218,80018.16225990218,80017.30834598724,80017.80730846353,0,1
1370322780000,1370322839999,80017.58629459924,80017.72694035077,80017.58629459924,80017.72694035077,0,1
1370322840000,1370322899999,80017.99818014268,80017.99818014268,80017.65661772227,80017.85084092157,0,1
1370322900000,1370322959999,80017.34183418115,80018.34977633081,80017.34183418115,80018.34977633081,0,1
1370322960000,1370323019999,80018.25601855601,80018.78841710032,80018.25601855601,80018.35647328108,0,1
1370323020000,1370323079999,80018.53728924326,80018.89221477254,80018.2895035765,80018.74823706699,0,1
1370323080000,1370323139999,80018.57747012419,80018.90895623168,80018.2526700478,80018.26941257766,0,1
1370323140000,1370323199999,80018.68796671428,80018.88216988361,80017.68340735335,80017.82070308618,0,1
1370323200000,1370323259999,80018.05845465288,80018.05845465288,80015.61704634671,80016.08595015352,0,1
1370323260000,1370323319999,80016.00556820529,80016.42421710478,80015.98882188475,80016.19647427733,0,1
1370323320000,1370323379999,80015.08447892782,80015.42277975666,80014.93039752929,80015.20171318413,0,1
1370323380000,1370323439999,80014.9873409314,80015.19501412079,80014.71266976636,80014.71266976636,0,1
1370323440000,1370323499999,80013.75461128788,80013.79816139187,80013.34590107006,80013.79816139187,0,1
1370323500000,1370323559999,80014.50498655961,80014.60882870214,80014.28389969659,80014.28389969659,0,1
1370323560000,1370323619999,80014.12645607187,80014.3810445263,80013.45980559665,80014.1700045565,0,1
1370323620000,1370323679999,80013.32580013658,80015.89839126923,80013.32580013658,80015.89839126923,0,1
1370323680000,1370323739999,80016.2266170082,80016.41416973645,80015.92183632216,80016.06250548536,0,1
1370323740000,1370323799999,80016.3907258378,80017.6934534465,80015.98547261726,80016.80935861335,0,1
1370323800000,1370323859999,80017.59299206083,80018.79511375686,80017.59299206083,80017.7872164959,0,1
1370323860000,1370323919999,80018.14216864771,80018.3330339355,80016.97010894232,80018.08859177177,0,1
1370323920000,1370323979999,80018.95918044091,80019.52502243489,80016.58832269166,80016.66200187507,0,1
1370323980000,1370324039999,80016.96341106352,80017.08732109482,80015.51991352343,80015.51991352343,0,1
1370324040000,1370324099999,80015.17826644282,80016.8026606269,80015.14477100273,80015.70078078193,0,1
1370324100000,1370324159999,80016.511293874,80016.86964028954,80014.900250891,80014.900250891,0,1
1370324160000,1370324219999,80015.02083689882,80015.9452813201,80014.45139019318,80015.08112935744,0,1
1370324220000,1370324279999,80015.18496551737,80016.89643202898,80014.8902019914,80015.02418648938,0,1
1370324280000,1370324339999,80015.84480237044,80018.5540312966,80015.84480237044,80018.5540312966,0,1
1370324340000,1370324399999,80018.52389558041,80019.36431317133,80017.94795110663,80019.36431317133,0,1
1370324400000,1370324459999,80018.6578314017,80020.33187782692,80018.6578314017,80019.70246924646,0,1
1370324460000,1370324519999,80019.46475676371,80020.55617875708,80019.46475676371,80019.9569157834,0,1
1370324520000,1370324579999,80020.33857344992,80020.57291743075,80020.12096340743,80020.12096340743,0,1
1370324580000,1370324639999,80019.9569157834,80020.54613553945,80019.48819345678,80019.48819345678,0,1
1370324640000,1370324699999,80019.75268947051,80023.43147189193,80019.75268947051,80022.93948385016,0,1
1370324700000,1370324759999,80024.6362383511,80024.85709645848,80021.61066048114,80023.09009500513,0,1
1370324760000,1370324819999,80023.35449576844,80024.5291538765,80022.95287160024,80023.46828635025,0,1
1370324820000,1370324879999,80023.87992969916,80023.90670266341,80023.37122975873,80023.63896979523,0,1
1370324880000,1370324939999,80023.28421270338,80025.02440995914,80023.28421270338,80024.69647286415,0,1
1370324940000,1370324999999,80024.88386680669,80025.02775620061,80024.34509975655,80024.82697973105,0,1
1370325000000,1370325059999,80024.54923230283,80024.87717422635,80023.51514091936,80024.69647286415,0,1
1370325060000,1370325119999,80024.68308744815,80025.20845157663,80023.26747856748,80023.26747856748,0,1
1370325120000,1370325179999,80023.8732364469,80024.56931068886,80022.67841914124,80022.73866544824,0,1
1370325180000,1370325239999,80022.96291240104,80022.96291240104,80019.93348018885,80019.93348018885,0,1
1370325240000,1370325299999,80019.65894484828,80019.960263721,80017.94460249528,80017.94460249528,0,1
1370325300000,1370325359999,80018.21583638345,80018.64778627732,80017.96804275132,80018.64778627732,0,1
1370325360000,1370325419999,80017.85084092157,80018.52724399779,80015.72757565313,80016.76917062735,0,1
1370325420000,1370325479999,80017.1409033355,80017.1409033355,80014.943796006,80016.3605836016,0,1
1370325480000,1370325539999,80016.45101003762,80017.12415891612,80016.08929938733,80016.8060096207,0,1
1370325540000,1370325599999,80017.34183418115,80020.23479078956,80016.71223737071,80019.79286546817,0,1
1370325600000,1370325659999,80019.960263721,80024.92067591849,80019.960263721,80022.88927962775,0,1
1370325660000,1370325719999,80023.25074440356,80025.25195182768,80021.09849753152,80024.36183208927,0,1
1370325720000,1370325779999,80023.87992969916,80025.44602756541,80022.66503102375,80025.44602756541,0,1
1370325780000,1370325839999,80025.59325492295,80026.60371147619,80024.42206825518,80024.6730483744,0,1
1370325840000,1370325899999,80024.88721309518,80025.17164352411,80023.13695134626,80024.61950647752,0,1
1370325900000,1370325959999,80024.7533606822,80024.7533606822,80023.9970608886,80024.34175328666,0,1
1370325960000,1370326019999,80024.04725954981,80026.03826989375,80024.02718011558,80025.34564403341,0,1
1370326020000,1370326079999,80025.16495113636,80026.38289194126,80025.13148913046,80025.87766527088,0,1
1370326080000,1370326139999,80026.03157808597,80026.1252629875,80024.7299363257,80025.11141187318,0,1
1370326140000,1370326199999,80025.35902856255,80027.6609010858,80024.35513915954,80026.51003105688,0,1
1370326200000,1370326259999,80026.66058844543,80028.12589530104,80026.66058844543,80028.04561007439,0,1
1370326260000,1370326319999,80027.95528842395,80028.13927610948,80025.9813893848,80026.85463684713,0,1
1370326320000,1370326379999,80026.50668531138,80027.27283180734,80025.97804346244,80026.37285457383,0,1
1370326380000,1370326439999,80026.59367433036,80027.23603135262,80025.94123824252,80025.96131383382,0,1
1370326440000,1370326499999,80026.87136498133,80027.86831124876,80026.44980746676,80026.72415644002,0,1
1370326500000,1370326559999,80027.2561043447,80028.22959609816,80026.62044003012,80028.22959609816,0,1
1370326560000,1370326619999,80027.37319599552,80027.6274474308,80026.81114356726,80026.82452613505,0,1
1370326620000,1370326679999,80027.62075668639,80028.1994895259,80026.73419345486,80027.50032252121,0,1
1370326680000,1370326739999,80027.77129735319,80028.15600209485,80026.7174650912,80027.86831124876,0,1
1370326740000,1370326799999,80027.82482237749,80028.08240754994,80027.29625020802,80027.29625020802,0,1
1370326800000,1370326859999,80027.65421036373,80028.82836354055,80027.65421036373,80028.44033956599,0,1
1370326860000,1370326919999,80028.39350806805,80028.39350806805,80027.28621375731,80027.28621375731,0,1
1370326920000,1370326979999,80027.78802395407,80028.73135895844,80027.36985053883,80028.48382576054,0,1
1370326980000,1370327039999,80028.05564576297,80028.1426213088,80027.73784406752,80028.06233621642,0,1
1370327040000,1370327099999,80027.89172825497,80028.60090303674,80027.0352992156,80027.0352992156,0,1
1370327100000,1370327159999,80027.21930382843,80027.93521683528,80026.76765009822,80026.78437837794,0,1
1370327160000,1370327219999,80026.54683418342,80026.54683418342,80025.08129591167,80026.38289194126,0,1
1370327220000,1370327279999,80025.5330258114,80026.57694573165,80025.12479671586,80025.96131383382,0,1
1370327280000,1370327339999,80026.05834529025,80027.75122539522,80025.51629543825,80027.57726673849,0,1
1370327340000,1370327399999,80027.68431857768,80028.15600209485,80026.06169118575,80026.06169118575,0,1
1370327400000,1370327459999,80026.40631242613,80026.93493163606,80025.01437122804,80026.50333956478,0,1
1370327460000,1370327519999,80025.73713410992,80026.50668531138,80024.74666801452,80025.02106371656,0,1
1370327520000,1370327579999,80024.54923230283,80024.54923230283,80020.62313328359,80021.40646793961,0,1
1370327580000,1370327639999,80021.51023844078,80023.45824605689,80021.1118877465,80021.54371256629,0,1
1370327640000,1370327699999,80021.33951865771,80022.203129993,80020.07744083069,80022.203129993,0,1
1370327700000,1370327759999,80021.62405001032,80022.16965807475,80020.84073239873,80022.07593610766,0,1
1370327760000,1370327819999,80021.79476493598,80023.78287710286,80021.79476493598,80022.34371082613,0,1
1370327820000,1370327879999,80021.73116559842,80022.88258571239,80021.38638320212,80021.38638320212,0,1
1370327880000,1370327939999,80021.44328985362,80021.44328985362,80019.27726124185,80020.0540055186,0,1
1370327940000,1370327999999,80020.96124679435,80021.14201566462,80019.7828214839,80020.17787726046,0,1
1370328000000,1370328059999,80019.90334862945,80020.31848656746,80019.29400205637,80019.6522487702,0,1
1370328060000,1370328119999,80019.50828200711,80020.26826918477,80019.30404653163,80020.26826918477,0,1
1370328120000,1370328179999,80020.16113792555,80020.57961289235,80019.38775009979,80020.03391806452,0,1
1370328180000,1370328239999,80020.07074503285,80020.10422397727,80019.60202804174,80019.73260141116,0,1
1370328240000,1370328299999,80019.55180706106,80020.58296062148,80018.97927005398,80020.0941803057,0,1
1370328300000,1370328359999,80019.46475676371,80019.75603747649,80019.09980688486,80019.17011936524,0,1
1370328360000,1370328419999,80019.27726124185,80020.37539929632,80019.27726124185,80019.51497818159,0,1
1370328420000,1370328479999,80018.56072811008,80018.61765084368,80016.79596263598,80016.79596263598,0,1
1370328480000,1370328539999,80018.2861550795,80023.24405073015,80018.2526700478,80023.24405073015,0,1
1370328540000,1370328599999,80022.69850128391,80025.94793011078,80021.71108151306,80025.44602756541,0,1
1370328600000,1370328659999,80025.30214418992,80026.04830759704,80024.40533602326,80024.40533602326,0,1
1370328660000,1370328719999,80025.2285286391,80025.2285286391,80023.9234357297,80024.68978015837,0,1
1370328720000,1370328779999,80024.71655095452,80024.96083115865,80023.20723544632,80024.96083115865,0,1
1370328780000,1370328839999,80024.66635565297,80024.95079236374,80022.63156065154,80023.19384803677,0,1
1370328840000,1370328899999,80023.95690177822,80025.61667725723,80022.95956546855,80025.61667725723,0,1
1370328900000,1370328959999,80026.05834529025,80026.14868407574,80024.77343865836,80025.1482201474,0,1
1370328960000,1370329019999,80025.141527744,80025.141527744,80022.01568580783,80022.67172508473,0,1
1370329020000,1370329079999,80022.70184830377,80023.24405073015,80021.36295095737,80022.37383503326,0,1
1370329080000,1370329139999,80021.75794431617,80023.19050118158,80021.59057615374,80022.50771930035,0,1
1370329140000,1370329199999,80022.60478427314,80022.76878846562,80022.296850768,80022.296850768,0,1
1370329200000,1370329259999,80020.01717848863,80021.493501336,80018.35647328108,80020.08078872795,0,1
1370329260000,1370329319999,80019.2069495148,80019.2069495148,80016.72228443956,80018.48036605223,0,1
1370329320000,1370329379999,80018.2627155691,80023.12691072022,80017.6164331411,80023.12691072022,0,1
1370329380000,1370329439999,80022.3303222605,80028.55072722907,80022.3303222605,80028.55072722907,0,1
1370329440000,1370329499999,80028.46041014083,80033.83452938867,80026.65389705407,80032.90170651049,0,1
1370329500000,1370329559999,80030.44385324734,80032.24633803937,80029.33678595943,80031.25651648064,0,1
1370329560000,1370329619999,80029.47726654352,80031.46385208108,80029.47726654352,80029.9655884588,0,1
1370329620000,1370329679999,80030.14285010417,80032.68771336495,80029.88531800087,80030.43047552225,0,1
1370329680000,1370329739999,80030.93547223069,80032.1660858871,80029.34013075818,80029.34013075818,0,1
1370329740000,1370329799999,80029.82511473457,80031.47722842381,80029.4003369443,80029.75153247244,0,1
1370329800000,1370329859999,80028.53065683552,80029.39364738596,80028.07906233051,80028.07906233051,0,1
1370329860000,1370329919999,80027.15908450968,80029.5943321894,80025.17833590737,80029.44716372735,0,1
1370329920000,1370329979999,80029.76491110581,80031.94873307382,80028.00212197416,80031.51401327408,0,1
1370329980000,1370330039999,80031.75143950684,80032.26640097679,80028.63769846903,80028.63769846903,0,1
1370330040000,1370330099999,80031.07258614009,80033.00870136604,80030.5073971971,80031.38359364893,0,1
1370330100000,1370330159999,80031.10602827181,80033.83787268335,80031.10602827181,80031.925325566,0,1
1370330160000,1370330219999,80031.76815945162,80032.25971333546,80029.4003369443,80031.10268406366,0,1
1370330220000,1370330279999,80032.01561136568,80032.01561136568,80029.36354431807,80029.56088500185,0,1
1370330280000,1370330339999,80028.86515813592,80031.44378753343,80026.05165349589,80030.3702755379,0,1
1370330340000,1370330399999,80028.36005686384,80030.63113951942,80026.13530060346,80027.60068442624,0,1
1370330400000,1370330459999,80027.44679576001,80027.44679576001,80023.7795304448,80027.05537261063,0,1
1370330460000,1370330519999,80026.46988203711,80026.46988203711,80020.25822567799,80020.27161701815,0,1
1370330520000,1370330579999,80021.13197303533,80022.57800782302,80019.31743914963,80020.12765917167,0,1
1370330580000,1370330639999,80019.48149726437,80023.87992969916,80019.48149726437,80021.24913641614,0,1
1370330640000,1370330699999,80021.54036515877,80021.54036515877,80019.4915415513,80019.98704718142,0,1
1370330700000,1370330759999,80020.03391806452,80021.493501336,80014.93374715015,80015.98882188475,0,1
1370330760000,1370330819999,80015.88834337259,80020.30844311109,80015.88834337259,80016.56822827469,0,1
1370330820000,1370330879999,80016.18977588035,80022.80560536362,80016.18977588035,80022.122797201,0,1
1370330880000,1370330939999,80022.90601439656,80024.4689183556,80020.21470369863,80023.34110855604,0,1
1370330940000,1370330999999,80023.80630367785,80024.40533602326,80020.41557279226,80021.30939133462,0,1
1370331000000,1370331059999,80021.58053397492,80021.58053397492,80017.63317673621,80019.960263721,0,1
1370331060000,1370331119999,80019.97700339217,80024.10749761063,80019.0027078849,80024.10749761063,0,1
1370331120000,1370331179999,80022.59474311273,80024.68643380383,80021.77802830742,80024.02383353928,0,1
1370331180000,1370331239999,80024.7767849838,80024.84371125748,80021.86505847007,80022.77548245715,0,1
1370331240000,1370331299999,80022.70854234011,80023.08005433204,80019.9569157834,80021.48011163202,0,1
1370331300000,1370331359999,80021.13532057955,80023.47832663354,80019.93682813429,80021.4667219101,0,1
1370331360000,1370331419999,80021.29934887342,80024.9574848948,80019.75938548133,80023.8765830736,0,1
1370331420000,1370331479999,80022.63156065154,80024.90729080261,80021.11523529743,80021.11523529743,0,1
1370331480000,1370331539999,80022.85915697334,80026.16206753012,80022.56127250529,80026.1386464732,0,1
1370331540000,1370331599999,80025.45941196023,80026.56356283251,80020.96124679435,80020.96124679435,0,1
1370331600000,1370331659999,80020.9947227576,80021.5637969878,80019.3977944809,80021.5637969878,0,1
1370331660000,1370331719999,80021.47006934226,80021.47006934226,80016.11274399268,80016.63520950756,0,1
1370331720000,1370331779999,80017.21122959073,80018.83864191496,80015.01748730712,80017.86423548593,0,1
1370331780000,1370331839999,80018.60760567893,80021.21566130455,80017.49252966592,80017.99148295245,0,1
1370331840000,1370331899999,80017.21792730353,80019.86986901252,80015.43282812112,80016.6218132969,0,1
1370331900000,1370331959999,80017.01029612079,80017.18443869468,80013.33585060838,80015.19836365302,0,1
1370331960000,1370332019999,80016.15963303846,80017.1476010954,80014.65907451302,80015.22181034721,0,1
1370332020000,1370332079999,80014.943796006,80018.39330642743,80014.943796006,80016.77251963234,0,1
1370332080000,1370332139999,80016.78256664064,80017.91781356392,80015.23855795227,80016.1093947667,0,1
1370332140000,1370332199999,80016.19982347413,80019.0864139754,80016.19982347413,80019.0864139754,0,1
1370332200000,1370332259999,80018.67122488515,80020.40218164487,80017.86758412422,80018.48706291504,0,1
1370332260000,1370332319999,80017.6499203033,80020.2649213503,80017.6499203033,80019.98704718142,0,1
1370332320000,1370332379999,80025.6835979101,80026.56690855898,80024.94744609651,80025.54641008975,0,1
1370332380000,1370332439999,80026.05165349589,80027.21261281092,80024.22127962437,80026.91820360822,0,1
1370332440000,1370332499999,80028.25635741962,80030.24987448199,80027.74118940113,80028.67114874451,0,1
1370332500000,1370332559999,80028.02219342854,80028.15265690001,80023.34445536083,80025.11475808553,0,1
1370332560000,1370332619999,80025.20175921352,80025.20175921352,80019.97365546018,80021.82154348341,0,1
1370332620000,1370332679999,80021.6776079478,80022.79556440489,80019.55515513428,80022.67507211355,0,1
1370332680000,1370332739999,80021.98556052179,80024.35848562497,80021.32947622676,80023.45489929018,0,1
1370332740000,1370332799999,80023.33776175012,80025.1984130303,80020.47918049742,80022.45081870585,0,1
1370332800000,1370332859999,80022.69515426294,80024.66970201425,80019.60872415344,80019.9535678447,0,1
1370332860000,1370332919999,80020.4356594797,80023.41139122119,80019.9569157834,80022.06924164783,0,1
1370332920000,1370332979999,80022.56796663573,80023.37792334701,80021.31608630317,80021.4667219101,0,1
1370332980000,1370333039999,80021.08845485853,80023.92008911868,80020.07074503285,80021.4466372936,0,1
1370333040000,1370333099999,80021.2089662688,80023.30094681129,80020.39883385523,80022.71523637198,0,1
1370333100000,1370333159999,80023.8196902675,80026.37954615324,80022.67172508473,80023.92008911868,0,1
1370333160000,1370333219999,80023.37792334701,80024.99094748295,80022.91940219144,80023.33106813497,0,1
1370333220000,1370333279999,80023.23735705225,80023.85984992892,80022.66168399157,80023.54860833431,0,1
1370333280000,1370333339999,80023.3611893679,80025.4326431527,80023.3611893679,80025.4326431527,0,1
1370333340000,1370333399999,80025.34564403341,80027.92518102583,80023.81299697491,80023.81299697491,0,1
1370333400000,1370333459999,80024.57265708261,80026.49999381707,80023.03989153885,80024.89725195394,0,1
1370333460000,1370333519999,80025.50291111959,80026.49999381707,80024.26813066551,80026.49999381707,0,1
1370333520000,1370333579999,80026.11857123792,80026.59367433036,80024.11753725215,80024.75001434892,0,1
1370333580000,1370333639999,80024.35848562497,80024.35848562497,80016.76582162123,80017.86758412422,0,1
1370333640000,1370333699999,80018.59086371528,80020.28500834036,80017.16434547554,80019.68572911574,0,1
1370333700000,1370333759999,80019.74934146344,80019.74934146344,80015.09452763222,80015.09452763222,0,1
1370333760000,1370333819999,80016.27350552005,80021.1118877465,80016.27350552005,80019.96361165748,0,1
1370333820000,1370333879999,80020.79721295451,80021.01480828178,80017.05048313778,80021.01480828178,0,1
1370333880000,1370333939999,80021.90187869548,80024.4689183556,80021.28930640215,80021.98221326218,0,1
1370333940000,1370333999999,80021.85166926357,80022.06254718351,80018.10533457632,80020.36200809514,0,1
1370334000000,1370334059999,80020.10087608786,80023.37457655344,80020.10087608786,80023.36788296292,0,1
1370334060000,1370334119999,80023.22731652703,80026.54348845023,80022.92944302585,80024.51242182376,0,1
1370334120000,1370334179999,80024.55257870331,80024.55257870331,80021.0482840657,80021.20227122855,0,1
1370334180000,1370334239999,80021.25583142502,80021.85836386908,80018.64778627732,80018.64778627732,0,1
1370334240000,1370334299999,80018.24597302802,80021.12193039595,80018.20579081509,80021.10854019444,0,1
1370334300000,1370334359999,80021.14536320548,80021.2089662688,80020.01048265044,80020.42226835922,0,1
1370334360000,1370334419999,80020.46913720244,80020.49591929997,80018.2861550795,80018.31629151215,0,1
1370334420000,1370334479999,80018.03166602654,80018.61765084368,80016.10604553962,80018.48706291504,0,1
1370334480000,1370334539999,80017.66666384235,80021.54705997267,80017.66666384235,80020.4992670571,0,1
1370334540000,1370334599999,80020.69678274496,80020.69678274496,80018.34977633081,80019.83973726143,0,1
1370334600000,1370334659999,80019.86317307568,80025.34564403341,80019.52502243489,80023.07670743877,0,1
1370334660000,1370334719999,80022.05919994967,80022.66168399157,80020.00378680775,80021.62739738982,0,1
1370334720000,1370334779999,80022.03242203864,80022.25333766025,80021.74790230542,80022.25333766025,0,1
1370334780000,1370334839999,80022.1428804595,80026.38289194126,80021.88514224619,80024.02383353928,0,1
1370334840000,1370334899999,80024.27817014576,80025.19172066046,80021.70773416158,80021.70773416158,0,1
1370334900000,1370334959999,80022.35709937382,80022.35709937382,80020.93446594305,80020.93446594305,0,1
1370334960000,1370335019999,80020.05065761239,80024.61950647752,80020.05065761239,80024.0840717412,0,1
1370335020000,1370335079999,80023.77283712533,80023.77283712533,80021.77802830742,80021.77802830742,0,1
1370335080000,1370335139999,80021.98890778027,80023.84311675627,80021.62739738982,80023.84311675627,0,1
1370335140000,1370335199999,80023.55195506965,80025.2285286391,80023.55195506965,80024.67639473343,0,1
1370335200000,1370335259999,80024.68978015837,80024.68978015837,80022.55457837036,80023.17376688885,0,1
1370335260000,1370335319999,80022.66837805479,80022.66837805479,80021.14201566462,80021.34286613244,0,1
1370335320000,1370335379999,80021.34286613244,80024.07068550546,80021.34286613244,80022.38722354063,0,1
1370335380000,1370335439999,80022.63825473495,80025.03444868015,80022.63825473495,80023.63562308901,0,1
1370335440000,1370335499999,80024.49903616142,80025.52967973902,80023.2942531715,80025.52967973902,0,1
1370335500000,1370335559999,80025.29210573762,80026.92824042829,80024.94744609651,80026.36950878243,0,1
1370335560000,1370335619999,80026.07842064645,80027.90845465439,80026.07842064645,80026.73419345486,0,1
1370335620000,1370335679999,80027.35646870079,80028.14931170407,80024.40198957354,80024.40198957354,0,1
1370335680000,1370335739999,80023.29090634991,80024.45887906686,80022.59809016733,80022.92609608217,0,1
1370335740000,1370335799999,80022.75540046909,80022.75540046909,80020.94785637766,80021.58722876193,0,1
1370335800000,1370335859999,80021.11858284727,80021.11858284727,80017.66666384235,80017.66666384235,0,1
1370335860000,1370335919999,80018.85203515628,80020.57961289235,80018.32633696953,80019.30404653163,0,1
1370335920000,1370335979999,80018.99266310694,80018.99266310694,80016.18642668019,80016.18642668019,0,1
1370335980000,1370336039999,80016.09934708208,80018.38660950183,80015.9921711511,80017.92116218427,0,1
1370336040000,1370336099999,80018.41004872184,80018.41004872184,80015.64719082417,80016.69549223354,0,1
1370336100000,1370336159999,80016.85959336875,80018.219184904,80016.16298224761,80016.98350468642,0,1
1370336160000,1370336219999,80016.73902953186,80016.73902953186,80015.05433275405,80015.15147009972,0,1
1370336220000,1370336279999,80015.67733521074,80015.67733521074,80013.06448432434,80013.38275267652,0,1
1370336280000,1370336339999,80013.55360835021,80013.55360835021,80012.62559240242,80012.9237729816,0,1
1370336340000,1370336399999,80012.56863555008,80012.56863555008,80009.9181079338,80010.69222844868,0,1
1370336400000,1370336459999,80010.83297119505,80011.50649834475,80009.90805402644,80011.05413436591,0,1
1370336460000,1370336519999,80010.85977911265,80014.6825224717,80010.56823914996,80013.71776105175,0,1
1370336520000,1370336579999,80013.3794025361,80013.67756063929,80011.60031942259,80012.7261037034,0,1
1370336580000,1370336639999,80013.48325636752,80013.70101089955,80012.10626791949,80013.00082943836,0,1
1370336640000,1370336699999,80013.62060977834,80017.85418956434,80013.62060977834,80017.85418956434,0,1
1370336700000,1370336759999,80018.1823511163,80018.5540312966,80017.03038964947,80018.05845465288,0,1
1370336760000,1370336819999,80018.0015287361,80018.0015287361,80015.26870357068,80016.80935861335,0,1
1370336820000,1370336879999,80016.45101003762,80017.22462501183,80015.26535406201,80015.26535406201,0,1
1370336880000,1370336939999,80015.26870357068,80016.20987105783,80014.59877950967,80016.16968066251,0,1
1370336940000,1370336999999,80016.03236225982,80016.03236225982,80011.06753803724,80012.73950513387,0,1
1370337000000,1370337059999,80012.55188347296,80013.04103257139,80011.50314757568,80013.04103257139,0,1
1370337060000,1370337119999,80011.87172544148,80011.87172544148,80010.31690477385,80010.31690477385,0,1
1370337120000,1370337179999,80010.00189010218,80011.70419173203,80009.94826959529,80010.44424831388,0,1
1370337180000,1370337239999,80009.86783829586,80012.75290654638,80009.86783829586,80012.61554121676,0,1
1370337240000,1370337299999,80011.72764662032,80012.08951506777,80011.09434532601,80011.97224431994,0,1
1370337300000,1370337359999,80012.4111649171,80014.57533135463,80011.90523184657,80013.47320604387,0,1
1370337360000,1370337419999,80014.3810445263,80016.5447847372,80013.31239949181,80015.15481964653,0,1
1370337420000,1370337479999,80013.54690818272,80016.10604553962,80011.81141362942,80016.03906076225,0,1
1370337480000,1370337539999,80016.30029885666,80017.43560052746,80014.04270845302,80014.24035170797,0,1
1370337540000,1370337599999,80013.45980559665,80014.40449313691,80011.4361319587,80011.4361319587,0,1
1370337600000,1370337659999,80011.72764662032,80014.71601946015,80010.89328890856,80014.71601946015,0,1
1370337660000,1370337719999,80015.3222955568,80016.13618854305,80012.5652851369,80013.06783457029,0,1
1370337720000,1370337779999,80012.93047356664,80013.51675737339,80011.32220437912,80011.69749032526,0,1
1370337780000,1370337839999,80012.18333067588,80012.54853305416,80009.88124355733,80012.54853305416,0,1
1370337840000,1370337899999,80011.80136162537,80012.54853305416,80011.06083620382,80011.39592237295,0,1
1370337900000,1370337959999,80011.35571262547,80013.11138766527,80010.98711573976,80012.69930078859,0,1
1370337960000,1370338019999,80012.9237729816,80013.47320604387,80011.57351349016,80012.75960724591,0,1
1370338020000,1370338079999,80012.41451538193,80013.54690818272,80011.70419173203,80013.54690818272,0,1
1370338080000,1370338139999,80013.04773307785,80013.39950336183,80012.91037179808,80012.91037179808,0,1
1370338140000,1370338199999,80013.22529486308,80013.7378611974,80011.86502414699,80013.56365859305,0,1
1370338200000,1370338259999,80013.71441102357,80013.71441102357,80011.45623669094,80012.22353709563,0,1
1370338260000,1370338319999,80012.85006624997,80013.06783457029,80011.5433567303,80012.64904512968,0,1
1370338320000,1370338379999,80012.08616449406,80012.8098623492,80011.80471229451,80011.9085824809,0,1
1370338380000,1370338439999,80012.64234435608,80013.53350783423,80012.64234435608,80013.0510833294,0,1
1370338440000,1370338499999,80013.27889780133,80015.56010653025,80013.27889780133,80015.56010653025,0,1
1370338500000,1370338559999,80015.04093442541,80015.38593566728,80014.32744749557,80014.5585826388,0,1
1370338560000,1370338619999,80014.71936915284,80014.71936915284,80011.27864349095,80011.68408749827,0,1
1370338620000,1370338679999,80011.6874382067,80013.41625401907,80011.6874382067,80013.26549709369,0,1
1370338680000,1370338739999,80013.87856108554,80017.04378531282,80013.87856108554,80014.54853339583,0,1
1370338740000,1370338799999,80014.49158749495,80015.22181034721,80014.37099510491,80014.5719816137,0,1
1370338800000,1370338859999,80015.16486828023,80015.44957537277,80010.52132387926,80010.52132387926,0,1
1370338860000,1370338919999,80011.4997968055,80012.1464746491,80011.06753803724,80011.24513498633,0,1
1370338920000,1370338979999,80011.68073678872,80014.31069836457,80011.68073678872,80014.31069836457,0,1
1370338980000,1370339039999,80014.67917276669,80014.76291505549,80012.74285548869,80013.22529486308,0,1
1370339040000,1370339099999,80012.68254893034,80013.8350113317,80012.59543881511,80013.8350113317,0,1
1370339100000,1370339159999,80013.66751051095,80016.28020386094,80013.66751051095,80015.69073268672,0,1
1370339160000,1370339219999,80016.16298224761,80016.16298224761,80013.72781112963,80014.82655872597,0,1
1370339220000,1370339279999,80014.72271884438,80015.17156736378,80013.12478857941,80013.5234575611,0,1
1370339280000,1370339339999,80013.47655615288,80017.17104321973,80013.43300464828,80017.17104321973,0,1
1370339340000,1370339399999,80017.48248337093,80017.77047315869,80014.93039752929,80016.76917062735,0,1
1370339400000,1370339459999,80015.61369695471,80018.64108952213,80015.61369695471,80016.97345788003,0,1
1370339460000,1370339519999,80017.05383204858,80017.75038111705,80017.04043639867,80017.11076336044,0,1
1370339520000,1370339579999,80017.22797386431,80022.11944998732,80017.22797386431,80022.11944998732,0,1
1370339580000,1370339639999,80021.62405001032,80021.62405001032,80019.78616947976,80020.09083241294,0,1
1370339640000,1370339699999,80020.36535589711,80020.36535589711,80019.28730573392,80019.6924251714,0,1
1370339700000,1370339759999,80019.73929743544,80019.84978118853,80017.65661772227,80019.80960541955,0,1
1370339760000,1370339819999,80019.40783885191,80022.0792833359,80019.40783885191,80022.0792833359,0,1
1370339820000,1370339879999,80022.3303222605,80023.09344189391,80020.92107549052,80022.68176616782,0,1
1370339880000,1370339939999,80022.83572817937,80022.83572817937,80021.1487107452,80021.1487107452,0,1
1370339940000,1370339999999,80019.94017607861,80022.69515426294,80019.92678429461,80021.6843026698,0,1
1370340000000,1370340059999,80021.66756585638,80022.73866544824,80020.92107549052,80021.32947622676,0,1
1370340060000,1370340119999,80021.3227812672,80023.14029821937,80021.25583142502,80023.14029821937,0,1
1370340120000,1370340179999,80023.38796372102,80023.69251694232,80019.96695959283,80022.03911652313,0,1
1370340180000,1370340239999,80021.7646389844,80022.0725888783,80021.24578891003,80021.80815421866,0,1
1370340240000,1370340299999,80021.74455496625,80022.46086001076,80021.03154618775,80021.0415889179,0,1
1370340300000,1370340359999,80021.35625602021,80027.02860807498,80020.95120398351,80027.02860807498,0,1
1370340360000,1370340419999,80025.42929704672,80026.93158603273,80024.94744609651,80026.43642439749,0,1
1370340420000,1370340479999,80026.52341402764,80030.19970694752,80026.52341402764,80030.19970694752,0,1
1370340480000,1370340539999,80030.57094074307,80031.41034653121,80030.1829843801,80031.40700242485,0,1
1370340540000,1370340599999,80030.01241259502,80030.01241259502,80027.10890146703,80027.10890146703,0,1
1370340600000,1370340659999,80027.2092673005,80027.2092673005,80026.67397121472,80026.75426745432,0,1
1370340660000,1370340719999,80026.82452613505,80027.24272235447,80026.0148485469,80026.44311593438,0,1
1370340720000,1370340779999,80027.01522578028,80027.22934034631,80026.3025927196,80027.01188020382,0,1
1370340780000,1370340839999,80026.70408238012,80027.11224701104,80025.95127604321,80027.11224701104,0,1
1370340840000,1370340899999,80027.94859789887,80028.23628643522,80027.35981416197,80028.09913363044,0,1
1370340900000,1370340959999,80028.1024788432,80028.1024788432,80026.99515230468,80027.78133331708,0,1
1370340960000,1370341019999,80026.85463684713,80028.68118380533,80026.76095877851,80028.15934728857,0,1
1370341020000,1370341079999,80027.97535997232,80028.1426213088,80026.00815672343,80026.75761311696,0,1
1370341080000,1370341139999,80026.93827723828,80027.1457023896,80026.19887193727,80026.38958351396,0,1
1370341140000,1370341199999,80025.96465976178,80028.15600209485,80024.29155610375,80027.08213707464,0,1
1370341200000,1370341259999,80026.09180419485,80027.11224701104,80024.37187147544,80024.37187147544,0,1
1370341260000,1370341319999,80024.76674600413,80025.10806565972,80024.06733894373,80025.02440995914,0,1
1370341320000,1370341379999,80024.26478416983,80024.93406101647,80023.52183441131,80023.52183441131,0,1
1370341380000,1370341439999,80022.63156065154,80024.54923230283,80022.09936668178,80023.89331619027,0,1
1370341440000,1370341499999,80023.74606380268,80025.55310222223,80022.8524630378,80023.74271713229,0,1
1370341500000,1370341559999,80023.2708253969,80025.71705806858,80023.2708253969,80024.97756246112,0,1
1370341560000,1370341619999,80025.98473530606,80026.2892094533,80023.75275714006,80024.75670701436,0,1
1370341620000,1370341679999,80025.16495113636,80026.15202994102,80023.82638355561,80026.15202994102,0,1
1370341680000,1370341739999,80026.25240537862,80026.3494340106,80022.37048790361,80022.60813132436,0,1
1370341740000,1370341799999,80024.53919309471,80024.8537501599,80022.60143722079,80024.8537501599,0,1
1370341800000,1370341859999,80024.28151663693,80025.18502828616,80024.28151663693,80024.84371125748,0,1
1370341860000,1370341919999,80024.46557192715,80025.21514393526,80024.09745795904,80025.21514393526,0,1
1370341920000,1370341979999,80025.1749897163,80028.25970257974,80025.1749897163,80028.05564576297,0,1
1370341980000,1370342039999,80027.02191692987,80028.14931170407,80024.96083115865,80025.7270960943,0,1
1370342040000,1370342099999,80026.53345124399,80027.18250317672,80025.95462197452,80026.75092179053,0,1
1370342100000,1370342159999,80027.02526250298,80027.19253973152,80026.09849596233,80026.27917199182,0,1
1370342160000,1370342219999,80026.79441533233,80026.79441533233,80021.83158542022,80021.83158542022,0,1
1370342220000,1370342279999,80022.72193039938,80023.90670266341,80022.61147837446,80023.90670266341,0,1
1370342280000,1370342339999,80023.578728912,80025.06121855362,80022.11610277253,80022.11610277253,0,1
1370342340000,1370342399999,80021.96212968102,80021.96212968102,80016.09934708208,80017.62982801945,0,1
1370342400000,1370342459999,80017.857538206,80020.46578943523,80016.76917062735,80018.10533457632,0,1
1370342460000,1370342519999,80018.2526700478,80018.6109540683,80013.58040897534,80016.35388531456,0,1
1370342520000,1370342579999,80016.04241001177,80018.00487732842,80016.04241001177,80016.2701563479,0,1
1370342580000,1370342639999,80016.340488727,80016.340488727,80014.62222760973,80015.13472234881,0,1
1370342640000,1370342699999,80014.57533135463,80016.06250548536,80014.44469062719,80016.06250548536,0,1
1370342700000,1370342759999,80016.09599785162,80016.55818105106,80014.97729211929,80016.44766092493,0,1
1370342760000,1370342819999,80016.13283932493,80016.28020386094,80014.36094567344,80016.28020386094,0,1
1370342820000,1370342879999,80016.02901300693,80018.80850705644,80015.4931180958,80017.80730846353,0,1
1370342880000,1370342939999,80016.66869995574,80016.76917062735,80015.54670887925,80016.76917062735,0,1
1370342940000,1370342999999,80018.72814698977,80020.19126870822,80017.38201986579,80017.78386783069,0,1
1370343000000,1370343059999,80017.87093276138,80018.219184904,80017.58294586677,80018.219184904,0,1
1370343060000,1370343119999,80017.87093276138,80017.87093276138,80015.37923672736,80015.50651581859,0,1
1370343120000,1370343179999,80015.41273138212,80018.148865737,80015.41273138212,80017.79391382293,0,1
1370343180000,1370343239999,80017.44899564801,80018.21248786178,80016.74907657377,80017.56955092563,0,1
1370343240000,1370343299999,80017.84414363268,80024.5927354216,80017.84414363268,80020.28500834036,0,1
1370343300000,1370343359999,80020.27496485038,80024.39195021757,80020.27496485038,80023.65905000898,0,1
1370343360000,1370343419999,80024.34509975655,80024.45218620209,80021.23239887436,80022.69850128391,0,1
1370343420000,1370343479999,80021.77468097834,80024.75670701436,80020.57291743075,80024.75670701436,0,1
1370343480000,1370343539999,80024.94744609651,80024.94744609651,80023.37792334701,80023.7360237882,0,1
1370343540000,1370343599999,80023.46159282245,80025.52298759087,80022.8993204924,80025.52298759087,0,1
1370343600000,1370343659999,80024.98425497429,80024.98425497429,80022.85915697334,80023.28421270338,0,1
1370343660000,1370343719999,80024.14765611626,80024.83367234499,80023.51514091936,80024.83367234499,0,1
1370343720000,1370343779999,80024.74666801452,80024.84705755941,80021.12862548999,80021.40981539193,0,1
1370343780000,1370343839999,80021.91526783476,80022.21986591008,80019.37435757597,80020.59300380215,0,1
1370343840000,1370343899999,80020.46913720244,80020.47248496856,80019.27391307557,80020.47248496856,0,1
1370343900000,1370343959999,80020.07744083069,80021.31608630317,80018.40000334855,80018.83529360183,0,1
1370343960000,1370344019999,80017.9512997169,80018.86877668268,80017.93455665442,80018.24597302802,0,1
1370344020000,1370344079999,80018.48706291504,80020.17452939572,80018.36317022688,80019.51832626715,0,1
1370344080000,1370344139999,80020.39548606446,80021.74790230542,80018.77167543938,80019.82969332422,0,1
1370344140000,1370344199999,80019.18351216259,80019.97700339217,80019.09645865917,80019.09645865917,0,1
1370344200000,1370344259999,80019.19690494201,80019.42457944783,80016.64860570029,80017.59968951796,0,1
1370344260000,1370344319999,80018.2359274899,80018.88551818105,80016.11944244125,80017.72024297889,0,1
1370344320000,1370344379999,80018.89556306662,80022.91270829625,80018.89556306662,80022.05919994967,0,1
1370344380000,1370344439999,80021.82489079681,80022.08263056302,80020.46244166687,80021.05497920906,0,1
1370344440000,1370344499999,80020.0941803057,80020.95789919187,80017.8140057771,80019.23038681207,0,1
1370344500000,1370344559999,80019.12324443324,80019.54511091123,80017.91781356392,80019.54511091123,0,1
1370344560000,1370344619999,80018.46362387555,80021.6843026698,80018.46362387555,80021.25917892778,0,1
1370344620000,1370344679999,80020.97798478998,80021.52697551754,80018.62434761455,80018.62434761455,0,1
1370344680000,1370344739999,80018.74154037907,80021.36295095737,80018.62769599832,80019.81630139227,0,1
1370344740000,1370344799999,80019.88326087274,80020.53609231173,80019.6388566006,80019.95021990487,0,1
1370344800000,1370344859999,80020.02387432235,80021.50689102207,80019.62881246163,80021.41651029325,0,1
1370344860000,1370344919999,80021.55375478209,80023.92678233958,80021.55375478209,80022.96960626262,0,1
1370344920000,1370344979999,80023.19719489083,80023.66239670735,80022.33366940358,80023.36788296292,0,1
1370344980000,1370345039999,80022.9963816642,80023.6657434046,80022.68176616782,80023.48836690675,0,1
1370345040000,1370345099999,80023.47163311248,80025.5664864737,80023.40469765532,80023.86988981909,0,1
1370345100000,1370345159999,80023.42477833951,80024.65966292705,80023.2708253969,80024.65966292705,0,1
1370345160000,1370345219999,80024.7299363257,80025.57652465056,80023.93682216255,80024.62285285447,0,1
1370345220000,1370345279999,80024.41537536577,80026.47991930717,80024.41537536577,80026.17879682289,0,1
1370345280000,1370345339999,80026.95835082806,80026.95835082806,80026.09849596233,80026.58698289422,0,1
1370345340000,1370345399999,80026.54683418342,80026.60036576202,80026.14199234184,80026.14199234184,0,1
1370345400000,1370345459999,80026.2055636331,80026.2055636331,80021.998949549,80023.85650329664,0,1
1370345460000,1370345519999,80023.41808478259,80024.81024817664,80022.69850128391,80022.69850128391,0,1
1370345520000,1370345579999,80023.12356384264,80023.61219611416,80020.94116116261,80022.75874746991,0,1
1370345580000,1370345639999,80022.95956546855,80023.24405073015,80021.75124964346,80022.85915697334,0,1
1370345640000,1370345699999,80022.63825473495,80023.51514091936,80022.63825473495,80023.49506041662,0,1
1370345700000,1370345759999,80023.50510067304,80026.47322779492,80023.50510067304,80025.98808122618,0,1
1370345760000,1370345819999,80024.95079236374,80026.39962086463,80024.62619923032,80025.31887492134,0,1
1370345820000,1370345879999,80025.0846421341,80028.74139395886,80025.0846421341,80028.00881246342,0,1
1370345880000,1370345939999,80028.14931170407,80028.14931170407,80026.68735396609,80027.64417427228,0,1
1370345940000,1370345999999,80027.07544596535,80028.145966507,80024.6931265118,80027.64751963722,0,1
1370346000000,1370346059999,80026.09180419485,80026.59367433036,80025.16160494082,80026.15537580517,0,1
1370346060000,1370346119999,80025.97804346244,80026.48326506162,80025.05117985945,80026.36616298993,0,1
1370346120000,1370346179999,80026.80779792252,80028.18945398169,80026.02488627369,80026.53010550633,0,1
1370346180000,1370346239999,80026.14533820936,80027.24272235447,80026.10184184441,80026.54014271594,0,1
1370346240000,1370346299999,80026.42638708379,80026.88474746855,80024.99429373561,80025.51294936026,0,1
1370346300000,1370346359999,80025.31218263213,80026.94162283937,80025.31218263213,80026.32266758547,0,1
1370346360000,1370346419999,80026.43642439749,80027.07210040903,80026.23902204515,80026.23902204515,0,1
1370346420000,1370346479999,80026.59702004676,80027.04199035176,80025.81074591672,80026.74088479248,0,1
1370346480000,1370346539999,80026.64385995864,80026.64385995864,80025.02775620061,80025.49287286884,0,1
1370346540000,1370346599999,80024.92402219467,80026.83456304917,80024.92402219467,80024.96417742138,0,1
1370346600000,1370346659999,80024.88721309518,80026.3527798087,80024.29490259045,80026.3527798087,0,1
1370346660000,1370346719999,80026.06838297338,80026.06838297338,80022.97964704661,80023.07670743877,0,1
1370346720000,1370346779999,80023.12691072022,80023.19050118158,80021.6709132213,80021.6709132213,0,1
1370346780000,1370346839999,80021.75124964346,80023.02985081535,80021.66421849032,80023.02985081535,0,1
1370346840000,1370346899999,80023.11017632108,80023.17711374964,80022.64829585166,80022.71188935661,0,1
1370346900000,1370346959999,80022.66503102375,80023.82638355561,80022.66503102375,80023.32772132571,0,1
1370346960000,1370347019999,80023.00642242131,80023.90335604682,80022.70854234011,80023.02985081535,0,1
1370347020000,1370347079999,80023.24405073015,80023.83642347937,80023.19050118158,80023.57203545813,0,1
1370347080000,1370347139999,80023.74271713229,80023.79626372387,80020.15779005522,80020.15779005522,0,1
1370347140000,1370347199999,80020.98467998039,80022.92274913737,80020.22809509707,80022.46755420843,0,1
1370347200000,1370347259999,80022.89262658377,80026.30928434603,80022.24999049028,80023.24070389177,0,1
1370347260000,1370347319999,80022.7888704268,80022.85915697334,80021.00141793682,80021.40312048617,0,1
1370347320000,1370347379999,80021.72447090778,80024.88386680669,80021.72447090778,80024.28151663693,0,1
1370347380000,1370347439999,80025.95796790473,80026.97173319886,80025.95796790473,80026.10518772535,0,1
1370347440000,1370347499999,80026.1821426781,80026.79441533233,80025.81409189507,80026.79441533233,0,1
1370347500000,1370347559999,80026.78437837794,80028.56745252626,80026.78437837794,80028.24632193246,0,1
1370347560000,1370347619999,80027.9853957314,80029.07254332313,80027.93187156659,80028.11920489011,0,1
1370347620000,1370347679999,80028.03891960974,80030.50070837929,80028.03891960974,80030.0257908794,0,1
1370347680000,1370347739999,80031.08596300619,80032.76796133116,80031.08596300619,80032.76796133116,0,1
1370347740000,1370347799999,80032.07914532871,80033.13575627015,80030.9923245676,80030.9923245676,0,1
1370347800000,1370347859999,80031.8617906257,80031.8617906257,80029.43378466884,80031.34346419129,0,1
1370347860000,1370347919999,80030.23315199846,80031.26989310072,80030.23315199846,80031.26989310072,0,1
1370347920000,1370347979999,80031.49394882706,80033.28287045818,80031.37356129961,80031.96210876798,0,1
1370347980000,1370348039999,80031.6845594482,80032.63087066593,80030.25321897534,80032.63087066593,0,1
1370348040000,1370348099999,80031.76815945162,80036.18458978066,80031.76815945162,80033.9281412172,0,1
1370348100000,1370348159999,80033.16919150294,80035.211872169,80033.10566446507,80033.10566446507,0,1
1370348160000,1370348219999,80032.2028682035,80032.8716140011,80031.23645151698,80032.8716140011,0,1
1370348220000,1370348279999,80033.23271813722,80033.7007966849,80033.23271813722,80033.7007966849,0,1
1370348280000,1370348339999,80034.53993980326,80034.53993980326,80033.03879346291,80033.03879346291,0,1
1370348340000,1370348399999,80032.69774439595,80035.18512945497,80032.6576202116,80034.35606984544,0,1
1370348400000,1370348459999,80035.12161522252,80035.12161522252,80033.34639637033,80033.39989156228,0,1
1370348460000,1370348519999,80033.01873207507,80033.24943560548,80032.65427652231,80032.65427652231,0,1
1370348520000,1370348579999,80032.10255247647,80034.68034731265,80031.87182248522,80032.97192201357,0,1
1370348580000,1370348639999,80032.96857842937,80033.93482774284,80031.6444311983,80031.6444311983,0,1
1370348640000,1370348699999,80031.81163117719,80031.93201343097,80031.79156732732,80031.79156732732,0,1
1370348700000,1370348759999,80031.81497514824,80032.65093283188,80031.0658977003,80032.13599116396,0,1
1370348760000,1370348819999,80032.98863991784,80033.583779102,80032.79471051015,80033.583779102,0,1
1370348820000,1370348879999,80033.63058629948,80034.44299061048,80033.52694149624,80034.44299061048,0,1
1370348880000,1370348939999,80034.98121390876,80036.90988806826,80034.70709137664,80036.33165912319,0,1
1370348940000,1370348999999,80036.59905238649,80038.126399336,80036.59905238649,80038.126399336,0,1
1370349000000,1370349059999,80038.40711169042,80041.81179244095,80037.69529001982,80041.47104245018,0,1
1370349060000,1370349119999,80041.26057341993,80041.8518799118,80036.48541112321,80038.16315973557,0,1
1370349120000,1370349179999,80036.84972707744,80038.7011828483,80036.37845346039,80038.51404765749,0,1
1370349180000,1370349239999,80038.38037751998,80041.11691741127,80038.38037751998,80038.48397203234,0,1
1370349240000,1370349299999,80037.93591146483,80043.74582974984,80037.93591146483,80043.74582974984,0,1
1370349300000,1370349359999,80043.505348065,80044.63422582812,80042.42978975903,80043.11455299238,0,1
1370349360000,1370349419999,80043.58216923186,80045.02496151834,80043.00098574838,80045.02496151834,0,1
1370349420000,1370349479999,80045.58933056309,80046.2738774843,80044.44052213331,80045.07839427223,0,1
1370349480000,1370349539999,80045.36225099006,80045.50584602535,80044.50063747462,80045.50584602535,0,1
1370349540000,1370349599999,80046.38406846362,80046.96505536688,80046.35735561044,80046.35735561044,0,1
1370349600000,1370349659999,80046.01342125177,80046.50427541994,80044.98488676558,80044.98488676558,0,1
1370349660000,1370349719999,80044.34700866186,80045.6494389987,80043.4084857526,80043.79258940586,0,1
1370349720000,1370349779999,80043.38176494959,80043.45190690523,80041.79842991494,80042.67363765207,0,1
1370349780000,1370349839999,80043.18469682231,80043.18469682231,80041.26391423278,80041.4910868887,0,1
1370349840000,1370349899999,80040.81957632543,80041.35745653963,80039.48310272265,80039.86067461797,0,1
1370349900000,1370349959999,80039.47307849575,80041.45099797148,80039.47307849575,80041.34075262044,0,1
1370349960000,1370350019999,80039.99432496993,80042.28615054599,80039.99432496993,80040.02773727884,0,1
1370350020000,1370350079999,80040.4654282153,80040.4654282153,80036.80627724787,80036.80627724787,0,1
1370350080000,1370350139999,80038.08295505322,80040.09790276413,80038.08295505322,80038.49399725077,0,1
1370350140000,1370350199999,80038.02280111931,80038.02280111931,80035.51940824017,80035.51940824017,0,1
1370350200000,1370350259999,80035.47929537595,80035.5026945663,80033.71417003576,80033.71417003576,0,1
1370350260000,1370350319999,80033.16584798467,80033.37648745101,80032.80808507279,80032.80808507279,0,1
1370350320000,1370350379999,80033.20262662391,80033.91142488351,80032.77799228167,80033.91142488351,0,1
1370350380000,1370350439999,80034.55999813958,80035.32552790578,80032.87495761774,80033.6840799712,0,1
1370350440000,1370350499999,80033.68742331617,80034.80069503734,80033.68742331617,80033.69745334439,0,1
1370350500000,1370350559999,80033.65064645991,80034.43296132999,80033.6272429355,80034.43296132999,0,1
1370350560000,1370350619999,80035.60631889402,80038.07292942269,80035.60631889402,80037.85236300815,0,1
1370350620000,1370350679999,80037.99272401664,80038.30351638183,80036.41187785294,80036.70266535397,0,1
1370350680000,1370350739999,80037.01015558197,80037.2875571316,80036.8831498948,80037.17392369236,0,1
1370350740000,1370350799999,80038.27678193442,80038.94846326497,80038.1130318845,80038.1130318845,0,1
1370350800000,1370350859999,80038.71789117719,80038.71789117719,80036.75614259455,80036.93662617021,0,1
1370350860000,1370350919999,80037.98938211078,80038.44052930297,80037.98938211078,80038.43384578939,0,1
1370350920000,1370350979999,80038.45723806738,80039.7704596206,80037.90583410083,80038.15981788666,0,1
1370350980000,1370351039999,80037.05026230596,80037.82562735457,80037.05026230596,80037.82562735457,0,1
1370351040000,1370351099999,80036.31828927233,80038.65439937892,80036.31828927233,80037.1204486859,0,1
1370351100000,1370351159999,80036.92659939035,80036.92659939035,80033.35308328496,80034.30926604365,0,1
1370351160000,1370351219999,80036.11773936449,80040.2014794855,80036.11773936449,80038.72791616112,0,1
1370351220000,1370351279999,80038.2366801293,80038.7312578202,80034.3995303224,80034.3995303224,0,1
1370351280000,1370351339999,80034.04849799481,80035.35895581782,80033.54700186459,80033.63727302408,0,1
1370351340000,1370351399999,80034.342697353,80038.1564760366,80034.342697353,80038.1564760366,0,1
1370351400000,1370351459999,80037.90583410083,80038.06290378213,80036.68929599912,80037.00681334772,0,1
1370351460000,1370351519999,80036.77953879737,80036.77953879737,80034.77060824196,80034.77060824196,0,1
1370351520000,1370351579999,80035.07815788368,80035.55617822436,80034.69037634502,80035.39238361812,0,1
1370351580000,1370351639999,80036.19461730453,80039.59002718418,80036.19461730453,80037.78886571422,0,1
1370351640000,1370351699999,80037.70865802978,80039.8406269111,80037.70865802978,80039.8406269111,0,1
1370351700000,1370351759999,80039.4797613148,80040.54227273862,80037.6718959594,80040.10458516562,0,1
1370351760000,1370351819999,80039.31937242519,80039.70697450492,80038.55080663208,80038.55080663208,0,1
1370351820000,1370351879999,80039.8907461029,80039.91747623582,80038.3101999825,80039.66353708832,0,1
1370351880000,1370351939999,80040.15470303451,80040.30839626616,80034.3192954482,80034.3192954482,0,1
1370351940000,1370351999999,80035.01464297179,80036.55225908155,80034.43964751811,80034.80403800904,0,1
1370352000000,1370352059999,80035.25198610596,80035.25198610596,80032.96857842937,80032.96857842937,0,1
1370352060000,1370352119999,80032.76127402524,80034.55331203196,80031.48391658848,80034.55331203196,0,1
1370352120000,1370352179999,80034.63688805612,80037.20066108835,80034.63688805612,80037.20066108835,0,1
1370352180000,1370352239999,80037.59837141325,80038.75799105261,80033.7007966849,80033.7007966849,0,1
1370352240000,1370352299999,80034.82409581564,80038.07292942269,80034.82409581564,80036.8864921704,0,1
1370352300000,1370352359999,80036.72271935269,80037.16723933218,80036.72271935269,80037.16723933218,0,1
1370352360000,1370352419999,80035.99740748917,80037.86907275533,80034.86755425857,80037.84567910145,0,1
1370352420000,1370352479999,80038.37035218762,80040.60241151889,80036.86978078126,80036.86978078126,0,1
1370352480000,1370352539999,80036.06760125907,80039.04202723349,80035.00795716813,80038.22999647948,0,1
1370352540000,1370352599999,80037.01349781512,80043.12457356963,80036.54891669424,80043.12457356963,0,1
1370352600000,1370352659999,80043.64896976679,80044.63088614102,80032.76127402524,80036.19461730453,0,1
1370352660000,1370352719999,80034.47307839159,80041.11023568621,80033.15581742322,80041.11023568621,0,1
1370352720000,1370352779999,80041.19041609213,80051.37144323168,80040.14133829402,80051.37144323168,0,1
1370352780000,1370352839999,80052.0422456234,80053.01666446007,80047.22548681499,80048.87472850141,0,1
1370352840000,1370352899999,80048.19703659958,80056.28961614618,80048.19703659958,80051.05104412115,0,1
1370352900000,1370352959999,80051.95881494036,80055.29549944808,80051.29134441644,80054.69831472349,0,1
1370352960000,1370353019999,80055.36889399248,80060.38513517873,80055.36889399248,80056.88670585111,0,1
1370353020000,1370353079999,80056.02942065263,80056.72659590893,80053.35034771594,80054.89181982487,0,1
1370353080000,1370353139999,80054.63826065481,80059.49480263893,80051.06773182824,80057.68721711138,0,1
1370353140000,1370353199999,80056.66655401971,80058.73445592048,80053.80747570102,80055.01192455618,0,1
1370353200000,1370353259999,80055.01192455618,80060.58519899909,80055.01192455618,80058.13414135545,0,1
1370353260000,1370353319999,80058.40762245978,80059.99166465529,80054.67829674068,80054.95187237085,0,1
1370353320000,1370353379999,80055.01859699895,80057.27362762822,80051.71185603898,80054.84844831738,0,1
1370353380000,1370353439999,80053.73073304634,80056.33298140358,80050.2700282795,80054.98523474054,0,1
1370353440000,1370353499999,80053.08673886741,80056.81999368672,80052.37262429243,80056.39302529566,0,1
1370353500000,1370353559999,80056.68323235844,80061.5054410234,80053.56723586157,80056.30963090374,0,1
1370353560000,1370353619999,80055.01859699895,80059.77491580468,80053.1000863179,80053.1000863179,0,1
1370353620000,1370353679999,80053.63063304643,80055.37223009532,80048.01341758567,80049.83944217997,0,1
1370353680000,1370353739999,80048.75788834658,80057.8139588514,80048.75788834658,80054.55818800222,0,1
1370353740000,1370353799999,80052.9232311531,80057.12353044031,80052.9232311531,80054.73835056892,0,1
1370353800000,1370353859999,80054.62157890506,80054.62157890506,80051.00765595242,80053.21020210464,0,1
1370353860000,1370353919999,80053.28694875413,80053.71404978259,80050.013014001,80050.013014001,0,1
1370353920000,1370353979999,80049.8628077929,80054.14446908279,80048.50751198917,80051.70851871476,0,1
1370353980000,1370354039999,80053.10342317774,80055.0719763809,80051.39814269418,80052.24247642276,0,1
1370354040000,1370354099999,80051.62508524736,80057.96738091383,80051.02100617823,80057.96738091383,0,1
1370354100000,1370354159999,80057.86732331401,80069.61391302077,80057.6305163392,80069.61391302077,0,1
1370354160000,1370354219999,80070.58662122773,80073.67733983774,80068.99759344454,80073.27107144948,0,1
1370354220000,1370354279999,80073.39095564134,80074.96929680805,80069.5139718861,80071.76906713679,0,1
1370354280000,1370354339999,80071.49595120373,80072.54174498213,80065.0122538432,80066.13870648506,0,1
1370354340000,1370354399999,80066.05872586704,80070.08029177636,80066.0120702111,80067.75151243435,0,1
1370354400000,1370354459999,80069.81046100523,80075.39214337457,80067.92477363326,80069.92705544164,0,1
1370354460000,1370354519999,80070.1402531812,80073.91043719887,80067.90478210968,80071.3127595081,0,1
1370354520000,1370354579999,80072.03884506461,80072.31194617099,80065.31220924985,80065.742129643,0,1
1370354580000,1370354639999,80065.09557569202,80066.67522659244,80063.60900961357,80066.1786965542,0,1
1370354640000,1370354699999,80065.4321888933,80067.10842058178,80062.2589094791,80064.40231676819,0,1
1370354700000,1370354759999,80064.97225910918,80064.97225910918,80055.47231266345,80055.47231266345,0,1
1370354760000,1370354819999,80057.13020147427,80058.75780075892,80053.61728630407,80054.48478750743,0,1
1370354820000,1370354879999,80054.38803148658,80056.6365329399,80053.34033738027,80053.57057256553,0,1
1370354880000,1370354939999,80053.32699025045,80055.3522134615,80053.03334888731,80054.38135862307,0,1
1370354940000,1370354999999,80054.63158795825,80056.40970409059,80050.49032097506,80053.97764209539,0,1
1370355000000,1370355059999,80053.12678116543,80058.7911504336,80051.77192768443,80058.7911504336,0,1
1370355060000,1370355119999,80058.0040684496,80062.28557988851,80058.0040684496,80061.1486905798,0,1
1370355120000,1370355179999,80060.57853026957,80061.91218768363,80058.20084475346,80059.85161208888,0,1
1370355180000,1370355239999,80059.20467715965,80061.22871047807,80058.87118919904,80061.03532796113,0,1
1370355240000,1370355299999,80060.00833744921,80062.02220647852,80058.66775608176,80061.60212820387,0,1
1370355300000,1370355359999,80061.0153226597,80063.22233289326,80057.76059410402,80059.2346905306,0,1
1370355360000,1370355419999,80060.0650247406,80060.64188302052,80056.05610768149,80059.62152147153,0,1
1370355420000,1370355479999,80060.26509496526,80060.26509496526,80053.04669640907,80056.23624326356,0,1
1370355480000,1370355539999,80055.50567329691,80056.01941299844,80053.14680225431,80053.62395967747,0,1
1370355540000,1370355599999,80054.71166002311,80058.5810456263,80054.49146030196,80057.32032407167,0,1
1370355600000,1370355659999,80056.443061597,80058.84450968173,80053.14012856247,80053.92759345646,0,1
1370355660000,1370355719999,80054.14113257032,80056.32964562123,80051.31470663715,80056.23624326356,0,1
1370355720000,1370355779999,80056.02608476902,80059.47812898879,80056.02608476902,80059.47812898879,0,1
1370355780000,1370355839999,80060.58186463489,80066.50860852272,80059.31139095825,80064.34565405847,0,1
1370355840000,1370355899999,80064.70895645059,80066.18536155018,80061.34207090456,80065.13556993284,0,1
1370355900000,1370355959999,80065.1622326712,80067.98474796426,80064.43898070339,80066.5852531796,0,1
1370355960000,1370356019999,80065.65548050833,80069.66388321355,80064.52897342898,80067.36166376056,0,1
1370356020000,1370356079999,80066.78852529415,80068.66443191149,80066.06872347927,80067.30168569254,0,1
1370356080000,1370356139999,80067.95809275046,80069.76382285001,80066.1453715077,80069.76382285001,0,1
1370356140000,1370356199999,80070.38009520528,80073.8638181613,80070.38009520528,80072.27864155732,0,1
1370356200000,1370356259999,80073.89711749603,80076.04801960131,80071.19618122719,80071.62584873622,0,1
1370356260000,1370356319999,80070.04697972944,80082.68093839023,80069.37072118455,80076.02138587169,0,1
1370356320000,1370356379999,80075.25563580748,80085.55838305295,80075.25563580748,80083.19993758689,0,1
1370356380000,1370356439999,80082.89386439613,80083.62243627413,80081.24689673436,80082.89386439613,0,1
1370356440000,1370356499999,80083.12009330984,80084.89980404668,80082.22845557368,80083.95509984484,0,1
1370356500000,1370356559999,80083.85197532148,80084.96965539138,80079.43325491498,80080.16207895771,0,1
1370356560000,1370356619999,80081.09715895016,80081.42990653687,80080.2253077633,80081.27018907704,0,1
1370356620000,1370356679999,80080.29851956504,80080.29851956504,80076.6139695868,80078.41480906247,0,1
1370356680000,1370356739999,80078.9107319276,80079.74276202492,80076.39425163141,80077.9721188841,0,1
1370356740000,1370356799999,80078.67109441925,80081.90904361107,80078.42146590808,80079.88919215812,0,1
1370356800000,1370356859999,80079.77271381753,80082.03215151333,80079.50314445456,80081.64951387893,0,1
1370356860000,1370356919999,80080.12214476927,80082.96705666355,80076.82036690497,80080.23196340378,0,1
1370356920000,1370356979999,80080.41166402255,80081.97558861131,80080.38836968006,80080.43163055864,0,1
1370356980000,1370357039999,80081.67280528386,80083.21657173104,80081.08052128018,80082.67428437948,0,1
1370357040000,1370357099999,80083.54924880342,80083.91185420645,80081.84249816801,80081.84249816801,0,1
1370357100000,1370357159999,80081.69942396591,80082.89053746214,80079.47651992565,80082.89053746214,0,1
1370357160000,1370357219999,80083.53261521265,80083.53261521265,80081.37999510468,80083.02361395783,0,1
1370357220000,1370357279999,80083.71890984893,80083.71890984893,80078.45142165844,80080.37173083078,0,1
1370357280000,1370357339999,80079.79600959418,80083.9517732639,80078.55460188951,80083.9517732639,0,1
1370357340000,1370357399999,80082.88055665357,80083.73554312983,80080.03229226216,80080.07555468117,0,1
1370357400000,1370357459999,80080.50816857767,80082.04213316871,80078.3748678958,80078.85082308888,0,1
1370357460000,1370357519999,80078.19513067164,80078.19513067164,80072.72491416536,80073.43757688337,0,1
1370357520000,1370357579999,80073.32768360806,80073.32768360806,80061.91218768363,80061.91218768363,0,1
1370357580000,1370357639999,80062.75896781935,80063.18233099984,80053.4838179007,80057.75725879786,0,1
1370357640000,1370357699999,80057.0768330779,80058.1274709912,80053.54721561442,80054.56152437555,0,1
1370357700000,1370357759999,80054.36134000574,80056.84334299488,80052.74303588149,80056.84334299488,0,1
1370357760000,1370357819999,80056.34298874396,80057.27362762822,80054.70165105005,80056.41637560078,0,1
1370357820000,1370357879999,80055.22877666756,80058.11746543644,80053.0300120041,80057.67054044706,0,1
1370357880000,1370357939999,80056.95341757042,80057.91401698519,80055.4356158381,80055.47898479903,0,1
1370357940000,1370357999999,80055.30884395077,80055.30884395077,80048.02009469978,80048.02009469978,0,1
1370358000000,1370358059999,80048.28717560896,80048.28717560896,80038.51404765749,80038.51404765749,0,1
1370358060000,1370358119999,80038.21662916643,80039.8840635585,80036.92659939035,80039.513175343,0,1
1370358120000,1370358179999,80039.74038777393,80043.18135665108,80039.74038777393,80043.18135665108,0,1
1370358180000,1370358239999,80043.50868812801,80044.96818890452,80041.06346348587,80043.75584969454,0,1
1370358240000,1370358299999,80043.17133613073,80043.17133613073,80040.04778461058,80040.54227273862,0,1
1370358300000,1370358359999,80039.61007539343,80041.25723260596,80036.9600219508,80038.0996644151,0,1
1370358360000,1370358419999,80037.85904691035,80037.85904691035,80030.0993711235,80033.754289981,0,1
1370358420000,1370358479999,80033.61052609883,80038.63769094394,80032.95854767006,80038.63769094394,0,1
1370358480000,1370358539999,80038.08963880132,80042.192616926,80036.11105429828,80042.192616926,0,1
1370358540000,1370358599999,80040.46876929382,80044.50063747462,80040.09456156171,80044.29357199983,0,1
1370358600000,1370358659999,80043.79258940586,80044.7577934663,80041.03339552728,80041.77170480938,0,1
1370358660000,1370358719999,80041.4075681298,80043.4953278693,80040.0711731135,80040.47879252266,0,1
1370358720000,1370358779999,80041.07348611864,80043.82932898222,80038.43384578939,80043.82932898222,0,1
1370358780000,1370358839999,80043.21809847315,80043.6857098708,80041.24052851935,80042.84399361085,0,1
1370358840000,1370358899999,80041.94875730293,80048.88140504045,80041.92871378176,80048.2070520852,0,1
1370358900000,1370358959999,80048.02343325518,80050.63384239322,80046.29391229812,80047.04184996054,0,1
1370358960000,1370359019999,80047.34234487568,80051.48157805506,80047.34234487568,80048.58429473855,0,1
1370359020000,1370359079999,80047.67287885337,80047.67287885337,80043.6923898752,80045.32551704517,0,1
1370359080000,1370359139999,80046.41745942977,80050.06308223566,80045.51920359822,80050.06308223566,0,1
1370359140000,1370359199999,80051.07106936631,80051.4215046654,80044.32363015736,80044.32363015736,0,1
1370359200000,1370359259999,80045.23869082086,80046.83149814712,80043.44522674018,80046.83149814712,0,1
1370359260000,1370359319999,80047.96333908761,80049.58575486827,80047.07523873035,80047.07523873035,0,1
1370359320000,1370359379999,80048.05014165818,80049.65919133087,80045.53256115326,80049.53902229309,0,1
1370359380000,1370359439999,80049.5657266485,80053.69402982938,80049.5657266485,80051.83199896902,0,1
1370359440000,1370359499999,80052.88318804002,80053.78411930325,80051.86537174897,80053.6039395439,0,1
1370359500000,1370359559999,80052.72635096987,80058.66442107814,80052.72635096987,80058.66442107814,0,1
1370359560000,1370359619999,80057.29030495448,80058.0974542969,80055.24545740442,80056.9834376989,0,1
1370359620000,1370359679999,80057.47708910839,80058.56103541443,80057.03347104615,80058.56103541443,0,1
1370359680000,1370359739999,80059.96832269711,80060.33845304472,80054.8017403297,80055.64578674208,0,1
1370359740000,1370359799999,80054.38803148658,80055.31551619542,80053.22354939034,80055.31551619542,0,1
1370359800000,1370359859999,80055.58907439362,80056.26626554508,80052.7530468151,80053.2502439083,0,1
1370359860000,1370359919999,80053.40373600362,80055.00191588368,80049.49228949953,80049.6391632582,0,1
1370359920000,1370359979999,80050.28337949008,80053.05337016325,80049.90620092921,80051.70851871476,0,1
1370359980000,1370360039999,80051.79195148606,80053.32699025045,80050.06642010904,80052.7363619202,0,1
1370360040000,1370360099999,80052.66962206214,80056.65988267642,80052.66962206214,80054.51481504769,0,1
1370360100000,1370360159999,80055.07864878363,80055.07864878363,80051.56167534656,80051.56167534656,0,1
1370360160000,1370360219999,80052.119001237,80054.84511203978,80050.12316378634,80051.33139390426,0,1
1370360220000,1370360279999,80050.63384239322,80050.84745185239,80042.73376361595,80044.16999862522,0,1
1370360280000,1370360339999,80043.42852630801,80051.4982650437,80043.21809847315,80051.4982650437,0,1
1370360340000,1370360399999,80052.02222232294,80053.33366381758,80050.36682415252,80052.27918496777,0,1
1370360400000,1370360459999,80052.99998000498,80054.94186363823,80051.23460736746,80053.8742079655,0,1
1370360460000,1370360519999,80054.6616150577,80055.44896015381,80051.1044446858,80054.74502319425,0,1
1370360520000,1370360579999,80053.64064309152,80063.23233334163,80053.64064309152,80062.24890805724,0,1
1370360580000,1370360639999,80061.34873912492,80065.37886478505,80061.34873912492,80064.81894448023,0,1
1370360640000,1370360699999,80063.97900523535,80066.26867362505,80063.6223430269,80066.26867362505,0,1
1370360700000,1370360759999,80066.77186380088,80068.35458172402,80066.11871139052,80066.27867102738,0,1
1370360760000,1370360819999,80065.03225115025,80066.4219660293,80062.83897483328,80062.83897483328,0,1
1370360820000,1370360879999,80062.13222406298,80064.86560570309,80061.53211344242,80064.86560570309,0,1
1370360880000,1370360939999,80063.72900969359,80064.79561378715,80061.2187080258,80061.50210696601,0,1
1370360940000,1370360999999,80062.23223899855,80062.23223899855,80059.54482342258,80061.80883559189,0,1
1370361000000,1370361059999,80062.27891229284,80062.27891229284,80059.46145531084,80059.88162351825,0,1
1370361060000,1370361119999,80059.47812898879,80062.71563041952,80058.96790185258,80062.71563041952,0,1
1370361120000,1370361179999,80063.14899596642,80063.6590098219,80061.75215818486,80062.84564205556,0,1
1370361180000,1370361239999,80062.30224885828,80063.67567650246,80061.56211982878,80061.56211982878,0,1
1370361240000,1370361299999,80062.19890079784,80063.52900876025,80061.0820068421,80061.73882227771,0,1
1370361300000,1370361359999,80062.02887424536,80063.60234290025,80059.86161590868,80060.97531193685,0,1
1370361360000,1370361419999,80059.36808220057,80061.17202978293,80058.4176277242,80061.17202978293,0,1
1370361420000,1370361479999,80062.03220812712,80062.04220976573,80060.39847289129,80060.39847289129,0,1
1370361480000,1370361539999,80061.455430046,80063.31567002232,80059.77158117028,80063.31567002232,0,1
1370361540000,1370361599999,80063.48234130023,80063.77567600246,80059.3814212697,80059.3814212697,0,1
1370361600000,1370361659999,80059.92497320163,80062.20556844688,80054.86512968867,80054.86512968867,0,1
1370361660000,1370361719999,80053.28027515582,80055.23544896566,80048.01675614328,80049.49562756345,0,1
1370361720000,1370361779999,80050.31341964878,80052.24247642276,80046.17036364006,80046.8949380489,0,1
1370361780000,1370361839999,80046.22379027412,80047.19543737866,80044.50731693467,80044.50731693467,0,1
1370361840000,1370361899999,80044.41046432714,80045.6494389987,80037.7922076871,80038.4004281545,0,1
1370361900000,1370361959999,80039.54324787295,80044.63422582812,80039.54324787295,80042.11578508366,0,1
1370361960000,1370362019999,80043.2147583131,80043.2147583131,80038.01277542849,80038.10634815203,0,1
1370362020000,1370362079999,80038.6978411792,80038.6978411792,80031.821663087,80031.821663087,0,1
1370362080000,1370362139999,80031.26654894737,80033.08225966517,80024.52246105878,80030.48733073026,0,1
1370362140000,1370362199999,80032.05573812613,80036.28152209031,80032.05573812613,80033.03879346291,0,1
1370362200000,1370362259999,80033.1123515407,80033.1123515407,80029.32340675326,80031.00570154109,0,1
1370362260000,1370362319999,80031.87516643615,80033.02541920882,80031.05920925607,80031.99220401442,0,1
1370362320000,1370362379999,80032.33996473635,80033.47344698395,80030.03916914586,80033.47344698395,0,1
1370362380000,1370362439999,80036.02414803102,80040.01103113835,80036.02414803102,80037.36108396306,0,1
1370362440000,1370362499999,80037.1237908822,80037.1237908822,80029.70805179032,80032.99198349532,0,1
1370362500000,1370362559999,80033.02541920882,80036.19461730453,80031.31336699238,80032.93848612122,0,1
1370362560000,1370362619999,80033.31964866703,80033.90139506989,80029.68798371941,80029.68798371941,0,1
1370362620000,1370362679999,80030.6211064152,80030.6211064152,80021.54705997267,80026.38289194126,0,1
1370362680000,1370362739999,80026.80779792252,80030.25990795868,80026.80779792252,80028.80160374983,0,1
1370362740000,1370362799999,80029.52743770242,80030.32010860744,80028.13927610948,80029.85521641301,0,1
1370362800000,1370362859999,80029.80170225534,80030.14285010417,80022.66837805479,80025.28875958461,0,1
1370362860000,1370362919999,80025.62336934268,80031.46050799261,80025.11810429675,80031.46050799261,0,1
1370362920000,1370362979999,80031.83169498679,80033.583779102,80030.98898032145,80033.50353768232,0,1
1370362980000,1370363039999,80032.89167568409,80033.64061638471,80030.23315199846,80031.07258614009,0,1
1370363040000,1370363099999,80030.56090757845,80031.27323725294,80028.39685318232,80028.69456387078,0,1
1370363100000,1370363159999,80028.76815391071,80028.76815391071,80020.82734182068,80020.82734182068,0,1
1370363160000,1370363219999,80021.2257038498,80023.70255700046,80018.2861550795,80021.85501656689,0,1
1370363220000,1370363279999,80021.91526783476,80023.75275714006,80016.52134114475,80016.68879417081,0,1
1370363280000,1370363339999,80018.85538346379,80019.9301322423,80013.58040897534,80016.53138840539,0,1
1370363340000,1370363399999,80018.2359274899,80018.46697231314,80015.06103191161,80015.06103191161,0,1
1370363400000,1370363459999,80014.91699903461,80016.96676000347,80013.50000688448,80016.42086798314,0,1
1370363460000,1370363519999,80017.17774095944,80018.9056079421,80015.97542480813,80018.88886647735,0,1
1370363520000,1370363579999,80019.7828214839,80020.29170399475,80015.20171318413,80016.00221894342,0,1
1370363580000,1370363639999,80015.45627426557,80020.09752819735,80014.59877950967,80018.22588194173,0,1
1370363640000,1370363699999,80019.84308523826,80023.10682943788,80019.84308523826,80022.61482542343,0,1
1370363700000,1370363759999,80022.61482542343,80024.41537536577,80020.311790931,80022.19308842928,0,1
1370363760000,1370363819999,80022.46420711016,80022.88927962775,80019.87321697925,80020.09752819735,0,1
1370363820000,1370363879999,80019.56854741597,80025.141527744,80019.56854741597,80023.38796372102,0,1
1370363880000,1370363939999,80024.37856439398,80027.16912108798,80023.41473800245,80024.82697973105,0,1
1370363940000,1370363999999,80024.12088379709,80024.90729080261,80022.1428804595,80022.95621853496,0,1
1370364000000,1370364059999,80023.3611893679,80023.3611893679,80020.55952649406,80021.09514997498,0,1
1370364060000,1370364119999,80020.1377028096,80021.72781825367,80016.58832269166,80020.03391806452,0,1
1370364120000,1370364179999,80020.09083241294,80020.09083241294,80017.73028903504,80018.9190010937,0,1
1370364180000,1370364239999,80019.75603747649,80023.351148967,80018.2526700478,80021.29600138412,0,1
1370364240000,1370364299999,80020.8708611338,80021.560449587,80017.60638697057,80018.94578734312,0,1
1370364300000,1370364359999,80019.36431317133,80019.36431317133,80016.6218132969,80016.66200187507,0,1
1370364360000,1370364419999,80016.51799205563,80017.15764772685,80011.63717746234,80016.30364801869,0,1
1370364420000,1370364479999,80015.45627426557,80015.45627426557,80011.51655064519,80012.1397735387,0,1
1370364480000,1370364539999,80012.84336561106,80014.96389368745,80012.66579704404,80012.78305965886,0,1
1370364540000,1370364599999,80011.86167349808,80014.53848414277,80011.27864349095,80013.3090493278,0,1
1370364600000,1370364659999,80013.58040897534,80013.58040897534,80010.18620840179,80011.16471411711,0,1
1370364660000,1370364719999,80011.96889370693,80019.37100944221,80011.96889370693,80019.37100944221,0,1
1370364720000,1370364779999,80018.86542837963,80024.50238257868,80018.86542837963,80021.19557618382,0,1
1370364780000,1370364839999,80020.2481821611,80023.82638355561,80019.73929743544,80021.84832195916,0,1
1370364840000,1370364899999,80023.25409123857,80023.69586362949,80018.32968545306,80020.11761552366,0,1
1370364900000,1370364959999,80020.00713472965,80023.7929170703,80020.00713472965,80022.11275555662,0,1
1370364960000,1370365019999,80021.47341677331,80021.47341677331,80018.15556282183,80019.44801623505,0,1
1370365020000,1370365079999,80019.52837051707,80019.52837051707,80013.5067070834,80013.5067070834,0,1
1370365080000,1370365139999,80014.91699903461,80023.7360237882,80014.58538057067,80022.07593610766,0,1
1370365140000,1370365199999,80020.94116116261,80025.3422978983,80020.94116116261,80025.00098623756,0,1
1370365200000,1370365259999,80025.36237469205,80025.36237469205,80017.96134554093,80020.42226835922,0,1
1370365260000,1370365319999,80021.16210089292,80022.25333766025,80020.18792084795,80021.47341677331,0,1
1370365320000,1370365379999,80019.98704718142,80020.95789919187,80019.58193967973,80019.81295340646,0,1
1370365380000,1370365439999,80020.50931032181,80021.76129165084,80017.94125388277,80021.09180241732,0,1
1370365440000,1370365499999,80021.63743952158,80025.45941196023,80021.63743952158,80023.0030755034,0,1
1370365500000,1370365559999,80023.2708253969,80023.50844742294,80020.93446594305,80020.93446594305,0,1
1370365560000,1370365619999,80021.80480689967,80023.69921031554,80021.65417638543,80022.92944302585,0,1
1370365620000,1370365679999,80023.13360447204,80025.48618069607,80022.21986591008,80022.71188935661,0,1
1370365680000,1370365739999,80022.43743028362,80025.3791053227,80020.92442310535,80025.3791053227,0,1
1370365740000,1370365799999,80025.15156634746,80030.14953916134,80024.94409982818,80028.56076241074,0,1
1370365800000,1370365859999,80029.72811982095,80029.72811982095,80026.05834529025,80027.85827537217,0,1
1370365860000,1370365919999,80028.57079758235,80028.57079758235,80025.25864415719,80026.26913452026,0,1
1370365920000,1370365979999,80026.64720565823,80028.86515813592,80026.64720565823,80028.86515813592,0,1
1370365980000,1370366039999,80026.48661081494,80026.4966480682,80024.50907540986,80024.73328266571,0,1
1370366040000,1370366099999,80025.58990887071,80030.29669728709,80025.54641008975,80029.68798371941,0,1
1370366100000,1370366159999,80029.48061129526,80030.6211064152,80028.46710032347,80030.39034223961,0,1
1370366160000,1370366219999,80030.03916914586,80030.03916914586,80026.37620036407,80027.73115339696,0,1
1370366220000,1370366279999,80026.6104029011,80027.12562917589,80026.21894701135,80026.21894701135,0,1
1370366280000,1370366339999,80026.83456304917,80028.22959609816,80026.64385995864,80027.24272235447,0,1
1370366340000,1370366399999,80027.82816768198,80029.75153247244,80026.34608821139,80026.34608821139,0,1
1370366400000,1370366459999,80026.05165349589,80026.25240537862,80023.24739756741,80024.79686291293,0,1
1370366460000,1370366519999,80024.94744609651,80026.2055636331,80022.93613690985,80022.93613690985,0,1
1370366520000,1370366579999,80021.97217147663,80021.97217147663,80017.66666384235,80017.66666384235,0,1
1370366580000,1370366639999,80018.3665186981,80019.79286546817,80013.83166134279,80014.62892705678,0,1
1370366640000,1370366699999,80015.03088566716,80016.86964028954,80014.4379910567,80014.58538057067,0,1
1370366700000,1370366759999,80014.64902537105,80014.93709676989,80008.25907643908,80008.25907643908,0,1
1370366760000,1370366819999,80006.81767413316,80007.71941293086,80000.37240005295,80001.75771315354,0,1
1370366820000,1370366879999,80001.20763600843,80001.62690486734,79998.0105522047,79999.65115625261,0,1
1370366880000,1370366939999,79999.82560138291,79999.82560138291,79986.44152046354,79989.16208431551,0,1
1370366940000,1370366999999,79990.9216598191,79992.02627326008,79985.10111872063,79986.17278263441,0,1
1370367000000,1370367059999,79985.8234126593,79986.21645302308,79980.02343185239,79980.02343185239,0,1
1370367060000,1370367119999,79979.47215782097,79985.24894126102,79979.46543477937,79982.59452209115,0,1
1370367120000,1370367179999,79983.60261235236,79989.88072698115,79983.60261235236,79989.88072698115,0,1
1370367180000,1370367239999,79989.26954818497,79990.30047100117,79987.53655244563,79990.30047100117,0,1
1370367240000,1370367299999,79990.86457921339,79992.57014143193,79988.40644637453,79989.97139318129,0,1
1370367300000,1370367359999,79990.38441769099,79990.38441769099,79985.83013142778,79986.6833783351,0,1
1370367360000,1370367419999,79986.13918989796,79986.13918989796,79977.4920266989,79978.63846619026,0,1
1370367420000,1370367479999,79977.996341787,79980.87717433728,79977.43823158834,79978.23840399567,0,1
1370367480000,1370367539999,79980.094019625,79981.08219612758,79973.10341193926,79974.43196986557,0,1
1370367540000,1370367599999,79974.35461563584,79979.76796717725,79974.35461563584,79976.41606949945,0,1
1370367600000,1370367659999,79975.99910496087,79978.54769718008,79975.69982130804,79978.54769718008,0,1
1370367660000,1370367719999,79979.70073854645,79979.95620493902,79974.66739210041,79978.2249562489,0,1
1370367720000,1370367779999,79977.57271882215,79977.57271882215,79974.42860665063,79976.70860682192,0,1
1370367780000,1370367839999,79977.38443618838,79980.9040626804,79976.11343567727,79979.89233895272,0,1
1370367840000,1370367899999,79979.42845796971,79983.26323331181,79978.32245200321,79983.11874170971,0,1
1370367900000,1370367959999,79982.73566084566,79982.73566084566,79969.75937361515,79972.27928098067,0,1
1370367960000,1370368019999,79972.8309516684,79975.27610104406,79964.93983851948,79967.8749157765,0,1
1370368020000,1370368079999,79968.79363333494,79968.79363333494,79963.08140846332,79963.08140846332,0,1
1370368080000,1370368139999,79962.43491704274,79964.44496425531,79959.51508362425,79961.16875026331,0,1
1370368140000,1370368199999,79962.24298185622,79962.68409056113,79955.63075438442,79955.63075438442,0,1
1370368200000,1370368259999,79957.70954668433,79966.87533596941,79957.70954668433,79965.81843248694,0,1
1370368260000,1370368319999,79966.5084617495,79969.13013879309,79965.88575451107,79968.31914139877,0,1
1370368320000,1370368379999,79967.45422938115,79971.82850306912,79966.66665687106,79971.46181052647,0,1
1370368380000,1370368439999,79970.7384784752,79972.86795288154,79969.77619753216,79971.18594121853,0,1
1370368440000,1370368499999,79971.44162522542,79972.47775137941,79962.84571330738,79964.000566495,0,1
1370368500000,1370368559999,79964.0342336834,79965.59290040373,79958.34623777735,79958.34623777735,0,1
1370368560000,1370368619999,79957.61521863022,79967.53163700651,79957.49056947968,79966.41421665772,0,1
1370368620000,1370368679999,79966.18869801112,79968.47730787909,79966.02039719967,79967.42730484928,0,1
1370368680000,1370368739999,79968.39317708397,79969.38587536827,79964.4718968182,79967.87155035556,0,1
1370368740000,1370368799999,79969.31184703225,79971.7881339066,79969.31184703225,79969.92424678142,0,1
1370368800000,1370368859999,79970.02855289092,79970.02855289092,79961.23273594129,79967.51144377071,0,1
1370368860000,1370368919999,79966.47816878115,79966.47816878115,79961.48530698828,79966.15503807542,0,1
1370368920000,1370368979999,79965.19904859866,79970.07902319849,79962.55613736776,79962.63358291723,0,1
1370368980000,1370369039999,79961.16875026331,79963.19588696324,79960.75451728549,79962.74806654388,0,1
1370369040000,1370369099999,79961.21589764468,79961.21589764468,79948.63987796831,79952.26064299393,0,1
1370369100000,1370369159999,79954.15478538112,79955.7554267194,79949.7458000134,79955.7554267194,0,1
1370369160000,1370369219999,79954.69060753548,79957.29853936935,79953.18753685361,79954.59625099988,0,1
1370369220000,1370369279999,79954.33676593617,79954.33676593617,79947.14264228746,79949.93460374956,0,1
1370369280000,1370369339999,79947.85756656819,79948.02617333674,79941.93766718538,79941.93766718538,0,1
1370369340000,1370369399999,79943.73255957426,79943.73255957426,79939.40672642119,79940.89499717987,0,1
1370369400000,1370369459999,79938.7688282852,79940.31456418344,79933.5797535847,79940.31456418344,0,1
1370369460000,1370369519999,79939.43372650286,79939.43372650286,79934.7616274234,79935.54834028255,0,1
1370369520000,1370369579999,79934.24499690105,79940.85787747338,79932.40111742746,79939.4101014354,0,1
1370369580000,1370369639999,79938.71819970608,79940.86462652117,79937.02368207416,79940.86462652117,0,1
1370369640000,1370369699999,79939.03209276477,79941.49226805707,79935.49094272495,79940.58791182649,0,1
1370369700000,1370369759999,79939.73072258997,79939.74759710282,79937.68869633254,79939.1974733164,0,1
1370369760000,1370369819999,79938.29966030054,79941.1717033773,79937.59080360844,79940.46979956416,0,1
1370369820000,1370369879999,79939.78472093087,79946.62665102683,79937.746081277,79946.2624058709,0,1
1370369880000,1370369939999,79945.97909491014,79947.1898558445,79941.07384474354,79947.1898558445,0,1
1370369940000,1370369999999,79947.68895695676,79947.74291234172,79942.85202292539,79947.74291234172,0,1
1370370000000,1370370059999,79948.20489340767,79950.66618455948,79944.74457489568,79948.73766259027,0,1
1370370060000,1370370119999,79949.36143853555,79952.38872798844,79948.77812491277,79950.69989667086,0,1
1370370120000,1370370179999,79949.67836924373,79951.35388914344,79948.54883625385,79950.69315425768,0,1
1370370180000,1370370239999,79949.41201325826,79949.41201325826,79945.3483619223,79945.84418210766,0,1
1370370240000,1370370299999,79945.5170110027,79949.80311581012,79944.08677658686,79944.08677658686,0,1
1370370300000,1370370359999,79942.4606484147,79945.82731787936,79941.23919153228,79944.50844714786,0,1
1370370360000,1370370419999,79946.15785156988,79951.65053142254,79945.35510794014,79947.45627102425,0,1
1370370420000,1370370479999,79947.72942352279,79954.16152546075,79947.72942352279,79953.99639220242,0,1
1370370480000,1370370539999,79953.27853634655,79954.40079534387,79950.58527502847,79950.58527502847,0,1
1370370540000,1370370599999,79951.25275908243,79953.21449975266,79948.96694691971,79952.70219223862,0,1
1370370600000,1370370659999,79953.26842533267,79958.87173004751,79953.11675889771,79958.87173004751,0,1
1370370660000,1370370719999,79957.71965320878,79960.11124344579,79955.50608049508,79958.05990023827,0,1
1370370720000,1370370779999,79959.08057187141,79959.46455997186,79954.45134458666,79955.54651544032,0,1
1370370780000,1370370839999,79956.05530786204,79960.50192777996,79953.90876936614,79959.80137949961,0,1
1370370840000,1370370899999,79960.59286073696,79960.74778164814,79954.40079534387,79958.29907686432,0,1
1370370900000,1370370959999,79957.51752077902,79959.33656557667,79956.19008297462,79956.62808954612,0,1
1370370960000,1370371019999,79957.68259590253,79959.4679282233,79952.4898465621,79953.40660830411,0,1
1370371020000,1370371079999,79952.82016011058,79955.33086050976,79952.51007015412,79954.09749452099,0,1
1370371080000,1370371139999,79953.80766513948,79958.38329262442,79953.80766513948,79957.76344803005,0,1
1370371140000,1370371199999,79956.40908865849,79962.50562907758,79955.46901498499,79961.41122014233,0,1
1370371200000,1370371259999,79961.22600062606,79967.61240954197,79961.22600062606,79963.49217817174,0,1
1370371260000,1370371319999,79964.04433381782,79968.28885391502,79962.85581464229,79967.3599932024,0,1
1370371320000,1370371379999,79968.02299317656,79969.80648051147,79963.89956424973,79969.42961912743,0,1
1370371380000,1370371439999,79968.18452965772,79974.07882612107,79967.23546546124,79969.98817646147,0,1
1370371440000,1370371499999,79969.5574844032,79969.5574844032,79963.86252983751,79964.57625981425,0,1
1370371500000,1370371559999,79964.94993773926,79968.51769040934,79963.29016239093,79967.37345556803,0,1
1370371560000,1370371619999,79966.43777801393,79967.83116521595,79963.31373110898,79966.09781592473,0,1
1370371620000,1370371679999,79966.56231568886,79968.3056803062,79962.98039693385,79964.03086696967,0,1
1370371680000,1370371739999,79964.54932753244,79967.63596807525,79964.54932753244,79964.86577726273,0,1
1370371740000,1370371799999,79965.69725170135,79968.91477660436,79965.69725170135,79966.24591964178,0,1
1370371800000,1370371859999,79967.55856125748,79974.7615594425,79967.55856125748,79974.70774964131,0,1
1370371860000,1370371919999,79976.08989710722,79976.08989710722,79971.34069810892,79972.70649203763,0,1
1370371920000,1370371979999,79971.50890940384,79971.50890940384,79967.58211991763,79967.62923707139,0,1
1370371980000,1370372039999,79966.69694926843,79968.38644658978,79965.59963277837,79966.31997067774,0,1
1370372040000,1370372099999,79967.55856125748,79973.87366069466,79966.37382563221,79969.04937851583,0,1
1370372100000,1370372159999,79969.28156255501,79970.87305584172,79963.93996527026,79963.93996527026,0,1
1370372160000,1370372219999,79963.60328511166,79963.60328511166,79956.7527494478,79958.90541450767,0,1
1370372220000,1370372279999,79957.95546921302,79961.95002104779,79957.26484949609,79961.46173396047,0,1
1370372280000,1370372339999,79961.13844111505,79961.13844111505,79956.72242691203,79959.13446582764,0,1
1370372340000,1370372399999,79958.31928871143,79962.5830750182,79957.33559809886,79961.04751311908,0,1
1370372400000,1370372459999,79960.86228686605,79961.43479328923,79957.8240866967,79959.42414086615,0,1
1370372460000,1370372519999,79959.80137949961,79961.17211794078,79958.4944563418,79959.59928914433,0,1
1370372520000,1370372579999,79960.67368933788,79960.75451728549,79954.17500560633,79954.20196584302,0,1
1370372580000,1370372639999,79953.33246158123,79959.41740433265,79952.9886832279,79958.93573042478,0,1
1370372640000,1370372699999,79960.64001083357,79968.5378816133,79958.21149172145,79966.26948139451,0,1
1370372700000,1370372759999,79966.48826644746,79968.27202749552,79964.08810094907,79966.37382563221,0,1
1370372760000,1370372819999,79967.29268110244,79971.87223614463,79967.29268110244,79969.51374120337,0,1
1370372820000,1370372879999,79969.35222619255,79978.08375381604,79969.35222619255,79975.20884220819,0,1
1370372880000,1370372939999,79973.53058779064,79978.34598531874,79973.53058779064,79978.34598531874,0,1
1370372940000,1370372999999,79976.85655347371,79976.85655347371,79967.68645045967,79967.93885855917,0,1
1370373000000,1370373059999,79968.46384699944,79971.43826100462,79964.19246795059,79964.25643428409,0,1
1370373060000,1370373119999,79965.16201899872,79966.45797341794,79956.5404897666,79956.799917654,0,1
1370373120000,1370373179999,79956.59439741404,79957.74323505945,79952.19322917996,79957.74323505945,0,1
1370373180000,1370373239999,79956.52027432389,79959.57234345506,79954.19522579067,79954.9500834178,0,1
1370373240000,1370373299999,79954.10086458067,79954.95345319017,79951.3673730743,79954.14130520828,0,1
1370373300000,1370373359999,79953.29875834363,79953.80429498099,79949.12204804395,79949.12204804395,0,1
1370373360000,1370373419999,79949.48281744037,79956.68199672134,79949.48281744037,79956.68199672134,0,1
1370373420000,1370373479999,79955.45890618567,79958.20475437099,79950.92913601427,79950.92913601427,0,1
1370373480000,1370373539999,79953.04935085493,79955.90368368916,79947.62151231617,79948.87928000273,0,1
1370373540000,1370373599999,79949.42887144233,79953.18416648611,79945.67553854492,79952.92127432178,0,1
1370373600000,1370373659999,79953.18079611749,79956.38550366144,79947.93849817188,79953.123499677,0,1
1370373660000,1370373719999,79954.03009308885,79956.08563242074,79951.11454634504,79953.30886932684,0,1
1370373720000,1370373779999,79953.82451591491,79953.82451591491,79949.0950741082,79949.0950741082,0,1
1370373780000,1370373839999,79949.46258772521,79954.34013591522,79949.46258772521,79953.12687006494,0,1
1370373840000,1370373899999,79952.23030683388,79952.23030683388,79947.29102700182,79947.29102700182,0,1
1370373900000,1370373959999,79947.26404812661,79951.58648440258,79947.01786252797,79949.681740793,0,1
1370373960000,1370374019999,79950.24477357768,79953.2886473502,79949.47944582402,79952.44939925533,0,1
1370374020000,1370374079999,79952.78308464363,79960.73094253492,79952.78308464363,79959.28604102232,0,1
1370374080000,1370374139999,79959.77780250194,79965.56933705678,79959.77780250194,79960.78145978952,0,1
1370374140000,1370374199999,79960.49182406704,79963.2329238444,79959.51845185868,79959.9798892497,0,1
1370374200000,1370374259999,79960.848815732,79967.12776454265,79960.05061864661,79967.12776454265,0,1
1370374260000,1370374319999,79967.31287478001,79981.68715395883,79967.31287478001,79981.68715395883,0,1
1370374320000,1370374379999,79980.31922490214,79982.9742480198,79975.8477828851,79982.35592585696,0,1
1370374380000,1370374439999,79983.14898431083,79989.91766516192,79981.79805892488,79987.99669881591,0,1
1370374440000,1370374499999,79987.82876463803,79996.66163314987,79987.82876463803,79995.09773306178,0,1
1370374500000,1370374559999,79995.36623115395,79997.62804140375,79991.87855087074,79995.21184563181,0,1
1370374560000,1370374619999,79994.8862857401,79996.37974648239,79989.8672948816,79991.14997898378,0,1
1370374620000,1370374679999,79991.61331655885,79993.32546482568,79987.83884076825,79988.39301229455,0,1
1370374680000,1370374739999,79987.84555818274,79990.15608104621,79987.49288782151,79988.26202906897,0,1
1370374740000,1370374799999,79989.60536533392,79993.68799979104,79989.60536533392,79990.02847888556,0,1
1370374800000,1370374859999,79990.93844817053,79995.07088285605,79990.93844817053,79993.13076469745,0,1
1370374860000,1370374919999,79994.40296078654,79996.37639064087,79992.43921290866,79996.37639064087,0,1
1370374920000,1370374979999,79996.22537660679,80004.73565427803,79996.22537660679,79999.51025604116,0,1
1370374980000,1370375039999,79999.84908414884,80000.42271744668,79997.69179422,79998.7822399869,0,1
1370375040000,1370375099999,79999.49348207422,80003.15624865104,79999.43645037618,80001.98913900681,0,1
1370375100000,1370375159999,80001.19757333981,80001.19757333981,79996.5978737657,79997.57099906575,0,1
1370375160000,1370375219999,79996.92673359862,79998.37291736211,79993.21468763135,79994.24856039206,0,1
1370375220000,1370375279999,79994.61777476099,79996.88982129906,79993.31875109127,79995.27897006474,0,1
1370375280000,1370375339999,79994.59763614691,79998.66145800409,79994.59763614691,79997.27236033823,0,1
1370375340000,1370375399999,79996.85290886325,79996.85290886325,79990.33404976166,79990.78063655428,0,1
1370375400000,1370375459999,79991.48573299161,79995.409861413,79988.20157469389,79988.20157469389,0,1
1370375460000,1370375519999,79989.55835161195,79991.40851056804,79985.76630294499,79985.9611465108,0,1
1370375520000,1370375579999,79986.06192617588,79986.95546144879,79980.88389642983,79982.63820810898,0,1
1370375580000,1370375639999,79983.22627054257,79983.22627054257,79976.73214393566,79977.45840478872,0,1
1370375640000,1370375699999,79977.89884285319,79985.25901999102,79977.89884285319,79985.25901999102,0,1
1370375700000,1370375759999,79984.93649559253,79992.57349855102,79984.93649559253,79991.2439912423,0,1
1370375760000,1370375819999,79989.98482514101,79990.84107533986,79984.03941990745,79984.03941990745,0,1
1370375820000,1370375879999,79984.91969716176,79984.91969716176,79977.88875670233,79977.88875670233,0,1
1370375880000,1370375939999,79978.3291758133,79979.32761143024,79974.17299900566,79974.17299900566,0,1
1370375940000,1370375999999,79975.02724109167,79975.02724109167,79969.8704109444,79969.8704109444,0,1
1370376000000,1370376059999,79970.6779180694,79981.32082275405,79970.6779180694,79980.10746485853,0,1
1370376060000,1370376119999,79979.65031677677,79987.60372841812,79979.3040804247,79984.79202816582,0,1
1370376120000,1370376179999,79985.83685019174,79992.04305975715,79984.81890598462,79992.04305975715,0,1
1370376180000,1370376239999,79992.61714099652,79993.25161349915,79991.2171306872,79991.2171306872,0,1
1370376240000,1370376299999,79991.72075408981,79991.96919895924,79989.7934180115,79991.28763949047,0,1
1370376300000,1370376359999,79990.84107533986,79991.51595029939,79985.20862623944,79985.9073969408,0,1
1370376360000,1370376419999,79986.9621794567,79988.03028531307,79984.4224508312,79985.34300901263,0,1
1370376420000,1370376479999,79985.20190705337,79985.20190705337,79983.15906515752,79984.13349903742,0,1
1370376480000,1370376539999,79985.32621126475,79985.32621126475,79982.39625238081,79982.39625238081,0,1
1370376540000,1370376599999,79983.23635131137,79985.1951878628,79983.23635131137,79985.1951878628,0,1
1370376600000,1370376659999,79985.23214335511,79985.94770914539,79982.6281267372,79983.02465303247,0,1
1370376660000,1370376719999,79983.23971156537,79985.19182826582,79982.80958987447,79985.19182826582,0,1
1370376720000,1370376779999,79985.90403758308,79987.66082763995,79985.90403758308,79986.10223775754,0,1
1370376780000,1370376839999,79985.87044394384,79986.31723011525,79984.10661937631,79984.8222657069,0,1
1370376840000,1370376899999,79983.1624254375,79984.18725814288,79977.82151543663,79981.29057462359,0,1
1370376900000,1370376959999,79981.29057462359,79981.29057462359,79981.29057462359,79981.29057462359,0,1
1370376960000,1370377019999,79981.29057462359,79981.29057462359,79981.29057462359,79981.29057462359,0,1
1370377020000,1370377079999,79981.29057462359,79981.29057462359,79981.29057462359,79981.29057462359,0,1
1370377080000,1370377139999,79981.29057462359,79981.29057462359,79981.29057462359,79981.29057462359,0,1
1370377140000,1370377199999,79981.29057462359,79981.29057462359,79981.29057462359,79981.29057462359,0,1
1370377200000,1370377259999,79981.29057462359,79981.29057462359,79981.29057462359,79981.29057462359,0,1
1370377260000,1370377319999,79981.29057462359,79981.29057462359,79981.29057462359,79981.29057462359,0,1
1370377320000,1370377379999,79981.29057462359,79981.29057462359,79981.29057462359,79981.29057462359,0,1
1370377380000,1370377439999,79981.29057462359,79981.29057462359,79981.29057462359,79981.29057462359,0,1
1370377440000,1370377499999,79981.29057462359,79981.29057462359,79981.29057462359,79981.29057462359,0,1
1370377500000,1370377559999,79981.29057462359,79981.29057462359,79981.29057462359,79981.29057462359,0,1
1370377560000,1370377619999,79981.29057462359,79981.29057462359,79981.29057462359,79981.29057462359,0,1
1370377620000,1370377679999,79981.29057462359,79981.29057462359,79981.29057462359,79981.29057462359,0,1
1370377680000,1370377739999,79981.29057462359,79981.29057462359,79981.29057462359,79981.29057462359,0,1
1370377740000,1370377799999,79981.29057462359,79981.29057462359,79981.29057462359,79981.29057462359,0,1
1370377800000,1370377859999,79981.29057462359,79981.29057462359,79981.29057462359,79981.29057462359,0,1
1370377860000,1370377919999,79981.29057462359,79981.29057462359,79981.29057462359,79981.29057462359,0,1
1370377920000,1370377979999,79981.29057462359,79981.29057462359,79981.29057462359,79981.29057462359,0,1
1370377980000,1370378039999,79981.29057462359,79981.29057462359,79981.29057462359,79981.29057462359,0,1
1370378040000,1370378099999,79981.29057462359,79981.29057462359,79981.29057462359,79981.29057462359,0,1
1370378100000,1370378159999,79981.29057462359,79981.29057462359,79981.29057462359,79981.29057462359,0,1
1370378160000,1370378219999,79981.29057462359,79981.29057462359,79981.29057462359,79981.29057462359,0,1
1370378220000,1370378279999,79981.29057462359,79981.29057462359,79981.29057462359,79981.29057462359,0,1
1370378280000,1370378339999,79981.29057462359,79981.29057462359,79981.29057462359,79981.29057462359,0,1
1370378340000,1370378399999,79981.29057462359,79981.29057462359,79981.29057462359,79981.29057462359,0,1
1370378400000,1370378459999,79981.29057462359,79981.29057462359,79981.29057462359,79981.29057462359,0,1
1370378460000,1370378519999,79981.29057462359,79981.29057462359,79981.29057462359,79981.29057462359,0,1
1370378520000,1370378579999,79981.29057462359,79981.29057462359,79981.29057462359,79981.29057462359,0,1
1370378580000,1370378639999,79981.29057462359,79981.29057462359,79981.29057462359,79981.29057462359,0,1
1370378640000,1370378699999,79981.29057462359,79981.29057462359,79981.29057462359,79981.29057462359,0,1
1370378700000,1370378759999,79981.29057462359,79981.29057462359,79981.29057462359,79981.29057462359,0,1
1370378760000,1370378819999,79981.29057462359,79981.29057462359,79981.29057462359,79981.29057462359,0,1
1370378820000,1370378879999,79981.29057462359,79981.29057462359,79981.29057462359,79981.29057462359,0,1
1370378880000,1370378939999,79981.29057462359,79981.29057462359,79981.29057462359,79981.29057462359,0,1
1370378940000,1370378999999,79981.29057462359,79981.29057462359,79981.29057462359,79981.29057462359,0,1
1370379000000,1370379059999,79981.29057462359,79981.29057462359,79981.29057462359,79981.29057462359,0,1
1370379060000,1370379119999,79981.29057462359,79981.29057462359,79981.29057462359,79981.29057462359,0,1
1370379120000,1370379179999,79981.29057462359,79981.29057462359,79981.29057462359,79981.29057462359,0,1
1370379180000,1370379239999,79981.29057462359,79981.29057462359,79981.29057462359,79981.29057462359,0,1
1370379240000,1370379299999,79981.29057462359,79981.29057462359,79981.29057462359,79981.29057462359,0,1
1370379300000,1370379359999,79981.29057462359,79981.29057462359,79981.29057462359,79981.29057462359,0,1
1370379360000,1370379419999,79981.29057462359,79981.29057462359,79981.29057462359,79981.29057462359,0,1
1370379420000,1370379479999,79981.29057462359,79981.29057462359,79981.29057462359,79981.29057462359,0,1
1370379480000,1370379539999,79981.29057462359,79981.29057462359,79981.29057462359,79981.29057462359,0,1
1370379540000,1370379599999,79981.29057462359,79981.29057462359,79981.29057462359,79981.29057462359,0,1
1370379600000,1370379659999,79981.29057462359,79981.29057462359,79981.29057462359,79981.29057462359,0,1
1370379660000,1370379719999,79981.29057462359,79981.29057462359,79981.29057462359,79981.29057462359,0,1
1370379720000,1370379779999,79981.29057462359,79981.29057462359,79981.29057462359,79981.29057462359,0,1
1370379780000,1370379839999,79981.29057462359,79981.29057462359,79981.29057462359,79981.29057462359,0,1
1370379840000,1370379899999,79981.29057462359,79981.29057462359,79981.29057462359,79981.29057462359,0,1
1370379900000,1370379959999,79981.29057462359,79981.29057462359,79981.29057462359,79981.29057462359,0,1
1370379960000,1370380019999,79981.29057462359,79981.29057462359,79981.29057462359,79981.29057462359,0,1
1370380020000,1370380079999,79981.29057462359,79981.29057462359,79981.29057462359,79981.29057462359,0,1
1370380080000,1370380139999,79981.29057462359,79981.29057462359,79981.29057462359,79981.29057462359,0,1
1370380140000,1370380199999,79981.29057462359,79981.29057462359,79981.29057462359,79981.29057462359,0,1
1370380200000,1370380259999,79981.29057462359,79981.29057462359,79981.29057462359,79981.29057462359,0,1
1370380260000,1370380319999,79981.29057462359,79981.29057462359,79981.29057462359,79981.29057462359,0,1
1370380320000,1370380379999,79981.29057462359,79981.29057462359,79981.29057462359,79981.29057462359,0,1
1370380380000,1370380439999,79981.29057462359,79981.29057462359,79981.29057462359,79981.29057462359,0,1
1370380440000,1370380499999,79981.29057462359,79981.29057462359,79981.29057462359,79981.29057462359,0,1
1370380500000,1370380559999,79981.29057462359,79981.29057462359,79981.29057462359,79981.29057462359,0,1
1370380560000,1370380619999,79981.29057462359,79981.29057462359,79981.29057462359,79981.29057462359,0,1
1370380620000,1370380679999,79981.29057462359,79981.29057462359,79981.29057462359,79981.29057462359,0,1
1370380680000,1370380739999,79981.29057462359,79981.29057462359,79981.29057462359,79981.29057462359,0,1
1370380740000,1370380799999,79981.29057462359,79981.29057462359,79981.29057462359,79981.29057462359,0,1
1370380800000,1370380859999,79981.29057462359,79981.29057462359,79981.29057462359,79981.29057462359,0,1
1370380860000,1370380919999,79981.29057462359,79981.29057462359,79981.29057462359,79981.29057462359,0,1
1370380920000,1370380979999,79981.29057462359,79981.29057462359,79981.29057462359,79981.29057462359,0,1
1370380980000,1370381039999,79981.29057462359,79981.29057462359,79981.29057462359,79981.29057462359,0,1
1370381040000,1370381099999,79981.29057462359,79981.29057462359,79981.29057462359,79981.29057462359,0,1
1370381100000,1370381159999,79981.29057462359,79981.29057462359,79981.29057462359,79981.29057462359,0,1
1370381160000,1370381219999,79981.29057462359,79981.29057462359,79981.29057462359,79981.29057462359,0,1
1370381220000,1370381279999,79981.29057462359,79981.29057462359,79981.29057462359,79981.29057462359,0,1
1370381280000,1370381339999,79981.29057462359,79981.29057462359,79981.29057462359,79981.29057462359,0,1
1370381340000,1370381399999,79981.29057462359,79981.29057462359,79981.29057462359,79981.29057462359,0,1
1370381400000,1370381459999,79981.29057462359,79981.29057462359,79981.29057462359,79981.29057462359,0,1
1370381460000,1370381519999,79981.29057462359,79981.29057462359,79981.29057462359,79981.29057462359,0,1
1370381520000,1370381579999,79981.29057462359,79981.29057462359,79981.29057462359,79981.29057462359,0,1
1370381580000,1370381639999,79981.29057462359,79981.29057462359,79981.29057462359,79981.29057462359,0,1
1370381640000,1370381699999,79981.29057462359,79981.29057462359,79981.29057462359,79981.29057462359,0,1
1370381700000,1370381759999,79981.29057462359,79981.29057462359,79981.29057462359,79981.29057462359,0,1
1370381760000,1370381819999,79981.29057462359,79981.29057462359,79981.29057462359,79981.29057462359,0,1
1370381820000,1370381879999,79981.29057462359,79981.29057462359,79981.29057462359,79981.29057462359,0,1
1370381880000,1370381939999,79981.29057462359,79981.29057462359,79981.29057462359,79981.29057462359,0,1
1370381940000,1370381999999,79981.29057462359,79981.29057462359,79981.29057462359,79981.29057462359,0,1
1370382000000,1370382059999,79981.29057462359,79981.29057462359,79981.29057462359,79981.29057462359,0,1
1370382060000,1370382119999,79981.29057462359,79981.29057462359,79981.29057462359,79981.29057462359,0,1
1370382120000,1370382179999,79981.29057462359,79981.29057462359,79981.29057462359,79981.29057462359,0,1
1370382180000,1370382239999,79981.29057462359,79981.29057462359,79981.29057462359,79981.29057462359,0,1
1370382240000,1370382299999,79981.29057462359,79981.29057462359,79981.29057462359,79981.29057462359,0,1
1370382300000,1370382359999,79981.29057462359,79981.29057462359,79981.29057462359,79981.29057462359,0,1
1370382360000,1370382419999,79981.29057462359,79981.29057462359,79981.29057462359,79981.29057462359,0,1
1370382420000,1370382479999,79981.29057462359,79981.29057462359,79981.29057462359,79981.29057462359,0,1
1370382480000,1370382539999,79981.29057462359,79981.29057462359,79981.29057462359,79981.29057462359,0,1
1370382540000,1370382599999,79981.29057462359,79981.29057462359,79981.29057462359,79981.29057462359,0,1
1370382600000,1370382659999,79981.29057462359,79981.29057462359,79981.29057462359,79981.29057462359,0,1
1370382660000,1370382719999,79981.29057462359,79981.29057462359,79981.29057462359,79981.29057462359,0,1
1370382720000,1370382779999,79981.29057462359,79981.29057462359,79981.29057462359,79981.29057462359,0,1
1370382780000,1370382839999,79981.29057462359,79981.29057462359,79981.29057462359,79981.29057462359,0,1
1370382840000,1370382899999,79981.29057462359,79981.29057462359,79981.29057462359,79981.29057462359,0,1
1370382900000,1370382959999,79981.29057462359,79981.29057462359,79981.29057462359,79981.29057462359,0,1
1370382960000,1370383019999,79981.29057462359,79981.29057462359,79981.29057462359,79981.29057462359,0,1
1370383020000,1370383079999,79981.29057462359,79981.29057462359,79981.29057462359,79981.29057462359,0,1
1370383080000,1370383139999,79981.29057462359,79981.29057462359,79981.29057462359,79981.29057462359,0,1
1370383140000,1370383199999,79981.29057462359,79981.29057462359,79981.29057462359,79981.29057462359,0,1
1370383200000,1370383259999,79963.3069971952,79964.05443394203,79959.21867455277,79960.69052854751,0,1
1370383260000,1370383319999,79960.54571041804,79961.07108712336,79959.48476946345,79960.55918196042,0,1
1370383320000,1370383379999,79960.86902242627,79962.78847221684,79960.86902242627,79962.78847221684,0,1
1370383380000,1370383439999,79962.76826940077,79963.1285468279,79962.2564511123,79962.34400083465,0,1
1370383440000,1370383499999,79962.43491704274,79963.16895096352,79961.92308169199,79963.16895096352,0,1
1370383500000,1370383559999,79963.0578391977,79967.88501203252,79963.05110511162,79967.88501203252,0,1
1370383560000,1370383619999,79967.55856125748,79969.87714043986,79966.6531935539,79968.37298558782,0,1
1370383620000,1370383679999,79969.18397861558,79970.22033870453,79969.14696376876,79969.9343409686,0,1
1370383680000,1370383739999,79969.73918487737,79972.98904680366,79969.73918487737,79972.91504513661,0,1
1370383740000,1370383799999,79973.04286585393,79974.80191660338,79972.26582521784,79973.70548917317,0,1
1370383800000,1370383859999,79974.02164929415,79974.75819633841,79972.7704039334,79974.64721326888,0,1
1370383860000,1370383919999,79975.15503481377,79975.15503481377,79974.96334361819,79974.96334361819,0,1
1370383920000,1370383979999,79974.73129146497,79975.16512372227,79974.73129146497,79974.818732039,0,1
1370383980000,1370384039999,79974.83891052443,79975.249197564,79974.83891052443,79974.88935655987,0,1
1370384040000,1370384099999,79975.27946397397,79975.27946397397,79974.83891052443,79975.07432317929,0,1
1370384100000,1370384159999,79975.15503481377,79977.77444628163,79975.15503481377,79977.77444628163,0,1
1370384160000,1370384219999,79977.60297820049,79978.1678031234,79977.38107396627,79978.08039182906,0,1
1370384220000,1370384279999,79978.57122996553,79978.57122996553,79977.36762506654,79977.62651320924,0,1
1370384280000,1370384339999,79977.6365996246,79977.87194642829,79976.81284219077,79976.81284219077,0,1
1370384340000,1370384399999,79976.68506965278,79976.79266768805,79976.30510482808,79976.79266768805,0,1
1370384400000,1370384459999,79976.47995769107,79976.58755793331,79974.80191660338,79975.45769764135,0,1
1370384460000,1370384519999,79975.89822383146,79975.92176285268,79972.48784298936,79972.90831768517,0,1
1370384520000,1370384579999,79972.69640064833,79974.24699136427,79972.6896730498,79974.24699136427,0,1
1370384580000,1370384639999,79974.929713205,79975.21893106241,79974.54295532395,79975.10795310616,0,1
1370384640000,1370384699999,79974.95998058196,79976.25802853488,79974.95998058196,79975.69645851948,0,1
1370384700000,1370384759999,79975.90158655217,79976.69515701778,79975.77043960655,79976.38580652936,0,1
1370384760000,1370384819999,79976.03609445333,79976.08317179131,79974.7144758823,79974.7615594425,0,1
1370384820000,1370384879999,79974.81200586814,79976.08653444983,79974.81200586814,79975.79061617167,0,1
1370384880000,1370384939999,79975.88141021095,79977.84504993106,79975.88141021095,79977.31046704091,0,1
1370384940000,1370384999999,79977.63323748727,79980.24863871917,79976.42951967896,79980.00662516642,0,1
1370385000000,1370385059999,79981.22335622834,79981.22335622834,79979.8116655449,79979.88897757373,0,1
1370385060000,1370385119999,79980.32258613652,79980.32258613652,79979.0418740454,79979.40156565863,0,1
1370385120000,1370385179999,79979.3040804247,79979.51585748128,79979.28054936379,79979.28054936379,0,1
1370385180000,1370385239999,79979.0015339922,79979.0015339922,79977.32055377506,79977.92573920575,0,1
1370385240000,1370385299999,79977.7374632187,79977.7374632187,79976.47995769107,79976.9338883524,0,1
1370385300000,1370385359999,79976.92716360408,79976.92716360408,79976.85655347371,79976.85655347371,0,1
1370385360000,1370385419999,79976.81620460394,79976.81620460394,79976.30846741196,79976.33200546753,0,1
1370385420000,1370385479999,79976.3555434677,79976.89690218068,79976.3555434677,79976.89690218068,0,1
1370385480000,1370385539999,79976.4732326375,79976.82629183664,79976.40261930182,79976.70524437258,0,1
1370385540000,1370385599999,79976.37235629105,79976.78930526697,79975.81751819518,79975.81751819518,0,1
1370385600000,1370385659999,79975.76707684174,79975.86459656217,79974.67748150091,79975.26937518083,0,1
1370385660000,1370385719999,79975.04069313932,79975.09113815686,79974.74474391073,79975.09113815686,0,1
1370385720000,1370385779999,79974.68084463214,79974.89944573642,79974.06873611653,79974.76492254547,0,1
1370385780000,1370385839999,79974.32098317539,79974.32098317539,79971.97988597721,79972.42392928766,0,1
1370385840000,1370385899999,79973.03613848847,79974.26717100342,79972.55848397389,79974.17972560634,0,1
1370385900000,1370385959999,79974.32434642654,79975.23910874031,79973.84002661661,79975.23910874031,0,1
1370385960000,1370386019999,79975.13149398766,79975.8477828851,79974.66739210041,79975.8477828851,0,1
1370386020000,1370386079999,79975.52159195612,79975.58548586264,79975.52159195612,79975.58548586264,0,1
1370386080000,1370386139999,79975.2559234408,79975.50814055535,79975.2559234408,79975.50814055535,0,1
1370386140000,1370386199999,79975.52831764972,79977.4953888837,79975.28618983043,79977.4953888837,0,1
1370386200000,1370386259999,79976.83637905918,79976.83637905918,79975.69645851948,79976.33536804238,0,1
1370386260000,1370386319999,79976.19750154657,79976.2647537332,79975.95538992975,79976.2647537332,0,1
1370386320000,1370386379999,79975.70990966693,79976.60773284984,79975.70990966693,79976.60773284984,0,1
1370386380000,1370386439999,79976.52030791758,79976.52030791758,79976.52030791758,79976.52030791758,0,1
1370386440000,1370386499999,79976.41606949945,79977.86186025031,79976.41606949945,79977.86186025031,0,1
1370386500000,1370386559999,79977.22977280147,79977.22977280147,79977.22977280147,79977.22977280147,0,1
1370386560000,1370386619999,79977.35081391645,79977.60970249434,79977.04148371046,79977.60970249434,0,1
1370386620000,1370386679999,79977.32727825885,79977.71056635975,79977.01122263302,79977.01122263302,0,1
1370386680000,1370386739999,79977.39116062921,79977.7542737188,79976.98432382064,79977.41469613647,0,1
1370386740000,1370386799999,79977.58280529176,79977.58280529176,79977.58280529176,79977.58280529176,0,1
1370386800000,1370386859999,79977.50211324991,79977.50211324991,79977.50211324991,79977.50211324991,0,1
1370386860000,1370386919999,79977.03139669483,79977.31046704091,79977.03139669483,79977.2902935421,0,1
1370386920000,1370386979999,79977.03812137306,79977.83832579546,79977.03812137306,79977.83832579546,0,1
1370386980000,1370387039999,79977.4785779484,79977.98289371472,79977.34745168305,79977.98289371472,0,1
1370387040000,1370387099999,79977.79125671956,79977.8685843701,79977.36426283879,79977.36426283879,0,1
1370387100000,1370387159999,79977.36426283879,79977.36426283879,79977.36426283879,79977.36426283879,0,1
1370387160000,1370387219999,79977.95263548596,79977.95263548596,79977.54918368679,79977.54918368679,0,1
1370387220000,1370387279999,79977.6466860298,79977.88875670233,79975.90494927175,79976.0999850726,0,1
1370387280000,1370387339999,79976.2445781247,79976.2445781247,79975.45769764135,79975.45769764135,0,1
1370387340000,1370387399999,79975.39380291833,79975.6729189679,79973.64831021159,79974.25371791518,0,1
1370387400000,1370387459999,79973.8669338881,79974.07546278735,79973.64158325343,79973.72903335643,0,1
1370387460000,1370387519999,79973.80639242544,79974.39833766529,79973.80639242544,79974.37815829084,0,1
1370387520000,1370387579999,79973.96783551137,79974.46223874911,79973.96783551137,79974.33443617314,0,1
1370387580000,1370387639999,79974.34452590958,79974.60349232754,79974.0384660419,79974.11245939594,0,1
1370387640000,1370387699999,79974.37143182363,79974.37143182363,79973.94765526817,79974.25035464029,0,1
1370387700000,1370387759999,79973.94429189035,79973.94429189035,79973.94429189035,79973.94429189035,0,1
1370387760000,1370387819999,79974.04855607696,79974.25035464029,79973.75930436775,79974.25035464029,0,1
1370387820000,1370387879999,79973.84002661661,79973.84002661661,79973.71557954421,79973.71557954421,0,1
1370387880000,1370387939999,79974.01492258714,79974.02501264597,79973.72903335643,79974.02501264597,0,1
1370387940000,1370387999999,79974.24362808712,79975.09450114898,79974.18981549889,79974.73129146497,0,1
1370388000000,1370388059999,79975.00033694207,79975.3198190448,79974.83554744636,79975.3198190448,0,1
1370388060000,1370388119999,79975.73008635418,79975.73008635418,79975.73008635418,79975.73008635418,0,1
1370388120000,1370388179999,79975.31309321098,79975.50477770233,79974.30753015955,79974.30753015955,0,1
1370388180000,1370388239999,79974.30753015955,79974.30753015955,79974.30753015955,79974.30753015955,0,1
1370388240000,1370388299999,79974.90953490279,79974.90953490279,79973.03613848847,79973.03613848847,0,1
1370388300000,1370388359999,79972.73340235933,79973.79966557362,79972.73340235933,79973.61803886427,0,1
1370388360000,1370388419999,79973.04959321485,79974.2268116844,79972.62576063807,79974.2268116844,0,1
1370388420000,1370388479999,79973.95774539486,79974.40170089042,79973.95774539486,79974.24362808712,0,1
1370388480000,1370388539999,79974.42524343457,79975.43415752774,79973.79293871729,79975.43415752774,0,1
1370388540000,1370388599999,79975.9789288164,79976.21095202008,79974.74474391073,79976.05627048247,0,1
1370388600000,1370388659999,79975.33327069887,79975.33327069887,79974.34452590958,79974.63039754482,0,1
1370388660000,1370388719999,79975.74017468253,79975.74017468253,79974.38488475351,79975.19202742854,0,1
1370388720000,1370388779999,79974.88935655987,79975.19202742854,79974.88935655987,79975.19202742854,0,1
1370388780000,1370388839999,79975.04069313932,79975.04069313932,79974.70102339581,79974.70102339581,0,1
1370388840000,1370388899999,79974.97006968725,79974.97006968725,79973.53731482345,79973.59449441968,0,1
1370388900000,1370388959999,79972.6896730498,79972.74349371128,79972.33310385096,79972.73340235933,0,1
1370388960000,1370389019999,79971.46517473935,79972.90159022922,79970.9941739231,79970.9941739231,0,1
1370389020000,1370389079999,79970.92015749212,79971.17921260376,79970.39866256455,79970.39866256455,0,1
1370389080000,1370389139999,79970.4289436589,79970.72502063894,79970.4289436589,79970.50632826122,0,1
1370389140000,1370389199999,79969.97135290108,79970.07902319849,79969.89732889914,79969.89732889914,0,1
1370389200000,1370389259999,79970.04537635508,79970.13285791245,79969.6146867604,79969.6146867604,0,1
1370389260000,1370389319999,79969.964623469,79969.964623469,79969.57767350781,79969.57767350781,0,1
1370389320000,1370389379999,79970.78894519988,79970.78894519988,79969.69207766405,79970.66109566935,0,1
1370389380000,1370389439999,79970.88314907119,79971.17584829468,79970.83941166988,79971.17584829468,0,1
1370389440000,1370389499999,79970.95380139229,79970.98744517929,79970.58707677301,79970.58707677301,0,1
1370389500000,1370389559999,79971.10183320838,79971.13211217352,79970.57361873299,79970.57361873299,0,1
1370389560000,1370389619999,79970.65773118596,79971.16575536062,79969.26137285256,79970.23379722,0,1
1370389620000,1370389679999,79969.58103835462,79970.85959818657,79969.58103835462,79970.85959818657,0,1
1370389680000,1370389739999,79970.44913100419,79970.65100221575,79970.24052647094,79970.24052647094,0,1
1370389740000,1370389799999,79970.59044128018,79971.67038958501,79970.59044128018,79971.67038958501,0,1
1370389800000,1370389859999,79971.63674809564,79973.47340782898,79971.58292147722,79973.28504799576,0,1
1370389860000,1370389919999,79972.85113416526,79973.50704314014,79972.85113416526,79973.00586528798,0,1
1370389920000,1370389979999,79972.99913789764,79974.21335854186,79972.67621783918,79974.21335854186,0,1
1370389980000,1370390039999,79974.53286578774,79974.70102339581,79972.95204603858,79972.95204603858,0,1
1370390040000,1370390099999,79973.07986628296,79974.74810701935,79973.07986628296,79974.74810701935,0,1
1370390100000,1370390159999,79974.40170089042,79974.82209512274,79972.95204603858,79973.32541111585,0,1
1370390160000,1370390219999,79972.98904680366,79973.44649949859,79971.33733385416,79972.44411260601,0,1
1370390220000,1370390279999,79972.70985583181,79973.50704314014,79971.43489678267,79973.13704849491,0,1
1370390280000,1370390339999,79972.86458914055,79973.51040666502,79972.06735061291,79973.51040666502,0,1
1370390340000,1370390399999,79973.50704314014,79974.16627240046,79972.83767917188,79972.99913789764,0,1
1370390400000,1370390459999,79972.97222829105,79974.56986070413,79972.6493073636,79972.6493073636,0,1
1370390460000,1370390519999,79973.06641159733,79973.22450301016,79972.35328735261,79972.91840886063,0,1
1370390520000,1370390579999,79973.30186598227,79975.16848668951,79972.99913789764,79974.29407712561,0,1
1370390580000,1370390639999,79974.29744038578,79975.1583977844,79973.81984611548,79974.37815829084,0,1
1370390640000,1370390699999,79973.338865453,79975.89822383146,79972.80067784672,79975.89822383146,0,1
1370390700000,1370390759999,79974.74138080099,79974.74138080099,79974.17299900566,79974.52613942459,0,1
1370390760000,1370390819999,79974.2301749672,79974.9330762514,79973.82657295372,79974.39833766529,0,1
1370390820000,1370390879999,79974.35461563584,79976.24794072894,79974.33443617314,79975.7637140758,0,1
1370390880000,1370390939999,79975.44424615464,79976.16051265114,79973.70548917317,79973.70548917317,0,1
1370390940000,1370390999999,79974.12927599096,79974.25371791518,79972.06735061291,79972.06735061291,0,1
1370391000000,1370391059999,79971.45171788103,79972.50466231666,79971.25659140038,79972.50466231666,0,1
1370391060000,1370391119999,79972.36674299776,79972.57193934293,79969.19407355002,79969.19407355002,0,1
1370391120000,1370391179999,79968.53451641549,79971.095104537,79968.53451641549,79970.45922466156,0,1
1370391180000,1370391239999,79970.75530074506,79971.51227360088,79969.56421410925,79971.51227360088,0,1
1370391240000,1370391299999,79971.71748748,79971.71748748,79969.5709438108,79971.57282895403,0,1
1370391300000,1370391359999,79971.14893378121,79971.22967710425,79969.36905079457,79969.36905079457,0,1
1370391360000,1370391419999,79969.60459225054,79971.55937224056,79969.1200437941,79970.13958723132,0,1
1370391420000,1370391479999,79969.34886126877,79971.22967710425,79968.80372866344,79970.68464702148,0,1
1370391480000,1370391539999,79971.06482545979,79971.50890940384,79967.97924326385,79969.50364659162,0,1
1370391540000,1370391599999,79969.24118310936,79969.41279462732,79967.63933357547,79969.41279462732,0,1
1370391600000,1370391659999,79969.37241571158,79969.84685767455,79968.18116434099,79969.6752536055,0,1
1370391660000,1370391719999,79969.3152119685,79971.14556946195,79968.65229766576,79971.07828283876,0,1
1370391720000,1370391779999,79970.78894519988,79971.74440046327,79970.23379722,79971.74440046327,0,1
1370391780000,1370391839999,79972.24564153963,79973.15723037402,79971.00090266239,79971.36424786055,0,1
1370391840000,1370391899999,79971.34069810892,79971.78476980235,79969.84349291718,79969.86031669268,0,1
1370391900000,1370391959999,79970.33473550869,79971.04800371062,79969.63487574953,79970.27753727019,0,1
1370391960000,1370392019999,79971.55600805937,79972.9217725835,79971.22631281214,79972.43738483776,0,1
1370392020000,1370392079999,79972.47102363379,79972.47102363379,79972.07744263703,79972.2860088553,0,1
1370392080000,1370392139999,79972.86795288154,79974.65057641029,79972.39365423375,79974.40170089042,0,1
1370392140000,1370392199999,79974.58331336707,79976.14706210978,79974.02837599664,79974.50932349695,0,1
1370392200000,1370392259999,79974.17636230656,79977.57271882215,79974.17636230656,79977.30710479394,0,1
1370392260000,1370392319999,79977.45168039312,79979.94612086305,79977.38779840936,79978.26866135976,0,1
1370392320000,1370392379999,79977.79798088683,79978.52416433924,79975.70318409547,79976.503495343,0,1
1370392380000,1370392439999,79976.57074547178,79977.92910124472,79976.45978251676,79977.61306463959,0,1
1370392440000,1370392499999,79978.27538520601,79978.27538520601,79976.36226860042,79976.36226860042,0,1
1370392500000,1370392559999,79976.60100788219,79977.77108419065,79976.52367042912,79977.13899100377,0,1
1370392560000,1370392619999,79977.22977280147,79977.40797171147,79975.86123382901,79975.86123382901,0,1
1370392620000,1370392679999,79975.90158655217,79976.23112769642,79974.37143182363,79974.64385012633,0,1
1370392680000,1370392739999,79974.60349232754,79976.25466593403,79973.67858146726,79975.9856542024,0,1
1370392740000,1370392799999,79974.74810701935,79976.85991587218,79974.74810701935,79976.85991587218,0,1
1370392800000,1370392859999,79976.36899372863,79976.94733783547,79975.78725341364,79976.70524437258,0,1
1370392860000,1370392919999,79976.63799514831,79979.2839109473,79976.40261930182,79979.03851238052,0,1
1370392920000,1370392979999,79979.75788291145,79980.82003636808,79979.2099558488,79980.7561758985,0,1
1370392980000,1370393039999,79981.05866925039,79982.89023910074,79980.74273153713,79981.48550541476,0,1
1370393040000,1370393099999,79982.84991456891,79982.84991456891,79981.35779256701,79981.85519130614,0,1
1370393100000,1370393159999,79981.40820572808,79982.79278787046,79981.21663436395,79981.21663436395,0,1
1370393160000,1370393219999,79980.78306456697,79981.60649502915,79980.3528371951,79981.60649502915,0,1
1370393220000,1370393279999,79981.49558793854,79983.1422637407,79981.49558793854,79983.1422637407,0,1
1370393280000,1370393339999,79983.17250627067,79983.33379821917,79982.67853349452,79983.12210200324,0,1
1370393340000,1370393399999,79983.23635131137,79983.6866152871,79981.43845350272,79983.24307181824,0,1
1370393400000,1370393459999,79983.02465303247,79983.56229069305,79981.18638591835,79981.18638591835,0,1
1370393460000,1370393519999,79982.68189393597,79983.22627054257,79982.18117570765,79982.18117570765,0,1
1370393520000,1370393579999,79982.65164992222,79982.65164992222,79981.15277642703,79981.57960857468,0,1
1370393580000,1370393639999,79981.94929098728,79982.63148719558,79981.63674220402,79982.45002082633,0,1
1370393640000,1370393699999,79981.94593029964,79982.41641558177,79981.02842032695,79982.39625238081,0,1
1370393700000,1370393759999,79982.23830590014,79983.55221025282,79981.092279058,79983.55221025282,0,1
1370393760000,1370393819999,79982.3861707651,79983.2161897636,79980.91750682486,79982.70877742695,0,1
1370393820000,1370393879999,79982.7625441921,79982.91376166922,79981.07211318698,79981.07211318698,0,1
1370393880000,1370393939999,79981.70395782063,79983.48164688666,79981.45525778244,79982.60124302939,0,1
1370393940000,1370393999999,79981.7644514893,79981.7644514893,79979.83519535608,79979.83519535608,0,1
1370394000000,1370394059999,79980.27552875239,79981.08891808231,79979.39820411465,79980.07385174082,0,1
1370394060000,1370394119999,79980.66878722662,79980.66878722662,79975.9755661217,79975.9755661217,0,1
1370394120000,1370394179999,79976.93725072486,79979.12591530025,79976.93725072486,79979.12591530025,0,1
1370394180000,1370394239999,79979.2671030184,79979.81502694989,79978.7527667348,79979.08221393588,0,1
1370394240000,1370394299999,79978.14426938855,79978.29219480188,79976.73214393566,79977.77444628163,0,1
1370394300000,1370394359999,79977.48866451297,79977.73073901073,79976.03945712768,79976.81284219077,0,1
1370394360000,1370394419999,79976.39589419623,79977.94254938935,79976.36899372863,79977.56935666334,0,1
1370394420000,1370394479999,79977.29365579473,79977.43150717916,79974.929713205,79975.9688407289,0,1
1370394480000,1370394539999,79975.4946891365,79976.21767725005,79974.52277624133,79974.818732039,0,1
1370394540000,1370394599999,79975.79397892857,79976.50013282467,79975.75026300072,79976.50013282467,0,1
1370394600000,1370394659999,79975.82760643534,79976.46650757939,79974.50596030802,79974.78510113947,0,1
1370394660000,1370394719999,79974.08218945363,79975.26601224752,79972.40038203142,79973.57767692531,0,1
1370394720000,1370394779999,79973.3590469248,79974.88263043652,79973.12023023123,79974.88263043652,0,1
1370394780000,1370394839999,79974.18308890499,79974.18308890499,79972.73676614444,79973.11686657509,0,1
1370394840000,1370394899999,79973.42631820329,79974.36470535191,79972.58539469387,79972.8309516684,0,1
1370394900000,1370394959999,79972.9217725835,79972.9217725835,79971.57955730396,79972.42392928766,0,1
1370394960000,1370395019999,79972.43738483776,79972.79395031836,79972.15481448361,79972.15481448361,0,1
1370395020000,1370395079999,79972.43065706498,79972.60557768634,79971.36088361371,79972.43402095193,0,1
1370395080000,1370395139999,79971.86214391341,79971.86214391341,79970.66782463276,79971.3844333178,0,1
1370395140000,1370395199999,79971.60310649309,79971.60310649309,79969.5675789606,79970.64427324102,0,1
1370395200000,1370395259999,79970.64090875196,79971.75449281331,79970.24389109471,79971.00426703032,0,1
1370395260000,1370395319999,79970.00499999354,79971.20949133461,79969.6079570883,79971.20949133461,0,1
1370395320000,1370395379999,79971.33396959827,79971.73430810303,79970.61399279871,79970.63081527798,0,1
1370395380000,1370395439999,79970.74184293144,79970.89660669465,79969.98817646147,79970.70483385058,0,1
1370395440000,1370395499999,79969.84349291718,79971.21285563237,79969.84349291718,79970.92015749212,0,1
1370395500000,1370395559999,79970.85623376994,79972.38692643154,79970.85623376994,79971.94960957894,0,1
1370395560000,1370395619999,79972.2860088553,79972.51475389945,79970.07565851923,79970.54670259861,0,1
1370395620000,1370395679999,79971.71748748,79971.95970172188,79971.24986283314,79971.95970172188,0,1
1370395680000,1370395739999,79972.2624612743,79972.77713147762,79971.80831850822,79971.80831850822,0,1
1370395740000,1370395799999,79971.71412335201,79972.60221385708,79971.49208840168,79971.49208840168,0,1
1370395800000,1370395859999,79972.34655952326,79972.34655952326,79968.9719826381,79970.48277648912,0,1
1370395860000,1370395919999,79970.77885187532,79971.02445321424,79969.71226649694,79969.71226649694,0,1
1370395920000,1370395979999,79969.95789403238,79971.02108885307,79969.92761151161,79970.80913181845,0,1
1370395980000,1370396039999,79970.65436670142,79971.4046187343,79970.31791253132,79970.61062829946,0,1
1370396040000,1370396099999,79970.67118911278,79970.98744517929,79969.34213141777,79970.82931839625,0,1
1370396100000,1370396159999,79970.85959818657,79970.85959818657,79969.59449773052,79969.59449773052,0,1
1370396160000,1370396219999,79969.9377056954,79969.9377056954,79969.1637887161,79969.19743852591,0,1
1370396220000,1370396279999,79969.46663292803,79970.88314907119,79969.40606481936,79970.88314907119,0,1
1370396280000,1370396339999,79970.79903851426,79971.01436012737,79969.63487574953,79969.82330434924,0,1
1370396340000,1370396399999,79969.89059941724,79970.94034384581,79969.89059941724,79970.47268285553,0,1
1370396400000,1370396459999,79971.1691196731,79972.49793458913,79970.75866519564,79972.24564153963,0,1
1370396460000,1370396519999,79971.34069810892,79972.46429588363,79971.30369124432,79971.97315789663,0,1
1370396520000,1370396579999,79972.01352631225,79973.91065804986,79972.01352631225,79973.91065804986,0,1
1370396580000,1370396639999,79975.37698844969,79976.1235236189,79974.99697391829,79976.08989710722,0,1
1370396640000,1370396699999,79975.83096917979,79979.14944672503,79975.83096917979,79978.37288046867,0,1
1370396700000,1370396759999,79978.38296613123,79978.38296613123,79973.03950217177,79975.0810491737,0,1
1370396760000,1370396819999,79975.7435374564,79977.91901512438,79975.7435374564,79977.88875670233,0,1
1370396820000,1370396879999,79977.96272157239,79977.96272157239,79976.33873061609,79976.56402047924,0,1
1370396880000,1370396939999,79976.61445781296,79977.2364973463,79976.39925674959,79977.2364973463,0,1
1370396940000,1370396999999,79977.20959913987,79977.63323748727,79974.67748150091,79974.67748150091,0,1
1370397000000,1370397059999,79975.25256050297,79976.01591838349,79973.7693946845,79973.7693946845,0,1
1370397060000,1370397119999,79973.1269575401,79973.48686196702,79971.49208840168,79971.49208840168,0,1
1370397120000,1370397179999,79971.34406236255,79973.39604618397,79971.32387682381,79971.37097635082,0,1
1370397180000,1370397239999,79971.162391047,79971.88569243708,79970.4289436589,79971.32387682381,0,1
1370397240000,1370397299999,79971.24649854781,79975.27273811301,79971.24649854781,79974.63712383783,0,1
1370397300000,1370397359999,79975.90831199019,79975.90831199019,79974.24362808712,79974.24362808712,0,1
1370397360000,1370397419999,79974.09900609957,79974.94316538384,79974.09900609957,79974.94316538384,0,1
1370397420000,1370397479999,79974.52950260673,79974.52950260673,79972.2927367254,79973.22450301016,0,1
1370397480000,1370397539999,79973.34895619398,79980.4032554227,79972.88477156952,79977.18942543757,0,1
1370397540000,1370397599999,79977.48194013772,79978.16444116467,79976.30174224306,79976.49004526297,0,1
1370397600000,1370397659999,79976.85655347371,79976.85655347371,79975.65610496857,79976.58755793331,0,1
1370397660000,1370397719999,79976.1739631744,79979.44526562741,79976.1739631744,79978.74268144519,0,1
1370397720000,1370397779999,79978.28883288495,79978.28883288495,79977.77780837147,79978.1308215152,0,1
1370397780000,1370397839999,79977.91901512438,79978.33926151996,79977.91901512438,79978.33926151996,0,1
1370397840000,1370397899999,79978.10728769332,79978.17452703748,79977.70384213369,79978.17452703748,0,1
1370397900000,1370397959999,79978.07702984093,79978.25521365368,79974.81536895414,79974.81536895414,0,1
1370397960000,1370398019999,79974.45551233846,79975.2458346239,79974.41515377957,79974.63039754482,0,1
1370398020000,1370398079999,79974.33779941977,79977.78453254778,79973.69876225348,79974.75819633841,0,1
1370398080000,1370398139999,79976.0999850726,79976.0999850726,79973.09668461453,79973.09668461453,0,1
1370398140000,1370398199999,79972.54166473712,79973.26822998097,79972.23218573154,79973.26822998097,0,1
1370398200000,1370398259999,79973.00586528798,79973.10677559991,79971.0446393574,79973.10677559991,0,1
1370398260000,1370398319999,79972.9217725835,79974.0922794446,79972.9217725835,79973.12359388622,0,1
1370398320000,1370398379999,79973.06641159733,79973.06641159733,79971.41134719743,79971.48872419784,0,1
1370398380000,1370398439999,79971.86214391341,79971.87560021944,79969.83003387641,79971.30705551039,0,1
1370398440000,1370398499999,79971.35751936575,79972.57193934293,79971.35751936575,79972.08080664281,0,1
1370398500000,1370398559999,79972.27928098067,79972.79058655247,79972.01352631225,79972.45756812896,0,1
1370398560000,1370398619999,79972.65267117701,79974.27389754076,79971.49545260437,79974.27389754076,0,1
1370398620000,1370398679999,79973.80639242544,79973.9779256177,79973.80639242544,79973.91402143899,0,1
1370398680000,1370398739999,79973.82993637114,79974.0620094412,79971.96979385465,79973.40613686726,0,1
1370398740000,1370398799999,79972.8309516684,79972.8309516684,79971.94624552902,79971.94624552902,0,1
1370398800000,1370398859999,79972.42729317688,79974.26044446156,79972.42729317688,79974.2032686731,0,1
1370398860000,1370398919999,79974.0620094412,79974.1393659344,79973.200957639,79973.94429189035,0,1
1370398920000,1370398979999,79973.86357048312,79974.18308890499,79973.06977527043,79974.18308890499,0,1
1370398980000,1370399039999,79973.89047769127,79974.5967660119,79973.06641159733,79974.23353824888,0,1
1370399040000,1370399099999,79974.01155923195,79975.70318409547,79973.66176411431,79973.94429189035,0,1
1370399100000,1370399159999,79974.26380773306,79974.55640802308,79973.99474243897,79974.5160498714,0,1
1370399160000,1370399219999,79974.62703439663,79976.23449030519,79974.5967660119,79974.7144758823,0,1
1370399220000,1370399279999,79975.14494589508,79975.16848668951,79974.1864522025,79974.1864522025,0,1
1370399280000,1370399339999,79974.40170089042,79974.87926737314,79974.36470535191,79974.87926737314,0,1
1370399340000,1370399399999,79975.05414516888,79975.05414516888,79974.61021863864,79974.61021863864,0,1
1370399400000,1370399459999,79974.00483251816,79975.9923795839,79974.00483251816,79975.9923795839,0,1
1370399460000,1370399519999,79976.33536804238,79977.86186025031,79974.12927599096,79974.12927599096,0,1
1370399520000,1370399579999,79974.57658703785,79975.22565695956,79974.57658703785,79975.22565695956,0,1
1370399580000,1370399639999,79974.7548332332,79977.94591142268,79974.7548332332,79977.39452284791,0,1
1370399640000,1370399699999,79977.10536790658,79977.88203259611,79976.34881833044,79977.07846934743,0,1
1370399700000,1370399759999,79976.8330166528,79977.64332389586,79975.7267235758,79976.50013282467,0,1
1370399760000,1370399819999,79976.61445781296,79976.61445781296,79974.83554744636,79976.59428291001,0,1
1370399820000,1370399879999,79976.24794072894,79976.24794072894,79975.89486110961,79976.03609445333,0,1
1370399880000,1370399939999,79975.9453018185,79976.42279459146,79974.57322387156,79974.57322387156,0,1
1370399940000,1370399999999,79973.95774539486,79974.58331336707,79973.95774539486,79974.49923392679,0,1
1370400000000,1370400059999,79974.27726080772,79974.43533307938,79973.73239680665,79973.73239680665,0,1
1370400060000,1370400119999,79974.57322387156,79975.04741915636,79973.66512758717,79973.66512758717,0,1
1370400120000,1370400179999,79973.74585059624,79974.28398733828,79973.07650261324,79973.68867186546,0,1
1370400180000,1370400239999,79974.11582271721,79974.24699136427,79974.09564277265,79974.09564277265,0,1
1370400240000,1370400299999,79974.33443617314,79974.80527969275,79974.33443617314,79974.55304485,0,1
1370400300000,1370400359999,79974.64048698265,79976.48668274013,79974.04519273307,79976.48668274013,0,1
1370400360000,1370400419999,79976.53375795692,79977.32055377506,79975.68300735395,79977.2902935421,0,1
1370400420000,1370400479999,79977.3609006099,79978.26529943493,79974.69429714578,79976.08989710722,0,1
1370400480000,1370400539999,79975.8477828851,79976.06635848177,79975.22229401155,79975.22229401155,0,1
1370400540000,1370400599999,79974.82209512274,79977.10873022139,79974.82209512274,79976.00246764766,0,1
1370400600000,1370400659999,79975.69645851948,79976.57410796634,79975.69645851948,79976.42615713578,0,1
1370400660000,1370400719999,79976.18068842925,79977.14907791087,79975.56194604984,79975.87468475483,0,1
1370400720000,1370400779999,79976.44969491434,79977.19278772411,79975.99910496087,79975.99910496087,0,1
1370400780000,1370400839999,79976.42279459146,79976.92380122823,79975.65610496857,79976.75568099401,0,1
1370400840000,1370400899999,79977.21632369826,79977.21632369826,79975.76707684174,79976.83974146443,0,1
1370400900000,1370400959999,79976.88681501921,79976.88681501921,79976.08989710722,79976.56402047924,0,1
1370400960000,1370401019999,79976.34545576012,79976.61445781296,79976.01591838349,79976.01591838349,0,1
1370401020000,1370401079999,79976.14369947164,79976.50013282467,79976.14369947164,79976.19077630303,0,1
1370401080000,1370401139999,79975.77380237023,79976.81956701598,79975.01715204405,79975.98901689373,0,1
1370401140000,1370401199999,79976.33536804238,79976.76913071677,79976.33536804238,79976.65144502933,0,1
1370401200000,1370401259999,79976.75904342638,79976.75904342638,79974.62703439663,79974.76828564728,0,1
1370401260000,1370401319999,79975.08441216922,79976.14033683234,79975.08441216922,79975.91840013875,0,1
1370401320000,1370401379999,79975.92176285268,79976.23449030519,79975.8477828851,79975.8477828851,0,1
1370401380000,1370401439999,79976.90362694935,79976.90362694935,79975.68637014701,79975.79397892857,0,1
1370401440000,1370401499999,79976.03609445333,79976.03609445333,79975.42070600936,79975.42070600936,0,1
1370401500000,1370401559999,79975.38371424052,79975.84442014631,79975.38371424052,79975.55522037885,0,1
1370401560000,1370401619999,79975.80070443897,79975.9150374237,79974.70102339581,79974.99361089336,0,1
1370401620000,1370401679999,79974.33779941977,79974.37143182363,79973.96783551137,79973.96783551137,0,1
1370401680000,1370401739999,79976.13024890766,79976.13024890766,79975.02387807693,79975.151671842,0,1
1370401740000,1370401799999,79975.19202742854,79975.2559234408,79974.81536895414,79975.2559234408,0,1
1370401800000,1370401859999,79974.83218436714,79976.17732580239,79974.83218436714,79975.9654780308,0,1
1370401860000,1370401919999,79976.21431463562,79976.43624476195,79975.86459656217,79976.43624476195,0,1
1370401920000,1370401979999,79976.59428291001,79976.59428291001,79974.7144758823,79976.23112769642,0,1
1370401980000,1370402039999,79976.42951967896,79977.83496372595,79976.32191773622,79977.83496372595,0,1
1370402040000,1370402099999,79977.78789463424,79977.78789463424,79975.35681104998,79976.15042474683,0,1
1370402100000,1370402159999,79975.87804748345,79977.38443618838,79974.57995020303,79975.7637140758,0,1
1370402160000,1370402219999,79975.85787109473,79976.29501706961,79975.6594677707,79976.27484152217,0,1
1370402220000,1370402279999,79976.89017740749,79977.4953888837,79974.51268668474,79975.07432317929,0,1
1370402280000,1370402339999,79975.20211629971,79976.16723791503,79974.65393955058,79975.94866452338,0,1
1370402340000,1370402399999,79974.7279283507,79975.94866452338,79974.7279283507,79975.16512372227,0,1
1370402400000,1370402459999,79975.13149398766,79975.87804748345,79974.7178390011,79974.7178390011,0,1
1370402460000,1370402519999,79974.59003969174,79974.89944573642,79974.07546278735,79974.61021863864,0,1
1370402520000,1370402579999,79973.98128898423,79976.16723791503,79973.96783551137,79975.2458346239,0,1
1370402580000,1370402639999,79974.7346545781,79975.22565695956,79974.36470535191,79974.55304485,0,1
1370402640000,1370402699999,79974.76492254547,79975.28618983043,79974.29744038578,79975.28618983043,0,1
1370402700000,1370402759999,79974.89271961985,79975.1583977844,79974.32770967654,79974.57658703785,0,1
1370402760000,1370402819999,79974.93643929668,79976.28492930098,79974.62703439663,79975.93857640534,0,1
1370402820000,1370402879999,79975.70654688176,79976.18068842925,79975.05078216318,79975.39716580867,0,1
1370402880000,1370402939999,79975.83433192312,79976.2445781247,79975.49805199291,79976.2445781247,0,1
1370402940000,1370402999999,79977.31719153147,79977.87530848537,79976.34209318868,79977.68703154882,0,1
1370403000000,1370403059999,79977.88539464978,79977.88539464978,79973.96447214033,79974.82209512274,0,1
1370403060000,1370403119999,79974.47905475594,79977.95599751589,79974.30753015955,79977.95599751589,0,1
1370403120000,1370403179999,79977.30374254583,79985.91411565285,79977.30374254583,79985.55465821853,0,1
1370403180000,1370403239999,79986.57924580193,79987.70449153076,79984.35861336274,79986.03169238301,0,1
1370403240000,1370403299999,79985.21198583079,79985.68231747851,79981.04186430422,79984.1200592159,0,1
1370403300000,1370403359999,79984.1738183936,79984.94993431681,79981.0385033116,79984.69795523107,0,1
1370403360000,1370403419999,79984.05285983735,79984.05285983735,79982.45002082633,79983.6866152871,0,1
1370403420000,1370403479999,79984.15029878893,79984.95665367218,79981.86191274131,79982.91712203162,0,1
1370403480000,1370403539999,79982.80958987447,79985.4068401973,79982.80958987447,79984.56356378911,0,1
1370403540000,1370403599999,79984.33173430673,79985.98130252508,79984.33173430673,79984.84578373119,0,1
1370403600000,1370403659999,79986.0048178237,79986.52214040402,79984.34517384377,79984.59380202102,0,1
1370403660000,1370403719999,79984.16373856978,79984.16373856978,79980.80995316315,79981.21663436395,0,1
1370403720000,1370403779999,79981.45189692876,79981.989619151,79981.07211318698,79981.96273372658,0,1
1370403780000,1370403839999,79981.16622023711,79981.26368731972,79979.72426861865,79979.85872511189,0,1
1370403840000,1370403899999,79979.67384696759,79981.91568405996,79979.47215782097,79981.91568405996,0,1
1370403900000,1370403959999,79981.38131874047,79981.79469818641,79981.38131874047,79981.79469818641,0,1
1370403960000,1370404019999,79981.549361227,79981.96609440859,79980.72256496122,79981.1830249743,0,1
1370404020000,1370404079999,79981.09564003254,79981.2939355315,79979.61670212238,79980.69567613007,0,1
1370404080000,1370404139999,79979.92931404714,79980.77970348737,79979.0418740454,79980.75281480985,0,1
1370404140000,1370404199999,79980.68559279975,79980.91750682486,79980.59484236932,79980.82003636808,0,1
1370404200000,1370404259999,79980.59148122644,79981.3006573439,79979.88897757373,79980.41333903772,0,1
1370404260000,1370404319999,79979.74107577918,79979.74107577918,79975.63929094096,79976.57410796634,0,1
1370404320000,1370404379999,79977.48866451297,79977.57608097981,79975.98901689373,79976.05963315003,0,1
1370404380000,1370404439999,79976.52030791758,79976.52030791758,79975.72336079628,79976.08317179131,0,1
1370404440000,1370404499999,79976.92380122823,79976.92380122823,79976.41270695174,79976.41270695174,0,1
1370404500000,1370404559999,79976.45305744962,79976.77249314461,79976.4429698404,79976.46314504863,0,1
1370404560000,1370404619999,79976.51694540493,79977.85849818873,79975.30636737263,79975.30636737263,0,1
1370404620000,1370404679999,79974.57322387156,79975.12476802718,79972.85786165517,79974.41851699904,0,1
1370404680000,1370404739999,79974.18981549889,79976.23112769642,79974.18981549889,79975.35681104998,0,1
1370404740000,1370404799999,79976.06635848177,79976.16051265114,79974.61694494523,79975.88813566254,0,1
1370404800000,1370404859999,79975.89822383146,79976.33873061609,79974.11582271721,79975.16848668951,0,1
1370404860000,1370404919999,79975.41734312694,79976.68170719553,79974.82209512274,79975.78725341364,0,1
1370404920000,1370404979999,79976.20758940339,79976.8700030608,79975.64937936093,79976.8700030608,0,1
1370404980000,1370405039999,79976.4429698404,79976.81620460394,79975.9789288164,79975.9789288164,0,1
1370405040000,1370405099999,79976.95070020341,79976.95070020341,79975.81415544619,79976.23112769642,0,1
1370405100000,1370405159999,79976.0260064235,79977.04820838191,79975.89822383146,79976.2445781247,0,1
1370405160000,1370405219999,79976.03273177786,79976.4429698404,79974.45551233846,79975.6460165554,0,1
1370405220000,1370405279999,79975.86123382901,79976.56738297608,79974.38824798315,79975.23910874031,0,1
1370405280000,1370405339999,79974.74474391073,79975.01715204405,79974.15281917648,79974.15281917648,0,1
1370405340000,1370405399999,79974.35797887566,79974.35797887566,79973.29513879106,79973.73576025575,0,1
1370405400000,1370405459999,79974.40170089042,79974.47569155683,79972.66612641931,79974.40170089042,0,1
1370405460000,1370405519999,79974.39833766529,79975.07768617706,79973.08322995153,79973.41622754037,0,1
1370405520000,1370405579999,79973.4834984342,79973.4834984342,79971.2633199631,79972.48111525053,0,1
1370405580000,1370405639999,79971.88569243708,79972.35665126561,79971.08164718068,79972.35665126561,0,1
1370405640000,1370405699999,79971.26668424276,79972.56521166067,79971.26668424276,79971.56946477736,0,1
1370405700000,1370405759999,79971.71075922287,79972.07071462208,79969.68534804402,79969.68534804402,0,1
1370405760000,1370405819999,79970.03864697281,79971.32051256338,79969.1637887161,79970.63417977044,0,1
1370405820000,1370405879999,79969.80984528128,79971.23976997379,79968.11722310769,79968.41000329962,0,1
1370405880000,1370405939999,79969.25127798606,79971.50218100638,79968.4571165528,79971.30369124432,0,1
1370405940000,1370405999999,79971.66366129619,79971.66366129619,79969.67861841948,79970.32464172566,0,1
1370406000000,1370406059999,79971.19603413221,79973.3153203511,79971.19603413221,79972.40374592858,0,1
1370406060000,1370406119999,79971.31714830184,79971.31714830184,79968.98880787987,79970.89660669465,0,1
1370406120000,1370406179999,79971.11192620696,79971.56946477736,79970.78221631798,79971.56610059956,0,1
1370406180000,1370406239999,79971.40798296643,79972.91840886063,79970.64427324102,79972.45084036974,0,1
1370406240000,1370406299999,79972.56857550236,79972.7704039334,79970.93025067405,79972.44747648845,0,1
1370406300000,1370406359999,79972.55175628257,79973.20768489355,79970.84950493331,79971.00090266239,0,1
1370406360000,1370406419999,79970.76875854058,79971.55937224056,79970.76875854058,79971.28350562407,0,1
1370406420000,1370406479999,79971.5223661852,79973.60458490271,79970.59044128018,79971.43826100462,0,1
1370406480000,1370406539999,79971.9058768418,79973.36913764542,79971.23640568508,79972.9789556995,0,1
1370406540000,1370406599999,79972.79395031836,79973.63485629077,79970.95380139229,79971.21958422453,0,1
1370406600000,1370406659999,79970.92352188723,79974.91626100805,79970.92352188723,79973.49358902924,0,1
1370406660000,1370406719999,79972.46093200686,79977.77444628163,79972.46093200686,79976.30846741196,0,1
1370406720000,1370406779999,79976.8330166528,79976.8330166528,79974.818732039,79976.11007302778,0,1
1370406780000,1370406839999,79975.79061617167,79975.85787109473,79975.632565322,79975.85787109473,0,1
1370406840000,1370406899999,79976.23449030519,79977.96272157239,79975.4106173587,79975.73344913144,0,1
1370406900000,1370406959999,79976.01928106463,79982.54075442257,79975.6460165554,79976.41270695174,0,1
1370406960000,1370407019999,79976.51694540493,79981.60985583087,79975.77380237023,79976.51694540493,0,1
1370407020000,1370407079999,79975.90494927175,79979.99654114127,79975.90494927175,79979.99654114127,0,1
1370407080000,1370407139999,79977.02803435402,79977.9358253193,79976.41270695174,79977.39452284791,0,1
1370407140000,1370407199999,79977.82151543663,79977.82151543663,79977.36762506654,79977.46849137364,0,1
1370407200000,1370407259999,79977.37771174304,79978.1308215152,79977.35081391645,79977.52564849604,0,1
1370407260000,1370407319999,79977.23985961701,79979.16289322863,79977.23985961701,79978.74604320952,0,1
1370407320000,1370407379999,79978.7325961454,79979.9629276507,79978.1308215152,79979.5024114523,0,1
1370407380000,1370407439999,79979.66712406157,79979.66712406157,79977.32727825885,79977.3609006099,0,1
1370407440000,1370407499999,79977.73073901073,79979.18978618157,79977.35417614873,79977.35417614873,0,1
1370407500000,1370407559999,79977.3440894485,79978.34262341991,79977.30710479394,79977.36426283879,0,1
1370407560000,1370407619999,79977.92237716564,79978.07030586131,79977.1221794693,79977.9122910385,0,1
1370407620000,1370407679999,79977.95263548596,79978.55442083871,79977.95263548596,79978.24512786226,0,1
1370407680000,1370407739999,79978.0602198834,79980.31250243,79976.86664066573,79980.23519367546,0,1
1370407740000,1370407799999,79979.38811947597,79979.58308735501,79977.31719153147,79979.3780348271,0,1
1370407800000,1370407859999,79978.99144895347,79978.99144895347,79976.46650757939,79976.46650757939,0,1
1370407860000,1370407919999,79976.32864289155,79977.50547543133,79975.79397892857,79976.44969491434,0,1
1370407920000,1370407979999,79977.93918735489,79978.14090742191,79976.45641998375,79977.32727825885,0,1
1370407980000,1370408039999,79977.2364973463,79977.51892414567,79975.73008635418,79976.82629183664,0,1
1370408040000,1370408099999,79976.16387528366,79976.96078730046,79975.98901689373,79976.34209318868,0,1
1370408100000,1370408159999,79976.14369947164,79976.14369947164,79974.0384660419,79975.3635368544,0,1
1370408160000,1370408219999,79975.43415752774,79977.77108419065,79974.87926737314,79976.73886881514,0,1
1370408220000,1370408279999,79976.67498227763,79977.62315106852,79975.86795929419,79977.62315106852,0,1
1370408280000,1370408339999,79977.14907791087,79977.14907791087,79973.92411159963,79975.38707713426,0,1
1370408340000,1370408399999,79973.79630214603,79976.51694540493,79973.79630214603,79975.99574227295,0,1
1370408400000,1370408459999,79975.68973293898,79978.17788899281,79975.68973293898,79977.32727825885,0,1
1370408460000,1370408519999,79977.54582152008,79978.1678031234,79974.28735060185,79974.7615594425,0,1
1370408520000,1370408579999,79974.63712383783,79974.94989146649,79974.29744038578,79974.94989146649,0,1
1370408580000,1370408639999,79974.85572589785,79974.92298710879,79974.28398733828,79974.92298710879,0,1
1370408640000,1370408699999,79974.30416690276,79974.30416690276,79973.02604743183,79973.07313894242,0,1
1370408700000,1370408759999,79973.32877470183,79973.32877470183,79971.33733385416,79972.66949022707,0,1
1370408760000,1370408819999,79972.90495395775,79974.06537277944,79972.90495395775,79973.03277480406,0,1
1370408820000,1370408879999,79974.13600262106,79974.13600262106,79972.8309516684,79972.8309516684,0,1
1370408880000,1370408939999,79972.41720150583,79972.54839243522,79971.93278931805,79972.54839243522,0,1
1370408940000,1370408999999,79971.99670615888,79972.50802617872,79971.95297362772,79972.06062259118,0,1
1370409000000,1370409059999,79971.35415511664,79971.67038958501,79967.95232014552,79968.61191567907,0,1
1370409060000,1370409119999,79967.93549315973,79969.23108822247,79967.905204514,79968.15087643934,0,1
1370409120000,1370409179999,79968.15760709207,79969.10994878493,79968.15760709207,79969.10994878493,0,1
1370409180000,1370409239999,79968.86430042045,79969.23108822247,79968.24847046066,79968.32250666908,0,1
1370409240000,1370409299999,79969.14696376876,79969.14696376876,79967.73356712188,79968.72296575003,0,1
1370409300000,1370409359999,79969.089758736,79969.3286717022,79968.98544283379,79969.1637887161,0,1
1370409360000,1370409419999,79968.95852242432,79969.56084925678,79968.85420515308,79968.95515736802,0,1
1370409420000,1370409479999,79968.90804646122,79969.18734359487,79968.71623547781,79968.93496700657,0,1
1370409480000,1370409539999,79969.2277232579,79969.2277232579,79968.5917246246,79969.1637887161,0,1
1370409540000,1370409599999,79968.70614006098,79969.52047093888,79968.14751111127,79968.27875806672,0,1
1370409600000,1370409659999,79967.91530073943,79969.37578062745,79967.91530073943,79968.88449092458,0,1
1370409660000,1370409719999,79969.05274354041,79971.55937224056,79968.39654232937,79971.18594121853,0,1
1370409720000,1370409779999,79971.07828283876,79972.48784298936,79969.68198323231,79969.68198323231,0,1
1370409780000,1370409839999,79969.64497022881,79970.83604724647,79969.16715370219,79970.2607141966,0,1
1370409840000,1370409899999,79970.50969279556,79970.76202964508,79970.42221453474,79970.61735729683,0,1
1370409900000,1370409959999,79969.74254966983,79970.75866519564,79969.74254966983,79969.91751731765,0,1
1370409960000,1370410019999,79969.73582008378,79969.83676339906,79969.48682221606,79969.51710607168,0,1
1370410020000,1370410079999,79969.76610318535,79970.78894519988,79969.76610318535,79969.76946796876,0,1
1370410080000,1370410139999,79970.87305584172,79970.87305584172,79969.25127798606,79970.44240189363,0,1
1370410140000,1370410199999,79970.59044128018,79973.1505030855,79970.59044128018,79973.1505030855,0,1
1370410200000,1370410259999,79973.1505030855,79974.26044446156,79972.6223968156,79973.94429189035,0,1
1370410260000,1370410319999,79974.54631850043,79974.54631850043,79971.00763139714,79972.58539469387,0,1
1370410320000,1370410379999,79972.03707447943,79972.03707447943,79970.32127712906,79971.18930552423,0,1
1370410380000,1370410439999,79971.23304139523,79971.23304139523,79969.48345733756,79969.75264404042,0,1
1370410440000,1370410499999,79969.92424678142,79969.92424678142,79968.90804646122,79969.52720066985,0,1
1370410500000,1370410559999,79969.30511715634,79969.42961912743,79968.07683896022,79968.07683896022,0,1
1370410560000,1370410619999,79968.21818276287,79968.21818276287,79962.3776736007,79962.4719567424,0,1
1370410620000,1370410679999,79962.64368446641,79963.1386478771,79958.96604625,79958.96604625,0,1
1370410680000,1370410739999,79958.25865304755,79960.09103522023,79957.57142315978,79957.57142315978,0,1
1370410740000,1370410799999,79957.58489870958,79958.97615150466,79957.58489870958,79958.88857229178,0,1
1370410800000,1370410859999,79958.9795199206,79960.6433786891,79958.07337512982,79960.61980367653,0,1
1370410860000,1370410919999,79960.6332751191,79960.68716070785,79960.55918196042,79960.55918196042,0,1
1370410920000,1370410979999,79960.25943585207,79960.71073556163,79959.07046672227,79959.3062508747,0,1
1370410980000,1370411039999,79959.97315309057,79960.73767818362,79958.89867762472,79959.30961917945,0,1
1370411040000,1370411099999,79959.28604102232,79961.29672120987,79959.02667762472,79960.73094253492,0,1
1370411100000,1370411159999,79960.52550307043,79960.74778164814,79960.18870793212,79960.18870793212,0,1
1370411160000,1370411219999,79960.83871236954,79961.80522115703,79959.59592093715,79959.68349395537,0,1
1370411220000,1370411279999,79960.02367417344,79960.12471557347,79959.15130762939,79960.12471557347,0,1
1370411280000,1370411339999,79959.83842895507,79959.83842895507,79957.84093070551,79958.36644952915,0,1
1370411340000,1370411399999,79957.54784090395,79958.10706227929,79957.54784090395,79958.10706227929,0,1
1370411400000,1370411459999,79957.65564504807,79957.65564504807,79954.40079534387,79954.65016912924,0,1
1370411460000,1370411519999,79955.39488355267,79955.48923255298,79952.25727231403,79952.25727231403,0,1
1370411520000,1370411579999,79949.81997333487,79949.89077462851,79948.73429072267,79949.41201325826,0,1
1370411580000,1370411639999,79949.82671633683,79953.77059333358,79949.82671633683,79953.54478936613,0,1
1370411640000,1370411699999,79952.81678961926,79954.20870589084,79952.81678961926,79953.23135152765,0,1
1370411700000,1370411759999,79953.92561997121,79954.39405542552,79952.97183104398,79953.8481069528,0,1
1370411760000,1370411819999,79953.89865898948,79956.01487497406,79953.89865898948,79956.01487497406,0,1
1370411820000,1370411879999,79955.63075438442,79955.63075438442,79953.25831430856,79954.25588609834,0,1
1370411880000,1370411939999,79954.33002597468,79954.91638563167,79953.39312712266,79953.70318969803,0,1
1370411940000,1370411999999,79953.77733367216,79954.49178379693,79947.89466030119,79947.91152104342,0,1
1370412000000,1370412059999,79947.20671777513,79949.54687793505,79947.20671777513,79947.94187030781,0,1
1370412060000,1370412119999,79947.41917566507,79949.56710747968,79947.17636627953,79949.47607420653,0,1
1370412120000,1370412179999,79949.25017324521,79949.73231389585,79948.54209239017,79948.63313416604,0,1
1370412180000,1370412239999,79949.34120857484,79951.50221138295,79947.48999395865,79951.50221138295,0,1
1370412240000,1370412299999,79952.62466973645,79955.51618924671,79950.93250714187,79955.51618924671,0,1
1370412300000,1370412359999,79953.60882384499,79953.60882384499,79949.36143853555,79950.47739463545,0,1
1370412360000,1370412419999,79950.70326787575,79951.53929159908,79948.79161231722,79951.53929159908,0,1
1370412420000,1370412479999,79950.94599164094,79952.6651163343,79950.70326787575,79952.6651163343,0,1
1370412480000,1370412539999,79951.30332424077,79953.56838106395,79950.53133497744,79953.22124046607,0,1
1370412540000,1370412599999,79953.19764794929,79954.65690887497,79952.71230382503,79954.10760469663,0,1
1370412600000,1370412659999,79954.53559275685,79954.93323453894,79954.16152546075,79954.90964606083,0,1
1370412660000,1370412719999,79954.63331974504,79956.03846084524,79953.9458406598,79954.05031356619,0,1
1370412720000,1370412779999,79954.73441562436,79954.73441562436,79951.86626573495,79954.3468758699,0,1
1370412780000,1370412839999,79953.94921077059,79956.3214869605,79953.5515298569,79954.27947611861,0,1
1370412840000,1370412899999,79954.09412446017,79954.09412446017,79949.83345933422,79950.55493378556,0,1
1370412900000,1370412959999,79950.68304062937,79950.68304062937,79948.04977805748,79948.82195891072,0,1
1370412960000,1370413019999,79948.81184338978,79951.27298517645,79948.0531501559,79950.67292699085,0,1
1370413020000,1370413079999,79950.51784991923,79951.53929159908,79947.96210309958,79947.96210309958,0,1
1370413080000,1370413139999,79947.34161219666,79949.681740793,79946.4512753857,79949.681740793,0,1
1370413140000,1370413199999,79949.78625825695,79949.78625825695,79947.89128814933,79949.10518934262,0,1
1370413200000,1370413259999,79948.88602363902,79949.8570597893,79948.3734943202,79948.3734943202,0,1
1370413260000,1370413319999,79947.7766343095,79948.8590490666,79947.09205608614,79948.8590490666,0,1
1370413320000,1370413379999,79948.68371257227,79951.52243697243,79948.55895204082,79950.7066390795,0,1
1370413380000,1370413439999,79949.61768116226,79950.59875999576,79948.79835601262,79949.14565017805,0,1
1370413440000,1370413499999,79949.03775425312,79950.46053821892,79949.02426718065,79950.33242852465,0,1
1370413500000,1370413559999,79950.69315425768,79954.40416530134,79950.69315425768,79954.00313238878,0,1
1370413560000,1370413619999,79954.2053358675,79954.2053358675,79952.15615138857,79953.78407400618,0,1
1370413620000,1370413679999,79954.12782501725,79954.12782501725,79951.07409347515,79952.07862465321,0,1
1370413680000,1370413739999,79951.44490532392,79952.3752454347,79950.7066390795,79951.06735131427,0,1
1370413740000,1370413799999,79950.49425102359,79951.26287213455,79950.47065207225,79950.47065207225,0,1
1370413800000,1370413859999,79950.7403510545,79951.63367698336,79950.50436484283,79950.87856896379,0,1
1370413860000,1370413919999,79950.66281334209,79951.03701153402,79950.44031048157,79950.44031048157,0,1
1370413920000,1370413979999,79950.96958947055,79951.03364044164,79950.4571669322,79951.03364044164,0,1
1370413980000,1370414039999,79950.8414862976,79952.69208064198,79950.8414862976,79951.17185429725,0,1
1370414040000,1370414099999,79951.49884044738,79953.0257579326,79951.49884044738,79952.12581491153,0,1
1370414100000,1370414159999,79952.3449096223,79953.37290531641,79949.89751758272,79949.96157542088,0,1
1370414160000,1370414219999,79949.2838901306,79954.61647033245,79949.25354493887,79954.61647033245,0,1
1370414220000,1370414279999,79954.96356250046,79954.96356250046,79950.77069173483,79950.99655835048,0,1
1370414280000,1370414339999,79950.69315425768,79950.69315425768,79949.02426718065,79949.0917023611,0,1
1370414340000,1370414399999,79949.28726181287,79950.65944212356,79948.83544625605,79950.32231453153,0,1
1370414400000,1370414459999,79950.30208651458,79950.50773611362,79948.76800934748,79949.49967550507,0,1
1370414460000,1370414519999,79950.6257298758,79951.70446543697,79949.72557083024,79951.70446543697,0,1
1370414520000,1370414579999,79951.10780421142,79951.67412758965,79949.62779586809,79950.84485745475,0,1
1370414580000,1370414639999,79951.10106207326,79951.10106207326,79950.14700369192,79950.61898741261,0,1
1370414640000,1370414699999,79950.11328971657,79951.0875777833,79950.05934711959,79950.73697986211,0,1
1370414700000,1370414759999,79950.79766115117,79951.542662521,79950.20431718916,79950.63921478855,0,1
1370414760000,1370414819999,79950.76732055267,79951.33703420429,79950.38974095917,79951.33703420429,0,1
1370414820000,1370414879999,79951.64041876244,79951.64041876244,79948.91974175222,79949.51653354136,0,1
1370414880000,1370414939999,79950.66618455948,79951.36063111114,79950.04586142486,79950.70326787575,0,1
1370414940000,1370414999999,79950.61224494487,79951.44153436905,79950.42345400252,79951.44153436905,0,1
1370415000000,1370415059999,79951.17859638768,79953.95932109616,79951.17859638768,79953.14035160534,0,1
1370415060000,1370415119999,79953.92899008881,79954.40416530134,79949.6749976933,79951.15162799867,0,1
1370415120000,1370415179999,79950.81114583206,79952.69882170754,79950.64932846116,79951.10106207326,0,1
1370415180000,1370415239999,79951.41119572404,79951.43479245588,79948.9500879569,79949.96494687468,0,1
1370415240000,1370415299999,79949.39852669055,79949.79300128164,79946.55582661892,79948.06326644433,0,1
1370415300000,1370415359999,79948.25547397991,79949.0411260184,79947.3753355177,79948.55220818397,0,1
1370415360000,1370415419999,79949.22319965504,79951.51906604368,79948.91299813868,79951.51906604368,0,1
1370415420000,1370415479999,79951.20556470395,79951.48198575256,79949.61768116226,79950.98307391962,0,1
1370415480000,1370415539999,79951.59996801981,79951.65390230696,79948.81184338978,79949.506418723,0,1
1370415540000,1370415599999,79949.5435063403,79949.94808959431,79949.38166845532,79949.94808959431,0,1
1370415600000,1370415659999,79950.55156253067,79950.56841879377,79945.42931383585,79947.8845438422,0,1
1370415660000,1370415719999,79946.40743099483,79954.15478538112,79946.40743099483,79950.57179004299,0,1
1370415720000,1370415779999,79952.77634363488,79954.36372573675,79948.77475305881,79954.36372573675,0,1
1370415780000,1370415839999,79954.24240606176,79954.24240606176,79950.75383581268,79950.75383581268,0,1
1370415840000,1370415899999,79950.46728078894,79954.33676593617,79947.44952642373,79954.33676593617,0,1
1370415900000,1370415959999,79953.89191873268,79957.74323505945,79950.20094581606,79953.49760580354,0,1
1370415960000,1370416019999,79954.21881595404,79954.57940152482,79951.42130861593,79952.39209862403,0,1
1370416020000,1370416079999,79953.11338850636,79957.77018567783,79953.11338850636,79957.77018567783,0,1
1370416080000,1370416139999,79957.72975972302,79961.99042994542,79956.0081361435,79961.09802877448,0,1
1370416140000,1370416199999,79961.38764693988,79962.49552738892,79959.5049789142,79960.57602136285,0,1
1370416200000,1370416259999,79960.4076260623,79960.78482759741,79956.24062317352,79958.0161067153,0,1
1370416260000,1370416319999,79959.1984645234,79962.70766070766,79959.1984645234,79960.87575798196,0,1
1370416320000,1370416379999,79961.38427933499,79961.53245287719,79958.7976238358,79960.07419500107,0,1
1370416380000,1370416439999,79960.65011439676,79965.98000458343,79959.54539769316,79965.72418089173,0,1
1370416440000,1370416499999,79966.34689819123,79967.46432606192,79965.60973133183,79966.8315810354,0,1
1370416500000,1370416559999,79966.47816878115,79969.50364659162,79966.47816878115,79969.02918834462,0,1
1370416560000,1370416619999,79969.31857690362,79969.31857690362,79964.36753273298,79964.36753273298,0,1
1370416620000,1370416679999,79964.1285012079,79964.87924298659,79961.64358159305,79962.59991101289,0,1
1370416680000,1370416739999,79962.55277015636,79965.13172195131,79962.49889461961,79965.13172195131,0,1
1370416740000,1370416799999,79964.43823110325,79964.43823110325,79960.82860899689,79960.82860899689,0,1
1370416800000,1370416859999,79960.97679077282,79964.38773231834,79960.43456950094,79961.71766671752,0,1
1370416860000,1370416919999,79960.92290674472,79962.64031728449,79960.92290674472,79961.01046814294,0,1
1370416920000,1370416979999,79960.55244619149,79964.48536307244,79960.55244619149,79962.84571330738,0,1
1370416980000,1370417039999,79962.30359336574,79966.16177007163,79962.30359336574,79964.84557864298,0,1
1370417040000,1370417099999,79964.79844837154,79965.98337064101,79962.95009327606,79964.01403338397,0,1
1370417100000,1370417159999,79963.97363266267,79967.45086381864,79963.37770306367,79965.16538533164,0,1
1370417160000,1370417219999,79964.75805081923,79970.75193629335,79964.75805081923,79969.73245528905,0,1
1370417220000,1370417279999,79970.64763772895,79970.81922511244,79966.20889391814,79969.01572820781,0,1
1370417280000,1370417339999,79969.07293366408,79969.50028171878,79967.58885095318,79968.06001218397,0,1
1370417340000,1370417399999,79967.93549315973,79968.48403831212,79966.67675434705,79967.21863726918,0,1
1370417400000,1370417459999,79967.22873418781,79968.55134239332,79965.62656223161,79967.31624038897,0,1
1370417460000,1370417519999,79967.66625753648,79967.66625753648,79965.84199524693,79967.64943006934,0,1
1370417520000,1370417579999,79967.30277794632,79967.30614355869,79965.53567503626,79965.53567503626,0,1
1370417580000,1370417639999,79965.02063199219,79966.38392340389,79964.8321128738,79965.64002693104,0,1
1370417640000,1370417699999,79965.78477130491,79967.86818493348,79965.56260466174,79967.36672438748,0,1
1370417700000,1370417759999,79967.66625753648,79968.05328146555,79965.68715323627,79967.80087625422,0,1
1370417760000,1370417819999,79967.37008997831,79971.59301399025,79967.37008997831,79970.24052647094,0,1
1370417820000,1370417879999,79969.35895603677,79971.47190316173,79969.2580078982,79971.28014135009,0,1
1370417880000,1370417939999,79971.65693300284,79972.53830088637,79970.9100643,79970.9100643,0,1
1370417940000,1370417999999,79972.87468036012,79974.46896515523,79971.64347640256,79973.98801571385,0,1
1370418000000,1370418059999,79973.45659013097,79981.54600040494,79973.45659013097,79981.2939355315,0,1
1370418060000,1370418119999,79980.64189825086,79981.14605451521,79977.3978850655,79977.98289371472,0,1
1370418120000,1370418179999,79978.09383977023,79978.09383977023,79972.70985583181,79973.45659013097,0,1
1370418180000,1370418239999,79974.59003969174,79976.07308380897,79972.31292030854,79975.6695561703,0,1
1370418240000,1370418299999,79974.70102339581,79975.57539737823,79974.70102339581,79974.88599349876,0,1
1370418300000,1370418359999,79975.26264931308,79976.980961464,79974.88263043652,79975.04069313932,0,1
1370418360000,1370418419999,79975.22565695956,79975.22565695956,79971.92942526248,79972.85113416526,0,1
1370418420000,1370418479999,79973.44986304385,79974.41179055898,79972.52148161565,79972.95540975017,0,1
1370418480000,1370418539999,79972.27928098067,79974.97679575179,79970.7014693819,79974.07546278735,0,1
1370418540000,1370418599999,79974.15954579074,79979.10238382008,79973.96110876817,79976.13024890766,0,1
1370418600000,1370418659999,79976.22440247549,79976.22440247549,79973.03277480406,79975.31309321098,0,1
1370418660000,1370418719999,79975.64265374874,79976.99441088377,79972.33646777073,79975.75698854052,0,1
1370418720000,1370418779999,79975.84105740637,79975.84105740637,79971.45844631246,79973.49358902924,0,1
1370418780000,1370418839999,79972.27591704167,79975.79734168433,79971.38779755672,79974.81536895414,0,1
1370418840000,1370418899999,79974.87590430863,79974.87590430863,79971.43489678267,79973.21777576691,0,1
1370418900000,1370418959999,79973.87366069466,79975.86459656217,79970.69137596904,79970.83268282193,0,1
1370418960000,1370419019999,79971.51900199156,79972.88813530371,79970.58707677301,79971.04800371062,0,1
1370419020000,1370419079999,79970.61399279871,79970.61399279871,79966.53202288366,79967.34316521989,0,1
1370419080000,1370419139999,79967.27921862809,79967.81097258498,79964.6604227274,79965.73427931941,0,1
1370419140000,1370419199999,79965.64002693104,79969.97135290108,79964.70418716228,79969.10321877313,0,1
1370419200000,1370419259999,79969.01909324371,79969.1637887161,79967.27585300666,79968.04655074258,0,1
1370419260000,1370419319999,79968.08020431208,79969.33876649057,79967.4744227325,79968.25856633954,0,1
1370419320000,1370419379999,79967.716739768,79969.56084925678,79965.90595102993,79966.35363005828,0,1
1370419380000,1370419439999,79966.27957927155,79968.13741512028,79966.07088774051,79968.13741512028,0,1
1370419440000,1370419499999,79967.94895475061,79969.44644359923,79966.4546075201,79968.2114521509,0,1
1370419500000,1370419559999,79968.6691234454,79969.36568587643,79966.34689819123,79966.34689819123,0,1
1370419560000,1370419619999,79966.75753378788,79966.89889623919,79964.52576172636,79966.12474403644,0,1
1370419620000,1370419679999,79965.3909270568,79966.1786000423,79961.9028771275,79963.57971707605,0,1
1370419680000,1370419739999,79963.73122490724,79963.73122490724,79961.03740995738,79961.46846911695,0,1
1370419740000,1370419799999,79961.62000893833,79963.42820694936,79961.03404223455,79962.98039693385,0,1
1370419800000,1370419859999,79963.0241687219,79963.0241687219,79962.40797899319,79962.63695010141,0,1
1370419860000,1370419919999,79963.39453772057,79963.39453772057,79961.07445483371,79961.07445483371,0,1
1370419920000,1370419979999,79960.93637777897,79962.18910465046,79958.61572444232,79961.22263296673,0,1
1370419980000,1370420039999,79961.77154646332,79962.0981862075,79960.67368933788,79961.51224752345,0,1
1370420040000,1370420099999,79962.64368446641,79963.1285468279,79961.3337651256,79962.35410267637,0,1
1370420100000,1370420159999,79962.40797899319,79964.93310570062,79961.93655137895,79964.66715572984,0,1
1370420160000,1370420219999,79964.4213982033,79965.12498926165,79963.10497767339,79964.36416613145,0,1
1370420220000,1370420279999,79964.67725522502,79966.79119169564,79964.18910129012,79966.6531935539,0,1
1370420280000,1370420339999,79966.13484205963,79966.13484205963,79962.83561196228,79962.83561196228,0,1
1370420340000,1370420399999,79963.02753577458,79963.14201489124,79961.67725671767,79961.67725671767,0,1
1370420400000,1370420459999,79961.42469051879,79962.78847221684,79959.77780250194,79959.77780250194,0,1
1370420460000,1370420519999,79961.38427933499,79961.41795533283,79960.6467465435,79960.91953898333,0,1
1370420520000,1370420579999,79960.60633221582,79961.46846911695,79959.91926365418,79960.06745890547,0,1
1370420580000,1370420639999,79960.22575595258,79961.38091172896,79959.52855655512,79960.74441382776,0,1
1370420640000,1370420699999,79959.82158831051,79962.44501879261,79959.61949836365,79959.61949836365,0,1
1370420700000,1370420759999,79959.79464322023,79962.49889461961,79959.79464322023,79961.67052170182,0,1
1370420760000,1370420819999,79961.21589764468,79962.0173691198,79960.1786039027,79961.11823496516,0,1
1370420820000,1370420879999,79961.44826363392,79962.20594130844,79960.45814495021,79960.70736772878,0,1
1370420880000,1370420939999,79961.05088083737,79962.2564511123,79960.29648361051,79962.2564511123,0,1
1370420940000,1370420999999,79964.48872963317,79965.67705476099,79961.2057946531,79962.4046117319,0,1
1370421000000,1370421059999,79962.34736811636,79964.89270869229,79962.34736811636,79964.18910129012,0,1
1370421060000,1370421119999,79963.9197647804,79964.37763253076,79961.58296608295,79964.1352345685,0,1
1370421120000,1370421179999,79964.06790075845,79966.6161693382,79964.06790075845,79964.64695670888,0,1
1370421180000,1370421239999,79964.31703359104,79968.07347360723,79964.31703359104,79966.20552793647,0,1
1370421240000,1370421299999,79967.67635400317,79969.21762835744,79966.61953518166,79968.53451641549,0,1
1370421300000,1370421359999,79968.3696203345,79973.30522957616,79968.3696203345,79970.95716577608,0,1
1370421360000,1370421419999,79970.62408628967,79974.7144758823,79969.3959700989,79974.7144758823,0,1
1370421420000,1370421479999,79974.3310729254,79974.3310729254,79970.85959818657,79971.15566241636,0,1
1370421480000,1370421539999,79971.23640568508,79977.9761696718,79971.23640568508,79976.02264374464,0,1
1370421540000,1370421599999,79975.22565695956,79975.23574579682,79972.47775137941,79974.36470535191,0,1
1370421600000,1370421659999,79974.47905475594,79975.70318409547,79974.47905475594,79975.25256050297,0,1
1370421660000,1370421719999,79975.14494589508,79975.3702626543,79972.69976444589,79973.0529568936,0,1
1370421720000,1370421779999,79974.1460925577,79974.72456523529,79970.82258954151,79970.82258954151,0,1
1370421780000,1370421839999,79971.22967710425,79972.30282852206,79969.57430865987,79970.46595376081,0,1
1370421840000,1370421899999,79970.96053015876,79971.7982262125,79970.12276392565,79971.73767222425,0,1
1370421900000,1370421959999,79971.29023416869,79974.93980234083,79970.69810491208,79971.25995568231,0,1
1370421960000,1370422019999,79971.34406236255,79973.26486637462,79971.34406236255,79972.0572585786,0,1
1370422020000,1370422079999,79971.29023416869,79971.82850306912,79969.18397861558,79969.18397861558,0,1
1370422080000,1370422139999,79967.9590509319,79967.9590509319,79967.48451939288,79967.93212775918,0,1
1370422140000,1370422199999,79967.79751080835,79969.61132192491,79967.66625753648,79969.21089841811,0,1
1370422200000,1370422259999,79969.5675789606,79972.0236183907,79968.68594919675,79968.99890301135,0,1
1370422260000,1370422319999,79969.52720066985,79969.5339303963,79967.27585300666,79967.66625753648,0,1
1370422320000,1370422379999,79967.84799237727,79967.84799237727,79966.40411891665,79966.40411891665,0,1
1370422380000,1370422439999,79967.12776454265,79971.48872419784,79967.06381657341,79971.45844631246,0,1
1370422440000,1370422499999,79972.53493703449,79972.53493703449,79966.31323878803,79966.71714414902,0,1
1370422500000,1370422559999,79966.5118276292,79969.75937361515,79966.5118276292,79969.35222619255,0,1
1370422560000,1370422619999,79967.72347071294,79968.98207778657,79966.0843518417,79967.6729885154,0,1
1370422620000,1370422679999,79967.26239050964,79969.51710607168,79962.32042983096,79962.32042983096,0,1
1370422680000,1370422739999,79963.16895096352,79963.47534367921,79962.23287990225,79962.23287990225,0,1
1370422740000,1370422799999,79962.55950457802,79966.61953518166,79962.55950457802,79966.53875462608,0,1
1370422800000,1370422859999,79966.36709377875,79966.36709377875,79961.78838382434,79961.98369514049,0,1
1370422860000,1370422919999,79960.71073556163,79961.22600062606,79960.55918196042,79961.22600062606,0,1
1370422920000,1370422979999,79961.38091172896,79963.82212850414,79958.91215138607,79960.59286073696,0,1
1370422980000,1370423039999,79961.26978009405,79963.39453772057,79959.90579124971,79960.54907830532,0,1
1370423040000,1370423099999,79962.3844081403,79962.4046117319,79959.87547827327,79960.44804119304,0,1
1370423100000,1370423159999,79960.20217995543,79960.5894928644,79958.39002985459,79960.5894928644,0,1
1370423160000,1370423219999,79960.59622860837,79963.04100397398,79960.43456950094,79961.94665363227,0,1
1370423220000,1370423279999,79961.93655137895,79963.00396638199,79959.60939375909,79962.99386519674,0,1
1370423280000,1370423339999,79963.18578597184,79963.18578597184,79961.48867455915,79961.48867455915,0,1
1370423340000,1370423399999,79960.83871236954,79962.40124446945,79960.61306794843,79962.16216593872,0,1
1370423400000,1370423459999,79962.3877754084,79962.42144802703,79960.85891908423,79962.31032795523,0,1
1370423460000,1370423519999,79962.17563530365,79964.73448550502,79962.17563530365,79964.05443394203,0,1
1370423520000,1370423579999,79964.59982550133,79964.72101958624,79962.30359336574,79962.40797899319,0,1
1370423580000,1370423639999,79962.16553328164,79964.00393321895,79961.85573298496,79962.91642243747,0,1
1370423640000,1370423699999,79962.78847221684,79963.46860987427,79959.38372159707,79961.38091172896,0,1
1370423700000,1370423759999,79962.04767560422,79962.4719567424,79960.52550307043,79960.52550307043,0,1
1370423760000,1370423819999,79960.69389638603,79963.21272192623,79960.64001083357,79963.21272192623,0,1
1370423820000,1370423879999,79962.8827514855,79963.47871057998,79961.06098398547,79962.62011416908,0,1
1370423880000,1370423939999,79962.10492093532,79962.24971648653,79960.1684998631,79960.51539938133,0,1
1370423940000,1370423999999,79960.33689919044,79961.02730678547,79960.33689919044,79960.94648104275,0,1
1370424000000,1370424059999,79960.88586130698,79963.07467439311,79960.5221351752,79962.84234619349,0,1
1370424060000,1370424119999,79962.96692865284,79964.35406632007,79962.26992035024,79962.62348135782,0,1
1370424120000,1370424179999,79963.86252983751,79963.86252983751,79963.08140846332,79963.16895096352,0,1
1370424180000,1370424239999,79962.78510508366,79963.73122490724,79962.40124446945,79962.7783708139,0,1
1370424240000,1370424299999,79962.59654381622,79962.86254885989,79960.57602136285,79962.4719567424,0,1
1370424300000,1370424359999,79962.39787720589,79962.39787720589,79959.73401650164,79959.73401650164,0,1
1370424360000,1370424419999,79959.63633934854,79961.04077767908,79958.57530190556,79958.57530190556,0,1
1370424420000,1370424479999,79959.61613016327,79960.8521835172,79959.61613016327,79960.6669536461,0,1
1370424480000,1370424539999,79960.95995204523,79966.05069155476,79960.95995204523,79965.70398400576,0,1
1370424540000,1370424599999,79965.54913985806,79970.79567407726,79965.54913985806,79970.7283850997,0,1
1370424600000,1370424659999,79970.37847511738,79970.49959918913,79966.09108388548,79969.50028171878,0,1
1370424660000,1370424719999,79969.4397138139,79969.4397138139,79967.41047698003,79968.45038610166,0,1
1370424720000,1370424779999,79967.9455893546,79971.31378403916,79967.9455893546,79970.58034775527,0,1
1370424780000,1370424839999,79970.14295188905,79970.7653940934,79967.44749825499,79967.96914710297,0,1
1370424840000,1370424899999,79967.7436635206,79969.49355196967,79966.7306073801,79966.7306073801,0,1
1370424900000,1370424959999,79966.77099696458,79969.26810275791,79966.77099696458,79967.72683618372,0,1
1370424960000,1370425019999,79967.4609605028,79968.51095999895,79967.23883109626,79968.32250666908,0,1
1370425020000,1370425079999,79967.33979962,79967.69991238581,79964.90954079892,79967.69991238581,0,1
1370425080000,1370425139999,79967.01333104567,79967.01333104567,79963.00733344149,79963.19925395811,0,1
1370425140000,1370425199999,79965.0441966321,79965.4346882948,79962.19920664864,79962.48542569007,0,1
1370425200000,1370425259999,79962.73796510012,79962.73796510012,79959.104150513,79960.83871236954,0,1
1370425260000,1370425319999,79960.5322388575,79963.27332755832,79959.78790693631,79959.78790693631,0,1
1370425320000,1370425379999,79959.12436073297,79961.45499879947,79958.00600049045,79961.45499879947,0,1
1370425380000,1370425439999,79960.87239020468,79963.14874891611,79960.52550307043,79961.74123914204,0,1
1370425440000,1370425499999,79960.81177001978,79960.81177001978,79956.28442447264,79957.65901390887,0,1
1370425500000,1370425559999,79958.2653903617,79959.99336155434,79957.74323505945,79959.58918451937,0,1
1370425560000,1370425619999,79959.47803297079,79959.94284031833,79958.83130854556,79958.83130854556,0,1
1370425620000,1370425679999,79959.62960295798,79959.8721101591,79959.16478105038,79959.52182009195,0,1
1370425680000,1370425739999,79959.61613016327,79964.596458978,79959.48476946345,79963.10161064677,0,1
1370425740000,1370425799999,79962.512363531,79964.01403338397,79961.71766671752,79962.46522226176,0,1
1370425800000,1370425859999,79962.25981842348,79963.10834469885,79962.25981842348,79963.10834469885,0,1
1370425860000,1370425919999,79963.00396638199,79964.78161607792,79961.19232398178,79963.93996527026,0,1
1370425920000,1370425979999,79964.07800085886,79964.07800085886,79961.51224752345,79961.51224752345,0,1
1370425980000,1370426039999,79961.6738892103,79961.6738892103,79960.18533992344,79961.34050036826,0,1
1370426040000,1370426099999,79959.52855655512,79959.79464322023,79955.47238458249,79955.58021110311,0,1
1370426100000,1370426159999,79955.45216698045,79956.06204666081,79950.40996879882,79953.82114576211,0,1
1370426160000,1370426219999,79952.77971413982,79953.48412474476,79951.95390646996,79952.86060591774,0,1
1370426220000,1370426279999,79952.97520148303,79956.01150555935,79952.97520148303,79955.50608049508,0,1
1370426280000,1370426339999,79955.78912167827,79955.78912167827,79953.33583189874,79954.07727413904,0,1
1370426340000,1370426399999,79954.61647033245,79957.9925255081,79954.1311950667,79957.8476683011,0,1
1370426400000,1370426459999,79958.37655538971,79958.37655538971,79956.50005884032,79956.50005884032,0,1
1370426460000,1370426519999,79956.09910997287,79957.77355450002,79955.8093385991,79956.43604287271,0,1
1370426520000,1370426579999,79956.70558101911,79956.7426419461,79956.119326267,79956.38550366144,0,1
1370426580000,1370426639999,79956.76959526127,79956.76959526127,79954.20196584302,79954.20196584302,0,1
1370426640000,1370426699999,79954.11097475291,79956.4259350509,79954.11097475291,79956.41582721887,0,1
1370426700000,1370426759999,79956.40235009357,79957.6118497547,79954.76137435292,79955.624015295,0,1
1370426760000,1370426819999,79956.09237119908,79956.76622610085,79955.49934132164,79956.15638936676,0,1
1370426820000,1370426879999,79955.77227421303,79956.49668958908,79954.46145440456,79956.05530786204,0,1
1370426880000,1370426939999,79956.02498321139,79956.02498321139,79953.82451591491,79955.99465846877,0,1
1370426940000,1370426999999,79955.81944704418,79956.8302399548,79954.73441562436,79954.73441562436,0,1
1370427000000,1370427059999,79954.9467136443,79956.68536591013,79954.49852364941,79955.63075438442,0,1
1370427060000,1370427119999,79955.63412392742,79955.92390037839,79953.76385299047,79954.32665599222,0,1
1370427120000,1370427179999,79953.8481069528,79954.65353900267,79949.76265763477,79949.76265763477,0,1
1370427180000,1370427239999,79947.83396139373,79950.52459245062,79947.1291526588,79949.48281744037,0,1
1370427240000,1370427299999,79950.27511576167,79952.67859849724,79947.37196319072,79948.00594067461,0,1
1370427300000,1370427359999,79947.73279572923,79952.2977203979,79947.73279572923,79952.2977203979,0,1
1370427360000,1370427419999,79951.2797271987,79952.79993714565,79951.02352715768,79952.38535735171,0,1
1370427420000,1370427479999,79952.44939925533,79952.5471466333,79947.93175389658,79947.93175389658,0,1
1370427480000,1370427539999,79947.7395401387,79949.63791056367,79947.36521853333,79947.52708905513,0,1
1370427540000,1370427599999,79947.9351260348,79948.76463749012,79947.07182153396,79947.07182153396,0,1
1370427600000,1370427659999,79947.36184620293,79947.36184620293,79945.80370791197,79946.17471524076,0,1
1370427660000,1370427719999,79946.21518793484,79946.21518793484,79939.36285113299,79939.36285113299,0,1
1370427720000,1370427779999,79938.97809035964,79940.20994767634,79937.56717418664,79939.3291007803,0,1
1370427780000,1370427839999,79939.12322116215,79939.8218446211,79938.74520164685,79939.33922589806,0,1
1370427840000,1370427899999,79941.15483126738,79941.46527353291,79940.6250325351,79941.46527353291,0,1
1370427900000,1370427959999,79941.45852489049,79943.22313977798,79941.45852489049,79942.38979449506,0,1
1370427960000,1370428019999,79942.81491048263,79942.81491048263,79940.98610860256,79940.98610860256,0,1
1370428020000,1370428079999,79942.07938092969,79944.08002971335,79941.27293543899,79941.27293543899,0,1
1370428080000,1370428139999,79940.99285756382,79941.00298099715,79939.29197526077,79940.60141028193,0,1
1370428140000,1370428199999,79940.34493651277,79942.49776217224,79940.27069287823,79941.11433808746,0,1
1370428200000,1370428259999,79940.80388492705,79940.80388492705,79937.31062258448,79939.16034730819,0,1
1370428260000,1370428319999,79939.36285113299,79939.87921732583,79939.36285113299,79939.87921732583,0,1
1370428320000,1370428379999,79939.2683498584,79940.65877851428,79937.38826389547,79937.38826389547,0,1
1370428380000,1370428439999,79938.00937268288,79938.35029099871,79933.69119336813,79934.55565374784,0,1
1370428440000,1370428499999,79936.28435035204,79936.28435035204,79931.93502812603,79933.67093168169,0,1
1370428500000,1370428559999,79934.15044724949,79935.82181823847,79933.78912427381,79933.78912427381,0,1
1370428560000,1370428619999,79934.4205867394,79939.5451010692,79934.4205867394,79937.57054982174,0,1
1370428620000,1370428679999,79939.07934463004,79940.30106534081,79935.6732632397,79936.33499125487,0,1
1370428680000,1370428739999,79936.02101352329,79938.69794820267,79932.38085312695,79936.06152733293,0,1
1370428740000,1370428799999,79936.1695633562,79938.07350671895,79933.93770726485,79934.76838058683,0,1
1370428800000,1370428859999,79934.4205867394,79937.16208970116,79932.49230627163,79933.88367734173,0,1
1370428860000,1370428919999,79934.24837365779,79935.77455097824,79931.1480309404,79934.97772639133,0,1
1370428920000,1370428979999,79935.50782439375,79935.61249010413,79933.8127626246,79933.8127626246,0,1
1370428980000,1370429039999,79932.83341272303,79934.71435515166,79932.83341272303,79934.49825049215,0,1
1370429040000,1370429099999,79934.43071682831,79937.87097678249,79934.43071682831,79935.65300556888,0,1
1370429100000,1370429159999,79935.81506578642,79935.81506578642,79932.06337372425,79932.14443325334,0,1
1370429160000,1370429219999,79933.33998499176,79936.40588808799,79932.5497210432,79936.40588808799,0,1
1370429220000,1370429279999,79935.77455097824,79936.44302432379,79935.33563003493,79935.74754101495,0,1
1370429280000,1370429339999,79937.38826389547,79938.35029099871,79937.23973216538,79938.00262170778,0,1
1370429340000,1370429399999,79938.03637653767,79938.03637653767,79936.01426120572,79937.20935040334,0,1
1370429400000,1370429459999,79936.36537567347,79939.08609487828,79936.3552475442,79939.08609487828,0,1
1370429460000,1370429519999,79939.02196733603,79939.04221818327,79937.66169153884,79939.04221818327,0,1
1370429520000,1370429579999,79939.68009888055,79940.82750670194,79938.92408766288,79940.82750670194,0,1
1370429580000,1370429639999,79940.27069287823,79940.83088123666,79939.09959536108,79939.88259218057,0,1
1370429640000,1370429699999,79939.61597514739,79940.75664120987,79939.57210077727,79939.64297466411,0,1
1370429700000,1370429759999,79939.58560060397,79941.25943788997,79938.91396212477,79940.46979956416,0,1
1370429760000,1370429819999,79940.45292626995,79940.75664120987,79939.24809946908,79940.75664120987,0,1
1370429820000,1370429879999,79940.59128644205,79943.70557109699,79940.59128644205,79942.64958974606,0,1
1370429880000,1370429939999,79942.36280239362,79943.9079829011,79941.54625688678,79943.9079829011,0,1
1370429940000,1370429999999,79942.65633758472,79944.9132341591,79942.39316850262,79944.9132341591,0,1
1370430000000,1370430059999,79944.53880674207,79944.53880674207,79942.66645933418,79943.28049297196,0,1
1370430060000,1370430119999,79942.99034990778,79944.90986100172,79942.99034990778,79944.90986100172,0,1
1370430120000,1370430179999,79944.50844714786,79944.6298849717,79943.73593312879,79943.73593312879,0,1
1370430180000,1370430239999,79944.37351450286,79947.56755627618,79943.73593312879,79946.04992340282,0,1
1370430240000,1370430299999,79946.21518793484,79946.21518793484,79942.12324430069,79942.646215825,0,1
1370430300000,1370430359999,79942.68332889385,79943.0038451207,79940.3685593718,79942.70694622959,0,1
1370430360000,1370430419999,79942.10974789933,79945.54062164699,79939.48435145951,79944.08340315068,0,1
1370430420000,1370430479999,79944.50507385391,79952.39209862403,79943.36820898528,79951.09431993056,0,1
1370430480000,1370430539999,79952.66848687673,79952.66848687673,79942.70694622959,79942.89250906953,0,1
1370430540000,1370430599999,79944.6096454368,79946.05666894738,79944.31279421861,79944.83565125124,0,1
1370430600000,1370430659999,79944.39712784716,79947.24044155111,79944.3060474976,79945.79696219676,0,1
1370430660000,1370430719999,79945.9656037118,79947.56755627618,79945.43268681804,79946.7817884533,0,1
1370430720000,1370430779999,79947.01449008042,79947.01449008042,79945.34161589993,79945.50689213807,0,1
1370430780000,1370430839999,79945.59796155102,79946.51198268645,79942.39316850262,79942.68332889385,0,1
1370430840000,1370430899999,79942.9194997412,79942.9194997412,79938.35029099871,79942.5753632202,0,1
1370430900000,1370430959999,79941.55975404868,79942.693450616,79938.68107191849,79940.49679677568,0,1
1370430960000,1370431019999,79939.42022647113,79939.80834511333,79938.60344064442,79938.86670947802,0,1
1370431020000,1370431079999,79939.25484960341,79939.82859436815,79937.6279354442,79939.52822621465,0,1
1370431080000,1370431139999,79939.14347180435,79941.46864785242,79938.04987843773,79939.83871898019,0,1
1370431140000,1370431199999,79939.76784648065,79942.2919477807,79937.61780859357,79941.07047029081,0,1
1370431200000,1370431259999,79941.37754082613,79941.37754082613,79937.52329082659,79938.39079537267,0,1
1370431260000,1370431319999,79939.00509159865,79939.78472093087,79937.93173619412,79939.11984605112,0,1
1370431320000,1370431379999,79938.99496614258,79942.48764025202,79938.99496614258,79940.93211674859,0,1
1370431380000,1370431439999,79941.2088219189,79941.2088219189,79939.25822466887,79940.37193406139,0,1
1370431440000,1370431499999,79940.05133346509,79940.05133346509,79937.53679341942,79937.78996365938,0,1
1370431500000,1370431559999,79938.13088945522,79939.80497023354,79937.35113116977,79939.2210988862,0,1
1370431560000,1370431619999,79938.94771387859,79939.84884358197,79937.6076817327,79938.0600048508,0,1
1370431620000,1370431679999,79938.16464385216,79938.16464385216,79935.18706781334,79935.81844201301,0,1
1370431680000,1370431739999,79935.88259010192,79938.48868026577,79934.54890044074,79936.59156788791,0,1
1370431740000,1370431799999,79937.31399830618,79937.31399830618,79935.37277024548,79935.49094272495,0,1
1370431800000,1370431859999,79936.09528871559,79937.09794981951,79934.40707993822,79934.4138333411,0,1
1370431860000,1370431919999,79933.85328538167,79935.54834028255,79933.5122137176,79935.54834028255,0,1
1370431920000,1370431979999,79936.12229773962,79937.19584736836,79935.4976953959,79937.19584736836,0,1
1370431980000,1370432039999,79936.98317216239,79939.23797425906,79936.98317216239,79938.03637653767,0,1
1370432040000,1370432099999,79937.60430611012,79938.09713494436,79936.09528871559,79936.49028842445,0,1
1370432100000,1370432159999,79937.18909584405,79939.53497615989,79936.8987759858,79939.53497615989,0,1
1370432160000,1370432219999,79940.58116259193,79940.92199324351,79937.39501528532,79938.12413856217,0,1
1370432220000,1370432279999,79937.99924621852,79939.14347180435,79937.70557429155,79937.70557429155,0,1
1370432280000,1370432339999,79938.56631243073,79938.56631243073,79937.09457402486,79937.91823413456,0,1
1370432340000,1370432399999,79938.0532539099,79938.0532539099,79935.57197447523,79936.14593057585,0,1
1370432400000,1370432459999,79936.11216936416,79936.52742434682,79933.92082294522,79934.05589670394,0,1
1370432460000,1370432519999,79934.35642927131,79934.72448494298,79933.63378514993,79934.12005610019,0,1
1370432520000,1370432579999,79933.12047349264,79937.53341777292,79933.12047349264,79935.87583769088,0,1
1370432580000,1370432639999,79935.26472561358,79935.31199528367,79933.9512147,79933.9512147,0,1
1370432640000,1370432699999,79934.50162716338,79935.66313440942,79933.85328538167,79934.08628804822,0,1
1370432700000,1370432759999,79934.82240573013,79935.73403600593,79934.02888209815,79935.68001578753,0,1
1370432760000,1370432819999,79935.44367390074,79937.95874025857,79935.29511328429,79936.0581511884,0,1
1370432820000,1370432879999,79937.49290992605,79937.49290992605,79935.30186608747,79936.03789429726,0,1
1370432880000,1370432939999,79936.12229773962,79938.08363310811,79935.59223231018,79938.08363310811,0,1
1370432940000,1370432999999,79938.84308307093,79939.18059787521,79935.25459636949,79936.89540012393,0,1
1370433000000,1370433059999,79937.48615860229,79939.76784648065,79937.11820456342,79939.4101014354,0,1
1370433060000,1370433119999,79939.9062161318,79940.88824815258,79937.7157010533,79938.02625010067,0,1
1370433120000,1370433179999,79937.63468667223,79938.96458971279,79937.63468667223,79938.96458971279,0,1
1370433180000,1370433239999,79939.1468469074,79940.79038674492,79938.23215230422,79938.60681592974,0,1
1370433240000,1370433299999,79939.81846974586,79939.81846974586,79938.28278334418,79939.09284512197,0,1
1370433300000,1370433359999,79938.63719344632,79939.87921732583,79938.63719344632,79939.76784648065,0,1
1370433360000,1370433419999,79938.61019121391,79939.09284512197,79937.7224522221,79938.11738766455,0,1
1370433420000,1370433479999,79937.746081277,79939.11647093897,79937.746081277,79938.07013125363,0,1
1370433480000,1370433539999,79938.56631243073,79940.0007113787,79937.55704727449,79938.7722035147,0,1
1370433540000,1370433599999,79938.83295745081,79940.37193406139,79938.60006535797,79939.57547573565,0,1
1370433600000,1370433659999,79939.03884304491,79939.47422648869,79937.53341777292,79937.53341777292,0,1
1370433660000,1370433719999,79936.91227942193,79940.52379391433,79936.91227942193,79937.55704727449,0,1
1370433720000,1370433779999,79937.47940727396,79941.58674831779,79936.77049243324,79936.77049243324,0,1
1370433780000,1370433839999,79936.94266208653,79940.53729245631,79936.23033310636,79937.27686530472,0,1
1370433840000,1370433899999,79939.19409823044,79939.20422348489,79937.88785443387,79938.81270617977,0,1
1370433900000,1370433959999,79939.06921924913,79941.22906833807,79939.06921924913,79940.69927353895,0,1
1370433960000,1370434019999,79940.49342212823,79940.78701219654,79939.23122411333,79940.65202932755,0,1
1370434020000,1370434079999,79940.65540392148,79941.12783583232,79940.65540392148,79941.12783583232,0,1
1370434080000,1370434139999,79942.15698522437,79942.4235345194,79941.33367418409,79942.38642048636,0,1
1370434140000,1370434199999,79942.36280239362,79942.42690851557,79940.9692361795,79942.08612915313,0,1
1370434200000,1370434259999,79942.48426627634,79942.48426627634,79940.78701219654,79940.94224024341,0,1
1370434260000,1370434319999,79941.23919153228,79941.23919153228,79941.23919153228,79941.23919153228,0,1
1370434320000,1370434379999,79941.14808241546,79941.93091886175,79940.9692361795,79941.27630982338,0,1
1370434380000,1370434439999,79941.37416647587,79941.37416647587,79940.6250325351,79941.18182662959,0,1
1370434440000,1370434499999,79940.96248720231,79941.46527353291,79936.9156552781,79937.8102170017,0,1
1370434500000,1370434559999,79934.90681943223,79940.99960652052,79930.19882318191,79934.72448494298,0,1
1370434560000,1370434619999,79935.1296681821,79940.69252437956,79935.07902117501,79940.29431591266,0,1
1370434620000,1370434679999,79940.1829496904,79940.65540392148,79935.75766975974,79937.71907663827,0,1
1370434680000,1370434739999,79937.23973216538,79939.72059786858,79936.03451814473,79937.09457402486,0,1
1370434740000,1370434799999,79936.25058960769,79940.88149912073,79936.25058960769,79939.53160118783,0,1
1370434800000,1370434859999,79939.81171999198,79950.78080527448,79939.81171999198,79950.78080527448,0,1
1370434860000,1370434919999,79949.76940067536,79951.10106207326,79945.6283178377,79948.70731574095,0,1
1370434920000,1370434979999,79948.63313416604,79948.71068761765,79944.56579297066,79945.56423223553,0,1
1370434980000,1370435039999,79945.1628446487,79945.51363804896,79941.54625688678,79942.20422232628,0,1
1370435040000,1370435099999,79943.19952366134,79944.06990939459,79940.27406760085,79941.07721919513,0,1
1370435100000,1370435159999,79941.24594032274,79941.94778966228,79939.17047259682,79939.7644715872,0,1
1370435160000,1370435219999,79939.11984605112,79941.29318172834,79937.54354470901,79938.67432139684,0,1
1370435220000,1370435279999,79938.21527523393,79939.88596703416,79930.07045365062,79930.07045365062,0,1
1370435280000,1370435339999,79930.64810356488,79936.52067237119,79930.64810356488,79934.40370323508,0,1
1370435340000,1370435399999,79935.26472561358,79936.81100320657,79934.04238941017,79935.90622350461,0,1
1370435400000,1370435459999,79936.06152733293,79941.16495453675,79936.06152733293,79939.43710150795,0,1
1370435460000,1370435519999,79939.57547573565,79940.04795866729,79933.79925500242,79935.41328668146,0,1
1370435520000,1370435579999,79936.17293946311,79940.77013943755,79935.24109069475,79939.61935009097,0,1
1370435580000,1370435639999,79938.95108904771,79938.95108904771,79935.70702593321,79937.2363564186,0,1
1370435640000,1370435699999,79937.33762832625,79938.84308307093,79935.42003940484,79937.36463399506,0,1
1370435700000,1370435759999,79937.90473205675,79941.55975404868,79936.10204097844,79940.55079098008,0,1
1370435760000,1370435819999,79939.00509159865,79943.72918601858,79939.00509159865,79943.72918601858,0,1
1370435820000,1370435879999,79943.73255957426,79945.7396234338,79942.91612591123,79945.7396234338,0,1
1370435880000,1370435939999,79947.48999395865,79948.21500954259,79946.23879693075,79946.51535530346,0,1
1370435940000,1370435999999,79944.71758914954,79948.82870258566,79942.19410010894,79942.19410010894,0,1
1370436000000,1370436059999,79942.18397788137,79944.42748777934,79942.18397788137,79944.42748777934,0,1
1370436060000,1370436119999,79944.18460574106,79944.18460574106,79938.67432139684,79939.8252194952,0,1
1370436120000,1370436179999,79939.05571872531,79940.34831121033,79938.60006535797,79939.74759710282,0,1
1370436180000,1370436239999,79940.47317421959,79942.0287691087,79938.6844471776,79938.74857688432,0,1
1370436240000,1370436299999,79939.11309582567,79940.48329817902,79938.96796487621,79940.48329817902,0,1
1370436300000,1370436359999,79939.9332148649,79939.9332148649,79937.89122996072,79939.19072314333,0,1
1370436360000,1370436419999,79939.3864763121,79940.52041927598,79939.0354679054,79940.29094119687,0,1
1370436420000,1370436479999,79941.07384474354,79944.23520665219,79939.89271673793,79944.23520665219,0,1
1370436480000,1370436539999,79942.88238754886,79943.87424788495,79940.25719397637,79941.56312833629,0,1
1370436540000,1370436599999,79941.22906833807,79949.20971283269,79941.22906833807,79949.20971283269,0,1
1370436600000,1370436659999,79949.30412020725,79949.86380276624,79945.3753459663,79948.07001063092,0,1
1370436660000,1370436719999,79949.00740831447,79951.30332424077,79948.97031870886,79950.8414862976,0,1
1370436720000,1370436779999,79951.35051815788,79951.35051815788,79946.33660503429,79948.11721980973,0,1
1370436780000,1370436839999,79949.05798482773,79949.05798482773,79945.38209196592,79948.09698733181,0,1
1370436840000,1370436899999,79947.55406722068,79952.07525391196,79947.55406722068,79949.75928611276,0,1
1370436900000,1370436959999,79949.66825458907,79955.06465504123,79949.66825458907,79953.74363193389,0,1
1370436960000,1370437019999,79952.94149704133,79956.58092052942,79952.82690108981,79954.53896266888,0,1
1370437020000,1370437079999,79955.64760208808,79956.54385900308,79953.91550961159,79953.98965201149,0,1
1370437080000,1370437139999,79954.61984021724,79956.03172203059,79951.17859638768,79951.85615329302,0,1
1370437140000,1370437199999,79952.41232241374,79954.23229602241,79951.70446543697,79953.2886473502,0,1
1370437200000,1370437259999,79953.92561997121,79954.333395956,79952.18311706866,79954.333395956,0,1
1370437260000,1370437319999,79953.53467862146,79953.7234108364,79946.55582661892,79947.61139558084,0,1
1370437320000,1370437379999,79947.7833786894,79949.0512413074,79947.30451641213,79948.09361524819,0,1
1370437380000,1370437439999,79950.01214710851,79955.8160775636,79950.01214710851,79955.57347197963,0,1
1370437440000,1370437499999,79954.88942732102,79955.90031423699,79954.05031356619,79954.05031356619,0,1
1370437500000,1370437559999,79954.01324265983,79955.63412392742,79952.3752454347,79952.3752454347,0,1
1370437560000,1370437619999,79954.45471452709,79957.71291552695,79954.01324265983,79956.43941214438,0,1
1370437620000,1370437679999,79957.14356501255,79958.42371593736,79955.13541921173,79956.08563242074,0,1
1370437680000,1370437739999,79954.8557293305,79957.70280899569,79954.68049794924,79956.61798191842,0,1
1370437740000,1370437799999,79957.23115950932,79957.23115950932,79955.55325458194,79956.6651507603,0,1
1370437800000,1370437859999,79956.47647405782,79957.3524429305,79954.65690887497,79954.65690887497,0,1
1370437860000,1370437919999,79955.4824933682,79955.92726982261,79953.21449975266,79953.21449975266,0,1
1370437920000,1370437979999,79952.5943346807,79953.30886932684,79949.53001994992,79950.83137281932,0,1
1370437980000,1370438039999,79951.22916192103,79951.22916192103,79947.76651773111,79949.45921610204,0,1
1370438040000,1370438099999,79949.38166845532,79950.86845552301,79947.753028944,79949.03438248672,0,1
1370438100000,1370438159999,79949.506418723,79951.62356430624,79947.3753355177,79951.62356430624,0,1
1370438160000,1370438219999,79952.51681134239,79952.51681134239,79948.92985716401,79949.81660183221,0,1
1370438220000,1370438279999,79948.73429072267,79948.9096263302,79946.14098787056,79946.14098787056,0,1
1370438280000,1370438339999,79945.5338757543,79946.52547314769,79944.52531360046,79945.50351918093,0,1
1370438340000,1370438399999,79945.8576734698,79947.39219713559,79945.43943277896,79946.3028782101,0,1
1370438400000,1370438459999,79946.51198268645,79947.10554576485,79945.65867403222,79945.65867403222,0,1
1370438460000,1370438519999,79946.58955259001,79946.58955259001,79946.53896359072,79946.53896359072,0,1
1370438520000,1370438579999,79946.01956839596,79946.61653328499,79941.35729470756,79941.35729470756,0,1
1370438580000,1370438639999,79941.6441108977,79944.42074113572,79941.35392035048,79943.16916000085,0,1
1370438640000,1370438699999,79943.01059272031,79944.85251715197,79942.6192244157,79943.35471426407,0,1
1370438700000,1370438759999,79943.82364514729,79944.68048362972,79942.99372371272,79943.92822385619,0,1
1370438760000,1370438819999,79943.17253374546,79943.99569341054,79941.74533817725,79942.38642048636,0,1
1370438820000,1370438879999,79941.70822162706,79945.23030587367,79939.51810128824,79944.50507385391,0,1
1370438880000,1370438939999,79943.94846477029,79944.18460574106,79939.59910041244,79939.87584246995,0,1
1370438940000,1370438999999,79939.99396174781,79940.89837169182,79933.99173689605,79940.12557872823,0,1
1370439000000,1370439059999,79941.39441256029,79941.39441256029,79924.26169740419,79927.04991599898,0,1
1370439060000,1370439119999,79925.97189699135,79928.96573194393,79922.02380088235,79927.09722451608,0,1
1370439120000,1370439179999,79927.56691836532,79931.39798525619,79920.75926933382,79930.1515293358,0,1
1370439180000,1370439239999,79933.77899353494,79944.48820736718,79932.13430084813,79943.8270186711,0,1
1370439240000,1370439299999,79942.90937824786,79946.64688647981,79939.7813460431,79946.41417629825,0,1
1370439300000,1370439359999,79945.54062164699,79947.91489318846,79941.43490460613,79941.43490460613,0,1
1370439360000,1370439419999,79941.64073663742,79944.72770881289,79935.91297589513,79938.7350759276,0,1
1370439420000,1370439479999,79942.30881797217,79944.20484613624,79937.0844466341,79942.2919477807,0,1
1370439480000,1370439539999,79942.99034990778,79956.42256577467,79942.38642048636,79953.04261002566,0,1
1370439540000,1370439599999,79956.02498321139,79956.59776663236,79949.10518934262,79950.91902262463,0,1
1370439600000,1370439659999,79949.39178339987,79949.39178339987,79939.8960915881,79944.31954093507,0,1
1370439660000,1370439719999,79944.66024419724,79950.54144875918,79938.78232919636,79949.97168977886,0,1
1370439720000,1370439779999,79950.05934711959,79950.05934711959,79942.89250906953,79945.64180949109,0,1
1370439780000,1370439839999,79946.2421696399,79956.52364356718,79946.13424238286,79955.9778113498,0,1
1370439840000,1370439899999,79956.15301999972,79965.93287965828,79953.91550961159,79965.0441966321,0,1
1370439900000,1370439959999,79964.8691436954,79965.71408245384,79960.16513184762,79961.45836638054,0,1
1370439960000,1370440019999,79960.8791257581,79963.15211592684,79957.95546921302,79962.80530786571,0,1
1370440020000,1370440079999,79961.65368414234,79968.25856633954,79959.28604102232,79968.25856633954,0,1
1370440080000,1370440139999,79969.20416847427,79972.56184781784,79968.30231503023,79968.30231503023,0,1
1370440140000,1370440199999,79967.45086381864,79974.26044446156,79967.45086381864,79973.1942303799,0,1
1370440200000,1370440259999,79973.09668461453,79977.89211875375,79973.09668461453,79975.7771651328,0,1
1370440260000,1370440319999,79975.57539737823,79976.76240585765,79973.02604743183,79973.02604743183,0,1
1370440320000,1370440379999,79973.91065804986,79976.1571500175,79967.9455893546,79969.08302871062,0,1
1370440380000,1370440439999,79968.31577612733,79972.91504513661,79966.14157406942,79972.91504513661,0,1
1370440440000,1370440499999,79968.51769040934,79973.2514119379,79968.12395378308,79973.2514119379,0,1
1370440500000,1370440559999,79972.37010690622,79977.92573920575,79972.37010690622,79976.19077630303,0,1
1370440560000,1370440619999,79974.6337606919,79976.03945712768,79971.61656314769,79971.61656314769,0,1
1370440620000,1370440679999,79971.36088361371,79971.36088361371,79956.27094717027,79958.10369356944,0,1
1370440680000,1370440739999,79957.27495646999,79960.33016327179,79957.27495646999,79959.74412098026,0,1
1370440740000,1370440799999,79959.60939375909,79959.60939375909,79954.81866140976,79956.2473618474,0,1
1370440800000,1370440859999,79956.85382390296,79969.80984528128,79953.5919727061,79969.80984528128,0,1
1370440860000,1370440919999,79971.46181052647,79974.80864278102,79967.4609605028,79969.79302142088,0,1
1370440920000,1370440979999,79969.32530677046,79969.32530677046,79952.06514168136,79954.68723767453,0,1
1370440980000,1370441039999,79956.15638936676,79962.25308379998,79956.15638936676,79959.31298748308,0,1
1370441040000,1370441099999,79958.2653903617,79968.63883702164,79958.2653903617,79967.98933941455,0,1
1370441100000,1370441159999,79968.42009901542,79974.60685548365,79965.83189692802,79967.21527162736,0,1
1370441160000,1370441219999,79966.50509586866,79968.35615930989,79958.88857229178,79964.37089933337,0,1
1370441220000,1370441279999,79963.76825980573,79963.76825980573,79954.07390407141,79955.93737814849,0,1
1370441280000,1370441339999,79955.85988072233,79956.03172203059,79948.69382822281,79949.86380276624,0,1
1370441340000,1370441399999,79950.68641183995,79950.74709343586,79943.96533216741,79947.07182153396,0,1
1370441400000,1370441459999,79947.99245221046,79947.99245221046,79942.06251035116,79946.2118152166,0,1
1370441460000,1370441519999,79945.3753459663,79947.22020729918,79943.06794713331,79946.09714211924,0,1
1370441520000,1370441579999,79945.24379806405,79950.56841879377,79941.7723319454,79950.56841879377,0,1
1370441580000,1370441639999,79951.1381437769,79953.123499677,79948.64324986775,79948.64324986775,0,1
1370441640000,1370441699999,79948.90288270982,79950.8010323231,79946.66712189185,79946.80876862962,0,1
1370441700000,1370441759999,79946.95041336103,79946.95041336103,79931.91814042466,79934.84941819233,0,1
1370441760000,1370441819999,79935.6226189857,79936.6962222559,79925.28244459878,79925.28244459878,0,1
1370441820000,1370441879999,79926.26591370066,79928.52313334953,79925.05261657097,79926.43150551312,0,1
1370441880000,1370441939999,79926.24901642275,79934.04576623533,79925.06275615418,79933.15086767993,0,1
1370441940000,1370441999999,79932.4416459053,79932.4416459053,79920.05931280185,79921.40507948851,0,1
1370442000000,1370442059999,79921.63499136128,79932.10728105073,79918.75733096384,79932.07350620131,0,1
1370442060000,1370442119999,79930.32043490205,79930.47244747246,79924.59632468605,79928.44542317773,0,1
1370442120000,1370442179999,79926.99584884827,79930.93860494663,79926.23549857987,79929.85762684957,0,1
1370442180000,1370442239999,79928.20891024334,79931.66144385283,79926.7322673022,79929.47587854024,0,1
1370442240000,1370442299999,79928.5940855877,79932.93810642893,79928.5569201924,79930.45555730099,0,1
1370442300000,1370442359999,79931.39798525619,79931.43851779976,79926.61399127332,79929.62790394944,0,1
1370442360000,1370442419999,79927.97239171497,79928.85423948732,79926.07666255729,79928.85423948732,0,1
1370442420000,1370442479999,79929.53668898126,79929.5535807048,79923.78170740952,79925.62717673687,0,1
1370442480000,1370442539999,79926.08680110218,79934.60292676979,79926.08680110218,79933.785747362,0,1
1370442540000,1370442599999,79934.44084690696,79941.46189921227,79934.44084690696,79941.46189921227,0,1
1370442600000,1370442659999,79940.26394342959,79940.49342212823,79934.15044724949,79937.19584736836,0,1
1370442660000,1370442719999,79938.1815210079,79941.69135042235,79937.3477554606,79938.61019121391,0,1
1370442720000,1370442779999,79938.28278334418,79943.9079829011,79938.08700856888,79940.90512071228,0,1
1370442780000,1370442839999,79941.47539648801,79943.62460522815,79938.13088945522,79938.76545305458,0,1
1370442840000,1370442899999,79939.39660137177,79943.68195611963,79939.20759856745,79940.7093972695,0,1
1370442900000,1370442959999,79940.29094119687,79951.62019341158,79940.29094119687,79949.91437494833,0,1
1370442960000,1370443019999,79948.91299813868,79950.34254250755,79933.81951642886,79936.7367333301,0,1
1370443020000,1370443079999,79935.58547970309,79938.63381817126,79928.79342489615,79928.79342489615,0,1
1370443080000,1370443139999,79932.06675121773,79940.75664120987,79931.41825154852,79938.96121454822,0,1
1370443140000,1370443199999,79939.99733656383,79940.37868343716,79935.48756638778,79935.8015608686,0,1
1370443200000,1370443259999,79935.29511328429,79944.93347307957,79933.43116527493,79944.93347307957,0,1
1370443260000,1370443319999,79943.05445200691,79943.8607538466,79935.1296681821,79935.55846922912,0,1
1370443320000,1370443379999,79934.53877047154,79939.06584411989,79933.08670206509,79933.08670206509,0,1
1370443380000,1370443439999,79931.88774249038,79944.21496631845,79931.88774249038,79944.21496631845,0,1
1370443440000,1370443499999,79942.14348886856,79943.4458032788,79936.31135886547,79937.36463399506,0,1
1370443500000,1370443559999,79936.34849545232,79940.56091486095,79935.19719712583,79939.8657178955,0,1
1370443560000,1370443619999,79939.00171644776,79942.36617641029,79934.05589670394,79934.05589670394,0,1
1370443620000,1370443679999,79933.16437617796,79936.55443220375,79926.44840248267,79928.00618041866,0,1
1370443680000,1370443739999,79928.77315328356,79932.30655034038,79916.64674576244,79921.09063263347,0,1
1370443740000,1370443799999,79917.76974077779,79917.76974077779,79907.58714178555,79910.03475467276,0,1
1370443800000,1370443859999,79906.4663887738,79909.90274104691,79900.42705910823,79908.70099841712,0,1
1370443860000,1370443919999,79907.42462345569,79908.59943608374,79899.94592368275,79901.7415928047,0,1
1370443920000,1370443979999,79902.90691116998,79905.95845329775,79898.17704376542,79905.95845329775,0,1
1370443980000,1370444039999,79906.47993336666,79911.56124719024,79905.79590849634,79908.46063255995,0,1
1370444040000,1370444099999,79909.03276151797,79914.47142983828,79909.03276151797,79910.20400036164,0,1
1370444100000,1370444159999,79910.39355213265,79911.49694289418,79907.92232749963,79908.25073088871,0,1
1370444160000,1370444219999,79909.00906451864,79909.00906451864,79902.93739732767,79903.67581142452,0,1
1370444220000,1370444279999,79902.88319964976,79907.64131397524,79901.65012311547,79901.65012311547,0,1
1370444280000,1370444339999,79900.69472302063,79911.39879343456,79900.69472302063,79908.50464364194,0,1
1370444340000,1370444399999,79907.98665478603,79912.04520836176,79907.89185653532,79908.33536918947,0,1
1370444400000,1370444459999,79909.48637896485,79909.48637896485,79899.00052679071,79899.00052679071,0,1
1370444460000,1370444519999,79897.98726028464,79905.98893015388,79897.98726028464,79904.6309267622,0,1
1370444520000,1370444579999,79903.07289023732,79905.0847439234,79899.1157412302,79899.34616612694,0,1
1370444580000,1370444639999,79900.21698874142,79900.21698874142,79889.1210360997,79889.55859826795,0,1
1370444640000,1370444699999,79888.46635307207,79889.50093613178,79883.8857651838,79888.57151230265,0,1
1370444700000,1370444759999,79889.36525920568,79889.36525920568,79880.52193844109,79884.94118293084,0,1
1370444760000,1370444819999,79885.70467938528,79886.1186397578,79881.03795708578,79882.24642286525,0,1
1370444820000,1370444879999,79881.77120093654,79884.00454766338,79875.93770926345,79878.01615356217,0,1
1370444880000,1370444939999,79877.49658298545,79884.10636009436,79876.96000464352,79879.16047198004,0,1
1370444940000,1370444999999,79879.76144137442,79883.04746014108,79878.93297696667,79881.05832569652,0,1
1370445000000,1370445059999,79881.4792676969,79881.4792676969,79877.08905776043,79879.94478077946,0,1
1370445060000,1370445119999,79880.24694394521,79885.9761307441,79879.61544648118,79885.55877123513,0,1
1370445120000,1370445179999,79886.47151047991,79889.4941523292,79885.94219972721,79887.79466480031,0,1
1370445180000,1370445239999,79889.2974200523,79891.12552432853,79887.28917266204,79890.32852552038,0,1
1370445240000,1370445299999,79889.32794772828,79891.64777845886,79887.2722093955,79887.80144975589,0,1
1370445300000,1370445359999,79887.21453407397,79894.6552957489,79886.23739571785,79890.85082127489,0,1
1370445360000,1370445419999,79892.31920798004,79894.54681028731,79890.01309993748,79894.02131717547,0,1
1370445420000,1370445479999,79893.70600805299,79896.1502411582,79889.70105623777,79890.47775566243,0,1
1370445480000,1370445539999,79891.8037711557,79891.8037711557,79886.26453973929,79886.3188275611,0,1
1370445540000,1370445599999,79886.77008367328,79890.97291245258,79886.77008367328,79890.97291245258,0,1
1370445600000,1370445659999,79889.2736762399,79890.59985139497,79885.99309620936,79888.92768857739,0,1
1370445660000,1370445719999,79888.26281593586,79891.52569552047,79883.94345970725,79884.21156518404,0,1
1370445720000,1370445779999,79883.94345970725,79889.0735475809,79883.94345970725,79887.95750246372,0,1
1370445780000,1370445839999,79887.62164687751,79894.24168861663,79887.62164687751,79889.73497450289,0,1
1370445840000,1370445899999,79889.46023324723,79894.16710190331,79889.46023324723,79892.11235823552,0,1
1370445900000,1370445959999,79892.22087011045,79893.4415475744,79890.16233478667,79892.51927169526,0,1
1370445960000,1370446019999,79892.08862110591,79896.51292665112,79892.08862110591,79892.36668108823,0,1
1370446020000,1370446079999,79892.8651351179,79896.0214337991,79892.30903514182,79896.0214337991,0,1
1370446080000,1370446139999,79896.41124045674,79898.1363761799,79893.4144230273,79896.03838223062,0,1
1370446140000,1370446199999,79895.29262406881,79897.52295337024,79890.56254452375,79893.43137587786,0,1
1370446200000,1370446259999,79891.21709033617,79891.21709033617,79887.57754379096,79887.57754379096,0,1
1370446260000,1370446319999,79887.71324497423,79891.53586915559,79887.43505556659,79891.34595959322,0,1
1370446320000,1370446379999,79891.4680447259,79892.44128123145,79887.62503941458,79888.09998324407,0,1
1370446380000,1370446439999,79888.87002280312,79892.93634080824,79888.87002280312,79890.73890305251,0,1
1370446440000,1370446499999,79890.57611067485,79890.57611067485,79882.96600165401,79884.23532101886,0,1
1370446500000,1370446559999,79884.11993500683,79887.17721457101,79881.12961550744,79887.17721457101,0,1
1370446560000,1370446619999,79888.12372984343,79889.1210360997,79886.24418173013,79888.09998324407,0,1
1370446620000,1370446679999,79888.13051457575,79888.13390694017,79885.80647450834,79886.37990100836,0,1
1370446680000,1370446739999,79886.61401243422,79892.5226625712,79886.61401243422,79891.10856756843,0,1
1370446740000,1370446799999,79892.74984863946,79902.95772138114,79891.4476973073,79902.95772138114,0,1
1370446800000,1370446859999,79902.59526956052,79902.59526956052,79895.60110350756,79896.43835687636,0,1
1370446860000,1370446919999,79897.37043909616,79901.01658785809,79894.73665907276,79901.01658785809,0,1
1370446920000,1370446979999,79900.22376527375,79901.02675184212,79896.31633240909,79898.22448907285,0,1
1370446980000,1370447039999,79899.14623894787,79900.7557087327,79897.34671444447,79899.73245477745,0,1
1370447040000,1370447099999,79898.7260399836,79900.71166353351,79897.38738524148,79900.71166353351,0,1
1370447100000,1370447159999,79900.77603722073,79906.08036016497,79899.14285031715,79904.77655690127,0,1
1370447160000,1370447219999,79903.42855039086,79905.3150313221,79903.11015046564,79903.11015046564,0,1
1370447220000,1370447279999,79903.34387054926,79904.75623654407,79900.02724397185,79903.12369960514,0,1
1370447280000,1370447339999,79904.11273720801,79906.06004245697,79903.65887593232,79904.18724977726,0,1
1370447340000,1370447399999,79904.85783791718,79904.85783791718,79901.77208251519,79901.77208251519,0,1
1370447400000,1370447459999,79901.38587264667,79901.38587264667,79895.88245557717,79896.58071687292,0,1
1370447460000,1370447519999,79895.94686035918,79897.73646944623,79894.77734048644,79895.86550688138,0,1
1370447520000,1370447579999,79896.71968539097,79901.27407226928,79896.71968539097,79901.18259830354,0,1
1370447580000,1370447639999,79901.88387732496,79903.04579180226,79900.77603722073,79901.46379338265,0,1
1370447640000,1370447699999,79902.61559430936,79902.61559430936,79896.00448533887,79897.35349292214,0,1
1370447700000,1370447759999,79897.9601480648,79897.9601480648,79894.10268565772,79896.2587092264,0,1
1370447760000,1370447819999,79896.52987424965,79898.6548755074,79891.96993461273,79892.65829666567,0,1
1370447820000,1370447879999,79891.35952468158,79892.83122746808,79883.09837135853,79883.09837135853,0,1
1370447880000,1370447939999,79880.66452520259,79885.00905164289,79878.15877605707,79884.1878092928,0,1
1370447940000,1370447999999,79883.00673098049,79884.5271738124,79880.49138387055,79883.91970317908,0,1
1370448000000,1370448059999,79882.58924751982,79886.59026224952,79882.42292811561,79884.64255512558,0,1
1370448060000,1370448119999,79884.21156518404,79884.21156518404,79878.03313253728,79878.68170780271,0,1
1370448120000,1370448179999,79880.97345621137,79880.97345621137,79875.49955067749,79879.91422444537,0,1
1370448180000,1370448239999,79880.56267772327,79881.75422830711,79877.68675574042,79881.61505165917,0,1
1370448240000,1370448299999,79882.3618304969,79884.59165176917,79879.52716946517,79879.52716946517,0,1
1370448300000,1370448359999,79879.73767490913,79879.73767490913,79868.54418451239,79871.00476928754,0,1
1370448360000,1370448419999,79872.34016472712,79873.10122636771,79870.257141815,79872.1329012992,0,1
1370448420000,1370448479999,79871.98339714333,79871.98339714333,79869.34632009685,79870.96059285433,0,1
1370448480000,1370448539999,79872.35715334221,79877.3709311453,79870.85864649444,79877.3709311453,0,1
1370448540000,1370448599999,79877.50677090329,79884.34052475182,79877.25546590018,79884.34052475182,0,1
1370448600000,1370448659999,79884.1131475529,79890.04023371208,79883.73304277968,79887.9710721493,0,1
1370448660000,1370448719999,79888.84627797588,79888.84627797588,79885.45358031786,79885.45358031786,0,1
1370448720000,1370448779999,79885.02941216668,79886.75651235788,79881.65239192559,79881.65239192559,0,1
1370448780000,1370448839999,79882.26339465933,79884.2726515024,79878.85827598283,79879.41512443802,0,1
1370448840000,1370448899999,79879.3641944652,79880.84445321442,79877.0517004505,79879.90064382248,0,1
1370448900000,1370448959999,79879.47624006301,79879.47624006301,79870.67514042751,79871.38535816732,0,1
1370448960000,1370449019999,79872.46248211151,79880.64076088353,79872.34696017663,79878.75301455845,0,1
1370449020000,1370449079999,79877.91427910615,79877.91427910615,79875.54370706379,79877.55771033681,0,1
1370449080000,1370449139999,79877.26905011585,79877.43885125495,79872.4522890533,79872.52024257852,0,1
1370449140000,1370449199999,79871.29700846833,79871.43972682487,79866.98731403645,79869.65220231387,0,1
1370449200000,1370449259999,79869.37351000613,79874.09323762037,79869.37351000613,79874.03548623837,0,1
1370449260000,1370449319999,79874.7352746376,79875.83581363107,79867.56522001131,79867.56522001131,0,1
1370449320000,1370449379999,79868.1125001735,79870.6309625381,79867.28307009008,79867.28307009008,0,1
1370449380000,1370449439999,79867.41904694955,79869.08461343976,79865.7770027266,79867.08250084738,0,1
1370449440000,1370449499999,79867.53122646669,79869.58422929644,79865.88240082626,79869.58422929644,0,1
1370449500000,1370449559999,79870.2197589741,79872.79205206184,79869.19337547962,79872.79205206184,0,1
1370449560000,1370449619999,79872.47607283965,79876.11432590007,79872.47607283965,79875.12930869035,0,1
1370449620000,1370449679999,79874.59260330716,79878.32516639693,79874.59260330716,79877.53733459454,0,1
1370449680000,1370449739999,79878.70208121339,79882.3788020951,79878.1248185047,79881.40798037862,0,1
1370449740000,1370449799999,79880.99043016601,79882.8709659138,79878.42703666718,79878.42703666718,0,1
1370449800000,1370449859999,79878.86506700442,79879.47624006301,79877.0517004505,79877.65958842542,0,1
1370449860000,1370449919999,79877.03811593955,79877.87692487889,79874.31744570723,79874.31744570723,0,1
1370449920000,1370449979999,79873.16577803851,79878.95334986542,79872.59159328304,79878.95334986542,0,1
1370449980000,1370450039999,79879.03484104536,79879.03484104536,79875.87657200862,79876.76302562247,0,1
1370450040000,1370450099999,79877.40149525173,79877.8939040904,79872.08533203752,79872.35035789963,0,1
1370450100000,1370450159999,79872.24842570696,79873.172572927,79866.25638511896,79866.25638511896,0,1
1370450160000,1370450219999,79866.25298532475,79869.04382736982,79865.10038847006,79868.42861730343,0,1
1370450220000,1370450279999,79868.74132549233,79869.08461343976,79865.85860135246,79865.85860135246,0,1
1370450280000,1370450339999,79864.36932161367,79864.36932161367,79859.01900591777,79863.46136418231,0,1
1370450340000,1370450399999,79864.0428745008,79864.54274230797,79858.56649575365,79859.98860160903,0,1
1370450400000,1370450459999,79860.33219015328,79865.19899339735,79858.3147143149,79862.75058342336,0,1
1370450460000,1370450519999,79862.30504436609,79863.47836788793,79857.73967617593,79860.09406073469,0,1
1370450520000,1370450579999,79860.51248436964,79863.43075743935,79859.05983289542,79863.06687009543,0,1
1370450580000,1370450639999,79862.5533243048,79863.7538238909,79857.52870714753,79859.44427876013,0,1
1370450640000,1370450699999,79858.36575160529,79859.19251942163,79856.4159420118,79858.84548940316,0,1
1370450700000,1370450759999,79858.52226433829,79860.91728406952,79858.42699600993,79860.47846684176,0,1
1370450760000,1370450819999,79860.71998878379,79863.95786048284,79860.36280638141,79861.89349828775,0,1
1370450820000,1370450879999,79862.62814718713,79862.62814718713,79853.20286093214,79853.85645258873,0,1
1370450880000,1370450939999,79854.01984382838,79855.72167718352,79847.54682826174,79850.32586899972,0,1
1370450940000,1370450999999,79849.04542656425,79854.02665173876,79848.14970048825,79853.25392431866,0,1
1370451000000,1370451059999,79853.39349624475,79853.69646274639,79848.03730333803,79848.11223491188,0,1
1370451060000,1370451119999,79847.65241867822,79850.9898636839,79846.73272277671,79850.20328054448,0,1
1370451120000,1370451179999,79849.1271618312,79849.94447775935,79845.97646499873,79847.84997194693,0,1
1370451180000,1370451239999,79847.08357971074,79847.59792053797,79840.61288832554,79841.34569393692,0,1
1370451240000,1370451299999,79840.5208577789,79845.14519677593,79839.52210145126,79843.87090559868,0,1
1370451300000,1370451359999,79843.22006858286,79851.74233769796,79842.1772780472,79850.97624372305,0,1
1370451360000,1370451419999,79850.21690155816,79851.20437562074,79847.2334565903,79850.61190288453,0,1
1370451420000,1370451479999,79850.5029385598,79852.78072694948,79848.06795723157,79851.71850454771,0,1
1370451480000,1370451539999,79852.75689627392,79852.75689627392,79846.56921242752,79850.39737823795,0,1
1370451540000,1370451599999,79848.99093601512,79851.786599112,79847.02567213295,79847.39014365354,0,1
1370451600000,1370451659999,79846.66118732792,79849.27019694087,79839.70277124875,79843.95949793796,0,1
1370451660000,1370451719999,79845.14178979678,79855.30645655666,79844.95440415524,79855.30645655666,0,1
1370451720000,1370451779999,79856.46698899391,79862.30844550279,79856.46698899391,79862.30844550279,0,1
1370451780000,1370451839999,79861.8798931695,79862.91382940649,79860.59072424458,79861.80506468829,0,1
1370451840000,1370451899999,79862.30844550279,79865.40980067023,79862.13838725103,79864.83177011536,0,1
1370451900000,1370451959999,79864.49513692666,79867.69099512168,79864.23330327841,79866.85813048668,0,1
1370451960000,1370452019999,79868.65635140859,79869.23076215763,79865.51180259397,79866.69494888051,0,1
1370452020000,1370452079999,79866.23598633637,79867.76917885242,79865.24999556445,79866.57936029835,0,1
1370452080000,1370452139999,79867.01111082413,79871.22564852623,79867.01111082413,79871.22564852623,0,1
1370452140000,1370452199999,79870.45424902876,79872.51344724678,79869.47207280755,79872.19066366991,0,1
1370452200000,1370452259999,79872.1329012992,79874.34122505796,79868.95205810427,79873.97094018145,0,1
1370452260000,1370452319999,79874.67073309739,79874.89832509424,79871.1780749486,79873.08423901667,0,1
1370452320000,1370452379999,79872.2552212188,79874.11022325749,79870.35569590752,79871.38875621707,0,1
1370452380000,1370452439999,79872.42170981629,79882.9184838968,79872.25861897299,79880.45743423823,0,1
1370452440000,1370452499999,79881.07529950712,79882.07670334035,79875.60144973628,79877.19094062367,0,1
1370452500000,1370452559999,79877.33357488835,79878.2674394498,79875.30593960511,79877.28603035951,0,1
1370452560000,1370452619999,79876.56943901103,79877.54412651324,79873.08084154298,79875.87657200862,0,1
1370452620000,1370452679999,79875.75089981096,79878.52890589969,79874.48729697187,79877.995778754,0,1
1370452680000,1370452739999,79877.55431438265,79882.69446857143,79877.55431438265,79880.39292961927,0,1
1370452740000,1370452799999,79881.24164132633,79882.3618304969,79878.71566346409,79879.54414587494,0,1
1370452800000,1370452859999,79879.7071179422,79881.59807876471,79879.58149387494,79879.86669218456,0,1
1370452860000,1370452919999,79879.02805013907,79881.85606365158,79876.76642184534,79877.48299907884,0,1
1370452920000,1370452979999,79878.20971216944,79878.70887234104,79875.15987964885,79877.06188882158,0,1
1370452980000,1370453039999,79876.26716470251,79878.18594201596,79875.71014092119,79875.71014092119,0,1
1370453040000,1370453099999,79876.35547050142,79882.453476785,79875.33651002364,79880.7256331923,0,1
1370453100000,1370453159999,79880.41329954388,79888.84967009751,79879.50000714963,79887.69628242703,0,1
1370453160000,1370453219999,79887.7437774867,79888.24924664616,79886.040599359,79886.77686932407,0,1
1370453220000,1370453279999,79885.69449981597,79887.76073995334,79882.69786278046,79883.11534170675,0,1
1370453280000,1370453339999,79880.73581782094,79883.1289179646,79877.12981103029,79883.1289179646,0,1
1370453340000,1370453399999,79882.59603600818,79882.59603600818,79879.27591523119,79881.12961550744,0,1
1370453400000,1370453459999,79881.35366589026,79882.21926793485,79876.53547606122,79876.53547606122,0,1
1370453460000,1370453519999,79877.37772317702,79880.62718124728,79876.19923663426,79879.9583613424,0,1
1370453520000,1370453579999,79878.54927962166,79881.52679229341,79878.54927962166,79880.72223831377,0,1
1370453580000,1370453639999,79880.80710993103,79882.42971671687,79877.35734706801,79880.94290302039,0,1
1370453640000,1370453699999,79880.60002191947,79882.60961297105,79878.98730460444,79881.33329788108,0,1
1370453700000,1370453759999,79880.34200462617,79882.70804540068,79879.75804616854,79881.19072065514,0,1
1370453760000,1370453819999,79882.3007325049,79882.3007325049,79877.35734706801,79877.35734706801,0,1
1370453820000,1370453879999,79877.03471980893,79877.03471980893,79872.24842570696,79872.24842570696,0,1
1370453880000,1370453939999,79871.75573879461,79876.5083056183,79871.02176017141,79876.5083056183,0,1
1370453940000,1370453999999,79875.57088012766,79879.68335134782,79875.30254288616,79879.68335134782,0,1
1370454000000,1370454059999,79879.97194188692,79882.66052641769,79877.65279658513,79880.63057615807,0,1
1370454060000,1370454119999,79882.13101390172,79887.20774872015,79881.89000853595,79886.40025874124,0,1
1370454120000,1370454179999,79887.9269706038,79894.80446133694,79887.9269706038,79892.07166597884,0,1
1370454180000,1370454239999,79893.21437722018,79893.9874134458,79887.89304620567,79889.32116380833,0,1
1370454240000,1370454299999,79889.29063611166,79891.22387297005,79888.12712221016,79889.53485507568,0,1
1370454300000,1370454359999,79889.11086000752,79892.44128123145,79889.11086000752,79890.66429020838,0,1
1370454360000,1370454419999,79889.72819085907,79891.48839210311,79888.05588226709,79888.05588226709,0,1
1370454420000,1370454479999,79889.168524393,79891.76307764329,79889.168524393,79890.12502628316,0,1
1370454480000,1370454539999,79891.074653962,79891.074653962,79880.38274464139,79880.76637164464,0,1
1370454540000,1370454599999,79882.41613950975,79884.12332873206,79878.7869699777,79880.41329954388,0,1
1370454600000,1370454659999,79880.45743423823,79880.80371508017,79876.39962310846,79877.05509657534,0,1
1370454660000,1370454719999,79878.69868564782,79879.95157106324,79874.30725453961,79874.30725453961,0,1
1370454720000,1370454779999,79875.22441803211,79876.4777387818,79873.68557367403,79873.99472035616,0,1
1370454780000,1370454839999,79873.71275178748,79878.03652832884,79873.71275178748,79878.03652832884,0,1
1370454840000,1370454899999,79877.94484155193,79878.14858880347,79874.48389997486,79874.48389997486,0,1
1370454900000,1370454959999,79873.70256000358,79873.76371055114,79868.20427714392,79868.75152233386,0,1
1370454960000,1370455019999,79868.37763134547,79870.87223940247,79865.29759735237,79865.29759735237,0,1
1370455020000,1370455079999,79864.27070850504,79871.0659363344,79863.47836788793,79866.16119044415,0,1
1370455080000,1370455139999,79865.14459079909,79868.46940588263,79865.02558408355,79868.45580970806,0,1
1370455140000,1370455199999,79867.89835063356,79869.02683312492,79866.69494888051,79866.69494888051,0,1
1370455200000,1370455259999,79866.42637335579,79873.09103396055,79866.42637335579,79870.6309625381,0,1
1370455260000,1370455319999,79871.09312156847,79873.15218824771,79869.05742274494,79869.46867410642,0,1
1370455320000,1370455379999,79868.8806814266,79870.72271639784,79860.6315448059,79861.7744528755,0,1
1370455380000,1370455439999,79861.77785419267,79868.81270316469,79861.77785419267,79867.24227667169,0,1
1370455440000,1370455499999,79866.48076898129,79874.6605422898,79866.08979384335,79872.48286819679,0,1
1370455500000,1370455559999,79871.86786967378,79875.81203783413,79869.71677625248,79869.71677625248,0,1
1370455560000,1370455619999,79870.78728342411,79870.87223940247,79867.98673036456,79868.78211279606,0,1
1370455620000,1370455679999,79869.33272511448,79875.85279630858,79868.85688908749,79871.08632526688,0,1
1370455680000,1370455739999,79870.2095636296,79874.88473765773,79868.7141338641,79874.88473765773,0,1
1370455740000,1370455799999,79873.57346317518,79875.5538969714,79871.08292711436,79871.91883783958,0,1
1370455800000,1370455859999,79872.01397772068,79872.66973870862,79868.69374009439,79872.64255776028,0,1
1370455860000,1370455919999,79871.20865798878,79872.17367477198,79868.86028799655,79870.30471977404,0,1
1370455920000,1370455979999,79870.77369040059,79870.77369040059,79862.99545139873,79862.99545139873,0,1
1370455980000,1370456039999,79863.94085759252,79867.44284270985,79862.42408346212,79867.44284270985,0,1
1370456040000,1370456099999,79867.31026560989,79871.0659363344,79865.13099010328,79867.54482389841,0,1
1370456100000,1370456159999,79867.70459233616,79867.99012956937,79864.97798100076,79865.63080352338,0,1
1370456160000,1370456219999,79866.03539609106,79868.89427702353,79862.07716557244,79862.07716557244,0,1
1370456220000,1370456279999,79863.13148657199,79866.00819710396,79862.19960855482,79863.65520471244,0,1
1370456280000,1370456339999,79862.77779127228,79864.73656187794,79861.78125550866,79862.77439029522,0,1
1370456340000,1370456399999,79862.65875638674,79866.02519647956,79861.68261687487,79866.02519647956,0,1
1370456400000,1370456459999,79865.78720259124,79866.30058233852,79858.40317878603,79860.2947701916,0,1
1370456460000,1370456519999,79861.21662120786,79861.96832610724,79858.89312168738,79860.76421047939,0,1
1370456520000,1370456579999,79859.96138617025,79861.95812234665,79858.95096058461,79858.95096058461,0,1
1370456580000,1370456639999,79859.63139308138,79860.44104742745,79855.79314784729,79855.89524790943,0,1
1370456640000,1370456699999,79854.97630982002,79855.69445012964,79848.82405686134,79850.07387998916,0,1
1370456700000,1370456759999,79846.38185353219,79848.68442114367,79845.39390311968,79847.32542538154,0,1
1370456760000,1370456819999,79846.8587601795,79851.89214477029,79845.90833085898,79850.42802489779,0,1
1370456820000,1370456879999,79851.38142962598,79854.03686359565,79850.67659989058,79852.37219322463,0,1
1370456880000,1370456939999,79851.86490728769,79851.86490728769,79847.32542538154,79847.32542538154,0,1
1370456940000,1370456999999,79847.0086404286,79847.0086404286,79836.4092959821,79839.90048162623,0,1
1370457000000,1370457059999,79839.66868285755,79842.24202964557,79834.63937209954,79834.63937209954,0,1
1370457060000,1370457119999,79833.83785843203,79840.64356498623,79833.83785843203,79839.66186516537,0,1
1370457120000,1370457179999,79836.55251311633,79843.37681854282,79836.55251311633,79842.25225354383,0,1
1370457180000,1370457239999,79841.49565683815,79848.45282589858,79840.3265682879,79846.89282406974,0,1
1370457240000,1370457299999,79846.55217994573,79847.5059542528,79845.09749896203,79845.7073324419,0,1
1370457300000,1370457359999,79845.86063668491,79848.46644929677,79844.76701500232,79848.46644929677,0,1
1370457360000,1370457419999,79847.01885945468,79854.9014296623,79847.01885945468,79853.67263425299,0,1
1370457420000,1370457479999,79853.81560436169,79854.20705967516,79851.3065225448,79853.08371201626,0,1
1370457480000,1370457539999,79852.59348439735,79852.59348439735,79848.80362248785,79850.28500634829,0,1
1370457540000,1370457599999,79851.05115327827,79852.60710215571,79848.67079804244,79852.60710215571,0,1
1370457600000,1370457659999,79851.70488557921,79851.86831197707,79848.25869045778,79848.88195402609,0,1
1370457660000,1370457719999,79848.60268225786,79852.51518192682,79848.5345660093,79850.59147216409,0,1
1370457720000,1370457779999,79850.37354188201,79855.45280677784,79850.37354188201,79853.61136072353,0,1
1370457780000,1370457839999,79852.60029327885,79854.49638636262,79850.979648715,79853.99601610555,0,1
1370457840000,1370457899999,79853.85985660013,79860.80503033253,79852.3755977413,79860.29136836996,0,1
1370457900000,1370457959999,79860.29817201209,79862.02274598791,79858.3793615054,79858.97137423318,0,1
1370457960000,1370458019999,79858.8488917167,79860.5737156282,79857.25988532382,79859.23674787248,0,1
1370458020000,1370458079999,79859.14829077518,79864.61755030644,79859.14829077518,79861.73703831038,0,1
1370458080000,1370458139999,79860.64515162265,79862.41728126621,79857.24627390002,79857.94043289265,0,1
1370458140000,1370458199999,79858.63794608827,79859.29458478224,79855.05118941703,79859.29458478224,0,1
1370458200000,1370458259999,79859.01220140529,79867.03490755516,79858.63794608827,79865.48460218271,0,1
1370458260000,1370458319999,79866.39917543207,79867.29666785923,79861.22002271477,79861.22002271477,0,1
1370458320000,1370458379999,79861.99213484148,79863.92385467328,79860.09746262345,79861.07715842868,0,1
1370458380000,1370458439999,79860.60092940053,79861.29145409242,79856.60651608216,79857.2768995775,0,1
1370458440000,1370458499999,79857.45044331164,79860.2743592444,79850.40078342702,79850.53017975228,0,1
1370458500000,1370458559999,79851.92278684952,79852.68540390651,79848.1190468453,79852.68540390651,0,1
1370458560000,1370458619999,79851.66743332021,79857.18502226367,79850.84004309407,79856.80048953129,0,1
1370458620000,1370458679999,79857.03189153135,79859.27757396115,79855.31666710672,79855.5685240411,0,1
1370458680000,1370458739999,79856.62012837679,79860.98871760973,79856.19133219478,79858.26367676402,0,1
1370458740000,1370458799999,79857.63078949125,79863.46816566803,79857.63078949125,79859.73005195014,0,1
1370458800000,1370458859999,79859.05643065365,79865.36899960939,79856.60311300562,79864.51893964564,0,1
1370458860000,1370458919999,79865.30779770602,79866.15439078984,79858.96456968828,79858.96456968828,0,1
1370458920000,1370458979999,79860.11107016692,79860.83904674955,79853.14498877888,79854.56105824218,0,1
1370458980000,1370459039999,79856.65075597195,79856.65075597195,79852.1883476032,79854.06069122117,0,1
1370459040000,1370459099999,79853.75092766093,79855.43238594533,79846.97457693289,79847.44804912082,0,1
1370459100000,1370459159999,79847.81591131695,79853.45136695988,79847.13126805244,79848.35405570667,0,1
1370459160000,1370459219999,79848.64695757061,79850.37013668368,79845.02935883321,79847.53660977515,0,1
1370459220000,1370459279999,79847.79206880696,79848.29615548546,79844.84197108485,79846.81447694873,0,1
1370459280000,1370459339999,79847.02567213295,79852.32793440243,79845.77206118673,79849.1373786926,0,1
1370459340000,1370459399999,79849.94107241489,79850.27819589015,79842.12615806809,79842.12615806809,0,1
1370459400000,1370459459999,79841.30820286022,79843.2336991117,79837.89592637,79839.89707285973,0,1
1370459460000,1370459519999,79840.33679414469,79842.09548595519,79838.70734238002,79841.90122705544,0,1
1370459520000,1370459579999,79842.12615806809,79846.74634851847,79839.99592661635,79846.69865834112,0,1
1370459580000,1370459639999,79847.38333122358,79852.5560354662,79844.77382921486,79852.5560354662,0,1
1370459640000,1370459699999,79853.19605246092,79857.18161938398,79851.25204431516,79855.27582484396,0,1
1370459700000,1370459759999,79855.83398799723,79863.46136418231,79855.83398799723,79857.66821942283,0,1
1370459760000,1370459819999,79857.18161938398,79859.48510400156,79855.46982410643,79856.98425038085,0,1
1370459820000,1370459879999,79857.55933196007,79867.28986897696,79857.55933196007,79862.80840001383,0,1
1370459880000,1370459939999,79863.78783027867,79863.86944513748,79858.27728680306,79858.2942993258,0,1
1370459940000,1370459999999,79857.27349672909,79860.30497564959,79856.95362380709,79858.84208708846,0,1
1370460000000,1370460059999,79858.70939591237,79858.91693774439,79849.05223786201,79850.34970546929,0,1
1370460060000,1370460119999,79850.92516870458,79850.92516870458,79843.28481342939,79848.62311704195,0,1
1370460120000,1370460179999,79847.77844449,79847.77844449,79841.29456970657,79845.48248196747,0,1
1370460180000,1370460239999,79845.12816186852,79849.99896311283,79839.62436777526,79848.80702821966,0,1
1370460240000,1370460299999,79849.01477566689,79858.29770182689,79849.01477566689,79857.35516477164,0,1
1370460300000,1370460359999,79857.90980924721,79865.06978674322,79857.16800785364,79863.55998527244,0,1
1370460360000,1370460419999,79864.5087384873,79864.5087384873,79857.88599079149,79861.19281062715,0,1
1370460420000,1370460479999,79859.97159196848,79865.62400350842,79859.20953038741,79863.09067621431,0,1
1370460480000,1370460539999,79862.51591265369,79867.88815292204,79862.51591265369,79865.49820239759,0,1
1370460540000,1370460599999,79864.64475307624,79873.09443143074,79864.24010423911,79868.84669235341,0,1
1370460600000,1370460659999,79870.44405392333,79873.88261332316,79868.77531492367,79869.3803074719,0,1
1370460660000,1370460719999,79868.43201635806,79870.15178981442,79862.62814718713,79867.58561608262,0,1
1370460720000,1370460779999,79865.1547913088,79867.8473619719,79863.47156640916,79864.11088519481,0,1
1370460780000,1370460839999,79864.0836809727,79864.57674601302,79858.82167317597,79862.114578865,0,1
1370460840000,1370460899999,79862.10437525364,79863.9544599071,79859.15849740326,79859.15849740326,0,1
1370460900000,1370460959999,79860.44104742745,79873.88601052444,79858.56309334403,79872.91436391902,0,1
1370460960000,1370461019999,79873.20994473109,79880.96666662143,79871.21885231472,79880.91234973604,0,1
1370461020000,1370461079999,79879.40833378996,79879.60865596915,79873.59724429512,79873.59724429512,0,1
1370461080000,1370461139999,79873.06045667671,79879.99570779545,79871.86447178683,79879.34382240345,0,1
1370461140000,1370461199999,79880.15188236059,79880.68149968164,79873.95055712956,79873.95055712956,0,1
1370461200000,1370461259999,79874.27668097444,79874.3242398132,79871.14409368315,79872.26541447791,0,1
1370461260000,1370461319999,79872.197459221,79872.197459221,79869.22736337449,79869.98186489406,0,1
1370461320000,1370461379999,79870.43046043326,79870.60377604762,79862.79819711039,79865.54920303867,0,1
1370461380000,1370461439999,79865.45740169745,79866.04219582629,79862.00573980702,79862.42068236474,0,1
1370461440000,1370461499999,79861.08396153622,79865.86880113388,79860.17230388345,79863.47836788793,0,1
1370461500000,1370461559999,79862.35266017454,79865.84500162773,79859.53273323925,79859.53273323925,0,1
1370461560000,1370461619999,79860.30157383141,79864.52914079357,79860.03622844866,79863.69261210151,0,1
1370461620000,1370461679999,79863.88304754918,79871.47030906484,79861.76424891708,79871.47030906484,0,1
1370461680000,1370461739999,79871.94262289471,79874.88813451858,79868.10570184591,79870.66154725156,0,1
1370461740000,1370461799999,79869.20017306785,79871.44992091526,79865.71920329708,79866.38557644248,0,1
1370461800000,1370461859999,79865.16499180812,79866.06939472092,79860.26075192311,79860.83564511305,0,1
1370461860000,1370461919999,79862.15879439394,79862.15879439394,79853.19605246092,79858.65495799745,0,1
1370461920000,1370461979999,79859.47489770684,79859.47489770684,79855.58554117275,79855.61617193677,0,1
1370461980000,1370462039999,79854.89121868827,79855.4970517719,79852.33814799417,79852.33814799417,0,1
1370462040000,1370462099999,79853.15520153615,79853.93814854226,79848.38811450374,79851.47336027688,0,1
1370462100000,1370462159999,79851.6333856903,79856.8072955489,79849.32468596833,79853.70327087694,0,1
1370462160000,1370462219999,79854.07771091891,79866.28698321484,79853.46498355006,79865.97419826603,0,1
1370462220000,1370462279999,79865.30779770602,79866.40257517659,79857.16460496817,79857.85196432774,0,1
1370462280000,1370462339999,79855.75911426159,79855.75911426159,79846.46361057275,79847.40376849953,0,1
1370462340000,1370462399999,79848.14288857572,79856.0279764318,79847.28455046764,79851.90235880713,0,1
1370462400000,1370462459999,79850.21009105364,79854.69720820046,79842.12275006018,79849.23954673247,0,1
1370462460000,1370462519999,79850.36673148417,79855.22817532659,79848.44260833776,79853.62838118605,0,1
1370462520000,1370462579999,79852.273461737,79854.90823697255,79852.273461737,79853.45817525728,0,1
1370462580000,1370462639999,79854.2104635672,79858.73321240697,79854.2104635672,79857.3959985428,0,1
1370462640000,1370462699999,79858.57330056942,79858.57330056942,79856.72902606674,79856.72902606674,0,1
1370462700000,1370462759999,79856.79368350905,79859.37283418658,79856.79368350905,79858.33512926231,0,1
1370462760000,1370462819999,79859.43747453703,79859.43747453703,79855.90545785832,79857.71245461592,0,1
1370462820000,1370462879999,79857.035294462,79857.85876962975,79856.68138347329,79857.38238730427,0,1
1370462880000,1370462939999,79856.60991915756,79861.3016585333,79856.60991915756,79861.3016585333,0,1
1370462940000,1370462999999,79862.25742833092,79862.25742833092,79860.64855332395,79860.8288418366,0,1
1370463000000,1370463059999,79861.2676436899,79862.48870409225,79861.2676436899,79861.99213484148,0,1
1370463060000,1370463119999,79860.96150489266,79863.59739301771,79860.15529455536,79863.31853191364,0,1
1370463120000,1370463179999,79863.84904148521,79863.84904148521,79861.81866990835,79861.86288674567,0,1
1370463180000,1370463239999,79862.69616750344,79865.6376035337,79862.69616750344,79863.96126105744,0,1
1370463240000,1370463299999,79865.28399686464,79866.11019292417,79856.82771357393,79859.1618996103,0,1
1370463300000,1370463359999,79859.1618996103,79859.1618996103,79859.1618996103,79859.1618996103,0,1
1370463360000,1370463419999,79859.1618996103,79859.1618996103,79859.1618996103,79859.1618996103,0,1
1370463420000,1370463479999,79859.1618996103,79859.1618996103,79859.1618996103,79859.1618996103,0,1
1370463480000,1370463539999,79859.1618996103,79859.1618996103,79859.1618996103,79859.1618996103,0,1
1370463540000,1370463599999,79859.1618996103,79859.1618996103,79859.1618996103,79859.1618996103,0,1
1370463600000,1370463659999,79859.1618996103,79859.1618996103,79859.1618996103,79859.1618996103,0,1
1370463660000,1370463719999,79859.1618996103,79859.1618996103,79859.1618996103,79859.1618996103,0,1
1370463720000,1370463779999,79859.1618996103,79859.1618996103,79859.1618996103,79859.1618996103,0,1
1370463780000,1370463839999,79859.1618996103,79859.1618996103,79859.1618996103,79859.1618996103,0,1
1370463840000,1370463899999,79859.1618996103,79859.1618996103,79859.1618996103,79859.1618996103,0,1
1370463900000,1370463959999,79859.1618996103,79859.1618996103,79859.1618996103,79859.1618996103,0,1
1370463960000,1370464019999,79859.1618996103,79859.1618996103,79859.1618996103,79859.1618996103,0,1
1370464020000,1370464079999,79859.1618996103,79859.1618996103,79859.1618996103,79859.1618996103,0,1
1370464080000,1370464139999,79859.1618996103,79859.1618996103,79859.1618996103,79859.1618996103,0,1
1370464140000,1370464199999,79859.1618996103,79859.1618996103,79859.1618996103,79859.1618996103,0,1
1370464200000,1370464259999,79859.1618996103,79859.1618996103,79859.1618996103,79859.1618996103,0,1
1370464260000,1370464319999,79859.1618996103,79859.1618996103,79859.1618996103,79859.1618996103,0,1
1370464320000,1370464379999,79859.1618996103,79859.1618996103,79859.1618996103,79859.1618996103,0,1
1370464380000,1370464439999,79859.1618996103,79859.1618996103,79859.1618996103,79859.1618996103,0,1
1370464440000,1370464499999,79859.1618996103,79859.1618996103,79859.1618996103,79859.1618996103,0,1
1370464500000,1370464559999,79859.1618996103,79859.1618996103,79859.1618996103,79859.1618996103,0,1
1370464560000,1370464619999,79859.1618996103,79859.1618996103,79859.1618996103,79859.1618996103,0,1
1370464620000,1370464679999,79859.1618996103,79859.1618996103,79859.1618996103,79859.1618996103,0,1
1370464680000,1370464739999,79859.1618996103,79859.1618996103,79859.1618996103,79859.1618996103,0,1
1370464740000,1370464799999,79859.1618996103,79859.1618996103,79859.1618996103,79859.1618996103,0,1
1370464800000,1370464859999,79859.1618996103,79859.1618996103,79859.1618996103,79859.1618996103,0,1
1370464860000,1370464919999,79859.1618996103,79859.1618996103,79859.1618996103,79859.1618996103,0,1
1370464920000,1370464979999,79859.1618996103,79859.1618996103,79859.1618996103,79859.1618996103,0,1
1370464980000,1370465039999,79859.1618996103,79859.1618996103,79859.1618996103,79859.1618996103,0,1
1370465040000,1370465099999,79859.1618996103,79859.1618996103,79859.1618996103,79859.1618996103,0,1
1370465100000,1370465159999,79859.1618996103,79859.1618996103,79859.1618996103,79859.1618996103,0,1
1370465160000,1370465219999,79859.1618996103,79859.1618996103,79859.1618996103,79859.1618996103,0,1
1370465220000,1370465279999,79859.1618996103,79859.1618996103,79859.1618996103,79859.1618996103,0,1
1370465280000,1370465339999,79859.1618996103,79859.1618996103,79859.1618996103,79859.1618996103,0,1
1370465340000,1370465399999,79859.1618996103,79859.1618996103,79859.1618996103,79859.1618996103,0,1
1370465400000,1370465459999,79859.1618996103,79859.1618996103,79859.1618996103,79859.1618996103,0,1
1370465460000,1370465519999,79859.1618996103,79859.1618996103,79859.1618996103,79859.1618996103,0,1
1370465520000,1370465579999,79859.1618996103,79859.1618996103,79859.1618996103,79859.1618996103,0,1
1370465580000,1370465639999,79859.1618996103,79859.1618996103,79859.1618996103,79859.1618996103,0,1
1370465640000,1370465699999,79859.1618996103,79859.1618996103,79859.1618996103,79859.1618996103,0,1
1370465700000,1370465759999,79859.1618996103,79859.1618996103,79859.1618996103,79859.1618996103,0,1
1370465760000,1370465819999,79859.1618996103,79859.1618996103,79859.1618996103,79859.1618996103,0,1
1370465820000,1370465879999,79859.1618996103,79859.1618996103,79859.1618996103,79859.1618996103,0,1
1370465880000,1370465939999,79859.1618996103,79859.1618996103,79859.1618996103,79859.1618996103,0,1
1370465940000,1370465999999,79859.1618996103,79859.1618996103,79859.1618996103,79859.1618996103,0,1
1370466000000,1370466059999,79859.1618996103,79859.1618996103,79859.1618996103,79859.1618996103,0,1
1370466060000,1370466119999,79859.1618996103,79859.1618996103,79859.1618996103,79859.1618996103,0,1
1370466120000,1370466179999,79859.1618996103,79859.1618996103,79859.1618996103,79859.1618996103,0,1
1370466180000,1370466239999,79859.1618996103,79859.1618996103,79859.1618996103,79859.1618996103,0,1
1370466240000,1370466299999,79859.1618996103,79859.1618996103,79859.1618996103,79859.1618996103,0,1
1370466300000,1370466359999,79859.1618996103,79859.1618996103,79859.1618996103,79859.1618996103,0,1
1370466360000,1370466419999,79859.1618996103,79859.1618996103,79859.1618996103,79859.1618996103,0,1
1370466420000,1370466479999,79859.1618996103,79859.1618996103,79859.1618996103,79859.1618996103,0,1
1370466480000,1370466539999,79859.1618996103,79859.1618996103,79859.1618996103,79859.1618996103,0,1
1370466540000,1370466599999,79859.1618996103,79859.1618996103,79859.1618996103,79859.1618996103,0,1
1370466600000,1370466659999,79859.1618996103,79859.1618996103,79859.1618996103,79859.1618996103,0,1
1370466660000,1370466719999,79859.1618996103,79859.1618996103,79859.1618996103,79859.1618996103,0,1
1370466720000,1370466779999,79859.1618996103,79859.1618996103,79859.1618996103,79859.1618996103,0,1
1370466780000,1370466839999,79859.1618996103,79859.1618996103,79859.1618996103,79859.1618996103,0,1
1370466840000,1370466899999,79859.1618996103,79859.1618996103,79859.1618996103,79859.1618996103,0,1
1370466900000,1370466959999,79859.1618996103,79859.1618996103,79859.1618996103,79859.1618996103,0,1
1370466960000,1370467019999,79859.1618996103,79859.1618996103,79859.1618996103,79859.1618996103,0,1
1370467020000,1370467079999,79859.1618996103,79859.1618996103,79859.1618996103,79859.1618996103,0,1
1370467080000,1370467139999,79859.1618996103,79859.1618996103,79859.1618996103,79859.1618996103,0,1
1370467140000,1370467199999,79859.1618996103,79859.1618996103,79859.1618996103,79859.1618996103,0,1
1370467200000,1370467259999,79859.1618996103,79859.1618996103,79859.1618996103,79859.1618996103,0,1
1370467260000,1370467319999,79859.1618996103,79859.1618996103,79859.1618996103,79859.1618996103,0,1
1370467320000,1370467379999,79859.1618996103,79859.1618996103,79859.1618996103,79859.1618996103,0,1
1370467380000,1370467439999,79859.1618996103,79859.1618996103,79859.1618996103,79859.1618996103,0,1
1370467440000,1370467499999,79859.1618996103,79859.1618996103,79859.1618996103,79859.1618996103,0,1
1370467500000,1370467559999,79859.1618996103,79859.1618996103,79859.1618996103,79859.1618996103,0,1
1370467560000,1370467619999,79859.1618996103,79859.1618996103,79859.1618996103,79859.1618996103,0,1
1370467620000,1370467679999,79859.1618996103,79859.1618996103,79859.1618996103,79859.1618996103,0,1
1370467680000,1370467739999,79859.1618996103,79859.1618996103,79859.1618996103,79859.1618996103,0,1
1370467740000,1370467799999,79859.1618996103,79859.1618996103,79859.1618996103,79859.1618996103,0,1
1370467800000,1370467859999,79859.1618996103,79859.1618996103,79859.1618996103,79859.1618996103,0,1
1370467860000,1370467919999,79859.1618996103,79859.1618996103,79859.1618996103,79859.1618996103,0,1
1370467920000,1370467979999,79859.1618996103,79859.1618996103,79859.1618996103,79859.1618996103,0,1
1370467980000,1370468039999,79859.1618996103,79859.1618996103,79859.1618996103,79859.1618996103,0,1
1370468040000,1370468099999,79859.1618996103,79859.1618996103,79859.1618996103,79859.1618996103,0,1
1370468100000,1370468159999,79859.1618996103,79859.1618996103,79859.1618996103,79859.1618996103,0,1
1370468160000,1370468219999,79859.1618996103,79859.1618996103,79859.1618996103,79859.1618996103,0,1
1370468220000,1370468279999,79859.1618996103,79859.1618996103,79859.1618996103,79859.1618996103,0,1
1370468280000,1370468339999,79859.1618996103,79859.1618996103,79859.1618996103,79859.1618996103,0,1
1370468340000,1370468399999,79859.1618996103,79859.1618996103,79859.1618996103,79859.1618996103,0,1
1370468400000,1370468459999,79859.1618996103,79859.1618996103,79859.1618996103,79859.1618996103,0,1
1370468460000,1370468519999,79859.1618996103,79859.1618996103,79859.1618996103,79859.1618996103,0,1
1370468520000,1370468579999,79859.1618996103,79859.1618996103,79859.1618996103,79859.1618996103,0,1
1370468580000,1370468639999,79859.1618996103,79859.1618996103,79859.1618996103,79859.1618996103,0,1
1370468640000,1370468699999,79859.1618996103,79859.1618996103,79859.1618996103,79859.1618996103,0,1
1370468700000,1370468759999,79859.1618996103,79859.1618996103,79859.1618996103,79859.1618996103,0,1
1370468760000,1370468819999,79859.1618996103,79859.1618996103,79859.1618996103,79859.1618996103,0,1
1370468820000,1370468879999,79859.1618996103,79859.1618996103,79859.1618996103,79859.1618996103,0,1
1370468880000,1370468939999,79859.1618996103,79859.1618996103,79859.1618996103,79859.1618996103,0,1
1370468940000,1370468999999,79859.1618996103,79859.1618996103,79859.1618996103,79859.1618996103,0,1
1370469000000,1370469059999,79859.1618996103,79859.1618996103,79859.1618996103,79859.1618996103,0,1
1370469060000,1370469119999,79859.1618996103,79859.1618996103,79859.1618996103,79859.1618996103,0,1
1370469120000,1370469179999,79859.1618996103,79859.1618996103,79859.1618996103,79859.1618996103,0,1
1370469180000,1370469239999,79859.1618996103,79859.1618996103,79859.1618996103,79859.1618996103,0,1
1370469240000,1370469299999,79859.1618996103,79859.1618996103,79859.1618996103,79859.1618996103,0,1
1370469300000,1370469359999,79859.1618996103,79859.1618996103,79859.1618996103,79859.1618996103,0,1
1370469360000,1370469419999,79859.1618996103,79859.1618996103,79859.1618996103,79859.1618996103,0,1
1370469420000,1370469479999,79859.1618996103,79859.1618996103,79859.1618996103,79859.1618996103,0,1
1370469480000,1370469539999,79859.1618996103,79859.1618996103,79859.1618996103,79859.1618996103,0,1
1370469540000,1370469599999,79859.1618996103,79859.1618996103,79859.1618996103,79859.1618996103,0,1
1370469600000,1370469659999,79859.14148635067,79863.66200606633,79859.14148635067,79863.66200606633,0,1
1370469660000,1370469719999,79863.42395592819,79865.6376035337,79863.42395592819,79865.04938553995,0,1
1370469720000,1370469779999,79865.30439758928,79865.30439758928,79864.82156927613,79865.06298634675,0,1
1370469780000,1370469839999,79865.22279444103,79865.7260032473,79865.06978674322,79865.06978674322,0,1
1370469840000,1370469899999,79865.28059673983,79865.69200344993,79862.32885229865,79862.60093893106,0,1
1370469900000,1370469959999,79863.60759510577,79863.60759510577,79857.79071640124,79858.40658125006,0,1
1370469960000,1370470019999,79857.51849885586,79858.91013316247,79857.05911494404,79857.05911494404,0,1
1370470020000,1370470079999,79858.59031258858,79858.64475085541,79856.93320603913,79857.13397894677,0,1
1370470080000,1370470139999,79857.0693237047,79857.16120208154,79856.90257930904,79857.16120208154,0,1
1370470140000,1370470199999,79857.37898449173,79857.5899566788,79856.89917633325,79856.89917633325,0,1
1370470200000,1370470259999,79856.68138347329,79856.78007145067,79854.89802600547,79855.74550079486,0,1
1370470260000,1370470319999,79856.05179931343,79857.73627348497,79854.55765446948,79854.71422681492,0,1
1370470320000,1370470379999,79854.77549358712,79854.89462234745,79854.77549358712,79854.80612683247,0,1
1370470380000,1370470439999,79854.99332795948,79854.99332795948,79854.89121868827,79854.89121868827,0,1
1370470440000,1370470499999,79854.17302069099,79854.94908073664,79852.29729356464,79853.24030744108,0,1
1370470500000,1370470559999,79853.05647777901,79854.41129114703,79852.26665263296,79854.06069122117,0,1
1370470560000,1370470619999,79855.14308633796,79859.26736745461,79854.78910837442,79858.47463028756,0,1
1370470620000,1370470679999,79858.49504490852,79859.1516929857,79857.17481362112,79857.25988532382,0,1
1370470680000,1370470739999,79857.53551266954,79857.85536697933,79856.97063858186,79856.97063858186,0,1
1370470740000,1370470799999,79857.44363773175,79857.55592920775,79856.90938525717,79857.26328817687,0,1
1370470800000,1370470859999,79858.40998371293,79858.40998371293,79857.59335941954,79858.22965158538,0,1
1370470860000,1370470919999,79858.36234912738,79858.36234912738,79858.0867445709,79858.0867445709,0,1
1370470920000,1370470979999,79858.14118557914,79858.24666418918,79858.14118557914,79858.1445881323,0,1
1370470980000,1370471039999,79858.30450682556,79860.76761214019,79858.30450682556,79860.76761214019,0,1
1370471040000,1370471099999,79861.9547210908,79864.36252074085,79861.9547210908,79863.036262145,0,1
1370471100000,1370471159999,79863.58038951448,79864.01907064862,79862.82880578948,79862.94443773165,0,1
1370471160000,1370471219999,79862.51591265369,79863.8898487481,79862.51591265369,79863.66540674152,0,1
1370471220000,1370471279999,79862.41728126621,79862.59413685548,79860.68937364919,79860.68937364919,0,1
1370471280000,1370471339999,79861.3186659116,79861.3186659116,79860.6213396812,79860.6213396812,0,1
1370471340000,1370471399999,79861.07035531654,79861.98533235177,79860.86966142591,79861.87649188706,0,1
1370471400000,1370471459999,79861.87649188706,79861.87649188706,79861.87649188706,79861.87649188706,0,1
1370471460000,1370471519999,79861.87649188706,79861.87649188706,79861.87649188706,79861.87649188706,0,1
1370471520000,1370471579999,79861.87649188706,79861.87649188706,79861.87649188706,79861.87649188706,0,1
1370471580000,1370471639999,79861.6622087602,79861.68261687487,79861.6622087602,79861.68261687487,0,1
1370471640000,1370471699999,79861.7744528755,79862.13838725103,79861.7744528755,79862.13838725103,0,1
1370471700000,1370471759999,79862.13838725103,79862.13838725103,79862.13838725103,79862.13838725103,0,1
1370471760000,1370471819999,79861.82547251142,79861.82547251142,79861.82547251142,79861.82547251142,0,1
1370471820000,1370471879999,79861.82547251142,79861.82547251142,79861.82547251142,79861.82547251142,0,1
1370471880000,1370471939999,79862.05335704064,79862.55672535705,79861.85948545743,79862.55672535705,0,1
1370471940000,1370471999999,79863.40355136695,79863.65520471244,79863.31853191364,79863.65520471244,0,1
1370472000000,1370472059999,79863.57018739867,79863.60419441092,79863.30492873404,79863.48516936209,0,1
1370472060000,1370472119999,79863.34233743344,79863.34233743344,79863.34233743344,79863.34233743344,0,1
1370472120000,1370472179999,79863.36274211957,79863.6824101002,79862.50230838222,79863.08727534366,0,1
1370472180000,1370472239999,79863.45116194506,79863.48857009743,79862.53631902619,79862.6825634772,0,1
1370472240000,1370472299999,79862.5703295545,79863.52597810984,79862.43768783999,79862.43768783999,0,1
1370472300000,1370472359999,79862.82540482977,79863.53277955162,79862.82540482977,79863.53277955162,0,1
1370472360000,1370472419999,79863.04986569009,79863.19270179622,79863.04986569009,79863.06687009543,0,1
1370472420000,1370472479999,79863.07707272474,79863.66880741557,79862.2744340838,79863.66880741557,0,1
1370472480000,1370472539999,79863.50557375679,79863.50557375679,79863.36954367236,79863.36954367236,0,1
1370472540000,1370472599999,79863.12128399817,79863.12128399817,79861.71322896879,79861.77105155718,0,1
1370472600000,1370472659999,79861.59418141047,79862.79479614027,79861.53295640007,79862.79479614027,0,1
1370472660000,1370472719999,79862.92403219195,79863.67220808845,79862.92403219195,79863.67220808845,0,1
1370472720000,1370472779999,79863.58379021744,79864.62775135378,79863.34233743344,79864.24010423911,0,1
1370472780000,1370472839999,79863.6824101002,79863.76742645989,79863.55998527244,79863.6382013075,0,1
1370472840000,1370472899999,79863.07027097302,79863.63480062305,79862.62814718713,79863.47836788793,0,1
1370472900000,1370472959999,79863.48857009743,79863.59739301771,79863.48857009743,79863.58038951448,0,1
1370472960000,1370473019999,79863.45796343773,79863.47496714912,79862.60774100201,79863.47496714912,0,1
1370473020000,1370473079999,79863.07367184946,79863.45796343773,79862.41047906571,79863.45796343773,0,1
1370473080000,1370473139999,79862.90022567635,79862.90022567635,79862.62474615917,79862.62474615917,0,1
1370473140000,1370473199999,79862.93083404316,79862.93083404316,79862.93083404316,79862.93083404316,0,1
1370473200000,1370473259999,79862.69616750344,79862.79139516898,79862.36286353256,79862.36286353256,0,1
1370473260000,1370473319999,79862.98864959148,79865.3451989137,79862.57373060095,79865.3451989137,0,1
1370473320000,1370473379999,79865.70220340128,79865.70220340128,79865.54920303867,79865.54920303867,0,1
1370473380000,1370473439999,79865.63080352338,79865.7260032473,79865.37579979775,79865.7260032473,0,1
1370473440000,1370473499999,79865.6750035079,79865.6750035079,79863.76402581939,79863.76402581939,0,1
1370473500000,1370473559999,79863.69261210151,79863.98506504722,79863.00565410091,79863.30492873404,0,1
1370473560000,1370473619999,79863.06346921668,79863.06346921668,79862.95464048588,79862.95464048588,0,1
1370473620000,1370473679999,79863.11788313792,79863.67220808845,79863.11788313792,79863.67220808845,0,1
1370473680000,1370473739999,79863.68581076845,79863.68581076845,79863.68581076845,79863.68581076845,0,1
1370473740000,1370473799999,79862.59073581595,79863.58379021744,79862.59073581595,79863.58379021744,0,1
1370473800000,1370473859999,79864.00546842195,79864.00546842195,79864.00546842195,79864.00546842195,0,1
1370473860000,1370473919999,79863.91365290787,79864.11768623877,79863.91365290787,79864.11768623877,0,1
1370473920000,1370473979999,79864.0428745008,79865.08338752227,79863.76402581939,79864.82156927613,0,1
1370473980000,1370474039999,79864.89637518881,79864.89637518881,79864.17889542626,79864.31151404725,0,1
1370474040000,1370474099999,79864.19589791185,79864.34211809463,79864.0564766766,79864.16529341698,0,1
1370474100000,1370474159999,79864.3863237755,79864.60054853775,79864.11768623877,79864.57674601302,0,1
1370474160000,1370474219999,79864.2809099062,79865.28739698831,79864.06667829632,79864.06667829632,0,1
1370474220000,1370474279999,79864.06667829632,79864.06667829632,79864.06667829632,79864.06667829632,0,1
1370474280000,1370474339999,79864.06667829632,79864.06667829632,79864.06667829632,79864.06667829632,0,1
1370474340000,1370474399999,79864.06667829632,79864.06667829632,79864.06667829632,79864.06667829632,0,1
1370474400000,1370474459999,79864.43392967484,79864.43392967484,79863.90005053779,79864.18569642397,0,1
1370474460000,1370474519999,79864.00886898035,79864.36592117784,79863.72321804306,79863.72321804306,0,1
1370474520000,1370474579999,79863.72321804306,79863.72321804306,79863.72321804306,79863.72321804306,0,1
1370474580000,1370474639999,79863.95105933018,79863.95105933018,79862.444490022,79862.444490022,0,1
1370474640000,1370474699999,79862.78799419655,79862.99545139873,79862.38327021738,79862.38327021738,0,1
1370474700000,1370474759999,79862.60433996712,79863.81163468129,79862.60433996712,79863.47836788793,0,1
1370474760000,1370474819999,79863.47836788793,79863.47836788793,79863.47836788793,79863.47836788793,0,1
1370474820000,1370474879999,79863.47836788793,79863.47836788793,79863.47836788793,79863.47836788793,0,1
1370474880000,1370474939999,79864.16869392103,79864.16869392103,79864.16869392103,79864.16869392103,0,1
1370474940000,1370474999999,79863.71981738751,79864.64815341725,79863.71981738751,79863.83543902726,0,1
1370475000000,1370475059999,79863.54638242128,79863.96466163087,79863.54638242128,79863.96466163087,0,1
1370475060000,1370475119999,79863.54638242128,79863.54638242128,79863.48857009743,79863.48857009743,0,1
1370475120000,1370475179999,79863.6382013075,79863.6382013075,79863.35594056215,79863.35594056215,0,1
1370475180000,1370475239999,79863.35594056215,79863.35594056215,79863.35594056215,79863.35594056215,0,1
1370475240000,1370475299999,79863.87964694799,79863.87964694799,79863.87964694799,79863.87964694799,0,1
1370475300000,1370475359999,79863.5429817056,79864.44073049909,79863.50217302723,79864.26390756515,0,1
1370475360000,1370475419999,79863.87964694799,79864.0836809727,79863.87964694799,79864.0836809727,0,1
1370475420000,1370475479999,79864.0836809727,79864.0836809727,79864.0836809727,79864.0836809727,0,1
1370475480000,1370475539999,79864.33191675591,79864.33191675591,79863.96466163087,79863.96466163087,0,1
1370475540000,1370475599999,79863.96466163087,79864.46793374988,79863.47836788793,79863.72661869744,0,1
1370475600000,1370475659999,79863.79803217245,79863.8014328014,79863.79803217245,79863.8014328014,0,1
1370475660000,1370475719999,79863.97826391307,79863.97826391307,79863.97826391307,79863.97826391307,0,1
1370475720000,1370475779999,79864.04967559101,79864.04967559101,79864.04967559101,79864.04967559101,0,1
1370475780000,1370475839999,79864.31151404725,79864.43392967484,79863.10768055024,79863.10768055024,0,1
1370475840000,1370475899999,79863.70281409244,79863.84224025854,79863.58719091924,79863.58719091924,0,1
1370475900000,1370475959999,79864.13128831281,79864.86577283761,79863.36614289656,79864.17549492567,0,1
1370475960000,1370476019999,79864.19929840551,79865.23979515184,79863.79463154235,79865.16499180812,0,1
1370476020000,1370476079999,79865.17179213522,79865.17179213522,79864.06667829632,79864.20949987952,0,1
1370476080000,1370476139999,79865.3791998902,79865.51520264018,79865.00518279009,79865.23639501199,0,1
1370476140000,1370476199999,79865.30439758928,79865.31799804924,79864.39652505872,79864.39652505872,0,1
1370476200000,1370476259999,79864.43733008753,79865.53220285386,79864.43733008753,79865.31459793598,0,1
1370476260000,1370476319999,79865.05618594566,79866.59635870306,79865.05618594566,79866.17138991694,0,1
1370476320000,1370476379999,79866.84113252694,79868.54418451239,79865.95719880372,79867.1572898489,0,1
1370476380000,1370476439999,79867.068902787,79867.95953668437,79866.90232504679,79867.35445817185,0,1
1370476440000,1370476499999,79867.02810849494,79867.41564755059,79866.09999338895,79867.41564755059,0,1
1370476500000,1370476559999,79867.1130964156,79867.19128466469,79867.1130964156,79867.19128466469,0,1
1370476560000,1370476619999,79867.23547775245,79867.23547775245,79865.14799097014,79865.42000090942,0,1
1370476620000,1370476679999,79865.80420234252,79866.36857767947,79865.77020281105,79866.28358343104,0,1
1370476680000,1370476739999,79865.9537989078,79866.19858846019,79865.82460200593,79865.82460200593,0,1
1370476740000,1370476799999,79866.21898731908,79866.21898731908,79865.4812021261,79865.4812021261,0,1
1370476800000,1370476859999,79865.40300050497,79866.02519647956,79865.07318693971,79865.79060254381,0,1
1370476860000,1370476919999,79866.23598633637,79867.99012956937,79866.23598633637,79866.81733533478,0,1
1370476920000,1370476979999,79866.92612203669,79868.75832022243,79866.87512841752,79867.13349340908,0,1
1370476980000,1370477039999,79867.28986897696,79867.28986897696,79866.03199622172,79866.03199622172,0,1
1370477040000,1370477099999,79867.24567612958,79867.70799163688,79866.96351719215,79866.96351719215,0,1
1370477100000,1370477159999,79867.2864695341,79868.45580970806,79867.09609888925,79868.28245686175,0,1
1370477160000,1370477219999,79869.10840523704,79869.42109216949,79866.8955258964,79868.21447453309,0,1
1370477220000,1370477279999,79868.57477560885,79869.32592761637,79867.93574215354,79869.32592761637,0,1
1370477280000,1370477339999,79869.2919400565,79869.77115398263,79868.45241066151,79868.90787260198,0,1
1370477340000,1370477399999,79868.98944568448,79869.75076236847,79868.72772968745,79869.75076236847,0,1
1370477400000,1370477459999,79869.6589995902,79869.6589995902,79868.59516962117,79869.41429473144,0,1
1370477460000,1370477519999,79869.47207280755,79869.78814696264,79868.64275548817,79868.96565360416,0,1
1370477520000,1370477579999,79869.48566760047,79869.74736376206,79868.97245134717,79869.23076215763,0,1
1370477580000,1370477639999,79869.15938746923,79869.77455258093,79869.15938746923,79869.53324923015,0,1
1370477640000,1370477699999,79869.53664790932,79869.75416097371,79869.00983885114,79869.59442527851,0,1
1370477700000,1370477759999,79868.86368690444,79870.7668938819,79868.86368690444,79870.30811819102,0,1
1370477760000,1370477819999,79869.97846636618,79869.97846636618,79868.5679775955,79868.98604681934,0,1
1370477820000,1370477879999,79868.83309669179,79868.83309669179,79867.52782710588,79868.24506663818,0,1
1370477880000,1370477939999,79868.62915954928,79870.80767292474,79868.62576056167,79869.89690135107,0,1
1370477940000,1370477999999,79870.34889910473,79871.43293075885,79869.9410824835,79870.2843292479,0,1
1370478000000,1370478059999,79870.7668938819,79872.4251075139,79870.31151660685,79872.4251075139,0,1
1370478060000,1370478119999,79871.35137760623,79872.34696017663,79871.18487118783,79872.34696017663,0,1
1370478120000,1370478179999,79872.50325424051,79872.50325424051,79870.70912328656,79871.88146121007,0,1
1370478180000,1370478239999,79871.1542880749,79873.87921612072,79870.8416553334,79871.87806332772,0,1
1370478240000,1370478299999,79872.3775396422,79872.3775396422,79872.04116037762,79872.04116037762,0,1
1370478300000,1370478359999,79872.18386811421,79872.44549367538,79871.14749181489,79871.96640789327,0,1
1370478360000,1370478419999,79871.94941861437,79873.6176280672,79871.85088022746,79871.85088022746,0,1
1370478420000,1370478479999,79870.77369040059,79872.29259645136,79870.37608628816,79870.37608628816,0,1
1370478480000,1370478539999,79870.79747817962,79872.09892327823,79870.45085066144,79871.41254253304,0,1
1370478540000,1370478599999,79871.19846365244,79871.19846365244,79868.99964227302,79869.672594129,0,1
1370478600000,1370478659999,79869.29533881768,79870.49163099308,79868.5679775955,79868.5679775955,0,1
1370478660000,1370478719999,79868.40482388873,79868.40482388873,79866.75274267056,79867.27287175109,0,1
1370478720000,1370478779999,79868.87728252448,79870.27073554067,79868.76851704664,79869.45847799614,0,1
1370478780000,1370478839999,79869.13899460755,79870.24014963192,79868.61896258299,79868.792309596,0,1
1370478840000,1370478899999,79869.16278627547,79869.69638452743,79868.87728252448,79868.87728252448,0,1
1370478900000,1370478959999,79869.16278627547,79869.47887020632,79868.48640107486,79869.3531175811,0,1
1370478960000,1370479019999,79869.27494623324,79870.48823263847,79869.27494623324,79870.09061717572,0,1
1370479020000,1370479079999,79870.33190707756,79871.5008912113,79869.92069121587,79870.19257136567,0,1
1370479080000,1370479139999,79870.7770886582,79870.7770886582,79869.83232857559,79870.4372571806,0,1
1370479140000,1370479199999,79870.8756376266,79871.46351301961,79870.27073554067,79870.52221613268,0,1
1370479200000,1370479259999,79871.15768620318,79871.15768620318,79869.59102661897,79870.56979283056,0,1
1370479260000,1370479319999,79871.46691104281,79872.2416301905,79870.68193700856,79871.29361038741,0,1
1370479320000,1370479379999,79870.85864649444,79872.2416301905,79870.24354807084,79870.99457474335,0,1
1370479380000,1370479439999,79870.93340725999,79871.60283102399,79870.63775914918,79871.60283102399,0,1
1370479440000,1370479499999,79871.90184847984,79872.40472131089,79870.9198144351,79872.40472131089,0,1
1370479500000,1370479559999,79872.3673464974,79872.44549367538,79871.37516401111,79872.28580096492,0,1
1370479560000,1370479619999,79872.39113048578,79872.4251075139,79871.88825697127,79872.24502794932,0,1
1370479620000,1370479679999,79871.99359067951,79873.37981480766,79871.02855651689,79872.22124361344,0,1
1370479680000,1370479739999,79870.94360186653,79872.26201672602,79870.49502934655,79872.10911669665,0,1
1370479740000,1370479799999,79872.25182346346,79872.42170981629,79870.85864649444,79870.91641622598,0,1
1370479800000,1370479859999,79870.85864649444,79871.24603713308,79870.4644441238,79870.77029214182,0,1
1370479860000,1370479919999,79870.91301801572,79871.35137760623,79870.53580949803,79870.73291121918,0,1
1370479920000,1370479979999,79871.47030906484,79872.01397772068,79869.87311142965,79870.49842769885,0,1
1370479980000,1370480039999,79871.87126755959,79872.4692774779,79871.65380054066,79871.65380054066,0,1
1370480040000,1370480099999,79870.67174213527,79871.84408444083,79870.20616517913,79870.9096198043,0,1
1370480100000,1370480159999,79870.71931812176,79871.49749319965,79869.18317908864,79871.49749319965,0,1
1370480160000,1370480219999,79871.9630100398,79872.4692774779,79871.4261346882,79872.17707255388,0,1
1370480220000,1370480279999,79872.10911669665,79872.4692774779,79871.89845060442,79872.20765253897,0,1
1370480280000,1370480339999,79872.4251075139,79872.49985656944,79871.29361038741,79872.27900547387,0,1
1370480340000,1370480399999,79871.95961218516,79871.95961218516,79870.86884117719,79871.133899281,0,1
1370480400000,1370480459999,79872.16348141938,79872.42170981629,79871.75913671852,79871.88485909124,0,1
1370480460000,1370480519999,79871.20865798878,79872.36055106176,79870.94360186653,79872.36055106176,0,1
1370480520000,1370480579999,79871.97660144678,79872.26201672602,79871.57904516064,79872.26201672602,0,1
1370480580000,1370480639999,79871.88485909124,79871.88485909124,79869.91729266722,79870.21636052709,0,1
1370480640000,1370480699999,79870.82466414351,79871.05914001433,79870.28093082282,79870.57319115747,0,1
1370480700000,1370480759999,79870.76349562082,79872.38093735483,79870.3013213559,79870.83146062293,0,1
1370480760000,1370480819999,79870.2197589741,79874.1407973316,79870.2197589741,79873.96414583545,0,1
1370480820000,1370480879999,79873.9607486607,79875.85279630858,79873.9607486607,79874.89832509424,0,1
1370480880000,1370480939999,79874.25969562004,79874.69111468141,79874.01510331803,79874.05586911716,0,1
1370480940000,1370480999999,79873.98113169182,79874.88473765773,79873.61083348111,79874.88473765773,0,1
1370481000000,1370481059999,79874.20873938382,79874.21893065184,79872.80224477373,79873.72973807089,0,1
1370481060000,1370481119999,79873.65839548668,79874.83718148454,79873.59724429512,79874.25969562004,0,1
1370481120000,1370481179999,79875.25498869987,79875.25498869987,79873.67538186243,79873.99472035616,0,1
1370481180000,1370481239999,79874.72168697954,79875.63881246434,79874.30725453961,79874.32084276079,0,1
1370481240000,1370481299999,79874.90172195049,79874.90172195049,79874.10003187868,79874.29026923716,0,1
1370481300000,1370481359999,79874.47031197524,79874.69451160803,79872.92115897832,79873.71275178748,0,1
1370481360000,1370481419999,79873.55307931309,79874.00491184229,79872.89737625053,79872.89737625053,0,1
1370481420000,1370481479999,79873.86562729943,79873.96754300903,79872.58479799978,79873.96754300903,0,1
1370481480000,1370481539999,79873.97433735273,79874.15438577897,79870.6003777311,79871.97320359676,0,1
1370481540000,1370481599999,79872.43869829284,79872.43869829284,79870.5629961733,79870.85864649444,0,1
1370481600000,1370481659999,79871.12030672863,79871.12030672863,79868.96565360416,79870.28772767179,0,1
1370481660000,1370481719999,79870.22315741995,79871.09651971754,79869.02003541889,79871.09651971754,0,1
1370481720000,1370481779999,79870.11780506135,79874.11701750425,79870.11780506135,79873.09443143074,0,1
1370481780000,1370481839999,79873.53609272961,79874.84057836156,79872.34016472712,79872.34016472712,0,1
1370481840000,1370481899999,79872.52703790565,79873.13520098323,79870.22655586466,79871.20865798878,0,1
1370481900000,1370481959999,79871.03875102643,79872.21105030933,79870.2979229366,79871.94262289471,0,1
1370481960000,1370482019999,79871.94262289471,79872.41491441759,79871.13729741621,79871.86786967378,0,1
1370482020000,1370482079999,79871.92563357539,79874.43294488107,79871.92563357539,79873.91318809317,0,1
1370482080000,1370482139999,79873.40019902294,79873.65160092831,79871.90184847984,79872.67653393415,0,1
1370482140000,1370482199999,79872.56101447201,79874.03208908786,79872.56101447201,79873.76710779282,0,1
1370482200000,1370482259999,79873.87242171238,79873.96414583545,79872.19066366991,79872.19066366991,0,1
1370482260000,1370482319999,79873.61423077474,79873.87581891712,79872.39113048578,79872.91776144925,0,1
1370482320000,1370482379999,79873.45115937936,79874.22572482475,79872.69012437138,79874.07625195441,0,1
1370482380000,1370482439999,79874.25969562004,79874.47370897688,79872.93135155864,79874.13060598396,0,1
1370482440000,1370482499999,79874.50767892976,79874.50767892976,79872.55421916797,79872.92115897832,0,1
1370482500000,1370482559999,79871.98679498988,79872.1329012992,79871.54166726107,79871.72515742754,0,1
1370482560000,1370482619999,79872.4692774779,79872.4794705188,79871.3819601164,79871.86107389872,0,1
1370482620000,1370482679999,79871.7217594921,79871.93582717046,79870.03963969095,79871.92903144156,0,1
1370482680000,1370482739999,79871.87466544424,79872.5780027119,79871.04894552557,79871.62661683076,0,1
1370482740000,1370482799999,79871.16448245628,79872.07174077832,79869.24435727861,79870.88923051153,0,1
1370482800000,1370482859999,79870.24014963192,79870.24014963192,79866.98051494386,79867.51083028445,0,1
1370482860000,1370482919999,79867.99012956937,79870.37948468089,79867.6570020046,79869.44148445589,0,1
1370482920000,1370482979999,79869.6589995902,79869.66579686191,79867.45644026174,79867.45644026174,0,1
1370482980000,1370483039999,79867.55842131164,79869.31233260629,79867.55842131164,79869.16278627547,0,1
1370483040000,1370483099999,79868.55098254191,79871.74894294335,79868.53738647825,79871.22904663027,0,1
1370483100000,1370483159999,79871.19846365244,79872.33676700064,79870.38967985215,79870.99117655965,0,1
1370483160000,1370483219999,79870.49842769885,79873.13859843844,79870.49842769885,79872.54402620325,0,1
1370483220000,1370483279999,79872.85320817743,79872.85320817743,79871.6775862262,79871.7761263207,0,1
1370483280000,1370483339999,79871.00816746663,79872.86679837455,79870.3013213559,79872.3673464974,0,1
1370483340000,1370483399999,79873.02308431394,79874.50767892976,79872.03096688991,79874.47370897688,0,1
1370483400000,1370483459999,79874.31744570723,79874.78283129541,79873.58025778666,79874.42275383115,0,1
1370483460000,1370483519999,79874.35481323299,79874.76584680073,79873.97433735273,79874.62996980474,0,1
1370483520000,1370483579999,79874.68092389459,79875.37047704573,79873.73653257616,79875.37047704573,0,1
1370483580000,1370483639999,79874.93569044946,79876.26376831006,79874.93569044946,79875.43161739476,0,1
1370483640000,1370483699999,79875.829020552,79875.829020552,79875.28895599887,79875.40444395246,0,1
1370483700000,1370483759999,79875.32971660538,79875.80524473889,79875.30254288616,79875.57767338211,0,1
1370483760000,1370483819999,79875.81883092473,79875.81883092473,79874.76924370197,79875.30593960511,0,1
1370483820000,1370483879999,79875.28555927417,79875.28555927417,79873.91318809317,79874.25969562004,0,1
1370483880000,1370483939999,79874.18835681661,79874.85416585808,79874.15098866886,79874.85416585808,0,1
1370483940000,1370483999999,79874.87454706823,79874.87454706823,79874.23251899304,79874.62996980474,0,1
1370484000000,1370484059999,79874.28687217321,79874.85756272932,79873.77729951093,79873.77729951093,0,1
1370484060000,1370484119999,79874.27328390586,79875.55729360496,79873.87921612072,79875.36028695123,0,1
1370484120000,1370484179999,79874.86775333613,79875.84600324104,79874.4601209634,79875.84600324104,0,1
1370484180000,1370484239999,79875.76108950745,79875.76108950745,79873.37981480766,79873.37981480766,0,1
1370484240000,1370484299999,79873.32205930538,79874.17137131222,79873.30167493083,79874.06945767994,0,1
1370484300000,1370484359999,79873.8316551654,79875.8833650554,79873.8316551654,79875.78826198063,0,1
1370484360000,1370484419999,79876.48113510158,79876.48113510158,79873.9199824738,79874.11362038145,0,1
1370484420000,1370484479999,79874.23591607546,79874.86775333613,79873.35603317065,79873.35603317065,0,1
1370484480000,1370484539999,79872.65275062456,79874.85416585808,79872.65275062456,79874.06606054098,0,1
1370484540000,1370484599999,79873.28129051471,79874.31065159664,79872.97891679607,79874.31065159664,0,1
1370484600000,1370484659999,79874.23931315671,79874.52806084612,79873.69576547522,79873.97094018145,0,1
1370484660000,1370484719999,79874.16457710238,79874.64016064347,79872.82602772777,79874.64016064347,0,1
1370484720000,1370484779999,79874.81340331315,79875.89015809755,79874.81340331315,79875.89015809755,0,1
1370484780000,1370484839999,79874.00491184229,79874.8066095395,79874.00491184229,79874.79641887039,0,1
1370484840000,1370484899999,79874.57901545524,79874.87454706823,79874.28007804185,79874.79302197837,0,1
1370484900000,1370484959999,79874.6537484123,79874.78283129541,79873.79428568468,79873.79428568468,0,1
1370484960000,1370485019999,79874.18156261832,79874.20873938382,79872.54062854605,79874.06945767994,0,1
1370485020000,1370485079999,79874.0252947834,79874.8066095395,79872.59499092292,79874.49748795602,0,1
1370485080000,1370485139999,79874.26309269323,79874.26309269323,79872.3775396422,79873.75012157288,0,1
1370485140000,1370485199999,79873.52590076567,79874.22232773887,79873.52590076567,79874.19515101031,0,1
1370485200000,1370485259999,79873.62442264865,79874.20873938382,79873.53269540945,79874.14419444517,0,1
1370485260000,1370485319999,79873.75012157288,79874.40916574845,79873.57346317518,79873.82825794566,0,1
1370485320000,1370485379999,79873.9913231918,79875.57427675546,79873.65499820808,79875.57427675546,0,1
1370485380000,1370485439999,79875.71353750168,79875.87657200862,79874.9288967589,79874.9288967589,0,1
1370485440000,1370485499999,79875.06137289238,79875.3738737416,79873.9471599502,79874.56882455418,0,1
1370485500000,1370485559999,79874.7896250852,79875.90034765213,79874.7896250852,79875.90034765213,0,1
1370485560000,1370485619999,79875.3263198945,79875.72033065921,79875.29574944482,79875.29574944482,0,1
1370485620000,1370485679999,79875.86977895723,79875.86977895723,79873.59724429512,79874.8066095395,0,1
1370485680000,1370485739999,79874.27668097444,79874.35481323299,79868.61896258299,79868.61896258299,0,1
1370485740000,1370485799999,79867.77937668528,79871.37516401111,79867.47343717562,79871.37516401111,0,1
1370485800000,1370485859999,79871.17467682726,79872.17707255388,79870.22315741995,79870.55959784293,0,1
1370485860000,1370485919999,79869.49246499,79870.67174213527,79868.72093177808,79870.27073554067,0,1
1370485920000,1370485979999,79870.66494554728,79871.08632526688,79870.15518828337,79870.36928949923,0,1
1370485980000,1370486039999,79870.3387038919,79870.89602694707,79869.43808574438,79870.89602694707,0,1
1370486040000,1370486099999,79870.52561447574,79871.07273264985,79870.52561447574,79871.07273264985,0,1
1370486100000,1370486159999,79871.44312485616,79871.44312485616,79868.55098254191,79871.16448245628,0,1
1370486160000,1370486219999,79870.74990256497,79872.17027698894,79870.48823263847,79870.92661084984,0,1
1370486220000,1370486279999,79870.50182605001,79871.47370708574,79870.50182605001,79871.47370708574,0,1
1370486280000,1370486339999,79871.47030906484,79872.41491441759,79870.8756376266,79871.9698057456,0,1
1370486340000,1370486399999,79871.75573879461,79871.75573879461,79870.34210229733,79870.64115745299,0,1
1370486400000,1370486459999,79870.2843292479,79872.04455820452,79870.2843292479,79871.98679498988,0,1
1370486460000,1370486519999,79871.89505272786,79872.83622040506,79871.00816746663,79872.75467869596,0,1
1370486520000,1370486579999,79872.81923260383,79875.77127919355,79872.63916013655,79875.07156329151,0,1
1370486580000,1370486639999,79874.31404865251,79874.81680019823,79872.72410038364,79873.98452885963,0,1
1370486640000,1370486699999,79873.19295756472,79873.19295756472,79870.96738924138,79871.74554501598,0,1
1370486700000,1370486759999,79872.53043556747,79872.80224477373,79871.93582717046,79872.5780027119,0,1
1370486760000,1370486819999,79873.09103396055,79873.7603133083,79871.52807526296,79871.52807526296,0,1
1370486820000,1370486879999,79870.83146062293,79875.25498869987,79870.83146062293,79874.05247197358,0,1
1370486880000,1370486939999,79873.61083348111,79874.14759155759,79872.74108834648,79873.79088845225,0,1
1370486940000,1370486999999,79873.40359638812,79874.36840138954,79871.99019283526,79873.10122636771,0,1
1370487000000,1370487059999,79872.64255776028,79874.56203061438,79872.51344724678,79874.1747684154,0,1
1370487060000,1370487119999,79874.06945767994,79874.49748795602,79873.85203845966,79874.49748795602,0,1
1370487120000,1370487179999,79874.6979085335,79874.8100064269,79873.68897094224,79874.8100064269,0,1
1370487180000,1370487239999,79874.81680019823,79874.81680019823,79874.25290147022,79874.81340331315,0,1
1370487240000,1370487299999,79874.26648976527,79874.55523666997,79873.90299651354,79873.9879260263,0,1
1370487300000,1370487359999,79873.55647662633,79875.7441066742,79873.55647662633,79875.7441066742,0,1
1370487360000,1370487419999,79875.8663824298,79875.8663824298,79874.34462210344,79874.34462210344,0,1
1370487420000,1370487479999,79874.58580938351,79875.19384727092,79873.77729951093,79874.41935681221,0,1
1370487480000,1370487539999,79874.44653293147,79874.55863364275,79873.71614904646,79874.25290147022,0,1
1370487540000,1370487599999,79875.54370706379,79875.54370706379,79873.97433735273,79874.01510331803,0,1
1370487600000,1370487659999,79874.27668097444,79874.3989746743,79874.27668097444,79874.28007804185,0,1
1370487660000,1370487719999,79874.33103391457,79875.54370706379,79874.2121364743,79874.41595979211,0,1
1370487720000,1370487779999,79874.74546536902,79874.88473765773,79874.34801914777,79874.83718148454,0,1
1370487780000,1370487839999,79874.52806084612,79874.52806084612,79872.64595538288,79873.01628932389,0,1
1370487840000,1370487899999,79873.7331353241,79874.00830900203,79873.7331353241,79873.79428568468,0,1
1370487900000,1370487959999,79874.20534229216,79874.20534229216,79873.59384699573,79874.03208908786,0,1
1370487960000,1370488019999,79874.33443096351,79874.33443096351,79873.8316551654,79873.8316551654,0,1
1370488020000,1370488079999,79874.05926625959,79874.47370897688,79873.64820364739,79873.64820364739,0,1
1370488080000,1370488139999,79874.56542758486,79874.56542758486,79873.58025778666,79873.58025778666,0,1
1370488140000,1370488199999,79873.6923682093,79874.01170616061,79871.75913671852,79871.75913671852,0,1
1370488200000,1370488259999,79871.7897179817,79872.16687920474,79871.04554736035,79871.34797954379,0,1
1370488260000,1370488319999,79871.26642569837,79873.87581891712,79870.17557907286,79872.85320817743,0,1
1370488320000,1370488379999,79870.51541944308,79872.40811901428,79870.51541944308,79872.03776254953,0,1
1370488380000,1370488439999,79872.30618741039,79873.02308431394,79871.39215426568,79871.39215426568,0,1
1370488440000,1370488499999,79870.96059285433,79872.83961796184,79870.96059285433,79871.89845060442,0,1
1370488500000,1370488559999,79872.08193422445,79872.08193422445,79871.19506553802,79871.19506553802,0,1
1370488560000,1370488619999,79871.37176595675,79872.61877436988,79871.37176595675,79872.20425476746,0,1
1370488620000,1370488679999,79873.10122636771,79873.25071381264,79872.04455820452,79873.25071381264,0,1
1370488680000,1370488739999,79873.42737791201,79874.06606054098,79872.26541447791,79872.69691958306,0,1
1370488740000,1370488799999,79872.81923260383,79873.74332707684,79872.6493530043,79872.6493530043,0,1
1370488800000,1370488859999,79873.19295756472,79874.12720886576,79873.19295756472,79873.27109829106,0,1
1370488860000,1370488919999,79873.83844960143,79873.83844960143,79873.27789310798,79873.65160092831,0,1
1370488920000,1370488979999,79873.76710779282,79873.79428568468,79871.85088022746,79872.48626587362,0,1
1370488980000,1370489039999,79872.51684491323,79874.38538655928,79872.45568674052,79874.38538655928,0,1
1370489040000,1370489099999,79873.59384699573,79874.48729697187,79872.71050999258,79874.48729697187,0,1
1370489100000,1370489159999,79874.534854809,79874.59600026725,79873.68557367403,79873.68557367403,0,1
1370489160000,1370489219999,79872.83622040506,79875.43161739476,79872.83622040506,79875.43161739476,0,1
1370489220000,1370489279999,79875.43161739476,79875.6659852698,79874.3751954609,79875.43501406987,0,1
1370489280000,1370489339999,79875.81203783413,79875.8935546169,79874.92549991189,79874.92549991189,0,1
1370489340000,1370489399999,79875.11572156766,79875.8731754835,79874.66393922681,79875.1564828803,0,1
1370489400000,1370489459999,79875.24479848766,79875.59805311772,79873.92337966239,79874.54844272093,0,1
1370489460000,1370489519999,79874.28007804185,79874.55183969603,79872.21784584656,79872.74448593557,0,1
1370489520000,1370489579999,79872.0615473218,79873.97773452285,79871.89165485014,79871.99359067951,0,1
1370489580000,1370489639999,79872.31638061753,79873.07404659217,79871.12370486846,79872.1329012992,0,1
1370489640000,1370489699999,79872.29599419284,79873.8316551654,79872.29599419284,79872.54402620325,0,1
1370489700000,1370489759999,79872.58140035642,79875.89015809755,79872.58140035642,79875.29914616607,0,1
1370489760000,1370489819999,79874.42954786558,79875.25498869987,79873.28468792028,79873.75351881918,0,1
1370489820000,1370489879999,79873.08084154298,79873.43077526795,79871.16448245628,79873.43077526795,0,1
1370489880000,1370489939999,79874.20194519937,79874.20873938382,79872.61537673807,79872.92455650626,0,1
1370489940000,1370489999999,79873.48513280602,79873.76710779282,79872.54402620325,79872.7852569148,0,1
1370490000000,1370490059999,79872.96192923725,79874.534854809,79872.2416301905,79872.2416301905,0,1
1370490060000,1370490119999,79872.2722099782,79873.16238059255,79871.53487126433,79872.85660572845,0,1
1370490120000,1370490179999,79873.06385415731,79874.3717984258,79872.7342931648,79874.15438577897,0,1
1370490180000,1370490239999,79874.04228053593,79875.06816649296,79873.64820364739,79874.2121364743,0,1
1370490240000,1370490299999,79874.20534229216,79875.26517890168,79873.75691606432,79875.26517890168,0,1
1370490300000,1370490359999,79874.94927781675,79875.41463400198,79873.70935452734,79874.54844272093,0,1
1370490360000,1370490419999,79875.21422778878,79875.58446663193,79873.57346317518,79874.56542758486,0,1
1370490420000,1370490479999,79874.55523666997,79874.89832509424,79874.18495971806,79874.18495971806,0,1
1370490480000,1370490539999,79874.03548623837,79874.03548623837,79871.85767600944,79871.85767600944,0,1
1370490540000,1370490599999,79872.23823243055,79872.23823243055,79870.02264713828,79871.02855651689,0,1
1370490600000,1370490659999,79871.71156567882,79872.22464137917,79870.65475065666,79870.65475065666,0,1
1370490660000,1370490719999,79870.6173693021,79872.11591230315,79870.6173693021,79870.94360186653,0,1
1370490720000,1370490779999,79870.53580949803,79872.27900547387,79869.87650999332,79871.93582717046,0,1
1370490780000,1370490839999,79872.09552546978,79872.83282284712,79872.07853641022,79872.34356245244,0,1
1370490840000,1370490899999,79872.6493530043,79873.52590076567,79871.0013711073,79871.0013711073,0,1
1370490900000,1370490959999,79871.88146121007,79872.47267515934,79870.72951294656,79871.55186124754,0,1
1370490960000,1370491019999,79871.58584112738,79873.85543567134,79870.2537433807,79873.76710779282,0,1
1370491020000,1370491079999,79873.7840939839,79874.2121364743,79872.80224477373,79873.01968681949,0,1
1370491080000,1370491139999,79873.25071381264,79873.42398055492,79871.39895035942,79872.20765253897,0,1
1370491140000,1370491199999,79872.4794705188,79874.20534229216,79872.01057988337,79872.01057988337,0,1
1370491200000,1370491259999,79872.01057988337,79872.92795403302,79866.81053612662,79868.74812338784,0,1
1370491260000,1370491319999,79868.77531492367,79871.43632879244,79868.65295243022,79871.09991786543,0,1
1370491320000,1370491379999,79871.23924093542,79872.47607283965,79869.26814869586,79870.55280117874,0,1
1370491380000,1370491439999,79870.53241115842,79871.55865723274,79870.53241115842,79871.37176595675,0,1
1370491440000,1370491499999,79871.58584112738,79874.07964908991,79871.31060078052,79874.07964908991,0,1
1370491500000,1370491559999,79873.99472035616,79873.99472035616,79871.68098417665,79871.95961218516,0,1
1370491560000,1370491619999,79871.63681073063,79872.49306122385,79871.61982089175,79872.35715334221,0,1
1370491620000,1370491679999,79872.2756077266,79873.09782889982,79870.92321264304,79873.09782889982,0,1
1370491680000,1370491739999,79871.589239109,79873.84184681774,79871.589239109,79873.08763648917,0,1
1370491740000,1370491799999,79872.80224477373,79873.69916273998,79872.02756905838,79872.31298288297,0,1
1370491800000,1370491859999,79871.89165485014,79872.4522890533,79867.13009391306,79867.13009391306,0,1
1370491860000,1370491919999,79866.86153007517,79869.78474836895,79866.86153007517,79869.4312883179,0,1
1370491920000,1370491979999,79869.7813497741,79869.7813497741,79867.13689290396,79869.28514253067,0,1
1370491980000,1370492039999,79868.64275548817,79869.5060597552,79867.14369189023,79868.9112714937,0,1
1370492040000,1370492099999,79868.6971390589,79869.70997901542,79867.50403154778,79869.03702967532,0,1
1370492100000,1370492159999,79869.26474992542,79869.36331379882,79867.53802518485,79868.78891066385,0,1
1370492160000,1370492219999,79869.08121460695,79869.29533881768,79868.15668919033,79868.58837162169,0,1
1370492220000,1370492279999,79868.45920875343,79868.81270316469,79867.64000540273,79867.72158882824,0,1
1370492280000,1370492339999,79867.60601211233,79869.36331379882,79867.19128466469,79869.36331379882,0,1
1370492340000,1370492399999,79870.3387038919,79870.42026530356,79868.54418451239,79869.24775605596,0,1
1370492400000,1370492459999,79870.72951294656,79870.72951294656,79868.2926541712,79869.2103694415,0,1
1370492460000,1370492519999,79869.24775605596,79870.60377604762,79867.73178670964,79868.1192984965,0,1
1370492520000,1370492579999,79869.2103694415,79869.41429473144,79867.14369189023,79867.14369189023,0,1
1370492580000,1370492639999,79868.02752074618,79870.4338588075,79866.36177816619,79868.55778056681,0,1
1370492640000,1370492699999,79868.66314936186,79870.98438018876,79868.66314936186,79870.24354807084,0,1
1370492700000,1370492759999,79870.4338588075,79870.6173693021,79869.2239645902,79869.96827077569,0,1
1370492760000,1370492819999,79869.4516805835,79870.78048691466,79869.11860170428,79870.4168669247,0,1
1370492820000,1370492879999,79870.4678424865,79870.73970776096,79869.50266106564,79869.50266106564,0,1
1370492880000,1370492939999,79869.32592761637,79870.48143592577,79868.81270316469,79869.28854129415,0,1
1370492940000,1370492999999,79869.12879816112,79869.45847799614,79866.76974078055,79868.51699234809,0,1
1370493000000,1370493059999,79868.38782855785,79870.70572500584,79868.38782855785,79870.28772767179,0,1
1370493060000,1370493119999,79868.94526034739,79870.5494028449,79868.45580970806,79868.64275548817,0,1
1370493120000,1370493179999,79868.76511810638,79870.58678445352,79868.76511810638,79869.87990855583,0,1
1370493180000,1370493239999,79869.93768394178,79870.34889910473,79869.15938746923,79869.7337693249,0,1
1370493240000,1370493299999,79869.64540503292,79870.07022621299,79869.07101810159,79869.07101810159,0,1
1370493300000,1370493359999,79869.23755972044,79870.69213187147,79869.23755972044,79870.48823263847,0,1
1370493360000,1370493419999,79869.98186489406,79872.18047033461,79869.97846636618,79871.0659363344,0,1
1370493420000,1370493479999,79871.47030906484,79873.64140908209,79871.47030906484,79872.71050999258,0,1
1370493480000,1370493539999,79872.70031718718,79873.0434692564,79872.70031718718,79872.87699101027,0,1
1370493540000,1370493599999,79872.58479799978,79873.11141876449,79871.89505272786,79871.89505272786,0,1
1370493600000,1370493659999,79871.6707903218,79872.76147386378,79871.6707903218,79872.73769075621,0,1
1370493660000,1370493719999,79872.50325424051,79872.50325424051,79872.01397772068,79872.26881222862,0,1
1370493720000,1370493779999,79872.81243747525,79872.81243747525,79871.51788125225,79872.06834296064,0,1
1370493780000,1370493839999,79872.1295035023,79872.1295035023,79871.57904516064,79872.0615473218,0,1
1370493840000,1370493899999,79871.6877800741,79872.55761682056,79871.54166726107,79872.52364024265,0,1
1370493900000,1370493959999,79872.83961796184,79872.83961796184,79871.16448245628,79871.16448245628,0,1
1370493960000,1370494019999,79871.23584283487,79871.74894294335,79871.11011230224,79871.11011230224,0,1
1370494020000,1370494079999,79871.88146121007,79871.88146121007,79871.30380462675,79871.30380462675,0,1
1370494080000,1370494139999,79872.05814950066,79872.05814950066,79871.86447178683,79871.86447178683,0,1
1370494140000,1370494199999,79871.93582717046,79871.93582717046,79871.02176017141,79871.61982089175,0,1
1370494200000,1370494259999,79871.70816773875,79871.70816773875,79870.85864649444,79871.02855651689,0,1
1370494260000,1370494319999,79870.69553015681,79870.94020366551,79870.62416592242,79870.63436084423,0,1
1370494320000,1370494379999,79870.85185003348,79871.04214919396,79870.77029214182,79870.77029214182,0,1
1370494380000,1370494439999,79870.34889910473,79870.34889910473,79868.89087812603,79869.01323770822,0,1
1370494440000,1370494499999,79868.90447370909,79868.90447370909,79868.63595752104,79868.63595752104,0,1
1370494500000,1370494559999,79868.64275548817,79871.32759114479,79868.64275548817,79870.83825709774,0,1
1370494560000,1370494619999,79872.24502794932,79872.80564234206,79872.19406144603,79872.21444807852,0,1
1370494620000,1370494679999,79870.84505356793,79872.6119791051,79870.70912328656,79872.6119791051,0,1
1370494680000,1370494739999,79872.79544963363,79873.11141876449,79872.70031718718,79872.92795403302,0,1
1370494740000,1370494799999,79873.172572927,79874.89492823684,79872.62556963007,79874.89492823684,0,1
1370494800000,1370494859999,79874.33443096351,79875.84939977538,79874.25290147022,79875.6659852698,0,1
1370494860000,1370494919999,79875.56748349873,79876.09734366671,79874.42615084894,79875.51993057232,0,1
1370494920000,1370494979999,79874.93908729301,79876.56943901103,79874.93908729301,79875.6693818653,0,1
1370494980000,1370495039999,79875.61843281181,79875.61843281181,79871.46691104281,79872.0343647203,0,1
1370495040000,1370495099999,79873.99811751935,79875.77807231185,79873.89280492354,79874.38538655928,0,1
1370495100000,1370495159999,79874.23251899304,79877.60185763598,79874.23251899304,79876.26716470251,0,1
1370495160000,1370495219999,79876.00224262696,79876.20602946186,79875.43841074381,79875.8222274683,0,1
1370495220000,1370495279999,79875.47917074114,79875.86298590123,79874.44992994118,79874.44992994118,0,1
1370495280000,1370495339999,79874.26309269323,79875.44860075871,79873.9097909011,79874.39557764727,0,1
1370495340000,1370495399999,79874.11022325749,79875.25498869987,79873.96414583545,79874.75225918421,0,1
1370495400000,1370495459999,79874.82699084659,79875.29574944482,79874.38538655928,79875.29574944482,0,1
1370495460000,1370495519999,79875.38066712987,79875.76788263267,79874.60279418399,79875.51653392607,0,1
1370495520000,1370495579999,79875.33651002364,79875.92072673017,79875.33651002364,79875.73052038685,0,1
1370495580000,1370495639999,79875.78826198063,79876.79359158695,79875.47577408103,79875.71353750168,0,1
1370495640000,1370495699999,79875.69655458769,79875.77127919355,79875.26517890168,79875.76788263267,0,1
1370495700000,1370495759999,79875.2821625483,79877.078869417,79875.2821625483,79876.43019018373,0,1
1370495760000,1370495819999,79876.73245956453,79876.73245956453,79873.65160092831,79873.65160092831,0,1
1370495820000,1370495879999,79874.14419444517,79874.51447290649,79872.57460506623,79874.46691497245,0,1
1370495880000,1370495939999,79874.00491184229,79875.56748349873,79874.00491184229,79875.53691378627,0,1
1370495940000,1370495999999,79875.26857563331,79876.57623158717,79874.47370897688,79875.01381755921,0,1
1370496000000,1370496059999,79875.28555927417,79877.19433670123,79874.91870621439,79877.19433670123,0,1
1370496060000,1370496119999,79876.57283529968,79877.21131707175,79875.77807231185,79876.25357912578,0,1
1370496120000,1370496179999,79875.98526020325,79876.5388723614,79875.98526020325,79876.04979325988,0,1
1370496180000,1370496239999,79876.04300032617,79876.2501827287,79875.40444395246,79875.40444395246,0,1
1370496240000,1370496299999,79874.42275383115,79874.42275383115,79872.73769075621,79873.01628932389,0,1
1370496300000,1370496359999,79873.29827753104,79874.55183969603,79873.12500861069,79874.16797420787,0,1
1370496360000,1370496419999,79873.56666855911,79874.49409096246,79872.78865448889,79874.49409096246,0,1
1370496420000,1370496479999,79874.76924370197,79876.58981672557,79874.76924370197,79876.32829956943,0,1
1370496480000,1370496539999,79876.55585384495,79877.61204544657,79876.28414664748,79876.99057000593,0,1
1370496540000,1370496599999,79877.19094062367,79877.39809924451,79877.00755072245,79877.00755072245,0,1
1370496600000,1370496659999,79877.00415458146,79877.9550290131,79873.79768291597,79877.56110628981,0,1
1370496660000,1370496719999,79875.73731353284,79876.98038156217,79875.73731353284,79876.87510036884,0,1
1370496720000,1370496779999,79876.64415709462,79877.8905082504,79876.64415709462,79877.31659472543,0,1
1370496780000,1370496839999,79877.09245387258,79877.94144572923,79876.99396615155,79877.08566164711,0,1
1370496840000,1370496899999,79877.3709311453,79878.01954935951,79877.33697091749,79877.48979103446,0,1
1370496900000,1370496959999,79877.84975808053,79877.84975808053,79876.31471407575,79876.99396615155,0,1
1370496960000,1370497019999,79876.64755335788,79877.23169347832,79876.64755335788,79876.93962768334,0,1
1370497020000,1370497079999,79876.62377949082,79877.1399993218,79876.04300032617,79877.01094686231,0,1
1370497080000,1370497139999,79877.30640661383,79877.61204544657,79876.98377771124,79877.49318701052,0,1
1370497140000,1370497199999,79877.52714670783,79877.6697761772,79877.05509657534,79877.3675351277,0,1
1370497200000,1370497259999,79877.16716804841,79878.25046087253,79877.16716804841,79877.39130722663,0,1
1370497260000,1370497319999,79877.94484155193,79877.94484155193,79877.3675351277,79877.3675351277,0,1
1370497320000,1370497379999,79877.58827387237,79877.58827387237,79876.00903558836,79876.49472036918,0,1
1370497380000,1370497439999,79876.10074011568,79877.44903923161,79876.10074011568,79877.1196227284,0,1
1370497440000,1370497499999,79876.62717576101,79877.59506575648,79876.62717576101,79876.92604302015,0,1
1370497500000,1370497559999,79876.87170418286,79877.53054267121,79875.88676157704,79876.13810097832,0,1
1370497560000,1370497619999,79876.00903558836,79877.12301883017,79875.5878632551,79875.5878632551,0,1
1370497620000,1370497679999,79876.05658618898,79876.05658618898,79875.64220906908,79875.64220906908,0,1
1370497680000,1370497739999,79875.61843281181,79875.61843281181,79873.64820364739,79874.16117999573,0,1
1370497740000,1370497799999,79874.40916574845,79874.40916574845,79871.9698057456,79872.56101447201,0,1
1370497800000,1370497859999,79872.55761682056,79873.07404659217,79872.55761682056,79872.6493530043,0,1
1370497860000,1370497919999,79873.48173546855,79874.31744570723,79873.48173546855,79874.31744570723,0,1
1370497920000,1370497979999,79874.13400310097,79874.82359396496,79871.93242930659,79871.93242930659,0,1
1370497980000,1370498039999,79871.74894294335,79872.3673464974,79871.52807526296,79872.3673464974,0,1
1370498040000,1370498099999,79872.16348141938,79872.48286819679,79871.83049285377,79872.26201672602,0,1
1370498100000,1370498159999,79872.06834296064,79872.1329012992,79871.30380462675,79871.39895035942,0,1
1370498160000,1370498219999,79871.27661996541,79872.01057988337,79868.81950101168,79868.97924908556,0,1
1370498220000,1370498279999,79869.02003541889,79870.37268789427,79869.02003541889,79869.52645186834,0,1
1370498280000,1370498339999,79870.28772767179,79870.44405392333,79869.1865778868,79870.44405392333,0,1
1370498340000,1370498399999,79869.64540503292,79870.62416592242,79869.34292135299,79869.46867410642,0,1
1370498400000,1370498459999,79869.69638452743,79870.72271639784,79869.37011127152,79869.37011127152,0,1
1370498460000,1370498519999,79869.15938746923,79870.4644441238,79869.13899460755,79869.2919400565,0,1
1370498520000,1370498579999,79869.77115398263,79870.3522975067,79868.47280492338,79870.3522975067,0,1
1370498580000,1370498639999,79870.08721868483,79870.08721868483,79868.8806814266,79869.29873757772,0,1
1370498640000,1370498699999,79868.97924908556,79870.34210229733,79868.97924908556,79869.75416097371,0,1
1370498700000,1370498759999,79869.42449088677,79869.42449088677,79867.6705992653,79868.5781746138,0,1
1370498760000,1370498819999,79868.12949597233,79868.12949597233,79866.66775168726,79866.85813048668,0,1
1370498820000,1370498879999,79866.90912419253,79867.19808361398,79865.06298634675,79865.6512035405,0,1
1370498880000,1370498939999,79866.02179660676,79867.41224815049,79865.98439792955,79865.98439792955,0,1
1370498940000,1370498999999,79866.24618573287,79867.45983964684,79865.82120206492,79867.42244634734,0,1
1370499000000,1370499059999,79867.28986897696,79867.69439442703,79865.62400350842,79867.61960944235,0,1
1370499060000,1370499119999,79867.58561608262,79867.99352877305,79866.47056982404,79866.90572462023,0,1
1370499120000,1370499179999,79867.36465642764,79867.36465642764,79865.75660296608,79867.32386334207,0,1
1370499180000,1370499239999,79867.04170661078,79867.41904694955,79865.87560098238,79866.82753413836,0,1
1370499240000,1370499299999,79866.92952160207,79867.64680404695,79866.92952160207,79867.34086048129,0,1
1370499300000,1370499359999,79867.10289790326,79867.68079719869,79866.82413453831,79867.32726277222,0,1
1370499360000,1370499419999,79866.81393573128,79867.82016791272,79866.81393573128,79867.08929987063,0,1
1370499420000,1370499479999,79867.68419650751,79867.68419650751,79865.96399859211,79865.96399859211,0,1
1370499480000,1370499539999,79865.88580074646,79867.43604392698,79865.88580074646,79867.2864695341,0,1
1370499540000,1370499599999,79867.36465642764,79868.99284454848,79867.33746105575,79868.53058843948,0,1
1370499600000,1370499659999,79868.98944568448,79869.72357348491,79868.40482388873,79869.72357348491,0,1
1370499660000,1370499719999,79869.29873757772,79870.50862274885,79869.29873757772,79870.50862274885,0,1
1370499720000,1370499779999,79869.37351000613,79869.37351000613,79868.50679526741,79869.05742274494,0,1
1370499780000,1370499839999,79869.05742274494,79869.5638373011,79868.46940588263,79869.5638373011,0,1
1370499840000,1370499899999,79869.2409585001,79872.92115897832,79869.2409585001,79872.92115897832,0,1
1370499900000,1370499959999,79872.92115897832,79873.72634081652,79870.3522975067,79870.56639450252,0,1
1370499960000,1370500019999,79871.00476928754,79872.72410038364,79870.13479745232,79871.13729741621,0,1
1370500020000,1370500079999,79871.1780749486,79871.1780749486,79869.73037071273,79871.1067141578,0,1
1370500080000,1370500139999,79870.67174213527,79871.02855651689,79869.38710493305,79870.28093082282,0,1
1370500140000,1370500199999,79870.06342921618,79870.06342921618,79868.16348748328,79868.76511810638,0,1
1370500200000,1370500259999,79868.40822295145,79869.76775538315,79868.40822295145,79868.87728252448,0,1
1370500260000,1370500319999,79869.34292135299,79869.50945844362,79869.34292135299,79869.42109216949,0,1
1370500320000,1370500379999,79869.46527540416,79870.80087642914,79869.03363082635,79869.82553141707,0,1
1370500380000,1370500439999,79870.01585010912,79871.06253817494,79868.792309596,79870.8416553334,0,1
1370500440000,1370500499999,79870.85864649444,79872.50665191041,79870.85864649444,79871.86107389872,0,1
1370500500000,1370500559999,79871.54506525771,79875.42142736255,79871.54506525771,79874.71489314358,0,1
1370500560000,1370500619999,79875.29574944482,79875.29574944482,79872.55761682056,79873.7195463043,0,1
1370500620000,1370500679999,79873.6685873156,79873.835052384,79872.6119791051,79873.44776203034,0,1
1370500680000,1370500739999,79873.43756997638,79874.48050297669,79873.33225147708,79874.48050297669,0,1
1370500740000,1370500799999,79873.56327124934,79873.60064159335,79872.46587979529,79872.46587979529,0,1
1370500800000,1370500859999,79872.34356245244,79872.44209598469,79870.65814895468,79870.69213187147,0,1
1370500860000,1370500919999,79870.86884117719,79872.15328805638,79870.61057267716,79872.15328805638,0,1
1370500920000,1370500979999,79871.36157178669,79872.23483466943,79870.48823263847,79871.51448324637,0,1
1370500980000,1370501039999,79871.54506525771,79871.81690124821,79869.92408976336,79869.95127810174,0,1
1370501040000,1370501099999,79870.42366368129,79870.42366368129,79868.6155635919,79868.72772968745,0,1
1370501100000,1370501159999,79867.78277596059,79867.78277596059,79865.83480182204,79867.21848043412,0,1
1370501160000,1370501219999,79867.93234293023,79867.93234293023,79866.33797983326,79866.57256092838,0,1
1370501220000,1370501279999,79866.45697093154,79867.64340472542,79866.45697093154,79867.1946841399,0,1
1370501280000,1370501339999,79867.45304087551,79869.36671253575,79867.45304087551,79869.36671253575,0,1
1370501340000,1370501399999,79869.8051399138,79870.6139709902,79869.34971883956,79869.72017486928,0,1
1370501400000,1370501459999,79869.78814696264,79870.7906816771,79869.78814696264,79870.19596982076,0,1
1370501460000,1370501519999,79869.25115483216,79870.41007016349,79868.9112714937,79868.9112714937,0,1
1370501520000,1370501579999,79869.18317908864,79870.46104575995,79869.16958388448,79870.46104575995,0,1
1370501580000,1370501639999,79870.44745229297,79870.48143592577,79868.82289993342,79869.4312883179,0,1
1370501640000,1370501699999,79869.3803074719,79869.3803074719,79868.47620396299,79868.47620396299,0,1
1370501700000,1370501759999,79868.11589933558,79870.18917290942,79868.11589933558,79870.18917290942,0,1
1370501760000,1370501819999,79869.3021363366,79874.29026923716,79869.3021363366,79874.29026923716,0,1
1370501820000,1370501879999,79874.83378460638,79874.83378460638,79872.99250682234,79873.5870523935,0,1
1370501880000,1370501939999,79873.98113169182,79874.73867154923,79872.70031718718,79874.50428193968,0,1
1370501940000,1370501999999,79874.81340331315,79876.2365971289,79874.81340331315,79875.54710370081,0,1
1370502000000,1370502059999,79875.67277845963,79875.67277845963,79870.2843292479,79872.54062854605,0,1
1370502060000,1370502119999,79873.9097909011,79877.04151206902,79873.9097909011,79876.15508314245,0,1
1370502120000,1370502179999,79874.50428193968,79877.12301883017,79872.69012437138,79875.66258867316,0,1
1370502180000,1370502239999,79874.36840138954,79876.24678633049,79874.36840138954,79875.64220906908,0,1
1370502240000,1370502299999,79875.69315800142,79877.43885125495,79874.6469545302,79877.43885125495,0,1
1370502300000,1370502359999,79876.26376831006,79879.67995611543,79876.26376831006,79879.67995611543,0,1
1370502360000,1370502419999,79878.93637245268,79881.63202452482,79878.93637245268,79880.62378633533,0,1
1370502420000,1370502479999,79879.48982126228,79880.96666662143,79878.64435644203,79878.82092528165,0,1
1370502480000,1370502539999,79877.74448603974,79879.98552241299,79875.9445022687,79879.30647351578,0,1
1370502540000,1370502599999,79878.64775202604,79880.5966269983,79877.32338679406,79878.13500578252,0,1
1370502600000,1370502659999,79877.73769425713,79879.2249845494,79875.99884614452,79877.02113527493,0,1
1370502660000,1370502719999,79877.30640661383,79880.14509221281,79874.59260330716,79879.63242274107,0,1
1370502720000,1370502779999,79879.42531040146,79879.42531040146,79875.51993057232,79876.13470454203,0,1
1370502780000,1370502839999,79875.97507073518,79879.66297993624,79875.97507073518,79877.86334148893,0,1
1370502840000,1370502899999,79879.02465468418,79879.94817592192,79874.68432082469,79874.68432082469,0,1
1370502900000,1370502959999,79874.4363418954,79876.27395748397,79871.91204209915,79871.97999929563,0,1
1370502960000,1370503019999,79871.76253464127,79876.17546170136,79871.76253464127,79875.5810700076,0,1
1370503020000,1370503079999,79875.34330343729,79876.5320797599,79875.34330343729,79875.37727043631,0,1
1370503080000,1370503139999,79875.65919207536,79879.71390838738,79875.65919207536,79879.05860918108,0,1
1370503140000,1370503199999,79879.2012168091,79879.2012168091,79875.93091625361,79877.30301057434,0,1
1370503200000,1370503259999,79876.98717385918,79879.22837993623,79876.30452494338,79878.14858880347,0,1
1370503260000,1370503319999,79878.0467156966,79878.8616714942,79876.68830842704,79876.68830842704,0,1
1370503320000,1370503379999,79876.56943901103,79878.23008654173,79876.56943901103,79877.50677090329,0,1
1370503380000,1370503439999,79876.5592501382,79876.5592501382,79872.37074421349,79873.10122636771,0,1
1370503440000,1370503499999,79872.76147386378,79877.58827387237,79872.24502794932,79876.42679384667,0,1
1370503500000,1370503559999,79875.42142736255,79875.85958937151,79872.84981062527,79872.84981062527,0,1
1370503560000,1370503619999,79872.6051838357,79872.87019592094,79871.59263708949,79872.21105030933,0,1
1370503620000,1370503679999,79872.51344724678,79874.73867154923,79872.35715334221,79874.23931315671,0,1
1370503680000,1370503739999,79874.26988683615,79875.73052038685,79873.92337966239,79874.40576872489,0,1
1370503740000,1370503799999,79874.48389997486,79877.48639505722,79874.44313592059,79877.19773277764,0,1
1370503800000,1370503859999,79876.10413656352,79877.80221600579,79875.40444395246,79875.43161739476,0,1
1370503860000,1370503919999,79875.90034765213,79876.00224262696,79874.99683345684,79875.52332721742,0,1
1370503920000,1370503979999,79875.67957164484,79878.77338782382,79875.67957164484,79876.76981806708,0,1
1370503980000,1370504039999,79876.97358926057,79878.27762658233,79876.26376831006,79877.04151206902,0,1
1370504040000,1370504099999,79877.17396021854,79877.51356284275,79875.97167424353,79877.06528494299,0,1
1370504100000,1370504159999,79877.02113527493,79877.43205926474,79872.77846176314,79875.30593960511,0,1
1370504160000,1370504219999,79875.25498869987,79879.12312240756,79874.29026923716,79878.8616714942,0,1
1370504220000,1370504279999,79878.46099319332,79881.00740409187,79878.46099319332,79879.76144137442,0,1
1370504280000,1370504339999,79879.54754115343,79880.67810478812,79879.32345030019,79879.44568229721,0,1
1370504340000,1370504399999,79880.62039142224,79880.9870353774,79878.73264125154,79879.57809860798,0,1
1370504400000,1370504459999,79879.69353703805,79880.84784805145,79878.94316342124,79880.75958191411,0,1
1370504460000,1370504519999,79880.89198082798,79881.57092207368,79880.55249291829,79880.6679201007,0,1
1370504520000,1370504579999,79880.49477882744,79880.89537564886,79878.71226790315,79879.82595006688,0,1
1370504580000,1370504639999,79880.28089429215,79880.66452520259,79878.55946646708,79879.04502739616,0,1
1370504640000,1370504699999,79879.28949670253,79880.47101410499,79878.67831223024,79880.47101410499,0,1
1370504700000,1370504759999,79880.38613963517,79881.46229457197,79877.18754454494,79877.8905082504,0,1
1370504760000,1370504819999,79877.00075843932,79877.7818407617,79875.26517890168,79876.06337911348,0,1
1370504820000,1370504879999,79875.77467575327,79877.67656800595,79875.5335171458,79877.47620711863,0,1
1370504880000,1370504939999,79877.23508954204,79879.32005494562,79876.4981166832,79877.64600474024,0,1
1370504940000,1370504999999,79877.87352903314,79878.74622346075,79877.3709311453,79878.23008654173,0,1
1370505000000,1370505059999,79877.94823737346,79879.55093643077,79877.09584998361,79879.55093643077,0,1
1370505060000,1370505119999,79879.54754115343,79879.54754115343,79875.69315800142,79876.49132405402,0,1
1370505120000,1370505179999,79877.18075238405,79877.54412651324,79875.28555927417,79875.36028695123,0,1
1370505180000,1370505239999,79876.03620738784,79877.76825724258,79875.39085720362,79876.32490319773,0,1
1370505240000,1370505299999,79876.1788581238,79878.57644451971,79875.43841074381,79876.11092945571,0,1
1370505300000,1370505359999,79876.46754981554,79876.5083056183,79874.70130545783,79876.50151299605,0,1
1370505360000,1370505419999,79876.29773218269,79878.04331990851,79875.34670014239,79878.04331990851,0,1
1370505420000,1370505479999,79877.61544138112,79877.6901516496,79876.99736229601,79876.99736229601,0,1
1370505480000,1370505539999,79877.53733459454,79879.69353703805,79877.03811593955,79879.50000714963,0,1
1370505540000,1370505599999,79879.7852077832,79879.7852077832,79878.65793877115,79878.8616714942,0,1
1370505600000,1370505659999,79878.00936196407,79878.00936196407,79876.13470454203,79877.01094686231,0,1
1370505660000,1370505719999,79877.51356284275,79879.432101038,79876.37584865197,79878.8243208057,0,1
1370505720000,1370505779999,79878.76999228248,79880.10095613994,79878.64775202604,79879.45926353798,0,1
1370505780000,1370505839999,79879.5169836055,79880.82068932294,79879.32684565362,79879.4864259642,0,1
1370505840000,1370505899999,79878.94316342124,79879.50000714963,79876.99057000593,79879.18423981717,0,1
1370505900000,1370505959999,79879.77841738646,79881.00061452498,79877.66638026109,79877.91767493807,0,1
1370505960000,1370506019999,79877.90069576692,79879.16047198004,79877.76825724258,79879.16047198004,0,1
1370506020000,1370506079999,79878.47797141316,79879.57809860798,79876.94302384625,79879.57809860798,0,1
1370506080000,1370506139999,79879.37777581665,79879.79539336968,79879.3675898048,79879.3675898048,0,1
1370506140000,1370506199999,79879.2351707065,79881.01758843353,79879.2351707065,79879.88706318114,0,1
1370506200000,1370506259999,79880.62039142224,79881.68973205256,79878.93637245268,79879.09595899451,0,1
1370506260000,1370506319999,79878.54248838562,79880.15867250373,79877.41168326644,79877.76146547611,0,1
1370506320000,1370506379999,79877.66298434383,79878.97032724934,79877.09245387258,79877.74788192932,0,1
1370506380000,1370506439999,79877.49658298545,79880.61699650799,79877.31659472543,79880.61699650799,0,1
1370506440000,1370506499999,79880.03984433283,79881.44532141824,79879.57470333985,79879.57470333985,0,1
1370506500000,1370506559999,79879.48303066495,79880.82747901198,79879.32005494562,79880.82747901198,0,1
1370506560000,1370506619999,79879.83953079121,79879.88366801792,79879.04163194704,79879.55433170695,0,1
1370506620000,1370506679999,79879.28610133643,79879.28610133643,79876.43698285444,79877.03132367716,0,1
1370506680000,1370506739999,79876.02941444489,79876.89208128145,79874.12381174641,79874.36160731356,0,1
1370506740000,1370506799999,79873.72294356099,79875.51993057232,79872.70371479013,79872.70371479013,0,1
1370506800000,1370506859999,79873.07064911503,79876.57283529968,79873.07064911503,79875.51653392607,0,1
1370506860000,1370506919999,79875.34670014239,79876.44717185186,79875.05457928721,79875.40444395246,0,1
1370506920000,1370506979999,79875.90714068277,79876.2365971289,79872.51684491323,79872.51684491323,0,1
1370506980000,1370507039999,79872.84641307195,79874.83718148454,79872.76826902699,79873.40019902294,0,1
1370507040000,1370507099999,79873.43417262274,79873.43417262274,79872.55761682056,79872.55761682056,0,1
1370507100000,1370507159999,79872.83282284712,79873.09103396055,79870.92661084984,79872.82602772777,0,1
1370507160000,1370507219999,79872.4522890533,79873.01628932389,79871.87466544424,79871.87466544424,0,1
1370507220000,1370507279999,79872.26881222862,79873.76371055114,79871.89505272786,79872.88378609497,0,1
1370507280000,1370507339999,79872.6051838357,79873.19975243472,79871.57904516064,79872.70371479013,0,1
1370507340000,1370507399999,79873.14539334539,79873.16917548333,79871.12710300714,79871.87126755959,0,1
1370507400000,1370507459999,79872.32317608318,79874.1985481054,79871.87126755959,79874.1985481054,0,1
1370507460000,1370507519999,79872.61537673807,79875.24819522623,79872.61537673807,79875.24819522623,0,1
1370507520000,1370507579999,79874.24950439358,79875.33651002364,79874.24950439358,79875.25498869987,0,1
1370507580000,1370507639999,79876.82415745802,79877.30301057434,79875.2821625483,79876.52868345742,0,1
1370507640000,1370507699999,79876.43698285444,79877.41507926905,79874.72508389578,79877.26565406365,0,1
1370507700000,1370507759999,79876.84113845714,79877.94823737346,79876.69510092243,79877.34376297226,0,1
1370507760000,1370507819999,79877.67656800595,79879.30307815544,79877.17056413405,79877.74109014901,0,1
1370507820000,1370507879999,79877.28942640478,79879.30307815544,79876.13810097832,79877.94823737346,0,1
1370507880000,1370507939999,79878.28102229087,79879.30986887496,79877.23508954204,79877.86334148893,0,1
1370507940000,1370507999999,79877.98898714205,79879.79199817535,79877.98898714205,79879.79199817535,0,1
1370508000000,1370508059999,79879.50340244311,79881.1499839315,79879.50340244311,79881.1499839315,0,1
1370508060000,1370508119999,79880.86142738805,79880.89198082798,79879.38796181814,79879.38796181814,0,1
1370508120000,1370508179999,79879.91422444537,79879.91422444537,79877.98559133435,79878.74282791017,0,1
1370508180000,1370508239999,79879.47624006301,79880.6882894652,79879.4287057203,79880.56267772327,0,1
1370508240000,1370508299999,79880.12811682322,79881.53697610614,79880.12811682322,79881.37742851522,0,1
1370508300000,1370508359999,79881.0447466273,79881.0447466273,79878.80055211311,79879.9583613424,0,1
1370508360000,1370508419999,79879.52716946517,79879.52716946517,79878.26404373665,79878.96014082246,0,1
1370508420000,1370508479999,79879.10614528306,79879.73088448012,79877.80221600579,79878.23687798994,0,1
1370508480000,1370508539999,79878.02973674457,79880.60681175833,79877.014343001,79877.2452777263,0,1
1370508540000,1370508599999,79876.51509823596,79877.27584221677,79874.69451160803,79876.17546170136,0,1
1370508600000,1370508659999,79876.11432590007,79876.11432590007,79874.5892063459,79875.67277845963,0,1
1370508660000,1370508719999,79875.5335171458,79879.07898182388,79874.26309269323,79879.07898182388,0,1
1370508720000,1370508779999,79878.7869699777,79879.79539336968,79878.3523319038,79879.69353703805,0,1
1370508780000,1370508839999,79880.5321232772,79880.5321232772,79878.63756527055,79878.71226790315,0,1
1370508840000,1370508899999,79879.97873215226,79879.97873215226,79877.67656800595,79879.54754115343,0,1
1370508900000,1370508959999,79879.45926353798,79880.49817378318,79878.74622346075,79879.01446831264,0,1
1370508960000,1370509019999,79879.08916812972,79880.6373659762,79878.90920853235,79878.90920853235,0,1
1370509020000,1370509079999,79878.97711819483,79879.84292596941,79878.78017890306,79879.28949670253,0,1
1370509080000,1370509139999,79879.00088646777,79881.61505165917,79879.00088646777,79879.92780504983,0,1
1370509140000,1370509199999,79879.7852077832,79881.65239192559,79879.7037227179,79881.65239192559,0,1
1370509200000,1370509259999,79881.00061452498,79881.01079887357,79879.44907760913,79879.68335134782,0,1
1370509260000,1370509319999,79879.99231266911,79879.99231266911,79879.54075059529,79879.91422444537,0,1
1370509320000,1370509379999,79879.52377417978,79880.97685100461,79879.37098514324,79880.55249291829,0,1
1370509380000,1370509439999,79879.64939897213,79881.22127308896,79879.64939897213,79880.97006141697,0,1
1370509440000,1370509499999,79880.39292961927,79880.80371508017,79879.92440990044,79879.92440990044,0,1
1370509500000,1370509559999,79880.49138387055,79881.30953515125,79880.3895346278,79880.65094559862,0,1
1370509560000,1370509619999,79879.32345030019,79881.11603653501,79879.32345030019,79881.00061452498,0,1
1370509620000,1370509679999,79880.42348449065,79881.01758843353,79878.84808944179,79879.2962874313,0,1
1370509680000,1370509739999,79879.41512443802,79879.41512443802,79877.16377196163,79877.58148198365,0,1
1370509740000,1370509799999,79877.77504900446,79878.86506700442,79877.014343001,79878.1689633003,0,1
1370509800000,1370509859999,79878.19952496773,79879.20461220403,79877.10603830972,79878.86506700442,0,1
1370509860000,1370509919999,79878.94655890379,79881.41476966892,79878.94655890379,79881.41476966892,0,1
1370509920000,1370509979999,79881.64220823039,79881.64220823039,79880.57625744712,79880.79353052068,0,1
1370509980000,1370510039999,79880.98024579669,79881.56413288938,79880.68149968164,79881.004009309,0,1
1370510040000,1370510099999,79881.56752748211,79881.6218408089,79880.35558464969,79881.10924704188,0,1
1370510100000,1370510159999,79881.37403385797,79881.3910071327,79880.41329954388,79881.17374704045,0,1
1370510160000,1370510219999,79881.14658919703,79881.19751009294,79881.14658919703,79881.19751009294,0,1
1370510220000,1370510279999,79881.12282602354,79881.12282602354,79879.63242274107,79879.63242274107,0,1
1370510280000,1370510339999,79879.81576451153,79880.85463772205,79879.81576451153,79880.09756104935,0,1
1370510340000,1370510399999,79880.77316137057,79880.77316137057,79879.37098514324,79879.78181258541,0,1
1370510400000,1370510459999,79879.60186545251,79880.79692537499,79879.60186545251,79880.42348449065,0,1
1370510460000,1370510519999,79880.98024579669,79881.03456231329,79879.08237726032,79880.92253417453,0,1
1370510520000,1370510579999,79881.48266231842,79881.62862995401,79879.59167966893,79880.90216528719,0,1
1370510580000,1370510639999,79880.98364058761,79881.35366589026,79880.22317863378,79881.2552201282,0,1
1370510640000,1370510699999,79881.56752748211,79881.6456027966,79880.8172944767,79881.6456027966,0,1
1370510700000,1370510759999,79881.61844623461,79881.62862995401,79880.6882894652,79880.72902806966,0,1
1370510760000,1370510819999,79880.83426869642,79880.89198082798,79880.1416971372,79880.62039142224,0,1
1370510820000,1370510879999,79880.41329954388,79881.13979972464,79880.41329954388,79880.52533338762,0,1
1370510880000,1370510939999,79880.54230810293,79880.54230810293,79878.98730460444,79879.4287057203,0,1
1370510940000,1370510999999,79878.72585014002,79879.75804616854,79878.72585014002,79878.73603680558,0,1
1370511000000,1370511059999,79878.8548804703,79879.64600372822,79877.78863251435,79878.05011148356,0,1
1370511060000,1370511119999,79877.67317209214,79879.19442601578,79877.67317209214,79879.19442601578,0,1
1370511120000,1370511179999,79878.71226790315,79880.99721973982,79878.70208121339,79879.65958469694,0,1
1370511180000,1370511239999,79879.97533702017,79879.97533702017,79876.32829956943,79876.32829956943,0,1
1370511240000,1370511299999,79877.65279658513,79880.63057615807,79877.65279658513,79878.8243208057,0,1
1370511300000,1370511359999,79878.2572523069,79878.39987136325,79877.41507926905,79878.1248185047,0,1
1370511360000,1370511419999,79877.87352903314,79878.25046087253,79877.58148198365,79878.25046087253,0,1
1370511420000,1370511479999,79877.33357488835,79878.2708351618,79876.01243206732,79877.33357488835,0,1
1370511480000,1370511539999,79876.70868589934,79879.8123693241,79875.98186371505,79879.8123693241,0,1
1370511540000,1370511599999,79879.46605415146,79879.63921323695,79877.87692487889,79879.59507493126,0,1
1370511600000,1370511659999,79879.6561894565,79879.9549662034,79877.71392298161,79877.8803207235,0,1
1370511660000,1370511719999,79879.05860918108,79879.21140299043,79877.72411067803,79877.72411067803,0,1
1370511720000,1370511779999,79877.9923829486,79878.08746506389,79877.65279658513,79877.83277879407,0,1
1370511780000,1370511839999,79877.77844488366,79877.77844488366,79877.45243522152,79877.5203547776,0,1
1370511840000,1370511899999,79875.99884614452,79877.9278624269,79875.99884614452,79877.9278624269,0,1
1370511900000,1370511959999,79877.42187127078,79878.1146312165,79876.95660848638,79877.96182064811,0,1
1370511960000,1370512019999,79878.19273349414,79878.20631643668,79876.08715431286,79876.08715431286,0,1
1370512020000,1370512079999,79876.1313081046,79877.30640661383,79876.1313081046,79877.30640661383,0,1
1370512080000,1370512139999,79877.44564324054,79877.44564324054,79875.96488125675,79876.30792132199,0,1
1370512140000,1370512199999,79876.51170192771,79876.51170192771,79875.64560567263,79875.70334775675,0,1
1370512200000,1370512259999,79875.85279630858,79875.85279630858,79872.65614824368,79874.40916574845,0,1
1370512260000,1370512319999,79874.22572482475,79874.87454706823,79873.2575086434,79873.2575086434,0,1
1370512320000,1370512379999,79872.95173668809,79874.13740021687,79872.197459221,79873.64820364739,0,1
1370512380000,1370512439999,79874.09323762037,79874.29026923716,79872.65954586165,79874.29026923716,0,1
1370512440000,1370512499999,79874.67073309739,79874.73187772481,79873.55647662633,79873.77050503335,0,1
1370512500000,1370512559999,79873.90299651354,79874.89492823684,79873.79428568468,79874.16797420787,0,1
1370512560000,1370512619999,79874.04567768297,79874.04567768297,79872.62896725841,79872.85660572845,0,1
1370512620000,1370512679999,79872.97891679607,79873.14879079713,79872.3537556215,79872.77846176314,0,1
1370512680000,1370512739999,79872.75807628044,79873.57346317518,79872.55421916797,79873.10462383446,0,1
1370512740000,1370512799999,79873.56666855911,79873.87242171238,79873.15898314542,79873.82825794566,0,1
1370512800000,1370512859999,79873.51231146425,79873.9097909011,79871.87126755959,79873.78069674798,0,1
1370512860000,1370512919999,79873.76371055114,79874.61298505042,79872.61537673807,79873.42737791201,0,1
1370512920000,1370512979999,79874.22572482475,79875.81883092473,79874.22572482475,79874.86775333613,0,1
1370512980000,1370513039999,79874.0252947834,79874.79302197837,79872.79205206184,79872.91436391902,0,1
1370513040000,1370513099999,79872.75467869596,79879.99231266911,79872.75467869596,79876.71208214069,0,1
1370513100000,1370513159999,79875.95808826534,79881.04814139634,79875.95808826534,79878.05011148356,0,1
1370513160000,1370513219999,79877.972008092,79879.29968279394,79877.74109014901,79878.12142274312,0,1
1370513220000,1370513279999,79878.8243208057,79878.8243208057,79876.54906125499,79876.83434606095,0,1
1370513280000,1370513339999,79877.38791121596,79877.46601916963,79875.83241709211,79875.9445022687,0,1
1370513340000,1370513399999,79875.64560567263,79877.90748743885,79875.63201925145,79875.9343127591,0,1
1370513400000,1370513459999,79876.74944071936,79877.04151206902,79875.95129526933,79876.0905507653,0,1
1370513460000,1370513519999,79876.35886686273,79876.60000556725,79875.50294732951,79875.69315800142,0,1
1370513520000,1370513579999,79875.59805311772,79877.59506575648,79873.98113169182,79873.98113169182,0,1
1370513580000,1370513639999,79874.78622819087,79874.78622819087,79874.12720886576,79874.62996980474,0,1
1370513640000,1370513699999,79874.74886227719,79876.16187600004,79874.46691497245,79875.41803068283,0,1
1370513700000,1370513759999,79875.24479848766,79878.23687798994,79874.26648976527,79874.26648976527,0,1
1370513760000,1370513819999,79874.62317590647,79874.88134079572,79873.61423077474,79873.9607486607,0,1
1370513820000,1370513879999,79874.03208908786,79874.35821027386,79872.22124361344,79874.35821027386,0,1
1370513880000,1370513939999,79874.81340331315,79874.81340331315,79873.59724429512,79874.63336675212,0,1
1370513940000,1370513999999,79875.25498869987,79876.3215068249,79873.65160092831,79875.47237741978,0,1
1370514000000,1370514059999,79875.72712381212,79875.85279630858,79874.56882455418,79874.56882455418,0,1
1370514060000,1370514119999,79874.68771775362,79875.76448607064,79874.23251899304,79875.76448607064,0,1
1370514120000,1370514179999,79876.42000116903,79878.16217180598,79876.42000116903,79878.16217180598,0,1
1370514180000,1370514239999,79877.67656800595,79881.5573437005,79877.67656800595,79881.55055450698,0,1
1370514240000,1370514299999,79882.11743628903,79882.18532416812,79878.70208121339,79879.35400843952,0,1
1370514300000,1370514359999,79879.69353703805,79881.35366589026,79879.59507493126,79881.35366589026,0,1
1370514360000,1370514419999,79880.99043016601,79881.29256173823,79875.93091625361,79877.17735630187,0,1
1370514420000,1370514479999,79877.57808603757,79880.41669452729,79876.97019310803,79880.22996872851,0,1
1370514480000,1370514539999,79879.3675898048,79879.79199817535,79877.49318701052,79879.11972698498,0,1
1370514540000,1370514599999,79880.5151485446,79880.94969262644,79878.12142274312,79878.99409553841,0,1
1370514600000,1370514659999,79878.85827598283,79881.2993511069,79878.85827598283,79881.2993511069,0,1
1370514660000,1370514719999,79881.59468418238,79881.59807876471,79879.49661185501,79879.49661185501,0,1
1370514720000,1370514779999,79879.1910306174,79880.94290302039,79879.1910306174,79880.72223831377,0,1
1370514780000,1370514839999,79880.51854349342,79881.2178783787,79879.49661185501,79880.64076088353,0,1
1370514840000,1370514899999,79879.9821272832,79880.9870353774,79877.03132367716,79877.6697761772,0,1
1370514900000,1370514959999,79878.61719172845,79878.68170780271,79877.71731888158,79878.68170780271,0,1
1370514960000,1370515019999,79878.56286207991,79879.85990184313,79878.56286207991,79878.68849894422,0,1
1370515020000,1370515079999,79879.26572911559,79879.72409404647,79878.35572758697,79878.35572758697,0,1
1370515080000,1370515139999,79877.9550290131,79877.9550290131,79872.91096638763,79876.13470454203,0,1
1370515140000,1370515199999,79876.19584021874,79876.19584021874,79873.33904625245,79873.33904625245,0,1
1370515200000,1370515259999,79873.26090605704,79876.54226866041,79873.26090605704,79875.0749600889,0,1
1370515260000,1370515319999,79874.4635179685,79877.93465408038,79874.44653293147,79877.93465408038,0,1
1370515320000,1370515379999,79878.24027371232,79878.24027371232,79876.23999353059,79876.57283529968,0,1
1370515380000,1370515439999,79877.20792099995,79877.20792099995,79873.68217640463,79875.02400800679,0,1
1370515440000,1370515499999,79874.23591607546,79879.16386738881,79874.23591607546,79876.34867777534,0,1
1370515500000,1370515559999,79876.11432590007,79879.24535685324,79876.11432590007,79878.21989936077,0,1
1370515560000,1370515619999,79878.1689633003,79878.2572523069,79877.45922719789,79878.2572523069,0,1
1370515620000,1370515679999,79878.21650363148,79879.82595006688,79877.15018760292,79878.23348226641,0,1
1370515680000,1370515739999,79877.53054267121,79878.10444391791,79876.98377771124,79877.07207718231,0,1
1370515740000,1370515799999,79877.50677090329,79877.52375074329,79876.38603771167,79877.49997895921,0,1
1370515800000,1370515859999,79877.18414846508,79879.07219094757,79876.48792773769,79877.52714670783,0,1
1370515860000,1370515919999,79877.02453141016,79879.45926353798,79877.02453141016,79878.20292070278,0,1
1370515920000,1370515979999,79877.40489125779,79880.41329954388,79877.13660322578,79880.41329954388,0,1
1370515980000,1370516039999,79879.41172911457,79879.41172911457,79878.67152108182,79879.126517829,0,1
1370516040000,1370516099999,79878.73943235846,79880.60341683948,79878.73943235846,79880.21638853442,0,1
1370516100000,1370516159999,79880.08737577064,79880.12472174184,79877.67996391859,79879.48303066495,0,1
1370516160000,1370516219999,79879.98552241299,79879.98552241299,79877.58148198365,79877.58148198365,0,1
1370516220000,1370516279999,79877.76825724258,79879.52716946517,79877.03132367716,79879.52716946517,0,1
1370516280000,1370516339999,79879.38796181814,79879.94478077946,79877.71731888158,79877.96182064811,0,1
1370516340000,1370516399999,79877.35734706801,79879.35740378256,79876.96340079952,79879.32005494562,0,1
1370516400000,1370516459999,79879.3302410059,79879.3302410059,79876.37584865197,79878.69868564782,0,1
1370516460000,1370516519999,79879.08237726032,79880.94969262644,79879.05521373659,79880.67131499767,0,1
1370516520000,1370516579999,79879.91761959821,79880.4642241739,79877.25546590018,79877.73429836408,0,1
1370516580000,1370516639999,79877.27584221677,79880.70865878816,79877.02113527493,79877.83957051211,0,1
1370516640000,1370516699999,79877.49318701052,79878.21650363148,79876.50151299605,79878.21650363148,0,1
1370516700000,1370516759999,79877.67656800595,79878.86506700442,79874.28007804185,79874.49409096246,0,1
1370516760000,1370516819999,79873.6176280672,79876.86830799573,79873.03327679037,79873.97773452285,0,1
1370516820000,1370516879999,79874.72168697954,79877.12981103029,79874.72168697954,79876.73925202992,0,1
1370516880000,1370516939999,79876.02941444489,79876.50490930777,79875.39085720362,79875.39085720362,0,1
1370516940000,1370516999999,79874.52806084612,79876.45736083889,79874.28347510811,79874.28347510811,0,1
1370517000000,1370517059999,79874.82359396496,79878.12821426512,79873.63121722548,79878.12821426512,0,1
1370517060000,1370517119999,79877.42187127078,79877.42187127078,79874.75565609007,79874.76584680073,0,1
1370517120000,1370517179999,79874.42275383115,79874.42275383115,79872.0513538549,79872.9653267513,0,1
1370517180000,1370517239999,79872.56101447201,79873.79088845225,79871.86786967378,79873.65160092831,0,1
1370517240000,1370517299999,79872.71050999258,79874.38198952764,79872.71050999258,79874.38198952764,0,1
1370517300000,1370517359999,79874.35481323299,79875.80864128709,79873.62442264865,79875.5878632551,0,1
1370517360000,1370517419999,79875.2821625483,79877.86334148893,79875.2821625483,79876.96000464352,0,1
1370517420000,1370517479999,79877.31319868939,79879.0755863863,79875.28895599887,79875.28895599887,0,1
1370517480000,1370517539999,79875.54710370081,79877.29961453368,79874.34462210344,79877.29961453368,0,1
1370517540000,1370517599999,79877.08566164711,79878.83450737094,79877.08566164711,79877.93125825422,0,1
1370517600000,1370517659999,79878.15538030703,79879.04163194704,79873.87921612072,79874.56203061438,0,1
1370517660000,1370517719999,79874.20873938382,79876.59660928784,79874.20873938382,79876.5320797599,0,1
1370517720000,1370517779999,79877.00415458146,79877.00415458146,79873.8044773751,79875.90714068277,0,1
1370517780000,1370517839999,79876.28075026079,79878.08406928963,79872.70031718718,79873.7840939839,0,1
1370517840000,1370517899999,79874.29366629996,79875.97167424353,79874.23931315671,79875.97167424353,0,1
1370517900000,1370517959999,79876.2501827287,79877.77844488366,79874.10003187868,79874.10003187868,0,1
1370517960000,1370518019999,79874.42954786558,79875.4893607145,79873.73992982709,79874.50428193968,0,1
1370518020000,1370518079999,79874.15438577897,79874.89153137829,79873.92677684982,79874.81680019823,0,1
1370518080000,1370518139999,79874.19175391404,79874.69451160803,79873.88940772456,79874.03208908786,0,1
1370518140000,1370518199999,79874.27328390586,79874.57561848938,79873.44096732885,79873.44096732885,0,1
1370518200000,1370518259999,79873.87581891712,79876.51509823596,79873.64480636532,79876.51509823596,0,1
1370518260000,1370518319999,79875.68296823572,79877.61883731453,79875.68296823572,79877.20792099995,0,1
1370518320000,1370518379999,79877.83957051211,79878.13840153949,79875.94789876959,79877.18414846508,0,1
1370518380000,1370518439999,79877.16037587369,79879.79199817535,79876.98717385918,79879.03144559279,0,1
1370518440000,1370518499999,79879.64260848318,79879.96854675253,79878.64435644203,79878.64435644203,0,1
1370518500000,1370518559999,79878.86506700442,79879.58828440541,79876.94642000801,79877.93125825422,0,1
1370518560000,1370518619999,79877.8803207235,79879.58488914075,79877.67317209214,79879.58488914075,0,1
1370518620000,1370518679999,79878.88204453822,79879.91761959821,79878.73603680558,79879.91761959821,0,1
1370518680000,1370518739999,79879.82934524969,79879.97194188692,79879.50000714963,79879.97194188692,0,1
1370518740000,1370518799999,79881.06511522422,79882.32449287947,79879.67316564721,79879.84292596941,0,1
1370518800000,1370518859999,79881.34687655847,79882.14119709915,79880.65773540291,79880.97345621137,0,1
1370518860000,1370518919999,79880.40990455933,79881.57092207368,79880.40990455933,79880.7120536713,0,1
1370518920000,1370518979999,79880.70865878816,79880.70865878816,79877.2249013474,79878.53909276586,0,1
1370518980000,1370519039999,79878.68510337404,79881.04814139634,79878.66812550588,79881.04814139634,0,1
1370519040000,1370519099999,79881.69652115158,79882.99994277093,79880.73242294588,79882.45008249301,0,1
1370519100000,1370519159999,79882.84720683761,79882.91508976265,79876.24338993111,79878.1689633003,0,1
1370519160000,1370519219999,79878.80394764408,79879.69353703805,79878.13840153949,79879.05860918108,0,1
1370519220000,1370519279999,79879.29289206749,79882.03257579205,79878.6545431906,79882.03257579205,0,1
1370519280000,1370519339999,79881.06850998635,79886.43079526283,79881.06850998635,79886.43079526283,0,1
1370519340000,1370519399999,79887.56397357135,79889.8740381871,79881.23145721282,79884.54074815364,0,1
1370519400000,1370519459999,79884.80544412488,79891.51552187499,79884.80544412488,79889.18209243538,0,1
1370519460000,1370519519999,79889.48736852201,79890.16233478667,79888.57829673117,79889.25332435583,0,1
1370519520000,1370519579999,79889.7112317294,79891.17300310382,79888.84967009751,79890.77281779762,0,1
1370519580000,1370519639999,79890.92204130969,79891.28491646795,79889.51111182703,79890.5727191388,0,1
1370519640000,1370519699999,79889.69427257094,79890.9559554337,79888.26960057381,79889.26689228315,0,1
1370519700000,1370519759999,79888.7411216347,79891.28830776247,79888.7411216347,79889.29063611166,0,1
1370519760000,1370519819999,79889.32455576888,79889.48058471021,79887.90661597875,79888.21871567698,0,1
1370519820000,1370519879999,79888.09319849104,79890.1759014807,79888.09319849104,79889.60269261833,0,1
1370519880000,1370519939999,79889.83333682116,79890.66768171337,79889.59590888477,79889.7112317294,0,1
1370519940000,1370519999999,79889.49076042617,79890.1657264619,79888.97517778885,79889.24993237112,0,1
1370520000000,1370520059999,79890.12841797105,79890.68803071918,79889.86047108354,79889.86047108354,0,1
1370520060000,1370520119999,79889.72479903544,79890.72533712226,79889.5246794046,79890.72533712226,0,1
1370520120000,1370520179999,79890.79655805076,79891.86481111382,79890.02327511158,79890.02327511158,0,1
1370520180000,1370520239999,79890.10128443573,79891.25100345958,79889.59590888477,79890.69820520654,0,1
1370520240000,1370520299999,79891.3357857649,79894.24168861663,79891.05091436904,79893.21437722018,0,1
1370520300000,1370520359999,79893.47545315481,79894.21795654092,79892.36668108823,79894.21795654092,0,1
1370520360000,1370520419999,79894.88921352071,79896.20447533937,79892.61421578674,79892.61421578674,0,1
1370520420000,1370520479999,79892.53283519209,79894.47561606353,79891.54265157325,79893.52970184437,0,1
1370520480000,1370520539999,79894.43154319482,79894.99091519309,79892.52605344597,79894.90955393795,0,1
1370520540000,1370520599999,79893.93316723921,79894.13319866789,79893.18725205689,79893.91621523931,0,1
1370520600000,1370520659999,79894.48578669797,79894.68919721429,79893.66193179225,79894.68919721429,0,1
1370520660000,1370520719999,79894.95701475056,79894.95701475056,79892.94651300834,79892.94651300834,0,1
1370520720000,1370520779999,79894.20778563408,79894.38068964338,79892.4039812294,79892.74645784058,0,1
1370520780000,1370520839999,79893.071969292,79893.56360712589,79892.46162662847,79892.46162662847,0,1
1370520840000,1370520899999,79892.86852587656,79893.36695489282,79892.3700720159,79893.33643954452,0,1
1370520900000,1370520959999,79893.52970184437,79893.52970184437,79891.20691637673,79891.20691637673,0,1
1370520960000,1370521019999,79891.66473430465,79892.29547134144,79891.26117737417,79891.37648101612,0,1
1370521020000,1370521079999,79891.39343732194,79892.57013471352,79888.43243050372,79888.43243050372,0,1
1370521080000,1370521139999,79888.02535070754,79889.33133968651,79887.94054033082,79888.14408402659,0,1
1370521140000,1370521199999,79888.9209043859,79890.03005855523,79887.21792674914,79887.21792674914,0,1
1370521200000,1370521259999,79887.37738118428,79889.20583646523,79886.32222054018,79886.7259768309,0,1
1370521260000,1370521319999,79886.49526094664,79888.21871567698,79886.49526094664,79887.06864795233,0,1
1370521320000,1370521379999,79886.34257839047,79886.34257839047,79884.59504533431,79886.08131616478,0,1
1370521380000,1370521439999,79885.70467938528,79885.70467938528,79884.63576802636,79885.00565821823,0,1
1370521440000,1370521499999,79884.51020585994,79885.72503849279,79884.51020585994,79884.82580506323,0,1
1370521500000,1370521559999,79884.6561293102,79889.1142520394,79884.6561293102,79887.97446456783,0,1
1370521560000,1370521619999,79888.14408402659,79889.45005750022,79887.36720331757,79887.36720331757,0,1
1370521620000,1370521679999,79886.55972621488,79888.10337561887,79885.81665396366,79885.81665396366,0,1
1370521680000,1370521739999,79886.65472690533,79890.45740622874,79886.65472690533,79887.3909516571,0,1
1370521740000,1370521799999,79887.46219633729,79891.66473430465,79887.35702544052,79890.76264338617,0,1
1370521800000,1370521859999,79890.38957448403,79890.38957448403,79883.87897757093,79884.04527276017,0,1
1370521860000,1370521919999,79883.43098493422,79884.41857841915,79878.8073431739,79879.432101038,0,1
1370521920000,1370521979999,79879.26233374141,79884.0079414278,79877.7716531241,79881.53018689882,0,1
1370521980000,1370522039999,79880.89198082798,79883.17304067529,79879.55093643077,79880.41329954388,0,1
1370522040000,1370522099999,79879.38796181814,79883.32237763614,79879.38796181814,79882.57906477865,0,1
1370522100000,1370522159999,79882.986366338,79885.60627644799,79882.9015132145,79883.13910014588,0,1
1370522160000,1370522219999,79883.5158335651,79884.24550207364,79877.81579947878,79882.3788020951,0,1
1370522220000,1370522279999,79881.06511522422,79886.66490549721,79878.85827598283,79878.85827598283,0,1
1370522280000,1370522339999,79881.27558829641,79884.88010069616,79880.72223831377,79882.3482531976,0,1
1370522340000,1370522399999,79882.5349394471,79883.29183162104,79877.64260881605,79879.28270596918,0,1
1370522400000,1370522459999,79877.94484155193,79878.95334986542,79875.61163958505,79875.92072673017,0,1
1370522460000,1370522519999,79876.19584021874,79880.64415578972,79875.92072673017,79879.15368115906,0,1
1370522520000,1370522579999,79877.62562917787,79879.29289206749,79871.20525987782,79874.55183969603,0,1
1370522580000,1370522639999,79873.64480636532,79874.87454706823,79871.22904663027,79874.22572482475,0,1
1370522640000,1370522699999,79872.08193422445,79878.24027371232,79872.08193422445,79878.24027371232,0,1
1370522700000,1370522759999,79876.95660848638,79879.36079912446,79872.2722099782,79872.2722099782,0,1
1370522760000,1370522819999,79871.40234840456,79876.30792132199,79870.96738924138,79873.12500861069,0,1
1370522820000,1370522879999,79876.96000464352,79877.39470323615,79872.72410038364,79876.99057000593,0,1
1370522880000,1370522939999,79877.88371656695,79883.50904570114,79876.49132405402,79877.2724461669,0,1
1370522940000,1370522999999,79876.1822545451,79877.6901516496,79872.95173668809,79873.06045667671,0,1
1370523000000,1370523059999,79873.8044773751,79874.87454706823,79870.37608628816,79874.11362038145,0,1
1370523060000,1370523119999,79874.59600026725,79874.59600026725,79871.37856206435,79872.76487144596,0,1
1370523120000,1370523179999,79874.06606054098,79874.06606054098,79868.46600684072,79870.71931812176,0,1
1370523180000,1370523239999,79870.2537433807,79874.76924370197,79869.55024261447,79873.40359638812,0,1
1370523240000,1370523299999,79873.97094018145,79874.04228053593,79869.25115483216,79870.98777837478,0,1
1370523300000,1370523359999,79871.12710300714,79872.32317608318,79870.3217118474,79872.2552212188,0,1
1370523360000,1370523419999,79872.55082151422,79875.84600324104,79871.44652288628,79875.74071010409,0,1
1370523420000,1370523479999,79874.6435575874,79878.27762658233,79872.85320817743,79875.81203783413,0,1
1370523480000,1370523539999,79876.46415349114,79878.07048618104,79874.44653293147,79875.53012050415,0,1
1370523540000,1370523599999,79874.49748795602,79874.52126687861,79872.9041713214,79874.44313592059,0,1
1370523600000,1370523659999,79874.77264060205,79874.77264060205,79870.7668938819,79874.42275383115,0,1
1370523660000,1370523719999,79875.57767338211,79876.5320797599,79872.04455820452,79872.04455820452,0,1
1370523720000,1370523779999,79870.68873358499,79872.2756077266,79868.62915954928,79869.20017306785,0,1
1370523780000,1370523839999,79868.86368690444,79870.2843292479,79865.76340289088,79869.2239645902,0,1
1370523840000,1370523899999,79870.15518828337,79871.25283332613,79865.01198322588,79865.8518014924,0,1
1370523900000,1370523959999,79864.09388256467,79865.30439758928,79863.38654753412,79864.6923577453,0,1
1370523960000,1370524019999,79865.21599414862,79867.55842131164,79859.42726819369,79861.90030083993,0,1
1370524020000,1370524079999,79862.19280620624,79862.19280620624,79857.23946818117,79861.74384096901,0,1
1370524080000,1370524139999,79861.30506001128,79864.0836809727,79860.2471445833,79860.3253865343,0,1
1370524140000,1370524199999,79860.13828519834,79864.58014637716,79860.13828519834,79863.66200606633,0,1
1370524200000,1370524259999,79863.43075743935,79863.53277955162,79861.71322896879,79862.2744340838,0,1
1370524260000,1370524319999,79860.71318542864,79861.52275219522,79855.55150688048,79855.55150688048,0,1
1370524320000,1370524379999,79857.19182801957,79860.23693906631,79855.68764335458,79860.23693906631,0,1
1370524380000,1370524439999,79861.28124964115,79863.72321804306,79860.52268960542,79863.72321804306,0,1
1370524440000,1370524499999,79864.23670375934,79864.6923577453,79857.67842756168,79858.65155561794,0,1
1370524500000,1370524559999,79858.40317878603,79865.88240082626,79858.40317878603,79865.88240082626,0,1
1370524560000,1370524619999,79866.47056982404,79867.75218244123,79863.38654753412,79867.27287175109,0,1
1370524620000,1370524679999,79865.77020281105,79865.77020281105,79860.20292060108,79862.46149545677,0,1
1370524680000,1370524739999,79862.114578865,79862.9988523006,79859.00879914731,79862.20641089877,0,1
1370524740000,1370524799999,79860.45465450341,79862.96484322971,79860.45465450341,79861.78465682351,0,1
1370524800000,1370524859999,79860.38661893849,79861.77785419267,79858.42699600993,79860.6689635074,0,1
1370524860000,1370524919999,79861.69622226151,79863.99186617676,79859.88654333171,79859.88654333171,0,1
1370524920000,1370524979999,79860.40702965656,79860.7267921343,79856.66777126206,79857.60016489755,0,1
1370524980000,1370525039999,79858.72981005406,79858.72981005406,79853.97899626875,79853.97899626875,0,1
1370525040000,1370525099999,79855.03757498655,79858.69238409579,79852.61731546232,79858.55288610823,0,1
1370525100000,1370525159999,79858.87270787905,79858.87270787905,79856.63374065289,79857.81113241841,0,1
1370525160000,1370525219999,79856.69839871129,79861.62819514317,79856.69839871129,79860.76761214019,0,1
1370525220000,1370525279999,79861.71322896879,79861.71322896879,79857.85536697933,79858.63794608827,0,1
1370525280000,1370525339999,79857.03869739149,79857.36197041174,79854.4929825679,79855.83398799723,0,1
1370525340000,1370525399999,79855.02396053754,79859.45448508611,79855.02396053754,79857.19182801957,0,1
1370525400000,1370525459999,79855.58554117275,79862.78119224819,79855.5685240411,79857.0693237047,0,1
1370525460000,1370525519999,79856.58950068783,79858.6073245788,79850.80599264697,79851.66062380349,0,1
1370525520000,1370525579999,79853.55008681862,79858.03910844556,79846.73272277671,79852.33814799417,0,1
1370525580000,1370525639999,79853.28456222541,79862.00573980702,79850.88430850196,79862.00573980702,0,1
1370525640000,1370525699999,79860.43764565556,79871.3819601164,79860.43764565556,79868.91467038427,0,1
1370525700000,1370525759999,79869.46187670072,79877.18414846508,79869.02003541889,79877.18414846508,0,1
1370525760000,1370525819999,79877.014343001,79884.03169774634,79877.014343001,79882.39916797492,0,1
1370525820000,1370525879999,79882.8709659138,79884.31676916692,79879.27251986047,79884.31676916692,0,1
1370525880000,1370525939999,79884.83598551685,79885.06334628088,79880.54570304253,79885.06334628088,0,1
1370525940000,1370525999999,79886.01684781238,79886.62079819091,79881.04814139634,79882.10046424724,0,1
1370526000000,1370526059999,79881.25182542946,79889.39917860978,79879.58488914075,79888.5477667666,0,1
1370526060000,1370526119999,79887.99481905479,79889.34151555435,79883.01012508354,79883.20019301587,0,1
1370526120000,1370526179999,79884.0961788979,79887.62164687751,79879.28610133643,79879.28610133643,0,1
1370526180000,1370526239999,79879.6765608819,79886.42061643266,79879.59167966893,79885.5960967785,0,1
1370526240000,1370526299999,79885.04977264901,79885.7487907325,79880.91913936286,79884.56789678083,0,1
1370526300000,1370526359999,79886.00666856085,79886.00666856085,79878.77678336402,79880.34200462617,0,1
1370526360000,1370526419999,79879.80897413552,79886.74633385925,79877.90748743885,79884.03169774634,0,1
1370526420000,1370526479999,79884.67988408894,79885.72503849279,79875.1904505139,79875.3738737416,0,1
1370526480000,1370526539999,79874.24610731578,79878.94995438519,79871.95961218516,79874.6197789556,0,1
1370526540000,1370526599999,79874.49748795602,79878.06369461982,79873.57346317518,79876.96340079952,0,1
1370526600000,1370526659999,79876.44717185186,79878.24366943353,79870.31491502153,79872.197459221,0,1
1370526660000,1370526719999,79871.12370486846,79871.12370486846,79863.92385467328,79864.00886898035,0,1
1370526720000,1370526779999,79863.42055517087,79866.2019882729,79862.38667132748,79863.64840335393,0,1
1370526780000,1370526839999,79863.50897448519,79864.33191675591,79858.98838557515,79861.02953654644,0,1
1370526840000,1370526899999,79860.27776107182,79861.16899998976,79855.57192746975,79855.57873432357,0,1
1370526900000,1370526959999,79855.25880718525,79855.25880718525,79847.10401759933,79848.65717492264,0,1
1370526960000,1370527019999,79848.87514261233,79851.05115327827,79845.44841327271,79846.51470838366,0,1
1370527020000,1370527079999,79846.30350240775,79854.6019034243,79846.30350240775,79854.6019034243,0,1
1370527080000,1370527139999,79853.93134057164,79858.1820161408,79852.3551706239,79857.59676215913,0,1
1370527140000,1370527199999,79858.59711738814,79862.66215740313,79857.29391380225,79862.66215740313,0,1
1370527200000,1370527259999,79861.93431353144,79872.36394878016,79861.93431353144,79870.03284267335,0,1
1370527260000,1370527319999,79871.03535285774,79875.62182942344,79868.50339623821,79873.61083348111,0,1
1370527320000,1370527379999,79875.38746051352,79876.26376831006,79870.29452451617,79872.63576251165,0,1
1370527380000,1370527439999,79872.44549367538,79874.46691497245,79868.86708581119,79869.37011127152,0,1
1370527440000,1370527499999,79868.67334628309,79871.37516401111,79864.1006836202,79866.293782779,0,1
1370527500000,1370527559999,79867.34765932887,79872.40811901428,79866.4399722899,79871.52807526296,0,1
1370527560000,1370527619999,79872.31298288297,79872.31298288297,79865.81780212276,79865.93339950795,0,1
1370527620000,1370527679999,79866.43317282516,79867.24227667169,79857.35516477164,79858.38956891834,0,1
1370527680000,1370527739999,79859.25035658722,79860.54650178179,79855.59234801731,79855.98713707409,0,1
1370527740000,1370527799999,79857.02848859956,79860.2709574158,79856.10965464685,79857.41981816564,0,1
1370527800000,1370527859999,79858.3113118196,79859.1959216171,79850.48931793572,79857.0421003198,0,1
1370527860000,1370527919999,79858.35214168666,79858.35214168666,79852.3790022568,79855.75571089664,0,1
1370527920000,1370527979999,79855.16010419361,79855.44599983831,79851.08179793459,79851.85469321259,0,1
1370527980000,1370528039999,79852.19515676056,79853.28456222541,79843.08035459103,79845.54039848218,0,1
1370528040000,1370528099999,79846.55899294194,79847.00182773873,79843.24732962197,79844.25934310885,0,1
1370528100000,1370528159999,79845.036172867,79845.90151741946,79839.06189005052,79844.90329837087,0,1
1370528160000,1370528219999,79843.91520186643,79853.78156404501,79843.087169953,79853.78156404501,0,1
1370528220000,1370528279999,79853.01562628406,79853.01562628406,79845.77206118673,79849.5937211893,0,1
1370528280000,1370528339999,79849.87296528237,79851.06817809893,79843.00538530288,79843.68349614087,0,1
1370528340000,1370528399999,79843.41770943264,79844.20141917422,79841.98642879185,79841.98642879185,0,1
1370528400000,1370528459999,79844.08897763742,79853.38668790332,79843.40748672586,79853.29137063639,0,1
1370528460000,1370528519999,79852.34155252244,79855.4255789919,79847.81250524758,79849.12035058448,0,1
1370528520000,1370528579999,79848.2280371489,79850.78556232306,79842.27610926579,79843.0428700172,0,1
1370528580000,1370528639999,79844.26275038868,79848.57203000343,79838.33914495524,79838.63574949805,0,1
1370528640000,1370528699999,79838.022075198,79844.66139411418,79836.94123499883,79843.41430186488,0,1
1370528700000,1370528759999,79841.94894011726,79847.28795671684,79841.67288282207,79841.67288282207,0,1
1370528760000,1370528819999,79840.56857742733,79841.82965703584,79836.17059620026,79836.47749487325,0,1
1370528820000,1370528879999,79835.35897432012,79840.82762297403,79835.35897432012,79839.5902791168,0,1
1370528880000,1370528939999,79838.72438822874,79844.94759006576,79837.99479991056,79844.02083063616,0,1
1370528940000,1370528999999,79844.71590826026,79846.76338066954,79841.27411994126,79843.55741871127,0,1
1370529000000,1370529059999,79844.10942164724,79845.90833085898,79841.32865255584,79843.5642337481,0,1
1370529060000,1370529119999,79842.01710123925,79850.88090347755,79842.01710123925,79850.88090347755,0,1
1370529120000,1370529179999,79851.66402856243,79857.15099341469,79851.66402856243,79854.01984382838,0,1
1370529180000,1370529239999,79855.37112319758,79855.73529068267,79842.19090999747,79845.3700548343,0,1
1370529240000,1370529299999,79846.34438133189,79849.18846284301,79844.81471439257,79847.38333122358,0,1
1370529300000,1370529359999,79846.87238574952,79848.12245281026,79837.26856802235,79837.83455609447,0,1
1370529360000,1370529419999,79837.8106897745,79841.88759471025,79836.4502153726,79838.94598161818,0,1
1370529420000,1370529479999,79840.13909239345,79842.9781236042,79838.61870349823,79842.9781236042,0,1
1370529480000,1370529539999,79842.03754948525,79842.93041545269,79836.90713719268,79838.87098132841,0,1
1370529540000,1370529599999,79838.66302303733,79838.71756989273,79833.49335835023,79838.04594101346,0,1
1370529600000,1370529659999,79837.83455609447,79840.07773588282,79833.66390442854,79834.68711982241,0,1
1370529660000,1370529719999,79834.70076198707,79835.14412220742,79832.07430219756,79833.50700214352,0,1
1370529720000,1370529779999,79833.06356933223,79840.5344919874,79830.2183094852,79840.5344919874,0,1
1370529780000,1370529839999,79839.61073232583,79844.8079002079,79838.62211270051,79844.02083063616,0,1
1370529840000,1370529899999,79845.67667131129,79846.25581011841,79840.80035533775,79840.80035533775,0,1
1370529900000,1370529959999,79839.43687871567,79839.9209342008,79836.2831268073,79838.30846122456,0,1
1370529960000,1370530019999,79837.85501289483,79843.32911229337,79837.1355902738,79842.31700465674,0,1
1370530020000,1370530079999,79841.68992361653,79846.96435786154,79841.68992361653,79845.65282370023,0,1
1370530080000,1370530139999,79845.13156885233,79848.01686735681,79843.88794264797,79848.01686735681,0,1
1370530140000,1370530199999,79847.01545311383,79849.08288864452,79845.42115823334,79845.96283820792,0,1
1370530200000,1370530259999,79846.97117057693,79848.68442114367,79844.8896701176,79847.5774836588,0,1
1370530260000,1370530319999,79845.52336424796,79848.27912594481,79838.56415610353,79839.07552624836,0,1
1370530320000,1370530379999,79839.63459435015,79840.48336360967,79835.24643331299,79837.43904972865,0,1
1370530380000,1370530439999,79838.95279979846,79840.09818809485,79836.29676679484,79836.72982672647,0,1
1370530440000,1370530499999,79836.87644906774,79840.07773588282,79836.12285556016,79838.00502815207,0,1
1370530500000,1370530559999,79838.33232635657,79841.76831089707,79833.8412692646,79837.15945820503,0,1
1370530560000,1370530619999,79838.34596354928,79839.86639390899,79834.62572985113,79837.4492785386,0,1
1370530620000,1370530679999,79836.93782522345,79847.65582480212,79836.93782522345,79847.0631417804,0,1
1370530680000,1370530739999,79846.98138964131,79848.59246485015,79844.7567936748,79848.59246485015,0,1
1370530740000,1370530799999,79850.38375747009,79853.80198824893,79849.219113208,79853.63178527507,0,1
1370530800000,1370530859999,79853.4820042617,79853.7849680819,79851.74233769796,79853.35945449118,0,1
1370530860000,1370530919999,79853.8394325144,79853.8394325144,79847.38333122358,79848.88195402609,0,1
1370530920000,1370530979999,79850.74470155001,79853.28796643148,79849.93426172252,79850.13176991825,0,1
1370530980000,1370531039999,79849.17484042842,79853.28796643148,79848.86151977093,79850.54039518035,0,1
1370531040000,1370531099999,79850.1147435033,79850.85366324044,79844.13668026199,79848.00664935053,0,1
1370531100000,1370531159999,79848.34383804494,79850.62552334165,79846.49086277107,79847.54682826174,0,1
1370531160000,1370531219999,79848.50050771104,79849.8593438002,79844.94759006576,79845.04298689612,0,1
1370531220000,1370531279999,79845.30873041072,79850.78896737995,79844.06171889264,79847.46167388793,0,1
1370531280000,1370531339999,79848.39152037707,79851.54145651049,79848.1326706982,79849.38258023467,0,1
1370531340000,1370531399999,79849.00796434362,79849.3757691619,79846.63052912179,79846.63052912179,0,1
1370531400000,1370531459999,79846.7361292139,79855.15329705483,79844.22867753818,79850.13517519776,0,1
1370531460000,1370531519999,79850.60509264903,79854.76868618652,79849.96490980168,79854.4044834985,0,1
1370531520000,1370531579999,79852.88285777294,79854.75507137143,79850.41780935494,79852.28367538436,0,1
1370531580000,1370531639999,79853.51604559811,79855.12266487296,79851.51081326275,79853.0871162907,0,1
1370531640000,1370531699999,79852.23601160737,79854.98311707929,79851.91257283353,79853.59774433267,0,1
1370531700000,1370531759999,79853.56710738542,79855.48343794844,79850.938788735,79851.8717166653,0,1
1370531760000,1370531819999,79850.32246378514,79850.49612825007,79848.25187861949,79850.49612825007,0,1
1370531820000,1370531879999,79850.74810662081,79853.19945669711,79848.77297084934,79851.3235469307,0,1
1370531880000,1370531939999,79850.78896737995,79853.5534909343,79847.46167388793,79847.46167388793,0,1
1370531940000,1370531999999,79848.10542297382,79848.86151977093,79845.4654476346,79848.51753687467,0,1
1370532000000,1370532059999,79848.53797183275,79848.76956510593,79845.37686863593,79848.25869045778,0,1
1370532060000,1370532119999,79847.5400159385,79850.30884291524,79844.87944891545,79844.87944891545,0,1
1370532120000,1370532179999,79844.8998913093,79845.26444031537,79841.4547580881,79842.44309772603,0,1
1370532180000,1370532239999,79841.57063744543,79843.18939982505,79835.61474462612,79836.59002202682,0,1
1370532240000,1370532299999,79836.28653680593,79842.08866991733,79835.08955585645,79842.08866991733,0,1
1370532300000,1370532359999,79840.56857742733,79842.27951722141,79838.15845051924,79841.03212787618,0,1
1370532360000,1370532419999,79841.85010566514,79847.58088980822,79841.09347853131,79846.46361057275,0,1
1370532420000,1370532479999,79845.65623050531,79847.35267523133,79842.2488455789,79842.2488455789,0,1
1370532480000,1370532539999,79843.24051436916,79844.0923849753,79840.10841418519,79843.81979427669,0,1
1370532540000,1370532599999,79842.26929335104,79843.19962275476,79838.43119558241,79840.70150953294,0,1
1370532600000,1370532659999,79841.78194340487,79842.20454192918,79838.85393572955,79839.34142838957,0,1
1370532660000,1370532719999,79839.5970968578,79839.5970968578,79836.19105640482,79837.21742294372,0,1
1370532720000,1370532779999,79836.78097429899,79840.17317918115,79836.78097429899,79838.5164268891,0,1
1370532780000,1370532839999,79840.01978772153,79841.87055425261,79838.60165746935,79840.14250107745,0,1
1370532840000,1370532899999,79839.53914591123,79841.78535152893,79836.951464318,79841.2638950429,0,1
1370532900000,1370532959999,79841.4479416135,79842.56237349041,79839.90389039156,79840.43905213752,0,1
1370532960000,1370533019999,79841.04916976258,79842.05799768944,79839.64482091457,79840.13909239345,0,1
1370533020000,1370533079999,79840.83443987148,79844.21504836548,79840.32315966663,79843.43474725405,0,1
1370533080000,1370533139999,79842.18750201164,79847.00182773873,79841.63198479686,79846.74634851847,0,1
1370533140000,1370533199999,79846.89282406974,79853.57391560404,79846.89282406974,79853.57391560404,0,1
1370533200000,1370533259999,79853.32200842841,79853.70327087694,79850.71405586066,79851.64700475617,0,1
1370533260000,1370533319999,79852.15430174682,79856.96383267542,79852.15430174682,79854.79931945272,0,1
1370533320000,1370533379999,79854.90483331801,79855.91907110727,79853.4820042617,79855.15329705483,0,1
1370533380000,1370533439999,79855.34049168296,79855.83398799723,79851.64700475617,79852.64114647053,0,1
1370533440000,1370533499999,79851.60955228038,79853.79518018558,79851.05455824472,79851.89554945039,0,1
1370533500000,1370533559999,79851.9568334941,79853.47519598053,79849.04542656425,79849.33830817878,0,1
1370533560000,1370533619999,79850.26457495995,79850.38716266378,79847.56045289425,79848.1326706982,0,1
1370533620000,1370533679999,79847.63198191042,79847.63198191042,79843.93223884024,79845.611941949,0,1
1370533680000,1370533739999,79844.86922770286,79846.88941768595,79844.64095123278,79844.64095123278,0,1
1370533740000,1370533799999,79844.93396187284,79846.5930578533,79843.15191565997,79846.22515066943,0,1
1370533800000,1370533859999,79845.874263615,79847.4650800768,79844.66480125701,79844.66480125701,0,1
1370533860000,1370533919999,79843.63579135445,79844.97484639587,79840.70832651637,79841.49906505976,0,1
1370533920000,1370533979999,79841.87737043915,79841.87737043915,79838.80620789819,79839.7607212471,0,1
1370533980000,1370534039999,79839.9311604724,79841.77171902577,79839.2289321927,79841.51610615043,0,1
1370534040000,1370534099999,79841.1037036039,79841.43090040667,79837.10149313035,79837.40154400263,0,1
1370534100000,1370534159999,79838.01866579113,79838.727797395,79833.94018290294,79835.73069167652,0,1
1370534160000,1370534219999,79835.82276631768,79835.82276631768,79819.33813219877,79819.33813219877,0,1
1370534220000,1370534279999,79818.82233576199,79819.88805803578,79814.67450198898,79816.03794194668,0,1
1370534280000,1370534339999,79814.63349339631,79817.92731457297,79812.85629282429,79815.51855816807,0,1
1370534340000,1370534399999,79817.56176761304,79823.12551751897,79816.93313224697,79819.1263514506,0,1
1370534400000,1370534459999,79818.28943203093,79822.05672537771,79816.27712277285,79821.06636871873,0,1
1370534460000,1370534519999,79821.97476854915,79823.60353454055,79821.22346632007,79821.5922944677,0,1
1370534520000,1370534579999,79820.30475188438,79820.30475188438,79812.95883221223,79816.42746207843,0,1
1370534580000,1370534639999,79815.41262790129,79816.71105052464,79809.43429226751,79811.32491286338,0,1
1370534640000,1370534699999,79810.84972721184,79811.7932392172,79807.19790702271,79809.81039356053,0,1
1370534700000,1370534759999,79809.61208736892,79815.18709520843,79807.22184651598,79814.00809151986,0,1
1370534760000,1370534819999,79814.7667707076,79815.13583706885,79810.04630442521,79812.22052515,0,1
1370534820000,1370534879999,79814.52755375353,79814.52755375353,79808.14860284385,79811.70777983971,0,1
1370534880000,1370534939999,79812.35383462434,79812.72640809015,79807.08162866875,79809.46506472281,0,1
1370534940000,1370534999999,79809.08895044148,79809.08895044148,79802.04274138651,79802.04274138651,0,1
1370535000000,1370535059999,79802.55256097378,79806.56861978947,79802.47386568689,79804.63947085627,0,1
1370535060000,1370535119999,79804.12633667362,79804.35553986243,79802.03931969072,79804.02370667734,0,1
1370535120000,1370535179999,79803.61659731626,79810.01895272611,79803.61659731626,79808.95217810449,0,1
1370535180000,1370535239999,79809.71807909849,79809.71807909849,79806.11715020459,79807.7929574346,0,1
1370535240000,1370535299999,79809.20178621124,79809.20178621124,79803.30868847229,79803.30868847229,0,1
1370535300000,1370535359999,79802.75785011158,79804.3042261721,79799.31527840123,79799.31527840123,0,1
1370535360000,1370535419999,79800.91009613681,79802.77837879356,79798.65468926844,79801.96062036476,0,1
1370535420000,1370535479999,79802.69626381274,79808.50081611963,79802.60730515594,79807.4714978164,0,1
1370535480000,1370535539999,79806.13425169665,79807.47833749033,79804.99180774785,79806.55151904024,0,1
1370535540000,1370535599999,79805.82984076513,79808.43926517956,79797.19644685874,79797.206716915,0,1
1370535600000,1370535659999,79797.35734319511,79797.45319510119,79794.41972141503,79795.8407068383,0,1
1370535660000,1370535719999,79795.86124972516,79796.7377069214,79789.99454097048,79792.36492759096,0,1
1370535720000,1370535779999,79791.7826592377,79800.73214624955,79791.7826592377,79800.73214624955,0,1
1370535780000,1370535839999,79797.63462655082,79799.74309782112,79792.09434827893,79792.09434827893,0,1
1370535840000,1370535899999,79792.64577432333,79792.64577432333,79786.18087597683,79786.9999257733,0,1
1370535900000,1370535959999,79786.61268464866,79787.09245019418,79783.15769307695,79783.16454940097,0,1
1370535960000,1370536019999,79783.91528844221,79784.4568825251,79771.7834377287,79771.7834377287,0,1
1370536020000,1370536079999,79773.9454047565,79773.9454047565,79761.89763866771,79768.14822057028,0,1
1370536080000,1370536139999,79768.75933152899,79775.52711945176,79768.75933152899,79774.67281872468,0,1
1370536140000,1370536199999,79775.83931556446,79779.31398353796,79775.53055023123,79778.1238827741,0,1
1370536200000,1370536259999,79778.98817752385,79783.08912957823,79778.05871466525,79780.31191274992,0,1
1370536260000,1370536319999,79780.30505446978,79781.83433452816,79776.37791671448,79776.61461759816,0,1
1370536320000,1370536379999,79775.11884828964,79778.41541911404,79771.91042331568,79775.80157809067,0,1
1370536380000,1370536439999,79776.81700956245,79778.81326675834,79771.34069158367,79773.84932725765,0,1
1370536440000,1370536499999,79774.07236289274,79786.57498780903,79772.96742994938,79786.09862459192,0,1
1370536500000,1370536559999,79785.49542709666,79792.63207466571,79785.23494420249,79789.14832757792,0,1
1370536560000,1370536619999,79789.23740604406,79794.48478298984,79788.98044677329,79791.12842317026,0,1
1370536620000,1370536679999,79791.98474444881,79792.32040238465,79787.00335261897,79787.00335261897,0,1
1370536680000,1370536739999,79787.32889760271,79791.07704156161,79786.95194981062,79789.1311970127,0,1
1370536740000,1370536799999,79790.33711712263,79794.08413393832,79788.06904465245,79788.78172707632,0,1
1370536800000,1370536859999,79789.14832757792,79790.55978532835,79782.19090432674,79785.99580940942,0,1
1370536860000,1370536919999,79786.89026609184,79795.22097657826,79786.89026609184,79793.85127070334,0,1
1370536920000,1370536979999,79793.68004427693,79795.666090596,79792.33752748746,79794.6765409584,0,1
1370536980000,1370537039999,79793.4951164433,79795.666090596,79790.76874636552,79793.85469520195,0,1
1370537040000,1370537099999,79794.22453415084,79794.47451013775,79791.67990247939,79792.37520261042,0,1
1370537100000,1370537159999,79793.8581196994,79793.8581196994,79782.34518539497,79782.34518539497,0,1
1370537160000,1370537219999,79783.34624027452,79785.08413521509,79780.52794616723,79782.25604551255,0,1
1370537220000,1370537279999,79781.51203934758,79782.4343244828,79776.54600922299,79781.45032206418,0,1
1370537280000,1370537339999,79779.95184668292,79781.98519253307,79778.07929411392,79778.62120435452,0,1
1370537340000,1370537399999,79777.33497711961,79787.03419417715,79777.03654875654,79786.01637253049,0,1
1370537400000,1370537459999,79785.91355650229,79786.40706379704,79777.23207179354,79778.46000627552,0,1
1370537460000,1370537519999,79778.9024373348,79780.20903805371,79769.5111527648,79770.38992237805,0,1
1370537520000,1370537579999,79771.24115680577,79773.00174647402,79768.95844950502,79770.00547017434,0,1
1370537580000,1370537639999,79769.45279423574,79771.70449992947,79765.52482571061,79767.21088231837,0,1
1370537640000,1370537699999,79766.00560402211,79774.99190343877,79764.50481232592,79772.04427124282,0,1
1370537700000,1370537759999,79771.95847149564,79775.40361060662,79770.2045633393,79774.70369833554,0,1
1370537760000,1370537819999,79774.16157575394,79775.16688105623,79769.73428517656,79769.73428517656,0,1
1370537820000,1370537879999,79770.7949542469,79773.09440050233,79763.87283264248,79763.87283264248,0,1
1370537880000,1370537939999,79762.7221148939,79767.28985559708,79760.26222635292,79766.20821081607,0,1
1370537940000,1370537999999,79766.80570525423,79774.01403097624,79766.80570525423,79770.0741234376,0,1
1370538000000,1370538059999,79770.71257621273,79780.43193189127,79770.23202415444,79777.47561268604,0,1
1370538060000,1370538119999,79776.57002220784,79778.4497169482,79772.83359437804,79775.59230406056,0,1
1370538120000,1370538179999,79774.07579417135,79774.07579417135,79769.8338349541,79771.38187809852,0,1
1370538180000,1370538239999,79770.32470384878,79777.06742106918,79770.32470384878,79776.2098213804,0,1
1370538240000,1370538299999,79776.4945526327,79778.62120435452,79774.55273044264,79775.58201178216,0,1
1370538300000,1370538359999,79774.4772456415,79780.35992057931,79773.65030664494,79780.35992057931,0,1
1370538360000,1370538419999,79780.94628332509,79786.18430310319,79779.7700941253,79783.40108970084,0,1
1370538420000,1370538479999,79784.06268720538,79788.44252398769,79782.70516529784,79787.30148369694,0,1
1370538480000,1370538539999,79788.51447711948,79791.69702867909,79786.38307442228,79786.38307442228,0,1
1370538540000,1370538599999,79786.86285098357,79786.86285098357,79782.11890568031,79784.00784140777,0,1
1370538600000,1370538659999,79784.60427330555,79791.78608444479,79784.60427330555,79787.34945798272,0,1
1370538660000,1370538719999,79788.05533872344,79788.56587189664,79784.76879998286,79788.43567128148,0,1
1370538720000,1370538779999,79787.24322889764,79789.8814882648,79782.18404733513,79782.18404733513,0,1
1370538780000,1370538839999,79782.7977294641,79786.88341232181,79782.7977294641,79784.35405046152,0,1
1370538840000,1370538899999,79783.49364742558,79795.80646859972,79783.49364742558,79791.14555031447,0,1
1370538900000,1370538959999,79790.83383169839,79797.57300869178,79790.29943432036,79796.65896586087,0,1
1370538960000,1370539019999,79795.82358773367,79796.080371226,79790.48099560698,79792.17997543534,0,1
1370539020000,1370539079999,79792.79989417823,79794.33411343487,79790.26517710417,79791.04278700918,0,1
1370539080000,1370539139999,79790.31313717397,79799.39399854855,79790.31313717397,79799.39399854855,0,1
1370539140000,1370539199999,79801.5328958063,79801.5328958063,79794.43341862386,79795.15249574005,0,1
1370539200000,1370539259999,79795.48804736641,79797.06635856644,79789.05582217706,79789.20999736976,0,1
1370539260000,1370539319999,79788.59670863615,79788.8022844695,79784.92646884194,79785.63252063147,0,1
1370539320000,1370539379999,79786.70863959916,79790.84753381975,79783.43879850693,79786.66066223901,0,1
1370539380000,1370539439999,79786.33166842542,79788.51447711948,79780.39764085501,79781.51203934758,0,1
1370539440000,1370539499999,79781.7177608747,79783.74731976115,79776.94050095219,79779.22824614233,0,1
1370539500000,1370539559999,79778.88185958004,79780.49365546022,79776.65921278959,79777.86320779052,0,1
1370539560000,1370539619999,79775.54427333736,79777.66426704708,79769.25368610285,79771.62899362537,0,1
1370539620000,1370539679999,79771.56378317667,79783.53821195048,79771.56378317667,79782.56803162473,0,1
1370539680000,1370539739999,79781.98176396733,79784.60427330555,79780.56909486043,79781.72118953096,0,1
1370539740000,1370539799999,79780.92570977568,79783.27767806855,79779.14936708912,79783.27767806855,0,1
1370539800000,1370539859999,79782.77373142919,79784.90590347955,79780.74740390774,79782.02976378081,0,1
1370539860000,1370539919999,79781.89947803674,79784.1038213562,79781.66975956358,79783.68218828899,0,1
1370539920000,1370539979999,79782.98628344873,79786.6263925551,79782.98628344873,79786.6263925551,0,1
1370539980000,1370540039999,79788.05191223825,79790.29600860403,79786.54414483455,79790.29600860403,0,1
1370540040000,1370540099999,79789.56973024245,79792.25532672649,79787.93541104325,79791.8956904523,0,1
1370540100000,1370540159999,79791.4332819513,79792.2382014829,79789.4292646607,79790.70366060904,0,1
1370540160000,1370540219999,79791.92651692545,79797.60039445378,79790.73106518971,79797.60039445378,0,1
1370540220000,1370540279999,79798.97643243187,79803.27105451895,79798.97643243187,79802.89128579121,0,1
1370540280000,1370540339999,79802.13170506571,79803.92449667971,79800.33859198392,79802.58677612274,0,1
1370540340000,1370540399999,79801.42339537806,79801.42339537806,79797.05608836602,79800.57130420378,0,1
1370540400000,1370540459999,79800.56445980404,79800.88956361912,79795.29630495864,79796.39877359931,0,1
1370540460000,1370540519999,79797.15536652821,79797.83317040284,79795.1559197931,79797.80236213245,0,1
1370540520000,1370540579999,79797.44634856693,79797.94271015104,79795.43326419649,79796.07694748946,0,1
1370540580000,1370540639999,79796.70347175388,79797.9598256283,79795.62842786948,79796.30975890298,0,1
1370540640000,1370540699999,79795.92630192185,79800.7629454951,79792.53960148593,79799.52747912123,0,1
1370540700000,1370540759999,79799.03804164394,79800.38992602738,79795.51543883883,79797.97351798903,0,1
1370540760000,1370540819999,79797.39842269593,79808.23067306519,79797.39842269593,79807.20132695383,0,1
1370540820000,1370540879999,79808.95901676577,79809.83774583005,79807.46465813777,79809.28042857056,0,1
1370540880000,1370540939999,79810.73691003532,79813.41341083587,79810.50785306457,79811.69410627153,0,1
1370540940000,1370540999999,79811.16765967994,79812.8631288162,79810.46682738146,79811.22577527493,0,1
1370541000000,1370541059999,79811.82742276369,79813.99442109668,79807.36890214594,79808.33667943755,0,1
1370541060000,1370541119999,79807.75192061192,79808.37087480181,79803.23342042396,79805.43648707426,0,1
1370541120000,1370541179999,79805.96323546003,79808.21357515795,79804.65315407405,79807.16712759,0,1
1370541180000,1370541239999,79806.00427962355,79808.27170792327,79803.8458121886,79808.27170792327,0,1
1370541240000,1370541299999,79809.02398381467,79810.84630852821,79806.698584528,79806.698584528,0,1
1370541300000,1370541359999,79806.03506263562,79808.8325007751,79804.16054643833,79806.73962567345,0,1
1370541360000,1370541419999,79807.66642669046,79811.82742276369,79806.27790307529,79809.18810921605,0,1
1370541420000,1370541479999,79809.85142193678,79811.17791539771,79806.76356626385,79807.0918885779,0,1
1370541480000,1370541539999,79806.2060776439,79807.70404410595,79804.95760082676,79806.02138130863,0,1
1370541540000,1370541599999,79807.12608819903,79813.54670440899,79806.58572050947,79813.54670440899,0,1
1370541600000,1370541659999,79813.13314675874,79813.13314675874,79810.66511662393,79811.70094305796,0,1
1370541660000,1370541719999,79812.51106915607,79812.53841403965,79805.55620505291,79805.55620505291,0,1
1370541720000,1370541779999,79804.54368780761,79806.36682908508,79800.75267909045,79801.2625644502,0,1
1370541780000,1370541839999,79801.55684886515,79804.01686464014,79799.85946153714,79800.05111647065,0,1
1370541840000,1370541899999,79800.81427736023,79804.23580750871,79797.62435693401,79804.23580750871,0,1
1370541900000,1370541959999,79804.09554778533,79807.62880913344,79800.73214624955,79807.62880913344,0,1
1370541960000,1370542019999,79807.36206239715,79812.87680078599,79807.36206239715,79812.43587034065,0,1
1370542020000,1370542079999,79812.83578482053,79816.11311367992,79812.83578482053,79813.31087610907,0,1
1370542080000,1370542139999,79812.95883221223,79812.95883221223,79807.80663633808,79807.82373494109,0,1
1370542140000,1370542199999,79808.75727429209,79811.54711423286,79808.524752494,79808.524752494,0,1
1370542200000,1370542259999,79808.87011380438,79814.23365080438,79807.95710304134,79812.7537523849,0,1
1370542260000,1370542319999,79813.10922141265,79819.24590565007,79813.10238558897,79817.87265419497,0,1
1370542320000,1370542379999,79818.60712805837,79822.62016039186,79818.60712805837,79821.24054199758,0,1
1370542380000,1370542439999,79820.9468362818,79820.9468362818,79815.02990274779,79819.39620033011,0,1
1370542440000,1370542499999,79817.72916928121,79819.56015558673,79815.1836780073,79817.61984606028,0,1
1370542500000,1370542559999,79817.35336570209,79819.70019857309,79811.90262615468,79811.90262615468,0,1
1370542560000,1370542619999,79811.60864604685,79817.1449594479,79811.2360309331,79817.1449594479,0,1
1370542620000,1370542679999,79816.35229270816,79819.52599846327,79815.67915998066,79817.09712789151,0,1
1370542680000,1370542739999,79816.78280054347,79819.48500976113,79815.69624512809,79815.69624512809,0,1
1370542740000,1370542799999,79814.63691078546,79816.61196631896,79813.28011548602,79816.61196631896,0,1
1370542800000,1370542859999,79816.36937670557,79820.83754823198,79814.329341085,79819.99735646283,0,1
1370542860000,1370542919999,79818.63445627745,79819.56015558673,79817.7564998997,79819.09560871113,0,1
1370542920000,1370542979999,79819.37570573403,79824.24540717003,79819.37570573403,79822.64747764626,0,1
1370542980000,1370543039999,79823.11868853883,79823.39525850448,79822.54162286979,79822.86259841695,0,1
1370543040000,1370543099999,79822.1557556494,79827.82616376516,79819.08877697842,79827.82616376516,0,1
1370543100000,1370543159999,79829.62459203924,79833.11132457976,79827.62821451934,79833.11132457976,0,1
1370543160000,1370543219999,79831.82526436205,79840.08455329147,79831.5557506756,79837.98116223895,0,1
1370543220000,1370543279999,79838.75166152627,79844.9680323203,79838.28459603559,79842.35449195153,0,1
1370543280000,1370543339999,79841.56382104981,79843.51312085864,79840.26180428536,79840.29589065477,0,1
1370543340000,1370543399999,79839.8493500068,79843.39726400863,79839.65845631754,79843.20643803544,0,1
1370543400000,1370543459999,79842.98493903584,79845.01573075174,79839.71981540078,79839.99933534914,0,1
1370543460000,1370543519999,79840.1356837083,79843.22347621681,79836.67867889236,79836.67867889236,0,1
1370543520000,1370543579999,79836.03078368203,79837.23106165693,79833.47289262537,79835.70682033488,0,1
1370543580000,1370543639999,79835.90460973144,79837.3947247646,79833.72188943259,79837.0367082375,0,1
1370543640000,1370543699999,79837.96411512328,79838.12435686329,79833.27505512568,79833.95382608661,0,1
1370543700000,1370543759999,79833.70824593247,79836.5456932993,79833.02263608138,79836.15013595382,0,1
1370543760000,1370543819999,79837.27538734641,79838.49256219645,79835.46128322755,79837.82091820432,0,1
1370543820000,1370543879999,79838.18231600926,79840.03683133324,79836.7980234317,79840.03683133324,0,1
1370543880000,1370543939999,79839.70618008148,79840.81398916518,79836.80825289736,79836.80825289736,0,1
1370543940000,1370543999999,79836.81166271692,79836.90713719268,79832.35062459213,79832.35062459213,0,1
1370544000000,1370544059999,79831.1565841489,79838.32550775322,79831.1565841489,79836.62412091428,0,1
1370544060000,1370544119999,79837.06057640475,79838.2607307897,79836.02055342101,79836.32745669877,0,1
1370544120000,1370544179999,79836.68549861868,79840.72877743875,79835.52948858432,79840.72877743875,0,1
1370544180000,1370544239999,79839.77776530036,79843.42452456469,79839.28347596135,79843.24392199614,0,1
1370544240000,1370544299999,79842.91678451045,79847.36630012837,79842.91678451045,79845.611941949,0,1
1370544300000,1370544359999,79846.26262331654,79848.70826152618,79845.60172148509,79847.13467435386,0,1
1370544360000,1370544419999,79846.04800534587,79850.62892845302,79846.04800534587,79848.88195402609,0,1
1370544420000,1370544479999,79850.40759380166,79850.40759380166,79844.8896701176,79844.8896701176,0,1
1370544480000,1370544539999,79844.90670543129,79848.30296729358,79844.90670543129,79848.30296729358,0,1
1370544540000,1370544599999,79848.33702626465,79860.08385506146,79847.62176351086,79860.08385506146,0,1
1370544600000,1370544659999,79859.05302841072,79869.80174132588,79856.79028049619,79865.31799804924,0,1
1370544660000,1370544719999,79864.20609938934,79864.5155392607,79858.27728680306,79859.18231282827,0,1
1370544720000,1370544779999,79860.90367762306,79861.72683431378,79854.31257978977,79854.99332795948,0,1
1370544780000,1370544839999,79853.62497709585,79856.67457737,79852.32793440243,79855.96671733269,0,1
1370544840000,1370544899999,79853.97218832593,79857.55252645428,79851.5652900827,79853.9892081743,0,1
1370544900000,1370544959999,79854.85377836092,79858.70259118921,79853.48881253827,79855.5685240411,0,1
1370544960000,1370545019999,79854.27173342586,79855.71827380585,79852.58667551121,79853.22328631804,0,1
1370545020000,1370545079999,79852.53220425519,79855.82037463244,79851.3678101984,79855.59234801731,0,1
1370545080000,1370545139999,79855.23498241439,79856.18792897694,79853.35945449118,79855.765920988,0,1
1370545140000,1370545199999,79855.44940330867,79858.49164247459,79854.84697101363,79856.55887290505,0,1
1370545200000,1370545259999,79857.20543951746,79859.2231391392,79855.09203259727,79859.2231391392,0,1
1370545260000,1370545319999,79858.67877462169,79864.6923577453,79858.67877462169,79864.56314454488,0,1
1370545320000,1370545379999,79865.47780206833,79865.68180348819,79858.3113118196,79859.0666373755,0,1
1370545380000,1370545439999,79860.1893131826,79860.1893131826,79856.48060147847,79856.87535547021,0,1
1370545440000,1370545499999,79856.96383267542,79860.30157383141,79856.29002500846,79858.42359355286,0,1
1370545500000,1370545559999,79857.35176194985,79863.65180403377,79857.35176194985,79862.85601342558,0,1
1370545560000,1370545619999,79862.00573980702,79862.70296950963,79861.21662120786,79861.46832959351,0,1
1370545620000,1370545679999,79861.199613656,79861.199613656,79857.94043289265,79858.3113118196,0,1
1370545680000,1370545739999,79857.83154839392,79858.89992628088,79854.13898159096,79855.64339920378,0,1
1370545740000,1370545799999,79855.10905053979,79855.84419800866,79849.93085637459,79852.01471252386,0,1
1370545800000,1370545859999,79851.90916815923,79856.09263840706,79850.60168752953,79855.3915441552,0,1
1370545860000,1370545919999,79855.66722300161,79857.20203664474,79853.92793658459,79855.22817532659,0,1
1370545920000,1370545979999,79854.07430698168,79854.46915597242,79852.46071028136,79852.75008749905,0,1
1370545980000,1370546039999,79851.46995545304,79852.61050659242,79841.87055425261,79841.92849169008,0,1
1370546040000,1370546099999,79843.18939982505,79846.48404972845,79843.05309309674,79845.26444031537,0,1
1370546100000,1370546159999,79844.97484639587,79844.97484639587,79839.5800524966,79839.97547419516,0,1
1370546160000,1370546219999,79840.13909239345,79846.86216657376,79839.51528365914,79845.37686863593,0,1
1370546220000,1370546279999,79846.84854098981,79849.10332244735,79845.34620649205,79846.36822729377,0,1
1370546280000,1370546339999,79847.15511213802,79852.16111092738,79846.6884389878,79852.16111092738,0,1
1370546340000,1370546399999,79851.77298023624,79851.77298023624,79845.89811069796,79847.46167388793,0,1
1370546400000,1370546459999,79847.25048791176,79852.7024259451,79845.17926650372,79850.7174609419,0,1
1370546460000,1370546519999,79850.13858047612,79850.94559874326,79845.55402584866,79845.55402584866,0,1
1370546520000,1370546579999,79846.25921671806,79846.25921671806,79841.90122705544,79844.03105271596,0,1
1370546580000,1370546639999,79845.7175527979,79851.47336027688,79845.22355697631,79850.85366324044,0,1
1370546640000,1370546699999,79851.11244249699,79854.91504427815,79850.28841157562,79854.91504427815,0,1
1370546700000,1370546759999,79855.86461800024,79858.54948369398,79852.97477462224,79855.75230753054,0,1
1370546760000,1370546819999,79855.82718131716,79860.6315448059,79855.51066557686,79860.6315448059,0,1
1370546820000,1370546879999,79860.11447204991,79860.49547562016,79852.123660377,79856.56227599666,0,1
1370546880000,1370546939999,79856.67457737,79859.17550842692,79853.92793658459,79857.50488778406,0,1
1370546940000,1370546999999,79856.84472856295,79865.3247982723,79856.71201088084,79861.2234242205,0,1
1370547000000,1370547059999,79862.43428674726,79869.66239822663,79862.02614722062,79865.41660083084,0,1
1370547060000,1370547119999,79867.2864695341,79870.28093082282,79867.2864695341,79869.0880122714,0,1
1370547120000,1370547179999,79870.15178981442,79870.15178981442,79867.26267340168,79870.14839134432,0,1
1370547180000,1370547239999,79870.42706205785,79873.26430346955,79867.7249881232,79868.95205810427,0,1
1370547240000,1370547299999,79867.9731335337,79868.62915954928,79864.29791221835,79867.32046391076,0,1
1370547300000,1370547359999,79865.96399859211,79870.73970776096,79865.96399859211,79868.58157361759,0,1
1370547360000,1370547419999,79869.74736376206,79873.09782889982,79869.3905036619,79872.1498902664,0,1
1370547420000,1370547479999,79873.19635500031,79874.50767892976,79870.64795405713,79872.03096688991,0,1
1370547480000,1370547539999,79870.97758381328,79873.13520098323,79869.66239822663,79872.41151671651,0,1
1370547540000,1370547599999,79871.54846325322,79872.51684491323,79867.06550326901,79867.06550326901,0,1
1370547600000,1370547659999,79867.33406162907,79872.44549367538,79867.25587449632,79867.73518600113,0,1
1370547660000,1370547719999,79868.74132549233,79868.74132549233,79865.41660083084,79865.41660083084,0,1
1370547720000,1370547779999,79865.30099747141,79865.30099747141,79862.48870409225,79863.23691255844,0,1
1370547780000,1370547839999,79862.6825634772,79863.38314676408,79860.34239557307,79863.38314676408,0,1
1370547840000,1370547899999,79862.64855333061,79866.11699260853,79862.43768783999,79866.11699260853,0,1
1370547900000,1370547959999,79866.83433333496,79868.8398945249,79863.19270179622,79865.93339950795,0,1
1370547960000,1370548019999,79866.87852800022,79867.47343717562,79864.9745807719,79865.13779045349,0,1
1370548020000,1370548079999,79864.65155375711,79867.24907558631,79863.447761197,79864.78416610997,0,1
1370548080000,1370548139999,79865.32819838208,79865.69540343486,79863.62459856275,79864.00206786237,0,1
1370548140000,1370548199999,79865.27719661385,79867.31366504467,79863.77082709924,79866.36177816619,0,1
1370548200000,1370548259999,79867.24907558631,79875.7542963776,79867.1130964156,79871.133899281,0,1
1370548260000,1370548319999,79871.91883783958,79874.704702381,79871.19506553802,79874.704702381,0,1
1370548320000,1370548379999,79873.9301740361,79879.85311149711,79873.9301740361,79879.04163194704,0,1
1370548380000,1370548439999,79879.96854675253,79879.96854675253,79876.94642000801,79879.03484104536,0,1
1370548440000,1370548499999,79879.72069882792,79885.77932924351,79878.81752975643,79884.5848646354,0,1
1370548500000,1370548559999,79884.76811563021,79884.76811563021,79880.3895346278,79882.7657467193,0,1
1370548560000,1370548619999,79882.13780270115,79882.13780270115,79878.78357444095,79879.2249845494,0,1
1370548620000,1370548679999,79879.35740378256,79881.6625756104,79878.97032724934,79881.09906279357,0,1
1370548680000,1370548739999,79880.82408416804,79882.46705394144,79879.28610133643,79879.41172911457,0,1
1370548740000,1370548799999,79880.87161187839,79886.60722667292,79879.99231266911,79886.12881889535,0,1
1370548800000,1370548859999,79888.82253309227,79892.35311736603,79883.49546995937,79892.35311736603,0,1
1370548860000,1370548919999,79892.60743409583,79895.04176564142,79891.11535027593,79894.50951813807,0,1
1370548920000,1370548979999,79893.52631130989,79897.80764045847,79891.33917704216,79897.6924109467,0,1
1370548980000,1370549039999,79896.76713761335,79897.42466666011,79895.61127299737,79896.30616363628,0,1
1370549040000,1370549099999,79897.70935654642,79897.70935654642,79896.01804410935,79896.2417611683,0,1
1370549100000,1370549159999,79895.6180526515,79898.24482270711,79894.63495481451,79897.57379094469,0,1
1370549160000,1370549219999,79898.30243444635,79898.61420986506,79896.73663263909,79898.22110012978,0,1
1370549220000,1370549279999,79897.37382832753,79901.89065272782,79897.37382832753,79901.89065272782,0,1
1370549280000,1370549339999,79902.96110871938,79905.42001352337,79901.75175605186,79905.42001352337,0,1
1370549340000,1370549399999,79906.07697388317,79908.15932071926,79904.40062360873,79907.96972659288,0,1
1370549400000,1370549459999,79908.30828501117,79908.30828501117,79903.78419789545,79905.23036745374,0,1
1370549460000,1370549519999,79904.74607634998,79904.74607634998,79900.91155941825,79901.51122309858,0,1
1370549520000,1370549579999,79900.02046730636,79902.57494477037,79899.63418978149,79902.57494477037,0,1
1370549580000,1370549639999,79901.78224573136,79902.2023162965,79897.9194795972,79897.9601480648,0,1
1370549640000,1370549699999,79896.68918027196,79896.83492611189,79892.99059242249,79896.83492611189,0,1
1370549700000,1370549759999,79896.83492611189,79896.83492611189,79896.83492611189,79896.83492611189,0,1
1370549760000,1370549819999,79896.83492611189,79896.83492611189,79896.83492611189,79896.83492611189,0,1
1370549820000,1370549879999,79896.83492611189,79896.83492611189,79896.83492611189,79896.83492611189,0,1
1370549880000,1370549939999,79896.83492611189,79896.83492611189,79896.83492611189,79896.83492611189,0,1
1370549940000,1370549999999,79896.83492611189,79896.83492611189,79896.83492611189,79896.83492611189,0,1
1370550000000,1370550059999,79896.83492611189,79896.83492611189,79896.83492611189,79896.83492611189,0,1
1370550060000,1370550119999,79896.83492611189,79896.83492611189,79896.83492611189,79896.83492611189,0,1
1370550120000,1370550179999,79896.83492611189,79896.83492611189,79896.83492611189,79896.83492611189,0,1
1370550180000,1370550239999,79896.83492611189,79896.83492611189,79896.83492611189,79896.83492611189,0,1
1370550240000,1370550299999,79896.83492611189,79896.83492611189,79896.83492611189,79896.83492611189,0,1
1370550300000,1370550359999,79896.83492611189,79896.83492611189,79896.83492611189,79896.83492611189,0,1
1370550360000,1370550419999,79896.83492611189,79896.83492611189,79896.83492611189,79896.83492611189,0,1
1370550420000,1370550479999,79896.83492611189,79896.83492611189,79896.83492611189,79896.83492611189,0,1
1370550480000,1370550539999,79896.83492611189,79896.83492611189,79896.83492611189,79896.83492611189,0,1
1370550540000,1370550599999,79896.83492611189,79896.83492611189,79896.83492611189,79896.83492611189,0,1
1370550600000,1370550659999,79896.83492611189,79896.83492611189,79896.83492611189,79896.83492611189,0,1
1370550660000,1370550719999,79896.83492611189,79896.83492611189,79896.83492611189,79896.83492611189,0,1
1370550720000,1370550779999,79896.83492611189,79896.83492611189,79896.83492611189,79896.83492611189,0,1
1370550780000,1370550839999,79896.83492611189,79896.83492611189,79896.83492611189,79896.83492611189,0,1
1370550840000,1370550899999,79896.83492611189,79896.83492611189,79896.83492611189,79896.83492611189,0,1
1370550900000,1370550959999,79896.83492611189,79896.83492611189,79896.83492611189,79896.83492611189,0,1
1370550960000,1370551019999,79896.83492611189,79896.83492611189,79896.83492611189,79896.83492611189,0,1
1370551020000,1370551079999,79896.83492611189,79896.83492611189,79896.83492611189,79896.83492611189,0,1
1370551080000,1370551139999,79896.83492611189,79896.83492611189,79896.83492611189,79896.83492611189,0,1
1370551140000,1370551199999,79896.83492611189,79896.83492611189,79896.83492611189,79896.83492611189,0,1
1370551200000,1370551259999,79896.83492611189,79896.83492611189,79896.83492611189,79896.83492611189,0,1
1370551260000,1370551319999,79896.83492611189,79896.83492611189,79896.83492611189,79896.83492611189,0,1
1370551320000,1370551379999,79896.83492611189,79896.83492611189,79896.83492611189,79896.83492611189,0,1
1370551380000,1370551439999,79896.83492611189,79896.83492611189,79896.83492611189,79896.83492611189,0,1
1370551440000,1370551499999,79896.83492611189,79896.83492611189,79896.83492611189,79896.83492611189,0,1
1370551500000,1370551559999,79896.83492611189,79896.83492611189,79896.83492611189,79896.83492611189,0,1
1370551560000,1370551619999,79896.83492611189,79896.83492611189,79896.83492611189,79896.83492611189,0,1
1370551620000,1370551679999,79896.83492611189,79896.83492611189,79896.83492611189,79896.83492611189,0,1
1370551680000,1370551739999,79896.83492611189,79896.83492611189,79896.83492611189,79896.83492611189,0,1
1370551740000,1370551799999,79896.83492611189,79896.83492611189,79896.83492611189,79896.83492611189,0,1
1370551800000,1370551859999,79896.83492611189,79896.83492611189,79896.83492611189,79896.83492611189,0,1
1370551860000,1370551919999,79896.83492611189,79896.83492611189,79896.83492611189,79896.83492611189,0,1
1370551920000,1370551979999,79896.83492611189,79896.83492611189,79896.83492611189,79896.83492611189,0,1
1370551980000,1370552039999,79896.83492611189,79896.83492611189,79896.83492611189,79896.83492611189,0,1
1370552040000,1370552099999,79896.83492611189,79896.83492611189,79896.83492611189,79896.83492611189,0,1
1370552100000,1370552159999,79896.83492611189,79896.83492611189,79896.83492611189,79896.83492611189,0,1
1370552160000,1370552219999,79896.83492611189,79896.83492611189,79896.83492611189,79896.83492611189,0,1
1370552220000,1370552279999,79896.83492611189,79896.83492611189,79896.83492611189,79896.83492611189,0,1
1370552280000,1370552339999,79896.83492611189,79896.83492611189,79896.83492611189,79896.83492611189,0,1
1370552340000,1370552399999,79896.83492611189,79896.83492611189,79896.83492611189,79896.83492611189,0,1
1370552400000,1370552459999,79896.83492611189,79896.83492611189,79896.83492611189,79896.83492611189,0,1
1370552460000,1370552519999,79896.83492611189,79896.83492611189,79896.83492611189,79896.83492611189,0,1
1370552520000,1370552579999,79896.83492611189,79896.83492611189,79896.83492611189,79896.83492611189,0,1
1370552580000,1370552639999,79896.83492611189,79896.83492611189,79896.83492611189,79896.83492611189,0,1
1370552640000,1370552699999,79896.83492611189,79896.83492611189,79896.83492611189,79896.83492611189,0,1
1370552700000,1370552759999,79896.83492611189,79896.83492611189,79896.83492611189,79896.83492611189,0,1
1370552760000,1370552819999,79896.83492611189,79896.83492611189,79896.83492611189,79896.83492611189,0,1
1370552820000,1370552879999,79896.83492611189,79896.83492611189,79896.83492611189,79896.83492611189,0,1
1370552880000,1370552939999,79896.83492611189,79896.83492611189,79896.83492611189,79896.83492611189,0,1
1370552940000,1370552999999,79896.83492611189,79896.83492611189,79896.83492611189,79896.83492611189,0,1
1370553000000,1370553059999,79896.83492611189,79896.83492611189,79896.83492611189,79896.83492611189,0,1
1370553060000,1370553119999,79896.83492611189,79896.83492611189,79896.83492611189,79896.83492611189,0,1
1370553120000,1370553179999,79896.83492611189,79896.83492611189,79896.83492611189,79896.83492611189,0,1
1370553180000,1370553239999,79896.83492611189,79896.83492611189,79896.83492611189,79896.83492611189,0,1
1370553240000,1370553299999,79896.83492611189,79896.83492611189,79896.83492611189,79896.83492611189,0,1
1370553300000,1370553359999,79896.83492611189,79896.83492611189,79896.83492611189,79896.83492611189,0,1
1370553360000,1370553419999,79896.83492611189,79896.83492611189,79896.83492611189,79896.83492611189,0,1
1370553420000,1370553479999,79896.83492611189,79896.83492611189,79896.83492611189,79896.83492611189,0,1
1370553480000,1370553539999,79896.83492611189,79896.83492611189,79896.83492611189,79896.83492611189,0,1
1370553540000,1370553599999,79896.83492611189,79896.83492611189,79896.83492611189,79896.83492611189,0,1
1370553600000,1370553659999,79896.83492611189,79896.83492611189,79896.83492611189,79896.83492611189,0,1
1370553660000,1370553719999,79896.83492611189,79896.83492611189,79896.83492611189,79896.83492611189,0,1
1370553720000,1370553779999,79896.83492611189,79896.83492611189,79896.83492611189,79896.83492611189,0,1
1370553780000,1370553839999,79896.83492611189,79896.83492611189,79896.83492611189,79896.83492611189,0,1
1370553840000,1370553899999,79896.83492611189,79896.83492611189,79896.83492611189,79896.83492611189,0,1
1370553900000,1370553959999,79896.83492611189,79896.83492611189,79896.83492611189,79896.83492611189,0,1
1370553960000,1370554019999,79896.83492611189,79896.83492611189,79896.83492611189,79896.83492611189,0,1
1370554020000,1370554079999,79896.83492611189,79896.83492611189,79896.83492611189,79896.83492611189,0,1
1370554080000,1370554139999,79896.83492611189,79896.83492611189,79896.83492611189,79896.83492611189,0,1
1370554140000,1370554199999,79896.83492611189,79896.83492611189,79896.83492611189,79896.83492611189,0,1
1370554200000,1370554259999,79896.83492611189,79896.83492611189,79896.83492611189,79896.83492611189,0,1
1370554260000,1370554319999,79896.83492611189,79896.83492611189,79896.83492611189,79896.83492611189,0,1
1370554320000,1370554379999,79896.83492611189,79896.83492611189,79896.83492611189,79896.83492611189,0,1
1370554380000,1370554439999,79896.83492611189,79896.83492611189,79896.83492611189,79896.83492611189,0,1
1370554440000,1370554499999,79896.83492611189,79896.83492611189,79896.83492611189,79896.83492611189,0,1
1370554500000,1370554559999,79896.83492611189,79896.83492611189,79896.83492611189,79896.83492611189,0,1
1370554560000,1370554619999,79896.83492611189,79896.83492611189,79896.83492611189,79896.83492611189,0,1
1370554620000,1370554679999,79896.83492611189,79896.83492611189,79896.83492611189,79896.83492611189,0,1
1370554680000,1370554739999,79896.83492611189,79896.83492611189,79896.83492611189,79896.83492611189,0,1
1370554740000,1370554799999,79896.83492611189,79896.83492611189,79896.83492611189,79896.83492611189,0,1
1370554800000,1370554859999,79896.83492611189,79896.83492611189,79896.83492611189,79896.83492611189,0,1
1370554860000,1370554919999,79896.83492611189,79896.83492611189,79896.83492611189,79896.83492611189,0,1
1370554920000,1370554979999,79896.83492611189,79896.83492611189,79896.83492611189,79896.83492611189,0,1
1370554980000,1370555039999,79896.83492611189,79896.83492611189,79896.83492611189,79896.83492611189,0,1
1370555040000,1370555099999,79896.83492611189,79896.83492611189,79896.83492611189,79896.83492611189,0,1
1370555100000,1370555159999,79896.83492611189,79896.83492611189,79896.83492611189,79896.83492611189,0,1
1370555160000,1370555219999,79896.83492611189,79896.83492611189,79896.83492611189,79896.83492611189,0,1
1370555220000,1370555279999,79896.83492611189,79896.83492611189,79896.83492611189,79896.83492611189,0,1
1370555280000,1370555339999,79896.83492611189,79896.83492611189,79896.83492611189,79896.83492611189,0,1
1370555340000,1370555399999,79896.83492611189,79896.83492611189,79896.83492611189,79896.83492611189,0,1
1370555400000,1370555459999,79896.83492611189,79896.83492611189,79896.83492611189,79896.83492611189,0,1
1370555460000,1370555519999,79896.83492611189,79896.83492611189,79896.83492611189,79896.83492611189,0,1
1370555520000,1370555579999,79896.83492611189,79896.83492611189,79896.83492611189,79896.83492611189,0,1
1370555580000,1370555639999,79896.83492611189,79896.83492611189,79896.83492611189,79896.83492611189,0,1
1370555640000,1370555699999,79896.83492611189,79896.83492611189,79896.83492611189,79896.83492611189,0,1
1370555700000,1370555759999,79896.83492611189,79896.83492611189,79896.83492611189,79896.83492611189,0,1
1370555760000,1370555819999,79896.83492611189,79896.83492611189,79896.83492611189,79896.83492611189,0,1
1370555820000,1370555879999,79896.83492611189,79896.83492611189,79896.83492611189,79896.83492611189,0,1
1370555880000,1370555939999,79896.83492611189,79896.83492611189,79896.83492611189,79896.83492611189,0,1
1370555940000,1370555999999,79896.83492611189,79896.83492611189,79896.83492611189,79896.83492611189,0,1
1370556000000,1370556059999,79886.39347283488,79888.00838868975,79885.45018704403,79888.00838868975,0,1
1370556060000,1370556119999,79888.53419786354,79889.0633714404,79887.14668032863,79888.14408402659,0,1
1370556120000,1370556179999,79887.4113073318,79887.63860955132,79886.15935624583,79886.46133169117,0,1
1370556180000,1370556239999,79886.74972669328,79886.74972669328,79886.18310745397,79886.4511528921,0,1
1370556240000,1370556299999,79886.59704802233,79886.73276251162,79886.21364463866,79886.37990100836,0,1
1370556300000,1370556359999,79886.91258137296,79886.91258137296,79886.284897707,79886.56990490346,0,1
1370556360000,1370556419999,79886.17632140026,79886.6445483031,79886.17632140026,79886.58347647211,0,1
1370556420000,1370556479999,79886.65472690533,79886.65472690533,79886.23400271,79886.27811172236,0,1
1370556480000,1370556539999,79886.72258398881,79887.46219633729,79886.4782963333,79887.2654240808,0,1
1370556540000,1370556599999,79887.51647765769,79887.77091741952,79885.54519827572,79886.02024089392,0,1
1370556600000,1370556659999,79887.16025111453,79887.44523336424,79886.76669084615,79887.3739885632,0,1
1370556660000,1370556719999,79887.2925653119,79888.31030830486,79887.2925653119,79888.12372984343,0,1
1370556720000,1370556779999,79888.44939180228,79888.44939180228,79887.08900428312,79887.49951477672,0,1
1370556780000,1370556839999,79888.07623658833,79888.07623658833,79887.37059594096,79887.91679329645,0,1
1370556840000,1370556899999,79887.49951477672,79888.15765345898,79886.41722348696,79887.06864795233,0,1
1370556900000,1370556959999,79887.3739885632,79887.3739885632,79886.68865550464,79886.68865550464,0,1
1370556960000,1370557019999,79885.66056784347,79887.2756020511,79885.66056784347,79886.41722348696,0,1
1370557020000,1370557079999,79886.37990100836,79886.76669084615,79886.27132573312,79886.27132573312,0,1
1370557080000,1370557139999,79887.18399994554,79888.17461522362,79887.15685841978,79888.17461522362,0,1
1370557140000,1370557199999,79888.4052923662,79889.17191640532,79887.89983109452,79889.17191640532,0,1
1370557200000,1370557259999,79888.91412018982,79889.48058471021,79886.30186264844,79886.30186264844,0,1
1370557260000,1370557319999,79886.58008358166,79887.62164687751,79886.30864861696,79886.30864861696,0,1
1370557320000,1370557379999,79887.3909516571,79887.51647765769,79886.27471872832,79886.5427617109,0,1
1370557380000,1370557439999,79887.21453407397,79887.68610488491,79887.0041859648,79887.35363281252,0,1
1370557440000,1370557499999,79887.01436420098,79887.20774872015,79886.82776155823,79887.20774872015,0,1
1370557500000,1370557559999,79887.4113073318,79887.4113073318,79886.30864861696,79886.34597136149,0,1
1370557560000,1370557619999,79886.79044061185,79886.82097594198,79886.27811172236,79886.82097594198,0,1
1370557620000,1370557679999,79887.45880374497,79887.45880374497,79886.80061906559,79887.03472064227,0,1
1370557680000,1370557739999,79886.97365119409,79887.71324497423,79886.97365119409,79887.67931985106,0,1
1370557740000,1370557799999,79887.7777023912,79888.20175398716,79887.55040333333,79887.55040333333,0,1
1370557800000,1370557859999,79887.14668032863,79888.16104581421,79887.14668032863,79888.16104581421,0,1
1370557860000,1370557919999,79887.19417799871,79887.40452211151,79886.87526074312,79886.87865353341,0,1
1370557920000,1370557979999,79886.97365119409,79887.06864795233,79886.08470922445,79886.68526264987,0,1
1370557980000,1370558039999,79886.41383054011,79886.41383054011,79886.41383054011,79886.41383054011,0,1
1370558040000,1370558099999,79886.18650047909,79886.18650047909,79886.18650047909,79886.18650047909,0,1
1370558100000,1370558159999,79887.36720331757,79887.75056247681,79887.15007302683,79887.15007302683,0,1
1370558160000,1370558219999,79887.79127232078,79887.79127232078,79887.13310952432,79887.75056247681,0,1
1370558220000,1370558279999,79887.75056247681,79887.75056247681,79887.75056247681,79887.75056247681,0,1
1370558280000,1370558339999,79887.30274325456,79887.30274325456,79887.30274325456,79887.30274325456,0,1
1370558340000,1370558399999,79887.12971682036,79887.12971682036,79886.21025162275,79886.21025162275,0,1
1370558400000,1370558459999,79887.17042919187,79887.80144975589,79887.14668032863,79887.61486179993,0,1
1370558460000,1370558519999,79887.50629993256,79888.30352369453,79887.23828277604,79888.19836164574,0,1
1370558520000,1370558579999,79887.89983109452,79888.3917232698,79887.89983109452,79888.05248987618,0,1
1370558580000,1370558639999,79888.26620825542,79888.31030830486,79888.26620825542,79888.31030830486,0,1
1370558640000,1370558699999,79888.24924664616,79888.33744670016,79888.19836164574,79888.19836164574,0,1
1370558700000,1370558759999,79887.8184121247,79888.37815415501,79887.8184121247,79888.37815415501,0,1
1370558760000,1370558819999,79888.06605943288,79889.83672860799,79888.06605943288,79889.4941523292,0,1
1370558820000,1370558879999,79889.26010832179,79890.81690679431,79889.23297243033,79890.81690679431,0,1
1370558880000,1370558939999,79889.77567626917,79890.06397570446,79888.4154691764,79888.4154691764,0,1
1370558940000,1370558999999,79887.23149743835,79887.48594445121,79886.18989350306,79886.18989350306,0,1
1370559000000,1370559059999,79886.22043066705,79888.75808240968,79886.22043066705,79888.65970951432,0,1
1370559060000,1370559119999,79888.7411216347,79889.11086000752,79887.70645995882,79888.7411216347,0,1
1370559120000,1370559179999,79889.08033166883,79889.08033166883,79888.21871567698,79888.90733598913,0,1
1370559180000,1370559239999,79888.78182744634,79888.78182744634,79886.98382946136,79886.98382946136,0,1
1370559240000,1370559299999,79887.01097145674,79889.05997939126,79887.01097145674,79889.05997939126,0,1
1370559300000,1370559359999,79888.99892231001,79889.44666558223,79887.52665537247,79889.07693962545,0,1
1370559360000,1370559419999,79888.83270947787,79889.70783989999,79888.83270947787,79889.70783989999,0,1
1370559420000,1370559479999,79889.29402808256,79890.00970821048,79889.29402808256,79889.72819085907,0,1
1370559480000,1370559539999,79889.9181311466,79890.11824290393,79889.56199014797,79889.62304379139,0,1
1370559540000,1370559599999,79889.75193359231,79889.75193359231,79889.2736762399,79889.51450372314,0,1
1370559600000,1370559659999,79889.86725463762,79889.86725463762,79889.5246794046,79889.58912514661,0,1
1370559660000,1370559719999,79889.56199014797,79889.78585168486,79889.56199014797,79889.78585168486,0,1
1370559720000,1370559779999,79889.19566045934,79889.46023324723,79889.19566045934,79889.46023324723,0,1
1370559780000,1370559839999,79889.18209243538,79889.4941523292,79888.53759009103,79888.53759009103,0,1
1370559840000,1370559899999,79888.99553023902,79888.99553023902,79888.50366776434,79888.6970234851,0,1
1370559900000,1370559959999,79889.19226845508,79889.52807129611,79889.19226845508,79889.20583646523,0,1
1370559960000,1370560019999,79889.68409706207,79889.78924348779,79888.95821738207,79888.95821738207,0,1
1370560020000,1370560079999,79887.98124940142,79887.98124940142,79886.86508236534,79886.86508236534,0,1
1370560080000,1370560139999,79887.15007302683,79887.68610488491,79887.15007302683,79887.68610488491,0,1
1370560140000,1370560199999,79887.7098524671,79887.8421593927,79886.86847515909,79887.44862596114,0,1
1370560200000,1370560259999,79887.39434427243,79887.39434427243,79886.82097594198,79886.82097594198,0,1
1370560260000,1370560319999,79887.68271236855,79887.68271236855,79887.15685841978,79887.15685841978,0,1
1370560320000,1370560379999,79886.94311633015,79887.4113073318,79886.94311633015,79887.4113073318,0,1
1370560380000,1370560439999,79887.50969250876,79887.66574976956,79887.50969250876,79887.66574976956,0,1
1370560440000,1370560499999,79887.3468475531,79887.68949740009,79887.13310952432,79887.68949740009,0,1
1370560500000,1370560559999,79887.56397357135,79887.56397357135,79887.56397357135,79887.56397357135,0,1
1370560560000,1370560619999,79887.75734746232,79887.79805727868,79886.24757473453,79886.37990100836,0,1
1370560620000,1370560679999,79886.51901135697,79886.77347649925,79886.11524670964,79886.54954751594,0,1
1370560680000,1370560739999,79886.74972669328,79887.25524610016,79886.69883406197,79887.25524610016,0,1
1370560740000,1370560799999,79887.37059594096,79887.57415123777,79887.16364380813,79887.57415123777,0,1
1370560800000,1370560859999,79887.7335999929,79889.61965193208,79887.7335999929,79889.06676348839,0,1
1370560860000,1370560919999,79889.42631405022,79889.42631405022,79888.49009880144,79888.49009880144,0,1
1370560920000,1370560979999,79889.15156431415,79889.77567626917,79888.19496930318,79888.51045223889,0,1
1370560980000,1370561039999,79889.62304379139,79889.62304379139,79889.46701707284,79889.46701707284,0,1
1370561040000,1370561099999,79889.72479903544,79890.12163459412,79889.53485507568,79889.90117233903,0,1
1370561100000,1370561159999,79889.60608448338,79891.0610884872,79889.60608448338,79891.0610884872,0,1
1370561160000,1370561219999,79889.61286821004,79890.41331564702,79889.61286821004,79889.97239913754,0,1
1370561220000,1370561279999,79889.83672860799,79889.83672860799,79889.2397564101,79889.2397564101,0,1
1370561280000,1370561339999,79889.82655324407,79889.82655324407,79889.82655324407,79889.82655324407,0,1
1370561340000,1370561399999,79890.03345027532,79890.03345027532,79887.92018573338,79887.95750246372,0,1
1370561400000,1370561459999,79888.3408389944,79888.3408389944,79887.22471209605,79887.31631382868,0,1
1370561460000,1370561519999,79887.60129163097,79887.60129163097,79887.13310952432,79887.24506810914,0,1
1370561520000,1370561579999,79887.3468475531,79887.79805727868,79887.15346572388,79887.15346572388,0,1
1370561580000,1370561639999,79887.62164687751,79887.73699249199,79886.26114674064,79887.73699249199,0,1
1370561640000,1370561699999,79887.37059594096,79887.60807671775,79886.64794117166,79887.17721457101,0,1
1370561700000,1370561759999,79888.14408402659,79888.47652982014,79887.13989492878,79888.47652982014,0,1
1370561760000,1370561819999,79888.32726981056,79888.32726981056,79886.24078872456,79886.41043759213,0,1
1370561820000,1370561879999,79886.77008367328,79886.77008367328,79885.8268334086,79885.8268334086,0,1
1370561880000,1370561939999,79885.78950872646,79885.78950872646,79885.78950872646,79885.78950872646,0,1
1370561940000,1370561999999,79885.90148235497,79885.90148235497,79885.90148235497,79885.90148235497,0,1
1370562000000,1370562059999,79886.18650047909,79886.89901025096,79886.06774391461,79886.52579717814,0,1
1370562060000,1370562119999,79886.60044090702,79887.59450653958,79886.17292837167,79887.59450653958,0,1
1370562120000,1370562179999,79887.66235724631,79887.66235724631,79887.17382188201,79887.37738118428,0,1
1370562180000,1370562239999,79887.24846077398,79887.24846077398,79886.12542585065,79886.12542585065,0,1
1370562240000,1370562299999,79887.16364380813,79887.76413244322,79886.78704779163,79887.73699249199,0,1
1370562300000,1370562359999,79887.79466480031,79887.79466480031,79887.14668032863,79887.2756020511,0,1
1370562360000,1370562419999,79887.18060725885,79887.41469994023,79886.80061906559,79886.86168957046,0,1
1370562420000,1370562479999,79887.44184076617,79887.44184076617,79885.98291693364,79886.68526264987,0,1
1370562480000,1370562539999,79885.77932924351,79887.26881673872,79885.77932924351,79886.284897707,0,1
1370562540000,1370562599999,79886.57329779734,79887.7335999929,79886.57329779734,79886.79722624882,0,1
1370562600000,1370562659999,79887.03811337845,79887.33327702043,79885.81326081303,79886.38329396672,0,1
1370562660000,1370562719999,79886.23739571785,79886.32900649488,79885.48751299271,79885.48751299271,0,1
1370562720000,1370562779999,79886.27471872832,79886.70901260895,79886.20685860568,79886.57329779734,0,1
1370562780000,1370562839999,79886.39686578863,79886.77008367328,79886.22721669084,79886.35275730008,0,1
1370562840000,1370562899999,79886.69544121069,79887.70645995882,79886.4274023206,79887.50290735521,0,1
1370562900000,1370562959999,79887.55379589455,79887.77091741952,79887.25863876153,79887.7098524671,0,1
1370562960000,1370563019999,79887.39434427243,79887.62843195048,79887.23828277604,79887.23828277604,0,1
1370563020000,1370563079999,79887.75395497015,79887.75395497015,79887.38077380421,79887.38077380421,0,1
1370563080000,1370563139999,79887.65217966965,79887.79805727868,79887.16364380813,79887.2722093955,0,1
1370563140000,1370563199999,79887.30952854393,79887.62164687751,79887.14668032863,79887.23149743835,0,1
1370563200000,1370563259999,79887.60129163097,79887.6759273324,79885.90148235497,79886.70222691212,0,1
1370563260000,1370563319999,79886.33579244498,79887.7844873583,79886.1559632115,79887.60807671775,0,1
1370563320000,1370563379999,79886.80740469565,79887.55718845464,79886.80740469565,79887.10257514728,0,1
1370563380000,1370563439999,79887.2925653119,79887.78109487533,79886.3391854183,79887.63521701886,0,1
1370563440000,1370563499999,79887.475766695,79887.65217966965,79887.31631382868,79887.475766695,0,1
1370563500000,1370563559999,79887.40791472222,79887.65896472191,79887.16025111453,79887.16025111453,0,1
1370563560000,1370563619999,79887.65217966965,79887.67931985106,79887.2654240808,79887.6759273324,0,1
1370563620000,1370563679999,79887.69628242703,79888.30013138763,79887.31970646934,79887.60129163097,0,1
1370563680000,1370563739999,79887.71324497423,79888.28995446005,79887.32988438438,79888.28995446005,0,1
1370563740000,1370563799999,79887.99821146525,79888.47652982014,79887.38755904061,79888.08641373341,0,1
1370563800000,1370563859999,79888.4392150266,79888.56472786953,79887.950717614,79888.22550034485,0,1
1370563860000,1370563919999,79888.19157695945,79889.40935440858,79887.55040333333,79887.65896472191,0,1
1370563920000,1370563979999,79887.44523336424,79887.7437774867,79886.13560498129,79886.65811977044,0,1
1370563980000,1370564039999,79886.16614231105,79887.43844816695,79886.16614231105,79886.67169121937,0,1
1370564040000,1370564099999,79886.73276251162,79886.73276251162,79886.16274927903,79886.58008358166,0,1
1370564100000,1370564159999,79886.31204159949,79887.22131942317,79886.31204159949,79886.43079526283,0,1
1370564160000,1370564219999,79886.24757473453,79886.67169121937,79886.14917713936,79886.14917713936,0,1
1370564220000,1370564279999,79886.41043759213,79888.21871567698,79886.41043759213,79887.82519706417,0,1
1370564280000,1370564339999,79887.60468417493,79888.87341491668,79887.15007302683,79888.87341491668,0,1
1370564340000,1370564399999,79889.99274955821,79889.99274955821,79887.93036303729,79888.42903824056,0,1
1370564400000,1370564459999,79888.10337561887,79890.98647804698,79888.10337561887,79890.98647804698,0,1
1370564460000,1370564519999,79890.68463922109,79891.12213297881,79889.65696232111,79891.12213297881,0,1
1370564520000,1370564579999,79890.40314086978,79890.8101238844,79889.9079558655,79890.8101238844,0,1
1370564580000,1370564639999,79890.545586809,79891.00004362297,79890.53880371504,79890.78977512705,0,1
1370564640000,1370564699999,79890.66768171337,79891.52569552047,79890.66768171337,79891.10856756843,0,1
1370564700000,1370564759999,79890.67107321722,79893.33983014338,79890.67107321722,79892.5972615508,0,1
1370564760000,1370564819999,79893.04823444012,79896.19091682167,79892.35989922943,79896.19091682167,0,1
1370564820000,1370564879999,79896.22481308148,79898.01098341672,79896.22481308148,79897.79747320202,0,1
1370564880000,1370564939999,79898.22448907285,79898.46510109495,79897.53651008203,79898.46510109495,0,1
1370564940000,1370564999999,79898.07537449151,79898.45154564198,79897.09929686545,79897.09929686545,0,1
1370565000000,1370565059999,79897.80086228866,79897.99064930696,79897.33993596223,79897.33993596223,0,1
1370565060000,1370565119999,79897.78730593524,79897.82458586292,79897.36366063,79897.3907744671,0,1
1370565120000,1370565179999,79897.7229130055,79897.7229130055,79897.50261826809,79897.52295337024,0,1
1370565180000,1370565239999,79897.35010368387,79897.80425137414,79895.7434754237,79897.65174139025,0,1
1370565240000,1370565299999,79897.46194793974,79897.74663676471,79896.35361782096,79897.58395842857,0,1
1370565300000,1370565359999,79897.65174139025,79897.91609055076,79896.82136844893,79897.29926497223,0,1
1370565360000,1370565419999,79897.36704986366,79899.66468591805,79897.36704986366,79899.26484029907,0,1
1370565420000,1370565479999,79898.7599276514,79898.7599276514,79897.76697137064,79898.29904552971,0,1
1370565480000,1370565539999,79898.54304459304,79898.54304459304,79897.4551695356,79897.98726028464,0,1
1370565540000,1370565599999,79899.22078853282,79900.37962424984,79897.57379094469,79900.04079728908,0,1
1370565600000,1370565659999,79900.15938803124,79901.65012311547,79899.60030507624,79899.61047049986,0,1
1370565660000,1370565719999,79899.55625478775,79899.66468591805,79899.02763619,79899.12251850881,0,1
1370565720000,1370565779999,79899.66468591805,79901.96518185617,79899.43087982766,79901.96518185617,0,1
1370565780000,1370565839999,79901.72465403649,79901.72465403649,79899.36649748056,79899.83749560191,0,1
1370565840000,1370565899999,79899.50881579852,79901.10806334241,79899.44443395318,79900.82008213639,0,1
1370565900000,1370565959999,79900.34235384612,79900.8099179423,79899.1360730523,79899.16995933063,0,1
1370565960000,1370566019999,79899.33938899987,79899.57997419796,79898.36004585368,79898.53287808425,0,1
1370566020000,1370566079999,79899.34277756399,79899.34277756399,79897.45855873825,79897.88558908118,0,1
1370566080000,1370566139999,79897.70257830998,79901.31133920063,79897.64157397528,79900.27797736705,0,1
1370566140000,1370566199999,79900.04757394081,79901.32827866895,79898.88192230464,79899.56980874333,0,1
1370566200000,1370566259999,79899.00391546963,79901.10467537642,79899.00391546963,79899.61047049986,0,1
1370566260000,1370566319999,79899.82055360806,79899.82055360806,79897.46194793974,79899.45121100906,0,1
1370566320000,1370566379999,79900.10856359967,79900.63034880995,79899.4071600638,79900.63034880995,0,1
1370566380000,1370566439999,79899.92559350714,79901.56542821277,79899.87137950346,79899.97641886867,0,1
1370566440000,1370566499999,79900.17294116937,79900.31863624415,79899.08863206973,79899.87137950346,0,1
1370566500000,1370566559999,79899.95947711018,79899.99336059843,79898.62437629115,79899.55964327836,0,1
1370566560000,1370566619999,79899.92898187261,79899.92898187261,79898.9124207354,79898.9124207354,0,1
1370566620000,1370566679999,79899.63418978149,79901.25713270913,79898.31599010147,79898.74976136311,0,1
1370566680000,1370566739999,79899.2580631169,79900.17294116937,79899.2580631169,79900.17294116937,0,1
1370566740000,1370566799999,79899.57997419796,79899.57997419796,79898.66843068477,79899.53253532127,0,1
1370566800000,1370566859999,79899.54270081379,79900.32202447645,79898.70570732778,79899.57997419796,0,1
1370566860000,1370566919999,79899.04796819125,79901.14194293907,79899.02763619,79899.18690242674,0,1
1370566920000,1370566979999,79899.48170770363,79899.76295061434,79898.04148450383,79899.76295061434,0,1
1370566980000,1370567039999,79900.44061188359,79900.83024632013,79898.85481251031,79898.85481251031,0,1
1370567040000,1370567099999,79899.04119086209,79901.34183022297,79898.62437629115,79899.44104542353,0,1
1370567100000,1370567159999,79899.73923163813,79899.9018749167,79897.32637898394,79897.51278582434,0,1
1370567160000,1370567219999,79898.13976515167,79899.84766078442,79897.67207618915,79899.57658571424,0,1
1370567220000,1370567279999,79899.04796819125,79899.04796819125,79897.57718010714,79898.0855414654,0,1
1370567280000,1370567339999,79897.92964672961,79899.38005169334,79897.90253435355,79899.38005169334,0,1
1370567340000,1370567399999,79899.27500606372,79899.9798072169,79897.86525471644,79899.4478224817,0,1
1370567400000,1370567459999,79899.28856040053,79900.1661646026,79899.28856040053,79899.8137768025,0,1
1370567460000,1370567519999,79900.19327084212,79900.19327084212,79899.33600043462,79899.99674894093,0,1
1370567520000,1370567579999,79899.66129746303,79900.01030229949,79899.31228044571,79899.73923163813,0,1
1370567580000,1370567639999,79899.93914696213,79899.95947711018,79899.04796819125,79899.40038297807,0,1
1370567640000,1370567699999,79897.85847658568,79898.54982225981,79896.23498193703,79896.24854039498,0,1
1370567700000,1370567759999,79896.10956532932,79896.8586519778,79895.70279794022,79895.82482989428,0,1
1370567760000,1370567819999,79895.64517122203,79896.74680097419,79892.70915897681,79892.70915897681,0,1
1370567820000,1370567879999,79893.49240590191,79895.31635359424,79892.78036577781,79894.15354062294,0,1
1370567880000,1370567939999,79894.38747013184,79897.85508751858,79894.19422440889,79897.30604348205,0,1
1370567940000,1370567999999,79897.79747320202,79898.8446463185,79896.55021132999,79898.76331641186,0,1
1370568000000,1370568059999,79898.70570732778,79899.8442723914,79898.24143377095,79898.24143377095,0,1
1370568060000,1370568119999,79898.4922119458,79899.6375782457,79898.4922119458,79899.26822888844,0,1
1370568120000,1370568179999,79899.41732568377,79900.3118597761,79898.94291907316,79899.66468591805,0,1
1370568180000,1370568239999,79899.88832141118,79899.88832141118,79896.48581043372,79897.57379094469,0,1
1370568240000,1370568299999,79897.46872633928,79897.90592340457,79896.29260525643,79896.29260525643,0,1
1370568300000,1370568359999,79896.34005950546,79897.62801740592,79896.1434618649,79897.62801740592,0,1
1370568360000,1370568419999,79896.60444334199,79897.5331209058,79895.90957343068,79897.5331209058,0,1
1370568420000,1370568479999,79897.62801740592,79899.49865027155,79897.3975529149,79897.8144186237,0,1
1370568480000,1370568539999,79897.76019317325,79897.76019317325,79895.64517122203,79896.1400722165,0,1
1370568540000,1370568599999,79895.66551010165,79897.44500192077,79894.72648869347,79897.05523555854,0,1
1370568600000,1370568659999,79896.7230748429,79899.14623894787,79896.3468386655,79899.14623894787,0,1
1370568660000,1370568719999,79899.44443395318,79900.26781262194,79899.44443395318,79900.26781262194,0,1
1370568720000,1370568779999,79900.07468050177,79900.67778247905,79899.80699999233,79900.06451555002,0,1
1370568780000,1370568839999,79900.09839868236,79900.97593181868,79899.69179351692,79900.97593181868,0,1
1370568840000,1370568899999,79900.82008213639,79901.30456340525,79899.83071880782,79901.2977876053,0,1
1370568900000,1370568959999,79901.12161519485,79903.00514401197,79901.12161519485,79902.83238905996,0,1
1370568960000,1370569019999,79902.50380767955,79903.04917911066,79900.91155941825,79901.8940404275,0,1
1370569020000,1370569079999,79901.5789794454,79901.5789794454,79899.69857040516,79899.69857040516,0,1
1370569080000,1370569139999,79899.79344635824,79901.55865258956,79899.61385897211,79901.52138657987,0,1
1370569140000,1370569199999,79901.38587264667,79901.70093971278,79899.96964216871,79900.41350631451,0,1
1370569200000,1370569259999,79901.24696895927,79901.79918440203,79901.24696895927,79901.66706200995,0,1
1370569260000,1370569319999,79901.33166655918,79901.33166655918,79899.83749560191,79899.83749560191,0,1
1370569320000,1370569379999,79900.35590673627,79900.84379854907,79899.2343429431,79899.2343429431,0,1
1370569380000,1370569439999,79898.6311539028,79901.3452181086,79897.70596742877,79899.66129746303,0,1
1370569440000,1370569499999,79899.35972036727,79899.53931231743,79898.35326805829,79899.2343429431,0,1
1370569500000,1370569559999,79898.1533210273,79899.19029104251,79898.01776144412,79898.77009392934,0,1
1370569560000,1370569619999,79898.4346012999,79899.2580631169,79897.93303577144,79897.93303577144,0,1
1370569620000,1370569679999,79898.31599010147,79898.7260399836,79897.34332520392,79898.7260399836,0,1
1370569680000,1370569739999,79898.20076644728,79898.52271156515,79897.4178882307,79897.70935654642,0,1
1370569740000,1370569799999,79897.73646944623,79898.38037921232,79896.36039697181,79896.36039697181,0,1
1370569800000,1370569859999,79897.16030450835,79898.18043272341,79896.30955322836,79898.07198549791,0,1
1370569860000,1370569919999,79898.0211504561,79898.39732364628,79897.50261826809,79897.52634254991,0,1
1370569920000,1370569979999,79897.8178077046,79897.8178077046,79896.98405919113,79897.02812081165,0,1
1370569980000,1370570039999,79897.19080819022,79898.16687688456,79897.15013659371,79898.16348792196,0,1
1370570040000,1370570099999,79898.29565661191,79898.29565661191,79897.74324765969,79898.21771118557,0,1
1370570100000,1370570159999,79897.92964672961,79898.28210092922,79897.35010368387,79897.80425137414,0,1
1370570160000,1370570219999,79898.11943130378,79898.11943130378,79898.11943130378,79898.11943130378,0,1
1370570220000,1370570279999,79897.74663676471,79898.24821164215,79897.74663676471,79898.02453946692,0,1
1370570280000,1370570339999,79897.79747320202,79898.55998875135,79897.79747320202,79898.1228202813,0,1
1370570340000,1370570399999,79898.07537449151,79898.07537449151,79896.59427486215,79896.6315592377,0,1
1370570400000,1370570459999,79896.90949292952,79896.90949292952,79896.36378654551,79896.48919996493,0,1
1370570460000,1370570519999,79896.93321861852,79896.94677612983,79892.55996213056,79892.81088282302,0,1
1370570520000,1370570579999,79892.31920798004,79893.11604815314,79891.29848163911,79892.23782498455,0,1
1370570580000,1370570639999,79891.31204679186,79892.49892641552,79890.58628527609,79890.83047260034,0,1
1370570640000,1370570699999,79890.60663444753,79894.22473713972,79889.05658734097,79889.36186725894,0,1
1370570700000,1370570759999,79888.72076866674,79889.40935440858,79888.56133565125,79888.56133565125,0,1
1370570760000,1370570819999,79888.73772947626,79891.12213297881,79888.73772947626,79891.12213297881,0,1
1370570820000,1370570879999,79890.87795277653,79891.34256831827,79890.87795277653,79890.98647804698,0,1
1370570880000,1370570939999,79890.77620926581,79891.51552187499,79890.59306833784,79891.4307410935,0,1
1370570940000,1370570999999,79890.89830135445,79891.27135127841,79889.34490750798,79889.36865115126,0,1
1370571000000,1370571059999,79889.57216578108,79891.04752299402,79888.67667042739,79889.61286821004,0,1
1370571060000,1370571119999,79890.07754253193,79891.36291595078,79888.49009880144,79888.88698335948,0,1
1370571120000,1370571179999,79888.83949372917,79889.73836632307,79888.23906966679,79888.44260728631,0,1
1370571180000,1370571239999,79888.46296082041,79889.08711575215,79887.72342248875,79887.86929905853,0,1
1370571240000,1370571299999,79888.37815415501,79888.37815415501,79887.64878714179,79888.09998324407,0,1
1370571300000,1370571359999,79887.80823470687,79888.84288585311,79887.65557219635,79887.73699249199,0,1
1370571360000,1370571419999,79887.17382188201,79887.79805727868,79886.37650804887,79887.39434427243,0,1
1370571420000,1370571479999,79886.90918859419,79888.32048521172,79886.1932865259,79888.32048521172,0,1
1370571480000,1370571539999,79888.42564597624,79890.64394115427,79887.86251414898,79890.64394115427,0,1
1370571540000,1370571599999,79890.75246896436,79890.75246896436,79887.99142664317,79889.69427257094,0,1
1370571600000,1370571659999,79889.69766440493,79892.50909906055,79889.69766440493,79892.50909906055,0,1
1370571660000,1370571719999,79891.49517455298,79892.85496283502,79890.66768171337,79890.66768171337,0,1
1370571720000,1370571779999,79890.66768171337,79890.79316658949,79888.06605943288,79888.9514332113,0,1
1370571780000,1370571839999,79888.85645433732,79889.49076042617,79887.17382188201,79888.49349104389,0,1
1370571840000,1370571899999,79889.19226845508,79889.19226845508,79887.18060725885,79887.97785698519,0,1
1370571900000,1370571959999,79889.06676348839,79889.50093613178,79888.83949372917,79889.04301912831,0,1
1370571960000,1370572019999,79889.2872441396,79889.2872441396,79889.0972918685,79889.0972918685,0,1
1370572020000,1370572079999,79889.31437988378,79889.5178956181,79888.83949372917,79888.83949372917,0,1
1370572080000,1370572139999,79889.00570644856,79890.87456134285,79889.00570644856,79890.87456134285,0,1
1370572140000,1370572199999,79890.75246896436,79890.82368969962,79887.86590660432,79887.86590660432,0,1
1370572200000,1370572259999,79887.96089488684,79888.83270947787,79887.96089488684,79888.20175398716,0,1
1370572260000,1370572319999,79888.75469025699,79889.54163885066,79888.09319849104,79889.54163885066,0,1
1370572320000,1370572379999,79889.53485507568,79892.43449942324,79889.53485507568,79892.19035126464,0,1
1370572380000,1370572439999,79892.46162662847,79893.21776786042,79892.3836357151,79893.21776786042,0,1
1370572440000,1370572499999,79893.7026175783,79894.44510409818,79892.91938711844,79894.44510409818,0,1
1370572500000,1370572559999,79893.91960564158,79896.26209883457,79893.91960564158,79894.77734048644,0,1
1370572560000,1370572619999,79895.0722757863,79895.0722757863,79893.05501583213,79893.05501583213,0,1
1370572620000,1370572679999,79892.94651300834,79894.79768113121,79892.94651300834,79894.0416593581,0,1
1370572680000,1370572739999,79894.58071212049,79894.58071212049,79894.01114606863,79894.01114606863,0,1
1370572740000,1370572799999,79894.20100502377,79894.21795654092,79893.37034548132,79894.18405347792,0,1
1370572800000,1370572859999,79894.1738825366,79894.1738825366,79892.90921489075,79893.43476644452,0,1
1370572860000,1370572919999,79894.34000661604,79894.87226314143,79893.77720775612,79894.26881091991,0,1
1370572920000,1370572979999,79894.33322609538,79894.41120180527,79893.2516741996,79894.41120180527,0,1
1370572980000,1370573039999,79894.07217255447,79894.5705415826,79893.02110882616,79894.14675997585,0,1
1370573040000,1370573099999,79894.17727285152,79895.12990580598,79894.17727285152,79895.12990580598,0,1
1370573100000,1370573159999,79894.86209290006,79894.87904329659,79894.29593314962,79894.39086037435,0,1
1370573160000,1370573219999,79894.36712865265,79895.09261583116,79894.35356764353,79894.78073059677,0,1
1370573220000,1370573279999,79895.10278583808,79895.10278583808,79894.9400644862,79894.9400644862,0,1
1370573280000,1370573339999,79894.77734048644,79894.78412070597,79894.77734048644,79894.78412070597,0,1
1370573340000,1370573399999,79894.86548298167,79894.86548298167,79894.11963734153,79894.11963734153,0,1
1370573400000,1370573459999,79894.03487863517,79894.79429102663,79894.03487863517,79894.45527476365,0,1
1370573460000,1370573519999,79894.40442133289,79894.68241693042,79893.91282483588,79893.91282483588,0,1
1370573520000,1370573579999,79894.21795654092,79894.46544541877,79894.1365889966,79894.1365889966,0,1
1370573580000,1370573639999,79894.40781156966,79894.63834497311,79894.30271369556,79894.30271369556,0,1
1370573640000,1370573699999,79894.54002990689,79896.61800129904,79894.32305530578,79896.55699034757,0,1
1370573700000,1370573759999,79896.51970569398,79898.41087917276,79896.4688627605,79898.41087917276,0,1
1370573760000,1370573819999,79897.90253435355,79897.90253435355,79896.37056568947,79897.42466666011,0,1
1370573820000,1370573879999,79897.38399601473,79898.10587538221,79896.08244801813,79896.47225229746,0,1
1370573880000,1370573939999,79896.48581043372,79896.95016550478,79896.04516159519,79896.7705270492,0,1
1370573940000,1370573999999,79896.03838223062,79897.61107166838,79896.03838223062,79897.19758677356,0,1
1370574000000,1370574059999,79897.4280558731,79897.77374956344,79896.30616363628,79896.88915657985,0,1
1370574060000,1370574119999,79896.66206453249,79896.66206453249,79895.7705936541,79896.1400722165,0,1
1370574120000,1370574179999,79896.0621099865,79896.60444334199,79895.7705936541,79896.35361782096,0,1
1370574180000,1370574239999,79897.92286864249,79898.27193415517,79895.74008563973,79895.89940424422,0,1
1370574240000,1370574299999,79896.14685151212,79896.88576718421,79895.65534066701,79896.1434618649,0,1
1370574300000,1370574359999,79896.48242090138,79896.59088536656,79893.89248239117,79894.01792680768,0,1
1370574360000,1370574419999,79894.13997932417,79894.13997932417,79893.13300150954,79893.13300150954,0,1
1370574420000,1370574479999,79893.20420529257,79894.71631830385,79893.20420529257,79894.31288450585,0,1
1370574480000,1370574539999,79894.83836229665,79896.56037985464,79894.61122367208,79896.1502411582,0,1
1370574540000,1370574599999,79895.81127086181,79896.51292665112,79894.81124153809,79896.40446134035,0,1
1370574600000,1370574659999,79896.55699034757,79898.25498950874,79895.14346576235,79896.49597902386,0,1
1370574660000,1370574719999,79897.5331209058,79897.5331209058,79894.58749247332,79896.04855127574,0,1
1370574720000,1370574779999,79895.96719862522,79895.96719862522,79894.6993676315,79894.91972413103,0,1
1370574780000,1370574839999,79894.46883563483,79894.87226314143,79893.7161794702,79894.47900627616,0,1
1370574840000,1370574899999,79894.6552957489,79895.65534066701,79894.51968873802,79895.01803546438,0,1
1370574900000,1370574959999,79895.75025498819,79897.86186565163,79895.75025498819,79896.54682181946,0,1
1370574960000,1370575019999,79896.23498193703,79896.23498193703,79895.7366958546,79895.99431624894,0,1
1370575020000,1370575079999,79895.83499915656,79897.96692612665,79895.66212029126,79897.96692612665,0,1
1370575080000,1370575139999,79897.50939664007,79897.66529792744,79895.72991628092,79895.93330149217,0,1
1370575140000,1370575199999,79895.67906933176,79897.72969122817,79894.2891525991,79894.2891525991,0,1
1370575200000,1370575259999,79894.69258735451,79896.08583768606,79894.69258735451,79895.20448533844,0,1
1370575260000,1370575319999,79895.75703454809,79895.89940424422,79894.72648869347,79895.80110157539,0,1
1370575320000,1370575379999,79894.92311419311,79895.16380566242,79893.47206260194,79894.9739649862,0,1
1370575380000,1370575439999,79894.71970843489,79895.7638141034,79894.1738825366,79894.53324952186,0,1
1370575440000,1370575499999,79894.8417523863,79894.86887306212,79893.93994803113,79894.68580707292,0,1
1370575500000,1370575559999,79893.74330319882,79894.64851544204,79892.11574924944,79894.64851544204,0,1
1370575560000,1370575619999,79894.64512528687,79895.5333066446,79894.33661635628,79895.15363571755,0,1
1370575620000,1370575679999,79894.82480192656,79894.97735502987,79894.26542063603,79894.26542063603,0,1
1370575680000,1370575739999,79894.42476273622,79894.8993837345,79892.97702954651,79892.97702954651,0,1
1370575740000,1370575799999,79893.4415475744,79893.4415475744,79890.9491726181,79890.9491726181,0,1
1370575800000,1370575859999,79890.90508420455,79891.14926374436,79889.802810688,79890.26069290144,0,1
1370575860000,1370575919999,79890.18268482081,79890.87795277653,79888.19836164574,79888.99553023902,0,1
1370575920000,1370575979999,79889.14138825302,79889.14138825302,79886.52579717814,79887.29935060817,0,1
1370575980000,1370576039999,79886.48508218209,79886.48508218209,79882.14119709915,79884.73418051416,0,1
1370576040000,1370576099999,79884.42875928736,79887.40452211151,79884.42875928736,79885.09049348933,0,1
1370576100000,1370576159999,79884.60183246118,79887.64878714179,79884.60183246118,79885.74539755886,0,1
1370576160000,1370576219999,79885.56216447211,79888.3578004483,79885.43661393724,79888.09998324407,0,1
1370576220000,1370576279999,79887.68271236855,79889.2397564101,79886.13560498129,79887.77430990594,0,1
1370576280000,1370576339999,79888.1406916656,79890.12841797105,79886.90579581425,79889.21601246078,0,1
1370576340000,1370576399999,79889.58573327582,79891.91567746096,79888.87680702911,79891.91567746096,0,1
1370576400000,1370576459999,79892.55996213056,79892.5633529927,79890.52523751334,79890.52523751334,0,1
1370576460000,1370576519999,79890.80334096988,79892.39041755779,79889.62643564954,79890.31835065687,0,1
1370576520000,1370576579999,79890.62359205875,79892.74306704053,79890.62359205875,79890.75925191339,0,1
1370576580000,1370576639999,79890.68463922109,79891.14248105987,79889.96561565477,79890.33870037354,0,1
1370576640000,1370576699999,79890.73551157168,79892.25817079551,79890.24034302603,79891.37648101612,0,1
1370576700000,1370576759999,79892.5226625712,79892.5226625712,79890.99326083726,79891.15943776246,0,1
1370576760000,1370576819999,79891.15604642424,79891.15604642424,79885.98970311861,79885.98970311861,0,1
1370576820000,1370576879999,79886.18989350306,79891.39343732194,79885.53841178911,79885.53841178911,0,1
1370576880000,1370576939999,79887.0041859648,79890.9830866501,79886.57329779734,79888.29673907958,0,1
1370576940000,1370576999999,79887.83537446475,79889.12782015542,79886.24757473453,79886.91258137296,0,1
1370577000000,1370577059999,79885.95237904436,79887.13650222712,79883.95703484086,79884.45590821859,0,1
1370577060000,1370577119999,79885.86415795145,79885.86415795145,79883.8178888477,79884.29980085745,0,1
1370577120000,1370577179999,79883.7567997513,79886.5122255312,79883.7567997513,79885.1481810626,0,1
1370577180000,1370577239999,79885.5757374085,79886.37650804887,79884.09278516345,79884.09278516345,0,1
1370577240000,1370577299999,79884.67649055256,79885.01583848875,79883.52601535244,79884.34052475182,0,1
1370577300000,1370577359999,79883.86200851858,79884.37446120378,79882.57227627878,79882.57227627878,0,1
1370577360000,1370577419999,79882.6130072089,79882.6130072089,79880.62039142224,79880.7833459508,0,1
1370577420000,1370577479999,79880.53891316218,79882.98976044795,79880.53891316218,79882.51457384379,0,1
1370577480000,1370577539999,79882.87436006292,79882.87436006292,79879.51019302661,79880.7256331923,0,1
1370577540000,1370577599999,79880.57625744712,79882.75895834615,79880.0126834098,79882.75895834615,0,1
1370577600000,1370577659999,79883.32577163207,79883.87897757093,79882.0427590897,79883.87897757093,0,1
1370577660000,1370577719999,79883.52601535244,79884.41518479411,79882.56548777429,79884.24550207364,0,1
1370577720000,1370577779999,79884.01812271409,79884.25228943773,79882.73859319906,79882.7623525333,0,1
1370577780000,1370577839999,79883.7635874471,79884.71381938926,79882.40256228419,79883.20698108949,0,1
1370577840000,1370577899999,79883.09158321118,79886.66490549721,79883.09158321118,79886.66490549721,0,1
1370577900000,1370577959999,79886.4511528921,79886.73276251162,79884.07242273254,79885.09049348933,0,1
1370577960000,1370578019999,79885.7386112081,79889.48397661668,79885.7386112081,79889.48058471021,0,1
1370578020000,1370578079999,79889.20244446442,79891.29848163911,79887.87608396346,79887.87608396346,0,1
1370578080000,1370578139999,79888.13051457575,79889.08033166883,79887.11275328332,79888.4392150266,0,1
1370578140000,1370578199999,79888.47652982014,79888.47652982014,79884.67988408894,79884.67988408894,0,1
1370578200000,1370578259999,79884.38803575232,79886.41383054011,79882.44668819987,79882.7182280105,0,1
1370578260000,1370578319999,79883.41401512166,79884.21835257117,79882.25321158634,79884.21835257117,0,1
1370578320000,1370578379999,79884.49323787869,79885.9252341756,79883.75001205088,79884.72739347714,0,1
1370578380000,1370578439999,79885.03619899873,79885.73182485274,79883.9604286214,79883.9604286214,0,1
1370578440000,1370578499999,79883.73983049161,79884.15047849252,79882.55869926521,79882.55869926521,0,1
1370578500000,1370578559999,79882.43650531353,79883.50904570114,79880.09416595759,79880.09416595759,0,1
1370578560000,1370578619999,79880.40311458676,79884.28283251918,79880.40311458676,79881.3638498793,0,1
1370578620000,1370578679999,79881.43513751216,79882.6503437491,79879.5169836055,79880.26391913308,0,1
1370578680000,1370578739999,79879.63242274107,79881.3808231713,79879.63242274107,79880.93271860263,0,1
1370578740000,1370578799999,79880.00928828923,79880.97685100461,79879.01786377096,79879.37098514324,0,1
1370578800000,1370578859999,79880.4642241739,79881.4792676969,79880.18583303026,79881.4792676969,0,1
1370578860000,1370578919999,79881.03456231329,79882.6876801499,79880.60002191947,79881.22806250602,0,1
1370578920000,1370578979999,79881.7270720401,79884.63576802636,79881.7270720401,79883.92309697228,0,1
1370578980000,1370579039999,79883.75340590166,79885.8370128432,79882.9693957709,79885.8370128432,0,1
1370579040000,1370579099999,79884.43554652708,79884.97851077946,79882.816659371,79883.31219564148,0,1
1370579100000,1370579159999,79883.34952957125,79884.4491209927,79882.2294510424,79884.4491209927,0,1
1370579160000,1370579219999,79884.67988408894,79889.6705297008,79883.9061279948,79889.34490750798,0,1
1370579220000,1370579279999,79889.89778057406,79892.44128123145,79889.89778057406,79891.39343732194,0,1
1370579280000,1370579339999,79890.72194563682,79891.41039359898,79889.33812359955,79889.33812359955,0,1
1370579340000,1370579399999,79888.53759009103,79891.6579519698,79887.74038498991,79890.54897835426,0,1
1370579400000,1370579459999,79890.9830866501,79896.00787503322,79890.5828937435,79894.89260359312,0,1
1370579460000,1370579519999,79894.57393176305,79897.24503672827,79893.88231115328,79897.24503672827,0,1
1370579520000,1370579579999,79897.87881096419,79899.8442723914,79896.52309521369,79899.20045688296,0,1
1370579580000,1370579639999,79899.08524341951,79899.62063591316,79896.45530460127,79896.8654307863,0,1
1370579640000,1370579699999,79897.62801740592,79897.62801740592,79895.67567952596,79896.01804410935,0,1
1370579700000,1370579759999,79897.03489950526,79898.16687688456,79895.61466282501,79895.87228636314,0,1
1370579760000,1370579819999,79895.89940424422,79895.89940424422,79893.75347457807,79894.3637384021,0,1
1370579820000,1370579879999,79894.56376121826,79894.56376121826,79890.56593606326,79893.39068898822,0,1
1370579880000,1370579939999,79894.05522079021,79896.39429265716,79894.05522079021,79895.55025590344,0,1
1370579940000,1370579999999,79895.69262854349,79895.69262854349,79891.43752358247,79894.02470754212,0,1
1370580000000,1370580059999,79893.8145026364,79895.90618370302,79892.5226625712,79894.04504971785,0,1
1370580060000,1370580119999,79893.94672881844,79896.17396864867,79892.51588081817,79894.57732194234,0,1
1370580120000,1370580179999,79894.44849432116,79894.65190559605,79892.67185997394,79894.58071212049,0,1
1370580180000,1370580239999,79894.22473713972,79894.3603481504,79892.59387070018,79892.87191663406,0,1
1370580240000,1370580299999,79892.4751902035,79892.95329446932,79891.24422084409,79892.95329446932,0,1
1370580300000,1370580359999,79892.69220490185,79894.92989431378,79892.66168749446,79894.92989431378,0,1
1370580360000,1370580419999,79894.77395037495,79895.0553257173,79893.95011921038,79894.15015029996,0,1
1370580420000,1370580479999,79894.41798227305,79895.44178015048,79894.41798227305,79895.44178015048,0,1
1370580480000,1370580539999,79894.63156465474,79895.94008092798,79894.10268565772,79894.49595732204,0,1
1370580540000,1370580599999,79895.02481552071,79896.25531961708,79894.37390915032,79895.21804519367,0,1
1370580600000,1370580659999,79895.73330606833,79897.32298973651,79895.36381247621,79897.32298973651,0,1
1370580660000,1370580719999,79897.62801740592,79897.62801740592,79896.57393787142,79897.11624347026,0,1
1370580720000,1370580779999,79897.4178882307,79899.31228044571,79896.98405919113,79897.65851966114,0,1
1370580780000,1370580839999,79897.61107166838,79897.75002586856,79896.59427486215,79897.03151015902,0,1
1370580840000,1370580899999,79897.13319004634,79897.13319004634,79892.99737385358,79894.45866498316,0,1
1370580900000,1370580959999,79893.95689999081,79894.21117593751,79892.21408815276,79892.21408815276,0,1
1370580960000,1370581019999,79892.5972615508,79894.69597749358,79892.2479978952,79894.25185948898,0,1
1370581020000,1370581079999,79894.3637384021,79894.5502004758,79892.79731970331,79893.19403335461,0,1
1370581080000,1370581139999,79892.9838109868,79894.40442133289,79890.68124772185,79892.61760663049,0,1
1370581140000,1370581199999,79893.90604402557,79894.22473713972,79892.40059031322,79892.40059031322,0,1
1370581200000,1370581259999,79892.48875376012,79893.22454913745,79888.9853540191,79891.16282909953,0,1
1370581260000,1370581319999,79891.20691637673,79894.62139416859,79889.62982750653,79894.21117593751,0,1
1370581320000,1370581379999,79894.01792680768,79894.13319866789,79890.59985139497,79890.88812707066,0,1
1370581380000,1370581439999,79891.34595959322,79892.29886229326,79889.66374601326,79890.53541216635,0,1
1370581440000,1370581499999,79891.18317709777,79892.04453771574,79890.52862906549,79890.57950220974,0,1
1370581500000,1370581559999,79890.88812707066,79891.51552187499,79889.05997939126,79889.20244446442,0,1
1370581560000,1370581619999,79889.18887644967,79890.09110934101,79887.78109487533,79888.44260728631,0,1
1370581620000,1370581679999,79887.80144975589,79889.78245988078,79887.80144975589,79888.66310169925,0,1
1370581680000,1370581739999,79889.10407594031,79889.10407594031,79884.76132861622,79884.76132861622,0,1
1370581740000,1370581799999,79885.40268108968,79885.8370128432,79883.18322281164,79883.99436636329,0,1
1370581800000,1370581859999,79884.3439184022,79884.74096754659,79882.41274520509,79883.63122654779,0,1
1370581860000,1370581919999,79883.82467650204,79886.78365497026,79883.12212983798,79885.90148235497,0,1
1370581920000,1370581979999,79886.20007256808,79886.3391854183,79885.65717463988,79885.83022655462,0,1
1370581980000,1370582039999,79886.06095778261,79888.75129810313,79885.90148235497,79888.75129810313,0,1
1370582040000,1370582099999,79889.33133968651,79891.72238396529,79889.33133968651,79890.96273824469,0,1
1370582100000,1370582159999,79890.9695210511,79891.98349885468,79888.67667042739,79888.67667042739,0,1
1370582160000,1370582219999,79887.45201855691,79890.13180965779,79887.4180925475,79889.40257054385,0,1
1370582220000,1370582279999,79889.21262046341,79890.78299219873,79888.8598464555,79889.19566045934,0,1
1370582280000,1370582339999,79889.2872441396,79890.15555143275,79887.48255186697,79888.17122287299,0,1
1370582340000,1370582399999,79888.11694510652,79891.24761215241,79887.51308508379,79888.00499628273,0,1
1370582400000,1370582459999,79888.25942361516,79892.39041755779,79888.25942361516,79891.43752358247,0,1
1370582460000,1370582519999,79892.04114667767,79893.77042685387,79890.21999310922,79892.87191663406,0,1
1370582520000,1370582579999,79893.35000193304,79893.95350960117,79890.34209198896,79892.69220490185,0,1
1370582580000,1370582639999,79892.70576816412,79892.70576816412,79889.08033166883,79891.27474257752,0,1
1370582640000,1370582699999,79891.38326354191,79891.47482718957,79890.32852552038,79891.47482718957,0,1
1370582700000,1370582759999,79891.84785560727,79892.19713323843,79888.15765345898,79889.84351217818,0,1
1370582760000,1370582819999,79889.90117233903,79890.17250980892,79889.31777184665,79889.57894953075,0,1
1370582820000,1370582879999,79889.5552063868,79891.13569837078,79888.9480411242,79891.13569837078,0,1
1370582880000,1370582939999,79891.09500213966,79891.16961177021,79889.12782015542,79891.16961177021,0,1
1370582940000,1370582999999,79889.94187342886,79890.81351533993,79889.88760527226,79890.21320979441,0,1
1370583000000,1370583059999,79890.6541156865,79892.90582414588,79890.6541156865,79892.90582414588,0,1
1370583060000,1370583119999,79891.34935086704,79893.67888422322,79890.68463922109,79891.81394450793,0,1
1370583120000,1370583179999,79892.87191663406,79896.52987424965,79892.26156175998,79894.01453643874,0,1
1370583180000,1370583239999,79893.54326397077,79896.90610354078,79892.96346665215,79896.27904685821,0,1
1370583240000,1370583299999,79895.67906933176,79896.67901187827,79895.32652337363,79896.67901187827,0,1
1370583300000,1370583359999,79896.78408478107,79898.1126533453,79896.78408478107,79898.1126533453,0,1
1370583360000,1370583419999,79898.02453946692,79898.3126011894,79897.62123911435,79897.62123911435,0,1
1370583420000,1370583479999,79897.75680407284,79898.13298720696,79897.44500192077,79898.06181851022,0,1
1370583480000,1370583539999,79898.1363761799,79898.92936426787,79897.65513052627,79897.65513052627,0,1
1370583540000,1370583599999,79897.57040178111,79899.55964327836,79897.07218223801,79898.07198549791,0,1
1370583600000,1370583659999,79898.20415539722,79899.63080131613,79897.83814216581,79898.67859705574,0,1
1370583660000,1370583719999,79898.78364895053,79899.94931204132,79897.56701261637,79898.19737749617,0,1
1370583720000,1370583779999,79898.25498950874,79899.60708202647,79897.3975529149,79897.90253435355,0,1
1370583780000,1370583839999,79897.08573956092,79899.46137658425,79896.3909030938,79899.46137658425,0,1
1370583840000,1370583899999,79898.86836741667,79899.60369355192,79897.47550473423,79897.47550473423,0,1
1370583900000,1370583959999,79897.43144508493,79897.83475309181,79894.92989431378,79894.92989431378,0,1
1370583960000,1370584019999,79895.15363571755,79896.44852551474,79894.63156465474,79894.8451424748,0,1
1370584020000,1370584079999,79893.09570408752,79894.32644557014,79891.37648101612,79892.72272221609,0,1
1370584080000,1370584139999,79893.07875066789,79893.07875066789,79890.10467613167,79890.79316658949,0,1
1370584140000,1370584199999,79890.24712632243,79893.66193179225,79890.24712632243,79891.49178332863,0,1
1370584200000,1370584259999,79891.26117737417,79891.8614200148,79889.64678677428,79891.51891309129,0,1
1370584260000,1370584319999,79891.68508128166,79891.68508128166,79888.71737650139,79890.76942632829,0,1
1370584320000,1370584379999,79889.7180153847,79890.81690679431,79886.90918859419,79887.88965375954,0,1
1370584380000,1370584439999,79887.14328762928,79887.14328762928,79884.73757403095,79884.73757403095,0,1
1370584440000,1370584499999,79884.08939142784,79888.37815415501,79884.08939142784,79886.58008358166,0,1
1370584500000,1370584559999,79887.0007932171,79887.0007932171,79885.84719226742,79886.49526094664,0,1
1370584560000,1370584619999,79887.29935060817,79887.76073995334,79884.89367455833,79885.70467938528,0,1
1370584620000,1370584679999,79885.73182485274,79886.84472557873,79885.42643409506,79886.07792310396,0,1
1370584680000,1370584739999,79886.44775995676,79887.44862596114,79884.34731205142,79884.61540670106,0,1
1370584740000,1370584799999,79884.72399995688,79884.75454159762,79884.21835257117,79884.21835257117,0,1
1370584800000,1370584859999,79883.77376898218,79883.77376898218,79879.79878856287,79879.81576451153,0,1
1370584860000,1370584919999,79880.69507924412,79885.81665396366,79878.67152108182,79885.81665396366,0,1
1370584920000,1370584979999,79885.90487547565,79887.35363281252,79883.21037512457,79885.63342218257,0,1
1370584980000,1370585039999,79886.10506755827,79890.28104273544,79884.04527276017,79890.28104273544,0,1
1370585040000,1370585099999,79890.09110934101,79890.64394115427,79885.76914975021,79886.57669069008,0,1
1370585100000,1370585159999,79886.32900649488,79887.9439327597,79884.14369105932,79884.14369105932,0,1
1370585160000,1370585219999,79884.3065881847,79884.3065881847,79878.64775202604,79879.04502739616,0,1
1370585220000,1370585279999,79878.98730460444,79879.60186545251,79877.71392298161,79878.88883554366,0,1
1370585280000,1370585339999,79878.86506700442,79878.86506700442,79872.32317608318,79872.32317608318,0,1
1370585340000,1370585399999,79872.85320817743,79876.2569755217,79872.35035789963,79875.9886566903,0,1
1370585400000,1370585459999,79875.98186371505,79876.41320848679,79873.5870523935,79874.89492823684,0,1
1370585460000,1370585519999,79874.49069396775,79877.85994563856,79874.3242398132,79874.87794393254,0,1
1370585520000,1370585579999,79875.72033065921,79875.80864128709,79873.9301740361,79873.97773452285,0,1
1370585580000,1370585639999,79873.58365509065,79876.99736229601,79873.58365509065,79876.99736229601,0,1
1370585640000,1370585699999,79877.16377196163,79878.71905902389,79876.97698541195,79878.29800081627,0,1
1370585700000,1370585759999,79878.8277163286,79879.313264233,79877.18754454494,79878.28102229087,0,1
1370585760000,1370585819999,79878.90241754072,79878.90581303711,79875.64900227505,79875.64900227505,0,1
1370585820000,1370585879999,79875.51653392607,79880.60681175833,79875.51653392607,79880.60681175833,0,1
1370585880000,1370585939999,79880.65434050134,79880.65434050134,79876.80038401081,79876.80038401081,0,1
1370585940000,1370585999999,79876.98377771124,79879.97194188692,79876.65774214074,79876.97698541195,0,1
1370586000000,1370586059999,79876.91925068165,79880.54230810293,79876.91925068165,79879.52037889321,0,1
1370586060000,1370586119999,79879.91422444537,79880.24015386199,79877.87352903314,79879.42531040146,0,1
1370586120000,1370586179999,79879.55433170695,79880.8376635369,79878.67831223024,79879.40833378996,0,1
1370586180000,1370586239999,79878.90241754072,79880.43027444938,79878.90241754072,79879.50000714963,0,1
1370586240000,1370586299999,79879.2962874313,79881.65239192559,79877.8905082504,79881.17035231405,0,1
1370586300000,1370586359999,79880.70865878816,79881.51660847031,79879.38117115163,79881.51660847031,0,1
1370586360000,1370586419999,79880.90895492092,79880.90895492092,79878.46778448472,79878.46778448472,0,1
1370586420000,1370586479999,79877.74448603974,79877.8905082504,79876.84113845714,79877.35734706801,0,1
1370586480000,1370586539999,79876.94642000801,79878.86506700442,79876.94642000801,79877.80561187577,0,1
1370586540000,1370586599999,79877.95842483119,79877.95842483119,79873.75691606432,79873.75691606432,0,1
1370586600000,1370586659999,79873.98113169182,79874.13740021687,79867.13349340908,79872.44549367538,0,1
1370586660000,1370586719999,79872.55421916797,79874.79302197837,79871.88825697127,79874.79302197837,0,1
1370586720000,1370586779999,79873.61083348111,79875.5335171458,79873.61083348111,79875.5335171458,0,1
1370586780000,1370586839999,79875.99205317619,79876.3181104509,79875.48256740007,79876.1313081046,0,1
1370586840000,1370586899999,79875.75769294311,79876.04979325988,79874.27668097444,79875.67617505281,0,1
1370586900000,1370586959999,79875.44860075871,79877.13320712862,79873.98113169182,79877.03811593955,0,1
1370586960000,1370587019999,79877.03811593955,79878.2708351618,79877.03811593955,79877.65279658513,0,1
1370587020000,1370587079999,79876.98377771124,79878.20971216944,79876.98377771124,79878.13500578252,0,1
1370587080000,1370587139999,79877.38111919115,79878.66812550588,79877.38111919115,79878.66812550588,0,1
1370587140000,1370587199999,79878.67831223024,79878.91939501112,79878.08406928963,79878.91939501112,0,1
1370587200000,1370587259999,79878.94316342124,79879.4626588453,79877.10943441612,79879.4626588453,0,1
1370587260000,1370587319999,79878.68849894422,79878.68849894422,79876.99736229601,79877.85315393435,0,1
1370587320000,1370587379999,79877.12301883017,79878.86506700442,79876.84453465349,79878.83450737094,0,1
1370587380000,1370587439999,79879.60186545251,79881.6625756104,79879.17744901232,79879.8904583432,0,1
1370587440000,1370587499999,79880.47101410499,79882.38898504019,79880.19941326586,79880.19941326586,0,1
1370587500000,1370587559999,79880.61020667604,79880.61020667604,79879.48303066495,79879.6561894565,0,1
1370587560000,1370587619999,79880.85803255562,79883.01691328619,79880.83426869642,79883.01691328619,0,1
1370587620000,1370587679999,79882.9693957709,79884.20817148875,79882.41274520509,79884.2013840947,0,1
1370587680000,1370587739999,79883.8280703275,79886.47151047991,79883.8280703275,79884.7104258644,0,1
1370587740000,1370587799999,79884.71381938926,79887.25524610016,79884.22513995369,79887.25524610016,0,1
1370587800000,1370587859999,79887.15685841978,79888.09319849104,79887.15685841978,79887.25524610016,0,1
1370587860000,1370587919999,79886.33579244498,79886.33579244498,79884.1131475529,79884.1131475529,0,1
1370587920000,1370587979999,79882.87436006292,79884.91403531705,79882.7623525333,79884.91403531705,0,1
1370587980000,1370588039999,79885.47733320235,79890.9423897979,79885.47733320235,79890.9423897979,0,1
1370588040000,1370588099999,79890.38957448403,79893.9840230665,79890.38957448403,79893.9840230665,0,1
1370588100000,1370588159999,79894.29254287493,79896.68240134398,79893.39407956868,79896.38073439681,0,1
1370588160000,1370588219999,79895.76720387932,79896.25531961708,79889.7180153847,79889.94865692774,0,1
1370588220000,1370588279999,79890.1759014807,79890.1759014807,79889.4127463392,79889.75871722001,0,1
1370588280000,1370588339999,79889.61965193208,79890.5828937435,79889.4568413327,79890.5828937435,0,1
1370588340000,1370588399999,79890.34887521634,79890.83725549646,79889.24993237112,79889.24993237112,0,1
1370588400000,1370588459999,79888.97856986675,79892.55318040284,79886.30864861696,79888.13729930347,0,1
1370588460000,1370588519999,79889.49076042617,79889.49076042617,79881.29256173823,79881.29256173823,0,1
1370588520000,1370588579999,79882.19211293069,79887.95411003943,79882.19211293069,79887.86929905853,0,1
1370588580000,1370588639999,79887.4180925475,79887.4180925475,79880.78674080859,79881.4928461761,0,1
1370588640000,1370588699999,79882.41613950975,79882.97278988661,79877.79202838894,79879.2181937722,0,1
1370588700000,1370588759999,79879.08916812972,79882.6231899155,79877.12301883017,79878.0127577637,0,1
1370588760000,1370588819999,79878.84469392581,79879.10954071025,79878.73943235846,79878.73943235846,0,1
1370588820000,1370588879999,79877.75806959115,79885.86076481694,79877.75806959115,79885.86076481694,0,1
1370588880000,1370588939999,79886.6343696905,79889.97918261569,79878.46099319332,79878.66133435055,0,1
1370588940000,1370588999999,79881.44532141824,79885.83361969948,79881.41816431234,79883.48189419914,0,1
1370589000000,1370589059999,79883.6549837613,79885.90148235497,79879.44228698412,79883.07461282265,0,1
1370589060000,1370589119999,79884.48645067813,79884.48645067813,79876.94642000801,79879.36079912446,0,1
1370589120000,1370589179999,79880.6136015926,79880.90556010463,79877.64600474024,79879.53735531449,0,1
1370589180000,1370589239999,79880.65094559862,79884.83259203348,79879.10614528306,79884.53396098531,0,1
1370589240000,1370589299999,79884.52038663487,79889.2736762399,79879.42191508146,79879.42191508146,0,1
1370589300000,1370589359999,79879.52377417978,79889.82655324407,79879.52377417978,79887.92018573338,0,1
1370589360000,1370589419999,79886.74972669328,79887.49272961626,79884.60861958342,79886.23739571785,0,1
1370589420000,1370589479999,79885.85737168128,79888.33066210824,79884.58825820286,79885.735218031,0,1
1370589480000,1370589539999,79884.51699304438,79886.71579830119,79882.72841060997,79884.1878092928,0,1
1370589540000,1370589599999,79883.09497728544,79886.39007987997,79883.09497728544,79884.46948265657,0,1
1370589600000,1370589659999,79884.7206064355,79888.0898061128,79884.64255512558,79888.0898061128,0,1
1370589660000,1370589719999,79888.44260728631,79889.43309789883,79885.16514793258,79887.57075868345,0,1
1370589720000,1370589779999,79887.56736612797,79888.41886144417,79885.4841197304,79887.81501965324,0,1
1370589780000,1370589839999,79889.48058471021,79891.66812547036,79882.76914090414,79882.76914090414,0,1
1370589840000,1370589899999,79882.05633680378,79883.10515950128,79880.3589796527,79880.3589796527,0,1
1370589900000,1370589959999,79880.87840153286,79881.13640498673,79878.03992411925,79881.13640498673,0,1
1370589960000,1370590019999,79882.72501641129,79886.02363397431,79882.72501641129,79883.77376898218,0,1
1370590020000,1370590079999,79882.99315455677,79885.51805230165,79879.61205122575,79885.05316605871,0,1
1370590080000,1370590139999,79884.47626986865,79887.15007302683,79883.79752585704,79883.89934039574,0,1
1370590140000,1370590199999,79882.3210985437,79883.55995456867,79880.93950821563,79882.23284540928,0,1
1370590200000,1370590259999,79883.04746014108,79883.04746014108,79877.65958842542,79878.65114760889,0,1
1370590260000,1370590319999,79878.8073431739,79882.86757176352,79878.1248185047,79881.24843072957,0,1
1370590320000,1370590379999,79880.63057615807,79880.93950821563,79877.972008092,79878.32177070339,0,1
1370590380000,1370590439999,79877.90748743885,79879.14009950326,79877.43885125495,79879.09256356269,0,1
1370590440000,1370590499999,79879.07898182388,79880.18243796848,79879.07898182388,79879.90403897993,0,1
1370590500000,1370590559999,79879.33363635701,79880.79353052068,79875.29574944482,79878.08746506389,0,1
1370590560000,1370590619999,79877.25546590018,79877.25546590018,79874.89492823684,79875.65919207536,0,1
1370590620000,1370590679999,79876.29773218269,79884.55432247646,79876.29773218269,79884.55432247646,0,1
1370590680000,1370590739999,79884.88688762956,79885.95916525004,79883.1900108968,79884.2013840947,0,1
1370590740000,1370590799999,79883.9061279948,79884.9208222274,79881.6218408089,79881.91376988645,0,1
1370590800000,1370590859999,79881.53697610614,79882.43311101578,79877.65279658513,79879.11633156122,0,1
1370590860000,1370590919999,79878.2674394498,79879.5169836055,79875.60824296996,79877.8803207235,0,1
1370590920000,1370590979999,79879.10614528306,79879.10614528306,79875.61163958505,79878.93637245268,0,1
1370590980000,1370591039999,79879.35061309532,79881.2552201282,79878.94316342124,79880.7120536713,0,1
1370591040000,1370591099999,79879.90743413623,79882.84381267926,79879.15028574684,79879.15028574684,0,1
1370591100000,1370591159999,79878.87525352815,79881.57771125334,79878.87525352815,79880.91913936286,0,1
1370591160000,1370591219999,79880.9870353774,79880.9870353774,79876.72566709454,79876.72566709454,0,1
1370591220000,1370591279999,79875.93091625361,79880.8750067062,79875.93091625361,79877.93804990538,0,1
1370591280000,1370591339999,79878.02294515568,79878.2266908159,79875.9886566903,79877.36413910896,0,1
1370591340000,1370591399999,79877.63921289073,79882.79968851591,79877.63921289073,79882.15477467957,0,1
1370591400000,1370591459999,79882.3448588699,79884.99887136545,79881.61505165917,79882.60961297105,0,1
1370591460000,1370591519999,79881.52339768688,79881.52339768688,79880.35558464969,79880.8376635369,0,1
1370591520000,1370591579999,79881.09566804182,79883.01351918545,79880.6882894652,79882.67749750895,0,1
1370591580000,1370591639999,79882.56548777429,79882.92187802981,79880.82068932294,79882.40256228419,0,1
1370591640000,1370591699999,79882.08688659308,79886.58347647211,79882.08688659308,79886.58347647211,0,1
1370591700000,1370591759999,79886.14578410157,79888.09659086814,79886.14578410157,79887.85572923483,0,1
1370591760000,1370591819999,79887.15346572388,79889.41613826869,79887.15346572388,79888.20514632743,0,1
1370591820000,1370591879999,79888.6257876019,79889.21601246078,79887.84894431607,79887.84894431607,0,1
1370591880000,1370591939999,79888.33744670016,79889.34490750798,79887.86251414898,79889.34490750798,0,1
1370591940000,1370591999999,79889.11086000752,79890.14537639324,79887.55040333333,79889.12782015542,0,1
1370592000000,1370592059999,79888.97517778885,79889.14478027454,79887.80823470687,79888.22210801148,0,1
1370592060000,1370592119999,79888.89376757397,79893.5059680789,79888.89376757397,79893.5059680789,0,1
1370592120000,1370592179999,79893.63819834062,79893.93994803113,79891.04752299402,79893.28558042378,0,1
1370592180000,1370592239999,79892.44467213383,79894.51290833921,79892.44467213383,79892.67525079813,0,1
1370592240000,1370592299999,79892.90582414588,79893.75008411947,79891.39682857964,79893.75008411947,0,1
1370592300000,1370592359999,79893.81789307317,79893.81789307317,79887.68610488491,79887.68610488491,0,1
1370592360000,1370592419999,79886.33579244498,79891.26117737417,79885.65038822927,79891.05091436904,0,1
1370592420000,1370592479999,79891.12213297881,79894.07217255447,79889.20583646523,79893.93655763574,0,1
1370592480000,1370592539999,79894.19083409972,79895.68923874228,79892.89226115495,79895.20787530397,0,1
1370592540000,1370592599999,79894.48239648763,79896.45191505858,79892.45823573186,79896.44513596977,0,1
1370592600000,1370592659999,79894.13319866789,79894.18744378939,79890.66429020838,79890.66429020838,0,1
1370592660000,1370592719999,79890.09789273863,79891.7834244202,79889.65357047333,79891.52908673332,0,1
1370592720000,1370592779999,79890.5557614413,79893.03467164234,79890.19625148724,79892.45145393514,0,1
1370592780000,1370592839999,79892.88208889967,79896.42818822761,79891.30526421778,79896.42818822761,0,1
1370592840000,1370592899999,79897.64496311474,79899.19706827062,79897.37382832753,79898.26176737076,0,1
1370592900000,1370592959999,79897.29926497223,79901.67722533284,79897.29926497223,79901.58575505484,0,1
1370592960000,1370593019999,79902.00244621205,79902.00244621205,79898.13976515167,79900.95221571937,0,1
1370593020000,1370593079999,79900.84379854907,79900.84379854907,79894.99430523103,79895.65195085316,0,1
1370593080000,1370593139999,79895.08922582657,79897.62123911435,79891.35952468158,79892.74984863946,0,1
1370593140000,1370593199999,79893.19403335461,79894.58071212049,79893.19403335461,79894.02131717547,0,1
1370593200000,1370593259999,79894.45188454297,79894.45188454297,79890.7117711736,79891.2103076977,0,1
1370593260000,1370593319999,79891.47821841968,79892.66846914859,79889.80620248517,79889.80620248517,0,1
1370593320000,1370593379999,79889.85029574377,79890.00631648232,79886.41043759213,79887.25863876153,0,1
1370593380000,1370593439999,79887.48594445121,79888.65631732826,79887.48594445121,79887.7437774867,0,1
1370593440000,1370593499999,79886.17971442768,79888.14747638641,79885.96255835115,79887.58093634299,0,1
1370593500000,1370593559999,79887.25524610016,79888.36119273563,79886.16614231105,79888.00160387457,0,1
1370593560000,1370593619999,79888.04570509093,79888.43243050372,79887.57754379096,79887.57754379096,0,1
1370593620000,1370593679999,79886.48168925827,79888.07284420432,79884.58825820286,79885.7487907325,0,1
1370593680000,1370593739999,79884.9310025843,79885.0701330899,79882.5349394471,79882.5349394471,0,1
1370593740000,1370593799999,79882.51117957254,79882.66392063824,79881.20090481012,79881.20090481012,0,1
1370593800000,1370593859999,79880.96666662143,79883.03727786649,79877.64940066327,79883.03727786649,0,1
1370593860000,1370593919999,79883.82467650204,79884.2964071921,79881.68973205256,79883.2239512534,0,1
1370593920000,1370593979999,79883.04067195917,79883.48189419914,79880.40650957363,79882.9693957709,0,1
1370593980000,1370594039999,79883.89594659448,79884.12332873206,79882.6231899155,79882.6231899155,0,1
1370594040000,1370594099999,79882.41613950975,79882.6299783808,79881.2178783787,79882.6299783808,0,1
1370594100000,1370594159999,79880.54230810293,79882.53154518276,79880.36916465477,79882.53154518276,0,1
1370594160000,1370594219999,79880.52872833298,79883.39025733568,79880.52872833298,79883.39025733568,0,1
1370594220000,1370594279999,79883.58031804311,79883.58031804311,79879.53056474944,79881.59128959887,0,1
1370594280000,1370594339999,79881.0243779889,79882.453476785,79881.0243779889,79882.3143098687,0,1
1370594340000,1370594399999,79881.63202452482,79884.02830399,79879.66637517439,79879.66637517439,0,1
1370594400000,1370594459999,79879.63242274107,79881.26879891161,79879.46944945646,79880.39292961927,0,1
1370594460000,1370594519999,79881.19072065514,79882.93884867754,79881.19072065514,79882.43311101578,0,1
1370594520000,1370594579999,79882.12422509768,79889.79941888967,79881.55055450698,79887.86929905853,0,1
1370594580000,1370594639999,79887.53004794176,79887.95411003943,79885.81326081303,79886.68526264987,0,1
1370594640000,1370594699999,79885.90826859519,79891.05769711564,79885.8370128432,79890.58628527609,0,1
1370594700000,1370594759999,79889.72819085907,79890.05380057177,79882.52136238283,79882.52136238283,0,1
1370594760000,1370594819999,79881.4758730742,79887.21453407397,79881.4758730742,79884.4321529078,0,1
1370594820000,1370594879999,79883.89594659448,79886.4511528921,79882.09367542247,79885.80986766126,0,1
1370594880000,1370594939999,79885.65717463988,79885.99648929897,79883.6549837613,79883.6549837613,0,1
1370594940000,1370594999999,79882.14798589166,79882.92527216166,79877.67317209214,79877.67317209214,0,1
1370595000000,1370595059999,79877.09584998361,79880.88858600592,79876.41320848679,79878.96693177486,0,1
1370595060000,1370595119999,79877.30301057434,79880.95648222789,79877.30301057434,79880.95648222789,0,1
1370595120000,1370595179999,79880.28089429215,79881.14319446142,79880.11114140482,79880.6679201007,0,1
1370595180000,1370595239999,79880.26731416721,79882.58924751982,79880.26731416721,79881.22806250602,0,1
1370595240000,1370595299999,79881.16356285781,79882.26678901468,79879.71051316537,79881.35027122495,0,1
1370595300000,1370595359999,79880.50156873777,79887.3468475531,79880.34200462617,79886.73276251162,0,1
1370595360000,1370595419999,79887.10257514728,79888.89715967949,79882.7929001658,79888.89715967949,0,1
1370595420000,1370595479999,79889.0972918685,79889.29063611166,79883.33595361291,79887.99481905479,0,1
1370595480000,1370595539999,79887.21453407397,79889.67392154284,79885.58931032644,79889.67392154284,0,1
1370595540000,1370595599999,79889.09389983087,79889.74514996,79888.8598464555,79889.2736762399,0,1
1370595600000,1370595659999,79889.30759595464,79891.0610884872,79886.5427617109,79886.5427617109,0,1
1370595660000,1370595719999,79886.32222054018,79888.37476187343,79886.1186397578,79886.1186397578,0,1
1370595720000,1370595779999,79885.8370128432,79889.85368752484,79884.39142938657,79887.50290735521,0,1
1370595780000,1370595839999,79887.94732518743,79890.8576041572,79887.66914229166,79890.10806782647,0,1
1370595840000,1370595899999,79889.54503073641,79891.78003329359,79886.02024089392,79888.46974532257,0,1
1370595900000,1370595959999,79887.93375546962,79891.074653962,79887.2654240808,79888.91751228843,0,1
1370595960000,1370596019999,79888.67667042739,79889.64339492303,79888.67667042739,79889.4704089839,0,1
1370596020000,1370596079999,79889.67392154284,79890.03684199427,79888.60882660252,79889.28046019207,0,1
1370596080000,1370596139999,79889.78924348779,79891.66134313779,79889.70444806946,79890.00970821048,0,1
1370596140000,1370596199999,79889.92152290467,79889.92152290467,79887.65557219635,79887.65557219635,0,1
1370596200000,1370596259999,79888.07623658833,79891.17639443629,79887.88965375954,79888.30013138763,0,1
1370596260000,1370596319999,79887.9269706038,79890.28104273544,79887.9269706038,79888.00499628273,0,1
1370596320000,1370596379999,79888.53759009103,79889.54163885066,79888.32726981056,79889.419530197,0,1
1370596380000,1370596439999,79890.03684199427,79891.03056610168,79889.50432803134,79890.14537639324,0,1
1370596440000,1370596499999,79891.51213065752,79892.57013471352,79891.23404691224,79891.56978119793,0,1
1370596500000,1370596559999,79891.12552432853,79891.12552432853,79889.01588264776,79890.79316658949,0,1
1370596560000,1370596619999,79890.89151849975,79891.17639443629,79888.97517778885,79890.75246896436,0,1
1370596620000,1370596679999,79891.02717471975,79891.02717471975,79889.24314839825,79890.1114595201,0,1
1370596680000,1370596739999,79890.6541156865,79892.00384518309,79886.90579581425,79886.90579581425,0,1
1370596740000,1370596799999,79887.03811337845,79889.11764407014,79887.03811337845,79887.79127232078,0,1
1370596800000,1370596859999,79887.66914229166,79888.09998324407,79887.66914229166,79888.01856590387,0,1
1370596860000,1370596919999,79887.79805727868,79890.1385930278,79887.79805727868,79889.46701707284,0,1
1370596920000,1370596979999,79889.53485507568,79890.25730125842,79889.08033166883,79889.80959428119,0,1
1370596980000,1370597039999,79889.48397661668,79889.48397661668,79885.9252341756,79886.08470922445,0,1
1370597040000,1370597099999,79886.10846060987,79887.50969250876,79885.5689509426,79887.50969250876,0,1
1370597100000,1370597159999,79887.6725348126,79887.6725348126,79884.85634639303,79884.85634639303,0,1
1370597160000,1370597219999,79884.23192733162,79885.02941216668,79883.59728757347,79884.09278516345,0,1
1370597220000,1370597279999,79884.59843889832,79884.63576802636,79882.8913307913,79883.285043605,0,1
1370597280000,1370597339999,79883.09837135853,79883.35631754351,79882.3482531976,79882.816659371,0,1
1370597340000,1370597399999,79882.7318048075,79883.08140098152,79881.98844804901,79883.08140098152,0,1
1370597400000,1370597459999,79883.73983049161,79887.76073995334,79882.71483380838,79883.06103649108,0,1
1370597460000,1370597519999,79882.3788020951,79882.3788020951,79878.6952900811,79879.70032749244,0,1
1370597520000,1370597579999,79879.44228698412,79879.72748926387,79876.41320848679,79879.72748926387,0,1
1370597580000,1370597639999,79881.33329788108,79884.32355648265,79880.60002191947,79880.60002191947,0,1
1370597640000,1370597699999,79882.07670334035,79885.04298582618,79880.8750067062,79881.53018689882,0,1
1370597700000,1370597759999,79881.30953515125,79884.26586415213,79879.32345030019,79883.16285852855,0,1
1370597760000,1370597819999,79883.03388377264,79884.87670722774,79882.21926793485,79882.21926793485,0,1
1370597820000,1370597879999,79881.65578648834,79881.65578648834,79880.02965899535,79880.7120536713,0,1
1370597880000,1370597939999,79880.69168435523,79884.6255873689,79879.16386738881,79880.52872833298,0,1
1370597940000,1370597999999,79881.8866140527,79882.94903105237,79880.37595465039,79882.6842859374,0,1
1370598000000,1370598059999,79882.52136238283,79887.23149743835,79880.90556010463,79886.28150471527,0,1
1370598060000,1370598119999,79885.58931032644,79891.74951310236,79885.58931032644,79889.0633714404,0,1
1370598120000,1370598179999,79889.14138825302,79889.40935440858,79887.34345492166,79887.7098524671,0,1
1370598180000,1370598239999,79887.44862596114,79888.90733598913,79886.92954524957,79888.35101587018,0,1
1370598240000,1370598299999,79887.94732518743,79890.56254452375,79887.94732518743,79890.56254452375,0,1
1370598300000,1370598359999,79890.49132192855,79890.49132192855,79887.73020749267,79888.99553023902,0,1
1370598360000,1370598419999,79889.68070522347,79889.68070522347,79886.34257839047,79887.36041806736,0,1
1370598420000,1370598479999,79888.96160946572,79889.12442812814,79887.23828277604,79888.85306221798,0,1
1370598480000,1370598539999,79889.4059624768,79891.40361109162,79889.04980323694,79891.08821941837,0,1
1370598540000,1370598599999,79891.02717471975,79891.73255740032,79891.02717471975,79891.39343732194,0,1
1370598600000,1370598659999,79891.71560166952,79893.00754599157,79891.47821841968,79893.00754599157,0,1
1370598660000,1370598719999,79893.1838614063,79896.9128823171,79893.1838614063,79896.9128823171,0,1
1370598720000,1370598779999,79895.19431543494,79897.28231867758,79894.16032126542,79897.28231867758,0,1
1370598780000,1370598839999,79897.83136401667,79897.83136401667,79894.84853256214,79895.09261583116,0,1
1370598840000,1370598899999,79894.93328437241,79895.91635288256,79894.3942506157,79895.11973582664,0,1
1370598900000,1370598959999,79894.89260359312,79895.04854568165,79892.28868943434,79894.80785143809,0,1
1370598960000,1370599019999,79894.35695789754,79896.43157777835,79893.61107432691,79896.43157777835,0,1
1370599020000,1370599079999,79896.84509434702,79899.19367965714,79896.39768221938,79896.74680097419,0,1
1370599080000,1370599139999,79896.49258949497,79896.49258949497,79894.05861114536,79894.86548298167,0,1
1370599140000,1370599199999,79894.72987882106,79894.97057494137,79894.50612793579,79894.54681028731,0,1
1370599200000,1370599259999,79895.03159557245,79899.2377315428,79893.00415528005,79894.47900627616,0,1
1370599260000,1370599319999,79893.97724230448,79894.26203035099,79890.66089870225,79891.48500087645,0,1
1370599320000,1370599379999,79891.34935086704,79895.03498559659,79891.34935086704,79895.03498559659,0,1
1370599380000,1370599439999,79894.36712865265,79895.67906933176,79891.3527421397,79892.76341182356,0,1
1370599440000,1370599499999,79893.4449381376,79894.2281274374,79890.96612964848,79891.93602392737,0,1
1370599500000,1370599559999,79891.62404022645,79894.1976147169,79891.32222064435,79893.37712665489,0,1
1370599560000,1370599619999,79893.8890919797,79894.47900627616,79891.70881936916,79891.82750896146,0,1
1370599620000,1370599679999,79892.23104303835,79892.87191663406,79884.897068021,79887.36720331757,0,1
1370599680000,1370599739999,79887.61146925941,79887.7844873583,79884.5848646354,79885.31784846699,0,1
1370599740000,1370599799999,79885.47054666969,79885.62663575583,79882.94224280363,79884.58825820286,0,1
1370599800000,1370599859999,79884.89028109451,79886.75311952615,79884.83259203348,79886.67847693693,0,1
1370599860000,1370599919999,79885.94219972721,79886.5427617109,79883.15607042499,79886.4579387593,0,1
1370599920000,1370599979999,79887.17382188201,79887.44184076617,79880.91234973604,79880.91234973604,0,1
1370599980000,1370600039999,79880.10435122938,79882.18871854998,79879.11293613631,79881.19072065514,0,1
1370600040000,1370600099999,79881.16695758651,79882.69786278046,79880.57286251787,79882.52815091726,0,1
1370600100000,1370600159999,79882.06991449944,79882.53833371028,79879.09595899451,79879.78860297985,0,1
1370600160000,1370600219999,79880.52872833298,79881.1499839315,79877.06188882158,79877.66638026109,0,1
1370600220000,1370600279999,79878.5662576916,79878.60700494183,79875.96488125675,79877.18075238405,0,1
1370600280000,1370600339999,79877.10264220217,79878.96353629923,79875.6659852698,79878.96353629923,0,1
1370600340000,1370600399999,79878.41005836088,79878.48815833121,79877.67656800595,79878.00596616328,0,1
1370600400000,1370600459999,79877.76146547611,79877.76146547611,79875.96148476162,79877.17735630187,0,1
1370600460000,1370600519999,79877.21810921188,79879.2181937722,79876.23999353059,79879.2181937722,0,1
1370600520000,1370600579999,79877.00755072245,79877.8939040904,79875.38406382228,79877.2792382655,0,1
1370600580000,1370600639999,79877.60864951086,79877.60864951086,79874.43294488107,79876.54906125499,0,1
1370600640000,1370600699999,79875.64560567263,79876.52189084899,79875.29914616607,79875.29914616607,0,1
1370600700000,1370600759999,79875.46898075737,79877.82938293331,79875.46898075737,79877.63581696425,0,1
1370600760000,1370600819999,79877.36413910896,79877.36413910896,79874.4635179685,79875.3093363229,0,1
1370600820000,1370600879999,79877.7105270805,79877.91088327307,79868.68354319394,79869.66919549604,0,1
1370600880000,1370600939999,79870.95039826512,79873.27789310798,79870.62756423085,79872.29599419284,0,1
1370600940000,1370600999999,79872.8600032783,79873.04686674278,79870.80767292474,79870.80767292474,0,1
1370601000000,1370601059999,79869.55364128784,79873.64820364739,79868.98264795303,79873.64820364739,0,1
1370601060000,1370601119999,79872.84641307195,79874.7352746376,79871.0659363344,79873.85543567134,0,1
1370601120000,1370601179999,79874.27328390586,79876.85472323567,79873.04007176889,79875.07835688515,0,1
1370601180000,1370601239999,79874.48729697187,79877.43885125495,79874.48729697187,79877.204524927,0,1
1370601240000,1370601299999,79878.83790289039,79881.13640498673,79873.90299651354,79877.21471314238,0,1
1370601300000,1370601359999,79877.2486737854,79879.01786377096,79874.12381174641,79879.01786377096,0,1
1370601360000,1370601419999,79878.39647569506,79878.39647569506,79875.39765058034,79877.61204544657,0,1
1370601420000,1370601479999,79878.65114760889,79880.76297677995,79878.2266908159,79880.43366942702,0,1
1370601480000,1370601539999,79879.80557894579,79879.80557894579,79873.43077526795,79876.53547606122,0,1
1370601540000,1370601599999,79876.88189273735,79879.19782141302,79875.78486542554,79877.81240361226,0,1
1370601600000,1370601659999,79877.62223324677,79881.03116753965,79875.6048463537,79877.57469009033,0,1
1370601660000,1370601719999,79876.42339750842,79879.02805013907,79874.59600026725,79879.02805013907,0,1
1370601720000,1370601779999,79878.85148495663,79879.97194188692,79878.1417972953,79878.1417972953,0,1
1370601780000,1370601839999,79877.7852366386,79879.8904583432,79875.25498869987,79878.41005836088,0,1
1370601840000,1370601899999,79879.44228698412,79880.67470989349,79879.29289206749,79879.85311149711,0,1
1370601900000,1370601959999,79879.54414587494,79879.54414587494,79877.85994563856,79878.91599951935,0,1
1370601960000,1370602019999,79878.97032724934,79880.28768434771,79877.82938293331,79880.28768434771,0,1
1370602020000,1370602079999,79880.57965237519,79880.85803255562,79879.32345030019,79879.99570779545,0,1
1370602080000,1370602139999,79880.62718124728,79880.83426869642,79878.91260402642,79879.96854675253,0,1
1370602140000,1370602199999,79878.36931030812,79879.94478077946,79878.067090401,79879.77502218635,0,1
1370602200000,1370602259999,79879.75804616854,79880.65094559862,79877.44564324054,79877.69354755763,0,1
1370602260000,1370602319999,79878.06369461982,79880.60341683948,79877.63921289073,79879.34382240345,0,1
1370602320000,1370602379999,79879.71390838738,79880.33181959644,79878.71226790315,79880.33181959644,0,1
1370602380000,1370602439999,79880.22657368172,79882.54172797232,79879.4864259642,79881.11943127985,0,1
1370602440000,1370602499999,79882.59603600818,79885.66396104591,79881.3808231713,79885.66396104591,0,1
1370602500000,1370602559999,79884.48645067813,79889.92830641732,79884.48645067813,79887.13989492878,0,1
1370602560000,1370602619999,79887.46558892843,79887.7098524671,79884.61540670106,79886.60722667292,0,1
1370602620000,1370602679999,79887.4282703624,79887.9710721493,79885.9489859398,79887.33327702043,0,1
1370602680000,1370602739999,79887.38077380421,79889.80959428119,79886.627583943,79889.80959428119,0,1
1370602740000,1370602799999,79889.55859826795,79891.54943398632,79887.65896472191,79888.76486671163,0,1
1370602800000,1370602859999,79889.73836632307,79891.12213297881,79887.51987023043,79888.82592522196,0,1
1370602860000,1370602919999,79887.9032235372,79894.08912429,79887.58093634299,79892.74984863946,0,1
1370602920000,1370602979999,79893.22454913745,79893.22454913745,79890.02666683398,79891.73255740032,0,1
1370602980000,1370603039999,79890.72533712226,79890.72533712226,79883.8043135252,79887.56397357135,0,1
1370603040000,1370603099999,79887.34006228906,79890.83725549646,79887.34006228906,79888.89715967949,0,1
1370603100000,1370603159999,79889.13121218154,79889.51450372314,79887.23149743835,79887.5334405099,0,1
1370603160000,1370603219999,79887.63182448524,79887.63182448524,79884.37785484263,79886.59026224952,0,1
1370603220000,1370603279999,79886.074530042,79888.47992206718,79886.074530042,79886.26453973929,0,1
1370603280000,1370603339999,79886.32900649488,79888.4052923662,79885.32463510329,79887.36041806736,0,1
1370603340000,1370603399999,79887.10596786045,79889.38900280063,79887.10596786045,79889.38900280063,0,1
1370603400000,1370603459999,79890.03005855523,79893.49579644788,79889.79941888967,79893.49579644788,0,1
1370603460000,1370603519999,79893.51613969957,79894.4281529661,79889.60608448338,79889.60608448338,0,1
1370603520000,1370603579999,79889.02266677479,79890.64054964123,79887.43844816695,79887.43844816695,0,1
1370603580000,1370603639999,79887.78787984012,79888.4154691764,79885.53501854408,79886.27811172236,0,1
1370603640000,1370603699999,79885.55877123513,79888.85306221798,79885.4637601324,79886.15935624583,0,1
1370603700000,1370603759999,79886.11185366033,79887.89983109452,79885.12782078063,79887.35702544052,0,1
1370603760000,1370603819999,79887.62503941458,79887.62503941458,79886.22721669084,79886.40704464298,0,1
1370603820000,1370603879999,79887.13310952432,79888.76147456122,79883.50565176741,79884.10296636335,0,1
1370603880000,1370603939999,79883.78395050688,79884.04866651075,79882.11743628903,79883.40383322028,0,1
1370603940000,1370603999999,79883.61765097188,79884.30319452165,79880.70865878816,79884.30319452165,0,1
1370604000000,1370604059999,79883.88915898852,79884.05884775556,79882.51457384379,79883.11873577295,0,1
1370604060000,1370604119999,79884.66630993657,79886.61061955415,79883.97400373197,79883.97400373197,0,1
1370604120000,1370604179999,79883.87218995344,79883.87218995344,79881.11943127985,79882.64355529762,0,1
1370604180000,1370604239999,79882.91508976265,79883.86200851858,79880.91574455003,79883.47850025621,0,1
1370604240000,1370604299999,79883.8280703275,79883.8280703275,79881.15677339696,79881.15677339696,0,1
1370604300000,1370604359999,79881.32650853545,79885.9489859398,79881.32650853545,79884.37446120378,0,1
1370604360000,1370604419999,79884.63916157655,79885.69449981597,79881.80175159691,79885.3619615206,0,1
1370604420000,1370604479999,79883.85861470464,79887.41469994023,79883.85861470464,79887.072040677,0,1
1370604480000,1370604539999,79887.02454242679,79889.92152290467,79886.26453973929,79888.64614076316,0,1
1370604540000,1370604599999,79889.02266677479,79889.02266677479,79884.51020585994,79884.51020585994,0,1
1370604600000,1370604659999,79884.99208450806,79885.9727376476,79883.98418505282,79885.9727376476,0,1
1370604660000,1370604719999,79885.92862728822,79885.92862728822,79883.34274159439,79883.34274159439,0,1
1370604720000,1370604779999,79882.98297222688,79885.59949000282,79882.58245902686,79884.07242273254,0,1
1370604780000,1370604839999,79884.39142938657,79884.39142938657,79882.82684187024,79883.6957102817,0,1
1370604840000,1370604899999,79884.28961985795,79884.90046148251,79879.7342796952,79884.71381938926,0,1
1370604900000,1370604959999,79884.31337550734,79885.68771343069,79882.92527216166,79882.92527216166,0,1
1370604960000,1370605019999,79883.3698934742,79888.56472786953,79883.3698934742,79886.10506755827,0,1
1370605020000,1370605079999,79885.83361969948,79889.35847531105,79885.83361969948,79887.475766695,0,1
1370605080000,1370605139999,79887.44184076617,79888.41207690748,79885.84040598576,79885.84040598576,0,1
1370605140000,1370605199999,79886.02024089392,79887.20096336173,79883.48868208156,79886.29846966246,0,1
1370605200000,1370605259999,79886.56990490346,79886.56990490346,79882.61640144559,79885.01583848875,0,1
1370605260000,1370605319999,79884.44572737803,79885.28052188501,79883.35631754351,79883.35631754351,0,1
1370605320000,1370605379999,79882.03936465831,79884.27943884807,79880.45743423823,79882.32449287947,0,1
1370605380000,1370605439999,79882.77592927038,79885.71825212822,79882.73859319906,79883.98079128035,0,1
1370605440000,1370605499999,79884.3676739226,79888.3645850218,79882.99994277093,79886.60044090702,0,1
1370605500000,1370605559999,79886.11524670964,79887.70645995882,79885.92184106182,79887.70645995882,0,1
1370605560000,1370605619999,79887.43844816695,79887.7777023912,79886.31543458087,79887.65217966965,0,1
1370605620000,1370605679999,79887.30274325456,79889.85707930477,79887.30274325456,79889.85707930477,0,1
1370605680000,1370605739999,79890.28782600423,79891.00682640406,79889.6705297008,79890.05040885857,0,1
1370605740000,1370605799999,79890.81351533993,79892.50570818003,79889.70444806946,79890.60663444753,0,1
1370605800000,1370605859999,79890.73551157168,79891.32222064435,79889.53824696374,79891.074653962,0,1
1370605860000,1370605919999,79890.82708115056,79892.44806303506,79888.00838868975,79892.42432670231,0,1
1370605920000,1370605979999,79892.07844803313,79892.07844803313,79887.8184121247,79887.8184121247,0,1
1370605980000,1370606039999,79888.38154643544,79889.58234140386,79887.14668032863,79888.90055178385,0,1
1370606040000,1370606099999,79888.50027552534,79889.29402808256,79887.23489010778,79888.16783052121,0,1
1370606100000,1370606159999,79888.28995446005,79888.97178570979,79887.30613589982,79888.85645433732,0,1
1370606160000,1370606219999,79889.2702842621,79891.04413161786,79887.61146925941,79887.61146925941,0,1
1370606220000,1370606279999,79887.4282703624,79889.70105623777,79886.6343696905,79887.31631382868,0,1
1370606280000,1370606339999,79887.1975706808,79887.7777023912,79885.70807257274,79885.90487547565,0,1
1370606340000,1370606399999,79886.152570176,79886.5936551365,79883.84843325596,79883.84843325596,0,1
1370606400000,1370606459999,79884.6255873689,79886.5088326166,79882.8336301973,79882.8336301973,0,1
1370606460000,1370606519999,79881.59128959887,79884.33034379377,79880.93611340971,79884.33034379377,0,1
1370606520000,1370606579999,79884.55771605427,79885.89808923313,79882.44329390557,79882.68089172376,0,1
1370606580000,1370606639999,79884.31676916692,79885.74200438405,79883.8144950188,79885.74200438405,0,1
1370606640000,1370606699999,79885.09728027994,79886.67169121937,79884.24550207364,79884.24550207364,0,1
1370606700000,1370606759999,79884.87670722774,79885.30088185609,79882.92187802981,79882.92187802981,0,1
1370606760000,1370606819999,79882.16835224156,79884.94796982277,79882.1581690718,79884.5271738124,0,1
1370606820000,1370606879999,79884.38803575232,79884.78508314506,79883.20019301587,79884.17762817926,0,1
1370606880000,1370606939999,79883.285043605,79885.03280558328,79882.92187802981,79884.32016282536,0,1
1370606940000,1370606999999,79884.41179116792,79887.00757871135,79884.41179116792,79886.31543458087,0,1
1370607000000,1370607059999,79886.11524670964,79888.05248987618,79886.0473855048,79888.05248987618,0,1
1370607060000,1370607119999,79887.79127232078,79888.28316983591,79886.41043759213,79888.24246199439,0,1
1370607120000,1370607179999,79887.23149743835,79890.98647804698,79887.23149743835,79888.60204219472,0,1
1370607180000,1370607239999,79888.68684696143,79889.31098791979,79887.96089488684,79888.58847336531,0,1
1370607240000,1370607299999,79888.56133565125,79890.5828937435,79887.7437774867,79888.79878815227,0,1
1370607300000,1370607359999,79888.74790594814,79889.4568413327,79887.49612219706,79888.07962897117,0,1
1370607360000,1370607419999,79887.86590660432,79890.74568601073,79887.86590660432,79890.1385930278,0,1
1370607420000,1370607479999,79891.37648101612,79893.18047075455,79887.59111399215,79887.59111399215,0,1
1370607480000,1370607539999,79888.47313757193,79891.25778607045,79887.30613589982,79891.25778607045,0,1
1370607540000,1370607599999,79892.3632901594,79894.15693094475,79891.74612196426,79893.11604815314,0,1
1370607600000,1370607659999,79893.0651879115,79899.66807437192,79893.0651879115,79896.91966108885,0,1
1370607660000,1370607719999,79896.57393787142,79902.96449605646,79896.16379973108,79902.96449605646,0,1
1370607720000,1370607779999,79901.58914285783,79902.98143272467,79901.10806334241,79901.56542821277,0,1
1370607780000,1370607839999,79900.82008213639,79905.78236297696,79900.74215638438,79902.87303755245,0,1
1370607840000,1370607899999,79903.54032668383,79903.54032668383,79900.71166353351,79900.71166353351,0,1
1370607900000,1370607959999,79899.9357586001,79900.97593181868,79896.44513596977,79900.7557087327,0,1
1370607960000,1370608019999,79901.37232115235,79901.37232115235,79899.03102485975,79900.17294116937,0,1
1370608020000,1370608079999,79900.82008213639,79906.03633841213,79900.82008213639,79906.03633841213,0,1
1370608080000,1370608139999,79904.87815806792,79905.4979028315,79901.47395691214,79904.96282491827,0,1
1370608140000,1370608199999,79904.42771837267,79909.3306618622,79904.42771837267,79909.24264677506,0,1
1370608200000,1370608259999,79910.12614770052,79937.87435231505,79868.792309596,79929.15492841975,0,1
1370608260000,1370608319999,79924.3901415234,79929.3441213161,79921.22587980443,79924.35634059935,0,1
1370608320000,1370608379999,79927.810204348,79930.29003211066,79907.95279837109,79912.02151849995,0,1
1370608380000,1370608439999,79913.10104235316,79914.50864761964,79908.3319836712,79910.0144449976,0,1
1370608440000,1370608499999,79909.19863894099,79912.16365682898,79900.12211680668,79905.18972854232,0,1
1370608500000,1370608559999,79905.70786229239,79927.96901283832,79904.0890285468,79926.15777062872,0,1
1370608560000,1370608619999,79926.47205819206,79947.6653513843,79925.18105053176,79946.45464802318,0,1
1370608620000,1370608679999,79946.33323235698,79953.18416648611,79943.6077372563,79943.6077372563,0,1
1370608680000,1370608739999,79945.08863677559,79946.04992340282,79941.06372138194,79942.12324430069,0,1
1370608740000,1370608799999,79940.25719397637,79950.43019659756,79938.03300105981,79950.43019659756,0,1
1370608800000,1370608859999,79950.65269968311,79954.25588609834,79942.70019842507,79947.05495937586,0,1
1370608860000,1370608919999,79948.34651836523,79958.70667455265,79948.34651836523,79953.8885486026,0,1
1370608920000,1370608979999,79955.50608049508,79956.9818500796,79950.56167629195,79955.04443661484,0,1
1370608980000,1370609039999,79954.00650248026,79954.8961669055,79943.76292152412,79944.2621937001,0,1
1370609040000,1370609099999,79945.031293951,79948.98043406948,79943.1219274568,79944.7209623718,0,1
1370609100000,1370609159999,79943.4930342931,79944.49495396529,79936.80425142242,79936.80425142242,0,1
1370609160000,1370609219999,79936.38900793523,79945.5170110027,79934.11330249892,79945.5170110027,0,1
1370609220000,1370609279999,79945.42256786808,79950.1436322995,79942.99372371272,79944.94359252443,0,1
1370609280000,1370609339999,79945.94873968826,79945.94873968826,79935.14317400733,79935.14317400733,0,1
1370609340000,1370609399999,79933.18801600559,79935.30861888608,79924.18057395256,79924.18057395256,0,1
1370609400000,1370609459999,79923.45719407809,79927.0532951862,79923.122528675,79926.50923133663,0,1
1370609460000,1370609519999,79928.38460610028,79930.73930839589,79924.96811964455,79930.23260436363,0,1
1370609520000,1370609579999,79928.68193051842,79930.52987384216,79927.0600535572,79928.2697283893,0,1
1370609580000,1370609639999,79927.05667437227,79930.4454231844,79925.26892544924,79930.30016638472,0,1
1370609640000,1370609699999,79931.63442277776,79934.24499690105,79926.70523290464,79929.93532604794,0,1
1370609700000,1370609759999,79927.90819286341,79938.77895397026,79927.15467027166,79938.27265715669,0,1
1370609760000,1370609819999,79939.70709822413,79940.79713583826,79933.04617620149,79933.04617620149,0,1
1370609820000,1370609879999,79932.96512398157,79938.00599719588,79932.96512398157,79935.41666304372,0,1
1370609880000,1370609939999,79934.75149766968,79938.03637653767,79934.05251988221,79934.832535412,0,1
1370609940000,1370609999999,79934.46110703348,79936.59831981568,79932.59700354873,79934.58266693061,0,1
1370610000000,1370610059999,79935.35926473032,79940.22344664199,79930.87442513507,79932.03297623142,0,1
1370610060000,1370610119999,79931.74250664002,79933.44805042133,79931.74250664002,79932.88744832101,0,1
1370610120000,1370610179999,79932.69832245065,79933.99173689605,79929.48263527417,79930.45893533756,0,1
1370610180000,1370610239999,79930.88793670858,79933.16437617796,79928.59746425315,79928.59746425315,0,1
1370610240000,1370610299999,79928.567056223,79929.06708764398,79925.75898294323,79926.71875011256,0,1
1370610300000,1370610359999,79926.76943947951,79926.9789528037,79917.78665238942,79921.9730874543,0,1
1370610360000,1370610419999,79921.63499136128,79924.76194414763,79918.86893604958,79918.86893604958,0,1
1370610420000,1370610479999,79918.05385205743,79925.66435302226,79918.05385205743,79922.93321803279,0,1
1370610480000,1370610539999,79922.02380088235,79927.33376374443,79922.02380088235,79926.10369865419,0,1
1370610540000,1370610599999,79926.8674381937,79930.49947168752,79925.99555382799,79929.7157397991,0,1
1370610600000,1370610659999,79929.5569590461,79932.4821742189,79928.50286118902,79930.68188322891,0,1
1370610660000,1370610719999,79928.50961858043,79932.11403600693,79927.08370781975,79932.11403600693,0,1
1370610720000,1370610779999,79932.00595616024,79932.00595616024,79927.7291096781,79930.44204514325,0,1
1370610780000,1370610839999,79932.8840711047,79939.0354679054,79931.56349210825,79935.30186608747,0,1
1370610840000,1370610899999,79936.95954130474,79941.61036824349,79936.22358093013,79941.61036824349,0,1
1370610900000,1370610959999,79942.08275504199,79942.91275208011,79936.8920242609,79936.8920242609,0,1
1370610960000,1370611019999,79935.24446711513,79936.96291714496,79931.95867085998,79931.95867085998,0,1
1370611020000,1370611079999,79933.64053907506,79938.06675578716,79933.64053907506,79934.80552290421,0,1
1370611080000,1370611139999,79933.79250118449,79934.72110834702,79925.43453377171,79927.65815130244,0,1
1370611140000,1370611199999,79928.00955928276,79928.00955928276,79924.68420474193,79924.68420474193,0,1
1370611200000,1370611259999,79924.7822238932,79928.96573194393,79923.02787380188,79927.92170844537,0,1
1370611260000,1370611319999,79928.90153946923,79930.0738318173,79927.0059864613,79929.05357361001,0,1
1370611320000,1370611379999,79929.66844366821,79933.30621430553,79929.52317558188,79931.32029742177,0,1
1370611380000,1370611439999,79930.89469248848,79933.44805042133,79930.78997738703,79931.24260898383,0,1
1370611440000,1370611499999,79931.87760982508,79935.71040219629,79931.87760982508,79934.98110290065,0,1
1370611500000,1370611559999,79935.25797278533,79937.34100403883,79931.25274229258,79931.25274229258,0,1
1370611560000,1370611619999,79930.21909190464,79935.3795229962,79929.8407356396,79935.3795229962,0,1
1370611620000,1370611679999,79936.6185755716,79940.88149912073,79936.21345265725,79939.90959097743,0,1
1370611680000,1370611739999,79938.5696877286,79938.5696877286,79933.61690031715,79933.70470113627,0,1
1370611740000,1370611799999,79935.15330336428,79935.66313440942,79931.28314215719,79935.44705025274,0,1
1370611800000,1370611859999,79934.5083805024,79935.84207556731,79921.9730874543,79922.80813582081,0,1
1370611860000,1370611919999,79924.70110466414,79932.46191008262,79918.20266903014,79927.54664426626,0,1
1370611920000,1370611979999,79926.86405894367,79933.01240452302,79922.1928437851,79923.3726836697,0,1
1370611980000,1370612039999,79926.65116389027,79928.59746425315,79921.71275447488,79923.45719407809,0,1
1370612040000,1370612099999,79924.98839897201,79928.19877384971,79918.25678374387,79918.4732396704,0,1
1370612100000,1370612159999,79918.1789937508,79923.87297488662,79913.51725396467,79923.87297488662,0,1
1370612160000,1370612219999,79922.00351554199,79922.06775231197,79913.88269377999,79918.74042099371,0,1
1370612220000,1370612279999,79917.2048765184,79919.97815525171,79913.29730689745,79917.21840657425,0,1
1370612280000,1370612339999,79918.09782093896,79927.30673097294,79917.07295751465,79927.30673097294,0,1
1370612340000,1370612399999,79924.84982274806,79930.3711060156,79922.06099056614,79929.18195619552,0,1
1370612400000,1370612459999,79928.79342489615,79928.79342489615,79918.07076318859,79918.15193622008,0,1
1370612460000,1370612519999,79918.14517182595,79921.0365332529,79913.30407457166,79916.73131303088,0,1
1370612520000,1370612579999,79916.27464128492,79919.81921980808,79913.29392305863,79913.68644072452,0,1
1370612580000,1370612639999,79913.06720324929,79913.06720324929,79906.37496229212,79908.1660918716,0,1
1370612640000,1370612699999,79909.47283844349,79912.13996724777,79905.77220382539,79912.13996724777,0,1
1370612700000,1370612759999,79911.84553491246,79914.88758441777,79908.54526908416,79913.29392305863,0,1
1370612760000,1370612819999,79915.15824476814,79925.61365805338,79914.57293255212,79925.61365805338,0,1
1370612820000,1370612879999,79925.84009359132,79926.66806048868,79921.25969131138,79925.52578616519,0,1
1370612880000,1370612939999,79925.2587860751,79931.08047464742,79923.48761765027,79925.98879473751,0,1
1370612940000,1370612999999,79925.60351902877,79925.67449198519,79921.09063263347,79923.77156652731,0,1
1370613000000,1370613059999,79922.99406827292,79923.6802981247,79916.61630137073,79917.75959379709,0,1
1370613060000,1370613119999,79918.50029633178,79923.63973412281,79918.49691425312,79918.80129675237,0,1
1370613120000,1370613179999,79919.37283441372,79925.55282375148,79919.37283441372,79925.32976147824,0,1
1370613180000,1370613239999,79924.90728141542,79935.22758500175,79924.82616320084,79933.20490156254,0,1
1370613240000,1370613299999,79933.63378514993,79936.66583884253,79930.80348907463,79936.26746999411,0,1
1370613300000,1370613359999,79934.95746731147,79940.57441335282,79931.60740162965,79938.819456608,0,1
1370613360000,1370613419999,79939.9770876507,79940.49679677568,79935.04187987348,79939.99058693067,0,1
1370613420000,1370613479999,79939.13334648838,79944.8120389424,79936.23708527803,79944.8120389424,0,1
1370613480000,1370613539999,79944.14412482781,79945.24717110881,79938.94096353694,79942.10974789933,0,1
1370613540000,1370613599999,79940.96586169148,79948.37686630947,79939.39660137177,79948.37686630947,0,1
1370613600000,1370613659999,79948.43418995285,79957.36928773376,79948.00594067461,79956.56407439812,0,1
1370613660000,1370613719999,79957.38950146023,79957.38950146023,79948.3060542963,79948.48139741244,0,1
1370613720000,1370613779999,79948.89613908491,79950.2346594959,79945.21681366509,79945.86441914405,0,1
1370613780000,1370613839999,79944.76481415749,79950.88868239435,79942.74068518388,79950.20768856112,0,1
1370613840000,1370613899999,79949.69185543404,79959.14793927131,79949.69185543404,79958.53151063966,0,1
1370613900000,1370613959999,79958.33950051769,79958.33950051769,79950.53470623915,79954.91638563167,0,1
1370613960000,1370614019999,79955.721731647,79965.44142077595,79955.4049924167,79965.18894963046,0,1
1370614020000,1370614079999,79965.56597085983,79967.20854034033,79963.54941523436,79965.34716562727,0,1
1370614080000,1370614139999,79966.75416799086,79968.30231503023,79964.60655854458,79965.18221697932,0,1
1370614140000,1370614199999,79964.33050005382,79968.37971609108,79963.86252983751,79966.54885223121,0,1
1370614200000,1370614259999,79967.23883109626,79978.69897840598,79967.23883109626,79977.70048001899,0,1
1370614260000,1370614319999,79978.41994680699,79978.8939597214,79975.04069313932,79976.85319107411,0,1
1370614320000,1370614379999,79977.07174469634,79980.4536733961,79975.38035134567,79979.42509643477,0,1
1370614380000,1370614439999,79977.95935954471,79983.70005569117,79977.02467201208,79980.78306456697,0,1
1370614440000,1370614499999,79981.45861863499,79981.45861863499,79976.71196927014,79979.52594199116,0,1
1370614500000,1370614559999,79980.94103403417,79983.67317486496,79977.39116062921,79983.67317486496,0,1
1370614560000,1370614619999,79986.31723011525,79992.08670451767,79985.52778237719,79987.02600030688,0,1
1370614620000,1370614679999,79986.3508222536,79989.63558832418,79985.98130252508,79988.0134920786,0,1
1370614680000,1370614739999,79987.19394796634,79988.43331448034,79975.9116747075,79976.23112769642,0,1
1370614740000,1370614799999,79977.09191863606,79979.8419181491,79975.48123769955,79977.92237716564,0,1
1370614800000,1370614859999,79977.01122263302,79978.7830225426,79975.14494589508,79976.1369741919,0,1
1370614860000,1370614919999,79975.35344814607,79975.78725341364,79970.87305584172,79972.60557768634,0,1
1370614920000,1370614979999,79971.65356885447,79973.88711429421,79971.596378159,79973.7626678078,0,1
1370614980000,1370615039999,79974.45551233846,79975.46442337793,79965.3740957604,79970.30781873132,0,1
1370615040000,1370615099999,79968.95852242432,79973.64831021159,79966.99986819523,79966.99986819523,0,1
1370615100000,1370615159999,79967.39028349955,79977.62987534882,79965.59290040373,79977.62987534882,0,1
1370615160000,1370615219999,79978.92421510204,79978.92421510204,79974.96334361819,79975.63592813205,0,1
1370615220000,1370615279999,79975.22901990644,79975.37362555256,79970.87305584172,79973.74248715055,0,1
1370615280000,1370615339999,79975.1583977844,79977.97280764864,79968.99890301135,79969.93097624066,0,1
1370615340000,1370615399999,79970.29436031547,79974.39497443904,79968.25856633954,79973.54740536418,0,1
1370615400000,1370615459999,79974.55977119505,79977.29701804623,79973.79293871729,79976.4093444029,0,1
1370615460000,1370615519999,79976.21767725005,79978.37960424484,79968.96188747945,79970.4255790974,0,1
1370615520000,1370615579999,79970.72165617705,79973.65503716521,79967.9287623575,79967.9287623575,0,1
1370615580000,1370615639999,79968.33260247321,79975.26601224752,79968.24847046066,79975.26601224752,0,1
1370615640000,1370615699999,79974.7380176901,79980.3024187133,79971.82850306912,79980.3024187133,0,1
1370615700000,1370615759999,79978.69897840598,79980.30577995333,79973.78957528743,79977.44159379123,0,1
1370615760000,1370615819999,79977.04820838191,79985.3194921577,79974.01828594122,79984.68451616814,0,1
1370615820000,1370615879999,79985.63528530918,79985.66887973841,79980.03687718083,79980.98136626418,0,1
1370615880000,1370615939999,79981.82830552032,79984.50308705098,79979.99654114127,79984.50308705098,0,1
1370615940000,1370615999999,79985.3329303673,79986.02497374995,79982.08035692471,79983.93861985746,0,1
1370616000000,1370616059999,79982.93392382673,79986.73712373442,79982.25510883582,79986.73712373442,0,1
1370616060000,1370616119999,79987.5667816891,79991.34136014977,79984.84242401682,79990.32733401858,0,1
1370616120000,1370616179999,79990.79742514247,79990.98209775236,79987.93960151185,79988.47697499832,0,1
1370616180000,1370616239999,79989.67924359329,79992.06320351645,79987.65746887121,79988.56765392657,0,1
1370616240000,1370616299999,79989.31656326473,79993.12069389805,79988.66840732691,79991.3547902695,0,1
1370616300000,1370616359999,79990.69669319053,79991.3615053226,79988.5340692342,79989.37029451378,0,1
1370616360000,1370616419999,79989.07141077735,79989.60872344846,79985.10783797441,79988.60795540853,0,1
1370616420000,1370616479999,79987.87242779559,79987.92952548318,79984.11333929836,79984.11333929836,0,1
1370616480000,1370616539999,79985.51434442945,79991.84497729609,79983.81765845625,79991.338002617,0,1
1370616540000,1370616599999,79991.76104286633,79992.77828068382,79990.47507932447,79992.53321304766,0,1
1370616600000,1370616659999,79992.42242707658,79994.76545669172,79990.96530947421,79993.1811185423,0,1
1370616660000,1370616719999,79992.314997084,79995.04738886691,79989.02439454499,79989.02439454499,0,1
1370616720000,1370616779999,79988.08738209933,79988.72885887987,79983.6899753898,79984.08981955143,0,1
1370616780000,1370616839999,79983.38756162391,79983.38756162391,79978.81327825888,79978.8838745742,0,1
1370616840000,1370616899999,79978.94102360727,79980.56795319472,79977.89211875375,79979.40828874317,0,1
1370616900000,1370616959999,79979.78141284917,79980.84692486483,79975.9150374237,79977.68366942844,0,1
1370616960000,1370617019999,79978.11064967126,79979.58308735501,79976.72878149424,79979.30071884795,0,1
1370617020000,1370617079999,79980.23183241171,79980.4940075918,79978.03332389254,79978.03332389254,0,1
1370617080000,1370617139999,79977.73410111529,79979.25701824749,79972.81076913081,79974.16963570363,0,1
1370617140000,1370617199999,79973.70212571388,79977.21296141963,79973.3926826206,79976.00246764766,0,1
1370617200000,1370617259999,79975.69645851948,79979.8116655449,79975.51150340724,79979.06204401098,0,1
1370617260000,1370617319999,79980.05032249118,79982.32232029618,79979.3780348271,79980.13435527135,0,1
1370617320000,1370617379999,79979.47551934009,79982.78606706095,79979.14272346646,79980.95783914978,0,1
1370617380000,1370617439999,79981.67371084906,79987.67090393936,79981.67371084906,79986.93530739794,0,1
1370617440000,1370617499999,79985.71927117066,79986.1257527718,79984.08645958308,79985.32621126475,0,1
1370617500000,1370617559999,79985.22206459803,79986.83453653443,79982.74574210905,79986.23996776876,0,1
1370617560000,1370617619999,79985.68567691071,79987.56006408733,79984.75171130215,79985.74278708547,0,1
1370617620000,1370617679999,79986.72368741168,79987.75487270634,79983.80085814591,79987.75487270634,0,1
1370617680000,1370617739999,79986.79758696337,79989.05461929117,79985.95106848844,79986.85804982674,0,1
1370617740000,1370617799999,79985.95106848844,79986.76399632575,79979.44526562741,79983.69333549139,0,1
1370617800000,1370617859999,79983.2161897636,79983.77397759067,79980.02343185239,79982.51723097668,0,1
1370617860000,1370617919999,79981.03178132296,79982.34248364619,79978.33253771665,79980.02343185239,0,1
1370617920000,1370617979999,79980.05704513958,79982.84319379779,79980.05704513958,79981.60985583087,0,1
1370617980000,1370618039999,79980.79986994805,79982.22150293623,79977.90892899387,79981.96609440859,0,1
1370618040000,1370618099999,79981.80141966222,79983.66981475659,79981.37123610149,79982.70205656099,0,1
1370618100000,1370618159999,79982.46682340627,79989.41730911988,79982.46010237768,79985.5412203069,0,1
1370618160000,1370618219999,79984.41237125802,79987.12676924103,79984.19733794297,79985.69239577174,0,1
1370618220000,1370618279999,79985.7898187492,79988.61803075363,79985.18846866771,79985.72263059045,0,1
1370618280000,1370618339999,79986.95210244315,79992.0934190793,79983.64629396649,79992.0934190793,0,1
1370618340000,1370618399999,79992.70442531613,79994.10422743272,79990.13593344488,79994.10422743272,0,1
1370618400000,1370618459999,79993.88268907032,79997.61461970644,79993.88268907032,79995.49040908348,0,1
1370618460000,1370618519999,79996.41666066479,80003.7431057681,79995.67499504793,80003.04558030645,0,1
1370618520000,1370618579999,80003.58214267223,80006.06672178107,80001.90528967869,80005.15477524731,0,1
1370618580000,1370618639999,80004.24945194568,80005.79180547965,80000.15770966165,80003.04893391066,0,1
1370618640000,1370618699999,80003.37422817203,80005.9057960828,80001.59000991314,80002.83430097488,0,1
1370618700000,1370618759999,80002.545880713,80006.97523287113,80002.545880713,80004.0147251174,0,1
1370618760000,1370618819999,80003.82023300003,80006.53607360962,80002.23397502118,80003.65927114563,0,1
1370618820000,1370618879999,80002.65655458778,80006.120363105,80002.3547138624,80005.80521620628,0,1
1370618880000,1370618939999,80005.96614352312,80008.8523374964,80005.85215360788,80007.2668776016,0,1
1370618940000,1370618999999,80006.05666400079,80008.45348224443,80004.17903447572,80007.0489829168,0,1
1370619000000,1370619059999,80007.1193801803,80008.57079426409,80002.65655458778,80006.46231978113,0,1
1370619060000,1370619119999,80005.77504204605,80007.43113353314,80003.90406627308,80006.28463786963,0,1
1370619120000,1370619179999,80007.50488021664,80012.11967018065,80005.25871452934,80009.80751439671,0,1
1370619180000,1370619239999,80009.95497217437,80011.38586995123,80007.61885129412,80011.38586995123,0,1
1370619240000,1370619299999,80012.17662959019,80012.17662959019,80007.38085139167,80007.69594863942,0,1
1370619300000,1370619359999,80008.94618347906,80009.29809807042,80005.17153972072,80006.05666400079,0,1
1370619360000,1370619419999,80005.21512722003,80006.25781768422,80002.64649337705,80002.64649337705,0,1
1370619420000,1370619479999,80002.45532844984,80006.18406180343,79997.6515293307,79999.9866249561,0,1
1370619480000,1370619539999,79999.77528098456,80001.1204258773,79998.48028229452,80000.65752860317,0,1
1370619540000,1370619599999,80001.21099022905,80001.21099022905,79992.62721230305,79993.87933239072,0,1
1370619600000,1370619659999,79994.26869970915,79998.97347514292,79992.701068241,79994.33583047317,0,1
1370619660000,1370619719999,79993.76520461393,79994.48351656772,79990.62953799218,79993.98674557905,0,1
1370619720000,1370619779999,79992.06991809385,79993.95989239014,79991.07275396737,79992.02963056175,0,1
1370619780000,1370619839999,79991.78454457768,79994.99704441857,79990.21988151594,79993.13412162832,0,1
1370619840000,1370619899999,79992.46271302625,79996.87304293603,79990.9350905025,79995.97368148206,0,1
1370619900000,1370619959999,79995.94347764137,79995.94347764137,79990.76384793791,79993.97667564165,0,1
1370619960000,1370620019999,79994.22842103444,79995.21184563181,79991.81140360872,79992.33514029553,0,1
1370620020000,1370620079999,79991.88862292115,79993.33553541887,79985.05072417333,79988.6919163076,0,1
1370620080000,1370620139999,79990.65975788725,79990.91158679471,79986.79086884487,79988.44339000141,0,1
1370620140000,1370620199999,79987.83884076825,79992.70778239013,79987.15364078531,79990.55902454854,0,1
1370620200000,1370620259999,79990.24338684956,79994.4096737931,79988.94379477524,79993.9901022226,0,1
1370620260000,1370620319999,79992.86892061685,79997.9132482131,79992.86892061685,79995.19170821409,0,1
1370620320000,1370620379999,79995.50047749665,79996.44686307633,79993.04348409905,79993.89611577745,0,1
1370620380000,1370620439999,79994.25863005569,79996.9938465215,79992.50971309574,79996.79250640165,0,1
1370620440000,1370620499999,79996.3898140002,79999.41632146391,79995.7891010309,79997.95351204858,0,1
1370620500000,1370620559999,79997.15491569869,80001.38205398904,79997.15491569869,79999.62431827016,0,1
1370620560000,1370620619999,80001.07682052652,80002.4888664207,79998.29574810494,79998.29574810494,0,1
1370620620000,1370620679999,79998.53060920976,80004.08849699999,79998.53060920976,80002.45197464658,0,1
1370620680000,1370620739999,80001.26130340341,80003.14283437147,79997.85956284692,79998.73526938916,0,1
1370620740000,1370620799999,79998.76881983865,79998.76881983865,79995.47698451679,79996.03408888976,0,1
1370620800000,1370620859999,79995.22191432548,79996.83613043829,79992.36199784777,79992.68428284845,0,1
1370620860000,1370620919999,79992.27135331985,79993.912899136,79986.16270482533,79986.16270482533,0,1
1370620920000,1370620979999,79987.06294903398,79989.06133588903,79985.90067822424,79989.06133588903,0,1
1370620980000,1370621039999,79987.60372841812,79988.90013629537,79985.3228517118,79986.74720096463,0,1
1370621040000,1370621099999,79987.35853393606,79987.35853393606,79982.59452209115,79986.90171722294,0,1
1370621100000,1370621159999,79986.25676398183,79992.12363455088,79986.25676398183,79991.22384583275,0,1
1370621160000,1370621219999,79991.89533761579,79995.18163949001,79990.37434412542,79993.86254897583,0,1
1370621220000,1370621279999,79994.53386360143,79995.7488284797,79992.87227763563,79993.76520461393,0,1
1370621280000,1370621339999,79994.1109406398,79994.1109406398,79989.38036909084,79990.12921756874,0,1
1370621340000,1370621399999,79991.11640296297,79992.82863630359,79990.08892221726,79991.00224364894,0,1
1370621400000,1370621459999,79991.34807521188,79992.05984622605,79990.30382888229,79990.78735199294,0,1
1370621460000,1370621519999,79990.6530423629,79991.24734880662,79989.47439798726,79991.04253532035,0,1
1370621520000,1370621579999,79990.63289576281,79992.71785360537,79990.1191437461,79992.71785360537,0,1
1370621580000,1370621639999,79993.3523197183,79994.07737455927,79992.492927382,79993.52016116318,0,1
1370621640000,1370621699999,79993.01662837705,79993.84576553275,79991.95241233817,79993.6107943721,0,1
1370621700000,1370621759999,79993.0938383834,79995.38301204535,79992.80849408612,79995.15814576106,0,1
1370621760000,1370621819999,79995.42999839145,79995.50383363213,79992.34856908067,79992.34856908067,0,1
1370621820000,1370621879999,79992.40228404089,79993.74506428282,79992.13034908772,79993.74506428282,0,1
1370621880000,1370621939999,79993.06698279663,79993.10055226882,79991.81476098254,79992.10684818905,0,1
1370621940000,1370621999999,79992.60035546309,79997.84614146035,79992.50971309574,79996.95693446965,0,1
1370622000000,1370622059999,79996.79921780429,79998.07430258238,79996.75223789121,79996.75223789121,0,1
1370622060000,1370622119999,79996.29249423681,79997.45355793354,79996.2723589951,79997.40658109446,0,1
1370622120000,1370622179999,79997.6985050191,79998.82585534442,79996.92337794066,79997.73541433376,0,1
1370622180000,1370622239999,79997.50389001623,79998.73191433802,79996.95693446965,79997.77567888529,0,1
1370622240000,1370622299999,79998.16153928272,80000.21809180007,79997.4804017425,80000.21809180007,0,1
1370622300000,1370622359999,79999.3056117222,80000.47974352018,79998.54402967772,79999.08418856173,0,1
1370622360000,1370622419999,79999.51025604116,79999.51025604116,79994.39624777548,79995.35280642055,0,1
1370622420000,1370622479999,79995.37294351388,79995.42328606981,79993.58729695236,79994.94334339433,0,1
1370622480000,1370622539999,79995.2756138538,79995.2756138538,79992.59028412952,79993.95653573645,0,1
1370622540000,1370622599999,79994.47344713056,80000.18454621262,79994.32240435641,80000.18454621262,0,1
1370622600000,1370622659999,80000.30195527637,80000.5300603738,79998.55073990495,79999.15799682666,0,1
1370622660000,1370622719999,79999.04392927853,79999.04392927853,79994.26198660796,79995.71191183195,0,1
1370622720000,1370622779999,79996.06429245677,79996.20859712889,79994.64462618335,79995.3259568997,0,1
1370622780000,1370622839999,79994.75203115177,79997.22538264793,79994.75203115177,79995.95018961385,0,1
1370622840000,1370622899999,79997.08444825289,79997.97028859887,79993.79541503455,79994.09080100502,0,1
1370622900000,1370622959999,79994.05052161372,79997.81258791509,79994.05052161372,79995.86964564674,0,1
1370622960000,1370623019999,79995.12122693265,79996.3898140002,79994.13108023404,79996.3327645986,0,1
1370623020000,1370623079999,79995.72198002214,79996.39316983722,79993.72156717858,79995.73204820216,0,1
1370623080000,1370623139999,79994.57078459839,79996.03744484615,79994.57078459839,79996.03744484615,0,1
1370623140000,1370623199999,79995.99717329508,79998.12127628482,79995.86293362021,79997.39651460023,0,1
1370623200000,1370623259999,79997.14820453477,79998.72520423237,79996.64149865141,79996.95693446965,0,1
1370623260000,1370623319999,79996.85962022535,79996.85962022535,79992.58692701608,79993.20797382256,0,1
1370623320000,1370623379999,79993.00991443529,79993.00991443529,79990.10235401912,79990.10235401912,0,1
1370623380000,1370623439999,79989.07141077735,79990.71348191965,79987.66754517402,79987.66754517402,0,1
1370623440000,1370623499999,79987.48952899638,79989.03111116315,79986.77743259435,79987.6003696302,0,1
1370623500000,1370623559999,79987.43914648394,79988.82625227985,79982.34584420058,79982.34584420058,0,1
1370623560000,1370623619999,79983.77061751617,79983.77061751617,79980.59148122644,79982.62140581702,0,1
1370623620000,1370623679999,79983.67317486496,79985.1951878628,79981.92240545446,79985.1951878628,0,1
1370623680000,1370623739999,79985.14815340233,79987.99334015998,79985.14815340233,79987.99334015998,0,1
1370623740000,1370623799999,79987.59701084117,79989.01767792233,79986.6632237359,79988.55422006316,0,1
1370623800000,1370623859999,79988.81617714453,79996.78915069863,79988.81617714453,79996.44686307633,0,1
1370623860000,1370623919999,79997.44684697004,80000.93594040141,79996.3260528829,79999.20161054531,0,1
1370623920000,1370623979999,80000.19460990067,80003.08917707326,79999.7115414498,80002.91478886564,0,1
1370623980000,1370624039999,80002.44862084217,80005.74151509457,80001.95559935992,80005.74151509457,0,1
1370624040000,1370624099999,80006.080132139,80007.93729300801,80003.63915073167,80005.5437037928,0,1
1370624100000,1370624159999,80005.88903284029,80007.85014154682,80005.70128260442,80005.7281042825,0,1
1370624160000,1370624219999,80004.50429197824,80008.90261223949,80003.93759938552,80008.90261223949,0,1
1370624220000,1370624279999,80008.33952067899,80009.14057592725,80006.06336918876,80008.84563417821,0,1
1370624280000,1370624339999,80008.34957616347,80008.34957616347,80004.83959791645,80007.4847675387,0,1
1370624340000,1370624399999,80007.88366142947,80008.0847783659,80005.67781357709,80007.29369508084,0,1
1370624400000,1370624459999,80007.05568743944,80007.2199468399,80003.8705330482,80005.71134074214,0,1
1370624460000,1370624519999,80006.10360022217,80009.34166758684,80005.98290663637,80008.67804976343,0,1
1370624520000,1370624579999,80008.82552419673,80012.36090781011,80008.65458772125,80010.93685147537,0,1
1370624580000,1370624639999,80012.18333067588,80012.49492620077,80008.60095998953,80010.34371407494,0,1
1370624640000,1370624699999,80010.98376479666,80013.8886110018,80010.90334182544,80012.01580218683,0,1
1370624700000,1370624759999,80011.96889370693,80013.07788530135,80011.66733393926,80011.66733393926,0,1
1370624760000,1370624819999,80011.55005824035,80013.19849328621,80011.35906344395,80011.64052818649,0,1
1370624820000,1370624879999,80010.91339473221,80013.71776105175,80010.28339304641,80011.01392324411,0,1
1370624880000,1370624939999,80010.5414304508,80012.45472087216,80010.25658358361,80011.42272878141,0,1
1370624940000,1370624999999,80012.2436402449,80014.16665467981,80011.27864349095,80011.99569857953,0,1
1370625000000,1370625059999,80013.06448432434,80013.94556033649,80011.53665521576,80011.53665521576,0,1
1370625060000,1370625119999,80010.44089718886,80011.14125790844,80009.23106767448,80009.33496459668,0,1
1370625120000,1370625179999,80008.90596388004,80010.7525470111,80006.51260654138,80010.32360710585,0,1
1370625180000,1370625239999,80010.7525470111,80011.45958747574,80010.03540277299,80010.03540277299,0,1
1370625240000,1370625299999,80010.38057674657,80010.65536692586,80007.62220336497,80008.34622433643,0,1
1370625300000,1370625359999,80008.7383804763,80010.62520739702,80008.71827027912,80010.62520739702,0,1
1370625360000,1370625419999,80010.68217531955,80012.8232636674,80010.43754606272,80012.42121630818,0,1
1370625420000,1370625479999,80011.52325217321,80012.10626791949,80008.5774977665,80009.21431000529,0,1
1370625480000,1370625539999,80008.71156687108,80009.45226627598,80007.90377330512,80009.04673176889,0,1
1370625540000,1370625599999,80009.22101307634,80010.60845206393,80008.01103595884,80008.01103595884,0,1
1370625600000,1370625659999,80009.14057592725,80009.14057592725,80005.855506271,80006.72716054396,0,1
1370625660000,1370625719999,80007.37079493304,80009.75054149119,80006.52936873859,80009.45561773232,0,1
1370625720000,1370625779999,80009.16068527519,80010.78605716636,80008.5774977665,80009.40869724144,0,1
1370625780000,1370625839999,80009.33496459668,80009.44891481852,80007.20989021944,80008.81546919083,0,1
1370625840000,1370625899999,80007.68254044815,80007.68254044815,80003.59890978227,80004.19915380345,0,1
1370625900000,1370625959999,80004.00801855564,80004.78594972186,80000.18454621262,80001.10700886654,0,1
1370625960000,1370626019999,80002.16018945613,80002.68338443356,80001.09694609666,80001.98243108642,0,1
1370626020000,1370626079999,80001.90193569093,80003.76993269885,80001.30155376064,80003.10929859383,0,1
1370626080000,1370626139999,80004.3198689198,80004.33328162055,79999.80211856186,80000.29524622414,0,1
1370626140000,1370626199999,80001.39882478841,80003.08917707326,79999.22844966226,80002.4653898529,0,1
1370626200000,1370626259999,80003.47818596249,80005.4900593755,80000.50322475005,80002.84771566832,0,1
1370626260000,1370626319999,80003.70957200346,80005.64093356571,80000.66759181525,80005.64093356571,0,1
1370626320000,1370626379999,80005.31906587476,80005.81862691494,80002.55258825544,80003.52178084331,0,1
1370626380000,1370626439999,80003.05564111567,80003.11935933892,80000.98960925452,80001.92205960055,0,1
1370626440000,1370626499999,80001.11371737419,80003.14283437147,79999.47335327676,80000.44619881044,0,1
1370626500000,1370626559999,80000.3053098008,80006.04325361137,80000.3053098008,80004.65518104177,0,1
1370626560000,1370626619999,80003.71627876538,80004.63506263151,80001.9388294943,80002.84771566832,0,1
1370626620000,1370626679999,80003.79675955763,80007.14619805508,80002.04951008772,80005.74822049387,0,1
1370626680000,1370626739999,80005.91250137193,80008.06801877568,80004.6250034112,80008.06801877568,0,1
1370626740000,1370626799999,80007.17972029741,80008.43001967538,80004.23939233748,80007.02886932192,0,1
1370626800000,1370626859999,80007.55516173448,80007.55516173448,80004.1756812505,80005.3525942426,0,1
1370626860000,1370626919999,80004.96030530197,80006.44555747151,80003.69951185213,80003.89065299663,0,1
1370626920000,1370626979999,80004.0180783966,80005.91920665656,80002.0796954915,80002.41508273636,0,1
1370626980000,1370627039999,80000.78834957015,80004.4137574473,79999.2083203313,80000.4294264134,0,1
1370627040000,1370627099999,79999.68805836087,80000.59044026393,79998.5171887238,80000.59044026393,0,1
1370627100000,1370627159999,80000.2147372464,80001.13048862354,79999.08418856173,79999.79540917427,0,1
1370627160000,1370627219999,79998.54738479189,79998.95334529871,79995.85286557194,79996.81599629117,0,1
1370627220000,1370627279999,79996.9670014064,79997.17169358878,79995.1682145088,79995.64143421692,0,1
1370627280000,1370627339999,79994.51708128503,79995.77567686519,79992.67756868355,79993.8356954534,0,1
1370627340000,1370627399999,79992.701068241,79996.43008397007,79992.701068241,79995.37629969216,0,1
1370627400000,1370627459999,79996.10456373754,79997.1985381544,79995.50383363213,79997.1985381544,0,1
1370627460000,1370627519999,79995.93340967421,79997.15491569869,79994.41974329446,79994.41974329446,0,1
1370627520000,1370627579999,79995.26218899875,79996.1582585263,79993.55708590301,79995.7823889503,0,1
1370627580000,1370627639999,79995.69513149248,79996.19517352631,79995.48034066014,79995.94012165345,0,1
1370627640000,1370627699999,79997.07438143437,80000.77493211385,79996.60794106392,80000.77493211385,0,1
1370627700000,1370627759999,80000.14429135915,80002.81417890097,80000.14429135915,80002.81417890097,0,1
1370627760000,1370627819999,80002.6364321562,80004.00131198937,80002.39160599535,80003.17972359697,0,1
1370627820000,1370627879999,80003.55866867094,80003.6022632009,80000.92587745939,80001.89858170206,0,1
1370627880000,1370627939999,80001.88181174082,80002.01261669268,79998.85940548997,79999.19490075482,0,1
1370627940000,1370627999999,79998.7923050863,79999.65451099536,79994.1814290422,79994.87286036236,0,1
1370628000000,1370628059999,79995.38972439402,79997.36631505674,79991.00895893878,79992.54999869378,0,1
1370628060000,1370628119999,79993.83905214764,80000.1677733767,79993.83905214764,79998.70171882713,0,1
1370628120000,1370628179999,79998.04746036763,79999.25864358271,79997.36967056608,79998.68829857079,0,1
1370628180000,1370628239999,79998.93992538007,79999.2418691937,79997.65824015684,79999.2418691937,0,1
1370628240000,1370628299999,80000.5300603738,80002.0226785412,80000.14764593648,80002.0226785412,0,1
1370628300000,1370628359999,80001.07346626089,80001.9924929653,79998.466861741,79999.10431814255,0,1
1370628360000,1370628419999,79998.76210975775,79998.76210975775,79994.24184727737,79994.24184727737,0,1
1370628420000,1370628479999,79994.96012499538,79996.72874785193,79993.8256253639,79995.65150247804,0,1
1370628480000,1370628539999,79996.161614441,79997.19182701975,79995.52061429262,79995.52397042135,0,1
1370628540000,1370628599999,79995.64814639212,79998.82921036403,79995.64814639212,79998.8191453018,0,1
1370628600000,1370628659999,79998.71513906545,79999.3525796411,79993.78534490448,79994.3492565719,0,1
1370628660000,1370628719999,79995.06081401031,79995.77567686519,79993.43959762121,79993.912899136,0,1
1370628720000,1370628779999,79993.18447545628,79993.61415114184,79990.77056338784,79992.711139463,0,1
1370628780000,1370628839999,79992.51307023512,79993.9733189936,79990.1493651836,79993.68799979104,0,1
1370628840000,1370628899999,79992.68763992921,79997.13142660527,79992.68763992921,79996.84955318051,0,1
1370628900000,1370628959999,79997.3260488569,80000.54012371415,79997.3260488569,80000.45961670784,0,1
1370628960000,1370629019999,79999.40961181748,80000.44619881044,79998.47357202001,80000.14429135915,0,1
1370629020000,1370629079999,79999.59412545379,80000.57702254209,79999.12444768286,79999.22173988976,0,1
1370629080000,1370629139999,80000.20131902042,80002.21385173925,80000.20131902042,80002.21385173925,0,1
1370629140000,1370629199999,80000.83195617885,80003.0690555122,80000.83195617885,80002.45868225199,0,1
1370629200000,1370629259999,80002.16689725727,80002.44526703666,80000.48309798498,80000.48309798498,0,1
1370629260000,1370629319999,80000.92252314313,80000.92252314313,79991.09625729636,79991.2339185426,0,1
1370629320000,1370629379999,79991.05260821283,79991.81476098254,79989.084843946,79990.50865749866,0,1
1370629380000,1370629439999,79990.89479839818,79990.89479839818,79984.11669925769,79986.44487964071,0,1
1370629440000,1370629499999,79986.33066698413,79986.33066698413,79984.15701868161,79985.3799639587,0,1
1370629500000,1370629559999,79985.3497281039,79985.63528530918,79982.07363563638,79983.0179323788,0,1
1370629560000,1370629619999,79982.10724203287,79982.10724203287,79975.73681190755,79976.72541905168,0,1
1370629620000,1370629679999,79975.74690022913,79980.09738093508,79975.13485696622,79978.70906373969,0,1
1370629680000,1370629739999,79977.81142920778,79982.88351835673,79977.81142920778,79982.88351835673,0,1
1370629740000,1370629799999,79983.82437857248,79984.24437687574,79981.23679994352,79982.98432904267,0,1
1370629800000,1370629859999,79983.86469917503,79985.64872309442,79977.9358253193,79977.9358253193,0,1
1370629860000,1370629919999,79978.63174258813,79982.80622947593,79978.63174258813,79981.83166624751,0,1
1370629920000,1370629979999,79982.98768938135,79985.78645935199,79981.70395782063,79985.78645935199,0,1
1370629980000,1370630039999,79987.17715332731,79987.60372841812,79985.55129874231,79986.8782040333,0,1
1370630040000,1370630099999,79986.78750978393,79988.03028531307,79985.38332349245,79988.03028531307,0,1
1370630100000,1370630159999,79988.71878364641,79992.93606077832,79988.45682401372,79992.93606077832,0,1
1370630160000,1370630219999,79992.20756593731,79993.33217855559,79990.49858405825,79992.30828267115,0,1
1370630220000,1370630279999,79992.88906271262,79994.24184727737,79992.496284527,79992.55671294434,0,1
1370630280000,1370630339999,79992.36199784777,79993.6410052592,79990.64296906794,79990.64296906794,0,1
1370630340000,1370630399999,79991.07946920987,79991.78118719373,79989.29305575248,79989.9109491392,0,1
1370630400000,1370630459999,79990.37098626798,79992.41571273585,79989.63223021866,79990.18966029155,0,1
1370630460000,1370630519999,79990.65975788725,79992.4862130886,79987.41899340789,79988.17806456043,0,1
1370630520000,1370630579999,79988.68184103693,79989.69603403065,79988.4366729885,79988.57437085151,0,1
1370630580000,1370630639999,79989.31656326473,79995.7790329083,79989.31656326473,79995.7790329083,0,1
1370630640000,1370630699999,79996.23544428001,79996.3898140002,79994.25527350228,79994.25527350228,0,1
1370630700000,1370630759999,79993.9296824664,79994.39289126826,79992.46271302625,79994.39289126826,0,1
1370630760000,1370630819999,79993.65107553461,79993.96660569412,79991.87855087074,79991.87855087074,0,1
1370630820000,1370630879999,79991.13990618938,79991.13990618938,79988.27546332491,79989.11842678866,0,1
1370630880000,1370630939999,79988.60123850613,79994.4298127857,79988.57772931228,79993.51680436189,0,1
1370630940000,1370630999999,79994.38953475992,79998.81579027881,79994.38953475992,79998.81579027881,0,1
1370631000000,1370631059999,79998.49370283002,80002.68338443356,79998.49370283002,79999.60418973606,0,1
1370631060000,1370631119999,80001.3216788785,80002.94161801861,80000.22815545437,80001.03992354273,0,1
1370631120000,1370631179999,80000.64411097133,80006.31481049221,79998.70842894854,80006.31481049221,0,1
1370631180000,1370631239999,80005.27547882848,80006.91489152011,80003.85711972676,80004.44058257894,0,1
1370631240000,1370631299999,80003.54860836781,80004.35340063795,80002.91143521646,80003.15289508282,0,1
1370631300000,1370631359999,80002.40166746252,80002.40166746252,80000.25834635647,80000.9795463665,0,1
1370631360000,1370631419999,80000.15770966165,80005.53364548647,80000.07384497565,80004.33663479294,0,1
1370631420000,1370631479999,80004.79600878026,80007.02216478132,80003.86047305881,80005.97284877178,0,1
1370631480000,1370631539999,80005.24530306978,80006.02649059928,80003.89065299663,80006.02649059928,0,1
1370631540000,1370631599999,80005.23859733326,80005.23859733326,80002.50563536394,80002.59618717157,0,1
1370631600000,1370631659999,80002.5861259001,80004.45399511779,80002.5861259001,80003.91747953156,0,1
1370631660000,1370631719999,80004.35675380359,80005.37941685595,80003.74981250752,80003.80346626109,0,1
1370631720000,1370631779999,80003.05899471648,80004.35340063795,80000.81518442878,80004.17903447572,0,1
1370631780000,1370631839999,80005.57387865108,80009.00316096742,80004.22262630131,80006.19411945558,0,1
1370631840000,1370631899999,80007.0020511325,80009.11376340044,80006.60647448394,80007.43113353314,0,1
1370631900000,1370631959999,80008.04120337291,80011.19487201887,80007.54510545112,80010.80281220189,0,1
1370631960000,1370632019999,80010.97036101302,80012.24699076584,80010.23982763286,80010.89328890856,0,1
1370632020000,1370632079999,80010.2733395063,80010.2733395063,80004.56464787688,80005.33918290895,0,1
1370632080000,1370632139999,80005.69122445659,80007.8300295633,80004.42717002211,80005.98625925565,0,1
1370632140000,1370632199999,80006.080132139,80007.8166215518,80005.32912439691,80006.94841453787,0,1
1370632200000,1370632259999,80007.37414708704,80007.40766856525,80003.20990558936,80003.54525493119,0,1
1370632260000,1370632319999,80004.26286474089,80005.22518584672,80001.95224538904,80005.22518584672,0,1
1370632320000,1370632379999,80005.44647307454,80008.72832538276,80003.46477211478,80003.76993269885,0,1
1370632380000,1370632439999,80004.33663479294,80007.1160279409,80003.37758166602,80005.39618095274,0,1
1370632440000,1370632499999,80006.02649059928,80006.92159613266,80002.32788313479,80002.32788313479,0,1
1370632500000,1370632559999,80002.66996951967,80008.10824174501,80002.66996951967,80007.52499285412,0,1
1370632560000,1370632619999,80008.70486345854,80010.49116394616,80007.61214714906,80008.09818601784,0,1
1370632620000,1370632679999,80008.75513894306,80015.78116518013,80008.75513894306,80015.60699816735,0,1
1370632680000,1370632739999,80015.9653769889,80017.47913460368,80013.66081041975,80015.72757565313,0,1
1370632740000,1370632799999,80014.43464126975,80015.70078078193,80012.68254893034,80014.44804041075,0,1
1370632800000,1370632859999,80014.25040126064,80014.60547897244,80009.28469202717,80009.69356826108,0,1
1370632860000,1370632919999,80008.6043117312,80014.39779353948,80008.6043117312,80013.37605239454,0,1
1370632920000,1370632979999,80013.9522602369,80013.9522602369,80011.05078344526,80013.00752997174,0,1
1370632980000,1370633039999,80012.35420684343,80014.36094567344,80012.27714540384,80013.75796130262,0,1
1370633040000,1370633099999,80012.93717414717,80012.93717414717,80009.01656738808,80010.32360710585,0,1
1370633100000,1370633159999,80010.67547322786,80013.12813880514,80009.45226627598,80011.01392324411,0,1
1370633160000,1370633219999,80011.08764351056,80011.08764351056,80006.88136839,80007.59538676671,0,1
1370633220000,1370633279999,80008.53057315524,80010.39733246149,80008.01773983652,80009.4623206416,0,1
1370633280000,1370633339999,80008.8054141748,80010.36717215442,80008.76519400961,80010.36717215442,0,1
1370633340000,1370633399999,80009.34501908025,80012.44131906005,80008.81882086059,80010.53472826477,0,1
1370633400000,1370633459999,80010.84972615198,80013.93216052219,80010.24988120669,80011.3624142613,0,1
1370633460000,1370633519999,80011.98564676072,80017.19113642542,80011.16806499958,80015.4897686623,0,1
1370633520000,1370633579999,80016.49789749732,80019.62881246163,80015.98547261726,80019.62881246163,0,1
1370633580000,1370633639999,80019.28395757101,80019.81630139227,80017.93790526917,80019.10650333286,0,1
1370633640000,1370633699999,80019.3140909968,80019.85982510558,80017.44229808998,80017.44229808998,0,1
1370633700000,1370633759999,80017.30834598724,80018.08189464208,80015.96202771357,80018.08189464208,0,1
1370633760000,1370633819999,80017.39206626173,80018.16895697804,80016.27350552005,80017.552807224,0,1
1370633820000,1370633879999,80016.75577459612,80017.53941224248,80015.26870357068,80016.05580699864,0,1
1370633880000,1370633939999,80016.3069971796,80016.94666634695,80013.84506129172,80013.84506129172,0,1
1370633940000,1370633999999,80013.18174226418,80013.18174226418,80009.30480108531,80011.33560769114,0,1
1370634000000,1370634059999,80011.38251914176,80012.21013497368,80010.3839278918,80011.89182929801,0,1
1370634060000,1370634119999,80011.05413436591,80012.91707239208,80010.62185633264,80012.82996431978,0,1
1370634120000,1370634179999,80012.1029173514,80014.61552815817,80012.0761127662,80013.97905979362,0,1
1370634180000,1370634239999,80014.53178463511,80015.76106914117,80013.68761075757,80015.21846082284,0,1
1370634240000,1370634299999,80015.4897686623,80018.10198601765,80015.4897686623,80017.29495067828,0,1
1370634300000,1370634359999,80017.35188061744,80018.08524320748,80015.62374512732,80017.45569320157,0,1
1370634360000,1370634419999,80017.48248337093,80019.23373499291,80017.04713422587,80017.83409769091,0,1
1370634420000,1370634479999,80017.10071668189,80018.87212498458,80017.10071668189,80018.87212498458,0,1
1370634480000,1370634539999,80018.15221427998,80021.54036515877,80018.15221427998,80021.12193039595,0,1
1370634540000,1370634599999,80021.09849753152,80027.59733904563,80020.54948327978,80026.25575120919,0,1
1370634600000,1370634659999,80025.97804346244,80030.74484733048,80025.97804346244,80028.71128892741,0,1
1370634660000,1370634719999,80029.32675155648,80031.0491765813,80028.92202224424,80031.03245543437,0,1
1370634720000,1370634779999,80030.30004176479,80031.15619125972,80029.46054276795,80030.29669728709,0,1
1370634780000,1370634839999,80029.8920072303,80031.58089447334,80028.74139395886,80030.9923245676,0,1
1370634840000,1370634899999,80031.1996656457,80034.07858696286,80031.1996656457,80033.64395974422,0,1
1370634900000,1370634959999,80034.00169275342,80036.60573712648,80030.29000832837,80031.59427065951,0,1
1370634960000,1370635019999,80030.75488031056,80030.75488031056,80027.4367594604,80029.85187178655,0,1
1370635020000,1370635079999,80030.04920283396,80033.15247390053,80028.6611136736,80033.15247390053,0,1
1370635080000,1370635139999,80032.52387176767,80032.52387176767,80027.64417427228,80032.31321434095,0,1
1370635140000,1370635199999,80030.6244507844,80033.2929008922,80024.68308744815,80028.17607324038,0,1
1370635200000,1370635259999,80028.85177829873,80028.85177829873,80019.20025313407,80019.20025313407,0,1
1370635260000,1370635319999,80018.11538024562,80018.83529360183,80012.6289427954,80014.79641177465,0,1
1370635320000,1370635379999,80014.11305649999,80015.84145305473,80012.94722500957,80014.5585826388,0,1
1370635380000,1370635439999,80013.9522602369,80015.64384144226,80013.10468720147,80014.51838560634,0,1
1370635440000,1370635499999,80014.16330480197,80014.65572480015,80012.61889161309,80013.87186113576,0,1
1370635500000,1370635559999,80012.98742835809,80012.98742835809,80010.2733395063,80011.30880104912,0,1
1370635560000,1370635619999,80012.51167837334,80013.20519368714,80011.98564676072,80011.98564676072,0,1
1370635620000,1370635679999,80011.48974448821,80011.97894554258,80010.6319095224,80010.6319095224,0,1
1370635680000,1370635739999,80011.4428335406,80011.4428335406,80007.53504915767,80009.2377707343,0,1
1370635740000,1370635799999,80009.04673176889,80009.04673176889,80007.57862635628,80007.57862635628,0,1
1370635800000,1370635859999,80007.10261897204,80009.54275520274,80006.1672990274,80007.57192218423,0,1
1370635860000,1370635919999,80007.4143728474,80007.67583634576,80004.0750839709,80005.78174742285,0,1
1370635920000,1370635979999,80004.65518104177,80006.29134290473,80004.65518104177,80006.15724134828,0,1
1370635980000,1370636039999,80007.37079493304,80007.9439969351,80005.99631710672,80007.52499285412,0,1
1370636040000,1370636099999,80008.51716608301,80008.98975452877,80001.42230386025,80005.70128260442,0,1
1370736000000,1370736059999,79993.75849117473,79993.75849117473,79993.75849117473,79993.75849117473,0,1
1370736060000,1370736119999,79993.75849117473,79993.75849117473,79993.75849117473,79993.75849117473,0,1
1370736120000,1370736179999,79993.75849117473,79993.75849117473,79993.75849117473,79993.75849117473,0,1
1370736180000,1370736239999,79993.75849117473,79993.75849117473,79993.75849117473,79993.75849117473,0,1
1370736240000,1370736299999,79993.75849117473,79993.75849117473,79993.75849117473,79993.75849117473,0,1
1370736300000,1370736359999,79993.75849117473,79993.75849117473,79993.75849117473,79993.75849117473,0,1
1370736360000,1370736419999,79993.75849117473,79993.75849117473,79993.75849117473,79993.75849117473,0,1
1370736420000,1370736479999,79993.75849117473,79993.75849117473,79993.75849117473,79993.75849117473,0,1
1370736480000,1370736539999,79993.75849117473,79993.75849117473,79993.75849117473,79993.75849117473,0,1
1370736540000,1370736599999,79993.75849117473,79993.75849117473,79993.75849117473,79993.75849117473,0,1
1370736600000,1370736659999,79993.75849117473,79993.75849117473,79993.75849117473,79993.75849117473,0,1
1370736660000,1370736719999,79993.75849117473,79993.75849117473,79993.75849117473,79993.75849117473,0,1
1370736720000,1370736779999,79993.75849117473,79993.75849117473,79993.75849117473,79993.75849117473,0,1
1370736780000,1370736839999,79993.75849117473,79993.75849117473,79993.75849117473,79993.75849117473,0,1
1370736840000,1370736899999,79993.75849117473,79993.75849117473,79993.75849117473,79993.75849117473,0,1
1370736900000,1370736959999,79993.75849117473,79993.75849117473,79993.75849117473,79993.75849117473,0,1
1370736960000,1370737019999,79993.75849117473,79993.75849117473,79993.75849117473,79993.75849117473,0,1
1370737020000,1370737079999,79993.75849117473,79993.75849117473,79993.75849117473,79993.75849117473,0,1
1370737080000,1370737139999,79993.75849117473,79993.75849117473,79993.75849117473,79993.75849117473,0,1
1370737140000,1370737199999,79993.75849117473,79993.75849117473,79993.75849117473,79993.75849117473,0,1
1370737200000,1370737259999,79993.75849117473,79993.75849117473,79993.75849117473,79993.75849117473,0,1
1370737260000,1370737319999,79993.75849117473,79993.75849117473,79993.75849117473,79993.75849117473,0,1
1370737320000,1370737379999,79993.75849117473,79993.75849117473,79993.75849117473,79993.75849117473,0,1
1370737380000,1370737439999,79993.75849117473,79993.75849117473,79993.75849117473,79993.75849117473,0,1
1370737440000,1370737499999,79993.75849117473,79993.75849117473,79993.75849117473,79993.75849117473,0,1
1370737500000,1370737559999,79993.75849117473,79993.75849117473,79993.75849117473,79993.75849117473,0,1
1370737560000,1370737619999,79993.75849117473,79993.75849117473,79993.75849117473,79993.75849117473,0,1
1370737620000,1370737679999,79993.75849117473,79993.75849117473,79993.75849117473,79993.75849117473,0,1
1370737680000,1370737739999,79993.75849117473,79993.75849117473,79993.75849117473,79993.75849117473,0,1
1370737740000,1370737799999,79993.75849117473,79993.75849117473,79993.75849117473,79993.75849117473,0,1
1370737800000,1370737859999,79993.75849117473,79993.75849117473,79993.75849117473,79993.75849117473,0,1
1370737860000,1370737919999,79993.75849117473,79993.75849117473,79993.75849117473,79993.75849117473,0,1
1370737920000,1370737979999,79993.75849117473,79993.75849117473,79993.75849117473,79993.75849117473,0,1
1370737980000,1370738039999,79993.75849117473,79993.75849117473,79993.75849117473,79993.75849117473,0,1
1370738040000,1370738099999,79993.75849117473,79993.75849117473,79993.75849117473,79993.75849117473,0,1
1370738100000,1370738159999,79993.75849117473,79993.75849117473,79993.75849117473,79993.75849117473,0,1
1370738160000,1370738219999,79993.75849117473,79993.75849117473,79993.75849117473,79993.75849117473,0,1
1370738220000,1370738279999,79993.75849117473,79993.75849117473,79993.75849117473,79993.75849117473,0,1
1370738280000,1370738339999,79993.75849117473,79993.75849117473,79993.75849117473,79993.75849117473,0,1
1370738340000,1370738399999,79993.75849117473,79993.75849117473,79993.75849117473,79993.75849117473,0,1
1370738400000,1370738459999,79993.75849117473,79993.75849117473,79993.75849117473,79993.75849117473,0,1
1370738460000,1370738519999,79993.75849117473,79993.75849117473,79993.75849117473,79993.75849117473,0,1
1370738520000,1370738579999,79993.75849117473,79993.75849117473,79993.75849117473,79993.75849117473,0,1
1370738580000,1370738639999,79993.75849117473,79993.75849117473,79993.75849117473,79993.75849117473,0,1
1370738640000,1370738699999,79993.75849117473,79993.75849117473,79993.75849117473,79993.75849117473,0,1
1370738700000,1370738759999,79993.75849117473,79993.75849117473,79993.75849117473,79993.75849117473,0,1
1370738760000,1370738819999,79993.75849117473,79993.75849117473,79993.75849117473,79993.75849117473,0,1
1370738820000,1370738879999,79993.75849117473,79993.75849117473,79993.75849117473,79993.75849117473,0,1
1370738880000,1370738939999,79993.75849117473,79993.75849117473,79993.75849117473,79993.75849117473,0,1
1370738940000,1370738999999,79993.75849117473,79993.75849117473,79993.75849117473,79993.75849117473,0,1
1370739000000,1370739059999,79993.75849117473,79993.75849117473,79993.75849117473,79993.75849117473,0,1
1370739060000,1370739119999,79993.75849117473,79993.75849117473,79993.75849117473,79993.75849117473,0,1
1370739120000,1370739179999,79993.75849117473,79993.75849117473,79993.75849117473,79993.75849117473,0,1
1370739180000,1370739239999,79993.75849117473,79993.75849117473,79993.75849117473,79993.75849117473,0,1
1370739240000,1370739299999,79993.75849117473,79993.75849117473,79993.75849117473,79993.75849117473,0,1
1370739300000,1370739359999,79993.75849117473,79993.75849117473,79993.75849117473,79993.75849117473,0,1
1370739360000,1370739419999,79993.75849117473,79993.75849117473,79993.75849117473,79993.75849117473,0,1
1370739420000,1370739479999,79993.75849117473,79993.75849117473,79993.75849117473,79993.75849117473,0,1
1370739480000,1370739539999,79993.75849117473,79993.75849117473,79993.75849117473,79993.75849117473,0,1
1370739540000,1370739599999,79993.75849117473,79993.75849117473,79993.75849117473,79993.75849117473,0,1
1370739600000,1370739659999,79993.75849117473,79993.75849117473,79993.75849117473,79993.75849117473,0,1
1370739660000,1370739719999,79993.75849117473,79993.75849117473,79993.75849117473,79993.75849117473,0,1
1370739720000,1370739779999,79993.75849117473,79993.75849117473,79993.75849117473,79993.75849117473,0,1
1370739780000,1370739839999,79993.75849117473,79993.75849117473,79993.75849117473,79993.75849117473,0,1
1370739840000,1370739899999,79993.75849117473,79993.75849117473,79993.75849117473,79993.75849117473,0,1
1370739900000,1370739959999,79993.75849117473,79993.75849117473,79993.75849117473,79993.75849117473,0,1
1370739960000,1370740019999,79993.75849117473,79993.75849117473,79993.75849117473,79993.75849117473,0,1
1370740020000,1370740079999,79993.75849117473,79993.75849117473,79993.75849117473,79993.75849117473,0,1
1370740080000,1370740139999,79993.75849117473,79993.75849117473,79993.75849117473,79993.75849117473,0,1
1370740140000,1370740199999,79993.75849117473,79993.75849117473,79993.75849117473,79993.75849117473,0,1
1370740200000,1370740259999,79993.75849117473,79993.75849117473,79993.75849117473,79993.75849117473,0,1
1370740260000,1370740319999,79993.75849117473,79993.75849117473,79993.75849117473,79993.75849117473,0,1
1370740320000,1370740379999,79993.75849117473,79993.75849117473,79993.75849117473,79993.75849117473,0,1
1370740380000,1370740439999,79993.75849117473,79993.75849117473,79993.75849117473,79993.75849117473,0,1
1370740440000,1370740499999,79993.75849117473,79993.75849117473,79993.75849117473,79993.75849117473,0,1
1370740500000,1370740559999,79993.75849117473,79993.75849117473,79993.75849117473,79993.75849117473,0,1
1370740560000,1370740619999,79993.75849117473,79993.75849117473,79993.75849117473,79993.75849117473,0,1
1370740620000,1370740679999,79993.75849117473,79993.75849117473,79993.75849117473,79993.75849117473,0,1
1370740680000,1370740739999,79993.75849117473,79993.75849117473,79993.75849117473,79993.75849117473,0,1
1370740740000,1370740799999,79993.75849117473,79993.75849117473,79993.75849117473,79993.75849117473,0,1
1370740800000,1370740859999,79993.75849117473,79993.75849117473,79993.75849117473,79993.75849117473,0,1
1370740860000,1370740919999,79993.75849117473,79993.75849117473,79993.75849117473,79993.75849117473,0,1
1370740920000,1370740979999,79993.75849117473,79993.75849117473,79993.75849117473,79993.75849117473,0,1
1370740980000,1370741039999,79993.75849117473,79993.75849117473,79993.75849117473,79993.75849117473,0,1
1370741040000,1370741099999,79993.75849117473,79993.75849117473,79993.75849117473,79993.75849117473,0,1
1370741100000,1370741159999,79993.75849117473,79993.75849117473,79993.75849117473,79993.75849117473,0,1
1370741160000,1370741219999,79993.75849117473,79993.75849117473,79993.75849117473,79993.75849117473,0,1
1370741220000,1370741279999,79993.75849117473,79993.75849117473,79993.75849117473,79993.75849117473,0,1
1370741280000,1370741339999,79993.75849117473,79993.75849117473,79993.75849117473,79993.75849117473,0,1
1370741340000,1370741399999,79993.75849117473,79993.75849117473,79993.75849117473,79993.75849117473,0,1
1370741400000,1370741459999,79993.75849117473,79993.75849117473,79993.75849117473,79993.75849117473,0,1
1370741460000,1370741519999,79993.75849117473,79993.75849117473,79993.75849117473,79993.75849117473,0,1
1370741520000,1370741579999,79993.75849117473,79993.75849117473,79993.75849117473,79993.75849117473,0,1
1370741580000,1370741639999,79993.75849117473,79993.75849117473,79993.75849117473,79993.75849117473,0,1
1370741640000,1370741699999,79993.75849117473,79993.75849117473,79993.75849117473,79993.75849117473,0,1
1370741700000,1370741759999,79993.75849117473,79993.75849117473,79993.75849117473,79993.75849117473,0,1
1370741760000,1370741819999,79993.75849117473,79993.75849117473,79993.75849117473,79993.75849117473,0,1
1370741820000,1370741879999,79993.75849117473,79993.75849117473,79993.75849117473,79993.75849117473,0,1
1370741880000,1370741939999,79993.75849117473,79993.75849117473,79993.75849117473,79993.75849117473,0,1
1370741940000,1370741999999,79993.75849117473,79993.75849117473,79993.75849117473,79993.75849117473,0,1
1370742000000,1370742059999,79993.75849117473,79993.75849117473,79993.75849117473,79993.75849117473,0,1
1370742060000,1370742119999,79993.75849117473,79993.75849117473,79993.75849117473,79993.75849117473,0,1
1370742120000,1370742179999,79993.75849117473,79993.75849117473,79993.75849117473,79993.75849117473,0,1
1370742180000,1370742239999,79993.75849117473,79993.75849117473,79993.75849117473,79993.75849117473,0,1
1370742240000,1370742299999,79993.75849117473,79993.75849117473,79993.75849117473,79993.75849117473,0,1
1370742300000,1370742359999,79993.75849117473,79993.75849117473,79993.75849117473,79993.75849117473,0,1
1370742360000,1370742419999,79993.75849117473,79993.75849117473,79993.75849117473,79993.75849117473,0,1
1370742420000,1370742479999,79993.75849117473,79993.75849117473,79993.75849117473,79993.75849117473,0,1
1370742480000,1370742539999,79993.75849117473,79993.75849117473,79993.75849117473,79993.75849117473,0,1
1370742540000,1370742599999,79993.75849117473,79993.75849117473,79993.75849117473,79993.75849117473,0,1
1370742600000,1370742659999,79993.75849117473,79993.75849117473,79993.75849117473,79993.75849117473,0,1
1370742660000,1370742719999,79993.75849117473,79993.75849117473,79993.75849117473,79993.75849117473,0,1
1370742720000,1370742779999,79993.75849117473,79993.75849117473,79993.75849117473,79993.75849117473,0,1
1370742780000,1370742839999,79993.75849117473,79993.75849117473,79993.75849117473,79993.75849117473,0,1
1370742840000,1370742899999,79993.75849117473,79993.75849117473,79993.75849117473,79993.75849117473,0,1
1370742900000,1370742959999,79993.75849117473,79993.75849117473,79993.75849117473,79993.75849117473,0,1
1370742960000,1370743019999,79993.75849117473,79993.75849117473,79993.75849117473,79993.75849117473,0,1
1370743020000,1370743079999,79993.75849117473,79993.75849117473,79993.75849117473,79993.75849117473,0,1
1370743080000,1370743139999,79993.75849117473,79993.75849117473,79993.75849117473,79993.75849117473,0,1
1370743140000,1370743199999,79993.75849117473,79993.75849117473,79993.75849117473,79993.75849117473,0,1
1370743200000,1370743259999,79993.75849117473,79993.75849117473,79993.75849117473,79993.75849117473,0,1
1370743260000,1370743319999,79993.75849117473,79993.75849117473,79993.75849117473,79993.75849117473,0,1
1370743320000,1370743379999,79993.75849117473,79993.75849117473,79993.75849117473,79993.75849117473,0,1
1370743380000,1370743439999,79993.75849117473,79993.75849117473,79993.75849117473,79993.75849117473,0,1
1370743440000,1370743499999,79993.75849117473,79993.75849117473,79993.75849117473,79993.75849117473,0,1
1370743500000,1370743559999,79993.75849117473,79993.75849117473,79993.75849117473,79993.75849117473,0,1
1370743560000,1370743619999,79993.75849117473,79993.75849117473,79993.75849117473,79993.75849117473,0,1
1370743620000,1370743679999,79993.75849117473,79993.75849117473,79993.75849117473,79993.75849117473,0,1
1370743680000,1370743739999,79993.75849117473,79993.75849117473,79993.75849117473,79993.75849117473,0,1
1370743740000,1370743799999,79993.75849117473,79993.75849117473,79993.75849117473,79993.75849117473,0,1
1370743800000,1370743859999,79993.75849117473,79993.75849117473,79993.75849117473,79993.75849117473,0,1
1370743860000,1370743919999,79993.75849117473,79993.75849117473,79993.75849117473,79993.75849117473,0,1
1370743920000,1370743979999,79993.75849117473,79993.75849117473,79993.75849117473,79993.75849117473,0,1
1370743980000,1370744039999,79993.75849117473,79993.75849117473,79993.75849117473,79993.75849117473,0,1
1370744040000,1370744099999,79993.75849117473,79993.75849117473,79993.75849117473,79993.75849117473,0,1
1370744100000,1370744159999,79993.75849117473,79993.75849117473,79993.75849117473,79993.75849117473,0,1
1370744160000,1370744219999,79993.75849117473,79993.75849117473,79993.75849117473,79993.75849117473,0,1
1370744220000,1370744279999,79993.75849117473,79993.75849117473,79993.75849117473,79993.75849117473,0,1
1370744280000,1370744339999,79993.75849117473,79993.75849117473,79993.75849117473,79993.75849117473,0,1
1370744340000,1370744399999,79993.75849117473,79993.75849117473,79993.75849117473,79993.75849117473,0,1
1370744400000,1370744459999,79993.75849117473,79993.75849117473,79993.75849117473,79993.75849117473,0,1
1370744460000,1370744519999,79993.75849117473,79993.75849117473,79993.75849117473,79993.75849117473,0,1
1370744520000,1370744579999,79993.75849117473,79993.75849117473,79993.75849117473,79993.75849117473,0,1
1370744580000,1370744639999,79993.75849117473,79993.75849117473,79993.75849117473,79993.75849117473,0,1
1370744640000,1370744699999,79993.75849117473,79993.75849117473,79993.75849117473,79993.75849117473,0,1
1370744700000,1370744759999,79993.75849117473,79993.75849117473,79993.75849117473,79993.75849117473,0,1
1370744760000,1370744819999,79993.75849117473,79993.75849117473,79993.75849117473,79993.75849117473,0,1
1370744820000,1370744879999,79993.75849117473,79993.75849117473,79993.75849117473,79993.75849117473,0,1
1370744880000,1370744939999,79993.75849117473,79993.75849117473,79993.75849117473,79993.75849117473,0,1
1370744940000,1370744999999,79993.75849117473,79993.75849117473,79993.75849117473,79993.75849117473,0,1
1370745000000,1370745059999,79993.75849117473,79993.75849117473,79993.75849117473,79993.75849117473,0,1
1370745060000,1370745119999,79993.75849117473,79993.75849117473,79993.75849117473,79993.75849117473,0,1
1370745120000,1370745179999,79993.75849117473,79993.75849117473,79993.75849117473,79993.75849117473,0,1
1370745180000,1370745239999,79993.75849117473,79993.75849117473,79993.75849117473,79993.75849117473,0,1
1370745240000,1370745299999,79993.75849117473,79993.75849117473,79993.75849117473,79993.75849117473,0,1
1370745300000,1370745359999,79993.75849117473,79993.75849117473,79993.75849117473,79993.75849117473,0,1
1370745360000,1370745419999,79993.75849117473,79993.75849117473,79993.75849117473,79993.75849117473,0,1
1370745420000,1370745479999,79993.75849117473,79993.75849117473,79993.75849117473,79993.75849117473,0,1
1370745480000,1370745539999,79993.75849117473,79993.75849117473,79993.75849117473,79993.75849117473,0,1
1370745540000,1370745599999,79993.75849117473,79993.75849117473,79993.75849117473,79993.75849117473,0,1
1370745600000,1370745659999,79993.75849117473,79993.75849117473,79993.75849117473,79993.75849117473,0,1
1370745660000,1370745719999,79993.75849117473,79993.75849117473,79993.75849117473,79993.75849117473,0,1
1370745720000,1370745779999,79993.75849117473,79993.75849117473,79993.75849117473,79993.75849117473,0,1
1370745780000,1370745839999,79993.75849117473,79993.75849117473,79993.75849117473,79993.75849117473,0,1
1370745840000,1370745899999,79993.75849117473,79993.75849117473,79993.75849117473,79993.75849117473,0,1
1370745900000,1370745959999,79993.75849117473,79993.75849117473,79993.75849117473,79993.75849117473,0,1
1370745960000,1370746019999,79993.75849117473,79993.75849117473,79993.75849117473,79993.75849117473,0,1
1370746020000,1370746079999,79993.75849117473,79993.75849117473,79993.75849117473,79993.75849117473,0,1
1370746080000,1370746139999,79993.75849117473,79993.75849117473,79993.75849117473,79993.75849117473,0,1
1370746140000,1370746199999,79993.75849117473,79993.75849117473,79993.75849117473,79993.75849117473,0,1
1370746200000,1370746259999,79993.75849117473,79993.75849117473,79993.75849117473,79993.75849117473,0,1
1370746260000,1370746319999,79993.75849117473,79993.75849117473,79993.75849117473,79993.75849117473,0,1
1370746320000,1370746379999,79993.75849117473,79993.75849117473,79993.75849117473,79993.75849117473,0,1
1370746380000,1370746439999,79993.75849117473,79993.75849117473,79993.75849117473,79993.75849117473,0,1
1370746440000,1370746499999,79993.75849117473,79993.75849117473,79993.75849117473,79993.75849117473,0,1
1370746500000,1370746559999,79993.75849117473,79993.75849117473,79993.75849117473,79993.75849117473,0,1
1370746560000,1370746619999,79993.75849117473,79993.75849117473,79993.75849117473,79993.75849117473,0,1
1370746620000,1370746679999,79993.75849117473,79993.75849117473,79993.75849117473,79993.75849117473,0,1
1370746680000,1370746739999,79993.75849117473,79993.75849117473,79993.75849117473,79993.75849117473,0,1
1370746740000,1370746799999,79993.75849117473,79993.75849117473,79993.75849117473,79993.75849117473,0,1
1370746800000,1370746859999,79993.75849117473,79993.75849117473,79993.75849117473,79993.75849117473,0,1
1370746860000,1370746919999,79993.75849117473,79993.75849117473,79993.75849117473,79993.75849117473,0,1
1370746920000,1370746979999,79993.75849117473,79993.75849117473,79993.75849117473,79993.75849117473,0,1
1370746980000,1370747039999,79993.75849117473,79993.75849117473,79993.75849117473,79993.75849117473,0,1
1370747040000,1370747099999,79993.75849117473,79993.75849117473,79993.75849117473,79993.75849117473,0,1
1370747100000,1370747159999,79993.75849117473,79993.75849117473,79993.75849117473,79993.75849117473,0,1
1370747160000,1370747219999,79993.75849117473,79993.75849117473,79993.75849117473,79993.75849117473,0,1
1370747220000,1370747279999,79993.75849117473,79993.75849117473,79993.75849117473,79993.75849117473,0,1
1370747280000,1370747339999,79993.75849117473,79993.75849117473,79993.75849117473,79993.75849117473,0,1
1370747340000,1370747399999,79993.75849117473,79993.75849117473,79993.75849117473,79993.75849117473,0,1
1370747400000,1370747459999,79993.75849117473,79993.75849117473,79993.75849117473,79993.75849117473,0,1
1370747460000,1370747519999,79993.75849117473,79993.75849117473,79993.75849117473,79993.75849117473,0,1
1370747520000,1370747579999,79993.75849117473,79993.75849117473,79993.75849117473,79993.75849117473,0,1
1370747580000,1370747639999,79993.75849117473,79993.75849117473,79993.75849117473,79993.75849117473,0,1
1370747640000,1370747699999,79993.75849117473,79993.75849117473,79993.75849117473,79993.75849117473,0,1
1370747700000,1370747759999,79993.75849117473,79993.75849117473,79993.75849117473,79993.75849117473,0,1
1370747760000,1370747819999,79993.75849117473,79993.75849117473,79993.75849117473,79993.75849117473,0,1
1370747820000,1370747879999,79993.75849117473,79993.75849117473,79993.75849117473,79993.75849117473,0,1
1370747880000,1370747939999,79993.75849117473,79993.75849117473,79993.75849117473,79993.75849117473,0,1
1370747940000,1370747999999,79993.75849117473,79993.75849117473,79993.75849117473,79993.75849117473,0,1
1370748000000,1370748059999,79993.75849117473,79993.75849117473,79993.75849117473,79993.75849117473,0,1
1370748060000,1370748119999,79993.75849117473,79993.75849117473,79993.75849117473,79993.75849117473,0,1
1370748120000,1370748179999,79993.75849117473,79993.75849117473,79993.75849117473,79993.75849117473,0,1
1370748180000,1370748239999,79993.75849117473,79993.75849117473,79993.75849117473,79993.75849117473,0,1
1370748240000,1370748299999,79993.75849117473,79993.75849117473,79993.75849117473,79993.75849117473,0,1
1370748300000,1370748359999,79993.75849117473,79993.75849117473,79993.75849117473,79993.75849117473,0,1
1370748360000,1370748419999,79993.75849117473,79993.75849117473,79993.75849117473,79993.75849117473,0,1
1370748420000,1370748479999,79993.75849117473,79993.75849117473,79993.75849117473,79993.75849117473,0,1
1370748480000,1370748539999,79993.75849117473,79993.75849117473,79993.75849117473,79993.75849117473,0,1
1370748540000,1370748599999,79993.75849117473,79993.75849117473,79993.75849117473,79993.75849117473,0,1
1370748600000,1370748659999,79993.75849117473,79993.75849117473,79993.75849117473,79993.75849117473,0,1
1370748660000,1370748719999,79993.75849117473,79993.75849117473,79993.75849117473,79993.75849117473,0,1
1370748720000,1370748779999,79993.75849117473,79993.75849117473,79993.75849117473,79993.75849117473,0,1
1370748780000,1370748839999,79993.75849117473,79993.75849117473,79993.75849117473,79993.75849117473,0,1
1370748840000,1370748899999,79993.75849117473,79993.75849117473,79993.75849117473,79993.75849117473,0,1
1370748900000,1370748959999,79993.75849117473,79993.75849117473,79993.75849117473,79993.75849117473,0,1
1370748960000,1370749019999,79993.75849117473,79993.75849117473,79993.75849117473,79993.75849117473,0,1
1370749020000,1370749079999,79993.75849117473,79993.75849117473,79993.75849117473,79993.75849117473,0,1
1370749080000,1370749139999,79993.75849117473,79993.75849117473,79993.75849117473,79993.75849117473,0,1
1370749140000,1370749199999,79993.75849117473,79993.75849117473,79993.75849117473,79993.75849117473,0,1
1370749200000,1370749259999,79993.75849117473,79993.75849117473,79993.75849117473,79993.75849117473,0,1
1370749260000,1370749319999,79993.75849117473,79993.75849117473,79993.75849117473,79993.75849117473,0,1
1370749320000,1370749379999,79993.75849117473,79993.75849117473,79993.75849117473,79993.75849117473,0,1
1370749380000,1370749439999,79993.75849117473,79993.75849117473,79993.75849117473,79993.75849117473,0,1
1370749440000,1370749499999,79993.75849117473,79993.75849117473,79993.75849117473,79993.75849117473,0,1
1370749500000,1370749559999,79993.75849117473,79993.75849117473,79993.75849117473,79993.75849117473,0,1
1370749560000,1370749619999,79993.75849117473,79993.75849117473,79993.75849117473,79993.75849117473,0,1
1370749620000,1370749679999,79993.75849117473,79993.75849117473,79993.75849117473,79993.75849117473,0,1
1370749680000,1370749739999,79993.75849117473,79993.75849117473,79993.75849117473,79993.75849117473,0,1
1370749740000,1370749799999,79993.75849117473,79993.75849117473,79993.75849117473,79993.75849117473,0,1
1370749800000,1370749859999,79993.75849117473,79993.75849117473,79993.75849117473,79993.75849117473,0,1
1370749860000,1370749919999,79993.75849117473,79993.75849117473,79993.75849117473,79993.75849117473,0,1
1370749920000,1370749979999,79993.75849117473,79993.75849117473,79993.75849117473,79993.75849117473,0,1
1370749980000,1370750039999,79993.75849117473,79993.75849117473,79993.75849117473,79993.75849117473,0,1
1370750040000,1370750099999,79993.75849117473,79993.75849117473,79993.75849117473,79993.75849117473,0,1
1370750100000,1370750159999,79993.75849117473,79993.75849117473,79993.75849117473,79993.75849117473,0,1
1370750160000,1370750219999,79993.75849117473,79993.75849117473,79993.75849117473,79993.75849117473,0,1
1370750220000,1370750279999,79993.75849117473,79993.75849117473,79993.75849117473,79993.75849117473,0,1
1370750280000,1370750339999,79993.75849117473,79993.75849117473,79993.75849117473,79993.75849117473,0,1
1370750340000,1370750399999,79993.75849117473,79993.75849117473,79993.75849117473,79993.75849117473,0,1
1370750400000,1370750459999,79993.75849117473,79993.75849117473,79993.75849117473,79993.75849117473,0,1
1370750460000,1370750519999,79993.75849117473,79993.75849117473,79993.75849117473,79993.75849117473,0,1
1370750520000,1370750579999,79993.75849117473,79993.75849117473,79993.75849117473,79993.75849117473,0,1
1370750580000,1370750639999,79993.75849117473,79993.75849117473,79993.75849117473,79993.75849117473,0,1
1370750640000,1370750699999,79993.75849117473,79993.75849117473,79993.75849117473,79993.75849117473,0,1
1370750700000,1370750759999,79993.75849117473,79993.75849117473,79993.75849117473,79993.75849117473,0,1
1370750760000,1370750819999,79993.75849117473,79993.75849117473,79993.75849117473,79993.75849117473,0,1
1370750820000,1370750879999,79993.75849117473,79993.75849117473,79993.75849117473,79993.75849117473,0,1
1370750880000,1370750939999,79993.75849117473,79993.75849117473,79993.75849117473,79993.75849117473,0,1
1370750940000,1370750999999,79993.75849117473,79993.75849117473,79993.75849117473,79993.75849117473,0,1
1370751000000,1370751059999,79993.75849117473,79993.75849117473,79993.75849117473,79993.75849117473,0,1
1370751060000,1370751119999,79993.75849117473,79993.75849117473,79993.75849117473,79993.75849117473,0,1
1370751120000,1370751179999,79993.75849117473,79993.75849117473,79993.75849117473,79993.75849117473,0,1
1370751180000,1370751239999,79993.75849117473,79993.75849117473,79993.75849117473,79993.75849117473,0,1
1370751240000,1370751299999,79993.75849117473,79993.75849117473,79993.75849117473,79993.75849117473,0,1
1370751300000,1370751359999,79993.75849117473,79993.75849117473,79993.75849117473,79993.75849117473,0,1
1370751360000,1370751419999,79993.75849117473,79993.75849117473,79993.75849117473,79993.75849117473,0,1
1370751420000,1370751479999,79993.75849117473,79993.75849117473,79993.75849117473,79993.75849117473,0,1
1370751480000,1370751539999,79993.75849117473,79993.75849117473,79993.75849117473,79993.75849117473,0,1
1370751540000,1370751599999,79993.75849117473,79993.75849117473,79993.75849117473,79993.75849117473,0,1
1370751600000,1370751659999,79993.75849117473,79993.75849117473,79993.75849117473,79993.75849117473,0,1
1370751660000,1370751719999,79993.75849117473,79993.75849117473,79993.75849117473,79993.75849117473,0,1
1370751720000,1370751779999,79993.75849117473,79993.75849117473,79993.75849117473,79993.75849117473,0,1
1370751780000,1370751839999,79993.75849117473,79993.75849117473,79993.75849117473,79993.75849117473,0,1
1370751840000,1370751899999,79993.75849117473,79993.75849117473,79993.75849117473,79993.75849117473,0,1
1370751900000,1370751959999,79993.75849117473,79993.75849117473,79993.75849117473,79993.75849117473,0,1
1370751960000,1370752019999,79993.75849117473,79993.75849117473,79993.75849117473,79993.75849117473,0,1
1370752020000,1370752079999,79993.75849117473,79993.75849117473,79993.75849117473,79993.75849117473,0,1
1370752080000,1370752139999,79993.75849117473,79993.75849117473,79993.75849117473,79993.75849117473,0,1
1370752140000,1370752199999,79993.75849117473,79993.75849117473,79993.75849117473,79993.75849117473,0,1
1370752200000,1370752259999,79993.75849117473,79993.75849117473,79993.75849117473,79993.75849117473,0,1
1370752260000,1370752319999,79993.75849117473,79993.75849117473,79993.75849117473,79993.75849117473,0,1
1370752320000,1370752379999,79993.75849117473,79993.75849117473,79993.75849117473,79993.75849117473,0,1
1370752380000,1370752439999,79993.75849117473,79993.75849117473,79993.75849117473,79993.75849117473,0,1
1370752440000,1370752499999,79993.75849117473,79993.75849117473,79993.75849117473,79993.75849117473,0,1
1370752500000,1370752559999,79993.75849117473,79993.75849117473,79993.75849117473,79993.75849117473,0,1
1370752560000,1370752619999,79993.75849117473,79993.75849117473,79993.75849117473,79993.75849117473,0,1
1370752620000,1370752679999,79993.75849117473,79993.75849117473,79993.75849117473,79993.75849117473,0,1
1370752680000,1370752739999,79993.75849117473,79993.75849117473,79993.75849117473,79993.75849117473,0,1
1370752740000,1370752799999,79993.75849117473,79993.75849117473,79993.75849117473,79993.75849117473,0,1
1370752800000,1370752859999,79993.75849117473,79993.75849117473,79993.75849117473,79993.75849117473,0,1
1370752860000,1370752919999,79993.75849117473,79993.75849117473,79993.75849117473,79993.75849117473,0,1
1370752920000,1370752979999,79993.75849117473,79993.75849117473,79993.75849117473,79993.75849117473,0,1
1370752980000,1370753039999,79993.75849117473,79993.75849117473,79993.75849117473,79993.75849117473,0,1
1370753040000,1370753099999,79993.75849117473,79993.75849117473,79993.75849117473,79993.75849117473,0,1
1370753100000,1370753159999,79993.75849117473,79993.75849117473,79993.75849117473,79993.75849117473,0,1
1370753160000,1370753219999,79993.75849117473,79993.75849117473,79993.75849117473,79993.75849117473,0,1
1370753220000,1370753279999,79993.75849117473,79993.75849117473,79993.75849117473,79993.75849117473,0,1
1370753280000,1370753339999,79993.75849117473,79993.75849117473,79993.75849117473,79993.75849117473,0,1
1370753340000,1370753399999,79993.75849117473,79993.75849117473,79993.75849117473,79993.75849117473,0,1
1370753400000,1370753459999,79993.75849117473,79993.75849117473,79993.75849117473,79993.75849117473,0,1
1370753460000,1370753519999,79993.75849117473,79993.75849117473,79993.75849117473,79993.75849117473,0,1
1370753520000,1370753579999,79993.75849117473,79993.75849117473,79993.75849117473,79993.75849117473,0,1
1370753580000,1370753639999,79993.75849117473,79993.75849117473,79993.75849117473,79993.75849117473,0,1
1370753640000,1370753699999,79993.75849117473,79993.75849117473,79993.75849117473,79993.75849117473,0,1
1370753700000,1370753759999,79993.75849117473,79993.75849117473,79993.75849117473,79993.75849117473,0,1
1370753760000,1370753819999,79993.75849117473,79993.75849117473,79993.75849117473,79993.75849117473,0,1
1370753820000,1370753879999,79993.75849117473,79993.75849117473,79993.75849117473,79993.75849117473,0,1
1370753880000,1370753939999,79993.75849117473,79993.75849117473,79993.75849117473,79993.75849117473,0,1
1370753940000,1370753999999,79993.75849117473,79993.75849117473,79993.75849117473,79993.75849117473,0,1
1370754000000,1370754059999,79993.75849117473,79993.75849117473,79993.75849117473,79993.75849117473,0,1
1370754060000,1370754119999,79993.75849117473,79993.75849117473,79993.75849117473,79993.75849117473,0,1
1370754120000,1370754179999,79993.75849117473,79993.75849117473,79993.75849117473,79993.75849117473,0,1
1370754180000,1370754239999,79993.75849117473,79993.75849117473,79993.75849117473,79993.75849117473,0,1
1370754240000,1370754299999,79993.75849117473,79993.75849117473,79993.75849117473,79993.75849117473,0,1
1370754300000,1370754359999,79993.75849117473,79993.75849117473,79993.75849117473,79993.75849117473,0,1
1370754360000,1370754419999,79993.75849117473,79993.75849117473,79993.75849117473,79993.75849117473,0,1
1370754420000,1370754479999,79993.75849117473,79993.75849117473,79993.75849117473,79993.75849117473,0,1
1370754480000,1370754539999,79993.75849117473,79993.75849117473,79993.75849117473,79993.75849117473,0,1
1370754540000,1370754599999,79993.75849117473,79993.75849117473,79993.75849117473,79993.75849117473,0,1
1370754600000,1370754659999,79993.75849117473,79993.75849117473,79993.75849117473,79993.75849117473,0,1
1370754660000,1370754719999,79993.75849117473,79993.75849117473,79993.75849117473,79993.75849117473,0,1
1370754720000,1370754779999,79993.75849117473,79993.75849117473,79993.75849117473,79993.75849117473,0,1
1370754780000,1370754839999,79993.75849117473,79993.75849117473,79993.75849117473,79993.75849117473,0,1
1370754840000,1370754899999,79993.75849117473,79993.75849117473,79993.75849117473,79993.75849117473,0,1
1370754900000,1370754959999,79993.75849117473,79993.75849117473,79993.75849117473,79993.75849117473,0,1
1370754960000,1370755019999,79993.75849117473,79993.75849117473,79993.75849117473,79993.75849117473,0,1
1370755020000,1370755079999,79993.75849117473,79993.75849117473,79993.75849117473,79993.75849117473,0,1
1370755080000,1370755139999,79993.75849117473,79993.75849117473,79993.75849117473,79993.75849117473,0,1
1370755140000,1370755199999,79993.75849117473,79993.75849117473,79993.75849117473,79993.75849117473,0,1
1370755200000,1370755259999,79993.75849117473,79993.75849117473,79993.75849117473,79993.75849117473,0,1
1370755260000,1370755319999,79993.75849117473,79993.75849117473,79993.75849117473,79993.75849117473,0,1
1370755320000,1370755379999,79993.75849117473,79993.75849117473,79993.75849117473,79993.75849117473,0,1
1370755380000,1370755439999,79993.75849117473,79993.75849117473,79993.75849117473,79993.75849117473,0,1
1370755440000,1370755499999,79993.75849117473,79993.75849117473,79993.75849117473,79993.75849117473,0,1
1370755500000,1370755559999,79993.75849117473,79993.75849117473,79993.75849117473,79993.75849117473,0,1
1370755560000,1370755619999,79993.75849117473,79993.75849117473,79993.75849117473,79993.75849117473,0,1
1370755620000,1370755679999,79993.75849117473,79993.75849117473,79993.75849117473,79993.75849117473,0,1
1370755680000,1370755739999,79993.75849117473,79993.75849117473,79993.75849117473,79993.75849117473,0,1
1370755740000,1370755799999,79993.75849117473,79993.75849117473,79993.75849117473,79993.75849117473,0,1
1370755800000,1370755859999,79993.75849117473,79993.75849117473,79993.75849117473,79993.75849117473,0,1
1370755860000,1370755919999,79993.75849117473,79993.75849117473,79993.75849117473,79993.75849117473,0,1
1370755920000,1370755979999,79993.75849117473,79993.75849117473,79993.75849117473,79993.75849117473,0,1
1370755980000,1370756039999,79993.75849117473,79993.75849117473,79993.75849117473,79993.75849117473,0,1
1370756040000,1370756099999,79993.75849117473,79993.75849117473,79993.75849117473,79993.75849117473,0,1
1370756100000,1370756159999,79993.75849117473,79993.75849117473,79993.75849117473,79993.75849117473,0,1
1370756160000,1370756219999,79993.75849117473,79993.75849117473,79993.75849117473,79993.75849117473,0,1
1370756220000,1370756279999,79993.75849117473,79993.75849117473,79993.75849117473,79993.75849117473,0,1
1370756280000,1370756339999,79993.75849117473,79993.75849117473,79993.75849117473,79993.75849117473,0,1
1370756340000,1370756399999,79993.75849117473,79993.75849117473,79993.75849117473,79993.75849117473,0,1
1370756400000,1370756459999,79993.75849117473,79993.75849117473,79993.75849117473,79993.75849117473,0,1
1370756460000,1370756519999,79993.75849117473,79993.75849117473,79993.75849117473,79993.75849117473,0,1
1370756520000,1370756579999,79993.75849117473,79993.75849117473,79993.75849117473,79993.75849117473,0,1
1370756580000,1370756639999,79993.75849117473,79993.75849117473,79993.75849117473,79993.75849117473,0,1
1370756640000,1370756699999,79993.75849117473,79993.75849117473,79993.75849117473,79993.75849117473,0,1
1370756700000,1370756759999,79993.75849117473,79993.75849117473,79993.75849117473,79993.75849117473,0,1
1370756760000,1370756819999,79993.75849117473,79993.75849117473,79993.75849117473,79993.75849117473,0,1
1370756820000,1370756879999,79993.75849117473,79993.75849117473,79993.75849117473,79993.75849117473,0,1
1370756880000,1370756939999,79993.75849117473,79993.75849117473,79993.75849117473,79993.75849117473,0,1
1370756940000,1370756999999,79993.75849117473,79993.75849117473,79993.75849117473,79993.75849117473,0,1
1370757000000,1370757059999,79993.75849117473,79993.75849117473,79993.75849117473,79993.75849117473,0,1
1370757060000,1370757119999,79993.75849117473,79993.75849117473,79993.75849117473,79993.75849117473,0,1
1370757120000,1370757179999,79993.75849117473,79993.75849117473,79993.75849117473,79993.75849117473,0,1
1370757180000,1370757239999,79993.75849117473,79993.75849117473,79993.75849117473,79993.75849117473,0,1
1370757240000,1370757299999,79993.75849117473,79993.75849117473,79993.75849117473,79993.75849117473,0,1
1370757300000,1370757359999,79993.75849117473,79993.75849117473,79993.75849117473,79993.75849117473,0,1
1370757360000,1370757419999,79993.75849117473,79993.75849117473,79993.75849117473,79993.75849117473,0,1
1370757420000,1370757479999,79993.75849117473,79993.75849117473,79993.75849117473,79993.75849117473,0,1
1370757480000,1370757539999,79993.75849117473,79993.75849117473,79993.75849117473,79993.75849117473,0,1
1370757540000,1370757599999,79993.75849117473,79993.75849117473,79993.75849117473,79993.75849117473,0,1
1370757600000,1370757659999,79993.75849117473,79993.75849117473,79993.75849117473,79993.75849117473,0,1
1370757660000,1370757719999,79993.75849117473,79993.75849117473,79993.75849117473,79993.75849117473,0,1
1370757720000,1370757779999,79993.75849117473,79993.75849117473,79993.75849117473,79993.75849117473,0,1
1370757780000,1370757839999,79993.75849117473,79993.75849117473,79993.75849117473,79993.75849117473,0,1
1370757840000,1370757899999,79993.75849117473,79993.75849117473,79993.75849117473,79993.75849117473,0,1
1370757900000,1370757959999,79993.75849117473,79993.75849117473,79993.75849117473,79993.75849117473,0,1
1370757960000,1370758019999,79993.75849117473,79993.75849117473,79993.75849117473,79993.75849117473,0,1
1370758020000,1370758079999,79993.75849117473,79993.75849117473,79993.75849117473,79993.75849117473,0,1
1370758080000,1370758139999,79993.75849117473,79993.75849117473,79993.75849117473,79993.75849117473,0,1
1370758140000,1370758199999,79993.75849117473,79993.75849117473,79993.75849117473,79993.75849117473,0,1
1370758200000,1370758259999,79993.75849117473,79993.75849117473,79993.75849117473,79993.75849117473,0,1
1370758260000,1370758319999,79993.75849117473,79993.75849117473,79993.75849117473,79993.75849117473,0,1
1370758320000,1370758379999,79993.75849117473,79993.75849117473,79993.75849117473,79993.75849117473,0,1
1370758380000,1370758439999,79993.75849117473,79993.75849117473,79993.75849117473,79993.75849117473,0,1
1370758440000,1370758499999,79993.75849117473,79993.75849117473,79993.75849117473,79993.75849117473,0,1
1370758500000,1370758559999,79993.75849117473,79993.75849117473,79993.75849117473,79993.75849117473,0,1
1370758560000,1370758619999,79993.75849117473,79993.75849117473,79993.75849117473,79993.75849117473,0,1
1370758620000,1370758679999,79993.75849117473,79993.75849117473,79993.75849117473,79993.75849117473,0,1
1370758680000,1370758739999,79993.75849117473,79993.75849117473,79993.75849117473,79993.75849117473,0,1
1370758740000,1370758799999,79993.75849117473,79993.75849117473,79993.75849117473,79993.75849117473,0,1
1370758800000,1370758859999,79993.75849117473,79993.75849117473,79993.75849117473,79993.75849117473,0,1
1370758860000,1370758919999,79993.75849117473,79993.75849117473,79993.75849117473,79993.75849117473,0,1
1370758920000,1370758979999,79993.75849117473,79993.75849117473,79993.75849117473,79993.75849117473,0,1
1370758980000,1370759039999,79993.75849117473,79993.75849117473,79993.75849117473,79993.75849117473,0,1
1370759040000,1370759099999,79993.75849117473,79993.75849117473,79993.75849117473,79993.75849117473,0,1
1370759100000,1370759159999,79993.75849117473,79993.75849117473,79993.75849117473,79993.75849117473,0,1
1370759160000,1370759219999,79993.75849117473,79993.75849117473,79993.75849117473,79993.75849117473,0,1
1370759220000,1370759279999,79993.75849117473,79993.75849117473,79993.75849117473,79993.75849117473,0,1
1370759280000,1370759339999,79993.75849117473,79993.75849117473,79993.75849117473,79993.75849117473,0,1
1370759340000,1370759399999,79993.75849117473,79993.75849117473,79993.75849117473,79993.75849117473,0,1
1370759400000,1370759459999,79993.75849117473,79993.75849117473,79993.75849117473,79993.75849117473,0,1
1370759460000,1370759519999,79993.75849117473,79993.75849117473,79993.75849117473,79993.75849117473,0,1
1370759520000,1370759579999,79993.75849117473,79993.75849117473,79993.75849117473,79993.75849117473,0,1
1370759580000,1370759639999,79993.75849117473,79993.75849117473,79993.75849117473,79993.75849117473,0,1
1370759640000,1370759699999,79993.75849117473,79993.75849117473,79993.75849117473,79993.75849117473,0,1
1370759700000,1370759759999,79993.75849117473,79993.75849117473,79993.75849117473,79993.75849117473,0,1
1370759760000,1370759819999,79993.75849117473,79993.75849117473,79993.75849117473,79993.75849117473,0,1
1370759820000,1370759879999,79993.75849117473,79993.75849117473,79993.75849117473,79993.75849117473,0,1
1370759880000,1370759939999,79993.75849117473,79993.75849117473,79993.75849117473,79993.75849117473,0,1
1370759940000,1370759999999,79993.75849117473,79993.75849117473,79993.75849117473,79993.75849117473,0,1
1370760000000,1370760059999,79993.75849117473,79993.75849117473,79993.75849117473,79993.75849117473,0,1
1370760060000,1370760119999,79993.75849117473,79993.75849117473,79993.75849117473,79993.75849117473,0,1
1370760120000,1370760179999,79993.75849117473,79993.75849117473,79993.75849117473,79993.75849117473,0,1
1370760180000,1370760239999,79993.75849117473,79993.75849117473,79993.75849117473,79993.75849117473,0,1
1370760240000,1370760299999,79993.75849117473,79993.75849117473,79993.75849117473,79993.75849117473,0,1
1370760300000,1370760359999,79993.75849117473,79993.75849117473,79993.75849117473,79993.75849117473,0,1
1370760360000,1370760419999,79993.75849117473,79993.75849117473,79993.75849117473,79993.75849117473,0,1
1370760420000,1370760479999,79993.75849117473,79993.75849117473,79993.75849117473,79993.75849117473,0,1
1370760480000,1370760539999,79993.75849117473,79993.75849117473,79993.75849117473,79993.75849117473,0,1
1370760540000,1370760599999,79993.75849117473,79993.75849117473,79993.75849117473,79993.75849117473,0,1
1370760600000,1370760659999,79993.75849117473,79993.75849117473,79993.75849117473,79993.75849117473,0,1
1370760660000,1370760719999,79993.75849117473,79993.75849117473,79993.75849117473,79993.75849117473,0,1
1370760720000,1370760779999,79993.75849117473,79993.75849117473,79993.75849117473,79993.75849117473,0,1
1370760780000,1370760839999,79993.75849117473,79993.75849117473,79993.75849117473,79993.75849117473,0,1
1370760840000,1370760899999,79993.75849117473,79993.75849117473,79993.75849117473,79993.75849117473,0,1
1370760900000,1370760959999,79993.75849117473,79993.75849117473,79993.75849117473,79993.75849117473,0,1
1370760960000,1370761019999,79993.75849117473,79993.75849117473,79993.75849117473,79993.75849117473,0,1
1370761020000,1370761079999,79993.75849117473,79993.75849117473,79993.75849117473,79993.75849117473,0,1
1370761080000,1370761139999,79993.75849117473,79993.75849117473,79993.75849117473,79993.75849117473,0,1
1370761140000,1370761199999,79993.75849117473,79993.75849117473,79993.75849117473,79993.75849117473,0,1
1370761200000,1370761259999,79993.75849117473,79993.75849117473,79993.75849117473,79993.75849117473,0,1
1370761260000,1370761319999,79993.75849117473,79993.75849117473,79993.75849117473,79993.75849117473,0,1
1370761320000,1370761379999,79993.75849117473,79993.75849117473,79993.75849117473,79993.75849117473,0,1
1370761380000,1370761439999,79993.75849117473,79993.75849117473,79993.75849117473,79993.75849117473,0,1
1370761440000,1370761499999,79993.75849117473,79993.75849117473,79993.75849117473,79993.75849117473,0,1
1370761500000,1370761559999,79993.75849117473,79993.75849117473,79993.75849117473,79993.75849117473,0,1
1370761560000,1370761619999,79993.75849117473,79993.75849117473,79993.75849117473,79993.75849117473,0,1
1370761620000,1370761679999,79993.75849117473,79993.75849117473,79993.75849117473,79993.75849117473,0,1
1370761680000,1370761739999,79993.75849117473,79993.75849117473,79993.75849117473,79993.75849117473,0,1
1370761740000,1370761799999,79993.75849117473,79993.75849117473,79993.75849117473,79993.75849117473,0,1
1370761800000,1370761859999,79993.75849117473,79993.75849117473,79993.75849117473,79993.75849117473,0,1
1370761860000,1370761919999,79993.75849117473,79993.75849117473,79993.75849117473,79993.75849117473,0,1
1370761920000,1370761979999,79993.75849117473,79993.75849117473,79993.75849117473,79993.75849117473,0,1
1370761980000,1370762039999,79993.75849117473,79993.75849117473,79993.75849117473,79993.75849117473,0,1
1370762040000,1370762099999,79993.75849117473,79993.75849117473,79993.75849117473,79993.75849117473,0,1
1370762100000,1370762159999,79993.75849117473,79993.75849117473,79993.75849117473,79993.75849117473,0,1
1370762160000,1370762219999,79993.75849117473,79993.75849117473,79993.75849117473,79993.75849117473,0,1
1370762220000,1370762279999,79993.75849117473,79993.75849117473,79993.75849117473,79993.75849117473,0,1
1370762280000,1370762339999,79993.75849117473,79993.75849117473,79993.75849117473,79993.75849117473,0,1
1370762340000,1370762399999,79993.75849117473,79993.75849117473,79993.75849117473,79993.75849117473,0,1
1370762400000,1370762459999,79993.75849117473,79993.75849117473,79993.75849117473,79993.75849117473,0,1
1370762460000,1370762519999,79993.75849117473,79993.75849117473,79993.75849117473,79993.75849117473,0,1
1370762520000,1370762579999,79993.75849117473,79993.75849117473,79993.75849117473,79993.75849117473,0,1
1370762580000,1370762639999,79993.75849117473,79993.75849117473,79993.75849117473,79993.75849117473,0,1
1370762640000,1370762699999,79993.75849117473,79993.75849117473,79993.75849117473,79993.75849117473,0,1
1370762700000,1370762759999,79993.75849117473,79993.75849117473,79993.75849117473,79993.75849117473,0,1
1370762760000,1370762819999,79993.75849117473,79993.75849117473,79993.75849117473,79993.75849117473,0,1
1370762820000,1370762879999,79993.75849117473,79993.75849117473,79993.75849117473,79993.75849117473,0,1
1370762880000,1370762939999,79993.75849117473,79993.75849117473,79993.75849117473,79993.75849117473,0,1
1370762940000,1370762999999,79993.75849117473,79993.75849117473,79993.75849117473,79993.75849117473,0,1
1370763000000,1370763059999,79993.75849117473,79993.75849117473,79993.75849117473,79993.75849117473,0,1
1370763060000,1370763119999,79993.75849117473,79993.75849117473,79993.75849117473,79993.75849117473,0,1
1370763120000,1370763179999,79993.75849117473,79993.75849117473,79993.75849117473,79993.75849117473,0,1
1370763180000,1370763239999,79993.75849117473,79993.75849117473,79993.75849117473,79993.75849117473,0,1
1370763240000,1370763299999,79993.75849117473,79993.75849117473,79993.75849117473,79993.75849117473,0,1
1370763300000,1370763359999,79993.75849117473,79993.75849117473,79993.75849117473,79993.75849117473,0,1
1370763360000,1370763419999,79993.75849117473,79993.75849117473,79993.75849117473,79993.75849117473,0,1
1370763420000,1370763479999,79993.75849117473,79993.75849117473,79993.75849117473,79993.75849117473,0,1
1370763480000,1370763539999,79993.75849117473,79993.75849117473,79993.75849117473,79993.75849117473,0,1
1370763540000,1370763599999,79993.75849117473,79993.75849117473,79993.75849117473,79993.75849117473,0,1
1370763600000,1370763659999,79993.75849117473,79993.75849117473,79993.75849117473,79993.75849117473,0,1
1370763660000,1370763719999,79993.75849117473,79993.75849117473,79993.75849117473,79993.75849117473,0,1
1370763720000,1370763779999,79993.75849117473,79993.75849117473,79993.75849117473,79993.75849117473,0,1
1370763780000,1370763839999,79993.75849117473,79993.75849117473,79993.75849117473,79993.75849117473,0,1
1370763840000,1370763899999,79993.75849117473,79993.75849117473,79993.75849117473,79993.75849117473,0,1
1370763900000,1370763959999,79993.75849117473,79993.75849117473,79993.75849117473,79993.75849117473,0,1
1370763960000,1370764019999,79993.75849117473,79993.75849117473,79993.75849117473,79993.75849117473,0,1
1370764020000,1370764079999,79993.75849117473,79993.75849117473,79993.75849117473,79993.75849117473,0,1
1370764080000,1370764139999,79993.75849117473,79993.75849117473,79993.75849117473,79993.75849117473,0,1
1370764140000,1370764199999,79993.75849117473,79993.75849117473,79993.75849117473,79993.75849117473,0,1
1370764200000,1370764259999,79993.75849117473,79993.75849117473,79993.75849117473,79993.75849117473,0,1
1370764260000,1370764319999,79993.75849117473,79993.75849117473,79993.75849117473,79993.75849117473,0,1
1370764320000,1370764379999,79993.75849117473,79993.75849117473,79993.75849117473,79993.75849117473,0,1
1370764380000,1370764439999,79993.75849117473,79993.75849117473,79993.75849117473,79993.75849117473,0,1
1370764440000,1370764499999,79993.75849117473,79993.75849117473,79993.75849117473,79993.75849117473,0,1
1370764500000,1370764559999,79993.75849117473,79993.75849117473,79993.75849117473,79993.75849117473,0,1
1370764560000,1370764619999,79993.75849117473,79993.75849117473,79993.75849117473,79993.75849117473,0,1
1370764620000,1370764679999,79993.75849117473,79993.75849117473,79993.75849117473,79993.75849117473,0,1
1370764680000,1370764739999,79993.75849117473,79993.75849117473,79993.75849117473,79993.75849117473,0,1
1370764740000,1370764799999,79993.75849117473,79993.75849117473,79993.75849117473,79993.75849117473,0,1
1370764800000,1370764859999,79993.75849117473,79993.75849117473,79993.75849117473,79993.75849117473,0,1
1370764860000,1370764919999,79993.75849117473,79993.75849117473,79993.75849117473,79993.75849117473,0,1
1370764920000,1370764979999,79993.75849117473,79993.75849117473,79993.75849117473,79993.75849117473,0,1
1370764980000,1370765039999,79993.75849117473,79993.75849117473,79993.75849117473,79993.75849117473,0,1
1370765040000,1370765099999,79993.75849117473,79993.75849117473,79993.75849117473,79993.75849117473,0,1
1370765100000,1370765159999,79993.75849117473,79993.75849117473,79993.75849117473,79993.75849117473,0,1
1370765160000,1370765219999,79993.75849117473,79993.75849117473,79993.75849117473,79993.75849117473,0,1
1370765220000,1370765279999,79993.75849117473,79993.75849117473,79993.75849117473,79993.75849117473,0,1
1370765280000,1370765339999,79993.75849117473,79993.75849117473,79993.75849117473,79993.75849117473,0,1
1370765340000,1370765399999,79993.75849117473,79993.75849117473,79993.75849117473,79993.75849117473,0,1
1370765400000,1370765459999,79993.75849117473,79993.75849117473,79993.75849117473,79993.75849117473,0,1
1370765460000,1370765519999,79993.75849117473,79993.75849117473,79993.75849117473,79993.75849117473,0,1
1370765520000,1370765579999,79993.75849117473,79993.75849117473,79993.75849117473,79993.75849117473,0,1
1370765580000,1370765639999,79993.75849117473,79993.75849117473,79993.75849117473,79993.75849117473,0,1
1370765640000,1370765699999,79993.75849117473,79993.75849117473,79993.75849117473,79993.75849117473,0,1
1370765700000,1370765759999,79993.75849117473,79993.75849117473,79993.75849117473,79993.75849117473,0,1
1370765760000,1370765819999,79993.75849117473,79993.75849117473,79993.75849117473,79993.75849117473,0,1
1370765820000,1370765879999,79993.75849117473,79993.75849117473,79993.75849117473,79993.75849117473,0,1
1370765880000,1370765939999,79993.75849117473,79993.75849117473,79993.75849117473,79993.75849117473,0,1
1370765940000,1370765999999,79993.75849117473,79993.75849117473,79993.75849117473,79993.75849117473,0,1
1370766000000,1370766059999,79993.75849117473,79993.75849117473,79993.75849117473,79993.75849117473,0,1
1370766060000,1370766119999,79993.75849117473,79993.75849117473,79993.75849117473,79993.75849117473,0,1
1370766120000,1370766179999,79993.75849117473,79993.75849117473,79993.75849117473,79993.75849117473,0,1
1370766180000,1370766239999,79993.75849117473,79993.75849117473,79993.75849117473,79993.75849117473,0,1
1370766240000,1370766299999,79993.75849117473,79993.75849117473,79993.75849117473,79993.75849117473,0,1
1370766300000,1370766359999,79993.75849117473,79993.75849117473,79993.75849117473,79993.75849117473,0,1
1370766360000,1370766419999,79993.75849117473,79993.75849117473,79993.75849117473,79993.75849117473,0,1
1370766420000,1370766479999,79993.75849117473,79993.75849117473,79993.75849117473,79993.75849117473,0,1
1370766480000,1370766539999,79993.75849117473,79993.75849117473,79993.75849117473,79993.75849117473,0,1
1370766540000,1370766599999,79993.75849117473,79993.75849117473,79993.75849117473,79993.75849117473,0,1
1370766600000,1370766659999,79993.75849117473,79993.75849117473,79993.75849117473,79993.75849117473,0,1
1370766660000,1370766719999,79993.75849117473,79993.75849117473,79993.75849117473,79993.75849117473,0,1
1370766720000,1370766779999,79993.75849117473,79993.75849117473,79993.75849117473,79993.75849117473,0,1
1370766780000,1370766839999,79993.75849117473,79993.75849117473,79993.75849117473,79993.75849117473,0,1
1370766840000,1370766899999,79993.75849117473,79993.75849117473,79993.75849117473,79993.75849117473,0,1
1370766900000,1370766959999,79993.75849117473,79993.75849117473,79993.75849117473,79993.75849117473,0,1
1370766960000,1370767019999,79993.75849117473,79993.75849117473,79993.75849117473,79993.75849117473,0,1
1370767020000,1370767079999,79993.75849117473,79993.75849117473,79993.75849117473,79993.75849117473,0,1
1370767080000,1370767139999,79993.75849117473,79993.75849117473,79993.75849117473,79993.75849117473,0,1
1370767140000,1370767199999,79993.75849117473,79993.75849117473,79993.75849117473,79993.75849117473,0,1
1370767200000,1370767259999,79993.75849117473,79993.75849117473,79993.75849117473,79993.75849117473,0,1
1370767260000,1370767319999,79993.75849117473,79993.75849117473,79993.75849117473,79993.75849117473,0,1
1370767320000,1370767379999,79993.75849117473,79993.75849117473,79993.75849117473,79993.75849117473,0,1
1370767380000,1370767439999,79993.75849117473,79993.75849117473,79993.75849117473,79993.75849117473,0,1
1370767440000,1370767499999,79993.75849117473,79993.75849117473,79993.75849117473,79993.75849117473,0,1
1370767500000,1370767559999,79993.75849117473,79993.75849117473,79993.75849117473,79993.75849117473,0,1
1370767560000,1370767619999,79993.75849117473,79993.75849117473,79993.75849117473,79993.75849117473,0,1
1370767620000,1370767679999,79993.75849117473,79993.75849117473,79993.75849117473,79993.75849117473,0,1
1370767680000,1370767739999,79993.75849117473,79993.75849117473,79993.75849117473,79993.75849117473,0,1
1370767740000,1370767799999,79993.75849117473,79993.75849117473,79993.75849117473,79993.75849117473,0,1
1370767800000,1370767859999,79993.75849117473,79993.75849117473,79993.75849117473,79993.75849117473,0,1
1370767860000,1370767919999,79993.75849117473,79993.75849117473,79993.75849117473,79993.75849117473,0,1
1370767920000,1370767979999,79993.75849117473,79993.75849117473,79993.75849117473,79993.75849117473,0,1
1370767980000,1370768039999,79993.75849117473,79993.75849117473,79993.75849117473,79993.75849117473,0,1
1370768040000,1370768099999,79993.75849117473,79993.75849117473,79993.75849117473,79993.75849117473,0,1
1370768100000,1370768159999,79993.75849117473,79993.75849117473,79993.75849117473,79993.75849117473,0,1
1370768160000,1370768219999,79993.75849117473,79993.75849117473,79993.75849117473,79993.75849117473,0,1
1370768220000,1370768279999,79993.75849117473,79993.75849117473,79993.75849117473,79993.75849117473,0,1
1370768280000,1370768339999,79993.75849117473,79993.75849117473,79993.75849117473,79993.75849117473,0,1
1370768340000,1370768399999,79993.75849117473,79993.75849117473,79993.75849117473,79993.75849117473,0,1
1370768400000,1370768459999,79993.75849117473,79993.75849117473,79993.75849117473,79993.75849117473,0,1
1370768460000,1370768519999,79993.75849117473,79993.75849117473,79993.75849117473,79993.75849117473,0,1
1370768520000,1370768579999,79993.75849117473,79993.75849117473,79993.75849117473,79993.75849117473,0,1
1370768580000,1370768639999,79993.75849117473,79993.75849117473,79993.75849117473,79993.75849117473,0,1
1370768640000,1370768699999,79993.75849117473,79993.75849117473,79993.75849117473,79993.75849117473,0,1
1370768700000,1370768759999,79993.75849117473,79993.75849117473,79993.75849117473,79993.75849117473,0,1
1370768760000,1370768819999,79993.75849117473,79993.75849117473,79993.75849117473,79993.75849117473,0,1
1370768820000,1370768879999,79993.75849117473,79993.75849117473,79993.75849117473,79993.75849117473,0,1
1370768880000,1370768939999,79993.75849117473,79993.75849117473,79993.75849117473,79993.75849117473,0,1
1370768940000,1370768999999,79993.75849117473,79993.75849117473,79993.75849117473,79993.75849117473,0,1
1370769000000,1370769059999,79993.75849117473,79993.75849117473,79993.75849117473,79993.75849117473,0,1
1370769060000,1370769119999,79993.75849117473,79993.75849117473,79993.75849117473,79993.75849117473,0,1
1370769120000,1370769179999,79993.75849117473,79993.75849117473,79993.75849117473,79993.75849117473,0,1
1370769180000,1370769239999,79993.75849117473,79993.75849117473,79993.75849117473,79993.75849117473,0,1
1370769240000,1370769299999,79993.75849117473,79993.75849117473,79993.75849117473,79993.75849117473,0,1
1370769300000,1370769359999,79993.75849117473,79993.75849117473,79993.75849117473,79993.75849117473,0,1
1370769360000,1370769419999,79993.75849117473,79993.75849117473,79993.75849117473,79993.75849117473,0,1
1370769420000,1370769479999,79993.75849117473,79993.75849117473,79993.75849117473,79993.75849117473,0,1
1370769480000,1370769539999,79993.75849117473,79993.75849117473,79993.75849117473,79993.75849117473,0,1
1370769540000,1370769599999,79993.75849117473,79993.75849117473,79993.75849117473,79993.75849117473,0,1
1370769600000,1370769659999,79993.75849117473,79993.75849117473,79993.75849117473,79993.75849117473,0,1
1370769660000,1370769719999,79993.75849117473,79993.75849117473,79993.75849117473,79993.75849117473,0,1
1370769720000,1370769779999,79993.75849117473,79993.75849117473,79993.75849117473,79993.75849117473,0,1
1370769780000,1370769839999,79993.75849117473,79993.75849117473,79993.75849117473,79993.75849117473,0,1
1370769840000,1370769899999,79993.75849117473,79993.75849117473,79993.75849117473,79993.75849117473,0,1
1370769900000,1370769959999,79993.75849117473,79993.75849117473,79993.75849117473,79993.75849117473,0,1
1370769960000,1370770019999,79993.75849117473,79993.75849117473,79993.75849117473,79993.75849117473,0,1
1370770020000,1370770079999,79993.75849117473,79993.75849117473,79993.75849117473,79993.75849117473,0,1
1370770080000,1370770139999,79993.75849117473,79993.75849117473,79993.75849117473,79993.75849117473,0,1
1370770140000,1370770199999,79993.75849117473,79993.75849117473,79993.75849117473,79993.75849117473,0,1
1370770200000,1370770259999,79993.75849117473,79993.75849117473,79993.75849117473,79993.75849117473,0,1
1370770260000,1370770319999,79993.75849117473,79993.75849117473,79993.75849117473,79993.75849117473,0,1
1370770320000,1370770379999,79993.75849117473,79993.75849117473,79993.75849117473,79993.75849117473,0,1
1370770380000,1370770439999,79993.75849117473,79993.75849117473,79993.75849117473,79993.75849117473,0,1
1370770440000,1370770499999,79993.75849117473,79993.75849117473,79993.75849117473,79993.75849117473,0,1
1370770500000,1370770559999,79993.75849117473,79993.75849117473,79993.75849117473,79993.75849117473,0,1
1370770560000,1370770619999,79993.75849117473,79993.75849117473,79993.75849117473,79993.75849117473,0,1
1370770620000,1370770679999,79993.75849117473,79993.75849117473,79993.75849117473,79993.75849117473,0,1
1370770680000,1370770739999,79993.75849117473,79993.75849117473,79993.75849117473,79993.75849117473,0,1
1370770740000,1370770799999,79993.75849117473,79993.75849117473,79993.75849117473,79993.75849117473,0,1
1370770800000,1370770859999,79993.75849117473,79993.75849117473,79993.75849117473,79993.75849117473,0,1
1370770860000,1370770919999,79993.75849117473,79993.75849117473,79993.75849117473,79993.75849117473,0,1
1370770920000,1370770979999,79993.75849117473,79993.75849117473,79993.75849117473,79993.75849117473,0,1
1370770980000,1370771039999,79993.75849117473,79993.75849117473,79993.75849117473,79993.75849117473,0,1
1370771040000,1370771099999,79993.75849117473,79993.75849117473,79993.75849117473,79993.75849117473,0,1
1370771100000,1370771159999,79993.75849117473,79993.75849117473,79993.75849117473,79993.75849117473,0,1
1370771160000,1370771219999,79993.75849117473,79993.75849117473,79993.75849117473,79993.75849117473,0,1
1370771220000,1370771279999,79993.75849117473,79993.75849117473,79993.75849117473,79993.75849117473,0,1
1370771280000,1370771339999,79993.75849117473,79993.75849117473,79993.75849117473,79993.75849117473,0,1
1370771340000,1370771399999,79993.75849117473,79993.75849117473,79993.75849117473,79993.75849117473,0,1
1370771400000,1370771459999,79993.75849117473,79993.75849117473,79993.75849117473,79993.75849117473,0,1
1370771460000,1370771519999,79993.75849117473,79993.75849117473,79993.75849117473,79993.75849117473,0,1
1370771520000,1370771579999,79993.75849117473,79993.75849117473,79993.75849117473,79993.75849117473,0,1
1370771580000,1370771639999,79993.75849117473,79993.75849117473,79993.75849117473,79993.75849117473,0,1
1370771640000,1370771699999,79993.75849117473,79993.75849117473,79993.75849117473,79993.75849117473,0,1
1370771700000,1370771759999,79993.75849117473,79993.75849117473,79993.75849117473,79993.75849117473,0,1
1370771760000,1370771819999,79993.75849117473,79993.75849117473,79993.75849117473,79993.75849117473,0,1
1370771820000,1370771879999,79993.75849117473,79993.75849117473,79993.75849117473,79993.75849117473,0,1
1370771880000,1370771939999,79993.75849117473,79993.75849117473,79993.75849117473,79993.75849117473,0,1
1370771940000,1370771999999,79993.75849117473,79993.75849117473,79993.75849117473,79993.75849117473,0,1
1370772000000,1370772059999,79993.75849117473,79993.75849117473,79993.75849117473,79993.75849117473,0,1
1370772060000,1370772119999,79993.75849117473,79993.75849117473,79993.75849117473,79993.75849117473,0,1
1370772120000,1370772179999,79993.75849117473,79993.75849117473,79993.75849117473,79993.75849117473,0,1
1370772180000,1370772239999,79993.75849117473,79993.75849117473,79993.75849117473,79993.75849117473,0,1
1370772240000,1370772299999,79993.75849117473,79993.75849117473,79993.75849117473,79993.75849117473,0,1
1370772300000,1370772359999,79993.75849117473,79993.75849117473,79993.75849117473,79993.75849117473,0,1
1370772360000,1370772419999,79993.75849117473,79993.75849117473,79993.75849117473,79993.75849117473,0,1
1370772420000,1370772479999,79993.75849117473,79993.75849117473,79993.75849117473,79993.75849117473,0,1
1370772480000,1370772539999,79993.75849117473,79993.75849117473,79993.75849117473,79993.75849117473,0,1
1370772540000,1370772599999,79993.75849117473,79993.75849117473,79993.75849117473,79993.75849117473,0,1
1370772600000,1370772659999,79993.75849117473,79993.75849117473,79993.75849117473,79993.75849117473,0,1
1370772660000,1370772719999,79993.75849117473,79993.75849117473,79993.75849117473,79993.75849117473,0,1
1370772720000,1370772779999,79993.75849117473,79993.75849117473,79993.75849117473,79993.75849117473,0,1
1370772780000,1370772839999,79993.75849117473,79993.75849117473,79993.75849117473,79993.75849117473,0,1
1370772840000,1370772899999,79993.75849117473,79993.75849117473,79993.75849117473,79993.75849117473,0,1
1370772900000,1370772959999,79993.75849117473,79993.75849117473,79993.75849117473,79993.75849117473,0,1
1370772960000,1370773019999,79993.75849117473,79993.75849117473,79993.75849117473,79993.75849117473,0,1
1370773020000,1370773079999,79993.75849117473,79993.75849117473,79993.75849117473,79993.75849117473,0,1
1370773080000,1370773139999,79993.75849117473,79993.75849117473,79993.75849117473,79993.75849117473,0,1
1370773140000,1370773199999,79993.75849117473,79993.75849117473,79993.75849117473,79993.75849117473,0,1
1370773200000,1370773259999,79993.75849117473,79993.75849117473,79993.75849117473,79993.75849117473,0,1
1370773260000,1370773319999,79993.75849117473,79993.75849117473,79993.75849117473,79993.75849117473,0,1
1370773320000,1370773379999,79993.75849117473,79993.75849117473,79993.75849117473,79993.75849117473,0,1
1370773380000,1370773439999,79993.75849117473,79993.75849117473,79993.75849117473,79993.75849117473,0,1
1370773440000,1370773499999,79993.75849117473,79993.75849117473,79993.75849117473,79993.75849117473,0,1
1370773500000,1370773559999,79993.75849117473,79993.75849117473,79993.75849117473,79993.75849117473,0,1
1370773560000,1370773619999,79993.75849117473,79993.75849117473,79993.75849117473,79993.75849117473,0,1
1370773620000,1370773679999,79993.75849117473,79993.75849117473,79993.75849117473,79993.75849117473,0,1
1370773680000,1370773739999,79993.75849117473,79993.75849117473,79993.75849117473,79993.75849117473,0,1
1370773740000,1370773799999,79993.75849117473,79993.75849117473,79993.75849117473,79993.75849117473,0,1
1370773800000,1370773859999,79993.75849117473,79993.75849117473,79993.75849117473,79993.75849117473,0,1
1370773860000,1370773919999,79993.75849117473,79993.75849117473,79993.75849117473,79993.75849117473,0,1
1370773920000,1370773979999,79993.75849117473,79993.75849117473,79993.75849117473,79993.75849117473,0,1
1370773980000,1370774039999,79993.75849117473,79993.75849117473,79993.75849117473,79993.75849117473,0,1
1370774040000,1370774099999,79993.75849117473,79993.75849117473,79993.75849117473,79993.75849117473,0,1
1370774100000,1370774159999,79993.75849117473,79993.75849117473,79993.75849117473,79993.75849117473,0,1
1370774160000,1370774219999,79993.75849117473,79993.75849117473,79993.75849117473,79993.75849117473,0,1
1370774220000,1370774279999,79993.75849117473,79993.75849117473,79993.75849117473,79993.75849117473,0,1
1370774280000,1370774339999,79993.75849117473,79993.75849117473,79993.75849117473,79993.75849117473,0,1
1370774340000,1370774399999,79993.75849117473,79993.75849117473,79993.75849117473,79993.75849117473,0,1
1370774400000,1370774459999,79993.75849117473,79993.75849117473,79993.75849117473,79993.75849117473,0,1
1370774460000,1370774519999,79993.75849117473,79993.75849117473,79993.75849117473,79993.75849117473,0,1
1370774520000,1370774579999,79993.75849117473,79993.75849117473,79993.75849117473,79993.75849117473,0,1
1370774580000,1370774639999,79993.75849117473,79993.75849117473,79993.75849117473,79993.75849117473,0,1
1370774640000,1370774699999,79993.75849117473,79993.75849117473,79993.75849117473,79993.75849117473,0,1
1370774700000,1370774759999,79993.75849117473,79993.75849117473,79993.75849117473,79993.75849117473,0,1
1370774760000,1370774819999,79993.75849117473,79993.75849117473,79993.75849117473,79993.75849117473,0,1
1370774820000,1370774879999,79993.75849117473,79993.75849117473,79993.75849117473,79993.75849117473,0,1
1370774880000,1370774939999,79993.75849117473,79993.75849117473,79993.75849117473,79993.75849117473,0,1
1370774940000,1370774999999,79993.75849117473,79993.75849117473,79993.75849117473,79993.75849117473,0,1
1370775000000,1370775059999,79993.75849117473,79993.75849117473,79993.75849117473,79993.75849117473,0,1
1370775060000,1370775119999,79993.75849117473,79993.75849117473,79993.75849117473,79993.75849117473,0,1
1370775120000,1370775179999,79993.75849117473,79993.75849117473,79993.75849117473,79993.75849117473,0,1
1370775180000,1370775239999,79993.75849117473,79993.75849117473,79993.75849117473,79993.75849117473,0,1
1370775240000,1370775299999,79993.75849117473,79993.75849117473,79993.75849117473,79993.75849117473,0,1
1370775300000,1370775359999,79993.75849117473,79993.75849117473,79993.75849117473,79993.75849117473,0,1
1370775360000,1370775419999,79993.75849117473,79993.75849117473,79993.75849117473,79993.75849117473,0,1
1370775420000,1370775479999,79993.75849117473,79993.75849117473,79993.75849117473,79993.75849117473,0,1
1370775480000,1370775539999,79993.75849117473,79993.75849117473,79993.75849117473,79993.75849117473,0,1
1370775540000,1370775599999,79993.75849117473,79993.75849117473,79993.75849117473,79993.75849117473,0,1
1370775600000,1370775659999,79993.75849117473,79993.75849117473,79993.75849117473,79993.75849117473,0,1
1370775660000,1370775719999,79993.75849117473,79993.75849117473,79993.75849117473,79993.75849117473,0,1
1370775720000,1370775779999,79993.75849117473,79993.75849117473,79993.75849117473,79993.75849117473,0,1
1370775780000,1370775839999,79993.75849117473,79993.75849117473,79993.75849117473,79993.75849117473,0,1
1370775840000,1370775899999,79993.75849117473,79993.75849117473,79993.75849117473,79993.75849117473,0,1
1370775900000,1370775959999,79993.75849117473,79993.75849117473,79993.75849117473,79993.75849117473,0,1
1370775960000,1370776019999,79993.75849117473,79993.75849117473,79993.75849117473,79993.75849117473,0,1
1370776020000,1370776079999,79993.75849117473,79993.75849117473,79993.75849117473,79993.75849117473,0,1
1370776080000,1370776139999,79993.75849117473,79993.75849117473,79993.75849117473,79993.75849117473,0,1
1370776140000,1370776199999,79993.75849117473,79993.75849117473,79993.75849117473,79993.75849117473,0,1
1370776200000,1370776259999,79993.75849117473,79993.75849117473,79993.75849117473,79993.75849117473,0,1
1370776260000,1370776319999,79993.75849117473,79993.75849117473,79993.75849117473,79993.75849117473,0,1
1370776320000,1370776379999,79993.75849117473,79993.75849117473,79993.75849117473,79993.75849117473,0,1
1370776380000,1370776439999,79993.75849117473,79993.75849117473,79993.75849117473,79993.75849117473,0,1
1370776440000,1370776499999,79993.75849117473,79993.75849117473,79993.75849117473,79993.75849117473,0,1
1370776500000,1370776559999,79993.75849117473,79993.75849117473,79993.75849117473,79993.75849117473,0,1
1370776560000,1370776619999,79993.75849117473,79993.75849117473,79993.75849117473,79993.75849117473,0,1
1370776620000,1370776679999,79993.75849117473,79993.75849117473,79993.75849117473,79993.75849117473,0,1
1370776680000,1370776739999,79993.75849117473,79993.75849117473,79993.75849117473,79993.75849117473,0,1
1370776740000,1370776799999,79993.75849117473,79993.75849117473,79993.75849117473,79993.75849117473,0,1
1370776800000,1370776859999,79993.75849117473,79993.75849117473,79993.75849117473,79993.75849117473,0,1
1370776860000,1370776919999,79993.75849117473,79993.75849117473,79993.75849117473,79993.75849117473,0,1
1370776920000,1370776979999,79993.75849117473,79993.75849117473,79993.75849117473,79993.75849117473,0,1
1370776980000,1370777039999,79993.75849117473,79993.75849117473,79993.75849117473,79993.75849117473,0,1
1370777040000,1370777099999,79993.75849117473,79993.75849117473,79993.75849117473,79993.75849117473,0,1
1370777100000,1370777159999,79993.75849117473,79993.75849117473,79993.75849117473,79993.75849117473,0,1
1370777160000,1370777219999,79993.75849117473,79993.75849117473,79993.75849117473,79993.75849117473,0,1
1370777220000,1370777279999,79993.75849117473,79993.75849117473,79993.75849117473,79993.75849117473,0,1
1370777280000,1370777339999,79993.75849117473,79993.75849117473,79993.75849117473,79993.75849117473,0,1
1370777340000,1370777399999,79993.75849117473,79993.75849117473,79993.75849117473,79993.75849117473,0,1
1370777400000,1370777459999,79993.75849117473,79993.75849117473,79993.75849117473,79993.75849117473,0,1
1370777460000,1370777519999,79993.75849117473,79993.75849117473,79993.75849117473,79993.75849117473,0,1
1370777520000,1370777579999,79993.75849117473,79993.75849117473,79993.75849117473,79993.75849117473,0,1
1370777580000,1370777639999,79993.75849117473,79993.75849117473,79993.75849117473,79993.75849117473,0,1
1370777640000,1370777699999,79993.75849117473,79993.75849117473,79993.75849117473,79993.75849117473,0,1
1370777700000,1370777759999,79993.75849117473,79993.75849117473,79993.75849117473,79993.75849117473,0,1
1370777760000,1370777819999,79993.75849117473,79993.75849117473,79993.75849117473,79993.75849117473,0,1
1370777820000,1370777879999,79993.75849117473,79993.75849117473,79993.75849117473,79993.75849117473,0,1
1370777880000,1370777939999,79993.75849117473,79993.75849117473,79993.75849117473,79993.75849117473,0,1
1370777940000,1370777999999,79993.75849117473,79993.75849117473,79993.75849117473,79993.75849117473,0,1
1370778000000,1370778059999,79993.75849117473,79993.75849117473,79993.75849117473,79993.75849117473,0,1
1370778060000,1370778119999,79993.75849117473,79993.75849117473,79993.75849117473,79993.75849117473,0,1
1370778120000,1370778179999,79993.75849117473,79993.75849117473,79993.75849117473,79993.75849117473,0,1
1370778180000,1370778239999,79993.75849117473,79993.75849117473,79993.75849117473,79993.75849117473,0,1
1370778240000,1370778299999,79993.75849117473,79993.75849117473,79993.75849117473,79993.75849117473,0,1
1370778300000,1370778359999,79993.75849117473,79993.75849117473,79993.75849117473,79993.75849117473,0,1
1370778360000,1370778419999,79993.75849117473,79993.75849117473,79993.75849117473,79993.75849117473,0,1
1370778420000,1370778479999,79993.75849117473,79993.75849117473,79993.75849117473,79993.75849117473,0,1
1370778480000,1370778539999,79993.75849117473,79993.75849117473,79993.75849117473,79993.75849117473,0,1
1370778540000,1370778599999,79993.75849117473,79993.75849117473,79993.75849117473,79993.75849117473,0,1
1370778600000,1370778659999,79993.75849117473,79993.75849117473,79993.75849117473,79993.75849117473,0,1
1370778660000,1370778719999,79993.75849117473,79993.75849117473,79993.75849117473,79993.75849117473,0,1
1370778720000,1370778779999,79993.75849117473,79993.75849117473,79993.75849117473,79993.75849117473,0,1
1370778780000,1370778839999,79993.75849117473,79993.75849117473,79993.75849117473,79993.75849117473,0,1
1370778840000,1370778899999,79993.75849117473,79993.75849117473,79993.75849117473,79993.75849117473,0,1
1370778900000,1370778959999,79993.75849117473,79993.75849117473,79993.75849117473,79993.75849117473,0,1
1370778960000,1370779019999,79993.75849117473,79993.75849117473,79993.75849117473,79993.75849117473,0,1
1370779020000,1370779079999,79993.75849117473,79993.75849117473,79993.75849117473,79993.75849117473,0,1
1370779080000,1370779139999,79993.75849117473,79993.75849117473,79993.75849117473,79993.75849117473,0,1
1370779140000,1370779199999,79993.75849117473,79993.75849117473,79993.75849117473,79993.75849117473,0,1
1370779200000,1370779259999,79993.75849117473,79993.75849117473,79993.75849117473,79993.75849117473,0,1
1370779260000,1370779319999,79993.75849117473,79993.75849117473,79993.75849117473,79993.75849117473,0,1
1370779320000,1370779379999,79993.75849117473,79993.75849117473,79993.75849117473,79993.75849117473,0,1
1370779380000,1370779439999,79993.75849117473,79993.75849117473,79993.75849117473,79993.75849117473,0,1
1370779440000,1370779499999,79993.75849117473,79993.75849117473,79993.75849117473,79993.75849117473,0,1
1370779500000,1370779559999,79993.75849117473,79993.75849117473,79993.75849117473,79993.75849117473,0,1
1370779560000,1370779619999,79993.75849117473,79993.75849117473,79993.75849117473,79993.75849117473,0,1
1370779620000,1370779679999,79993.75849117473,79993.75849117473,79993.75849117473,79993.75849117473,0,1
1370779680000,1370779739999,79993.75849117473,79993.75849117473,79993.75849117473,79993.75849117473,0,1
1370779740000,1370779799999,79993.75849117473,79993.75849117473,79993.75849117473,79993.75849117473,0,1
1370779800000,1370779859999,79993.75849117473,79993.75849117473,79993.75849117473,79993.75849117473,0,1
1370779860000,1370779919999,79993.75849117473,79993.75849117473,79993.75849117473,79993.75849117473,0,1
1370779920000,1370779979999,79993.75849117473,79993.75849117473,79993.75849117473,79993.75849117473,0,1
1370779980000,1370780039999,79993.75849117473,79993.75849117473,79993.75849117473,79993.75849117473,0,1
1370780040000,1370780099999,79993.75849117473,79993.75849117473,79993.75849117473,79993.75849117473,0,1
1370780100000,1370780159999,79993.75849117473,79993.75849117473,79993.75849117473,79993.75849117473,0,1
1370780160000,1370780219999,79993.75849117473,79993.75849117473,79993.75849117473,79993.75849117473,0,1
1370780220000,1370780279999,79993.75849117473,79993.75849117473,79993.75849117473,79993.75849117473,0,1
1370780280000,1370780339999,79993.75849117473,79993.75849117473,79993.75849117473,79993.75849117473,0,1
1370780340000,1370780399999,79993.75849117473,79993.75849117473,79993.75849117473,79993.75849117473,0,1
1370780400000,1370780459999,79993.75849117473,79993.75849117473,79993.75849117473,79993.75849117473,0,1
1370780460000,1370780519999,79993.75849117473,79993.75849117473,79993.75849117473,79993.75849117473,0,1
1370780520000,1370780579999,79993.75849117473,79993.75849117473,79993.75849117473,79993.75849117473,0,1
1370780580000,1370780639999,79993.75849117473,79993.75849117473,79993.75849117473,79993.75849117473,0,1
1370780640000,1370780699999,79993.75849117473,79993.75849117473,79993.75849117473,79993.75849117473,0,1
1370780700000,1370780759999,79993.75849117473,79993.75849117473,79993.75849117473,79993.75849117473,0,1
1370780760000,1370780819999,79993.75849117473,79993.75849117473,79993.75849117473,79993.75849117473,0,1
1370780820000,1370780879999,79993.75849117473,79993.75849117473,79993.75849117473,79993.75849117473,0,1
1370780880000,1370780939999,79993.75849117473,79993.75849117473,79993.75849117473,79993.75849117473,0,1
1370780940000,1370780999999,79993.75849117473,79993.75849117473,79993.75849117473,79993.75849117473,0,1
1370781000000,1370781059999,79993.75849117473,79993.75849117473,79993.75849117473,79993.75849117473,0,1
1370781060000,1370781119999,79993.75849117473,79993.75849117473,79993.75849117473,79993.75849117473,0,1
1370781120000,1370781179999,79993.75849117473,79993.75849117473,79993.75849117473,79993.75849117473,0,1
1370781180000,1370781239999,79993.75849117473,79993.75849117473,79993.75849117473,79993.75849117473,0,1
1370781240000,1370781299999,79993.75849117473,79993.75849117473,79993.75849117473,79993.75849117473,0,1
1370781300000,1370781359999,79993.75849117473,79993.75849117473,79993.75849117473,79993.75849117473,0,1
1370781360000,1370781419999,79993.75849117473,79993.75849117473,79993.75849117473,79993.75849117473,0,1
1370781420000,1370781479999,79993.75849117473,79993.75849117473,79993.75849117473,79993.75849117473,0,1
1370781480000,1370781539999,79993.75849117473,79993.75849117473,79993.75849117473,79993.75849117473,0,1
1370781540000,1370781599999,79993.75849117473,79993.75849117473,79993.75849117473,79993.75849117473,0,1
1370781600000,1370781659999,79993.75849117473,79993.75849117473,79993.75849117473,79993.75849117473,0,1
1370781660000,1370781719999,79993.75849117473,79993.75849117473,79993.75849117473,79993.75849117473,0,1
1370781720000,1370781779999,79993.75849117473,79993.75849117473,79993.75849117473,79993.75849117473,0,1
1370781780000,1370781839999,79993.75849117473,79993.75849117473,79993.75849117473,79993.75849117473,0,1
1370781840000,1370781899999,79993.75849117473,79993.75849117473,79993.75849117473,79993.75849117473,0,1
1370781900000,1370781959999,79993.75849117473,79993.75849117473,79993.75849117473,79993.75849117473,0,1
1370781960000,1370782019999,79993.75849117473,79993.75849117473,79993.75849117473,79993.75849117473,0,1
1370782020000,1370782079999,79993.75849117473,79993.75849117473,79993.75849117473,79993.75849117473,0,1
1370782080000,1370782139999,79993.75849117473,79993.75849117473,79993.75849117473,79993.75849117473,0,1
1370782140000,1370782199999,79993.75849117473,79993.75849117473,79993.75849117473,79993.75849117473,0,1
1370782200000,1370782259999,79993.75849117473,79993.75849117473,79993.75849117473,79993.75849117473,0,1
1370782260000,1370782319999,79993.75849117473,79993.75849117473,79993.75849117473,79993.75849117473,0,1
1370782320000,1370782379999,79993.75849117473,79993.75849117473,79993.75849117473,79993.75849117473,0,1
1370782380000,1370782439999,79993.75849117473,79993.75849117473,79993.75849117473,79993.75849117473,0,1
1370782440000,1370782499999,79993.75849117473,79993.75849117473,79993.75849117473,79993.75849117473,0,1
1370782500000,1370782559999,79993.75849117473,79993.75849117473,79993.75849117473,79993.75849117473,0,1
1370782560000,1370782619999,79993.75849117473,79993.75849117473,79993.75849117473,79993.75849117473,0,1
1370782620000,1370782679999,79993.75849117473,79993.75849117473,79993.75849117473,79993.75849117473,0,1
1370782680000,1370782739999,79993.75849117473,79993.75849117473,79993.75849117473,79993.75849117473,0,1
1370782740000,1370782799999,79993.75849117473,79993.75849117473,79993.75849117473,79993.75849117473,0,1
1370782800000,1370782859999,79993.75849117473,79993.75849117473,79993.75849117473,79993.75849117473,0,1
1370782860000,1370782919999,79993.75849117473,79993.75849117473,79993.75849117473,79993.75849117473,0,1
1370782920000,1370782979999,79993.75849117473,79993.75849117473,79993.75849117473,79993.75849117473,0,1
1370782980000,1370783039999,79993.75849117473,79993.75849117473,79993.75849117473,79993.75849117473,0,1
1370783040000,1370783099999,79993.75849117473,79993.75849117473,79993.75849117473,79993.75849117473,0,1
1370783100000,1370783159999,79993.75849117473,79993.75849117473,79993.75849117473,79993.75849117473,0,1
1370783160000,1370783219999,79993.75849117473,79993.75849117473,79993.75849117473,79993.75849117473,0,1
1370783220000,1370783279999,79993.75849117473,79993.75849117473,79993.75849117473,79993.75849117473,0,1
1370783280000,1370783339999,79993.75849117473,79993.75849117473,79993.75849117473,79993.75849117473,0,1
1370783340000,1370783399999,79993.75849117473,79993.75849117473,79993.75849117473,79993.75849117473,0,1
1370783400000,1370783459999,79993.75849117473,79993.75849117473,79993.75849117473,79993.75849117473,0,1
1370783460000,1370783519999,79993.75849117473,79993.75849117473,79993.75849117473,79993.75849117473,0,1
1370783520000,1370783579999,79993.75849117473,79993.75849117473,79993.75849117473,79993.75849117473,0,1
1370783580000,1370783639999,79993.75849117473,79993.75849117473,79993.75849117473,79993.75849117473,0,1
1370783640000,1370783699999,79993.75849117473,79993.75849117473,79993.75849117473,79993.75849117473,0,1
1370783700000,1370783759999,79993.75849117473,79993.75849117473,79993.75849117473,79993.75849117473,0,1
1370783760000,1370783819999,79993.75849117473,79993.75849117473,79993.75849117473,79993.75849117473,0,1
1370783820000,1370783879999,79993.75849117473,79993.75849117473,79993.75849117473,79993.75849117473,0,1
1370783880000,1370783939999,79993.75849117473,79993.75849117473,79993.75849117473,79993.75849117473,0,1
1370783940000,1370783999999,79993.75849117473,79993.75849117473,79993.75849117473,79993.75849117473,0,1
1370784000000,1370784059999,79993.75849117473,79993.75849117473,79993.75849117473,79993.75849117473,0,1
1370784060000,1370784119999,79993.75849117473,79993.75849117473,79993.75849117473,79993.75849117473,0,1
1370784120000,1370784179999,79993.75849117473,79993.75849117473,79993.75849117473,79993.75849117473,0,1
1370784180000,1370784239999,79993.75849117473,79993.75849117473,79993.75849117473,79993.75849117473,0,1
1370784240000,1370784299999,79993.75849117473,79993.75849117473,79993.75849117473,79993.75849117473,0,1
1370784300000,1370784359999,79993.75849117473,79993.75849117473,79993.75849117473,79993.75849117473,0,1
1370784360000,1370784419999,79993.75849117473,79993.75849117473,79993.75849117473,79993.75849117473,0,1
1370784420000,1370784479999,79993.75849117473,79993.75849117473,79993.75849117473,79993.75849117473,0,1
1370784480000,1370784539999,79993.75849117473,79993.75849117473,79993.75849117473,79993.75849117473,0,1
1370784540000,1370784599999,79993.75849117473,79993.75849117473,79993.75849117473,79993.75849117473,0,1
1370784600000,1370784659999,79993.75849117473,79993.75849117473,79993.75849117473,79993.75849117473,0,1
1370784660000,1370784719999,79993.75849117473,79993.75849117473,79993.75849117473,79993.75849117473,0,1
1370784720000,1370784779999,79993.75849117473,79993.75849117473,79993.75849117473,79993.75849117473,0,1
1370784780000,1370784839999,79993.75849117473,79993.75849117473,79993.75849117473,79993.75849117473,0,1
1370784840000,1370784899999,79993.75849117473,79993.75849117473,79993.75849117473,79993.75849117473,0,1
1370784900000,1370784959999,79993.75849117473,79993.75849117473,79993.75849117473,79993.75849117473,0,1
1370784960000,1370785019999,79993.75849117473,79993.75849117473,79993.75849117473,79993.75849117473,0,1
1370785020000,1370785079999,79993.75849117473,79993.75849117473,79993.75849117473,79993.75849117473,0,1
1370785080000,1370785139999,79993.75849117473,79993.75849117473,79993.75849117473,79993.75849117473,0,1
1370785140000,1370785199999,79993.75849117473,79993.75849117473,79993.75849117473,79993.75849117473,0,1
1370785200000,1370785259999,79993.75849117473,79993.75849117473,79993.75849117473,79993.75849117473,0,1
1370785260000,1370785319999,79993.75849117473,79993.75849117473,79993.75849117473,79993.75849117473,0,1
1370785320000,1370785379999,79993.75849117473,79993.75849117473,79993.75849117473,79993.75849117473,0,1
1370785380000,1370785439999,79993.75849117473,79993.75849117473,79993.75849117473,79993.75849117473,0,1
1370785440000,1370785499999,79993.75849117473,79993.75849117473,79993.75849117473,79993.75849117473,0,1
1370785500000,1370785559999,79993.75849117473,79993.75849117473,79993.75849117473,79993.75849117473,0,1
1370785560000,1370785619999,79993.75849117473,79993.75849117473,79993.75849117473,79993.75849117473,0,1
1370785620000,1370785679999,79993.75849117473,79993.75849117473,79993.75849117473,79993.75849117473,0,1
1370785680000,1370785739999,79993.75849117473,79993.75849117473,79993.75849117473,79993.75849117473,0,1
1370785740000,1370785799999,79993.75849117473,79993.75849117473,79993.75849117473,79993.75849117473,0,1
1370785800000,1370785859999,79993.75849117473,79993.75849117473,79993.75849117473,79993.75849117473,0,1
1370785860000,1370785919999,79993.75849117473,79993.75849117473,79993.75849117473,79993.75849117473,0,1
1370785920000,1370785979999,79993.75849117473,79993.75849117473,79993.75849117473,79993.75849117473,0,1
1370785980000,1370786039999,79993.75849117473,79993.75849117473,79993.75849117473,79993.75849117473,0,1
1370786040000,1370786099999,79993.75849117473,79993.75849117473,79993.75849117473,79993.75849117473,0,1
1370786100000,1370786159999,79993.75849117473,79993.75849117473,79993.75849117473,79993.75849117473,0,1
1370786160000,1370786219999,79993.75849117473,79993.75849117473,79993.75849117473,79993.75849117473,0,1
1370786220000,1370786279999,79993.75849117473,79993.75849117473,79993.75849117473,79993.75849117473,0,1
1370786280000,1370786339999,79993.75849117473,79993.75849117473,79993.75849117473,79993.75849117473,0,1
1370786340000,1370786399999,79993.75849117473,79993.75849117473,79993.75849117473,79993.75849117473,0,1
1370786400000,1370786459999,79993.75849117473,79993.75849117473,79993.75849117473,79993.75849117473,0,1
1370786460000,1370786519999,79993.75849117473,79993.75849117473,79993.75849117473,79993.75849117473,0,1
1370786520000,1370786579999,79993.75849117473,79993.75849117473,79993.75849117473,79993.75849117473,0,1
1370786580000,1370786639999,79993.75849117473,79993.75849117473,79993.75849117473,79993.75849117473,0,1
1370786640000,1370786699999,79993.75849117473,79993.75849117473,79993.75849117473,79993.75849117473,0,1
1370786700000,1370786759999,79993.75849117473,79993.75849117473,79993.75849117473,79993.75849117473,0,1
1370786760000,1370786819999,79993.75849117473,79993.75849117473,79993.75849117473,79993.75849117473,0,1
1370786820000,1370786879999,79993.75849117473,79993.75849117473,79993.75849117473,79993.75849117473,0,1
1370786880000,1370786939999,79993.75849117473,79993.75849117473,79993.75849117473,79993.75849117473,0,1
1370786940000,1370786999999,79993.75849117473,79993.75849117473,79993.75849117473,79993.75849117473,0,1
1370787000000,1370787059999,79993.75849117473,79993.75849117473,79993.75849117473,79993.75849117473,0,1
1370787060000,1370787119999,79993.75849117473,79993.75849117473,79993.75849117473,79993.75849117473,0,1
1370787120000,1370787179999,79993.75849117473,79993.75849117473,79993.75849117473,79993.75849117473,0,1
1370787180000,1370787239999,79993.75849117473,79993.75849117473,79993.75849117473,79993.75849117473,0,1
1370787240000,1370787299999,79993.75849117473,79993.75849117473,79993.75849117473,79993.75849117473,0,1
1370787300000,1370787359999,79993.75849117473,79993.75849117473,79993.75849117473,79993.75849117473,0,1
1370787360000,1370787419999,79993.75849117473,79993.75849117473,79993.75849117473,79993.75849117473,0,1
1370787420000,1370787479999,79993.75849117473,79993.75849117473,79993.75849117473,79993.75849117473,0,1
1370787480000,1370787539999,79993.75849117473,79993.75849117473,79993.75849117473,79993.75849117473,0,1
1370787540000,1370787599999,79993.75849117473,79993.75849117473,79993.75849117473,79993.75849117473,0,1
1370787600000,1370787659999,79993.75849117473,79993.75849117473,79993.75849117473,79993.75849117473,0,1
1370787660000,1370787719999,79993.75849117473,79993.75849117473,79993.75849117473,79993.75849117473,0,1
1370787720000,1370787779999,79993.75849117473,79993.75849117473,79993.75849117473,79993.75849117473,0,1
1370787780000,1370787839999,79993.75849117473,79993.75849117473,79993.75849117473,79993.75849117473,0,1
1370787840000,1370787899999,79993.75849117473,79993.75849117473,79993.75849117473,79993.75849117473,0,1
1370787900000,1370787959999,79993.75849117473,79993.75849117473,79993.75849117473,79993.75849117473,0,1
1370787960000,1370788019999,79993.75849117473,79993.75849117473,79993.75849117473,79993.75849117473,0,1
1370788020000,1370788079999,79993.75849117473,79993.75849117473,79993.75849117473,79993.75849117473,0,1
1370788080000,1370788139999,79993.75849117473,79993.75849117473,79993.75849117473,79993.75849117473,0,1
1370788140000,1370788199999,79993.75849117473,79993.75849117473,79993.75849117473,79993.75849117473,0,1
1370788200000,1370788259999,79993.75849117473,79993.75849117473,79993.75849117473,79993.75849117473,0,1
1370788260000,1370788319999,79993.75849117473,79993.75849117473,79993.75849117473,79993.75849117473,0,1
1370788320000,1370788379999,79993.75849117473,79993.75849117473,79993.75849117473,79993.75849117473,0,1
1370788380000,1370788439999,79993.75849117473,79993.75849117473,79993.75849117473,79993.75849117473,0,1
1370788440000,1370788499999,79993.75849117473,79993.75849117473,79993.75849117473,79993.75849117473,0,1
1370788500000,1370788559999,79993.75849117473,79993.75849117473,79993.75849117473,79993.75849117473,0,1
1370788560000,1370788619999,79993.75849117473,79993.75849117473,79993.75849117473,79993.75849117473,0,1
1370788620000,1370788679999,79993.75849117473,79993.75849117473,79993.75849117473,79993.75849117473,0,1
1370788680000,1370788739999,79993.75849117473,79993.75849117473,79993.75849117473,79993.75849117473,0,1
1370788740000,1370788799999,79993.75849117473,79993.75849117473,79993.75849117473,79993.75849117473,0,1
1370788800000,1370788859999,79993.75849117473,79993.75849117473,79993.75849117473,79993.75849117473,0,1
1370788860000,1370788919999,79993.75849117473,79993.75849117473,79993.75849117473,79993.75849117473,0,1
1370788920000,1370788979999,79993.75849117473,79993.75849117473,79993.75849117473,79993.75849117473,0,1
1370788980000,1370789039999,79993.75849117473,79993.75849117473,79993.75849117473,79993.75849117473,0,1
1370789040000,1370789099999,79993.75849117473,79993.75849117473,79993.75849117473,79993.75849117473,0,1
1370789100000,1370789159999,79993.75849117473,79993.75849117473,79993.75849117473,79993.75849117473,0,1
1370789160000,1370789219999,79993.75849117473,79993.75849117473,79993.75849117473,79993.75849117473,0,1
1370789220000,1370789279999,79993.75849117473,79993.75849117473,79993.75849117473,79993.75849117473,0,1
1370789280000,1370789339999,79993.75849117473,79993.75849117473,79993.75849117473,79993.75849117473,0,1
1370789340000,1370789399999,79993.75849117473,79993.75849117473,79993.75849117473,79993.75849117473,0,1
1370789400000,1370789459999,79993.75849117473,79993.75849117473,79993.75849117473,79993.75849117473,0,1
1370789460000,1370789519999,79993.75849117473,79993.75849117473,79993.75849117473,79993.75849117473,0,1
1370789520000,1370789579999,79993.75849117473,79993.75849117473,79993.75849117473,79993.75849117473,0,1
1370789580000,1370789639999,79993.75849117473,79993.75849117473,79993.75849117473,79993.75849117473,0,1
1370789640000,1370789699999,79993.75849117473,79993.75849117473,79993.75849117473,79993.75849117473,0,1
1370789700000,1370789759999,79993.75849117473,79993.75849117473,79993.75849117473,79993.75849117473,0,1
1370789760000,1370789819999,79993.75849117473,79993.75849117473,79993.75849117473,79993.75849117473,0,1
1370789820000,1370789879999,79993.75849117473,79993.75849117473,79993.75849117473,79993.75849117473,0,1
1370789880000,1370789939999,79993.75849117473,79993.75849117473,79993.75849117473,79993.75849117473,0,1
1370789940000,1370789999999,79993.75849117473,79993.75849117473,79993.75849117473,79993.75849117473,0,1
1370790000000,1370790059999,79993.75849117473,79993.75849117473,79993.75849117473,79993.75849117473,0,1
1370790060000,1370790119999,79993.75849117473,79993.75849117473,79993.75849117473,79993.75849117473,0,1
1370790120000,1370790179999,79993.75849117473,79993.75849117473,79993.75849117473,79993.75849117473,0,1
1370790180000,1370790239999,79993.75849117473,79993.75849117473,79993.75849117473,79993.75849117473,0,1
1370790240000,1370790299999,79993.75849117473,79993.75849117473,79993.75849117473,79993.75849117473,0,1
1370790300000,1370790359999,79993.75849117473,79993.75849117473,79993.75849117473,79993.75849117473,0,1
1370790360000,1370790419999,79993.75849117473,79993.75849117473,79993.75849117473,79993.75849117473,0,1
1370790420000,1370790479999,79993.75849117473,79993.75849117473,79993.75849117473,79993.75849117473,0,1
1370790480000,1370790539999,79993.75849117473,79993.75849117473,79993.75849117473,79993.75849117473,0,1
1370790540000,1370790599999,79993.75849117473,79993.75849117473,79993.75849117473,79993.75849117473,0,1
1370790600000,1370790659999,79993.75849117473,79993.75849117473,79993.75849117473,79993.75849117473,0,1
1370790660000,1370790719999,79993.75849117473,79993.75849117473,79993.75849117473,79993.75849117473,0,1
1370790720000,1370790779999,79993.75849117473,79993.75849117473,79993.75849117473,79993.75849117473,0,1
1370790780000,1370790839999,79993.75849117473,79993.75849117473,79993.75849117473,79993.75849117473,0,1
1370790840000,1370790899999,79993.75849117473,79993.75849117473,79993.75849117473,79993.75849117473,0,1
1370790900000,1370790959999,79993.75849117473,79993.75849117473,79993.75849117473,79993.75849117473,0,1
1370790960000,1370791019999,79993.75849117473,79993.75849117473,79993.75849117473,79993.75849117473,0,1
1370791020000,1370791079999,79993.75849117473,79993.75849117473,79993.75849117473,79993.75849117473,0,1
1370791080000,1370791139999,79993.75849117473,79993.75849117473,79993.75849117473,79993.75849117473,0,1
1370791140000,1370791199999,79993.75849117473,79993.75849117473,79993.75849117473,79993.75849117473,0,1
1370791200000,1370791259999,79993.75849117473,79993.75849117473,79993.75849117473,79993.75849117473,0,1
1370791260000,1370791319999,79993.75849117473,79993.75849117473,79993.75849117473,79993.75849117473,0,1
1370791320000,1370791379999,79993.75849117473,79993.75849117473,79993.75849117473,79993.75849117473,0,1
1370791380000,1370791439999,79993.75849117473,79993.75849117473,79993.75849117473,79993.75849117473,0,1
1370791440000,1370791499999,79993.75849117473,79993.75849117473,79993.75849117473,79993.75849117473,0,1
1370791500000,1370791559999,79993.75849117473,79993.75849117473,79993.75849117473,79993.75849117473,0,1
1370791560000,1370791619999,79993.75849117473,79993.75849117473,79993.75849117473,79993.75849117473,0,1
1370791620000,1370791679999,79993.75849117473,79993.75849117473,79993.75849117473,79993.75849117473,0,1
1370791680000,1370791739999,79993.75849117473,79993.75849117473,79993.75849117473,79993.75849117473,0,1
1370791740000,1370791799999,79993.75849117473,79993.75849117473,79993.75849117473,79993.75849117473,0,1
1370791800000,1370791859999,79993.75849117473,79993.75849117473,79993.75849117473,79993.75849117473,0,1
1370791860000,1370791919999,79993.75849117473,79993.75849117473,79993.75849117473,79993.75849117473,0,1
1370791920000,1370791979999,79993.75849117473,79993.75849117473,79993.75849117473,79993.75849117473,0,1
1370791980000,1370792039999,79993.75849117473,79993.75849117473,79993.75849117473,79993.75849117473,0,1
1370792040000,1370792099999,79993.75849117473,79993.75849117473,79993.75849117473,79993.75849117473,0,1
1370792100000,1370792159999,79993.75849117473,79993.75849117473,79993.75849117473,79993.75849117473,0,1
1370792160000,1370792219999,79993.75849117473,79993.75849117473,79993.75849117473,79993.75849117473,0,1
1370792220000,1370792279999,79993.75849117473,79993.75849117473,79993.75849117473,79993.75849117473,0,1
1370792280000,1370792339999,79993.75849117473,79993.75849117473,79993.75849117473,79993.75849117473,0,1
1370792340000,1370792399999,79993.75849117473,79993.75849117473,79993.75849117473,79993.75849117473,0,1
1370792400000,1370792459999,79993.75849117473,79993.75849117473,79993.75849117473,79993.75849117473,0,1
1370792460000,1370792519999,79993.75849117473,79993.75849117473,79993.75849117473,79993.75849117473,0,1
1370792520000,1370792579999,79993.75849117473,79993.75849117473,79993.75849117473,79993.75849117473,0,1
1370792580000,1370792639999,79993.75849117473,79993.75849117473,79993.75849117473,79993.75849117473,0,1
1370792640000,1370792699999,79993.75849117473,79993.75849117473,79993.75849117473,79993.75849117473,0,1
1370792700000,1370792759999,79993.75849117473,79993.75849117473,79993.75849117473,79993.75849117473,0,1
1370792760000,1370792819999,79993.75849117473,79993.75849117473,79993.75849117473,79993.75849117473,0,1
1370792820000,1370792879999,79993.75849117473,79993.75849117473,79993.75849117473,79993.75849117473,0,1
1370792880000,1370792939999,79993.75849117473,79993.75849117473,79993.75849117473,79993.75849117473,0,1
1370792940000,1370792999999,79993.75849117473,79993.75849117473,79993.75849117473,79993.75849117473,0,1
1370793000000,1370793059999,79993.75849117473,79993.75849117473,79993.75849117473,79993.75849117473,0,1
1370793060000,1370793119999,79993.75849117473,79993.75849117473,79993.75849117473,79993.75849117473,0,1
1370793120000,1370793179999,79993.75849117473,79993.75849117473,79993.75849117473,79993.75849117473,0,1
1370793180000,1370793239999,79993.75849117473,79993.75849117473,79993.75849117473,79993.75849117473,0,1
1370793240000,1370793299999,79993.75849117473,79993.75849117473,79993.75849117473,79993.75849117473,0,1
1370793300000,1370793359999,79993.75849117473,79993.75849117473,79993.75849117473,79993.75849117473,0,1
1370793360000,1370793419999,79993.75849117473,79993.75849117473,79993.75849117473,79993.75849117473,0,1
1370793420000,1370793479999,79993.75849117473,79993.75849117473,79993.75849117473,79993.75849117473,0,1
1370793480000,1370793539999,79993.75849117473,79993.75849117473,79993.75849117473,79993.75849117473,0,1
1370793540000,1370793599999,79993.75849117473,79993.75849117473,79993.75849117473,79993.75849117473,0,1
1370793600000,1370793659999,79993.75849117473,79993.75849117473,79993.75849117473,79993.75849117473,0,1
1370793660000,1370793719999,79993.75849117473,79993.75849117473,79993.75849117473,79993.75849117473,0,1
1370793720000,1370793779999,79993.75849117473,79993.75849117473,79993.75849117473,79993.75849117473,0,1
1370793780000,1370793839999,79993.75849117473,79993.75849117473,79993.75849117473,79993.75849117473,0,1
1370793840000,1370793899999,79993.75849117473,79993.75849117473,79993.75849117473,79993.75849117473,0,1
1370793900000,1370793959999,79993.75849117473,79993.75849117473,79993.75849117473,79993.75849117473,0,1
1370793960000,1370794019999,79993.75849117473,79993.75849117473,79993.75849117473,79993.75849117473,0,1
1370794020000,1370794079999,79993.75849117473,79993.75849117473,79993.75849117473,79993.75849117473,0,1
1370794080000,1370794139999,79993.75849117473,79993.75849117473,79993.75849117473,79993.75849117473,0,1
1370794140000,1370794199999,79993.75849117473,79993.75849117473,79993.75849117473,79993.75849117473,0,1
1370794200000,1370794259999,79993.75849117473,79993.75849117473,79993.75849117473,79993.75849117473,0,1
1370794260000,1370794319999,79993.75849117473,79993.75849117473,79993.75849117473,79993.75849117473,0,1
1370794320000,1370794379999,79993.75849117473,79993.75849117473,79993.75849117473,79993.75849117473,0,1
1370794380000,1370794439999,79993.75849117473,79993.75849117473,79993.75849117473,79993.75849117473,0,1
1370794440000,1370794499999,79993.75849117473,79993.75849117473,79993.75849117473,79993.75849117473,0,1
1370794500000,1370794559999,79993.75849117473,79993.75849117473,79993.75849117473,79993.75849117473,0,1
1370794560000,1370794619999,79993.75849117473,79993.75849117473,79993.75849117473,79993.75849117473,0,1
1370794620000,1370794679999,79993.75849117473,79993.75849117473,79993.75849117473,79993.75849117473,0,1
1370794680000,1370794739999,79993.75849117473,79993.75849117473,79993.75849117473,79993.75849117473,0,1
1370794740000,1370794799999,79993.75849117473,79993.75849117473,79993.75849117473,79993.75849117473,0,1
1370794800000,1370794859999,79993.75849117473,79993.75849117473,79993.75849117473,79993.75849117473,0,1
1370794860000,1370794919999,79993.75849117473,79993.75849117473,79993.75849117473,79993.75849117473,0,1
1370794920000,1370794979999,79993.75849117473,79993.75849117473,79993.75849117473,79993.75849117473,0,1
1370794980000,1370795039999,79993.75849117473,79993.75849117473,79993.75849117473,79993.75849117473,0,1
1370795040000,1370795099999,79993.75849117473,79993.75849117473,79993.75849117473,79993.75849117473,0,1
1370795100000,1370795159999,79993.75849117473,79993.75849117473,79993.75849117473,79993.75849117473,0,1
1370795160000,1370795219999,79993.75849117473,79993.75849117473,79993.75849117473,79993.75849117473,0,1
1370795220000,1370795279999,79993.75849117473,79993.75849117473,79993.75849117473,79993.75849117473,0,1
1370795280000,1370795339999,79993.75849117473,79993.75849117473,79993.75849117473,79993.75849117473,0,1
1370795340000,1370795399999,79993.75849117473,79993.75849117473,79993.75849117473,79993.75849117473,0,1
1370795400000,1370795459999,79993.75849117473,79993.75849117473,79993.75849117473,79993.75849117473,0,1
1370795460000,1370795519999,79993.75849117473,79993.75849117473,79993.75849117473,79993.75849117473,0,1
1370795520000,1370795579999,79993.75849117473,79993.75849117473,79993.75849117473,79993.75849117473,0,1
1370795580000,1370795639999,79993.75849117473,79993.75849117473,79993.75849117473,79993.75849117473,0,1
1370795640000,1370795699999,79993.75849117473,79993.75849117473,79993.75849117473,79993.75849117473,0,1
1370795700000,1370795759999,79993.75849117473,79993.75849117473,79993.75849117473,79993.75849117473,0,1
1370795760000,1370795819999,79993.75849117473,79993.75849117473,79993.75849117473,79993.75849117473,0,1
1370795820000,1370795879999,79993.75849117473,79993.75849117473,79993.75849117473,79993.75849117473,0,1
1370795880000,1370795939999,79993.75849117473,79993.75849117473,79993.75849117473,79993.75849117473,0,1
1370795940000,1370795999999,79993.75849117473,79993.75849117473,79993.75849117473,79993.75849117473,0,1
1370796000000,1370796059999,79993.75849117473,79993.75849117473,79993.75849117473,79993.75849117473,0,1
1370796060000,1370796119999,79993.75849117473,79993.75849117473,79993.75849117473,79993.75849117473,0,1
1370796120000,1370796179999,79993.75849117473,79993.75849117473,79993.75849117473,79993.75849117473,0,1
1370796180000,1370796239999,79993.75849117473,79993.75849117473,79993.75849117473,79993.75849117473,0,1
1370796240000,1370796299999,79993.75849117473,79993.75849117473,79993.75849117473,79993.75849117473,0,1
1370796300000,1370796359999,79993.75849117473,79993.75849117473,79993.75849117473,79993.75849117473,0,1
1370796360000,1370796419999,79993.75849117473,79993.75849117473,79993.75849117473,79993.75849117473,0,1
1370796420000,1370796479999,79993.75849117473,79993.75849117473,79993.75849117473,79993.75849117473,0,1
1370796480000,1370796539999,79993.75849117473,79993.75849117473,79993.75849117473,79993.75849117473,0,1
1370796540000,1370796599999,79993.75849117473,79993.75849117473,79993.75849117473,79993.75849117473,0,1
1370796600000,1370796659999,79993.75849117473,79993.75849117473,79993.75849117473,79993.75849117473,0,1
1370796660000,1370796719999,79993.75849117473,79993.75849117473,79993.75849117473,79993.75849117473,0,1
1370796720000,1370796779999,79993.75849117473,79993.75849117473,79993.75849117473,79993.75849117473,0,1
1370796780000,1370796839999,79993.75849117473,79993.75849117473,79993.75849117473,79993.75849117473,0,1
1370796840000,1370796899999,79993.75849117473,79993.75849117473,79993.75849117473,79993.75849117473,0,1
1370796900000,1370796959999,79993.75849117473,79993.75849117473,79993.75849117473,79993.75849117473,0,1
1370796960000,1370797019999,79993.75849117473,79993.75849117473,79993.75849117473,79993.75849117473,0,1
1370797020000,1370797079999,79993.75849117473,79993.75849117473,79993.75849117473,79993.75849117473,0,1
1370797080000,1370797139999,79993.75849117473,79993.75849117473,79993.75849117473,79993.75849117473,0,1
1370797140000,1370797199999,79993.75849117473,79993.75849117473,79993.75849117473,79993.75849117473,0,1
1370797200000,1370797259999,79993.75849117473,79993.75849117473,79993.75849117473,79993.75849117473,0,1
1370797260000,1370797319999,79993.75849117473,79993.75849117473,79993.75849117473,79993.75849117473,0,1
1370797320000,1370797379999,79993.75849117473,79993.75849117473,79993.75849117473,79993.75849117473,0,1
1370797380000,1370797439999,79993.75849117473,79993.75849117473,79993.75849117473,79993.75849117473,0,1
1370797440000,1370797499999,79993.75849117473,79993.75849117473,79993.75849117473,79993.75849117473,0,1
1370797500000,1370797559999,79993.75849117473,79993.75849117473,79993.75849117473,79993.75849117473,0,1
1370797560000,1370797619999,79993.75849117473,79993.75849117473,79993.75849117473,79993.75849117473,0,1
1370797620000,1370797679999,79993.75849117473,79993.75849117473,79993.75849117473,79993.75849117473,0,1
1370797680000,1370797739999,79993.75849117473,79993.75849117473,79993.75849117473,79993.75849117473,0,1
1370797740000,1370797799999,79993.75849117473,79993.75849117473,79993.75849117473,79993.75849117473,0,1
1370797800000,1370797859999,79993.75849117473,79993.75849117473,79993.75849117473,79993.75849117473,0,1
1370797860000,1370797919999,79993.75849117473,79993.75849117473,79993.75849117473,79993.75849117473,0,1
1370797920000,1370797979999,79993.75849117473,79993.75849117473,79993.75849117473,79993.75849117473,0,1
1370797980000,1370798039999,79993.75849117473,79993.75849117473,79993.75849117473,79993.75849117473,0,1
1370798040000,1370798099999,79993.75849117473,79993.75849117473,79993.75849117473,79993.75849117473,0,1
1370798100000,1370798159999,79993.75849117473,79993.75849117473,79993.75849117473,79993.75849117473,0,1
1370798160000,1370798219999,79993.75849117473,79993.75849117473,79993.75849117473,79993.75849117473,0,1
1370798220000,1370798279999,79993.75849117473,79993.75849117473,79993.75849117473,79993.75849117473,0,1
1370798280000,1370798339999,79993.75849117473,79993.75849117473,79993.75849117473,79993.75849117473,0,1
1370798340000,1370798399999,79993.75849117473,79993.75849117473,79993.75849117473,79993.75849117473,0,1
1370798400000,1370798459999,79993.75849117473,79993.75849117473,79993.75849117473,79993.75849117473,0,1
1370798460000,1370798519999,79993.75849117473,79993.75849117473,79993.75849117473,79993.75849117473,0,1
1370798520000,1370798579999,79993.75849117473,79993.75849117473,79993.75849117473,79993.75849117473,0,1
1370798580000,1370798639999,79993.75849117473,79993.75849117473,79993.75849117473,79993.75849117473,0,1
1370798640000,1370798699999,79993.75849117473,79993.75849117473,79993.75849117473,79993.75849117473,0,1
1370798700000,1370798759999,79993.75849117473,79993.75849117473,79993.75849117473,79993.75849117473,0,1
1370798760000,1370798819999,79993.75849117473,79993.75849117473,79993.75849117473,79993.75849117473,0,1
1370798820000,1370798879999,79993.75849117473,79993.75849117473,79993.75849117473,79993.75849117473,0,1
1370798880000,1370798939999,79993.75849117473,79993.75849117473,79993.75849117473,79993.75849117473,0,1
1370798940000,1370798999999,79993.75849117473,79993.75849117473,79993.75849117473,79993.75849117473,0,1
1370799000000,1370799059999,79993.75849117473,79993.75849117473,79993.75849117473,79993.75849117473,0,1
1370799060000,1370799119999,79993.75849117473,79993.75849117473,79993.75849117473,79993.75849117473,0,1
1370799120000,1370799179999,79993.75849117473,79993.75849117473,79993.75849117473,79993.75849117473,0,1
1370799180000,1370799239999,79993.75849117473,79993.75849117473,79993.75849117473,79993.75849117473,0,1
1370799240000,1370799299999,79993.75849117473,79993.75849117473,79993.75849117473,79993.75849117473,0,1
1370799300000,1370799359999,79993.75849117473,79993.75849117473,79993.75849117473,79993.75849117473,0,1
1370799360000,1370799419999,79993.75849117473,79993.75849117473,79993.75849117473,79993.75849117473,0,1
1370799420000,1370799479999,79993.75849117473,79993.75849117473,79993.75849117473,79993.75849117473,0,1
1370799480000,1370799539999,79993.75849117473,79993.75849117473,79993.75849117473,79993.75849117473,0,1
1370799540000,1370799599999,79993.75849117473,79993.75849117473,79993.75849117473,79993.75849117473,0,1
1370799600000,1370799659999,79993.75849117473,79993.75849117473,79993.75849117473,79993.75849117473,0,1
1370799660000,1370799719999,79993.75849117473,79993.75849117473,79993.75849117473,79993.75849117473,0,1
1370799720000,1370799779999,79993.75849117473,79993.75849117473,79993.75849117473,79993.75849117473,0,1
1370799780000,1370799839999,79993.75849117473,79993.75849117473,79993.75849117473,79993.75849117473,0,1
1370799840000,1370799899999,79993.75849117473,79993.75849117473,79993.75849117473,79993.75849117473,0,1
1370799900000,1370799959999,79993.75849117473,79993.75849117473,79993.75849117473,79993.75849117473,0,1
1370799960000,1370800019999,79993.75849117473,79993.75849117473,79993.75849117473,79993.75849117473,0,1
1370800020000,1370800079999,79993.75849117473,79993.75849117473,79993.75849117473,79993.75849117473,0,1
1370800080000,1370800139999,79993.75849117473,79993.75849117473,79993.75849117473,79993.75849117473,0,1
1370800140000,1370800199999,79993.75849117473,79993.75849117473,79993.75849117473,79993.75849117473,0,1
1370800200000,1370800259999,79993.75849117473,79993.75849117473,79993.75849117473,79993.75849117473,0,1
1370800260000,1370800319999,79993.75849117473,79993.75849117473,79993.75849117473,79993.75849117473,0,1
1370800320000,1370800379999,79993.75849117473,79993.75849117473,79993.75849117473,79993.75849117473,0,1
1370800380000,1370800439999,79993.75849117473,79993.75849117473,79993.75849117473,79993.75849117473,0,1
1370800440000,1370800499999,79993.75849117473,79993.75849117473,79993.75849117473,79993.75849117473,0,1
1370800500000,1370800559999,79993.75849117473,79993.75849117473,79993.75849117473,79993.75849117473,0,1
1370800560000,1370800619999,79993.75849117473,79993.75849117473,79993.75849117473,79993.75849117473,0,1
1370800620000,1370800679999,79993.75849117473,79993.75849117473,79993.75849117473,79993.75849117473,0,1
1370800680000,1370800739999,79993.75849117473,79993.75849117473,79993.75849117473,79993.75849117473,0,1
1370800740000,1370800799999,79993.75849117473,79993.75849117473,79993.75849117473,79993.75849117473,0,1
1370800800000,1370800859999,79993.75849117473,79993.75849117473,79993.75849117473,79993.75849117473,0,1
1370800860000,1370800919999,79993.75849117473,79993.75849117473,79993.75849117473,79993.75849117473,0,1
1370800920000,1370800979999,79993.75849117473,79993.75849117473,79993.75849117473,79993.75849117473,0,1
1370800980000,1370801039999,79993.75849117473,79993.75849117473,79993.75849117473,79993.75849117473,0,1
1370801040000,1370801099999,79993.75849117473,79993.75849117473,79993.75849117473,79993.75849117473,0,1
1370801100000,1370801159999,79993.75849117473,79993.75849117473,79993.75849117473,79993.75849117473,0,1
1370801160000,1370801219999,79993.75849117473,79993.75849117473,79993.75849117473,79993.75849117473,0,1
1370801220000,1370801279999,79993.75849117473,79993.75849117473,79993.75849117473,79993.75849117473,0,1
1370801280000,1370801339999,79993.75849117473,79993.75849117473,79993.75849117473,79993.75849117473,0,1
1370801340000,1370801399999,79993.75849117473,79993.75849117473,79993.75849117473,79993.75849117473,0,1
1370801400000,1370801459999,79993.75849117473,79993.75849117473,79993.75849117473,79993.75849117473,0,1
1370801460000,1370801519999,79993.75849117473,79993.75849117473,79993.75849117473,79993.75849117473,0,1
1370801520000,1370801579999,79993.75849117473,79993.75849117473,79993.75849117473,79993.75849117473,0,1
1370801580000,1370801639999,79993.75849117473,79993.75849117473,79993.75849117473,79993.75849117473,0,1
1370801640000,1370801699999,79993.75849117473,79993.75849117473,79993.75849117473,79993.75849117473,0,1
1370801700000,1370801759999,79993.75849117473,79993.75849117473,79993.75849117473,79993.75849117473,0,1
1370801760000,1370801819999,79993.75849117473,79993.75849117473,79993.75849117473,79993.75849117473,0,1
1370801820000,1370801879999,79993.75849117473,79993.75849117473,79993.75849117473,79993.75849117473,0,1
1370801880000,1370801939999,79993.75849117473,79993.75849117473,79993.75849117473,79993.75849117473,0,1
1370801940000,1370801999999,79993.75849117473,79993.75849117473,79993.75849117473,79993.75849117473,0,1
1370802000000,1370802059999,79993.75849117473,79993.75849117473,79993.75849117473,79993.75849117473,0,1
1370802060000,1370802119999,79993.75849117473,79993.75849117473,79993.75849117473,79993.75849117473,0,1
1370802120000,1370802179999,79993.75849117473,79993.75849117473,79993.75849117473,79993.75849117473,0,1
1370802180000,1370802239999,79993.75849117473,79993.75849117473,79993.75849117473,79993.75849117473,0,1
1370802240000,1370802299999,79993.75849117473,79993.75849117473,79993.75849117473,79993.75849117473,0,1
1370802300000,1370802359999,79993.75849117473,79993.75849117473,79993.75849117473,79993.75849117473,0,1
1370802360000,1370802419999,79993.75849117473,79993.75849117473,79993.75849117473,79993.75849117473,0,1
1370802420000,1370802479999,79993.75849117473,79993.75849117473,79993.75849117473,79993.75849117473,0,1
1370802480000,1370802539999,79993.75849117473,79993.75849117473,79993.75849117473,79993.75849117473,0,1
1370802540000,1370802599999,79993.75849117473,79993.75849117473,79993.75849117473,79993.75849117473,0,1
1370802600000,1370802659999,79993.75849117473,79993.75849117473,79993.75849117473,79993.75849117473,0,1
1370802660000,1370802719999,79993.75849117473,79993.75849117473,79993.75849117473,79993.75849117473,0,1
1370802720000,1370802779999,79993.75849117473,79993.75849117473,79993.75849117473,79993.75849117473,0,1
1370802780000,1370802839999,79993.75849117473,79993.75849117473,79993.75849117473,79993.75849117473,0,1
1370802840000,1370802899999,79993.75849117473,79993.75849117473,79993.75849117473,79993.75849117473,0,1
1370802900000,1370802959999,79993.75849117473,79993.75849117473,79993.75849117473,79993.75849117473,0,1
1370802960000,1370803019999,79993.75849117473,79993.75849117473,79993.75849117473,79993.75849117473,0,1
1370803020000,1370803079999,79993.75849117473,79993.75849117473,79993.75849117473,79993.75849117473,0,1
1370803080000,1370803139999,79993.75849117473,79993.75849117473,79993.75849117473,79993.75849117473,0,1
1370803140000,1370803199999,79993.75849117473,79993.75849117473,79993.75849117473,79993.75849117473,0,1
1370803200000,1370803259999,79993.75849117473,79993.75849117473,79993.75849117473,79993.75849117473,0,1
1370803260000,1370803319999,79993.75849117473,79993.75849117473,79993.75849117473,79993.75849117473,0,1
1370803320000,1370803379999,79993.75849117473,79993.75849117473,79993.75849117473,79993.75849117473,0,1
1370803380000,1370803439999,79993.75849117473,79993.75849117473,79993.75849117473,79993.75849117473,0,1
1370803440000,1370803499999,79993.75849117473,79993.75849117473,79993.75849117473,79993.75849117473,0,1
1370803500000,1370803559999,79993.75849117473,79993.75849117473,79993.75849117473,79993.75849117473,0,1
1370803560000,1370803619999,79993.75849117473,79993.75849117473,79993.75849117473,79993.75849117473,0,1
1370803620000,1370803679999,79993.75849117473,79993.75849117473,79993.75849117473,79993.75849117473,0,1
1370803680000,1370803739999,79993.75849117473,79993.75849117473,79993.75849117473,79993.75849117473,0,1
1370803740000,1370803799999,79993.75849117473,79993.75849117473,79993.75849117473,79993.75849117473,0,1
1370803800000,1370803859999,79993.75849117473,79993.75849117473,79993.75849117473,79993.75849117473,0,1
1370803860000,1370803919999,79993.75849117473,79993.75849117473,79993.75849117473,79993.75849117473,0,1
1370803920000,1370803979999,79993.75849117473,79993.75849117473,79993.75849117473,79993.75849117473,0,1
1370803980000,1370804039999,79993.75849117473,79993.75849117473,79993.75849117473,79993.75849117473,0,1
1370804040000,1370804099999,79993.75849117473,79993.75849117473,79993.75849117473,79993.75849117473,0,1
1370804100000,1370804159999,79993.75849117473,79993.75849117473,79993.75849117473,79993.75849117473,0,1
1370804160000,1370804219999,79993.75849117473,79993.75849117473,79993.75849117473,79993.75849117473,0,1
1370804220000,1370804279999,79993.75849117473,79993.75849117473,79993.75849117473,79993.75849117473,0,1
1370804280000,1370804339999,79993.75849117473,79993.75849117473,79993.75849117473,79993.75849117473,0,1
1370804340000,1370804399999,79993.75849117473,79993.75849117473,79993.75849117473,79993.75849117473,0,1
1370804400000,1370804459999,79993.75849117473,79993.75849117473,79993.75849117473,79993.75849117473,0,1
1370804460000,1370804519999,79993.75849117473,79993.75849117473,79993.75849117473,79993.75849117473,0,1
1370804520000,1370804579999,79993.75849117473,79993.75849117473,79993.75849117473,79993.75849117473,0,1
1370804580000,1370804639999,79993.75849117473,79993.75849117473,79993.75849117473,79993.75849117473,0,1
1370804640000,1370804699999,79993.75849117473,79993.75849117473,79993.75849117473,79993.75849117473,0,1
1370804700000,1370804759999,79993.75849117473,79993.75849117473,79993.75849117473,79993.75849117473,0,1
1370804760000,1370804819999,79993.75849117473,79993.75849117473,79993.75849117473,79993.75849117473,0,1
1370804820000,1370804879999,79993.75849117473,79993.75849117473,79993.75849117473,79993.75849117473,0,1
1370804880000,1370804939999,79993.75849117473,79993.75849117473,79993.75849117473,79993.75849117473,0,1
1370804940000,1370804999999,79993.75849117473,79993.75849117473,79993.75849117473,79993.75849117473,0,1
1370805000000,1370805059999,79993.75849117473,79993.75849117473,79993.75849117473,79993.75849117473,0,1
1370805060000,1370805119999,79993.75849117473,79993.75849117473,79993.75849117473,79993.75849117473,0,1
1370805120000,1370805179999,79993.75849117473,79993.75849117473,79993.75849117473,79993.75849117473,0,1
1370805180000,1370805239999,79993.75849117473,79993.75849117473,79993.75849117473,79993.75849117473,0,1
1370805240000,1370805299999,79993.75849117473,79993.75849117473,79993.75849117473,79993.75849117473,0,1
1370805300000,1370805359999,79993.75849117473,79993.75849117473,79993.75849117473,79993.75849117473,0,1
1370805360000,1370805419999,79993.75849117473,79993.75849117473,79993.75849117473,79993.75849117473,0,1
1370805420000,1370805479999,79993.75849117473,79993.75849117473,79993.75849117473,79993.75849117473,0,1
1370805480000,1370805539999,79993.75849117473,79993.75849117473,79993.75849117473,79993.75849117473,0,1
1370805540000,1370805599999,79993.75849117473,79993.75849117473,79993.75849117473,79993.75849117473,0,1
1370805600000,1370805659999,79993.75849117473,79993.75849117473,79993.75849117473,79993.75849117473,0,1
1370805660000,1370805719999,79993.75849117473,79993.75849117473,79993.75849117473,79993.75849117473,0,1
1370805720000,1370805779999,79993.75849117473,79993.75849117473,79993.75849117473,79993.75849117473,0,1
1370805780000,1370805839999,79993.75849117473,79993.75849117473,79993.75849117473,79993.75849117473,0,1
1370805840000,1370805899999,79993.75849117473,79993.75849117473,79993.75849117473,79993.75849117473,0,1
1370805900000,1370805959999,79993.75849117473,79993.75849117473,79993.75849117473,79993.75849117473,0,1
1370805960000,1370806019999,79993.75849117473,79993.75849117473,79993.75849117473,79993.75849117473,0,1
1370806020000,1370806079999,79993.75849117473,79993.75849117473,79993.75849117473,79993.75849117473,0,1
1370806080000,1370806139999,79993.75849117473,79993.75849117473,79993.75849117473,79993.75849117473,0,1
1370806140000,1370806199999,79993.75849117473,79993.75849117473,79993.75849117473,79993.75849117473,0,1
1370806200000,1370806259999,79993.75849117473,79993.75849117473,79993.75849117473,79993.75849117473,0,1
1370806260000,1370806319999,79993.75849117473,79993.75849117473,79993.75849117473,79993.75849117473,0,1
1370806320000,1370806379999,79993.75849117473,79993.75849117473,79993.75849117473,79993.75849117473,0,1
1370806380000,1370806439999,79993.75849117473,79993.75849117473,79993.75849117473,79993.75849117473,0,1
1370806440000,1370806499999,79993.75849117473,79993.75849117473,79993.75849117473,79993.75849117473,0,1
1370806500000,1370806559999,79993.75849117473,79993.75849117473,79993.75849117473,79993.75849117473,0,1
1370806560000,1370806619999,79993.75849117473,79993.75849117473,79993.75849117473,79993.75849117473,0,1
1370806620000,1370806679999,79993.75849117473,79993.75849117473,79993.75849117473,79993.75849117473,0,1
1370806680000,1370806739999,79993.75849117473,79993.75849117473,79993.75849117473,79993.75849117473,0,1
1370806740000,1370806799999,79993.75849117473,79993.75849117473,79993.75849117473,79993.75849117473,0,1
1370806800000,1370806859999,79993.75849117473,79993.75849117473,79993.75849117473,79993.75849117473,0,1
1370806860000,1370806919999,79993.75849117473,79993.75849117473,79993.75849117473,79993.75849117473,0,1
1370806920000,1370806979999,79993.75849117473,79993.75849117473,79993.75849117473,79993.75849117473,0,1
1370806980000,1370807039999,79993.75849117473,79993.75849117473,79993.75849117473,79993.75849117473,0,1
1370807040000,1370807099999,79993.75849117473,79993.75849117473,79993.75849117473,79993.75849117473,0,1
1370807100000,1370807159999,79993.75849117473,79993.75849117473,79993.75849117473,79993.75849117473,0,1
1370807160000,1370807219999,79993.75849117473,79993.75849117473,79993.75849117473,79993.75849117473,0,1
1370807220000,1370807279999,79993.75849117473,79993.75849117473,79993.75849117473,79993.75849117473,0,1
1370807280000,1370807339999,79993.75849117473,79993.75849117473,79993.75849117473,79993.75849117473,0,1
1370807340000,1370807399999,79993.75849117473,79993.75849117473,79993.75849117473,79993.75849117473,0,1
1370807400000,1370807459999,79993.75849117473,79993.75849117473,79993.75849117473,79993.75849117473,0,1
1370807460000,1370807519999,79993.75849117473,79993.75849117473,79993.75849117473,79993.75849117473,0,1
1370807520000,1370807579999,79993.75849117473,79993.75849117473,79993.75849117473,79993.75849117473,0,1
1370807580000,1370807639999,79993.75849117473,79993.75849117473,79993.75849117473,79993.75849117473,0,1
1370807640000,1370807699999,79993.75849117473,79993.75849117473,79993.75849117473,79993.75849117473,0,1
1370807700000,1370807759999,79993.75849117473,79993.75849117473,79993.75849117473,79993.75849117473,0,1
1370807760000,1370807819999,79993.75849117473,79993.75849117473,79993.75849117473,79993.75849117473,0,1
1370807820000,1370807879999,79993.75849117473,79993.75849117473,79993.75849117473,79993.75849117473,0,1
1370807880000,1370807939999,79993.75849117473,79993.75849117473,79993.75849117473,79993.75849117473,0,1
1370807940000,1370807999999,79993.75849117473,79993.75849117473,79993.75849117473,79993.75849117473,0,1
1370808000000,1370808059999,79993.75849117473,79993.75849117473,79993.75849117473,79993.75849117473,0,1
1370808060000,1370808119999,79993.75849117473,79993.75849117473,79993.75849117473,79993.75849117473,0,1
1370808120000,1370808179999,79993.75849117473,79993.75849117473,79993.75849117473,79993.75849117473,0,1
1370808180000,1370808239999,79993.75849117473,79993.75849117473,79993.75849117473,79993.75849117473,0,1
1370808240000,1370808299999,79993.75849117473,79993.75849117473,79993.75849117473,79993.75849117473,0,1
1370808300000,1370808359999,79993.75849117473,79993.75849117473,79993.75849117473,79993.75849117473,0,1
1370808360000,1370808419999,79993.75849117473,79993.75849117473,79993.75849117473,79993.75849117473,0,1
1370808420000,1370808479999,79993.75849117473,79993.75849117473,79993.75849117473,79993.75849117473,0,1
1370808480000,1370808539999,79993.75849117473,79993.75849117473,79993.75849117473,79993.75849117473,0,1
1370808540000,1370808599999,79993.75849117473,79993.75849117473,79993.75849117473,79993.75849117473,0,1
1370808600000,1370808659999,79993.75849117473,79993.75849117473,79993.75849117473,79993.75849117473,0,1
1370808660000,1370808719999,79993.75849117473,79993.75849117473,79993.75849117473,79993.75849117473,0,1
1370808720000,1370808779999,79993.75849117473,79993.75849117473,79993.75849117473,79993.75849117473,0,1
1370808780000,1370808839999,79993.75849117473,79993.75849117473,79993.75849117473,79993.75849117473,0,1
1370808840000,1370808899999,79993.75849117473,79993.75849117473,79993.75849117473,79993.75849117473,0,1
1370808900000,1370808959999,79993.75849117473,79993.75849117473,79993.75849117473,79993.75849117473,0,1
1370808960000,1370809019999,79993.75849117473,79993.75849117473,79993.75849117473,79993.75849117473,0,1
1370809020000,1370809079999,79993.75849117473,79993.75849117473,79993.75849117473,79993.75849117473,0,1
1370809080000,1370809139999,79993.75849117473,79993.75849117473,79993.75849117473,79993.75849117473,0,1
1370809140000,1370809199999,79993.75849117473,79993.75849117473,79993.75849117473,79993.75849117473,0,1
1370809200000,1370809259999,79993.75849117473,79993.75849117473,79993.75849117473,79993.75849117473,0,1
1370809260000,1370809319999,79993.75849117473,79993.75849117473,79993.75849117473,79993.75849117473,0,1
1370809320000,1370809379999,79993.75849117473,79993.75849117473,79993.75849117473,79993.75849117473,0,1
1370809380000,1370809439999,79993.75849117473,79993.75849117473,79993.75849117473,79993.75849117473,0,1
1370809440000,1370809499999,79993.75849117473,79993.75849117473,79993.75849117473,79993.75849117473,0,1
1370809500000,1370809559999,79993.75849117473,79993.75849117473,79993.75849117473,79993.75849117473,0,1
1370809560000,1370809619999,79993.75849117473,79993.75849117473,79993.75849117473,79993.75849117473,0,1
1370809620000,1370809679999,79993.75849117473,79993.75849117473,79993.75849117473,79993.75849117473,0,1
1370809680000,1370809739999,79993.75849117473,79993.75849117473,79993.75849117473,79993.75849117473,0,1
1370809740000,1370809799999,79993.75849117473,79993.75849117473,79993.75849117473,79993.75849117473,0,1
1370809800000,1370809859999,79993.75849117473,79993.75849117473,79993.75849117473,79993.75849117473,0,1
1370809860000,1370809919999,79993.75849117473,79993.75849117473,79993.75849117473,79993.75849117473,0,1
1370809920000,1370809979999,79993.75849117473,79993.75849117473,79993.75849117473,79993.75849117473,0,1
1370809980000,1370810039999,79993.75849117473,79993.75849117473,79993.75849117473,79993.75849117473,0,1
1370810040000,1370810099999,79993.75849117473,79993.75849117473,79993.75849117473,79993.75849117473,0,1
1370810100000,1370810159999,79993.75849117473,79993.75849117473,79993.75849117473,79993.75849117473,0,1
1370810160000,1370810219999,79993.75849117473,79993.75849117473,79993.75849117473,79993.75849117473,0,1
1370810220000,1370810279999,79993.75849117473,79993.75849117473,79993.75849117473,79993.75849117473,0,1
1370810280000,1370810339999,79993.75849117473,79993.75849117473,79993.75849117473,79993.75849117473,0,1
1370810340000,1370810399999,79993.75849117473,79993.75849117473,79993.75849117473,79993.75849117473,0,1
1370810400000,1370810459999,79993.75849117473,79993.75849117473,79993.75849117473,79993.75849117473,0,1
1370810460000,1370810519999,79993.75849117473,79993.75849117473,79993.75849117473,79993.75849117473,0,1
1370810520000,1370810579999,79993.75849117473,79993.75849117473,79993.75849117473,79993.75849117473,0,1
1370810580000,1370810639999,79993.75849117473,79993.75849117473,79993.75849117473,79993.75849117473,0,1
1370810640000,1370810699999,79993.75849117473,79993.75849117473,79993.75849117473,79993.75849117473,0,1
1370810700000,1370810759999,79993.75849117473,79993.75849117473,79993.75849117473,79993.75849117473,0,1
1370810760000,1370810819999,79993.75849117473,79993.75849117473,79993.75849117473,79993.75849117473,0,1
1370810820000,1370810879999,79993.75849117473,79993.75849117473,79993.75849117473,79993.75849117473,0,1
1370810880000,1370810939999,79993.75849117473,79993.75849117473,79993.75849117473,79993.75849117473,0,1
1370810940000,1370810999999,79993.75849117473,79993.75849117473,79993.75849117473,79993.75849117473,0,1
1370811000000,1370811059999,79993.75849117473,79993.75849117473,79993.75849117473,79993.75849117473,0,1
1370811060000,1370811119999,79993.75849117473,79993.75849117473,79993.75849117473,79993.75849117473,0,1
1370811120000,1370811179999,79993.75849117473,79993.75849117473,79993.75849117473,79993.75849117473,0,1
1370811180000,1370811239999,79993.75849117473,79993.75849117473,79993.75849117473,79993.75849117473,0,1
1370811240000,1370811299999,79993.75849117473,79993.75849117473,79993.75849117473,79993.75849117473,0,1
1370811300000,1370811359999,79993.75849117473,79993.75849117473,79993.75849117473,79993.75849117473,0,1
1370811360000,1370811419999,79993.75849117473,79993.75849117473,79993.75849117473,79993.75849117473,0,1
1370811420000,1370811479999,79993.75849117473,79993.75849117473,79993.75849117473,79993.75849117473,0,1
1370811480000,1370811539999,79993.75849117473,79993.75849117473,79993.75849117473,79993.75849117473,0,1
1370811540000,1370811599999,79993.75849117473,79993.75849117473,79993.75849117473,79993.75849117473,0,1
1370811600000,1370811659999,79993.75849117473,79993.75849117473,79993.75849117473,79993.75849117473,0,1
1370811660000,1370811719999,79993.75849117473,79993.75849117473,79993.75849117473,79993.75849117473,0,1
1370811720000,1370811779999,79993.75849117473,79993.75849117473,79993.75849117473,79993.75849117473,0,1
1370811780000,1370811839999,79993.75849117473,79993.75849117473,79993.75849117473,79993.75849117473,0,1
1370811840000,1370811899999,79993.75849117473,79993.75849117473,79993.75849117473,79993.75849117473,0,1
1370811900000,1370811959999,79993.75849117473,79993.75849117473,79993.75849117473,79993.75849117473,0,1
1370811960000,1370812019999,79993.75849117473,79993.75849117473,79993.75849117473,79993.75849117473,0,1
1370812020000,1370812079999,79993.75849117473,79993.75849117473,79993.75849117473,79993.75849117473,0,1
1370812080000,1370812139999,79993.75849117473,79993.75849117473,79993.75849117473,79993.75849117473,0,1
1370812140000,1370812199999,79993.75849117473,79993.75849117473,79993.75849117473,79993.75849117473,0,1
1370812200000,1370812259999,79993.75849117473,79993.75849117473,79993.75849117473,79993.75849117473,0,1
1370812260000,1370812319999,79993.75849117473,79993.75849117473,79993.75849117473,79993.75849117473,0,1
1370812320000,1370812379999,79993.75849117473,79993.75849117473,79993.75849117473,79993.75849117473,0,1
1370812380000,1370812439999,79993.75849117473,79993.75849117473,79993.75849117473,79993.75849117473,0,1
1370812440000,1370812499999,79993.75849117473,79993.75849117473,79993.75849117473,79993.75849117473,0,1
1370812500000,1370812559999,79993.75849117473,79993.75849117473,79993.75849117473,79993.75849117473,0,1
1370812560000,1370812619999,79993.75849117473,79993.75849117473,79993.75849117473,79993.75849117473,0,1
1370812620000,1370812679999,79993.75849117473,79993.75849117473,79993.75849117473,79993.75849117473,0,1
1370812680000,1370812739999,79993.75849117473,79993.75849117473,79993.75849117473,79993.75849117473,0,1
1370812740000,1370812799999,79993.75849117473,79993.75849117473,79993.75849117473,79993.75849117473,0,1
1370812800000,1370812859999,79993.75849117473,79993.75849117473,79993.75849117473,79993.75849117473,0,1
1370812860000,1370812919999,79993.75849117473,79993.75849117473,79993.75849117473,79993.75849117473,0,1
1370812920000,1370812979999,79993.75849117473,79993.75849117473,79993.75849117473,79993.75849117473,0,1
1370812980000,1370813039999,79993.75849117473,79993.75849117473,79993.75849117473,79993.75849117473,0,1
1370813040000,1370813099999,79993.75849117473,79993.75849117473,79993.75849117473,79993.75849117473,0,1
1370813100000,1370813159999,79993.75849117473,79993.75849117473,79993.75849117473,79993.75849117473,0,1
1370813160000,1370813219999,79993.75849117473,79993.75849117473,79993.75849117473,79993.75849117473,0,1
1370813220000,1370813279999,79993.75849117473,79993.75849117473,79993.75849117473,79993.75849117473,0,1
1370813280000,1370813339999,79993.75849117473,79993.75849117473,79993.75849117473,79993.75849117473,0,1
1370813340000,1370813399999,79993.75849117473,79993.75849117473,79993.75849117473,79993.75849117473,0,1
1370813400000,1370813459999,79993.75849117473,79993.75849117473,79993.75849117473,79993.75849117473,0,1
1370813460000,1370813519999,79993.75849117473,79993.75849117473,79993.75849117473,79993.75849117473,0,1
1370813520000,1370813579999,79993.75849117473,79993.75849117473,79993.75849117473,79993.75849117473,0,1
1370813580000,1370813639999,79993.75849117473,79993.75849117473,79993.75849117473,79993.75849117473,0,1
1370813640000,1370813699999,79993.75849117473,79993.75849117473,79993.75849117473,79993.75849117473,0,1
1370813700000,1370813759999,79993.75849117473,79993.75849117473,79993.75849117473,79993.75849117473,0,1
1370813760000,1370813819999,79993.75849117473,79993.75849117473,79993.75849117473,79993.75849117473,0,1
1370813820000,1370813879999,79993.75849117473,79993.75849117473,79993.75849117473,79993.75849117473,0,1
1370813880000,1370813939999,79993.75849117473,79993.75849117473,79993.75849117473,79993.75849117473,0,1
1370813940000,1370813999999,79993.75849117473,79993.75849117473,79993.75849117473,79993.75849117473,0,1
1370814000000,1370814059999,79993.75849117473,79993.75849117473,79993.75849117473,79993.75849117473,0,1
1370814060000,1370814119999,79993.75849117473,79993.75849117473,79993.75849117473,79993.75849117473,0,1
1370814120000,1370814179999,79993.75849117473,79993.75849117473,79993.75849117473,79993.75849117473,0,1
1370814180000,1370814239999,79993.75849117473,79993.75849117473,79993.75849117473,79993.75849117473,0,1
1370814240000,1370814299999,79993.75849117473,79993.75849117473,79993.75849117473,79993.75849117473,0,1
1370814300000,1370814359999,79993.75849117473,79993.75849117473,79993.75849117473,79993.75849117473,0,1
1370814360000,1370814419999,79993.75849117473,79993.75849117473,79993.75849117473,79993.75849117473,0,1
1370814420000,1370814479999,79993.75849117473,79993.75849117473,79993.75849117473,79993.75849117473,0,1
1370814480000,1370814539999,79993.75849117473,79993.75849117473,79993.75849117473,79993.75849117473,0,1
1370814540000,1370814599999,79993.75849117473,79993.75849117473,79993.75849117473,79993.75849117473,0,1
1370814600000,1370814659999,79993.75849117473,79993.75849117473,79993.75849117473,79993.75849117473,0,1
1370814660000,1370814719999,79993.75849117473,79993.75849117473,79993.75849117473,79993.75849117473,0,1
1370814720000,1370814779999,79993.75849117473,79993.75849117473,79993.75849117473,79993.75849117473,0,1
1370814780000,1370814839999,79993.75849117473,79993.75849117473,79993.75849117473,79993.75849117473,0,1
1370814840000,1370814899999,79993.75849117473,79993.75849117473,79993.75849117473,79993.75849117473,0,1
1370814900000,1370814959999,79993.75849117473,79993.75849117473,79993.75849117473,79993.75849117473,0,1
1370814960000,1370815019999,79993.75849117473,79993.75849117473,79993.75849117473,79993.75849117473,0,1
1370815020000,1370815079999,79993.75849117473,79993.75849117473,79993.75849117473,79993.75849117473,0,1
1370815080000,1370815139999,79993.75849117473,79993.75849117473,79993.75849117473,79993.75849117473,0,1
1370815140000,1370815199999,79993.75849117473,79993.75849117473,79993.75849117473,79993.75849117473,0,1
1370815200000,1370815259999,79993.7819881922,79996.43679561595,79993.75849117473,79993.75849117473,0,1
1370815260000,1370815319999,79994.13108023404,79995.66157072903,79992.32171149235,79994.34590004891,0,1
1370815320000,1370815379999,79994.15793296328,79995.91998570222,79993.8356954534,79995.75889663272,0,1
1370815380000,1370815439999,79995.27897006474,79995.72533608327,79994.44995173776,79995.42328606981,0,1
1370815440000,1370815499999,79995.34273785868,79995.3460940471,79992.94277476966,79992.94277476966,0,1
1370815500000,1370815559999,79991.89533761579,79991.89533761579,79987.32830406306,79989.45089084604,0,1
1370815560000,1370815619999,79989.07812736393,79990.32397614534,79988.86991108228,79989.00760297987,0,1
1370815620000,1370815679999,79988.89341958925,79991.02238950494,79988.75572611943,79991.02238950494,0,1
1370815680000,1370815739999,79990.58588687141,79990.89815607974,79990.49522624252,79990.62953799218,0,1
1370815740000,1370815799999,79990.6530423629,79992.3284258962,79987.77166637512,79989.05797759065,0,1
1370815800000,1370815859999,79988.26538763464,79990.14600725062,79987.44922300674,79990.14600725062,0,1
1370815860000,1370815919999,79990.51873092893,79990.51873092893,79988.75236771844,79989.00088634592,0,1
1370815920000,1370815979999,79988.99416970747,79990.82428682497,79988.99416970747,79990.44150103755,0,1
1370815980000,1370816039999,79990.53216215351,79990.53216215351,79990.42135401125,79990.50865749866,0,1
1370816040000,1370816099999,79990.24674474985,79990.97874009899,79990.24674474985,79990.80749828187,0,1
1370816100000,1370816159999,79991.06939634444,79991.06939634444,79988.90013629537,79988.90013629537,0,1
1370816160000,1370816219999,79988.73221728877,79988.73221728877,79985.77974055416,79985.77974055416,0,1
1370816220000,1370816279999,79986.78079165866,79988.3762196692,79986.48854884114,79988.3762196692,0,1
1370816280000,1370816339999,79987.17379439613,79987.17379439613,79985.23550293855,79985.59833130665,0,1
1370816340000,1370816399999,79985.1582322339,79985.5714555827,79984.04613987467,79984.4426099471,0,1
1370816400000,1370816459999,79984.64083908891,79984.67107708716,79984.05285983735,79984.07301969833,0,1
1370816460000,1370816519999,79984.64755865198,79984.64755865198,79984.06965972432,79984.06965972432,0,1
1370816520000,1370816579999,79984.07973964296,79985.53114186131,79984.07973964296,79985.24222210204,0,1
1370816580000,1370816639999,79986.36425907737,79989.36021992657,79985.72934942663,79989.16208431551,0,1
1370816640000,1370816699999,79989.07812736393,79989.61208156186,79988.50048442905,79988.50048442905,0,1
1370816700000,1370816759999,79989.69267594545,79990.4247118518,79988.68184103693,79990.07884835401,0,1
1370816760000,1370816819999,79989.2964139719,79991.76440025705,79989.2964139719,79990.75713248346,0,1
1370816820000,1370816879999,79990.44821670395,79992.46942733543,79990.44821670395,79990.59596022389,0,1
1370816880000,1370816939999,79991.66703546862,79992.00948673482,79991.65024834032,79992.00948673482,0,1
1370816940000,1370816999999,79991.88526557213,79991.89869496142,79990.88472534672,79990.88472534672,0,1
1370817000000,1370817059999,79991.81811835522,79991.81811835522,79990.8679369051,79991.57302718716,0,1
1370817060000,1370817119999,79992.03298786229,79992.75813836491,79992.03298786229,79992.68428284845,0,1
1370817120000,1370817179999,79993.69471327757,79993.69807001913,79992.52985591504,79992.52985591504,0,1
1370817180000,1370817239999,79992.49964167089,79992.64064069597,79991.86847881017,79991.99941480614,0,1
1370817240000,1370817299999,79990.76049021125,79991.95241233817,79990.76049021125,79991.14662138677,0,1
1370817300000,1370817359999,79991.92555368587,79992.65406907086,79990.77392111112,79992.65406907086,0,1
1370817360000,1370817419999,79992.51307023512,79993.67121605502,79992.48285594022,79992.55671294434,0,1
1370817420000,1370817479999,79992.24449552415,79992.24449552415,79992.24449552415,79992.24449552415,0,1
1370817480000,1370817539999,79992.24449552415,79992.24449552415,79992.24449552415,79992.24449552415,0,1
1370817540000,1370817599999,79992.42578424525,79992.42578424525,79992.42578424525,79992.42578424525,0,1
1370817600000,1370817659999,79992.98977258292,79992.98977258292,79992.29485383192,79992.63056940297,0,1
1370817660000,1370817719999,79992.59364124184,79992.77492363348,79992.04641705319,79992.04641705319,0,1
1370817720000,1370817779999,79992.31835428874,79992.31835428874,79990.82764453019,79991.17683971926,0,1
1370817780000,1370817839999,79990.84779073794,79991.37157789379,79990.62282244755,79990.7940674271,0,1
1370817840000,1370817899999,79991.09625729636,79991.27756683473,79991.09625729636,79991.27756683473,0,1
1370817900000,1370817959999,79991.15669417441,79991.41186807712,79990.88472534672,79991.12983338482,0,1
1370817960000,1370818019999,79990.84107533986,79991.32793001199,79990.84107533986,79991.32793001199,0,1
1370818020000,1370818079999,79991.91212433265,79991.91212433265,79990.87465228513,79991.62674631336,0,1
1370818080000,1370818139999,79991.4185830919,79993.44295444842,79991.4185830919,79993.44295444842,0,1
1370818140000,1370818199999,79992.5466415668,79995.70519969954,79992.5466415668,79995.70519969954,0,1
1370818200000,1370818259999,79995.34273785868,79995.83272944501,79995.34273785868,79995.36623115395,0,1
1370818260000,1370818319999,79995.19842069116,79996.02402101381,79994.93998707074,79995.1245831954,0,1
1370818320000,1370818379999,79995.71526789648,79996.18510581255,79995.23869545905,79995.95018961385,0,1
1370818380000,1370818439999,79996.23544428001,79996.3461880165,79995.79916914336,79996.3461880165,0,1
1370818440000,1370818499999,79995.97703745872,79997.0408252995,79993.62757820953,79993.62757820953,0,1
1370818500000,1370818559999,79995.43671070859,79996.26900311754,79994.78559496783,79995.41657374366,0,1
1370818560000,1370818619999,79995.14807700319,79995.39308056668,79994.54728943428,79994.54728943428,0,1
1370818620000,1370818679999,79994.7386055938,79994.7386055938,79994.13108023404,79994.13108023404,0,1
1370818680000,1370818739999,79994.2183513404,79994.63455690842,79993.48659309957,79994.1176538424,0,1
1370818740000,1370818799999,79994.52043775056,79995.37965586931,79994.20492506592,79995.29239489726,0,1
1370818800000,1370818859999,79994.98026287949,79994.98026287949,79994.98026287949,79994.98026287949,0,1
1370818860000,1370818919999,79995.47362837229,79996.59451799738,79994.2183513404,79996.59451799738,0,1
1370818920000,1370818979999,79997.05089215179,79997.05089215179,79995.88306968632,79996.29920597504,0,1
1370818980000,1370819039999,79995.9065617122,79996.11463153239,79995.9065617122,79995.9099177114,0,1
1370819040000,1370819099999,79996.02402101381,79996.30256184247,79995.40650524599,79995.40650524599,0,1
1370819100000,1370819159999,79995.21855809538,79995.64479030509,79995.21855809538,79995.64479030509,0,1
1370819160000,1370819219999,79995.31253211224,79995.66828289074,79995.11787066876,79995.39308056668,0,1
1370819220000,1370819279999,79995.39308056668,79995.39308056668,79995.39308056668,79995.39308056668,0,1
1370819280000,1370819339999,79995.49712136005,79995.49712136005,79995.49712136005,79995.49712136005,0,1
1370819340000,1370819399999,79995.30917591255,79995.30917591255,79995.12122693265,79995.12122693265,0,1
1370819400000,1370819459999,79995.48369680237,79996.43343979357,79995.18163949001,79996.43343979357,0,1
1370819460000,1370819519999,79995.85957760525,79996.2723589951,79995.82937341993,79995.86628963405,0,1
1370819520000,1370819579999,79995.82266136634,79996.16497035461,79993.84912222362,79993.84912222362,0,1
1370819580000,1370819639999,79994.09751422111,79994.6882595909,79994.09751422111,79994.29555206884,0,1
1370819640000,1370819699999,79994.12436704048,79994.27205625807,79993.79541503455,79993.79541503455,0,1
1370819700000,1370819759999,79994.3492565719,79995.83944149183,79993.47316584257,79995.83944149183,0,1
1370819760000,1370819819999,79995.65485856283,79996.3461880165,79995.13465197693,79995.9300536829,0,1
1370819820000,1370819879999,79997.15156011729,79999.77863568565,79996.80257350391,79998.49034769782,0,1
1370819880000,1370819939999,79999.02379957616,79999.02379957616,79997.98035451552,79997.98035451552,0,1
1370819940000,1370819999999,79997.59113169278,79998.91308548873,79997.59113169278,79998.0071969104,0,1
1370820000000,1370820059999,79997.57770994594,79998.3695621894,79997.57099906575,79998.19173642476,0,1
1370820060000,1370820119999,79998.28568250575,79998.63126228044,79998.28568250575,79998.63126228044,0,1
1370820120000,1370820179999,79998.49034769782,79998.49034769782,79998.2051573475,79998.2051573475,0,1
1370820180000,1370820239999,79998.65474785116,79998.65474785116,79997.6951496201,79997.74548048685,0,1
1370820240000,1370820299999,79997.4569134136,79998.07765785416,79997.4569134136,79997.46697984703,0,1
1370820300000,1370820359999,79998.08436839432,79998.08436839432,79997.18847145073,79997.59448712668,0,1
1370820360000,1370820419999,79997.14484895112,79997.72534817054,79997.14484895112,79997.64146308305,0,1
1370820420000,1370820479999,79997.71528199721,79997.71528199721,79997.32269333293,79997.46026889254,0,1
1370820480000,1370820539999,79997.45020245235,79997.71192660384,79997.33275990147,79997.63475224565,0,1
1370820540000,1370820599999,79997.000557789,79997.4099365903,79997.000557789,79997.4099365903,0,1
1370820600000,1370820659999,79996.46699796667,79996.46699796667,79995.87300165833,79995.87300165833,0,1
1370820660000,1370820719999,79995.49376522232,79995.49376522232,79995.49376522232,79995.49376522232,0,1
1370820720000,1370820779999,79995.87971367812,79995.87971367812,79995.86293362021,79995.86293362021,0,1
1370820780000,1370820839999,79995.89313770417,79997.59784255945,79994.98361918956,79997.59784255945,0,1
1370820840000,1370820899999,79997.7656127626,79998.08436839432,79996.8763986109,79997.99042042205,0,1
1370820900000,1370820959999,79997.74548048685,79998.01390749787,79997.13813778045,79997.68508341636,0,1
1370820960000,1370821019999,79997.22202709017,79998.60442156065,79997.22202709017,79998.60442156065,0,1
1370821020000,1370821079999,79998.73191433802,79999.67463942818,79997.52402277838,79997.96357798213,0,1
1370821080000,1370821139999,79997.83272005575,79999.12444768286,79997.83272005575,79998.71513906545,0,1
1370821140000,1370821199999,79998.98689501654,79999.55386822352,79998.84598544525,79999.49348207422,0,1
1370821200000,1370821259999,79999.3056117222,79999.71825089362,79999.21838500185,79999.21838500185,0,1
1370821260000,1370821319999,79999.23851431253,80001.41224140764,79999.23851431253,79999.68470362939,0,1
1370821320000,1370821379999,79999.80882794493,80002.06292583398,79999.80882794493,80002.06292583398,0,1
1370821380000,1370821439999,80002.12665038294,80002.12665038294,80002.12665038294,80002.12665038294,0,1
1370821440000,1370821499999,80001.54976071695,80001.54976071695,80000.76151463954,80000.76151463954,0,1
1370821500000,1370821559999,80000.32208240604,80002.31446774399,80000.32208240604,80001.10030035442,0,1
1370821560000,1370821619999,80000.88227126026,80000.97619206826,80000.6977813907,80000.6977813907,0,1
1370821620000,1370821679999,80000.76822337894,80000.76822337894,79999.36935384439,79999.36935384439,0,1
1370821680000,1370821739999,79999.72496033297,79999.72496033297,79999.54715866937,79999.54715866937,0,1
1370821740000,1370821799999,79999.40290216656,79999.40625699259,79999.40290216656,79999.40625699259,0,1
1370821800000,1370821859999,79999.37606351783,80000.80176700847,79999.37606351783,80000.66423741235,0,1
1370821860000,1370821919999,80000.5703136744,80000.5703136744,79999.2083203313,79999.2318045468,0,1
1370821920000,1370821979999,79999.2083203313,79999.65786573697,79999.2083203313,79999.65786573697,0,1
1370821980000,1370822039999,79999.745088624,80000.32208240604,79999.745088624,80000.29189169635,0,1
1370822040000,1370822099999,80000.29189169635,80000.29189169635,80000.29189169635,80000.29189169635,0,1
1370822100000,1370822159999,80000.73132525649,80001.38205398904,80000.2046735786,80000.59714911811,0,1
1370822160000,1370822219999,80000.97619206826,80001.29484537903,80000.54683260208,80000.70449017285,0,1
1370822220000,1370822279999,80000.40929949979,80000.80847572087,80000.20802813566,80000.6206300723,0,1
1370822280000,1370822339999,79999.95978787396,80004.29974983493,79999.95978787396,80003.55866867094,0,1
1370822340000,1370822399999,80004.65518104177,80005.19836281969,80002.70686048959,80003.81352630783,0,1
1370822400000,1370822459999,80002.77728832696,80004.44393571535,80002.24403664697,80003.76657933644,0,1
1370822460000,1370822519999,80003.52178084331,80003.91747953156,80002.51569671641,80002.71692163959,0,1
1370822520000,1370822579999,80002.68673815925,80004.12202949398,80000.84201921539,80002.45868225199,0,1
1370822580000,1370822639999,80001.51286547814,80003.65927114563,80001.51286547814,80002.67332324984,0,1
1370822640000,1370822699999,80002.42514417991,80004.36681329375,80001.24788658168,80004.23268592637,0,1
1370822700000,1370822759999,80003.92753946359,80004.45734824969,80002.55594202496,80002.55594202496,0,1
1370822760000,1370822819999,80002.69679932947,80003.3675211807,80001.90528967869,80001.90528967869,0,1
1370822820000,1370822879999,80002.1970823067,80002.47880504125,80001.50280311664,80001.8616877502,0,1
1370822880000,1370822939999,80001.36863732932,80003.15624865104,80000.9594205601,80002.62637092522,0,1
1370822940000,1370822999999,80002.5861259001,80002.62301717931,80001.51957371349,80002.39495981885,0,1
1370823000000,1370823059999,80001.61013445049,80002.17025115616,80000.41936296165,80000.48645244863,0,1
1370823060000,1370823119999,80000.86885392998,80002.77058093525,80000.5300603738,80002.77058093525,0,1
1370823120000,1370823179999,80002.55594202496,80002.807471534,80001.84156371908,80002.77058093525,0,1
1370823180000,1370823239999,80002.20379008309,80004.16226833835,80002.20379008309,80004.16226833835,0,1
1370823240000,1370823299999,80004.77253762825,80007.50488021664,80004.02143167467,80006.02649059928,0,1
1370823300000,1370823359999,80006.08683731125,80006.4287951338,80005.55376208901,80006.24776009614,0,1
1370823360000,1370823419999,80006.5695978973,80006.5695978973,80005.6241698792,80006.49919676335,0,1
1370823420000,1370823479999,80005.64428629962,80007.25011664057,80005.64428629962,80006.02313799348,0,1
1370823480000,1370823539999,80005.5906424219,80006.16394646882,80004.40705115313,80004.40705115313,0,1
1370823540000,1370823599999,80005.43641467042,80005.43641467042,80003.72633889983,80004.37351961488,0,1
1370823600000,1370823659999,80004.20586023702,80007.32051248816,80004.20586023702,80007.32051248816,0,1
1370823660000,1370823719999,80007.37414708704,80008.69480833129,80006.77074126324,80008.62777389133,0,1
1370823720000,1370823779999,80007.94064497211,80007.98757235166,80005.97620139444,80006.88472070805,0,1
1370823780000,1370823839999,80006.53607360962,80007.1596069655,80005.6878717384,80007.08250548504,0,1
1370823840000,1370823899999,80007.28028635021,80009.844379045,80006.43550007226,80009.23441920495,0,1
1370823900000,1370823959999,80008.9662932179,80009.3684795026,80006.87466375048,80006.87466375048,0,1
1370823960000,1370824019999,80007.00875568659,80008.49705544095,80007.00875568659,80007.03892612443,0,1
1370824020000,1370824079999,80006.98528972757,80008.8523374964,80006.98528972757,80008.8523374964,0,1
1370824080000,1370824139999,80009.14392748804,80009.14392748804,80006.91824382693,80007.13278912668,0,1
1370824140000,1370824199999,80007.3842035423,80007.81326954612,80005.54705655933,80007.81326954612,0,1
1370824200000,1370824259999,80008.06466685428,80008.06466685428,80005.90244343654,80006.26117021132,0,1
1370824260000,1370824319999,80006.15724134828,80007.71941293086,80005.23189159225,80006.21758727123,0,1
1370824320000,1370824379999,80005.97284877178,80008.76184232188,80005.87897488131,80008.76184232188,0,1
1370824380000,1370824439999,80008.37639073934,80009.15063060627,80007.09591448086,80007.75628527765,0,1
1370824440000,1370824499999,80007.01210796196,80007.8166215518,80005.58728966997,80005.58728966997,0,1
1370824500000,1370824559999,80006.62323652381,80007.32721682875,80006.59306483179,80006.93835764434,0,1
1370824560000,1370824619999,80007.0054034101,80007.47135906428,80007.0054034101,80007.40766856525,0,1
1370824620000,1370824679999,80007.18307251547,80007.89036539251,80006.90818690308,80007.49147176919,0,1
1370824680000,1370824739999,80008.16857589564,80008.62107042263,80007.56186591774,80007.87025348989,0,1
1370824740000,1370824799999,80007.5316970576,80009.04002858102,80007.27358197815,80007.27358197815,0,1
1370824800000,1370824859999,80007.49482388272,80008.135056968,80006.87131142904,80007.07915323327,0,1
1370824860000,1370824919999,80007.45124631895,80008.06466685428,80007.31045596885,80007.73952513686,0,1
1370824920000,1370824979999,80007.89706935106,80007.89706935106,80007.27358197815,80007.27358197815,0,1
1370824980000,1370825039999,80006.19747200405,80007.77304539029,80006.19747200405,80007.77304539029,0,1
1370825040000,1370825099999,80007.2132424274,80007.2132424274,80005.98290663637,80006.28799038773,0,1
1370825100000,1370825159999,80006.26117021132,80006.29134290473,80005.78174742285,80005.78174742285,0,1
1370825160000,1370825219999,80005.60070067088,80007.78310144442,80005.60070067088,80007.60544299948,0,1
1370825220000,1370825279999,80008.14176076252,80008.14176076252,80007.02886932192,80007.1931291629,0,1
1370825280000,1370825339999,80007.07580098037,80007.79986151216,80006.89812996911,80007.79986151216,0,1
1370825340000,1370825399999,80007.25346883503,80007.7026527283,80007.25346883503,80007.42107712507,0,1
1370825400000,1370825459999,80007.61549922216,80008.74843555971,80007.61549922216,80007.76298932607,0,1
1370825460000,1370825519999,80007.86690150217,80008.03785144251,80007.86690150217,80007.98086845379,0,1
1370825520000,1370825579999,80007.56857009654,80008.8556891538,80007.1629591903,80008.8556891538,0,1
1370825580000,1370825639999,80009.18414612999,80009.18414612999,80008.53392492048,80008.60766347173,0,1
1370825640000,1370825699999,80008.64788427051,80009.74719013371,80008.35963163784,80009.74719013371,0,1
1370825700000,1370825759999,80008.62442215755,80009.11376340044,80008.62442215755,80008.81546919083,0,1
1370825760000,1370825819999,80008.71156687108,80009.1539821637,80008.52722138885,80008.68810490753,0,1
1370825820000,1370825879999,80008.65458772125,80008.99645775034,80007.5384012566,80007.64901989132,0,1
1370825880000,1370825939999,80007.99092429892,80007.99092429892,80005.19165705169,80005.4766482262,0,1
1370825940000,1370825999999,80005.8219795893,80005.8219795893,80005.1782455022,80005.71469345246,0,1
1370826000000,1370826059999,80006.08348472569,80007.39090784018,80005.69122445659,80006.95176683344,0,1
1370826060000,1370826119999,80007.21659463421,80007.21659463421,80005.90244343654,80005.90244343654,0,1
1370826120000,1370826179999,80006.33827802465,80007.0489829168,80006.20082455139,80006.20082455139,0,1
1370826180000,1370826239999,80006.42209019086,80006.47572960859,80005.93596984848,80006.47572960859,0,1
1370826240000,1370826299999,80006.22093981184,80006.28463786963,80005.20842146326,80005.23189159225,0,1
1370826300000,1370826359999,80005.52693994332,80005.71134074214,80005.25871452934,80005.28553739448,0,1
1370826360000,1370826419999,80005.6979298896,80005.93261721235,80005.22853872004,80005.75827858437,0,1
1370826420000,1370826479999,80005.45988426429,80005.96279089712,80005.41965064105,80005.60070067088,0,1
1370826480000,1370826539999,80005.54035102516,80006.01643277853,80005.18495127918,80006.01643277853,0,1
1370826540000,1370826599999,80005.87897488131,80006.24105503182,80005.24195020208,80005.6979298896,0,1
1370826600000,1370826659999,80005.68116629866,80005.72139886973,80004.35340063795,80004.35340063795,0,1
1370826660000,1370826719999,80004.4171105927,80004.80942084242,80004.26621793688,80004.537823078,0,1
1370826720000,1370826779999,80004.49758574482,80005.6979298896,80004.49758574482,80005.6979298896,0,1
1370826780000,1370826839999,80004.44728885063,80004.82283288657,80004.28633708922,80004.28633708922,0,1
1370826840000,1370826899999,80004.2796307096,80004.76918460203,80004.23939233748,80004.7088299379,0,1
1370826900000,1370826959999,80004.79936179749,80004.79936179749,80004.2930434643,80004.2930434643,0,1
1370826960000,1370827019999,80004.37687277376,80006.39862285512,80004.25280514617,80006.39862285512,0,1
1370827020000,1370827079999,80006.11701053067,80007.32721682875,80006.11701053067,80007.17301585794,0,1
1370827080000,1370827139999,80009.63994610091,80009.83767639176,80008.73502877957,80009.83767639176,0,1
1370827140000,1370827199999,80009.80751439671,80012.1397735387,80008.82217252922,80011.02062510897,0,1
1370827200000,1370827259999,80012.46477221948,80012.46477221948,80011.07088895226,80012.37095925171,0,1
1370827260000,1370827319999,80012.11296905231,80014.8232090692,80012.11296905231,80014.52173536521,0,1
1370827320000,1370827379999,80014.5719816137,80014.77966342909,80013.68426071927,80014.25040126064,0,1
1370827380000,1370827439999,80014.48488795587,80016.55818105106,80014.2939492055,80016.55818105106,0,1
1370827440000,1370827499999,80016.40412235804,80017.50927346849,80015.24860650185,80016.96341106352,0,1
1370827500000,1370827559999,80017.40881023252,80017.43560052746,80015.93523347056,80016.02231449778,0,1
1370827560000,1370827619999,80016.55483197428,80016.55483197428,80015.99886968045,80016.46105736893,0,1
1370827620000,1370827679999,80015.91513774122,80016.56153012674,80015.91513774122,80016.49789749732,0,1
1370827680000,1370827739999,80016.51799205563,80017.86088684652,80016.51799205563,80016.95671318026,0,1
1370827740000,1370827799999,80017.38536866556,80017.61978186236,80015.97207553618,80016.06585472704,0,1
1370827800000,1370827859999,80016.92992160234,80017.8140057771,80016.2467121116,80017.31169481168,0,1
1370827860000,1370827919999,80016.86964028954,80018.23927600373,80016.14623619067,80018.23927600373,0,1
1370827920000,1370827979999,80017.01029612079,80019.203601325,80017.01029612079,80018.3062460447,0,1
1370827980000,1370828039999,80018.77502377382,80018.9022596514,80016.96676000347,80017.4657395235,0,1
1370828040000,1370828099999,80017.2648111675,80017.48918090203,80016.79596263598,80016.79596263598,0,1
1370828100000,1370828159999,80016.340488727,80017.56620218755,80015.91178844907,80015.91178844907,0,1
1370828160000,1370828219999,80016.19312507942,80016.19312507942,80015.24525698644,80015.88499407147,0,1
1370828220000,1370828279999,80015.56345594018,80015.9921711511,80015.37588725572,80015.9921711511,0,1
1370828280000,1370828339999,80016.53473749002,80017.5494584803,80015.93523347056,80017.12750780224,0,1
1370828340000,1370828399999,80017.15429885083,80019.19020855454,80017.08397219522,80019.12659264998,0,1
1370828400000,1370828459999,80019.31743914963,80019.86986901252,80018.68796671428,80019.86986901252,0,1
1370828460000,1370828519999,80020.33522563899,80020.4590938974,80019.59198386577,80019.66898895698,0,1
1370828520000,1370828579999,80019.46140866024,80019.74934146344,80018.76497876717,80019.06967281336,0,1
1370828580000,1370828639999,80018.67792162017,80019.88326087274,80018.67792162017,80019.81964937694,0,1
1370828640000,1370828699999,80019.45136434303,80019.45136434303,80018.62434761455,80018.79846208343,0,1
1370828700000,1370828759999,80019.12994086556,80019.35761689597,80017.63317673621,80019.02279741051,0,1
1370828760000,1370828819999,80018.60760567893,80018.67122488515,80017.7872164959,80017.96469414669,0,1
1370828820000,1370828879999,80017.90107044538,80017.90107044538,80015.95197988085,80015.95197988085,0,1
1370828880000,1370828939999,80017.18778756062,80017.76042714292,80015.9653769889,80017.6800586534,0,1
1370828940000,1370828999999,80017.857538206,80017.857538206,80016.93996845248,80017.29495067828,0,1
1370829000000,1370829059999,80017.54610973547,80017.54610973547,80017.04378531282,80017.04378531282,0,1
1370829060000,1370829119999,80017.18108982763,80017.47913460368,80016.99355148272,80017.18108982763,0,1
1370829120000,1370829179999,80017.50257595083,80017.66331513677,80017.06052986678,80017.61308441871,0,1
1370829180000,1370829239999,80017.70349952955,80018.51385032148,80016.99690041259,80017.96134554093,0,1
1370829240000,1370829299999,80017.73028903504,80017.99818014268,80017.72359166539,80017.99818014268,0,1
1370829300000,1370829359999,80017.64322287982,80019.2169940775,80017.64322287982,80018.95583216817,0,1
1370829360000,1370829419999,80018.75828209046,80019.19355674884,80018.63104438096,80019.19355674884,0,1
1370829420000,1370829479999,80018.67122488515,80018.99601136739,80018.6109540683,80018.72814698977,0,1
1370829480000,1370829539999,80018.98261831891,80019.80625743153,80018.62434761455,80019.80625743153,0,1
1370829540000,1370829599999,80019.56519934723,80019.88995679612,80019.27391307557,80019.27391307557,0,1
1370829600000,1370829659999,80019.83973726143,80021.17214349196,80019.83973726143,80020.61309013319,0,1
1370829660000,1370829719999,80020.1377028096,80020.79721295451,80019.27391307557,80020.79721295451,0,1
1370829720000,1370829779999,80020.64321955413,80021.15540582132,80019.61207220762,80019.61207220762,0,1
1370829780000,1370829839999,80019.84643321397,80019.86317307568,80019.56854741597,80019.58863580487,0,1
1370829840000,1370829899999,80019.42457944783,80019.87991290937,80018.35647328108,80018.74154037907,0,1
1370829900000,1370829959999,80018.80515873323,80019.17346756626,80017.82405173905,80018.62099922966,0,1
1370829960000,1370830019999,80018.94913561924,80020.66665348542,80018.94913561924,80020.6197855679,0,1
1370830020000,1370830079999,80020.72021655072,80020.74365030159,80019.26721673968,80020.59300380215,0,1
1370830080000,1370830139999,80020.78716997892,80021.4566796069,80020.33522563899,80020.36535589711,0,1
1370830140000,1370830199999,80020.91438025753,80021.02485102872,80020.5260490739,80021.02485102872,0,1
1370830200000,1370830259999,80020.98467998039,80021.55710218512,80018.67122488515,80018.76497876717,0,1
1370830260000,1370830319999,80018.79846208343,80021.25248392115,80018.79846208343,80020.3787470938,0,1
1370830320000,1370830379999,80021.05497920906,80021.15540582132,80020.25153000119,80020.64991496866,0,1
1370830380000,1370830439999,80020.93781355339,80021.27926392078,80020.93781355339,80021.0482840657,0,1
1370830440000,1370830499999,80021.52697551754,80022.52780178582,80021.31608630317,80022.52780178582,0,1
1370830500000,1370830559999,80023.05327915451,80024.24135866886,80022.59474311273,80023.89331619027,0,1
1370830560000,1370830619999,80023.69586362949,80026.28586363394,80023.64566320428,80026.28586363394,0,1
1370830620000,1370830679999,80027.24606785372,80027.99877672784,80025.95462197452,80027.23268585003,0,1
1370830680000,1370830739999,80026.00481081002,80026.00481081002,80024.211240087,80025.51964151513,0,1
1370830740000,1370830799999,80025.88101122683,80025.88101122683,80025.2720288028,80025.87766527088,0,1
1370830800000,1370830859999,80025.56314041252,80026.40631242613,80025.3389517621,80026.06838297338,0,1
1370830860000,1370830919999,80026.32266758547,80026.45984475699,80025.46275805612,80025.70702003279,0,1
1370830920000,1370830979999,80025.69028995074,80025.82412982338,80025.31552877728,80025.41591261161,0,1
1370830980000,1370831039999,80025.79067002315,80025.88435718167,80025.35233630022,80025.5263336655,0,1
1370831040000,1370831099999,80025.42260483142,80026.31597596798,80025.42260483142,80025.96800568863,0,1
1370831100000,1370831159999,80025.95462197452,80025.95462197452,80025.28206727526,80025.61333121284,0,1
1370831160000,1370831219999,80025.56983253377,80025.87097335562,80025.31887492134,80025.46945024456,0,1
1370831220000,1370831279999,80025.69698198691,80025.87766527088,80024.62954560503,80025.56314041252,0,1
1370831280000,1370831339999,80025.57652465056,80025.70032800334,80025.57652465056,80025.66017573253,0,1
1370831340000,1370831399999,80025.39583592536,80026.44311593438,80025.34564403341,80026.44311593438,0,1
1370831400000,1370831459999,80026.05165349589,80026.33605080697,80025.95127604321,80026.16206753012,0,1
1370831460000,1370831519999,80026.03157808597,80026.59032861286,80026.03157808597,80026.25909703862,0,1
1370831520000,1370831579999,80025.62671538371,80026.09180419485,80024.284863127,80024.284863127,0,1
1370831580000,1370831639999,80024.39864312267,80024.86044275592,80024.31163500715,80024.31163500715,0,1
1370831640000,1370831699999,80024.72324364237,80024.90729080261,80024.4321075809,80024.90729080261,0,1
1370831700000,1370831759999,80024.52246105878,80024.89390566881,80024.40198957354,80024.68978015837,0,1
1370831760000,1370831819999,80024.59942819229,80024.84705755941,80024.50572899482,80024.55592510266,0,1
1370831820000,1370831879999,80024.33506034351,80024.83032603859,80024.33506034351,80024.49234332352,0,1
1370831880000,1370831939999,80024.81024817664,80024.81024817664,80023.75275714006,80023.75275714006,0,1
1370831940000,1370831999999,80024.03052669074,80024.03052669074,80023.61888954115,80023.61888954115,0,1
1370832000000,1370832059999,80023.63562308901,80023.97028816628,80023.63562308901,80023.97028816628,0,1
1370832060000,1370832119999,80023.67243679575,80023.97698135358,80023.60550268268,80023.72598376365,0,1
1370832120000,1370832179999,80023.75275714006,80024.09745795904,80020.321834384,80020.321834384,0,1
1370832180000,1370832239999,80020.55617875708,80023.02650390528,80020.55617875708,80022.92944302585,0,1
1370832240000,1370832299999,80022.8022583785,80023.55530180386,80022.70519532249,80022.91270829625,0,1
1370832300000,1370832359999,80022.92944302585,80023.10013566815,80022.74535945994,80022.84242212611,0,1
1370832360000,1370832419999,80023.02985081535,80023.02985081535,80020.69343505394,80021.88179495298,0,1
1370832420000,1370832479999,80020.8641658672,80021.08845485853,80020.29839964464,80021.08845485853,0,1
1370832480000,1370832539999,80021.10854019444,80021.30604384869,80020.69343505394,80021.00476552473,0,1
1370832540000,1370832599999,80021.37968828065,80021.43324752687,80021.18553360832,80021.43324752687,0,1
1370832600000,1370832659999,80021.2257038498,80021.53367034039,80020.93781355339,80021.05832677905,0,1
1370832660000,1370832719999,80021.06167434793,80021.06167434793,80018.6846183507,80018.6846183507,0,1
1370832720000,1370832779999,80019.12994086556,80019.54511091123,80018.83529360183,80019.54511091123,0,1
1370832780000,1370832839999,80019.17346756626,80019.71251331146,80019.01275265275,80019.37435757597,0,1
1370832840000,1370832899999,80019.53171859815,80020.70682581128,80019.46475676371,80020.68004427863,0,1
1370832900000,1370832959999,80020.32853001374,80020.83403711196,80020.32853001374,80020.74365030159,0,1
1370832960000,1370833019999,80020.84073239873,80021.43659497025,80020.321834384,80020.46913720244,0,1
1370833020000,1370833079999,80020.64991496866,80020.8641658672,80019.93682813429,80020.25153000119,0,1
1370833080000,1370833139999,80020.47248496856,80020.53609231173,80019.95021990487,80020.39883385523,0,1
1370833140000,1370833199999,80019.97700339217,80020.16448579477,80019.97700339217,80019.98704718142,0,1
1370833200000,1370833259999,80020.53274456691,80020.71352118326,80020.35866029203,80020.44905058225,0,1
1370833260000,1370833319999,80020.6700011854,80020.85412295886,80019.58193967973,80020.4189205763,0,1
1370833320000,1370833379999,80020.69343505394,80024.67974109136,80020.69343505394,80023.08005433204,0,1
1370833380000,1370833439999,80022.2332546236,80022.2332546236,80020.94116116261,80021.16879596008,0,1
1370833440000,1370833499999,80021.13866812264,80022.11275555662,80021.13866812264,80021.98556052179,0,1
1370833500000,1370833559999,80022.36044650796,80024.08072518396,80022.36044650796,80022.68511319329,0,1
1370833560000,1370833619999,80022.97295319174,80023.10013566815,80021.05832677905,80021.41651029325,0,1
1370833620000,1370833679999,80021.4566796069,80022.58470194227,80021.23239887436,80022.55457837036,0,1
1370833680000,1370833739999,80021.95878241355,80022.53114886279,80021.95878241355,80022.53114886279,0,1
1370833740000,1370833799999,80022.30019792229,80022.30019792229,80021.9420460595,80021.9420460595,0,1
1370833800000,1370833859999,80022.0123385583,80022.24999049028,80020.96459439573,80022.15961647742,0,1
1370833860000,1370833919999,80021.70438680895,80022.15292207363,80021.63409214544,80021.63409214544,0,1
1370833920000,1370833979999,80021.88514224619,80022.53449593866,80021.88514224619,80022.0725888783,0,1
1370833980000,1370834039999,80022.2165187289,80022.59139605703,80022.2165187289,80022.24664331919,0,1
1370834040000,1370834099999,80021.93869878534,80022.61147837446,80021.93869878534,80022.61147837446,0,1
1370834100000,1370834159999,80021.99225503764,80022.7922174164,80021.92865695608,80021.92865695608,0,1
1370834160000,1370834219999,80021.96547694734,80022.51441346665,80021.93200423362,80022.36714077284,0,1
1370834220000,1370834279999,80022.88593267064,80022.90601439656,80022.04581100312,80022.41734761668,0,1
1370834280000,1370834339999,80022.91270829625,80023.96359497448,80022.59139605703,80023.96359497448,0,1
1370834340000,1370834399999,80024.97421620287,80025.87431931379,80023.2708253969,80024.33506034351,0,1
1370834400000,1370834459999,80025.07794968812,80026.19887193727,80024.31832796599,80025.57987070728,0,1
1370834460000,1370834519999,80024.51242182376,80025.68694393098,80024.51242182376,80025.40922038734,0,1
1370834520000,1370834579999,80025.74382611476,80026.19218023696,80024.4889969029,80024.4889969029,0,1
1370834580000,1370834639999,80024.87382793451,80024.91063708326,80023.77618378564,80024.351792693,0,1
1370834640000,1370834699999,80024.57934986675,80024.7700923318,80024.34509975655,80024.7700923318,0,1
1370834700000,1370834759999,80024.51242182376,80025.53637188267,80024.51242182376,80025.38579756713,0,1
1370834760000,1370834819999,80025.12814292371,80025.33560562477,80025.03110244093,80025.03444868015,0,1
1370834820000,1370834879999,80025.44268146393,80025.44268146393,80024.26813066551,80025.16495113636,0,1
1370834880000,1370834939999,80024.96083115865,80025.15825874415,80024.85709645848,80024.95413862982,0,1
1370834940000,1370834999999,80025.03110244093,80025.77728607171,80024.284863127,80024.83032603859,0,1
1370835000000,1370835059999,80025.06791101079,80026.27248034523,80024.90394452083,80025.42260483142,0,1
1370835060000,1370835119999,80025.92116261093,80025.92116261093,80023.60550268268,80024.20454705648,0,1
1370835120000,1370835179999,80024.70316556541,80024.70316556541,80023.97363476048,80024.42206825518,0,1
1370835180000,1370835239999,80024.30828852605,80024.88721309518,80023.78622375979,80024.41202891941,0,1
1370835240000,1370835299999,80024.87717422635,80024.87717422635,80023.65570330949,80024.17442836374,0,1
1370835300000,1370835359999,80023.8196902675,80024.51576823657,80022.64829585166,80022.82234027247,0,1
1370835360000,1370835419999,80023.92678233958,80024.57265708261,80023.7795304448,80024.57265708261,0,1
1370835420000,1370835479999,80023.93012894836,80023.93012894836,80023.4013508707,80023.69586362949,0,1
1370835480000,1370835539999,80023.94351537224,80023.94351537224,80023.10348255359,80023.10348255359,0,1
1370835540000,1370835599999,80023.0030755034,80023.44820575343,80023.0030755034,80023.43147189193,0,1
1370835600000,1370835659999,80022.82903422817,80023.75275714006,80022.59809016733,80023.59880924675,0,1
1370835660000,1370835719999,80023.5117941717,80024.14096304317,80022.7888704268,80023.0967887816,0,1
1370835720000,1370835779999,80022.67841914124,80023.09344189391,80022.47759549654,80022.62821360816,0,1
1370835780000,1370835839999,80022.8457690978,80023.25743807248,80020.79386529709,80020.79386529709,0,1
1370835840000,1370835899999,80020.83068946688,80021.14201566462,80020.39213827257,80020.39213827257,0,1
1370835900000,1370835959999,80020.32518219943,80020.78716997892,80018.69466343807,80018.69466343807,0,1
1370835960000,1370836019999,80019.18686035913,80020.43900725701,80018.58416692198,80020.43900725701,0,1
1370836020000,1370836079999,80020.73360727224,80020.9947227576,80020.62982871158,80020.9947227576,0,1
1370836080000,1370836139999,80020.6633057843,80021.19557618382,80019.59867998419,80019.73929743544,0,1
1370836140000,1370836199999,80019.38105384013,80019.86652104465,80019.2906538957,80019.86652104465,0,1
1370836200000,1370836259999,80019.52167435156,80020.85412295886,80019.47814916648,80020.49257154169,0,1
1370836260000,1370836319999,80020.38544268542,80020.38544268542,80019.13998550561,80020.21135584622,0,1
1370836320000,1370836379999,80020.38544268542,80020.70682581128,80020.00713472965,80020.70682581128,0,1
1370836380000,1370836439999,80020.38879047956,80020.79051763857,80019.24712770508,80020.50596256803,0,1
1370836440000,1370836499999,80020.39213827257,80021.05832677905,80020.01048265044,80020.28835616811,0,1
1370836500000,1370836559999,80019.64555268765,80019.84308523826,80019.11654799645,80019.11654799645,0,1
1370836560000,1370836619999,80019.35426875661,80019.35426875661,80018.71475358255,80019.01944915904,0,1
1370836620000,1370836679999,80019.15003013558,80020.4189205763,80019.15003013558,80020.4189205763,0,1
1370836680000,1370836739999,80019.99374303532,80020.8641658672,80019.86652104465,80020.32853001374,0,1
1370836740000,1370836799999,80020.17452939572,80020.53944005542,80018.93239422739,80020.52939682096,0,1
1370836800000,1370836859999,80020.44905058225,80020.55952649406,80020.09083241294,80020.26826918477,0,1
1370836860000,1370836919999,80020.22809509707,80022.38722354063,80019.0328421582,80022.38722354063,0,1
1370836920000,1370836979999,80022.54453715954,80022.54453715954,80020.14439856262,80020.68339197415,0,1
1370836980000,1370837039999,80020.42561614102,80020.42561614102,80018.62769599832,80019.06632457758,0,1
1370837040000,1370837099999,80019.2069495148,80019.2069495148,80018.50380505247,80018.88216988361,0,1
1370837100000,1370837159999,80018.93574250801,80019.2069495148,80018.74154037907,80019.01275265275,0,1
1370837160000,1370837219999,80018.78841710032,80020.27496485038,80018.67792162017,80019.05627986354,0,1
1370837220000,1370837279999,80019.06297634069,80019.3777057086,80018.70136015737,80018.95248389426,0,1
1370837280000,1370837339999,80018.96252871257,80018.98596658272,80018.1187287998,80018.1187287998,0,1
1370837340000,1370837399999,80017.94460249528,80019.54511091123,80017.42555417528,80019.34087618794,0,1
1370837400000,1370837459999,80019.56185127737,80019.56185127737,80018.60090889684,80018.60090889684,0,1
1370837460000,1370837519999,80019.16007475545,80019.47814916648,80018.93909078749,80019.47814916648,0,1
1370837520000,1370837579999,80019.4915415513,80019.4915415513,80018.38995796518,80019.24712770508,0,1
1370837580000,1370837639999,80019.16007475545,80019.18351216259,80019.03953865105,80019.03953865105,0,1
1370837640000,1370837699999,80019.3977944809,80019.74599345522,80018.94913561924,80019.74599345522,0,1
1370837700000,1370837759999,80019.8330413044,80019.8330413044,80019.3777057086,80019.50158582815,0,1
1370837760000,1370837819999,80019.38775009979,80019.7828214839,80018.60760567893,80018.82524865573,0,1
1370837820000,1370837879999,80017.70015083633,80019.06297634069,80017.70015083633,80019.06297634069,0,1
1370837880000,1370837939999,80019.15672654995,80019.15672654995,80017.88097866614,80018.22253342344,0,1
1370837940000,1370837999999,80018.13212300533,80018.21248786178,80017.95464832602,80017.97139135485,0,1
1370838000000,1370838059999,80017.75038111705,80018.3330339355,80017.6499203033,80018.3330339355,0,1
1370838060000,1370838119999,80018.34977633081,80018.75828209046,80017.64322287982,80018.62434761455,0,1
1370838120000,1370838179999,80018.53394082922,80019.05293162327,80017.97473995727,80019.05293162327,0,1
1370838180000,1370838239999,80018.66787651599,80020.90768502004,80018.66787651599,80020.34861687603,0,1
1370838240000,1370838299999,80020.48252826017,80020.84408004045,80019.0328421582,80020.84408004045,0,1
1370838300000,1370838359999,80020.53274456691,80022.44412449698,80018.54733447863,80022.25333766025,0,1
1370838360000,1370838419999,80022.01903305623,80022.21986591008,80020.92107549052,80021.17214349196,0,1
1370838420000,1370838479999,80021.0717170478,80022.2165187289,80021.03824134229,80021.44328985362,0,1
1370838480000,1370838539999,80022.15961647742,80022.2734206566,80021.01480828178,80021.01480828178,0,1
1370838540000,1370838599999,80020.78047465629,80021.00141793682,80020.75369332086,80021.00141793682,0,1
1370838600000,1370838659999,80021.06502191568,80022.09267223763,80020.99807034776,80021.58722876193,0,1
1370838660000,1370838719999,80021.0415889179,80021.5202806902,80020.79721295451,80020.92777071903,0,1
1370838720000,1370838779999,80021.27926392078,80022.1094083396,80019.57859161546,80019.57859161546,0,1
1370838780000,1370838839999,80020.4088772208,80021.47006934226,80019.75938548133,80021.47006934226,0,1
1370838840000,1370838899999,80021.51358585837,80021.51358585837,80020.42561614102,80021.21566130455,0,1
1370838900000,1370838959999,80021.21566130455,80021.55710218512,80020.88425165358,80020.88425165358,0,1
1370838960000,1370839019999,80020.90433739962,80022.79556440489,80020.27161701815,80022.79556440489,0,1
1370839020000,1370839079999,80022.52110762846,80022.84911606836,80021.29600138412,80021.98556052179,0,1
1370839080000,1370839139999,80022.085977789,80022.085977789,80021.21566130455,80021.90857326737,0,1
1370839140000,1370839199999,80021.98556052179,80022.203129993,80021.80145957955,80021.81150153653,0,1
1370839200000,1370839259999,80022.15626927608,80022.56127250529,80020.5996992503,80020.5996992503,0,1
1370839260000,1370839319999,80021.19557618382,80021.19557618382,80019.33083174967,80020.08078872795,0,1
1370839320000,1370839379999,80020.02052640606,80020.78716997892,80019.93348018885,80020.47583273354,0,1
1370839380000,1370839439999,80020.8139512247,80020.82399417336,80019.9468719639,80019.9468719639,0,1
1370839440000,1370839499999,80020.79386529709,80022.91940219144,80020.28500834036,80022.2165187289,0,1
1370839500000,1370839559999,80022.48094259032,80022.77213546196,80022.03576928144,80022.77213546196,0,1
1370839560000,1370839619999,80022.28346213963,80023.15368570061,80022.28346213963,80023.14699196223,0,1
1370839620000,1370839679999,80022.12614441355,80023.2306633699,80022.06924164783,80022.54788423094,0,1
1370839680000,1370839739999,80022.83572817937,80022.83572817937,80021.9420460595,80022.35040510222,0,1
1370839740000,1370839799999,80022.53784301342,80023.03989153885,80022.01568580783,80022.01568580783,0,1
1370839800000,1370839859999,80022.35709937382,80023.05327915451,80022.12614441355,80022.75205346716,0,1
1370839860000,1370839919999,80022.83238120432,80022.83238120432,80022.11610277253,80022.74201245465,0,1
1370839920000,1370839979999,80022.2165187289,80022.22321309015,80021.02150344753,80022.07593610766,0,1
1370839980000,1370840039999,80021.65082901492,80022.49767804249,80021.64748164326,80021.75124964346,0,1
1370840040000,1370840099999,80022.00229680301,80022.47759549654,80021.98221326218,80022.04581100312,0,1
1370840100000,1370840159999,80022.49767804249,80023.19719489083,80022.49767804249,80022.71188935661,0,1
1370840160000,1370840219999,80022.97630011974,80022.97630011974,80022.62486656367,80022.75874746991,0,1
1370840220000,1370840279999,80023.97363476048,80024.25139817601,80023.82303691212,80024.25139817601,0,1
1370840280000,1370840339999,80023.94351537224,80024.51911464822,80023.33776175012,80023.91674250655,0,1
1370840340000,1370840399999,80023.50510067304,80023.50510067304,80020.32853001374,80020.32853001374,0,1
1370840400000,1370840459999,80019.92343634582,80020.43231170125,80017.76042714292,80017.76042714292,0,1
1370840460000,1370840519999,80019.05962810268,80019.05962810268,80017.61978186236,80018.21583638345,0,1
1370840520000,1370840579999,80019.10315510942,80024.02048696186,80018.58081852364,80023.34445536083,0,1
1370840580000,1370840639999,80022.62486656367,80023.56199526893,80021.61066048114,80022.01568580783,0,1
1370840640000,1370840699999,80022.11944998732,80022.11944998732,80021.16210089292,80021.4198577422,0,1
1370840700000,1370840759999,80020.95455158825,80021.5637969878,80020.27496485038,80021.17214349196,0,1
1370840760000,1370840819999,80020.73025959353,80021.55710218512,80020.6633057843,80020.90098977808,0,1
1370840820000,1370840879999,80020.90098977808,80020.90098977808,80020.14105068668,80020.77043166391,0,1
1370840880000,1370840939999,80020.38879047956,80020.38879047956,80019.19690494201,80019.73594942386,0,1
1370840940000,1370840999999,80019.70916529091,80019.70916529091,80019.70916529091,80019.70916529091,0,1
1370841000000,1370841059999,80019.54511091123,80020.99137516633,80019.54511091123,80020.89764215543,0,1
1370841060000,1370841119999,80020.60639469398,80021.04493649237,80020.60639469398,80021.04493649237,0,1
1370841120000,1370841179999,80020.98133238574,80021.2257038498,80020.73025959353,80021.19557618382,0,1
1370841180000,1370841239999,80020.6197855679,80020.90768502004,80019.26386857004,80019.83973726143,0,1
1370841240000,1370841299999,80019.22034226282,80019.71251331146,80018.97592178795,80019.56519934723,0,1
1370841300000,1370841359999,80018.91230452016,80022.44412449698,80018.91230452016,80020.9712895951,0,1
1370841360000,1370841419999,80021.19557618382,80021.53701775015,80020.92442310535,80021.53701775015,0,1
1370841420000,1370841479999,80021.13866812264,80021.13866812264,80019.32078730132,80019.76273348505,0,1
1370841480000,1370841539999,80019.76942948917,80019.76942948917,80018.61765084368,80018.64778627732,0,1
1370841540000,1370841599999,80018.75828209046,80018.75828209046,80018.3062460447,80018.3062460447,0,1
1370841600000,1370841659999,80018.3028975533,80018.59756050412,80017.37197345978,80018.05510607852,0,1
1370841660000,1370841719999,80017.77047315869,80017.94460249528,80017.62982801945,80017.84079498654,0,1
1370841720000,1370841779999,80018.10868313388,80018.13882010136,80017.56955092563,80017.80730846353,0,1
1370841780000,1370841839999,80017.96804275132,80018.69131507674,80017.70015083633,80018.47032074959,0,1
1370841840000,1370841899999,80018.5741217236,80020.75369332086,80017.70349952955,80020.6365241351,0,1
1370841900000,1370841959999,80019.26721673968,80019.26721673968,80017.27150884441,80017.39541505813,0,1
1370841960000,1370842019999,80017.50257595083,80018.08189464208,80016.93327055349,80016.93327055349,0,1
1370842020000,1370842079999,80016.95671318026,80018.0484089264,80016.95671318026,80018.0484089264,0,1
1370842080000,1370842139999,80018.18569964806,80018.18569964806,80017.48248337093,80017.48248337093,0,1
1370842140000,1370842199999,80017.87428139742,80020.08413662406,80017.6164331411,80020.08413662406,0,1
1370842200000,1370842259999,80020.27496485038,80020.27496485038,80019.09311043237,80019.09311043237,0,1
1370842260000,1370842319999,80019.10315510942,80020.53944005542,80018.58416692198,80019.4379719044,0,1
1370842320000,1370842379999,80018.89221477254,80020.5762651621,80018.89221477254,80020.5762651621,0,1
1370842380000,1370842439999,80020.52270132572,80021.03154618775,80020.311790931,80020.65661037872,0,1
1370842440000,1370842499999,80020.4356594797,80020.91438025753,80019.77947348688,80020.36870369797,0,1
1370842500000,1370842559999,80020.4088772208,80020.84073239873,80020.36200809514,80020.36200809514,0,1
1370842560000,1370842619999,80020.311790931,80020.87420876542,80020.311790931,80020.87420876542,0,1
1370842620000,1370842679999,80020.62313328359,80020.77712699329,80018.9223493788,80019.54176283463,0,1
1370842680000,1370842739999,80019.14668192671,80019.85647713434,80019.09980688486,80019.85647713434,0,1
1370842740000,1370842799999,80019.0328421582,80019.99039510892,80019.0328421582,80019.99039510892,0,1
1370842800000,1370842859999,80019.84308523826,80020.53944005542,80018.0082259196,80018.68796671428,0,1
1370842860000,1370842919999,80018.60090889684,80018.97592178795,80017.4657395235,80018.85203515628,0,1
1370842920000,1370842979999,80018.98261831891,80019.56854741597,80018.98261831891,80019.18686035913,0,1
1370842980000,1370843039999,80019.84978118853,80019.84978118853,80017.41885660154,80017.41885660154,0,1
1370843040000,1370843099999,80018.21248786178,80019.12324443324,80018.21248786178,80019.08306574523,0,1
1370843100000,1370843159999,80019.31074284286,80019.40449072934,80018.92904594564,80019.40449072934,0,1
1370843160000,1370843219999,80019.38775009979,80019.80960541955,80019.38775009979,80019.6422046447,0,1
1370843220000,1370843279999,80019.280609407,80019.6924251714,80018.88886647735,80019.32748360134,0,1
1370843280000,1370843339999,80019.4681048661,80019.55180706106,80019.31743914963,80019.50828200711,0,1
1370843340000,1370843399999,80019.853129162,80019.853129162,80019.31074284286,80019.39109822795,0,1
1370843400000,1370843459999,80019.56854741597,80020.19461656734,80019.38440197053,80019.38440197053,0,1
1370843460000,1370843519999,80020.15779005522,80020.33187782692,80018.9156528075,80019.58193967973,0,1
1370843520000,1370843579999,80019.33752804296,80020.49591929997,80019.33752804296,80019.98369925279,0,1
1370843580000,1370843639999,80020.83068946688,80022.42069473062,80020.83068946688,80022.42069473062,0,1
1370843640000,1370843699999,80021.98221326218,80023.74271713229,80021.98221326218,80023.74271713229,0,1
1370843700000,1370843759999,80023.76949046392,80025.82078384841,80023.6423165003,80025.82078384841,0,1
1370843760000,1370843819999,80025.8676273963,80025.95462197452,80024.27482365347,80025.51629543825,0,1
1370843820000,1370843879999,80025.91112478003,80025.9813893848,80023.67578348964,80024.57600347525,0,1
1370843880000,1370843939999,80024.30828852605,80026.59702004676,80024.30828852605,80025.59994702405,0,1
1370843940000,1370843999999,80025.27872111888,80026.17879682289,80025.07460346345,80025.07460346345,0,1
1370844000000,1370844059999,80025.6066391207,80025.83082177,80023.92008911868,80024.42206825518,0,1
1370844060000,1370844119999,80025.16160494082,80025.42595093964,80023.99371430224,80024.60612095852,0,1
1370844120000,1370844179999,80023.82973019799,80025.88770313536,80023.82973019799,80025.01437122804,0,1
1370844180000,1370844239999,80025.93120043176,80025.93120043176,80024.9708699435,80025.66352176126,0,1
1370844240000,1370844299999,80025.29879804028,80025.29879804028,80024.44549333284,80024.53919309471,0,1
1370844300000,1370844359999,80023.98032794554,80024.19450750231,80022.30354507545,80023.71259704855,0,1
1370844360000,1370844419999,80024.12423034091,80024.41872181105,80023.42812511628,80024.02718011558,0,1
1370844420000,1370844479999,80024.13092342518,80025.82747579724,80024.13092342518,80025.63006142364,0,1
1370844480000,1370844539999,80025.50625720093,80025.89774098979,80024.28151663693,80024.28151663693,0,1
1370844540000,1370844599999,80024.83032603859,80029.14278571792,80024.43545402057,80027.89841881809,0,1
1370844600000,1370844659999,80027.7445347336,80028.3366409543,80026.35612560569,80026.35612560569,0,1
1370844660000,1370844719999,80025.53971795281,80026.29590108868,80024.4321075809,80024.4321075809,0,1
1370844720000,1370844779999,80024.26813066551,80025.85089758295,80024.08072518396,80025.80070797498,0,1
1370844780000,1370844839999,80025.53637188267,80026.07172886553,80025.28875958461,80025.67021381533,0,1
1370844840000,1370844899999,80026.03826989375,80027.20592178895,80025.38914368767,80027.08213707464,0,1
1370844900000,1370844959999,80027.51370416675,80029.02905968862,80027.43341402494,80027.94525263464,0,1
1370844960000,1370845019999,80027.07210040903,80027.07210040903,80025.29210573762,80026.41300398315,0,1
1370845020000,1370845079999,80026.16206753012,80026.4966480682,80025.41925872208,80026.27248034523,0,1
1370845080000,1370845139999,80025.9914271452,80026.51337680126,80025.74382611476,80026.24571371412,0,1
1370845140000,1370845199999,80025.93789230673,80028.93874692045,80025.93789230673,80027.91514520632,0,1
1370845200000,1370845259999,80027.75122539522,80027.75122539522,80026.12191711327,80026.87136498133,0,1
1370845260000,1370845319999,80027.09886482828,80027.9887409822,80026.10853360518,80027.79136927087,0,1
1370845320000,1370845379999,80027.96197894454,80029.43043990144,80027.697699977,80029.43043990144,0,1
1370845380000,1370845439999,80029.59098747569,80029.77828972132,80028.31322498994,80028.38681783617,0,1
1370845440000,1370845499999,80028.32660554771,80028.93874692045,80027.81813176512,80028.16603767265,0,1
1370845500000,1370845559999,80027.65755572532,80028.87184804778,80027.64417427228,80028.51393147676,0,1
1370845560000,1370845619999,80028.59421294359,80029.91207489176,80027.65086500105,80029.30333791043,0,1
1370845620000,1370845679999,80029.29664828721,80029.29664828721,80028.2229057566,80028.32326040995,0,1
1370845680000,1370845739999,80028.05230053456,80029.56757444832,80027.65086500105,80029.55419555091,0,1
1370845740000,1370845799999,80028.6209732893,80029.27992420958,80028.6209732893,80028.77484388747,0,1
1370845800000,1370845859999,80029.15951002493,80029.40702649816,80028.61762825001,80028.7781888742,0,1
1370845860000,1370845919999,80029.12271651262,80029.47726654352,80028.88522785813,80028.95212664126,0,1
1370845920000,1370845979999,80028.6410435016,80029.57760860962,80028.6410435016,80029.57760860962,0,1
1370845980000,1370846039999,80029.43712943514,80030.34686433502,80028.97888602922,80029.37692347054,0,1
1370846040000,1370846099999,80028.76815391071,80028.95881649497,80026.95500523256,80027.29959568934,0,1
1370846100000,1370846159999,80027.93856210285,80028.08575276828,80026.68735396609,80027.63748353905,0,1
1370846160000,1370846219999,80028.84508837342,80028.84508837342,80027.01522578028,80028.12255009614,0,1
1370846220000,1370846279999,80027.82816768198,80029.42040559246,80027.82816768198,80028.37343735894,0,1
1370846280000,1370846339999,80029.17957915638,80029.59767690202,80028.29649926753,80029.12271651262,0,1
1370846340000,1370846399999,80029.1327511203,80029.55754027693,80028.64438853307,80029.4438189644,0,1
1370846400000,1370846459999,80029.55754027693,80030.8986852522,80029.15616516577,80029.81173618173,0,1
1370846460000,1370846519999,80030.06258106913,80030.84852097256,80029.29999309938,80030.69133793341,0,1
1370846520000,1370846579999,80030.23984099523,80031.28995799729,80030.23984099523,80030.98898032145,0,1
1370846580000,1370846639999,80030.80504505997,80030.97225907384,80030.41709777928,80030.41709777928,0,1
1370846640000,1370846699999,80030.31676413647,80030.8451766783,80030.30004176479,80030.53749682184,0,1
1370846700000,1370846759999,80030.01910173944,80031.15619125972,80030.01910173944,80031.13278189668,0,1
1370846760000,1370846819999,80030.87861957055,80031.49060474864,80030.33683094557,80031.15619125972,0,1
1370846820000,1370846879999,80030.64451697607,80031.14615868227,80030.64451697607,80031.09599564403,0,1
1370846880000,1370846939999,80031.24313984267,80031.24313984267,80030.35020879592,80030.76825760168,0,1
1370846940000,1370846999999,80030.43716438704,80031.50063698055,80030.43716438704,80030.67127183569,0,1
1370847000000,1370847059999,80030.3234530773,80030.93547223069,80030.04920283396,80030.04920283396,0,1
1370847060000,1370847119999,80030.57094074307,80031.40031420875,80030.08599293757,80031.40031420875,0,1
1370847120000,1370847179999,80030.59100704211,80031.37021718094,80030.07261473374,80030.8618981384,0,1
1370847180000,1370847239999,80030.69802662371,80030.69802662371,80029.30668272037,80029.32675155648,0,1
1370847240000,1370847299999,80029.56757444832,80029.82845936998,80029.4103712734,80029.53412717125,0,1
1370847300000,1370847359999,80029.5943321894,80031.17960056796,80029.5943321894,80030.05254739444,0,1
1370847360000,1370847419999,80030.12947197641,80030.12947197641,80029.32340675326,80029.35685473512,0,1
1370847420000,1370847479999,80029.41371604754,80029.57426389029,80028.70459890811,80029.52743770242,0,1
1370847480000,1370847539999,80029.01902497686,80029.4438189644,80028.68787384029,80029.20633793568,0,1
1370847540000,1370847599999,80029.8685949077,80030.57428512904,80029.3200619489,80030.32010860744,0,1
1370847600000,1370847659999,80030.28666384732,80030.28666384732,80025.51964151513,80027.37319599552,0,1
1370847660000,1370847719999,80026.02488627369,80027.60737518409,80023.52183441131,80025.54641008975,0,1
1370847720000,1370847779999,80024.00375405801,80025.67355984071,80023.6423165003,80024.59942819229,0,1
1370847780000,1370847839999,80025.53971795281,80028.07906233051,80024.93406101647,80028.07906233051,0,1
1370847840000,1370847899999,80028.35002148074,80029.64784745683,80027.7445347336,80028.78153385979,0,1
1370847900000,1370847959999,80029.20299309219,80030.94884928022,80029.05581887068,80029.89535184334,0,1
1370847960000,1370848019999,80029.55419555091,80031.47722842381,80029.55419555091,80030.88196385361,0,1
1370848020000,1370848079999,80030.64786133743,80030.64786133743,80027.61741131249,80030.45388652942,0,1
1370848080000,1370848139999,80031.39362598817,80032.50715308641,80030.96557056697,80031.53742174468,0,1
1370848140000,1370848199999,80031.59427065951,80032.18614898555,80028.98223094767,80032.18614898555,0,1
1370848200000,1370848259999,80032.15271046579,80032.95854767006,80030.3234530773,80032.73786841931,0,1
1370848260000,1370848319999,80033.19593960866,80033.40657844115,80031.46719616844,80031.46719616844,0,1
1370848320000,1370848379999,80030.56090757845,80034.91435544746,80030.56090757845,80034.12539184435,0,1
1370848380000,1370848439999,80033.06888546921,80034.0184089362,80032.18614898555,80032.18614898555,0,1
1370848440000,1370848499999,80033.00870136604,80033.88133541247,80031.61099086708,80033.88133541247,0,1
1370848500000,1370848559999,80033.63392966233,80033.76431994219,80032.86158314452,80033.05885481052,0,1
1370848560000,1370848619999,80033.23940512788,80037.24745135932,80033.23940512788,80035.82693485377,0,1
1370848620000,1370848679999,80035.89044460663,80039.08212580916,80035.31215670968,80038.13642491293,0,1
1370848680000,1370848739999,80037.37779453116,80038.92173054176,80035.97735203584,80036.52551995184,0,1
1370848740000,1370848799999,80035.4191257779,80035.70325680911,80033.2929008922,80034.89764076228,0,1
1370848800000,1370848859999,80034.47307839159,80035.68988611807,80032.45699687488,80033.00201422113,0,1
1370848860000,1370848919999,80032.68102600536,80032.68102600536,80031.01907849668,80032.3098705365,0,1
1370848920000,1370848979999,80032.17946129054,80032.83817777336,80031.01907849668,80031.08930721993,0,1
1370848980000,1370849039999,80031.98886010262,80034.88426899404,80031.98886010262,80034.88426899404,0,1
1370849040000,1370849099999,80035.57957723482,80036.17121973317,80032.9083937225,80033.76766326033,0,1
1370849100000,1370849159999,80034.07524374867,80034.80069503734,80031.31671113009,80032.56065276808,0,1
1370849160000,1370849219999,80032.5439341483,80036.35839877128,80032.23296272538,80035.53946461194,0,1
1370849220000,1370849279999,80035.72331281217,80035.72331281217,80032.49043437718,80032.49043437718,0,1
1370849280000,1370849339999,80032.57402764379,80034.21231461447,80031.55748610447,80032.38677775612,0,1
1370849340000,1370849399999,80032.58405878881,80034.45970605561,80030.9421607577,80033.15916094482,0,1
1370849400000,1370849459999,80032.51384056227,80035.75673939452,80032.50715308641,80034.57002729266,0,1
1370849460000,1370849519999,80033.90139506989,80034.5365967433,80031.49729290437,80032.1660858871,0,1
1370849520000,1370849579999,80032.17611744136,80033.19593960866,80032.1560543228,80032.31321434095,0,1
1370849580000,1370849639999,80032.70443174435,80034.81072394903,80031.05920925607,80033.20262662391,0,1
1370849640000,1370849699999,80032.73452475683,80035.40241193642,80032.65093283188,80033.35308328496,0,1
1370849700000,1370849759999,80033.23940512788,80034.16885332385,80031.33008766964,80031.4270670463,0,1
1370849760000,1370849819999,80032.47037188923,80033.28955741531,80031.33677593271,80031.33677593271,0,1
1370849820000,1370849879999,80031.25651648064,80032.15939817867,80029.61105574125,80029.61105574125,0,1
1370849880000,1370849939999,80029.16285488295,80030.9187508936,80028.72132394796,80030.9187508936,0,1
1370849940000,1370849999999,80030.59769579952,80033.17253502006,80029.61440044825,80032.30652673091,0,1
1370850000000,1370850059999,80032.62083956784,80032.62083956784,80029.5307824374,80029.80170225534,0,1
1370850060000,1370850119999,80029.67794966887,80029.76156644916,80027.6609010858,80028.31991527106,0,1
1370850120000,1370850179999,80028.04561007439,80028.04561007439,80024.39529667069,80025.50625720093,0,1
1370850180000,1370850239999,80026.46319051814,80026.46319051814,80023.0030755034,80023.0030755034,0,1
1370850240000,1370850299999,80024.0840717412,80026.3494340106,80024.0840717412,80024.45887906686,0,1
1370850300000,1370850359999,80024.48230405829,80024.92067591849,80024.27817014576,80024.92067591849,0,1
1370850360000,1370850419999,80024.56596429399,80026.33605080697,80024.34175328666,80026.00481081002,0,1
1370850420000,1370850479999,80026.58698289422,80031.00904578167,80026.58698289422,80030.59435142137,0,1
1370850480000,1370850539999,80030.45054210316,80032.94517330863,80029.43378466884,80032.94517330863,0,1
1370850540000,1370850599999,80034.1387646274,80034.1387646274,80031.01907849668,80031.28661385067,0,1
1370850600000,1370850659999,80031.70462351276,80033.06219836454,80030.38365334352,80033.06219836454,0,1
1370850660000,1370850719999,80032.72449376274,80032.89501929401,80030.9923245676,80032.47371564001,0,1
1370850720000,1370850779999,80032.21289972085,80032.86158314452,80030.6545500568,80031.84172687649,0,1
1370850780000,1370850839999,80031.34680831892,80031.34680831892,80029.38026825586,80030.34686433502,0,1
1370850840000,1370850899999,80030.71474832986,80031.37356129961,80029.45385324988,80031.17291219978,0,1
1370850900000,1370850959999,80031.6043027874,80035.95395395612,80030.57094074307,80034.60011469155,0,1
1370850960000,1370851019999,80034.57671338912,80035.7801379357,80034.0184089362,80035.13832953332,0,1
1370851020000,1370851079999,80035.57957723482,80035.57957723482,80033.754289981,80034.92438424515,0,1
1370851080000,1370851139999,80035.19515798111,80035.92052803298,80032.90170651049,80034.47642147279,0,1
1370851140000,1370851199999,80034.52656755668,80035.85367585151,80033.07891611787,80033.07891611787,0,1
1370851200000,1370851259999,80033.71751337066,80035.49600908892,80032.8649267645,80032.8649267645,0,1
1370851260000,1370851319999,80033.61721283685,80034.04849799481,80030.52411922203,80032.47371564001,0,1
1370851320000,1370851379999,80032.05573812613,80035.39238361812,80032.05573812613,80035.39238361812,0,1
1370851380000,1370851439999,80037.62176564566,80037.62176564566,80033.82115619877,80034.04515477055,0,1
1370851440000,1370851499999,80035.83362010992,80036.98341767662,80035.5026945663,80036.4787263028,0,1
1370851500000,1370851559999,80036.07094380724,80036.7394309876,80035.47595262999,80036.11773936449,0,1
1370851560000,1370851619999,80036.5221775556,80042.28615054599,80035.69991413804,80042.28615054599,0,1
1370851620000,1370851679999,80041.51447201618,80043.75584969454,80039.56663755591,80041.9520978859,0,1
1370851680000,1370851739999,80041.65812231391,80042.5233211607,80040.72602898697,80042.5233211607,0,1
1370851740000,1370851799999,80042.8105907104,80042.8105907104,80040.3351252827,80042.36632152395,0,1
1370851800000,1370851859999,80042.32623611532,80042.9642431286,80039.84730948452,80042.52666155172,0,1
1370851860000,1370851919999,80042.07569867071,80044.12324073391,80041.02337285431,80041.4910868887,0,1
1370851920000,1370851979999,80041.51447201618,80041.51447201618,80037.14050184684,80037.37779453116,0,1
1370851980000,1370852039999,80037.20734542618,80037.5348725065,80032.39346531249,80033.17253502006,0,1
1370852040000,1370852099999,80033.73088669918,80034.4998230099,80029.9221087074,80031.98886010262,0,1
1370852100000,1370852159999,80030.82176658716,80034.21565778284,80029.69801775992,80032.65093283188,0,1
1370852160000,1370852219999,80033.19928311685,80036.22469981587,80033.19928311685,80036.22469981587,0,1
1370852220000,1370852279999,80037.1237908822,80037.1237908822,80032.06911367716,80036.56562861959,0,1
1370852280000,1370852339999,80036.09434161324,80037.30092568664,80033.7007966849,80034.10198943099,0,1
1370852340000,1370852399999,80032.80808507279,80034.38615788808,80032.59074621325,80034.00169275342,0,1
1370852400000,1370852459999,80034.50985222333,80036.24475477313,80032.64424544771,80032.71111908829,0,1
1370852460000,1370852519999,80034.06521409933,80037.27084641269,80033.56371880745,80037.27084641269,0,1
1370852520000,1370852579999,80037.85904691035,80037.85904691035,80035.5628636615,80036.17456224673,0,1
1370852580000,1370852639999,80036.49543834545,80039.16900550484,80035.36564138682,80036.02414803102,0,1
1370852640000,1370852699999,80037.39116296553,80038.66108274508,80033.69411000276,80033.8178128985,0,1
1370852700000,1370852759999,80033.97494680285,80035.79016586515,80033.2661530458,80034.3828147767,0,1
1370852760000,1370852819999,80035.61968969679,80037.77549781148,80033.80778299097,80033.80778299097,0,1
1370852820000,1370852879999,80033.76431994219,80034.74386434784,80032.28312006059,80032.28312006059,0,1
1370852880000,1370852939999,80032.43024679253,80032.48374688567,80031.97882836052,80032.0858330908,0,1
1370852940000,1370852999999,80032.03901866218,80033.72754336873,80032.03901866218,80033.17587853607,0,1
1370853000000,1370853059999,80032.8047414338,80034.94778473397,80032.7579303706,80032.91173732682,0,1
1370853060000,1370853119999,80033.23940512788,80034.18891240454,80032.70777541689,80034.18891240454,0,1
1370853120000,1370853179999,80033.65733317111,80034.24908940514,80033.64395974422,80033.7509466584,0,1
1370853180000,1370853239999,80034.05184121794,80034.93775595976,80033.2862139373,80034.30926604365,0,1
1370853240000,1370853299999,80034.41290273886,80034.6302019999,80034.05518443997,80034.58674252544,0,1
1370853300000,1370853359999,80033.98831978707,80035.38569806701,80033.98497654269,80034.47307839159,0,1
1370853360000,1370853419999,80034.5332536822,80034.81406691736,80033.71751337066,80033.84455926936,0,1
1370853420000,1370853479999,80033.71417003576,80035.63306048169,80033.70414002429,80034.60680076788,0,1
1370853480000,1370853539999,80034.27583462252,80037.50145186733,80034.10867584038,80036.36842612087,0,1
1370853540000,1370853599999,80036.4085354187,80038.25673105195,80035.37232695134,80037.3243206149,0,1
1370853600000,1370853659999,80038.28012374425,80039.60339266149,80036.68261131502,80037.46134695287,0,1
1370853660000,1370853719999,80036.07428635431,80040.56900113005,80035.99406491639,80035.99406491639,0,1
1370853720000,1370853779999,80036.24475477313,80038.82482382099,80036.12442442622,80036.12442442622,0,1
1370853780000,1370853839999,80036.29823446253,80036.29823446253,80032.7211500958,80035.43583959145,0,1
1370853840000,1370853899999,80034.36275608497,80036.66255723583,80034.36275608497,80035.82359222404,0,1
1370853900000,1370853959999,80035.57957723482,80038.4104534567,80035.57957723482,80038.4104534567,0,1
1370853960000,1370854019999,80039.11219963539,80039.24585999106,80036.25143974993,80037.45466278483,0,1
1370854020000,1370854079999,80037.44463652438,80039.30600656828,80037.00347111234,80038.28680736056,0,1
1370854080000,1370854139999,80038.13976676967,80039.82392045803,80037.80223359907,80038.41379522186,0,1
1370854140000,1370854199999,80038.81145730305,80039.69360916606,80037.04023564004,80037.99272401664,0,1
1370854200000,1370854259999,80037.78552374021,80039.19573756705,80037.78552374021,80038.16984343008,0,1
1370854260000,1370854319999,80037.78218176508,80038.47060505878,80037.16723933218,80037.16723933218,0,1
1370854320000,1370854379999,80037.19731891775,80039.05539344325,80037.15721278355,80037.72202602186,0,1
1370854380000,1370854439999,80037.37445241978,80037.568293034,80036.75280027538,80037.568293034,0,1
1370854440000,1370854499999,80037.2407670483,80037.40118927961,80034.21231461447,80034.21231461447,0,1
1370854500000,1370854559999,80034.48645070968,80037.79889162953,80034.41624584017,80036.77619648604,0,1
1370854560000,1370854619999,80036.0843139888,80036.62579131959,80035.66648736573,80036.50880795947,0,1
1370854620000,1370854679999,80036.37176856848,80036.61242186198,80035.30881390786,80035.74002611732,0,1
1370854680000,1370854739999,80035.43249683098,80037.99940782507,80035.43249683098,80037.91585989887,0,1
1370854740000,1370854799999,80037.2407670483,80038.75130775121,80037.2407670483,80038.75130775121,0,1
1370854800000,1370854859999,80038.67110778597,80039.9542300519,80037.01349781512,80037.64515982334,0,1
1370854860000,1370854919999,80038.17986896342,80038.18321080566,80037.15721278355,80037.36108396306,0,1
1370854920000,1370854979999,80037.95262107239,80037.97601447608,80036.15116462843,80036.53554713386,0,1
1370854980000,1370855039999,80037.0836844531,80038.94846326497,80037.0836844531,80038.06290378213,0,1
1370855040000,1370855099999,80038.00274972759,80038.11637374906,80037.08702666167,80037.08702666167,0,1
1370855100000,1370855159999,80036.87980761808,80038.8448735644,80036.87980761808,80037.60839751955,0,1
1370855160000,1370855219999,80037.3243206149,80039.1857130521,80037.29758354955,80038.10300628413,0,1
1370855220000,1370855279999,80038.95848801777,80039.67021978006,80037.7654718727,80039.63012356251,0,1
1370855280000,1370855339999,80038.95180485037,80041.54453852832,80038.95180485037,80039.57332031243,0,1
1370855340000,1370855399999,80039.98096001512,80040.51554427574,80039.98096001512,80040.21150298225,0,1
1370855400000,1370855459999,80040.59907048501,80040.84630397569,80039.44634717493,80039.44634717493,0,1
1370855460000,1370855519999,80039.61007539343,80039.82726175086,80039.3962257558,80039.52654092302,0,1
1370855520000,1370855579999,80039.79384877214,80039.79384877214,80037.64850184426,80038.16984343008,0,1
1370855580000,1370855639999,80038.2099455032,80039.22246955779,80037.41455768273,80037.41455768273,0,1
1370855640000,1370855699999,80037.72202602186,80039.17234701653,80037.18395022422,80039.17234701653,0,1
1370855700000,1370855759999,80039.04202723349,80039.70363317188,80037.92254375867,80038.006091629,0,1
1370855760000,1370855819999,80038.14645047979,80039.1756885271,80037.51816220088,80037.94593723273,0,1
1370855820000,1370855879999,80038.08963880132,80038.30685818272,80034.07858696286,80034.54996897645,0,1
1370855880000,1370855939999,80034.35606984544,80034.90098370156,80032.00892355663,80032.56734020816,0,1
1370855940000,1370855999999,80032.09586472556,80033.17587853607,80032.0824892103,80032.0824892103,0,1
1370856000000,1370856059999,80032.47371564001,80033.25277909578,80031.12943769748,80032.06576979108,0,1
1370856060000,1370856119999,80032.33327714421,80032.70108807071,80031.21638651306,80031.41034653121,0,1
1370856120000,1370856179999,80031.1194050932,80032.48040313822,80031.1194050932,80031.206353996,0,1
1370856180000,1370856239999,80031.40700242485,80032.46368438429,80030.45054210316,80031.07927457537,0,1
1370856240000,1370856299999,80031.58758256867,80032.0490503439,80030.31676413647,80030.96557056697,0,1
1370856300000,1370856359999,80031.15953544997,80032.99198349532,80030.95553779828,80032.10589635024,0,1
1370856360000,1370856419999,80033.10900800343,80034.10198943099,80032.68102600536,80033.94485752293,0,1
1370856420000,1370856479999,80033.56706219267,80036.53888952563,80033.56706219267,80036.2581247223,0,1
1370856480000,1370856539999,80035.30881390786,80037.48808358038,80034.52656755668,80035.14167239214,0,1
1370856540000,1370856599999,80035.31884230996,80035.94058360027,80032.66430758683,80032.7846795764,0,1
1370856600000,1370856659999,80032.66765127277,80032.79136686669,80030.88196385361,80032.79136686669,0,1
1370856660000,1370856719999,80033.1625044653,80033.17587853607,80032.75458671486,80033.13241274073,0,1
1370856720000,1370856779999,80033.86796228516,80034.79400909065,80033.27618349658,80034.70709137664,0,1
1370856780000,1370856839999,80033.82115619877,80034.16551013982,80032.60746475476,80032.90170651049,0,1
1370856840000,1370856899999,80033.21265713841,80034.23571676963,80032.61749586626,80032.61749586626,0,1
1370856900000,1370856959999,80032.46702813731,80034.38615788808,80030.63113951942,80034.02175216941,0,1
1370856960000,1370857019999,80034.3393542271,80035.26201456506,80033.63392966233,80033.73757335673,0,1
1370857020000,1370857079999,80033.87464885105,80034.06521409933,80032.85823952341,80033.20931363471,0,1
1370857080000,1370857139999,80032.63755805905,80032.89836290281,80030.98229182577,80032.40015286437,0,1
1370857140000,1370857199999,80032.47371564001,80032.62083956784,80030.96557056697,80031.96545268873,0,1
1370857200000,1370857259999,80032.22961889408,80032.58405878881,80031.46719616844,80032.34330853073,0,1
1370857260000,1370857319999,80032.52387176767,80033.55034525538,80031.9855161897,80031.9855161897,0,1
1370857320000,1370857379999,80031.97214052685,80032.13933502657,80031.0391438965,80032.13933502657,0,1
1370857380000,1370857439999,80031.26320479292,80032.48040313822,80031.05920925607,80031.35349657081,0,1
1370857440000,1370857499999,80031.14950287588,80033.07222901988,80031.14950287588,80032.46702813731,0,1
1370857500000,1370857559999,80032.396809089,80032.396809089,80031.02576696775,80031.1996656457,0,1
1370857560000,1370857619999,80031.2498281639,80032.34999611617,80031.21973068318,80032.34999611617,0,1
1370857620000,1370857679999,80032.00892355663,80032.51718429851,80031.42372294553,80032.24633803937,0,1
1370857680000,1370857739999,80032.59743363321,80032.92511173297,80031.7748474217,80031.98886010262,0,1
1370857740000,1370857799999,80032.60746475476,80035.89044460663,80032.3098705365,80035.86036108976,0,1
1370857800000,1370857859999,80035.84364798573,80039.97761877363,80035.84364798573,80039.67690246736,0,1
1370857860000,1370857919999,80039.07544272438,80039.14227337118,80036.211329822,80036.211329822,0,1
1370857920000,1370857979999,80035.8503332307,80038.30351638183,80035.8503332307,80037.13715965614,0,1
1370857980000,1370858039999,80037.56495098629,80037.71534202805,80036.9767331891,80037.71534202805,0,1
1370858040000,1370858099999,80038.78138257236,80039.29932363311,80037.87241470141,80038.77804093003,0,1
1370858100000,1370858159999,80039.02866100588,80039.87738100966,80039.02866100588,80039.19573756705,0,1
1370858160000,1370858219999,80039.56663755591,80040.58236529898,80037.09705328067,80037.46468903522,0,1
1370858220000,1370858279999,80037.37111030727,80037.37111030727,80036.19461730453,80036.19461730453,0,1
1370858280000,1370858339999,80036.47204147793,80037.40453138207,80035.81356432811,80037.31429422378,0,1
1370858340000,1370858399999,80037.34771548846,80038.28012374425,80037.13381746433,80038.28012374425,0,1
1370858400000,1370858459999,80037.34103124446,80038.22999647948,80035.6230323947,80035.86704632355,0,1
1370858460000,1370858519999,80035.67985808806,80037.0803422434,80035.35895581782,80037.0803422434,0,1
1370858520000,1370858579999,80037.41455768273,80037.60839751955,80037.06028896185,80037.5716350806,0,1
1370858580000,1370858639999,80037.4078734834,80038.03282680009,80037.05026230596,80037.91920182933,0,1
1370858640000,1370858699999,80037.60171344978,80037.89580829274,80035.37566973193,80035.37566973193,0,1
1370858700000,1370858759999,80035.42581130666,80037.19063457323,80034.5198814267,80037.19063457323,0,1
1370858760000,1370858819999,80037.50145186733,80037.50145186733,80036.07094380724,80036.07094380724,0,1
1370858820000,1370858879999,80036.00743520075,80037.49810979726,80036.00743520075,80036.61910659302,0,1
1370858880000,1370858939999,80036.30157693363,80036.38848078989,80034.64357410787,80034.93107010469,0,1
1370858940000,1370858999999,80034.61014380438,80034.74052135606,80029.99234513492,80030.44050881774,0,1
1370859000000,1370859059999,80030.8886524164,80032.45030936101,80030.30338624137,80032.45030936101,0,1
1370859060000,1370859119999,80032.06911367716,80032.23296272538,80030.37361999098,80030.45054210316,0,1
1370859120000,1370859179999,80030.89199669614,80032.3667150602,80030.68464923864,80032.3667150602,0,1
1370859180000,1370859239999,80032.72449376274,80032.72449376274,80030.29000832837,80030.89534097473,0,1
1370859240000,1370859299999,80030.8986852522,80030.8986852522,80029.58095332781,80030.40037557538,0,1
1370859300000,1370859359999,80030.35355325573,80031.62102297817,80030.35355325573,80031.44044343823,0,1
1370859360000,1370859419999,80031.32005526664,80031.5441098691,80030.45723095452,80030.45723095452,0,1
1370859420000,1370859479999,80032.34665232402,80033.19259609937,80031.34680831892,80031.34680831892,0,1
1370859480000,1370859539999,80030.80838936764,80031.9955479251,80030.39034223961,80031.9955479251,0,1
1370859540000,1370859599999,80031.84172687649,80032.46702813731,80031.51066920237,80031.68121543352,0,1
1370859600000,1370859659999,80031.96210876798,80033.90473834221,80030.96557056697,80032.88164484763,0,1
1370859660000,1370859719999,80033.07222901988,80034.48979378642,80032.65427652231,80032.65427652231,0,1
1370859720000,1370859779999,80032.70777541689,80033.91142488351,80032.64090175394,80032.88833207305,0,1
1370859780000,1370859839999,80033.14913037668,80033.16584798467,80030.97894757624,80033.16584798467,0,1
1370859840000,1370859899999,80032.92845533171,80033.24609211407,80032.39346531249,80032.58071507492,0,1
1370859900000,1370859959999,80032.91842453214,80033.28955741531,80032.64424544771,80032.64424544771,0,1
1370859960000,1370860019999,80032.37005884564,80032.72449376274,80029.89535184334,80029.89535184334,0,1
1370860020000,1370860079999,80029.79166831891,80030.98563607417,80027.34643231051,80030.35020879592,0,1
1370860080000,1370860139999,80030.22311849492,80032.25636951311,80028.65442362076,80031.6444311983,0,1
1370860140000,1370860199999,80031.94204522003,80033.10566446507,80031.10268406366,80033.10566446507,0,1
1370860200000,1370860259999,80033.82449949792,80035.79350850606,80031.78822334844,80034.10867584038,0,1
1370860260000,1370860319999,80033.76766326033,80034.22903044517,80031.8584466703,80031.8584466703,0,1
1370860320000,1370860379999,80032.33662094084,80032.34999611617,80029.12271651262,80031.08930721993,0,1
1370860380000,1370860439999,80031.09933985441,80031.40700242485,80030.66123877172,80031.22976318683,0,1
1370860440000,1370860499999,80031.0658977003,80032.59743363321,80030.35689771439,80032.29649530748,0,1
1370860500000,1370860559999,80032.38343397627,80035.25867174646,80031.18963311186,80035.25867174646,0,1
1370860560000,1370860619999,80035.35895581782,80037.6351337539,80034.85083949516,80036.18458978066,0,1
1370860620000,1370860679999,80035.35561303166,80035.89044460663,80033.71751337066,80035.57289180884,0,1
1370860680000,1370860739999,80035.83362010992,80036.50880795947,80034.36944232002,80034.53993980326,0,1
1370860740000,1370860799999,80036.48206871358,80036.48206871358,80034.19225558073,80034.42627513742,0,1
1370860800000,1370860859999,80034.64357410787,80034.64357410787,80033.51691129697,80033.51691129697,0,1
1370860860000,1370860919999,80033.32633559954,80034.12873504178,80031.1194050932,80034.12873504178,0,1
1370860920000,1370860979999,80034.66028921773,80034.66028921773,80033.70414002429,80034.27249147427,0,1
1370860980000,1370861039999,80033.84790256068,80034.26580517438,80032.63421436305,80032.77799228167,0,1
1370861040000,1370861099999,80032.87495761774,80033.13241274073,80032.64090175394,80033.13241274073,0,1
1370861100000,1370861159999,80032.73786841931,80034.56668424276,80032.73786841931,80034.56668424276,0,1
1370861160000,1370861219999,80034.75389331652,80034.94778473397,80033.97494680285,80034.43296132999,0,1
1370861220000,1370861279999,80034.2858640606,80034.2858640606,80032.63755805905,80033.69745334439,0,1
1370861280000,1370861339999,80033.86461900055,80034.27249147427,80032.8482086534,80032.8482086534,0,1
1370861340000,1370861399999,80033.09897738497,80033.17922205095,80032.81142871066,80033.17922205095,0,1
1370861400000,1370861459999,80032.81142871066,80034.09530301711,80032.53055923234,80032.55396532353,0,1
1370861460000,1370861519999,80032.32658954759,80032.59408992378,80031.00904578167,80031.17960056796,0,1
1370861520000,1370861579999,80031.06924192075,80033.1625044653,80031.06924192075,80032.68102600536,0,1
1370861580000,1370861639999,80032.51718429851,80035.57957723482,80032.51718429851,80033.64061638471,0,1
1370861640000,1370861699999,80034.12204864579,80034.28920720438,80032.8147723474,80034.14210782034,0,1
1370861700000,1370861759999,80033.85793242796,80034.96449933534,80033.85793242796,80034.77395122369,0,1
1370861760000,1370861819999,80034.59677165169,80034.80738097959,80032.45699687488,80033.12238214574,0,1
1370861820000,1370861879999,80032.7880232221,80034.12204864579,80031.40365831734,80033.73423002851,0,1
1370861880000,1370861939999,80034.77729420432,80034.77729420432,80032.04236255721,80033.54700186459,0,1
1370861940000,1370861999999,80033.72420003716,80034.25577571618,80031.96879660836,80032.75458671486,0,1
1370862000000,1370862059999,80033.63058629948,80036.30826187246,80032.76796133116,80035.77679529031,0,1
1370862060000,1370862119999,80035.00461426462,80035.55952094348,80033.50353768232,80034.36609920305,0,1
1370862120000,1370862179999,80034.82743877948,80034.82743877948,80033.66736322951,80034.61014380438,0,1
1370862180000,1370862239999,80033.63392966233,80035.23527198512,80033.63392966233,80034.48979378642,0,1
1370862240000,1370862299999,80034.41624584017,80034.74386434784,80033.75763330252,80034.59677165169,0,1
1370862300000,1370862359999,80034.71377738146,80037.35105760879,80034.56334119174,80037.35105760879,0,1
1370862360000,1370862419999,80037.19397674604,80037.58166121373,80036.99010215966,80036.99010215966,0,1
1370862420000,1370862479999,80036.89986126158,80038.5608317835,80036.22135731905,80038.20660366993,0,1
1370862480000,1370862539999,80038.7011828483,80038.90168095245,80037.4178997807,80038.00274972759,0,1
1370862540000,1370862599999,80037.7320520042,80037.98604020379,80037.09705328067,80037.09705328067,0,1
1370862600000,1370862659999,80037.60839751955,80038.0996644151,80036.00409263134,80037.53153044762,0,1
1370862660000,1370862719999,80037.19397674604,80039.11219963539,80037.19397674604,80038.86826488092,0,1
1370862720000,1370862779999,80039.2759333249,80042.59346913784,80038.82148219319,80042.59346913784,0,1
1370862780000,1370862839999,80041.24052851935,80042.29951242027,80040.90644092757,80042.29951242027,0,1
1370862840000,1370862899999,80041.37750120585,80042.56674615695,80040.8663496665,80041.48440541366,0,1
1370862900000,1370862959999,80041.0300546374,80041.58462707055,80040.91646371773,80041.58462707055,0,1
1370862960000,1370863019999,80041.01000927476,80041.01000927476,80038.6844744915,80038.6844744915,0,1
1370863020000,1370863079999,80039.2258110516,80039.3828600016,80037.12713307735,80037.69194801454,0,1
1370863080000,1370863139999,80038.33693434055,80040.44538172081,80037.66521193211,80039.01195319623,0,1
1370863140000,1370863199999,80037.98938211078,80038.74796609883,80037.47805735344,80038.74796609883,0,1
1370863200000,1370863259999,80038.31688357872,80039.70697450492,80037.82228539285,80039.28261627568,0,1
1370863260000,1370863319999,80038.45055456496,80039.0453687876,80038.44052930297,80038.60761569065,0,1
1370863320000,1370863379999,80038.65774106256,80039.29932363311,80035.5060373033,80035.5060373033,0,1
1370863380000,1370863439999,80034.16551013982,80035.64977393768,80032.69440072007,80032.69440072007,0,1
1370863440000,1370863499999,80032.69440072007,80033.21265713841,80032.0022357431,80033.11903861184,0,1
1370863500000,1370863559999,80034.29255034705,80034.70374837254,80032.17946129054,80033.8947085219,0,1
1370863560000,1370863619999,80033.93817100399,80034.17553968856,80032.85823952341,80033.69745334439,0,1
1370863620000,1370863679999,80033.44335619503,80035.67985808806,80033.44335619503,80035.67985808806,0,1
1370863680000,1370863739999,80036.05757360782,80036.6090794948,80035.65980199786,80036.6090794948,0,1
1370863740000,1370863799999,80037.77549781148,80037.77549781148,80035.75339674132,80036.5221775556,0,1
1370863800000,1370863859999,80036.04420339051,80036.74277331121,80036.04420339051,80036.12442442622,0,1
1370863860000,1370863919999,80036.44864455567,80036.61576422806,80034.30592290655,80034.81072394903,0,1
1370863920000,1370863979999,80034.82075285065,80034.82075285065,80032.64758914035,80032.64758914035,0,1
1370863980000,1370864039999,80033.13909979847,80035.89378721402,80033.09897738497,80034.47642147279,0,1
1370864040000,1370864099999,80035.2954426894,80035.2954426894,80034.30257976837,80034.80069503734,0,1
1370864100000,1370864159999,80034.87758310321,80034.8909548804,80032.84152140116,80032.84152140116,0,1
1370864160000,1370864219999,80033.08894675644,80034.90098370156,80031.97548444424,80032.65093283188,0,1
1370864220000,1370864279999,80032.93179892932,80033.08225966517,80031.28995799729,80031.28995799729,0,1
1370864280000,1370864339999,80031.11606088952,80033.23940512788,80031.11606088952,80032.92845533171,0,1
1370864340000,1370864399999,80032.83483414442,80033.17253502006,80032.68102600536,80033.04548058324,0,1
1370864400000,1370864459999,80033.1859090774,80033.1859090774,80032.48374688567,80032.7579303706,0,1
1370864460000,1370864519999,80032.70108807071,80033.06888546921,80032.62752696768,80032.93514252584,0,1
1370864520000,1370864579999,80032.95186049158,80033.06888546921,80031.77819140506,80031.96545268873,0,1
1370864580000,1370864639999,80032.41018418383,80033.26280955998,80032.10589635024,80033.12238214574,0,1
1370864640000,1370864699999,80032.94517330863,80033.93817100399,80032.70108807071,80033.93148448058,0,1
1370864700000,1370864759999,80034.00837922988,80034.43296132999,80032.62752696768,80033.08225966517,0,1
1370864760000,1370864819999,80032.91173732682,80034.9344130328,80032.75458671486,80034.55999813958,0,1
1370864820000,1370864879999,80034.45970605561,80034.90766957673,80034.45970605561,80034.90766957673,0,1
1370864880000,1370864939999,80034.81406691736,80034.844153582,80032.58071507492,80034.0184089362,0,1
1370864940000,1370864999999,80033.77100657737,80034.20897144497,80033.63727302408,80033.63727302408,0,1
1370865000000,1370865059999,80033.88802196941,80034.93775595976,80033.73757335673,80034.93775595976,0,1
1370865060000,1370865119999,80034.3828147767,80034.87758310321,80033.63727302408,80033.77100657737,0,1
1370865120000,1370865179999,80034.17553968856,80034.17553968856,80032.66430758683,80033.20597012987,0,1
1370865180000,1370865239999,80032.83817777336,80034.37278543586,80032.83817777336,80033.75763330252,0,1
1370865240000,1370865299999,80034.16885332385,80034.25243256123,80033.67070658009,80033.78772314578,0,1
1370865300000,1370865359999,80034.24908940514,80034.91435544746,80034.07858696286,80034.91435544746,0,1
1370865360000,1370865419999,80034.33266797193,80035.7333407986,80034.33266797193,80035.7333407986,0,1
1370865420000,1370865479999,80035.89712982031,80035.95395395612,80034.68369032456,80035.95395395612,0,1
1370865480000,1370865539999,80034.47307839159,80035.86036108976,80034.47307839159,80034.52322449225,0,1
1370865540000,1370865599999,80034.57671338912,80035.92387063031,80034.47642147279,80034.47642147279,0,1
1370865600000,1370865659999,80034.88092604918,80034.8942978219,80033.67070658009,80034.13542143331,0,1
1370865660000,1370865719999,80032.7211500958,80032.7211500958,80030.03248001488,80032.40015286437,0,1
1370865720000,1370865779999,80032.91508093005,80032.91508093005,80032.81811598304,80032.81811598304,0,1
1370865780000,1370865839999,80032.44362184266,80033.27618349658,80031.2933021428,80031.97548444424,0,1
1370865840000,1370865899999,80032.0858330908,80032.62418326832,80032.0858330908,80032.48374688567,0,1
1370865900000,1370865959999,80033.2661530458,80035.60631889402,80033.2661530458,80035.60631889402,0,1
1370865960000,1370866019999,80034.79735206456,80035.68320076585,80034.79735206456,80035.68320076585,0,1
1370866020000,1370866079999,80035.8503332307,80035.8503332307,80032.5472778745,80032.5472778745,0,1
1370866080000,1370866139999,80033.16584798467,80033.18256556474,80030.9756033256,80032.90170651049,0,1
1370866140000,1370866199999,80032.38677775612,80034.55665508632,80032.00892355663,80034.55665508632,0,1
1370866200000,1370866259999,80034.80403800904,80035.42915406937,80032.46034063015,80032.98863991784,0,1
1370866260000,1370866319999,80032.8548959012,80032.93848612122,80026.72415644002,80027.23603135262,0,1
1370866320000,1370866379999,80026.57025428432,80027.60068442624,80025.74382611476,80027.46352290366,0,1
1370866380000,1370866439999,80025.97469753896,80028.80829370422,80025.97469753896,80028.80829370422,0,1
1370866440000,1370866499999,80028.12924050483,80028.12924050483,80025.69698198691,80025.82412982338,0,1
1370866500000,1370866559999,80025.71036604584,80026.5535256464,80023.18380746785,80023.18380746785,0,1
1370866560000,1370866619999,80023.56199526893,80024.7868239534,80022.01903305623,80023.22396968305,0,1
1370866620000,1370866679999,80023.78287710286,80023.78287710286,80020.92442310535,80022.45081870585,0,1
1370866680000,1370866739999,80021.23239887436,80021.23239887436,80017.8140057771,80019.60872415344,0,1
1370866740000,1370866799999,80020.36535589711,80021.20561874923,80020.36535589711,80020.8708611338,0,1
1370866800000,1370866859999,80020.59635152678,80020.59635152678,80019.28730573392,80019.28730573392,0,1
1370866860000,1370866919999,80019.52167435156,80019.52167435156,80018.9692252525,80018.9692252525,0,1
1370866920000,1370866979999,80019.14333371673,80019.14333371673,80017.83744633927,80017.83744633927,0,1
1370866980000,1370867039999,80018.0015287361,80019.86986901252,80017.71354560253,80019.86986901252,0,1
1370867040000,1370867099999,80019.9535678447,80020.57961289235,80019.24712770508,80019.6924251714,0,1
1370867100000,1370867159999,80019.34087618794,80019.73594942386,80017.73028903504,80017.73028903504,0,1
1370867160000,1370867219999,80018.15891136257,80018.64108952213,80018.15891136257,80018.19909376389,0,1
1370867220000,1370867279999,80017.41550781298,80018.1823511163,80017.34853180646,80017.49587842869,0,1
1370867280000,1370867339999,80017.6800586534,80018.73819203343,80017.07727439271,80018.39330642743,0,1
1370867340000,1370867399999,80018.0283174432,80019.22369044703,80017.7403350811,80017.7403350811,0,1
1370867400000,1370867459999,80018.22588194173,80019.203601325,80017.29829950721,80017.29829950721,0,1
1370867460000,1370867519999,80017.90441907133,80017.91111631987,80017.65326901335,80017.91111631987,0,1
1370867520000,1370867579999,80018.16895697804,80018.88886647735,80017.67336125011,80018.6109540683,0,1
1370867580000,1370867639999,80018.99266310694,80019.44466812596,80018.43683633457,80019.44466812596,0,1
1370867640000,1370867699999,80019.28730573392,80019.90669658499,80019.23708317264,80019.23708317264,0,1
1370867700000,1370867759999,80018.89556306662,80018.89556306662,80017.33848536681,80018.0484089264,0,1
1370867760000,1370867819999,80017.92116218427,80018.20244229004,80016.92657265003,80016.92657265003,0,1
1370867820000,1370867879999,80017.40881023252,80018.0082259196,80016.26680717466,80016.90982787177,0,1
1370867880000,1370867939999,80017.77047315869,80018.01827168645,80016.15293461681,80016.99020255174,0,1
1370867940000,1370867999999,80017.64657159212,80018.1823511163,80016.95671318026,80018.1120316903,0,1
1370868000000,1370868059999,80017.5728996626,80018.16560844069,80015.98547261726,80015.98547261726,0,1
1370868060000,1370868119999,80016.1093947667,80017.48248337093,80016.1093947667,80016.92322369663,0,1
1370868120000,1370868179999,80016.71223737071,80016.71223737071,80015.71082886706,80015.78116518013,0,1
1370868180000,1370868239999,80015.40603246013,80015.46632259637,80014.12980596203,80014.12980596203,0,1
1370868240000,1370868299999,80013.73116115334,80014.87680344286,80013.73116115334,80014.48153818466,0,1
1370868300000,1370868359999,80014.48153818466,80014.85670558638,80013.72781112963,80014.50163679513,0,1
1370868360000,1370868419999,80014.77296408302,80017.53941224248,80014.60212924161,80016.07925168252,0,1
1370868420000,1370868479999,80016.511293874,80016.511293874,80015.45627426557,80015.47302147796,0,1
1370868480000,1370868539999,80015.2285093926,80016.18642668019,80014.85670558638,80014.85670558638,0,1
1370868540000,1370868599999,80012.69930078859,80014.44804041075,80012.44801996835,80014.29729903956,0,1
1370868600000,1370868659999,80014.42124211084,80014.42124211084,80011.31550271636,80012.97402725987,0,1
1370868660000,1370868719999,80013.0711848151,80013.0711848151,80011.89517993684,80011.92533563574,0,1
1370868720000,1370868779999,80013.78476138007,80014.08625730235,80011.95214062507,80012.97402725987,0,1
1370868780000,1370868839999,80013.56365859305,80032.44696560239,80013.56365859305,80026.64051425793,0,1
1370868840000,1370868899999,80026.56021710492,80026.56021710492,80018.5741217236,80018.97257352079,0,1
1370868900000,1370868959999,80019.03619040517,80026.37620036407,80019.03619040517,80025.89104908796,0,1
1370868960000,1370869019999,80025.6066391207,80030.88530813556,80023.715943729,80030.53415242356,0,1
1370869020000,1370869079999,80031.07927457537,80031.07927457537,80027.05202704758,80028.93205705332,0,1
1370869080000,1370869139999,80027.96866946066,80030.51408601041,80027.40999594549,80029.85856103837,0,1
1370869140000,1370869199999,80029.9221087074,80029.9221087074,80027.45683204956,80029.15616516577,0,1
1370869200000,1370869259999,80028.92536718171,80032.59074621325,80026.86132810418,80028.83839844364,0,1
1370869260000,1370869319999,80028.85177829873,80030.63448388527,80027.90176409797,80028.90529754007,0,1
1370869320000,1370869379999,80029.80170225534,80030.93547223069,80029.35685473512,80029.85187178655,0,1
1370869380000,1370869439999,80029.8685949077,80031.53742174468,80025.38579756713,80027.65086500105,0,1
1370869440000,1370869499999,80028.71128892741,80029.32340675326,80027.70104532404,80029.32340675326,0,1
1370869500000,1370869559999,80029.43712943514,80030.74484733048,80027.85158478218,80027.85158478218,0,1
1370869560000,1370869619999,80028.90529754007,80029.8920072303,80027.34977777506,80027.74118940113,0,1
1370869620000,1370869679999,80028.30653470433,80029.84518253028,80027.86831124876,80027.90510937673,0,1
1370869680000,1370869739999,80027.31966855384,80035.3790125114,80027.26279533312,80034.08193017595,0,1
1370869740000,1370869799999,80034.37612855059,80035.90047242546,80031.60764682779,80032.8482086534,0,1
1370869800000,1370869859999,80032.8849884609,80034.22568728126,80031.17625638442,80032.32993334645,0,1
1370869860000,1370869919999,80032.8047414338,80038.98856221582,80032.17946129054,80036.31494680683,0,1
1370869920000,1370869979999,80037.14718622489,80039.62678220379,80035.81356432811,80039.62678220379,0,1
1370869980000,1370870039999,80038.02948490762,80042.20597892527,80038.02948490762,80039.97093628728,0,1
1370870040000,1370870099999,80042.50661918883,80044.51065666304,80039.95088880147,80043.82598902631,0,1
1370870100000,1370870159999,80044.04308384014,80044.26351375195,80042.39638547499,80043.81262919151,0,1
1370870160000,1370870219999,80044.66094328467,80044.85798232228,80042.07235812907,80042.07235812907,0,1
1370870220000,1370870279999,80041.31068549558,80043.23145910226,80041.31068549558,80042.14919030505,0,1
1370870280000,1370870339999,80041.63473752234,80042.1124445554,80040.5623190389,80041.01335017131,0,1
1370870340000,1370870399999,80041.25723260596,80041.25723260596,80038.79809076723,80038.79809076723,0,1
1370870400000,1370870459999,80039.11554116606,80040.2415734122,80038.66776610678,80039.94754754993,0,1
1370870460000,1370870519999,80041.49442762454,80042.59346913784,80039.82726175086,80039.82726175086,0,1
1370870520000,1370870579999,80039.50649254631,80043.85604858934,80039.46305425881,80043.85604858934,0,1
1370870580000,1370870639999,80042.70036034733,80044.73107626851,80042.32957657217,80044.19003765458,0,1
1370870640000,1370870699999,80042.910799077,80044.34032909472,80042.87405612585,80044.34032909472,0,1
1370870700000,1370870759999,80044.40044503834,80044.40044503834,80042.23604335837,80044.25683412906,0,1
1370870760000,1370870819999,80044.20339698516,80045.83977999461,80043.70240987345,80045.83977999461,0,1
1370870820000,1370870879999,80043.93286706212,80044.46056062056,80043.77254958007,80044.46056062056,0,1
1370870880000,1370870939999,80045.7796727031,80048.24377544661,80045.7796727031,80046.49759729361,0,1
1370870940000,1370870999999,80045.7896906101,80047.32898973787,80043.66900984025,80045.61270610876,0,1
1370871000000,1370871059999,80044.21675629792,80045.84311927798,80037.86573080812,80040.48547466964,0,1
1370871060000,1370871119999,80041.16034851524,80041.16034851524,80024.21793311303,80027.08882817945,0,1
1370871120000,1370871179999,80026.64051425793,80039.47307849575,80025.31218263213,80034.52656755668,0,1
1370871180000,1370871239999,80034.38950099832,80034.41624584017,80025.3389517621,80027.08548262762,0,1
1370871240000,1370871299999,80027.65755572532,80030.10940475122,80023.95690177822,80026.95165963595,0,1
1370871300000,1370871359999,80027.4267231507,80035.64643124871,80023.62223625295,80035.64643124871,0,1
1370871360000,1370871419999,80034.61014380438,80042.33625748254,80034.2958934886,80039.50983394521,0,1
1370871420000,1370871479999,80039.99432496993,80044.30359139573,80035.66314468236,80037.36108396306,0,1
1370871480000,1370871539999,80037.28087284738,80047.5693794898,80036.16787721851,80040.01771359789,0,1
1370871540000,1370871599999,80040.61243461378,80044.30359139573,80033.7442600098,80034.33601110008,0,1
1370871600000,1370871659999,80033.10566446507,80044.27353317795,80033.10566446507,80041.30734469836,0,1
1370871660000,1370871719999,80040.44872280602,80044.82458614849,80032.8147723474,80033.84790256068,0,1
1370871720000,1370871779999,80032.63421436305,80038.9618295998,80031.1194050932,80037.7654718727,0,1
1370871780000,1370871839999,80037.78552374021,80037.78552374021,80030.79835644124,80030.79835644124,0,1
1370871840000,1370871899999,80028.97888602922,80034.80069503734,80026.98846113718,80026.98846113718,0,1
1370871900000,1370871959999,80027.54715820224,80027.61406593748,80022.36714077284,80022.74201245465,0,1
1370871960000,1370872019999,80023.60215596527,80029.6545368451,80020.36535589711,80028.30318955984,0,1
1370872020000,1370872079999,80029.36019952715,80036.63247604169,80029.36019952715,80036.211329822,0,1
1370872080000,1370872139999,80035.58626265632,80035.69657146583,80026.38289194126,80029.7481878113,0,1
1370872140000,1370872199999,80030.51408601041,80038.1564760366,80029.9221087074,80036.49543834545,0,1
1370872200000,1370872259999,80036.24141228304,80037.91251796731,80032.2028682035,80037.68860600815,0,1
1370872260000,1370872319999,80037.21737192453,80046.24716433675,80037.21737192453,80046.24716433675,0,1
1370872320000,1370872379999,80045.40232423058,80048.0601572909,80043.66232982022,80044.55073331631,0,1
1370872380000,1370872439999,80045.98670740846,80045.98670740846,80032.22961889408,80033.75763330252,0,1
1370872440000,1370872499999,80033.02541920882,80040.3351252827,80027.20592178895,80038.73794113501,0,1
1370872500000,1370872559999,80037.94259531121,80041.19041609213,80034.5365967433,80040.80287150774,0,1
1370872560000,1370872619999,80041.06346348587,80042.32289565734,80035.98403719142,80037.07700003262,0,1
1370872620000,1370872679999,80036.45198697648,80042.12246613686,80032.7579303706,80033.8412159769,0,1
1370872680000,1370872739999,80031.02242273277,80045.43571847503,80030.3803088938,80043.26820074023,0,1
1370872740000,1370872799999,80043.94956665202,80043.94956665202,80035.77679529031,80035.77679529031,0,1
1370872800000,1370872859999,80037.9593049076,80038.6811328168,80020.25487784014,80025.83751371212,0,1
1370872860000,1370872919999,80024.07068550546,80028.25301225836,80022.62151951804,80027.00184346767,0,1
1370872920000,1370872979999,80027.73449873281,80032.01561136568,80026.49999381707,80029.55085082377,0,1
1370872980000,1370873039999,80029.24982079933,80029.49733503727,80022.085977789,80025.68025188807,0,1
1370873040000,1370873099999,80025.97804346244,80033.19593960866,80025.51629543825,80033.19593960866,0,1
1370873100000,1370873159999,80033.19259609937,80034.83746766434,80026.36281719629,80034.83746766434,0,1
1370873160000,1370873219999,80032.68771336495,80037.63179172852,80031.07593035829,80034.42627513742,0,1
1370873220000,1370873279999,80032.82814688323,80034.10867584038,80020.8507753205,80021.19892370673,0,1
1370873280000,1370873339999,80022.122797201,80031.45047572046,80022.122797201,80026.57694573165,0,1
1370873340000,1370873399999,80026.864673731,80031.6009587459,80026.08511242288,80030.15288368825,0,1
1370873400000,1370873459999,80030.53749682184,80031.23979568039,80024.06399238089,80024.43545402057,0,1
1370873460000,1370873519999,80023.933475556,80025.35902856255,80019.68907714412,80019.68907714412,0,1
1370873520000,1370873579999,80018.5875153192,80022.04581100312,80017.99148295245,80021.61735524797,0,1
1370873580000,1370873639999,80021.50354360223,80024.5927354216,80019.36766130733,80022.27676781872,0,1
1370873640000,1370873699999,80023.0967887816,80023.0967887816,80019.0294939101,80022.44077739086,0,1
1370873700000,1370873759999,80022.28680929841,80026.55017991547,80022.28680929841,80026.14533820936,0,1
1370873760000,1370873819999,80025.82747579724,80035.32552790578,80025.49287286884,80032.54059042099,0,1
1370873820000,1370873879999,80032.19618051968,80036.58234051701,80031.57086232197,80036.58234051701,0,1
1370873880000,1370873939999,80036.75614259455,80038.1130318845,80032.71780642775,80032.71780642775,0,1
1370873940000,1370873999999,80034.09530301711,80036.54223191628,80032.30318292422,80033.82784279596,0,1
1370874000000,1370874059999,80034.04515477055,80034.04515477055,80028.67783878619,80031.48391658848,0,1
1370874060000,1370874119999,80032.58405878881,80041.61135267609,80031.38693776312,80039.38620144183,0,1
1370874120000,1370874179999,80038.6811328168,80041.45767946885,80036.92994165143,80038.65439937892,0,1
1370874180000,1370874239999,80037.0903688691,80037.85236300815,80034.01506570188,80035.65980199786,0,1
1370874240000,1370874299999,80036.22804231153,80042.1124445554,80036.02414803102,80042.03561209708,0,1
1370874300000,1370874359999,80041.99218479432,80044.28355259393,80036.5221775556,80036.5221775556,0,1
1370874360000,1370874419999,80035.64308855865,80042.88073667245,80035.64308855865,80038.24002195253,0,1
1370874420000,1370874479999,80039.2157865668,80041.54453852832,80036.291549517,80040.01437236868,0,1
1370874480000,1370874539999,80039.48310272265,80041.4910868887,80036.34502895617,80040.5623190389,0,1
1370874540000,1370874599999,80038.22999647948,80043.06444995549,80038.22999647948,80042.60014987193,0,1
1370874600000,1370874659999,80041.12693999046,80045.57931245536,80041.12693999046,80043.7859094684,0,1
1370874660000,1370874719999,80044.54405388526,80045.99004664278,80042.92416011667,80043.15463524115,0,1
1370874720000,1370874779999,80043.70908986671,80045.82308356099,80042.04229320385,80044.69100033796,0,1
1370874780000,1370874839999,80044.2200961233,80044.64758456532,80042.00888762539,80042.00888762539,0,1
1370874840000,1370874899999,80043.12123337833,80045.74627960725,80042.66027627766,80044.45388112927,0,1
1370874900000,1370874959999,80044.81122764773,80047.99672478084,80043.26820074023,80047.99672478084,0,1
1370874960000,1370875019999,80049.78937282557,80055.96270276888,80047.80642483641,80054.72834162258,0,1
1370875020000,1370875079999,80056.09613809128,80058.98124145552,80054.14446908279,80054.46476909718,0,1
1370875080000,1370875139999,80055.92934366007,80058.06743751252,80054.82509435082,80055.63911471778,0,1
1370875140000,1370875199999,80056.03275653513,80058.89119879031,80056.03275653513,80058.89119879031,0,1
1370875200000,1370875259999,80057.43039339701,80057.76059410402,80053.57390926838,80056.0627794276,0,1
1370875260000,1370875319999,80055.8726329197,80059.19133785476,80055.35888567723,80055.39891887808,0,1
1370875320000,1370875379999,80056.34966029867,80059.5114762613,80056.04276417596,80059.5114762613,0,1
1370875380000,1370875439999,80061.38208016002,80063.95567258254,80059.16799402838,80063.95567258254,0,1
1370875440000,1370875499999,80064.82227743193,80069.39070977773,80064.13566592279,80064.13566592279,0,1
1370875500000,1370875559999,80063.75567618248,80066.1020487812,80062.34892182579,80064.15233180893,0,1
1370875560000,1370875619999,80064.66229449678,80068.81768759528,80063.34233761345,80066.35198500582,0,1
1370875620000,1370875679999,80066.80185446877,80067.37166007026,80062.96565129627,80064.11233363552,0,1
1370875680000,1370875739999,80063.55234240857,80064.99558939014,80060.71857265575,80062.52894408854,0,1
1370875740000,1370875799999,80063.23566682218,80063.96567229755,80061.71548439737,80063.60567625746,0,1
1370875800000,1370875859999,80063.83900850192,80067.11508495812,80063.55900915524,80065.24555327036,0,1
1370875860000,1370875919999,80065.742129643,80069.64056382133,80065.41219238605,80069.14751251324,0,1
1370875920000,1370875979999,80068.36124526993,80069.44401249752,80066.5152732988,80066.5152732988,0,1
1370875980000,1370876039999,80065.01891961666,80067.69153670453,80062.79563778019,80062.79563778019,0,1
1370876040000,1370876099999,80062.49894060314,80063.05899082113,80058.74779583483,80059.03459968936,0,1
1370876100000,1370876159999,80059.44144686061,80061.59879417872,80058.87785906724,80060.02167566433,0,1
1370876160000,1370876219999,80059.45812057192,80059.45812057192,80048.7445350991,80050.31675743862,0,1
1370876220000,1370876279999,80051.15784496529,80056.20288506725,80049.86948367229,80056.20288506725,0,1
1370876280000,1370876339999,80055.53236172351,80056.87336345382,80054.46476909718,80056.64653997651,0,1
1370876340000,1370876399999,80056.75661671835,80060.80859886836,80056.41637560078,80060.80859886836,0,1
1370876400000,1370876459999,80060.74858148333,80066.93181299034,80060.74858148333,80063.94567285753,0,1
1370876460000,1370876519999,80064.75228521273,80066.37531206806,80061.56545386615,80064.93226421518,0,1
1370876520000,1370876579999,80064.54563865966,80066.62857381276,80062.84564205556,80063.55234240857,0,1
1370876580000,1370876639999,80063.5690092669,80067.63156061499,80063.11566082187,80066.92848074167,0,1
1370876640000,1370876699999,80068.25129619468,80068.68109025176,80060.88528722506,80061.05866742885,0,1
1370876700000,1370876759999,80061.02199109798,80069.54395433137,80061.02199109798,80066.55859423512,0,1
1370876760000,1370876819999,80066.76519919578,80071.33940578149,80066.05539332739,80071.33940578149,0,1
1370876820000,1370876879999,80070.4900208772,80072.01886176398,80068.45453444638,80070.13359082065,0,1
1370876880000,1370876939999,80071.1495495343,80071.51260482782,80068.79769785667,80071.20950452809,0,1
1370876940000,1370876999999,80070.4667034114,80070.4667034114,80065.122238537,80066.64856788785,0,1
1370877000000,1370877059999,80066.24534631404,80068.29127781646,80063.03232247436,80063.03232247436,0,1
1370877060000,1370877119999,80061.36540965637,80066.37864450109,80061.0553332225,80064.96226040067,0,1
1370877120000,1370877179999,80065.36553371354,80068.33459105965,80063.85567488248,80067.0850952296,0,1
1370877180000,1370877239999,80066.6052473413,80069.67387722214,80066.6052473413,80066.6585649104,0,1
1370877240000,1370877299999,80066.50860852272,80068.5744763945,80066.50860852272,80066.73854073105,0,1
1370877300000,1370877359999,80067.70819666557,80068.19798711698,80066.13537397208,80066.78186070017,0,1
1370877360000,1370877419999,80067.93810129346,80069.99701145096,80064.61229930466,80065.5188399628,0,1
1370877420000,1370877479999,80065.86876933541,80066.76853149889,80061.38874835373,80061.38874835373,0,1
1370877480000,1370877539999,80061.56545386615,80061.56545386615,80056.74994543516,80058.80782522922,0,1
1370877540000,1370877599999,80058.21752053345,80059.00458571785,80057.31031770929,80058.45431360816,0,1
1370877600000,1370877659999,80058.44764345746,80061.85884480193,80057.68388178074,80061.21203971874,0,1
1370877660000,1370877719999,80060.13838428774,80063.21566592215,80060.00500289265,80061.22871047807,0,1
1370877720000,1370877779999,80061.60212820387,80065.33553873771,80061.17202978293,80063.5623425269,0,1
1370877780000,1370877839999,80062.92564837607,80065.13890277903,80062.92564837607,80063.6890098269,0,1
1370877840000,1370877899999,80064.46231222853,80066.1453715077,80063.06232435949,80066.1453715077,0,1
1370877900000,1370877959999,80066.31199562967,80071.51260482782,80065.40885963094,80070.50001406018,0,1
1370877960000,1370878019999,80069.88374909537,80072.30861571462,80068.5178373205,80071.08959418104,0,1
1370878020000,1370878079999,80071.40269039621,80071.40269039621,80061.98553368138,80062.82564037542,0,1
1370878080000,1370878139999,80063.46900770022,80065.54216896859,80061.41875517028,80063.27233503503,0,1
1370878140000,1370878199999,80061.68547847119,80062.6256213736,80057.88733491408,80058.72445097304,0,1
1370878200000,1370878259999,80058.18750410946,80062.24890805724,80057.9573751989,80062.24890805724,0,1
1370878260000,1370878319999,80061.39541654296,80067.70486467557,80058.64441103309,80063.66900983357,0,1
1370878320000,1370878379999,80063.17233050149,80063.36900513349,80056.96675986086,80058.3942820916,0,1
1370878380000,1370878439999,80058.2875585057,80062.12889021458,80056.8333361552,80057.17689858745,0,1
1370878440000,1370878499999,80055.37556619706,80057.35034309872,80053.22354939034,80057.35034309872,0,1
1370878500000,1370878559999,80057.22693096673,80060.20507431815,80056.49309764798,80059.76491189816,0,1
1370878560000,1370878619999,80060.551855307,80060.551855307,80056.33965296495,80059.84494287014,0,1
1370878620000,1370878679999,80058.5543653349,80063.72900969359,80058.5543653349,80061.74215625615,0,1
1370878680000,1370878739999,80060.26176049431,80060.8719501618,80056.28628034938,80056.41303984624,0,1
1370878740000,1370878799999,80057.17022758465,80058.53102002153,80052.8398078199,80056.37634647293,0,1
1370878800000,1370878859999,80056.3163024807,80058.94122259329,80054.40805005048,80056.34632452187,0,1
1370878860000,1370878919999,80057.26028574721,80058.31090438746,80052.97995862216,80055.4356158381,0,1
1370878920000,1370878979999,80054.60156076863,80058.26421256945,80054.02769048384,80058.26421256945,0,1
1370878980000,1370879039999,80058.94122259329,80062.29891506655,80058.59105071722,80062.29891506655,0,1
1370879040000,1370879099999,80061.4821025984,80064.44897993513,80061.07867264355,80064.44897993513,0,1
1370879100000,1370879159999,80064.52564037952,80071.36272121246,80064.52564037952,80070.06696697092,0,1
1370879160000,1370879219999,80069.17416455683,80073.20113834048,80069.17416455683,80071.94225874166,0,1
1370879220000,1370879279999,80072.35191156095,80073.75059959387,80069.49731493322,80069.79047325105,0,1
1370879280000,1370879339999,80069.17083305525,80072.20870150761,80069.17083305525,80070.47003448127,0,1
1370879340000,1370879399999,80070.06030456151,80071.55923482777,80068.69441690399,80070.40008178096,0,1
1370879400000,1370879459999,80071.76906713679,80072.185388049,80066.76186689158,80066.76186689158,0,1
1370879460000,1370879519999,80067.3116820622,80067.86146700477,80062.76896873109,80067.86146700477,0,1
1370879520000,1370879579999,80066.72854378846,80072.81816264256,80066.72854378846,80072.11877786777,0,1
1370879580000,1370879639999,80071.51260482782,80071.77572840783,80068.5844714919,80070.383426304,0,1
1370879640000,1370879699999,80071.22615862923,80071.26279755413,80066.50860852272,80066.96180317856,0,1
1370879700000,1370879759999,80067.17506414535,80071.65582485026,80066.85183871542,80068.68442191648,0,1
1370879760000,1370879819999,80069.69386520935,80071.22282781122,80061.89218413633,80061.89218413633,0,1
1370879820000,1370879879999,80062.80897227807,80066.76853149889,80061.43209150426,80065.56216521598,0,1
1370879880000,1370879939999,80063.75234287525,80068.091368109,80063.75234287525,80066.11537887088,0,1
1370879940000,1370879999999,80065.06557990643,80067.08842742609,80063.00232049922,80067.08842742609,0,1
1370880000000,1370880059999,80067.07843083328,80070.31347299783,80066.5319352196,80066.5319352196,0,1
1370880060000,1370880119999,80067.09842400895,80070.42673048639,80066.49861135024,80067.97808416748,0,1
1370880120000,1370880179999,80068.44787096264,80068.47452487097,80062.12889021458,80065.11223997845,0,1
1370880180000,1370880239999,80066.38864179348,80070.38009520528,80066.11537887088,80068.34458639684,0,1
1370880240000,1370880299999,80067.74484848214,80072.39520721984,80066.75520227985,80072.39520721984,0,1
1370880300000,1370880359999,80073.14452546548,80076.46749148627,80072.59836126973,80072.71825352656,0,1
1370880360000,1370880419999,80073.02463831926,80077.10998176549,80071.42600567963,80077.10998176549,0,1
1370880420000,1370880479999,80075.3688373365,80076.05467802263,80072.25532826177,80072.70160191017,0,1
1370880480000,1370880539999,80072.68828059711,80073.48419790805,80071.70578484063,80072.85479573502,0,1
1370880540000,1370880599999,80072.57504871955,80073.17116685834,80065.87543453796,80066.34198767677,0,1
1370880600000,1370880659999,80066.03539806628,80067.93810129346,80064.62229836307,80067.32167842184,0,1
1370880660000,1370880719999,80067.394984754,80068.58780318881,80066.86850007543,80068.58780318881,0,1
1370880720000,1370880779999,80068.6577685676,80071.5026126567,80068.6577685676,80070.34012193407,0,1
1370880780000,1370880839999,80071.27278996489,80073.7705794342,80070.5832901967,80071.68247020952,0,1
1370880840000,1370880899999,80073.08791226998,80073.67733983774,80071.40269039621,80071.96224219535,0,1
1370880900000,1370880959999,80072.06881994067,80072.06881994067,80068.42788048477,80069.95370540766,0,1
1370880960000,1370881019999,80070.4400548125,80071.53258914014,80068.69774856429,80070.8964022642,0,1
1370881020000,1370881079999,80070.1235972715,80072.27531108986,80069.63390112786,80071.36272121246,0,1
1370881080000,1370881139999,80071.04296199112,80072.32193753344,80069.21081100077,80069.72384711528,0,1
1370881140000,1370881199999,80068.58113979387,80072.24533683276,80067.96808846395,80072.24533683276,0,1
1370881200000,1370881259999,80071.33607500119,80073.20779865765,80070.37010190246,80071.87897754148,0,1
1370881260000,1370881319999,80073.47087763748,80076.3842643369,80071.78572030606,80074.7528723564,0,1
1370881320000,1370881379999,80074.74954271287,80075.45207293736,80073.70730980285,80074.71624621656,0,1
1370881380000,1370881439999,80075.5752603552,80075.5752603552,80073.08458207201,80073.83384866526,0,1
1370881440000,1370881499999,80074.27672207463,80074.63633417309,80070.03698609372,80071.33274421979,0,1
1370881500000,1370881559999,80071.18285790856,80071.42267492817,80068.52116903961,80068.52116903961,0,1
1370881560000,1370881619999,80069.67054588707,80071.57255764495,80068.43121223387,80069.99034899496,0,1
1370881620000,1370881679999,80069.43734967308,80069.43734967308,80066.1786965542,80068.3212639279,0,1
1370881680000,1370881739999,80068.71773850267,80068.71773850267,80063.06232435949,80064.47564450417,0,1
1370881740000,1370881799999,80063.83567522248,80064.74561926155,80061.0553332225,80064.74561926155,0,1
1370881800000,1370881859999,80064.44231378175,80064.44231378175,80060.08503194319,80062.31891780025,0,1
1370881860000,1370881919999,80061.54544962525,80061.71881838361,80058.35426088037,80060.8352731461,0,1
1370881920000,1370881979999,80060.16172584899,80063.79567578247,80060.16172584899,80062.21223609147,0,1
1370881980000,1370882039999,80060.05835566418,80061.57212193756,80057.57381524552,80060.12504622829,0,1
1370882040000,1370882099999,80060.12838074483,80061.91885552385,80057.73057630847,80058.12080062248,0,1
1370882100000,1370882159999,80058.15748759538,80058.31090438746,80056.22623581636,80057.16689208157,0,1
1370882160000,1370882219999,80058.1274709912,80059.56149696151,80058.04075585076,80058.61439589046,0,1
1370882220000,1370882279999,80057.88733491408,80060.29843961354,80056.96342428992,80060.29843961354,0,1
1370882280000,1370882339999,80061.02199109798,80061.02199109798,80057.96071043832,80057.96071043832,0,1
1370882340000,1370882399999,80058.2875585057,80059.49480263893,80056.88337025346,80058.32424486682,0,1
1370882400000,1370882459999,80056.92006176637,80058.4042873694,80055.29883557544,80056.13616834079,0,1
1370882460000,1370882519999,80054.84177576106,80054.84177576106,80050.50700961788,80052.70299204683,0,1
1370882520000,1370882579999,80052.74970983833,80054.52148782219,80051.48491545502,80053.64731644934,0,1
1370882580000,1370882639999,80054.46476909718,80057.43372881218,80052.81311220628,80053.22354939034,0,1
1370882640000,1370882699999,80053.96095924357,80054.76504104349,80051.46489103857,80054.76504104349,0,1
1370882700000,1370882759999,80054.36801288264,80055.64912275255,80052.342590319,80055.64912275255,0,1
1370882760000,1370882819999,80054.60823348523,80056.42304710651,80053.38371542915,80056.42304710651,0,1
1370882820000,1370882879999,80056.79330869636,80057.12353044031,80055.17873429002,80056.95341757042,0,1
1370882880000,1370882939999,80057.20024706228,80057.22025999731,80051.17786999657,80051.82198711332,0,1
1370882940000,1370882999999,80053.52385860877,80054.46143269158,80051.87538356123,80054.46143269158,0,1
1370883000000,1370883059999,80054.97856227552,80055.45896837891,80051.1044446858,80052.91322038988,0,1
1370883060000,1370883119999,80051.93545422437,80053.10342317774,80048.4607743748,80048.4607743748,0,1
1370883120000,1370883179999,80047.08525533957,80047.08525533957,80042.72708297115,80046.45418936374,0,1
1370883180000,1370883239999,80046.78809166663,80049.57240272622,80046.78809166663,80046.95837754826,0,1
1370883240000,1370883299999,80047.79640894954,80049.35876602877,80046.80478648911,80046.80478648911,0,1
1370883300000,1370883359999,80046.72799007491,80049.65585332154,80045.0483383833,80048.9348171923,0,1
1370883360000,1370883419999,80048.65773855588,80048.67776859425,80044.79118986316,80047.9099217466,0,1
1370883420000,1370883479999,80047.42247532806,80048.74119678445,80046.39742486345,80047.86651994694,0,1
1370883480000,1370883539999,80048.59430983632,80048.60766328439,80042.70036034733,80043.26486059689,0,1
1370883540000,1370883599999,80043.09451180775,80043.55544889293,80040.44204063447,80042.82061159225,0,1
1370883600000,1370883659999,80042.76716677303,80042.83731303968,80036.50212315469,80039.60673402803,0,1
1370883660000,1370883719999,80038.0094335293,80042.81393100547,80038.0094335293,80042.02893098586,0,1
1370883720000,1370883779999,80042.97092361495,80044.87801997304,80042.97092361495,80043.98296574818,0,1
1370883780000,1370883839999,80044.94147226884,80048.29385254029,80043.41182584797,80048.29385254029,0,1
1370883840000,1370883899999,80048.35728316565,80048.35728316565,80046.02343892462,80047.68957219877,0,1
1370883900000,1370883959999,80048.13026643916,80048.62769342308,80046.05683109496,80048.62769342308,0,1
1370883960000,1370884019999,80048.81130115817,80048.81130115817,80043.8660684236,80046.16368529074,0,1
1370884020000,1370884079999,80045.54591869045,80050.37349969543,80044.63088614102,80050.16321795294,0,1
1370884080000,1370884139999,80050.00300032398,80052.21244205844,80046.0301173676,80046.39408576518,0,1
1370884140000,1370884199999,80046.99176659678,80053.85418833292,80046.17036364006,80053.16014962464,0,1
1370884200000,1370884259999,80053.21353892775,80054.91183738025,80049.49562756345,80051.65178403266,0,1
1370884260000,1370884319999,80051.21458244979,80051.21458244979,80047.80308620857,80048.63103177563,0,1
1370884320000,1370884379999,80048.41069811702,80050.1031366429,80043.85604858934,80043.85604858934,0,1
1370884380000,1370884439999,80042.96090288374,80045.29546189899,80042.7538055236,80044.81456727459,0,1
1370884440000,1370884499999,80042.83731303968,80043.91950737011,80035.17175807113,80036.20798732074,0,1
1370884500000,1370884559999,80035.84699060878,80038.38371929518,80034.97452808276,80038.27344012346,0,1
1370884560000,1370884619999,80038.58756547153,80041.10689482202,80036.76282722951,80040.60909358326,0,1
1370884620000,1370884679999,80039.48978553497,80046.93500514796,80039.48978553497,80044.6843210006,0,1
1370884680000,1370884739999,80044.06312312382,80046.14698939791,80042.67363765207,80044.84462386614,0,1
1370884740000,1370884799999,80044.85798232228,80044.87468036736,80041.704891733,80043.74916973252,0,1
1370884800000,1370884859999,80044.90473677823,80048.92814068893,80044.38374620136,80045.08507334637,0,1
1370884860000,1370884919999,80046.27721662272,80048.44074390178,80045.25204875058,80047.03183330785,0,1
1370884920000,1370884979999,80047.70626551633,80048.2204060504,80044.51399639028,80046.29057316526,0,1
1370884980000,1370885039999,80044.90139718149,80044.90139718149,80041.70823239742,80041.83851743938,0,1
1370885040000,1370885099999,80041.67816637743,80043.57548915381,80041.01669106676,80043.34502372888,0,1
1370885100000,1370885159999,80043.82598902631,80045.23869082086,80042.93418088472,80044.7577934663,0,1
1370885160000,1370885219999,80044.98488676558,80044.98488676558,80041.08684961338,80042.83397275243,0,1
1370885220000,1370885279999,80041.86524236637,80043.54208869669,80036.24809726208,80036.72606168191,0,1
1370885280000,1370885339999,80037.90249216591,80042.53334233041,80037.85904691035,80041.30400390002,0,1
1370885340000,1370885399999,80041.89196722196,80041.96880078393,80038.57419863646,80038.88497293064,0,1
1370885400000,1370885459999,80039.49312693947,80040.35183088177,80036.61242186198,80037.94259531121,0,1
1370885460000,1370885519999,80038.31688357872,80038.31688357872,80030.0826483883,80030.0826483883,0,1
1370885520000,1370885579999,80030.17629534529,80030.49736396871,80025.48618069607,80030.49736396871,0,1
1370885580000,1370885639999,80029.54081663562,80032.22627506166,80028.35336660956,80031.40365831734,0,1
1370885640000,1370885699999,80030.34351987297,80031.69459148552,80028.35336660956,80028.35336660956,0,1
1370885700000,1370885759999,80028.57079758235,80028.57079758235,80023.4415122122,80024.75670701436,0,1
1370885760000,1370885819999,80023.3846169308,80026.84125431962,80022.43408317528,80025.04783362584,0,1
1370885820000,1370885879999,80026.35947140155,80029.89535184334,80026.35947140155,80029.47392179063,0,1
1370885880000,1370885939999,80028.50055116964,80031.53407768082,80028.50055116964,80031.3902818762,0,1
1370885940000,1370885999999,80031.19297729094,80036.25478223666,80031.19297729094,80035.60631889402,0,1
1370886000000,1370886059999,80035.25198610596,80035.55283550412,80031.74475152111,80031.7949113051,0,1
1370886060000,1370886119999,80033.73423002851,80034.46639222583,80031.39697009901,80033.23940512788,0,1
1370886120000,1370886179999,80032.75124305798,80034.88092604918,80031.34680831892,80033.76431994219,0,1
1370886180000,1370886239999,80034.59677165169,80039.44634717493,80034.59677165169,80038.63100756214,0,1
1370886240000,1370886299999,80039.6368062766,80040.30839626616,80036.83301562686,80037.7320520042,0,1
1370886300000,1370886359999,80037.73873598684,80041.13028084797,80037.68192199201,80038.18655264676,0,1
1370886360000,1370886419999,80036.39182323082,80037.83899519028,80034.98789973032,80037.52484632649,0,1
1370886420000,1370886479999,80035.29209988199,80038.18321080566,80035.0815007626,80037.23742489111,0,1
1370886480000,1370886539999,80038.7947491305,80038.7947491305,80033.39320467893,80035.02132877099,0,1
1370886540000,1370886599999,80035.82693485377,80036.43527486121,80033.08560321138,80033.08560321138,0,1
1370886600000,1370886659999,80033.89805179644,80033.89805179644,80028.8685030924,80031.15619125972,0,1
1370886660000,1370886719999,80031.75812748811,80036.02414803102,80031.75812748811,80034.5365967433,0,1
1370886720000,1370886779999,80034.61014380438,80035.19181514019,80031.86513457999,80031.86513457999,0,1
1370886780000,1370886839999,80032.68771336495,80037.11376428998,80032.68436968572,80036.75948491259,0,1
1370886840000,1370886899999,80036.99344439952,80039.69360916606,80036.15116462843,80038.50068072416,0,1
1370886900000,1370886959999,80038.6978411792,80043.94622673628,80038.6978411792,80042.94420164273,0,1
1370886960000,1370887019999,80042.71038133962,80042.71038133962,80036.65587253385,80038.14645047979,0,1
1370887020000,1370887079999,80037.84233714643,80038.7947491305,80034.98121390876,80035.97066687579,0,1
1370887080000,1370887139999,80036.71269235836,80040.08453794775,80036.71269235836,80039.88740483127,0,1
1370887140000,1370887199999,80038.98522064272,80039.97427753103,80037.85236300815,80039.44968859393,0,1
1370887200000,1370887259999,80039.86401589854,80040.29503173109,80036.01746290228,80040.11126756266,0,1
1370887260000,1370887319999,80040.92648649783,80041.28729989153,80037.98938211078,80041.28729989153,0,1
1370887320000,1370887379999,80041.18039357655,80041.18039357655,80037.65852790032,80038.81145730305,0,1
1370887380000,1370887439999,80037.98269829566,80037.98269829566,80032.13599116396,80033.60049598341,0,1
1370887440000,1370887499999,80033.04213702364,80033.88802196941,80030.34686433502,80030.34686433502,0,1
1370887500000,1370887559999,80030.47395306334,80031.11606088952,80028.32995068436,80030.61441767345,0,1
1370887560000,1370887619999,80031.7213435358,80034.96449933534,80030.97225907384,80034.96449933534,0,1
1370887620000,1370887679999,80033.37648745101,80038.08295505322,80033.20262662391,80036.87980761808,0,1
1370887680000,1370887739999,80036.33834404191,80036.74611563372,80028.6912188561,80031.21304234183,0,1
1370887740000,1370887799999,80031.56083016051,80033.2661530458,80025.12145050685,80026.05165349589,0,1
1370887800000,1370887859999,80026.4765735516,80026.4765735516,80020.15444218375,80020.50261481311,0,1
1370887860000,1370887919999,80019.32748360134,80019.97700339217,80012.15317575497,80012.15317575497,0,1
1370887920000,1370887979999,80010.98711573976,80015.31894606608,80009.68686550678,80015.13472234881,0,1
1370887980000,1370888039999,80016.15963303846,80019.99374303532,80015.19501412079,80017.07057658571,0,1
1370888040000,1370888099999,80016.86294234346,80020.97798478998,80015.18161598066,80020.40218164487,0,1
1370888100000,1370888159999,80020.321834384,80021.98890778027,80019.56519934723,80021.98890778027,0,1
1370888160000,1370888219999,80021.1487107452,80021.1487107452,80018.31963999907,80018.31963999907,0,1
1370888220000,1370888279999,80017.60638697057,80019.23038681207,80009.99518755455,80011.85832284803,0,1
1370888280000,1370888339999,80011.01057231001,80019.82969332422,80011.01057231001,80017.83074904142,0,1
1370888340000,1370888399999,80018.45023011403,80018.45357855609,80015.97207553618,80017.00359826893,0,1
1370888400000,1370888459999,80016.88973410084,80021.80815421866,80015.94863060104,80018.23257897497,0,1
1370888460000,1370888519999,80018.1187287998,80020.21135584622,80018.04506034867,80018.24262451644,0,1
1370888520000,1370888579999,80019.35092061611,80021.3729933547,80018.4334878869,80019.2102977035,0,1
1370888580000,1370888639999,80018.26941257766,80020.43900725701,80017.70349952955,80019.70916529091,0,1
1370888640000,1370888699999,80019.42457944783,80020.0540055186,80017.76042714292,80019.06297634069,0,1
1370888700000,1370888759999,80020.12431129013,80021.98221326218,80019.19355674884,80021.06167434793,0,1
1370888760000,1370888819999,80020.51265807447,80024.44883976804,80018.84199022697,80024.44883976804,0,1
1370888820000,1370888879999,80023.49840716989,80027.97535997232,80023.30764044663,80026.88809308755,0,1
1370888880000,1370888939999,80028.47044541314,80029.55419555091,80026.4196955357,80027.05537261063,0,1
1370888940000,1370888999999,80028.2663928967,80028.2663928967,80022.00229680301,80026.35612560569,0,1
1370889000000,1370889059999,80025.40587427352,80028.72801395606,80025.0110249821,80027.18584869611,0,1
1370889060000,1370889119999,80027.89507353707,80036.26480969017,80027.89507353707,80035.34892745593,0,1
1370889120000,1370889179999,80034.35272672401,80034.5332536822,80029.38695782315,80029.53412717125,0,1
1370889180000,1370889239999,80030.0826483883,80034.67031827022,80030.0826483883,80034.67031827022,0,1
1370889240000,1370889299999,80035.08818651708,80036.75280027538,80031.27323725294,80031.7949113051,0,1
1370889300000,1370889359999,80033.1859090774,80033.94820078071,80029.39699216568,80029.39699216568,0,1
1370889360000,1370889419999,80028.84174340908,80035.35561303166,80028.84174340908,80031.62771104666,0,1
1370889420000,1370889479999,80032.73786841931,80034.42293203947,80031.08596300619,80032.64758914035,0,1
1370889480000,1370889539999,80034.23905993019,80036.62244895686,80032.63087066593,80033.96826030401,0,1
1370889540000,1370889599999,80034.65360317714,80037.05026230596,80033.32299213385,80034.6469171321,0,1
1370889600000,1370889659999,80034.92438424515,80034.92438424515,80027.61406593748,80028.19614434561,0,1
1370889660000,1370889719999,80027.65086500105,80032.77799228167,80027.64751963722,80030.30673071682,0,1
1370889720000,1370889779999,80029.29330347393,80033.10900800343,80028.92202224424,80029.80839154072,0,1
1370889780000,1370889839999,80030.22311849492,80031.37690541717,80026.65055135672,80028.6912188561,0,1
1370889840000,1370889899999,80028.145966507,80029.9187641033,80026.4196955357,80028.89191775658,0,1
1370889900000,1370889959999,80028.80160374983,80029.02571478582,80026.01150263572,80028.37009223684,0,1
1370889960000,1370890019999,80029.49399029111,80033.26949653053,80028.4269591604,80032.82145961755,0,1
1370890020000,1370890079999,80035.23527198512,80036.45867181476,80033.74760333465,80033.74760333465,0,1
1370890080000,1370890139999,80034.45970605561,80038.83484869773,80034.32932484266,80038.72457450093,0,1
1370890140000,1370890199999,80037.82562735457,80045.16522188835,80037.82562735457,80044.32363015736,0,1
1370890200000,1370890259999,80045.32885650029,80048.13026643916,80043.92618721834,80046.61446386053,0,1
1370890260000,1370890319999,80047.22882563568,80047.22882563568,80042.83063246406,80042.83063246406,0,1
1370890320000,1370890379999,80043.51870831034,80045.28210402725,80041.30066310054,80042.82061159225,0,1
1370890380000,1370890439999,80043.51536825068,80044.69100033796,80042.60683060151,80044.37706665877,0,1
1370890440000,1370890499999,80045.17190090452,80048.67776859425,80045.17190090452,80048.08686559583,0,1
1370890500000,1370890559999,80047.68623353192,80047.68623353192,80043.48196759274,80044.66428296172,0,1
1370890560000,1370890619999,80044.61084799509,80044.79118986316,80041.89530782388,80044.39710527318,0,1
1370890620000,1370890679999,80044.41714384743,80045.64276030149,80043.02436734524,80043.38844515705,0,1
1370890680000,1370890739999,80043.10787260196,80043.10787260196,80038.42047874883,80041.2438693389,0,1
1370890740000,1370890799999,80042.29283148536,80043.6857098708,80039.289299222,80040.56900113005,0,1
1370890800000,1370890859999,80040.22152646894,80041.08350874137,80029.30668272037,80031.10602827181,0,1
1370890860000,1370890919999,80030.13281651004,80032.77799228167,80026.4397701665,80026.4397701665,0,1
1370890920000,1370890979999,80025.30883648584,80027.7779879969,80019.91339249267,80021.42320519006,0,1
1370890980000,1370891039999,80022.74870646412,80028.61093816806,80022.74870646412,80028.08575276828,0,1
1370891040000,1370891099999,80026.7107737379,80030.08933748573,80025.28206727526,80028.67114874451,0,1
1370891100000,1370891159999,80028.19614434561,80030.21308498131,80024.80355554703,80028.21621541056,0,1
1370891160000,1370891219999,80028.80160374983,80028.80160374983,80020.9746371931,80020.9746371931,0,1
1370891220000,1370891279999,80021.62739738982,80024.53919309471,80021.62739738982,80021.72781825367,0,1
1370891280000,1370891339999,80020.96794199597,80033.73757335673,80019.98035132304,80033.18256556474,0,1
1370891340000,1370891399999,80033.5235980976,80036.88983444487,80033.24609211407,80035.32552790578,0,1
1370891400000,1370891459999,80036.375111015,80038.71789117719,80034.58674252544,80036.04420339051,0,1
1370891460000,1370891519999,80036.70266535397,80036.70266535397,80032.99867064698,80034.52322449225,0,1
1370891520000,1370891579999,80033.42329561876,80036.29823446253,80031.03245543437,80034.63688805612,0,1
1370891580000,1370891639999,80035.32218510842,80036.16453470272,80029.97896680581,80029.97896680581,0,1
1370891640000,1370891699999,80029.95221009389,80029.95221009389,80020.15444218375,80021.77802830742,0,1
1370891700000,1370891759999,80021.06167434793,80023.30094681129,80017.78386783069,80018.21248786178,0,1
1370891760000,1370891819999,80019.32748360134,80019.77612548876,80015.94863060104,80015.94863060104,0,1
1370891820000,1370891879999,80015.553407707,80023.67578348964,80015.553407707,80021.36295095737,0,1
1370891880000,1370891939999,80021.76798631685,80025.32556720608,80019.35092061611,80020.46578943523,0,1
1370891940000,1370891999999,80021.23574638496,80028.1058240548,80019.94017607861,80026.64385995864,0,1
1370892000000,1370892059999,80028.8216735996,80030.16291726226,80026.32601339252,80027.65755572532,0,1
1370892060000,1370892119999,80027.14235685678,80027.14235685678,80021.24244140279,80021.24244140279,0,1
1370892120000,1370892179999,80020.06739713224,80026.48326506162,80020.06739713224,80025.31552877728,0,1
1370892180000,1370892239999,80024.58269625714,80027.72780806,80024.58269625714,80026.93158603273,0,1
1370892240000,1370892299999,80025.48618069607,80026.45649899468,80022.80895234764,80025.30883648584,0,1
1370892300000,1370892359999,80025.04114115525,80026.90482116578,80021.4466372936,80022.05919994967,0,1
1370892360000,1370892419999,80021.52362810442,80022.99972858436,80019.47145296734,80022.99972858436,0,1
1370892420000,1370892479999,80023.35784256873,80024.88721309518,80020.09752819735,80020.09752819735,0,1
1370892480000,1370892539999,80020.93781355339,80021.07841217546,80016.65865283307,80020.15779005522,0,1
1370892540000,1370892599999,80021.46002704241,80027.74118940113,80021.33951865771,80027.74118940113,0,1
1370892600000,1370892659999,80027.61406593748,80028.86515813592,80023.73267711446,80023.73267711446,0,1
1370892660000,1370892719999,80024.4086824719,80027.13566578779,80023.49840716989,80026.66393413943,0,1
1370892720000,1370892779999,80026.92824042829,80028.68787384029,80026.02488627369,80026.94496843935,0,1
1370892780000,1370892839999,80027.8716565387,80031.69459148552,80027.62410205916,80031.6912474742,0,1
1370892840000,1370892899999,80031.61433490521,80031.96210876798,80029.55085082377,80030.34351987297,0,1
1370892900000,1370892959999,80030.1930179239,80034.74386434784,80029.35016514771,80034.69706236104,0,1
1370892960000,1370893019999,80035.2419576368,80037.91920182933,80031.42037884363,80031.42037884363,0,1
1370893020000,1370893079999,80031.86513457999,80036.39182323082,80031.00570154109,80035.0815007626,0,1
1370893080000,1370893139999,80034.51653836003,80035.32552790578,80033.14913037668,80033.754289981,0,1
1370893140000,1370893199999,80035.2252434992,80037.06363117823,80034.7271493777,80034.7271493777,0,1
1370893200000,1370893259999,80032.74121208065,80035.37232695134,80031.31336699238,80031.67452740083,0,1
1370893260000,1370893319999,80032.85823952341,80035.58960536539,80032.10255247647,80032.6576202116,0,1
1370893320000,1370893379999,80032.93514252584,80033.68073662507,80031.2966462872,80033.68073662507,0,1
1370893380000,1370893439999,80032.63755805905,80034.69706236104,80031.62436701299,80031.81831911819,0,1
1370893440000,1370893499999,80033.04882414173,80036.39182323082,80031.85175875614,80036.39182323082,0,1
1370893500000,1370893559999,80036.6291336812,80038.18989448674,80033.46676014978,80034.50985222333,0,1
1370893560000,1370893619999,80034.97118516806,80034.97118516806,80029.58429804488,80029.58429804488,0,1
1370893620000,1370893679999,80028.58417779548,80028.58417779548,80024.7767849838,80024.7767849838,0,1
1370893680000,1370893739999,80023.715943729,80025.44268146393,80020.36870369797,80022.79891139227,0,1
1370893740000,1370893799999,80021.76129165084,80023.32772132571,80020.36535589711,80020.93781355339,0,1
1370893800000,1370893859999,80019.9535678447,80026.43307862736,80019.9535678447,80020.30844311109,0,1
1370893860000,1370893919999,80020.61643785112,80023.52852789879,80018.53394082922,80021.65417638543,0,1
1370893920000,1370893979999,80022.74201245465,80022.87589179256,80018.81185537855,80019.4915415513,0,1
1370893980000,1370894039999,80019.2102977035,80023.33776175012,80019.2102977035,80023.22731652703,0,1
1370894040000,1370894099999,80022.95621853496,80024.7767849838,80021.8449746536,80023.30094681129,0,1
1370894100000,1370894159999,80022.82568725088,80025.30214418992,80019.53841475693,80023.30764044663,0,1
1370894160000,1370894219999,80024.39529667069,80028.63435343532,80022.97295319174,80027.2393768541,0,1
1370894220000,1370894279999,80026.22229285313,80027.01188020382,80024.5960818075,80025.38245144548,0,1
1370894280000,1370894339999,80024.38860376335,80026.21225532448,80022.71858338623,80024.85709645848,0,1
1370894340000,1370894399999,80024.93740728815,80027.8415488888,80023.48167339241,80027.40330505556,0,1
1370894400000,1370894459999,80029.51405875132,80030.3669310837,80027.78802395407,80029.84518253028,0,1
1370894460000,1370894519999,80029.49733503727,80030.2298074984,80026.6371685561,80028.86181317829,0,1
1370894520000,1370894579999,80027.94525263464,80029.66791560827,80027.94525263464,80028.83505347706,0,1
1370894580000,1370894639999,80029.28326902735,80031.21304234183,80028.34667635082,80030.33348648017,0,1
1370894640000,1370894699999,80029.87862876695,80030.51408601041,80029.65788153757,80029.65788153757,0,1
1370894700000,1370894759999,80029.94552090472,80030.54084121899,80029.90873028433,80029.90873028433,0,1
1370894760000,1370894819999,80029.77828972132,80029.77828972132,80029.73480915553,80029.73480915553,0,1
1370894820000,1370894879999,80030.33348648017,80031.39362598817,80030.33348648017,80031.39362598817,0,1
1370894880000,1370894939999,80031.2933021428,80031.2933021428,80027.63079280134,80027.63079280134,0,1
1370894940000,1370894999999,80028.47713558907,80029.48061129526,80028.20283470508,80028.23628643522,0,1
1370895000000,1370895059999,80028.1426213088,80028.22959609816,80026.72415644002,80027.26279533312,0,1
1370895060000,1370895119999,80026.80779792252,80028.54738216626,80026.36281719629,80028.54738216626,0,1
1370895120000,1370895179999,80028.2663928967,80028.2663928967,80027.27283180734,80027.27283180734,0,1
1370895180000,1370895239999,80026.26913452026,80027.16577556301,80026.11857123792,80026.11857123792,0,1
1370895240000,1370895299999,80025.2753749614,80028.11920489011,80023.79626372387,80028.11920489011,0,1
1370895300000,1370895359999,80028.11920489011,80028.11920489011,80028.11920489011,80028.11920489011,0,1
1370895360000,1370895419999,80028.11920489011,80028.11920489011,80028.11920489011,80028.11920489011,0,1
1370895420000,1370895479999,80028.11920489011,80028.11920489011,80028.11920489011,80028.11920489011,0,1
1370895480000,1370895539999,80028.11920489011,80028.11920489011,80028.11920489011,80028.11920489011,0,1
1370895540000,1370895599999,80028.11920489011,80028.11920489011,80028.11920489011,80028.11920489011,0,1
1370895600000,1370895659999,80028.11920489011,80028.11920489011,80028.11920489011,80028.11920489011,0,1
1370895660000,1370895719999,80028.11920489011,80028.11920489011,80028.11920489011,80028.11920489011,0,1
1370895720000,1370895779999,80028.11920489011,80028.11920489011,80028.11920489011,80028.11920489011,0,1
1370895780000,1370895839999,80028.11920489011,80028.11920489011,80028.11920489011,80028.11920489011,0,1
1370895840000,1370895899999,80028.11920489011,80028.11920489011,80028.11920489011,80028.11920489011,0,1
1370895900000,1370895959999,80028.11920489011,80028.11920489011,80028.11920489011,80028.11920489011,0,1
1370895960000,1370896019999,80028.11920489011,80028.11920489011,80028.11920489011,80028.11920489011,0,1
1370896020000,1370896079999,80028.11920489011,80028.11920489011,80028.11920489011,80028.11920489011,0,1
1370896080000,1370896139999,80028.11920489011,80028.11920489011,80028.11920489011,80028.11920489011,0,1
1370896140000,1370896199999,80028.11920489011,80028.11920489011,80028.11920489011,80028.11920489011,0,1
1370896200000,1370896259999,80028.11920489011,80028.11920489011,80028.11920489011,80028.11920489011,0,1
1370896260000,1370896319999,80028.11920489011,80028.11920489011,80028.11920489011,80028.11920489011,0,1
1370896320000,1370896379999,80028.11920489011,80028.11920489011,80028.11920489011,80028.11920489011,0,1
1370896380000,1370896439999,80028.11920489011,80028.11920489011,80028.11920489011,80028.11920489011,0,1
1370896440000,1370896499999,80028.11920489011,80028.11920489011,80028.11920489011,80028.11920489011,0,1
1370896500000,1370896559999,80028.11920489011,80028.11920489011,80028.11920489011,80028.11920489011,0,1
1370896560000,1370896619999,80028.11920489011,80028.11920489011,80028.11920489011,80028.11920489011,0,1
1370896620000,1370896679999,80028.11920489011,80028.11920489011,80028.11920489011,80028.11920489011,0,1
1370896680000,1370896739999,80028.11920489011,80028.11920489011,80028.11920489011,80028.11920489011,0,1
1370896740000,1370896799999,80028.11920489011,80028.11920489011,80028.11920489011,80028.11920489011,0,1
1370896800000,1370896859999,80028.11920489011,80028.11920489011,80028.11920489011,80028.11920489011,0,1
1370896860000,1370896919999,80028.11920489011,80028.11920489011,80028.11920489011,80028.11920489011,0,1
1370896920000,1370896979999,80028.11920489011,80028.11920489011,80028.11920489011,80028.11920489011,0,1
1370896980000,1370897039999,80028.11920489011,80028.11920489011,80028.11920489011,80028.11920489011,0,1
1370897040000,1370897099999,80028.11920489011,80028.11920489011,80028.11920489011,80028.11920489011,0,1
1370897100000,1370897159999,80028.11920489011,80028.11920489011,80028.11920489011,80028.11920489011,0,1
1370897160000,1370897219999,80028.11920489011,80028.11920489011,80028.11920489011,80028.11920489011,0,1
1370897220000,1370897279999,80028.11920489011,80028.11920489011,80028.11920489011,80028.11920489011,0,1
1370897280000,1370897339999,80028.11920489011,80028.11920489011,80028.11920489011,80028.11920489011,0,1
1370897340000,1370897399999,80028.11920489011,80028.11920489011,80028.11920489011,80028.11920489011,0,1
1370897400000,1370897459999,80028.11920489011,80028.11920489011,80028.11920489011,80028.11920489011,0,1
1370897460000,1370897519999,80028.11920489011,80028.11920489011,80028.11920489011,80028.11920489011,0,1
1370897520000,1370897579999,80028.11920489011,80028.11920489011,80028.11920489011,80028.11920489011,0,1
1370897580000,1370897639999,80028.11920489011,80028.11920489011,80028.11920489011,80028.11920489011,0,1
1370897640000,1370897699999,80028.11920489011,80028.11920489011,80028.11920489011,80028.11920489011,0,1
1370897700000,1370897759999,80028.11920489011,80028.11920489011,80028.11920489011,80028.11920489011,0,1
1370897760000,1370897819999,80028.11920489011,80028.11920489011,80028.11920489011,80028.11920489011,0,1
1370897820000,1370897879999,80028.11920489011,80028.11920489011,80028.11920489011,80028.11920489011,0,1
1370897880000,1370897939999,80028.11920489011,80028.11920489011,80028.11920489011,80028.11920489011,0,1
1370897940000,1370897999999,80028.11920489011,80028.11920489011,80028.11920489011,80028.11920489011,0,1
1370898000000,1370898059999,80028.11920489011,80028.11920489011,80028.11920489011,80028.11920489011,0,1
1370898060000,1370898119999,80028.11920489011,80028.11920489011,80028.11920489011,80028.11920489011,0,1
1370898120000,1370898179999,80028.11920489011,80028.11920489011,80028.11920489011,80028.11920489011,0,1
1370898180000,1370898239999,80028.11920489011,80028.11920489011,80028.11920489011,80028.11920489011,0,1
1370898240000,1370898299999,80028.11920489011,80028.11920489011,80028.11920489011,80028.11920489011,0,1
1370898300000,1370898359999,80028.11920489011,80028.11920489011,80028.11920489011,80028.11920489011,0,1
1370898360000,1370898419999,80028.11920489011,80028.11920489011,80028.11920489011,80028.11920489011,0,1
1370898420000,1370898479999,80028.11920489011,80028.11920489011,80028.11920489011,80028.11920489011,0,1
1370898480000,1370898539999,80028.11920489011,80028.11920489011,80028.11920489011,80028.11920489011,0,1
1370898540000,1370898599999,80028.11920489011,80028.11920489011,80028.11920489011,80028.11920489011,0,1
1370898600000,1370898659999,80028.11920489011,80028.11920489011,80028.11920489011,80028.11920489011,0,1
1370898660000,1370898719999,80028.11920489011,80028.11920489011,80028.11920489011,80028.11920489011,0,1
1370898720000,1370898779999,80028.11920489011,80028.11920489011,80028.11920489011,80028.11920489011,0,1
1370898780000,1370898839999,80028.11920489011,80028.11920489011,80028.11920489011,80028.11920489011,0,1
1370898840000,1370898899999,80028.11920489011,80028.11920489011,80028.11920489011,80028.11920489011,0,1
1370898900000,1370898959999,80028.11920489011,80028.11920489011,80028.11920489011,80028.11920489011,0,1
1370898960000,1370899019999,80028.11920489011,80028.11920489011,80028.11920489011,80028.11920489011,0,1
1370899020000,1370899079999,80028.11920489011,80028.11920489011,80028.11920489011,80028.11920489011,0,1
1370899080000,1370899139999,80028.11920489011,80028.11920489011,80028.11920489011,80028.11920489011,0,1
1370899140000,1370899199999,80028.11920489011,80028.11920489011,80028.11920489011,80028.11920489011,0,1
1370899200000,1370899259999,80028.11920489011,80028.11920489011,80028.11920489011,80028.11920489011,0,1
1370899260000,1370899319999,80028.11920489011,80028.11920489011,80028.11920489011,80028.11920489011,0,1
1370899320000,1370899379999,80028.11920489011,80028.11920489011,80028.11920489011,80028.11920489011,0,1
1370899380000,1370899439999,80028.11920489011,80028.11920489011,80028.11920489011,80028.11920489011,0,1
1370899440000,1370899499999,80028.11920489011,80028.11920489011,80028.11920489011,80028.11920489011,0,1
1370899500000,1370899559999,80028.11920489011,80028.11920489011,80028.11920489011,80028.11920489011,0,1
1370899560000,1370899619999,80028.11920489011,80028.11920489011,80028.11920489011,80028.11920489011,0,1
1370899620000,1370899679999,80028.11920489011,80028.11920489011,80028.11920489011,80028.11920489011,0,1
1370899680000,1370899739999,80028.11920489011,80028.11920489011,80028.11920489011,80028.11920489011,0,1
1370899740000,1370899799999,80028.11920489011,80028.11920489011,80028.11920489011,80028.11920489011,0,1
1370899800000,1370899859999,80028.11920489011,80028.11920489011,80028.11920489011,80028.11920489011,0,1
1370899860000,1370899919999,80028.11920489011,80028.11920489011,80028.11920489011,80028.11920489011,0,1
1370899920000,1370899979999,80028.11920489011,80028.11920489011,80028.11920489011,80028.11920489011,0,1
1370899980000,1370900039999,80028.11920489011,80028.11920489011,80028.11920489011,80028.11920489011,0,1
1370900040000,1370900099999,80028.11920489011,80028.11920489011,80028.11920489011,80028.11920489011,0,1
1370900100000,1370900159999,80028.11920489011,80028.11920489011,80028.11920489011,80028.11920489011,0,1
1370900160000,1370900219999,80028.11920489011,80028.11920489011,80028.11920489011,80028.11920489011,0,1
1370900220000,1370900279999,80028.11920489011,80028.11920489011,80028.11920489011,80028.11920489011,0,1
1370900280000,1370900339999,80028.11920489011,80028.11920489011,80028.11920489011,80028.11920489011,0,1
1370900340000,1370900399999,80028.11920489011,80028.11920489011,80028.11920489011,80028.11920489011,0,1
1370900400000,1370900459999,80028.11920489011,80028.11920489011,80028.11920489011,80028.11920489011,0,1
1370900460000,1370900519999,80028.11920489011,80028.11920489011,80028.11920489011,80028.11920489011,0,1
1370900520000,1370900579999,80028.11920489011,80028.11920489011,80028.11920489011,80028.11920489011,0,1
1370900580000,1370900639999,80028.11920489011,80028.11920489011,80028.11920489011,80028.11920489011,0,1
1370900640000,1370900699999,80028.11920489011,80028.11920489011,80028.11920489011,80028.11920489011,0,1
1370900700000,1370900759999,80028.11920489011,80028.11920489011,80028.11920489011,80028.11920489011,0,1
1370900760000,1370900819999,80028.11920489011,80028.11920489011,80028.11920489011,80028.11920489011,0,1
1370900820000,1370900879999,80028.11920489011,80028.11920489011,80028.11920489011,80028.11920489011,0,1
1370900880000,1370900939999,80028.11920489011,80028.11920489011,80028.11920489011,80028.11920489011,0,1
1370900940000,1370900999999,80028.11920489011,80028.11920489011,80028.11920489011,80028.11920489011,0,1
1370901000000,1370901059999,80028.11920489011,80028.11920489011,80028.11920489011,80028.11920489011,0,1
1370901060000,1370901119999,80028.11920489011,80028.11920489011,80028.11920489011,80028.11920489011,0,1
1370901120000,1370901179999,80028.11920489011,80028.11920489011,80028.11920489011,80028.11920489011,0,1
1370901180000,1370901239999,80028.11920489011,80028.11920489011,80028.11920489011,80028.11920489011,0,1
1370901240000,1370901299999,80028.11920489011,80028.11920489011,80028.11920489011,80028.11920489011,0,1
1370901300000,1370901359999,80028.11920489011,80028.11920489011,80028.11920489011,80028.11920489011,0,1
1370901360000,1370901419999,80028.11920489011,80028.11920489011,80028.11920489011,80028.11920489011,0,1
1370901420000,1370901479999,80028.11920489011,80028.11920489011,80028.11920489011,80028.11920489011,0,1
1370901480000,1370901539999,80028.11920489011,80028.11920489011,80028.11920489011,80028.11920489011,0,1
1370901540000,1370901599999,80028.11920489011,80028.11920489011,80028.11920489011,80028.11920489011,0,1
1370901600000,1370901659999,80022.67172508473,80025.57317859272,80022.67172508473,80024.967523683,0,1
1370901660000,1370901719999,80025.08129591167,80025.64344557213,80024.79686291293,80025.38245144548,0,1
1370901720000,1370901779999,80024.96083115865,80028.07237188822,80024.96083115865,80026.7107737379,0,1
1370901780000,1370901839999,80026.69739101786,80027.07879152056,80026.0148485469,80026.0148485469,0,1
1370901840000,1370901899999,80025.54306402185,80026.14199234184,80025.0879883554,80025.0879883554,0,1
1370901900000,1370901959999,80024.7935165942,80025.20510539565,80024.27147716004,80024.284863127,0,1
1370901960000,1370902019999,80024.7366290046,80024.7366290046,80024.40533602326,80024.51911464822,0,1
1370902020000,1370902079999,80024.86378905225,80025.4661041509,80024.28151663693,80024.28151663693,0,1
1370902080000,1370902139999,80024.52246105878,80024.84705755941,80024.52246105878,80024.66970201425,0,1
1370902140000,1370902199999,80024.53584668976,80025.57317859272,80024.32836739585,80025.20175921352,0,1
1370902200000,1370902259999,80025.3724130738,80025.56983253377,80024.50238257868,80025.33225948631,0,1
1370902260000,1370902319999,80024.98760122918,80025.35233630022,80024.61281372026,80024.61281372026,0,1
1370902320000,1370902379999,80024.69981921534,80024.74666801452,80024.49903616142,80024.49903616142,0,1
1370902380000,1370902439999,80024.284863127,80024.90394452083,80023.57538218563,80024.57934986675,0,1
1370902440000,1370902499999,80024.55592510266,80024.93406101647,80024.41537536577,80024.93406101647,0,1
1370902500000,1370902559999,80024.55592510266,80024.743321679,80022.72862442228,80022.75874746991,0,1
1370902560000,1370902619999,80022.99303474293,80023.10348255359,80021.64078689659,80021.64078689659,0,1
1370902620000,1370902679999,80021.59057615374,80022.05250547863,80021.59057615374,80021.61400786511,0,1
1370902680000,1370902739999,80022.1964356183,80022.22656026907,80021.65417638543,80021.80480689967,0,1
1370902740000,1370902799999,80021.2625264294,80021.2625264294,80020.17118152986,80020.17118152986,0,1
1370902800000,1370902859999,80020.30174746792,80020.35866029203,80019.92678429461,80020.10757186553,0,1
1370902860000,1370902919999,80019.96361165748,80020.56956969826,80019.96361165748,80020.56956969826,0,1
1370902920000,1370902979999,80020.22809509707,80020.56622196465,80019.25717222742,80020.19796442536,0,1
1370902980000,1370903039999,80020.19796442536,80020.19796442536,80020.19796442536,80020.19796442536,0,1
1370903040000,1370903099999,80020.27161701815,80020.36535589711,80019.960263721,80019.960263721,0,1
1370903100000,1370903159999,80020.30509529007,80020.53944005542,80020.30509529007,80020.53944005542,0,1
1370903160000,1370903219999,80020.16448579477,80020.3787470938,80020.16448579477,80020.29505182026,0,1
1370903220000,1370903279999,80020.27831268149,80020.27831268149,80019.94352402182,80019.94352402182,0,1
1370903280000,1370903339999,80019.98035132304,80020.22474724914,80019.98035132304,80020.22474724914,0,1
1370903340000,1370903399999,80020.24148647758,80020.24148647758,80020.08413662406,80020.08413662406,0,1
1370903400000,1370903459999,80019.97365546018,80020.48587602179,80019.97365546018,80020.48587602179,0,1
1370903460000,1370903519999,80020.00378680775,80020.13435493142,80020.00378680775,80020.0941803057,0,1
1370903520000,1370903579999,80020.42226835922,80020.42226835922,80018.25601855601,80018.25601855601,0,1
1370903580000,1370903639999,80018.28280658138,80018.74823706699,80018.28280658138,80018.74823706699,0,1
1370903640000,1370903699999,80018.5540312966,80018.69131507674,80017.5728996626,80018.69131507674,0,1
1370903700000,1370903759999,80018.62434761455,80018.72145028842,80017.99483154812,80018.6846183507,0,1
1370903760000,1370903819999,80018.28280658138,80018.28280658138,80018.28280658138,80018.28280658138,0,1
1370903820000,1370903879999,80019.43462379194,80019.78951747454,80019.3777057086,80019.78951747454,0,1
1370903880000,1370903939999,80019.53171859815,80019.53171859815,80019.30069837434,80019.30069837434,0,1
1370903940000,1370903999999,80019.47145296734,80019.47145296734,80019.29400205637,80019.29400205637,0,1
1370904000000,1370904059999,80019.3977944809,80019.3977944809,80019.3977944809,80019.3977944809,0,1
1370904060000,1370904119999,80019.36096503421,80019.36096503421,80019.16677116309,80019.16677116309,0,1
1370904120000,1370904179999,80019.30404653163,80019.30404653163,80019.30404653163,80019.30404653163,0,1
1370904180000,1370904239999,80019.14668192671,80021.49684875921,80019.14668192671,80021.47341677331,0,1
1370904240000,1370904299999,80021.57049178601,80021.57049178601,80020.70682581128,80020.90768502004,0,1
1370904300000,1370904359999,80021.17549102273,80021.17549102273,80020.79721295451,80020.98802757391,0,1
1370904360000,1370904419999,80020.98802757391,80020.98802757391,80020.98802757391,80020.98802757391,0,1
1370904420000,1370904479999,80020.90768502004,80021.19222865977,80020.90768502004,80021.19222865977,0,1
1370904480000,1370904539999,80021.02819860878,80021.48011163202,80020.78382231818,80020.78382231818,0,1
1370904540000,1370904599999,80021.01480828178,80021.07841217546,80020.4189205763,80020.4189205763,0,1
1370904600000,1370904659999,80019.94352402182,80021.10184508695,80019.94352402182,80021.10184508695,0,1
1370904660000,1370904719999,80021.18888113461,80021.24578891003,80020.6365241351,80020.8641658672,0,1
1370904720000,1370904779999,80020.92777071903,80022.23660179917,80020.92777071903,80022.23660179917,0,1
1370904780000,1370904839999,80022.08263056302,80023.17376688885,80022.08263056302,80023.17376688885,0,1
1370904840000,1370904899999,80023.04323844446,80023.72263708654,80023.04323844446,80023.31433407747,0,1
1370904900000,1370904959999,80023.30094681129,80023.34445536083,80022.96960626262,80022.96960626262,0,1
1370904960000,1370905019999,80023.01646316834,80023.79626372387,80022.87923875303,80022.87923875303,0,1
1370905020000,1370905079999,80023.18380746785,80023.18380746785,80021.75459698038,80022.06589441624,0,1
1370905080000,1370905139999,80021.96212968102,80021.96212968102,80020.65661037872,80021.82154348341,0,1
1370905140000,1370905199999,80021.41316284316,80021.41316284316,80020.42896392169,80020.42896392169,0,1
1370905200000,1370905259999,80020.02722223752,80021.10184508695,80020.02722223752,80021.10184508695,0,1
1370905260000,1370905319999,80021.4466372936,80021.89853140786,80021.33951865771,80021.65417638543,0,1
1370905320000,1370905379999,80021.70103945523,80021.77468097834,80021.39977303159,80021.77468097834,0,1
1370905380000,1370905439999,80021.73786028457,80022.81229933052,80021.73786028457,80022.09601946027,0,1
1370905440000,1370905499999,80022.21986591008,80022.21986591008,80021.67426058512,80021.86840576888,0,1
1370905500000,1370905559999,80021.96212968102,80021.96212968102,80021.72112356078,80021.72112356078,0,1
1370905560000,1370905619999,80021.68095530938,80022.50437221551,80021.68095530938,80021.998949549,0,1
1370905620000,1370905679999,80021.82489079681,80021.87510036316,80021.65082901492,80021.87510036316,0,1
1370905680000,1370905739999,80021.60396570982,80021.998949549,80021.60396570982,80021.998949549,0,1
1370905740000,1370905799999,80022.2165187289,80022.2165187289,80021.64078689659,80021.64078689659,0,1
1370905800000,1370905859999,80022.01903305623,80022.10606112145,80021.27926392078,80021.27926392078,0,1
1370905860000,1370905919999,80021.48680648625,80021.6976921004,80021.48680648625,80021.6976921004,0,1
1370905920000,1370905979999,80021.09180241732,80022.19978280619,80021.09180241732,80021.61735524797,0,1
1370905980000,1370906039999,80021.69099738736,80022.01903305623,80021.69099738736,80022.01903305623,0,1
1370906040000,1370906099999,80022.15626927608,80022.3303222605,80021.53701775015,80022.06924164783,0,1
1370906100000,1370906159999,80022.1094083396,80022.1094083396,80022.1094083396,80022.1094083396,0,1
1370906160000,1370906219999,80021.89853140786,80021.89853140786,80021.30269636161,80021.30269636161,0,1
1370906220000,1370906279999,80021.13197303533,80021.48680648625,80021.13197303533,80021.48680648625,0,1
1370906280000,1370906339999,80021.49015391168,80021.49015391168,80021.06502191568,80021.06502191568,0,1
1370906340000,1370906399999,80021.3729933547,80021.3729933547,80021.1118877465,80021.2089662688,0,1
1370906400000,1370906459999,80021.21566130455,80021.21566130455,80021.21566130455,80021.21566130455,0,1
1370906460000,1370906519999,80021.57383918343,80021.57383918343,80021.493501336,80021.493501336,0,1
1370906520000,1370906579999,80021.31273881946,80021.31273881946,80020.95789919187,80021.25248392115,0,1
1370906580000,1370906639999,80021.22235633584,80021.22235633584,80021.02819860878,80021.02819860878,0,1
1370906640000,1370906699999,80020.91772787459,80021.25248392115,80020.91772787459,80021.25248392115,0,1
1370906700000,1370906759999,80021.18553360832,80021.53367034039,80021.18553360832,80021.20227122855,0,1
1370906760000,1370906819999,80020.9947227576,80021.53367034039,80020.94116116261,80020.94116116261,0,1
1370906820000,1370906879999,80021.48011163202,80021.48011163202,80021.48011163202,80021.48011163202,0,1
1370906880000,1370906939999,80020.79721295451,80021.46337447682,80020.79721295451,80021.10519264125,0,1
1370906940000,1370906999999,80021.10519264125,80021.10519264125,80021.10519264125,80021.10519264125,0,1
1370907000000,1370907059999,80021.14201566462,80021.47341677331,80021.14201566462,80021.47341677331,0,1
1370907060000,1370907119999,80021.4198577422,80021.43659497025,80021.12527794353,80021.42320519006,0,1
1370907120000,1370907179999,80020.95120398351,80021.34621360607,80020.95120398351,80021.18888113461,0,1
1370907180000,1370907239999,80021.16544842707,80021.20561874923,80021.16544842707,80021.18553360832,0,1
1370907240000,1370907299999,80021.3227812672,80021.3227812672,80020.88759928072,80020.88759928072,0,1
1370907300000,1370907359999,80021.08510729864,80021.08510729864,80020.20800799268,80020.20800799268,0,1
1370907360000,1370907419999,80020.23479078956,80021.37968828065,80019.34757247451,80021.37968828065,0,1
1370907420000,1370907479999,80021.4667219101,80021.4667219101,80021.4667219101,80021.4667219101,0,1
1370907480000,1370907539999,80021.23574638496,80021.23574638496,80019.99709096058,80020.18457298657,0,1
1370907540000,1370907599999,80020.36870369797,80021.25248392115,80020.36870369797,80020.90433739962,0,1
1370907600000,1370907659999,80021.01480828178,80021.15875335768,80020.69008736179,80021.15875335768,0,1
1370907660000,1370907719999,80021.09180241732,80021.13532057955,80019.48149726437,80019.48149726437,0,1
1370907720000,1370907779999,80020.10087608786,80020.56287422992,80019.58863580487,80020.55617875708,0,1
1370907780000,1370907839999,80020.01383057008,80021.48680648625,80020.01383057008,80021.48680648625,0,1
1370907840000,1370907899999,80021.41316284316,80021.55710218512,80020.63987184517,80021.38973066115,0,1
1370907900000,1370907959999,80021.31273881946,80021.31273881946,80021.31273881946,80021.31273881946,0,1
1370907960000,1370908019999,80021.36629842425,80021.66421849032,80020.98133238574,80021.51358585837,0,1
1370908020000,1370908079999,80021.01480828178,80021.52362810442,80021.01480828178,80021.28930640215,0,1
1370908080000,1370908139999,80020.65995808208,80020.98467998039,80020.65995808208,80020.98467998039,0,1
1370908140000,1370908199999,80021.24244140279,80021.24244140279,80019.92008839588,80021.14536320548,0,1
1370908200000,1370908259999,80020.64321955413,80021.44328985362,80020.64321955413,80021.16544842707,0,1
1370908260000,1370908319999,80021.15875335768,80021.15875335768,80020.4356594797,80020.4356594797,0,1
1370908320000,1370908379999,80020.01717848863,80020.55617875708,80020.01717848863,80020.2481821611,0,1
1370908380000,1370908439999,80020.21805154992,80021.58388136898,80019.97030752707,80021.58388136898,0,1
1370908440000,1370908499999,80021.16879596008,80021.16879596008,80020.9947227576,80020.9947227576,0,1
1370908500000,1370908559999,80020.94785637766,80021.54036515877,80020.04061388703,80021.04493649237,0,1
1370908560000,1370908619999,80020.2481821611,80020.46578943523,80020.2481821611,80020.46578943523,0,1
1370908620000,1370908679999,80020.16783366288,80020.53944005542,80019.98035132304,80020.4088772208,0,1
1370908680000,1370908739999,80020.23813863411,80020.51265807447,80020.10422397727,80020.51265807447,0,1
1370908740000,1370908799999,80020.21135584622,80020.55952649406,80019.9535678447,80020.10757186553,0,1
1370908800000,1370908859999,80020.44905058225,80020.55952649406,80019.39444635499,80020.53609231173,0,1
1370908860000,1370908919999,80020.4992670571,80020.4992670571,80019.53841475693,80019.53841475693,0,1
1370908920000,1370908979999,80019.6522487702,80019.6522487702,80017.73363771818,80018.62099922966,0,1
1370908980000,1370909039999,80017.11076336044,80020.19126870822,80017.11076336044,80019.77277748953,0,1
1370909040000,1370909099999,80019.71586133089,80020.85747059608,80018.7817204393,80018.7817204393,0,1
1370909100000,1370909159999,80018.67792162017,80018.89891135956,80017.63317673621,80018.16560844069,0,1
1370909160000,1370909219999,80017.87093276138,80019.7828214839,80017.87093276138,80018.79511375686,0,1
1370909220000,1370909279999,80018.61765084368,80019.55180706106,80017.80395980505,80017.80395980505,0,1
1370909280000,1370909339999,80017.16099660176,80017.22462501183,80016.3069971796,80016.3069971796,0,1
1370909340000,1370909399999,80016.26680717466,80017.13420557111,80016.26680717466,80016.84954643785,0,1
1370909400000,1370909459999,80016.76917062735,80019.98035132304,80016.57492641816,80019.98035132304,0,1
1370909460000,1370909519999,80019.60872415344,80019.60872415344,80016.72228443956,80018.01827168645,0,1
1370909520000,1370909579999,80018.13882010136,80018.13882010136,80015.50316638956,80015.50316638956,0,1
1370909580000,1370909639999,80014.75621569819,80017.1409033355,80014.7059703754,80015.67063646602,0,1
1370909640000,1370909699999,80015.93523347056,80016.69214320274,80014.58538057067,80014.900250891,0,1
1370909700000,1370909759999,80015.18161598066,80015.42277975666,80015.04093442541,80015.15816919222,0,1
1370909760000,1370909819999,80015.47637091708,80016.42421710478,80015.47637091708,80016.19647427733,0,1
1370909820000,1370909879999,80016.4845011027,80016.48785020305,80015.37253778295,80016.48785020305,0,1
1370909880000,1370909939999,80016.5447847372,80016.5447847372,80015.01748730712,80015.34239247756,0,1
1370909940000,1370909999999,80015.21846082284,80016.85959336875,80015.21846082284,80016.85959336875,0,1
1370910000000,1370910059999,80016.42421710478,80018.59086371528,80016.36728188417,80018.59086371528,0,1
1370910060000,1370910119999,80019.41453509365,80019.41453509365,80017.57624839846,80018.219184904,0,1
1370910120000,1370910179999,80017.59634078995,80018.40335180743,80017.3887174642,80017.63317673621,0,1
1370910180000,1370910239999,80018.24262451644,80018.72814698977,80018.23927600373,80018.38326103734,0,1
1370910240000,1370910299999,80018.76497876717,80018.76497876717,80018.26941257766,80018.26941257766,0,1
1370910300000,1370910359999,80018.88551818105,80019.47145296734,80018.40000334855,80018.40000334855,0,1
1370910360000,1370910419999,80018.32968545306,80019.40449072934,80017.09066999325,80019.40449072934,0,1
1370910420000,1370910479999,80019.15337834331,80019.71586133089,80017.75707846874,80017.88097866614,0,1
1370910480000,1370910539999,80017.70015083633,80018.84868684762,80017.55950470801,80017.55950470801,0,1
1370910540000,1370910599999,80018.15221427998,80018.41004872184,80017.70015083633,80018.41004872184,0,1
1370910600000,1370910659999,80018.54398606795,80018.61430245654,80017.37197345978,80017.64322287982,0,1
1370910660000,1370910719999,80018.09194033491,80020.41222500708,80017.65996643009,80019.42457944783,0,1
1370910720000,1370910779999,80018.29954906079,80019.81630139227,80017.90776769616,80017.90776769616,0,1
1370910780000,1370910839999,80018.32968545306,80018.57077332192,80017.3987638534,80017.3987638534,0,1
1370910840000,1370910899999,80017.73363771818,80018.03501460876,80017.42220538895,80017.66666384235,0,1
1370910900000,1370910959999,80017.76712448789,80018.68796671428,80017.47578583531,80018.68796671428,0,1
1370910960000,1370911019999,80018.67122488515,80019.51497818159,80018.3665186981,80018.67457325323,0,1
1370911020000,1370911079999,80019.50828200711,80021.19892370673,80019.27391307557,80019.69577319754,0,1
1370911080000,1370911139999,80020.25153000119,80020.25153000119,80019.31743914963,80019.31743914963,0,1
1370911140000,1370911199999,80019.55515513428,80020.50596256803,80019.33083174967,80020.50596256803,0,1
1370911200000,1370911259999,80020.00378680775,80021.87175306659,80020.00378680775,80021.87175306659,0,1
1370911260000,1370911319999,80021.53367034039,80021.53367034039,80019.853129162,80019.853129162,0,1
1370911320000,1370911379999,80019.81630139227,80020.55952649406,80019.4915415513,80019.70246924646,0,1
1370911380000,1370911439999,80019.70581726925,80021.12862548999,80019.56185127737,80020.4992670571,0,1
1370911440000,1370911499999,80020.67669658201,80020.98133238574,80020.22139940008,80020.72356423279,0,1
1370911500000,1370911559999,80021.44328985362,80021.46002704241,80019.88326087274,80019.88326087274,0,1
1370911560000,1370911619999,80019.79621346068,80020.57961289235,80019.79621346068,80019.9535678447,0,1
1370911620000,1370911679999,80020.04061388703,80020.9445087707,80019.93682813429,80020.9445087707,0,1
1370911680000,1370911739999,80021.00476552473,80021.51023844078,80021.00476552473,80021.47341677331,0,1
1370911740000,1370911799999,80021.08510729864,80021.29600138412,80020.85412295886,80020.85412295886,0,1
1370911800000,1370911859999,80020.04730970506,80020.99137516633,80019.32078730132,80020.80725591998,0,1
1370911860000,1370911919999,80020.8106035729,80022.16296367766,80020.8106035729,80021.55375478209,0,1
1370911920000,1370911979999,80021.46337447682,80022.89597353863,80021.46337447682,80022.64829585166,0,1
1370911980000,1370912039999,80023.48502015014,80023.48502015014,80021.6843026698,80022.71188935661,0,1
1370912040000,1370912099999,80022.60143722079,80022.60143722079,80021.3964255759,80021.3964255759,0,1
1370912100000,1370912159999,80021.25583142502,80022.18974123913,80021.25583142502,80021.85836386908,0,1
1370912160000,1370912219999,80021.83158542022,80021.89518411914,80021.01815586521,80021.02485102872,0,1
1370912220000,1370912279999,80020.01048265044,80021.22235633584,80020.01048265044,80021.22235633584,0,1
1370912280000,1370912339999,80021.10854019444,80021.2257038498,80020.61309013319,80020.61309013319,0,1
1370912340000,1370912399999,80020.92107549052,80022.74535945994,80020.92107549052,80021.69099738736,0,1
1370912400000,1370912459999,80022.0056440559,80022.68846021761,80021.6441342705,80022.37383503326,0,1
1370912460000,1370912519999,80022.7888704268,80022.80895234764,80021.6843026698,80022.78217644422,0,1
1370912520000,1370912579999,80022.75205346716,80022.8457690978,80021.60731309603,80021.77133364815,0,1
1370912580000,1370912639999,80022.27007349333,80023.22396968305,80021.38303574194,80021.38303574194,0,1
1370912640000,1370912699999,80021.41316284316,80021.51358585837,80021.09514997498,80021.09514997498,0,1
1370912700000,1370912759999,80020.9712895951,80022.1328388353,80020.96794199597,80022.1328388353,0,1
1370912760000,1370912819999,80021.68765002914,80022.37718216177,80021.68765002914,80021.83158542022,0,1
1370912820000,1370912879999,80021.16544842707,80021.44328985362,80020.9746371931,80020.9746371931,0,1
1370912880000,1370912939999,80020.9712895951,80021.42320519006,80020.9712895951,80021.09514997498,0,1
1370912940000,1370912999999,80021.0750646122,80021.0750646122,80021.0750646122,80021.0750646122,0,1
1370913000000,1370913059999,80021.19222865977,80021.19222865977,80020.10087608786,80020.88759928072,0,1
1370913060000,1370913119999,80020.56956969826,80020.56956969826,80019.01944915904,80019.01944915904,0,1
1370913120000,1370913179999,80019.43127567836,80020.06739713224,80019.25382405442,80019.25382405442,0,1
1370913180000,1370913239999,80020.04730970506,80020.04730970506,80018.46027543685,80019.63216050909,0,1
1370913240000,1370913299999,80019.83973726143,80020.16113792555,80018.27276108027,80020.16113792555,0,1
1370913300000,1370913359999,80019.58528774287,80020.46913720244,80019.35426875661,80020.0941803057,0,1
1370913360000,1370913419999,80020.07409293234,80020.38544268542,80019.22369044703,80019.29735021591,0,1
1370913420000,1370913479999,80019.4212313309,80021.40646793961,80019.41453509365,80020.12096340743,0,1
1370913480000,1370913539999,80020.92777071903,80022.06589441624,80020.92107549052,80020.92107549052,0,1
1370913540000,1370913599999,80021.46002704241,80023.76949046392,80021.46002704241,80023.05997295561,0,1
1370913600000,1370913659999,80023.40469765532,80023.40469765532,80021.72447090778,80021.72447090778,0,1
1370913660000,1370913719999,80022.02238030352,80023.51514091936,80021.65082901492,80022.85581000612,0,1
1370913720000,1370913779999,80023.69921031554,80023.83307683923,80022.33701654556,80023.33106813497,0,1
1370913780000,1370913839999,80024.0338732648,80024.63958472245,80023.0097693381,80023.39131051012,0,1
1370913840000,1370913899999,80022.66503102375,80024.86713534745,80022.64160177496,80023.41473800245,0,1
1370913900000,1370913959999,80022.83572817937,80024.82697973105,80022.70184830377,80024.6362383511,0,1
1370913960000,1370914019999,80024.54923230283,80025.0846421341,80023.29090634991,80024.90059823793,0,1
1370914020000,1370914079999,80024.31163500715,80024.92402219467,80023.26747856748,80023.43481866647,0,1
1370914080000,1370914139999,80023.92008911868,80023.92008911868,80023.41473800245,80023.53187464084,0,1
1370914140000,1370914199999,80024.40198957354,80024.91063708326,80023.46493958692,80023.65235660887,0,1
1370914200000,1370914259999,80023.40804443882,80024.51242182376,80023.31433407747,80023.99036771475,0,1
1370914260000,1370914319999,80024.18446793806,80024.5927354216,80023.11017632108,80024.52580746819,0,1
1370914320000,1370914379999,80023.94686197542,80024.9173296412,80021.88848953828,80021.88848953828,0,1
1370914380000,1370914439999,80022.45416580861,80023.578728912,80021.35290854995,80022.34371082613,0,1
1370914440000,1370914499999,80022.51441346665,80023.97363476048,80022.51441346665,80023.34780216447,0,1
1370914500000,1370914559999,80023.43481866647,80024.85709645848,80023.25409123857,80024.40198957354,0,1
1370914560000,1370914619999,80023.58207563726,80024.90059823793,80023.58207563726,80024.87717422635,0,1
1370914620000,1370914679999,80023.95690177822,80024.53919309471,80023.31098726261,80024.26813066551,0,1
1370914680000,1370914739999,80024.40533602326,80024.5960818075,80022.26672632895,80022.75874746991,0,1
1370914740000,1370914799999,80022.97295319174,80025.0980270126,80022.97295319174,80024.35513915954,0,1
1370914800000,1370914859999,80023.49840716989,80025.18502828616,80023.49840716989,80023.66239670735,0,1
1370914860000,1370914919999,80023.80965032695,80024.55592510266,80023.26747856748,80024.55592510266,0,1
1370914920000,1370914979999,80023.9836745364,80024.6462774618,80023.32102770383,80024.30828852605,0,1
1370914980000,1370915039999,80024.83032603859,80024.83032603859,80024.3015955605,80024.4689183556,0,1
1370915040000,1370915099999,80024.86713534745,80024.86713534745,80024.36517855244,80024.5860426464,0,1
1370915100000,1370915159999,80024.92067591849,80025.0444873911,80023.77618378564,80024.43545402057,0,1
1370915160000,1370915219999,80024.38860376335,80024.4086824719,80023.64900990714,80023.64900990714,0,1
1370915220000,1370915279999,80024.13426996564,80024.93071474365,80024.04725954981,80024.93071474365,0,1
1370915280000,1370915339999,80024.78013130811,80024.78013130811,80022.88258571239,80023.39800408496,0,1
1370915340000,1370915399999,80023.22396968305,80023.40469765532,80023.04993225227,80023.40469765532,0,1
1370915400000,1370915459999,80023.12691072022,80023.5184876659,80022.88927962775,80023.34110855604,0,1
1370915460000,1370915519999,80022.6516428883,80023.90335604682,80022.56796663573,80022.56796663573,0,1
1370915520000,1370915579999,80023.22396968305,80024.00375405801,80022.61147837446,80023.2875595272,0,1
1370915580000,1370915639999,80023.37792334701,80023.75610380707,80023.34780216447,80023.41808478259,0,1
1370915640000,1370915699999,80023.25409123857,80025.52967973902,80023.25409123857,80024.91398336279,0,1
1370915700000,1370915759999,80024.6496238298,80024.7600533454,80022.69180724083,80023.33776175012,0,1
1370915760000,1370915819999,80023.55195506965,80023.87992969916,80023.31768089121,80023.32437451532,0,1
1370915820000,1370915879999,80023.04323844446,80024.5927354216,80021.85501656689,80022.39057066466,0,1
1370915880000,1370915939999,80022.72193039938,80022.72193039938,80021.78472296221,80021.78472296221,0,1
1370915940000,1370915999999,80021.82489079681,80022.85581000612,80021.66756585638,80021.66756585638,0,1
1370916000000,1370916059999,80022.22990744689,80023.17711374964,80022.15292207363,80022.15292207363,0,1
1370916060000,1370916119999,80022.7922174164,80023.12691072022,80021.70103945523,80022.86919786822,0,1
1370916120000,1370916179999,80023.17042002695,80023.88662294696,80022.68846021761,80023.5653419998,0,1
1370916180000,1370916239999,80023.14029821937,80023.14029821937,80021.73116559842,80022.1094083396,0,1
1370916240000,1370916299999,80021.90522598199,80022.61147837446,80020.87755639594,80021.84162734695,0,1
1370916300000,1370916359999,80021.71777621265,80022.0725888783,80019.65894484828,80019.65894484828,0,1
1370916360000,1370916419999,80020.52939682096,80020.52939682096,80019.84978118853,80020.02387432235,0,1
1370916420000,1370916479999,80019.92008839588,80020.85412295886,80019.92008839588,80020.4189205763,0,1
1370916480000,1370916539999,80020.2816605115,80023.23401021163,80020.2816605115,80022.87923875303,0,1
1370916540000,1370916599999,80022.26672632895,80023.71259704855,80022.26672632895,80022.67507211355,0,1
1370916600000,1370916659999,80022.38722354063,80022.95287160024,80022.38722354063,80022.95287160024,0,1
1370916660000,1370916719999,80022.70519532249,80023.86319656011,80021.59057615374,80021.59057615374,0,1
1370916720000,1370916779999,80021.80480689967,80022.8524630378,80021.80480689967,80022.8390751533,0,1
1370916780000,1370916839999,80022.15961647742,80022.74870646412,80021.94539333254,80022.43408317528,0,1
1370916840000,1370916899999,80021.9420460595,80021.9420460595,80021.9420460595,80021.9420460595,0,1
1370916900000,1370916959999,80021.90522598199,80022.77548245715,80021.90522598199,80022.53449593866,0,1
1370916960000,1370917019999,80022.47759549654,80022.67507211355,80022.40730626807,80022.40730626807,0,1
1370917020000,1370917079999,80022.81899329294,80023.09009500513,80022.4273889552,80022.86250393942,0,1
1370917080000,1370917139999,80022.71523637198,80023.86319656011,80022.71523637198,80023.86319656011,0,1
1370917140000,1370917199999,80023.44820575343,80023.8732364469,80023.24070389177,80023.25074440356,0,1
1370917200000,1370917259999,80023.0097693381,80023.0097693381,80019.42792756365,80020.18457298657,0,1
1370917260000,1370917319999,80019.91674044484,80020.17452939572,80017.92116218427,80017.96134554093,0,1
1370917320000,1370917379999,80018.36317022688,80018.6578314017,80016.88303616822,80017.76712448789,0,1
1370917380000,1370917439999,80018.2359274899,80018.51050189961,80016.58832269166,80018.2627155691,0,1
1370917440000,1370917499999,80018.31294302412,80018.47032074959,80016.74572756095,80016.75242558551,0,1
1370917500000,1370917559999,80016.93661950354,80018.87882158507,80016.67874706832,80018.03501460876,0,1
1370917560000,1370917619999,80018.33638241679,80018.75158540926,80017.65661772227,80017.7403350811,0,1
1370917620000,1370917679999,80017.75707846874,80018.09863745786,80016.2467121116,80018.09863745786,0,1
1370917680000,1370917739999,80018.1120316903,80018.1120316903,80017.58629459924,80018.01492309863,0,1
1370917740000,1370917799999,80017.86088684652,80018.74154037907,80017.68340735335,80018.74154037907,0,1
1370917800000,1370917859999,80019.51497818159,80019.51497818159,80018.3330339355,80018.77502377382,0,1
1370917860000,1370917919999,80018.38995796518,80018.7817204393,80017.75372979346,80018.0484089264,0,1
1370917920000,1370917979999,80017.75372979346,80017.7872164959,80015.92518561093,80016.33379042649,0,1
1370917980000,1370918039999,80016.74907657377,80016.74907657377,80016.38737670494,80016.38737670494,0,1
1370918040000,1370918099999,80016.42756622532,80016.99355148272,80016.42756622532,80016.66535091598,0,1
1370918100000,1370918159999,80016.82610355986,80017.00694719542,80015.59694997792,80015.97542480813,0,1
1370918160000,1370918219999,80016.11274399268,80016.4845011027,80016.11274399268,80016.4845011027,0,1
1370918220000,1370918279999,80016.71223737071,80018.09528889695,80016.71223737071,80017.4657395235,0,1
1370918280000,1370918339999,80017.5896433306,80017.5896433306,80015.9921711511,80015.9921711511,0,1
1370918340000,1370918399999,80016.1730298683,80016.2601088248,80014.83660768955,80014.83660768955,0,1
1370918400000,1370918459999,80014.62892705678,80015.51991352343,80014.2303021452,80014.26380064848,0,1
1370918460000,1370918519999,80014.64567565481,80015.18496551737,80014.41119272984,80015.18496551737,0,1
1370918520000,1370918579999,80014.93374715015,80015.3088975872,80014.93374715015,80015.08112935744,0,1
1370918580000,1370918639999,80015.52326294684,80016.15628382818,80015.0576823334,80016.15628382818,0,1
1370918640000,1370918699999,80016.43761358019,80016.43761358019,80015.66728709199,80015.98547261726,0,1
1370918700000,1370918759999,80015.73092500697,80016.21991863141,80013.9589601328,80014.36764529554,0,1
1370918760000,1370918819999,80014.69592128055,80015.3256450464,80014.39109393758,80015.17156736378,0,1
1370918820000,1370918879999,80016.33713957731,80016.33713957731,80015.07108063958,80015.07108063958,0,1
1370918880000,1370918939999,80015.94863060104,80016.76582162123,80011.75780282443,80012.4614217715,0,1
1370918940000,1370918999999,80012.74620584237,80013.41290388988,80011.56681199584,80011.67403536623,0,1
1370919000000,1370919059999,80011.66733393926,80012.95727586185,80009.6734599847,80010.4006836011,0,1
1370919060000,1370919119999,80010.45430168218,80012.62559240242,80009.63994610091,80011.56346124699,0,1
1370919120000,1370919179999,80011.71759453208,80012.80651201682,80011.61037162872,80012.80651201682,0,1
1370919180000,1370919239999,80012.5987892182,80012.84001528993,80011.41267638665,80012.20343390596,0,1
1370919240000,1370919299999,80011.98229615221,80013.75126127202,80011.94543938448,80013.48995657767,0,1
1370919300000,1370919359999,80014.58203083312,80014.58203083312,80011.59026720635,80013.39950336183,0,1
1370919360000,1370919419999,80011.76450419077,80012.76965828676,80011.69749032526,80011.80136162537,0,1
1370919420000,1370919479999,80011.46293825938,80011.46293825938,80009.93151312791,80011.08429260114,0,1
1370919480000,1370919539999,80011.55005824035,80011.75445213956,80011.55005824035,80011.73099731415,0,1
1370919540000,1370919599999,80011.66733393926,80011.66733393926,80010.62185633264,80010.99046668173,0,1
1370919600000,1370919659999,80010.95360625825,80010.95360625825,80008.49035188463,80010.39398132075,0,1
1370919660000,1370919719999,80010.2666371406,80011.24848584185,80008.87915072417,80010.80281220189,0,1
1370919720000,1370919779999,80010.23982763286,80011.19487201887,80009.24782531559,80009.94826959529,0,1
1370919780000,1370919839999,80010.25658358361,80011.4260795774,80009.17073993398,80010.06556408068,0,1
1370919840000,1370919899999,80010.8061632056,80013.1649912141,80010.8061632056,80012.71270225498,0,1
1370919900000,1370919959999,80013.47320604387,80013.47320604387,80009.39529134646,80011.05078344526,0,1
1370919960000,1370920019999,80011.111099845,80011.111099845,80009.58297224068,80010.05886157573,0,1
1370920020000,1370920079999,80009.99518755455,80011.17811764024,80009.20090384973,80011.0407306766,0,1
1370920080000,1370920139999,80010.18620840179,80012.19673283376,80010.18620840179,80011.40597478453,0,1
1370920140000,1370920199999,80012.02920456922,80012.17662959019,80011.12115254291,80012.17662959019,0,1
1370920200000,1370920259999,80011.27864349095,80012.20343390596,80011.27864349095,80012.12972186472,0,1
1370920260000,1370920319999,80011.92533563574,80011.92533563574,80011.23843327192,80011.48639371355,0,1
1370920320000,1370920379999,80011.22838069191,80011.27529264554,80007.90377330512,80008.20209471094,0,1
1370920380000,1370920439999,80008.580849516,80008.62442215755,80005.32912439691,80007.74622919653,0,1
1370920440000,1370920499999,80007.55516173448,80008.27583570908,80006.04325361137,80007.17301585794,0,1
1370920500000,1370920559999,80006.76738890697,80008.31940967967,80005.88232753544,80006.89477765553,0,1
1370920560000,1370920619999,80007.51158443363,80007.51158443363,80004.9938348727,80006.48913941806,0,1
1370920620000,1370920679999,80006.34498302378,80006.76738890697,80006.2075296427,80006.67017008601,0,1
1370920680000,1370920739999,80006.37850795209,80007.97081259852,80005.28889024757,80006.3952703741,0,1
1370920740000,1370920799999,80006.22429235131,80008.70821516536,80006.22429235131,80007.83338156335,0,1
1370920800000,1370920859999,80008.67134632842,80008.67134632842,80005.11118748494,80006.51260654138,0,1
1370920860000,1370920919999,80006.0365484099,80008.14176076252,80004.85971591521,80007.68924454603,0,1
1370920920000,1370920979999,80007.10261897204,80007.10261897204,80005.64093356571,80005.89573814067,0,1
1370920980000,1370921039999,80006.06672178107,80008.14511265811,80006.06672178107,80006.40868029147,0,1
1370921040000,1370921099999,80006.47908206265,80008.36968710211,80004.87312789191,80008.2155022056,0,1
1370921100000,1370921159999,80008.6177186866,80008.83893085556,80007.36744277789,80008.83893085556,0,1
1370921160000,1370921219999,80008.40990885806,80009.83767639176,80008.22555781479,80008.5037589928,0,1
1370921220000,1370921279999,80009.10035711007,80010.31690477385,80008.62777389133,80008.81882086059,0,1
1370921280000,1370921339999,80009.26793444785,80009.65000027785,80008.36968710211,80008.62777389133,0,1
1370921340000,1370921399999,80008.7417321719,80010.50791947579,80006.92830074069,80008.14176076252,0,1
1370921400000,1370921459999,80006.82773114803,80008.84563417821,80006.06001659532,80008.84563417821,0,1
1370921460000,1370921519999,80009.11711497021,80011.00722137476,80007.36744277789,80008.52722138885,0,1
1370921520000,1370921579999,80008.135056968,80011.09099441883,80008.135056968,80009.95832346224,0,1
1370921580000,1370921639999,80011.30209937738,80013.73451117592,80009.27463748296,80012.72275334298,0,1
1370921640000,1370921699999,80012.78305965886,80012.78305965886,80009.59302647489,80011.20827550154,0,1
1370921700000,1370921759999,80011.57351349016,80011.57351349016,80008.47694475845,80009.49583512072,0,1
1370921760000,1370921819999,80009.9013514159,80010.4610039221,80008.09148219413,80008.70821516536,0,1
1370921820000,1370921879999,80008.01103595884,80010.3370117564,80007.63561163713,80010.3370117564,0,1
1370921880000,1370921939999,80009.68686550678,80009.72037923333,80008.69145661998,80009.72037923333,0,1
1370921940000,1370921999999,80009.94156701172,80012.66579704404,80009.9181079338,80010.83297119505,0,1
1370922000000,1370922059999,80010.9636591145,80011.7108931343,80007.68589249764,80007.68589249764,0,1
1370922060000,1370922119999,80008.0814264501,80008.0814264501,80006.59306483179,80008.0814264501,0,1
1370922120000,1370922179999,80007.88030944626,80010.10242777767,80007.58533052383,80008.87915072417,0,1
1370922180000,1370922239999,80008.75849063302,80010.1828571903,80007.06574421497,80007.83673356229,0,1
1370922240000,1370922299999,80007.28363853456,80008.66129116749,80007.18307251547,80007.18307251547,0,1
1370922300000,1370922359999,80006.88807302501,80007.96075673317,80006.88807302501,80007.96075673317,0,1
1370922360000,1370922419999,80007.92053317062,80007.99427624505,80006.53607360962,80007.93394104278,0,1
1370922420000,1370922479999,80008.28253940922,80009.82427107188,80008.28253940922,80009.55951232153,0,1
1370922480000,1370922539999,80010.1728035491,80011.79466028373,80009.26123140825,80010.04545655233,0,1
1370922540000,1370922599999,80009.70027101088,80011.28534517842,80009.34501908025,80009.54945805363,0,1
1370922600000,1370922659999,80010.02534898353,80011.60031942259,80009.42210311844,80010.44089718886,0,1
1370922660000,1370922719999,80009.64329749435,80012.10626791949,80009.64329749435,80011.57686423564,0,1
1370922720000,1370922779999,80012.03590575368,80012.03590575368,80009.28134051357,80010.39733246149,0,1
1370922780000,1370922839999,80010.01194391522,80012.20343390596,80009.74719013371,80010.18955961216,0,1
1370922840000,1370922899999,80011.17141588092,80013.09128626039,80010.99716856232,80013.09128626039,0,1
1370922900000,1370922959999,80012.23023814989,80015.51656409891,80012.23023814989,80014.32744749557,0,1
1370922960000,1370923019999,80014.03935853369,80014.03935853369,80011.70754243372,80012.08616449406,0,1
1370923020000,1370923079999,80011.61707309386,80012.65239551479,80011.02397603972,80011.5400059736,0,1
1370923080000,1370923139999,80011.45623669094,80012.1029173514,80010.2532323957,80011.25183669623,0,1
1370923140000,1370923199999,80010.68887740676,80011.46293825938,80007.86354951335,80008.20209471094,0,1
1370923200000,1370923259999,80008.17192778223,80011.25853840164,80008.17192778223,80009.86783829586,0,1
1370923260000,1370923319999,80010.50791947579,80010.50791947579,80007.65907607018,80008.74508386638,0,1
1370923320000,1370923379999,80008.83557919254,80010.71568571063,80007.92388514034,80009.32155860285,0,1
1370923380000,1370923439999,80009.328261602,80010.23647643934,80008.23896527798,80009.31820710159,0,1
1370923440000,1370923499999,80009.01991899045,80011.51990140976,80009.01991899045,80011.51990140976,0,1
1370923500000,1370923559999,80010.93350051544,80013.10468720147,80010.61515420054,80011.8147642952,0,1
1370923560000,1370923619999,80011.44618432988,80012.59208841091,80010.5514837214,80012.59208841091,0,1
1370923620000,1370923679999,80011.87842673149,80012.77970931753,80011.15466146299,80012.27044438104,0,1
1370923680000,1370923739999,80012.74620584237,80012.74620584237,80011.56681199584,80011.77790690998,0,1
1370923740000,1370923799999,80011.65393107187,80012.73280442088,80011.56011049701,80012.72275334298,0,1
1370923800000,1370923859999,80012.23693919963,80013.02093102508,80011.5534089937,80013.02093102508,0,1
1370923860000,1370923919999,80012.67249780193,80014.27050033567,80012.67249780193,80014.27050033567,0,1
1370923920000,1370923979999,80014.39779353948,80014.44469062719,80012.74620584237,80012.74620584237,0,1
1370923980000,1370924039999,80013.03098180328,80015.20841224298,80013.03098180328,80014.7897124398,0,1
1370924040000,1370924099999,80014.7897124398,80014.7897124398,80013.50000688448,80013.69096079476,0,1
1370924100000,1370924159999,80013.86516118147,80013.86516118147,80012.63229318724,80012.63229318724,0,1
1370924160000,1370924219999,80012.95727586185,80013.04773307785,80012.6557458988,80013.04773307785,0,1
1370924220000,1370924279999,80012.7261037034,80013.78476138007,80012.7261037034,80012.93382385747,0,1
1370924280000,1370924339999,80012.68254893034,80013.71106099425,80011.9018812111,80013.17504184751,0,1
1370924340000,1370924399999,80012.84336561106,80014.79641177465,80012.7261037034,80014.79641177465,0,1
1370924400000,1370924459999,80014.24705141087,80015.10122676287,80013.97905979362,80014.32074784652,0,1
1370924460000,1370924519999,80014.41119272984,80015.20506271411,80014.28724953401,80014.93039752929,0,1
1370924520000,1370924579999,80015.12467368481,80015.12467368481,80013.92546060833,80014.90695015182,0,1
1370924580000,1370924639999,80015.33904299355,80016.70888834551,80014.40449313691,80016.70888834551,0,1
1370924640000,1370924699999,80016.66869995574,80016.87968720024,80014.91029978053,80015.38593566728,0,1
1370924700000,1370924759999,80016.06250548536,80016.47780289865,80012.5887380056,80012.70600152403,0,1
1370924760000,1370924819999,80012.43126768916,80013.43970489211,80012.01245158841,80013.37270225187,0,1
1370924820000,1370924879999,80013.23199524605,80013.73451117592,80013.00417970562,80013.73451117592,0,1
1370924880000,1370924939999,80013.70771096379,80014.76291505549,80013.70771096379,80014.5619323842,0,1
1370924940000,1370924999999,80014.9839913285,80015.16821782257,80014.50163679513,80015.05433275405,0,1
1370925000000,1370925059999,80014.95049523764,80015.21846082284,80012.93382385747,80013.97235991117,0,1
1370925060000,1370925119999,80014.19010379312,80015.50651581859,80014.19010379312,80014.73611759937,0,1
1370925120000,1370925179999,80014.46143953377,80014.48153818466,80011.8817773748,80013.35595152166,0,1
1370925180000,1370925239999,80013.39280309108,80013.39280309108,80012.81991333952,80013.18174226418,0,1
1370925240000,1370925299999,80013.12478857941,80013.22529486308,80012.5619347226,80012.5619347226,0,1
1370925300000,1370925359999,80013.00417970562,80014.52173536521,80012.89362029341,80013.83166134279,0,1
1370925360000,1370925419999,80013.36265181711,80014.74951633641,80012.98072781124,80014.74951633641,0,1
1370925420000,1370925479999,80014.32409767162,80014.66242422478,80013.89531094037,80014.66242422478,0,1
1370925480000,1370925539999,80014.43129148171,80016.47445379496,80014.24370155997,80014.36764529554,0,1
1370925540000,1370925599999,80014.33749696071,80014.33749696071,80012.0526586952,80013.12813880514,0,1
1370925600000,1370925659999,80012.6088404207,80013.84506129172,80012.60213962014,80012.92712327467,0,1
1370925660000,1370925719999,80013.27889780133,80013.86851115918,80012.61889161309,80013.10133696787,0,1
1370925720000,1370925779999,80013.48995657767,80014.03600861321,80012.57533637308,80014.03600861321,0,1
1370925780000,1370925839999,80014.0963070099,80014.3810445263,80013.69096079476,80013.69096079476,0,1
1370925840000,1370925899999,80013.69096079476,80013.69096079476,80013.69096079476,80013.69096079476,0,1
1370925900000,1370925959999,80013.69096079476,80013.69096079476,80013.69096079476,80013.69096079476,0,1
1370925960000,1370926019999,80013.69096079476,80013.69096079476,80013.69096079476,80013.69096079476,0,1
1370926020000,1370926079999,80013.6641604659,80014.49493726279,80011.6505803522,80012.75960724591,0,1
1370926080000,1370926139999,80013.51675737339,80013.51675737339,80010.65536692586,80010.65536692586,0,1
1370926140000,1370926199999,80010.54813263232,80011.29874853983,80010.54813263232,80011.29874853983,0,1
1370926200000,1370926259999,80010.96030816353,80011.24513498633,80009.94826959529,80010.02870024781,0,1
1370926260000,1370926319999,80009.34501908025,80010.69893052912,80009.34501908025,80010.44424831388,0,1
1370926320000,1370926379999,80010.30350009636,80010.49451505434,80009.41875165087,80009.95497217437,0,1
1370926380000,1370926439999,80009.96502603458,80012.43461814724,80009.57626941225,80012.43126768916,0,1
1370926440000,1370926499999,80012.50832794106,80013.50335698451,80011.13790701698,80012.85006624997,0,1
1370926500000,1370926559999,80011.82146562336,80013.14824013595,80011.74775076649,80011.84827089112,0,1
1370926560000,1370926619999,80011.74104938892,80013.06113407729,80011.5534089937,80012.67919855533,0,1
1370926620000,1370926679999,80012.99077862984,80015.18831505298,80012.99077862984,80014.80646076851,0,1
1370926680000,1370926739999,80014.68587217559,80015.54670887925,80013.38275267652,80015.44622592468,0,1
1370926740000,1370926799999,80014.39779353948,80015.2285093926,80014.25375110928,80015.2285093926,0,1
1370926800000,1370926859999,80014.70932007144,80015.38258619788,80013.06783457029,80013.06783457029,0,1
1370926860000,1370926919999,80012.99077862984,80013.38945295401,80010.83297119505,80010.83297119505,0,1
1370926920000,1370926979999,80010.22977404894,80010.93685147537,80009.87454092884,80010.90334182544,0,1
1370926980000,1370927039999,80011.37246670657,80011.76450419077,80010.36046985161,80011.76450419077,0,1
1370927040000,1370927099999,80011.78125758698,80013.36265181711,80011.78125758698,80012.48152444256,0,1
1370927100000,1370927159999,80012.47482355668,80013.48325636752,80012.10961848646,80013.18509247083,0,1
1370927160000,1370927219999,80012.6557458988,80014.15660504297,80011.95214062507,80012.25369180438,0,1
1370927220000,1370927279999,80012.71940298144,80013.53350783423,80012.45472087216,80012.57198596215,0,1
1370927280000,1370927339999,80012.25704232194,80013.51005718119,80012.25704232194,80013.28894832025,0,1
1370927340000,1370927399999,80012.95392557887,80013.01423050066,80011.37581751942,80012.00239978643,0,1
1370927400000,1370927459999,80011.92533563574,80013.72781112963,80011.24513498633,80013.28559814839,0,1
1370927460000,1370927519999,80013.63065995385,80013.68426071927,80012.97402725987,80013.19179288077,0,1
1370927520000,1370927579999,80013.027631545,80013.05443357982,80010.53807935835,80012.6289427954,0,1
1370927580000,1370927639999,80012.7294540627,80012.90702149938,80011.26524010258,80012.60213962014,0,1
1370927640000,1370927699999,80012.6289427954,80013.08123554279,80010.87988500368,80011.5433567303,0,1
1370927700000,1370927759999,80012.65239551479,80012.65239551479,80012.65239551479,80012.65239551479,0,1
1370927760000,1370927819999,80012.28049591358,80012.85676688438,80011.26859095135,80011.26859095135,0,1
1370927820000,1370927879999,80012.50832794106,80012.81656301054,80012.31400094903,80012.81656301054,0,1
1370927880000,1370927939999,80012.42791722996,80013.17504184751,80011.08764351056,80011.08764351056,0,1
1370927940000,1370927999999,80010.2733395063,80012.25034128566,80009.87454092884,80012.25034128566,0,1
1370928000000,1370928059999,80012.4614217715,80013.19514308404,80011.67403536623,80011.83821892412,0,1
1370928060000,1370928119999,80011.29204686137,80013.0711848151,80010.92009666446,80012.3676087723,0,1
1370928120000,1370928179999,80012.24699076584,80012.98742835809,80012.24699076584,80012.98742835809,0,1
1370928180000,1370928239999,80013.04438282517,80013.04438282517,80011.9018812111,80012.50832794106,0,1
1370928240000,1370928299999,80013.17504184751,80013.72781112963,80012.33075342467,80013.72781112963,0,1
1370928300000,1370928359999,80013.63065995385,80013.63065995385,80012.55858430717,80013.08458578312,0,1
1370928360000,1370928419999,80013.05443357982,80013.41960414717,80012.05935986397,80013.06113407729,0,1
1370928420000,1370928479999,80012.93382385747,80013.53350783423,80012.93382385747,80013.37270225187,0,1
1370928480000,1370928539999,80012.78640999908,80012.95727586185,80012.22688762331,80012.84001528993,0,1
1370928540000,1370928599999,80012.40781445116,80012.40781445116,80011.00722137476,80011.79466028373,0,1
1370928600000,1370928659999,80011.66063250782,80012.95057529477,80011.55005824035,80012.57198596215,0,1
1370928660000,1370928719999,80012.91372209565,80013.43300464828,80012.6088404207,80012.65909628167,0,1
1370928720000,1370928779999,80013.16164100071,80013.16164100071,80012.40781445116,80012.40781445116,0,1
1370928780000,1370928839999,80012.38101068321,80012.71270225498,80011.6639832241,80012.71270225498,0,1
1370928840000,1370928899999,80012.41786584561,80012.85006624997,80011.7511014536,80012.6289427954,0,1
1370928900000,1370928959999,80012.2603928384,80012.26709386795,80011.40597478453,80011.6505803522,0,1
1370928960000,1370929019999,80012.04260693367,80012.04260693367,80011.63382673706,80011.9152837462,0,1
1370929020000,1370929079999,80012.07276218799,80012.07276218799,80011.25853840164,80011.59696868497,0,1
1370929080000,1370929139999,80011.22167896629,80011.66733393926,80011.02397603972,80011.47299060362,0,1
1370929140000,1370929199999,80011.40262398179,80012.67919855533,80011.40262398179,80012.36090781011,0,1
1370929200000,1370929259999,80012.52508009116,80012.82996431978,80012.5217296634,80012.53178094335,0,1
1370929260000,1370929319999,80012.4111649171,80013.65746037247,80011.5400059736,80013.27219744974,0,1
1370929320000,1370929379999,80013.23199524605,80013.5067070834,80012.49492620077,80012.81991333952,0,1
1370929380000,1370929439999,80013.18174226418,80013.37605239454,80013.0711848151,80013.0711848151,0,1
1370929440000,1370929499999,80013.29899882908,80013.54690818272,80013.2520963681,80013.2520963681,0,1
1370929500000,1370929559999,80013.59715932957,80014.52843487961,80013.35595152166,80013.35595152166,0,1
1370929560000,1370929619999,80013.45645548202,80013.81826137587,80013.34590107006,80013.81826137587,0,1
1370929620000,1370929679999,80013.3425509173,80013.85176125947,80012.60549002099,80013.04103257139,0,1
1370929680000,1370929739999,80013.02428128559,80013.42630439998,80013.02428128559,80013.42630439998,0,1
1370929740000,1370929799999,80013.58375904843,80013.58375904843,80011.39257156682,80011.39257156682,0,1
1370929800000,1370929859999,80012.03925634424,80012.0526586952,80011.13790701698,80011.52660293553,0,1
1370929860000,1370929919999,80011.58021498,80012.85676688438,80011.3121518833,80011.3121518833,0,1
1370929920000,1370929979999,80011.36576507751,80011.82146562336,80009.94156701172,80010.61515420054,0,1
1370929980000,1370930039999,80010.98376479666,80011.49309526177,80010.98376479666,80011.49309526177,0,1
1370930040000,1370930099999,80010.93014955439,80012.8098623492,80010.39398132075,80012.8098623492,0,1
1370930100000,1370930159999,80011.6639832241,80012.10961848646,80011.06753803724,80011.06753803724,0,1
1370930160000,1370930219999,80011.25853840164,80011.45958747574,80011.00051950091,80011.00051950091,0,1
1370930220000,1370930279999,80011.0474325235,80011.23843327192,80010.54813263232,80010.92344762888,0,1
1370930280000,1370930339999,80010.1929108214,80010.22642285205,80009.63324331067,80010.22642285205,0,1
1370930340000,1370930399999,80009.87454092884,80010.18620840179,80008.99980935945,80009.21431000529,0,1
1370930400000,1370930459999,80009.14057592725,80011.29874853983,80009.14057592725,80010.65536692586,0,1
1370930460000,1370930519999,80011.34566016337,80011.91863437716,80010.62520739702,80011.26188925268,0,1
1370930520000,1370930579999,80011.33560769114,80013.7881113847,80010.67547322786,80013.7881113847,0,1
1370930580000,1370930639999,80014.61887788451,80014.65907451302,80012.56863555008,80013.06448432434,0,1
1370930640000,1370930699999,80013.38945295401,80014.37769472029,80011.78125758698,80011.78125758698,0,1
1370930700000,1370930759999,80011.76450419077,80013.4665058225,80011.76450419077,80013.24539599859,0,1
1370930760000,1370930819999,80012.84336561106,80014.46478931172,80012.61554121676,80013.24204581213,0,1
1370930820000,1370930879999,80013.71106099425,80015.54001004703,80012.95727586185,80015.54001004703,0,1
1370930880000,1370930939999,80015.92518561093,80015.92518561093,80014.65907451302,80015.67398583895,0,1
1370930940000,1370930999999,80015.39263460273,80015.98547261726,80014.89690125894,80015.29215009995,0,1
1370931000000,1370931059999,80015.23855795227,80015.51991352343,80014.61217843072,80015.08782849707,0,1
1370931060000,1370931119999,80014.91364940813,80016.14623619067,80014.91364940813,80014.91699903461,0,1
1370931120000,1370931179999,80015.26870357068,80016.67204899438,80015.21176177073,80016.67204899438,0,1
1370931180000,1370931239999,80016.68209610361,80018.08524320748,80016.63520950756,80017.21122959073,0,1
1370931240000,1370931299999,80016.83949949687,80017.17104321973,80016.59502082168,80016.96341106352,0,1
1370931300000,1370931359999,80017.8140057771,80018.21583638345,80016.67874706832,80018.21583638345,0,1
1370931360000,1370931419999,80017.75038111705,80018.05845465288,80017.25141580023,80017.78051916437,0,1
1370931420000,1370931479999,80017.56955092563,80018.09528889695,80016.15963303846,80016.28355302967,0,1
1370931480000,1370931539999,80016.43761358019,80018.2861550795,80015.93188418515,80018.2861550795,0,1
1370931540000,1370931599999,80018.27276108027,80019.69577319754,80017.01699396817,80019.47145296734,0,1
1370931600000,1370931659999,80019.3241354519,80019.3241354519,80017.5896433306,80017.6499203033,0,1
1370931660000,1370931719999,80017.88097866614,80018.65448302803,80017.88097866614,80018.15221427998,0,1
1370931720000,1370931779999,80018.22253342344,80018.22253342344,80017.61978186236,80018.17900258342,0,1
1370931780000,1370931839999,80017.58629459924,80017.86088684652,80016.67204899438,80017.17104321973,0,1
1370931840000,1370931899999,80017.1208100289,80017.92451080348,80016.04241001177,80017.92451080348,0,1
1370931900000,1370931959999,80017.94795110663,80019.48484536113,80017.30499716167,80019.40449072934,0,1
1370931960000,1370932019999,80018.78841710032,80018.78841710032,80017.2581134861,80017.2581134861,0,1
1370932020000,1370932079999,80017.857538206,80018.40335180743,80017.73363771818,80017.73363771818,0,1
1370932080000,1370932139999,80018.2359274899,80018.5540312966,80018.0283174432,80018.1254259048,0,1
1370932140000,1370932199999,80018.15556282183,80018.15556282183,80013.40620362811,80013.40620362811,0,1
1370932200000,1370932259999,80013.3425509173,80017.13755445386,80013.3425509173,80017.13755445386,0,1
1370932260000,1370932319999,80016.47780289865,80017.22127615825,80015.9653769889,80017.01699396817,0,1
1370932320000,1370932379999,80016.78591564116,80018.17565404941,80016.04575926016,80016.05915624257,0,1
1370932380000,1370932439999,80016.01896524153,80017.0638787742,80016.01896524153,80017.0638787742,0,1
1370932440000,1370932499999,80016.73902953186,80019.25717222742,80016.73233149831,80019.25717222742,0,1
1370932500000,1370932559999,80017.90776769616,80018.9022596514,80017.90776769616,80018.0082259196,0,1
1370932560000,1370932619999,80018.29285207238,80019.39109822795,80017.56620218755,80017.56620218755,0,1
1370932620000,1370932679999,80017.89437319012,80017.89437319012,80017.35857823605,80017.42555417528,0,1
1370932680000,1370932739999,80017.66331513677,80018.53728924326,80016.71223737071,80018.53728924326,0,1
1370932740000,1370932799999,80016.91317682966,80017.83074904142,80016.91317682966,80017.83074904142,0,1
1370932800000,1370932859999,80016.91652578645,80017.0940188906,80016.571577347,80016.571577347,0,1
1370932860000,1370932919999,80016.83280153062,80018.12877445563,80016.60841706824,80017.32843891704,0,1
1370932920000,1370932979999,80017.30834598724,80017.73698640018,80016.76582162123,80017.0638787742,0,1
1370932980000,1370933039999,80016.79261363881,80018.76832710384,80016.72563346027,80018.10868313388,0,1
1370933040000,1370933099999,80018.05175750302,80018.87547328538,80017.7872164959,80018.82859697222,0,1
1370933100000,1370933159999,80018.87882158507,80018.87882158507,80017.91781356392,80018.27610958177,0,1
1370933160000,1370933219999,80018.05175750302,80018.05175750302,80017.56955092563,80018.01827168645,0,1
1370933220000,1370933279999,80018.1187287998,80018.49710820087,80018.06515179826,80018.06515179826,0,1
1370933280000,1370933339999,80018.3062460447,80018.3062460447,80017.57624839846,80017.92785942159,0,1
1370933340000,1370933399999,80018.5540312966,80019.7828214839,80017.97139135485,80017.97139135485,0,1
1370933400000,1370933459999,80018.47366918491,80018.47366918491,80016.99690041259,80017.90107044538,0,1
1370933460000,1370933519999,80017.61308441871,80018.41004872184,80016.64190760616,80017.9512997169,0,1
1370933520000,1370933579999,80017.73698640018,80017.87428139742,80017.27485768119,80017.87428139742,0,1
1370933580000,1370933639999,80017.46239075065,80017.79391382293,80016.8060096207,80016.85289541594,0,1
1370933640000,1370933699999,80016.64525665379,80016.89978099134,80015.9285348986,80016.75577459612,0,1
1370933700000,1370933759999,80016.66535091598,80017.17104321973,80015.93858275485,80016.31704465562,0,1
1370933760000,1370933819999,80016.54813381736,80017.01364504505,80015.25530552927,80015.47972035507,0,1
1370933820000,1370933879999,80015.93188418515,80016.19312507942,80014.95384485179,80016.06585472704,0,1
1370933880000,1370933939999,80016.17972827649,80016.75577459612,80015.10122676287,80015.50986524648,0,1
1370933940000,1370933999999,80015.41273138212,80015.41273138212,80014.28724953401,80014.28724953401,0,1
1370934000000,1370934059999,80012.85676688438,80013.56365859305,80006.6399985356,80010.13929133875,0,1
1370934060000,1370934119999,80010.02199771816,80010.02199771816,80007.9104772547,80009.41875165087,0,1
1370934120000,1370934179999,80008.54733197026,80012.09956678217,80008.36298346039,80008.36298346039,0,1
1370934180000,1370934239999,80008.6746980465,80012.0761127662,80008.6746980465,80010.64196270205,0,1
1370934240000,1370934299999,80010.18955961216,80010.18955961216,80007.5316970576,80008.1618721191,0,1
1370934300000,1370934359999,80007.55851382668,80007.6255554347,80004.82618589478,80006.39191789195,0,1
1370934360000,1370934419999,80006.76068419103,80008.37974255627,80006.62658892841,80006.90483459287,0,1
1370934420000,1370934479999,80006.78079832534,80007.06574421497,80005.01730550532,80005.01730550532,0,1
1370934480000,1370934539999,80004.69541774086,80004.69541774086,79999.48006288041,79999.9128228069,0,1
1370934540000,1370934599999,79999.68470362939,80002.6666157884,79997.27236033823,80002.05286402597,0,1
1370934600000,1370934659999,80002.91478886564,80004.74571338705,80000.18790077644,80000.70449017285,0,1
1370934660000,1370934719999,80000.08726337267,80002.8879596407,79999.27877281235,79999.27877281235,0,1
1370934720000,1370934779999,79999.95307859217,80003.91077290456,79999.95307859217,80002.69679932947,0,1
1370934780000,1370934839999,80001.7744833229,80005.41629783182,80001.7744833229,80004.24274554133,0,1
1370934840000,1370934899999,80004.86306891109,80006.38856540868,80004.29974983493,80004.79600878026,0,1
1370934900000,1370934959999,80005.05754074737,80005.46994264482,80004.24609874407,80004.93683453556,0,1
1370934960000,1370935019999,80004.3433411343,80005.34924141088,80003.0690555122,80004.70547689033,0,1
1370935020000,1370935079999,80003.9074195894,80004.76918460203,80003.07911629778,80004.48417326443,0,1
1370935080000,1370935139999,80003.92753946359,80003.92753946359,80000.21138269159,80000.3422094952,0,1
1370935140000,1370935199999,80000.65752860317,80002.45868225199,79997.5743545064,80001.96566126579,0,1
1370935200000,1370935259999,80001.78119138276,80002.68003070678,79997.49382361995,79997.66830638761,0,1
1370935260000,1370935319999,79996.59116222794,79998.0071969104,79993.17104779361,79996.29249423681,0,1
1370935320000,1370935379999,79996.25557959605,80000.4529077614,79995.1111581376,79999.62431827016,0,1
1370935380000,1370935439999,79999.70483200144,80001.13384287007,79997.1112930527,79999.32574085731,0,1
1370935440000,1370935499999,80000.83195617885,80001.26801180754,79997.20189372002,79997.78574499783,0,1
1370935500000,1370935559999,79997.57770994594,79999.36935384439,79997.02069156452,79998.27226169108,0,1
1370935560000,1370935619999,79998.53396432845,80001.71746463234,79997.71192660384,80001.71746463234,0,1
1370935620000,1370935679999,80002.57941838016,80004.51770443165,79999.28548254658,79999.81553732349,0,1
1370935680000,1370935739999,79999.33916025821,80001.80131553537,79998.63461736534,80000.9795463665,0,1
1370935740000,1370935799999,80001.5698853353,80001.63696710394,79999.82224669757,80000.6206300723,0,1
1370935800000,1370935859999,80000.89568857255,80001.07011199415,79999.24522407376,80001.07011199415,0,1
1370935860000,1370935919999,80000.06713577038,80001.05334064348,79999.2083203313,79999.2083203313,0,1
1370935920000,1370935979999,79999.21838500185,79999.78199038563,79997.80587719253,79999.14457718264,0,1
1370935980000,1370936039999,79998.7889500543,80001.34180395586,79997.74212510361,79997.74212510361,0,1
1370936040000,1370936099999,79996.93008925547,79999.45322443877,79994.96683762793,79996.56096025222,0,1
1370936100000,1370936159999,79997.75219124994,79998.15147354844,79995.94012165345,79998.03403923323,0,1
1370936160000,1370936219999,79997.46697984703,79997.93338015111,79996.26564723886,79996.87304293603,0,1
1370936220000,1370936279999,79997.6515293307,79998.75539967236,79996.47706539664,79997.77232351218,0,1
1370936280000,1370936339999,79997.08109264784,80001.02315214147,79996.4200164928,79999.2318045468,0,1
1370936340000,1370936399999,79999.88934019067,80001.28142860226,79995.99046135413,79996.62807562994,0,1
1370936400000,1370936459999,79996.3327645986,80000.32208240604,79995.97032550427,80000.32208240604,0,1
1370936460000,1370936519999,79999.64109201763,80000.44619881044,79997.33275990147,79997.33275990147,0,1
1370936520000,1370936579999,79995.94347764137,79998.34943112949,79995.94347764137,79998.11792102768,0,1
1370936580000,1370936639999,79996.59451799738,79996.70525775744,79994.4398822668,79995.15143325693,0,1
1370936640000,1370936699999,79996.60794106392,79998.58429097354,79994.81580230597,79996.40323734151,0,1
1370936700000,1370936759999,79996.39316983722,79998.42995512598,79996.26564723886,79997.75554662979,0,1
1370936760000,1370936819999,79998.4232448177,79998.4232448177,79997.67501720249,79998.2890377066,0,1
1370936820000,1370936879999,79997.9199588636,79998.43666542975,79996.69854629174,79997.93338015111,0,1
1370936880000,1370936939999,79999.39283768173,80000.26840997025,79999.00031487216,80000.26840997025,0,1
1370936940000,1370936999999,79999.90275883528,80004.61494418078,79999.90275883528,80003.20990558936,0,1
1370937000000,1370937059999,80002.8510693389,80006.87801607078,80001.21769866694,80006.87801607078,0,1
1370937060000,1370937119999,80006.5260163014,80007.52164075067,80004.86306891109,80006.72716054396,0,1
1370937120000,1370937179999,80007.07244872637,80008.34622433643,80007.07244872637,80007.88701341156,0,1
1370937180000,1370937239999,80007.97751650316,80010.12923765376,80006.73721764988,80007.31380814307,0,1
1370937240000,1370937299999,80007.78310144442,80007.78310144442,80005.51688162012,80005.62081713852,0,1
1370937300000,1370937359999,80005.53364548647,80006.49584431606,80004.51770443165,80005.89909078917,0,1
1370937360000,1370937419999,80006.28128535037,80006.92159613266,80004.53446997309,80004.94018750556,0,1
1370937420000,1370937479999,80004.60488494023,80007.40431642247,80004.29639665018,80007.01881250931,0,1
1370937480000,1370937539999,80007.72946903892,80008.53392492048,80005.06424660531,80007.16631141398,0,1
1370937540000,1370937599999,80006.37515546431,80006.7740936184,80001.75771315354,80002.9919224864,0,1
1370937600000,1370937659999,80002.76051983924,80005.42635625617,80002.76051983924,80005.01059961591,0,1
1370937660000,1370937719999,80004.40705115313,80006.5595406228,80004.40705115313,80006.22093981184,0,1
1370937720000,1370937779999,80005.9292645751,80006.14718365906,80004.3433411343,80005.54035102516,0,1
1370937780000,1370937839999,80006.10695280098,80006.80761710815,80004.72894819974,80004.98377601328,0,1
1370937840000,1370937899999,80005.24195020208,80005.25536166613,80004.41040430077,80004.89659880784,0,1
1370937900000,1370937959999,80005.00724666951,80005.16483393472,80003.29039045704,80003.29039045704,0,1
1370937960000,1370938019999,80003.82358634444,80005.4766482262,80003.29039045704,80003.29039045704,0,1
1370938020000,1370938079999,80003.7062186208,80004.56800097167,80002.70686048959,80003.91412621863,0,1
1370938080000,1370938139999,80003.66933133744,80004.49758574482,80002.55594202496,80004.26621793688,0,1
1370938140000,1370938199999,80003.5284877312,80003.82358634444,80001.5765935324,80001.5765935324,0,1
1370938200000,1370938259999,80002.10988080417,80003.08582348256,79999.81218263478,79999.81218263478,0,1
1370938260000,1370938319999,80000.07384497565,80000.30195527637,79997.76225738613,79998.0575262066,0,1
1370938320000,1370938379999,79997.65488474433,79999.39283768173,79996.12134339,79996.84955318051,0,1
1370938380000,1370938439999,79996.51062342332,79997.54751094965,79996.27907074685,79996.83277474991,0,1
1370938440000,1370938499999,79997.09451506125,79997.09451506125,79995.86628963405,79995.86628963405,0,1
1370938500000,1370938559999,79996.06764840303,79996.26900311754,79994.15457637607,79994.15457637607,0,1
1370938560000,1370938619999,79994.78223859129,79998.10114472506,79994.78223859129,79997.34953749318,0,1
1370938620000,1370938679999,79996.61129682773,79998.10449998784,79995.82266136634,79995.82266136634,0,1
1370938680000,1370938739999,79996.39316983722,79996.39316983722,79995.46355993208,79995.98039343426,0,1
1370938740000,1370938799999,79995.91998570222,79999.42638592511,79995.91998570222,79997.94344610492,0,1
1370938800000,1370938859999,79997.52402277838,79997.98370981881,79995.88978169934,79996.22873249899,0,1
1370938860000,1370938919999,79996.28578249409,79997.69179422,79996.26564723886,79996.26564723886,0,1
1370938920000,1370938979999,79996.41330483566,79996.98377961178,79994.8359404807,79995.87971367812,0,1
1370938980000,1370939039999,79994.85943496662,79996.75559360662,79994.51372481837,79995.54410717,0,1
1370939040000,1370939099999,79994.81244593956,79997.07102582595,79994.46673416682,79994.46673416682,0,1
1370939100000,1370939159999,79994.66140828571,79996.07771623504,79994.47680361074,79996.07771623504,0,1
1370939160000,1370939219999,79996.02737697358,79996.85962022535,79993.12069389805,79993.3288216912,0,1
1370939220000,1370939279999,79993.13412162832,79994.7285364135,79993.13412162832,79994.41303029467,0,1
1370939280000,1370939339999,79994.3190478244,79995.05074515445,79993.27511170767,79993.27511170767,0,1
1370939340000,1370939399999,79993.46980902551,79993.68128630001,79993.01998534625,79993.01998534625,0,1
1370939400000,1370939459999,79993.24825660771,79993.56379947743,79992.73128187658,79993.40267244756,0,1
1370939460000,1370939519999,79992.8823486852,79993.75849117473,79992.42578424525,79993.60408082925,0,1
1370939520000,1370939579999,79992.83535036708,79993.24154282144,79992.46271302625,79992.85549253046,0,1
1370939580000,1370939639999,79993.62086467794,79993.62086467794,79991.44880060256,79991.44880060256,0,1
1370939640000,1370939699999,79991.67375031205,79992.33178309642,79991.05260821283,79991.16005176803,0,1
1370939700000,1370939759999,79991.40851056804,79992.32506869483,79990.29711311891,79992.32506869483,0,1
1370939760000,1370939819999,79992.68092576656,79992.78835182806,79991.01567422412,79992.4425700717,0,1
1370939820000,1370939879999,79991.91548167264,79992.94613176366,79991.77782980865,79992.67085451413,0,1
1370939880000,1370939939999,79992.53321304766,79993.38588823263,79992.44928439439,79993.24489971515,0,1
1370939940000,1370939999999,79992.94277476966,79993.4160997992,79991.12647578106,79991.69725222855,0,1
1370940000000,1370940059999,79991.4286556056,79993.1441924142,79991.33128754812,79992.54328443871,0,1
1370940060000,1370940119999,79992.76149542087,79994.72518001782,79991.12311817614,79994.72518001782,0,1
1370940120000,1370940179999,79994.32911741704,79994.69497240594,79993.61415114184,79994.44659524856,0,1
1370940180000,1370940239999,79993.88268907032,79995.76896477558,79993.33217855559,79994.38282173984,0,1
1370940240000,1370940299999,79995.43671070859,79996.77908358285,79994.49022952019,79996.07771623504,0,1
1370940300000,1370940359999,79995.8495095536,79996.92337794066,79993.43288396341,79993.90954246656,0,1
1370940360000,1370940419999,79994.26534315912,79995.10108933241,79992.43585574451,79992.52649878131,0,1
1370940420000,1370940479999,79992.82527927017,79995.28903869081,79992.82527927017,79995.05074515445,0,1
1370940480000,1370940539999,79995.85957760525,79995.85957760525,79993.45973856756,79994.72518001782,0,1
1370940540000,1370940599999,79994.40296078654,79994.40296078654,79993.71149697415,79993.71149697415,0,1
1370940600000,1370940659999,79994.29890860873,79994.66812111877,79993.21133072751,79993.35903343017,0,1
1370940660000,1370940719999,79994.00017214647,79996.81599629117,79994.00017214647,79996.5978737657,0,1
1370940720000,1370940779999,79996.41666066479,79997.09451506125,79994.77552583485,79996.28578249409,0,1
1370940780000,1370940839999,79996.66163314987,79997.31262675425,79995.80588121271,79996.45693052656,0,1
1370940840000,1370940899999,79996.25893547812,79998.75539967236,79996.25893547812,79997.17169358878,0,1
1370940900000,1370940959999,79997.93002483093,79999.43980519094,79997.59448712668,79998.80237017554,0,1
1370940960000,1370941019999,79998.25213043528,79999.02044462181,79997.7656127626,79998.33601040037,0,1
1370941020000,1370941079999,79997.99377572197,79999.52702997996,79995.39979290857,79996.1112756019,0,1
1370941080000,1370941139999,79996.7321035752,79998.71513906545,79995.30581971175,79995.30581971175,0,1
1370941140000,1370941199999,79996.03744484615,79999.58070639505,79995.22862678228,79997.8293647018,0,1
1370941200000,1370941259999,79997.6951496201,79999.67463942818,79997.6951496201,79999.67463942818,0,1
1370941260000,1370941319999,79998.85605048048,79999.75179804533,79996.5307581853,79996.62807562994,0,1
1370941320000,1370941379999,79997.55086639819,79999.42303110583,79995.05410144087,79995.05410144087,0,1
1370941380000,1370941439999,79995.84615353413,79998.0810131248,79995.84615353413,79996.54082555107,0,1
1370941440000,1370941499999,79996.18510581255,79998.07765785416,79996.1112756019,79996.73881501837,0,1
1370941500000,1370941559999,79996.12469931711,79998.40311386586,79996.12469931711,79998.40311386586,0,1
1370941560000,1370941619999,79998.03403923323,79998.91308548873,79996.27907074685,79996.27907074685,0,1
1370941620000,1370941679999,79996.40323734151,79996.4502188942,79995.46691607994,79996.4502188942,0,1
1370941680000,1370941739999,79995.65150247804,79997.02069156452,79995.15143325693,79995.15143325693,0,1
1370941740000,1370941799999,79996.05422461123,79996.36967895445,79995.36958733448,79996.25222371286,0,1
1370941800000,1370941859999,79995.88642569339,79996.05758056087,79993.1408354867,79993.60072405612,0,1
1370941860000,1370941919999,79993.26839793944,79995.9065617122,79993.26839793944,79995.07423913572,0,1
1370941920000,1370941979999,79994.53386360143,79994.56407169999,79992.89241972464,79992.92263278208,0,1
1370941980000,1370942039999,79992.44592723361,79993.003200489,79991.45887308584,79991.45887308584,0,1
1370942040000,1370942099999,79990.84107533986,79991.92891102134,79989.32999610406,79990.1225016881,0,1
1370942100000,1370942159999,79990.20644987193,79991.27085172526,79989.52477024666,79990.04191076862,0,1
1370942160000,1370942219999,79989.48447245944,79990.5993180058,79989.33335431106,79989.33335431106,0,1
1370942220000,1370942279999,79989.49118876859,79989.63894642856,79981.18638591835,79981.79469818641,0,1
1370942280000,1370942339999,79982.90032020828,79984.6744368591,79981.82158406258,79982.41641558177,0,1
1370942340000,1370942399999,79981.60649502915,79983.0212927062,79981.10908391944,79981.10908391944,0,1
1370942400000,1370942459999,79981.26704823664,79981.26704823664,79976.54048296978,79976.80947977648,0,1
1370942460000,1370942519999,79976.46314504863,79977.96944562435,79974.5362289676,79976.20422678559,0,1
1370942520000,1370942579999,79976.18405105498,79976.45305744962,79974.28062407357,79974.53959214635,0,1
1370942580000,1370942639999,79974.47905475594,79977.5895295992,79974.47905475594,79976.35218089963,0,1
1370942640000,1370942699999,79976.50685786018,79976.50685786018,79974.98688484014,79976.28492930098,0,1
1370942700000,1370942759999,79975.38035134567,79975.38035134567,79973.48013490025,79974.57322387156,0,1
1370942760000,1370942819999,79974.37479505781,79976.03609445333,79973.98128898423,79974.38152152275,0,1
1370942820000,1370942879999,79973.3590469248,79975.8107926961,79972.53830088637,79975.8107926961,0,1
1370942880000,1370942939999,79975.77043960655,79976.56065798129,79974.62030809683,79974.62030809683,0,1
1370942940000,1370942999999,79975.25256050297,79976.03273177786,79974.06537277944,79975.9150374237,0,1
1370943000000,1370943059999,79975.65610496857,79975.9150374237,79974.14272924661,79975.8107926961,0,1
1370943060000,1370943119999,79976.48668274013,79977.00786028543,79974.13600262106,79974.13600262106,0,1
1370943120000,1370943179999,79973.69539879194,79974.42860665063,79969.35559111524,79969.35559111524,0,1
1370943180000,1370943239999,79969.96798818561,79969.96798818561,79967.91866614565,79967.91866614565,0,1
1370943240000,1370943299999,79968.20135622445,79969.07966369623,79967.49798159084,79969.07966369623,0,1
1370943300000,1370943359999,79968.9450621924,79969.31857690362,79967.24219673013,79967.24219673013,0,1
1370943360000,1370943419999,79967.43740155722,79968.10712708611,79966.39738708359,79966.58587669613,0,1
1370943420000,1370943479999,79965.14518731704,79965.14518731704,79958.88520384519,79959.75759360254,0,1
1370943480000,1370943539999,79959.4072995239,79959.4072995239,79952.85723544005,79952.89768109728,0,1
1370943540000,1370943599999,79952.84375351797,79952.84375351797,79950.83137281932,79952.6111875008,0,1
1370943600000,1370943659999,79952.26064299393,79952.26064299393,79942.03889149339,79943.19614992583,0,1
1370943660000,1370943719999,79942.05576211178,79945.85092779099,79942.05576211178,79942.58211110895,0,1
1370943720000,1370943779999,79942.80478888341,79943.97882606463,79940.72289556095,79940.72289556095,0,1
1370943780000,1370943839999,79942.90263057993,79942.90263057993,79940.41243024767,79941.46189921227,0,1
1370943840000,1370943899999,79939.46747650244,79939.46747650244,79937.05406440028,79937.82371920711,0,1
1370943900000,1370943959999,79939.42022647113,79940.67565146115,79936.05477504272,79936.18306777703,0,1
1370943960000,1370944019999,79937.40514236156,79940.77013943755,79937.40514236156,79939.93996453678,0,1
1370944020000,1370944079999,79940.39218217503,79942.51125804993,79935.52808235867,79935.52808235867,0,1
1370944080000,1370944139999,79936.17293946311,79939.23797425906,79934.2010989597,79935.52470603403,0,1
1370944140000,1370944199999,79935.80831332978,79937.99249523658,79934.299024872,79937.77983697284,0,1
1370944200000,1370944259999,79937.59755486157,79938.02625010067,79935.69352086948,79938.00262170778,0,1
1370944260000,1370944319999,79938.52243345503,79940.85787747338,79937.77646140839,79939.96358835248,0,1
1370944320000,1370944379999,79940.4293036102,79940.4293036102,79939.12997138077,79939.31897565228,0,1
1370944380000,1370944439999,79939.308850514,79940.77351399163,79939.29872536549,79940.18969919371,0,1
1370944440000,1370944499999,79939.46747650244,79940.62840713815,79937.37476110208,79939.34597597088,0,1
1370944500000,1370944559999,79938.87008467449,79939.09959536108,79936.46665640204,79936.91227942193,0,1
1370944560000,1370944619999,79937.8372213943,79939.8218446211,79937.22960492162,79938.80595574698,0,1
1370944620000,1370944679999,79938.61356649695,79939.23122411333,79938.61356649695,79938.8734598698,0,1
1370944680000,1370944739999,79938.70469870836,79939.21772380822,79937.58405235076,79938.60006535797,0,1
1370944740000,1370944799999,79938.91058694312,79942.34593229323,79938.91058694312,79941.23244273728,0,1
1370944800000,1370944859999,79940.93886574627,79940.93886574627,79937.45240191508,79938.92071248464,0,1
1370944860000,1370944919999,79939.77459626416,79939.77459626416,79937.01693043359,79937.63468667223,0,1
1370944920000,1370944979999,79937.09119822909,79938.07350671895,79937.09119822909,79937.43214784807,0,1
1370944980000,1370945039999,79936.99329965572,79939.22447396306,79935.36939386839,79938.20177355719,0,1
1370945040000,1370945099999,79938.82283182042,79940.96586169148,79937.86422571397,79940.76001576851,0,1
1370945100000,1370945159999,79940.66890228582,79941.12783583232,79940.00408619244,79940.69252437956,0,1
1370945160000,1370945219999,79940.78363764702,79942.17385564353,79940.67565146115,79941.51588820593,0,1
1370945220000,1370945279999,79940.87137556441,79943.07132091206,79940.87137556441,79942.27507756079,0,1
1370945280000,1370945339999,79942.6698332484,79945.91838437426,79942.6698332484,79945.91838437426,0,1
1370945340000,1370945399999,79944.87275619531,79945.95885810579,79943.13542249215,79944.54218002464,0,1
1370945400000,1370945459999,79944.35327444908,79944.35327444908,79942.75080684797,79943.53014421929,0,1
1370945460000,1370945519999,79943.74268023444,79943.74268023444,79941.96803458537,79941.96803458537,0,1
1370945520000,1370945579999,79942.80478888341,79944.00244034095,79941.96803458537,79944.00244034095,0,1
1370945580000,1370945639999,79944.4511009962,79944.7209623718,79943.04095686229,79943.04095686229,0,1
1370945640000,1370945699999,79943.6279788191,79944.87275619531,79943.6279788191,79944.3060474976,0,1
1370945700000,1370945759999,79944.53880674207,79944.53880674207,79942.44715246871,79942.44715246871,0,1
1370945760000,1370945819999,79943.0038451207,79946.65025905134,79942.04226561934,79945.66204693704,0,1
1370945820000,1370945879999,79945.32812384152,79946.96053076506,79944.32966100122,79944.32966100122,0,1
1370945880000,1370945939999,79945.33824288702,79945.33824288702,79941.1717033773,79941.1717033773,0,1
1370945940000,1370945999999,79941.95791212896,79943.44917693008,79935.84882800117,79935.84882800117,0,1
1370946000000,1370946059999,79935.05538581726,79938.96458971279,79935.05538581726,79936.24046136215,0,1
1370946060000,1370946119999,79935.48756638778,79937.01693043359,79933.56286866068,79934.57253699562,0,1
1370946120000,1370946179999,79933.90056172405,79937.2363564186,79933.90056172405,79935.79143216826,0,1
1370946180000,1370946239999,79935.93323303932,79937.80684144748,79935.54834028255,79936.07503189967,0,1
1370946240000,1370946299999,79935.93323303932,79938.21189981645,79935.23433785053,79938.06338031955,0,1
1370946300000,1370946359999,79938.14439122767,79940.69927353895,79937.76295913916,79939.0759695042,0,1
1370946360000,1370946419999,79938.10726130957,79940.62840713815,79938.10726130957,79939.80834511333,0,1
1370946420000,1370946479999,79939.36960118986,79942.19072603423,79939.36285113299,79942.19072603423,0,1
1370946480000,1370946539999,79941.22906833807,79941.57325119233,79940.57778797294,79940.66215310592,0,1
1370946540000,1370946599999,79942.15361113714,79943.92147687571,79940.95573822057,79942.77779790212,0,1
1370946600000,1370946659999,79943.26362441963,79944.25882032308,79941.95116381899,79944.25882032308,0,1
1370946660000,1370946719999,79944.54555330604,79944.54555330604,79942.00177603276,79942.00177603276,0,1
1370946720000,1370946779999,79942.48089229951,79943.19952366134,79939.2953503137,79939.2953503137,0,1
1370946780000,1370946839999,79940.39555685665,79941.05022355054,79935.98725188988,79936.77049243324,0,1
1370946840000,1370946899999,79935.95011396147,79939.21772380822,79935.69014460071,79938.65406980456,0,1
1370946900000,1370946959999,79938.35366636947,79940.7532666501,79937.84397248105,79938.74182640824,0,1
1370946960000,1370947019999,79939.04896845657,79939.90284128505,79938.5696877286,79938.96458971279,0,1
1370947020000,1370947079999,79938.19839813515,79939.65984932503,79937.2363564186,79937.96886676394,0,1
1370947080000,1370947139999,79938.68107191849,79938.68107191849,79936.29785461788,79936.75023698503,0,1
1370947140000,1370947199999,79936.84476205899,79937.15871392816,79934.53201715306,79935.1195388012,0,1
1370947200000,1370947259999,79935.1735620474,79937.46590460364,79934.97772639133,79936.8920242609,0,1
1370947260000,1370947319999,79937.4490262401,79939.10972071123,79936.95616546337,79937.72920338633,0,1
1370947320000,1370947379999,79937.78658809834,79937.78658809834,79932.81990377791,79933.78237044903,0,1
1370947380000,1370947439999,79933.80938572077,79933.80938572077,79931.71886339497,79932.12079095856,0,1
1370947440000,1370947499999,79932.76586781496,79934.11330249892,79932.2592664615,79932.63415393195,0,1
1370947500000,1370947559999,79932.75911329906,79933.89380797454,79932.63415393195,79932.63415393195,0,1
1370947560000,1370947619999,79932.95836960025,79934.57591364176,79932.95836960025,79933.5257217275,0,1
1370947620000,1370947679999,79934.11330249892,79935.53145868216,79933.67093168169,79934.02888209815,0,1
1370947680000,1370947739999,79933.71820888616,79936.56456013129,79933.71820888616,79935.20732642808,0,1
1370947740000,1370947799999,79934.55565374784,79934.55565374784,79932.60713548512,79933.23867259092,0,1
1370947800000,1370947859999,79933.83977781424,79933.87016981533,79931.29327542486,79932.53283437989,0,1
1370947860000,1370947919999,79932.93135202938,79935.81168955866,79932.89757996313,79932.89757996313,0,1
1370947920000,1370947979999,79933.64053907506,79939.68347380249,79933.64053907506,79939.68347380249,0,1
1370947980000,1370948039999,79938.89033582932,79940.49342212823,79938.10726130957,79938.99496614258,0,1
1370948040000,1370948099999,79938.78232919636,79939.4776014801,79937.34100403883,79937.97561776183,0,1
1370948100000,1370948159999,79937.67856954345,79939.10634559566,79937.18909584405,79937.73933012415,0,1
1370948160000,1370948219999,79937.4760316081,79939.83534411064,79937.4760316081,79939.6260999747,0,1
1370948220000,1370948279999,79938.25578015477,79940.99623204273,79938.00937268288,79938.00937268288,0,1
1370948280000,1370948339999,79937.58405235076,79939.1974733164,79937.03043371016,79939.1974733164,0,1
1370948340000,1370948399999,79939.50460137043,79939.9770876507,79935.41328668146,79936.06827961859,0,1
1370948400000,1370948459999,79936.1526828045,79937.63806228455,79934.4779904409,79937.3545068778,0,1
1370948460000,1370948519999,79937.13845926631,79940.54741635085,79936.95278962087,79940.54741635085,0,1
1370948520000,1370948579999,79941.23244273728,79941.23244273728,79938.9814655185,79939.12659627204,0,1
1370948580000,1370948639999,79939.02196733603,79939.55522596827,79936.92915869142,79936.92915869142,0,1
1370948640000,1370948699999,79936.99329965572,79936.99329965572,79933.30283723063,79935.69014460071,0,1
1370948700000,1370948759999,79935.87921389697,79937.61443297441,79935.20057356106,79935.3795229962,0,1
1370948760000,1370948819999,79935.03512689473,79935.03512689473,79932.48555157094,79933.0259132081,0,1
1370948820000,1370948879999,79932.39774004689,79933.78912427381,79932.39774004689,79933.39739489662,0,1
1370948880000,1370948939999,79932.63753123269,79936.51392039101,79932.25588903301,79933.8161395273,0,1
1370948940000,1370948999999,79934.48136711896,79934.57253699562,79933.13398203174,79933.13398203174,0,1
1370949000000,1370949059999,79932.92122042149,79934.53201715306,79932.92122042149,79933.9039385971,0,1
1370949060000,1370949119999,79934.26188067334,79937.58742798018,79933.58650754631,79935.87246148365,0,1
1370949120000,1370949179999,79935.63274785702,79937.45577758893,79933.68106253003,79934.55565374784,0,1
1370949180000,1370949239999,79934.92370208714,79938.06338031955,79934.25175041339,79935.8960949103,0,1
1370949240000,1370949299999,79936.05139889591,79936.3991360303,79933.64053907506,79934.44084690696,0,1
1370949300000,1370949359999,79934.98110290065,79935.40991031808,79931.40474069152,79932.94823801973,0,1
1370949360000,1370949419999,79932.93135202938,79932.93135202938,79930.29678829451,79930.93522707208,0,1
1370949420000,1370949479999,79930.72579662157,79930.76970982138,79926.83364564211,79927.26956079282,0,1
1370949480000,1370949539999,79927.44189409964,79928.99613876181,79926.95191907305,79928.36771240203,0,1
1370949540000,1370949599999,79927.83047791274,79930.27989782633,79927.62774041588,79927.62774041588,0,1
1370949600000,1370949659999,79927.81358327832,79928.52651203895,79926.01921060865,79927.8912983603,0,1
1370949660000,1370949719999,79927.7189727981,79928.75626024169,79926.94516062897,79927.49595883877,0,1
1370949720000,1370949779999,79927.25942344699,79929.10087264905,79926.98571122496,79928.95221777297,0,1
1370949780000,1370949839999,79928.22242541885,79929.54006732826,79926.65454321225,79927.14115365298,0,1
1370949840000,1370949899999,79926.8775759369,79927.56691836532,79925.89416699125,79927.33376374443,0,1
1370949900000,1370949959999,79927.29997276864,79928.76639607023,79926.00907199523,79926.00907199523,0,1
1370949960000,1370950019999,79925.5697222058,79927.29997276864,79924.42394233319,79927.29997276864,0,1
1370950020000,1370950079999,79926.99246964164,79928.65152274512,79926.83364564211,79927.51285400981,0,1
1370950080000,1370950139999,79927.48244268139,79929.80695313407,79927.08032864281,79927.08032864281,0,1
1370950140000,1370950199999,79925.47171077327,79927.37431276464,79923.75804533505,79927.37431276464,0,1
1370950200000,1370950259999,79926.98233201492,79927.74600445521,79923.8560735648,79925.24188709534,0,1
1370950260000,1370950319999,79926.15777062872,79928.43866574294,79921.95956383005,79928.08727284172,0,1
1370950320000,1370950379999,79926.15439113887,79930.17179815438,79926.15439113887,79929.12114359731,0,1
1370950380000,1370950439999,79928.45555932134,79931.36420801104,79928.45555932134,79930.3947524474,0,1
1370950440000,1370950499999,79932.43826853842,79933.01915886784,79931.96204838884,79932.13430084813,0,1
1370950500000,1370950559999,79932.19171767522,79933.13060489867,79931.83032391794,79932.87056222801,0,1
1370950560000,1370950619999,79933.26231224292,79933.785747362,79932.5463437128,79933.57637660217,0,1
1370950620000,1370950679999,79932.64090853227,79937.80346589214,79932.64090853227,79937.80346589214,0,1
1370950680000,1370950739999,79937.33087689764,79937.72920338633,79935.63612414518,79937.12495613561,0,1
1370950740000,1370950799999,79936.45315236416,79937.3578825847,79935.56522185444,79935.97712337763,0,1
1370950800000,1370950859999,79936.41601616598,79936.41601616598,79934.43071682831,79935.41328668146,0,1
1370950860000,1370950919999,79934.37331285546,79936.09528871559,79934.27538767064,79936.09528871559,0,1
1370950920000,1370950979999,79937.45240191508,79938.59669007036,79936.0581511884,79936.0581511884,0,1
1370950980000,1370951039999,79935.83532312894,79937.69207192662,79935.46393199562,79937.05406440028,0,1
1370951040000,1370951099999,79936.01763736508,79939.18059787521,79936.01763736508,79938.35704173909,0,1
1370951100000,1370951159999,79938.91396212477,79944.46122092921,79937.78996365938,79942.47414434247,0,1
1370951160000,1370951219999,79941.23581713536,79943.70894466063,79941.05697246852,79941.12108696216,0,1
1370951220000,1370951279999,79940.79713583826,79941.95453797454,79937.26336236091,79939.89946643714,0,1
1370951280000,1370951339999,79938.60006535797,79939.77459626416,79937.84059693824,79939.77459626416,0,1
1370951340000,1370951399999,79940.47654887388,79943.05782579021,79938.7080739595,79941.99502775239,0,1
1370951400000,1370951459999,79942.23121485577,79942.5315018323,79940.78363764702,79942.26495541517,0,1
1370951460000,1370951519999,79941.36741777197,79942.23458891684,79940.34831121033,79940.34831121033,0,1
1370951520000,1370951579999,79941.33029981903,79942.23121485577,79940.11207963047,79940.63853094044,0,1
1370951580000,1370951639999,79940.59803566977,79941.49226805707,79939.42360148078,79939.46410150762,0,1
1370951640000,1370951699999,79939.11309582567,79939.89271673793,79936.91903113315,79938.89708620514,0,1
1370951700000,1370951759999,79938.27265715669,79938.27265715669,79935.34238281075,79936.99329965572,0,1
1370951760000,1370951819999,79936.96291714496,79936.97642049448,79934.43409352234,79935.05538581726,0,1
1370951820000,1370951879999,79935.64625300282,79935.64625300282,79933.5122137176,79934.1268096969,0,1
1370951880000,1370951939999,79932.85705333308,79935.85220421635,79931.91476288099,79933.3129684519,0,1
1370951940000,1370951999999,79934.44084690696,79935.79818463628,79933.9782295156,79934.17746152687,0,1
1370952000000,1370952059999,79934.25512716784,79935.47743736941,79932.69494517046,79935.30186608747,0,1
1370952060000,1370952119999,79934.99798543015,79935.1735620474,79932.14443325334,79932.94823801973,0,1
1370952120000,1370952179999,79933.04279903877,79936.1526828045,79932.86043055853,79934.13018649355,0,1
1370952180000,1370952239999,79932.73884972399,79934.00524425822,79932.73884972399,79933.92082294522,0,1
1370952240000,1370952299999,79933.1069649353,79934.3024016105,79930.79673323312,79933.3197225937,0,1
1370952300000,1370952359999,79933.8161395273,79936.48016042169,79932.94823801973,79936.48016042169,0,1
1370952360000,1370952419999,79934.38344299226,79935.5753507839,79933.11034207635,79933.11034207635,0,1
1370952420000,1370952479999,79932.28290842888,79933.66755472995,79929.05019509865,79930.61770176969,0,1
1370952480000,1370952539999,79929.88465272618,79930.56365390557,79925.78264028355,79930.30016638472,0,1
1370952540000,1370952599999,79930.55351989853,79931.32367516626,79930.55351989853,79931.24936452413,0,1
1370952600000,1370952659999,79931.08723029726,79931.37771892278,79929.46912180175,79931.37771892278,0,1
1370952660000,1370952719999,79932.76586781496,79934.42734013314,79932.46191008262,79933.98836005265,0,1
1370952720000,1370952779999,79934.05927352453,79936.3214870392,79932.95836960025,79936.13242610484,0,1
1370952780000,1370952839999,79935.20394999514,79936.11216936416,79934.31928528586,79935.23433785053,0,1
1370952840000,1370952899999,79936.39575999975,79938.10051040057,79935.21745572005,79936.54430426595,0,1
1370952900000,1370952959999,79935.84882800117,79935.90622350461,79934.25512716784,79934.25512716784,0,1
1370952960000,1370953019999,79935.32212446962,79935.32212446962,79933.5696226337,79934.04576623533,0,1
1370953020000,1370953079999,79933.99849057941,79933.99849057941,79927.22225309102,79928.08727284172,0,1
1370953080000,1370953139999,79928.4994824916,79928.4994824916,79923.93719964895,79925.1066942292,0,1
1370953140000,1370953199999,79925.67787163724,79929.6718219707,79924.12987146107,79924.12987146107,0,1
1370953200000,1370953259999,79924.18395410951,79928.58057091448,79924.18395410951,79927.7189727981,0,1
1370953260000,1370953319999,79928.64138680013,79929.0028958199,79926.13411417585,79926.13411417585,0,1
1370953320000,1370953379999,79926.88433442666,79927.28983545364,79925.6812512881,79927.23239047454,0,1
1370953380000,1370953439999,79926.15439113887,79927.0532951862,79925.17429089073,79925.55282375148,0,1
1370953440000,1370953499999,79925.71166809468,79925.85023237609,79924.06902813197,79925.3736983801,0,1
1370953500000,1370953559999,79925.47847021325,79925.47847021325,79922.2063670939,79922.67629071447,0,1
1370953560000,1370953619999,79924.06902813197,79924.06902813197,79924.06902813197,79924.06902813197,0,1
1370953620000,1370953679999,79923.78846799195,79926.07666255729,79923.6160717124,79926.07666255729,0,1
1370953680000,1370953739999,79925.75222369286,79925.75222369286,79924.58618462991,79924.81264343443,0,1
1370953740000,1370953799999,79924.44422276423,79925.19794961432,79924.27183778938,79924.27183778938,0,1
1370953800000,1370953859999,79925.27906481312,79926.88433442666,79924.1670533133,79924.1670533133,0,1
1370953860000,1370953919999,79924.77546398257,79928.62787219083,79924.48816355706,79927.80006755023,0,1
1370953920000,1370953979999,79927.62774041588,79928.97586756016,79926.19832441774,79927.3506591895,0,1
1370953980000,1370954039999,79927.86764600797,79928.09065167842,79927.56016033687,79927.64463536427,0,1
1370954040000,1370954099999,79927.47230555136,79928.8880252115,79925.64745472785,79925.64745472785,0,1
1370954100000,1370954159999,79924.5591444299,79924.5591444299,79920.86408952408,79920.86408952408,0,1
1370954160000,1370954219999,79920.42113219888,79922.11508440475,79920.1269435905,79921.85137417764,0,1
1370954220000,1370954279999,79921.94942109987,79922.3213144801,79920.69840549333,79922.09818011161,0,1
1370954280000,1370954339999,79921.82770753515,79924.00480421631,79921.69246850353,79923.57888781147,0,1
1370954340000,1370954399999,79923.55860562541,79923.55860562541,79921.3171706108,79921.3171706108,0,1
1370954400000,1370954459999,79921.25969131138,79922.28074496525,79920.38393641601,79920.38393641601,0,1
1370954460000,1370954519999,79920.55638842491,79922.29764894978,79920.37717353154,79922.27060256082,0,1
1370954520000,1370954579999,79922.09479924956,79923.88311566599,79921.76685019727,79921.76685019727,0,1
1370954580000,1370954639999,79922.19960544178,79925.5697222058,79921.98661106026,79925.5697222058,0,1
1370954640000,1370954699999,79924.22451590389,79925.96175832996,79924.14677232013,79925.44805269736,0,1
1370954700000,1370954759999,79925.6812512881,79925.9448605381,79922.42949904839,79923.61945206017,0,1
1370954760000,1370954819999,79923.93043916707,79923.97100198976,79922.36188383037,79922.51739814832,0,1
1370954820000,1370954879999,79922.55458599649,79923.82903139052,79921.24278557219,79921.24278557219,0,1
1370954880000,1370954939999,79922.29426815515,79923.65325547506,79921.15487526775,79921.73642138943,0,1
1370954940000,1370954999999,79922.78109081251,79923.55860562541,79921.01286468188,79922.10156097253,0,1
1370955000000,1370955059999,79921.90885007623,79925.39059713713,79921.90885007623,79924.31577933968,0,1
1370955060000,1370955119999,79924.10621021042,79925.75222369286,79924.10621021042,79925.75222369286,0,1
1370955120000,1370955179999,79926.06314448142,79926.24563696374,79925.05599643319,79925.88740783224,0,1
1370955180000,1370955239999,79925.2587860751,79926.28956984174,79925.09317484206,79926.28956984174,0,1
1370955240000,1370955299999,79927.86088818275,79929.51979722918,79927.68518312396,79928.45555932134,0,1
1370955300000,1370955359999,79928.95897486074,79937.36125829045,79927.62774041588,79936.20670046963,0,1
1370955360000,1370955419999,79935.60236121228,79935.60236121228,79932.03297623142,79932.03297623142,0,1
1370955420000,1370955479999,79932.6307766301,79932.6307766301,79930.19882318191,79932.00933367314,0,1
1370955480000,1370955539999,79931.42500697017,79936.3991360303,79931.42500697017,79936.3991360303,0,1
1370955540000,1370955599999,79935.69689713712,79935.69689713712,79932.13767831768,79932.13767831768,0,1
1370955600000,1370955659999,79932.30992775176,79932.44502327104,79928.83734658243,79931.47905017906,0,1
1370955660000,1370955719999,79930.96900576624,79932.46191008262,79929.67520027205,79930.5433858812,0,1
1370955720000,1370955779999,79930.26300732962,79930.66499341115,79929.27993127031,79929.91505675005,0,1
1370955780000,1370955839999,79930.01640282867,79932.69494517046,79928.73598855377,79930.24273869589,0,1
1370955840000,1370955899999,79929.40493255835,79936.52404835957,79929.40493255835,79935.36601749017,0,1
1370955900000,1370955959999,79935.19382068948,79935.19382068948,79931.81681361768,79932.62402202295,0,1
1370955960000,1370956019999,79933.61690031715,79936.29785461788,79933.50545970579,79934.74812108284,0,1
1370956020000,1370956079999,79935.69014460071,79935.69014460071,79932.51257034628,79932.96512398157,0,1
1370956080000,1370956139999,79932.80977205711,79932.80977205711,79927.64125637688,79928.567056223,0,1
1370956140000,1370956199999,79929.10087264905,79929.10087264905,79924.83292307719,79925.33314124677,0,1
1370956200000,1370956259999,79925.18105053176,79931.12100847797,79925.18105053176,79931.12100847797,0,1
1370956260000,1370956319999,79930.71228482897,79932.37747573953,79928.60084291745,79932.37747573953,0,1
1370956320000,1370956379999,79932.90771159498,79934.11667930013,79932.18158531793,79932.18158531793,0,1
1370956380000,1370956439999,79932.30317292789,79932.78950858468,79930.33732530176,79930.52649582954,0,1
1370956440000,1370956499999,79930.14139491109,79934.10317208846,79930.14139491109,79934.10317208846,0,1
1370956500000,1370956559999,79933.98160636243,79933.98160636243,79930.9318491964,79930.9318491964,0,1
1370956560000,1370956619999,79930.9318491964,79931.13114190994,79929.6718219707,79929.6718219707,0,1
1370956620000,1370956679999,79929.0772231575,79930.80348907463,79927.70883590786,79930.29341020316,0,1
1370956680000,1370956739999,79929.88465272618,79931.96204838884,79926.7728187615,79929.66168705984,0,1
1370956740000,1370956799999,79930.45217926326,79930.45217926326,79927.7561413078,79929.57722906984,0,1
1370956800000,1370956859999,79929.25290375935,79929.68533516921,79923.43015082511,79925.22160828194,0,1
1370956860000,1370956919999,79924.41380210225,79924.41380210225,79922.79799395127,79922.79799395127,0,1
1370956920000,1370956979999,79924.39690169449,79925.45143242592,79923.58564853102,79924.21099532404,0,1
1370956980000,1370957039999,79923.85945383145,79923.85945383145,79920.38055497436,79920.90128352105,0,1
1370957040000,1370957099999,79920.8471831161,79924.24479673937,79920.8471831161,79923.7783271166,0,1
1370957100000,1370957159999,79924.69096471426,79924.69096471426,79917.08648774897,79921.3239328596,0,1
1370957160000,1370957219999,79920.1810478921,79920.1810478921,79916.71778231599,79918.92304715795,0,1
1370957220000,1370957279999,79919.47090564016,79921.06358297978,79918.68292688135,79919.09890623802,0,1
1370957280000,1370957339999,79918.44618293582,79920.44818359044,79917.2657616255,79918.49015009234,0,1
1370957340000,1370957399999,79918.7302749979,79925.89078741231,79918.67278082721,79925.66435302226,0,1
1370957400000,1370957459999,79927.98928608108,79927.98928608108,79907.39415097478,79909.30019518893,0,1
1370957460000,1370957519999,79910.73202850162,79913.6390687203,79908.21687536784,79909.07677008204,0,1
1370957520000,1370957579999,79910.01782994633,79916.88353231188,79906.5307254265,79915.29018903286,0,1
1370957580000,1370957639999,79914.92818393734,79916.23404723156,79910.59325457602,79913.52063772791,0,1
1370957640000,1370957699999,79914.16691551491,79917.10340051613,79910.76587550841,79913.0638193326,0,1
1370957700000,1370957759999,79912.2448778242,79914.0552579396,79908.4944872556,79908.56219630306,0,1
1370957760000,1370957819999,79907.65485697682,79910.07198897008,79895.3841519281,79902.45299516198,0,1
1370957820000,1370957879999,79905.2913255112,79909.12416370367,79902.01938450972,79909.10046692094,0,1
1370957880000,1370957939999,79908.3759953194,79915.0702809578,79908.3759953194,79911.93352709332,0,1
1370957940000,1370957999999,79910.33601001055,79912.81002231776,79905.64690677401,79908.61636321092,0,1
1370958000000,1370958059999,79907.74965747425,79915.98709652307,79907.74965747425,79915.06689771888,0,1
1370958060000,1370958119999,79913.95036635436,79921.07034540005,79912.22795683793,79920.0660759013,0,1
1370958120000,1370958179999,79920.93847737966,79929.59749905248,79920.93847737966,79924.2549371417,0,1
1370958180000,1370958239999,79926.2152217813,79931.07034116412,79925.89754656903,79927.61760343314,0,1
1370958240000,1370958299999,79928.63800814952,79932.28290842888,79926.85054193217,79927.26956079282,0,1
1370958300000,1370958359999,79925.3466603095,79927.5736763892,79920.96214612675,79927.26618167869,0,1
1370958360000,1370958419999,79928.78666769652,79934.0018674194,79927.54664426626,79929.81033138977,0,1
1370958420000,1370958479999,79930.35759374377,79936.17293946311,79930.35759374377,79934.35305255106,0,1
1370958480000,1370958539999,79935.41666304372,79940.73301926759,79935.30524248735,79938.08025764619,0,1
1370958540000,1370958599999,79939.16034730819,79939.16034730819,79934.3024016105,79935.93323303932,0,1
1370958600000,1370958659999,79935.85220421635,79944.73782846598,79934.35642927131,79936.2033243741,0,1
1370958660000,1370958719999,79937.4760316081,79944.06990939459,79936.13917834262,79940.45292626995,0,1
1370958720000,1370958779999,79941.58337403813,79942.73056350954,79936.72660557693,79936.99667548454,0,1
1370958780000,1370958839999,79936.49028842445,79943.2535032746,79936.49028842445,79941.24256592807,0,1
1370958840000,1370958899999,79940.64190553893,79942.44040448888,79939.25147453682,79942.44040448888,0,1
1370958900000,1370958959999,79942.71706792784,79944.6096454368,79934.6096800404,79937.05744020859,0,1
1370958960000,1370959019999,79937.11482877561,79937.11482877561,79933.61014637606,79934.82240573013,0,1
1370959020000,1370959079999,79934.08628804822,79935.52470603403,79932.69494517046,79935.46055564932,0,1
1370959080000,1370959139999,79936.7367333301,79950.59201751438,79936.7367333301,79948.93997256557,0,1
1370959140000,1370959199999,79947.40568640943,79947.40568640943,79940.85450294778,79941.95116381899,0,1
1370959200000,1370959259999,79943.91135639646,79951.43816341304,79942.9836022945,79950.91228035919,0,1
1370959260000,1370959319999,79952.6752279582,79960.12471557347,79952.6752279582,79959.92936794562,0,1
1370959320000,1370959379999,79959.5251883241,79962.49889461961,79955.45216698045,79960.93301002211,0,1
1370959380000,1370959439999,79962.43828429384,79963.46187606477,79951.17185429725,79953.94921077059,0,1
1370959440000,1370959499999,79956.07215485045,79959.17151775406,79952.32468569625,79953.29538801362,0,1
1370959500000,1370959559999,79954.1210849149,79954.1210849149,79945.80370791197,79945.80370791197,0,1
1370959560000,1370959619999,79946.22867879647,79955.7587962204,79945.031293951,79954.18511570361,0,1
1370959620000,1370959679999,79953.17405537683,79957.89483134306,79953.17405537683,79956.27094717027,0,1
1370959680000,1370959739999,79954.7445251561,79956.17660554509,79945.34498891167,79946.51535530346,0,1
1370959740000,1370959799999,79947.04484206735,79949.32772191163,79943.18940245142,79943.79665691585,0,1
1370959800000,1370959859999,79944.16099189491,79944.16099189491,79930.83051239508,79932.29304068351,0,1
1370959860000,1370959919999,79932.66117230582,79932.66117230582,79926.85392118678,79929.61101235144,0,1
1370959920000,1370959979999,79927.72573071923,79927.72573071923,79920.32983321212,79926.33350252673,0,1
1370959980000,1370960039999,79924.5456243025,79928.22580420987,79921.74994531546,79924.44084269526,0,1
1370960040000,1370960099999,79923.68705877569,79927.2965936648,79919.42356103023,79927.2965936648,0,1
1370960100000,1370960159999,79927.83047791274,79929.07046614963,79922.92645687214,79923.96762176082,0,1
1370960160000,1370960219999,79925.72180700964,79925.72180700964,79918.82158858958,79920.91480857655,0,1
1370960220000,1370960279999,79921.19883051659,79929.07046614963,79920.83027667954,79927.9386028971,0,1
1370960280000,1370960339999,79926.10369865419,79928.0771363248,79924.21775561625,79928.0129381457,0,1
1370960340000,1370960399999,79928.74612440287,79932.28628584824,79925.81305678173,79932.28628584824,0,1
1370960400000,1370960459999,79930.98251721195,79932.20522746898,79923.48085686445,79923.72424227439,0,1
1370960460000,1370960519999,79925.57648157954,79931.3304306518,79924.5523843685,79929.36777017647,0,1
1370960520000,1370960579999,79928.69206642231,79942.02202084655,79927.65139333563,79940.9692361795,0,1
1370960580000,1370960639999,79939.25822466887,79949.54687793505,79937.7157010533,79949.54687793505,0,1
1370960640000,1370960699999,79951.40108282192,79954.89279711383,79948.98380585409,79951.1314016592,0,1
1370960700000,1370960759999,79952.69882170754,79954.28958611026,79948.92985716401,79951.25613010093,0,1
1370960760000,1370960819999,79950.88531125197,79955.05454583316,79948.74103445673,79955.05454583316,0,1
1370960820000,1370960879999,79956.20356038595,79960.94984879506,79955.44205816409,79960.94984879506,0,1
1370960880000,1370960939999,79961.78838382434,79962.8760172815,79957.39960830814,79958.9828883354,0,1
1370960940000,1370960999999,79957.97231300053,79962.7716365396,79957.97231300053,79960.57602136285,0,1
1370961000000,1370961059999,79961.23273594129,79970.92015749212,79960.5322388575,79968.99217292483,0,1
1370961060000,1370961119999,79969.73918487737,79978.22831818729,79969.73918487737,79977.86186025031,0,1
1370961120000,1370961179999,79976.54384547453,79978.44011802704,79972.3162842351,79975.21220516071,0,1
1370961180000,1370961239999,79975.79734168433,79975.79734168433,79970.01845879883,79970.01845879883,0,1
1370961240000,1370961299999,79970.93361506578,79973.00250159338,79968.99553796866,79971.22967710425,0,1
1370961300000,1370961359999,79971.38779755672,79975.70990966693,79971.38779755672,79974.89271961985,0,1
1370961360000,1370961419999,79976.18068842925,79979.09566052987,79974.02501264597,79974.32770967654,0,1
1370961420000,1370961479999,79974.25708118895,79976.81284219077,79973.15723037402,79976.81284219077,0,1
1370961480000,1370961539999,79977.48194013772,79977.48194013772,79974.67075523503,79975.6594677707,0,1
1370961540000,1370961599999,79975.76707684174,79979.34441925745,79975.07768617706,79976.8027549445,0,1
1370961600000,1370961659999,79976.20758940339,79977.44159379123,79971.08501152146,79972.49457072368,0,1
1370961660000,1370961719999,79973.07313894242,79975.23238285219,79970.98071643095,79972.89486276874,0,1
1370961720000,1370961779999,79972.04380251702,79976.28492930098,79971.55264387705,79976.22776508651,0,1
1370961780000,1370961839999,79976.53039544878,79979.2099558488,79975.7435374564,79977.95935954471,0,1
1370961840000,1370961899999,79979.09902217553,79982.79278787046,79977.55590801683,79980.74945372007,0,1
1370961900000,1370961959999,79980.759536986,79983.6059724833,79979.71754574653,79981.45525778244,0,1
1370961960000,1370962019999,79982.6953356905,79982.6953356905,79979.77805143289,79980.73264825426,0,1
1370962020000,1370962079999,79981.87199488557,79982.907040941,79978.13418348524,79978.13418348524,0,1
1370962080000,1370962139999,79976.41943204602,79978.38632801651,79973.99137907698,79978.38632801651,0,1
1370962140000,1370962199999,79977.36762506654,79982.89695984023,79977.36762506654,79981.27377006714,0,1
1370962200000,1370962259999,79980.9948103047,79985.3026943703,79979.9360367769,79980.47720169669,0,1
1370962260000,1370962319999,79978.30564245822,79978.30564245822,79972.37347081356,79972.37347081356,0,1
1370962320000,1370962379999,79973.2144121436,79977.66013455421,79972.58539469387,79974.68420776224,0,1
1370962380000,1370962439999,79974.19990538123,79975.9419391125,79971.86214391341,79972.72331099719,0,1
1370962440000,1370962499999,79973.54067833816,79973.54067833816,79970.60053479491,79971.13211217352,0,1
1370962500000,1370962559999,79969.73582008378,79970.14631654567,79967.65279556504,79969.97471761542,0,1
1370962560000,1370962619999,79971.00763139714,79976.87336545474,79969.88386993083,79975.23238285219,0,1
1370962620000,1370962679999,79975.89486110961,79986.32394855194,79975.89486110961,79984.68787593556,0,1
1370962680000,1370962739999,79984.83234486694,79985.83685019174,79982.43321821817,79982.43321821817,0,1
1370962740000,1370962799999,79982.1878969237,79983.08177840637,79976.76240585765,79976.76240585765,0,1
1370962800000,1370962859999,79978.62165717645,79982.60460349682,79978.5073551333,79981.70395782063,0,1
1370962860000,1370962919999,79979.72426861865,79981.61321663148,79974.07209945252,79974.07209945252,0,1
1370962920000,1370962979999,79973.14041214426,79979.26037983892,79973.14041214426,79975.73681190755,0,1
1370962980000,1370963039999,79973.23795748308,79976.57747045979,79972.27255310152,79973.82657295372,0,1
1370963040000,1370963099999,79974.39833766529,79977.6164267837,79973.10341193926,79975.9654780308,0,1
1370963100000,1370963159999,79975.9789288164,79980.71584276021,79975.13821994363,79979.97973441011,0,1
1370963160000,1370963219999,79980.93431198,79980.93431198,79976.26139113461,79976.9338883524,0,1
1370963220000,1370963279999,79977.65004816258,79977.65004816258,79970.05883510603,79970.05883510603,0,1
1370963280000,1370963339999,79971.04127500302,79974.02501264597,79968.89458616136,79970.8528693522,0,1
1370963340000,1370963399999,79971.33396959827,79975.49132627895,79970.5837122647,79975.49132627895,0,1
1370963400000,1370963459999,79975.19202742854,79980.06712910371,79974.14272924661,79979.69737710306,0,1
1370963460000,1370963519999,79979.02506570968,79984.64083908891,79978.64855158498,79978.64855158498,0,1
1370963520000,1370963579999,79979.53602649087,79980.83348062549,79978.36279479592,79980.56459204282,0,1
1370963580000,1370963639999,79980.9612001695,79984.64419887101,79979.38475792747,79979.38475792747,0,1
1370963640000,1370963699999,79980.27889000146,79985.0608031031,79980.27889000146,79981.80814113353,0,1
1370963700000,1370963759999,79981.17294213538,79991.5931718933,79980.72592606004,79990.01504698447,0,1
1370963760000,1370963819999,79989.61879778531,79991.62338887643,79988.04036124022,79988.04036124022,0,1
1370963820000,1370963879999,79987.59701084117,79989.67588550242,79984.12341917297,79988.72885887987,0,1
1370963880000,1370963939999,79989.12514334366,79989.92773918754,79982.47018391888,79984.4661288643,0,1
1370963940000,1370963999999,79984.14693884087,79987.41899340789,79982.45338134457,79986.5254995541,0,1
1370964000000,1370964059999,79986.4180061918,79993.20797382256,79986.4180061918,79991.53273765313,0,1
1370964060000,1370964119999,79990.11578580296,79993.54030194726,79989.6557369336,79989.73633096534,0,1
1370964120000,1370964179999,79988.73893410317,79993.05019801827,79987.88922126696,79991.52938018466,0,1
1370964180000,1370964239999,79992.4123555638,79994.17135930085,79988.11760967773,79989.32663789591,0,1
1370964240000,1370964299999,79989.87401093364,79993.1408354867,79984.73491256096,79989.90423311197,0,1
1370964300000,1370964359999,79990.16951275787,79997.7287035594,79989.45089084604,79994.81915867123,0,1
1370964360000,1370964419999,79995.78574499117,80000.3422094952,79995.10444560194,79998.23199913897,0,1
1370964420000,1370964479999,79999.42638592511,80006.36509799426,79998.8828905249,80006.36509799426,0,1
1370964480000,1370964539999,80007.01210796196,80008.7417321719,80005.25871452934,80007.8300295633,0,1
1370964540000,1370964599999,80008.60766347173,80012.02250338027,80008.59090475783,80011.12115254291,0,1
1370964600000,1370964659999,80011.85497219683,80015.35244092277,80010.87653402465,80013.77806136743,0,1
1370964660000,1370964719999,80014.69592128055,80019.38775009979,80011.59696868497,80018.46697231314,0,1
1370964720000,1370964779999,80017.87093276138,80019.84643321397,80013.8752111112,80015.0576823334,0,1
1370964780000,1370964839999,80016.92992160234,80016.92992160234,80011.02062510897,80013.60050939705,0,1
1370964840000,1370964899999,80013.39950336183,80013.77806136743,80008.61101521114,80009.4288060502,0,1
1370964900000,1370964959999,80009.6231891169,80011.3121518833,80005.33583007274,80007.88030944626,0,1
1370964960000,1370965019999,80006.32486801287,80008.61436694943,80004.87983387352,80006.40197533503,0,1
1370965020000,1370965079999,80006.95176683344,80008.82217252922,80006.95176683344,80008.01438789825,0,1
1370965080000,1370965139999,80009.29139505106,80011.34901098518,80005.88568018842,80005.88568018842,0,1
1370965140000,1370965199999,80005.96614352312,80007.01210796196,80003.62573709986,80004.2796307096,0,1
1370965200000,1370965259999,80004.61494418078,80008.62442215755,80004.61494418078,80006.43214760358,0,1
1370965260000,1370965319999,80004.86306891109,80007.72276496801,80004.81277385513,80005.07765830768,0,1
1370965320000,1370965379999,80004.58476642879,80006.1371259597,80003.68609830129,80005.9292645751,0,1
1370965380000,1370965439999,80004.89995179133,80009.49248367785,80004.89995179133,80005.96949614803,0,1
1370965440000,1370965499999,80006.45226239873,80009.6533516679,80006.3114579831,80009.49918656245,0,1
1370965500000,1370965559999,80010.08567156861,80011.52325217321,80008.31605784253,80009.59302647489,0,1
1370965560000,1370965619999,80008.949535105,80009.78740634948,80006.76068419103,80008.62107042263,0,1
1370965620000,1370965679999,80007.76969337002,80013.69096079476,80007.76969337002,80013.69096079476,0,1
1370965680000,1370965739999,80012.8232636674,80013.45310536628,80010.10577901611,80013.07453505877,0,1
1370965740000,1370965799999,80013.33250045222,80013.33250045222,80010.25658358361,80011.60367015908,0,1
1370965800000,1370965859999,80011.11445074543,80013.55025826703,80006.44220500621,80006.44220500621,0,1
1370965860000,1370965919999,80006.69363678449,80008.03114757835,80000.7346796369,80000.7346796369,0,1
1370965920000,1370965979999,80001.06340345726,80004.65518104177,79999.18819095983,79999.18819095983,0,1
1370965980000,1370966039999,80000.32879144026,80000.32879144026,79998.58429097354,79999.13786735389,0,1
1370966040000,1370966099999,80000.91916882574,80001.21434444856,79997.7287035594,79998.18502595663,0,1
1370966100000,1370966159999,79999.12444768286,80001.01979785784,79998.50376821982,79999.47670807915,0,1
1370966160000,1370966219999,79999.88598552671,80004.76918460203,79999.77192628232,80003.57878924685,0,1
1370966220000,1370966279999,80004.39028539805,80004.49087950686,79999.86250284745,80000.05707195404,0,1
1370966280000,1370966339999,80001.45249115734,80003.49830670033,79999.95307859217,80003.21661268642,0,1
1370966340000,1370966399999,80002.64984711508,80003.27697635742,79998.18167072088,79998.45344116948,0,1
1370966400000,1370966459999,79999.53038476434,80001.47932423379,79998.13469730213,79999.57064208917,0,1
1370966460000,1370966519999,79999.82560138291,80001.84156371908,79999.82560138291,80000.24828273256,0,1
1370966520000,1370966579999,79999.8792761954,80000.3422094952,79998.44673087697,79998.66481307887,0,1
1370966580000,1370966639999,79999.71825089362,80003.31051157274,79999.71825089362,80003.31051157274,0,1
1370966640000,1370966699999,80004.21591987896,80007.52164075067,80002.89131329776,80006.59641724653,0,1
1370966700000,1370966759999,80006.25446515599,80010.26328595605,80006.25446515599,80009.78070365809,0,1
1370966760000,1370966819999,80009.87118961291,80009.9181079338,80008.41661246831,80009.8209197391,0,1
1370966820000,1370966879999,80008.6177186866,80010.20631564714,80006.70704630176,80007.91718119975,0,1
1370966880000,1370966939999,80006.76738890697,80009.30815259107,80006.76738890697,80007.7093568127,0,1
1370966940000,1370966999999,80007.51493654044,80007.98757235166,80005.85215360788,80007.98757235166,0,1
1370967000000,1370967059999,80008.64118081529,80008.64118081529,80005.0608936769,80006.23099742689,0,1
1370967060000,1370967119999,80005.76498397242,80009.70027101088,80005.46658985243,80007.61549922216,0,1
1370967120000,1370967179999,80008.11494555749,80013.52680765325,80008.11494555749,80012.0191527841,0,1
1370967180000,1370967239999,80011.40932558615,80016.94666634695,80011.40932558615,80014.48488795587,0,1
1370967240000,1370967299999,80014.87680344286,80015.78451451604,80014.36094567344,80015.12467368481,0,1
1370967300000,1370967359999,80015.36248935791,80015.36248935791,80010.90334182544,80012.07946334327,0,1
1370967360000,1370967419999,80011.00722137476,80013.81826137587,80008.22220594618,80008.22220594618,0,1
1370967420000,1370967479999,80007.96410868941,80009.50588944253,80005.28218454028,80008.25907643908,0,1
1370967480000,1370967539999,80009.86113565836,80009.86113565836,80008.13840886582,80009.2109584681,0,1
1370967540000,1370967599999,80008.19874283446,80009.38523691344,80000.9929635483,80000.9929635483,0,1
1370967600000,1370967659999,80001.66044561667,80006.89477765553,80001.2512407888,80003.77328606014,0,1
1370967660000,1370967719999,80004.79600878026,80005.45653146855,80003.68274491077,80005.45653146855,0,1
1370967720000,1370967779999,80004.72559515892,80007.1596069655,80004.72559515892,80006.0466062104,0,1
1370967780000,1370967839999,80004.47076076605,80004.97707010139,80003.53184117345,80004.64512184169,0,1
1370967840000,1370967899999,80004.67529941155,80004.67529941155,80000.9929635483,80001.23446974193,0,1
1370967900000,1370967959999,80001.87845774519,80006.19747200405,80001.87845774519,80005.97620139444,0,1
1370967960000,1370968019999,80006.88472070805,80006.88472070805,79999.62096351729,80003.82358634444,0,1
1370968020000,1370968079999,80002.6364321562,80004.81947987722,80001.95559935992,80004.5009388621,0,1
1370968080000,1370968139999,80004.64847490951,80007.63896370238,80004.35340063795,80007.55851382668,0,1
1370968140000,1370968199999,80007.0020511325,80009.82762240354,80006.66681769601,80009.82762240354,0,1
1370968200000,1370968259999,80009.64664888664,80013.0510833294,80009.64664888664,80010.86648108081,0,1
1370968260000,1370968319999,80009.91475663247,80011.44953511802,80008.63782908599,80008.73167708173,0,1
1370968320000,1370968379999,80007.75963730241,80011.90523184657,80007.75963730241,80009.34501908025,0,1
1370968380000,1370968439999,80009.96167474896,80010.45095056054,80008.33281701704,80008.33281701704,0,1
1370968440000,1370968499999,80009.49248367785,80009.49248367785,80006.75397947061,80008.01438789825,0,1
1370968500000,1370968559999,80007.75628527765,80007.75628527765,80001.73088082408,80003.34069317038,0,1
1370968560000,1370968619999,80004.19244736536,80006.07342696229,80003.23002686701,80004.28969027732,0,1
1370968620000,1370968679999,80003.66262454403,80006.44555747151,80001.9388294943,80005.40623939734,0,1
1370968680000,1370968739999,80004.85971591521,80006.4254426629,80004.03819804816,80005.45317867167,0,1
1370968740000,1370968799999,80006.0466062104,80007.98757235166,80006.0466062104,80007.88366142947,0,1
1370968800000,1370968859999,80008.52386962136,80011.38922075959,80008.30600232433,80009.19420076521,0,1
1370968860000,1370968919999,80010.45430168218,80011.91193311411,80007.96410868941,80011.35571262547,0,1
1370968920000,1370968979999,80012.0191527841,80012.19673283376,80010.91674569891,80011.05748528543,0,1
1370968980000,1370969039999,80011.89517993684,80015.9653769889,80011.89517993684,80015.34574196041,0,1
1370969040000,1370969099999,80015.9285348986,80017.10071668189,80014.51168608521,80016.34383787557,0,1
1370969100000,1370969159999,80016.36728188417,80018.9022596514,80016.36728188417,80017.84414363268,0,1
1370969160000,1370969219999,80017.93790526917,80017.93790526917,80014.60547897244,80014.60547897244,0,1
1370969220000,1370969279999,80013.67756063929,80013.67756063929,80008.83222752839,80010.87988500368,0,1
1370969280000,1370969339999,80011.08429260114,80011.08429260114,80008.580849516,80009.31820710159,0,1
1370969340000,1370969399999,80009.91475663247,80012.96062614369,80009.88459486992,80012.10961848646,0,1
1370969400000,1370969459999,80012.12972186472,80012.12972186472,80003.26020870756,80006.4287951338,0,1
1370969460000,1370969519999,80004.84630392054,80007.61214714906,80004.6317095592,80006.31481049221,0,1
1370969520000,1370969579999,80006.72716054396,80006.72716054396,79997.46697984703,79997.46697984703,0,1
1370969580000,1370969639999,79998.53060920976,79999.24857895268,79996.17839399775,79997.55086639819,0,1
1370969640000,1370969699999,79998.48028229452,79998.48028229452,79994.84936590798,79996.46364215443,0,1
1370969700000,1370969759999,79996.96029011636,79998.42995512598,79995.84279751356,79998.31252408108,0,1
1370969760000,1370969819999,79999.31567629482,80002.78399571417,79998.33265521527,80001.9388294943,0,1
1370969820000,1370969879999,80001.38205398904,80003.58884951963,80001.19086488844,80003.21325913844,0,1
1370969880000,1370969939999,80002.62637092522,80003.30380453868,80000.4260719306,80001.44913701773,0,1
1370969940000,1370969999999,79999.84572947136,80003.54525493119,79999.60083497642,80003.54525493119,0,1
1370970000000,1370970059999,80003.78669949403,80006.85790213205,80003.78669949403,80006.76068419103,0,1
1370970060000,1370970119999,80006.26787526217,80006.71039867827,80003.81687965449,80003.81687965449,0,1
1370970120000,1370970179999,80002.99527610859,80007.17636807825,80002.87119133856,80006.33492552339,0,1
1370970180000,1370970239999,80006.8143217926,80008.68810490753,80006.02313799348,80008.68810490753,0,1
1370970240000,1370970299999,80008.19203907815,80009.76394690994,80006.33492552339,80006.33492552339,0,1
1370970300000,1370970359999,80005.94938038179,80008.75513894306,80005.94938038179,80008.20209471094,0,1
1370970360000,1370970419999,80008.16522400793,80012.12972186472,80007.87695746192,80010.44759943777,0,1
1370970420000,1370970479999,80011.15466146299,80011.24848584185,80007.63896370238,80007.63896370238,0,1
1370970480000,1370970539999,80008.65793944494,80009.68686550678,80007.83338156335,80009.34166758684,0,1
1370970540000,1370970599999,80009.4321575144,80009.46902354642,80006.65005572917,80006.86125445798,0,1
1370970600000,1370970659999,80006.42209019086,80008.81211751993,80004.59147260377,80008.81211751993,0,1
1370970660000,1370970719999,80007.61549922216,80009.72708196516,80006.78079832534,80008.55068372987,0,1
1370970720000,1370970779999,80007.6255554347,80007.81326954612,80003.29039045704,80003.29039045704,0,1
1370970780000,1370970839999,80003.4915997922,80004.80942084242,80000.8252474822,80001.04663209537,0,1
1370970840000,1370970899999,80001.46590770458,80002.25745213227,79999.24857895268,79999.68134889677,0,1
1370970900000,1370970959999,79999.745088624,80001.73088082408,79999.57399685892,80001.41894971051,0,1
1370970960000,1370971019999,80000.28853716742,80002.70350677069,79994.78223859129,79995.8025251786,0,1
1370971020000,1370971079999,79994.80908957205,79996.37974648239,79989.853862764,79991.93898302104,0,1
1370971080000,1370971139999,79991.31785739683,79994.49694246816,79989.5415609434,79991.02574714366,0,1
1370971140000,1370971199999,79990.77056338784,79991.61667399917,79986.50870379241,79986.50870379241,0,1
1370971200000,1370971259999,79986.99576942863,79988.6919163076,79985.73270884303,79987.90937339538,0,1
1370971260000,1370971319999,79986.74384188902,79988.59452159925,79980.70575945023,79982.84655418391,0,1
1370971320000,1370971379999,79983.34387887958,79986.79422790468,79982.6986961263,79983.14562402632,0,1
1370971380000,1370971439999,79984.12341917297,79985.10111872063,79982.63484765285,79984.85250315654,0,1
1370971440000,1370971499999,79984.42917054101,79984.82898514805,79983.37748100754,79984.08981955143,0,1
1370971500000,1370971559999,79984.04949985657,79985.09439946232,79981.84174842227,79983.60933261312,0,1
1370971560000,1370971619999,79982.73230042229,79986.54565443088,79982.73230042229,79985.15151301399,0,1
1370971620000,1370971679999,79986.36425907737,79986.36425907737,79976.56065798129,79976.56065798129,0,1
1370971680000,1370971739999,79977.80806712924,79978.6014863226,79973.55749589474,79974.58331336707,0,1
1370971740000,1370971799999,79974.06537277944,79974.06537277944,79968.9450621924,79970.89324229048,0,1
1370971800000,1370971859999,79969.8704109444,79969.8704109444,79963.35750143797,79963.35750143797,0,1
1370971860000,1370971919999,79962.39114267536,79967.49798159084,79961.20242698697,79965.78813742822,0,1
1370971920000,1370971979999,79964.59982550133,79969.13013879309,79963.86589660794,79968.61528085086,0,1
1370971980000,1370972039999,79968.30904558105,79968.30904558105,79959.11088725753,79959.11088725753,0,1
1370972040000,1370972099999,79958.32602598472,79958.32602598472,79954.9568229614,79955.51281966397,0,1
1370972100000,1370972159999,79955.93400870766,79959.94620840867,79953.88180833898,79959.94620840867,0,1
1370972160000,1370972219999,79960.92290674472,79961.27651537981,79956.77296442057,79956.77296442057,0,1
1370972220000,1370972279999,79955.76216572025,79959.08057187141,79953.00553538345,79955.70825358626,0,1
1370972280000,1370972339999,79956.54385900308,79959.98325732756,79955.05791557032,79959.71380751375,0,1
1370972340000,1370972399999,79960.59286073696,79962.72112933786,79959.29614595362,79959.93947222685,0,1
1370972400000,1370972459999,79959.78453879266,79959.78453879266,79954.04020333262,79957.16041016768,0,1
1370972460000,1370972519999,79957.87798742503,79959.07383510645,79949.99866135017,79951.40445379043,0,1
1370972520000,1370972579999,79951.09769100248,79957.5680542695,79949.76265763477,79956.53712052898,0,1
1370972580000,1370972639999,79957.39623935998,79961.45499879947,79957.11661270533,79957.33222912911,0,1
1370972640000,1370972699999,79956.99195733952,79960.02704223656,79956.52364356718,79958.38329262442,0,1
1370972700000,1370972759999,79957.86451227019,79959.36014361467,79957.21431447339,79957.26484949609,0,1
1370972760000,1370972819999,79958.03968786688,79963.32719892293,79957.5242585925,79962.6470516472,0,1
1370972820000,1370972879999,79963.4719767773,79964.63685718311,79960.71410339336,79963.29016239093,0,1
1370972880000,1370972939999,79961.58633362093,79962.81877636441,79960.48845616046,79961.11823496516,0,1
1370972940000,1370972999999,79959.23214788298,79961.02057133186,79957.9790505076,79959.53529301375,0,1
1370973000000,1370973059999,79960.11124344579,79964.86577726273,79957.26821848852,79963.86589660794,0,1
1370973060000,1370973119999,79963.72785809149,79968.41336853935,79962.26318573355,79962.26318573355,0,1
1370973120000,1370973179999,79963.93323177817,79967.99943555504,79963.93323177817,79967.99943555504,0,1
1370973180000,1370973239999,79967.52490593244,79968.5244208152,79964.59309245355,79965.85209355566,0,1
1370973240000,1370973299999,79964.66715572984,79964.66715572984,79958.07000640864,79958.07000640864,0,1
1370973300000,1370973359999,79958.28560227688,79960.09777129994,79956.3282255799,79956.3282255799,0,1
1370973360000,1370973419999,79955.93737814849,79958.04979405768,79954.01998283484,79956.40571937659,0,1
1370973420000,1370973479999,79955.88346695909,79961.3270298784,79954.42101507165,79958.46077049733,0,1
1370973480000,1370973539999,79958.40350430131,79958.40350430131,79949.94808959431,79949.94808959431,0,1
1370973540000,1370973599999,79950.61898741261,79950.75720699938,79944.77830697593,79944.77830697593,0,1
1370973600000,1370973659999,79944.51856702284,79944.79179977618,79938.98821583281,79942.74743296107,0,1
1370973660000,1370973719999,79944.2621937001,79947.75640114248,79940.91861873954,79942.74405907304,0,1
1370973720000,1370973779999,79942.33581021933,79949.75928611276,79942.28519969615,79949.2265713578,0,1
1370973780000,1370973839999,79949.84694531537,79950.48413719413,79946.87284625662,79948.90288270982,0,1
1370973840000,1370973899999,79947.34498453388,79948.04977805748,79943.2028973957,79948.04977805748,0,1
1370973900000,1370973959999,79947.78675087765,79947.78675087765,79942.76092850181,79945.75986068179,0,1
1370973960000,1370974019999,79945.6283178377,79950.56841879377,79945.50014622265,79948.49151326765,0,1
1370974020000,1370974079999,79948.71743136762,79952.32805635344,79948.70731574095,79949.74917153995,0,1
1370974080000,1370974139999,79949.30749188272,79949.30749188272,79943.89111540726,79943.9889464756,0,1
1370974140000,1370974199999,79942.92287357005,79949.31086355704,79940.37868343716,79949.31086355704,0,1
1370974200000,1370974259999,79949.11867630597,79949.84020232706,79944.72770881289,79947.31463345792,0,1
1370974260000,1370974319999,79948.09698733181,79948.09698733181,79939.24809946908,79941.67785343807,0,1
1370974320000,1370974379999,79941.54288259347,79944.94021937728,79941.54288259347,79941.87018374413,0,1
1370974380000,1370974439999,79941.3437972724,79952.37861607483,79941.3437972724,79950.58864627201,0,1
1370974440000,1370974499999,79951.26961416361,79954.30306608324,79949.31423523022,79950.97970280905,0,1
1370974500000,1370974559999,79950.92913601427,79954.95345319017,79950.51784991923,79950.6291011057,0,1
1370974560000,1370974619999,79951.68086934144,79960.10113933812,79951.68086934144,79958.42371593736,0,1
1370974620000,1370974679999,79957.4737248807,79958.7976238358,79956.47984331587,79957.73312855883,0,1
1370974680000,1370974739999,79958.1306432164,79959.8822144982,79957.12335078894,79958.0801125688,0,1
1370974740000,1370974799999,79957.19073137539,79957.19073137539,79952.06177093556,79956.53712052898,0,1
1370974800000,1370974859999,79956.37876508063,79961.01720360335,79956.37876508063,79960.8353445798,0,1
1370974860000,1370974919999,79960.2729077801,79961.48193941629,79956.34507210852,79957.81061146922,0,1
1370974920000,1370974979999,79958.7403595688,79963.39453772057,79958.7403595688,79959.88558260896,0,1
1370974980000,1370975039999,79959.31972408692,79960.06409085597,79957.3793946021,79957.3793946021,0,1
1370975040000,1370975099999,79957.64216959362,79962.90968825614,79957.11324366182,79960.53560674934,0,1
1370975100000,1370975159999,79961.17885329232,79961.17885329232,79958.21486039498,79959.81485204476,0,1
1370975160000,1370975219999,79958.95257256125,79959.45445521075,79952.7594910931,79952.7594910931,0,1
1370975220000,1370975279999,79954.41764511986,79956.41919649733,79952.79993714565,79955.74194870408,0,1
1370975280000,1370975339999,79955.8093385991,79958.32939461966,79954.39068546465,79955.88683641695,0,1
1370975340000,1370975399999,79955.89020587366,79961.49877726495,79954.6771280849,79961.49877726495,0,1
1370975400000,1370975459999,79963.11171172319,79964.38436572361,79957.79039859395,79958.37655538971,0,1
1370975460000,1370975519999,79959.40393125203,79963.38443692983,79958.0093692332,79961.34723560639,0,1
1370975520000,1370975579999,79961.14517648927,79965.56933705678,79959.92599984961,79965.56933705678,0,1
1370975580000,1370975639999,79964.77488315252,79967.78068356207,79962.78173794934,79962.83897907844,0,1
1370975640000,1370975699999,79962.4046117319,79963.14538190424,79959.03004602365,79961.67725671767,0,1
1370975700000,1370975759999,79961.19232398178,79963.89956424973,79960.89259685132,79963.19251996724,0,1
1370975760000,1370975819999,79962.57297340779,79966.5555839623,79962.57297340779,79964.48872963317,0,1
1370975820000,1370975879999,79964.73448550502,79965.58616802454,79958.39339846798,79960.70736772878,0,1
1370975880000,1370975939999,79959.9664169269,79962.51573075601,79959.48813770807,79961.04751311908,0,1
1370975940000,1370975999999,79959.60939375909,79961.51224752345,79959.17151775406,79961.279883021,0,1
1370976000000,1370976059999,79961.6031712938,79965.96317427853,79961.6031712938,79964.92300646384,0,1
1370976060000,1370976119999,79964.01403338397,79964.01403338397,79959.36351190128,79960.16176383101,0,1
1370976120000,1370976179999,79960.77135635901,79962.68072339281,79960.70063205968,79961.23610359721,0,1
1370976180000,1370976239999,79961.4078525454,79963.05447215523,79959.29614595362,79960.61306794843,0,1
1370976240000,1370976299999,79958.91551982358,79959.82832457175,79956.24399251104,79957.27158747983,0,1
1370976300000,1370976359999,79954.92649497945,79956.47984331587,79951.57300076717,79955.81944704418,0,1
1370976360000,1370976419999,79956.39561152413,79958.9256251293,79955.67118882552,79958.9256251293,0,1
1370976420000,1370976479999,79958.45403331482,79959.09067701032,79953.06957331547,79953.06957331547,0,1
1370976480000,1370976539999,79954.35024584555,79955.70825358626,79952.58085240418,79953.03249877322,0,1
1370976540000,1370976599999,79952.49995836323,79953.26842533267,79950.75720699938,79952.44265802162,0,1
1370976600000,1370976659999,79952.73252696719,79954.98378109037,79950.40996879882,79951.28984022354,0,1
1370976660000,1370976719999,79952.11233200331,79958.26875901705,79950.91228035919,79958.26875901705,0,1
1370976720000,1370976779999,79956.71568855828,79957.26821848852,79952.13255635882,79952.94149704133,0,1
1370976780000,1370976839999,79953.92899008881,79954.20196584302,79947.29102700182,79948.16442876568,0,1
1370976840000,1370976899999,79949.2737750769,79949.2737750769,79945.81382647625,79947.11229059738,0,1
1370976900000,1370976959999,79947.51697222429,79953.89191873268,79947.41243103953,79953.89191873268,0,1
1370976960000,1370977019999,79955.05454583316,79959.4578234656,79954.20870589084,79959.4578234656,0,1
1370977020000,1370977079999,79959.16814940279,79969.61805159475,79959.16814940279,79969.61805159475,0,1
1370977080000,1370977139999,79971.31378403916,79972.26918916024,79967.48115384055,79972.26918916024,0,1
1370977140000,1370977199999,79972.93522746375,79974.69429714578,79971.70403096122,79974.69429714578,0,1
1370977200000,1370977259999,79974.48578115074,79980.65870386918,79974.48578115074,79978.37288046867,0,1
1370977260000,1370977319999,79977.56263234235,79979.46207325687,79975.83096917979,79977.32727825885,0,1
1370977320000,1370977379999,79976.65816996308,79977.87867054131,79972.32637600802,79976.26139113461,0,1
1370977380000,1370977439999,79976.49340778467,79977.94254938935,79973.94765526817,79974.69429714578,0,1
1370977440000,1370977499999,79974.36806858833,79974.60012917029,79970.65773118596,79973.56422290947,0,1
1370977500000,1370977559999,79973.03277480406,79977.56935666334,79972.99241050279,79977.14907791087,0,1
1370977560000,1370977619999,79976.39253164173,79980.79986994805,79976.39253164173,79976.52367042912,0,1
1370977620000,1370977679999,79977.92910124472,79980.95447812892,79976.05963315003,79976.85319107411,0,1
1370977680000,1370977739999,79977.60634034798,79979.55283396777,79976.30846741196,79979.22340227103,0,1
1370977740000,1370977799999,79978.11737362375,79979.46543477937,79972.67958164353,79974.69093401906,0,1
1370977800000,1370977859999,79975.05750817344,79976.39925674959,79973.94765526817,79974.23690152944,0,1
1370977860000,1370977919999,79973.23795748308,79976.14369947164,79971.35751936575,79975.13149398766,0,1
1370977920000,1370977979999,79975.66619337157,79976.22440247549,79972.37347081356,79973.10677559991,0,1
1370977980000,1370978039999,79974.27726080772,79975.94866452338,79972.2523694369,79973.73239680665,0,1
1370978040000,1370978099999,79974.18308890499,79976.89690218068,79972.7502212736,79976.89690218068,0,1
1370978100000,1370978159999,79976.55057048063,79979.35450394021,79975.75698854052,79976.98432382064,0,1
1370978160000,1370978219999,79976.48332021617,79976.48332021617,79969.52720066985,79969.89396415875,0,1
1370978220000,1370978279999,79971.12201919533,79971.8924205765,79969.40606481936,79970.98408080568,0,1
1370978280000,1370978339999,79970.37174595926,79975.10795310616,79970.37174595926,79973.17741221238,0,1
1370978340000,1370978399999,79973.05968424772,79976.33200546753,79973.05968424772,79976.33200546753,0,1
1370978400000,1370978459999,79976.90362694935,79976.90362694935,79966.04395948378,79969.5339303963,0,1
1370978460000,1370978519999,79969.88050518591,79969.88050518591,79967.86481951029,79969.20416847427,0,1
1370978520000,1370978579999,79971.24313426137,79973.59785791516,79970.8124962509,79972.46093200686,0,1
1370978580000,1370978639999,79972.07071462208,79981.26704823664,79971.31378403916,79980.84356380669,0,1
1370978640000,1370978699999,79979.74779863548,79981.45525778244,79978.24176592952,79979.5393879885,0,1
1370978700000,1370978759999,79980.9477560838,79981.18974686127,79978.34934721643,79979.57972587206,0,1
1370978760000,1370978819999,79979.29063411095,79983.00449105789,79979.29063411095,79981.64010299559,0,1
1370978820000,1370978879999,79980.9880882867,79980.9880882867,79972.67621783918,79972.9217725835,0,1
1370978880000,1370978939999,79971.37097635082,79974.54295532395,79969.26137285256,79969.27819760743,0,1
1370978940000,1370978999999,79968.22827867232,79968.22827867232,79962.26992035024,79962.60327820842,0,1
1370979000000,1370979059999,79962.50562907758,79964.80518128107,79957.10987461718,79957.10987461718,0,1
1370979060000,1370979119999,79956.24062317352,79961.35397083998,79956.00139730841,79959.11088725753,0,1
1370979120000,1370979179999,79959.58244809703,79959.58244809703,79954.48167400969,79955.81944704418,0,1
1370979180000,1370979239999,79956.3214869605,79956.72916526126,79950.6088737093,79951.47861481017,0,1
1370979240000,1370979299999,79950.41671140296,79952.42243429327,79948.79161231722,79950.65944212356,0,1
1370979300000,1370979359999,79950.54144875918,79954.71756638213,79949.82671633683,79953.18079611749,0,1
1370979360000,1370979419999,79953.79081433566,79956.04183025088,79952.5774818322,79954.71756638213,0,1
1370979420000,1370979479999,79955.53640671933,79956.4899510832,79951.51906604368,79951.51906604368,0,1
1370979480000,1370979539999,79950.69315425768,79951.68424021565,79945.6148261661,79947.34835686996,0,1
1370979540000,1370979599999,79946.49511958432,79947.04821450466,79943.0915635607,79944.94359252443,0,1
1370979600000,1370979659999,79943.6077372563,79945.67553854492,79942.41678652364,79943.16916000085,0,1
1370979660000,1370979719999,79942.80816275095,79943.80340398054,79940.33481241325,79940.80725946973,0,1
1370979720000,1370979779999,79941.82969346078,79942.69007670975,79935.19719712583,79937.05406440028,0,1
1370979780000,1370979839999,79934.92032555844,79937.27686530472,79932.91784321656,79934.44084690696,0,1
1370979840000,1370979899999,79933.88705422047,79938.11063676237,79933.88705422047,79934.55565374784,0,1
1370979900000,1370979959999,79934.43747021523,79934.43747021523,79926.26253424736,79927.70883590786,0,1
1370979960000,1370980019999,79927.34728010277,79927.34728010277,79923.74790442885,79927.0600535572,0,1
1370980020000,1370980079999,79926.19494494161,79927.69869900732,79924.01156464791,79924.28197816428,0,1
1370980080000,1370980139999,79924.04874694001,79934.05927352453,79923.79860885702,79932.01271118487,0,1
1370980140000,1370980199999,79933.015781696,79934.4779904409,79931.44527320772,79933.76210894734,0,1
1370980200000,1370980259999,79933.80263190968,79934.8257822919,79929.195470056,79934.60292676979,0,1
1370980260000,1370980319999,79933.65404691163,79934.66708265645,79932.59700354873,79934.66708265645,0,1
1370980320000,1370980379999,79935.30861888608,79936.38900793523,79934.29564813238,79935.44029754761,0,1
1370980380000,1370980439999,79935.99062805835,79936.52067237119,79928.83396799803,79929.46236505869,0,1
1370980440000,1370980499999,79928.73936717128,79931.3101641815,79927.48920076237,79927.85413035296,0,1
1370980500000,1370980559999,79927.73924654779,79930.64810356488,79926.44164369827,79929.5535807048,0,1
1370980560000,1370980619999,79930.3305691453,79932.50919300337,79929.13803602279,79932.30317292789,0,1
1370980620000,1370980679999,79930.94873856344,79932.42813643094,79927.1141203608,79927.98590721014,0,1
1370980680000,1370980739999,79927.14115365298,79929.59749905248,79927.14115365298,79929.42182450445,0,1
1370980740000,1370980799999,79929.04343807253,79930.3711060156,79925.79953834951,79927.63787738835,0,1
1370980800000,1370980859999,79926.9215060387,79937.88447890588,79926.9215060387,79937.04731278023,0,1
1370980860000,1370980919999,79938.1815210079,79939.25484960341,79937.22960492162,79939.04221818327,0,1
1370980920000,1370980979999,79939.36960118986,79940.90174620261,79937.8676012488,79940.90174620261,0,1
1370980980000,1370981039999,79939.77122137298,79940.71277184408,79938.59669007036,79940.71277184408,0,1
1370981040000,1370981099999,79939.91296582192,79939.91296582192,79939.23797425906,79939.31222556124,0,1
1370981100000,1370981159999,79939.54172610058,79940.6250325351,79939.54172610058,79939.8960915881,0,1
1370981160000,1370981219999,79939.7880958175,79939.7880958175,79939.10297047894,79939.10297047894,0,1
1370981220000,1370981279999,79939.5889755578,79939.82859436815,79938.83633265866,79939.61260020269,0,1
1370981280000,1370981339999,79939.74422220253,79942.07263270169,79939.74422220253,79941.43153027524,0,1
1370981340000,1370981399999,79941.53950829901,79942.81153661736,79940.64190553893,79942.81153661736,0,1
1370981400000,1370981459999,79942.82165820974,79946.53896359072,79942.82165820974,79944.92335362446,0,1
1370981460000,1370981519999,79945.35510794014,79945.35510794014,79943.09831110113,79944.41736781219,0,1
1370981520000,1370981579999,79944.7209623718,79944.7209623718,79943.96195869027,79943.96195869027,0,1
1370981580000,1370981639999,79944.48483406642,79947.00437273097,79942.7035723279,79946.79865107202,0,1
1370981640000,1370981699999,79947.78675087765,79949.31086355704,79943.46604516939,79947.76651773111,0,1
1370981700000,1370981759999,79947.76651773111,79947.76651773111,79947.76651773111,79947.76651773111,0,1
1370981760000,1370981819999,79947.76651773111,79947.76651773111,79947.76651773111,79947.76651773111,0,1
1370981820000,1370981879999,79947.76651773111,79947.76651773111,79947.76651773111,79947.76651773111,0,1
1370981880000,1370981939999,79947.76651773111,79947.76651773111,79947.76651773111,79947.76651773111,0,1
1370981940000,1370981999999,79947.76651773111,79947.76651773111,79947.76651773111,79947.76651773111,0,1
1370982000000,1370982059999,79947.76651773111,79947.76651773111,79947.76651773111,79947.76651773111,0,1
1370982060000,1370982119999,79947.76651773111,79947.76651773111,79947.76651773111,79947.76651773111,0,1
1370982120000,1370982179999,79947.76651773111,79947.76651773111,79947.76651773111,79947.76651773111,0,1
1370982180000,1370982239999,79947.76651773111,79947.76651773111,79947.76651773111,79947.76651773111,0,1
1370982240000,1370982299999,79947.76651773111,79947.76651773111,79947.76651773111,79947.76651773111,0,1
1370982300000,1370982359999,79947.76651773111,79947.76651773111,79947.76651773111,79947.76651773111,0,1
1370982360000,1370982419999,79947.76651773111,79947.76651773111,79947.76651773111,79947.76651773111,0,1
1370982420000,1370982479999,79947.76651773111,79947.76651773111,79947.76651773111,79947.76651773111,0,1
1370982480000,1370982539999,79947.76651773111,79947.76651773111,79947.76651773111,79947.76651773111,0,1
1370982540000,1370982599999,79947.76651773111,79947.76651773111,79947.76651773111,79947.76651773111,0,1
1370982600000,1370982659999,79947.76651773111,79947.76651773111,79947.76651773111,79947.76651773111,0,1
1370982660000,1370982719999,79947.76651773111,79947.76651773111,79947.76651773111,79947.76651773111,0,1
1370982720000,1370982779999,79947.76651773111,79947.76651773111,79947.76651773111,79947.76651773111,0,1
1370982780000,1370982839999,79947.76651773111,79947.76651773111,79947.76651773111,79947.76651773111,0,1
1370982840000,1370982899999,79947.76651773111,79947.76651773111,79947.76651773111,79947.76651773111,0,1
1370982900000,1370982959999,79947.76651773111,79947.76651773111,79947.76651773111,79947.76651773111,0,1
1370982960000,1370983019999,79947.76651773111,79947.76651773111,79947.76651773111,79947.76651773111,0,1
1370983020000,1370983079999,79947.76651773111,79947.76651773111,79947.76651773111,79947.76651773111,0,1
1370983080000,1370983139999,79947.76651773111,79947.76651773111,79947.76651773111,79947.76651773111,0,1
1370983140000,1370983199999,79947.76651773111,79947.76651773111,79947.76651773111,79947.76651773111,0,1
1370983200000,1370983259999,79947.76651773111,79947.76651773111,79947.76651773111,79947.76651773111,0,1
1370983260000,1370983319999,79947.76651773111,79947.76651773111,79947.76651773111,79947.76651773111,0,1
1370983320000,1370983379999,79947.76651773111,79947.76651773111,79947.76651773111,79947.76651773111,0,1
1370983380000,1370983439999,79947.76651773111,79947.76651773111,79947.76651773111,79947.76651773111,0,1
1370983440000,1370983499999,79947.76651773111,79947.76651773111,79947.76651773111,79947.76651773111,0,1
1370983500000,1370983559999,79947.76651773111,79947.76651773111,79947.76651773111,79947.76651773111,0,1
1370983560000,1370983619999,79947.76651773111,79947.76651773111,79947.76651773111,79947.76651773111,0,1
1370983620000,1370983679999,79947.76651773111,79947.76651773111,79947.76651773111,79947.76651773111,0,1
1370983680000,1370983739999,79947.76651773111,79947.76651773111,79947.76651773111,79947.76651773111,0,1
1370983740000,1370983799999,79947.76651773111,79947.76651773111,79947.76651773111,79947.76651773111,0,1
1370983800000,1370983859999,79947.76651773111,79947.76651773111,79947.76651773111,79947.76651773111,0,1
1370983860000,1370983919999,79947.76651773111,79947.76651773111,79947.76651773111,79947.76651773111,0,1
1370983920000,1370983979999,79947.76651773111,79947.76651773111,79947.76651773111,79947.76651773111,0,1
1370983980000,1370984039999,79947.76651773111,79947.76651773111,79947.76651773111,79947.76651773111,0,1
1370984040000,1370984099999,79947.76651773111,79947.76651773111,79947.76651773111,79947.76651773111,0,1
1370984100000,1370984159999,79947.76651773111,79947.76651773111,79947.76651773111,79947.76651773111,0,1
1370984160000,1370984219999,79947.76651773111,79947.76651773111,79947.76651773111,79947.76651773111,0,1
1370984220000,1370984279999,79947.76651773111,79947.76651773111,79947.76651773111,79947.76651773111,0,1
1370984280000,1370984339999,79947.76651773111,79947.76651773111,79947.76651773111,79947.76651773111,0,1
1370984340000,1370984399999,79947.76651773111,79947.76651773111,79947.76651773111,79947.76651773111,0,1
1370984400000,1370984459999,79947.76651773111,79947.76651773111,79947.76651773111,79947.76651773111,0,1
1370984460000,1370984519999,79947.76651773111,79947.76651773111,79947.76651773111,79947.76651773111,0,1
1370984520000,1370984579999,79947.76651773111,79947.76651773111,79947.76651773111,79947.76651773111,0,1
1370984580000,1370984639999,79947.76651773111,79947.76651773111,79947.76651773111,79947.76651773111,0,1
1370984640000,1370984699999,79947.76651773111,79947.76651773111,79947.76651773111,79947.76651773111,0,1
1370984700000,1370984759999,79947.76651773111,79947.76651773111,79947.76651773111,79947.76651773111,0,1
1370984760000,1370984819999,79947.76651773111,79947.76651773111,79947.76651773111,79947.76651773111,0,1
1370984820000,1370984879999,79947.76651773111,79947.76651773111,79947.76651773111,79947.76651773111,0,1
1370984880000,1370984939999,79947.76651773111,79947.76651773111,79947.76651773111,79947.76651773111,0,1
1370984940000,1370984999999,79947.76651773111,79947.76651773111,79947.76651773111,79947.76651773111,0,1
1370985000000,1370985059999,79947.76651773111,79947.76651773111,79947.76651773111,79947.76651773111,0,1
1370985060000,1370985119999,79947.76651773111,79947.76651773111,79947.76651773111,79947.76651773111,0,1
1370985120000,1370985179999,79947.76651773111,79947.76651773111,79947.76651773111,79947.76651773111,0,1
1370985180000,1370985239999,79947.76651773111,79947.76651773111,79947.76651773111,79947.76651773111,0,1
1370985240000,1370985299999,79947.76651773111,79947.76651773111,79947.76651773111,79947.76651773111,0,1
1370985300000,1370985359999,79947.76651773111,79947.76651773111,79947.76651773111,79947.76651773111,0,1
1370985360000,1370985419999,79947.76651773111,79947.76651773111,79947.76651773111,79947.76651773111,0,1
1370985420000,1370985479999,79947.76651773111,79947.76651773111,79947.76651773111,79947.76651773111,0,1
1370985480000,1370985539999,79947.76651773111,79947.76651773111,79947.76651773111,79947.76651773111,0,1
1370985540000,1370985599999,79947.76651773111,79947.76651773111,79947.76651773111,79947.76651773111,0,1
1370985600000,1370985659999,79947.76651773111,79947.76651773111,79947.76651773111,79947.76651773111,0,1
1370985660000,1370985719999,79947.76651773111,79947.76651773111,79947.76651773111,79947.76651773111,0,1
1370985720000,1370985779999,79947.76651773111,79947.76651773111,79947.76651773111,79947.76651773111,0,1
1370985780000,1370985839999,79947.76651773111,79947.76651773111,79947.76651773111,79947.76651773111,0,1
1370985840000,1370985899999,79947.76651773111,79947.76651773111,79947.76651773111,79947.76651773111,0,1
1370985900000,1370985959999,79947.76651773111,79947.76651773111,79947.76651773111,79947.76651773111,0,1
1370985960000,1370986019999,79947.76651773111,79947.76651773111,79947.76651773111,79947.76651773111,0,1
1370986020000,1370986079999,79947.76651773111,79947.76651773111,79947.76651773111,79947.76651773111,0,1
1370986080000,1370986139999,79947.76651773111,79947.76651773111,79947.76651773111,79947.76651773111,0,1
1370986140000,1370986199999,79947.76651773111,79947.76651773111,79947.76651773111,79947.76651773111,0,1
1370986200000,1370986259999,79947.76651773111,79947.76651773111,79947.76651773111,79947.76651773111,0,1
1370986260000,1370986319999,79947.76651773111,79947.76651773111,79947.76651773111,79947.76651773111,0,1
1370986320000,1370986379999,79947.76651773111,79947.76651773111,79947.76651773111,79947.76651773111,0,1
1370986380000,1370986439999,79947.76651773111,79947.76651773111,79947.76651773111,79947.76651773111,0,1
1370986440000,1370986499999,79947.76651773111,79947.76651773111,79947.76651773111,79947.76651773111,0,1
1370986500000,1370986559999,79947.76651773111,79947.76651773111,79947.76651773111,79947.76651773111,0,1
1370986560000,1370986619999,79947.76651773111,79947.76651773111,79947.76651773111,79947.76651773111,0,1
1370986620000,1370986679999,79947.76651773111,79947.76651773111,79947.76651773111,79947.76651773111,0,1
1370986680000,1370986739999,79947.76651773111,79947.76651773111,79947.76651773111,79947.76651773111,0,1
1370986740000,1370986799999,79947.76651773111,79947.76651773111,79947.76651773111,79947.76651773111,0,1
1370986800000,1370986859999,79947.76651773111,79947.76651773111,79947.76651773111,79947.76651773111,0,1
1370986860000,1370986919999,79947.76651773111,79947.76651773111,79947.76651773111,79947.76651773111,0,1
1370986920000,1370986979999,79947.76651773111,79947.76651773111,79947.76651773111,79947.76651773111,0,1
1370986980000,1370987039999,79947.76651773111,79947.76651773111,79947.76651773111,79947.76651773111,0,1
1370987040000,1370987099999,79947.76651773111,79947.76651773111,79947.76651773111,79947.76651773111,0,1
1370987100000,1370987159999,79947.76651773111,79947.76651773111,79947.76651773111,79947.76651773111,0,1
1370987160000,1370987219999,79947.76651773111,79947.76651773111,79947.76651773111,79947.76651773111,0,1
1370987220000,1370987279999,79947.76651773111,79947.76651773111,79947.76651773111,79947.76651773111,0,1
1370987280000,1370987339999,79947.76651773111,79947.76651773111,79947.76651773111,79947.76651773111,0,1
1370987340000,1370987399999,79947.76651773111,79947.76651773111,79947.76651773111,79947.76651773111,0,1
1370987400000,1370987459999,79947.76651773111,79947.76651773111,79947.76651773111,79947.76651773111,0,1
1370987460000,1370987519999,79947.76651773111,79947.76651773111,79947.76651773111,79947.76651773111,0,1
1370987520000,1370987579999,79947.76651773111,79947.76651773111,79947.76651773111,79947.76651773111,0,1
1370987580000,1370987639999,79947.76651773111,79947.76651773111,79947.76651773111,79947.76651773111,0,1
1370987640000,1370987699999,79947.76651773111,79947.76651773111,79947.76651773111,79947.76651773111,0,1
1370987700000,1370987759999,79947.76651773111,79947.76651773111,79947.76651773111,79947.76651773111,0,1
1370987760000,1370987819999,79947.76651773111,79947.76651773111,79947.76651773111,79947.76651773111,0,1
1370987820000,1370987879999,79947.76651773111,79947.76651773111,79947.76651773111,79947.76651773111,0,1
1370987880000,1370987939999,79947.76651773111,79947.76651773111,79947.76651773111,79947.76651773111,0,1
1370987940000,1370987999999,79947.76651773111,79947.76651773111,79947.76651773111,79947.76651773111,0,1
1370988000000,1370988059999,79945.7429963113,79948.04303385725,79944.10027032021,79947.72942352279,0,1
1370988060000,1370988119999,79948.26559006366,79948.95683154544,79947.74965674437,79947.74965674437,0,1
1370988120000,1370988179999,79947.6181400722,79948.20152136042,79944.69397656195,79945.52375690675,0,1
1370988180000,1370988239999,79944.86938302427,79945.41582189577,79943.02071411122,79943.02071411122,0,1
1370988240000,1370988299999,79942.9836022945,79943.5132760881,79942.9836022945,79943.0814422415,0,1
1370988300000,1370988359999,79943.58412204789,79944.1980993424,79943.37833001424,79943.37833001424,0,1
1370988360000,1370988419999,79943.36146162696,79945.6283178377,79943.36146162696,79945.6283178377,0,1
1370988420000,1370988479999,79945.60470740047,79946.65700419096,79945.36522695834,79946.3669590788,0,1
1370988480000,1370988539999,79946.93692347304,79947.06844910461,79946.77504339785,79947.06844910461,0,1
1370988540000,1370988599999,79946.8897087218,79946.8897087218,79946.43441218119,79946.84249374765,0,1
1370988600000,1370988659999,79946.72782788228,79946.88296373915,79946.40068568687,79946.88296373915,0,1
1370988660000,1370988719999,79947.42929259485,79947.6653513843,79946.01619561172,79946.19495160828,0,1
1370988720000,1370988779999,79946.98751045913,79946.98751045913,79946.72108279043,79946.72108279043,0,1
1370988780000,1370988839999,79947.26404812661,79947.26404812661,79944.59277912643,79944.59277912643,0,1
1370988840000,1370988899999,79944.39038118305,79945.42256786808,79944.39038118305,79945.42256786808,0,1
1370988900000,1370988959999,79945.1527254257,79947.21009015785,79945.1527254257,79947.21009015785,0,1
1370988960000,1370989019999,79946.87621875195,79947.55069495397,79946.81551366231,79946.81551366231,0,1
1370989020000,1370989079999,79945.86441914405,79945.86441914405,79944.98744333386,79945.22018671894,0,1
1370989080000,1370989139999,79944.70409624917,79945.19657531807,79943.64822034094,79944.6568709545,0,1
1370989140000,1370989199999,79944.56579297066,79944.66361743883,79944.56579297066,79944.66361743883,0,1
1370989200000,1370989259999,79944.79517297339,79944.79517297339,79944.33640770629,79944.46122092921,0,1
1370989260000,1370989319999,79944.89636836077,79944.89636836077,79944.1474982435,79944.69397656195,0,1
1370989320000,1370989379999,79944.95033881532,79944.95033881532,79943.30410889738,79943.7393066822,0,1
1370989380000,1370989439999,79943.95858521198,79944.53880674207,79942.79129340187,79942.82503207159,0,1
1370989440000,1370989499999,79942.86214447679,79943.1860287125,79942.77442402433,79942.98022848614,0,1
1370989500000,1370989559999,79943.14891750929,79943.5166497166,79943.14891750929,79943.34459321122,0,1
1370989560000,1370989619999,79943.80340398054,79943.87762139167,79943.68195611963,79943.68195611963,0,1
1370989620000,1370989679999,79943.89786240821,79944.2621937001,79943.0848160157,79943.0848160157,0,1
1370989680000,1370989739999,79943.53351784211,79943.53351784211,79943.37158266273,79943.4458032788,0,1
1370989740000,1370989799999,79943.58412204789,79943.58412204789,79943.10843240326,79943.10843240326,0,1
1370989800000,1370989859999,79943.32772476703,79943.32772476703,79943.32772476703,79943.32772476703,0,1
1370989860000,1370989919999,79943.31760368687,79943.47279245715,79943.11855369512,79943.47279245715,0,1
1370989920000,1370989979999,79943.01396651843,79943.5166497166,79942.05576211178,79942.23458891684,0,1
1370989980000,1370990039999,79942.48089229951,79942.48089229951,79941.06372138194,79941.27630982338,0,1
1370990040000,1370990099999,79941.65085941489,79941.7892030135,79941.34042291078,79941.7892030135,0,1
1370990100000,1370990159999,79941.49226805707,79941.59687114992,79939.62272503342,79939.62272503342,0,1
1370990160000,1370990219999,79939.67672395748,79939.8555933108,79938.38066929457,79939.70034839507,0,1
1370990220000,1370990279999,79939.58560060397,79939.8960915881,79938.82620703169,79938.82620703169,0,1
1370990280000,1370990339999,79939.06584411989,79939.06584411989,79938.63381817126,79938.63381817126,0,1
1370990340000,1370990399999,79939.11309582567,79939.81171999198,79938.819456608,79939.81171999198,0,1
1370990400000,1370990459999,79938.72495019811,79939.64634959857,79938.40767214674,79939.57547573565,0,1
1370990460000,1370990519999,79939.34260093504,79939.34260093504,79938.32328799157,79938.60681592974,0,1
1370990520000,1370990579999,79938.7722035147,79939.68009888055,79938.25915555743,79939.68009888055,0,1
1370990580000,1370990639999,79938.99834129574,79940.01421062679,79938.99834129574,79940.01421062679,0,1
1370990640000,1370990699999,79939.75097200197,79939.99733656383,79939.75097200197,79939.99733656383,0,1
1370990700000,1370990759999,79940.0817065939,79941.24256592807,79939.7610966926,79941.14133355896,0,1
1370990760000,1370990819999,79941.09746588075,79941.137959129,79940.95911271201,79940.95911271201,0,1
1370990820000,1370990879999,79941.43490460613,79941.43490460613,79941.43490460613,79941.43490460613,0,1
1370990880000,1370990939999,79941.38428952321,79941.51588820593,79941.07721919513,79941.24594032274,0,1
1370990940000,1370990999999,79941.09746588075,79942.79129340187,79941.09746588075,79942.58548505162,0,1
1370991000000,1370991059999,79942.87226601795,79943.10843240326,79941.07721919513,79943.03758307328,0,1
1370991060000,1370991119999,79943.03758307328,79943.03758307328,79943.03758307328,79943.03758307328,0,1
1370991120000,1370991179999,79943.1927761892,79943.41544036608,79942.82165820974,79942.82165820974,0,1
1370991180000,1370991239999,79942.93974269717,79943.2501295573,79942.63609405505,79943.15229126072,0,1
1370991240000,1370991299999,79943.26025070576,79943.26025070576,79942.77442402433,79942.79466727396,0,1
1370991300000,1370991359999,79943.0038451207,79943.38845103294,79941.94778966228,79941.94778966228,0,1
1370991360000,1370991419999,79943.1219274568,79943.2433821193,79942.8351536503,79943.2433821193,0,1
1370991420000,1370991479999,79943.62123163605,79943.93159734471,79941.69472466556,79942.08275504199,0,1
1370991480000,1370991539999,79942.23458891684,79942.3189400734,79941.33367418409,79941.33367418409,0,1
1370991540000,1370991599999,79941.90729969318,79941.99502775239,79941.37416647587,79941.6339881134,0,1
1370991600000,1370991659999,79941.61711678344,79941.61711678344,79941.61711678344,79941.61711678344,0,1
1370991660000,1370991719999,79941.86006118866,79942.05238799038,79941.65085941489,79941.65085941489,0,1
1370991720000,1370991779999,79941.69809890764,79942.13674068383,79941.65423367177,79941.65423367177,0,1
1370991780000,1370991839999,79941.80269984748,79942.80141501474,79941.70484738839,79941.83306765732,0,1
1370991840000,1370991899999,79942.19072603423,79942.19072603423,79941.48551943287,79941.48551943287,0,1
1370991900000,1370991959999,79941.83644185273,79941.83644185273,79941.83644185273,79941.83644185273,0,1
1370991960000,1370992019999,79941.88368046882,79941.88368046882,79941.88368046882,79941.88368046882,0,1
1370992020000,1370992079999,79941.37754082613,79941.37754082613,79941.37754082613,79941.37754082613,0,1
1370992080000,1370992139999,79941.3977869037,79943.40194570863,79941.3977869037,79942.97348086603,0,1
1370992140000,1370992199999,79943.83713923571,79943.83713923571,79942.97010705427,79942.97010705427,0,1
1370992200000,1370992259999,79942.9869761017,79943.61785804282,79942.92287357005,79942.92287357005,0,1
1370992260000,1370992319999,79943.12530121735,79943.12530121735,79942.24471109318,79942.59898081092,0,1
1370992320000,1370992379999,79942.30881797217,79942.94311651918,79942.30881797217,79942.94311651918,0,1
1370992380000,1370992439999,79942.96335942733,79943.00721892106,79942.6968245211,79942.86551832498,0,1
1370992440000,1370992499999,79943.15229126072,79943.15229126072,79942.80141501474,79942.82503207159,0,1
1370992500000,1370992559999,79943.0848160157,79943.50315519572,79942.91612591123,79943.42893500533,0,1
1370992560000,1370992619999,79944.22171310092,79944.22171310092,79943.71906534472,79944.10364375068,0,1
1370992620000,1370992679999,79943.94171780346,79943.94171780346,79943.94171780346,79943.94171780346,0,1
1370992680000,1370992739999,79943.91135639646,79943.91135639646,79943.91135639646,79943.91135639646,0,1
1370992740000,1370992799999,79943.17928123125,79944.04966872628,79943.17928123125,79944.04966872628,0,1
1370992800000,1370992859999,79944.28243393822,79944.28243393822,79943.95183825199,79943.95183825199,0,1
1370992860000,1370992919999,79943.59761645952,79943.59761645952,79943.04433065014,79943.53351784211,0,1
1370992920000,1370992979999,79943.37158266273,79943.56725400775,79943.37158266273,79943.56725400775,0,1
1370992980000,1370993039999,79943.17590748893,79943.83376571532,79943.17590748893,79943.83376571532,0,1
1370993040000,1370993099999,79943.71231822313,79943.92485036651,79943.34121952466,79943.34121952466,0,1
1370993100000,1370993159999,79943.7899098466,79944.8491439741,79943.44242962639,79944.8491439741,0,1
1370993160000,1370993219999,79944.70072302125,79945.23367892297,79944.63663147422,79944.63663147422,0,1
1370993220000,1370993279999,79944.90648784318,79944.90648784318,79944.39375451568,79944.39375451568,0,1
1370993280000,1370993339999,79944.66699067928,79945.83406357409,79944.50844714786,79944.72433559291,0,1
1370993340000,1370993399999,79943.90123590697,79944.11376403534,79943.69882396629,79943.69882396629,0,1
1370993400000,1370993459999,79943.87762139167,79944.65349771063,79943.87762139167,79944.65349771063,0,1
1370993460000,1370993519999,79944.37688784118,79944.77493377303,79944.37688784118,79944.4747141573,0,1
1370993520000,1370993579999,79944.60289891607,79944.60289891607,79944.38700784929,79944.38700784929,0,1
1370993580000,1370993639999,79944.89974152272,79945.26740935342,79944.89974152272,79945.26740935342,0,1
1370993640000,1370993699999,79945.29102058704,79946.56257182224,79945.29102058704,79946.56257182224,0,1
1370993700000,1370993759999,79946.59629777058,79947.31800580423,79946.59629777058,79947.12240783764,0,1
1370993760000,1370993819999,79947.27079285224,79948.49825716543,79946.67723958252,79948.49825716543,0,1
1370993820000,1370993879999,79948.63987796831,79948.8455617531,79947.49673853187,79947.49673853187,0,1
1370993880000,1370993939999,79948.36675033829,79948.55558011297,79947.91826533235,79948.55558011297,0,1
1370993940000,1370993999999,79948.52860464918,79948.52860464918,79946.33323235698,79946.97064815887,0,1
1370994000000,1370994059999,79946.63002360518,79946.77167086842,79946.63002360518,79946.77167086842,0,1
1370994060000,1370994119999,79946.50523744902,79946.50523744902,79946.50523744902,79946.50523744902,0,1
1370994120000,1370994179999,79946.3871950573,79947.14938709498,79946.3871950573,79947.0347247486,0,1
1370994180000,1370994239999,79946.79865107202,79947.46301562023,79946.67723958252,79946.67723958252,0,1
1370994240000,1370994299999,79946.81888617697,79947.45627102425,79946.81551366231,79946.81551366231,0,1
1370994300000,1370994359999,79947.01786252797,79947.31800580423,79945.65867403222,79947.30788876186,0,1
1370994360000,1370994419999,79947.6417457561,79947.6417457561,79946.51872791935,79946.74131805234,0,1
1370994420000,1370994479999,79945.4529246872,79946.93692347304,79945.4529246872,79946.85261126088,0,1
1370994480000,1370994539999,79946.78516097931,79947.30451641213,79945.4765354828,79945.95885810579,0,1
1370994540000,1370994599999,79945.6148261661,79947.89128814933,79945.30451269551,79947.03809718933,0,1
1370994600000,1370994659999,79946.99088291578,79947.91152104342,79946.37370440952,79946.74469059201,0,1
1370994660000,1370994719999,79946.94704089074,79946.94704089074,79946.33660503429,79946.7885335042,0,1
1370994720000,1370994779999,79946.49849220703,79947.30451641213,79946.49849220703,79947.08868366362,0,1
1370994780000,1370994839999,79947.04821450466,79947.58778982528,79946.4512753857,79947.36184620293,0,1
1370994840000,1370994899999,79946.64688647981,79947.15613189794,79946.64688647981,79946.90319867348,0,1
1370994900000,1370994959999,79947.24381392245,79948.14756844984,79946.80539611155,79947.03135230675,0,1
1370994960000,1370995019999,79947.46301562023,79948.56569589314,79947.14938709498,79947.14938709498,0,1
1370995020000,1370995079999,79947.02797986376,79947.52034450237,79947.02797986376,79947.52034450237,0,1
1370995080000,1370995139999,79947.04484206735,79948.46790958958,79947.04484206735,79947.32812283639,0,1
1370995140000,1370995199999,79948.2521019497,79948.60615891145,79947.8845438422,79948.16105670478,0,1
1370995200000,1370995259999,79948.60615891145,79948.78486861727,79948.17454494152,79948.51174494736,0,1
1370995260000,1370995319999,79948.11384773292,79948.1307081056,79946.33997771045,79947.79349525073,0,1
1370995320000,1370995379999,79947.3584738714,79948.55895204082,79946.6131607021,79947.1257802488,0,1
1370995380000,1370995439999,79947.03809718933,79947.45289872456,79946.80876862962,79947.01449008042,0,1
1370995440000,1370995499999,79947.1898558445,79947.36184620293,79946.73794551153,79947.10891818168,0,1
1370995500000,1370995559999,79946.91331612528,79948.10035941431,79946.91331612528,79947.51697222429,0,1
1370995560000,1370995619999,79947.22695205436,79947.32812283639,79946.58617999802,79946.83237622418,0,1
1370995620000,1370995679999,79946.84586625319,79946.84586625319,79946.68735726296,79946.68735726296,0,1
1370995680000,1370995739999,79946.69747493314,79947.30451641213,79946.37707707316,79947.14264228746,0,1
1370995740000,1370995799999,79946.76829833785,79949.74917153995,79946.76829833785,79949.69185543404,0,1
1370995800000,1370995859999,79949.70534160617,79950.04923285024,79948.80172785862,79949.91774641805,0,1
1370995860000,1370995919999,79949.43898633913,79949.97506122926,79949.43898633913,79949.69185543404,0,1
1370995920000,1370995979999,79949.11193282658,79949.11193282658,79947.42929259485,79948.17117288405,0,1
1370995980000,1370996039999,79948.08349899045,79949.10181759896,79947.1831110643,79948.56569589314,0,1
1370996040000,1370996099999,79948.91974175222,79950.32905719476,79948.91974175222,79949.64802524903,0,1
1370996100000,1370996159999,79950.23803085762,79951.50558231736,79950.22454540388,79951.50558231736,0,1
1370996160000,1370996219999,79952.048287941,79952.048287941,79951.48872763388,79951.6876110887,0,1
1370996220000,1370996279999,79951.44490532392,79951.75502831131,79951.39434088148,79951.49884044738,0,1
1370996280000,1370996339999,79951.85952410813,79953.54141911905,79951.85952410813,79953.54141911905,0,1
1370996340000,1370996399999,79953.7166704615,79953.73015120678,79952.05840018862,79952.56062895528,0,1
1370996400000,1370996459999,79952.5471466333,79953.2448329272,79952.08536613232,79952.72241540122,0,1
1370996460000,1370996519999,79953.36279439795,79953.36279439795,79951.47187292202,79953.24820327424,0,1
1370996520000,1370996579999,79952.91116294666,79954.31317605104,79952.91116294666,79953.82451591491,0,1
1370996580000,1370996639999,79954.01998283484,79955.31064262158,79954.01998283484,79955.26346739019,0,1
1370996640000,1370996699999,79954.96693226827,79956.05193846095,79954.87931793579,79955.21629193626,0,1
1370996700000,1370996759999,79955.21966161892,79955.2937943502,79954.81529159198,79954.81529159198,0,1
1370996760000,1370996819999,79955.16237685924,79955.88346695909,79954.9972601276,79955.74194870408,0,1
1370996820000,1370996879999,79955.79923014379,79955.86998911631,79954.97704156494,79954.97704156494,0,1
1370996880000,1370996939999,79955.49260214367,79957.71965320878,79955.19944350592,79956.90099163241,0,1
1370996940000,1370996999999,79957.04923161947,79957.1065055714,79955.72510115935,79955.72510115935,0,1
1370997000000,1370997059999,79955.58358066314,79956.16986682352,79954.89953669603,79955.62738484028,0,1
1370997060000,1370997119999,79955.62064574858,79956.84371650341,79953.82451591491,79953.82451591491,0,1
1370997120000,1370997179999,79954.13456511502,79955.65771069664,79954.13456511502,79955.28368537375,0,1
1370997180000,1370997239999,79955.27357638707,79957.25811150782,79955.27357638707,79955.58021110311,0,1
1370997240000,1370997299999,79956.09910997287,79956.09910997287,79954.11434480804,79954.11434480804,0,1
1370997300000,1370997359999,79954.40416530134,79954.40416530134,79952.3449096223,79953.08979573513,0,1
1370997360000,1370997419999,79952.91790386454,79955.06128530635,79952.68196903513,79955.06128530635,0,1
1370997420000,1370997479999,79954.91975541541,79954.91975541541,79953.72678102215,79954.24240606176,0,1
1370997480000,1370997539999,79953.89191873268,79954.9601927315,79953.79755466059,79954.29632609902,0,1
1370997540000,1370997599999,79954.17500560633,79954.70408696789,79953.31898029982,79954.49852364941,0,1
1370997600000,1370997659999,79955.2297706601,79957.1065055714,79955.2297706601,79956.86393129228,0,1
1370997660000,1370997719999,79956.61124349428,79957.12335078894,79956.48321257278,79956.92794452078,0,1
1370997720000,1370997779999,79955.68129741025,79955.79249116791,79954.96693226827,79954.96693226827,0,1
1370997780000,1370997839999,79954.42101507165,79955.34433907917,79953.9626912024,79953.9626912024,0,1
1370997840000,1370997899999,79954.28958611026,79955.99128904725,79954.13793516222,79955.4791237741,0,1
1370997900000,1370997959999,79955.71162310314,79956.76622610085,79955.43868855637,79955.43868855637,0,1
1370997960000,1370998019999,79956.80665595102,79957.22105249116,79955.47575417887,79956.05530786204,0,1
1370998020000,1370998079999,79955.71836213351,79955.71836213351,79955.10846149153,79955.10846149153,0,1
1370998080000,1370998139999,79954.99052061126,79955.04780635542,79953.91887973259,79954.22892600702,0,1
1370998140000,1370998199999,79954.0166127479,79954.08738433513,79953.39649741973,79953.95595098878,0,1
1370998200000,1370998259999,79953.32235062188,79953.36279439795,79952.18648777356,79952.18648777356,0,1
1370998260000,1370998319999,79952.43928740307,79953.2886473502,79952.12918563574,79953.2886473502,0,1
1370998320000,1370998379999,79953.20775903472,79953.31560997662,79952.12581491153,79952.12581491153,0,1
1370998380000,1370998439999,79952.69545117533,79953.4571625727,79951.46850197624,79952.47973475074,0,1
1370998440000,1370998499999,79952.73926800548,79952.73926800548,79951.7314323351,79952.48310535567,0,1
1370998500000,1370998559999,79952.5943346807,79953.96943141149,79952.5943346807,79953.52119761266,0,1
1370998560000,1370998619999,79953.13361083741,79953.13361083741,79951.63704787348,79951.63704787348,0,1
1370998620000,1370998679999,79951.4314214976,79951.99098501125,79951.3875989365,79951.3875989365,0,1
1370998680000,1370998739999,79951.24938806277,79951.57300076717,79950.53470623915,79951.39434088148,0,1
1370998740000,1370998799999,79950.45379564435,79950.75720699938,79950.45379564435,79950.49425102359,0,1
1370998800000,1370998859999,79950.74372224575,79952.8943106321,79950.74372224575,79952.87408781712,0,1
1370998860000,1370998919999,79953.39312712266,79953.39312712266,79952.43928740307,79953.16057388186,0,1
1370998920000,1370998979999,79953.26505499244,79953.3021286725,79951.90334460119,79951.94716490223,0,1
1370998980000,1370999039999,79951.89660299938,79952.27412570218,79951.59996801981,79951.86626573495,0,1
1370999040000,1370999099999,79951.01004276318,79951.01004276318,79949.75254306536,79949.75591458964,0,1
1370999100000,1370999159999,79950.10991831278,79950.10991831278,79947.67209583925,79947.72267910647,0,1
1370999160000,1370999219999,79948.56906781757,79948.56906781757,79946.73120042651,79946.83574873314,0,1
1370999220000,1370999279999,79947.32475049347,79947.32475049347,79945.46304360642,79945.46304360642,0,1
1370999280000,1370999339999,79945.904893094,79945.904893094,79944.70746947598,79945.17296386146,0,1
1370999340000,1370999399999,79945.42594085254,79948.56906781757,79945.42594085254,79946.3197416364,0,1
1370999400000,1370999459999,79946.65025905134,79947.20334539129,79945.10550224964,79947.20334539129,0,1
1370999460000,1370999519999,79947.32137814943,79948.59267125686,79947.00437273097,79948.4409338893,0,1
1370999520000,1370999579999,79948.7545219112,79948.7545219112,79945.0785174775,79947.57430079709,0,1
1370999580000,1370999639999,79947.34835686996,79948.07675481297,79946.20506977668,79946.20506977668,0,1
1370999640000,1370999699999,79946.77167086842,79947.36521853333,79945.75648780997,79946.64688647981,0,1
1370999700000,1370999759999,79946.54570880541,79946.64688647981,79945.31463176491,79946.01956839596,0,1
1370999760000,1370999819999,79946.47488382422,79948.63987796831,79946.10388763195,79948.07001063092,0,1
1370999820000,1370999879999,79948.05989434932,79950.36277044268,79948.05989434932,79950.36277044268,0,1
1370999880000,1370999939999,79949.41538489735,79949.41538489735,79947.76988992505,79949.15913708681,0,1
1370999940000,1370999999999,79948.70394386312,79949.98854701944,79948.70394386312,79949.48956066967,0,1
1371000000000,1371000059999,79950.45042435537,79953.66274729863,79950.13014671845,79953.66274729863,0,1
1371000060000,1371000119999,79954.10760469663,79955.068024775,79951.15162799867,79953.78744417148,0,1
1371000120000,1371000179999,79954.06042378953,79954.16826553582,79953.18753685361,79954.16152546075,0,1
1371000180000,1371000239999,79953.83462636654,79954.5490723982,79953.79755466059,79954.5490723982,0,1
1371000240000,1371000299999,79954.94334386966,79956.19345232914,79954.94334386966,79955.12531007516,0,1
1371000300000,1371000359999,79955.51281966397,79957.23452851312,79955.45216698045,79956.78644104637,0,1
1371000360000,1371000419999,79956.9616355291,79956.99532642389,79956.26083918156,79956.56744362666,0,1
1371000420000,1371000479999,79957.35581189342,79957.8240866967,79955.60042844628,79956.91783719615,0,1
1371000480000,1371000539999,79957.44003559764,79957.44003559764,79956.81002509782,79957.34233603491,0,1
1371000540000,1371000599999,79957.25811150782,79957.62532525002,79956.4562584857,79957.022279058,0,1
1371000600000,1371000659999,79956.58092052942,79957.00206458924,79954.7546346776,79954.7546346776,0,1
1371000660000,1371000719999,79955.26009772229,79956.3282255799,79955.26009772229,79955.49597173322,0,1
1371000720000,1371000779999,79955.66444976335,79956.97511190063,79955.66444976335,79956.7426419461,0,1
1371000780000,1371000839999,79956.99532642389,79957.13008886803,79956.86730041979,79957.13008886803,0,1
1371000840000,1371000899999,79957.09639842725,79957.09639842725,79956.59439741404,79957.02901720519,0,1
1371000900000,1371000959999,79956.4326735999,79957.022279058,79956.30800970807,79956.78307189162,0,1
1371000960000,1371001019999,79956.78981019997,79956.79317935245,79956.78981019997,79956.79317935245,0,1
1371001020000,1371001079999,79956.42256577467,79956.42256577467,79954.798442486,79954.798442486,0,1
1371001080000,1371001139999,79955.35781763041,79955.90705314021,79953.56501082481,79953.77059333358,0,1
1371001140000,1371001199999,79953.42683004221,79954.01324265983,79953.42683004221,79953.88180833898,0,1
1371001200000,1371001259999,79953.65263667323,79954.0637938617,79953.50097606539,79953.50097606539,0,1
1371001260000,1371001319999,79953.99976229617,79956.96500462368,79953.99976229617,79956.47310479864,0,1
1371001320000,1371001379999,79956.72579608722,79958.43382174007,79956.4461506843,79958.34623777735,0,1
1371001380000,1371001439999,79958.23507241231,79958.29907686432,79957.17725529442,79958.29907686432,0,1
1371001440000,1371001499999,79958.1609614824,79958.70667455265,79958.07000640864,79958.34960640549,0,1
1371001500000,1371001559999,79958.7403595688,79960.4278336481,79958.7403595688,79958.86162468734,0,1
1371001560000,1371001619999,79958.95257256125,79959.12436073297,79958.39002985459,79958.67298942307,0,1
1371001620000,1371001679999,79958.35971228308,79960.34700305991,79958.35971228308,79959.55887058319,0,1
1371001680000,1371001739999,79959.27593608081,79959.36014361467,79959.06709833696,79959.36014361467,0,1
1371001740000,1371001799999,79960.34700305991,79960.79829881767,79959.95294458597,79960.19881195131,0,1
1371001800000,1371001859999,79960.26280383578,79960.26280383578,79957.12335078894,79957.12335078894,0,1
1371001860000,1371001919999,79957.41645303197,79957.41645303197,79956.58765897401,79956.70221183712,0,1
1371001920000,1371001979999,79955.92053093303,79956.70558101911,79954.76137435292,79956.43604287271,0,1
1371001980000,1371002039999,79956.6078742805,79956.6078742805,79955.11857064512,79955.11857064512,0,1
1371002040000,1371002099999,79955.29716400674,79955.29716400674,79953.81777560814,79953.83125621713,0,1
1371002100000,1371002159999,79954.38731550264,79954.98041132822,79953.33583189874,79953.99639220242,0,1
1371002160000,1371002219999,79953.35942408952,79953.5919727061,79952.1999705818,79952.31120305616,0,1
1371002220000,1371002279999,79952.71230382503,79952.71230382503,79951.72806147681,79951.79884926228,0,1
1371002280000,1371002339999,79953.15383312757,79954.97367180052,79952.03143417221,79954.6299498648,0,1
1371002340000,1371002399999,79954.882687732,79955.0309576412,79954.43449486746,79955.0309576412,0,1
1371002400000,1371002459999,79954.63331974504,79955.03769713029,79954.42775497182,79954.42775497182,0,1
1371002460000,1371002519999,79954.42775497182,79954.42775497182,79954.42775497182,79954.42775497182,0,1
1371002520000,1371002579999,79954.76137435292,79957.3086463092,79954.76137435292,79956.84708563772,0,1
1371002580000,1371002639999,79956.83360909365,79957.40634620107,79955.47575417887,79955.47575417887,0,1
1371002640000,1371002699999,79955.9744419226,79956.19345232914,79955.63412392742,79955.63412392742,0,1
1371002700000,1371002759999,79955.70151454907,79955.70151454907,79955.63412392742,79955.64086301002,0,1
1371002760000,1371002819999,79956.57081285404,79957.6960713025,79956.57081285404,79957.6960713025,0,1
1371002820000,1371002879999,79957.55794759183,79958.79425535859,79957.55794759183,79957.93188786284,0,1
1371002880000,1371002939999,79957.85103709718,79959.1209923658,79957.85103709718,79958.32939461966,0,1
1371002940000,1371002999999,79958.2754963244,79959.10751888582,79957.23452851312,79957.23452851312,0,1
1371003000000,1371003059999,79957.13008886803,79957.37602564711,79956.86056216364,79957.08966032547,0,1
1371003060000,1371003119999,79958.7033060448,79959.04688800126,79958.1306432164,79958.59888173852,0,1
1371003120000,1371003179999,79958.18117360865,79958.2754963244,79957.93862539713,79957.93862539713,0,1
1371003180000,1371003239999,79957.82745550072,79958.43382174007,79957.55120980105,79957.98578801012,0,1
1371003240000,1371003299999,79958.40350430131,79958.40350430131,79956.38213437161,79956.7392727766,0,1
1371003300000,1371003359999,79956.66178156468,79956.91446808568,79955.94748646415,79956.66851995478,0,1
1371003360000,1371003419999,79956.50005884032,79956.87740779549,79956.30464039213,79956.72242691203,0,1
1371003420000,1371003479999,79957.10313652449,79957.10313652449,79956.15975873265,79957.02901720519,0,1
1371003480000,1371003539999,79956.72242691203,79956.74601111448,79956.13954252025,79956.13954252025,0,1
1371003540000,1371003599999,79956.34844141084,79956.65504317006,79955.92053093303,79955.9677030648,0,1
1371003600000,1371003659999,79956.63819716361,79956.65167397104,79955.1286797885,79955.1286797885,0,1
1371003660000,1371003719999,79954.89953669603,79955.03769713029,79954.89953669603,79954.93997409388,0,1
1371003720000,1371003779999,79954.93323453894,79955.39825317515,79954.93323453894,79955.39825317515,0,1
1371003780000,1371003839999,79955.36455689922,79955.36455689922,79953.38975682446,79953.50097606539,0,1
1371003840000,1371003899999,79954.05705371621,79956.47310479864,79954.05705371621,79956.14291189183,0,1
1371003900000,1371003959999,79956.62808954612,79957.7668168545,79956.62808954612,79957.7668168545,0,1
1371003960000,1371004019999,79957.63880072717,79958.56182769031,79957.63880072717,79958.56182769031,0,1
1371004020000,1371004079999,79958.73699107228,79958.92899356225,79956.96837371713,79956.96837371713,0,1
1371004080000,1371004139999,79956.73590360595,79957.723022048,79956.73590360595,79957.68259590253,0,1
1371004140000,1371004199999,79957.59500536001,79957.63543185958,79955.6543411616,79955.6543411616,0,1
1371004200000,1371004259999,79956.19345232914,79956.19345232914,79955.19944350592,79955.55325458194,0,1
1371004260000,1371004319999,79955.24661903933,79955.29042469252,79954.0637938617,79955.16237685924,0,1
1371004320000,1371004379999,79955.24661903933,79957.022279058,79954.63331974504,79956.77970273573,0,1
1371004380000,1371004439999,79957.73986622704,79957.77355450002,79957.23115950932,79957.34570500124,0,1
1371004440000,1371004499999,79957.2109454628,79957.2109454628,79957.2109454628,79957.2109454628,0,1
1371004500000,1371004559999,79957.5242585925,79957.97568175463,79957.30527733038,79957.30527733038,0,1
1371004560000,1371004619999,79958.10369356944,79958.10369356944,79957.17388627134,79957.17388627134,0,1
1371004620000,1371004679999,79958.42371593736,79959.06036156294,79958.41361012444,79958.41361012444,0,1
1371004680000,1371004739999,79958.89530918153,79959.15130762939,79958.2754963244,79958.39339846798,0,1
1371004740000,1371004799999,79958.71004305939,79958.95594098514,79958.53824776996,79958.625830051,0,1
1371004800000,1371004859999,79958.78751840074,79959.12436073297,79958.32939461966,79958.71341156497,0,1
1371004860000,1371004919999,79958.31928871143,79958.31928871143,79957.150303078,79957.150303078,0,1
1371004920000,1371004979999,79957.16714822178,79957.38613250865,79956.92794452078,79956.92794452078,0,1
1371004980000,1371005039999,79957.11661270533,79957.11661270533,79955.74194870408,79955.90368368916,0,1
1371005040000,1371005099999,79955.69477550733,79956.7594877766,79955.25672805325,79955.54651544032,0,1
1371005100000,1371005159999,79956.54385900308,79957.4332977274,79956.54385900308,79956.89088428054,0,1
1371005160000,1371005219999,79956.69210428435,79957.06944599291,79956.57418208031,79956.57418208031,0,1
1371005220000,1371005279999,79956.65504317006,79956.82350167367,79956.50679733937,79956.82350167367,0,1
1371005280000,1371005339999,79956.84708563772,79957.38613250865,79956.84708563772,79956.95826643336,0,1
1371005340000,1371005399999,79956.8504547709,79957.06270787297,79956.68536591013,79956.68536591013,0,1
1371005400000,1371005459999,79957.05596974849,79957.47035595751,79956.9212063055,79957.47035595751,0,1
1371005460000,1371005519999,79957.41645303197,79957.41645303197,79957.26148050252,79957.26148050252,0,1
1371005520000,1371005579999,79957.16041016768,79957.59837424122,79957.16041016768,79957.31538426342,0,1
1371005580000,1371005639999,79957.73312855883,79957.73312855883,79956.67862753141,79956.67862753141,0,1
1371005640000,1371005699999,79955.6037979995,79957.06944599291,79955.6037979995,79956.06204666081,0,1
1371005700000,1371005759999,79955.7149926189,79956.058677262,79955.46564538636,79956.058677262,0,1
1371005760000,1371005819999,79955.49260214367,79955.7385791974,79955.02084839904,79955.49260214367,0,1
1371005820000,1371005879999,79955.9778113498,79955.9778113498,79953.25494396493,79953.3695350114,0,1
1371005880000,1371005939999,79953.46727339574,79954.68386781246,79953.46727339574,79954.07053400265,0,1
1371005940000,1371005999999,79953.81777560814,79954.70745682315,79953.81777560814,79954.28284611697,0,1
1371006000000,1371006059999,79954.35698579342,79954.35698579342,79953.84473680795,79954.18848573377,0,1
1371006060000,1371006119999,79953.74363193389,79954.80181230947,79953.74363193389,79954.80181230947,0,1
1371006120000,1371006179999,79954.93323453894,79954.94334386966,79954.83551048169,79954.94334386966,0,1
1371006180000,1371006239999,79955.03432738631,79955.24998871177,79953.84136666196,79954.28958611026,0,1
1371006240000,1371006299999,79954.30643607365,79954.30643607365,79953.84136666196,79954.07727413904,0,1
1371006300000,1371006359999,79953.76385299047,79955.1152009284,79953.49086527641,79955.1152009284,0,1
1371006360000,1371006419999,79954.85909913466,79954.86583873958,79954.85909913466,79954.86583873958,0,1
1371006420000,1371006479999,79954.7681140237,79956.00476672653,79954.7681140237,79956.00476672653,0,1
1371006480000,1371006539999,79955.70151454907,79955.70151454907,79955.70151454907,79955.70151454907,0,1
1371006540000,1371006599999,79955.47238458249,79956.7426419461,79955.47238458249,79956.7426419461,0,1
1371006600000,1371006659999,79956.29453243749,79956.29453243749,79956.29453243749,79956.29453243749,0,1
1371006660000,1371006719999,79956.49668958908,79956.53375129023,79956.49668958908,79956.53375129023,0,1
1371006720000,1371006779999,79956.7392727766,79956.7392727766,79956.25073118266,79956.30464039213,0,1
1371006780000,1371006839999,79956.15301999972,79956.50005884032,79956.15301999972,79956.23388449509,0,1
1371006840000,1371006899999,79956.19008297462,79956.19008297462,79956.19008297462,79956.19008297462,0,1
1371006900000,1371006959999,79956.3720264953,79956.3720264953,79956.3720264953,79956.3720264953,0,1
1371006960000,1371007019999,79955.55662415107,79955.55662415107,79955.55662415107,79955.55662415107,0,1
1371007020000,1371007079999,79956.04183025088,79956.28779379539,79955.44205816409,79955.44205816409,0,1
1371007080000,1371007139999,79955.34770871869,79955.667819295,79955.1421586304,79955.26683705696,0,1
1371007140000,1371007199999,79955.36792653192,79955.47238458249,79954.91301584682,79955.47238458249,0,1
1371007200000,1371007259999,79955.57347197963,79955.57347197963,79955.35781763041,79955.35781763041,0,1
1371007260000,1371007319999,79955.62738484028,79955.88009750009,79955.51955882832,79955.51955882832,0,1
1371007320000,1371007379999,79956.02835262155,79956.39561152413,79955.46564538636,79956.17323618487,0,1
1371007380000,1371007439999,79956.28779379539,79956.28779379539,79956.28779379539,79956.28779379539,0,1
1371007440000,1371007499999,79956.13954252025,79956.71905773573,79956.13954252025,79956.71905773573,0,1
1371007500000,1371007559999,79956.35854931099,79956.9818500796,79956.35854931099,79956.4528892197,0,1
1371007560000,1371007619999,79956.4528892197,79956.4528892197,79956.4528892197,79956.4528892197,0,1
1371007620000,1371007679999,79956.66851995478,79956.66851995478,79956.47310479864,79956.56407439812,0,1
1371007680000,1371007739999,79956.63482795891,79956.63482795891,79956.63482795891,79956.63482795891,0,1
1371007740000,1371007799999,79956.63482795891,79956.63482795891,79956.63482795891,79956.63482795891,0,1
1371007800000,1371007859999,79956.50679733937,79957.00543367019,79956.47984331587,79957.00543367019,0,1
1371007860000,1371007919999,79956.45962775056,79956.45962775056,79956.45962775056,79956.45962775056,0,1
1371007920000,1371007979999,79956.10584874211,79956.10584874211,79954.0637938617,79954.0637938617,0,1
1371007980000,1371008039999,79953.99639220242,79953.99639220242,79953.07968453041,79953.26842533267,0,1
1371008040000,1371008099999,79953.36279439795,79953.67959831825,79952.99542409353,79953.57849177453,0,1
1371008100000,1371008159999,79953.98291181603,79953.98291181603,79951.73480319224,79951.76177000857,0,1
1371008160000,1371008219999,79951.60670982162,79952.80330764264,79951.60670982162,79952.80330764264,0,1
1371008220000,1371008279999,79952.56737010945,79953.22124046607,79952.2505309508,79953.02238751057,0,1
1371008280000,1371008339999,79952.93138568666,79955.26346739019,79952.93138568666,79954.80181230947,0,1
1371008340000,1371008399999,79954.7681140237,79955.37466579392,79954.7681140237,79955.19944350592,0,1
1371008400000,1371008459999,79954.99052061126,79954.99052061126,79954.99052061126,79954.99052061126,0,1
1371008460000,1371008519999,79955.08150369868,79955.39488355267,79954.78496318078,79954.78496318078,0,1
1371008520000,1371008579999,79955.42184050073,79956.5910281946,79955.32749086457,79956.56070516845,0,1
1371008580000,1371008639999,79956.18671361892,79956.71905773573,79956.16986682352,79956.71905773573,0,1
1371008640000,1371008699999,79956.28105514875,79956.56407439812,79954.57266172685,79955.36792653192,0,1
1371008700000,1371008759999,79955.36118726539,79955.52629798814,79954.61310044653,79955.5229284088,0,1
1371008760000,1371008819999,79955.32075157078,79957.0660769335,79955.32075157078,79956.50342809042,0,1
1371008820000,1371008879999,79956.6045050656,79956.72579608722,79953.9458406598,79955.18596474119,0,1
1371008880000,1371008939999,79954.61984021724,79955.28705503371,79954.61984021724,79955.21629193626,0,1
1371008940000,1371008999999,79955.27357638707,79955.6071675516,79955.19944350592,79955.34770871869,0,1
1371009000000,1371009059999,79955.04443661484,79955.53640671933,79955.04443661484,79955.53640671933,0,1
1371009060000,1371009119999,79955.5498850117,79956.4562584857,79955.5498850117,79956.4562584857,0,1
1371009120000,1371009179999,79956.6078742805,79958.24517840565,79956.60113584955,79958.24517840565,0,1
1371009180000,1371009239999,79958.3125514336,79958.79425535859,79958.1205371073,79958.1205371073,0,1
1371009240000,1371009299999,79958.41361012444,79958.41361012444,79958.41361012444,79958.41361012444,0,1
1371009300000,1371009359999,79958.26875901705,79958.42371593736,79958.26875901705,79958.42371593736,0,1
1371009360000,1371009419999,79958.51129922147,79959.25572616718,79958.25191572888,79959.25572616718,0,1
1371009420000,1371009479999,79959.0569931742,79959.31972408692,79958.33613188614,79958.33613188614,0,1
1371009480000,1371009539999,79958.33613188614,79958.33613188614,79956.57418208031,79956.90436074743,0,1
1371009540000,1371009599999,79956.95152823851,79957.0761841083,79955.75205721728,79955.81270808192,0,1
1371009600000,1371009659999,79955.64760208808,79955.64760208808,79954.05705371621,79954.05705371621,0,1
1371009660000,1371009719999,79954.36372573675,79954.36372573675,79953.95595098878,79954.06716393275,0,1
1371009720000,1371009779999,79954.2255559905,79954.37383564323,79953.43694089593,79953.80092482135,0,1
1371009780000,1371009839999,79954.27610611913,79954.27610611913,79952.42243429327,79954.05368364177,0,1
1371009840000,1371009899999,79954.41427516694,79954.82877085633,79953.77396350344,79954.53222284366,0,1
1371009900000,1371009959999,79954.09075439822,79954.6771280849,79952.78982564785,79952.78982564785,0,1
1371009960000,1371010019999,79953.7402617538,79955.24324936575,79953.7402617538,79955.05791557032,0,1
1371010020000,1371010079999,79954.04357341162,79955.7453182096,79953.62567495549,79955.7453182096,0,1
1371010080000,1371010139999,79955.28705503371,79955.9744419226,79954.882687732,79955.73184018066,0,1
1371010140000,1371010199999,79955.47238458249,79956.58428975228,79955.0309576412,79956.58428975228,0,1
1371010200000,1371010259999,79957.03912441744,79957.03912441744,79955.85988072233,79956.80665595102,0,1
1371010260000,1371010319999,79956.77633357872,79957.44340453105,79956.77633357872,79956.87740779549,0,1
1371010320000,1371010379999,79956.9548973365,79957.29517038714,79956.82013253141,79956.97174280944,0,1
1371010380000,1371010439999,79956.67862753141,79957.5882675942,79956.67862753141,79957.5882675942,0,1
1371010440000,1371010499999,79957.57816093694,79957.60174312128,79956.9818500796,79957.17051724713,0,1
1371010500000,1371010559999,79957.14356501255,79957.44340453105,79956.17323618487,79957.44340453105,0,1
1371010560000,1371010619999,79957.3591808552,79957.42319091354,79957.28506343366,79957.28506343366,0,1
1371010620000,1371010679999,79957.20083842419,79957.28169444691,79957.20083842419,79957.28169444691,0,1
1371010680000,1371010739999,79957.13682694256,79958.83804547391,79957.13682694256,79958.37318677067,0,1
1371010740000,1371010799999,79958.33613188614,79958.91888825996,79957.150303078,79957.64890732312,0,1
1371010800000,1371010859999,79957.61521863022,79958.92899356225,79957.44003559764,79958.63593564945,0,1
1371010860000,1371010919999,79958.54835345692,79958.7572020343,79958.22833507773,79958.54498489574,0,1
1371010920000,1371010979999,79958.23170374558,79958.625830051,79958.23170374558,79958.625830051,0,1
1371010980000,1371011039999,79958.73362257464,79958.73362257464,79958.1306432164,79958.44392753254,0,1
1371011040000,1371011099999,79958.28560227688,79958.71678006942,79958.1205371073,79958.2822336272,0,1
1371011100000,1371011159999,79958.34623777735,79958.4641390869,79957.1941003928,79957.1941003928,0,1
1371011160000,1371011219999,79957.20757645107,79957.68596475422,79955.83292495506,79956.80328680309,0,1
1371011220000,1371011279999,79956.60113584955,79957.42319091354,79956.60113584955,79956.88414604029,0,1
1371011280000,1371011339999,79957.1065055714,79958.07000640864,79957.1065055714,79958.07000640864,0,1
1371011340000,1371011399999,79957.81734908522,79958.17780492378,79957.7364973935,79958.17780492378,0,1
1371011400000,1371011459999,79958.5247735048,79958.5247735048,79958.5247735048,79958.5247735048,0,1
1371011460000,1371011519999,79958.5247735048,79958.5247735048,79958.5247735048,79958.5247735048,0,1
1371011520000,1371011579999,79957.98915675968,79958.96604625,79957.98915675968,79958.96604625,0,1
1371011580000,1371011639999,79958.50456207301,79959.27593608081,79958.50456207301,79959.11088725753,0,1
1371011640000,1371011699999,79958.64604123768,79958.64604123768,79958.61572444232,79958.61572444232,0,1
1371011700000,1371011759999,79959.06372995052,79959.06372995052,79958.28560227688,79958.28897092545,0,1
1371011760000,1371011819999,79958.59214464907,79958.59214464907,79958.59214464907,79958.59214464907,0,1
1371011820000,1371011879999,79958.17106755063,79958.60225028156,79957.15367210904,79957.74323505945,0,1
1371011880000,1371011939999,79958.39676708022,79959.4578234656,79958.18117360865,79959.4578234656,0,1
1371011940000,1371011999999,79959.16814940279,79959.16814940279,79958.85151931697,79958.91888825996,0,1
1371012000000,1371012059999,79959.043519608,79960.43793742567,79958.47087626258,79960.43793742567,0,1
1371012060000,1371012119999,79960.40425812735,79962.08134936809,79959.89568693444,79961.6738892103,0,1
1371012120000,1371012179999,79960.82187340946,79960.82187340946,79960.29648361051,79960.37057871562,0,1
1371012180000,1371012239999,79960.14829175324,79960.76125291831,79960.01020190964,79960.62653940007,0,1
1371012240000,1371012299999,79960.08429913597,79961.06098398547,79960.08429913597,79960.926274505,0,1
1371012300000,1371012359999,79960.52887096454,79960.79156320982,79960.52887096454,79960.59286073696,0,1
1371012360000,1371012419999,79961.01046814294,79961.04077767908,79960.9565842963,79961.01720360335,0,1
1371012420000,1371012479999,79960.46824869717,79960.81513781747,79960.46824869717,79960.81513781747,0,1
1371012480000,1371012539999,79960.68042502513,79960.68042502513,79959.83169270065,79959.83169270065,0,1
1371012540000,1371012599999,79959.92599984961,79960.36047486997,79959.24898952023,79959.24898952023,0,1
1371012600000,1371012659999,79959.18835949342,79960.15165977439,79958.65951533946,79959.97315309057,0,1
1371012660000,1371012719999,79959.74748913753,79959.98662540429,79958.46077049733,79959.98662540429,0,1
1371012720000,1371012779999,79960.40089019129,79960.40089019129,79959.05362478436,79959.07383510645,0,1
1371012780000,1371012839999,79959.33319728098,79959.74412098026,79959.33319728098,79959.74412098026,0,1
1371012840000,1371012899999,79959.74748913753,79961.13507342624,79959.74748913753,79960.50192777996,0,1
1371012900000,1371012959999,79961.10813187492,79961.10813187492,79960.17186787743,79960.74778164814,0,1
1371012960000,1371013019999,79960.21901995907,79961.06771941186,79959.58581630877,79960.95995204523,0,1
1371013020000,1371013079999,79961.63684655451,79962.32379712061,79961.63684655451,79962.05777774529,0,1
1371013080000,1371013139999,79962.42481528266,79962.42481528266,79961.609906355,79961.96349069847,0,1
1371013140000,1371013199999,79961.57959854383,79963.18915297012,79961.57959854383,79963.18915297012,0,1
1371013200000,1371013259999,79962.8827514855,79964.51229552653,79962.8827514855,79964.51229552653,0,1
1371013260000,1371013319999,79964.70755364935,79965.01389922772,79963.01743461314,79963.01743461314,0,1
1371013320000,1371013379999,79963.47871057998,79963.47871057998,79962.84234619349,79963.38443692983,0,1
1371013380000,1371013439999,79963.50564574535,79963.79856098429,79961.72103421015,79962.82887772653,0,1
1371013440000,1371013499999,79962.29012417315,79962.74133224918,79961.49204212888,79961.75470907394,0,1
1371013500000,1371013559999,79962.1116556586,79962.78510508366,79961.9163468417,79962.78510508366,0,1
1371013560000,1371013619999,79963.42820694936,79963.71439081713,79963.14201489124,79963.38106999733,0,1
1371013620000,1371013679999,79963.2362908268,79963.32383197114,79961.5526581901,79961.5526581901,0,1
1371013680000,1371013739999,79962.16216593872,79962.30359336574,79960.62317153887,79960.62317153887,0,1
1371013740000,1371013799999,79960.40425812735,79960.5322388575,79960.32342734862,79960.46824869717,0,1
1371013800000,1371013859999,79960.26617181837,79962.4719567424,79960.26617181837,79961.58633362093,0,1
1371013860000,1371013919999,79961.74123914204,79963.35750143797,79961.72440170162,79962.85581464229,0,1
1371013920000,1371013979999,79962.85918175166,79963.33729977148,79962.85918175166,79963.02753577458,0,1
1371013980000,1371014039999,79963.2194559035,79963.33729977148,79962.99723225963,79962.99723225963,0,1
1371014040000,1371014099999,79963.06794031835,79963.3339328231,79962.85244753178,79963.3339328231,0,1
1371014100000,1371014159999,79963.05447215523,79963.05447215523,79962.08808410725,79962.16216593872,0,1
1371014160000,1371014219999,79961.82542591881,79962.13859450641,79961.57959854383,79961.92308169199,0,1
1371014220000,1371014279999,79962.19583931705,79962.62348135782,79961.93318395891,79962.24634917194,0,1
1371014280000,1371014339999,79963.70429034946,79965.59963277837,79963.21272192623,79963.21272192623,0,1
1371014340000,1371014399999,79964.27663409387,79964.34059988902,79963.9466987578,79964.34059988902,0,1
1371014400000,1371014459999,79964.40456527498,79965.16538533164,79963.91639802812,79964.88597584171,0,1
1371014460000,1371014519999,79965.0273647521,79965.27983997714,79964.96676974958,79964.96676974958,0,1
1371014520000,1371014579999,79965.37072949774,79965.44142077595,79964.91627363366,79964.91627363366,0,1
1371014580000,1371014639999,79965.03746388349,79965.03746388349,79963.46524297008,79963.7244912746,0,1
1371014640000,1371014699999,79963.21608891542,79963.41810619262,79962.47532398102,79962.54266851532,0,1
1371014700000,1371014759999,79962.3844081403,79962.7446993971,79961.58296608295,79961.58296608295,0,1
1371014760000,1371014819999,79961.6570516565,79962.0443082216,79960.59622860837,79960.59622860837,0,1
1371014820000,1371014879999,79960.8319767889,79962.41134625334,79960.64001083357,79961.14180880273,0,1
1371014880000,1371014939999,79960.34700305991,79962.33389898273,79958.88183539748,79962.05441036606,0,1
1371014940000,1371014999999,79962.05777774529,79964.09146764355,79962.05777774529,79963.31036415265,0,1
1371015000000,1371015059999,79963.54941523436,79963.63358679012,79961.5560257383,79961.5560257383,0,1
1371015060000,1371015119999,79962.05104298571,79963.4719767773,79961.85573298496,79961.85573298496,0,1
1371015120000,1371015179999,79961.09129336849,79964.1150344731,79960.84208015815,79963.41810619262,0,1
1371015180000,1371015239999,79963.66725521405,79964.50219586474,79963.59991825283,79964.50219586474,0,1
1371015240000,1371015299999,79964.24296772157,79964.4685302518,79962.95346035369,79964.39109891195,0,1
1371015300000,1371015359999,79963.36086837843,79964.46179711561,79963.24639176718,79964.46179711561,0,1
1371015360000,1371015419999,79964.41803161989,79964.50219586474,79963.03090282614,79964.47862994758,0,1
1371015420000,1371015479999,79965.2461769821,79965.2461769821,79963.92649828155,79963.92649828155,0,1
1371015480000,1371015539999,79964.09483433688,79965.18221697932,79963.38780386122,79964.82874642868,0,1
1371015540000,1371015599999,79964.28000072487,79966.16177007163,79964.28000072487,79965.69725170135,0,1
1371015600000,1371015659999,79966.10454795945,79968.54461200557,79966.10454795945,79967.65279556504,0,1
1371015660000,1371015719999,79967.74029805549,79968.753251919,79967.25565925434,79968.23164397321,0,1
1371015720000,1371015779999,79968.46384699944,79968.86093533246,79967.21527162736,79968.48403831212,0,1
1371015780000,1371015839999,79967.693181425,79968.72296575003,79967.693181425,79968.71287034,0,1
1371015840000,1371015899999,79968.63883702164,79968.63883702164,79966.56568155045,79968.11722310769,0,1
1371015900000,1371015959999,79968.54124681001,79968.54461200557,79968.07010825312,79968.51095999895,0,1
1371015960000,1371016019999,79968.19462560117,79968.50422958404,79966.39402116537,79966.39402116537,0,1
1371016020000,1371016079999,79965.58616802454,79965.7107163056,79964.92637287723,79965.18894963046,0,1
1371016080000,1371016139999,79964.80181482686,79965.15528632943,79964.5627936824,79964.61329158329,0,1
1371016140000,1371016199999,79964.8321128738,79965.4986466828,79964.8321128738,79965.08795938746,0,1
1371016200000,1371016259999,79964.98696812455,79967.71000881851,79964.98696812455,79967.71000881851,0,1
1371016260000,1371016319999,79967.37682115659,79967.81097258498,79965.7443777369,79966.47480289011,0,1
1371016320000,1371016379999,79966.75753378788,79967.00996533476,79966.50172998669,79966.63636438193,0,1
1371016380000,1371016439999,79966.77099696458,79967.41384255614,79966.54548636396,79967.41384255614,0,1
1371016440000,1371016499999,79967.43740155722,79967.43740155722,79966.20552793647,79967.19171210295,0,1
1371016500000,1371016559999,79966.97630816334,79967.0604508795,79965.21924650448,79965.38756079978,0,1
1371016560000,1371016619999,79965.47171688508,79965.47171688508,79964.7917154575,79964.88934226756,0,1
1371016620000,1371016679999,79964.87587655731,79965.7107163056,79964.87587655731,79965.7107163056,0,1
1371016680000,1371016739999,79966.05405758855,79966.05405758855,79964.91627363366,79965.3168691408,0,1
1371016740000,1371016799999,79965.8117002596,79966.60270595306,79964.98360173155,79966.60270595306,0,1
1371016800000,1371016859999,79966.55894982615,79969.09985376555,79966.55894982615,79967.33306841679,0,1
1371016860000,1371016919999,79968.51769040934,79968.51769040934,79965.45488572468,79967.12103319673,0,1
1371016920000,1371016979999,79966.66665687106,79968.753251919,79966.66665687106,79968.55470758548,0,1
1371016980000,1371017039999,79968.35615930989,79968.35615930989,79967.22200290985,79967.58548543596,0,1
1371017040000,1371017099999,79967.20517469512,79967.48451939288,79964.96676974958,79967.29941233284,0,1
1371017100000,1371017159999,79966.99986819523,79968.84074478077,79966.54885223121,79968.39654232937,0,1
1371017160000,1371017219999,79968.4571165528,79968.4571165528,79966.7306073801,79966.99313676322,0,1
1371017220000,1371017279999,79965.70398400576,79965.91941535317,79965.23271175235,79965.3168691408,0,1
1371017280000,1371017339999,79965.64675927396,79965.64675927396,79964.66378922918,79965.35389816736,0,1
1371017340000,1371017399999,79965.08795938746,79965.33033425723,79964.1386012471,79964.7917154575,0,1
1371017400000,1371017459999,79964.95667054679,79964.95667054679,79963.84906274453,79964.7681502226,0,1
1371017460000,1371017519999,79965.44478701484,79965.79486967142,79964.7277525479,79965.79486967142,0,1
1371017520000,1371017579999,79965.20241491913,79965.81506637382,79964.28000072487,79964.64359020143,0,1
1371017580000,1371017639999,79964.61329158329,79965.30677029159,79964.61329158329,79964.8321128738,0,1
1371017640000,1371017699999,79965.0273647521,79965.19231595432,79963.95343224083,79964.98023533743,0,1
1371017700000,1371017759999,79964.54596099211,79964.54596099211,79963.58308394167,79963.66388837677,0,1
1371017760000,1371017819999,79963.24639176718,79963.84232919123,79963.20598794444,79963.33729977148,0,1
1371017820000,1371017879999,79963.57635020927,79963.57635020927,79962.17900264205,79962.17900264205,0,1
1371017880000,1371017939999,79962.50226184916,79964.31366697252,79962.50226184916,79964.08473425347,0,1
1371017940000,1371017999999,79963.56624960218,79964.31366697252,79963.56624960218,79963.77836020879,0,1
1371018000000,1371018059999,79963.90293100767,79963.90293100767,79962.17900264205,79963.32046501822,0,1
1371018060000,1371018119999,79963.76152619802,79963.9466987578,79962.47532398102,79962.47532398102,0,1
1371018120000,1371018179999,79962.52919964473,79963.36086837843,79960.95321654624,79961.71766671752,0,1
1371018180000,1371018239999,79961.64358159305,79962.85918175166,79961.64358159305,79962.82887772653,0,1
1371018240000,1371018299999,79962.61337978822,79962.61337978822,79961.53918798604,79961.53918798604,0,1
1371018300000,1371018359999,79961.879305084,79961.879305084,79960.19207593963,79960.19207593963,0,1
1371018360000,1371018419999,79960.20554795842,79960.29985158173,79959.90579124971,79960.06745890547,0,1
1371018420000,1371018479999,79960.46824869717,79960.46824869717,79959.94957649788,79960.26280383578,0,1
1371018480000,1371018539999,79960.21901995907,79960.21901995907,79960.04725059144,79960.04725059144,0,1
1371018540000,1371018599999,79960.3672107682,79960.45140911323,79958.59214464907,79958.61572444232,0,1
1371018600000,1371018659999,79958.87173004751,79958.87173004751,79958.1272745145,79958.20138569406,0,1
1371018660000,1371018719999,79958.72688557595,79958.72688557595,79957.79376740933,79958.39002985459,0,1
1371018720000,1371018779999,79958.3125514336,79959.39382642966,79957.24800451689,79957.24800451689,0,1
1371018780000,1371018839999,79957.52762749755,79957.75334154986,79955.5498850117,79956.02161380008,0,1
1371018840000,1371018899999,79956.09910997287,79957.06944599291,79955.51618924671,79956.70895019997,0,1
1371018900000,1371018959999,79956.61798191842,79956.91783719615,79956.61798191842,79956.83697823138,0,1
1371018960000,1371019019999,79957.03912441744,79958.28560227688,79956.76959526127,79958.23507241231,0,1
1371019020000,1371019079999,79958.198017016,79958.23844107789,79957.61521863022,79957.90830645704,0,1
1371019080000,1371019139999,79957.93525663055,79958.77404447146,79955.40162279649,79955.40162279649,0,1
1371019140000,1371019199999,79954.0098725706,79955.19607381643,79953.16057388186,79955.19607381643,0,1
1371019200000,1371019259999,79955.17585565575,79955.32075157078,79954.4580844664,79955.32075157078,0,1
1371019260000,1371019319999,79955.18596474119,79956.09574058653,79953.80429498099,79955.6071675516,0,1
1371019320000,1371019379999,79955.19270412583,79956.01150555935,79955.19270412583,79955.45216698045,0,1
1371019380000,1371019439999,79955.5903197798,79955.90705314021,79955.19270412583,79955.19270412583,0,1
1371019440000,1371019499999,79955.46901498499,79955.748687714,79953.90202911617,79953.97280151432,0,1
1371019500000,1371019559999,79953.84473680795,79955.91716148652,79953.60545361949,79955.91716148652,0,1
1371019560000,1371019619999,79955.79923014379,79956.94142093773,79955.62738484028,79956.94142093773,0,1
1371019620000,1371019679999,79956.98521916737,79959.09741376393,79956.98521916737,79959.09741376393,0,1
1371019680000,1371019739999,79958.58540755506,79959.3466704569,79958.1272745145,79959.3466704569,0,1
1371019740000,1371019799999,79960.35037101412,79963.43830769589,79960.35037101412,79963.43830769589,0,1
1371019800000,1371019859999,79963.95006549988,79964.47862994758,79962.28675687217,79963.93659852477,0,1
1371019860000,1371019919999,79964.34733310681,79964.34733310681,79963.46860987427,79964.1285012079,0,1
1371019920000,1371019979999,79963.86926337722,79963.9062977645,79963.38443692983,79963.65715469878,0,1
1371019980000,1371020039999,79962.54940294381,79963.10497767339,79960.88922907972,79960.88922907972,0,1
1371020040000,1371020099999,79960.16176383101,79960.75788510247,79959.86200580982,79960.31332345532,0,1
1371020100000,1371020159999,79960.56591772479,79964.16553463512,79960.52550307043,79963.98036612757,0,1
1371020160000,1371020219999,79965.12498926165,79965.34716562727,79965.03746388349,79965.07786030706,0,1
1371020220000,1371020279999,79965.25290959017,79966.18869801112,79965.08795938746,79965.84536135098,0,1
1371020280000,1371020339999,79965.94971001419,79966.10791397511,79965.73427931941,79966.10791397511,0,1
1371020340000,1371020399999,79965.2394443695,79966.10454795945,79965.12162291512,79965.38756079978,0,1
1371020400000,1371020459999,79964.36753273298,79968.23164397321,79964.36753273298,79967.74702898458,0,1
1371020460000,1371020519999,79968.36288982446,79970.15977516075,79967.58548543596,79970.15977516075,0,1
1371020520000,1371020579999,79969.56421410925,79971.12874784859,79969.56421410925,79971.12874784859,0,1
1371020580000,1371020639999,79971.78140569698,79975.43079464983,79971.78140569698,79975.43079464983,0,1
1371020640000,1371020699999,79973.96783551137,79974.18981549889,79973.3725012167,79973.3725012167,0,1
1371020700000,1371020759999,79973.75257748427,79974.60012917029,79973.66512758717,79973.90393126819,0,1
1371020760000,1371020819999,79973.90393126819,79973.90393126819,79973.90393126819,79973.90393126819,0,1
1371020820000,1371020879999,79973.90393126819,79973.90393126819,79973.90393126819,79973.90393126819,0,1
1371020880000,1371020939999,79973.90393126819,79973.90393126819,79973.90393126819,79973.90393126819,0,1
1371020940000,1371020999999,79973.90393126819,79973.90393126819,79973.90393126819,79973.90393126819,0,1
1371021000000,1371021059999,79973.90393126819,79973.90393126819,79973.90393126819,79973.90393126819,0,1
1371021060000,1371021119999,79973.90393126819,79973.90393126819,79973.90393126819,79973.90393126819,0,1
1371021120000,1371021179999,79973.90393126819,79973.90393126819,79973.90393126819,79973.90393126819,0,1
1371021180000,1371021239999,79973.90393126819,79973.90393126819,79973.90393126819,79973.90393126819,0,1
1371021240000,1371021299999,79973.90393126819,79973.90393126819,79973.90393126819,79973.90393126819,0,1
1371021300000,1371021359999,79973.90393126819,79973.90393126819,79973.90393126819,79973.90393126819,0,1
1371021360000,1371021419999,79973.90393126819,79973.90393126819,79973.90393126819,79973.90393126819,0,1
1371021420000,1371021479999,79973.90393126819,79973.90393126819,79973.90393126819,79973.90393126819,0,1
1371021480000,1371021539999,79973.90393126819,79973.90393126819,79973.90393126819,79973.90393126819,0,1
1371021540000,1371021599999,79973.90393126819,79973.90393126819,79973.90393126819,79973.90393126819,0,1
1371021600000,1371021659999,79973.90393126819,79973.90393126819,79973.90393126819,79973.90393126819,0,1
1371021660000,1371021719999,79973.90393126819,79973.90393126819,79973.90393126819,79973.90393126819,0,1
1371021720000,1371021779999,79973.90393126819,79973.90393126819,79973.90393126819,79973.90393126819,0,1
1371021780000,1371021839999,79973.90393126819,79973.90393126819,79973.90393126819,79973.90393126819,0,1
1371021840000,1371021899999,79973.90393126819,79973.90393126819,79973.90393126819,79973.90393126819,0,1
1371021900000,1371021959999,79973.90393126819,79973.90393126819,79973.90393126819,79973.90393126819,0,1
1371021960000,1371022019999,79973.90393126819,79973.90393126819,79973.90393126819,79973.90393126819,0,1
1371022020000,1371022079999,79973.90393126819,79973.90393126819,79973.90393126819,79973.90393126819,0,1
1371022080000,1371022139999,79973.90393126819,79973.90393126819,79973.90393126819,79973.90393126819,0,1
1371022140000,1371022199999,79973.90393126819,79973.90393126819,79973.90393126819,79973.90393126819,0,1
1371022200000,1371022259999,79973.90393126819,79973.90393126819,79973.90393126819,79973.90393126819,0,1
1371022260000,1371022319999,79973.90393126819,79973.90393126819,79973.90393126819,79973.90393126819,0,1
1371022320000,1371022379999,79973.90393126819,79973.90393126819,79973.90393126819,79973.90393126819,0,1
1371022380000,1371022439999,79973.90393126819,79973.90393126819,79973.90393126819,79973.90393126819,0,1
1371022440000,1371022499999,79973.90393126819,79973.90393126819,79973.90393126819,79973.90393126819,0,1
1371022500000,1371022559999,79973.90393126819,79973.90393126819,79973.90393126819,79973.90393126819,0,1
1371022560000,1371022619999,79973.90393126819,79973.90393126819,79973.90393126819,79973.90393126819,0,1
1371022620000,1371022679999,79973.90393126819,79973.90393126819,79973.90393126819,79973.90393126819,0,1
1371022680000,1371022739999,79973.90393126819,79973.90393126819,79973.90393126819,79973.90393126819,0,1
1371022740000,1371022799999,79973.90393126819,79973.90393126819,79973.90393126819,79973.90393126819,0,1
1371022800000,1371022859999,79973.90393126819,79973.90393126819,79973.90393126819,79973.90393126819,0,1
1371022860000,1371022919999,79973.90393126819,79973.90393126819,79973.90393126819,79973.90393126819,0,1
1371022920000,1371022979999,79973.90393126819,79973.90393126819,79973.90393126819,79973.90393126819,0,1
1371022980000,1371023039999,79973.90393126819,79973.90393126819,79973.90393126819,79973.90393126819,0,1
1371023040000,1371023099999,79973.90393126819,79973.90393126819,79973.90393126819,79973.90393126819,0,1
1371023100000,1371023159999,79973.90393126819,79973.90393126819,79973.90393126819,79973.90393126819,0,1
1371023160000,1371023219999,79973.90393126819,79973.90393126819,79973.90393126819,79973.90393126819,0,1
1371023220000,1371023279999,79973.90393126819,79973.90393126819,79973.90393126819,79973.90393126819,0,1
1371023280000,1371023339999,79973.90393126819,79973.90393126819,79973.90393126819,79973.90393126819,0,1
1371023340000,1371023399999,79973.90393126819,79973.90393126819,79973.90393126819,79973.90393126819,0,1
1371023400000,1371023459999,79973.90393126819,79973.90393126819,79973.90393126819,79973.90393126819,0,1
1371023460000,1371023519999,79973.90393126819,79973.90393126819,79973.90393126819,79973.90393126819,0,1
1371023520000,1371023579999,79973.90393126819,79973.90393126819,79973.90393126819,79973.90393126819,0,1
1371023580000,1371023639999,79973.90393126819,79973.90393126819,79973.90393126819,79973.90393126819,0,1
1371023640000,1371023699999,79973.90393126819,79973.90393126819,79973.90393126819,79973.90393126819,0,1
1371023700000,1371023759999,79973.90393126819,79973.90393126819,79973.90393126819,79973.90393126819,0,1
1371023760000,1371023819999,79973.90393126819,79973.90393126819,79973.90393126819,79973.90393126819,0,1
1371023820000,1371023879999,79973.90393126819,79973.90393126819,79973.90393126819,79973.90393126819,0,1
1371023880000,1371023939999,79973.90393126819,79973.90393126819,79973.90393126819,79973.90393126819,0,1
1371023940000,1371023999999,79973.90393126819,79973.90393126819,79973.90393126819,79973.90393126819,0,1
1371024000000,1371024059999,79973.90393126819,79973.90393126819,79973.90393126819,79973.90393126819,0,1
1371024060000,1371024119999,79973.90393126819,79973.90393126819,79973.90393126819,79973.90393126819,0,1
1371024120000,1371024179999,79973.90393126819,79973.90393126819,79973.90393126819,79973.90393126819,0,1
1371024180000,1371024239999,79973.90393126819,79973.90393126819,79973.90393126819,79973.90393126819,0,1
1371024240000,1371024299999,79973.90393126819,79973.90393126819,79973.90393126819,79973.90393126819,0,1
1371024300000,1371024359999,79973.90393126819,79973.90393126819,79973.90393126819,79973.90393126819,0,1
1371024360000,1371024419999,79973.90393126819,79973.90393126819,79973.90393126819,79973.90393126819,0,1
1371024420000,1371024479999,79973.90393126819,79973.90393126819,79973.90393126819,79973.90393126819,0,1
1371024480000,1371024539999,79973.90393126819,79973.90393126819,79973.90393126819,79973.90393126819,0,1
1371024540000,1371024599999,79973.90393126819,79973.90393126819,79973.90393126819,79973.90393126819,0,1
1371024600000,1371024659999,79973.90393126819,79973.90393126819,79973.90393126819,79973.90393126819,0,1
1371024660000,1371024719999,79973.90393126819,79973.90393126819,79973.90393126819,79973.90393126819,0,1
1371024720000,1371024779999,79973.90393126819,79973.90393126819,79973.90393126819,79973.90393126819,0,1
1371024780000,1371024839999,79973.90393126819,79973.90393126819,79973.90393126819,79973.90393126819,0,1
1371024840000,1371024899999,79973.90393126819,79973.90393126819,79973.90393126819,79973.90393126819,0,1
1371024900000,1371024959999,79973.90393126819,79973.90393126819,79973.90393126819,79973.90393126819,0,1
1371024960000,1371025019999,79973.90393126819,79973.90393126819,79973.90393126819,79973.90393126819,0,1
1371025020000,1371025079999,79973.90393126819,79973.90393126819,79973.90393126819,79973.90393126819,0,1
1371025080000,1371025139999,79973.90393126819,79973.90393126819,79973.90393126819,79973.90393126819,0,1
1371025140000,1371025199999,79973.90393126819,79973.90393126819,79973.90393126819,79973.90393126819,0,1
1371025200000,1371025259999,79973.90393126819,79973.90393126819,79973.90393126819,79973.90393126819,0,1
1371025260000,1371025319999,79973.90393126819,79973.90393126819,79973.90393126819,79973.90393126819,0,1
1371025320000,1371025379999,79973.90393126819,79973.90393126819,79973.90393126819,79973.90393126819,0,1
1371025380000,1371025439999,79973.90393126819,79973.90393126819,79973.90393126819,79973.90393126819,0,1
1371025440000,1371025499999,79973.90393126819,79973.90393126819,79973.90393126819,79973.90393126819,0,1
1371025500000,1371025559999,79973.90393126819,79973.90393126819,79973.90393126819,79973.90393126819,0,1
1371025560000,1371025619999,79973.90393126819,79973.90393126819,79973.90393126819,79973.90393126819,0,1
1371025620000,1371025679999,79973.90393126819,79973.90393126819,79973.90393126819,79973.90393126819,0,1
1371025680000,1371025739999,79973.90393126819,79973.90393126819,79973.90393126819,79973.90393126819,0,1
1371025740000,1371025799999,79973.90393126819,79973.90393126819,79973.90393126819,79973.90393126819,0,1
1371025800000,1371025859999,79973.90393126819,79973.90393126819,79973.90393126819,79973.90393126819,0,1
1371025860000,1371025919999,79973.90393126819,79973.90393126819,79973.90393126819,79973.90393126819,0,1
1371025920000,1371025979999,79973.90393126819,79973.90393126819,79973.90393126819,79973.90393126819,0,1
1371025980000,1371026039999,79973.90393126819,79973.90393126819,79973.90393126819,79973.90393126819,0,1
1371026040000,1371026099999,79973.90393126819,79973.90393126819,79973.90393126819,79973.90393126819,0,1
1371026100000,1371026159999,79973.90393126819,79973.90393126819,79973.90393126819,79973.90393126819,0,1
1371026160000,1371026219999,79973.90393126819,79973.90393126819,79973.90393126819,79973.90393126819,0,1
1371026220000,1371026279999,79973.90393126819,79973.90393126819,79973.90393126819,79973.90393126819,0,1
1371026280000,1371026339999,79973.90393126819,79973.90393126819,79973.90393126819,79973.90393126819,0,1
1371026340000,1371026399999,79973.90393126819,79973.90393126819,79973.90393126819,79973.90393126819,0,1
1371026400000,1371026459999,79973.90393126819,79973.90393126819,79973.90393126819,79973.90393126819,0,1
1371026460000,1371026519999,79973.90393126819,79973.90393126819,79973.90393126819,79973.90393126819,0,1
1371026520000,1371026579999,79973.90393126819,79973.90393126819,79973.90393126819,79973.90393126819,0,1
1371026580000,1371026639999,79973.90393126819,79973.90393126819,79973.90393126819,79973.90393126819,0,1
1371026640000,1371026699999,79973.90393126819,79973.90393126819,79973.90393126819,79973.90393126819,0,1
1371026700000,1371026759999,79973.90393126819,79973.90393126819,79973.90393126819,79973.90393126819,0,1
1371026760000,1371026819999,79973.90393126819,79973.90393126819,79973.90393126819,79973.90393126819,0,1
1371026820000,1371026879999,79973.90393126819,79973.90393126819,79973.90393126819,79973.90393126819,0,1
1371026880000,1371026939999,79973.90393126819,79973.90393126819,79973.90393126819,79973.90393126819,0,1
1371026940000,1371026999999,79973.90393126819,79973.90393126819,79973.90393126819,79973.90393126819,0,1
1371027000000,1371027059999,79973.90393126819,79973.90393126819,79973.90393126819,79973.90393126819,0,1
1371027060000,1371027119999,79973.90393126819,79973.90393126819,79973.90393126819,79973.90393126819,0,1
1371027120000,1371027179999,79973.90393126819,79973.90393126819,79973.90393126819,79973.90393126819,0,1
1371027180000,1371027239999,79973.90393126819,79973.90393126819,79973.90393126819,79973.90393126819,0,1
1371027240000,1371027299999,79973.90393126819,79973.90393126819,79973.90393126819,79973.90393126819,0,1
1371027300000,1371027359999,79973.90393126819,79973.90393126819,79973.90393126819,79973.90393126819,0,1
1371027360000,1371027419999,79973.90393126819,79973.90393126819,79973.90393126819,79973.90393126819,0,1
1371027420000,1371027479999,79973.90393126819,79973.90393126819,79973.90393126819,79973.90393126819,0,1
1371027480000,1371027539999,79973.90393126819,79973.90393126819,79973.90393126819,79973.90393126819,0,1
1371027540000,1371027599999,79973.90393126819,79973.90393126819,79973.90393126819,79973.90393126819,0,1
1371027600000,1371027659999,79973.90393126819,79973.90393126819,79973.90393126819,79973.90393126819,0,1
1371027660000,1371027719999,79973.90393126819,79973.90393126819,79973.90393126819,79973.90393126819,0,1
1371027720000,1371027779999,79973.90393126819,79973.90393126819,79973.90393126819,79973.90393126819,0,1
1371027780000,1371027839999,79973.90393126819,79973.90393126819,79973.90393126819,79973.90393126819,0,1
1371027840000,1371027899999,79973.90393126819,79973.90393126819,79973.90393126819,79973.90393126819,0,1
1371027900000,1371027959999,79973.90393126819,79973.90393126819,79973.90393126819,79973.90393126819,0,1
1371027960000,1371028019999,79973.90393126819,79973.90393126819,79973.90393126819,79973.90393126819,0,1
1371028020000,1371028079999,79973.90393126819,79973.90393126819,79973.90393126819,79973.90393126819,0,1
1371028080000,1371028139999,79973.90393126819,79973.90393126819,79973.90393126819,79973.90393126819,0,1
1371028140000,1371028199999,79973.90393126819,79973.90393126819,79973.90393126819,79973.90393126819,0,1
1371028200000,1371028259999,79973.90393126819,79973.90393126819,79973.90393126819,79973.90393126819,0,1
1371028260000,1371028319999,79973.90393126819,79973.90393126819,79973.90393126819,79973.90393126819,0,1
1371028320000,1371028379999,79973.90393126819,79973.90393126819,79973.90393126819,79973.90393126819,0,1
1371028380000,1371028439999,79973.90393126819,79973.90393126819,79973.90393126819,79973.90393126819,0,1
1371028440000,1371028499999,79973.90393126819,79973.90393126819,79973.90393126819,79973.90393126819,0,1
1371028500000,1371028559999,79973.90393126819,79973.90393126819,79973.90393126819,79973.90393126819,0,1
1371028560000,1371028619999,79973.90393126819,79973.90393126819,79973.90393126819,79973.90393126819,0,1
1371028620000,1371028679999,79973.90393126819,79973.90393126819,79973.90393126819,79973.90393126819,0,1
1371028680000,1371028739999,79973.90393126819,79973.90393126819,79973.90393126819,79973.90393126819,0,1
1371028740000,1371028799999,79973.90393126819,79973.90393126819,79973.90393126819,79973.90393126819,0,1
1371028800000,1371028859999,79973.90393126819,79973.90393126819,79973.90393126819,79973.90393126819,0,1
1371028860000,1371028919999,79973.90393126819,79973.90393126819,79973.90393126819,79973.90393126819,0,1
1371028920000,1371028979999,79973.90393126819,79973.90393126819,79973.90393126819,79973.90393126819,0,1
1371028980000,1371029039999,79973.90393126819,79973.90393126819,79973.90393126819,79973.90393126819,0,1
1371029040000,1371029099999,79973.90393126819,79973.90393126819,79973.90393126819,79973.90393126819,0,1
1371029100000,1371029159999,79973.90393126819,79973.90393126819,79973.90393126819,79973.90393126819,0,1
1371029160000,1371029219999,79973.90393126819,79973.90393126819,79973.90393126819,79973.90393126819,0,1
1371029220000,1371029279999,79973.90393126819,79973.90393126819,79973.90393126819,79973.90393126819,0,1
1371029280000,1371029339999,79973.90393126819,79973.90393126819,79973.90393126819,79973.90393126819,0,1
1371029340000,1371029399999,79973.90393126819,79973.90393126819,79973.90393126819,79973.90393126819,0,1
1371029400000,1371029459999,79973.90393126819,79973.90393126819,79973.90393126819,79973.90393126819,0,1
1371029460000,1371029519999,79973.90393126819,79973.90393126819,79973.90393126819,79973.90393126819,0,1
1371029520000,1371029579999,79973.90393126819,79973.90393126819,79973.90393126819,79973.90393126819,0,1
1371029580000,1371029639999,79973.90393126819,79973.90393126819,79973.90393126819,79973.90393126819,0,1
1371029640000,1371029699999,79973.90393126819,79973.90393126819,79973.90393126819,79973.90393126819,0,1
1371029700000,1371029759999,79973.90393126819,79973.90393126819,79973.90393126819,79973.90393126819,0,1
1371029760000,1371029819999,79973.90393126819,79973.90393126819,79973.90393126819,79973.90393126819,0,1
1371029820000,1371029879999,79973.90393126819,79973.90393126819,79973.90393126819,79973.90393126819,0,1
1371029880000,1371029939999,79973.90393126819,79973.90393126819,79973.90393126819,79973.90393126819,0,1
1371029940000,1371029999999,79973.90393126819,79973.90393126819,79973.90393126819,79973.90393126819,0,1
1371030000000,1371030059999,79973.90393126819,79973.90393126819,79973.90393126819,79973.90393126819,0,1
1371030060000,1371030119999,79973.90393126819,79973.90393126819,79973.90393126819,79973.90393126819,0,1
1371030120000,1371030179999,79973.90393126819,79973.90393126819,79973.90393126819,79973.90393126819,0,1
1371030180000,1371030239999,79973.90393126819,79973.90393126819,79973.90393126819,79973.90393126819,0,1
1371030240000,1371030299999,79973.90393126819,79973.90393126819,79973.90393126819,79973.90393126819,0,1
1371030300000,1371030359999,79973.90393126819,79973.90393126819,79973.90393126819,79973.90393126819,0,1
1371030360000,1371030419999,79973.90393126819,79973.90393126819,79973.90393126819,79973.90393126819,0,1
1371030420000,1371030479999,79973.90393126819,79973.90393126819,79973.90393126819,79973.90393126819,0,1
1371030480000,1371030539999,79973.90393126819,79973.90393126819,79973.90393126819,79973.90393126819,0,1
1371030540000,1371030599999,79973.90393126819,79973.90393126819,79973.90393126819,79973.90393126819,0,1
1371030600000,1371030659999,79973.90393126819,79973.90393126819,79973.90393126819,79973.90393126819,0,1
1371030660000,1371030719999,79973.90393126819,79973.90393126819,79973.90393126819,79973.90393126819,0,1
1371030720000,1371030779999,79973.90393126819,79973.90393126819,79973.90393126819,79973.90393126819,0,1
1371030780000,1371030839999,79973.90393126819,79973.90393126819,79973.90393126819,79973.90393126819,0,1
1371030840000,1371030899999,79973.90393126819,79973.90393126819,79973.90393126819,79973.90393126819,0,1
1371030900000,1371030959999,79973.90393126819,79973.90393126819,79973.90393126819,79973.90393126819,0,1
1371030960000,1371031019999,79973.90393126819,79973.90393126819,79973.90393126819,79973.90393126819,0,1
1371031020000,1371031079999,79973.90393126819,79973.90393126819,79973.90393126819,79973.90393126819,0,1
1371031080000,1371031139999,79973.90393126819,79973.90393126819,79973.90393126819,79973.90393126819,0,1
1371031140000,1371031199999,79973.90393126819,79973.90393126819,79973.90393126819,79973.90393126819,0,1
1371031200000,1371031259999,79973.90393126819,79973.90393126819,79973.90393126819,79973.90393126819,0,1
1371031260000,1371031319999,79973.90393126819,79973.90393126819,79973.90393126819,79973.90393126819,0,1
1371031320000,1371031379999,79973.90393126819,79973.90393126819,79973.90393126819,79973.90393126819,0,1
1371031380000,1371031439999,79973.90393126819,79973.90393126819,79973.90393126819,79973.90393126819,0,1
1371031440000,1371031499999,79973.90393126819,79973.90393126819,79973.90393126819,79973.90393126819,0,1
1371031500000,1371031559999,79973.90393126819,79973.90393126819,79973.90393126819,79973.90393126819,0,1
1371031560000,1371031619999,79973.90393126819,79973.90393126819,79973.90393126819,79973.90393126819,0,1
1371031620000,1371031679999,79973.90393126819,79973.90393126819,79973.90393126819,79973.90393126819,0,1
1371031680000,1371031739999,79973.90393126819,79973.90393126819,79973.90393126819,79973.90393126819,0,1
1371031740000,1371031799999,79973.90393126819,79973.90393126819,79973.90393126819,79973.90393126819,0,1
1371031800000,1371031859999,79973.90393126819,79973.90393126819,79973.90393126819,79973.90393126819,0,1
1371031860000,1371031919999,79973.90393126819,79973.90393126819,79973.90393126819,79973.90393126819,0,1
1371031920000,1371031979999,79973.90393126819,79973.90393126819,79973.90393126819,79973.90393126819,0,1
1371031980000,1371032039999,79973.90393126819,79973.90393126819,79973.90393126819,79973.90393126819,0,1
1371032040000,1371032099999,79973.90393126819,79973.90393126819,79973.90393126819,79973.90393126819,0,1
1371032100000,1371032159999,79973.90393126819,79973.90393126819,79973.90393126819,79973.90393126819,0,1
1371032160000,1371032219999,79973.90393126819,79973.90393126819,79973.90393126819,79973.90393126819,0,1
1371032220000,1371032279999,79973.90393126819,79973.90393126819,79973.90393126819,79973.90393126819,0,1
1371032280000,1371032339999,79973.90393126819,79973.90393126819,79973.90393126819,79973.90393126819,0,1
1371032340000,1371032399999,79973.90393126819,79973.90393126819,79973.90393126819,79973.90393126819,0,1
1371032400000,1371032459999,79973.90393126819,79973.90393126819,79973.90393126819,79973.90393126819,0,1
1371032460000,1371032519999,79973.90393126819,79973.90393126819,79973.90393126819,79973.90393126819,0,1
1371032520000,1371032579999,79973.90393126819,79973.90393126819,79973.90393126819,79973.90393126819,0,1
1371032580000,1371032639999,79973.90393126819,79973.90393126819,79973.90393126819,79973.90393126819,0,1
1371032640000,1371032699999,79973.90393126819,79973.90393126819,79973.90393126819,79973.90393126819,0,1
1371032700000,1371032759999,79973.90393126819,79973.90393126819,79973.90393126819,79973.90393126819,0,1
1371032760000,1371032819999,79973.90393126819,79973.90393126819,79973.90393126819,79973.90393126819,0,1
1371032820000,1371032879999,79973.90393126819,79973.90393126819,79973.90393126819,79973.90393126819,0,1
1371032880000,1371032939999,79973.90393126819,79973.90393126819,79973.90393126819,79973.90393126819,0,1
1371032940000,1371032999999,79973.90393126819,79973.90393126819,79973.90393126819,79973.90393126819,0,1
1371033000000,1371033059999,79973.90393126819,79973.90393126819,79973.90393126819,79973.90393126819,0,1
1371033060000,1371033119999,79973.90393126819,79973.90393126819,79973.90393126819,79973.90393126819,0,1
1371033120000,1371033179999,79973.90393126819,79973.90393126819,79973.90393126819,79973.90393126819,0,1
1371033180000,1371033239999,79973.90393126819,79973.90393126819,79973.90393126819,79973.90393126819,0,1
1371033240000,1371033299999,79973.90393126819,79973.90393126819,79973.90393126819,79973.90393126819,0,1
1371033300000,1371033359999,79973.90393126819,79973.90393126819,79973.90393126819,79973.90393126819,0,1
1371033360000,1371033419999,79973.90393126819,79973.90393126819,79973.90393126819,79973.90393126819,0,1
1371033420000,1371033479999,79973.90393126819,79973.90393126819,79973.90393126819,79973.90393126819,0,1
1371033480000,1371033539999,79973.90393126819,79973.90393126819,79973.90393126819,79973.90393126819,0,1
1371033540000,1371033599999,79973.90393126819,79973.90393126819,79973.90393126819,79973.90393126819,0,1
1371033600000,1371033659999,79973.90393126819,79973.90393126819,79973.90393126819,79973.90393126819,0,1
1371033660000,1371033719999,79973.90393126819,79973.90393126819,79973.90393126819,79973.90393126819,0,1
1371033720000,1371033779999,79973.90393126819,79973.90393126819,79973.90393126819,79973.90393126819,0,1
1371033780000,1371033839999,79973.90393126819,79973.90393126819,79973.90393126819,79973.90393126819,0,1
1371033840000,1371033899999,79973.90393126819,79973.90393126819,79973.90393126819,79973.90393126819,0,1
1371033900000,1371033959999,79973.90393126819,79973.90393126819,79973.90393126819,79973.90393126819,0,1
1371033960000,1371034019999,79973.90393126819,79973.90393126819,79973.90393126819,79973.90393126819,0,1
1371034020000,1371034079999,79973.90393126819,79973.90393126819,79973.90393126819,79973.90393126819,0,1
1371034080000,1371034139999,79973.90393126819,79973.90393126819,79973.90393126819,79973.90393126819,0,1
1371034140000,1371034199999,79973.90393126819,79973.90393126819,79973.90393126819,79973.90393126819,0,1
1371034200000,1371034259999,79973.90393126819,79973.90393126819,79973.90393126819,79973.90393126819,0,1
1371034260000,1371034319999,79973.90393126819,79973.90393126819,79973.90393126819,79973.90393126819,0,1
1371034320000,1371034379999,79973.90393126819,79973.90393126819,79973.90393126819,79973.90393126819,0,1
1371034380000,1371034439999,79973.90393126819,79973.90393126819,79973.90393126819,79973.90393126819,0,1
1371034440000,1371034499999,79973.90393126819,79973.90393126819,79973.90393126819,79973.90393126819,0,1
1371034500000,1371034559999,79973.90393126819,79973.90393126819,79973.90393126819,79973.90393126819,0,1
1371034560000,1371034619999,79973.90393126819,79973.90393126819,79973.90393126819,79973.90393126819,0,1
1371034620000,1371034679999,79973.90393126819,79973.90393126819,79973.90393126819,79973.90393126819,0,1
1371034680000,1371034739999,79973.90393126819,79973.90393126819,79973.90393126819,79973.90393126819,0,1
1371034740000,1371034799999,79973.90393126819,79973.90393126819,79973.90393126819,79973.90393126819,0,1
1371034800000,1371034859999,79973.90393126819,79973.90393126819,79973.90393126819,79973.90393126819,0,1
1371034860000,1371034919999,79973.90393126819,79973.90393126819,79973.90393126819,79973.90393126819,0,1
1371034920000,1371034979999,79973.90393126819,79973.90393126819,79973.90393126819,79973.90393126819,0,1
1371034980000,1371035039999,79973.90393126819,79973.90393126819,79973.90393126819,79973.90393126819,0,1
1371035040000,1371035099999,79973.90393126819,79973.90393126819,79973.90393126819,79973.90393126819,0,1
1371035100000,1371035159999,79973.90393126819,79973.90393126819,79973.90393126819,79973.90393126819,0,1
1371035160000,1371035219999,79973.90393126819,79973.90393126819,79973.90393126819,79973.90393126819,0,1
1371035220000,1371035279999,79973.90393126819,79973.90393126819,79973.90393126819,79973.90393126819,0,1
1371035280000,1371035339999,79973.90393126819,79973.90393126819,79973.90393126819,79973.90393126819,0,1
1371035340000,1371035399999,79973.90393126819,79973.90393126819,79973.90393126819,79973.90393126819,0,1
1371035400000,1371035459999,79973.90393126819,79973.90393126819,79973.90393126819,79973.90393126819,0,1
1371035460000,1371035519999,79973.90393126819,79973.90393126819,79973.90393126819,79973.90393126819,0,1
1371035520000,1371035579999,79973.90393126819,79973.90393126819,79973.90393126819,79973.90393126819,0,1
1371035580000,1371035639999,79973.90393126819,79973.90393126819,79973.90393126819,79973.90393126819,0,1
1371035640000,1371035699999,79973.90393126819,79973.90393126819,79973.90393126819,79973.90393126819,0,1
1371035700000,1371035759999,79973.90393126819,79973.90393126819,79973.90393126819,79973.90393126819,0,1
1371035760000,1371035819999,79973.90393126819,79973.90393126819,79973.90393126819,79973.90393126819,0,1
1371035820000,1371035879999,79973.90393126819,79973.90393126819,79973.90393126819,79973.90393126819,0,1
1371035880000,1371035939999,79973.90393126819,79973.90393126819,79973.90393126819,79973.90393126819,0,1
1371035940000,1371035999999,79973.90393126819,79973.90393126819,79973.90393126819,79973.90393126819,0,1
1371036000000,1371036059999,79973.90393126819,79973.90393126819,79973.90393126819,79973.90393126819,0,1
1371036060000,1371036119999,79973.90393126819,79973.90393126819,79973.90393126819,79973.90393126819,0,1
1371036120000,1371036179999,79973.90393126819,79973.90393126819,79973.90393126819,79973.90393126819,0,1
1371036180000,1371036239999,79973.90393126819,79973.90393126819,79973.90393126819,79973.90393126819,0,1
1371036240000,1371036299999,79973.90393126819,79973.90393126819,79973.90393126819,79973.90393126819,0,1
1371036300000,1371036359999,79973.90393126819,79973.90393126819,79973.90393126819,79973.90393126819,0,1
1371036360000,1371036419999,79973.90393126819,79973.90393126819,79973.90393126819,79973.90393126819,0,1
1371036420000,1371036479999,79973.90393126819,79973.90393126819,79973.90393126819,79973.90393126819,0,1
1371036480000,1371036539999,79973.90393126819,79973.90393126819,79973.90393126819,79973.90393126819,0,1
1371036540000,1371036599999,79973.90393126819,79973.90393126819,79973.90393126819,79973.90393126819,0,1
1371036600000,1371036659999,79973.90393126819,79973.90393126819,79973.90393126819,79973.90393126819,0,1
1371036660000,1371036719999,79973.90393126819,79973.90393126819,79973.90393126819,79973.90393126819,0,1
1371036720000,1371036779999,79973.90393126819,79973.90393126819,79973.90393126819,79973.90393126819,0,1
1371036780000,1371036839999,79973.90393126819,79973.90393126819,79973.90393126819,79973.90393126819,0,1
1371036840000,1371036899999,79973.90393126819,79973.90393126819,79973.90393126819,79973.90393126819,0,1
1371036900000,1371036959999,79973.90393126819,79973.90393126819,79973.90393126819,79973.90393126819,0,1
1371036960000,1371037019999,79973.90393126819,79973.90393126819,79973.90393126819,79973.90393126819,0,1
1371037020000,1371037079999,79973.90393126819,79973.90393126819,79973.90393126819,79973.90393126819,0,1
1371037080000,1371037139999,79973.90393126819,79973.90393126819,79973.90393126819,79973.90393126819,0,1
1371037140000,1371037199999,79973.90393126819,79973.90393126819,79973.90393126819,79973.90393126819,0,1
1371037200000,1371037259999,79973.90393126819,79973.90393126819,79973.90393126819,79973.90393126819,0,1
1371037260000,1371037319999,79973.90393126819,79973.90393126819,79973.90393126819,79973.90393126819,0,1
1371037320000,1371037379999,79973.90393126819,79973.90393126819,79973.90393126819,79973.90393126819,0,1
1371037380000,1371037439999,79973.90393126819,79973.90393126819,79973.90393126819,79973.90393126819,0,1
1371037440000,1371037499999,79973.90393126819,79973.90393126819,79973.90393126819,79973.90393126819,0,1
1371037500000,1371037559999,79973.90393126819,79973.90393126819,79973.90393126819,79973.90393126819,0,1
1371037560000,1371037619999,79985.68567691071,79985.68567691071,79985.68567691071,79985.68567691071,0,1
1371037620000,1371037679999,79985.12463608912,79985.5714555827,79985.12463608912,79985.16831105533,0,1
1371037680000,1371037739999,79985.27917742054,79987.16707653037,79985.27917742054,79986.90171722294,0,1
1371037740000,1371037799999,79987.0763849009,79987.1368460786,79985.7125523277,79986.08208198703,0,1
1371037800000,1371037859999,79985.58825291865,79985.88052204746,79985.23886252087,79985.27917742054,0,1
1371037860000,1371037919999,79985.43707587941,79985.43707587941,79984.04277989164,79985.30941348865,0,1
1371037920000,1371037979999,79985.67223917512,79985.67223917512,79984.07973964296,79984.50644687936,0,1
1371037980000,1371038039999,79984.90625839685,79987.20066581405,79984.90625839685,79986.22989002739,0,1
1371038040000,1371038099999,79986.04177032413,79986.40121024958,79984.06293977292,79985.6252069584,0,1
1371038100000,1371038159999,79985.39340208702,79987.35853393606,79985.29933480943,79986.74720096463,0,1
1371038160000,1371038219999,79987.1637175958,79988.05379579395,79986.95546144879,79986.95546144879,0,1
1371038220000,1371038279999,79985.92419371246,79986.92523035729,79984.54340491704,79984.54340491704,0,1
1371038280000,1371038339999,79984.22421736021,79984.25109670522,79983.52196887115,79984.25109670522,0,1
1371038340000,1371038399999,79984.05621981701,79985.3497281039,79982.51387047989,79982.51387047989,0,1
1371038400000,1371038459999,79982.55083588246,79984.22757728229,79981.81486260031,79983.91845972554,0,1
1371038460000,1371038519999,79983.42116360507,79984.3418139612,79981.7543692366,79983.49844773329,0,1
1371038520000,1371038579999,79984.07301969833,79984.4694887051,79983.73029653428,79983.88149937811,0,1
1371038580000,1371038639999,79984.09989944975,79985.6621608616,79984.09989944975,79984.66099776457,0,1
1371038640000,1371038699999,79984.06293977292,79985.3866830251,79984.06293977292,79985.3866830251,0,1
1371038700000,1371038759999,79985.23550293855,79985.23550293855,79984.04613987467,79984.69123570186,0,1
1371038760000,1371038819999,79984.14021894141,79986.23996776876,79984.07637967121,79984.07637967121,0,1
1371038820000,1371038879999,79984.64083908891,79984.64083908891,79983.63957373059,79984.24773679105,0,1
1371038880000,1371038939999,79983.7202162634,79983.95205992283,79982.1878969237,79982.1878969237,0,1
1371038940000,1371038999999,79982.15765141588,79982.15765141588,79980.204942261,79981.2199952967,0,1
1371039000000,1371039059999,79981.89215914362,79982.19125753004,79980.34275351907,79980.76289807238,0,1
1371039060000,1371039119999,79980.98472727601,79982.31559917047,79980.08393568799,79980.65534274778,0,1
1371039120000,1371039179999,79980.31250243,79980.66206498946,79980.31250243,79980.6150092028,0,1
1371039180000,1371039239999,79979.56291844035,79981.27377006714,79978.24512786226,79981.27377006714,0,1
1371039240000,1371039299999,79980.88725747443,79980.95447812892,79980.04696116528,79980.04696116528,0,1
1371039300000,1371039359999,79979.20323263091,79980.50745228755,79978.63174258813,79980.50745228755,0,1
1371039360000,1371039419999,79980.00662516642,79981.12588875263,79979.13600020336,79980.28897374187,0,1
1371039420000,1371039479999,79979.99654114127,79980.43350623724,79978.92757680535,79979.61670212238,0,1
1371039480000,1371039539999,79978.83008695059,79979.0687673238,79978.31909009647,79978.37960424484,0,1
1371039540000,1371039599999,79978.69897840598,79979.63350946369,79978.69897840598,79979.11919202586,0,1
1371039600000,1371039659999,79979.04523570916,79979.5192189857,79978.62165717645,79978.95110869686,0,1
1371039660000,1371039719999,79978.75612849575,79978.75612849575,79977.62315106852,79978.07030586131,0,1
1371039720000,1371039779999,79977.32391601751,79977.93918735489,79975.26601224752,79975.66619337157,0,1
1371039780000,1371039839999,79975.70318409547,79977.96272157239,79975.4139802434,79975.4139802434,0,1
1371039840000,1371039899999,79974.27389754076,79975.53504333878,79973.7660312467,79975.34335942756,0,1
1371039900000,1371039959999,79975.40725447288,79976.12016097282,79974.0922794446,79974.0922794446,0,1
1371039960000,1371040019999,79974.86917817623,79976.23449030519,79974.53286578774,79976.23449030519,0,1
1371040020000,1371040079999,79975.84105740637,79977.94591142268,79975.84105740637,79977.94591142268,0,1
1371040080000,1371040139999,79977.00786028543,79977.55590801683,79976.74223125317,79977.4785779484,0,1
1371040140000,1371040199999,79976.79939252681,79977.14571560963,79975.73008635418,79976.8498286734,0,1
1371040200000,1371040259999,79976.43288222102,79977.13562869914,79975.89486110961,79976.22103986335,0,1
1371040260000,1371040319999,79975.9150374237,79975.9150374237,79974.07882612107,79975.4139802434,0,1
1371040320000,1371040379999,79975.37698844969,79975.4139802434,79973.43977240469,79973.43977240469,0,1
1371040380000,1371040439999,79974.36470535191,79974.45887554435,79973.94429189035,79974.45887554435,0,1
1371040440000,1371040499999,79974.55304485,79975.25256050297,79973.98465234961,79973.98465234961,0,1
1371040500000,1371040559999,79974.36470535191,79974.36470535191,79973.7626678078,79973.79293871729,0,1
1371040560000,1371040619999,79973.26822998097,79973.73576025575,79970.69137596904,79971.66029715008,0,1
1371040620000,1371040679999,79973.36241049947,79974.15281917648,79973.30859316894,79973.30859316894,0,1
1371040680000,1371040739999,79973.41622754037,79973.75594092657,79971.73094398068,79972.00343422362,0,1
1371040740000,1371040799999,79971.82513897847,79972.41720150583,79970.70483385058,79971.56946477736,0,1
1371040800000,1371040859999,79971.46181052647,79971.46181052647,79969.50028171878,79969.50028171878,0,1
1371040860000,1371040919999,79969.90069363838,79970.72165617705,79967.40711140278,79970.01845879883,0,1
1371040920000,1371040979999,79969.5507546926,79969.5507546926,79968.23500927298,79968.67248859793,0,1
1371040980000,1371041039999,79967.51480931284,79971.79149800968,79967.51480931284,79970.3481938702,0,1
1371041040000,1371041099999,79970.8663270164,79971.21285563237,79969.99154117015,79970.56352519109,0,1
1371041100000,1371041159999,79970.9100643,79972.26582521784,79969.05610856385,79971.64011224966,0,1
1371041160000,1371041219999,79970.8528693522,79972.68630924885,79970.22706796453,79971.118654867,0,1
1371041220000,1371041279999,79971.59301399025,79972.56521166067,79970.79903851426,79971.63338394047,0,1
1371041280000,1371041339999,79971.08164718068,79971.99670615888,79970.17659840414,79971.14556946195,0,1
1371041340000,1371041399999,79970.42221453474,79971.93615337249,79970.42221453474,79971.81504669972,0,1
1371041400000,1371041459999,79971.07828283876,79971.71412335201,79969.11331378912,79969.11331378912,0,1
1371041460000,1371041519999,79970.28763110076,79970.28763110076,79967.07727933775,79967.39028349955,0,1
1371041520000,1371041579999,79968.81045887677,79970.12949325131,79967.10757049128,79969.6416054035,0,1
1371041580000,1371041639999,79970.0487410445,79972.00343422362,79969.78292709104,79970.89660669465,0,1
1371041640000,1371041699999,79972.60221385708,79972.88813530371,79971.37097635082,79972.88813530371,0,1
1371041700000,1371041759999,79972.54839243522,79972.70985583181,79971.61656314769,79971.76122104103,0,1
1371041760000,1371041819999,79970.83268282193,79972.43738483776,79970.74184293144,79972.43738483776,0,1
1371041820000,1371041879999,79973.55413238569,79979.0082573457,79973.55413238569,79976.48668274013,0,1
1371041880000,1371041939999,79977.24994642238,79980.35955964013,79976.57074547178,79980.35955964013,0,1
1371041940000,1371041999999,79982.16437264775,79982.16437264775,79977.61306463959,79979.868809276,0,1
1371042000000,1371042059999,79980.00326382583,79983.35395952982,79980.00326382583,79982.51723097668,0,1
1371042060000,1371042119999,79982.30887804025,79982.34584420058,79980.34275351907,79981.89215914362,0,1
1371042120000,1371042179999,79980.90070164147,79982.04002912693,79980.06376778346,79982.04002912693,0,1
1371042180000,1371042239999,79981.41828832979,79981.79805892488,79979.0754906321,79979.29735727009,0,1
1371042240000,1371042299999,79978.9712788455,79979.83855675315,79977.43823158834,79979.83855675315,0,1
1371042300000,1371042359999,79980.15788432327,79983.54548995369,79979.52258048899,79980.8637301386,0,1
1371042360000,1371042419999,79981.17294213538,79981.17294213538,79979.35786549887,79980.27552875239,0,1
1371042420000,1371042479999,79981.76109073953,79982.57435924931,79980.86709118997,79980.8973406014,0,1
1371042480000,1371042539999,79981.63002061752,79982.45002082633,79980.9880882867,79982.02994715207,0,1
1371042540000,1371042599999,79982.11060266632,79985.19854745865,79982.11060266632,79983.84789894371,0,1
1371042600000,1371042659999,79983.5992522203,79985.41019972204,79983.5992522203,79985.41019972204,0,1
1371042660000,1371042719999,79986.25004549998,79990.19301820989,79986.25004549998,79988.62474764473,0,1
1371042720000,1371042779999,79987.80861234719,79989.54491907936,79987.80861234719,79988.70870840282,0,1
1371042780000,1371042839999,79987.75487270634,79990.40792263787,79987.66418640754,79989.2090999005,0,1
1371042840000,1371042899999,79989.49118876859,79989.64230453182,79988.06387169742,79989.30313040735,0,1
1371042900000,1371042959999,79989.18559213563,79989.18559213563,79985.83685019174,79986.18957896033,0,1
1371042960000,1371043019999,79985.39340208702,79988.7825932868,79985.39340208702,79987.44586416693,0,1
1371043020000,1371043079999,79987.56006408733,79987.5667816891,79985.72934942663,79986.50198547983,0,1
1371043080000,1371043139999,79985.97458385817,79985.97458385817,79984.07637967121,79985.3665258123,0,1
1371043140000,1371043199999,79984.05285983735,79984.41573111688,79982.34920475383,79982.34920475383,0,1
1371043200000,1371043259999,79982.87007685515,79982.87007685515,79981.21327343008,79981.21327343008,0,1
1371043260000,1371043319999,79981.79469818641,79983.74373687964,79981.43173178294,79983.62277312105,0,1
1371043320000,1371043379999,79983.13890345395,79983.13890345395,79981.95937304346,79981.95937304346,0,1
1371043380000,1371043439999,79982.1878969237,79982.6852543763,79980.37636573294,79980.53098046161,0,1
1371043440000,1371043499999,79980.28561249621,79982.68189393597,79980.28561249621,79982.09379948783,0,1
1371043500000,1371043559999,79981.81486260031,79985.60840968453,79981.81486260031,79984.15701868161,0,1
1371043560000,1371043619999,79985.24894126102,79987.17715332731,79984.61732058262,79987.17715332731,0,1
1371043620000,1371043679999,79987.64739255825,79989.61543967415,79987.28127963455,79988.14111995332,0,1
1371043680000,1371043739999,79987.7078502837,79988.02356802266,79986.16942336585,79987.30479187645,0,1
1371043740000,1371043799999,79986.80430507736,79987.9228081251,79984.2074177329,79985.04400488116,0,1
1371043800000,1371043859999,79985.46731147009,79987.33838069756,79981.45525778244,79982.29207519491,0,1
1371043860000,1371043919999,79982.65837082207,79989.13521816769,79982.65837082207,79984.39221208115,0,1
1371043920000,1371043979999,79985.80661571836,79988.40644637453,79975.98229150998,79980.65534274778,0,1
1371043980000,1371044039999,79979.95620493902,79986.12239348743,79978.3291758133,79985.29933480943,0,1
1371044040000,1371044099999,79985.46731147009,79985.46731147009,79973.88711429421,79975.00706298626,0,1
1371044100000,1371044159999,79975.44760902802,79979.17633971413,79974.06537277944,79979.17633971413,0,1
1371044160000,1371044219999,79978.51744066026,79979.05868235287,79974.25371791518,79977.26003321758,0,1
1371044220000,1371044279999,79975.15503481377,79976.70188192211,79967.93885855917,79967.93885855917,0,1
1371044280000,1371044339999,79967.37345556803,79974.5362289676,79967.37345556803,79972.36337908819,0,1
1371044340000,1371044399999,79973.92411159963,79975.47451197429,79970.19342161925,79970.19342161925,0,1
1371044400000,1371044459999,79969.99154117015,79972.19181819861,79965.93624573173,79965.93624573173,0,1
1371044460000,1371044519999,79964.88260941471,79971.89578464453,79964.05780064783,79966.67338852285,0,1
1371044520000,1371044579999,79967.40374582441,79970.33137091548,79962.2968587717,79970.33137091548,0,1
1371044580000,1371044639999,79970.80240295012,79977.7643600053,79970.80240295012,79972.73340235933,0,1
1371044640000,1371044699999,79971.76122104103,79972.20191009712,79965.01726561051,79969.28829244677,0,1
1371044700000,1371044759999,79969.0695686463,79970.38856884606,79959.94957649788,79960.81513781747,0,1
1371044760000,1371044819999,79961.74460662671,79961.74460662671,79951.39771185226,79956.85382390296,0,1
1371044820000,1371044879999,79957.3524429305,79963.49554506685,79957.08292221915,79958.87509849864,0,1
1371044880000,1371044939999,79958.198017016,79960.2729077801,79954.8961669055,79960.2729077801,0,1
1371044940000,1371044999999,79961.10139647576,79962.70429354727,79952.12581491153,79952.12581491153,0,1
1371045000000,1371045059999,79951.5291788265,79953.89865898948,79948.99054941988,79953.09990692961,0,1
1371045060000,1371045119999,79953.3021286725,79953.81103529685,79948.16105670478,79953.81103529685,0,1
1371045120000,1371045179999,79953.44705173942,79957.1637791953,79951.72469061738,79954.78159335162,0,1
1371045180000,1371045239999,79954.1985958174,79955.37803542321,79946.99762782565,79953.92224985248,0,1
1371045240000,1371045299999,79953.55490010059,79953.77733367216,79947.31126111046,79950.01888998089,0,1
1371045300000,1371045359999,79950.00540423162,79955.46901498499,79947.32812283639,79955.46901498499,0,1
1371045360000,1371045419999,79953.80766513948,79960.4749845228,79953.14035160534,79958.47424484874,0,1
1371045420000,1371045479999,79958.83130854556,79960.43793742567,79952.12244418617,79952.12244418617,0,1
1371045480000,1371045539999,79953.06957331547,79955.61053710255,79945.65192821919,79945.8239450303,0,1
1371045540000,1371045599999,79946.35346840371,79949.04786954554,79939.02534248008,79942.95998561215,0,1
1371045600000,1371045659999,79943.59086925599,79943.59086925599,79927.11749952631,79929.08060165972,0,1
1371045660000,1371045719999,79927.81696220748,79928.70220231592,79921.18192467451,79921.18192467451,0,1
1371045720000,1371045779999,79919.85303607146,79925.00529838014,79918.96024837511,79923.45043327169,0,1
1371045780000,1371045839999,79922.85208380331,79922.85208380331,79913.3988215296,79918.38530501533,0,1
1371045840000,1371045899999,79916.69748620932,79920.37379208757,79916.69748620932,79919.6230832253,0,1
1371045900000,1371045959999,79920.55976980712,79920.55976980712,79912.60698006804,79912.60698006804,0,1
1371045960000,1371046019999,79913.29730689745,79918.56117355224,79909.66240407416,79914.50864761964,0,1
1371046020000,1371046079999,79913.3988215296,79913.3988215296,79906.97429845131,79906.97429845131,0,1
1371046080000,1371046139999,79908.06113849544,79911.2871049466,79904.43110521299,79909.81473099483,0,1
1371046140000,1371046199999,79909.84858110652,79914.76916821086,79909.84858110652,79911.6255510728,0,1
1371046200000,1371046259999,79912.93184568876,79912.93184568876,79905.32519093812,79910.57294603511,0,1
1371046260000,1371046319999,79909.42206132508,79909.42206132508,79904.34304699162,79907.5329693024,0,1
1371046320000,1371046379999,79909.49991946788,79916.5012883878,79908.68745683225,79911.60524462824,0,1
1371046380000,1371046439999,79911.11787758797,79916.58923961139,79911.11787758797,79915.93973541628,0,1
1371046440000,1371046499999,79918.20266903014,79922.2063670939,79916.09873253015,79918.57470177312,0,1
1371046500000,1371046559999,79919.89699704292,79921.34083846159,79917.23193661177,79918.04370536501,0,1
1371046560000,1371046619999,79917.2556141334,79918.956866452,79912.77279821393,79918.37177653822,0,1
1371046620000,1371046679999,79918.27369453185,79922.10832269092,79915.11087973566,79922.10832269092,0,1
1371046680000,1371046739999,79921.38479289302,79921.38479289302,79907.33997744614,79907.78012887185,0,1
1371046740000,1371046799999,79907.03185992062,79911.18895342741,79901.8703265055,79906.01602061468,0,1
1371046800000,1371046859999,79908.1288504771,79915.15824476814,79903.26596446167,79915.09396359825,0,1
1371046860000,1371046919999,79916.4573124859,79920.52933732606,79914.9417170739,79918.28045883904,0,1
1371046920000,1371046979999,79918.80129675237,79923.99466356034,79918.38530501533,79922.24355609872,0,1
1371046980000,1371047039999,79921.00948345287,79921.73642138943,79918.52735291996,79920.16414032929,0,1
1371047040000,1371047099999,79919.83950957983,79923.53832339823,79918.91628328542,79919.96801051164,0,1
1371047100000,1371047159999,79919.43370632266,79923.30507482876,79917.54988722393,79920.0660759013,0,1
1371047160000,1371047219999,79922.02041999515,79927.28645634637,79921.39493619591,79926.27267260381,0,1
1371047220000,1371047279999,79926.18818598591,79930.61094580263,79924.59294466847,79929.50966216424,0,1
1371047280000,1371047339999,79928.3136523758,79930.79673323312,79928.0230747277,79930.51636178483,0,1
1371047340000,1371047399999,79929.5738507354,79933.70470113627,79927.78993074218,79932.98876428024,0,1
1371047400000,1371047459999,79932.91108880332,79933.62703122024,79928.43528702384,79933.62703122024,0,1
1371047460000,1371047519999,79933.09007921298,79938.09038402852,79933.09007921298,79937.46590460364,0,1
1371047520000,1371047579999,79935.56184554235,79935.56184554235,79933.56624564776,79933.56624564776,0,1
1371047580000,1371047639999,79934.51851050237,79940.7161464175,79933.85666227069,79936.85826556805,0,1
1371047640000,1371047699999,79935.47743736941,79939.19409823044,79931.22572011311,79932.21535980231,0,1
1371047700000,1371047759999,79932.1849627715,79934.51851050237,79930.60418983104,79931.90463024307,0,1
1371047760000,1371047819999,79931.20883121387,79936.71310189008,79931.20883121387,79932.91108880332,0,1
1371047820000,1371047879999,79932.46866479928,79937.0371853416,79927.77641498213,79932.70845428438,0,1
1371047880000,1371047939999,79932.83003548847,79934.12005610019,79928.47921028316,79929.94546068147,0,1
1371047940000,1371047999999,79930.54676388812,79933.63378514993,79921.55722764294,79921.55722764294,0,1
1371048000000,1371048059999,79921.80742179701,79925.70490881232,79919.91728665687,79919.91728665687,0,1
1371048060000,1371048119999,79918.02002970933,79918.02002970933,79909.38143944471,79912.68819746263,0,1
1371048120000,1371048179999,79913.22286217893,79921.62484830187,79913.22286217893,79919.37959797746,0,1
1371048180000,1371048239999,79921.3239328596,79923.75128473206,79917.88473917288,79923.56536635867,0,1
1371048240000,1371048299999,79925.01543801131,79926.97557359138,79921.88180263569,79923.35578150231,0,1
1371048300000,1371048359999,79923.04139598148,79923.08534293884,79917.7798877482,79918.55440943495,0,1
1371048360000,1371048419999,79919.8056932707,79922.96364319914,79916.7719050657,79920.999339759,0,1
1371048420000,1371048479999,79918.77424090539,79918.77424090539,79906.47316107253,79906.91335065209,0,1
1371048480000,1371048539999,79906.06004245697,79913.5815452706,79904.79010378313,79911.38525550246,0,1
1371048540000,1371048599999,79911.7473888742,79918.58484792677,79909.73349025923,79918.58484792677,0,1
1371048600000,1371048659999,79919.24094400654,79919.24094400654,79911.48340509496,79914.23796968644,0,1
1371048660000,1371048719999,79913.66613846448,79917.24546663101,79908.3692243092,79913.54770779269,0,1
1371048720000,1371048779999,79912.86078223604,79917.18796392287,79911.63908867959,79915.05336475173,0,1
1371048780000,1371048839999,79913.90299560038,79914.6642841137,79906.87610459192,79911.78800114479,0,1
1371048840000,1371048899999,79912.79987030318,79914.48834702879,79901.30117550585,79904.59705898404,0,1
1371048900000,1371048959999,79905.35905625035,79906.39189318512,79899.24789733502,79901.76869477417,0,1
1371048960000,1371049019999,79902.52752009938,79904.50222859497,79898.03131748513,79901.80934759065,0,1
1371049020000,1371049079999,79900.73199211109,79903.11015046564,79897.89914530137,79899.0242475191,0,1
1371049080000,1371049139999,79898.58032170344,79902.03632277872,79896.59766435657,79896.59766435657,0,1
1371049140000,1371049199999,79897.33993596223,79901.12839111418,79896.40785089912,79899.84766078442,0,1
1371049200000,1371049259999,79900.71505163265,79903.3269344949,79896.71290648368,79899.71212416785,0,1
1371049260000,1371049319999,79901.08095958244,79905.16602243438,79897.4822831246,79904.63770030407,0,1
1371049320000,1371049379999,79903.58774655187,79905.2574599696,79901.09112350104,79901.8127353179,0,1
1371049380000,1371049439999,79902.40895743792,79902.7002803182,79897.45855873825,79901.19953798996,0,1
1371049440000,1371049499999,79900.02046730636,79905.308258239,79899.00730414741,79905.16263584295,0,1
1371049500000,1371049559999,79904.31595199826,79905.29471205905,79899.82394200913,79904.43449205218,0,1
1371049560000,1371049619999,79905.07119744067,79911.5747848841,79903.68258561337,79911.44279158732,0,1
1371049620000,1371049679999,79911.84891924141,79916.45392971621,79911.8116915598,79915.57437076709,0,1
1371049680000,1371049739999,79916.0446061369,79916.0446061369,79910.88433913,79912.62051634627,0,1
1371049740000,1371049799999,79911.93352709332,79912.73557397154,79908.10176573944,79909.797805896,0,1
1371049800000,1371049859999,79909.30696556879,79911.84215058234,79909.30696556879,79911.40556239375,0,1
1371049860000,1371049919999,79911.40556239375,79911.40556239375,79911.40556239375,79911.40556239375,0,1
1371049920000,1371049979999,79911.40556239375,79911.40556239375,79911.40556239375,79911.40556239375,0,1
1371049980000,1371050039999,79911.40556239375,79911.40556239375,79911.40556239375,79911.40556239375,0,1
1371050040000,1371050099999,79911.40556239375,79911.40556239375,79911.40556239375,79911.40556239375,0,1
1371050100000,1371050159999,79911.40556239375,79911.40556239375,79911.40556239375,79911.40556239375,0,1
1371050160000,1371050219999,79911.40556239375,79911.40556239375,79911.40556239375,79911.40556239375,0,1
1371050220000,1371050279999,79911.40556239375,79911.40556239375,79911.40556239375,79911.40556239375,0,1
1371050280000,1371050339999,79899.87815626999,79901.47734475302,79899.87815626999,79901.47734475302,0,1
1371050340000,1371050399999,79903.03901718202,79908.18301973233,79902.42928256543,79904.79349050074,0,1
1371050400000,1371050459999,79905.96861226011,79911.09080094482,79905.96861226011,79910.32585548404,0,1
1371050460000,1371050519999,79911.43263818463,79912.88447010971,79909.2087946122,79910.73202850162,0,1
1371050520000,1371050579999,79909.98398040753,79914.84021810327,79909.23587635165,79913.51725396467,0,1
1371050580000,1371050639999,79913.40220533292,79915.0702809578,79910.81326112544,79911.6458574761,0,1
1371050640000,1371050699999,79911.63570427962,79913.44619467195,79910.97910901687,79911.7846167952,0,1
1371050700000,1371050759999,79911.93014279299,79912.19749899048,79909.45929790378,79911.88953109967,0,1
1371050760000,1371050819999,79910.1938457011,79910.94864736547,79905.09151715788,79905.86024946281,0,1
1371050820000,1371050879999,79904.9933048089,79907.69210013656,79901.55526477624,79907.06910540066,0,1
1371050880000,1371050939999,79907.08603511847,79908.72131076,79906.16840308928,79906.16840308928,0,1
1371050940000,1371050999999,79905.0305578824,79906.4663887738,79902.88997437556,79903.08982672195,0,1
1371051000000,1371051059999,79902.76464120527,79905.0508776822,79899.67485127624,79899.67485127624,0,1
1371051060000,1371051119999,79901.00642386373,79904.31595199826,79900.16277631749,79902.64608135515,0,1
1371051120000,1371051179999,79903.03562987017,79904.75284981386,79899.67146282466,79900.894619244,0,1
1371051180000,1371051239999,79900.47449374161,79908.77886217415,79896.41463001323,79908.77886217415,0,1
1371051240000,1371051299999,79909.48976409233,79912.69834959059,79904.50222859497,79904.50222859497,0,1
1371051300000,1371051359999,79906.1142229199,79908.53172728843,79903.81129432963,79908.53172728843,0,1
1371051360000,1371051419999,79908.0306679541,79913.49356758986,79906.71696077212,79909.97721048602,0,1
1371051420000,1371051479999,79911.08403177258,79915.58113690044,79909.84858110652,79913.06043541478,0,1
1371051480000,1371051539999,79913.47326493823,79913.56462654597,79907.7598146171,79907.7598146171,0,1
1371051540000,1371051599999,79908.57912349328,79909.6217831701,79893.2313304099,79896.73663263909,0,1
1371051600000,1371051659999,79897.54328843103,79897.54328843103,79891.5596075973,79891.5596075973,0,1
1371051660000,1371051719999,79891.32561192621,79897.32298973651,79887.9032235372,79897.32298973651,0,1
1371051720000,1371051779999,79897.04167819428,79899.55286629597,79893.09570408752,79894.36712865265,0,1
1371051780000,1371051839999,79894.71631830385,79897.73646944623,79893.60768382002,79896.61800129904,0,1
1371051840000,1371051899999,79896.44852551474,79896.73324319176,79894.29254287493,79894.7637800336,0,1
1371051900000,1371051959999,79895.16719564174,79895.16719564174,79888.58508115508,79893.02789023655,0,1
1371051960000,1371052019999,79894.32305530578,79895.22482511439,79880.98364058761,79881.54376530887,0,1
1371052020000,1371052079999,79882.61979568112,79884.86652681557,79877.81240361226,79879.80218375492,0,1
1371052080000,1371052139999,79879.25214761196,79879.75804616854,79872.15328805638,79877.10943441612,0,1
1371052140000,1371052199999,79876.41320848679,79876.57623158717,79871.88825697127,79876.57623158717,0,1
1371052200000,1371052259999,79876.37924500635,79880.69507924412,79875.33311331508,79879.36079912446,0,1
1371052260000,1371052319999,79879.16386738881,79880.62718124728,79870.3217118474,79872.2756077266,0,1
1371052320000,1371052379999,79871.30040654812,79871.30040654812,79866.86153007517,79869.53664790932,0,1
1371052380000,1371052439999,79868.48640107486,79869.44488316626,79861.6622087602,79864.4101267535,0,1
1371052440000,1371052499999,79865.30099747141,79866.24278593519,79862.61114203576,79862.61114203576,0,1
1371052500000,1371052559999,79862.63835026407,79865.55260307215,79861.75404494825,79863.61099579948,0,1
1371052560000,1371052619999,79864.16869392103,79864.59374782217,79855.55150688048,79857.37217886321,0,1
1371052620000,1371052679999,79857.19523089577,79857.19523089577,79848.86492548302,79850.51655916532,0,1
1371052680000,1371052739999,79851.16351655897,79858.58350778438,79851.06817809893,79857.66141399114,0,1
1371052740000,1371052799999,79858.30790932316,79858.41678863521,79856.834519573,79858.26027425136,0,1
1371052800000,1371052859999,79858.55288610823,79858.55288610823,79850.30884291524,79852.59348439735,0,1
1371052860000,1371052919999,79854.27173342586,79861.0091270989,79854.27173342586,79860.66216011754,0,1
1371052920000,1371052979999,79861.98193110518,79862.968244142,79860.18250946641,79861.75404494825,0,1
1371052980000,1371053039999,79861.08055998303,79865.33839870452,79860.47506508262,79863.85244209682,0,1
1371053040000,1371053099999,79862.83560770545,79865.29759735237,79861.72343297927,79864.11768623877,0,1
1371053100000,1371053159999,79863.59059161988,79863.93065584445,79861.68261687487,79862.36286353256,0,1
1371053160000,1371053219999,79863.16209423094,79864.65155375711,79857.23606532002,79857.23606532002,0,1
1371053220000,1371053279999,79858.7230053448,79863.59399231938,79858.49844734129,79861.93431353144,0,1
1371053280000,1371053339999,79862.48530301686,79862.48530301686,79855.90205454317,79859.77768002116,0,1
1371053340000,1371053399999,79859.30819341828,79859.30819341828,79856.62012837679,79856.62012837679,0,1
1371053400000,1371053459999,79857.09654701546,79857.09654701546,79851.70148083419,79852.66497742193,0,1
1371053460000,1371053519999,79851.59933794446,79855.41196507112,79850.64254888694,79851.67083807683,0,1
1371053520000,1371053579999,79850.91154865558,79853.77135192743,79848.50050771104,79849.22251879831,0,1
1371053580000,1371053639999,79849.99555778694,79852.573057725,79841.2638950429,79843.37681854282,0,1
1371053640000,1371053699999,79843.17236158562,79846.53174092928,79838.2061814423,79838.56756532441,0,1
1371053700000,1371053759999,79838.87098132841,79845.30191656266,79838.69711485683,79841.24685352243,0,1
1371053760000,1371053819999,79842.97471588665,79843.8334239881,79841.2366285962,79841.5672292482,0,1
1371053820000,1371053879999,79840.61288832554,79841.0253111135,79833.11814673936,79833.73894378156,0,1
1371053880000,1371053939999,79834.61208758413,79840.39133187098,79833.58886451242,79838.39028429716,0,1
1371053940000,1371053999999,79838.68347814298,79843.57786380783,79835.48856542609,79843.57786380783,0,1
1371054000000,1371054059999,79843.80957198094,79845.24059172123,79837.698176356,79842.95767728143,0,1
1371054060000,1371054119999,79843.43133969209,79844.06171889264,79841.34228566302,79841.88759471025,0,1
1371054120000,1371054179999,79840.75945374391,79843.12806202723,79838.71756989273,79842.44309772603,0,1
1371054180000,1371054239999,79842.75661954735,79845.15882468098,79842.50784760322,79845.15882468098,0,1
1371054240000,1371054299999,79844.76701500232,79848.48688435924,79844.76701500232,79848.32680858551,0,1
1371054300000,1371054359999,79848.41876732193,79848.41876732193,79842.07503782766,79843.47223035897,0,1
1371054360000,1371054419999,79844.26275038868,79847.30498794548,79843.61875387556,79843.61875387556,0,1
1371054420000,1371054479999,79844.83174983396,79847.62857577839,79844.83174983396,79845.59150101071,0,1
1371054480000,1371054539999,79845.49951627132,79847.56045289425,79844.72612962958,79847.56045289425,0,1
1371054540000,1371054599999,79847.02907847034,79848.70485576072,79845.77206118673,79845.77206118673,0,1
1371054600000,1371054659999,79845.37686863593,79845.37686863593,79837.340170693,79841.24685352243,0,1
1371054660000,1371054719999,79842.26929335104,79842.26929335104,79836.27971680752,79841.85351376595,0,1
1371054720000,1371054779999,79842.12615806809,79850.07047468876,79842.12615806809,79848.32680858551,0,1
1371054780000,1371054839999,79849.0318039548,79850.1147435033,79846.89963683386,79846.92007509837,0,1
1371054840000,1371054899999,79846.99160869524,79846.99160869524,79842.01028514796,79845.3223580929,0,1
1371054900000,1371054959999,79844.2184556604,79848.2757200332,79841.92167553838,79844.84197108485,0,1
1371054960000,1371055019999,79843.77549758632,79848.51753687467,79843.77549758632,79845.65623050531,0,1
1371055020000,1371055079999,79844.53192182619,79846.80425771378,79842.9542695569,79842.9542695569,0,1
1371055080000,1371055139999,79844.0923849753,79845.18608043535,79838.36982859178,79840.3572458269,0,1
1371055140000,1371055199999,79841.50928971765,79841.50928971765,79834.48248511922,79836.5491032084,0,1
1371055200000,1371055259999,79836.15695604062,79838.78916218893,79833.92312889716,79838.14822243465,0,1
1371055260000,1371055319999,79838.84029922956,79840.0266051697,79829.61435522244,79831.52845774536,0,1
1371055320000,1371055379999,79831.5421042198,79834.99406402577,79831.33399346119,79834.99406402577,0,1
1371055380000,1371055439999,79834.80648813213,79838.33914495524,79834.80648813213,79838.13458497229,0,1
1371055440000,1371055499999,79839.58687024457,79851.49719401139,79837.97434339617,79851.49719401139,0,1
1371055500000,1371055559999,79851.70148083419,79851.70148083419,79847.15511213802,79848.26209637518,0,1
1371055560000,1371055619999,79847.69329208849,79850.08069058644,79846.82469617324,79848.80021675488,0,1
1371055620000,1371055679999,79848.66398648485,79850.0296109937,79846.70206478989,79848.89217113801,0,1
1371055680000,1371055739999,79850.40418861492,79854.23088689514,79850.40418861492,79853.8258164341,0,1
1371055740000,1371055799999,79853.51264146969,79855.44599983831,79850.41780935494,79855.09883977775,0,1
1371055800000,1371055859999,79854.41129114703,79855.71487042701,79850.5710414019,79850.5710414019,0,1
1371055860000,1371055919999,79851.75936134192,79854.96950255614,79851.30311766414,79853.88368464742,0,1
1371055920000,1371055979999,79853.1756270194,79855.9360876424,79851.5755044534,79855.72848393541,0,1
1371055980000,1371056039999,79855.41536855306,79862.43428674726,79855.41536855306,79858.9407537447,0,1
1371056040000,1371056099999,79860.46485979822,79862.934234967,79860.46485979822,79861.45812532271,0,1
1371056100000,1371056159999,79860.84244838488,79864.46453334758,79860.38321714809,79864.46453334758,0,1
1371056160000,1371056219999,79865.32139816135,79867.31026560989,79863.66880741557,79865.1139892075,0,1
1371056220000,1371056279999,79864.37272204836,79865.75320300195,79862.3356545547,79863.97486334425,0,1
1371056280000,1371056339999,79864.17549492567,79865.70220340128,79863.66540674152,79865.39960042061,0,1
1371056340000,1371056399999,79865.31119782157,79865.41660083084,79862.37646799374,79864.40672633154,0,1
1371056400000,1371056459999,79864.26390756515,79865.86200128077,79861.1519923569,79862.44789111127,0,1
1371056460000,1371056519999,79862.11117766237,79863.65180403377,79861.61799103553,79861.75744627234,0,1
1371056520000,1371056579999,79861.6622087602,79861.86628803275,79856.67457737,79860.2947701916,0,1
1371056580000,1371056639999,79860.13488332347,79861.93431353144,79859.14148635067,79861.93431353144,0,1
1371056640000,1371056699999,79861.2268257251,79865.5084025466,79859.189117225,79861.86628803275,0,1
1371056700000,1371056759999,79862.23021906616,79862.23021906616,79857.82134041139,79858.89992628088,0,1
1371056760000,1371056819999,79860.33559196103,79872.04795603029,79860.33559196103,79872.04795603029,0,1
1371056820000,1371056879999,79872.81923260383,79879.39814780923,79872.26201672602,79875.39085720362,0,1
1371056880000,1371056939999,79876.00563910823,79881.6354190945,79875.36368365055,79879.14349491894,0,1
1371056940000,1371056999999,79879.32005494562,79882.06312565392,79878.11802698039,79879.7682317827,0,1
1371057000000,1371057059999,79880.68489457398,79883.13910014588,79880.49817378318,79882.36861913964,0,1
1371057060000,1371057119999,79880.77995109187,79882.64694952393,79875.76788263267,79875.76788263267,0,1
1371057120000,1371057179999,79875.9784672257,79878.70887234104,79874.66393922681,79878.70887234104,0,1
1371057180000,1371057239999,79877.87352903314,79879.53735531449,79875.94110576666,79877.91767493807,0,1
1371057240000,1371057299999,79877.02792754423,79878.47457577148,79875.32971660538,79878.24706515361,0,1
1371057300000,1371057359999,79878.75301455845,79879.3404270558,79875.3263198945,79877.40828726269,0,1
1371057360000,1371057419999,79876.20263304864,79879.57809860798,79875.96827775071,79879.57809860798,0,1
1371057420000,1371057479999,79881.1499839315,79882.07330892047,79879.126517829,79880.73242294588,0,1
1371057480000,1371057539999,79879.88366801792,79881.26879891161,79877.972008092,79877.972008092,0,1
1371057540000,1371057599999,79878.97032724934,79879.86669218456,79876.01243206732,79878.2538565903,0,1
1371057600000,1371057659999,79878.13840153949,79879.26233374141,79873.57006586772,79873.57006586772,0,1
1371057660000,1371057719999,79872.68332915507,79874.19175391404,79869.62841181032,79869.64880367398,0,1
1371057720000,1371057779999,79869.23755972044,79870.47124084806,79868.53058843948,79869.6216145132,0,1
1371057780000,1371057839999,79868.51019429545,79871.89845060442,79868.51019429545,79870.7125215661,0,1
1371057840000,1371057899999,79869.41769345103,79870.29112609455,79865.70220340128,79865.70220340128,0,1
1371057900000,1371057959999,79863.56338598234,79865.99119769945,79862.54652219682,79864.14489036835,0,1
1371057960000,1371058019999,79865.22959472882,79873.9471599502,79865.22959472882,79873.9471599502,0,1
1371058020000,1371058079999,79873.31526451849,79875.76448607064,79871.48729915776,79875.76448607064,0,1
1371058080000,1371058139999,79874.41595979211,79875.4418074166,79872.26541447791,79873.1759703695,0,1
1371058140000,1371058199999,79872.79884720426,79873.97094018145,79868.48640107486,79869.96147370957,0,1
1371058200000,1371058259999,79870.00565455672,79871.87806332772,79867.85076122411,79871.87806332772,0,1
1371058260000,1371058319999,79873.04686674278,79875.82562401073,79873.04686674278,79875.30593960511,0,1
1371058320000,1371058379999,79876.04300032617,79877.17735630187,79870.27753239659,79872.99930182856,0,1
1371058380000,1371058439999,79872.35035789963,79872.35035789963,79867.26607285265,79869.67939139147,0,1
1371058440000,1371058499999,79871.41254253304,79872.31977835094,79866.82413453831,79866.82413453831,0,1
1371058500000,1371058559999,79865.32819838208,79867.10289790326,79865.05278574339,79867.10289790326,0,1
1371058560000,1371058619999,79867.30346673688,79868.80590531307,79865.22619458551,79867.49383343413,0,1
1371058620000,1371058679999,79867.74198458063,79868.08190766287,79865.92319979242,79865.95719880372,0,1
1371058680000,1371058739999,79866.17818955968,79867.09609888925,79865.22279444103,79866.09659354157,0,1
1371058740000,1371058799999,79865.50160244842,79865.60360343578,79858.64815323726,79859.37283418658,0,1
1371058800000,1371058859999,79858.35554416805,79858.89312168738,79852.27005718555,79855.50726212736,0,1
1371058860000,1371058919999,79856.0279764318,79858.85569634031,79854.89121868827,79855.96671733269,0,1
1371058920000,1371058979999,79857.0012651035,79857.50148501321,79855.01715330608,79855.91907110727,0,1
1371058980000,1371059039999,79855.74550079486,79859.35242135751,79855.32687764634,79859.32520418729,0,1
1371059040000,1371059099999,79858.55628852131,79867.03150802563,79858.55628852131,79867.03150802563,0,1
1371059100000,1371059159999,79866.93972029122,79868.0139239708,79864.5019377093,79865.99459758266,0,1
1371059160000,1371059219999,79865.81100223496,79871.28681422207,79865.81100223496,79869.75076236847,0,1
1371059220000,1371059279999,79868.59516962117,79870.14159440063,79865.6376035337,79867.48703468591,0,1
1371059280000,1371059339999,79867.15389036098,79867.8473619719,79864.59714818055,79867.52782710588,0,1
1371059340000,1371059399999,79867.62300877197,79869.20017306785,79866.97711539583,79869.20017306785,0,1
1371059400000,1371059459999,79869.13219697775,79869.76775538315,79862.48530301686,79864.3897242044,0,1
1371059460000,1371059519999,79863.52937883131,79865.1581914764,79861.89689956442,79864.26730803566,0,1
1371059520000,1371059579999,79864.55974417496,79869.28514253067,79863.70961541394,79867.95953668437,0,1
1371059580000,1371059639999,79868.68014422481,79876.24678633049,79868.29945237172,79872.26201672602,0,1
1371059640000,1371059699999,79872.57460506623,79874.85076898568,79870.80427467753,79874.85076898568,0,1
1371059700000,1371059759999,79875.58446663193,79875.93770926345,79868.64615447,79870.92661084984,0,1
1371059760000,1371059819999,79870.91301801572,79873.9471599502,79869.26135115385,79872.66294347846,0,1
1371059820000,1371059879999,79873.24052155783,79876.57623158717,79872.44549367538,79872.81243747525,0,1
1371059880000,1371059939999,79872.19406144603,79874.75905299478,79867.53122646669,79867.53122646669,0,1
1371059940000,1371059999999,79868.91467038427,79869.7983427368,79867.48363531007,79867.68419650751,0,1
1371060000000,1371060059999,79867.51762901648,79869.66579686191,79865.14119062688,79865.14119062688,0,1
1371060060000,1371060119999,79865.76340289088,79869.36331379882,79865.44380142707,79867.57881739682,0,1
1371060120000,1371060179999,79867.54482389841,79869.49926237491,79862.35946241439,79862.83220674803,0,1
1371060180000,1371060239999,79862.2132132381,79862.67576145713,79853.83262447658,79855.48684140605,0,1
1371060240000,1371060299999,79854.41129114703,79855.85440800966,79852.30410264782,79855.85440800966,0,1
1371060300000,1371060359999,79855.43578942031,79857.88599079149,79854.90823697255,79856.06881562271,0,1
1371060360000,1371060419999,79856.3546852893,79858.43380092063,79855.82037463244,79855.90886117228,0,1
1371060420000,1371060479999,79855.6638196054,79855.6638196054,79847.91128078851,79850.38035227523,0,1
1371060480000,1371060539999,79850.92516870458,79856.57588835151,79850.39737823795,79854.38065669216,0,1
1371060540000,1371060599999,79853.55008681862,79856.79708652075,79851.71509980732,79855.66041620802,0,1
1371060600000,1371060659999,79856.19133219478,79856.19133219478,79852.59348439735,79852.59348439735,0,1
1371060660000,1371060719999,79851.88874008902,79857.14759052343,79851.87852603826,79855.18052558215,0,1
1371060720000,1371060779999,79854.30577207403,79854.30577207403,79841.65584199855,79842.44650562476,0,1
1371060780000,1371060839999,79843.10080066299,79845.2099291595,79835.62838552536,79838.15163179736,0,1
1371060840000,1371060899999,79838.94598161818,79841.2570784382,79836.12626561343,79836.99579124682,0,1
1371060900000,1371060959999,79838.34255425283,79840.06069234082,79830.16371624915,79830.16371624915,0,1
1371060960000,1371061019999,79828.78172569943,79836.71959718058,79824.98624084724,79833.60932999993,0,1
1371061020000,1371061079999,79833.92995050296,79836.70254791417,79833.04992493389,79836.70254791417,0,1
1371061080000,1371061139999,79835.47492433611,79835.47492433611,79831.37152195086,79834.7621514977,0,1
1371061140000,1371061199999,79833.97770161326,79835.13730142984,79832.08453649649,79835.13730142984,0,1
1371061200000,1371061259999,79835.20550899637,79845.18948739943,79834.75191993878,79844.6205083096,0,1
1371061260000,1371061319999,79843.6153463763,79848.46304344897,79843.6153463763,79845.09749896203,0,1
1371061320000,1371061379999,79843.7346081595,79843.7346081595,79837.98116223895,79839.35506420622,0,1
1371061380000,1371061439999,79839.81526211525,79839.81526211525,79835.27712644055,79838.81302617377,0,1
1371061440000,1371061499999,79838.80961703656,79842.31018876987,79838.79938961798,79839.60050572656,0,1
1371061500000,1371061559999,79839.62436777526,79842.27610926579,79837.89251692012,79837.89251692012,0,1
1371061560000,1371061619999,79838.1209474913,79838.1209474913,79833.50700214352,79837.34698996822,0,1
1371061620000,1371061679999,79838.3800564497,79838.3800564497,79832.45296428211,79834.82695112788,0,1
1371061680000,1371061739999,79835.413539201,79838.08685370749,79832.8111449495,79833.39785127588,0,1
1371061740000,1371061799999,79833.80033919703,79837.42882090823,79833.33645338926,79836.60707148508,0,1
1371061800000,1371061859999,79836.59343192079,79840.39133187098,79834.80307762878,79839.71981540078,0,1
1371061860000,1371061919999,79840.79012995497,79840.79012995497,79833.3330423845,79836.71618732963,0,1
1371061920000,1371061979999,79835.56359108827,79838.44824190186,79829.6280043092,79830.06476524918,0,1
1371061980000,1371062039999,79829.87027249907,79830.38208740507,79823.24160946789,79824.44342338895,0,1
1371062040000,1371062099999,79824.81213279681,79828.1537952862,79822.97869341818,79826.09568172944,0,1
1371062100000,1371062159999,79826.46774357161,79829.04107675533,79825.89769822556,79826.63499621989,0,1
1371062160000,1371062219999,79826.86368408911,79829.79520411005,79826.42336995051,79827.04116957712,0,1
1371062220000,1371062279999,79827.70671210288,79827.99680652181,79823.50793296423,79827.06847475722,0,1
1371062280000,1371062339999,79826.34486229233,79828.84997662944,79826.0854412995,79828.16062082874,0,1
1371062340000,1371062399999,79828.82950139935,79830.63457310978,79828.34490871646,79829.51198647793,0,1
1371062400000,1371062459999,79829.5768201378,79835.65907748061,79828.35173412858,79833.9094856716,0,1
1371062460000,1371062519999,79833.20683439066,79836.44339548581,79832.19370169994,79836.23197668836,0,1
1371062520000,1371062579999,79837.16286790484,79840.00274408078,79835.23620224954,79835.23620224954,0,1
1371062580000,1371062639999,79836.1978764637,79836.99579124682,79834.76556201503,79834.96678047809,0,1
1371062640000,1371062699999,79835.49538596408,79838.36982859178,79832.79750020677,79834.72122519916,0,1
1371062700000,1371062759999,79834.77238304619,79834.91903409053,79832.77362186216,79833.79351750281,0,1
1371062760000,1371062819999,79833.17613490806,79834.77238304619,79832.13911924718,79833.65367174587,0,1
1371062820000,1371062879999,79831.94125535843,79833.0328694098,79826.8500312288,79828.65887285155,0,1
1371062880000,1371062939999,79829.61776749587,79830.27972651948,79826.99679850043,79827.6623439792,0,1
1371062940000,1371062999999,79826.92170853754,79827.08212731931,79820.15788636179,79820.15788636179,0,1
1371063000000,1371063059999,79820.21594973319,79828.28689252552,79820.21594973319,79827.93878831126,0,1
1371063060000,1371063119999,79828.82950139935,79828.82950139935,79824.89748025914,79826.21173920247,0,1
1371063120000,1371063179999,79827.01386432246,79829.7337840999,79825.01696548266,79825.01696548266,0,1
1371063180000,1371063239999,79824.4536655005,79824.68923117136,79819.34837954058,79824.25906358688,0,1
1371063240000,1371063299999,79824.19419544078,79831.1156430914,79823.57280556213,79830.15006789358,0,1
1371063300000,1371063359999,79831.34422851779,79831.34422851779,79823.48061806026,79827.99680652181,0,1
1371063360000,1371063419999,79828.00363217152,79828.00363217152,79824.34782984178,79826.17419134387,0,1
1371063420000,1371063479999,79826.41654322209,79828.72712462004,79824.59022598571,79825.93524712232,0,1
1371063480000,1371063539999,79826.11957602517,79826.73056790582,79824.21809428041,79826.2629406006,0,1
1371063540000,1371063599999,79826.09226825395,79828.08212680819,79820.78290375917,79828.08212680819,0,1
1371063600000,1371063659999,79827.0104511604,79827.71695087271,79821.20297546854,79822.72259971108,0,1
1371063660000,1371063719999,79823.14600443142,79826.01375799633,79821.43861772605,79824.54243002801,0,1
1371063720000,1371063779999,79823.79132069039,79823.79132069039,79814.62324122187,79814.83511735771,0,1
1371063780000,1371063839999,79812.37092545407,79816.41379496222,79811.28389053218,79816.41379496222,0,1
1371063840000,1371063899999,79817.64717697755,79818.5319750708,79812.94857832076,79813.96708019424,0,1
1371063900000,1371063959999,79814.56856278065,79814.97522653009,79808.87353316367,79814.36009848074,0,1
1371063960000,1371064019999,79815.10849928699,79820.05883630308,79813.20150457499,79819.949538548,0,1
1371064020000,1371064079999,79823.33038475476,79823.33038475476,79816.60171617268,79822.25819972601,0,1
1371064080000,1371064139999,79822.6850387492,79823.00259516288,79817.65400969521,79817.65400969521,0,1
1371064140000,1371064199999,79816.29420689869,79818.26210286893,79810.91810063878,79816.08577856957,0,1
1371064200000,1371064259999,79815.90126462032,79818.60029599193,79811.22577527493,79816.11994744583,0,1
1371064260000,1371064319999,79817.76674886238,79818.32359337839,79809.7864602633,79811.10270655643,0,1
1371064320000,1371064379999,79811.30098319062,79812.78109660489,79806.07952681913,79809.69072650163,0,1
1371064380000,1371064439999,79811.00698539491,79816.08577856957,79809.96766808869,79814.33617607,0,1
1371064440000,1371064499999,79814.34642853877,79819.25273727543,79812.37092545407,79813.1604899413,0,1
1371064500000,1371064559999,79813.5706287084,79814.99914741213,79812.59993975432,79813.35189012595,0,1
1371064560000,1371064619999,79812.58968549482,79812.58968549482,79805.60409184308,79805.60409184308,0,1
1371064620000,1371064679999,79806.13083140059,79806.64044261693,79800.99906989298,79805.84694274853,0,1
1371064680000,1371064739999,79806.12057050534,79806.12057050534,79800.85192056051,79801.39944199954,0,1
1371064740000,1371064799999,79802.01536778752,79803.95528609466,79798.64784355676,79798.64784355676,0,1
1371064800000,1371064859999,79799.48983093497,79800.50970443733,79795.89548777617,79796.8780698829,0,1
1371064860000,1371064919999,79795.89891157483,79799.00381435076,79793.44717163188,79797.15878989553,0,1
1371064920000,1371064979999,79798.1480939449,79801.51236456734,79797.21698696072,79801.1427950576,0,1
1371064980000,1371065039999,79802.18645155185,79803.92449667971,79797.96667181102,79802.29252201582,0,1
1371065040000,1371065099999,79802.94602811907,79811.27021638438,79802.94602811907,79807.17054753166,0,1
1371065100000,1371065159999,79807.68694529826,79809.30778228972,79805.51515905026,79806.19923709973,0,1
1371065160000,1371065219999,79807.25604569267,79812.78451462713,79806.0932080666,79811.07535774664,0,1
1371065220000,1371065279999,79811.43772340645,79812.95883221223,79810.97279904374,79812.95883221223,0,1
1371065280000,1371065339999,79812.75033435215,79816.31470781115,79812.3880162546,79815.13583706885,0,1
1371065340000,1371065399999,79813.99100348796,79814.56172795448,79810.79844683483,79813.11263932275,0,1
1371065400000,1371065459999,79813.10922141265,79813.49543786036,79805.62803515216,79805.62803515216,0,1
1371065460000,1371065519999,79806.49679644617,79808.15544205469,79803.38053471723,79804.05449578683,0,1
1371065520000,1371065579999,79805.93587259075,79806.31210548032,79801.74847127048,79803.90054929144,0,1
1371065580000,1371065639999,79804.99522843352,79808.28196661148,79804.99522843352,79806.53441826176,0,1
1371065640000,1371065699999,79805.75801211545,79809.05475753259,79802.4636010386,79802.4636010386,0,1
1371065700000,1371065759999,79803.63028193371,79808.01181764483,79803.28816087893,79807.86819117214,0,1
1371065760000,1371065819999,79806.99612901648,79811.66334067479,79806.99612901648,79810.644604126,0,1
1371065820000,1371065879999,79809.49583708342,79811.03091577119,79808.16570086218,79810.00869581968,0,1
1371065880000,1371065939999,79810.76767848241,79811.07193914015,79807.20474688378,79807.20474688378,0,1
1371065940000,1371065999999,79807.79979688868,79812.28547101334,79806.36682908508,79806.36682908508,0,1
1371066000000,1371066059999,79806.28816380908,79810.04288546692,79805.40570221953,79805.40570221953,0,1
1371066060000,1371066119999,79804.64973327136,79807.74166137993,79803.28131833846,79806.01796097396,0,1
1371066120000,1371066179999,79805.31676766236,79810.51810945904,79805.31676766236,79808.12124595373,0,1
1371066180000,1371066239999,79808.97953272154,79809.7864602633,79807.44755892077,79809.14023958557,0,1
1371066240000,1371066299999,79808.9966293192,79810.1283590736,79806.424972587,79809.3864238155,0,1
1371066300000,1371066359999,79809.1265625062,79813.26986192397,79807.44413907386,79812.12139644008,0,1
1371066360000,1371066419999,79812.31965287727,79818.20402815171,79811.82058606374,79817.50027241888,0,1
1371066420000,1371066479999,79816.75546726366,79821.8859812269,79816.46846331494,79820.97415810765,0,1
1371066480000,1371066539999,79821.63668953118,79822.60308706998,79815.709913225,79815.709913225,0,1
1371066540000,1371066599999,79816.24637127282,79820.30475188438,79814.69158885295,79820.30475188438,0,1
1371066600000,1371066659999,79821.16882395605,79824.34782984178,79818.41241233563,79819.56015558673,0,1
1371066660000,1371066719999,79820.0520052284,79821.15857847955,79817.44560970661,79819.46109960729,0,1
1371066720000,1371066779999,79820.243273556,79821.42154238674,79818.49781443519,79819.16392578158,0,1
1371066780000,1371066839999,79818.76084831926,79821.36690110504,79817.98880714107,79818.08787770545,0,1
1371066840000,1371066899999,79819.62163811493,79823.65133498599,79819.62163811493,79822.81137960557,0,1
1371066900000,1371066959999,79821.09710540014,79823.09137257162,79819.54990846195,79821.85866189221,0,1
1371066960000,1371067019999,79821.67766941483,79822.0635550831,79818.15961784626,79819.8675644477,0,1
1371067020000,1371067079999,79819.52599846327,79819.69678291383,79817.5446856526,79817.87265419497,0,1
1371067080000,1371067139999,79816.44112917595,79816.44112917595,79811.41037551286,79812.68197345172,0,1
1371067140000,1371067199999,79813.02035534031,79813.48860230068,79807.10898840308,79808.42558714142,0,1
1371067200000,1371067259999,79808.92140407088,79813.24593690499,79807.2150066666,79812.51790538397,0,1
1371067260000,1371067319999,79813.52619782108,79813.52619782108,79809.00004863522,79809.00004863522,0,1
1371067320000,1371067379999,79807.9912997036,79807.9912997036,79805.92219112805,79805.92219112805,0,1
1371067380000,1371067439999,79807.11240836461,79809.38984299824,79807.11240836461,79807.22868636069,0,1
1371067440000,1371067499999,79808.8188232748,79809.69072650163,79808.20673598688,79809.69072650163,0,1
1371067500000,1371067559999,79809.8821931085,79810.13519693057,79808.29222528917,79810.13519693057,0,1
1371067560000,1371067619999,79809.42745393126,79809.42745393126,79807.9912997036,79807.9912997036,0,1
1371067620000,1371067679999,79808.96585542237,79809.13340104822,79808.1315047963,79808.27170792327,0,1
1371067680000,1371067739999,79807.13976801473,79807.31076413211,79804.34527714543,79804.34527714543,0,1
1371067740000,1371067799999,79803.90054929144,79804.8857659116,79802.81601460109,79804.8857659116,0,1
1371067800000,1371067859999,79804.8207719723,79804.8207719723,79798.90797730659,79799.28789733518,0,1
1371067860000,1371067919999,79800.45837100873,79802.93576395542,79800.45837100873,79801.0709327335,0,1
1371067920000,1371067979999,79802.47728723398,79802.47728723398,79800.54050436798,79801.34469120463,0,1
1371067980000,1371068039999,79802.28910040551,79802.28910040551,79797.97351798903,79797.97351798903,0,1
1371068040000,1371068099999,79797.04239474906,79797.69966721235,79789.78556375466,79790.86466144504,0,1
1371068100000,1371068159999,79790.86466144504,79790.86466144504,79790.86466144504,79790.86466144504,0,1
1371068160000,1371068219999,79790.86466144504,79790.86466144504,79790.86466144504,79790.86466144504,0,1
1371068220000,1371068279999,79790.86466144504,79790.86466144504,79790.86466144504,79790.86466144504,0,1
1371068280000,1371068339999,79790.86466144504,79790.86466144504,79790.86466144504,79790.86466144504,0,1
1371068340000,1371068399999,79790.86466144504,79790.86466144504,79790.86466144504,79790.86466144504,0,1
1371068400000,1371068459999,79790.86466144504,79790.86466144504,79790.86466144504,79790.86466144504,0,1
1371068460000,1371068519999,79790.86466144504,79790.86466144504,79790.86466144504,79790.86466144504,0,1
1371068520000,1371068579999,79790.86466144504,79790.86466144504,79790.86466144504,79790.86466144504,0,1
1371068580000,1371068639999,79790.86466144504,79790.86466144504,79790.86466144504,79790.86466144504,0,1
1371068640000,1371068699999,79790.86466144504,79790.86466144504,79790.86466144504,79790.86466144504,0,1
1371068700000,1371068759999,79790.86466144504,79790.86466144504,79790.86466144504,79790.86466144504,0,1
1371068760000,1371068819999,79790.86466144504,79790.86466144504,79790.86466144504,79790.86466144504,0,1
1371068820000,1371068879999,79790.86466144504,79790.86466144504,79790.86466144504,79790.86466144504,0,1
1371068880000,1371068939999,79790.86466144504,79790.86466144504,79790.86466144504,79790.86466144504,0,1
1371068940000,1371068999999,79790.86466144504,79790.86466144504,79790.86466144504,79790.86466144504,0,1
1371069000000,1371069059999,79790.86466144504,79790.86466144504,79790.86466144504,79790.86466144504,0,1
1371069060000,1371069119999,79790.86466144504,79790.86466144504,79790.86466144504,79790.86466144504,0,1
1371069120000,1371069179999,79790.86466144504,79790.86466144504,79790.86466144504,79790.86466144504,0,1
1371069180000,1371069239999,79790.86466144504,79790.86466144504,79790.86466144504,79790.86466144504,0,1
1371069240000,1371069299999,79790.86466144504,79790.86466144504,79790.86466144504,79790.86466144504,0,1
1371069300000,1371069359999,79790.86466144504,79790.86466144504,79790.86466144504,79790.86466144504,0,1
1371069360000,1371069419999,79790.86466144504,79790.86466144504,79790.86466144504,79790.86466144504,0,1
1371069420000,1371069479999,79790.86466144504,79790.86466144504,79790.86466144504,79790.86466144504,0,1
1371069480000,1371069539999,79790.86466144504,79790.86466144504,79790.86466144504,79790.86466144504,0,1
1371069540000,1371069599999,79790.86466144504,79790.86466144504,79790.86466144504,79790.86466144504,0,1
1371069600000,1371069659999,79790.86466144504,79790.86466144504,79790.86466144504,79790.86466144504,0,1
1371069660000,1371069719999,79790.86466144504,79790.86466144504,79790.86466144504,79790.86466144504,0,1
1371069720000,1371069779999,79790.86466144504,79790.86466144504,79790.86466144504,79790.86466144504,0,1
1371069780000,1371069839999,79790.86466144504,79790.86466144504,79790.86466144504,79790.86466144504,0,1
1371069840000,1371069899999,79790.86466144504,79790.86466144504,79790.86466144504,79790.86466144504,0,1
1371069900000,1371069959999,79790.86466144504,79790.86466144504,79790.86466144504,79790.86466144504,0,1
1371069960000,1371070019999,79790.86466144504,79790.86466144504,79790.86466144504,79790.86466144504,0,1
1371070020000,1371070079999,79790.86466144504,79790.86466144504,79790.86466144504,79790.86466144504,0,1
1371070080000,1371070139999,79790.86466144504,79790.86466144504,79790.86466144504,79790.86466144504,0,1
1371070140000,1371070199999,79790.86466144504,79790.86466144504,79790.86466144504,79790.86466144504,0,1
1371070200000,1371070259999,79790.86466144504,79790.86466144504,79790.86466144504,79790.86466144504,0,1
1371070260000,1371070319999,79790.86466144504,79790.86466144504,79790.86466144504,79790.86466144504,0,1
1371070320000,1371070379999,79790.86466144504,79790.86466144504,79790.86466144504,79790.86466144504,0,1
1371070380000,1371070439999,79790.86466144504,79790.86466144504,79790.86466144504,79790.86466144504,0,1
1371070440000,1371070499999,79790.86466144504,79790.86466144504,79790.86466144504,79790.86466144504,0,1
1371070500000,1371070559999,79790.86466144504,79790.86466144504,79790.86466144504,79790.86466144504,0,1
1371070560000,1371070619999,79790.86466144504,79790.86466144504,79790.86466144504,79790.86466144504,0,1
1371070620000,1371070679999,79790.86466144504,79790.86466144504,79790.86466144504,79790.86466144504,0,1
1371070680000,1371070739999,79790.86466144504,79790.86466144504,79790.86466144504,79790.86466144504,0,1
1371070740000,1371070799999,79790.86466144504,79790.86466144504,79790.86466144504,79790.86466144504,0,1
1371070800000,1371070859999,79790.86466144504,79790.86466144504,79790.86466144504,79790.86466144504,0,1
1371070860000,1371070919999,79790.86466144504,79790.86466144504,79790.86466144504,79790.86466144504,0,1
1371070920000,1371070979999,79790.86466144504,79790.86466144504,79790.86466144504,79790.86466144504,0,1
1371070980000,1371071039999,79790.86466144504,79790.86466144504,79790.86466144504,79790.86466144504,0,1
1371071040000,1371071099999,79790.86466144504,79790.86466144504,79790.86466144504,79790.86466144504,0,1
1371071100000,1371071159999,79790.86466144504,79790.86466144504,79790.86466144504,79790.86466144504,0,1
1371071160000,1371071219999,79790.86466144504,79790.86466144504,79790.86466144504,79790.86466144504,0,1
1371071220000,1371071279999,79790.86466144504,79790.86466144504,79790.86466144504,79790.86466144504,0,1
1371071280000,1371071339999,79790.86466144504,79790.86466144504,79790.86466144504,79790.86466144504,0,1
1371071340000,1371071399999,79790.86466144504,79790.86466144504,79790.86466144504,79790.86466144504,0,1
1371071400000,1371071459999,79790.86466144504,79790.86466144504,79790.86466144504,79790.86466144504,0,1
1371071460000,1371071519999,79790.86466144504,79790.86466144504,79790.86466144504,79790.86466144504,0,1
1371071520000,1371071579999,79790.86466144504,79790.86466144504,79790.86466144504,79790.86466144504,0,1
1371071580000,1371071639999,79790.86466144504,79790.86466144504,79790.86466144504,79790.86466144504,0,1
1371071640000,1371071699999,79790.86466144504,79790.86466144504,79790.86466144504,79790.86466144504,0,1
1371071700000,1371071759999,79790.86466144504,79790.86466144504,79790.86466144504,79790.86466144504,0,1
1371071760000,1371071819999,79790.86466144504,79790.86466144504,79790.86466144504,79790.86466144504,0,1
1371071820000,1371071879999,79790.86466144504,79790.86466144504,79790.86466144504,79790.86466144504,0,1
1371071880000,1371071939999,79790.86466144504,79790.86466144504,79790.86466144504,79790.86466144504,0,1
1371071940000,1371071999999,79790.86466144504,79790.86466144504,79790.86466144504,79790.86466144504,0,1
1371072000000,1371072059999,79790.86466144504,79790.86466144504,79790.86466144504,79790.86466144504,0,1
1371072060000,1371072119999,79790.86466144504,79790.86466144504,79790.86466144504,79790.86466144504,0,1
1371072120000,1371072179999,79790.86466144504,79790.86466144504,79790.86466144504,79790.86466144504,0,1
1371072180000,1371072239999,79790.86466144504,79790.86466144504,79790.86466144504,79790.86466144504,0,1
1371072240000,1371072299999,79790.86466144504,79790.86466144504,79790.86466144504,79790.86466144504,0,1
1371072300000,1371072359999,79790.86466144504,79790.86466144504,79790.86466144504,79790.86466144504,0,1
1371072360000,1371072419999,79790.86466144504,79790.86466144504,79790.86466144504,79790.86466144504,0,1
1371072420000,1371072479999,79790.86466144504,79790.86466144504,79790.86466144504,79790.86466144504,0,1
1371072480000,1371072539999,79790.86466144504,79790.86466144504,79790.86466144504,79790.86466144504,0,1
1371072540000,1371072599999,79790.86466144504,79790.86466144504,79790.86466144504,79790.86466144504,0,1
1371072600000,1371072659999,79790.86466144504,79790.86466144504,79790.86466144504,79790.86466144504,0,1
1371072660000,1371072719999,79790.86466144504,79790.86466144504,79790.86466144504,79790.86466144504,0,1
1371072720000,1371072779999,79790.86466144504,79790.86466144504,79790.86466144504,79790.86466144504,0,1
1371072780000,1371072839999,79790.86466144504,79790.86466144504,79790.86466144504,79790.86466144504,0,1
1371072840000,1371072899999,79790.86466144504,79790.86466144504,79790.86466144504,79790.86466144504,0,1
1371072900000,1371072959999,79790.86466144504,79790.86466144504,79790.86466144504,79790.86466144504,0,1
1371072960000,1371073019999,79790.86466144504,79790.86466144504,79790.86466144504,79790.86466144504,0,1
1371073020000,1371073079999,79790.86466144504,79790.86466144504,79790.86466144504,79790.86466144504,0,1
1371073080000,1371073139999,79790.86466144504,79790.86466144504,79790.86466144504,79790.86466144504,0,1
1371073140000,1371073199999,79790.86466144504,79790.86466144504,79790.86466144504,79790.86466144504,0,1
1371073200000,1371073259999,79790.86466144504,79790.86466144504,79790.86466144504,79790.86466144504,0,1
1371073260000,1371073319999,79790.86466144504,79790.86466144504,79790.86466144504,79790.86466144504,0,1
1371073320000,1371073379999,79790.86466144504,79790.86466144504,79790.86466144504,79790.86466144504,0,1
1371073380000,1371073439999,79790.86466144504,79790.86466144504,79790.86466144504,79790.86466144504,0,1
1371073440000,1371073499999,79790.86466144504,79790.86466144504,79790.86466144504,79790.86466144504,0,1
1371073500000,1371073559999,79790.86466144504,79790.86466144504,79790.86466144504,79790.86466144504,0,1
1371073560000,1371073619999,79790.86466144504,79790.86466144504,79790.86466144504,79790.86466144504,0,1
1371073620000,1371073679999,79790.86466144504,79790.86466144504,79790.86466144504,79790.86466144504,0,1
1371073680000,1371073739999,79790.86466144504,79790.86466144504,79790.86466144504,79790.86466144504,0,1
1371073740000,1371073799999,79790.86466144504,79790.86466144504,79790.86466144504,79790.86466144504,0,1
1371073800000,1371073859999,79790.86466144504,79790.86466144504,79790.86466144504,79790.86466144504,0,1
1371073860000,1371073919999,79790.86466144504,79790.86466144504,79790.86466144504,79790.86466144504,0,1
1371073920000,1371073979999,79790.86466144504,79790.86466144504,79790.86466144504,79790.86466144504,0,1
1371073980000,1371074039999,79790.86466144504,79790.86466144504,79790.86466144504,79790.86466144504,0,1
1371074040000,1371074099999,79790.86466144504,79790.86466144504,79790.86466144504,79790.86466144504,0,1
1371074100000,1371074159999,79790.86466144504,79790.86466144504,79790.86466144504,79790.86466144504,0,1
1371074160000,1371074219999,79790.86466144504,79790.86466144504,79790.86466144504,79790.86466144504,0,1
1371074220000,1371074279999,79790.86466144504,79790.86466144504,79790.86466144504,79790.86466144504,0,1
1371074280000,1371074339999,79790.86466144504,79790.86466144504,79790.86466144504,79790.86466144504,0,1
1371074340000,1371074399999,79790.86466144504,79790.86466144504,79790.86466144504,79790.86466144504,0,1
1371074400000,1371074459999,79800.91009613681,79801.84428109619,79799.22286700281,79800.43441531854,0,1
1371074460000,1371074519999,79800.90325196892,79801.33100345907,79798.9627414443,79800.27699078392,0,1
1371074520000,1371074579999,79800.49259332374,79801.46788007164,79799.81839214492,79800.43783756351,0,1
1371074580000,1371074639999,79800.67396963801,79800.67396963801,79799.39399854855,79800.4891710975,0,1
1371074640000,1371074699999,79799.45218260697,79800.61237050395,79799.45218260697,79800.60894831871,0,1
1371074700000,1371074759999,79800.77663401823,79801.440504899,79800.27014618272,79800.80743312677,0,1
1371074760000,1371074819999,79800.63632576785,79800.91351821898,79799.48983093497,79799.48983093497,0,1
1371074820000,1371074879999,79799.39057594634,79799.39057594634,79798.93193665374,79799.04830980906,0,1
1371074880000,1371074939999,79799.73625285449,79799.81496968797,79798.88401790203,79798.88401790203,0,1
1371074940000,1371074999999,79799.07569153114,79799.20575368716,79798.18232416711,79798.78475690019,0,1
1371075000000,1371075059999,79797.87424794902,79798.16863209227,79797.57300869178,79797.57300869178,0,1
1371075060000,1371075119999,79798.1480939449,79798.83952171271,79797.25464370477,79797.90847910862,0,1
1371075120000,1371075179999,79797.84001667226,79798.81898494317,79797.54562285477,79798.81898494317,0,1
1371075180000,1371075239999,79798.37743419633,79799.25367089717,79798.37743419633,79798.99012340068,0,1
1371075240000,1371075299999,79798.69576344019,79798.69576344019,79797.91874843364,79797.91874843364,0,1
1371075300000,1371075359999,79798.57596330105,79798.86005844007,79796.89518718245,79797.62093372607,0,1
1371075360000,1371075419999,79797.82632412872,79798.24051527595,79797.82632412872,79798.24051527595,0,1
1371075420000,1371075479999,79798.05224869937,79798.05224869937,79797.11770941029,79797.11770941029,0,1
1371075480000,1371075539999,79797.43950202799,79797.4840044473,79796.01874378919,79796.01874378919,0,1
1371075540000,1371075599999,79796.23443815643,79796.3919263431,79795.88864017534,79796.3919263431,0,1
1371075600000,1371075659999,79796.1762353728,79796.42616257723,79796.0564050457,79796.42616257723,0,1
1371075660000,1371075719999,79795.81674008361,79798.04540257524,79795.81674008361,79797.64147295617,0,1
1371075720000,1371075779999,79797.23410368014,79797.3641897903,79797.01843087426,79797.0252777015,0,1
1371075780000,1371075839999,79797.49427420823,79797.49427420823,79796.59049486947,79797.37788296661,0,1
1371075840000,1371075899999,79797.44977183464,79797.82632412872,79797.15194315971,79797.76128429097,0,1
1371075900000,1371075959999,79797.58327836132,79797.80920842297,79797.20329356409,79797.78524638568,0,1
1371075960000,1371076019999,79797.61408730665,79797.61408730665,79797.18617679192,79797.18617679192,0,1
1371076020000,1371076079999,79797.57643191612,79797.57643191612,79797.57643191612,79797.57643191612,0,1
1371076080000,1371076139999,79797.41211582535,79797.95297944092,79797.27176035974,79797.95297944092,0,1
1371076140000,1371076199999,79797.63462655082,79799.03804164394,79797.63462655082,79799.03804164394,0,1
1371076200000,1371076259999,79798.56911753546,79798.56911753546,79796.86779948912,79797.70993675182,0,1
1371076260000,1371076319999,79797.25122037026,79797.41896238306,79796.21731972582,79796.21731972582,0,1
1371076320000,1371076379999,79796.25840391006,79796.25840391006,79795.24836878224,79795.45038396932,0,1
1371076380000,1371076439999,79795.40244853152,79795.40244853152,79794.27932394294,79794.33411343487,0,1
1371076440000,1371076499999,79794.22453415084,79795.4127204304,79794.22453415084,79795.21070448242,0,1
1371076500000,1371076559999,79793.96770299865,79795.28603294019,79793.75195973311,79795.28603294019,0,1
1371076560000,1371076619999,79795.1661919452,79795.1661919452,79793.96770299865,79794.29302134407,0,1
1371076620000,1371076679999,79794.14577329875,79794.22453415084,79794.01564531444,79794.01564531444,0,1
1371076680000,1371076739999,79794.33753776815,79794.33753776815,79794.23138289126,79794.23138289126,0,1
1371076740000,1371076799999,79794.12865129228,79795.70717704497,79794.12865129228,79795.43326419649,0,1
1371076800000,1371076859999,79793.90948702044,79795.28603294019,79793.89578909396,79794.82378118855,0,1
1371076860000,1371076919999,79795.20385641267,79795.24152073827,79795.20385641267,79795.24152073827,0,1
1371076920000,1371076979999,79795.6147322974,79795.6147322974,79795.23124866353,79795.23124866353,0,1
1371076980000,1371077039999,79795.24494476084,79796.05298130096,79795.19358429925,79795.29630495864,0,1
1371077040000,1371077099999,79795.20728044814,79795.60788450432,79795.20728044814,79795.27918492201,0,1
1371077100000,1371077159999,79795.11483107915,79795.64554730822,79795.11483107915,79795.64554730822,0,1
1371077160000,1371077219999,79795.31342496595,79795.45723187026,79793.70744070217,79793.77935596135,0,1
1371077220000,1371077279999,79794.37178103643,79794.49163155202,79794.20056352239,79794.49163155202,0,1
1371077280000,1371077339999,79794.19371476084,79794.35465941696,79794.19371476084,79794.35465941696,0,1
1371077340000,1371077399999,79794.9093849769,79795.72087249045,79794.9093849769,79795.67978609775,0,1
1371077400000,1371077459999,79795.13879951613,79795.7688064019,79795.13879951613,79795.7688064019,0,1
1371077460000,1371077519999,79795.7003293152,79796.11803225041,79795.14222357387,79795.31000096683,0,1
1371077520000,1371077579999,79795.19358429925,79795.19358429925,79795.19358429925,79795.19358429925,0,1
1371077580000,1371077639999,79795.19358429925,79795.19358429925,79795.19358429925,79795.19358429925,0,1
1371077640000,1371077699999,79795.13195139714,79795.13195139714,79795.13195139714,79795.13195139714,0,1
1371077700000,1371077759999,79795.60446060603,79795.91945434213,79795.60446060603,79795.91945434213,0,1
1371077760000,1371077819999,79795.7516871742,79795.7516871742,79795.7516871742,79795.7516871742,0,1
1371077820000,1371077879999,79795.7448394749,79795.7448394749,79795.45380792038,79795.45380792038,0,1
1371077880000,1371077939999,79795.4640797665,79795.7448394749,79795.4640797665,79795.69690544855,0,1
1371077940000,1371077999999,79795.4640797665,79796.03243880796,79795.11140701204,79795.37848072645,0,1
1371078000000,1371078059999,79795.3682087924,79795.75511102208,79794.33753776815,79795.22097657826,0,1
1371078060000,1371078119999,79795.47092765805,79795.47092765805,79794.69023781545,79794.69023781545,0,1
1371078120000,1371078179999,79794.53957135607,79795.65581895738,79794.53957135607,79795.65581895738,0,1
1371078180000,1371078239999,79796.05982878925,79796.1899301759,79795.50859097777,79795.8441306557,0,1
1371078240000,1371078299999,79795.90918296375,79796.4193153398,79795.47777554492,79796.12145597287,0,1
1371078300000,1371078359999,79795.99477746118,79795.99477746118,79793.94373175454,79793.94373175454,0,1
1371078360000,1371078419999,79793.73826159086,79794.34438643118,79793.4882671986,79794.34438643118,0,1
1371078420000,1371078479999,79794.25535344584,79794.25535344584,79794.11152925652,79794.11152925652,0,1
1371078480000,1371078539999,79794.1218024815,79794.68681360295,79794.10810484584,79794.14577329875,0,1
1371078540000,1371078599999,79794.03961638616,79794.03961638616,79793.45402090473,79793.51566414925,0,1
1371078600000,1371078659999,79793.63552492582,79793.63552492582,79792.07722275966,79792.14914974349,0,1
1371078660000,1371078719999,79792.37862761455,79793.01565798468,79792.32040238465,79792.76564552686,0,1
1371078720000,1371078779999,79793.47114406632,79793.83072368696,79793.47114406632,79793.83072368696,0,1
1371078780000,1371078839999,79794.32041609003,79795.24836878224,79794.12522688748,79794.81693285382,0,1
1371078840000,1371078899999,79794.9402021613,79795.39560059307,79794.90596083943,79794.90596083943,0,1
1371078900000,1371078959999,79795.3579368478,79795.4298402384,79795.3579368478,79795.4298402384,0,1
1371078960000,1371079019999,79795.3579368478,79795.3579368478,79794.95389865723,79795.1661919452,0,1
1371079020000,1371079079999,79795.31000096683,79796.3748081821,79795.31000096683,79795.81674008361,0,1
1371079080000,1371079139999,79796.04613380799,79796.25498023449,79794.79296364535,79795.52228669521,0,1
1371079140000,1371079199999,79794.4128728036,79794.4128728036,79793.69031794519,79793.69031794519,0,1
1371079200000,1371079259999,79793.8581196994,79794.72447987601,79793.77935596135,79794.12865129228,0,1
1371079260000,1371079319999,79794.56696542662,79794.56696542662,79794.11837807434,79794.11837807434,0,1
1371079320000,1371079379999,79793.78278048459,79794.58066243376,79793.78278048459,79794.3169917509,0,1
1371079380000,1371079439999,79794.11495366602,79794.65257141342,79793.74168612818,79793.93345834663,0,1
1371079440000,1371079499999,79794.3169917509,79794.3169917509,79793.73826159086,79793.73826159086,0,1
1371079500000,1371079559999,79793.85127070334,79794.18344160974,79793.85127070334,79794.12522688748,0,1
1371079560000,1371079619999,79794.65599563764,79795.61130840145,79793.57730701378,79795.61130840145,0,1
1371079620000,1371079679999,79795.14564763044,79795.77223024394,79794.84775032316,79795.05319769165,0,1
1371079680000,1371079739999,79794.81693285382,79795.33739292696,79794.81693285382,79795.33739292696,0,1
1371079740000,1371079799999,79795.44011210915,79795.44011210915,79794.12522688748,79795.17304004075,0,1
1371079800000,1371079859999,79794.79981199649,79795.69348158073,79794.16289527588,79795.60446060603,0,1
1371079860000,1371079919999,79795.71744863084,79796.306335245,79795.26206485608,79795.96738730172,0,1
1371079920000,1371079979999,79795.92287813257,79797.33338007504,79795.8544021009,79796.88491680624,0,1
1371079980000,1371080039999,79796.56310634162,79797.41896238306,79796.56310634162,79796.88834026614,0,1
1371080040000,1371080099999,79796.32345352322,79796.32345352322,79795.6147322974,79796.01874378919,0,1
1371080100000,1371080159999,79796.0701000129,79797.13824967401,79795.58049328513,79797.13824967401,0,1
1371080160000,1371080219999,79796.67266000289,79796.68977765404,79796.2994879255,79796.2994879255,0,1
1371080220000,1371080279999,79797.11086264635,79797.75443796764,79796.93969202416,79797.75443796764,0,1
1371080280000,1371080339999,79796.52202340923,79798.11386360553,79796.52202340923,79798.11386360553,0,1
1371080340000,1371080399999,79797.57643191612,79798.6752263754,79797.57643191612,79798.54515731901,0,1
1371080400000,1371080459999,79798.59992344369,79798.61019205868,79798.20628525293,79798.34662760269,0,1
1371080460000,1371080519999,79798.2815911489,79798.65811212253,79797.87082482662,79798.65811212253,0,1
1371080520000,1371080579999,79798.20628525293,79798.56911753546,79798.20628525293,79798.46985340782,0,1
1371080580000,1371080639999,79798.50750543429,79798.50750543429,79798.50750543429,79798.50750543429,0,1
1371080640000,1371080699999,79798.60334631652,79798.64099784037,79798.60334631652,79798.64099784037,0,1
1371080700000,1371080759999,79798.56911753546,79798.62046066312,79798.56911753546,79798.62046066312,0,1
1371080760000,1371080819999,79798.51092833877,79798.7163004628,79798.23024628135,79798.23024628135,0,1
1371080820000,1371080879999,79799.01750528209,79799.1544135645,79798.23024628135,79798.65126641319,0,1
1371080880000,1371080939999,79798.35689647778,79798.35689647778,79797.74074530695,79798.16178604784,0,1
1371080940000,1371080999999,79797.69966721235,79798.05224869937,79797.69966721235,79798.05224869937,0,1
1371081000000,1371081059999,79798.63072925701,79800.54734878414,79797.9564025352,79800.54734878414,0,1
1371081060000,1371081119999,79800.50970443733,79800.88956361912,79799.40426634817,79800.77663401823,0,1
1371081120000,1371081179999,79800.28383538045,79801.19412497293,79800.28383538045,79800.72187981327,0,1
1371081180000,1371081239999,79801.0435564742,79801.14963906154,79800.73899053453,79801.14963906154,0,1
1371081240000,1371081299999,79800.71503551658,79801.21807884326,79799.20575368716,79799.20575368716,0,1
1371081300000,1371081359999,79799.08595965759,79799.77047764084,79799.08595965759,79799.63015527243,0,1
1371081360000,1371081419999,79799.29474260872,79799.30158787759,79798.36374238865,79798.49039089438,0,1
1371081420000,1371081479999,79798.24051527595,79798.58280906195,79798.24051527595,79798.58280906195,0,1
1371081480000,1371081539999,79798.51092833877,79798.51092833877,79797.223833652,79797.41896238306,0,1
1371081540000,1371081599999,79796.81987084528,79797.42238566015,79796.1762353728,79796.1762353728,0,1
1371081600000,1371081659999,79797.35049659523,79798.68207206836,79797.06978196424,79798.68207206836,0,1
1371081660000,1371081719999,79798.64784355676,79799.57881732861,79798.2268232808,79799.57881732861,0,1
1371081720000,1371081779999,79799.35292724466,79799.35634985977,79797.7236294547,79798.53146574096,0,1
1371081780000,1371081839999,79798.28843711132,79798.28843711132,79797.223833652,79797.223833652,0,1
1371081840000,1371081899999,79797.44292529805,79797.44292529805,79795.532558471,79795.532558471,0,1
1371081900000,1371081959999,79795.31000096683,79796.71031879676,79794.09783160679,79796.71031879676,0,1
1371081960000,1371082019999,79796.8130238774,79799.01065981877,79796.8130238774,79799.01065981877,0,1
1371082020000,1371082079999,79799.5240565647,79799.5240565647,79798.23024628135,79798.41850950688,0,1
1371082080000,1371082139999,79797.1450964192,79797.1450964192,79796.26182758446,79796.26182758446,0,1
1371082140000,1371082199999,79795.84755447194,79796.43985703807,79795.22097657826,79796.40562085083,0,1
1371082200000,1371082259999,79796.44328065035,79798.03855644644,79796.44328065035,79797.6825512898,0,1
1371082260000,1371082319999,79797.57985513931,79798.74710591762,79797.57985513931,79798.67864922246,0,1
1371082320000,1371082379999,79799.33239152946,79799.85261665015,79798.8942862253,79798.8942862253,0,1
1371082380000,1371082439999,79799.26736148643,79799.35977247369,79798.8942862253,79799.04830980906,0,1
1371082440000,1371082499999,79799.7191404174,79799.7533652623,79798.99696887805,79799.01408255102,0,1
1371082500000,1371082559999,79799.26393884087,79799.80470231004,79798.88744067763,79799.3837307384,0,1
1371082560000,1371082619999,79799.46245034685,79799.46245034685,79799.27762941607,79799.44876002468,0,1
1371082620000,1371082679999,79799.52747912123,79799.52747912123,79797.5935480203,79798.76079720042,0,1
1371082680000,1371082739999,79798.60334631652,79799.16810428964,79796.56310634162,79796.65896586087,0,1
1371082740000,1371082799999,79796.86095255407,79796.86095255407,79795.27918492201,79795.27918492201,0,1
1371082800000,1371082859999,79795.72087249045,79796.0564050457,79795.13879951613,79795.87152115277,0,1
1371082860000,1371082919999,79796.32345352322,79796.32345352322,79795.55994982149,79795.7688064019,0,1
1371082920000,1371082979999,79795.23467268962,79795.81331625683,79795.23467268962,79795.36478481203,0,1
1371082980000,1371083039999,79795.4640797665,79795.66266671763,79793.41634984601,79793.75538426575,0,1
1371083040000,1371083099999,79793.58415619748,79793.58415619748,79790.79272522165,79790.79272522165,0,1
1371083100000,1371083159999,79791.04278700918,79791.04278700918,79788.44252398769,79789.36759622107,0,1
1371083160000,1371083219999,79788.62411899143,79789.91574679544,79788.59670863615,79789.80269319896,0,1
1371083220000,1371083279999,79789.56973024245,79789.56973024245,79789.08323127394,79789.10036192133,0,1
1371083280000,1371083339999,79789.52176660711,79790.27202855679,79788.9907252709,79790.1007408328,0,1
1371083340000,1371083399999,79790.40905662357,79791.23803638632,79789.99454097048,79790.02879911382,0,1
1371083400000,1371083459999,79790.13157283966,79792.31697736056,79790.07676031732,79792.31697736056,0,1
1371083460000,1371083519999,79792.63892449687,79792.96771087445,79790.91604414493,79792.96771087445,0,1
1371083520000,1371083579999,79792.41630258267,79792.58755064885,79792.21422609262,79792.58755064885,0,1
1371083580000,1371083639999,79792.54302643378,79792.8855152935,79792.1731252898,79792.85811661638,0,1
1371083640000,1371083699999,79792.86496629269,79792.86496629269,79788.60356123201,79788.89136601816,0,1
1371083700000,1371083759999,79789.07295287141,79789.46695074216,79788.96331592047,79788.96331592047,0,1
1371083760000,1371083819999,79789.75473068097,79792.13202431808,79789.75473068097,79790.05277974432,0,1
1371083820000,1371083879999,79790.0973150484,79792.29985222255,79790.0973150484,79792.01214551897,0,1
1371083880000,1371083939999,79792.63207466571,79793.9471562215,79792.27930201823,79793.9471562215,0,1
1371083940000,1371083999999,79794.23138289126,79794.54641988075,79793.75880879721,79793.91976045299,0,1
1371084000000,1371084059999,79794.17316844809,79794.4128728036,79791.6936034415,79791.6936034415,0,1
1371084060000,1371084119999,79792.47795222433,79792.79304445734,79791.7826592377,79791.7826592377,0,1
1371084120000,1371084179999,79792.75537090858,79793.73826159086,79791.53946653538,79791.88541494013,0,1
1371084180000,1371084239999,79792.80331903692,79792.80331903692,79792.15942498467,79792.15942498467,0,1
1371084240000,1371084299999,79791.38190190906,79793.61155288544,79790.39877958369,79793.61155288544,0,1
1371084300000,1371084359999,79793.63894949833,79797.12797954743,79793.63894949833,79797.12797954743,0,1
1371084360000,1371084419999,79796.88834026614,79797.74074530695,79795.93657328264,79797.7236294547,0,1
1371084420000,1371084479999,79798.15836302386,79798.15836302386,79795.78934943648,79796.07694748946,0,1
1371084480000,1371084539999,79795.90575916861,79795.90575916861,79792.54302643378,79795.7688064019,0,1
1371084540000,1371084599999,79795.3750567496,79797.32653345875,79795.33054494395,79795.52571062164,0,1
1371084600000,1371084659999,79795.63185175956,79795.63185175956,79792.7382465213,79793.98824973356,0,1
1371084660000,1371084719999,79793.47456869512,79793.6971670515,79792.68687318356,79793.19716996234,0,1
1371084720000,1371084779999,79793.57730701378,79793.6492232088,79792.11832395663,79792.55330127022,0,1
1371084780000,1371084839999,79793.04305623016,79794.00537198041,79792.64577432333,79793.76908238455,0,1
1371084840000,1371084899999,79793.51223953452,79794.2519290844,79793.45402090473,79793.85127070334,0,1
1371084900000,1371084959999,79794.07728509704,79794.36150806826,79793.44032235433,79794.36150806826,0,1
1371084960000,1371085019999,79793.78278048459,79794.04304082028,79793.39237728022,79793.88209114873,0,1
1371085020000,1371085079999,79794.06358740041,79794.74160086231,79793.75538426575,79794.27932394294,0,1
1371085080000,1371085139999,79794.14577329875,79794.3580837432,79793.73483705237,79794.3580837432,0,1
1371085140000,1371085199999,79794.09440719143,79794.73475247131,79794.09440719143,79794.73475247131,0,1
1371085200000,1371085259999,79794.15262209311,79794.61490486952,79793.15264846144,79793.15264846144,0,1
1371085260000,1371085319999,79792.71427232986,79793.00195883379,79790.72763962124,79793.00195883379,0,1
1371085320000,1371085379999,79792.7587957825,79793.90263805955,79792.71427232986,79793.62867577729,0,1
1371085380000,1371085439999,79793.75195973311,79795.22097657826,79791.77580881999,79792.47452725422,0,1
1371085440000,1371085499999,79792.44027748848,79792.67317358224,79790.69338387193,79791.9402175497,0,1
1371085500000,1371085559999,79791.2654395026,79791.61824791756,79789.45324672898,79789.45324672898,0,1
1371085560000,1371085619999,79789.2237017163,79792.03612139376,79788.38770220646,79790.16583051355,0,1
1371085620000,1371085679999,79790.31656288444,79790.72421405159,79789.03183915566,79790.4330363422,0,1
1371085680000,1371085739999,79790.17953355024,79790.17953355024,79785.5331280061,79786.53729082731,0,1
1371085740000,1371085799999,79786.85257029861,79787.1404254828,79781.10401246438,79783.61705639263,0,1
1371085800000,1371085859999,79782.96914232432,79782.96914232432,79778.5388907665,79782.70173697894,0,1
1371085860000,1371085919999,79782.07776336391,79783.35652456488,79780.94285440313,79782.63659869635,0,1
1371085920000,1371085979999,79782.73602011512,79782.73602011512,79778.76525150321,79779.0567691458,0,1
1371085980000,1371086039999,79779.66035513263,79780.83998619753,79778.91958543142,79779.97928074429,0,1
1371086040000,1371086099999,79779.83868038419,79780.72340095195,79778.83384465425,79780.26733384484,0,1
1371086100000,1371086159999,79779.79067005236,79782.08462042839,79779.79067005236,79780.51765896747,0,1
1371086160000,1371086219999,79780.7885516979,79780.7885516979,79777.98668626137,79780.47651006261,0,1
1371086220000,1371086279999,79782.06747775835,79783.75074772163,79780.11987912758,79780.11987912758,0,1
1371086280000,1371086339999,79779.9895684979,79780.8502730657,79777.35212790433,79778.6177746352,0,1
1371086340000,1371086399999,79778.12731266281,79782.06747775835,79778.12731266281,79780.71311395324,0,1
1371086400000,1371086459999,79781.72804683997,79784.83392437817,79781.72804683997,79784.13467185826,0,1
1371086460000,1371086519999,79783.9084326329,79786.71549348897,79781.35431664398,79781.48803822706,0,1
1371086520000,1371086579999,79780.78169374463,79782.06404922082,79779.6877899937,79780.40449907168,0,1
1371086580000,1371086639999,79780.93599655568,79782.56117489171,79780.23647140952,79781.53946912906,0,1
1371086640000,1371086699999,79781.8891922478,79781.89262084529,79777.86663776863,79780.58624009929,0,1
1371086700000,1371086759999,79780.62395952131,79780.62395952131,79777.66426704708,79777.66426704708,0,1
1371086760000,1371086819999,79777.65397690097,79780.3564914563,79777.01253689194,79778.3022354267,0,1
1371086820000,1371086879999,79777.3143961391,79777.44131151075,79774.69340514252,79775.70894914218,0,1
1371086880000,1371086939999,79775.34871729692,79775.52025788926,79773.68118941343,79775.39674895939,0,1
1371086940000,1371086999999,79776.27500153922,79776.57002220784,79770.32470384878,79770.4448429149,0,1
1371087000000,1371087059999,79770.31440614739,79776.00055589368,79770.31440614739,79775.16345015199,0,1
1371087060000,1371087119999,79776.85131287924,79776.85131287924,79773.27284287884,79773.47187100392,0,1
1371087120000,1371087179999,79772.59680397924,79773.67775799942,79771.16907927919,79772.20557277458,0,1
1371087180000,1371087239999,79772.67916649304,79772.96056663033,79769.64160001004,79770.34873177747,0,1
1371087240000,1371087299999,79770.27664781819,79771.74568494594,79768.65633791666,79768.65633791666,0,1
1371087300000,1371087359999,79769.73428517656,79770.52379065819,79768.45721392488,79769.40130113314,0,1
1371087360000,1371087419999,79769.672495161,79778.22677892343,79769.51458560883,79776.28872362379,0,1
1371087420000,1371087479999,79776.40193010296,79776.40193010296,79774.75859518608,79775.36587148857,0,1
1371087480000,1371087539999,79774.94386983172,79775.03993681511,79769.74458347536,79769.80637304549,0,1
1371087540000,1371087599999,79770.34186666088,79770.34186666088,79769.5935406966,79770.21142855016,0,1
1371087600000,1371087659999,79769.84070041947,79770.70914377992,79769.59010787967,79770.12218044145,0,1
1371087660000,1371087719999,79771.55005460697,79773.13557979492,79771.4745471367,79772.06486307259,0,1
1371087720000,1371087779999,79773.11499016982,79774.62821467398,79770.98373468239,79771.26518253253,0,1
1371087780000,1371087839999,79771.24802130503,79773.2007799947,79771.24802130503,79773.2007799947,0,1
1371087840000,1371087899999,79773.2865690836,79773.49245989422,79770.34529921976,79770.58900788907,0,1
1371087900000,1371087959999,79770.3109735779,79771.56035103601,79767.16281132163,79767.698446513,0,1
1371087960000,1371088019999,79768.09328741877,79768.09328741877,79762.58814213262,79763.41256143275,0,1
1371088020000,1371088079999,79763.62209050584,79764.57693790273,79759.83958682469,79760.25879033122,0,1
1371088080000,1371088139999,79759.31040320713,79762.22056662114,79759.31040320713,79762.07971634928,0,1
1371088140000,1371088199999,79763.46752030289,79763.46752030289,79756.02815209645,79756.4062673364,0,1
1371088200000,1371088259999,79756.35126964458,79761.79457435971,79756.35126964458,79758.3344326999,0,1
1371088260000,1371088319999,79757.94951673182,79759.57499851636,79757.72612120573,79758.0560574559,0,1
1371088320000,1371088379999,79759.00456354234,79763.10341216,79757.95982717408,79760.35156250287,0,1
1371088380000,1371088439999,79759.60592478383,79759.72962889734,79756.01096470038,79759.02518224076,0,1
1371088440000,1371088499999,79759.47191026731,79759.76055468661,79753.28466974066,79754.09610380986,0,1
1371088500000,1371088559999,79754.72182579697,79755.98690229625,79752.97176867498,79755.98690229625,0,1
1371088560000,1371088619999,79755.1824971809,79756.51626181262,79753.37750663502,79753.58380775902,0,1
1371088620000,1371088679999,79754.37115126416,79754.37115126416,79750.50260144238,79752.15680455788,0,1
1371088680000,1371088739999,79752.52818884815,79753.03366197024,79750.38910138434,79750.38910138434,0,1
1371088740000,1371088799999,79751.1835747392,79751.80604006318,79749.02012042685,79749.56360766123,0,1
1371088800000,1371088859999,79750.53699514503,79751.73038336303,79748.14291099805,79751.64440914532,0,1
1371088860000,1371088919999,79751.03569054078,79755.87690199718,79751.03569054078,79755.59845833226,0,1
1371088920000,1371088979999,79755.97315232505,79756.38908059019,79750.1208233988,79750.1208233988,0,1
1371088980000,1371089039999,79750.36846487175,79751.04256892408,79749.6083236502,79749.70807398201,0,1
1371089040000,1371089099999,79749.60144428031,79752.18431497831,79748.06378636419,79752.18431497831,0,1
1371089100000,1371089159999,79752.63822598913,79753.71790120736,79749.525770899,79753.48409608049,0,1
1371089160000,1371089219999,79753.03710047541,79754.18549506231,79752.15680455788,79752.52131148663,0,1
1371089220000,1371089279999,79752.18775377554,79753.41532882636,79748.32523929254,79748.32523929254,0,1
1371089280000,1371089339999,79748.33211954044,79750.58514613,79747.91929628687,79749.09923749414,0,1
1371089340000,1371089399999,79748.51444438518,79750.7949441444,79746.42610989316,79746.42610989316,0,1
1371089400000,1371089459999,79746.17148904079,79751.31770037675,79746.17148904079,79750.07267017801,0,1
1371089460000,1371089519999,79748.99948108896,79752.83422664728,79748.99948108896,79752.83422664728,0,1
1371089520000,1371089579999,79752.38720199175,79753.50128782014,79752.10866114001,79752.86861233157,0,1
1371089580000,1371089639999,79752.88580512936,79753.1093088109,79751.83699036644,79751.83699036644,0,1
1371089640000,1371089699999,79751.95735174634,79754.62556342426,79751.95735174634,79753.53910954332,0,1
1371089700000,1371089759999,79753.17807816948,79755.09999043339,79752.98896129541,79755.09999043339,0,1
1371089760000,1371089819999,79755.19281047648,79755.83565157308,79754.33333268778,79754.33333268778,0,1
1371089820000,1371089879999,79754.94528844701,79755.3062560258,79752.95457602497,79754.56711796015,0,1
1371089880000,1371089939999,79754.69776029066,79754.73901540888,79753.78666638084,79754.52930012488,0,1
1371089940000,1371089999999,79754.37458930947,79754.89715845202,79752.35969212945,79752.35969212945,0,1
1371090000000,1371090059999,79752.92019063629,79753.19527043523,79747.81264750968,79748.12915023713,0,1
1371090060000,1371090119999,79748.39748165949,79751.16293986606,79747.76448317296,79750.68488671849,0,1
1371090120000,1371090179999,79751.1595007164,79751.48965369075,79749.95572567642,79750.37190429347,0,1
1371090180000,1371090239999,79750.54731323276,79751.1595007164,79749.6186426962,79750.81557977691,0,1
1371090240000,1371090299999,79749.52921061056,79751.78196753886,79749.11987662615,79750.86029016793,0,1
1371090300000,1371090359999,79750.70552257812,79752.23589681262,79750.54043450879,79752.07083400623,0,1
1371090360000,1371090419999,79750.84997240313,79752.37000833669,79749.83190059586,79750.88436491106,0,1
1371090420000,1371090479999,79750.72271909527,79751.43118989574,79749.31594625564,79749.6977550283,0,1
1371090480000,1371090539999,79749.20587255097,79749.20587255097,79746.04417618338,79749.07515845296,0,1
1371090540000,1371090599999,79748.82748494993,79751.30394398389,79748.12226984957,79751.30394398389,0,1
1371090600000,1371090659999,79750.7502334612,79752.72419166304,79750.7502334612,79752.72419166304,0,1
1371090660000,1371090719999,79752.76889352141,79752.76889352141,79751.61689723954,79751.92984070152,0,1
1371090720000,1371090779999,79752.12585524442,79752.57633024632,79751.91608515072,79752.57633024632,0,1
1371090780000,1371090839999,79752.96833014734,79753.39126017569,79752.68980548215,79753.39126017569,0,1
1371090840000,1371090899999,79753.34312270056,79753.34312270056,79751.35553035952,79753.13681661109,0,1
1371090900000,1371090959999,79752.66917371687,79753.21590111512,79751.75101706528,79752.31498844182,0,1
1371090960000,1371091019999,79751.7922843421,79754.12704702614,79751.7922843421,79753.41532882636,0,1
1371091020000,1371091079999,79753.31217705848,79757.00778484494,79753.31217705848,79756.42689139285,0,1
1371091080000,1371091139999,79756.92529315597,79756.92529315597,79756.35470700917,79756.80842876507,0,1
1371091140000,1371091199999,79756.9081073018,79759.06641951004,79756.9081073018,79757.88078017841,0,1
1371091200000,1371091259999,79758.0766781101,79758.5646878484,79756.62969234904,79758.52001189085,0,1
1371091260000,1371091319999,79757.92202216716,79758.6849682805,79757.47522489584,79757.76392695328,0,1
1371091320000,1371091379999,79757.75017942526,79758.97707187834,79757.75017942526,79758.72620695275,0,1
1371091380000,1371091439999,79758.92896128446,79760.3549984927,79758.76400891959,79760.00108533847,0,1
1371091440000,1371091499999,79760.4374618944,79761.09714462847,79759.8670761176,79760.01826587794,0,1
1371091500000,1371091559999,79760.84633288311,79761.14524479226,79758.78806464227,79758.78806464227,0,1
1371091560000,1371091619999,79758.75369930644,79759.49940057096,79758.17634400596,79758.17634400596,0,1
1371091620000,1371091679999,79757.7192474181,79757.86703281105,79756.43376606888,79756.65375320651,0,1
1371091680000,1371091739999,79756.3787685283,79756.3787685283,79754.13736141029,79755.9903397861,0,1
1371091740000,1371091799999,79755.77721318098,79756.4062673364,79755.21343703572,79755.3062560258,0,1
1371091800000,1371091859999,79755.83221403006,79756.55407213439,79752.02956787891,79754.2886378222,0,1
1371091860000,1371091919999,79754.09954194973,79754.71151201565,79754.09954194973,79754.66338089548,0,1
1371091920000,1371091979999,79754.53961409413,79755.78065074292,79753.6800801604,79754.19924749176,0,1
1371091980000,1371092039999,79753.38782179229,79754.7905840673,79753.38782179229,79754.7905840673,0,1
1371092040000,1371092099999,79754.94528844701,79756.30314641612,79753.00615388631,79756.30314641612,0,1
1371092100000,1371092159999,79755.70502410749,79756.35126964458,79755.70502410749,79756.30658379725,0,1
1371092160000,1371092219999,79755.83908911492,79756.71218647649,79755.72564961023,79756.71218647649,0,1
1371092220000,1371092279999,79756.5506348383,79759.60936102987,79756.5506348383,79759.60936102987,0,1
1371092280000,1371092339999,79759.73306510087,79759.73306510087,79758.10073548625,79758.55094142117,0,1
1371092340000,1371092399999,79758.68153171681,79758.68153171681,79756.25846035375,79757.46835093574,0,1
1371092400000,1371092459999,79757.65050928188,79758.6952779645,79756.30314641612,79757.78798508184,0,1
1371092460000,1371092519999,79756.8977957751,79756.8977957751,79752.81359517996,79753.01990793773,0,1
1371092520000,1371092579999,79752.21182532306,79753.4669043113,79751.42431177973,79753.4669043113,0,1
1371092580000,1371092639999,79753.11962424483,79755.56751966866,79753.11962424483,79755.21343703572,0,1
1371092640000,1371092699999,79754.93841274762,79756.07283918798,79753.5219178687,79755.4609524281,0,1
1371092700000,1371092759999,79756.33064543216,79756.33408280386,79753.74196907187,79753.93107170596,0,1
1371092760000,1371092819999,79754.15111390593,79754.97966687303,79753.2537239177,79754.29895203968,0,1
1371092820000,1371092879999,79754.63587729422,79754.63587729422,79752.71043720486,79752.86173520416,0,1
1371092880000,1371092939999,79752.91331354436,79755.7531502144,79752.91331354436,79753.02334644763,0,1
1371092940000,1371092999999,79753.41876720029,79756.26877253971,79752.92019063629,79754.91434776253,0,1
1371093000000,1371093059999,79752.60040085849,79752.60040085849,79750.89468264038,79751.68567686206,0,1
1371093060000,1371093119999,79751.10791332951,79751.6203362319,79749.21619201226,79749.69087571993,0,1
1371093120000,1371093179999,79750.08642826475,79754.46741608593,79750.08642826475,79754.19580938616,0,1
1371093180000,1371093239999,79753.12306272046,79754.2473808459,79752.23589681262,79753.02334644763,0,1
1371093240000,1371093299999,79752.77577071266,79752.99239981596,79750.50604081797,79752.92706772347,0,1
1371093300000,1371093359999,79753.16088587418,79754.2129999023,79752.56945291792,79754.14079953596,0,1
1371093360000,1371093419999,79754.43991194571,79754.93497489615,79753.39469855791,79753.99983541358,0,1
1371093420000,1371093479999,79754.57399391482,79756.14158816963,79753.94482448531,79756.14158816963,0,1
1371093480000,1371093539999,79756.16565020155,79757.00778484494,79754.68400854677,79754.68400854677,0,1
1371093540000,1371093599999,79754.74932916183,79755.91127722063,79754.74932916183,79755.91127722063,0,1
1371093600000,1371093659999,79755.88033952485,79757.00778484494,79755.88033952485,79756.47845134788,0,1
1371093660000,1371093719999,79756.55407213439,79756.55407213439,79755.3887610715,79756.00408973369,0,1
1371093720000,1371093779999,79756.00065224856,79756.40282998951,79753.86918396482,79753.86918396482,0,1
1371093780000,1371093839999,79754.06859864834,79754.50523415524,79752.27716208852,79753.00959240094,0,1
1371093840000,1371093899999,79753.86918396482,79754.24394275686,79753.72821601354,79753.78322813338,0,1
1371093900000,1371093959999,79753.99983541358,79753.99983541358,79752.7035599687,79753.92419530918,0,1
1371093960000,1371094019999,79752.9855227737,79753.89668967483,79752.9855227737,79753.89668967483,0,1
1371094020000,1371094079999,79753.96545361888,79754.26113319024,79753.71102466402,79753.88637504244,0,1
1371094080000,1371094139999,79753.70070984011,79754.46054005797,79753.08523942367,79754.25769510593,0,1
1371094140000,1371094199999,79753.44627414925,79753.44627414925,79752.94082188368,79752.94426042077,0,1
1371094200000,1371094259999,79754.07891309277,79758.29662910914,79754.07891309277,79757.502720689,0,1
1371094260000,1371094319999,79757.48897280186,79758.02856318415,79756.13127585252,79756.67093949784,0,1
1371094320000,1371094379999,79756.61250598682,79757.26212993557,79756.16908762995,79756.81186597254,0,1
1371094380000,1371094439999,79756.70187474779,79757.66425694693,79756.5987568758,79756.5987568758,0,1
1371094440000,1371094499999,79756.47845134788,79757.91171168591,79756.3925179418,79757.91171168591,0,1
1371094500000,1371094559999,79757.94951673182,79759.20731223037,79755.89065210074,79756.13471329275,0,1
1371094560000,1371094619999,79755.9456523259,79755.9456523259,79752.53850488155,79752.53850488155,0,1
1371094620000,1371094679999,79751.9951793094,79752.43190535654,79751.3142612803,79752.09834466317,0,1
1371094680000,1371094739999,79752.23933559212,79752.52475016798,79749.94540697827,79750.0520330124,0,1
1371094740000,1371094799999,79749.71839292506,79751.41055553354,79749.01324065229,79751.21796609981,0,1
1371094800000,1371094859999,79751.42431177973,79753.21246267142,79751.01505536248,79751.86450166671,0,1
1371094860000,1371094919999,79752.34593716993,79753.18495507933,79751.37272575892,79753.06460847422,0,1
1371094920000,1371094979999,79752.72419166304,79753.35343789331,79751.53436106806,79753.35343789331,0,1
1371094980000,1371095039999,79753.06116997851,79757.69518912418,79752.88580512936,79756.70874923476,0,1
1371095040000,1371095099999,79757.4477290271,79757.84297487265,79756.3581443726,79757.25525582899,0,1
1371095100000,1371095159999,79757.0696531651,79758.11791929093,79755.93190229798,79755.93190229798,0,1
1371095160000,1371095219999,79756.01440218196,79756.87029831862,79756.01440218196,79756.28939687973,0,1
1371095220000,1371095279999,79756.44064074018,79758.17978074327,79756.28252210445,79758.17978074327,0,1
1371095280000,1371095339999,79757.7708007102,79759.8705122739,79757.7708007102,79758.75369930644,0,1
1371095340000,1371095399999,79759.48221914003,79760.13852882772,79758.35848945599,79758.35848945599,0,1
1371095400000,1371095459999,79757.89452752689,79759.69870301243,79757.13152110249,79757.13152110249,0,1
1371095460000,1371095519999,79757.65738311676,79758.31381257721,79757.0455933083,79757.98388483135,0,1
1371095520000,1371095579999,79757.2999374373,79758.58874405056,79756.9081073018,79757.15558075254,0,1
1371095580000,1371095639999,79757.50959462546,79757.99419523818,79756.46470205253,79756.80155434662,0,1
1371095640000,1371095699999,79757.01809625822,79757.01809625822,79752.614155468,79752.79296367007,0,1
1371095700000,1371095759999,79753.3190538761,79756.49220062431,79753.3190538761,79756.49220062431,0,1
1371095760000,1371095819999,79756.01783966235,79757.6745676833,79755.01748300515,79757.04215618118,0,1
1371095820000,1371095879999,79757.68144150166,79759.39287522335,79757.56458594714,79758.48564563383,0,1
1371095880000,1371095939999,79758.31037588595,79761.68807345883,79757.46147697092,79759.86020380147,0,1
1371095940000,1371095999999,79759.54407215322,79761.07996594248,79757.49928371898,79759.43754728147,0,1
1371096000000,1371096059999,79759.73993750439,79760.95284274894,79758.43409602687,79758.43409602687,0,1
1371096060000,1371096119999,79758.61280019485,79758.62654653702,79756.85311236992,79757.50959462546,0,1
1371096120000,1371096179999,79758.24851524149,79759.30009415728,79757.38242603584,79758.0766781101,0,1
1371096180000,1371096239999,79757.8326643099,79759.36538462684,79757.8326643099,79758.18321747941,0,1
1371096240000,1371096299999,79757.5680228947,79758.62998311962,79755.67064817504,79755.72564961023,0,1
1371096300000,1371096359999,79756.00065224856,79757.6539461999,79755.22718805158,79757.26556698709,0,1
1371096360000,1371096419999,79756.17596248322,79759.77429945115,79756.17596248322,79758.5646878484,0,1
1371096420000,1371096479999,79759.29322145147,79759.56125347788,79758.35505278008,79758.39629281287,0,1
1371096480000,1371096539999,79759.01143644654,79760.35843448134,79755.8115887471,79756.82217758783,0,1
1371096540000,1371096599999,79756.8359263917,79758.16947052779,79756.49907525546,79758.16947052779,0,1
1371096600000,1371096659999,79758.66091230983,79760.09042382137,79758.02168960441,79759.88082073574,0,1
1371096660000,1371096719999,79760.0113936657,79760.97689320681,79759.15232994154,79760.44433381385,0,1
1371096720000,1371096779999,79759.9083099153,79761.78083237172,79759.9083099153,79760.94253539215,0,1
1371096780000,1371096839999,79760.91161325804,79761.44414776683,79759.00112708847,79759.00112708847,0,1
1371096840000,1371096899999,79757.8017325579,79759.99077700062,79757.8017325579,79759.846459155,0,1
1371096900000,1371096959999,79759.15576634345,79761.41322718377,79759.15576634345,79760.01826587794,0,1
1371096960000,1371097019999,79760.07324340587,79760.88412683633,79759.4753465594,79759.4753465594,0,1
1371097020000,1371097079999,79761.67776685984,79761.67776685984,79759.99764922704,79760.22099401454,0,1
1371097080000,1371097139999,79760.0079575578,79761.97665391784,79760.0079575578,79760.1454009526,0,1
1371097140000,1371097199999,79761.16242336611,79761.45101899453,79756.37189381446,79757.44429203818,0,1
1371097200000,1371097259999,79757.45116601483,79759.5715622585,79757.45116601483,79759.51658197238,0,1
1371097260000,1371097319999,79759.58874353592,79759.80866127982,79758.08011488167,79759.11109302653,0,1
1371097320000,1371097379999,79759.49252800214,79761.54378010632,79759.49252800214,79759.72275648674,0,1
1371097380000,1371097439999,79760.00452144873,79761.45101899453,79759.90487377199,79760.832589592,0,1
1371097440000,1371097499999,79761.05247998351,79761.07996594248,79759.6024885366,79760.10416813252,0,1
1371097500000,1371097559999,79759.5578172153,79761.05935148035,79759.10765660927,79759.9151821984,0,1
1371097560000,1371097619999,79759.8533314806,79760.04919077459,79758.19009094812,79759.42380205407,0,1
1371097620000,1371097679999,79759.39974786066,79761.82549376365,79757.20026280623,79761.57813585529,0,1
1371097680000,1371097739999,79761.19678042528,79764.41207867705,79761.19678042528,79763.30264278628,0,1
1371097740000,1371097799999,79763.44691076198,79763.44691076198,79762.48164968302,79763.11715233061,0,1
1371097800000,1371097859999,79763.44347583437,79763.86596307867,79762.73929075913,79763.23737801827,0,1
1371097860000,1371097919999,79762.58470691,79763.522478871,79759.9014376275,79760.8772552191,0,1
1371097920000,1371097979999,79760.41684610774,79760.41684610774,79758.99769063343,79759.73993750439,0,1
1371097980000,1371098039999,79759.64372342531,79762.12437640637,79757.11089849923,79757.68831531527,0,1
1371098040000,1371098099999,79758.73651659425,79759.68839436286,79758.32068595616,79759.36538462684,0,1
1371098100000,1371098159999,79759.36882095554,79761.06965871672,79757.26556698709,79757.7708007102,0,1
1371098160000,1371098219999,79757.93576945894,79757.93576945894,79755.3371954977,79755.86658940712,0,1
1371098220000,1371098279999,79755.71877444738,79756.81530317882,79755.6672105753,79756.14846304181,0,1
1371098280000,1371098339999,79756.38908059019,79756.93904181807,79756.30314641612,79756.30314641612,0,1
1371098340000,1371098399999,79756.02815209645,79757.48897280186,79755.65689776897,79756.25846035375,0,1
1371098400000,1371098459999,79756.06596426382,79759.1385843221,79756.06596426382,79759.1385843221,0,1
1371098460000,1371098519999,79759.12140227122,79759.42036574427,79757.40304807914,79757.40304807914,0,1
1371098520000,1371098579999,79757.01122198388,79757.01122198388,79756.67437675255,79756.67437675255,0,1
1371098580000,1371098639999,79757.57145984109,79757.57145984109,79755.61220881867,79756.00408973369,0,1
1371098640000,1371098699999,79756.24814815714,79756.58844503012,79753.96889180366,79753.96889180366,0,1
1371098700000,1371098759999,79754.36083712114,79755.84252665559,79754.08922752657,79754.54992805274,0,1
1371098760000,1371098819999,79754.34708491391,79755.98002731301,79754.34708491391,79755.98002731301,0,1
1371098820000,1371098879999,79755.08280144198,79755.88721457662,79751.28330935913,79751.28330935913,0,1
1371098880000,1371098939999,79751.19045302078,79751.7922843421,79749.33314516254,79750.17929485519,0,1
1371098940000,1371098999999,79750.74335487682,79750.77086918599,79749.57392675335,79750.189613312,0,1
1371099000000,1371099059999,79750.6436148715,79750.98066330401,79749.61520301539,79750.8809256656,0,1
1371099060000,1371099119999,79750.76055132892,79751.98486271549,79750.32031284341,79751.98486271549,0,1
1371099120000,1371099179999,79752.7482619193,79754.85590398622,79751.44494611355,79754.04109341117,0,1
1371099180000,1371099239999,79754.38834147887,79754.86277974234,79753.96889180366,79754.61868750503,0,1
1371099240000,1371099299999,79755.26844098569,79755.26844098569,79752.99239981596,79753.90700429658,0,1
1371099300000,1371099359999,79753.250285487,79753.724777746,79752.00205703276,79752.25996824425,0,1
1371099360000,1371099419999,79752.11553878532,79752.2977946626,79751.02537295695,79751.43806800702,0,1
1371099420000,1371099479999,79751.14574410592,79752.21526411083,79750.51291956559,79752.21526411083,0,1
1371099480000,1371099539999,79752.67605097669,79756.12096352477,79752.54882090431,79754.82152513471,0,1
1371099540000,1371099599999,79754.50523415524,79754.52242413946,79752.92362918047,79752.92362918047,0,1
1371099600000,1371099659999,79753.04397748222,79754.86965549373,79752.44222148928,79754.21643800198,0,1
1371099660000,1371099719999,79754.20268559617,79755.26844098569,79753.42220557305,79755.26844098569,0,1
1371099720000,1371099779999,79755.13436832759,79755.13436832759,79753.98952088757,79754.52930012488,0,1
1371099780000,1371099839999,79755.04842337052,79755.04842337052,79753.99295906408,79754.06516049783,0,1
1371099840000,1371099899999,79754.1132944974,79755.83221403006,79754.1132944974,79755.51595501666,0,1
1371099900000,1371099959999,79755.70158651956,79755.70158651956,79754.18549506231,79754.62900138208,0,1
1371099960000,1371100019999,79755.11374160525,79755.23406355242,79753.41876720029,79754.72870164528,0,1
1371100020000,1371100079999,79754.39177951826,79754.69432235647,79752.00205703276,79752.42846664326,0,1
1371100080000,1371100139999,79751.97110724037,79752.31154968835,79749.48105454087,79750.84997240313,0,1
1371100140000,1371100199999,79751.41055553354,79751.41055553354,79749.50513260471,79750.55075259297,0,1
1371100200000,1371100259999,79749.98324215277,79751.10447416092,79749.09235777402,79749.45009694505,0,1
1371100260000,1371100319999,79749.59800459357,79750.03483534185,79749.09579763467,79749.57048705716,0,1
1371100320000,1371100379999,79749.91789039782,79751.39336019917,79749.91789039782,79750.78806559076,0,1
1371100380000,1371100439999,79751.02881215274,79753.66632701695,79751.02881215274,79753.66632701695,0,1
1371100440000,1371100499999,79752.76201632543,79754.2473808459,79752.56945291792,79753.98952088757,0,1
1371100500000,1371100559999,79753.81761055462,79753.81761055462,79750.94971035027,79750.94971035027,0,1
1371100560000,1371100619999,79751.46901944918,79751.46901944918,79749.48449426783,79749.48449426783,0,1
1371100620000,1371100679999,79750.73303699137,79750.73303699137,79748.93068298834,79749.32282582195,0,1
1371100680000,1371100739999,79748.9547623774,79749.68055674847,79748.53164467064,79748.53164467064,0,1
1371100740000,1371100799999,79748.68644590843,79749.66679810332,79748.65548585258,79748.65548585258,0,1
1371100800000,1371100859999,79748.01218300482,79749.33658494038,79748.01218300482,79748.99604119518,0,1
1371100860000,1371100919999,79749.07171858521,79749.07171858521,79747.98122086137,79748.17043246307,0,1
1371100920000,1371100979999,79748.03970482961,79748.03970482961,79744.37863707825,79745.70007926914,0,1
1371100980000,1371101039999,79745.45232215918,79745.62781741281,79742.90901581627,79742.90901581627,0,1
1371101040000,1371101099999,79742.98818124742,79743.0260427538,79740.88147882785,79741.211971303,0,1
1371101100000,1371101159999,79741.33934569506,79741.49081583324,79737.46230632726,79737.46230632726,0,1
1371101160000,1371101219999,79737.96509785346,79737.96509785346,79735.91589175868,79737.29011163705,0,1
1371101220000,1371101279999,79737.05247809515,79737.63794185668,79735.81255932203,79737.63794185668,0,1
1371101280000,1371101339999,79737.44508699166,79737.55184639437,79735.4336645855,79735.4336645855,0,1
1371101340000,1371101399999,79734.47258536512,79735.11331510829,79733.9248322294,79733.97306326986,0,1
1371101400000,1371101459999,79734.01440397654,79734.61038017282,79733.0807513632,79733.0807513632,0,1
1371101460000,1371101519999,79732.89469946713,79733.81114385647,79725.60839064921,79726.82544254763,0,1
1371101520000,1371101579999,79727.01160739662,79727.0633192396,79725.2497975341,79726.30485207381,0,1
1371101580000,1371101639999,79725.5256395332,79726.9667902497,79725.46012774736,79726.78407211053,0,1
1371101640000,1371101699999,79726.4013874535,79730.52051118972,79726.3289860061,79730.52051118972,0,1
1371101700000,1371101759999,79729.88638004569,79732.03674871814,79728.9868098225,79730.7134996435,0,1
1371101760000,1371101819999,79730.77553085554,79731.89202687868,79727.14950505036,79727.14950505036,0,1
1371101820000,1371101879999,79728.36636941301,79729.41420193449,79727.32187444349,79727.8010457461,0,1
1371101880000,1371101939999,79727.46321512884,79731.14081796608,79726.95300031795,79731.14081796608,0,1
1371101940000,1371101999999,79731.15804816062,79736.7735097751,79731.15804816062,79735.72989260392,0,1
1371102000000,1371102059999,79735.64378071255,79737.70337391229,79733.47351622113,79733.47351622113,0,1
1371102060000,1371102119999,79733.46662574253,79735.00652966867,79732.04708591223,79733.87660095631,0,1
1371102120000,1371102179999,79735.05475549228,79735.2648795809,79732.44678255632,79734.19010007329,0,1
1371102180000,1371102239999,79734.04885443489,79735.34066095576,79733.59065363089,79733.91449697618,0,1
1371102240000,1371102299999,79733.8903813438,79734.56559706858,79731.94715925495,79731.94715925495,0,1
1371102300000,1371102359999,79732.40888097398,79732.51569415617,79731.32690249602,79731.76797792068,0,1
1371102360000,1371102419999,79731.78520703464,79732.02641151335,79730.52740369864,79730.96162218298,0,1
1371102420000,1371102479999,79730.47226349433,79732.89125402899,79730.47226349433,79732.42266338418,0,1
1371102480000,1371102539999,79734.13498006151,79734.85840604192,79732.34685989302,79733.95583792498,0,1
1371102540000,1371102599999,79733.55620159398,79733.70434451055,79733.11520503816,79733.51485899302,0,1
1371102600000,1371102659999,79732.94638089658,79733.60443441241,79729.9105053359,79730.23102152551,0,1
1371102660000,1371102719999,79729.90016593294,79730.30684105711,79726.75649172405,79727.36668999903,0,1
1371102720000,1371102779999,79727.18053176039,79729.97254152919,79725.27393401277,79725.5670151768,0,1
1371102780000,1371102839999,79726.12556961049,79728.69038198474,79726.12556961049,79728.23882967017,0,1
1371102840000,1371102899999,79727.09089877986,79729.25565537902,79726.79441473585,79727.34945327067,0,1
1371102900000,1371102959999,79727.17708435291,79728.61455019619,79727.17708435291,79728.2526178289,0,1
1371102960000,1371103019999,79727.89411952312,79729.8967194629,79727.89411952312,79729.60376516874,0,1
1371103020000,1371103079999,79729.57274597631,79730.17932606075,79725.51874357594,79727.16329471115,0,1
1371103080000,1371103139999,79727.83551761638,79729.27633550706,79726.8082048863,79729.0385114524,0,1
1371103140000,1371103199999,79729.62789114079,79730.46192467217,79728.81791596867,79728.81791596867,0,1
1371103200000,1371103259999,79729.32458897287,79730.03113091392,79726.14280844855,79726.8943928958,0,1
1371103260000,1371103319999,79726.60479823867,79726.9667902497,79723.13590565299,79723.35662651353,0,1
1371103320000,1371103379999,79722.91517992057,79726.39449210014,79722.91517992057,79726.39449210014,0,1
1371103380000,1371103439999,79727.31153236367,79728.68004132016,79722.94621977108,79723.7118389194,0,1
1371103440000,1371103499999,79723.38766499383,79725.40840761329,79722.84965103086,79723.94289264336,0,1
1371103500000,1371103559999,79724.16014724523,79724.16014724523,79723.00140148966,79723.91185588636,0,1
1371103560000,1371103619999,79723.60148301815,79723.77391357865,79719.9038563901,79719.9038563901,0,1
1371103620000,1371103679999,79718.7170147365,79720.23159307336,79717.77848206951,79720.23159307336,0,1
1371103680000,1371103739999,79720.59036617976,79723.48077985672,79720.46617694573,79722.96001522927,0,1
1371103740000,1371103799999,79723.07382703318,79725.68424523734,79722.41163110848,79725.65321388446,0,1
1371103800000,1371103859999,79725.78078660824,79728.69382887054,79725.32220679538,79728.69382887054,0,1
1371103860000,1371103919999,79728.85238433378,79730.33441165336,79728.11818247032,79728.95234192073,0,1
1371103920000,1371103979999,79729.86914765989,79729.86914765989,79725.63942214118,79725.63942214118,0,1
1371103980000,1371104039999,79725.57391110076,79731.87824373711,79725.57391110076,79731.87824373711,0,1
1371104040000,1371104099999,79730.74796147548,79732.38820732306,79727.79759855254,79727.81828169609,0,1
1371104100000,1371104159999,79727.22190055734,79728.2560648656,79723.91530441966,79726.68409284762,0,1
1371104160000,1371104219999,79726.44275947381,79728.76276633737,79725.40840761329,79727.86309502703,0,1
1371104220000,1371104279999,79728.67314753783,79734.46914047061,79728.67314753783,79734.46914047061,0,1
1371104280000,1371104339999,79735.25454571255,79736.24654838075,79732.41232657831,79732.41232657831,0,1
1371104340000,1371104399999,79731.74385711126,79734.27966944443,79731.74385711126,79734.27966944443,0,1
1371104400000,1371104459999,79733.65611217401,79735.84011474287,79733.29436223448,79734.8859640921,0,1
1371104460000,1371104519999,79734.77917622465,79735.65066969114,79733.74913147191,79733.74913147191,0,1
1371104520000,1371104579999,79732.92226292941,79733.79391823265,79732.25038189137,79732.38476171042,0,1
1371104580000,1371104639999,79733.63888628315,79733.63888628315,79731.77831539261,79732.07809743042,0,1
1371104640000,1371104699999,79731.93337618938,79732.18835982737,79725.14635482273,79727.21500576974,0,1
1371104700000,1371104759999,79725.92559691709,79726.44275947381,79720.06255128329,79721.70110129783,0,1
1371104760000,1371104819999,79720.21434404202,79720.676607796,79717.18150185751,79717.18150185751,0,1
1371104820000,1371104879999,79716.43608925058,79718.95508438499,79714.38591803338,79717.34023995863,0,1
1371104880000,1371104939999,79717.35059235596,79718.9033305957,79715.06590355722,79718.78257071241,0,1
1371104940000,1371104999999,79718.78602101502,79720.01770298182,79716.80880249954,79719.42085643589,0,1
1371105000000,1371105059999,79719.21384931379,79720.47997582567,79718.78602101502,79719.65545932738,0,1
1371105060000,1371105119999,79719.44500698766,79720.8111432322,79718.19600196346,79718.2063534749,0,1
1371105120000,1371105179999,79719.7831085886,79724.9739479259,79719.7831085886,79724.43257094895,0,1
1371105180000,1371105239999,79724.68429764756,79727.0667666863,79724.68429764756,79726.2221067209,0,1
1371105240000,1371105299999,79726.71167343378,79732.22970791279,79726.04971836993,79731.77486956982,0,1
1371105300000,1371105359999,79731.9195931048,79737.64138565975,79731.71973624367,79737.20401318002,0,1
1371105360000,1371105419999,79735.92622494361,79737.78602431795,79732.94982631571,79732.94982631571,0,1
1371105420000,1371105479999,79733.45629001573,79733.54931117236,79726.68064526899,79726.68064526899,0,1
1371105480000,1371105539999,79726.72546369833,79728.38360438864,79724.99118874934,79725.83595268746,0,1
1371105540000,1371105599999,79726.1462562126,79726.95644780267,79725.01532585222,79725.36703131342,0,1
1371105600000,1371105659999,79725.77044293452,79726.98402763768,79725.57391110076,79726.49447425849,0,1
1371105660000,1371105719999,79726.94955283204,79728.52493006834,79726.71856856844,79728.52493006834,0,1
1371105720000,1371105779999,79728.00098093954,79729.02472437722,79724.33601656124,79724.33601656124,0,1
1371105780000,1371105839999,79724.1773894718,79724.31187781865,79723.73253051529,79723.80150219242,0,1
1371105840000,1371105899999,79724.13945653413,79727.42529465324,79723.6463152499,79727.07710901924,0,1
1371105900000,1371105959999,79727.44253125088,79730.75485382762,79727.44253125088,79730.6686990844,0,1
1371105960000,1371106019999,79730.56186617193,79735.61622475069,79730.56186617193,79735.22009940763,0,1
1371106020000,1371106079999,79734.0454093944,79735.89522535677,79733.82147921651,79735.89522535677,0,1
1371106080000,1371106139999,79736.191439703,79740.29276204952,79736.0398892732,79740.29276204952,0,1
1371106140000,1371106199999,79740.26521889542,79740.94688966386,79739.22885259445,79740.71278574994,0,1
1371106200000,1371106259999,79740.45113371339,79740.45113371339,79735.23732257492,79735.70233687936,0,1
1371106260000,1371106319999,79735.94000250692,79738.72956803467,79735.94000250692,79738.64003851231,0,1
1371106320000,1371106379999,79738.20959692568,79741.33934569506,79738.14072455237,79740.40293390729,0,1
1371106380000,1371106439999,79740.64737338263,79741.02262799206,79738.8328703337,79738.98437844198,0,1
1371106440000,1371106499999,79738.76744566823,79738.76744566823,79736.728736357,79736.79417436199,0,1
1371106500000,1371106559999,79737.22123293072,79737.22123293072,79730.76863851766,79732.49846630073,0,1
1371106560000,1371106619999,79733.43217327831,79738.81909675548,79733.43217327831,79738.3094610244,0,1
1371106620000,1371106679999,79737.8893363644,79740.98475889966,79737.66204845329,79740.92279098458,0,1
1371106680000,1371106739999,79738.89140782946,79740.67147272563,79738.50229922043,79740.57507500515,0,1
1371106740000,1371106799999,79741.19820100126,79741.19820100126,79734.3864626461,79736.84927971826,0,1
1371106800000,1371106859999,79737.3693215628,79742.51662138409,79736.72529223961,79737.71026147218,0,1
1371106860000,1371106919999,79736.9663775921,79742.52694775062,79735.90211416213,79740.3822767764,0,1
1371106920000,1371106979999,79741.48393087673,79745.51426201215,79741.48393087673,79742.67151576247,0,1
1371106980000,1371107039999,79744.16870440639,79746.25406948704,79740.24111857337,79741.58031983647,0,1
1371107040000,1371107099999,79742.78854547943,79744.5644754381,79740.23078984611,79740.23078984611,0,1
1371107100000,1371107159999,79739.35280903615,79742.55792678625,79735.24765646106,79735.24765646106,0,1
1371107160000,1371107219999,79733.81458897766,79735.42333089156,79730.16898693572,79732.56737754443,0,1
1371107220000,1371107279999,79732.24349056992,79734.2968942315,79729.83812929064,79733.46318050145,0,1
1371107280000,1371107339999,79732.42266338418,79743.97941707149,79732.42266338418,79742.9640874869,0,1
1371107340000,1371107399999,79743.62492387883,79743.65245778082,79737.65860465732,79741.4701609495,0,1
1371107400000,1371107459999,79740.56130382637,79740.76786951686,79734.24521978124,79734.24521978124,0,1
1371107460000,1371107519999,79733.25990917678,79735.31310415862,79729.7623062052,79729.7623062052,0,1
1371107520000,1371107579999,79729.93807702487,79735.07197894435,79729.93807702487,79732.3813160966,0,1
1371107580000,1371107639999,79733.21167469656,79739.21852282161,79732.06086882108,79737.6792674153,0,1
1371107640000,1371107699999,79738.57116910352,79740.6818009977,79735.74022598106,79740.6818009977,0,1
1371107700000,1371107759999,79739.4457753591,79743.53199639996,79737.67237983405,79742.80919764025,0,1
1371107760000,1371107819999,79742.28943862244,79744.26162596872,79740.1998036004,79742.17240306428,0,1
1371107820000,1371107879999,79742.93655168949,79746.11643503109,79741.09836574664,79744.8707570503,0,1
1371107880000,1371107939999,79745.51426201215,79751.44494611355,79745.51426201215,79751.44494611355,0,1
1371107940000,1371107999999,79751.34177401871,79754.6496291043,79750.57138872938,79754.4295978736,0,1
1371108000000,1371108059999,79754.42272181965,79754.51211015247,79750.80182269329,79751.43806800702,0,1
1371108060000,1371108119999,79751.1491832603,79751.46558040478,79747.1452067491,79749.73559113982,0,1
1371108120000,1371108179999,79749.03387996179,79750.84309388735,79747.2002550953,79749.84565901387,0,1
1371108180000,1371108239999,79750.38910138434,79751.12854831619,79748.96508209781,79751.0975958202,0,1
1371108240000,1371108299999,79750.31687340394,79750.31687340394,79746.3813796723,79748.05690593166,0,1
1371108300000,1371108359999,79747.65783274468,79751.72006649592,79746.57750300222,79750.23776596968,0,1
1371108360000,1371108419999,79750.08642826475,79750.08986778348,79746.02697161886,79748.30803865205,0,1
1371108420000,1371108479999,79749.18179376656,79752.84454236498,79747.40324325302,79751.15606156555,0,1
1371108480000,1371108539999,79751.00817696025,79753.2262164391,79748.23923579424,79753.2262164391,0,1
1371108540000,1371108599999,79752.27716208852,79752.69324410555,79746.19213421628,79749.03044007982,0,1
1371108600000,1371108659999,79748.91348338923,79755.74971264301,79747.86081161442,79755.1824971809,0,1
1371108660000,1371108719999,79755.87690199718,79758.73308004827,79754.07891309277,79758.73308004827,0,1
1371108720000,1371108779999,79758.28631901414,79758.28631901414,79754.62556342426,79756.75687051138,0,1
1371108780000,1371108839999,79757.12464690613,79761.58500699092,79756.41657936994,79761.53347335862,0,1
1371108840000,1371108899999,79761.46819704311,79761.75678384729,79758.70902419332,79760.27253441095,0,1
1371108900000,1371108959999,79760.40653819844,79761.48537506218,79759.20731223037,79761.48537506218,0,1
1371108960000,1371109019999,79761.00094360682,79761.16585907734,79757.36867798332,79758.20040114234,0,1
1371109020000,1371109079999,79757.46835093574,79758.12822955956,79755.23062580258,79755.29250511866,0,1
1371109080000,1371109139999,79755.6672105753,79755.8219013939,79752.9373833454,79752.9373833454,0,1
1371109140000,1371109199999,79752.26340701547,79755.83908911492,79751.50340982813,79752.73794610228,0,1
1371109200000,1371109259999,79752.64854190902,79755.0896770421,79750.51635893763,79753.93450990257,0,1
1371109260000,1371109319999,79753.09899336632,79756.5918823132,79752.3424984271,79752.63134870329,0,1
1371109320000,1371109379999,79752.45941502017,79753.09555488244,79747.38260057772,79747.50301558289,0,1
1371109380000,1371109439999,79747.96057937914,79748.97196190551,79744.4474665031,79747.76104285433,0,1
1371109440000,1371109499999,79748.14291099805,79754.82152513471,79747.8745727446,79752.96145308852,0,1
1371109500000,1371109559999,79752.80327943034,79755.25469002656,79750.72615839515,79755.25469002656,0,1
1371109560000,1371109619999,79755.5193926684,79755.5193926684,79752.11897760621,79754.25081893377,0,1
1371109620000,1371109679999,79754.33333268778,79756.31002117723,79754.01014992893,79754.25081893377,0,1
1371109680000,1371109739999,79752.77233211763,79754.31958044272,79752.42846664326,79753.41532882636,0,1
1371109740000,1371109799999,79752.57633024632,79753.84855463266,79752.30123342082,79753.35687628853,0,1
1371109800000,1371109859999,79752.96833014734,79752.96833014734,79745.63814056711,79746.28159615093,0,1
1371109860000,1371109919999,79746.74609717626,79751.43806800702,79744.67460024393,79751.33145675067,0,1
1371109920000,1371109979999,79751.54467812675,79754.7905840673,79751.29362667684,79754.7905840673,0,1
1371109980000,1371110039999,79755.11030381407,79756.23783594993,79753.04741598383,79753.19183198444,0,1
1371110040000,1371110099999,79753.9757681697,79758.70215108128,79753.9757681697,79757.60926617334,0,1
1371110100000,1371110159999,79757.43398106437,79759.29665780497,79754.5327381158,79754.9624776748,0,1
1371110160000,1371110219999,79756.08315156536,79757.85328542475,79754.73557748886,79757.85328542475,0,1
1371110220000,1371110279999,79757.47522489584,79764.86200056759,79757.47522489584,79764.63875941167,0,1
1371110280000,1371110339999,79763.2648579725,79764.87230388523,79758.14885006494,79760.91848485166,0,1
1371110340000,1371110399999,79760.95971431423,79761.22083029647,79758.1316663134,79759.8189698054,0,1
1371110400000,1371110459999,79759.50970941535,79760.03544638789,79757.86015912026,79758.09386195612,0,1
1371110460000,1371110519999,79759.70557543956,79760.01826587794,79755.04154774205,79755.09999043339,0,1
1371110520000,1371110579999,79755.80471364333,79755.80471364333,79753.22277799895,79753.22277799895,0,1
1371110580000,1371110639999,79754.12017076413,79759.3035305084,79753.98608270987,79754.86277974234,0,1
1371110640000,1371110699999,79755.9387773143,79756.63656688566,79751.1595007164,79751.1595007164,0,1
1371110700000,1371110759999,79751.16981816184,79751.16981816184,79747.47893269785,79748.53164467064,0,1
1371110760000,1371110819999,79748.94788255787,79748.94788255787,79739.77287221784,79739.77287221784,0,1
1371110820000,1371110879999,79740.23078984611,79744.07234039271,79737.46230632726,79742.02438554382,0,1
1371110880000,1371110939999,79740.62327398155,79742.81608168437,79740.46490504389,79741.80407633985,0,1
1371110940000,1371110999999,79742.17584530613,79742.97785535715,79739.45954807417,79740.55097542984,0,1
1371111000000,1371111059999,79740.22046110821,79741.30836288416,79738.6469254271,79738.6469254271,0,1
1371111060000,1371111119999,79739.8038597865,79742.05536613637,79737.46575019081,79742.05536613637,0,1
1371111120000,1371111179999,79742.21715211589,79742.21715211589,79737.14202183194,79739.08079149754,0,1
1371111180000,1371111239999,79739.52152505731,79739.6626934183,79737.3693215628,79737.56217788898,0,1
1371111240000,1371111299999,79737.50707646103,79741.45983349162,79736.8458356424,79741.45983349162,0,1
1371111300000,1371111359999,79740.90213492756,79743.88305123372,79740.82295298035,79742.79198750919,0,1
1371111360000,1371111419999,79743.81077624598,79744.19623681117,79741.31180542344,79741.31180542344,0,1
1371111420000,1371111479999,79740.94688966386,79741.18098809743,79735.79533714545,79737.16268565733,0,1
1371111480000,1371111539999,79737.33143863312,79737.33143863312,79732.4812384156,79734.14531508686,0,1
1371111540000,1371111599999,79734.26588959339,79737.00081788229,79733.18411203199,79735.12364912259,0,1
1371111600000,1371111659999,79735.20632085243,79736.01233440285,79735.1787636851,79735.33377176359,0,1
1371111660000,1371111719999,79735.04786610315,79736.191439703,79734.30378413804,79734.30378413804,0,1
1371111720000,1371111779999,79735.28554728553,79735.45777649645,79730.55841992995,79732.35719676655,0,1
1371111780000,1371111839999,79732.08843458179,79733.12898647491,79731.67149433392,79732.49502072607,0,1
1371111840000,1371111899999,79733.10142358243,79733.10142358243,79730.57909736404,79730.57909736404,0,1
1371111900000,1371111959999,79730.82033093605,79730.82033093605,79724.39119061122,79724.90153614285,0,1
1371111960000,1371112019999,79723.88426757703,79728.249170791,79723.88426757703,79726.98058016246,0,1
1371112020000,1371112079999,79726.18418153867,79727.23913750557,79726.18418153867,79726.99781752664,0,1
1371112080000,1371112139999,79727.46321512884,79729.33492897097,79727.21500576974,79728.45943792851,0,1
1371112140000,1371112199999,79729.09365956299,79730.475709766,79728.5490586433,79729.85536172989,0,1
1371112200000,1371112259999,79729.27978219092,79733.40461122149,79728.65935995893,79733.08764210768,0,1
1371112260000,1371112319999,79733.47696145865,79734.2142149829,79729.93118410975,79729.93118410975,0,1
1371112320000,1371112379999,79730.56875865234,79731.19940050639,79729.13846717891,79731.19940050639,0,1
1371112380000,1371112439999,79731.05122047591,79735.92966933621,79731.05122047591,79735.30965955363,0,1
1371112440000,1371112499999,79735.47155470517,79742.95720354465,79735.47155470517,79741.54245285595,0,1
1371112500000,1371112559999,79741.32213303418,79745.8721292063,79738.84320050493,79745.8721292063,0,1
1371112560000,1371112619999,79745.73104847627,79745.7516945611,79739.25295535622,79739.46987759805,0,1
1371112620000,1371112679999,79738.9878217814,79741.17754551311,79738.9878217814,79739.63170541222,0,1
1371112680000,1371112739999,79740.48211918033,79744.01039160784,79740.36850533212,79743.56985584745,0,1
1371112740000,1371112799999,79743.9484424392,79745.77578160618,79743.63180736144,79745.24929439582,0,1
1371112800000,1371112859999,79745.59340682151,79748.91348338923,79744.32357319725,79748.10506885996,0,1
1371112860000,1371112919999,79748.28395770566,79748.87908410226,79746.37449808209,79746.37449808209,0,1
1371112920000,1371112979999,79746.10611237053,79747.03854971596,79743.67310815754,79745.49361543712,0,1
1371112980000,1371113039999,79744.54038547518,79746.54309567869,79743.97253382816,79745.67255100449,0,1
1371113040000,1371113099999,79745.73793050929,79747.4238858857,79744.33733919593,79744.68836575939,0,1
1371113100000,1371113159999,79744.63674497872,79747.59246579095,79744.63674497872,79747.22777915478,0,1
1371113160000,1371113219999,79746.83211351695,79747.5546215698,79742.8401758015,79743.54576348835,0,1
1371113220000,1371113279999,79742.64397915945,79744.55415117538,79742.64397915945,79743.24632503868,0,1
1371113280000,1371113339999,79743.83486796661,79744.52661975601,79742.22403656761,79743.95188406974,0,1
1371113340000,1371113399999,79744.82257854205,79747.44452847577,79744.6057723824,79746.73233449309,0,1
1371113400000,1371113459999,79747.25874363113,79748.41812223989,79747.06951477825,79747.78168474842,0,1
1371113460000,1371113519999,79747.87113246383,79748.35964048473,79745.36285280535,79745.36285280535,0,1
1371113520000,1371113579999,79745.5589961118,79747.82640870613,79744.8776396754,79747.82640870613,0,1
1371113580000,1371113639999,79747.78512505995,79748.29771825355,79746.0751443249,79746.0751443249,0,1
1371113640000,1371113699999,79747.11424192118,79747.67159415418,79745.08067498445,79745.99600332815,0,1
1371113700000,1371113759999,79745.36629394915,79745.38349965036,79742.60267411273,79744.47155668988,0,1
1371113760000,1371113819999,79745.74825354991,79747.64407131624,79744.8122545458,79746.18525249585,0,1
1371113820000,1371113879999,79746.3813796723,79749.89037374163,79746.3813796723,79749.64616010009,0,1
1371113880000,1371113939999,79749.64959977024,79751.01161616195,79746.72889381934,79751.01161616195,0,1
1371113940000,1371113999999,79749.57736644837,79750.29279729453,79749.07515845296,79749.07515845296,0,1
1371114000000,1371114059999,79749.32626560333,79751.06664322839,79747.1314446152,79751.03225134735,0,1
1371114060000,1371114119999,79750.67456877271,79751.47589753443,79748.52132450292,79749.12675632734,0,1
1371114120000,1371114179999,79750.03483534185,79750.76399061579,79747.4238858857,79749.14051571555,0,1
1371114180000,1371114239999,79748.79308536713,79752.50755674942,79748.79308536713,79752.50755674942,0,1
1371114240000,1371114299999,79751.97454611093,79752.53506620493,79748.83780480169,79749.28154835309,0,1
1371114300000,1371114359999,79749.09923749414,79749.09923749414,79744.7709584542,79745.55555503431,0,1
1371114360000,1371114419999,79745.18735290162,79745.65878684375,79742.76445123789,79743.9243509922,0,1
1371114420000,1371114479999,79744.6264207906,79744.77439980168,79742.26190096728,79744.65051054629,0,1
1371114480000,1371114539999,79744.18591216826,79745.44199881305,79741.2808225272,79741.89357753933,0,1
1371114540000,1371114599999,79741.1327918091,79741.84882703972,79739.86239159861,79740.96754562843,0,1
1371114600000,1371114659999,79741.4563910033,79741.67326545349,79739.24606885879,79739.86239159861,0,1
1371114660000,1371114719999,79740.29620493845,79741.11902139834,79740.04487093155,79740.23078984611,0,1
1371114720000,1371114779999,79740.23423275638,79740.75754133366,79739.94158115207,79740.72655672011,0,1
1371114780000,1371114839999,79741.0880379048,79742.14486508683,79740.27899048195,79742.14486508683,0,1
1371114840000,1371114899999,79741.49425830971,79743.16716165113,79741.49425830971,79742.43745221973,0,1
1371114900000,1371114959999,79742.32386058474,79742.89868984427,79742.07946208645,79742.36860895861,0,1
1371114960000,1371115019999,79742.46498939146,79743.71440878308,79742.06913525781,79742.76789327594,0,1
1371115020000,1371115079999,79743.05013636507,79743.1981387035,79741.84882703972,79741.84882703972,0,1
1371115080000,1371115139999,79741.96242407078,79742.1517495883,79739.97945419508,79740.86770807102,0,1
1371115140000,1371115199999,79740.83672379881,79742.91245780456,79740.35817673645,79740.35817673645,0,1
1371115200000,1371115259999,79740.75065587228,79742.0932311747,79740.28587626811,79741.98996255064,0,1
1371115260000,1371115319999,79742.04159699597,79742.04159699597,79739.46643442461,79739.46643442461,0,1
1371115320000,1371115379999,79739.49053661375,79739.49053661375,79734.05229947419,79737.37276545838,0,1
1371115380000,1371115439999,79736.105331786,79737.39342880699,79733.54931117236,79737.39342880699,0,1
1371115440000,1371115499999,79737.0387020645,79738.76744566823,79734.72405945977,79738.71579431418,0,1
1371115500000,1371115559999,79738.48163816301,79741.4013110289,79737.5897284891,79739.50775242758,0,1
1371115560000,1371115619999,79740.74721313982,79744.8122545458,79740.51654736436,79744.48188103786,0,1
1371115620000,1371115679999,79744.35110517565,79746.57062154698,79743.75226753997,79745.45576327218,0,1
1371115680000,1371115739999,79746.43987299777,79749.6186426962,79745.49361543712,79749.6186426962,0,1
1371115740000,1371115799999,79749.23683090287,79753.39126017569,79749.15083524428,79752.54538223124,0,1
1371115800000,1371115859999,79752.36313086638,79752.72763027462,79751.18013559663,79751.18013559663,0,1
1371115860000,1371115919999,79751.70631065658,79753.38782179229,79751.31082218268,79751.31082218268,0,1
1371115920000,1371115979999,79752.541943557,79754.82152513471,79751.74413916927,79754.82152513471,0,1
1371115980000,1371116039999,79754.63931524851,79754.8421524598,79753.08867791112,79753.08867791112,0,1
1371116040000,1371116099999,79754.08578938316,79755.96627733235,79753.2055857805,79755.96627733235,0,1
1371116100000,1371116159999,79756.21721150356,79756.7190609564,79754.15455202688,79754.15455202688,0,1
1371116160000,1371116219999,79754.2817616713,79754.92466133466,79752.76545492401,79753.1402550808,0,1
1371116220000,1371116279999,79754.36083712114,79754.36083712114,79751.63753117598,79752.31154968835,0,1
1371116280000,1371116339999,79752.79640225801,79752.99583833532,79749.48449426783,79752.71731443632,0,1
1371116340000,1371116399999,79752.9305062653,79754.27832359409,79752.24277437043,79753.96889180366,0,1
1371116400000,1371116459999,79754.84559034317,79756.15533790925,79751.76821178466,79751.76821178466,0,1
1371116460000,1371116519999,79751.83011252957,79752.53162752713,79750.50260144238,79751.5653122122,0,1
1371116520000,1371116579999,79751.62377522308,79753.42908231502,79751.321139472,79753.11618576804,0,1
1371116580000,1371116639999,79752.27372332203,79753.28466974066,79750.53355578009,79750.53355578009,0,1
1371116640000,1371116699999,79751.14230495034,79754.50867215445,79749.06827871627,79752.49380199329,0,1
1371116700000,1371116759999,79752.8720508935,79754.41928379088,79752.46285372281,79752.53850488155,0,1
1371116760000,1371116819999,79752.62447141272,79752.96833014734,79751.29362667684,79751.86106275833,0,1
1371116820000,1371116879999,79751.30050488272,79751.30050488272,79746.0820261211,79746.0820261211,0,1
1371116880000,1371116939999,79745.68287411262,79745.68287411262,79742.3066496184,79743.64557431242,0,1
1371116940000,1371116999999,79744.22376914015,79748.94100273361,79744.22376914015,79747.7197589383,0,1
1371117000000,1371117059999,79747.13832568451,79747.18649303717,79744.32013169464,79744.43370065602,0,1
1371117060000,1371117119999,79744.78472383702,79746.42610989316,79744.19967835645,79745.63125846542,0,1
1371117120000,1371117179999,79744.36142964801,79745.62093530403,79743.6386908393,79744.02415803765,0,1
1371117180000,1371117239999,79744.53694404717,79744.81569587906,79742.08634663295,79742.38581981832,0,1
1371117240000,1371117299999,79743.74194243868,79743.74194243868,79740.9331189971,79741.18443068057,0,1
1371117300000,1371117359999,79741.40819604228,79742.8126396629,79740.46834787355,79742.8126396629,0,1
1371117360000,1371117419999,79743.5044621663,79744.87419836344,79743.0260427538,79744.87419836344,0,1
1371117420000,1371117479999,79744.77439980168,79745.84460141527,79743.72817562034,79743.72817562034,0,1
1371117480000,1371117539999,79743.09143956358,79745.91686170507,79743.09143956358,79744.97743720685,0,1
1371117540000,1371117599999,79745.35941166038,79749.40194049437,79745.35941166038,79749.22651146288,0,1
1371117600000,1371117659999,79748.54884492651,79749.84221941113,79747.54774078693,79748.9582022854,0,1
1371117660000,1371117719999,79748.44564294751,79750.86716867187,79747.11768246235,79748.88596396912,0,1
1371117720000,1371117779999,79748.0190634681,79749.45697641907,79746.31944519003,79749.13019617616,0,1
1371117780000,1371117839999,79748.68644590843,79749.68055674847,79747.97434037202,79747.97434037202,0,1
1371117840000,1371117899999,79747.18649303717,79749.27122895925,79747.18649303717,79747.84016988365,0,1
1371117900000,1371117959999,79748.40436185768,79749.38130194452,79747.88833385582,79749.33658494038,0,1
1371117960000,1371118019999,79748.47660365303,79749.8490986154,79748.00530253678,79748.00530253678,0,1
1371118020000,1371118079999,79747.70599759507,79748.33211954044,79747.12112300235,79747.8470504653,0,1
1371118080000,1371118139999,79748.3045985204,79749.78718560662,79748.3045985204,79749.13363602382,0,1
1371118140000,1371118199999,79749.53265032097,79754.10641822593,79749.12675632734,79751.47589753443,0,1
1371118200000,1371118259999,79752.53162752713,79753.52535620598,79749.45697641907,79752.76889352141,0,1
1371118260000,1371118319999,79753.07836244526,79755.83221403006,79753.0714854621,79753.57005448316,0,1
1371118320000,1371118379999,79753.93450990257,79756.96310193122,79753.93450990257,79756.96310193122,0,1
1371118380000,1371118439999,79754.30926624652,79755.11717939527,79754.30926624652,79754.87653124038,0,1
1371118440000,1371118499999,79755.91127722063,79757.41679608439,79754.78370826154,79754.87996911195,0,1
1371118500000,1371118559999,79755.00716952875,79756.1140886337,79752.4078343388,79752.4078343388,0,1
1371118560000,1371118619999,79753.03366197024,79753.03366197024,79750.50260144238,79750.72959769386,0,1
1371118620000,1371118679999,79749.70463433195,79751.75445601152,79747.93305733656,79750.70552257812,0,1
1371118680000,1371118739999,79752.86517376846,79754.70463615551,79752.58664623006,79754.70463615551,0,1
1371118740000,1371118799999,79754.98310470913,79756.31002117723,79754.83183880258,79755.87002693831,0,1
1371118800000,1371118859999,79756.24471075593,79756.44407807407,79755.69471134017,79755.8219013939,0,1
1371118860000,1371118919999,79755.23750130106,79756.20002443243,79754.12360889572,79756.00065224856,0,1
1371118920000,1371118979999,79756.17596248322,79758.03887354492,79754.09610380986,79754.09610380986,0,1
1371118980000,1371119039999,79754.89028271953,79755.89752714544,79754.2886378222,79755.79440097882,0,1
1371119040000,1371119099999,79755.66033537226,79755.99721476225,79754.81808724307,79755.74283749668,0,1
1371119100000,1371119159999,79755.85971434116,79756.63656688566,79754.69088442108,79755.96283983423,0,1
1371119160000,1371119219999,79755.52970561651,79758.65403916471,79754.36427517,79758.62998311962,0,1
1371119220000,1371119279999,79757.89109069154,79759.19700307424,79757.7467425403,79759.19700307424,0,1
1371119280000,1371119339999,79758.73651659425,79758.73651659425,79756.66406498486,79758.57499765641,0,1
1371119340000,1371119399999,79759.27260330571,79759.27260330571,79756.58844503012,79757.64707236267,0,1
1371119400000,1371119459999,79757.38930005499,79761.2448801098,79756.38908059019,79761.2448801098,0,1
1371119460000,1371119519999,79761.61592704283,79764.31590954027,79761.58844255697,79761.58844255697,0,1
1371119520000,1371119579999,79763.0759317621,79763.80070198707,79761.76365486017,79762.71524453955,0,1
1371119580000,1371119639999,79763.76978868977,79764.63875941167,79762.76677208213,79763.46752030289,0,1
1371119640000,1371119699999,79762.7255500693,79766.05368058197,79761.67433132448,79764.52198512948,0,1
1371119700000,1371119759999,79764.5357233511,79766.55847050619,79764.5357233511,79765.555733583,0,1
1371119760000,1371119819999,79764.59411058243,79766.47605756517,79764.10296030324,79766.18760692283,0,1
1371119820000,1371119879999,79766.17043697936,79766.17043697936,79763.41256143275,79765.57290458195,0,1
1371119880000,1371119939999,79764.66623551518,79764.74866337278,79761.32046486094,79761.32046486094,0,1
1371119940000,1371119999999,79760.31376653683,79763.81787599984,79760.31376653683,79761.8873322847,0,1
1371120000000,1371120059999,79762.0075727588,79765.23291331522,79762.0075727588,79764.70744952891,0,1
1371120060000,1371120119999,79763.40225661095,79765.38402197196,79763.40225661095,79764.83452500195,0,1
1371120120000,1371120179999,79763.64956940291,79766.08802084037,79763.00379535834,79766.0708507259,0,1
1371120180000,1371120239999,79766.02620829035,79769.65876399458,79764.66623551518,79765.88541161122,0,1
1371120240000,1371120299999,79766.22194672131,79766.79540392844,79764.39834028555,79765.8922797879,0,1
1371120300000,1371120359999,79765.77208601494,79767.27268754606,79764.73149095847,79765.97469754014,0,1
1371120360000,1371120419999,79766.17730496029,79766.60997824944,79763.32668759344,79764.80018043875,0,1
1371120420000,1371120479999,79763.62209050584,79765.49735196607,79762.91791800872,79764.83452500195,0,1
1371120480000,1371120539999,79764.99250847346,79765.14362076294,79763.45721553775,79764.4395554034,0,1
1371120540000,1371120599999,79764.85513168326,79764.85513168326,79761.51629542216,79762.78738302481,0,1
1371120600000,1371120659999,79761.77739687177,79764.88260719228,79761.77739687177,79763.17211282432,0,1
1371120660000,1371120719999,79761.51629542216,79763.20646297949,79761.51629542216,79763.18928791666,0,1
1371120720000,1371120779999,79763.84191956815,79764.8757383221,79762.61218865783,79763.3747770343,0,1
1371120780000,1371120839999,79764.4395554034,79764.4395554034,79761.94573498127,79762.63279991914,0,1
1371120840000,1371120899999,79763.54308825618,79764.58724151409,79762.44386176701,79763.24768300996,0,1
1371120900000,1371120959999,79763.40569155273,79764.22317413961,79762.86295611793,79762.86295611793,0,1
1371120960000,1371121019999,79762.57783646125,79763.33355752772,79761.03530122079,79761.59531368552,0,1
1371121020000,1371121079999,79761.5540868434,79763.86596307867,79761.5540868434,79763.31294771071,0,1
1371121080000,1371121139999,79762.77707755879,79763.1789828648,79761.2861082267,79761.92855775298,0,1
1371121140000,1371121199999,79761.53003777367,79763.06906165082,79761.53003777367,79762.21713127226,0,1
1371121200000,1371121259999,79762.24804936971,79765.04058990417,79762.07628095201,79765.04058990417,0,1
1371121260000,1371121319999,79764.7177530058,79765.32563935254,79762.0419269144,79763.02097073977,0,1
1371121320000,1371121379999,79762.63967033013,79763.51560906651,79761.66058917125,79763.51560906651,0,1
1371121380000,1371121439999,79762.49539070798,79763.80413679198,79762.49539070798,79763.58774177833,0,1
1371121440000,1371121499999,79763.48469488787,79763.65300425974,79759.92892675039,79759.92892675039,0,1
1371121500000,1371121559999,79759.9014376275,79762.16903626401,79759.9014376275,79761.89420320789,0,1
1371121560000,1371121619999,79761.56439356988,79762.07971634928,79760.88756264318,79760.88756264318,0,1
1371121620000,1371121679999,79761.66402471132,79764.33995191117,79761.15211622533,79761.91825140185,0,1
1371121680000,1371121739999,79761.74304180736,79763.02784088408,79759.50970941535,79759.50970941535,0,1
1371121740000,1371121799999,79759.8670761176,79762.13811792227,79759.8670761176,79762.02474985135,0,1
1371121800000,1371121859999,79761.77396137064,79761.77396137064,79761.024993949,79761.07996594248,0,1
1371121860000,1371121919999,79761.78770336807,79761.78770336807,79760.00452144873,79761.38574214079,0,1
1371121920000,1371121979999,79760.72607844535,79762.15873016072,79759.8189698054,79762.15873016072,0,1
1371121980000,1371122039999,79761.94917042338,79766.136097004,79761.74647731912,79765.48361506549,0,1
1371122040000,1371122099999,79764.70744952891,79764.89977934708,79761.97665391784,79763.40569155273,0,1
1371122100000,1371122159999,79763.22363801285,79766.83660916795,79763.22363801285,79766.63401510549,0,1
1371122160000,1371122219999,79766.4485864339,79767.80488342243,79766.37304043375,79767.09070439324,0,1
1371122220000,1371122279999,79766.2494184752,79768.26151924222,79765.68279827696,79768.26151924222,0,1
1371122280000,1371122339999,79767.84951791826,79769.03740898387,79766.94648897661,79767.27955477001,0,1
1371122340000,1371122399999,79767.911319199,79768.21345329574,79767.04950020071,79768.21345329574,0,1
1371122400000,1371122459999,79767.80144999143,79767.98685357899,79764.55633064815,79764.55633064815,0,1
1371122460000,1371122519999,79764.70744952891,79764.85856612601,79762.69119826214,79764.17508877847,0,1
1371122520000,1371122579999,79764.23691277174,79766.39364394493,79764.23691277174,79765.66562746672,0,1
1371122580000,1371122639999,79766.15670100336,79767.16624497193,79764.95816445284,79765.19513579425,0,1
1371122640000,1371122699999,79763.97244078747,79765.2535191756,79762.92478822383,79763.30264278628,0,1
1371122700000,1371122759999,79763.14463261522,79766.89498296662,79763.14463261522,79766.85377796764,0,1
1371122760000,1371122819999,79766.17043697936,79768.28898539364,79766.12236098082,79767.56110689133,0,1
1371122820000,1371122879999,79766.65118425302,79768.8005286769,79766.65118425302,79766.991127304,0,1
1371122880000,1371122939999,79767.02546434334,79767.95251984063,79765.2226103691,79765.2226103691,0,1
1371122940000,1371122999999,79764.26095533257,79764.84826279421,79761.69150898946,79761.69150898946,0,1
1371123000000,1371123059999,79761.66746025023,79762.97287959744,79760.0079575578,79761.09370889363,0,1
1371123060000,1371123119999,79760.56459163976,79762.03849150415,79759.80522510227,79762.03849150415,0,1
1371123120000,1371123179999,79762.40950899218,79764.25752068456,79759.66090457875,79759.66090457875,0,1
1371123180000,1371123239999,79759.56125347788,79761.45101899453,79759.39974786066,79761.45101899453,0,1
1371123240000,1371123299999,79761.18647331993,79761.18647331993,79758.09042518926,79758.5646878484,0,1
1371123300000,1371123359999,79758.28975571366,79762.84234533098,79758.28975571366,79762.84234533098,0,1
1371123360000,1371123419999,79761.97665391784,79761.97665391784,79758.17978074327,79759.36538462684,0,1
1371123420000,1371123479999,79759.86363996012,79761.79800985377,79759.68495814399,79761.17960191045,0,1
1371123480000,1371123539999,79761.57126471495,79763.46408538235,79761.03873697571,79763.46408538235,0,1
1371123540000,1371123599999,79763.21333299638,79763.21333299638,79761.68120239401,79761.68120239401,0,1
1371123600000,1371123659999,79761.852977598,79764.63875941167,79761.852977598,79764.23004345804,0,1
1371123660000,1371123719999,79763.23737801827,79764.66623551518,79761.8907677469,79763.22707301598,0,1
1371123720000,1371123779999,79763.4263011786,79763.4263011786,79761.12463046468,79761.54034452494,0,1
1371123780000,1371123839999,79761.15555194012,79762.40263842305,79760.93909960419,79762.02474985135,0,1
1371123840000,1371123899999,79761.51629542216,79763.80070198707,79761.51629542216,79761.92512230379,0,1
1371123900000,1371123959999,79763.13776255115,79763.56026271137,79762.66028153479,79763.12058737031,0,1
1371123960000,1371124019999,79761.97321848516,79763.12402240884,79761.33764313378,79761.33764313378,0,1
1371124020000,1371124079999,79761.54721568653,79762.6224942938,79761.54721568653,79761.64341145316,0,1
1371124080000,1371124139999,79761.53347335862,79761.57126471495,79760.15570913105,79761.33077182819,0,1
1371124140000,1371124199999,79761.46819704311,79761.62623370555,79758.1625970449,79759.36538462684,0,1
1371124200000,1371124259999,79759.26573058101,79763.0450162242,79759.26573058101,79761.14524479226,0,1
1371124260000,1371124319999,79761.07653020175,79769.87846039476,79761.07653020175,79766.67522101002,0,1
1371124320000,1371124379999,79766.09488887788,79768.12075403224,79766.01590616154,79766.62714743824,0,1
1371124380000,1371124439999,79766.706125327,79768.92411910236,79766.706125327,79768.72156732762,0,1
1371124440000,1371124499999,79768.88978858184,79769.86816223382,79768.66320419048,79769.59010787967,0,1
1371124500000,1371124559999,79769.56951095327,79770.72973835915,79768.2786855957,79768.41258214139,0,1
1371124560000,1371124619999,79768.46751353894,79768.66663732562,79767.83921766769,79768.28211886284,0,1
1371124620000,1371124679999,79768.31988472378,79769.59697351237,79768.31988472378,79768.46064713075,0,1
1371124680000,1371124739999,79768.74903221549,79768.74903221549,79766.9979947213,79766.9979947213,0,1
1371124740000,1371124799999,79767.73278112369,79768.19285353368,79766.9602238678,79766.9602238678,0,1
1371124800000,1371124859999,79766.67522101002,79770.65765714628,79766.67522101002,79770.65765714628,0,1
1371124860000,1371124919999,79771.68390735761,79772.45266794777,79770.61303518269,79771.5809438623,0,1
1371124920000,1371124979999,79770.27664781819,79770.64392733254,79769.41159977489,79770.18053506421,0,1
1371124980000,1371125039999,79770.26635006731,79770.4620055208,79767.8769852013,79770.4620055208,0,1
1371125040000,1371125099999,79769.52145129339,79770.67825183154,79769.52145129339,79769.9951721442,0,1
1371125100000,1371125159999,79770.0535275081,79771.6255615071,79768.86232408056,79771.60153664618,0,1
1371125160000,1371125219999,79772.88506980977,79772.88506980977,79769.76518004115,79771.66674684868,0,1
1371125220000,1371125279999,79771.4848436435,79771.4848436435,79768.97904769005,79769.96427799015,0,1
1371125280000,1371125339999,79770.01576819387,79770.75376531464,79768.49841231747,79768.49841231747,0,1
1371125340000,1371125399999,79768.40228247075,79768.79022940584,79768.40228247075,79768.79022940584,0,1
1371125400000,1371125459999,79768.41601536257,79769.50428707317,79767.68471263572,79769.50428707317,0,1
1371125460000,1371125519999,79768.59454124008,79769.7033902165,79768.13105399285,79769.7033902165,0,1
1371125520000,1371125579999,79770.3178387157,79771.31666603833,79769.56264530172,79770.68168427497,0,1
1371125580000,1371125639999,79770.6542246946,79771.0764074102,79769.90935481394,79770.5409531286,0,1
1371125640000,1371125699999,79769.75488176355,79769.75488176355,79766.70269151872,79766.70269151872,0,1
1371125700000,1371125759999,79767.73621457827,79768.89665469537,79766.7713674603,79767.13877573662,0,1
1371125760000,1371125819999,79766.11892697209,79767.88041860638,79764.99250847346,79766.50352862097,0,1
1371125820000,1371125879999,79766.81600656941,79766.92932033609,79766.04681251614,79766.86751298617,0,1
1371125880000,1371125939999,79766.4485864339,79767.0701023182,79764.34338653086,79764.97877087936,0,1
1371125940000,1371125999999,79766.08802084037,79766.33183328404,79764.70401503425,79764.70401503425,0,1
1371126000000,1371126059999,79764.95816445284,79766.49322698389,79764.95816445284,79765.33250791368,0,1
1371126060000,1371126119999,79765.22947900102,79765.4939177427,79764.76240128299,79764.94442681155,0,1
1371126120000,1371126179999,79764.94442681155,79764.94442681155,79764.94442681155,79764.94442681155,0,1
1371126180000,1371126239999,79765.50078618826,79765.50078618826,79763.30951273708,79765.11958032417,0,1
1371126240000,1371126299999,79765.49735196607,79767.16624497193,79764.92382031426,79766.79540392844,0,1
1371126300000,1371126359999,79766.80570525423,79769.71368854713,79766.12236098082,79769.71368854713,0,1
1371126360000,1371126419999,79768.8005286769,79768.8005286769,79763.29577283075,79764.40864408095,0,1
1371126420000,1371126479999,79764.56319973772,79765.45614120773,79763.57743713706,79765.23978194006,0,1
1371126480000,1371126539999,79765.15392379044,79766.63401510549,79762.97287959744,79766.63401510549,0,1
1371126540000,1371126599999,79766.54473506319,79766.92932033609,79764.47046663032,79766.92932033609,0,1
1371126600000,1371126659999,79767.50273698095,79774.98847247449,79764.69371154321,79764.69371154321,0,1
1371126660000,1371126719999,79765.13675207205,79773.49245989422,79764.92725473343,79773.07381079246,0,1
1371126720000,1371126779999,79769.8338349541,79780.0067147304,79769.8338349541,79778.87500031904,0,1
1371126780000,1371126839999,79780.16788787888,79781.30631358824,79777.25265294347,79778.25078787259,0,1
1371126840000,1371126899999,79778.64521235673,79778.64521235673,79772.98115657337,79773.51648021267,0,1
1371126900000,1371126959999,79775.49967317354,79778.70694695489,79774.9026979849,79778.2850862714,0,1
1371126960000,1371127019999,79776.9610827022,79777.14974677023,79773.83217046429,79773.83217046429,0,1
1371127020000,1371127079999,79773.21107472423,79773.55765776719,79769.14383164284,79771.96876750418,0,1
1371127080000,1371127139999,79770.080988738,79772.90565990825,79769.41159977489,79771.19653744582,0,1
1371127140000,1371127199999,79770.35559688935,79772.87477474462,79766.65805190377,79772.87477474462,0,1
1371127200000,1371127259999,79773.41353558452,79779.08420566285,79772.85761627916,79772.85761627916,0,1
1371127260000,1371127319999,79772.23646000514,79778.38798076203,79772.05113519078,79778.38798076203,0,1
1371127320000,1371127379999,79778.8166964106,79780.27076299844,79773.5542263108,79773.5542263108,0,1
1371127380000,1371127439999,79775.1222792092,79778.25078787259,79773.54393193452,79778.25078787259,0,1
1371127440000,1371127499999,79777.22864159777,79780.79198067277,79773.09096888697,79775.56142719356,0,1
1371127500000,1371127559999,79775.13257196078,79778.3433932794,79773.71207208655,79776.90962824773,0,1
1371127560000,1371127619999,79776.78270612798,79779.9038368944,79775.59230406056,79776.04858442537,0,1
1371127620000,1371127679999,79776.46367855146,79776.46367855146,79771.4745471367,79772.19184508594,0,1
1371127680000,1371127739999,79773.46500803107,79773.46500803107,79767.77398250092,79770.28008039948,0,1
1371127740000,1371127799999,79769.97457605209,79775.08796996073,79768.38168309766,79774.06550033198,0,1
1371127800000,1371127859999,79774.11696942283,79783.35652456488,79773.30715835543,79783.35652456488,0,1
1371127860000,1371127919999,79783.2708218221,79783.2708218221,79780.37363705967,79781.7314754927,0,1
1371127920000,1371127979999,79781.15201649124,79784.51172585998,79780.7885516979,79783.85015806404,0,1
1371127980000,1371128039999,79783.55878012575,79787.75380353238,79783.55878012575,79787.03076734205,0,1
1371128040000,1371128099999,79787.13699868409,79787.6372988643,79785.61538404241,79786.60240370648,0,1
1371128100000,1371128159999,79787.62359234353,79793.65264777663,79787.62359234353,79793.65264777663,0,1
1371128160000,1371128219999,79793.95742961536,79798.8292533332,79793.58415619748,79798.45958464872,0,1
1371128220000,1371128279999,79798.16178604784,79799.72256290715,79797.12797954743,79799.72256290715,0,1
1371128280000,1371128339999,79800.7561012265,79803.27105451895,79799.07569153114,79799.10649587886,0,1
1371128340000,1371128399999,79798.92509113184,79803.10683197413,79798.92509113184,79800.54734878414,0,1
1371128400000,1371128459999,79800.60894831871,79801.39944199954,79799.31185577209,79800.33859198392,0,1
1371128460000,1371128519999,79800.0921849071,79804.7010451888,79799.14414550834,79803.33263727796,0,1
1371128520000,1371128579999,79802.89812859858,79807.90580782866,79802.89812859858,79807.90580782866,0,1
1371128580000,1371128639999,79809.13340104822,79811.1095437472,79807.60145082128,79809.04108033632,0,1
1371128640000,1371128699999,79808.47346019304,79811.41037551286,79807.53989434527,79807.53989434527,0,1
1371128700000,1371128759999,79807.4714978164,79809.59841093488,79807.42703982176,79809.33855513432,0,1
1371128760000,1371128819999,79809.78304121617,79810.07707499726,79808.18279885127,79808.22041432436,0,1
1371128820000,1371128879999,79807.65616737076,79807.65616737076,79804.69078282638,79804.72499066018,0,1
1371128880000,1371128939999,79804.3042261721,79807.9092275177,79803.7842325898,79807.2492058667,0,1
1371128940000,1371128999999,79805.81273875247,79810.75058491238,79804.80024748264,79810.75058491238,0,1
1371129000000,1371129059999,79810.2582775566,79811.04800886204,79807.8168955034,79809.38984299824,0,1
1371129060000,1371129119999,79809.40693889442,79809.40693889442,79806.47969557412,79806.47969557412,0,1
1371129120000,1371129179999,79807.30392434355,79810.82921509258,79806.29842453235,79810.82921509258,0,1
1371129180000,1371129239999,79810.69930402697,79810.90100732587,79808.23409264314,79809.34197433344,0,1
1371129240000,1371129299999,79807.93658498784,79809.87877409409,79807.93658498784,79809.47190303335,0,1
1371129300000,1371129359999,79809.19494771597,79809.19494771597,79802.74758575477,79804.4307994653,0,1
1371129360000,1371129419999,79802.65520606947,79807.73140213742,79802.65520606947,79807.73140213742,0,1
1371129420000,1371129479999,79810.579647605,79810.579647605,79804.18449320398,79804.18449320398,0,1
1371129480000,1371129539999,79804.68394124557,79809.34197433344,79804.68394124557,79809.07527329195,0,1
1371129540000,1371129599999,79808.23409264314,79810.5112718639,79806.71568502575,79807.26288551398,0,1
1371129600000,1371129659999,79807.33812323953,79808.36403573831,79805.80247753084,79808.11098710065,0,1
1371129660000,1371129719999,79809.05817682875,79809.05817682875,79805.89824852326,79806.47969557412,0,1
1371129720000,1371129779999,79806.88326835612,79808.55894721516,79805.53568207264,79807.95368336867,0,1
1371129780000,1371129839999,79807.58093203805,79807.7929574346,79802.64152011758,79802.64152011758,0,1
1371129840000,1371129899999,79802.03589799379,79805.80247753084,79802.03589799379,79804.17423031143,0,1
1371129900000,1371129959999,79803.95186505323,79805.76827338271,79802.41912077424,79805.0089111645,0,1
1371129960000,1371130019999,79804.04423276086,79804.73867376093,79802.30620844536,79804.1434415706,0,1
1371130020000,1371130079999,79804.87208301212,79806.50021661707,79803.67817794737,79806.25054106703,0,1
1371130080000,1371130139999,79804.33843532825,79804.33843532825,79797.5250834278,79797.5250834278,0,1
1371130140000,1371130199999,79799.07911424113,79800.84849845726,79797.34022668663,79798.0488256379,0,1
1371130200000,1371130259999,79797.01158404234,79807.7450811251,79797.01158404234,79803.72607373161,0,1
1371130260000,1371130319999,79804.72499066018,79810.644604126,79802.79548599635,79809.5437050117,0,1
1371130320000,1371130379999,79811.07877635195,79812.51106915607,79799.63357779264,79800.84849845726,0,1
1371130380000,1371130439999,79799.09965047645,79803.28131833846,79795.78934943648,79797.02870111335,0,1
1371130440000,1371130499999,79796.62473042378,79796.62473042378,79788.7885795454,79788.7885795454,0,1
1371130500000,1371130559999,79788.86053018726,79789.16545811381,79780.92913870352,79780.92913870352,0,1
1371130560000,1371130619999,79780.67882388119,79781.0182904147,79772.912523265,79778.54918000205,0,1
1371130620000,1371130679999,79777.37956909872,79782.76344653945,79776.65578239731,79778.4085595331,0,1
1371130680000,1371130739999,79774.85466394934,79777.41730061804,79767.71218037143,79773.90079746112,0,1
1371130740000,1371130799999,79775.0845390294,79785.45772604509,79773.8767780658,79781.46746579222,0,1
1371130800000,1371130859999,79780.61367242032,79789.25111035304,79780.61367242032,79787.513939501,0,1
1371130860000,1371130919999,79788.40483404537,79795.80646859972,79787.17812019095,79794.1218024815,0,1
1371130920000,1371130979999,79793.40950054736,79796.97734981243,79790.056205544,79794.67996517442,0,1
1371130980000,1371131039999,79795.49831917736,79802.7612715615,79795.43326419649,79801.0709327335,0,1
1371131040000,1371131099999,79803.17183705393,79804.87550373875,79800.0921849071,79802.72363554794,0,1
1371131100000,1371131159999,79803.21631397032,79811.76931066511,79802.37806189306,79810.13519693057,0,1
1371131160000,1371131219999,79809.07185400165,79809.9642491035,79800.36254790366,79803.84923326632,0,1
1371131220000,1371131279999,79804.55052948438,79805.56646652725,79798.56911753546,79801.9879941136,0,1
1371131280000,1371131339999,79802.72363554794,79810.77451590225,79798.58280906195,79800.99906989298,0,1
1371131340000,1371131399999,79802.25830586006,79805.62119421255,79798.65468926844,79800.40703731663,0,1
1371131400000,1371131459999,79800.50628221694,79803.96212817398,79799.37688552577,79802.93234256521,0,1
1371131460000,1371131519999,79801.42681728459,79801.42681728459,79789.5046366816,79791.16952826707,0,1
1371131520000,1371131579999,79792.73139675819,79795.67636222407,79786.93481548245,79795.67636222407,0,1
1371131580000,1371131639999,79794.14577329875,79802.29594362497,79794.14577329875,79797.21014026475,0,1
1371131640000,1371131699999,79795.10798294374,79805.67592159833,79794.43341862386,79801.28994010996,0,1
1371131700000,1371131759999,79801.34126927,79805.39202003145,79798.97300968673,79804.988387061,0,1
1371131760000,1371131819999,79805.74775083766,79811.83084111192,79803.99975952665,79811.14372963087,0,1
1371131820000,1371131879999,79811.45481580195,79811.75905555383,79808.80514575583,79811.2873090662,0,1
1371131880000,1371131939999,79810.35400588506,79816.15069933463,79809.23939785155,79815.93201718162,0,1
1371131940000,1371131999999,79814.87612512356,79816.46162978721,79811.36593502628,79815.98668816821,0,1
1371132000000,1371132059999,79815.54589482896,79816.08919546245,79810.10784547462,79812.48030607266,0,1
1371132060000,1371132119999,79812.97933996365,79820.00418757487,79812.73666220946,79819.27664792747,0,1
1371132120000,1371132179999,79821.24737226043,79823.44988870411,79818.12887213465,79820.23985808223,0,1
1371132180000,1371132239999,79820.78290375917,79824.57998401401,79819.78217404535,79824.57998401401,0,1
1371132240000,1371132299999,79823.20063599276,79825.34810278399,79822.48698770803,79822.48698770803,0,1
1371132300000,1371132359999,79821.14833299255,79822.75333130221,79813.93973921705,79815.94226801436,0,1
1371132360000,1371132419999,79816.78963385175,79817.17912470526,79811.0992879593,79811.37619054072,0,1
1371132420000,1371132479999,79810.72323513955,79810.72323513955,79804.33501441788,79804.33501441788,0,1
1371132480000,1371132539999,79802.68599939274,79808.80856513734,79802.49097341063,79804.38632795024,0,1
1371132540000,1371132599999,79803.19578618734,79804.2084399123,79798.62730639357,79798.62730639357,0,1
1371132600000,1371132659999,79799.72940788316,79803.17183705393,79795.49489524154,79799.20233102051,0,1
1371132660000,1371132719999,79797.32311014885,79799.7191404174,79790.92974615365,79792.73482164033,0,1
1371132720000,1371132779999,79794.06701182632,79799.32212365603,79791.91624144497,79798.90113176829,0,1
1371132780000,1371132839999,79799.49667607028,79800.56788200448,79795.85782591361,79795.85782591361,0,1
1371132840000,1371132899999,79797.2306803386,79797.2306803386,79792.66289886895,79793.01223319872,0,1
1371132900000,1371132959999,79793.1697721391,79799.07226881997,79791.99501985892,79799.07226881997,0,1
1371132960000,1371133019999,79799.31870102923,79801.93324654098,79797.74074530695,79801.12910703568,0,1
1371133020000,1371133079999,79802.21382468252,79806.17529515826,79800.73556839261,79804.44448296861,0,1
1371133080000,1371133139999,79805.62119421255,79811.18475253704,79805.62119421255,79809.75226973934,0,1
1371133140000,1371133199999,79811.07535774664,79811.65650386266,79805.81957956105,79807.7690193085,0,1
1371133200000,1371133259999,79808.06995158302,79810.76425977075,79805.51515905026,79809.23597861738,0,1
1371133260000,1371133319999,79807.56383301986,79809.14023958557,79802.82970031416,79802.82970031416,0,1
1371133320000,1371133379999,79802.52861029985,79805.65197840391,79800.37965923977,79800.37965923977,0,1
1371133380000,1371133439999,79801.0640886757,79811.12663670364,79800.68765828293,79807.79637716222,0,1
1371133440000,1371133499999,79807.18422728655,79815.78508742411,79807.18422728655,79811.27363492308,0,1
1371133500000,1371133559999,79811.08903216087,79817.5446856526,79811.08903216087,79816.14044871554,0,1
1371133560000,1371133619999,79814.95814015076,79817.65059333696,79813.42366425073,79816.00718971112,0,1
1371133620000,1371133679999,79816.96388163518,79816.96388163518,79809.2975246538,79812.42561591291,0,1
1371133680000,1371133739999,79813.10580350138,79822.06014023098,79813.10580350138,79818.0776290719,0,1
1371133740000,1371133799999,79819.44743663658,79822.60308706998,79817.70183858802,79817.70183858802,0,1
1371133800000,1371133859999,79817.99563962531,79828.39609919366,79817.77016518095,79828.39609919366,0,1
1371133860000,1371133919999,79827.88418262913,79831.96172421813,79827.88418262913,79828.26982887588,0,1
1371133920000,1371133979999,79829.61435522244,79834.62914041498,79828.18792295233,79834.01863095489,0,1
1371133980000,1371134039999,79835.44764210036,79835.44764210036,79829.29018393645,79834.02886326412,0,1
1371134040000,1371134099999,79833.35691939335,79835.79207486482,79830.03405611907,79834.95654912852,0,1
1371134100000,1371134159999,79836.21492659056,79838.27777739972,79834.93267593882,79837.25151969187,0,1
1371134160000,1371134219999,79836.66844929414,79836.66844929414,79829.90098213214,79831.5421042198,0,1
1371134220000,1371134279999,79831.7775029725,79833.56157713059,79829.29018393645,79832.99193603332,0,1
1371134280000,1371134339999,79832.83843437915,79833.36033038996,79830.10912271508,79832.80432258047,0,1
1371134340000,1371134399999,79831.81844132037,79835.1202494655,79831.05423119086,79834.69394090706,0,1
1371134400000,1371134459999,79833.8412692646,79838.78916218893,79833.8412692646,79838.78916218893,0,1
1371134460000,1371134519999,79839.63459435015,79840.16636183289,79832.87595722331,79832.87595722331,0,1
1371134520000,1371134579999,79833.48312549303,79838.77211645061,79832.01289618408,79837.59929988255,0,1
1371134580000,1371134639999,79837.08785424042,79838.30505191533,79835.29417813737,79838.0254846037,0,1
1371134640000,1371134699999,79837.12195143037,79839.937977981,79836.45703525475,79839.89025532326,0,1
1371134700000,1371134759999,79839.81526211525,79845.95943150732,79838.62211270051,79843.37341096113,0,1
1371134760000,1371134819999,79843.80957198094,79843.94927578502,79841.71037253155,79841.71037253155,0,1
1371134820000,1371134879999,79840.91283385818,79843.6937185655,79840.91283385818,79842.00346905201,0,1
1371134880000,1371134939999,79841.40363441534,79841.6047193538,79837.30948389694,79838.95620888684,0,1
1371134940000,1371134999999,79839.74026834486,79840.29589065477,79836.85599026545,79838.36301001401,0,1
1371135000000,1371135059999,79838.10730999173,79841.53996362859,79836.81848235257,79841.31501943007,0,1
1371135060000,1371135119999,79841.65925016558,79842.51125547988,79838.79938961798,79840.52767488548,0,1
1371135120000,1371135179999,79841.20936207517,79845.65282370023,79841.20936207517,79843.01560842073,0,1
1371135180000,1371135239999,79842.37493950763,79846.65437440135,79841.9523481844,79843.32911229337,0,1
1371135240000,1371135299999,79842.18409402465,79842.31359671388,79836.50818422252,79836.50818422252,0,1
1371135300000,1371135359999,79836.31040676376,79839.88343778213,79836.21151656752,79836.6820887561,0,1
1371135360000,1371135419999,79835.37943618535,79837.00943026232,79832.01630763916,79834.60185587165,0,1
1371135420000,1371135479999,79833.1317910446,79835.04863089781,79830.14324370881,79831.96513569067,0,1
1371135480000,1371135539999,79830.68575186747,79831.12246661262,79829.67577596613,79829.67577596613,0,1
1371135540000,1371135599999,79828.72371204267,79830.36502733023,79826.1366433443,79827.68623453181,0,1
1371135600000,1371135659999,79828.00704499462,79832.10159363809,79828.00704499462,79831.2282305962,0,1
1371135660000,1371135719999,79831.061054754,79839.23575018004,79830.1841887476,79838.12776623412,0,1
1371135720000,1371135779999,79837.87206019649,79841.70014807928,79837.40836323601,79841.38659313301,0,1
1371135780000,1371135839999,79840.18681386368,79840.18681386368,79832.18687890963,79836.22856667113,0,1
1371135840000,1371135899999,79836.3445066047,79836.3445066047,79830.00675903536,79832.24146110172,0,1
1371135900000,1371135959999,79831.61033631262,79831.66833322548,79823.35428565889,79826.29024790575,0,1
1371135960000,1371136019999,79826.32438193233,79830.61410153337,79825.96596884208,79829.63141657796,0,1
1371136020000,1371136079999,79830.09206217456,79831.45681344905,79827.06164846919,79827.06164846919,0,1
1371136080000,1371136139999,79828.39609919366,79833.86173423556,79828.39609919366,79832.29945435438,0,1
1371136140000,1371136199999,79831.85596799201,79831.99242742911,79824.51511794963,79827.68964746322,0,1
1371136200000,1371136259999,79830.29678673984,79831.90031751333,79823.73327807515,79825.0272070068,0,1
1371136260000,1371136319999,79824.35807205125,79826.94560085963,79822.75333130221,79826.2083257666,0,1
1371136320000,1371136379999,79826.72032812602,79830.89387611696,79825.87380339965,79829.87368468518,0,1
1371136380000,1371136439999,79828.21181224934,79833.2648220451,79826.87392372213,79829.70648619652,0,1
1371136440000,1371136499999,79829.32430772457,79836.70936762422,79828.79196336863,79835.62838552536,0,1
1371136500000,1371136559999,79836.33768664581,79836.6820887561,79830.78128484766,79831.67856793989,0,1
1371136560000,1371136619999,79833.35691939335,79833.94018290294,79829.68942496905,79830.33090709324,0,1
1371136620000,1371136679999,79829.87709687011,79832.82820085177,79829.41985371188,79832.5996493447,0,1
1371136680000,1371136739999,79832.87595722331,79834.42791515781,79828.89433948415,79829.53928491226,0,1
1371136740000,1371136799999,79828.9352896369,79832.9237133668,79828.18792295233,79830.55951045806,0,1
1371136800000,1371136859999,79830.43326745495,79834.52341239486,79830.43326745495,79832.03336489713,0,1
1371136860000,1371136919999,79832.82137849437,79833.70483505454,79829.37890554339,79829.61094294782,0,1
1371136920000,1371136979999,79829.10250102024,79831.4738716614,79827.82957664883,79828.08895239966,0,1
1371136980000,1371137039999,79829.252647635,79833.99816630501,79828.63157201372,79832.29604299588,0,1
1371137040000,1371137099999,79832.67810791354,79835.66589790232,79832.67810791354,79834.60867701446,0,1
1371137100000,1371137159999,79835.27712644055,79839.02779947458,79834.49612756305,79835.05886215318,0,1
1371137160000,1371137219999,79835.04863089781,79838.18572536031,79834.98042226124,79836.3445066047,0,1
1371137220000,1371137279999,79835.15094298037,79838.9084815436,79835.15094298037,79838.9084815436,0,1
1371137280000,1371137339999,79838.2982332934,79840.76967915805,79837.88910746909,79840.76967915805,0,1
1371137340000,1371137399999,79839.56982586595,79839.56982586595,79835.09637666661,79836.82530198355,0,1
1371137400000,1371137459999,79837.05716667006,79838.9084815436,79834.91562362555,79834.91562362555,0,1
1371137460000,1371137519999,79835.9114299857,79836.47408493973,79833.0840358948,79835.0077057717,0,1
1371137520000,1371137579999,79834.41768325688,79835.53289883996,79827.81251221882,79828.04117316159,0,1
1371137580000,1371137639999,79829.5188110935,79830.60045379249,79826.7749401638,79828.08553960451,0,1
1371137640000,1371137699999,79828.24593971748,79829.97946187713,79826.6486493738,79827.83981529284,0,1
1371137700000,1371137759999,79828.1299058506,79828.35173412858,79824.17712480608,79824.9179635417,0,1
1371137760000,1371137819999,79825.9727958781,79825.9727958781,79819.86073324234,79821.50350374947,0,1
1371137820000,1371137879999,79821.05612313727,79830.28655061113,79821.05612313727,79828.59403324,0,1
1371137880000,1371137939999,79828.20157398618,79828.85680169682,79824.34441576962,79826.86709730128,0,1
1371137940000,1371137999999,79826.8193122249,79831.32375839411,79825.34468905331,79830.12277112654,0,1
1371138000000,1371138059999,79830.20807327614,79834.03568479778,79829.3106582233,79833.17613490806,0,1
1371138060000,1371138119999,79833.08062480394,79836.56274283314,79832.336979221,79835.2668954085,0,1
1371138120000,1371138179999,79834.71099359835,79840.4969978693,79834.71099359835,79838.8505266063,0,1
1371138180000,1371138239999,79837.91297360191,79841.9250836148,79837.91297360191,79841.9250836148,0,1
1371138240000,1371138299999,79841.8603299641,79843.39726400863,79841.42067566863,79841.42067566863,0,1
1371138300000,1371138359999,79841.63880114601,79843.25073724664,79840.27543884706,79841.92849169008,0,1
1371138360000,1371138419999,79842.52829484576,79843.96972008047,79841.91145130213,79842.09889397238,0,1
1371138420000,1371138479999,79839.70277124875,79840.85148209477,79838.47551595254,79838.47551595254,0,1
1371138480000,1371138539999,79838.77893474943,79843.6153463763,79836.62753079663,79843.27118297022,0,1
1371138540000,1371138599999,79844.67502267857,79845.70051886544,79843.30185147723,79844.83515691877,0,1
1371138600000,1371138659999,79844.87944891545,79848.66058070432,79843.8981648636,79846.75316138238,0,1
1371138660000,1371138719999,79847.30498794548,79849.3212804128,79847.2607066907,79847.71372873097,0,1
1371138720000,1371138779999,79847.20620641565,79848.52434853201,79846.34778790134,79847.03929747554,0,1
1371138780000,1371138839999,79848.24847269859,79850.72427110089,79847.16192472345,79847.48551718569,0,1
1371138840000,1371138899999,79847.70351041495,79848.43579662475,79839.65504746854,79840.72536895459,0,1
1371138900000,1371138959999,79841.59790298142,79846.46020404274,79840.99463562388,79841.96257237882,0,1
1371138960000,1371139019999,79842.9815313206,79846.56921242752,79842.37834742959,79846.56921242752,0,1
1371139020000,1371139079999,79845.93899127931,79847.02567213295,79844.99188156446,79846.40910595331,0,1
1371139080000,1371139139999,79847.67966763697,79851.79340854292,79844.68183695378,79850.51655916532,0,1
1371139140000,1371139199999,79849.8593438002,79850.20328054448,79847.26411294803,79848.75594212068,0,1
1371139200000,1371139259999,79849.82869539749,79851.96023815218,79848.57884162365,79850.25776448789,0,1
1371139260000,1371139319999,79851.00007864239,79855.42217551343,79850.75151169044,79853.70327087694,0,1
1371139320000,1371139379999,79853.96197640299,79853.96197640299,79850.42121453705,79850.48931793572,0,1
1371139380000,1371139439999,79850.00577376115,79851.00348362623,79847.24367538665,79849.16121799526,0,1
1371139440000,1371139499999,79850.33948984642,79852.096423525,79849.88318138183,79850.3326794254,0,1
1371139500000,1371139559999,79849.93426172252,79852.05897273235,79848.09520505804,79848.09520505804,0,1
1371139560000,1371139619999,79847.2981754575,79849.05223786201,79846.19108450477,79846.96435786154,0,1
1371139620000,1371139679999,79847.55704673786,79847.96577722103,79845.15541770647,79845.15541770647,0,1
1371139680000,1371139739999,79845.13497583497,79846.5215214054,79843.64260633787,79844.79086472589,0,1
1371139740000,1371139799999,79845.60172148509,79848.34724393334,79845.26444031537,79845.8912972515,0,1
1371139800000,1371139859999,79845.9049241398,79847.14489325116,79843.90838706878,79844.92374071597,0,1
1371139860000,1371139919999,79845.77887471445,79846.89282406974,79844.44333455802,79846.89282406974,0,1
1371139920000,1371139979999,79847.88403246088,79848.1735421456,79846.17405137891,79846.74294208478,0,1
1371139980000,1371140039999,79846.27624969883,79846.81788335806,79842.39879493692,79842.39879493692,0,1
1371140040000,1371140099999,79842.6168990803,79844.05490419484,79841.37977661194,79843.50971332338,0,1
1371140100000,1371140159999,79843.5369735729,79845.53017794513,79842.1363820848,79844.58643667807,0,1
1371140160000,1371140219999,79843.90838706878,79846.89623045237,79843.90838706878,79846.65778086521,0,1
1371140220000,1371140279999,79846.00371852466,79847.09379866025,79845.78228147657,79846.97117057693,0,1
1371140280000,1371140339999,79846.34097476126,79846.95754514151,79843.81297941403,79846.77019352185,0,1
1371140340000,1371140399999,79846.00371852466,79846.48404972845,79845.09409196662,79845.36664793175,0,1
1371140400000,1371140459999,79846.47383015582,79848.64355178428,79845.4654476346,79847.37651878898,0,1
1371140460000,1371140519999,79846.8281025791,79847.47189245107,79844.99869562377,79844.99869562377,0,1
1371140520000,1371140579999,79844.03105271596,79846.67821962405,79844.03105271596,79845.21333611544,0,1
1371140580000,1371140639999,79845.6391964684,79847.01545311383,79844.76701500232,79846.52833442249,0,1
1371140640000,1371140699999,79846.37504041531,79847.65582480212,79845.38708932966,79847.10061128746,0,1
1371140700000,1371140759999,79847.17895616672,79849.95809912555,79846.55899294194,79849.95809912555,0,1
1371140760000,1371140819999,79849.8661545436,79850.24073828747,79848.49710187483,79849.7197225382,0,1
1371140820000,1371140879999,79848.95687927114,79849.95128844476,79847.0222657944,79848.58565323922,0,1
1371140880000,1371140939999,79847.90787475162,79847.90787475162,79847.55704673786,79847.55704673786,0,1
1371140940000,1371140999999,79847.2334565903,79848.57203000343,79844.76701500232,79848.57203000343,0,1
1371141000000,1371141059999,79848.15991834836,79850.27479065933,79847.16192472345,79847.16192472345,0,1
1371141060000,1371141119999,79846.55217994573,79850.58806703995,79846.55217994573,79848.93985085565,0,1
1371141120000,1371141179999,79848.89217113801,79851.86831197707,79848.89217113801,79850.49612825007,0,1
1371141180000,1371141239999,79850.11814878862,79853.20286093214,79850.11814878862,79853.20286093214,0,1
1371141240000,1371141299999,79852.43687884316,79853.79858421783,79851.77298023624,79853.79858421783,0,1
1371141300000,1371141359999,79853.60455253042,79859.10746415867,79852.91349681657,79858.88631708923,0,1
1371141360000,1371141419999,79858.18882121821,79858.80806387783,79855.54470000813,79857.02848859956,0,1
1371141420000,1371141479999,79855.89524790943,79857.79752174493,79854.89462234745,79856.75965332836,0,1
1371141480000,1371141539999,79857.20203664474,79860.22673353889,79856.44997336216,79859.56675398441,0,1
1371141540000,1371141599999,79860.20632245282,79861.08736308824,79856.20494505457,79856.82431057266,0,1
1371141600000,1371141659999,79856.78687748217,79858.68217699196,79855.14308633796,79857.8893934315,0,1
1371141660000,1371141719999,79856.86514651155,79858.77063821243,79855.79995455053,79858.77063821243,0,1
1371141720000,1371141779999,79857.95404337163,79859.5463415512,79856.97744448367,79856.97744448367,0,1
1371141780000,1371141839999,79857.2258567296,79859.40345335203,79855.22477178094,79859.0462239214,0,1
1371141840000,1371141899999,79860.36280638141,79861.03293811697,79858.4201910946,79861.03293811697,0,1
1371141900000,1371141959999,79861.11797700441,79864.5087384873,79861.11797700441,79861.76765023771,0,1
1371141960000,1371142019999,79862.04995581719,79862.40707796371,79860.49547562016,79861.06355219976,0,1
1371142020000,1371142079999,79860.45465450341,79863.00225320134,79860.45465450341,79862.15879439394,0,1
1371142080000,1371142139999,79861.47173101478,79862.84240961679,79860.7369971514,79861.06695375872,0,1
1371142140000,1371142199999,79860.50568087332,79860.95470170183,79860.3185829107,79860.3185829107,0,1
1371142200000,1371142259999,79860.2947701916,79861.97512860852,79860.07024748095,79861.11117392003,0,1
1371142260000,1371142319999,79861.81866990835,79862.00914104552,79860.19951874821,79860.5771173538,0,1
1371142320000,1371142379999,79859.5633519151,79861.40030092487,79859.5633519151,79860.2709574158,0,1
1371142380000,1371142439999,79860.78121877178,79864.24010423911,79860.76421047939,79864.09388256467,0,1
1371142440000,1371142499999,79863.90005053779,79869.12539934332,79863.39334907071,79867.25587449632,0,1
1371142500000,1371142559999,79867.12329491755,79869.06761926417,79866.03879595925,79868.0547142415,0,1
1371142560000,1371142619999,79867.61281077965,79873.01968681949,79867.19808361398,79873.01968681949,0,1
1371142620000,1371142679999,79872.64255776028,79875.74071010409,79871.85427811903,79875.74071010409,0,1
1371142680000,1371142739999,79874.69111468141,79875.86977895723,79872.54062854605,79875.72033065921,0,1
1371142740000,1371142799999,79875.75089981096,79877.22829741344,79874.27668097444,79876.91245833851,0,1
1371142800000,1371142859999,79877.21810921188,79878.20292070278,79875.98186371505,79877.19433670123,0,1
1371142860000,1371142919999,79877.80561187577,79878.28102229087,79873.88261332316,79875.1564828803,0,1
1371142920000,1371142979999,79877.02113527493,79877.02113527493,79871.11690858766,79872.85320817743,0,1
1371142980000,1371143039999,79873.04686674278,79873.04686674278,79870.36589110304,79871.23584283487,0,1
1371143040000,1371143099999,79870.50862274885,79870.50862274885,79867.51422965103,79869.64540503292,0,1
1371143100000,1371143159999,79868.81610208876,79869.56723596988,79865.35539921878,79866.25638511896,0,1
1371143160000,1371143219999,79867.04510613685,79867.04510613685,79863.86944513748,79864.6991583938,0,1
1371143220000,1371143279999,79865.05618594566,79868.78211279606,79865.05618594566,79867.68419650751,0,1
1371143280000,1371143339999,79868.59516962117,79869.47207280755,79867.13009391306,79867.42584574399,0,1
1371143340000,1371143399999,79865.88240082626,79866.74254379071,79864.24690519518,79865.3825999815,0,1
1371143400000,1371143459999,79865.18199261719,79869.36331379882,79863.85244209682,79867.79297377958,0,1
1371143460000,1371143519999,79868.63595752104,79870.39647662721,79867.44964148811,79868.591770622,0,1
1371143520000,1371143579999,79868.31304875888,79870.96059285433,79868.31304875888,79870.38288307247,0,1
1371143580000,1371143639999,79870.257141815,79871.16448245628,79868.66314936186,79870.18237599345,0,1
1371143640000,1371143699999,79870.1008126415,79872.85320817743,79869.2239645902,79872.25861897299,0,1
1371143700000,1371143759999,79872.24502794932,79872.58140035642,79870.95379646268,79870.95379646268,0,1
1371143760000,1371143819999,79872.2756077266,79873.5598739384,79872.02077339184,79872.98231430436,0,1
1371143820000,1371143879999,79874.05926625959,79874.14759155759,79871.01156564456,79871.01156564456,0,1
1371143880000,1371143939999,79872.4692774779,79875.67277845963,79871.1610843303,79874.26309269323,0,1
1371143940000,1371143999999,79872.75807628044,79874.19175391404,79868.83649560892,79868.83649560892,0,1
1371144000000,1371144059999,79867.94593981653,79870.37948468089,79866.82413453831,79866.82413453831,0,1
1371144060000,1371144119999,79866.1339917992,79866.23938613635,79863.46816566803,79864.23330327841,0,1
1371144120000,1371144179999,79864.76036402228,79865.62400350842,79864.10408414622,79865.62400350842,0,1
1371144180000,1371144239999,79865.49140229246,79866.18838901515,79864.14829087936,79865.65800353697,0,1
1371144240000,1371144299999,79864.08028043974,79864.6923577453,79862.74038046093,79863.67900943077,0,1
1371144300000,1371144359999,79864.3897242044,79864.60734924869,79863.55658456137,79864.21290036854,0,1
1371144360000,1371144419999,79864.20609938934,79864.20609938934,79862.79479614027,79863.79803217245,0,1
1371144420000,1371144479999,79864.2775094403,79864.2775094403,79862.51591265369,79862.51591265369,0,1
1371144480000,1371144539999,79863.90345113205,79864.63795239072,79862.1826026747,79864.63795239072,0,1
1371144540000,1371144599999,79865.3621994164,79866.30398211654,79864.43392967484,79865.82800194579,0,1
1371144600000,1371144659999,79865.91979988493,79868.94526034739,79865.68520347659,79868.87728252448,0,1
1371144660000,1371144719999,79868.06151260377,79869.10500641233,79866.06599486314,79866.06599486314,0,1
1371144720000,1371144779999,79866.6847499417,79867.53462582635,79864.20949987952,79866.97711539583,0,1
1371144780000,1371144839999,79865.7770027266,79867.09269938052,79865.7770027266,79866.27678385995,0,1
1371144840000,1371144899999,79865.45740169745,79866.13059196337,79862.43088565336,79863.74362195203,0,1
1371144900000,1371144959999,79862.33225342726,79864.65155375711,79860.6315448059,79861.1826060752,0,1
1371144960000,1371145019999,79862.0669619229,79862.22341673842,79858.77404055143,79858.77404055143,0,1
1371145020000,1371145079999,79859.1516929857,79859.5497436263,79856.77666843319,79858.25346922259,0,1
1371145080000,1371145139999,79857.50488778406,79861.65200468725,79857.50488778406,79861.65200468725,0,1
1371145140000,1371145199999,79860.79142373333,79860.90707923641,79858.59711738814,79860.42744033299,0,1
1371145200000,1371145259999,79860.76761214019,79861.09416618882,79858.6311413165,79861.09416618882,0,1
1371145260000,1371145319999,79860.2097243034,79860.7267921343,79858.26367676402,79858.26367676402,0,1
1371145320000,1371145379999,79858.63454370295,79860.25394825553,79858.55288610823,79860.12807957025,0,1
1371145380000,1371145439999,79861.1826060752,79862.46489654024,79860.17230388345,79861.52275219522,0,1
1371145440000,1371145499999,79861.0091270989,79862.58393373342,79859.49871237834,79862.56352745809,0,1
1371145500000,1371145559999,79862.92063126463,79863.78102901037,79859.10065970638,79859.10065970638,0,1
1371145560000,1371145619999,79859.77087602491,79861.28465112606,79859.36262777726,79860.0464341705,0,1
1371145620000,1371145679999,79861.1315831593,79864.02587175503,79860.11787393174,79863.83203840988,0,1
1371145680000,1371145739999,79862.86621627003,79864.0836809727,79861.75064362299,79864.0836809727,0,1
1371145740000,1371145799999,79866.76634116087,79866.76634116087,79865.76340289088,79865.76340289088,0,1
1371145800000,1371145859999,79865.80080239459,79871.24943523019,79865.45060156457,79870.26054024816,0,1
1371145860000,1371145919999,79871.35477566754,79872.18386811421,79870.28093082282,79870.66834384184,0,1
1371145920000,1371145979999,79870.16198521783,79872.85660572845,79870.16198521783,79871.45331894308,0,1
1371145980000,1371146039999,79872.62896725841,79874.05586911716,79871.9460207551,79871.9460207551,0,1
1371146040000,1371146099999,79871.68098417665,79873.04686674278,79870.98438018876,79872.54742385932,0,1
1371146100000,1371146159999,79872.54062854605,79872.6119791051,79869.13219697775,79872.51344724678,0,1
1371146160000,1371146219999,79872.71730519041,79873.84524403287,79872.02756905838,79872.02756905838,0,1
1371146220000,1371146279999,79872.38433506631,79874.49748795602,79872.38433506631,79873.64820364739,0,1
1371146280000,1371146339999,79873.66179276413,79873.66179276413,79871.38535816732,79872.67313632196,0,1
1371146340000,1371146399999,79872.4896635493,79874.36840138954,79871.9630100398,79874.05926625959,0,1
1371146400000,1371146459999,79874.6469545302,79877.58148198365,79874.24610731578,79877.58148198365,0,1
1371146460000,1371146519999,79878.24366943353,79885.8370128432,79878.24366943353,79885.8370128432,0,1
1371146520000,1371146579999,79886.60044090702,79889.17530841648,79886.152570176,79888.97517778885,0,1
1371146580000,1371146639999,79888.49349104389,79890.1759014807,79887.21453407397,79887.56736612797,0,1
1371146640000,1371146699999,79887.46219633729,79887.77091741952,79885.84379912716,79885.84379912716,0,1
1371146700000,1371146759999,79886.18310745397,79889.60269261833,79885.78950872646,79888.8903754673,0,1
1371146760000,1371146819999,79890.09110934101,79890.89151849975,79888.11694510652,79889.22279645204,0,1
1371146820000,1371146879999,79888.06266704544,79889.48058471021,79888.06266704544,79889.43988174283,0,1
1371146880000,1371146939999,79889.7960270902,79891.17300310382,79889.61965193208,79889.61965193208,0,1
1371146940000,1371146999999,79890.93221555896,79890.93221555896,79888.05588226709,79889.49754423107,0,1
1371147000000,1371147059999,79890.01988338803,79890.01988338803,79887.3977368866,79888.43243050372,0,1
1371147060000,1371147119999,79887.53683307688,79890.45062307498,79886.35954323405,79886.35954323405,0,1
1371147120000,1371147179999,79887.13310952432,79887.13310952432,79884.62219381411,79885.96934454993,0,1
1371147180000,1371147239999,79885.5485915173,79886.75311952615,79885.4841197304,79885.93880661919,0,1
1371147240000,1371147299999,79885.5791306397,79889.03284295673,79883.75001205088,79888.20853866653,0,1
1371147300000,1371147359999,79887.80823470687,79889.4941523292,79887.64200208262,79887.7335999929,0,1
1371147360000,1371147419999,79887.57415123777,79890.1114595201,79887.2925653119,79890.1114595201,0,1
1371147420000,1371147479999,79889.38900280063,79896.51970569398,79889.26689228315,79895.61127299737,0,1
1371147480000,1371147539999,79895.98075744628,79901.75175605186,79895.98075744628,79899.93914696213,0,1
1371147540000,1371147599999,79900.36268317446,79904.55980429558,79900.30508330348,79903.66903723108,0,1
1371147600000,1371147659999,79903.3540321681,79907.84445707298,79903.11692503768,79906.98107040608,0,1
1371147660000,1371147719999,79905.93813534206,79908.33536918947,79905.93813534206,79906.56120053858,0,1
1371147720000,1371147779999,79907.76997174963,79908.08145213808,79904.84090442667,79906.04649729536,0,1
1371147780000,1371147839999,79905.33535054384,79907.07587729122,79903.88242212002,79904.8883181278,0,1
1371147840000,1371147899999,79905.11861004993,79907.26210248454,79905.11861004993,79905.85347674899,0,1
1371147900000,1371147959999,79906.39527936028,79909.81811601114,79906.39527936028,79909.6014726562,0,1
1371147960000,1371148019999,79911.39540895325,79914.88420111703,79910.76587550841,79914.46466295405,0,1
1371148020000,1371148079999,79913.27362000168,79914.76578487005,79910.1329175212,79911.96060145476,0,1
1371148080000,1371148139999,79911.27018233962,79911.27018233962,79906.7101886385,79906.88964862985,0,1
1371148140000,1371148199999,79906.92012264812,79906.92012264812,79902.5444575077,79903.25918999058,0,1
1371148200000,1371148259999,79903.55048810305,79906.88287661318,79903.04917911066,79906.31062463728,0,1
1371148260000,1371148319999,79906.32416944111,79909.24941719389,79906.12776798976,79909.24941719389,0,1
1371148320000,1371148379999,79908.35229676367,79911.48002064228,79908.35229676367,79911.13818502221,0,1
1371148380000,1371148439999,79911.36156407717,79911.36156407717,79905.96522594047,79905.96522594047,0,1
1371148440000,1371148499999,79906.21242426075,79907.10635074199,79905.20666144215,79907.01154414575,0,1
1371148500000,1371148559999,79906.81854222606,79908.56896718258,79906.81854222606,79907.86815683224,0,1
1371148560000,1371148619999,79907.1842269165,79907.1842269165,79904.12289804559,79906.74066320366,0,1
1371148620000,1371148679999,79906.01263431109,79907.66162847073,79905.89072661824,79905.90765833113,0,1
1371148680000,1371148739999,79906.7948399791,79906.7948399791,79904.87138468893,79906.44268569215,0,1
1371148740000,1371148799999,79905.68077099675,79906.37157611008,79903.32016006511,79905.2235943133,0,1
1371148800000,1371148859999,79904.74607634998,79907.75304318967,79904.28208315333,79906.32078324187,0,1
1371148860000,1371148919999,79906.54765605579,79906.66955574049,79901.2029259238,79901.2029259238,0,1
1371148920000,1371148979999,79900.36945960806,79902.03632277872,79900.01030229949,79901.83306165728,0,1
1371148980000,1371149039999,79900.91494744965,79900.97931982829,79899.42410275801,79899.58336268055,0,1
1371149040000,1371149099999,79898.58371052478,79899.46815362864,79897.50261826809,79897.50261826809,0,1
1371149100000,1371149159999,79897.45855873825,79897.45855873825,79894.65190559605,79895.22482511439,0,1
1371149160000,1371149219999,79894.52646913224,79894.52646913224,79892.6277791548,79892.6277791548,0,1
1371149220000,1371149279999,79891.72916625647,79895.02820554716,79891.23404691224,79894.1365889966,0,1
1371149280000,1371149339999,79893.50935862027,79894.17727285152,79891.23743822401,79892.77358419956,0,1
1371149340000,1371149399999,79892.92955933577,79894.2891525991,79890.67446471991,79890.67446471991,0,1
1371149400000,1371149459999,79892.25138886312,79893.46189093644,79891.23065559934,79893.08892272312,0,1
1371149460000,1371149519999,79893.52970184437,79893.52970184437,79890.6337666117,79893.42459474107,0,1
1371149520000,1371149579999,79894.29932342317,79896.53326376592,79892.82105515074,79896.53326376592,0,1
1371149580000,1371149639999,79896.25531961708,79898.25498950874,79895.66551010165,79897.4517803318,0,1
1371149640000,1371149699999,79897.51956418942,79900.11872850664,79897.40094213707,79897.6924109467,0,1
1371149700000,1371149759999,79896.37734482884,79897.43483429561,79896.37734482884,79897.3602713952,0,1
1371149760000,1371149819999,79896.56037985464,79897.59073674542,79895.99770594672,79896.84848375645,0,1
1371149820000,1371149879999,79896.6722329434,79897.79069502531,79896.42140912272,79897.79069502531,0,1
1371149880000,1371149939999,79898.42782355503,79906.92350864441,79898.42782355503,79906.34787280369,0,1
1371149940000,1371149999999,79906.44945800691,79907.36367840103,79903.08982672195,79905.86702217205,0,1
1371150000000,1371150059999,79905.95845329775,79911.83876625108,79905.95845329775,79911.6932389235,0,1
1371150060000,1371150119999,79911.27695138585,79912.1941147795,79909.8519661114,79910.9148009773,0,1
1371150120000,1371150179999,79911.1212621632,79913.66275475046,79910.47817229896,79913.19579123479,0,1
1371150180000,1371150239999,79913.03336403093,79915.47626131924,79911.88276246809,79912.95214943965,0,1
1371150240000,1371150299999,79911.90983696695,79912.8810861312,79909.89597107041,79910.87080050142,0,1
1371150300000,1371150359999,79910.89110843743,79913.19579123479,79910.89110843743,79913.16872021735,0,1
1371150360000,1371150419999,79911.8116915598,79911.8116915598,79910.15322695575,79911.10433927555,0,1
1371150420000,1371150479999,79909.97044055993,79914.53909842865,79909.97044055993,79914.53909842865,0,1
1371150480000,1371150539999,79913.55447529744,79920.5158117492,79913.55447529744,79919.60955642263,0,1
1371150540000,1371150599999,79920.1201805322,79920.1201805322,79916.37274290028,79916.7143996344,0,1
1371150600000,1371150659999,79916.98162795413,79919.39312509121,79916.40657082036,79918.63557854063,0,1
1371150660000,1371150719999,79917.82385783433,79919.6805719326,79917.82385783433,79917.94223787451,0,1
1371150720000,1371150779999,79918.9433387481,79920.59358356634,79918.17561156348,79919.86318092818,0,1
1371150780000,1371150839999,79920.28925561711,79923.55522525706,79919.45399687663,79923.36592280617,0,1
1371150840000,1371150899999,79923.30507482876,79925.04585684313,79922.90279277388,79922.93321803279,0,1
1371150900000,1371150959999,79923.50451959482,79929.10087264905,79923.03463489396,79929.02316696676,0,1
1371150960000,1371151019999,79928.4825889874,79928.65490139116,79926.56668047007,79926.56668047007,0,1
1371151020000,1371151079999,79925.26892544924,79927.33714283573,79924.40028177833,79926.21860125058,0,1
1371151080000,1371151139999,79927.1479119646,79928.42515085968,79922.85208380331,79923.68367845076,0,1
1371151140000,1371151199999,79923.29155300572,79923.8087497118,79915.9363524715,79918.04708759696,0,1
1371151200000,1371151259999,79917.9388556071,79917.9388556071,79915.11087973566,79916.03784031715,0,1
1371151260000,1371151319999,79916.34568048183,79916.3592117002,79914.24812024117,79915.09396359825,0,1
1371151320000,1371151379999,79916.24757860099,79919.53515868081,79915.63864884897,79916.07505226915,0,1
1371151380000,1371151439999,79916.63998035007,79917.87797459801,79914.97893310501,79917.87797459801,0,1
1371151440000,1371151499999,79918.7099829754,79920.57667670102,79916.964714981,79920.57667670102,0,1
1371151500000,1371151559999,79920.0965097922,79924.13325163517,79918.7099829754,79924.13325163517,0,1
1371151560000,1371151619999,79923.80536942801,79924.26169740419,79919.84965445027,79921.61470523218,0,1
1371151620000,1371151679999,79921.71275447488,79922.73376187199,79920.76265064742,79922.73376187199,0,1
1371151680000,1371151739999,79922.58501231486,79925.34328054554,79921.90885007623,79925.34328054554,0,1
1371151740000,1371151799999,79925.16753124514,79928.71571682476,79922.81489706147,79923.39972707808,0,1
1371151800000,1371151859999,79924.68758472866,79924.68758472866,79921.87842170047,79923.55184488758,0,1
1371151860000,1371151919999,79923.95410083362,79926.68833636906,79923.95410083362,79926.07666255729,0,1
1371151920000,1371151979999,79926.37405560311,79926.68495705852,79921.96632564446,79921.96632564446,0,1
1371151980000,1371152039999,79921.19544935046,79922.29426815515,79918.30751602203,79918.30751602203,0,1
1371152040000,1371152099999,79917.98282499425,79918.18575812205,79916.28140694447,79917.19134644428,0,1
1371152100000,1371152159999,79916.72116499642,79916.72116499642,79913.50710266805,79915.1447119246,0,1
1371152160000,1371152219999,79916.3524460933,79923.09548451696,79915.40859907024,79918.75394897211,0,1
1371152220000,1371152279999,79919.36268905955,79926.54640434301,79916.1291784976,79923.28817254711,0,1
1371152280000,1371152339999,79923.57212708735,79926.52274880948,79921.70261149436,79924.94446037721,0,1
1371152340000,1371152399999,79924.00480421631,79926.95191907305,79923.39296623284,79926.95191907305,0,1
1371152400000,1371152459999,79927.77979392385,79936.39575999975,79926.97557359138,79934.00862109593,0,1
1371152460000,1371152519999,79934.75825083996,79940.23019611798,79932.3470792015,79938.94096353694,0,1
1371152520000,1371152579999,79940.12895349982,79942.3155660408,79939.58560060397,79942.3155660408,0,1
1371152580000,1371152639999,79941.86343537495,79943.43568231813,79940.57103873156,79941.67110493912,0,1
1371152640000,1371152699999,79942.30881797217,79948.76126563162,79939.81171999198,79947.16287669635,0,1
1371152700000,1371152759999,79947.8137283427,79950.48413719413,79944.66361743883,79949.8570597893,0,1
1371152760000,1371152819999,79950.68978304938,79951.67412758965,79948.79498416548,79950.17734617255,0,1
1371152820000,1371152879999,79950.84822861078,79957.67248934062,79950.78754762856,79957.67248934062,0,1
1371152880000,1371152939999,79956.7392727766,79956.7392727766,79950.49087974823,79952.58085240418,0,1
1371152940000,1371152999999,79951.62356430624,79952.64826360508,79947.00437273097,79949.77951522772,0,1
1371153000000,1371153059999,79949.15239363471,79949.15239363471,79946.51872791935,79947.36859086259,0,1
1371153060000,1371153119999,79946.78516097931,79949.96494687468,79943.99906687632,79945.63843657945,0,1
1371153120000,1371153179999,79945.21006755397,79945.74636918768,79939.77459626416,79941.70484738839,0,1
1371153180000,1371153239999,79940.83763030266,79942.22109266576,79938.3030356884,79939.17047259682,0,1
1371153240000,1371153299999,79936.94603793244,79940.1593263929,79936.62532748112,79936.99329965572,0,1
1371153300000,1371153359999,79938.03975201439,79939.13672159484,79934.92032555844,79938.40092144052,0,1
1371153360000,1371153419999,79938.50555687465,79944.90311468352,79936.71310189008,79944.21833971026,0,1
1371153420000,1371153479999,79943.37495633906,79947.45289872456,79942.2480851497,79946.33323235698,0,1
1371153480000,1371153539999,79946.90657115856,79946.90657115856,79940.9084952208,79940.9084952208,0,1
1371153540000,1371153599999,79941.34717163291,79941.36741777197,79934.73461472405,79934.95409079416,0,1
1371153600000,1371153659999,79933.7587320264,79936.27422214071,79931.85734446369,79935.04187987348,0,1
1371153660000,1371153719999,79933.7114550135,79935.74754101495,79933.36362440426,79934.88656020872,0,1
1371153720000,1371153779999,79935.28160766426,79935.28160766426,79930.66161544417,79930.66161544417,0,1
1371153780000,1371153839999,79931.19869786061,79932.02622122047,79929.52993228385,79930.50284970927,0,1
1371153840000,1371153899999,79931.14127533163,79931.14127533163,79928.51975465896,79929.59749905248,0,1
1371153900000,1371153959999,79929.91505675005,79933.07319346214,79928.69206642231,79931.37771892278,0,1
1371153960000,1371154019999,79932.08026118032,79933.39739489662,79932.00595616024,79932.92122042149,0,1
1371154020000,1371154079999,79932.41124956233,79933.77223970332,79931.28314215719,79933.76210894734,0,1
1371154080000,1371154139999,79932.93810642893,79933.92757667649,79932.4180043132,79932.4180043132,0,1
1371154140000,1371154199999,79931.19869786061,79932.4348911704,79931.19869786061,79932.35383399572,0,1
1371154200000,1371154259999,79931.95529332999,79931.95529332999,79930.29678829451,79931.65468859092,0,1
1371154260000,1371154319999,79932.40449480688,79933.8161395273,79932.40449480688,79933.21840998757,0,1
1371154320000,1371154379999,79933.24542678292,79935.35926473032,79932.89420275023,79935.30186608747,0,1
1371154380000,1371154439999,79936.29785461788,79936.83801029762,79934.69409553822,79935.12291526263,0,1
1371154440000,1371154499999,79934.18421508481,79935.43016848135,79932.37409835098,79934.10317208846,0,1
1371154500000,1371154559999,79934.10317208846,79934.10317208846,79934.10317208846,79934.10317208846,0,1
1371154560000,1371154619999,79934.10317208846,79934.10317208846,79934.10317208846,79934.10317208846,0,1
1371154620000,1371154679999,79934.10317208846,79934.10317208846,79934.10317208846,79934.10317208846,0,1
1371154680000,1371154739999,79934.10317208846,79934.10317208846,79934.10317208846,79934.10317208846,0,1
1371154740000,1371154799999,79934.10317208846,79934.10317208846,79934.10317208846,79934.10317208846,0,1
1371154800000,1371154859999,79934.10317208846,79934.10317208846,79934.10317208846,79934.10317208846,0,1
1371154860000,1371154919999,79934.10317208846,79934.10317208846,79934.10317208846,79934.10317208846,0,1
1371154920000,1371154979999,79934.10317208846,79934.10317208846,79934.10317208846,79934.10317208846,0,1
1371154980000,1371155039999,79934.10317208846,79934.10317208846,79934.10317208846,79934.10317208846,0,1
1371155040000,1371155099999,79934.10317208846,79934.10317208846,79934.10317208846,79934.10317208846,0,1
1371155100000,1371155159999,79934.10317208846,79934.10317208846,79934.10317208846,79934.10317208846,0,1
1371155160000,1371155219999,79934.10317208846,79934.10317208846,79934.10317208846,79934.10317208846,0,1
1371155220000,1371155279999,79934.10317208846,79934.10317208846,79934.10317208846,79934.10317208846,0,1
1371155280000,1371155339999,79934.10317208846,79934.10317208846,79934.10317208846,79934.10317208846,0,1
1371155340000,1371155399999,79934.10317208846,79934.10317208846,79934.10317208846,79934.10317208846,0,1
1371155400000,1371155459999,79934.10317208846,79934.10317208846,79934.10317208846,79934.10317208846,0,1
1371155460000,1371155519999,79934.10317208846,79934.10317208846,79934.10317208846,79934.10317208846,0,1
1371155520000,1371155579999,79934.10317208846,79934.10317208846,79934.10317208846,79934.10317208846,0,1
1371155580000,1371155639999,79934.10317208846,79934.10317208846,79934.10317208846,79934.10317208846,0,1
1371155640000,1371155699999,79934.10317208846,79934.10317208846,79934.10317208846,79934.10317208846,0,1
1371155700000,1371155759999,79934.10317208846,79934.10317208846,79934.10317208846,79934.10317208846,0,1
1371155760000,1371155819999,79934.10317208846,79934.10317208846,79934.10317208846,79934.10317208846,0,1
1371155820000,1371155879999,79934.10317208846,79934.10317208846,79934.10317208846,79934.10317208846,0,1
1371155880000,1371155939999,79934.10317208846,79934.10317208846,79934.10317208846,79934.10317208846,0,1
1371155940000,1371155999999,79934.10317208846,79934.10317208846,79934.10317208846,79934.10317208846,0,1
1371156000000,1371156059999,79934.10317208846,79934.10317208846,79934.10317208846,79934.10317208846,0,1
1371156060000,1371156119999,79934.10317208846,79934.10317208846,79934.10317208846,79934.10317208846,0,1
1371156120000,1371156179999,79934.10317208846,79934.10317208846,79934.10317208846,79934.10317208846,0,1
1371156180000,1371156239999,79934.10317208846,79934.10317208846,79934.10317208846,79934.10317208846,0,1
1371156240000,1371156299999,79934.10317208846,79934.10317208846,79934.10317208846,79934.10317208846,0,1
1371156300000,1371156359999,79934.10317208846,79934.10317208846,79934.10317208846,79934.10317208846,0,1
1371156360000,1371156419999,79934.10317208846,79934.10317208846,79934.10317208846,79934.10317208846,0,1
1371156420000,1371156479999,79934.10317208846,79934.10317208846,79934.10317208846,79934.10317208846,0,1
1371156480000,1371156539999,79934.10317208846,79934.10317208846,79934.10317208846,79934.10317208846,0,1
1371156540000,1371156599999,79934.10317208846,79934.10317208846,79934.10317208846,79934.10317208846,0,1
1371156600000,1371156659999,79934.10317208846,79934.10317208846,79934.10317208846,79934.10317208846,0,1
1371156660000,1371156719999,79934.10317208846,79934.10317208846,79934.10317208846,79934.10317208846,0,1
1371156720000,1371156779999,79934.10317208846,79934.10317208846,79934.10317208846,79934.10317208846,0,1
1371156780000,1371156839999,79934.10317208846,79934.10317208846,79934.10317208846,79934.10317208846,0,1
1371156840000,1371156899999,79934.10317208846,79934.10317208846,79934.10317208846,79934.10317208846,0,1
1371156900000,1371156959999,79934.10317208846,79934.10317208846,79934.10317208846,79934.10317208846,0,1
1371156960000,1371157019999,79934.10317208846,79934.10317208846,79934.10317208846,79934.10317208846,0,1
1371157020000,1371157079999,79934.10317208846,79934.10317208846,79934.10317208846,79934.10317208846,0,1
1371157080000,1371157139999,79934.10317208846,79934.10317208846,79934.10317208846,79934.10317208846,0,1
1371157140000,1371157199999,79934.10317208846,79934.10317208846,79934.10317208846,79934.10317208846,0,1
1371157200000,1371157259999,79934.10317208846,79934.10317208846,79934.10317208846,79934.10317208846,0,1
1371157260000,1371157319999,79934.10317208846,79934.10317208846,79934.10317208846,79934.10317208846,0,1
1371157320000,1371157379999,79934.10317208846,79934.10317208846,79934.10317208846,79934.10317208846,0,1
1371157380000,1371157439999,79934.10317208846,79934.10317208846,79934.10317208846,79934.10317208846,0,1
1371157440000,1371157499999,79934.10317208846,79934.10317208846,79934.10317208846,79934.10317208846,0,1
1371157500000,1371157559999,79934.10317208846,79934.10317208846,79934.10317208846,79934.10317208846,0,1
1371157560000,1371157619999,79934.10317208846,79934.10317208846,79934.10317208846,79934.10317208846,0,1
1371157620000,1371157679999,79934.10317208846,79934.10317208846,79934.10317208846,79934.10317208846,0,1
1371157680000,1371157739999,79934.10317208846,79934.10317208846,79934.10317208846,79934.10317208846,0,1
1371157740000,1371157799999,79934.10317208846,79934.10317208846,79934.10317208846,79934.10317208846,0,1
1371157800000,1371157859999,79934.10317208846,79934.10317208846,79934.10317208846,79934.10317208846,0,1
1371157860000,1371157919999,79934.10317208846,79934.10317208846,79934.10317208846,79934.10317208846,0,1
1371157920000,1371157979999,79934.10317208846,79934.10317208846,79934.10317208846,79934.10317208846,0,1
1371157980000,1371158039999,79934.10317208846,79934.10317208846,79934.10317208846,79934.10317208846,0,1
1371158040000,1371158099999,79934.10317208846,79934.10317208846,79934.10317208846,79934.10317208846,0,1
1371158100000,1371158159999,79934.10317208846,79934.10317208846,79934.10317208846,79934.10317208846,0,1
1371158160000,1371158219999,79934.10317208846,79934.10317208846,79934.10317208846,79934.10317208846,0,1
1371158220000,1371158279999,79934.10317208846,79934.10317208846,79934.10317208846,79934.10317208846,0,1
1371158280000,1371158339999,79934.10317208846,79934.10317208846,79934.10317208846,79934.10317208846,0,1
1371158340000,1371158399999,79934.10317208846,79934.10317208846,79934.10317208846,79934.10317208846,0,1
1371158400000,1371158459999,79934.10317208846,79934.10317208846,79934.10317208846,79934.10317208846,0,1
1371158460000,1371158519999,79934.10317208846,79934.10317208846,79934.10317208846,79934.10317208846,0,1
1371158520000,1371158579999,79934.10317208846,79934.10317208846,79934.10317208846,79934.10317208846,0,1
1371158580000,1371158639999,79934.10317208846,79934.10317208846,79934.10317208846,79934.10317208846,0,1
1371158640000,1371158699999,79934.10317208846,79934.10317208846,79934.10317208846,79934.10317208846,0,1
1371158700000,1371158759999,79934.10317208846,79934.10317208846,79934.10317208846,79934.10317208846,0,1
1371158760000,1371158819999,79934.10317208846,79934.10317208846,79934.10317208846,79934.10317208846,0,1
1371158820000,1371158879999,79934.10317208846,79934.10317208846,79934.10317208846,79934.10317208846,0,1
1371158880000,1371158939999,79934.10317208846,79934.10317208846,79934.10317208846,79934.10317208846,0,1
1371158940000,1371158999999,79934.10317208846,79934.10317208846,79934.10317208846,79934.10317208846,0,1
1371159000000,1371159059999,79934.10317208846,79934.10317208846,79934.10317208846,79934.10317208846,0,1
1371159060000,1371159119999,79934.10317208846,79934.10317208846,79934.10317208846,79934.10317208846,0,1
1371159120000,1371159179999,79934.10317208846,79934.10317208846,79934.10317208846,79934.10317208846,0,1
1371159180000,1371159239999,79934.10317208846,79934.10317208846,79934.10317208846,79934.10317208846,0,1
1371159240000,1371159299999,79934.10317208846,79934.10317208846,79934.10317208846,79934.10317208846,0,1
1371159300000,1371159359999,79934.10317208846,79934.10317208846,79934.10317208846,79934.10317208846,0,1
1371159360000,1371159419999,79934.10317208846,79934.10317208846,79934.10317208846,79934.10317208846,0,1
1371159420000,1371159479999,79934.10317208846,79934.10317208846,79934.10317208846,79934.10317208846,0,1
1371159480000,1371159539999,79934.10317208846,79934.10317208846,79934.10317208846,79934.10317208846,0,1
1371159540000,1371159599999,79934.10317208846,79934.10317208846,79934.10317208846,79934.10317208846,0,1
1371159600000,1371159659999,79934.10317208846,79934.10317208846,79934.10317208846,79934.10317208846,0,1
1371159660000,1371159719999,79934.10317208846,79934.10317208846,79934.10317208846,79934.10317208846,0,1
1371159720000,1371159779999,79934.10317208846,79934.10317208846,79934.10317208846,79934.10317208846,0,1
1371159780000,1371159839999,79934.10317208846,79934.10317208846,79934.10317208846,79934.10317208846,0,1
1371159840000,1371159899999,79934.10317208846,79934.10317208846,79934.10317208846,79934.10317208846,0,1
1371159900000,1371159959999,79934.10317208846,79934.10317208846,79934.10317208846,79934.10317208846,0,1
1371159960000,1371160019999,79934.10317208846,79934.10317208846,79934.10317208846,79934.10317208846,0,1
1371160020000,1371160079999,79934.10317208846,79934.10317208846,79934.10317208846,79934.10317208846,0,1
1371160080000,1371160139999,79934.10317208846,79934.10317208846,79934.10317208846,79934.10317208846,0,1
1371160140000,1371160199999,79934.10317208846,79934.10317208846,79934.10317208846,79934.10317208846,0,1
1371160200000,1371160259999,79934.10317208846,79934.10317208846,79934.10317208846,79934.10317208846,0,1
1371160260000,1371160319999,79934.10317208846,79934.10317208846,79934.10317208846,79934.10317208846,0,1
1371160320000,1371160379999,79934.10317208846,79934.10317208846,79934.10317208846,79934.10317208846,0,1
1371160380000,1371160439999,79934.10317208846,79934.10317208846,79934.10317208846,79934.10317208846,0,1
1371160440000,1371160499999,79934.10317208846,79934.10317208846,79934.10317208846,79934.10317208846,0,1
1371160500000,1371160559999,79934.10317208846,79934.10317208846,79934.10317208846,79934.10317208846,0,1
1371160560000,1371160619999,79934.10317208846,79934.10317208846,79934.10317208846,79934.10317208846,0,1
1371160620000,1371160679999,79934.10317208846,79934.10317208846,79934.10317208846,79934.10317208846,0,1
1371160680000,1371160739999,79934.10317208846,79934.10317208846,79934.10317208846,79934.10317208846,0,1
1371160740000,1371160799999,79934.10317208846,79934.10317208846,79934.10317208846,79934.10317208846,0,1
1371160800000,1371160859999,79942.62934620272,79944.89299519769,79942.52137994624,79943.88099489728,0,1
1371160860000,1371160919999,79944.19472594377,79945.21681366509,79944.19472594377,79944.96720452263,0,1
1371160920000,1371160979999,79944.68048362972,79948.46453763102,79944.68048362972,79948.46453763102,0,1
1371160980000,1371161039999,79948.2521019497,79948.54546432258,79947.6957013958,79947.6957013958,0,1
1371161040000,1371161099999,79947.96210309958,79949.02089540969,79947.96210309958,79948.22175362684,0,1
1371161100000,1371161159999,79948.22175362684,79948.22175362684,79948.22175362684,79948.22175362684,0,1
1371161160000,1371161219999,79948.19140521187,79948.19140521187,79946.61653328499,79947.1291526588,0,1
1371161220000,1371161279999,79947.26404812661,79947.26404812661,79944.77156056899,79944.77156056899,0,1
1371161280000,1371161339999,79944.98744333386,79946.18146070115,79944.98744333386,79945.5102650941,0,1
1371161340000,1371161399999,79945.82731787936,79946.92006108748,79945.59458862459,79945.59458862459,0,1
1371161400000,1371161459999,79945.43268681804,79946.09714211924,79945.35510794014,79946.09714211924,0,1
1371161460000,1371161519999,79946.13761512729,79947.1831110643,79946.13761512729,79947.1831110643,0,1
1371161520000,1371161579999,79947.18648345498,79949.20296941468,79947.18648345498,79948.03291754835,0,1
1371161580000,1371161639999,79948.11721980973,79948.53534852194,79948.11721980973,79948.53534852194,0,1
1371161640000,1371161699999,79948.2386138176,79948.2386138176,79947.51697222429,79947.65860692479,0,1
1371161700000,1371161759999,79947.5068553832,79948.00594067461,79946.66374932604,79947.50011081678,0,1
1371161760000,1371161819999,79947.90814889724,79947.95873097047,79947.90814889724,79947.95873097047,0,1
1371161820000,1371161879999,79947.47987709027,79947.47987709027,79947.00774518192,79947.1257802488,0,1
1371161880000,1371161939999,79947.3584738714,79947.3584738714,79946.54233619863,79947.35172920491,0,1
1371161940000,1371161999999,79948.63313416604,79950.32231453153,79948.63313416604,79949.86380276624,0,1
1371162000000,1371162059999,79949.97506122926,79953.33583189874,79949.97506122926,79952.7594910931,0,1
1371162060000,1371162119999,79951.54940436143,79952.92127432178,79951.54940436143,79952.92127432178,0,1
1371162120000,1371162179999,79952.97520148303,79952.97520148303,79951.31680823982,79952.49995836323,0,1
1371162180000,1371162239999,79952.4898465621,79952.93475613935,79952.32131503793,79952.32131503793,0,1
1371162240000,1371162299999,79952.07188316957,79952.87745828912,79952.07188316957,79952.09884907691,0,1
1371162300000,1371162359999,79951.80896176214,79951.85278247678,79951.45164723026,79951.45164723026,0,1
1371162360000,1371162419999,79951.86626573495,79951.86626573495,79950.3256858637,79950.3256858637,0,1
1371162420000,1371162479999,79948.79498416548,79949.98180412663,79948.06326644433,79949.98180412663,0,1
1371162480000,1371162539999,79949.87054573862,79950.16386063697,79948.22849770654,79949.57385065214,0,1
1371162540000,1371162599999,79949.27714676262,79950.28522980254,79949.00066476005,79949.00066476005,0,1
1371162600000,1371162659999,79948.35663435687,79950.19420306646,79948.35663435687,79950.12003252073,0,1
1371162660000,1371162719999,79950.08968986619,79950.65944212356,79950.08968986619,79950.26837306206,0,1
1371162720000,1371162779999,79950.0391185707,79950.2346594959,79949.4187565353,79950.2346594959,0,1
1371162780000,1371162839999,79949.92448935406,79949.92448935406,79948.67359691148,79948.67359691148,0,1
1371162840000,1371162899999,79948.85567723993,79948.85567723993,79948.32291434493,79948.32291434493,0,1
1371162900000,1371162959999,79948.59267125686,79948.92985716401,79948.59267125686,79948.83207442143,0,1
1371162960000,1371163019999,79948.80172785862,79948.80509970347,79948.56232396755,79948.80509970347,0,1
1371163020000,1371163079999,79948.80509970347,79948.80509970347,79948.80509970347,79948.80509970347,0,1
1371163080000,1371163139999,79948.20826545378,79948.20826545378,79948.20826545378,79948.20826545378,0,1
1371163140000,1371163199999,79948.50837300357,79948.63650606775,79948.38698227041,79948.38698227041,0,1
1371163200000,1371163259999,79947.36521853333,79947.36521853333,79947.36521853333,79947.36521853333,0,1
1371163260000,1371163319999,79947.36521853333,79947.36521853333,79947.36521853333,79947.36521853333,0,1
1371163320000,1371163379999,79947.4596433228,79947.7833786894,79947.33486751879,79947.7833786894,0,1
1371163380000,1371163439999,79947.87105521429,79947.87105521429,79947.01786252797,79947.01786252797,0,1
1371163440000,1371163499999,79947.0617042425,79947.0617042425,79947.0617042425,79947.0617042425,0,1
1371163500000,1371163559999,79947.540578147,79947.540578147,79947.540578147,79947.540578147,0,1
1371163560000,1371163619999,79947.30451641213,79947.30451641213,79947.30451641213,79947.30451641213,0,1
1371163620000,1371163679999,79947.48662167032,79947.64511799211,79947.00100027888,79947.64511799211,0,1
1371163680000,1371163739999,79947.40231409267,79947.40231409267,79947.40231409267,79947.40231409267,0,1
1371163740000,1371163799999,79947.63500128068,79947.63500128068,79947.05833180975,79947.23032443026,0,1
1371163800000,1371163859999,79947.63500128068,79947.63500128068,79947.26742049,79947.26742049,0,1
1371163860000,1371163919999,79947.26742049,79947.26742049,79947.26742049,79947.26742049,0,1
1371163920000,1371163979999,79947.30114406126,79947.60802333347,79947.24044155111,79947.30451641213,0,1
1371163980000,1371164039999,79947.11566301194,79947.62488455899,79947.11566301194,79947.62488455899,0,1
1371164040000,1371164099999,79946.88296373915,79946.88296373915,79945.10550224964,79945.12574078098,0,1
1371164100000,1371164159999,79945.2134406101,79945.2134406101,79943.83376571532,79943.83376571532,0,1
1371164160000,1371164219999,79944.09689688857,79944.09689688857,79942.9970975165,79943.48966065663,0,1
1371164220000,1371164279999,79943.15229126072,79943.62460522815,79942.99034990778,79943.62460522815,0,1
1371164280000,1371164339999,79943.62460522815,79943.62460522815,79943.62460522815,79943.62460522815,0,1
1371164340000,1371164399999,79943.50990245845,79943.50990245845,79943.50990245845,79943.50990245845,0,1
1371164400000,1371164459999,79943.08818978877,79943.08818978877,79942.41341252405,79942.47751832157,0,1
1371164460000,1371164519999,79942.28519969615,79942.28519969615,79941.99502775239,79942.08612915313,0,1
1371164520000,1371164579999,79942.58548505162,79942.95323797836,79942.18735195836,79942.56186742902,0,1
1371164580000,1371164639999,79942.07600681626,79942.5956068728,79941.6339881134,79942.06251035116,0,1
1371164640000,1371164699999,79942.84864907265,79942.85877062747,79941.99502775239,79942.41341252405,0,1
1371164700000,1371164759999,79941.74871240224,79943.1455437567,79939.30547546563,79943.1455437567,0,1
1371164760000,1371164819999,79942.09287737202,79942.93974269717,79942.09287737202,79942.93974269717,0,1
1371164820000,1371164879999,79942.6698332484,79944.11713746127,79942.6698332484,79944.11713746127,0,1
1371164880000,1371164939999,79943.66846182181,79943.66846182181,79943.66846182181,79943.66846182181,0,1
1371164940000,1371164999999,79943.94171780346,79945.14260619246,79943.29398779331,79944.96720452263,0,1
1371165000000,1371165059999,79945.23030587367,79945.23030587367,79944.71758914954,79944.71758914954,0,1
1371165060000,1371165119999,79944.71758914954,79944.71758914954,79944.71758914954,79944.71758914954,0,1
1371165120000,1371165179999,79945.21681366509,79945.21681366509,79945.21681366509,79945.21681366509,0,1
1371165180000,1371165239999,79945.29439361586,79946.7885335042,79944.90648784318,79946.7885335042,0,1
1371165240000,1371165299999,79945.904893094,79947.13926988201,79945.904893094,79947.09542850753,0,1
1371165300000,1371165359999,79947.24381392245,79948.90625452058,79947.08193881516,79948.70731574095,0,1
1371165360000,1371165419999,79949.30412020725,79949.30412020725,79948.7545219112,79949.2737750769,0,1
1371165420000,1371165479999,79949.0950741082,79949.65139680855,79948.35326236079,79948.35326236079,0,1
1371165480000,1371165539999,79948.79835601262,79950.18071755361,79948.53197658613,79950.18071755361,0,1
1371165540000,1371165599999,79949.99191846415,79949.99191846415,79949.39852669055,79949.39852669055,0,1
1371165600000,1371165659999,79950.34591383292,79950.44031048157,79950.34591383292,79950.36951307862,0,1
1371165660000,1371165719999,79950.36951307862,79950.36951307862,79950.36951307862,79950.36951307862,0,1
1371165720000,1371165779999,79950.36951307862,79950.36951307862,79950.36951307862,79950.36951307862,0,1
1371165780000,1371165839999,79950.36951307862,79950.36951307862,79950.36951307862,79950.36951307862,0,1
1371165840000,1371165899999,79949.76265763477,79950.53133497744,79949.76265763477,79950.07957562755,0,1
1371165900000,1371165959999,79950.54482001747,79950.54482001747,79950.54482001747,79950.54482001747,0,1
1371165960000,1371166019999,79949.867174253,79949.867174253,79949.867174253,79949.867174253,0,1
1371166020000,1371166079999,79949.5603643027,79949.5603643027,79949.5603643027,79949.5603643027,0,1
1371166080000,1371166139999,79950.47402335443,79950.59875999576,79950.15711786236,79950.15711786236,0,1
1371166140000,1371166199999,79950.20768856112,79950.59875999576,79950.20768856112,79950.4571669322,0,1
1371166200000,1371166259999,79950.17060340704,79950.17060340704,79950.06271854042,79950.06271854042,0,1
1371166260000,1371166319999,79950.26837306206,79950.26837306206,79949.61430959137,79949.61430959137,0,1
1371166320000,1371166379999,79949.84020232706,79949.84020232706,79949.84020232706,79949.84020232706,0,1
1371166380000,1371166439999,79949.56710747968,79949.80985882344,79949.56710747968,79949.80985882344,0,1
1371166440000,1371166499999,79949.51653354136,79949.681740793,79949.51653354136,79949.681740793,0,1
1371166500000,1371166559999,79950.01888998089,79950.01888998089,79949.9784326785,79949.9784326785,0,1
1371166560000,1371166619999,79949.80985882344,79950.0357471419,79949.57047906649,79949.57047906649,0,1
1371166620000,1371166679999,79950.69315425768,79950.69315425768,79950.69315425768,79950.69315425768,0,1
1371166680000,1371166739999,79950.69315425768,79950.69315425768,79950.69315425768,79950.69315425768,0,1
1371166740000,1371166799999,79950.69315425768,79950.69315425768,79950.69315425768,79950.69315425768,0,1
1371166800000,1371166859999,79950.53133497744,79950.53133497744,79949.39852669055,79949.48618905558,0,1
1371166860000,1371166919999,79949.91774641805,79949.91774641805,79949.87054573862,79949.87054573862,0,1
1371166920000,1371166979999,79950.29534383318,79950.98644502903,79949.86380276624,79950.98644502903,0,1
1371166980000,1371167039999,79950.95947612183,79951.87637816665,79950.48413719413,79951.63704787348,0,1
1371167040000,1371167099999,79952.35502157,79952.35502157,79951.45501818173,79952.24378958304,0,1
1371167100000,1371167159999,79951.7583991605,79952.368504151,79951.63367698336,79951.63367698336,0,1
1371167160000,1371167219999,79951.61008072081,79951.61008072081,79950.21780267019,79950.21780267019,0,1
1371167220000,1371167279999,79950.21780267019,79950.21780267019,79950.21780267019,79950.21780267019,0,1
1371167280000,1371167339999,79950.24140221822,79950.24140221822,79949.70197006484,79949.81660183221,0,1
1371167340000,1371167399999,79949.84020232706,79949.84020232706,79949.53339154922,79949.61430959137,0,1
1371167400000,1371167459999,79950.0998040946,79950.58527502847,79950.0998040946,79950.40996879882,0,1
1371167460000,1371167519999,79950.64932846116,79950.64932846116,79950.64932846116,79950.64932846116,0,1
1371167520000,1371167579999,79950.6055024726,79950.7909188039,79950.6055024726,79950.7909188039,0,1
1371167580000,1371167639999,79949.83008783609,79950.81451699945,79949.74242848571,79950.81451699945,0,1
1371167640000,1371167699999,79950.07957562755,79950.59538875565,79950.07957562755,79950.53133497744,0,1
1371167700000,1371167759999,79950.48750847175,79950.48750847175,79950.00540423162,79950.00540423162,0,1
1371167760000,1371167819999,79949.90088905812,79949.90088905812,79949.11193282658,79949.5232767479,0,1
1371167820000,1371167879999,79949.90088905812,79949.94471813484,79949.72557083024,79949.84357382178,0,1
1371167880000,1371167939999,79949.85368829913,79950.0930612768,79949.38166845532,79949.38166845532,0,1
1371167940000,1371167999999,79949.95820396594,79950.42345400252,79949.71545622332,79949.95820396594,0,1
1371340800000,1371340859999,79863.66200606633,79863.66200606633,79863.66200606633,79863.66200606633,0,1
1371340860000,1371340919999,79863.66200606633,79863.66200606633,79863.66200606633,79863.66200606633,0,1
1371340920000,1371340979999,79863.66200606633,79863.66200606633,79863.66200606633,79863.66200606633,0,1
1371340980000,1371341039999,79863.66200606633,79863.66200606633,79863.66200606633,79863.66200606633,0,1
1371341040000,1371341099999,79863.66200606633,79863.66200606633,79863.66200606633,79863.66200606633,0,1
1371341100000,1371341159999,79863.66200606633,79863.66200606633,79863.66200606633,79863.66200606633,0,1
1371341160000,1371341219999,79863.66200606633,79863.66200606633,79863.66200606633,79863.66200606633,0,1
1371341220000,1371341279999,79863.66200606633,79863.66200606633,79863.66200606633,79863.66200606633,0,1
1371341280000,1371341339999,79863.66200606633,79863.66200606633,79863.66200606633,79863.66200606633,0,1
1371341340000,1371341399999,79863.66200606633,79863.66200606633,79863.66200606633,79863.66200606633,0,1
1371341400000,1371341459999,79863.66200606633,79863.66200606633,79863.66200606633,79863.66200606633,0,1
1371341460000,1371341519999,79863.66200606633,79863.66200606633,79863.66200606633,79863.66200606633,0,1
1371341520000,1371341579999,79863.66200606633,79863.66200606633,79863.66200606633,79863.66200606633,0,1
1371341580000,1371341639999,79863.66200606633,79863.66200606633,79863.66200606633,79863.66200606633,0,1
1371341640000,1371341699999,79863.66200606633,79863.66200606633,79863.66200606633,79863.66200606633,0,1
1371341700000,1371341759999,79863.66200606633,79863.66200606633,79863.66200606633,79863.66200606633,0,1
1371341760000,1371341819999,79863.66200606633,79863.66200606633,79863.66200606633,79863.66200606633,0,1
1371341820000,1371341879999,79863.66200606633,79863.66200606633,79863.66200606633,79863.66200606633,0,1
1371341880000,1371341939999,79863.66200606633,79863.66200606633,79863.66200606633,79863.66200606633,0,1
1371341940000,1371341999999,79863.66200606633,79863.66200606633,79863.66200606633,79863.66200606633,0,1
1371342000000,1371342059999,79863.66200606633,79863.66200606633,79863.66200606633,79863.66200606633,0,1
1371342060000,1371342119999,79863.66200606633,79863.66200606633,79863.66200606633,79863.66200606633,0,1
1371342120000,1371342179999,79863.66200606633,79863.66200606633,79863.66200606633,79863.66200606633,0,1
1371342180000,1371342239999,79863.66200606633,79863.66200606633,79863.66200606633,79863.66200606633,0,1
1371342240000,1371342299999,79863.66200606633,79863.66200606633,79863.66200606633,79863.66200606633,0,1
1371342300000,1371342359999,79863.66200606633,79863.66200606633,79863.66200606633,79863.66200606633,0,1
1371342360000,1371342419999,79863.66200606633,79863.66200606633,79863.66200606633,79863.66200606633,0,1
1371342420000,1371342479999,79863.66200606633,79863.66200606633,79863.66200606633,79863.66200606633,0,1
1371342480000,1371342539999,79863.66200606633,79863.66200606633,79863.66200606633,79863.66200606633,0,1
1371342540000,1371342599999,79863.66200606633,79863.66200606633,79863.66200606633,79863.66200606633,0,1
1371342600000,1371342659999,79863.66200606633,79863.66200606633,79863.66200606633,79863.66200606633,0,1
1371342660000,1371342719999,79863.66200606633,79863.66200606633,79863.66200606633,79863.66200606633,0,1
1371342720000,1371342779999,79863.66200606633,79863.66200606633,79863.66200606633,79863.66200606633,0,1
1371342780000,1371342839999,79863.66200606633,79863.66200606633,79863.66200606633,79863.66200606633,0,1
1371342840000,1371342899999,79863.66200606633,79863.66200606633,79863.66200606633,79863.66200606633,0,1
1371342900000,1371342959999,79863.66200606633,79863.66200606633,79863.66200606633,79863.66200606633,0,1
1371342960000,1371343019999,79863.66200606633,79863.66200606633,79863.66200606633,79863.66200606633,0,1
1371343020000,1371343079999,79863.66200606633,79863.66200606633,79863.66200606633,79863.66200606633,0,1
1371343080000,1371343139999,79863.66200606633,79863.66200606633,79863.66200606633,79863.66200606633,0,1
1371343140000,1371343199999,79863.66200606633,79863.66200606633,79863.66200606633,79863.66200606633,0,1
1371343200000,1371343259999,79863.66200606633,79863.66200606633,79863.66200606633,79863.66200606633,0,1
1371343260000,1371343319999,79863.66200606633,79863.66200606633,79863.66200606633,79863.66200606633,0,1
1371343320000,1371343379999,79863.66200606633,79863.66200606633,79863.66200606633,79863.66200606633,0,1
1371343380000,1371343439999,79863.66200606633,79863.66200606633,79863.66200606633,79863.66200606633,0,1
1371343440000,1371343499999,79863.66200606633,79863.66200606633,79863.66200606633,79863.66200606633,0,1
1371343500000,1371343559999,79863.66200606633,79863.66200606633,79863.66200606633,79863.66200606633,0,1
1371343560000,1371343619999,79863.66200606633,79863.66200606633,79863.66200606633,79863.66200606633,0,1
1371343620000,1371343679999,79863.66200606633,79863.66200606633,79863.66200606633,79863.66200606633,0,1
1371343680000,1371343739999,79863.66200606633,79863.66200606633,79863.66200606633,79863.66200606633,0,1
1371343740000,1371343799999,79863.66200606633,79863.66200606633,79863.66200606633,79863.66200606633,0,1
1371343800000,1371343859999,79863.66200606633,79863.66200606633,79863.66200606633,79863.66200606633,0,1
1371343860000,1371343919999,79863.66200606633,79863.66200606633,79863.66200606633,79863.66200606633,0,1
1371343920000,1371343979999,79863.66200606633,79863.66200606633,79863.66200606633,79863.66200606633,0,1
1371343980000,1371344039999,79863.66200606633,79863.66200606633,79863.66200606633,79863.66200606633,0,1
1371344040000,1371344099999,79863.66200606633,79863.66200606633,79863.66200606633,79863.66200606633,0,1
1371344100000,1371344159999,79863.66200606633,79863.66200606633,79863.66200606633,79863.66200606633,0,1
1371344160000,1371344219999,79863.66200606633,79863.66200606633,79863.66200606633,79863.66200606633,0,1
1371344220000,1371344279999,79863.66200606633,79863.66200606633,79863.66200606633,79863.66200606633,0,1
1371344280000,1371344339999,79863.66200606633,79863.66200606633,79863.66200606633,79863.66200606633,0,1
1371344340000,1371344399999,79863.66200606633,79863.66200606633,79863.66200606633,79863.66200606633,0,1
1371344400000,1371344459999,79863.66200606633,79863.66200606633,79863.66200606633,79863.66200606633,0,1
1371344460000,1371344519999,79863.66200606633,79863.66200606633,79863.66200606633,79863.66200606633,0,1
1371344520000,1371344579999,79863.66200606633,79863.66200606633,79863.66200606633,79863.66200606633,0,1
1371344580000,1371344639999,79863.66200606633,79863.66200606633,79863.66200606633,79863.66200606633,0,1
1371344640000,1371344699999,79863.66200606633,79863.66200606633,79863.66200606633,79863.66200606633,0,1
1371344700000,1371344759999,79863.66200606633,79863.66200606633,79863.66200606633,79863.66200606633,0,1
1371344760000,1371344819999,79863.66200606633,79863.66200606633,79863.66200606633,79863.66200606633,0,1
1371344820000,1371344879999,79863.66200606633,79863.66200606633,79863.66200606633,79863.66200606633,0,1
1371344880000,1371344939999,79863.66200606633,79863.66200606633,79863.66200606633,79863.66200606633,0,1
1371344940000,1371344999999,79863.66200606633,79863.66200606633,79863.66200606633,79863.66200606633,0,1
1371345000000,1371345059999,79863.66200606633,79863.66200606633,79863.66200606633,79863.66200606633,0,1
1371345060000,1371345119999,79863.66200606633,79863.66200606633,79863.66200606633,79863.66200606633,0,1
1371345120000,1371345179999,79863.66200606633,79863.66200606633,79863.66200606633,79863.66200606633,0,1
1371345180000,1371345239999,79863.66200606633,79863.66200606633,79863.66200606633,79863.66200606633,0,1
1371345240000,1371345299999,79863.66200606633,79863.66200606633,79863.66200606633,79863.66200606633,0,1
1371345300000,1371345359999,79863.66200606633,79863.66200606633,79863.66200606633,79863.66200606633,0,1
1371345360000,1371345419999,79863.66200606633,79863.66200606633,79863.66200606633,79863.66200606633,0,1
1371345420000,1371345479999,79863.66200606633,79863.66200606633,79863.66200606633,79863.66200606633,0,1
1371345480000,1371345539999,79863.66200606633,79863.66200606633,79863.66200606633,79863.66200606633,0,1
1371345540000,1371345599999,79863.66200606633,79863.66200606633,79863.66200606633,79863.66200606633,0,1
1371345600000,1371345659999,79863.66200606633,79863.66200606633,79863.66200606633,79863.66200606633,0,1
1371345660000,1371345719999,79863.66200606633,79863.66200606633,79863.66200606633,79863.66200606633,0,1
1371345720000,1371345779999,79863.66200606633,79863.66200606633,79863.66200606633,79863.66200606633,0,1
1371345780000,1371345839999,79863.66200606633,79863.66200606633,79863.66200606633,79863.66200606633,0,1
1371345840000,1371345899999,79863.66200606633,79863.66200606633,79863.66200606633,79863.66200606633,0,1
1371345900000,1371345959999,79863.66200606633,79863.66200606633,79863.66200606633,79863.66200606633,0,1
1371345960000,1371346019999,79863.66200606633,79863.66200606633,79863.66200606633,79863.66200606633,0,1
1371346020000,1371346079999,79863.66200606633,79863.66200606633,79863.66200606633,79863.66200606633,0,1
1371346080000,1371346139999,79863.66200606633,79863.66200606633,79863.66200606633,79863.66200606633,0,1
1371346140000,1371346199999,79863.66200606633,79863.66200606633,79863.66200606633,79863.66200606633,0,1
1371346200000,1371346259999,79863.66200606633,79863.66200606633,79863.66200606633,79863.66200606633,0,1
1371346260000,1371346319999,79863.66200606633,79863.66200606633,79863.66200606633,79863.66200606633,0,1
1371346320000,1371346379999,79863.66200606633,79863.66200606633,79863.66200606633,79863.66200606633,0,1
1371346380000,1371346439999,79863.66200606633,79863.66200606633,79863.66200606633,79863.66200606633,0,1
1371346440000,1371346499999,79863.66200606633,79863.66200606633,79863.66200606633,79863.66200606633,0,1
1371346500000,1371346559999,79863.66200606633,79863.66200606633,79863.66200606633,79863.66200606633,0,1
1371346560000,1371346619999,79863.66200606633,79863.66200606633,79863.66200606633,79863.66200606633,0,1
1371346620000,1371346679999,79863.66200606633,79863.66200606633,79863.66200606633,79863.66200606633,0,1
1371346680000,1371346739999,79863.66200606633,79863.66200606633,79863.66200606633,79863.66200606633,0,1
1371346740000,1371346799999,79863.66200606633,79863.66200606633,79863.66200606633,79863.66200606633,0,1
1371346800000,1371346859999,79863.66200606633,79863.66200606633,79863.66200606633,79863.66200606633,0,1
1371346860000,1371346919999,79863.66200606633,79863.66200606633,79863.66200606633,79863.66200606633,0,1
1371346920000,1371346979999,79863.66200606633,79863.66200606633,79863.66200606633,79863.66200606633,0,1
1371346980000,1371347039999,79863.66200606633,79863.66200606633,79863.66200606633,79863.66200606633,0,1
1371347040000,1371347099999,79863.66200606633,79863.66200606633,79863.66200606633,79863.66200606633,0,1
1371347100000,1371347159999,79863.66200606633,79863.66200606633,79863.66200606633,79863.66200606633,0,1
1371347160000,1371347219999,79863.66200606633,79863.66200606633,79863.66200606633,79863.66200606633,0,1
1371347220000,1371347279999,79863.66200606633,79863.66200606633,79863.66200606633,79863.66200606633,0,1
1371347280000,1371347339999,79863.66200606633,79863.66200606633,79863.66200606633,79863.66200606633,0,1
1371347340000,1371347399999,79863.66200606633,79863.66200606633,79863.66200606633,79863.66200606633,0,1
1371347400000,1371347459999,79863.66200606633,79863.66200606633,79863.66200606633,79863.66200606633,0,1
1371347460000,1371347519999,79863.66200606633,79863.66200606633,79863.66200606633,79863.66200606633,0,1
1371347520000,1371347579999,79863.66200606633,79863.66200606633,79863.66200606633,79863.66200606633,0,1
1371347580000,1371347639999,79863.66200606633,79863.66200606633,79863.66200606633,79863.66200606633,0,1
1371347640000,1371347699999,79863.66200606633,79863.66200606633,79863.66200606633,79863.66200606633,0,1
1371347700000,1371347759999,79863.66200606633,79863.66200606633,79863.66200606633,79863.66200606633,0,1
1371347760000,1371347819999,79863.66200606633,79863.66200606633,79863.66200606633,79863.66200606633,0,1
1371347820000,1371347879999,79863.66200606633,79863.66200606633,79863.66200606633,79863.66200606633,0,1
1371347880000,1371347939999,79863.66200606633,79863.66200606633,79863.66200606633,79863.66200606633,0,1
1371347940000,1371347999999,79863.66200606633,79863.66200606633,79863.66200606633,79863.66200606633,0,1
1371348000000,1371348059999,79863.66200606633,79863.66200606633,79863.66200606633,79863.66200606633,0,1
1371348060000,1371348119999,79863.66200606633,79863.66200606633,79863.66200606633,79863.66200606633,0,1
1371348120000,1371348179999,79863.66200606633,79863.66200606633,79863.66200606633,79863.66200606633,0,1
1371348180000,1371348239999,79863.66200606633,79863.66200606633,79863.66200606633,79863.66200606633,0,1
1371348240000,1371348299999,79863.66200606633,79863.66200606633,79863.66200606633,79863.66200606633,0,1
1371348300000,1371348359999,79863.66200606633,79863.66200606633,79863.66200606633,79863.66200606633,0,1
1371348360000,1371348419999,79863.66200606633,79863.66200606633,79863.66200606633,79863.66200606633,0,1
1371348420000,1371348479999,79863.66200606633,79863.66200606633,79863.66200606633,79863.66200606633,0,1
1371348480000,1371348539999,79863.66200606633,79863.66200606633,79863.66200606633,79863.66200606633,0,1
1371348540000,1371348599999,79863.66200606633,79863.66200606633,79863.66200606633,79863.66200606633,0,1
1371348600000,1371348659999,79863.66200606633,79863.66200606633,79863.66200606633,79863.66200606633,0,1
1371348660000,1371348719999,79863.66200606633,79863.66200606633,79863.66200606633,79863.66200606633,0,1
1371348720000,1371348779999,79863.66200606633,79863.66200606633,79863.66200606633,79863.66200606633,0,1
1371348780000,1371348839999,79863.66200606633,79863.66200606633,79863.66200606633,79863.66200606633,0,1
1371348840000,1371348899999,79863.66200606633,79863.66200606633,79863.66200606633,79863.66200606633,0,1
1371348900000,1371348959999,79863.66200606633,79863.66200606633,79863.66200606633,79863.66200606633,0,1
1371348960000,1371349019999,79863.66200606633,79863.66200606633,79863.66200606633,79863.66200606633,0,1
1371349020000,1371349079999,79863.66200606633,79863.66200606633,79863.66200606633,79863.66200606633,0,1
1371349080000,1371349139999,79863.66200606633,79863.66200606633,79863.66200606633,79863.66200606633,0,1
1371349140000,1371349199999,79863.66200606633,79863.66200606633,79863.66200606633,79863.66200606633,0,1
1371349200000,1371349259999,79863.66200606633,79863.66200606633,79863.66200606633,79863.66200606633,0,1
1371349260000,1371349319999,79863.66200606633,79863.66200606633,79863.66200606633,79863.66200606633,0,1
1371349320000,1371349379999,79863.66200606633,79863.66200606633,79863.66200606633,79863.66200606633,0,1
1371349380000,1371349439999,79863.66200606633,79863.66200606633,79863.66200606633,79863.66200606633,0,1
1371349440000,1371349499999,79863.66200606633,79863.66200606633,79863.66200606633,79863.66200606633,0,1
1371349500000,1371349559999,79863.66200606633,79863.66200606633,79863.66200606633,79863.66200606633,0,1
1371349560000,1371349619999,79863.66200606633,79863.66200606633,79863.66200606633,79863.66200606633,0,1
1371349620000,1371349679999,79863.66200606633,79863.66200606633,79863.66200606633,79863.66200606633,0,1
1371349680000,1371349739999,79863.66200606633,79863.66200606633,79863.66200606633,79863.66200606633,0,1
1371349740000,1371349799999,79863.66200606633,79863.66200606633,79863.66200606633,79863.66200606633,0,1
1371349800000,1371349859999,79863.66200606633,79863.66200606633,79863.66200606633,79863.66200606633,0,1
1371349860000,1371349919999,79863.66200606633,79863.66200606633,79863.66200606633,79863.66200606633,0,1
1371349920000,1371349979999,79863.66200606633,79863.66200606633,79863.66200606633,79863.66200606633,0,1
1371349980000,1371350039999,79863.66200606633,79863.66200606633,79863.66200606633,79863.66200606633,0,1
1371350040000,1371350099999,79863.66200606633,79863.66200606633,79863.66200606633,79863.66200606633,0,1
1371350100000,1371350159999,79863.66200606633,79863.66200606633,79863.66200606633,79863.66200606633,0,1
1371350160000,1371350219999,79863.66200606633,79863.66200606633,79863.66200606633,79863.66200606633,0,1
1371350220000,1371350279999,79863.66200606633,79863.66200606633,79863.66200606633,79863.66200606633,0,1
1371350280000,1371350339999,79863.66200606633,79863.66200606633,79863.66200606633,79863.66200606633,0,1
1371350340000,1371350399999,79863.66200606633,79863.66200606633,79863.66200606633,79863.66200606633,0,1
1371350400000,1371350459999,79863.66200606633,79863.66200606633,79863.66200606633,79863.66200606633,0,1
1371350460000,1371350519999,79863.66200606633,79863.66200606633,79863.66200606633,79863.66200606633,0,1
1371350520000,1371350579999,79863.66200606633,79863.66200606633,79863.66200606633,79863.66200606633,0,1
1371350580000,1371350639999,79863.66200606633,79863.66200606633,79863.66200606633,79863.66200606633,0,1
1371350640000,1371350699999,79863.66200606633,79863.66200606633,79863.66200606633,79863.66200606633,0,1
1371350700000,1371350759999,79863.66200606633,79863.66200606633,79863.66200606633,79863.66200606633,0,1
1371350760000,1371350819999,79863.66200606633,79863.66200606633,79863.66200606633,79863.66200606633,0,1
1371350820000,1371350879999,79863.66200606633,79863.66200606633,79863.66200606633,79863.66200606633,0,1
1371350880000,1371350939999,79863.66200606633,79863.66200606633,79863.66200606633,79863.66200606633,0,1
1371350940000,1371350999999,79863.66200606633,79863.66200606633,79863.66200606633,79863.66200606633,0,1
1371351000000,1371351059999,79863.66200606633,79863.66200606633,79863.66200606633,79863.66200606633,0,1
1371351060000,1371351119999,79863.66200606633,79863.66200606633,79863.66200606633,79863.66200606633,0,1
1371351120000,1371351179999,79863.66200606633,79863.66200606633,79863.66200606633,79863.66200606633,0,1
1371351180000,1371351239999,79863.66200606633,79863.66200606633,79863.66200606633,79863.66200606633,0,1
1371351240000,1371351299999,79863.66200606633,79863.66200606633,79863.66200606633,79863.66200606633,0,1
1371351300000,1371351359999,79863.66200606633,79863.66200606633,79863.66200606633,79863.66200606633,0,1
1371351360000,1371351419999,79863.66200606633,79863.66200606633,79863.66200606633,79863.66200606633,0,1
1371351420000,1371351479999,79863.66200606633,79863.66200606633,79863.66200606633,79863.66200606633,0,1
1371351480000,1371351539999,79863.66200606633,79863.66200606633,79863.66200606633,79863.66200606633,0,1
1371351540000,1371351599999,79863.66200606633,79863.66200606633,79863.66200606633,79863.66200606633,0,1
1371351600000,1371351659999,79863.66200606633,79863.66200606633,79863.66200606633,79863.66200606633,0,1
1371351660000,1371351719999,79863.66200606633,79863.66200606633,79863.66200606633,79863.66200606633,0,1
1371351720000,1371351779999,79863.66200606633,79863.66200606633,79863.66200606633,79863.66200606633,0,1
1371351780000,1371351839999,79863.66200606633,79863.66200606633,79863.66200606633,79863.66200606633,0,1
1371351840000,1371351899999,79863.66200606633,79863.66200606633,79863.66200606633,79863.66200606633,0,1
1371351900000,1371351959999,79863.66200606633,79863.66200606633,79863.66200606633,79863.66200606633,0,1
1371351960000,1371352019999,79863.66200606633,79863.66200606633,79863.66200606633,79863.66200606633,0,1
1371352020000,1371352079999,79863.66200606633,79863.66200606633,79863.66200606633,79863.66200606633,0,1
1371352080000,1371352139999,79863.66200606633,79863.66200606633,79863.66200606633,79863.66200606633,0,1
1371352140000,1371352199999,79863.66200606633,79863.66200606633,79863.66200606633,79863.66200606633,0,1
1371352200000,1371352259999,79863.66200606633,79863.66200606633,79863.66200606633,79863.66200606633,0,1
1371352260000,1371352319999,79863.66200606633,79863.66200606633,79863.66200606633,79863.66200606633,0,1
1371352320000,1371352379999,79863.66200606633,79863.66200606633,79863.66200606633,79863.66200606633,0,1
1371352380000,1371352439999,79863.66200606633,79863.66200606633,79863.66200606633,79863.66200606633,0,1
1371352440000,1371352499999,79863.66200606633,79863.66200606633,79863.66200606633,79863.66200606633,0,1
1371352500000,1371352559999,79863.66200606633,79863.66200606633,79863.66200606633,79863.66200606633,0,1
1371352560000,1371352619999,79863.66200606633,79863.66200606633,79863.66200606633,79863.66200606633,0,1
1371352620000,1371352679999,79863.66200606633,79863.66200606633,79863.66200606633,79863.66200606633,0,1
1371352680000,1371352739999,79863.66200606633,79863.66200606633,79863.66200606633,79863.66200606633,0,1
1371352740000,1371352799999,79863.66200606633,79863.66200606633,79863.66200606633,79863.66200606633,0,1
1371352800000,1371352859999,79863.66200606633,79863.66200606633,79863.66200606633,79863.66200606633,0,1
1371352860000,1371352919999,79863.66200606633,79863.66200606633,79863.66200606633,79863.66200606633,0,1
1371352920000,1371352979999,79863.66200606633,79863.66200606633,79863.66200606633,79863.66200606633,0,1
1371352980000,1371353039999,79863.66200606633,79863.66200606633,79863.66200606633,79863.66200606633,0,1
1371353040000,1371353099999,79863.66200606633,79863.66200606633,79863.66200606633,79863.66200606633,0,1
1371353100000,1371353159999,79863.66200606633,79863.66200606633,79863.66200606633,79863.66200606633,0,1
1371353160000,1371353219999,79863.66200606633,79863.66200606633,79863.66200606633,79863.66200606633,0,1
1371353220000,1371353279999,79863.66200606633,79863.66200606633,79863.66200606633,79863.66200606633,0,1
1371353280000,1371353339999,79863.66200606633,79863.66200606633,79863.66200606633,79863.66200606633,0,1
1371353340000,1371353399999,79863.66200606633,79863.66200606633,79863.66200606633,79863.66200606633,0,1
1371353400000,1371353459999,79863.66200606633,79863.66200606633,79863.66200606633,79863.66200606633,0,1
1371353460000,1371353519999,79863.66200606633,79863.66200606633,79863.66200606633,79863.66200606633,0,1
1371353520000,1371353579999,79863.66200606633,79863.66200606633,79863.66200606633,79863.66200606633,0,1
1371353580000,1371353639999,79863.66200606633,79863.66200606633,79863.66200606633,79863.66200606633,0,1
1371353640000,1371353699999,79863.66200606633,79863.66200606633,79863.66200606633,79863.66200606633,0,1
1371353700000,1371353759999,79863.66200606633,79863.66200606633,79863.66200606633,79863.66200606633,0,1
1371353760000,1371353819999,79863.66200606633,79863.66200606633,79863.66200606633,79863.66200606633,0,1
1371353820000,1371353879999,79863.66200606633,79863.66200606633,79863.66200606633,79863.66200606633,0,1
1371353880000,1371353939999,79863.66200606633,79863.66200606633,79863.66200606633,79863.66200606633,0,1
1371353940000,1371353999999,79863.66200606633,79863.66200606633,79863.66200606633,79863.66200606633,0,1
1371354000000,1371354059999,79863.66200606633,79863.66200606633,79863.66200606633,79863.66200606633,0,1
1371354060000,1371354119999,79863.66200606633,79863.66200606633,79863.66200606633,79863.66200606633,0,1
1371354120000,1371354179999,79863.66200606633,79863.66200606633,79863.66200606633,79863.66200606633,0,1
1371354180000,1371354239999,79863.66200606633,79863.66200606633,79863.66200606633,79863.66200606633,0,1
1371354240000,1371354299999,79863.66200606633,79863.66200606633,79863.66200606633,79863.66200606633,0,1
1371354300000,1371354359999,79863.66200606633,79863.66200606633,79863.66200606633,79863.66200606633,0,1
1371354360000,1371354419999,79863.66200606633,79863.66200606633,79863.66200606633,79863.66200606633,0,1
1371354420000,1371354479999,79863.66200606633,79863.66200606633,79863.66200606633,79863.66200606633,0,1
1371354480000,1371354539999,79863.66200606633,79863.66200606633,79863.66200606633,79863.66200606633,0,1
1371354540000,1371354599999,79863.66200606633,79863.66200606633,79863.66200606633,79863.66200606633,0,1
1371354600000,1371354659999,79863.66200606633,79863.66200606633,79863.66200606633,79863.66200606633,0,1
1371354660000,1371354719999,79863.66200606633,79863.66200606633,79863.66200606633,79863.66200606633,0,1
1371354720000,1371354779999,79863.66200606633,79863.66200606633,79863.66200606633,79863.66200606633,0,1
1371354780000,1371354839999,79863.66200606633,79863.66200606633,79863.66200606633,79863.66200606633,0,1
1371354840000,1371354899999,79863.66200606633,79863.66200606633,79863.66200606633,79863.66200606633,0,1
1371354900000,1371354959999,79863.66200606633,79863.66200606633,79863.66200606633,79863.66200606633,0,1
1371354960000,1371355019999,79863.66200606633,79863.66200606633,79863.66200606633,79863.66200606633,0,1
1371355020000,1371355079999,79863.66200606633,79863.66200606633,79863.66200606633,79863.66200606633,0,1
1371355080000,1371355139999,79863.66200606633,79863.66200606633,79863.66200606633,79863.66200606633,0,1
1371355140000,1371355199999,79863.66200606633,79863.66200606633,79863.66200606633,79863.66200606633,0,1
1371355200000,1371355259999,79863.66200606633,79863.66200606633,79863.66200606633,79863.66200606633,0,1
1371355260000,1371355319999,79863.66200606633,79863.66200606633,79863.66200606633,79863.66200606633,0,1
1371355320000,1371355379999,79863.66200606633,79863.66200606633,79863.66200606633,79863.66200606633,0,1
1371355380000,1371355439999,79863.66200606633,79863.66200606633,79863.66200606633,79863.66200606633,0,1
1371355440000,1371355499999,79863.66200606633,79863.66200606633,79863.66200606633,79863.66200606633,0,1
1371355500000,1371355559999,79863.66200606633,79863.66200606633,79863.66200606633,79863.66200606633,0,1
1371355560000,1371355619999,79863.66200606633,79863.66200606633,79863.66200606633,79863.66200606633,0,1
1371355620000,1371355679999,79863.66200606633,79863.66200606633,79863.66200606633,79863.66200606633,0,1
1371355680000,1371355739999,79863.66200606633,79863.66200606633,79863.66200606633,79863.66200606633,0,1
1371355740000,1371355799999,79863.66200606633,79863.66200606633,79863.66200606633,79863.66200606633,0,1
1371355800000,1371355859999,79863.66200606633,79863.66200606633,79863.66200606633,79863.66200606633,0,1
1371355860000,1371355919999,79863.66200606633,79863.66200606633,79863.66200606633,79863.66200606633,0,1
1371355920000,1371355979999,79863.66200606633,79863.66200606633,79863.66200606633,79863.66200606633,0,1
1371355980000,1371356039999,79863.66200606633,79863.66200606633,79863.66200606633,79863.66200606633,0,1
1371356040000,1371356099999,79863.66200606633,79863.66200606633,79863.66200606633,79863.66200606633,0,1
1371356100000,1371356159999,79863.66200606633,79863.66200606633,79863.66200606633,79863.66200606633,0,1
1371356160000,1371356219999,79863.66200606633,79863.66200606633,79863.66200606633,79863.66200606633,0,1
1371356220000,1371356279999,79863.66200606633,79863.66200606633,79863.66200606633,79863.66200606633,0,1
1371356280000,1371356339999,79863.66200606633,79863.66200606633,79863.66200606633,79863.66200606633,0,1
1371356340000,1371356399999,79863.66200606633,79863.66200606633,79863.66200606633,79863.66200606633,0,1
1371356400000,1371356459999,79863.66200606633,79863.66200606633,79863.66200606633,79863.66200606633,0,1
1371356460000,1371356519999,79863.66200606633,79863.66200606633,79863.66200606633,79863.66200606633,0,1
1371356520000,1371356579999,79863.66200606633,79863.66200606633,79863.66200606633,79863.66200606633,0,1
1371356580000,1371356639999,79863.66200606633,79863.66200606633,79863.66200606633,79863.66200606633,0,1
1371356640000,1371356699999,79863.66200606633,79863.66200606633,79863.66200606633,79863.66200606633,0,1
1371356700000,1371356759999,79863.66200606633,79863.66200606633,79863.66200606633,79863.66200606633,0,1
1371356760000,1371356819999,79863.66200606633,79863.66200606633,79863.66200606633,79863.66200606633,0,1
1371356820000,1371356879999,79863.66200606633,79863.66200606633,79863.66200606633,79863.66200606633,0,1
1371356880000,1371356939999,79863.66200606633,79863.66200606633,79863.66200606633,79863.66200606633,0,1
1371356940000,1371356999999,79863.66200606633,79863.66200606633,79863.66200606633,79863.66200606633,0,1
1371357000000,1371357059999,79863.66200606633,79863.66200606633,79863.66200606633,79863.66200606633,0,1
1371357060000,1371357119999,79863.66200606633,79863.66200606633,79863.66200606633,79863.66200606633,0,1
1371357120000,1371357179999,79863.66200606633,79863.66200606633,79863.66200606633,79863.66200606633,0,1
1371357180000,1371357239999,79863.66200606633,79863.66200606633,79863.66200606633,79863.66200606633,0,1
1371357240000,1371357299999,79863.66200606633,79863.66200606633,79863.66200606633,79863.66200606633,0,1
1371357300000,1371357359999,79863.66200606633,79863.66200606633,79863.66200606633,79863.66200606633,0,1
1371357360000,1371357419999,79863.66200606633,79863.66200606633,79863.66200606633,79863.66200606633,0,1
1371357420000,1371357479999,79863.66200606633,79863.66200606633,79863.66200606633,79863.66200606633,0,1
1371357480000,1371357539999,79863.66200606633,79863.66200606633,79863.66200606633,79863.66200606633,0,1
1371357540000,1371357599999,79863.66200606633,79863.66200606633,79863.66200606633,79863.66200606633,0,1
1371357600000,1371357659999,79863.66200606633,79863.66200606633,79863.66200606633,79863.66200606633,0,1
1371357660000,1371357719999,79863.66200606633,79863.66200606633,79863.66200606633,79863.66200606633,0,1
1371357720000,1371357779999,79863.66200606633,79863.66200606633,79863.66200606633,79863.66200606633,0,1
1371357780000,1371357839999,79863.66200606633,79863.66200606633,79863.66200606633,79863.66200606633,0,1
1371357840000,1371357899999,79863.66200606633,79863.66200606633,79863.66200606633,79863.66200606633,0,1
1371357900000,1371357959999,79863.66200606633,79863.66200606633,79863.66200606633,79863.66200606633,0,1
1371357960000,1371358019999,79863.66200606633,79863.66200606633,79863.66200606633,79863.66200606633,0,1
1371358020000,1371358079999,79863.66200606633,79863.66200606633,79863.66200606633,79863.66200606633,0,1
1371358080000,1371358139999,79863.66200606633,79863.66200606633,79863.66200606633,79863.66200606633,0,1
1371358140000,1371358199999,79863.66200606633,79863.66200606633,79863.66200606633,79863.66200606633,0,1
1371358200000,1371358259999,79863.66200606633,79863.66200606633,79863.66200606633,79863.66200606633,0,1
1371358260000,1371358319999,79863.66200606633,79863.66200606633,79863.66200606633,79863.66200606633,0,1
1371358320000,1371358379999,79863.66200606633,79863.66200606633,79863.66200606633,79863.66200606633,0,1
1371358380000,1371358439999,79863.66200606633,79863.66200606633,79863.66200606633,79863.66200606633,0,1
1371358440000,1371358499999,79863.66200606633,79863.66200606633,79863.66200606633,79863.66200606633,0,1
1371358500000,1371358559999,79863.66200606633,79863.66200606633,79863.66200606633,79863.66200606633,0,1
1371358560000,1371358619999,79863.66200606633,79863.66200606633,79863.66200606633,79863.66200606633,0,1
1371358620000,1371358679999,79863.66200606633,79863.66200606633,79863.66200606633,79863.66200606633,0,1
1371358680000,1371358739999,79863.66200606633,79863.66200606633,79863.66200606633,79863.66200606633,0,1
1371358740000,1371358799999,79863.66200606633,79863.66200606633,79863.66200606633,79863.66200606633,0,1
1371358800000,1371358859999,79863.66200606633,79863.66200606633,79863.66200606633,79863.66200606633,0,1
1371358860000,1371358919999,79863.66200606633,79863.66200606633,79863.66200606633,79863.66200606633,0,1
1371358920000,1371358979999,79863.66200606633,79863.66200606633,79863.66200606633,79863.66200606633,0,1
1371358980000,1371359039999,79863.66200606633,79863.66200606633,79863.66200606633,79863.66200606633,0,1
1371359040000,1371359099999,79863.66200606633,79863.66200606633,79863.66200606633,79863.66200606633,0,1
1371359100000,1371359159999,79863.66200606633,79863.66200606633,79863.66200606633,79863.66200606633,0,1
1371359160000,1371359219999,79863.66200606633,79863.66200606633,79863.66200606633,79863.66200606633,0,1
1371359220000,1371359279999,79863.66200606633,79863.66200606633,79863.66200606633,79863.66200606633,0,1
1371359280000,1371359339999,79863.66200606633,79863.66200606633,79863.66200606633,79863.66200606633,0,1
1371359340000,1371359399999,79863.66200606633,79863.66200606633,79863.66200606633,79863.66200606633,0,1
1371359400000,1371359459999,79863.66200606633,79863.66200606633,79863.66200606633,79863.66200606633,0,1
1371359460000,1371359519999,79863.66200606633,79863.66200606633,79863.66200606633,79863.66200606633,0,1
1371359520000,1371359579999,79863.66200606633,79863.66200606633,79863.66200606633,79863.66200606633,0,1
1371359580000,1371359639999,79863.66200606633,79863.66200606633,79863.66200606633,79863.66200606633,0,1
1371359640000,1371359699999,79863.66200606633,79863.66200606633,79863.66200606633,79863.66200606633,0,1
1371359700000,1371359759999,79863.66200606633,79863.66200606633,79863.66200606633,79863.66200606633,0,1
1371359760000,1371359819999,79863.66200606633,79863.66200606633,79863.66200606633,79863.66200606633,0,1
1371359820000,1371359879999,79863.66200606633,79863.66200606633,79863.66200606633,79863.66200606633,0,1
1371359880000,1371359939999,79863.66200606633,79863.66200606633,79863.66200606633,79863.66200606633,0,1
1371359940000,1371359999999,79863.66200606633,79863.66200606633,79863.66200606633,79863.66200606633,0,1
1371360000000,1371360059999,79863.66200606633,79863.66200606633,79863.66200606633,79863.66200606633,0,1
1371360060000,1371360119999,79863.66200606633,79863.66200606633,79863.66200606633,79863.66200606633,0,1
1371360120000,1371360179999,79863.66200606633,79863.66200606633,79863.66200606633,79863.66200606633,0,1
1371360180000,1371360239999,79863.66200606633,79863.66200606633,79863.66200606633,79863.66200606633,0,1
1371360240000,1371360299999,79863.66200606633,79863.66200606633,79863.66200606633,79863.66200606633,0,1
1371360300000,1371360359999,79863.66200606633,79863.66200606633,79863.66200606633,79863.66200606633,0,1
1371360360000,1371360419999,79863.66200606633,79863.66200606633,79863.66200606633,79863.66200606633,0,1
1371360420000,1371360479999,79863.66200606633,79863.66200606633,79863.66200606633,79863.66200606633,0,1
1371360480000,1371360539999,79863.66200606633,79863.66200606633,79863.66200606633,79863.66200606633,0,1
1371360540000,1371360599999,79863.66200606633,79863.66200606633,79863.66200606633,79863.66200606633,0,1
1371360600000,1371360659999,79863.66200606633,79863.66200606633,79863.66200606633,79863.66200606633,0,1
1371360660000,1371360719999,79863.66200606633,79863.66200606633,79863.66200606633,79863.66200606633,0,1
1371360720000,1371360779999,79863.66200606633,79863.66200606633,79863.66200606633,79863.66200606633,0,1
1371360780000,1371360839999,79863.66200606633,79863.66200606633,79863.66200606633,79863.66200606633,0,1
1371360840000,1371360899999,79863.66200606633,79863.66200606633,79863.66200606633,79863.66200606633,0,1
1371360900000,1371360959999,79863.66200606633,79863.66200606633,79863.66200606633,79863.66200606633,0,1
1371360960000,1371361019999,79863.66200606633,79863.66200606633,79863.66200606633,79863.66200606633,0,1
1371361020000,1371361079999,79863.66200606633,79863.66200606633,79863.66200606633,79863.66200606633,0,1
1371361080000,1371361139999,79863.66200606633,79863.66200606633,79863.66200606633,79863.66200606633,0,1
1371361140000,1371361199999,79863.66200606633,79863.66200606633,79863.66200606633,79863.66200606633,0,1
1371361200000,1371361259999,79863.66200606633,79863.66200606633,79863.66200606633,79863.66200606633,0,1
1371361260000,1371361319999,79863.66200606633,79863.66200606633,79863.66200606633,79863.66200606633,0,1
1371361320000,1371361379999,79863.66200606633,79863.66200606633,79863.66200606633,79863.66200606633,0,1
1371361380000,1371361439999,79863.66200606633,79863.66200606633,79863.66200606633,79863.66200606633,0,1
1371361440000,1371361499999,79863.66200606633,79863.66200606633,79863.66200606633,79863.66200606633,0,1
1371361500000,1371361559999,79863.66200606633,79863.66200606633,79863.66200606633,79863.66200606633,0,1
1371361560000,1371361619999,79863.66200606633,79863.66200606633,79863.66200606633,79863.66200606633,0,1
1371361620000,1371361679999,79863.66200606633,79863.66200606633,79863.66200606633,79863.66200606633,0,1
1371361680000,1371361739999,79863.66200606633,79863.66200606633,79863.66200606633,79863.66200606633,0,1
1371361740000,1371361799999,79863.66200606633,79863.66200606633,79863.66200606633,79863.66200606633,0,1
1371361800000,1371361859999,79863.66200606633,79863.66200606633,79863.66200606633,79863.66200606633,0,1
1371361860000,1371361919999,79863.66200606633,79863.66200606633,79863.66200606633,79863.66200606633,0,1
1371361920000,1371361979999,79863.66200606633,79863.66200606633,79863.66200606633,79863.66200606633,0,1
1371361980000,1371362039999,79863.66200606633,79863.66200606633,79863.66200606633,79863.66200606633,0,1
1371362040000,1371362099999,79863.66200606633,79863.66200606633,79863.66200606633,79863.66200606633,0,1
1371362100000,1371362159999,79863.66200606633,79863.66200606633,79863.66200606633,79863.66200606633,0,1
1371362160000,1371362219999,79863.66200606633,79863.66200606633,79863.66200606633,79863.66200606633,0,1
1371362220000,1371362279999,79863.66200606633,79863.66200606633,79863.66200606633,79863.66200606633,0,1
1371362280000,1371362339999,79863.66200606633,79863.66200606633,79863.66200606633,79863.66200606633,0,1
1371362340000,1371362399999,79863.66200606633,79863.66200606633,79863.66200606633,79863.66200606633,0,1
1371362400000,1371362459999,79863.66200606633,79863.66200606633,79863.66200606633,79863.66200606633,0,1
1371362460000,1371362519999,79863.66200606633,79863.66200606633,79863.66200606633,79863.66200606633,0,1
1371362520000,1371362579999,79863.66200606633,79863.66200606633,79863.66200606633,79863.66200606633,0,1
1371362580000,1371362639999,79863.66200606633,79863.66200606633,79863.66200606633,79863.66200606633,0,1
1371362640000,1371362699999,79863.66200606633,79863.66200606633,79863.66200606633,79863.66200606633,0,1
1371362700000,1371362759999,79863.66200606633,79863.66200606633,79863.66200606633,79863.66200606633,0,1
1371362760000,1371362819999,79863.66200606633,79863.66200606633,79863.66200606633,79863.66200606633,0,1
1371362820000,1371362879999,79863.66200606633,79863.66200606633,79863.66200606633,79863.66200606633,0,1
1371362880000,1371362939999,79863.66200606633,79863.66200606633,79863.66200606633,79863.66200606633,0,1
1371362940000,1371362999999,79863.66200606633,79863.66200606633,79863.66200606633,79863.66200606633,0,1
1371363000000,1371363059999,79863.66200606633,79863.66200606633,79863.66200606633,79863.66200606633,0,1
1371363060000,1371363119999,79863.66200606633,79863.66200606633,79863.66200606633,79863.66200606633,0,1
1371363120000,1371363179999,79863.66200606633,79863.66200606633,79863.66200606633,79863.66200606633,0,1
1371363180000,1371363239999,79863.66200606633,79863.66200606633,79863.66200606633,79863.66200606633,0,1
1371363240000,1371363299999,79863.66200606633,79863.66200606633,79863.66200606633,79863.66200606633,0,1
1371363300000,1371363359999,79863.66200606633,79863.66200606633,79863.66200606633,79863.66200606633,0,1
1371363360000,1371363419999,79863.66200606633,79863.66200606633,79863.66200606633,79863.66200606633,0,1
1371363420000,1371363479999,79863.66200606633,79863.66200606633,79863.66200606633,79863.66200606633,0,1
1371363480000,1371363539999,79863.66200606633,79863.66200606633,79863.66200606633,79863.66200606633,0,1
1371363540000,1371363599999,79863.66200606633,79863.66200606633,79863.66200606633,79863.66200606633,0,1
1371363600000,1371363659999,79863.66200606633,79863.66200606633,79863.66200606633,79863.66200606633,0,1
1371363660000,1371363719999,79863.66200606633,79863.66200606633,79863.66200606633,79863.66200606633,0,1
1371363720000,1371363779999,79863.66200606633,79863.66200606633,79863.66200606633,79863.66200606633,0,1
1371363780000,1371363839999,79863.66200606633,79863.66200606633,79863.66200606633,79863.66200606633,0,1
1371363840000,1371363899999,79863.66200606633,79863.66200606633,79863.66200606633,79863.66200606633,0,1
1371363900000,1371363959999,79863.66200606633,79863.66200606633,79863.66200606633,79863.66200606633,0,1
1371363960000,1371364019999,79863.66200606633,79863.66200606633,79863.66200606633,79863.66200606633,0,1
1371364020000,1371364079999,79863.66200606633,79863.66200606633,79863.66200606633,79863.66200606633,0,1
1371364080000,1371364139999,79863.66200606633,79863.66200606633,79863.66200606633,79863.66200606633,0,1
1371364140000,1371364199999,79863.66200606633,79863.66200606633,79863.66200606633,79863.66200606633,0,1
1371364200000,1371364259999,79863.66200606633,79863.66200606633,79863.66200606633,79863.66200606633,0,1
1371364260000,1371364319999,79863.66200606633,79863.66200606633,79863.66200606633,79863.66200606633,0,1
1371364320000,1371364379999,79863.66200606633,79863.66200606633,79863.66200606633,79863.66200606633,0,1
1371364380000,1371364439999,79863.66200606633,79863.66200606633,79863.66200606633,79863.66200606633,0,1
1371364440000,1371364499999,79863.66200606633,79863.66200606633,79863.66200606633,79863.66200606633,0,1
1371364500000,1371364559999,79863.66200606633,79863.66200606633,79863.66200606633,79863.66200606633,0,1
1371364560000,1371364619999,79863.66200606633,79863.66200606633,79863.66200606633,79863.66200606633,0,1
1371364620000,1371364679999,79863.66200606633,79863.66200606633,79863.66200606633,79863.66200606633,0,1
1371364680000,1371364739999,79863.66200606633,79863.66200606633,79863.66200606633,79863.66200606633,0,1
1371364740000,1371364799999,79863.66200606633,79863.66200606633,79863.66200606633,79863.66200606633,0,1
1371364800000,1371364859999,79863.66200606633,79863.66200606633,79863.66200606633,79863.66200606633,0,1
1371364860000,1371364919999,79863.66200606633,79863.66200606633,79863.66200606633,79863.66200606633,0,1
1371364920000,1371364979999,79863.66200606633,79863.66200606633,79863.66200606633,79863.66200606633,0,1
1371364980000,1371365039999,79863.66200606633,79863.66200606633,79863.66200606633,79863.66200606633,0,1
1371365040000,1371365099999,79863.66200606633,79863.66200606633,79863.66200606633,79863.66200606633,0,1
1371365100000,1371365159999,79863.66200606633,79863.66200606633,79863.66200606633,79863.66200606633,0,1
1371365160000,1371365219999,79863.66200606633,79863.66200606633,79863.66200606633,79863.66200606633,0,1
1371365220000,1371365279999,79863.66200606633,79863.66200606633,79863.66200606633,79863.66200606633,0,1
1371365280000,1371365339999,79863.66200606633,79863.66200606633,79863.66200606633,79863.66200606633,0,1
1371365340000,1371365399999,79863.66200606633,79863.66200606633,79863.66200606633,79863.66200606633,0,1
1371365400000,1371365459999,79863.66200606633,79863.66200606633,79863.66200606633,79863.66200606633,0,1
1371365460000,1371365519999,79863.66200606633,79863.66200606633,79863.66200606633,79863.66200606633,0,1
1371365520000,1371365579999,79863.66200606633,79863.66200606633,79863.66200606633,79863.66200606633,0,1
1371365580000,1371365639999,79863.66200606633,79863.66200606633,79863.66200606633,79863.66200606633,0,1
1371365640000,1371365699999,79863.66200606633,79863.66200606633,79863.66200606633,79863.66200606633,0,1
1371365700000,1371365759999,79863.66200606633,79863.66200606633,79863.66200606633,79863.66200606633,0,1
1371365760000,1371365819999,79863.66200606633,79863.66200606633,79863.66200606633,79863.66200606633,0,1
1371365820000,1371365879999,79863.66200606633,79863.66200606633,79863.66200606633,79863.66200606633,0,1
1371365880000,1371365939999,79863.66200606633,79863.66200606633,79863.66200606633,79863.66200606633,0,1
1371365940000,1371365999999,79863.66200606633,79863.66200606633,79863.66200606633,79863.66200606633,0,1
1371366000000,1371366059999,79863.66200606633,79863.66200606633,79863.66200606633,79863.66200606633,0,1
1371366060000,1371366119999,79863.66200606633,79863.66200606633,79863.66200606633,79863.66200606633,0,1
1371366120000,1371366179999,79863.66200606633,79863.66200606633,79863.66200606633,79863.66200606633,0,1
1371366180000,1371366239999,79863.66200606633,79863.66200606633,79863.66200606633,79863.66200606633,0,1
1371366240000,1371366299999,79863.66200606633,79863.66200606633,79863.66200606633,79863.66200606633,0,1
1371366300000,1371366359999,79863.66200606633,79863.66200606633,79863.66200606633,79863.66200606633,0,1
1371366360000,1371366419999,79863.66200606633,79863.66200606633,79863.66200606633,79863.66200606633,0,1
1371366420000,1371366479999,79863.66200606633,79863.66200606633,79863.66200606633,79863.66200606633,0,1
1371366480000,1371366539999,79863.66200606633,79863.66200606633,79863.66200606633,79863.66200606633,0,1
1371366540000,1371366599999,79863.66200606633,79863.66200606633,79863.66200606633,79863.66200606633,0,1
1371366600000,1371366659999,79863.66200606633,79863.66200606633,79863.66200606633,79863.66200606633,0,1
1371366660000,1371366719999,79863.66200606633,79863.66200606633,79863.66200606633,79863.66200606633,0,1
1371366720000,1371366779999,79863.66200606633,79863.66200606633,79863.66200606633,79863.66200606633,0,1
1371366780000,1371366839999,79863.66200606633,79863.66200606633,79863.66200606633,79863.66200606633,0,1
1371366840000,1371366899999,79863.66200606633,79863.66200606633,79863.66200606633,79863.66200606633,0,1
1371366900000,1371366959999,79863.66200606633,79863.66200606633,79863.66200606633,79863.66200606633,0,1
1371366960000,1371367019999,79863.66200606633,79863.66200606633,79863.66200606633,79863.66200606633,0,1
1371367020000,1371367079999,79863.66200606633,79863.66200606633,79863.66200606633,79863.66200606633,0,1
1371367080000,1371367139999,79863.66200606633,79863.66200606633,79863.66200606633,79863.66200606633,0,1
1371367140000,1371367199999,79863.66200606633,79863.66200606633,79863.66200606633,79863.66200606633,0,1
1371367200000,1371367259999,79863.66200606633,79863.66200606633,79863.66200606633,79863.66200606633,0,1
1371367260000,1371367319999,79863.66200606633,79863.66200606633,79863.66200606633,79863.66200606633,0,1
1371367320000,1371367379999,79863.66200606633,79863.66200606633,79863.66200606633,79863.66200606633,0,1
1371367380000,1371367439999,79863.66200606633,79863.66200606633,79863.66200606633,79863.66200606633,0,1
1371367440000,1371367499999,79863.66200606633,79863.66200606633,79863.66200606633,79863.66200606633,0,1
1371367500000,1371367559999,79863.66200606633,79863.66200606633,79863.66200606633,79863.66200606633,0,1
1371367560000,1371367619999,79863.66200606633,79863.66200606633,79863.66200606633,79863.66200606633,0,1
1371367620000,1371367679999,79863.66200606633,79863.66200606633,79863.66200606633,79863.66200606633,0,1
1371367680000,1371367739999,79863.66200606633,79863.66200606633,79863.66200606633,79863.66200606633,0,1
1371367740000,1371367799999,79863.66200606633,79863.66200606633,79863.66200606633,79863.66200606633,0,1
1371367800000,1371367859999,79863.66200606633,79863.66200606633,79863.66200606633,79863.66200606633,0,1
1371367860000,1371367919999,79863.66200606633,79863.66200606633,79863.66200606633,79863.66200606633,0,1
1371367920000,1371367979999,79863.66200606633,79863.66200606633,79863.66200606633,79863.66200606633,0,1
1371367980000,1371368039999,79863.66200606633,79863.66200606633,79863.66200606633,79863.66200606633,0,1
1371368040000,1371368099999,79863.66200606633,79863.66200606633,79863.66200606633,79863.66200606633,0,1
1371368100000,1371368159999,79863.66200606633,79863.66200606633,79863.66200606633,79863.66200606633,0,1
1371368160000,1371368219999,79863.66200606633,79863.66200606633,79863.66200606633,79863.66200606633,0,1
1371368220000,1371368279999,79863.66200606633,79863.66200606633,79863.66200606633,79863.66200606633,0,1
1371368280000,1371368339999,79863.66200606633,79863.66200606633,79863.66200606633,79863.66200606633,0,1
1371368340000,1371368399999,79863.66200606633,79863.66200606633,79863.66200606633,79863.66200606633,0,1
1371368400000,1371368459999,79863.66200606633,79863.66200606633,79863.66200606633,79863.66200606633,0,1
1371368460000,1371368519999,79863.66200606633,79863.66200606633,79863.66200606633,79863.66200606633,0,1
1371368520000,1371368579999,79863.66200606633,79863.66200606633,79863.66200606633,79863.66200606633,0,1
1371368580000,1371368639999,79863.66200606633,79863.66200606633,79863.66200606633,79863.66200606633,0,1
1371368640000,1371368699999,79863.66200606633,79863.66200606633,79863.66200606633,79863.66200606633,0,1
1371368700000,1371368759999,79863.66200606633,79863.66200606633,79863.66200606633,79863.66200606633,0,1
1371368760000,1371368819999,79863.66200606633,79863.66200606633,79863.66200606633,79863.66200606633,0,1
1371368820000,1371368879999,79863.66200606633,79863.66200606633,79863.66200606633,79863.66200606633,0,1
1371368880000,1371368939999,79863.66200606633,79863.66200606633,79863.66200606633,79863.66200606633,0,1
1371368940000,1371368999999,79863.66200606633,79863.66200606633,79863.66200606633,79863.66200606633,0,1
1371369000000,1371369059999,79863.66200606633,79863.66200606633,79863.66200606633,79863.66200606633,0,1
1371369060000,1371369119999,79863.66200606633,79863.66200606633,79863.66200606633,79863.66200606633,0,1
1371369120000,1371369179999,79863.66200606633,79863.66200606633,79863.66200606633,79863.66200606633,0,1
1371369180000,1371369239999,79863.66200606633,79863.66200606633,79863.66200606633,79863.66200606633,0,1
1371369240000,1371369299999,79863.66200606633,79863.66200606633,79863.66200606633,79863.66200606633,0,1
1371369300000,1371369359999,79863.66200606633,79863.66200606633,79863.66200606633,79863.66200606633,0,1
1371369360000,1371369419999,79863.66200606633,79863.66200606633,79863.66200606633,79863.66200606633,0,1
1371369420000,1371369479999,79863.66200606633,79863.66200606633,79863.66200606633,79863.66200606633,0,1
1371369480000,1371369539999,79863.66200606633,79863.66200606633,79863.66200606633,79863.66200606633,0,1
1371369540000,1371369599999,79863.66200606633,79863.66200606633,79863.66200606633,79863.66200606633,0,1
1371369600000,1371369659999,79863.66200606633,79863.66200606633,79863.66200606633,79863.66200606633,0,1
1371369660000,1371369719999,79863.66200606633,79863.66200606633,79863.66200606633,79863.66200606633,0,1
1371369720000,1371369779999,79863.66200606633,79863.66200606633,79863.66200606633,79863.66200606633,0,1
1371369780000,1371369839999,79863.66200606633,79863.66200606633,79863.66200606633,79863.66200606633,0,1
1371369840000,1371369899999,79863.66200606633,79863.66200606633,79863.66200606633,79863.66200606633,0,1
1371369900000,1371369959999,79863.66200606633,79863.66200606633,79863.66200606633,79863.66200606633,0,1
1371369960000,1371370019999,79863.66200606633,79863.66200606633,79863.66200606633,79863.66200606633,0,1
1371370020000,1371370079999,79863.66200606633,79863.66200606633,79863.66200606633,79863.66200606633,0,1
1371370080000,1371370139999,79863.66200606633,79863.66200606633,79863.66200606633,79863.66200606633,0,1
1371370140000,1371370199999,79863.66200606633,79863.66200606633,79863.66200606633,79863.66200606633,0,1
1371370200000,1371370259999,79863.66200606633,79863.66200606633,79863.66200606633,79863.66200606633,0,1
1371370260000,1371370319999,79863.66200606633,79863.66200606633,79863.66200606633,79863.66200606633,0,1
1371370320000,1371370379999,79863.66200606633,79863.66200606633,79863.66200606633,79863.66200606633,0,1
1371370380000,1371370439999,79863.66200606633,79863.66200606633,79863.66200606633,79863.66200606633,0,1
1371370440000,1371370499999,79863.66200606633,79863.66200606633,79863.66200606633,79863.66200606633,0,1
1371370500000,1371370559999,79863.66200606633,79863.66200606633,79863.66200606633,79863.66200606633,0,1
1371370560000,1371370619999,79863.66200606633,79863.66200606633,79863.66200606633,79863.66200606633,0,1
1371370620000,1371370679999,79863.66200606633,79863.66200606633,79863.66200606633,79863.66200606633,0,1
1371370680000,1371370739999,79863.66200606633,79863.66200606633,79863.66200606633,79863.66200606633,0,1
1371370740000,1371370799999,79863.66200606633,79863.66200606633,79863.66200606633,79863.66200606633,0,1
1371370800000,1371370859999,79863.66200606633,79863.66200606633,79863.66200606633,79863.66200606633,0,1
1371370860000,1371370919999,79863.66200606633,79863.66200606633,79863.66200606633,79863.66200606633,0,1
1371370920000,1371370979999,79863.66200606633,79863.66200606633,79863.66200606633,79863.66200606633,0,1
1371370980000,1371371039999,79863.66200606633,79863.66200606633,79863.66200606633,79863.66200606633,0,1
1371371040000,1371371099999,79863.66200606633,79863.66200606633,79863.66200606633,79863.66200606633,0,1
1371371100000,1371371159999,79863.66200606633,79863.66200606633,79863.66200606633,79863.66200606633,0,1
1371371160000,1371371219999,79863.66200606633,79863.66200606633,79863.66200606633,79863.66200606633,0,1
1371371220000,1371371279999,79863.66200606633,79863.66200606633,79863.66200606633,79863.66200606633,0,1
1371371280000,1371371339999,79863.66200606633,79863.66200606633,79863.66200606633,79863.66200606633,0,1
1371371340000,1371371399999,79863.66200606633,79863.66200606633,79863.66200606633,79863.66200606633,0,1
1371371400000,1371371459999,79863.66200606633,79863.66200606633,79863.66200606633,79863.66200606633,0,1
1371371460000,1371371519999,79863.66200606633,79863.66200606633,79863.66200606633,79863.66200606633,0,1
1371371520000,1371371579999,79863.66200606633,79863.66200606633,79863.66200606633,79863.66200606633,0,1
1371371580000,1371371639999,79863.66200606633,79863.66200606633,79863.66200606633,79863.66200606633,0,1
1371371640000,1371371699999,79863.66200606633,79863.66200606633,79863.66200606633,79863.66200606633,0,1
1371371700000,1371371759999,79863.66200606633,79863.66200606633,79863.66200606633,79863.66200606633,0,1
1371371760000,1371371819999,79863.66200606633,79863.66200606633,79863.66200606633,79863.66200606633,0,1
1371371820000,1371371879999,79863.66200606633,79863.66200606633,79863.66200606633,79863.66200606633,0,1
1371371880000,1371371939999,79863.66200606633,79863.66200606633,79863.66200606633,79863.66200606633,0,1
1371371940000,1371371999999,79863.66200606633,79863.66200606633,79863.66200606633,79863.66200606633,0,1
1371372000000,1371372059999,79863.66200606633,79863.66200606633,79863.66200606633,79863.66200606633,0,1
1371372060000,1371372119999,79863.66200606633,79863.66200606633,79863.66200606633,79863.66200606633,0,1
1371372120000,1371372179999,79863.66200606633,79863.66200606633,79863.66200606633,79863.66200606633,0,1
1371372180000,1371372239999,79863.66200606633,79863.66200606633,79863.66200606633,79863.66200606633,0,1
1371372240000,1371372299999,79863.66200606633,79863.66200606633,79863.66200606633,79863.66200606633,0,1
1371372300000,1371372359999,79863.66200606633,79863.66200606633,79863.66200606633,79863.66200606633,0,1
1371372360000,1371372419999,79863.66200606633,79863.66200606633,79863.66200606633,79863.66200606633,0,1
1371372420000,1371372479999,79863.66200606633,79863.66200606633,79863.66200606633,79863.66200606633,0,1
1371372480000,1371372539999,79863.66200606633,79863.66200606633,79863.66200606633,79863.66200606633,0,1
1371372540000,1371372599999,79863.66200606633,79863.66200606633,79863.66200606633,79863.66200606633,0,1
1371372600000,1371372659999,79863.66200606633,79863.66200606633,79863.66200606633,79863.66200606633,0,1
1371372660000,1371372719999,79863.66200606633,79863.66200606633,79863.66200606633,79863.66200606633,0,1
1371372720000,1371372779999,79863.66200606633,79863.66200606633,79863.66200606633,79863.66200606633,0,1
1371372780000,1371372839999,79863.66200606633,79863.66200606633,79863.66200606633,79863.66200606633,0,1
1371372840000,1371372899999,79863.66200606633,79863.66200606633,79863.66200606633,79863.66200606633,0,1
1371372900000,1371372959999,79863.66200606633,79863.66200606633,79863.66200606633,79863.66200606633,0,1
1371372960000,1371373019999,79863.66200606633,79863.66200606633,79863.66200606633,79863.66200606633,0,1
1371373020000,1371373079999,79863.66200606633,79863.66200606633,79863.66200606633,79863.66200606633,0,1
1371373080000,1371373139999,79863.66200606633,79863.66200606633,79863.66200606633,79863.66200606633,0,1
1371373140000,1371373199999,79863.66200606633,79863.66200606633,79863.66200606633,79863.66200606633,0,1
1371373200000,1371373259999,79863.66200606633,79863.66200606633,79863.66200606633,79863.66200606633,0,1
1371373260000,1371373319999,79863.66200606633,79863.66200606633,79863.66200606633,79863.66200606633,0,1
1371373320000,1371373379999,79863.66200606633,79863.66200606633,79863.66200606633,79863.66200606633,0,1
1371373380000,1371373439999,79863.66200606633,79863.66200606633,79863.66200606633,79863.66200606633,0,1
1371373440000,1371373499999,79863.66200606633,79863.66200606633,79863.66200606633,79863.66200606633,0,1
1371373500000,1371373559999,79863.66200606633,79863.66200606633,79863.66200606633,79863.66200606633,0,1
1371373560000,1371373619999,79863.66200606633,79863.66200606633,79863.66200606633,79863.66200606633,0,1
1371373620000,1371373679999,79863.66200606633,79863.66200606633,79863.66200606633,79863.66200606633,0,1
1371373680000,1371373739999,79863.66200606633,79863.66200606633,79863.66200606633,79863.66200606633,0,1
1371373740000,1371373799999,79863.66200606633,79863.66200606633,79863.66200606633,79863.66200606633,0,1
1371373800000,1371373859999,79863.66200606633,79863.66200606633,79863.66200606633,79863.66200606633,0,1
1371373860000,1371373919999,79863.66200606633,79863.66200606633,79863.66200606633,79863.66200606633,0,1
1371373920000,1371373979999,79863.66200606633,79863.66200606633,79863.66200606633,79863.66200606633,0,1
1371373980000,1371374039999,79863.66200606633,79863.66200606633,79863.66200606633,79863.66200606633,0,1
1371374040000,1371374099999,79863.66200606633,79863.66200606633,79863.66200606633,79863.66200606633,0,1
1371374100000,1371374159999,79863.66200606633,79863.66200606633,79863.66200606633,79863.66200606633,0,1
1371374160000,1371374219999,79863.66200606633,79863.66200606633,79863.66200606633,79863.66200606633,0,1
1371374220000,1371374279999,79863.66200606633,79863.66200606633,79863.66200606633,79863.66200606633,0,1
1371374280000,1371374339999,79863.66200606633,79863.66200606633,79863.66200606633,79863.66200606633,0,1
1371374340000,1371374399999,79863.66200606633,79863.66200606633,79863.66200606633,79863.66200606633,0,1
1371374400000,1371374459999,79863.66200606633,79863.66200606633,79863.66200606633,79863.66200606633,0,1
1371374460000,1371374519999,79863.66200606633,79863.66200606633,79863.66200606633,79863.66200606633,0,1
1371374520000,1371374579999,79863.66200606633,79863.66200606633,79863.66200606633,79863.66200606633,0,1
1371374580000,1371374639999,79863.66200606633,79863.66200606633,79863.66200606633,79863.66200606633,0,1
1371374640000,1371374699999,79863.66200606633,79863.66200606633,79863.66200606633,79863.66200606633,0,1
1371374700000,1371374759999,79863.66200606633,79863.66200606633,79863.66200606633,79863.66200606633,0,1
1371374760000,1371374819999,79863.66200606633,79863.66200606633,79863.66200606633,79863.66200606633,0,1
1371374820000,1371374879999,79863.66200606633,79863.66200606633,79863.66200606633,79863.66200606633,0,1
1371374880000,1371374939999,79863.66200606633,79863.66200606633,79863.66200606633,79863.66200606633,0,1
1371374940000,1371374999999,79863.66200606633,79863.66200606633,79863.66200606633,79863.66200606633,0,1
1371375000000,1371375059999,79863.66200606633,79863.66200606633,79863.66200606633,79863.66200606633,0,1
1371375060000,1371375119999,79863.66200606633,79863.66200606633,79863.66200606633,79863.66200606633,0,1
1371375120000,1371375179999,79863.66200606633,79863.66200606633,79863.66200606633,79863.66200606633,0,1
1371375180000,1371375239999,79863.66200606633,79863.66200606633,79863.66200606633,79863.66200606633,0,1
1371375240000,1371375299999,79863.66200606633,79863.66200606633,79863.66200606633,79863.66200606633,0,1
1371375300000,1371375359999,79863.66200606633,79863.66200606633,79863.66200606633,79863.66200606633,0,1
1371375360000,1371375419999,79863.66200606633,79863.66200606633,79863.66200606633,79863.66200606633,0,1
1371375420000,1371375479999,79863.66200606633,79863.66200606633,79863.66200606633,79863.66200606633,0,1
1371375480000,1371375539999,79863.66200606633,79863.66200606633,79863.66200606633,79863.66200606633,0,1
1371375540000,1371375599999,79863.66200606633,79863.66200606633,79863.66200606633,79863.66200606633,0,1
1371375600000,1371375659999,79863.66200606633,79863.66200606633,79863.66200606633,79863.66200606633,0,1
1371375660000,1371375719999,79863.66200606633,79863.66200606633,79863.66200606633,79863.66200606633,0,1
1371375720000,1371375779999,79863.66200606633,79863.66200606633,79863.66200606633,79863.66200606633,0,1
1371375780000,1371375839999,79863.66200606633,79863.66200606633,79863.66200606633,79863.66200606633,0,1
1371375840000,1371375899999,79863.66200606633,79863.66200606633,79863.66200606633,79863.66200606633,0,1
1371375900000,1371375959999,79863.66200606633,79863.66200606633,79863.66200606633,79863.66200606633,0,1
1371375960000,1371376019999,79863.66200606633,79863.66200606633,79863.66200606633,79863.66200606633,0,1
1371376020000,1371376079999,79863.66200606633,79863.66200606633,79863.66200606633,79863.66200606633,0,1
1371376080000,1371376139999,79863.66200606633,79863.66200606633,79863.66200606633,79863.66200606633,0,1
1371376140000,1371376199999,79863.66200606633,79863.66200606633,79863.66200606633,79863.66200606633,0,1
1371376200000,1371376259999,79863.66200606633,79863.66200606633,79863.66200606633,79863.66200606633,0,1
1371376260000,1371376319999,79863.66200606633,79863.66200606633,79863.66200606633,79863.66200606633,0,1
1371376320000,1371376379999,79863.66200606633,79863.66200606633,79863.66200606633,79863.66200606633,0,1
1371376380000,1371376439999,79863.66200606633,79863.66200606633,79863.66200606633,79863.66200606633,0,1
1371376440000,1371376499999,79863.66200606633,79863.66200606633,79863.66200606633,79863.66200606633,0,1
1371376500000,1371376559999,79863.66200606633,79863.66200606633,79863.66200606633,79863.66200606633,0,1
1371376560000,1371376619999,79863.66200606633,79863.66200606633,79863.66200606633,79863.66200606633,0,1
1371376620000,1371376679999,79863.66200606633,79863.66200606633,79863.66200606633,79863.66200606633,0,1
1371376680000,1371376739999,79863.66200606633,79863.66200606633,79863.66200606633,79863.66200606633,0,1
1371376740000,1371376799999,79863.66200606633,79863.66200606633,79863.66200606633,79863.66200606633,0,1
1371376800000,1371376859999,79863.66200606633,79863.66200606633,79863.66200606633,79863.66200606633,0,1
1371376860000,1371376919999,79863.66200606633,79863.66200606633,79863.66200606633,79863.66200606633,0,1
1371376920000,1371376979999,79863.66200606633,79863.66200606633,79863.66200606633,79863.66200606633,0,1
1371376980000,1371377039999,79863.66200606633,79863.66200606633,79863.66200606633,79863.66200606633,0,1
1371377040000,1371377099999,79863.66200606633,79863.66200606633,79863.66200606633,79863.66200606633,0,1
1371377100000,1371377159999,79863.66200606633,79863.66200606633,79863.66200606633,79863.66200606633,0,1
1371377160000,1371377219999,79863.66200606633,79863.66200606633,79863.66200606633,79863.66200606633,0,1
1371377220000,1371377279999,79863.66200606633,79863.66200606633,79863.66200606633,79863.66200606633,0,1
1371377280000,1371377339999,79863.66200606633,79863.66200606633,79863.66200606633,79863.66200606633,0,1
1371377340000,1371377399999,79863.66200606633,79863.66200606633,79863.66200606633,79863.66200606633,0,1
1371377400000,1371377459999,79863.66200606633,79863.66200606633,79863.66200606633,79863.66200606633,0,1
1371377460000,1371377519999,79863.66200606633,79863.66200606633,79863.66200606633,79863.66200606633,0,1
1371377520000,1371377579999,79863.66200606633,79863.66200606633,79863.66200606633,79863.66200606633,0,1
1371377580000,1371377639999,79863.66200606633,79863.66200606633,79863.66200606633,79863.66200606633,0,1
1371377640000,1371377699999,79863.66200606633,79863.66200606633,79863.66200606633,79863.66200606633,0,1
1371377700000,1371377759999,79863.66200606633,79863.66200606633,79863.66200606633,79863.66200606633,0,1
1371377760000,1371377819999,79863.66200606633,79863.66200606633,79863.66200606633,79863.66200606633,0,1
1371377820000,1371377879999,79863.66200606633,79863.66200606633,79863.66200606633,79863.66200606633,0,1
1371377880000,1371377939999,79863.66200606633,79863.66200606633,79863.66200606633,79863.66200606633,0,1
1371377940000,1371377999999,79863.66200606633,79863.66200606633,79863.66200606633,79863.66200606633,0,1
1371378000000,1371378059999,79863.66200606633,79863.66200606633,79863.66200606633,79863.66200606633,0,1
1371378060000,1371378119999,79863.66200606633,79863.66200606633,79863.66200606633,79863.66200606633,0,1
1371378120000,1371378179999,79863.66200606633,79863.66200606633,79863.66200606633,79863.66200606633,0,1
1371378180000,1371378239999,79863.66200606633,79863.66200606633,79863.66200606633,79863.66200606633,0,1
1371378240000,1371378299999,79863.66200606633,79863.66200606633,79863.66200606633,79863.66200606633,0,1
1371378300000,1371378359999,79863.66200606633,79863.66200606633,79863.66200606633,79863.66200606633,0,1
1371378360000,1371378419999,79863.66200606633,79863.66200606633,79863.66200606633,79863.66200606633,0,1
1371378420000,1371378479999,79863.66200606633,79863.66200606633,79863.66200606633,79863.66200606633,0,1
1371378480000,1371378539999,79863.66200606633,79863.66200606633,79863.66200606633,79863.66200606633,0,1
1371378540000,1371378599999,79863.66200606633,79863.66200606633,79863.66200606633,79863.66200606633,0,1
1371378600000,1371378659999,79863.66200606633,79863.66200606633,79863.66200606633,79863.66200606633,0,1
1371378660000,1371378719999,79863.66200606633,79863.66200606633,79863.66200606633,79863.66200606633,0,1
1371378720000,1371378779999,79863.66200606633,79863.66200606633,79863.66200606633,79863.66200606633,0,1
1371378780000,1371378839999,79863.66200606633,79863.66200606633,79863.66200606633,79863.66200606633,0,1
1371378840000,1371378899999,79863.66200606633,79863.66200606633,79863.66200606633,79863.66200606633,0,1
1371378900000,1371378959999,79863.66200606633,79863.66200606633,79863.66200606633,79863.66200606633,0,1
1371378960000,1371379019999,79863.66200606633,79863.66200606633,79863.66200606633,79863.66200606633,0,1
1371379020000,1371379079999,79863.66200606633,79863.66200606633,79863.66200606633,79863.66200606633,0,1
1371379080000,1371379139999,79863.66200606633,79863.66200606633,79863.66200606633,79863.66200606633,0,1
1371379140000,1371379199999,79863.66200606633,79863.66200606633,79863.66200606633,79863.66200606633,0,1
1371379200000,1371379259999,79863.66200606633,79863.66200606633,79863.66200606633,79863.66200606633,0,1
1371379260000,1371379319999,79863.66200606633,79863.66200606633,79863.66200606633,79863.66200606633,0,1
1371379320000,1371379379999,79863.66200606633,79863.66200606633,79863.66200606633,79863.66200606633,0,1
1371379380000,1371379439999,79863.66200606633,79863.66200606633,79863.66200606633,79863.66200606633,0,1
1371379440000,1371379499999,79863.66200606633,79863.66200606633,79863.66200606633,79863.66200606633,0,1
1371379500000,1371379559999,79863.66200606633,79863.66200606633,79863.66200606633,79863.66200606633,0,1
1371379560000,1371379619999,79863.66200606633,79863.66200606633,79863.66200606633,79863.66200606633,0,1
1371379620000,1371379679999,79863.66200606633,79863.66200606633,79863.66200606633,79863.66200606633,0,1
1371379680000,1371379739999,79863.66200606633,79863.66200606633,79863.66200606633,79863.66200606633,0,1
1371379740000,1371379799999,79863.66200606633,79863.66200606633,79863.66200606633,79863.66200606633,0,1
1371379800000,1371379859999,79863.66200606633,79863.66200606633,79863.66200606633,79863.66200606633,0,1
1371379860000,1371379919999,79863.66200606633,79863.66200606633,79863.66200606633,79863.66200606633,0,1
1371379920000,1371379979999,79863.66200606633,79863.66200606633,79863.66200606633,79863.66200606633,0,1
1371379980000,1371380039999,79863.66200606633,79863.66200606633,79863.66200606633,79863.66200606633,0,1
1371380040000,1371380099999,79863.66200606633,79863.66200606633,79863.66200606633,79863.66200606633,0,1
1371380100000,1371380159999,79863.66200606633,79863.66200606633,79863.66200606633,79863.66200606633,0,1
1371380160000,1371380219999,79863.66200606633,79863.66200606633,79863.66200606633,79863.66200606633,0,1
1371380220000,1371380279999,79863.66200606633,79863.66200606633,79863.66200606633,79863.66200606633,0,1
1371380280000,1371380339999,79863.66200606633,79863.66200606633,79863.66200606633,79863.66200606633,0,1
1371380340000,1371380399999,79863.66200606633,79863.66200606633,79863.66200606633,79863.66200606633,0,1
1371380400000,1371380459999,79863.66200606633,79863.66200606633,79863.66200606633,79863.66200606633,0,1
1371380460000,1371380519999,79863.66200606633,79863.66200606633,79863.66200606633,79863.66200606633,0,1
1371380520000,1371380579999,79863.66200606633,79863.66200606633,79863.66200606633,79863.66200606633,0,1
1371380580000,1371380639999,79863.66200606633,79863.66200606633,79863.66200606633,79863.66200606633,0,1
1371380640000,1371380699999,79863.66200606633,79863.66200606633,79863.66200606633,79863.66200606633,0,1
1371380700000,1371380759999,79863.66200606633,79863.66200606633,79863.66200606633,79863.66200606633,0,1
1371380760000,1371380819999,79863.66200606633,79863.66200606633,79863.66200606633,79863.66200606633,0,1
1371380820000,1371380879999,79863.66200606633,79863.66200606633,79863.66200606633,79863.66200606633,0,1
1371380880000,1371380939999,79863.66200606633,79863.66200606633,79863.66200606633,79863.66200606633,0,1
1371380940000,1371380999999,79863.66200606633,79863.66200606633,79863.66200606633,79863.66200606633,0,1
1371381000000,1371381059999,79863.66200606633,79863.66200606633,79863.66200606633,79863.66200606633,0,1
1371381060000,1371381119999,79863.66200606633,79863.66200606633,79863.66200606633,79863.66200606633,0,1
1371381120000,1371381179999,79863.66200606633,79863.66200606633,79863.66200606633,79863.66200606633,0,1
1371381180000,1371381239999,79863.66200606633,79863.66200606633,79863.66200606633,79863.66200606633,0,1
1371381240000,1371381299999,79863.66200606633,79863.66200606633,79863.66200606633,79863.66200606633,0,1
1371381300000,1371381359999,79863.66200606633,79863.66200606633,79863.66200606633,79863.66200606633,0,1
1371381360000,1371381419999,79863.66200606633,79863.66200606633,79863.66200606633,79863.66200606633,0,1
1371381420000,1371381479999,79863.66200606633,79863.66200606633,79863.66200606633,79863.66200606633,0,1
1371381480000,1371381539999,79863.66200606633,79863.66200606633,79863.66200606633,79863.66200606633,0,1
1371381540000,1371381599999,79863.66200606633,79863.66200606633,79863.66200606633,79863.66200606633,0,1
1371381600000,1371381659999,79863.66200606633,79863.66200606633,79863.66200606633,79863.66200606633,0,1
1371381660000,1371381719999,79863.66200606633,79863.66200606633,79863.66200606633,79863.66200606633,0,1
1371381720000,1371381779999,79863.66200606633,79863.66200606633,79863.66200606633,79863.66200606633,0,1
1371381780000,1371381839999,79863.66200606633,79863.66200606633,79863.66200606633,79863.66200606633,0,1
1371381840000,1371381899999,79863.66200606633,79863.66200606633,79863.66200606633,79863.66200606633,0,1
1371381900000,1371381959999,79863.66200606633,79863.66200606633,79863.66200606633,79863.66200606633,0,1
1371381960000,1371382019999,79863.66200606633,79863.66200606633,79863.66200606633,79863.66200606633,0,1
1371382020000,1371382079999,79863.66200606633,79863.66200606633,79863.66200606633,79863.66200606633,0,1
1371382080000,1371382139999,79863.66200606633,79863.66200606633,79863.66200606633,79863.66200606633,0,1
1371382140000,1371382199999,79863.66200606633,79863.66200606633,79863.66200606633,79863.66200606633,0,1
1371382200000,1371382259999,79863.66200606633,79863.66200606633,79863.66200606633,79863.66200606633,0,1
1371382260000,1371382319999,79863.66200606633,79863.66200606633,79863.66200606633,79863.66200606633,0,1
1371382320000,1371382379999,79863.66200606633,79863.66200606633,79863.66200606633,79863.66200606633,0,1
1371382380000,1371382439999,79863.66200606633,79863.66200606633,79863.66200606633,79863.66200606633,0,1
1371382440000,1371382499999,79863.66200606633,79863.66200606633,79863.66200606633,79863.66200606633,0,1
1371382500000,1371382559999,79863.66200606633,79863.66200606633,79863.66200606633,79863.66200606633,0,1
1371382560000,1371382619999,79863.66200606633,79863.66200606633,79863.66200606633,79863.66200606633,0,1
1371382620000,1371382679999,79863.66200606633,79863.66200606633,79863.66200606633,79863.66200606633,0,1
1371382680000,1371382739999,79863.66200606633,79863.66200606633,79863.66200606633,79863.66200606633,0,1
1371382740000,1371382799999,79863.66200606633,79863.66200606633,79863.66200606633,79863.66200606633,0,1
1371382800000,1371382859999,79863.66200606633,79863.66200606633,79863.66200606633,79863.66200606633,0,1
1371382860000,1371382919999,79863.66200606633,79863.66200606633,79863.66200606633,79863.66200606633,0,1
1371382920000,1371382979999,79863.66200606633,79863.66200606633,79863.66200606633,79863.66200606633,0,1
1371382980000,1371383039999,79863.66200606633,79863.66200606633,79863.66200606633,79863.66200606633,0,1
1371383040000,1371383099999,79863.66200606633,79863.66200606633,79863.66200606633,79863.66200606633,0,1
1371383100000,1371383159999,79863.66200606633,79863.66200606633,79863.66200606633,79863.66200606633,0,1
1371383160000,1371383219999,79863.66200606633,79863.66200606633,79863.66200606633,79863.66200606633,0,1
1371383220000,1371383279999,79863.66200606633,79863.66200606633,79863.66200606633,79863.66200606633,0,1
1371383280000,1371383339999,79863.66200606633,79863.66200606633,79863.66200606633,79863.66200606633,0,1
1371383340000,1371383399999,79863.66200606633,79863.66200606633,79863.66200606633,79863.66200606633,0,1
1371383400000,1371383459999,79863.66200606633,79863.66200606633,79863.66200606633,79863.66200606633,0,1
1371383460000,1371383519999,79863.66200606633,79863.66200606633,79863.66200606633,79863.66200606633,0,1
1371383520000,1371383579999,79863.66200606633,79863.66200606633,79863.66200606633,79863.66200606633,0,1
1371383580000,1371383639999,79863.66200606633,79863.66200606633,79863.66200606633,79863.66200606633,0,1
1371383640000,1371383699999,79863.66200606633,79863.66200606633,79863.66200606633,79863.66200606633,0,1
1371383700000,1371383759999,79863.66200606633,79863.66200606633,79863.66200606633,79863.66200606633,0,1
1371383760000,1371383819999,79863.66200606633,79863.66200606633,79863.66200606633,79863.66200606633,0,1
1371383820000,1371383879999,79863.66200606633,79863.66200606633,79863.66200606633,79863.66200606633,0,1
1371383880000,1371383939999,79863.66200606633,79863.66200606633,79863.66200606633,79863.66200606633,0,1
1371383940000,1371383999999,79863.66200606633,79863.66200606633,79863.66200606633,79863.66200606633,0,1
1371384000000,1371384059999,79863.66200606633,79863.66200606633,79863.66200606633,79863.66200606633,0,1
1371384060000,1371384119999,79863.66200606633,79863.66200606633,79863.66200606633,79863.66200606633,0,1
1371384120000,1371384179999,79863.66200606633,79863.66200606633,79863.66200606633,79863.66200606633,0,1
1371384180000,1371384239999,79863.66200606633,79863.66200606633,79863.66200606633,79863.66200606633,0,1
1371384240000,1371384299999,79863.66200606633,79863.66200606633,79863.66200606633,79863.66200606633,0,1
1371384300000,1371384359999,79863.66200606633,79863.66200606633,79863.66200606633,79863.66200606633,0,1
1371384360000,1371384419999,79863.66200606633,79863.66200606633,79863.66200606633,79863.66200606633,0,1
1371384420000,1371384479999,79863.66200606633,79863.66200606633,79863.66200606633,79863.66200606633,0,1
1371384480000,1371384539999,79863.66200606633,79863.66200606633,79863.66200606633,79863.66200606633,0,1
1371384540000,1371384599999,79863.66200606633,79863.66200606633,79863.66200606633,79863.66200606633,0,1
1371384600000,1371384659999,79863.66200606633,79863.66200606633,79863.66200606633,79863.66200606633,0,1
1371384660000,1371384719999,79863.66200606633,79863.66200606633,79863.66200606633,79863.66200606633,0,1
1371384720000,1371384779999,79863.66200606633,79863.66200606633,79863.66200606633,79863.66200606633,0,1
1371384780000,1371384839999,79863.66200606633,79863.66200606633,79863.66200606633,79863.66200606633,0,1
1371384840000,1371384899999,79863.66200606633,79863.66200606633,79863.66200606633,79863.66200606633,0,1
1371384900000,1371384959999,79863.66200606633,79863.66200606633,79863.66200606633,79863.66200606633,0,1
1371384960000,1371385019999,79863.66200606633,79863.66200606633,79863.66200606633,79863.66200606633,0,1
1371385020000,1371385079999,79863.66200606633,79863.66200606633,79863.66200606633,79863.66200606633,0,1
1371385080000,1371385139999,79863.66200606633,79863.66200606633,79863.66200606633,79863.66200606633,0,1
1371385140000,1371385199999,79863.66200606633,79863.66200606633,79863.66200606633,79863.66200606633,0,1
1371385200000,1371385259999,79863.66200606633,79863.66200606633,79863.66200606633,79863.66200606633,0,1
1371385260000,1371385319999,79863.66200606633,79863.66200606633,79863.66200606633,79863.66200606633,0,1
1371385320000,1371385379999,79863.66200606633,79863.66200606633,79863.66200606633,79863.66200606633,0,1
1371385380000,1371385439999,79863.66200606633,79863.66200606633,79863.66200606633,79863.66200606633,0,1
1371385440000,1371385499999,79863.66200606633,79863.66200606633,79863.66200606633,79863.66200606633,0,1
1371385500000,1371385559999,79863.66200606633,79863.66200606633,79863.66200606633,79863.66200606633,0,1
1371385560000,1371385619999,79863.66200606633,79863.66200606633,79863.66200606633,79863.66200606633,0,1
1371385620000,1371385679999,79863.66200606633,79863.66200606633,79863.66200606633,79863.66200606633,0,1
1371385680000,1371385739999,79863.66200606633,79863.66200606633,79863.66200606633,79863.66200606633,0,1
1371385740000,1371385799999,79863.66200606633,79863.66200606633,79863.66200606633,79863.66200606633,0,1
1371385800000,1371385859999,79863.66200606633,79863.66200606633,79863.66200606633,79863.66200606633,0,1
1371385860000,1371385919999,79863.66200606633,79863.66200606633,79863.66200606633,79863.66200606633,0,1
1371385920000,1371385979999,79863.66200606633,79863.66200606633,79863.66200606633,79863.66200606633,0,1
1371385980000,1371386039999,79863.66200606633,79863.66200606633,79863.66200606633,79863.66200606633,0,1
1371386040000,1371386099999,79863.66200606633,79863.66200606633,79863.66200606633,79863.66200606633,0,1
1371386100000,1371386159999,79863.66200606633,79863.66200606633,79863.66200606633,79863.66200606633,0,1
1371386160000,1371386219999,79863.66200606633,79863.66200606633,79863.66200606633,79863.66200606633,0,1
1371386220000,1371386279999,79863.66200606633,79863.66200606633,79863.66200606633,79863.66200606633,0,1
1371386280000,1371386339999,79863.66200606633,79863.66200606633,79863.66200606633,79863.66200606633,0,1
1371386340000,1371386399999,79863.66200606633,79863.66200606633,79863.66200606633,79863.66200606633,0,1
1371386400000,1371386459999,79863.66200606633,79863.66200606633,79863.66200606633,79863.66200606633,0,1
1371386460000,1371386519999,79863.66200606633,79863.66200606633,79863.66200606633,79863.66200606633,0,1
1371386520000,1371386579999,79863.66200606633,79863.66200606633,79863.66200606633,79863.66200606633,0,1
1371386580000,1371386639999,79863.66200606633,79863.66200606633,79863.66200606633,79863.66200606633,0,1
1371386640000,1371386699999,79863.66200606633,79863.66200606633,79863.66200606633,79863.66200606633,0,1
1371386700000,1371386759999,79863.66200606633,79863.66200606633,79863.66200606633,79863.66200606633,0,1
1371386760000,1371386819999,79863.66200606633,79863.66200606633,79863.66200606633,79863.66200606633,0,1
1371386820000,1371386879999,79863.66200606633,79863.66200606633,79863.66200606633,79863.66200606633,0,1
1371386880000,1371386939999,79863.66200606633,79863.66200606633,79863.66200606633,79863.66200606633,0,1
1371386940000,1371386999999,79863.66200606633,79863.66200606633,79863.66200606633,79863.66200606633,0,1
1371387000000,1371387059999,79863.66200606633,79863.66200606633,79863.66200606633,79863.66200606633,0,1
1371387060000,1371387119999,79863.66200606633,79863.66200606633,79863.66200606633,79863.66200606633,0,1
1371387120000,1371387179999,79863.66200606633,79863.66200606633,79863.66200606633,79863.66200606633,0,1
1371387180000,1371387239999,79863.66200606633,79863.66200606633,79863.66200606633,79863.66200606633,0,1
1371387240000,1371387299999,79863.66200606633,79863.66200606633,79863.66200606633,79863.66200606633,0,1
1371387300000,1371387359999,79863.66200606633,79863.66200606633,79863.66200606633,79863.66200606633,0,1
1371387360000,1371387419999,79863.66200606633,79863.66200606633,79863.66200606633,79863.66200606633,0,1
1371387420000,1371387479999,79863.66200606633,79863.66200606633,79863.66200606633,79863.66200606633,0,1
1371387480000,1371387539999,79863.66200606633,79863.66200606633,79863.66200606633,79863.66200606633,0,1
1371387540000,1371387599999,79863.66200606633,79863.66200606633,79863.66200606633,79863.66200606633,0,1
1371387600000,1371387659999,79863.66200606633,79863.66200606633,79863.66200606633,79863.66200606633,0,1
1371387660000,1371387719999,79863.66200606633,79863.66200606633,79863.66200606633,79863.66200606633,0,1
1371387720000,1371387779999,79863.66200606633,79863.66200606633,79863.66200606633,79863.66200606633,0,1
1371387780000,1371387839999,79863.66200606633,79863.66200606633,79863.66200606633,79863.66200606633,0,1
1371387840000,1371387899999,79863.66200606633,79863.66200606633,79863.66200606633,79863.66200606633,0,1
1371387900000,1371387959999,79863.66200606633,79863.66200606633,79863.66200606633,79863.66200606633,0,1
1371387960000,1371388019999,79863.66200606633,79863.66200606633,79863.66200606633,79863.66200606633,0,1
1371388020000,1371388079999,79863.66200606633,79863.66200606633,79863.66200606633,79863.66200606633,0,1
1371388080000,1371388139999,79863.66200606633,79863.66200606633,79863.66200606633,79863.66200606633,0,1
1371388140000,1371388199999,79863.66200606633,79863.66200606633,79863.66200606633,79863.66200606633,0,1
1371388200000,1371388259999,79863.66200606633,79863.66200606633,79863.66200606633,79863.66200606633,0,1
1371388260000,1371388319999,79863.66200606633,79863.66200606633,79863.66200606633,79863.66200606633,0,1
1371388320000,1371388379999,79863.66200606633,79863.66200606633,79863.66200606633,79863.66200606633,0,1
1371388380000,1371388439999,79863.66200606633,79863.66200606633,79863.66200606633,79863.66200606633,0,1
1371388440000,1371388499999,79863.66200606633,79863.66200606633,79863.66200606633,79863.66200606633,0,1
1371388500000,1371388559999,79863.66200606633,79863.66200606633,79863.66200606633,79863.66200606633,0,1
1371388560000,1371388619999,79863.66200606633,79863.66200606633,79863.66200606633,79863.66200606633,0,1
1371388620000,1371388679999,79863.66200606633,79863.66200606633,79863.66200606633,79863.66200606633,0,1
1371388680000,1371388739999,79863.66200606633,79863.66200606633,79863.66200606633,79863.66200606633,0,1
1371388740000,1371388799999,79863.66200606633,79863.66200606633,79863.66200606633,79863.66200606633,0,1
1371388800000,1371388859999,79863.66200606633,79863.66200606633,79863.66200606633,79863.66200606633,0,1
1371388860000,1371388919999,79863.66200606633,79863.66200606633,79863.66200606633,79863.66200606633,0,1
1371388920000,1371388979999,79863.66200606633,79863.66200606633,79863.66200606633,79863.66200606633,0,1
1371388980000,1371389039999,79863.66200606633,79863.66200606633,79863.66200606633,79863.66200606633,0,1
1371389040000,1371389099999,79863.66200606633,79863.66200606633,79863.66200606633,79863.66200606633,0,1
1371389100000,1371389159999,79863.66200606633,79863.66200606633,79863.66200606633,79863.66200606633,0,1
1371389160000,1371389219999,79863.66200606633,79863.66200606633,79863.66200606633,79863.66200606633,0,1
1371389220000,1371389279999,79863.66200606633,79863.66200606633,79863.66200606633,79863.66200606633,0,1
1371389280000,1371389339999,79863.66200606633,79863.66200606633,79863.66200606633,79863.66200606633,0,1
1371389340000,1371389399999,79863.66200606633,79863.66200606633,79863.66200606633,79863.66200606633,0,1
1371389400000,1371389459999,79863.66200606633,79863.66200606633,79863.66200606633,79863.66200606633,0,1
1371389460000,1371389519999,79863.66200606633,79863.66200606633,79863.66200606633,79863.66200606633,0,1
1371389520000,1371389579999,79863.66200606633,79863.66200606633,79863.66200606633,79863.66200606633,0,1
1371389580000,1371389639999,79863.66200606633,79863.66200606633,79863.66200606633,79863.66200606633,0,1
1371389640000,1371389699999,79863.66200606633,79863.66200606633,79863.66200606633,79863.66200606633,0,1
1371389700000,1371389759999,79863.66200606633,79863.66200606633,79863.66200606633,79863.66200606633,0,1
1371389760000,1371389819999,79863.66200606633,79863.66200606633,79863.66200606633,79863.66200606633,0,1
1371389820000,1371389879999,79863.66200606633,79863.66200606633,79863.66200606633,79863.66200606633,0,1
1371389880000,1371389939999,79863.66200606633,79863.66200606633,79863.66200606633,79863.66200606633,0,1
1371389940000,1371389999999,79863.66200606633,79863.66200606633,79863.66200606633,79863.66200606633,0,1
1371390000000,1371390059999,79863.66200606633,79863.66200606633,79863.66200606633,79863.66200606633,0,1
1371390060000,1371390119999,79863.66200606633,79863.66200606633,79863.66200606633,79863.66200606633,0,1
1371390120000,1371390179999,79863.66200606633,79863.66200606633,79863.66200606633,79863.66200606633,0,1
1371390180000,1371390239999,79863.66200606633,79863.66200606633,79863.66200606633,79863.66200606633,0,1
1371390240000,1371390299999,79863.66200606633,79863.66200606633,79863.66200606633,79863.66200606633,0,1
1371390300000,1371390359999,79863.66200606633,79863.66200606633,79863.66200606633,79863.66200606633,0,1
1371390360000,1371390419999,79863.66200606633,79863.66200606633,79863.66200606633,79863.66200606633,0,1
1371390420000,1371390479999,79863.66200606633,79863.66200606633,79863.66200606633,79863.66200606633,0,1
1371390480000,1371390539999,79863.66200606633,79863.66200606633,79863.66200606633,79863.66200606633,0,1
1371390540000,1371390599999,79863.66200606633,79863.66200606633,79863.66200606633,79863.66200606633,0,1
1371390600000,1371390659999,79863.66200606633,79863.66200606633,79863.66200606633,79863.66200606633,0,1
1371390660000,1371390719999,79863.66200606633,79863.66200606633,79863.66200606633,79863.66200606633,0,1
1371390720000,1371390779999,79863.66200606633,79863.66200606633,79863.66200606633,79863.66200606633,0,1
1371390780000,1371390839999,79863.66200606633,79863.66200606633,79863.66200606633,79863.66200606633,0,1
1371390840000,1371390899999,79863.66200606633,79863.66200606633,79863.66200606633,79863.66200606633,0,1
1371390900000,1371390959999,79863.66200606633,79863.66200606633,79863.66200606633,79863.66200606633,0,1
1371390960000,1371391019999,79863.66200606633,79863.66200606633,79863.66200606633,79863.66200606633,0,1
1371391020000,1371391079999,79863.66200606633,79863.66200606633,79863.66200606633,79863.66200606633,0,1
1371391080000,1371391139999,79863.66200606633,79863.66200606633,79863.66200606633,79863.66200606633,0,1
1371391140000,1371391199999,79863.66200606633,79863.66200606633,79863.66200606633,79863.66200606633,0,1
1371391200000,1371391259999,79863.66200606633,79863.66200606633,79863.66200606633,79863.66200606633,0,1
1371391260000,1371391319999,79863.66200606633,79863.66200606633,79863.66200606633,79863.66200606633,0,1
1371391320000,1371391379999,79863.66200606633,79863.66200606633,79863.66200606633,79863.66200606633,0,1
1371391380000,1371391439999,79863.66200606633,79863.66200606633,79863.66200606633,79863.66200606633,0,1
1371391440000,1371391499999,79863.66200606633,79863.66200606633,79863.66200606633,79863.66200606633,0,1
1371391500000,1371391559999,79863.66200606633,79863.66200606633,79863.66200606633,79863.66200606633,0,1
1371391560000,1371391619999,79863.66200606633,79863.66200606633,79863.66200606633,79863.66200606633,0,1
1371391620000,1371391679999,79863.66200606633,79863.66200606633,79863.66200606633,79863.66200606633,0,1
1371391680000,1371391739999,79863.66200606633,79863.66200606633,79863.66200606633,79863.66200606633,0,1
1371391740000,1371391799999,79863.66200606633,79863.66200606633,79863.66200606633,79863.66200606633,0,1
1371391800000,1371391859999,79863.66200606633,79863.66200606633,79863.66200606633,79863.66200606633,0,1
1371391860000,1371391919999,79863.66200606633,79863.66200606633,79863.66200606633,79863.66200606633,0,1
1371391920000,1371391979999,79863.66200606633,79863.66200606633,79863.66200606633,79863.66200606633,0,1
1371391980000,1371392039999,79863.66200606633,79863.66200606633,79863.66200606633,79863.66200606633,0,1
1371392040000,1371392099999,79863.66200606633,79863.66200606633,79863.66200606633,79863.66200606633,0,1
1371392100000,1371392159999,79863.66200606633,79863.66200606633,79863.66200606633,79863.66200606633,0,1
1371392160000,1371392219999,79863.66200606633,79863.66200606633,79863.66200606633,79863.66200606633,0,1
1371392220000,1371392279999,79863.66200606633,79863.66200606633,79863.66200606633,79863.66200606633,0,1
1371392280000,1371392339999,79863.66200606633,79863.66200606633,79863.66200606633,79863.66200606633,0,1
1371392340000,1371392399999,79863.66200606633,79863.66200606633,79863.66200606633,79863.66200606633,0,1
1371392400000,1371392459999,79863.66200606633,79863.66200606633,79863.66200606633,79863.66200606633,0,1
1371392460000,1371392519999,79863.66200606633,79863.66200606633,79863.66200606633,79863.66200606633,0,1
1371392520000,1371392579999,79863.66200606633,79863.66200606633,79863.66200606633,79863.66200606633,0,1
1371392580000,1371392639999,79863.66200606633,79863.66200606633,79863.66200606633,79863.66200606633,0,1
1371392640000,1371392699999,79863.66200606633,79863.66200606633,79863.66200606633,79863.66200606633,0,1
1371392700000,1371392759999,79863.66200606633,79863.66200606633,79863.66200606633,79863.66200606633,0,1
1371392760000,1371392819999,79863.66200606633,79863.66200606633,79863.66200606633,79863.66200606633,0,1
1371392820000,1371392879999,79863.66200606633,79863.66200606633,79863.66200606633,79863.66200606633,0,1
1371392880000,1371392939999,79863.66200606633,79863.66200606633,79863.66200606633,79863.66200606633,0,1
1371392940000,1371392999999,79863.66200606633,79863.66200606633,79863.66200606633,79863.66200606633,0,1
1371393000000,1371393059999,79863.66200606633,79863.66200606633,79863.66200606633,79863.66200606633,0,1
1371393060000,1371393119999,79863.66200606633,79863.66200606633,79863.66200606633,79863.66200606633,0,1
1371393120000,1371393179999,79863.66200606633,79863.66200606633,79863.66200606633,79863.66200606633,0,1
1371393180000,1371393239999,79863.66200606633,79863.66200606633,79863.66200606633,79863.66200606633,0,1
1371393240000,1371393299999,79863.66200606633,79863.66200606633,79863.66200606633,79863.66200606633,0,1
1371393300000,1371393359999,79863.66200606633,79863.66200606633,79863.66200606633,79863.66200606633,0,1
1371393360000,1371393419999,79863.66200606633,79863.66200606633,79863.66200606633,79863.66200606633,0,1
1371393420000,1371393479999,79863.66200606633,79863.66200606633,79863.66200606633,79863.66200606633,0,1
1371393480000,1371393539999,79863.66200606633,79863.66200606633,79863.66200606633,79863.66200606633,0,1
1371393540000,1371393599999,79863.66200606633,79863.66200606633,79863.66200606633,79863.66200606633,0,1
1371393600000,1371393659999,79863.66200606633,79863.66200606633,79863.66200606633,79863.66200606633,0,1
1371393660000,1371393719999,79863.66200606633,79863.66200606633,79863.66200606633,79863.66200606633,0,1
1371393720000,1371393779999,79863.66200606633,79863.66200606633,79863.66200606633,79863.66200606633,0,1
1371393780000,1371393839999,79863.66200606633,79863.66200606633,79863.66200606633,79863.66200606633,0,1
1371393840000,1371393899999,79863.66200606633,79863.66200606633,79863.66200606633,79863.66200606633,0,1
1371393900000,1371393959999,79863.66200606633,79863.66200606633,79863.66200606633,79863.66200606633,0,1
1371393960000,1371394019999,79863.66200606633,79863.66200606633,79863.66200606633,79863.66200606633,0,1
1371394020000,1371394079999,79863.66200606633,79863.66200606633,79863.66200606633,79863.66200606633,0,1
1371394080000,1371394139999,79863.66200606633,79863.66200606633,79863.66200606633,79863.66200606633,0,1
1371394140000,1371394199999,79863.66200606633,79863.66200606633,79863.66200606633,79863.66200606633,0,1
1371394200000,1371394259999,79863.66200606633,79863.66200606633,79863.66200606633,79863.66200606633,0,1
1371394260000,1371394319999,79863.66200606633,79863.66200606633,79863.66200606633,79863.66200606633,0,1
1371394320000,1371394379999,79863.66200606633,79863.66200606633,79863.66200606633,79863.66200606633,0,1
1371394380000,1371394439999,79863.66200606633,79863.66200606633,79863.66200606633,79863.66200606633,0,1
1371394440000,1371394499999,79863.66200606633,79863.66200606633,79863.66200606633,79863.66200606633,0,1
1371394500000,1371394559999,79863.66200606633,79863.66200606633,79863.66200606633,79863.66200606633,0,1
1371394560000,1371394619999,79863.66200606633,79863.66200606633,79863.66200606633,79863.66200606633,0,1
1371394620000,1371394679999,79863.66200606633,79863.66200606633,79863.66200606633,79863.66200606633,0,1
1371394680000,1371394739999,79863.66200606633,79863.66200606633,79863.66200606633,79863.66200606633,0,1
1371394740000,1371394799999,79863.66200606633,79863.66200606633,79863.66200606633,79863.66200606633,0,1
1371394800000,1371394859999,79863.66200606633,79863.66200606633,79863.66200606633,79863.66200606633,0,1
1371394860000,1371394919999,79863.66200606633,79863.66200606633,79863.66200606633,79863.66200606633,0,1
1371394920000,1371394979999,79863.66200606633,79863.66200606633,79863.66200606633,79863.66200606633,0,1
1371394980000,1371395039999,79863.66200606633,79863.66200606633,79863.66200606633,79863.66200606633,0,1
1371395040000,1371395099999,79863.66200606633,79863.66200606633,79863.66200606633,79863.66200606633,0,1
1371395100000,1371395159999,79863.66200606633,79863.66200606633,79863.66200606633,79863.66200606633,0,1
1371395160000,1371395219999,79863.66200606633,79863.66200606633,79863.66200606633,79863.66200606633,0,1
1371395220000,1371395279999,79863.66200606633,79863.66200606633,79863.66200606633,79863.66200606633,0,1
1371395280000,1371395339999,79863.66200606633,79863.66200606633,79863.66200606633,79863.66200606633,0,1
1371395340000,1371395399999,79863.66200606633,79863.66200606633,79863.66200606633,79863.66200606633,0,1
1371395400000,1371395459999,79863.66200606633,79863.66200606633,79863.66200606633,79863.66200606633,0,1
1371395460000,1371395519999,79863.66200606633,79863.66200606633,79863.66200606633,79863.66200606633,0,1
1371395520000,1371395579999,79863.66200606633,79863.66200606633,79863.66200606633,79863.66200606633,0,1
1371395580000,1371395639999,79863.66200606633,79863.66200606633,79863.66200606633,79863.66200606633,0,1
1371395640000,1371395699999,79863.66200606633,79863.66200606633,79863.66200606633,79863.66200606633,0,1
1371395700000,1371395759999,79863.66200606633,79863.66200606633,79863.66200606633,79863.66200606633,0,1
1371395760000,1371395819999,79863.66200606633,79863.66200606633,79863.66200606633,79863.66200606633,0,1
1371395820000,1371395879999,79863.66200606633,79863.66200606633,79863.66200606633,79863.66200606633,0,1
1371395880000,1371395939999,79863.66200606633,79863.66200606633,79863.66200606633,79863.66200606633,0,1
1371395940000,1371395999999,79863.66200606633,79863.66200606633,79863.66200606633,79863.66200606633,0,1
1371396000000,1371396059999,79863.66200606633,79863.66200606633,79863.66200606633,79863.66200606633,0,1
1371396060000,1371396119999,79863.66200606633,79863.66200606633,79863.66200606633,79863.66200606633,0,1
1371396120000,1371396179999,79863.66200606633,79863.66200606633,79863.66200606633,79863.66200606633,0,1
1371396180000,1371396239999,79863.66200606633,79863.66200606633,79863.66200606633,79863.66200606633,0,1
1371396240000,1371396299999,79863.66200606633,79863.66200606633,79863.66200606633,79863.66200606633,0,1
1371396300000,1371396359999,79863.66200606633,79863.66200606633,79863.66200606633,79863.66200606633,0,1
1371396360000,1371396419999,79863.66200606633,79863.66200606633,79863.66200606633,79863.66200606633,0,1
1371396420000,1371396479999,79863.66200606633,79863.66200606633,79863.66200606633,79863.66200606633,0,1
1371396480000,1371396539999,79863.66200606633,79863.66200606633,79863.66200606633,79863.66200606633,0,1
1371396540000,1371396599999,79863.66200606633,79863.66200606633,79863.66200606633,79863.66200606633,0,1
1371396600000,1371396659999,79863.66200606633,79863.66200606633,79863.66200606633,79863.66200606633,0,1
1371396660000,1371396719999,79863.66200606633,79863.66200606633,79863.66200606633,79863.66200606633,0,1
1371396720000,1371396779999,79863.66200606633,79863.66200606633,79863.66200606633,79863.66200606633,0,1
1371396780000,1371396839999,79863.66200606633,79863.66200606633,79863.66200606633,79863.66200606633,0,1
1371396840000,1371396899999,79863.66200606633,79863.66200606633,79863.66200606633,79863.66200606633,0,1
1371396900000,1371396959999,79863.66200606633,79863.66200606633,79863.66200606633,79863.66200606633,0,1
1371396960000,1371397019999,79863.66200606633,79863.66200606633,79863.66200606633,79863.66200606633,0,1
1371397020000,1371397079999,79863.66200606633,79863.66200606633,79863.66200606633,79863.66200606633,0,1
1371397080000,1371397139999,79863.66200606633,79863.66200606633,79863.66200606633,79863.66200606633,0,1
1371397140000,1371397199999,79863.66200606633,79863.66200606633,79863.66200606633,79863.66200606633,0,1
1371397200000,1371397259999,79863.66200606633,79863.66200606633,79863.66200606633,79863.66200606633,0,1
1371397260000,1371397319999,79863.66200606633,79863.66200606633,79863.66200606633,79863.66200606633,0,1
1371397320000,1371397379999,79863.66200606633,79863.66200606633,79863.66200606633,79863.66200606633,0,1
1371397380000,1371397439999,79863.66200606633,79863.66200606633,79863.66200606633,79863.66200606633,0,1
1371397440000,1371397499999,79863.66200606633,79863.66200606633,79863.66200606633,79863.66200606633,0,1
1371397500000,1371397559999,79863.66200606633,79863.66200606633,79863.66200606633,79863.66200606633,0,1
1371397560000,1371397619999,79863.66200606633,79863.66200606633,79863.66200606633,79863.66200606633,0,1
1371397620000,1371397679999,79863.66200606633,79863.66200606633,79863.66200606633,79863.66200606633,0,1
1371397680000,1371397739999,79863.66200606633,79863.66200606633,79863.66200606633,79863.66200606633,0,1
1371397740000,1371397799999,79863.66200606633,79863.66200606633,79863.66200606633,79863.66200606633,0,1
1371397800000,1371397859999,79863.66200606633,79863.66200606633,79863.66200606633,79863.66200606633,0,1
1371397860000,1371397919999,79863.66200606633,79863.66200606633,79863.66200606633,79863.66200606633,0,1
1371397920000,1371397979999,79863.66200606633,79863.66200606633,79863.66200606633,79863.66200606633,0,1
1371397980000,1371398039999,79863.66200606633,79863.66200606633,79863.66200606633,79863.66200606633,0,1
1371398040000,1371398099999,79863.66200606633,79863.66200606633,79863.66200606633,79863.66200606633,0,1
1371398100000,1371398159999,79863.66200606633,79863.66200606633,79863.66200606633,79863.66200606633,0,1
1371398160000,1371398219999,79863.66200606633,79863.66200606633,79863.66200606633,79863.66200606633,0,1
1371398220000,1371398279999,79863.66200606633,79863.66200606633,79863.66200606633,79863.66200606633,0,1
1371398280000,1371398339999,79863.66200606633,79863.66200606633,79863.66200606633,79863.66200606633,0,1
1371398340000,1371398399999,79863.66200606633,79863.66200606633,79863.66200606633,79863.66200606633,0,1
1371398400000,1371398459999,79863.66200606633,79863.66200606633,79863.66200606633,79863.66200606633,0,1
1371398460000,1371398519999,79863.66200606633,79863.66200606633,79863.66200606633,79863.66200606633,0,1
1371398520000,1371398579999,79863.66200606633,79863.66200606633,79863.66200606633,79863.66200606633,0,1
1371398580000,1371398639999,79863.66200606633,79863.66200606633,79863.66200606633,79863.66200606633,0,1
1371398640000,1371398699999,79863.66200606633,79863.66200606633,79863.66200606633,79863.66200606633,0,1
1371398700000,1371398759999,79863.66200606633,79863.66200606633,79863.66200606633,79863.66200606633,0,1
1371398760000,1371398819999,79863.66200606633,79863.66200606633,79863.66200606633,79863.66200606633,0,1
1371398820000,1371398879999,79863.66200606633,79863.66200606633,79863.66200606633,79863.66200606633,0,1
1371398880000,1371398939999,79863.66200606633,79863.66200606633,79863.66200606633,79863.66200606633,0,1
1371398940000,1371398999999,79863.66200606633,79863.66200606633,79863.66200606633,79863.66200606633,0,1
1371399000000,1371399059999,79863.66200606633,79863.66200606633,79863.66200606633,79863.66200606633,0,1
1371399060000,1371399119999,79863.66200606633,79863.66200606633,79863.66200606633,79863.66200606633,0,1
1371399120000,1371399179999,79863.66200606633,79863.66200606633,79863.66200606633,79863.66200606633,0,1
1371399180000,1371399239999,79863.66200606633,79863.66200606633,79863.66200606633,79863.66200606633,0,1
1371399240000,1371399299999,79863.66200606633,79863.66200606633,79863.66200606633,79863.66200606633,0,1
1371399300000,1371399359999,79863.66200606633,79863.66200606633,79863.66200606633,79863.66200606633,0,1
1371399360000,1371399419999,79863.66200606633,79863.66200606633,79863.66200606633,79863.66200606633,0,1
1371399420000,1371399479999,79863.66200606633,79863.66200606633,79863.66200606633,79863.66200606633,0,1
1371399480000,1371399539999,79863.66200606633,79863.66200606633,79863.66200606633,79863.66200606633,0,1
1371399540000,1371399599999,79863.66200606633,79863.66200606633,79863.66200606633,79863.66200606633,0,1
1371399600000,1371399659999,79863.66200606633,79863.66200606633,79863.66200606633,79863.66200606633,0,1
1371399660000,1371399719999,79863.66200606633,79863.66200606633,79863.66200606633,79863.66200606633,0,1
1371399720000,1371399779999,79863.66200606633,79863.66200606633,79863.66200606633,79863.66200606633,0,1
1371399780000,1371399839999,79863.66200606633,79863.66200606633,79863.66200606633,79863.66200606633,0,1
1371399840000,1371399899999,79863.66200606633,79863.66200606633,79863.66200606633,79863.66200606633,0,1
1371399900000,1371399959999,79863.66200606633,79863.66200606633,79863.66200606633,79863.66200606633,0,1
1371399960000,1371400019999,79863.66200606633,79863.66200606633,79863.66200606633,79863.66200606633,0,1
1371400020000,1371400079999,79863.66200606633,79863.66200606633,79863.66200606633,79863.66200606633,0,1
1371400080000,1371400139999,79863.66200606633,79863.66200606633,79863.66200606633,79863.66200606633,0,1
1371400140000,1371400199999,79863.66200606633,79863.66200606633,79863.66200606633,79863.66200606633,0,1
1371400200000,1371400259999,79863.66200606633,79863.66200606633,79863.66200606633,79863.66200606633,0,1
1371400260000,1371400319999,79863.66200606633,79863.66200606633,79863.66200606633,79863.66200606633,0,1
1371400320000,1371400379999,79863.66200606633,79863.66200606633,79863.66200606633,79863.66200606633,0,1
1371400380000,1371400439999,79863.66200606633,79863.66200606633,79863.66200606633,79863.66200606633,0,1
1371400440000,1371400499999,79863.66200606633,79863.66200606633,79863.66200606633,79863.66200606633,0,1
1371400500000,1371400559999,79863.66200606633,79863.66200606633,79863.66200606633,79863.66200606633,0,1
1371400560000,1371400619999,79863.66200606633,79863.66200606633,79863.66200606633,79863.66200606633,0,1
1371400620000,1371400679999,79863.66200606633,79863.66200606633,79863.66200606633,79863.66200606633,0,1
1371400680000,1371400739999,79863.66200606633,79863.66200606633,79863.66200606633,79863.66200606633,0,1
1371400740000,1371400799999,79863.66200606633,79863.66200606633,79863.66200606633,79863.66200606633,0,1
1371400800000,1371400859999,79863.66200606633,79863.66200606633,79863.66200606633,79863.66200606633,0,1
1371400860000,1371400919999,79863.66200606633,79863.66200606633,79863.66200606633,79863.66200606633,0,1
1371400920000,1371400979999,79863.66200606633,79863.66200606633,79863.66200606633,79863.66200606633,0,1
1371400980000,1371401039999,79863.66200606633,79863.66200606633,79863.66200606633,79863.66200606633,0,1
1371401040000,1371401099999,79863.66200606633,79863.66200606633,79863.66200606633,79863.66200606633,0,1
1371401100000,1371401159999,79863.66200606633,79863.66200606633,79863.66200606633,79863.66200606633,0,1
1371401160000,1371401219999,79863.66200606633,79863.66200606633,79863.66200606633,79863.66200606633,0,1
1371401220000,1371401279999,79863.66200606633,79863.66200606633,79863.66200606633,79863.66200606633,0,1
1371401280000,1371401339999,79863.66200606633,79863.66200606633,79863.66200606633,79863.66200606633,0,1
1371401340000,1371401399999,79863.66200606633,79863.66200606633,79863.66200606633,79863.66200606633,0,1
1371401400000,1371401459999,79863.66200606633,79863.66200606633,79863.66200606633,79863.66200606633,0,1
1371401460000,1371401519999,79863.66200606633,79863.66200606633,79863.66200606633,79863.66200606633,0,1
1371401520000,1371401579999,79863.66200606633,79863.66200606633,79863.66200606633,79863.66200606633,0,1
1371401580000,1371401639999,79863.66200606633,79863.66200606633,79863.66200606633,79863.66200606633,0,1
1371401640000,1371401699999,79863.66200606633,79863.66200606633,79863.66200606633,79863.66200606633,0,1
1371401700000,1371401759999,79863.66200606633,79863.66200606633,79863.66200606633,79863.66200606633,0,1
1371401760000,1371401819999,79863.66200606633,79863.66200606633,79863.66200606633,79863.66200606633,0,1
1371401820000,1371401879999,79863.66200606633,79863.66200606633,79863.66200606633,79863.66200606633,0,1
1371401880000,1371401939999,79863.66200606633,79863.66200606633,79863.66200606633,79863.66200606633,0,1
1371401940000,1371401999999,79863.66200606633,79863.66200606633,79863.66200606633,79863.66200606633,0,1
1371402000000,1371402059999,79863.66200606633,79863.66200606633,79863.66200606633,79863.66200606633,0,1
1371402060000,1371402119999,79863.66200606633,79863.66200606633,79863.66200606633,79863.66200606633,0,1
1371402120000,1371402179999,79863.66200606633,79863.66200606633,79863.66200606633,79863.66200606633,0,1
1371402180000,1371402239999,79863.66200606633,79863.66200606633,79863.66200606633,79863.66200606633,0,1
1371402240000,1371402299999,79863.66200606633,79863.66200606633,79863.66200606633,79863.66200606633,0,1
1371402300000,1371402359999,79863.66200606633,79863.66200606633,79863.66200606633,79863.66200606633,0,1
1371402360000,1371402419999,79863.66200606633,79863.66200606633,79863.66200606633,79863.66200606633,0,1
1371402420000,1371402479999,79863.66200606633,79863.66200606633,79863.66200606633,79863.66200606633,0,1
1371402480000,1371402539999,79863.66200606633,79863.66200606633,79863.66200606633,79863.66200606633,0,1
1371402540000,1371402599999,79863.66200606633,79863.66200606633,79863.66200606633,79863.66200606633,0,1
1371402600000,1371402659999,79863.66200606633,79863.66200606633,79863.66200606633,79863.66200606633,0,1
1371402660000,1371402719999,79863.66200606633,79863.66200606633,79863.66200606633,79863.66200606633,0,1
1371402720000,1371402779999,79863.66200606633,79863.66200606633,79863.66200606633,79863.66200606633,0,1
1371402780000,1371402839999,79863.66200606633,79863.66200606633,79863.66200606633,79863.66200606633,0,1
1371402840000,1371402899999,79863.66200606633,79863.66200606633,79863.66200606633,79863.66200606633,0,1
1371402900000,1371402959999,79863.66200606633,79863.66200606633,79863.66200606633,79863.66200606633,0,1
1371402960000,1371403019999,79863.66200606633,79863.66200606633,79863.66200606633,79863.66200606633,0,1
1371403020000,1371403079999,79863.66200606633,79863.66200606633,79863.66200606633,79863.66200606633,0,1
1371403080000,1371403139999,79863.66200606633,79863.66200606633,79863.66200606633,79863.66200606633,0,1
1371403140000,1371403199999,79863.66200606633,79863.66200606633,79863.66200606633,79863.66200606633,0,1
1371403200000,1371403259999,79863.66200606633,79863.66200606633,79863.66200606633,79863.66200606633,0,1
1371403260000,1371403319999,79863.66200606633,79863.66200606633,79863.66200606633,79863.66200606633,0,1
1371403320000,1371403379999,79863.66200606633,79863.66200606633,79863.66200606633,79863.66200606633,0,1
1371403380000,1371403439999,79863.66200606633,79863.66200606633,79863.66200606633,79863.66200606633,0,1
1371403440000,1371403499999,79863.66200606633,79863.66200606633,79863.66200606633,79863.66200606633,0,1
1371403500000,1371403559999,79863.66200606633,79863.66200606633,79863.66200606633,79863.66200606633,0,1
1371403560000,1371403619999,79863.66200606633,79863.66200606633,79863.66200606633,79863.66200606633,0,1
1371403620000,1371403679999,79863.66200606633,79863.66200606633,79863.66200606633,79863.66200606633,0,1
1371403680000,1371403739999,79863.66200606633,79863.66200606633,79863.66200606633,79863.66200606633,0,1
1371403740000,1371403799999,79863.66200606633,79863.66200606633,79863.66200606633,79863.66200606633,0,1
1371403800000,1371403859999,79863.66200606633,79863.66200606633,79863.66200606633,79863.66200606633,0,1
1371403860000,1371403919999,79863.66200606633,79863.66200606633,79863.66200606633,79863.66200606633,0,1
1371403920000,1371403979999,79863.66200606633,79863.66200606633,79863.66200606633,79863.66200606633,0,1
1371403980000,1371404039999,79863.66200606633,79863.66200606633,79863.66200606633,79863.66200606633,0,1
1371404040000,1371404099999,79863.66200606633,79863.66200606633,79863.66200606633,79863.66200606633,0,1
1371404100000,1371404159999,79863.66200606633,79863.66200606633,79863.66200606633,79863.66200606633,0,1
1371404160000,1371404219999,79863.66200606633,79863.66200606633,79863.66200606633,79863.66200606633,0,1
1371404220000,1371404279999,79863.66200606633,79863.66200606633,79863.66200606633,79863.66200606633,0,1
1371404280000,1371404339999,79863.66200606633,79863.66200606633,79863.66200606633,79863.66200606633,0,1
1371404340000,1371404399999,79863.66200606633,79863.66200606633,79863.66200606633,79863.66200606633,0,1
1371404400000,1371404459999,79863.66200606633,79863.66200606633,79863.66200606633,79863.66200606633,0,1
1371404460000,1371404519999,79863.66200606633,79863.66200606633,79863.66200606633,79863.66200606633,0,1
1371404520000,1371404579999,79863.66200606633,79863.66200606633,79863.66200606633,79863.66200606633,0,1
1371404580000,1371404639999,79863.66200606633,79863.66200606633,79863.66200606633,79863.66200606633,0,1
1371404640000,1371404699999,79863.66200606633,79863.66200606633,79863.66200606633,79863.66200606633,0,1
1371404700000,1371404759999,79863.66200606633,79863.66200606633,79863.66200606633,79863.66200606633,0,1
1371404760000,1371404819999,79863.66200606633,79863.66200606633,79863.66200606633,79863.66200606633,0,1
1371404820000,1371404879999,79863.66200606633,79863.66200606633,79863.66200606633,79863.66200606633,0,1
1371404880000,1371404939999,79863.66200606633,79863.66200606633,79863.66200606633,79863.66200606633,0,1
1371404940000,1371404999999,79863.66200606633,79863.66200606633,79863.66200606633,79863.66200606633,0,1
1371405000000,1371405059999,79863.66200606633,79863.66200606633,79863.66200606633,79863.66200606633,0,1
1371405060000,1371405119999,79863.66200606633,79863.66200606633,79863.66200606633,79863.66200606633,0,1
1371405120000,1371405179999,79863.66200606633,79863.66200606633,79863.66200606633,79863.66200606633,0,1
1371405180000,1371405239999,79863.66200606633,79863.66200606633,79863.66200606633,79863.66200606633,0,1
1371405240000,1371405299999,79863.66200606633,79863.66200606633,79863.66200606633,79863.66200606633,0,1
1371405300000,1371405359999,79863.66200606633,79863.66200606633,79863.66200606633,79863.66200606633,0,1
1371405360000,1371405419999,79863.66200606633,79863.66200606633,79863.66200606633,79863.66200606633,0,1
1371405420000,1371405479999,79863.66200606633,79863.66200606633,79863.66200606633,79863.66200606633,0,1
1371405480000,1371405539999,79863.66200606633,79863.66200606633,79863.66200606633,79863.66200606633,0,1
1371405540000,1371405599999,79863.66200606633,79863.66200606633,79863.66200606633,79863.66200606633,0,1
1371405600000,1371405659999,79863.66200606633,79863.66200606633,79863.66200606633,79863.66200606633,0,1
1371405660000,1371405719999,79863.66200606633,79863.66200606633,79863.66200606633,79863.66200606633,0,1
1371405720000,1371405779999,79863.66200606633,79863.66200606633,79863.66200606633,79863.66200606633,0,1
1371405780000,1371405839999,79863.66200606633,79863.66200606633,79863.66200606633,79863.66200606633,0,1
1371405840000,1371405899999,79863.66200606633,79863.66200606633,79863.66200606633,79863.66200606633,0,1
1371405900000,1371405959999,79863.66200606633,79863.66200606633,79863.66200606633,79863.66200606633,0,1
1371405960000,1371406019999,79863.66200606633,79863.66200606633,79863.66200606633,79863.66200606633,0,1
1371406020000,1371406079999,79863.66200606633,79863.66200606633,79863.66200606633,79863.66200606633,0,1
1371406080000,1371406139999,79863.66200606633,79863.66200606633,79863.66200606633,79863.66200606633,0,1
1371406140000,1371406199999,79863.66200606633,79863.66200606633,79863.66200606633,79863.66200606633,0,1
1371406200000,1371406259999,79863.66200606633,79863.66200606633,79863.66200606633,79863.66200606633,0,1
1371406260000,1371406319999,79863.66200606633,79863.66200606633,79863.66200606633,79863.66200606633,0,1
1371406320000,1371406379999,79863.66200606633,79863.66200606633,79863.66200606633,79863.66200606633,0,1
1371406380000,1371406439999,79863.66200606633,79863.66200606633,79863.66200606633,79863.66200606633,0,1
1371406440000,1371406499999,79863.66200606633,79863.66200606633,79863.66200606633,79863.66200606633,0,1
1371406500000,1371406559999,79863.66200606633,79863.66200606633,79863.66200606633,79863.66200606633,0,1
1371406560000,1371406619999,79863.66200606633,79863.66200606633,79863.66200606633,79863.66200606633,0,1
1371406620000,1371406679999,79863.66200606633,79863.66200606633,79863.66200606633,79863.66200606633,0,1
1371406680000,1371406739999,79863.66200606633,79863.66200606633,79863.66200606633,79863.66200606633,0,1
1371406740000,1371406799999,79863.66200606633,79863.66200606633,79863.66200606633,79863.66200606633,0,1
1371406800000,1371406859999,79863.66200606633,79863.66200606633,79863.66200606633,79863.66200606633,0,1
1371406860000,1371406919999,79863.66200606633,79863.66200606633,79863.66200606633,79863.66200606633,0,1
1371406920000,1371406979999,79863.66200606633,79863.66200606633,79863.66200606633,79863.66200606633,0,1
1371406980000,1371407039999,79863.66200606633,79863.66200606633,79863.66200606633,79863.66200606633,0,1
1371407040000,1371407099999,79863.66200606633,79863.66200606633,79863.66200606633,79863.66200606633,0,1
1371407100000,1371407159999,79863.66200606633,79863.66200606633,79863.66200606633,79863.66200606633,0,1
1371407160000,1371407219999,79863.66200606633,79863.66200606633,79863.66200606633,79863.66200606633,0,1
1371407220000,1371407279999,79863.66200606633,79863.66200606633,79863.66200606633,79863.66200606633,0,1
1371407280000,1371407339999,79863.66200606633,79863.66200606633,79863.66200606633,79863.66200606633,0,1
1371407340000,1371407399999,79863.66200606633,79863.66200606633,79863.66200606633,79863.66200606633,0,1
1371407400000,1371407459999,79863.66200606633,79863.66200606633,79863.66200606633,79863.66200606633,0,1
1371407460000,1371407519999,79863.66200606633,79863.66200606633,79863.66200606633,79863.66200606633,0,1
1371407520000,1371407579999,79863.66200606633,79863.66200606633,79863.66200606633,79863.66200606633,0,1
1371407580000,1371407639999,79863.66200606633,79863.66200606633,79863.66200606633,79863.66200606633,0,1
1371407640000,1371407699999,79863.66200606633,79863.66200606633,79863.66200606633,79863.66200606633,0,1
1371407700000,1371407759999,79863.66200606633,79863.66200606633,79863.66200606633,79863.66200606633,0,1
1371407760000,1371407819999,79863.66200606633,79863.66200606633,79863.66200606633,79863.66200606633,0,1
1371407820000,1371407879999,79863.66200606633,79863.66200606633,79863.66200606633,79863.66200606633,0,1
1371407880000,1371407939999,79863.66200606633,79863.66200606633,79863.66200606633,79863.66200606633,0,1
1371407940000,1371407999999,79863.66200606633,79863.66200606633,79863.66200606633,79863.66200606633,0,1
1371408000000,1371408059999,79863.66200606633,79863.66200606633,79863.66200606633,79863.66200606633,0,1
1371408060000,1371408119999,79863.66200606633,79863.66200606633,79863.66200606633,79863.66200606633,0,1
1371408120000,1371408179999,79863.66200606633,79863.66200606633,79863.66200606633,79863.66200606633,0,1
1371408180000,1371408239999,79863.66200606633,79863.66200606633,79863.66200606633,79863.66200606633,0,1
1371408240000,1371408299999,79863.66200606633,79863.66200606633,79863.66200606633,79863.66200606633,0,1
1371408300000,1371408359999,79863.66200606633,79863.66200606633,79863.66200606633,79863.66200606633,0,1
1371408360000,1371408419999,79863.66200606633,79863.66200606633,79863.66200606633,79863.66200606633,0,1
1371408420000,1371408479999,79863.66200606633,79863.66200606633,79863.66200606633,79863.66200606633,0,1
1371408480000,1371408539999,79863.66200606633,79863.66200606633,79863.66200606633,79863.66200606633,0,1
1371408540000,1371408599999,79863.66200606633,79863.66200606633,79863.66200606633,79863.66200606633,0,1
1371408600000,1371408659999,79863.66200606633,79863.66200606633,79863.66200606633,79863.66200606633,0,1
1371408660000,1371408719999,79863.66200606633,79863.66200606633,79863.66200606633,79863.66200606633,0,1
1371408720000,1371408779999,79863.66200606633,79863.66200606633,79863.66200606633,79863.66200606633,0,1
1371408780000,1371408839999,79863.66200606633,79863.66200606633,79863.66200606633,79863.66200606633,0,1
1371408840000,1371408899999,79863.66200606633,79863.66200606633,79863.66200606633,79863.66200606633,0,1
1371408900000,1371408959999,79863.66200606633,79863.66200606633,79863.66200606633,79863.66200606633,0,1
1371408960000,1371409019999,79863.66200606633,79863.66200606633,79863.66200606633,79863.66200606633,0,1
1371409020000,1371409079999,79863.66200606633,79863.66200606633,79863.66200606633,79863.66200606633,0,1
1371409080000,1371409139999,79863.66200606633,79863.66200606633,79863.66200606633,79863.66200606633,0,1
1371409140000,1371409199999,79863.66200606633,79863.66200606633,79863.66200606633,79863.66200606633,0,1
1371409200000,1371409259999,79863.66200606633,79863.66200606633,79863.66200606633,79863.66200606633,0,1
1371409260000,1371409319999,79863.66200606633,79863.66200606633,79863.66200606633,79863.66200606633,0,1
1371409320000,1371409379999,79863.66200606633,79863.66200606633,79863.66200606633,79863.66200606633,0,1
1371409380000,1371409439999,79863.66200606633,79863.66200606633,79863.66200606633,79863.66200606633,0,1
1371409440000,1371409499999,79863.66200606633,79863.66200606633,79863.66200606633,79863.66200606633,0,1
1371409500000,1371409559999,79863.66200606633,79863.66200606633,79863.66200606633,79863.66200606633,0,1
1371409560000,1371409619999,79863.66200606633,79863.66200606633,79863.66200606633,79863.66200606633,0,1
1371409620000,1371409679999,79863.66200606633,79863.66200606633,79863.66200606633,79863.66200606633,0,1
1371409680000,1371409739999,79863.66200606633,79863.66200606633,79863.66200606633,79863.66200606633,0,1
1371409740000,1371409799999,79863.66200606633,79863.66200606633,79863.66200606633,79863.66200606633,0,1
1371409800000,1371409859999,79863.66200606633,79863.66200606633,79863.66200606633,79863.66200606633,0,1
1371409860000,1371409919999,79863.66200606633,79863.66200606633,79863.66200606633,79863.66200606633,0,1
1371409920000,1371409979999,79863.66200606633,79863.66200606633,79863.66200606633,79863.66200606633,0,1
1371409980000,1371410039999,79863.66200606633,79863.66200606633,79863.66200606633,79863.66200606633,0,1
1371410040000,1371410099999,79863.66200606633,79863.66200606633,79863.66200606633,79863.66200606633,0,1
1371410100000,1371410159999,79863.66200606633,79863.66200606633,79863.66200606633,79863.66200606633,0,1
1371410160000,1371410219999,79863.66200606633,79863.66200606633,79863.66200606633,79863.66200606633,0,1
1371410220000,1371410279999,79863.66200606633,79863.66200606633,79863.66200606633,79863.66200606633,0,1
1371410280000,1371410339999,79863.66200606633,79863.66200606633,79863.66200606633,79863.66200606633,0,1
1371410340000,1371410399999,79863.66200606633,79863.66200606633,79863.66200606633,79863.66200606633,0,1
1371410400000,1371410459999,79863.66200606633,79863.66200606633,79863.66200606633,79863.66200606633,0,1
1371410460000,1371410519999,79863.66200606633,79863.66200606633,79863.66200606633,79863.66200606633,0,1
1371410520000,1371410579999,79863.66200606633,79863.66200606633,79863.66200606633,79863.66200606633,0,1
1371410580000,1371410639999,79863.66200606633,79863.66200606633,79863.66200606633,79863.66200606633,0,1
1371410640000,1371410699999,79863.66200606633,79863.66200606633,79863.66200606633,79863.66200606633,0,1
1371410700000,1371410759999,79863.66200606633,79863.66200606633,79863.66200606633,79863.66200606633,0,1
1371410760000,1371410819999,79863.66200606633,79863.66200606633,79863.66200606633,79863.66200606633,0,1
1371410820000,1371410879999,79863.66200606633,79863.66200606633,79863.66200606633,79863.66200606633,0,1
1371410880000,1371410939999,79863.66200606633,79863.66200606633,79863.66200606633,79863.66200606633,0,1
1371410940000,1371410999999,79863.66200606633,79863.66200606633,79863.66200606633,79863.66200606633,0,1
1371411000000,1371411059999,79863.66200606633,79863.66200606633,79863.66200606633,79863.66200606633,0,1
1371411060000,1371411119999,79863.66200606633,79863.66200606633,79863.66200606633,79863.66200606633,0,1
1371411120000,1371411179999,79863.66200606633,79863.66200606633,79863.66200606633,79863.66200606633,0,1
1371411180000,1371411239999,79863.66200606633,79863.66200606633,79863.66200606633,79863.66200606633,0,1
1371411240000,1371411299999,79863.66200606633,79863.66200606633,79863.66200606633,79863.66200606633,0,1
1371411300000,1371411359999,79863.66200606633,79863.66200606633,79863.66200606633,79863.66200606633,0,1
1371411360000,1371411419999,79863.66200606633,79863.66200606633,79863.66200606633,79863.66200606633,0,1
1371411420000,1371411479999,79863.66200606633,79863.66200606633,79863.66200606633,79863.66200606633,0,1
1371411480000,1371411539999,79863.66200606633,79863.66200606633,79863.66200606633,79863.66200606633,0,1
1371411540000,1371411599999,79863.66200606633,79863.66200606633,79863.66200606633,79863.66200606633,0,1
1371411600000,1371411659999,79863.66200606633,79863.66200606633,79863.66200606633,79863.66200606633,0,1
1371411660000,1371411719999,79863.66200606633,79863.66200606633,79863.66200606633,79863.66200606633,0,1
1371411720000,1371411779999,79863.66200606633,79863.66200606633,79863.66200606633,79863.66200606633,0,1
1371411780000,1371411839999,79863.66200606633,79863.66200606633,79863.66200606633,79863.66200606633,0,1
1371411840000,1371411899999,79863.66200606633,79863.66200606633,79863.66200606633,79863.66200606633,0,1
1371411900000,1371411959999,79863.66200606633,79863.66200606633,79863.66200606633,79863.66200606633,0,1
1371411960000,1371412019999,79863.66200606633,79863.66200606633,79863.66200606633,79863.66200606633,0,1
1371412020000,1371412079999,79863.66200606633,79863.66200606633,79863.66200606633,79863.66200606633,0,1
1371412080000,1371412139999,79863.66200606633,79863.66200606633,79863.66200606633,79863.66200606633,0,1
1371412140000,1371412199999,79863.66200606633,79863.66200606633,79863.66200606633,79863.66200606633,0,1
1371412200000,1371412259999,79863.66200606633,79863.66200606633,79863.66200606633,79863.66200606633,0,1
1371412260000,1371412319999,79863.66200606633,79863.66200606633,79863.66200606633,79863.66200606633,0,1
1371412320000,1371412379999,79863.66200606633,79863.66200606633,79863.66200606633,79863.66200606633,0,1
1371412380000,1371412439999,79863.66200606633,79863.66200606633,79863.66200606633,79863.66200606633,0,1
1371412440000,1371412499999,79863.66200606633,79863.66200606633,79863.66200606633,79863.66200606633,0,1
1371412500000,1371412559999,79863.66200606633,79863.66200606633,79863.66200606633,79863.66200606633,0,1
1371412560000,1371412619999,79863.66200606633,79863.66200606633,79863.66200606633,79863.66200606633,0,1
1371412620000,1371412679999,79863.66200606633,79863.66200606633,79863.66200606633,79863.66200606633,0,1
1371412680000,1371412739999,79863.66200606633,79863.66200606633,79863.66200606633,79863.66200606633,0,1
1371412740000,1371412799999,79863.66200606633,79863.66200606633,79863.66200606633,79863.66200606633,0,1
1371412800000,1371412859999,79863.66200606633,79863.66200606633,79863.66200606633,79863.66200606633,0,1
1371412860000,1371412919999,79863.66200606633,79863.66200606633,79863.66200606633,79863.66200606633,0,1
1371412920000,1371412979999,79863.66200606633,79863.66200606633,79863.66200606633,79863.66200606633,0,1
1371412980000,1371413039999,79863.66200606633,79863.66200606633,79863.66200606633,79863.66200606633,0,1
1371413040000,1371413099999,79863.66200606633,79863.66200606633,79863.66200606633,79863.66200606633,0,1
1371413100000,1371413159999,79863.66200606633,79863.66200606633,79863.66200606633,79863.66200606633,0,1
1371413160000,1371413219999,79863.66200606633,79863.66200606633,79863.66200606633,79863.66200606633,0,1
1371413220000,1371413279999,79863.66200606633,79863.66200606633,79863.66200606633,79863.66200606633,0,1
1371413280000,1371413339999,79863.66200606633,79863.66200606633,79863.66200606633,79863.66200606633,0,1
1371413340000,1371413399999,79863.66200606633,79863.66200606633,79863.66200606633,79863.66200606633,0,1
1371413400000,1371413459999,79863.66200606633,79863.66200606633,79863.66200606633,79863.66200606633,0,1
1371413460000,1371413519999,79863.66200606633,79863.66200606633,79863.66200606633,79863.66200606633,0,1
1371413520000,1371413579999,79863.66200606633,79863.66200606633,79863.66200606633,79863.66200606633,0,1
1371413580000,1371413639999,79863.66200606633,79863.66200606633,79863.66200606633,79863.66200606633,0,1
1371413640000,1371413699999,79863.66200606633,79863.66200606633,79863.66200606633,79863.66200606633,0,1
1371413700000,1371413759999,79863.66200606633,79863.66200606633,79863.66200606633,79863.66200606633,0,1
1371413760000,1371413819999,79863.66200606633,79863.66200606633,79863.66200606633,79863.66200606633,0,1
1371413820000,1371413879999,79863.66200606633,79863.66200606633,79863.66200606633,79863.66200606633,0,1
1371413880000,1371413939999,79863.66200606633,79863.66200606633,79863.66200606633,79863.66200606633,0,1
1371413940000,1371413999999,79863.66200606633,79863.66200606633,79863.66200606633,79863.66200606633,0,1
1371414000000,1371414059999,79863.66200606633,79863.66200606633,79863.66200606633,79863.66200606633,0,1
1371414060000,1371414119999,79863.66200606633,79863.66200606633,79863.66200606633,79863.66200606633,0,1
1371414120000,1371414179999,79863.66200606633,79863.66200606633,79863.66200606633,79863.66200606633,0,1
1371414180000,1371414239999,79863.66200606633,79863.66200606633,79863.66200606633,79863.66200606633,0,1
1371414240000,1371414299999,79863.66200606633,79863.66200606633,79863.66200606633,79863.66200606633,0,1
1371414300000,1371414359999,79863.66200606633,79863.66200606633,79863.66200606633,79863.66200606633,0,1
1371414360000,1371414419999,79863.66200606633,79863.66200606633,79863.66200606633,79863.66200606633,0,1
1371414420000,1371414479999,79863.66200606633,79863.66200606633,79863.66200606633,79863.66200606633,0,1
1371414480000,1371414539999,79863.66200606633,79863.66200606633,79863.66200606633,79863.66200606633,0,1
1371414540000,1371414599999,79863.66200606633,79863.66200606633,79863.66200606633,79863.66200606633,0,1
1371414600000,1371414659999,79863.66200606633,79863.66200606633,79863.66200606633,79863.66200606633,0,1
1371414660000,1371414719999,79863.66200606633,79863.66200606633,79863.66200606633,79863.66200606633,0,1
1371414720000,1371414779999,79863.66200606633,79863.66200606633,79863.66200606633,79863.66200606633,0,1
1371414780000,1371414839999,79863.66200606633,79863.66200606633,79863.66200606633,79863.66200606633,0,1
1371414840000,1371414899999,79863.66200606633,79863.66200606633,79863.66200606633,79863.66200606633,0,1
1371414900000,1371414959999,79863.66200606633,79863.66200606633,79863.66200606633,79863.66200606633,0,1
1371414960000,1371415019999,79863.66200606633,79863.66200606633,79863.66200606633,79863.66200606633,0,1
1371415020000,1371415079999,79863.66200606633,79863.66200606633,79863.66200606633,79863.66200606633,0,1
1371415080000,1371415139999,79863.66200606633,79863.66200606633,79863.66200606633,79863.66200606633,0,1
1371415140000,1371415199999,79863.66200606633,79863.66200606633,79863.66200606633,79863.66200606633,0,1
1371415200000,1371415259999,79863.66200606633,79863.66200606633,79863.66200606633,79863.66200606633,0,1
1371415260000,1371415319999,79863.66200606633,79863.66200606633,79863.66200606633,79863.66200606633,0,1
1371415320000,1371415379999,79863.66200606633,79863.66200606633,79863.66200606633,79863.66200606633,0,1
1371415380000,1371415439999,79863.66200606633,79863.66200606633,79863.66200606633,79863.66200606633,0,1
1371415440000,1371415499999,79863.66200606633,79863.66200606633,79863.66200606633,79863.66200606633,0,1
1371415500000,1371415559999,79863.66200606633,79863.66200606633,79863.66200606633,79863.66200606633,0,1
1371415560000,1371415619999,79863.66200606633,79863.66200606633,79863.66200606633,79863.66200606633,0,1
1371415620000,1371415679999,79863.66200606633,79863.66200606633,79863.66200606633,79863.66200606633,0,1
1371415680000,1371415739999,79863.66200606633,79863.66200606633,79863.66200606633,79863.66200606633,0,1
1371415740000,1371415799999,79863.66200606633,79863.66200606633,79863.66200606633,79863.66200606633,0,1
1371415800000,1371415859999,79863.66200606633,79863.66200606633,79863.66200606633,79863.66200606633,0,1
1371415860000,1371415919999,79863.66200606633,79863.66200606633,79863.66200606633,79863.66200606633,0,1
1371415920000,1371415979999,79863.66200606633,79863.66200606633,79863.66200606633,79863.66200606633,0,1
1371415980000,1371416039999,79863.66200606633,79863.66200606633,79863.66200606633,79863.66200606633,0,1
1371416040000,1371416099999,79863.66200606633,79863.66200606633,79863.66200606633,79863.66200606633,0,1
1371416100000,1371416159999,79863.66200606633,79863.66200606633,79863.66200606633,79863.66200606633,0,1
1371416160000,1371416219999,79863.66200606633,79863.66200606633,79863.66200606633,79863.66200606633,0,1
1371416220000,1371416279999,79863.66200606633,79863.66200606633,79863.66200606633,79863.66200606633,0,1
1371416280000,1371416339999,79863.66200606633,79863.66200606633,79863.66200606633,79863.66200606633,0,1
1371416340000,1371416399999,79863.66200606633,79863.66200606633,79863.66200606633,79863.66200606633,0,1
1371416400000,1371416459999,79863.66200606633,79863.66200606633,79863.66200606633,79863.66200606633,0,1
1371416460000,1371416519999,79863.66200606633,79863.66200606633,79863.66200606633,79863.66200606633,0,1
1371416520000,1371416579999,79863.66200606633,79863.66200606633,79863.66200606633,79863.66200606633,0,1
1371416580000,1371416639999,79863.66200606633,79863.66200606633,79863.66200606633,79863.66200606633,0,1
1371416640000,1371416699999,79863.66200606633,79863.66200606633,79863.66200606633,79863.66200606633,0,1
1371416700000,1371416759999,79863.66200606633,79863.66200606633,79863.66200606633,79863.66200606633,0,1
1371416760000,1371416819999,79863.66200606633,79863.66200606633,79863.66200606633,79863.66200606633,0,1
1371416820000,1371416879999,79863.66200606633,79863.66200606633,79863.66200606633,79863.66200606633,0,1
1371416880000,1371416939999,79863.66200606633,79863.66200606633,79863.66200606633,79863.66200606633,0,1
1371416940000,1371416999999,79863.66200606633,79863.66200606633,79863.66200606633,79863.66200606633,0,1
1371417000000,1371417059999,79863.66200606633,79863.66200606633,79863.66200606633,79863.66200606633,0,1
1371417060000,1371417119999,79863.66200606633,79863.66200606633,79863.66200606633,79863.66200606633,0,1
1371417120000,1371417179999,79863.66200606633,79863.66200606633,79863.66200606633,79863.66200606633,0,1
1371417180000,1371417239999,79863.66200606633,79863.66200606633,79863.66200606633,79863.66200606633,0,1
1371417240000,1371417299999,79863.66200606633,79863.66200606633,79863.66200606633,79863.66200606633,0,1
1371417300000,1371417359999,79863.66200606633,79863.66200606633,79863.66200606633,79863.66200606633,0,1
1371417360000,1371417419999,79863.66200606633,79863.66200606633,79863.66200606633,79863.66200606633,0,1
1371417420000,1371417479999,79863.66200606633,79863.66200606633,79863.66200606633,79863.66200606633,0,1
1371417480000,1371417539999,79863.66200606633,79863.66200606633,79863.66200606633,79863.66200606633,0,1
1371417540000,1371417599999,79863.66200606633,79863.66200606633,79863.66200606633,79863.66200606633,0,1
1371417600000,1371417659999,79863.66200606633,79863.66200606633,79863.66200606633,79863.66200606633,0,1
1371417660000,1371417719999,79863.66200606633,79863.66200606633,79863.66200606633,79863.66200606633,0,1
1371417720000,1371417779999,79863.66200606633,79863.66200606633,79863.66200606633,79863.66200606633,0,1
1371417780000,1371417839999,79863.66200606633,79863.66200606633,79863.66200606633,79863.66200606633,0,1
1371417840000,1371417899999,79863.66200606633,79863.66200606633,79863.66200606633,79863.66200606633,0,1
1371417900000,1371417959999,79863.66200606633,79863.66200606633,79863.66200606633,79863.66200606633,0,1
1371417960000,1371418019999,79863.66200606633,79863.66200606633,79863.66200606633,79863.66200606633,0,1
1371418020000,1371418079999,79863.66200606633,79863.66200606633,79863.66200606633,79863.66200606633,0,1
1371418080000,1371418139999,79863.66200606633,79863.66200606633,79863.66200606633,79863.66200606633,0,1
1371418140000,1371418199999,79863.66200606633,79863.66200606633,79863.66200606633,79863.66200606633,0,1
1371418200000,1371418259999,79863.66200606633,79863.66200606633,79863.66200606633,79863.66200606633,0,1
1371418260000,1371418319999,79863.66200606633,79863.66200606633,79863.66200606633,79863.66200606633,0,1
1371418320000,1371418379999,79863.66200606633,79863.66200606633,79863.66200606633,79863.66200606633,0,1
1371418380000,1371418439999,79863.66200606633,79863.66200606633,79863.66200606633,79863.66200606633,0,1
1371418440000,1371418499999,79863.66200606633,79863.66200606633,79863.66200606633,79863.66200606633,0,1
1371418500000,1371418559999,79863.66200606633,79863.66200606633,79863.66200606633,79863.66200606633,0,1
1371418560000,1371418619999,79863.66200606633,79863.66200606633,79863.66200606633,79863.66200606633,0,1
1371418620000,1371418679999,79863.66200606633,79863.66200606633,79863.66200606633,79863.66200606633,0,1
1371418680000,1371418739999,79863.66200606633,79863.66200606633,79863.66200606633,79863.66200606633,0,1
1371418740000,1371418799999,79863.66200606633,79863.66200606633,79863.66200606633,79863.66200606633,0,1
1371418800000,1371418859999,79863.66200606633,79863.66200606633,79863.66200606633,79863.66200606633,0,1
1371418860000,1371418919999,79863.66200606633,79863.66200606633,79863.66200606633,79863.66200606633,0,1
1371418920000,1371418979999,79863.66200606633,79863.66200606633,79863.66200606633,79863.66200606633,0,1
1371418980000,1371419039999,79863.66200606633,79863.66200606633,79863.66200606633,79863.66200606633,0,1
1371419040000,1371419099999,79863.66200606633,79863.66200606633,79863.66200606633,79863.66200606633,0,1
1371419100000,1371419159999,79863.66200606633,79863.66200606633,79863.66200606633,79863.66200606633,0,1
1371419160000,1371419219999,79863.66200606633,79863.66200606633,79863.66200606633,79863.66200606633,0,1
1371419220000,1371419279999,79863.66200606633,79863.66200606633,79863.66200606633,79863.66200606633,0,1
1371419280000,1371419339999,79863.66200606633,79863.66200606633,79863.66200606633,79863.66200606633,0,1
1371419340000,1371419399999,79863.66200606633,79863.66200606633,79863.66200606633,79863.66200606633,0,1
1371419400000,1371419459999,79863.66200606633,79863.66200606633,79863.66200606633,79863.66200606633,0,1
1371419460000,1371419519999,79863.66200606633,79863.66200606633,79863.66200606633,79863.66200606633,0,1
1371419520000,1371419579999,79863.66200606633,79863.66200606633,79863.66200606633,79863.66200606633,0,1
1371419580000,1371419639999,79863.66200606633,79863.66200606633,79863.66200606633,79863.66200606633,0,1
1371419640000,1371419699999,79863.66200606633,79863.66200606633,79863.66200606633,79863.66200606633,0,1
1371419700000,1371419759999,79863.66200606633,79863.66200606633,79863.66200606633,79863.66200606633,0,1
1371419760000,1371419819999,79863.66200606633,79863.66200606633,79863.66200606633,79863.66200606633,0,1
1371419820000,1371419879999,79863.66200606633,79863.66200606633,79863.66200606633,79863.66200606633,0,1
1371419880000,1371419939999,79863.66200606633,79863.66200606633,79863.66200606633,79863.66200606633,0,1
1371419940000,1371419999999,79863.66200606633,79863.66200606633,79863.66200606633,79863.66200606633,0,1
1371420000000,1371420059999,79863.25051583057,79863.66200606633,79863.25051583057,79863.66200606633,0,1
1371420060000,1371420119999,79862.38667132748,79867.41564755059,79862.38667132748,79867.068902787,0,1
1371420120000,1371420179999,79866.0625950042,79866.0625950042,79861.39349803256,79864.88277415538,0,1
1371420180000,1371420239999,79864.67875643441,79864.67875643441,79863.98846561257,79864.4101267535,0,1
1371420240000,1371420299999,79864.90997620371,79865.6376035337,79862.94443773165,79865.4812021261,0,1
1371420300000,1371420359999,79869.62841181032,79870.91301801572,79868.40482388873,79870.91301801572,0,1
1371420360000,1371420419999,79871.64020869494,79876.0905507653,79871.64020869494,79872.92795403302,0,1
1371420420000,1371420479999,79873.36282792986,79874.07964908991,79872.48626587362,79872.48626587362,0,1
1371420480000,1371420539999,79872.71730519041,79872.71730519041,79871.26642569837,79871.26642569837,0,1
1371420540000,1371420599999,79873.75012157288,79876.82076125474,79870.8110711708,79876.82076125474,0,1
1371420600000,1371420659999,79875.87996853258,79875.87996853258,79872.26541447791,79875.55729360496,0,1
1371420660000,1371420719999,79874.534854809,79874.73867154923,79871.95281647245,79874.73867154923,0,1
1371420720000,1371420779999,79874.84397523743,79876.1788581238,79874.30385748143,79876.1788581238,0,1
1371420780000,1371420839999,79876.16187600004,79876.25357912578,79874.06945767994,79874.95946833008,0,1
1371420840000,1371420899999,79874.14419444517,79874.23251899304,79870.72951294656,79874.23251899304,0,1
1371420900000,1371420959999,79873.06725163675,79873.50551680662,79872.48286819679,79873.50551680662,0,1
1371420960000,1371421019999,79872.76147386378,79872.76147386378,79872.24502794932,79872.24502794932,0,1
1371421020000,1371421079999,79872.43190290568,79874.15778288792,79872.43190290568,79874.15778288792,0,1
1371421080000,1371421139999,79873.96414583545,79875.8935546169,79873.96414583545,79875.63881246434,0,1
1371421140000,1371421199999,79876.2365971289,79876.45736083889,79875.68636482545,79875.78146886926,0,1
1371421200000,1371421259999,79876.09734366671,79876.09734366671,79875.6048463537,79875.6048463537,0,1
1371421260000,1371421319999,79876.06677557399,79876.26376831006,79875.6659852698,79876.26376831006,0,1
1371421320000,1371421379999,79875.80524473889,79876.39962310846,79875.80524473889,79876.39962310846,0,1
1371421380000,1371421439999,79876.57962787349,79876.57962787349,79875.61163958505,79876.0905507653,0,1
1371421440000,1371421499999,79876.3181104509,79876.5592501382,79875.92751974694,79875.97167424353,0,1
1371421500000,1371421559999,79876.07356849156,79876.51509823596,79875.99544966093,79875.99544966093,0,1
1371421560000,1371421619999,79876.09734366671,79876.23320072607,79875.76788263267,79875.93770926345,0,1
1371421620000,1371421679999,79879.83274043135,79879.86669218456,79879.03144559279,79879.86669218456,0,1
1371421680000,1371421739999,79879.93799049106,79880.86482221932,79879.83953079121,79880.69507924412,0,1
1371421740000,1371421799999,79879.6222369886,79880.12132665933,79879.53735531449,79879.91422444537,0,1
1371421800000,1371421859999,79880.18243796848,79880.18243796848,79879.2555429896,79879.43549635452,0,1
1371421860000,1371421919999,79879.98552241299,79879.98552241299,79879.62902749139,79879.62902749139,0,1
1371421920000,1371421979999,79879.75804616854,79880.99043016601,79879.45586822952,79880.99043016601,0,1
1371421980000,1371422039999,79879.4287057203,79879.4287057203,79879.4287057203,79879.4287057203,0,1
1371422040000,1371422099999,79879.92780504983,79880.89537564886,79879.52377417978,79880.89537564886,0,1
1371422100000,1371422159999,79880.7901356652,79880.9598770269,79880.44385435301,79880.44385435301,0,1
1371422160000,1371422219999,79880.44385435301,79880.44385435301,79880.44385435301,79880.44385435301,0,1
1371422220000,1371422279999,79880.90895492092,79881.40798037862,79880.90895492092,79881.40798037862,0,1
1371422280000,1371422339999,79881.40798037862,79881.40798037862,79881.40798037862,79881.40798037862,0,1
1371422340000,1371422399999,79880.18243796848,79880.72223831377,79880.04323944302,79880.64415578972,0,1
1371422400000,1371422459999,79878.92279050173,79879.30307815544,79877.55431438265,79877.55431438265,0,1
1371422460000,1371422519999,79877.17735630187,79877.63242103661,79877.16377196163,79877.16377196163,0,1
1371422520000,1371422579999,79877.66298434383,79878.32856208933,79877.66298434383,79878.32856208933,0,1
1371422580000,1371422639999,79877.74448603974,79877.74448603974,79877.74448603974,79877.74448603974,0,1
1371422640000,1371422699999,79878.02973674457,79878.02973674457,79878.02973674457,79878.02973674457,0,1
1371422700000,1371422759999,79877.73429836408,79879.55093643077,79877.73429836408,79879.55093643077,0,1
1371422760000,1371422819999,79879.55093643077,79879.55093643077,79879.55093643077,79879.55093643077,0,1
1371422820000,1371422879999,79879.82934524969,79879.82934524969,79877.30980265218,79877.30980265218,0,1
1371422880000,1371422939999,79877.58487792859,79877.58487792859,79877.58487792859,79877.58487792859,0,1
1371422940000,1371422999999,79877.58487792859,79877.58487792859,79877.58487792859,79877.58487792859,0,1
1371423000000,1371423059999,79876.98038156217,79876.98038156217,79876.98038156217,79876.98038156217,0,1
1371423060000,1371423119999,79876.98038156217,79876.98038156217,79876.98038156217,79876.98038156217,0,1
1371423120000,1371423179999,79877.15358369434,79877.61204544657,79876.6339682979,79877.61204544657,0,1
1371423180000,1371423239999,79877.06528494299,79877.18754454494,79876.96000464352,79876.96000464352,0,1
1371423240000,1371423299999,79879.2181937722,79879.2181937722,79878.73943235846,79878.73943235846,0,1
1371423300000,1371423359999,79878.30479221835,79878.93976793753,79877.62562917787,79878.77678336402,0,1
1371423360000,1371423419999,79878.86846251349,79878.86846251349,79878.86846251349,79878.86846251349,0,1
1371423420000,1371423479999,79878.86846251349,79878.86846251349,79878.86846251349,79878.86846251349,0,1
1371423480000,1371423539999,79878.92958147952,79878.92958147952,79878.92958147952,79878.92958147952,0,1
1371423540000,1371423599999,79877.81579947878,79877.81579947878,79877.32338679406,79877.32338679406,0,1
1371423600000,1371423659999,79877.79202838894,79878.44061929148,79877.76146547611,79878.44061929148,0,1
1371423660000,1371423719999,79878.2674394498,79878.2674394498,79878.2674394498,79878.2674394498,0,1
1371423720000,1371423779999,79878.96353629923,79879.6527942149,79878.96353629923,79879.6527942149,0,1
1371423780000,1371423839999,79879.61205122575,79880.0907708647,79879.51358831664,79880.0907708647,0,1
1371423840000,1371423899999,79879.80557894579,79880.09756104935,79879.15368115906,79880.09756104935,0,1
1371423900000,1371423959999,79879.66977041138,79879.99570779545,79879.66637517439,79879.66637517439,0,1
1371423960000,1371424019999,79879.53396003254,79879.53396003254,79879.53396003254,79879.53396003254,0,1
1371424020000,1371424079999,79879.88366801792,79880.18243796848,79879.88366801792,79880.18243796848,0,1
1371424080000,1371424139999,79884.11654128044,79886.22382367951,79882.7929001658,79883.86879614297,0,1
1371424140000,1371424199999,79884.45930182982,79884.45930182982,79882.7487757778,79883.40043925087,0,1
1371424200000,1371424259999,79882.79968851591,79885.60966966883,79882.57567052929,79883.1289179646,0,1
1371424260000,1371424319999,79883.36310551116,79884.59843889832,79883.36310551116,79884.59843889832,0,1
1371424320000,1371424379999,79884.87331375817,79884.87331375817,79883.1289179646,79883.1289179646,0,1
1371424380000,1371424439999,79882.38559072632,79882.58585327392,79881.58110584145,79881.58110584145,0,1
1371424440000,1371424499999,79881.53018689882,79881.53018689882,79881.53018689882,79881.53018689882,0,1
1371424500000,1371424559999,79881.56752748211,79881.56752748211,79881.37063919957,79881.37063919957,0,1
1371424560000,1371424619999,79881.37063919957,79881.37063919957,79881.37063919957,79881.37063919957,0,1
1371424620000,1371424679999,79881.37063919957,79881.37063919957,79881.37063919957,79881.37063919957,0,1
1371424680000,1371424739999,79881.64899736167,79881.7270720401,79881.45211068318,79881.45211068318,0,1
1371424740000,1371424799999,79881.45211068318,79881.45211068318,79881.45211068318,79881.45211068318,0,1
1371424800000,1371424859999,79881.45211068318,79881.45211068318,79881.45211068318,79881.45211068318,0,1
1371424860000,1371424919999,79881.45211068318,79881.45211068318,79881.45211068318,79881.45211068318,0,1
1371424920000,1371424979999,79881.43853214868,79881.43853214868,79881.43853214868,79881.43853214868,0,1
1371424980000,1371425039999,79881.43853214868,79881.43853214868,79881.43853214868,79881.43853214868,0,1
1371425040000,1371425099999,79881.43853214868,79881.43853214868,79881.43853214868,79881.43853214868,0,1
1371425100000,1371425159999,79881.1873259345,79881.84248566556,79881.1873259345,79881.50981924916,0,1
1371425160000,1371425219999,79881.50981924916,79881.50981924916,79881.50981924916,79881.50981924916,0,1
1371425220000,1371425279999,79881.67954839539,79881.67954839539,79881.67954839539,79881.67954839539,0,1
1371425280000,1371425339999,79881.59128959887,79882.01220916562,79881.59128959887,79882.01220916562,0,1
1371425340000,1371425399999,79882.01220916562,79882.01220916562,79882.01220916562,79882.01220916562,0,1
1371425400000,1371425459999,79882.01220916562,79882.01220916562,79882.01220916562,79882.01220916562,0,1
1371425460000,1371425519999,79881.99523694524,79881.99523694524,79881.77798998024,79881.77798998024,0,1
1371425520000,1371425579999,79881.86285263767,79881.86285263767,79881.2552201282,79881.41816431234,0,1
1371425580000,1371425639999,79881.41816431234,79881.74404471563,79881.41816431234,79881.74404471563,0,1
1371425640000,1371425699999,79881.74404471563,79881.74404471563,79881.74404471563,79881.74404471563,0,1
1371425700000,1371425759999,79882.57906477865,79882.57906477865,79882.57906477865,79882.57906477865,0,1
1371425760000,1371425819999,79881.41137502434,79882.243028503,79881.41137502434,79882.243028503,0,1
1371425820000,1371425879999,79882.68089172376,79882.68089172376,79881.82211865198,79881.82211865198,0,1
1371425880000,1371425939999,79882.46705394144,79882.67410329301,79881.42495359572,79882.67410329301,0,1
1371425940000,1371425999999,79882.17514101564,79882.44329390557,79881.45550531393,79882.3482531976,0,1
1371426000000,1371426059999,79882.3482531976,79882.3482531976,79882.3482531976,79882.3482531976,0,1
1371426060000,1371426119999,79882.02239248402,79882.02239248402,79882.02239248402,79882.02239248402,0,1
1371426120000,1371426179999,79882.02239248402,79882.02239248402,79882.02239248402,79882.02239248402,0,1
1371426180000,1371426239999,79881.39779643452,79881.39779643452,79881.39779643452,79881.39779643452,0,1
1371426240000,1371426299999,79881.39779643452,79881.39779643452,79881.39779643452,79881.39779643452,0,1
1371426300000,1371426359999,79881.39779643452,79881.39779643452,79881.39779643452,79881.39779643452,0,1
1371426360000,1371426419999,79882.06652007726,79883.75001205088,79882.06652007726,79883.75001205088,0,1
1371426420000,1371426479999,79883.17982876734,79883.37668143262,79882.79629434143,79882.79629434143,0,1
1371426480000,1371426539999,79883.35631754351,79884.3371311003,79882.99994277093,79882.99994277093,0,1
1371426540000,1371426599999,79883.39365130855,79883.39365130855,79882.7521699684,79882.7521699684,0,1
1371426600000,1371426659999,79884.3676739226,79884.39142938657,79884.3676739226,79884.39142938657,0,1
1371426660000,1371426719999,79883.1357060866,79884.26925782784,79883.12552390186,79884.26925782784,0,1
1371426720000,1371426779999,79884.57807749702,79885.74539755886,79884.57807749702,79885.74539755886,0,1
1371426780000,1371426839999,79885.9489859398,79886.69204835822,79885.9489859398,79886.69204835822,0,1
1371426840000,1371426899999,79886.73954818773,79889.51450372314,79886.73954818773,79889.14478027454,0,1
1371426900000,1371426959999,79889.24654038527,79889.98596608925,79889.24654038527,79889.79263528956,0,1
1371426960000,1371427019999,79891.11535027593,79891.11535027593,79891.11535027593,79891.11535027593,0,1
1371427020000,1371427079999,79889.85368752484,79889.85368752484,79889.02266677479,79889.24314839825,0,1
1371427080000,1371427139999,79890.15215975406,79890.15215975406,79889.81298607608,79889.81298607608,0,1
1371427200000,1371427259999,79889.59590888477,79890.1759014807,79889.44327366311,79890.1759014807,0,1
1371427260000,1371427319999,79889.82655324407,79890.12163459412,79889.24654038527,79889.60608448338,0,1
1371427320000,1371427379999,79889.84690396156,79890.14876807423,79889.60269261833,79889.60269261833,0,1
1371427380000,1371427439999,79889.37882698112,79889.37882698112,79887.12632411526,79887.12632411526,0,1
1371427440000,1371427499999,79887.28238735886,79891.66812547036,79887.28238735886,79891.66812547036,0,1
1371427500000,1371427559999,79892.61082494186,79895.83499915656,79892.20052422359,79895.7638141034,0,1
1371427560000,1371427619999,79896.02821317516,79899.91881677276,79895.96719862522,79899.47154214911,0,1
1371427620000,1371427679999,79898.8446463185,79900.78958952313,79898.8446463185,79900.26442437127,0,1
1371427680000,1371427739999,79899.71212416785,79901.68061310485,79899.7087357289,79900.3254127076,0,1
1371427740000,1371427799999,79900.65406567263,79902.70705516792,79900.65406567263,79900.6913349146,0,1
1371427800000,1371427859999,79902.03632277872,79902.03632277872,79898.88192230464,79899.72906634539,0,1
1371427860000,1371427919999,79899.8747678873,79901.39603625535,79899.76295061434,79899.98658390997,0,1
1371427920000,1371427979999,79899.98658390997,79899.98658390997,79899.98658390997,79899.98658390997,0,1
1371427980000,1371428039999,79899.49526176027,79899.88493303194,79898.84803505024,79898.84803505024,0,1
1371428040000,1371428099999,79899.65452054953,79899.91204003377,79898.46171223343,79899.77311587264,0,1
1371428100000,1371428159999,79899.10218665915,79899.9357586001,79899.10218665915,79899.30211471894,0,1
1371428160000,1371428219999,79899.25467452408,79899.51898131515,79898.69215220095,79898.69215220095,0,1
1371428220000,1371428279999,79899.12929578286,79899.14623894787,79899.12929578286,79899.14623894787,0,1
1371428280000,1371428339999,79899.27500606372,79899.51898131515,79899.18351380981,79899.18351380981,0,1
1371428340000,1371428399999,79899.65113209106,79899.65113209106,79897.99403832812,79898.09909741454,0,1
1371428400000,1371428459999,79898.31599010147,79901.00642386373,79897.32976823024,79901.00642386373,0,1
1371428460000,1371428519999,79899.46476510701,79900.25087135714,79898.72942875554,79899.53931231743,0,1
1371428520000,1371428579999,79899.42071422146,79899.98319556401,79896.64172767964,79896.64172767964,0,1
1371428580000,1371428639999,79897.62801740592,79901.12500315507,79897.62801740592,79901.12500315507,0,1
1371428640000,1371428699999,79901.23680519906,79901.62979640425,79899.45459953527,79900.61002002575,0,1
1371428700000,1371428759999,79900.87767904106,79901.90420351973,79899.20723410416,79899.20723410416,0,1
1371428760000,1371428819999,79900.34235384612,79900.80314180716,79897.2958757156,79897.2958757156,0,1
1371428820000,1371428879999,79896.36378654551,79898.18721063597,79894.58410229748,79896.50275807822,0,1
1371428880000,1371428939999,79897.32298973651,79897.32298973651,79897.09590754104,79897.09590754104,0,1
1371428940000,1371428999999,79897.20097606351,79897.33654671938,79895.29940393896,79895.80788110082,0,1
1371429000000,1371429059999,79895.94347064415,79897.08573956092,79895.93669121065,79896.11634464563,0,1
1371429060000,1371429119999,79896.31972199773,79896.31972199773,79894.33322609538,79894.49934752777,0,1
1371429120000,1371429179999,79894.57393176305,79896.41463001323,79894.09590497616,79895.88584531288,0,1
1371429180000,1371429239999,79894.83158211391,79899.15640483308,79894.34000661604,79895.95702949738,0,1
1371429240000,1371429299999,79896.88237778743,79898.26854522817,79896.21125459134,79896.2519300066,0,1
1371429300000,1371429359999,79895.70618773681,79897.47550473423,79895.70618773681,79897.47550473423,0,1
1371429360000,1371429419999,79896.31633240909,79896.71629593789,79896.31633240909,79896.51970569398,0,1
1371429420000,1371429479999,79896.91627170355,79896.91627170355,79896.51292665112,79896.51292665112,0,1
1371429480000,1371429539999,79896.3468386655,79897.38738524148,79896.07227900748,79897.12302210413,0,1
1371429540000,1371429599999,79897.96692612665,79897.96692612665,79895.69940814245,79897.36366063,0,1
1371429600000,1371429659999,79897.59751505767,79899.9357586001,79896.84848375645,79899.9357586001,0,1
1371429660000,1371429719999,79900.15599974383,79900.5727504807,79899.52575832051,79899.52575832051,0,1
1371429720000,1371429779999,79898.35326805829,79898.35326805829,79897.00778470322,79897.00778470322,0,1
1371429780000,1371429839999,79897.77713865812,79898.3363235497,79897.68563269879,79897.88220002326,0,1
1371429840000,1371429899999,79897.37382832753,79897.97709321082,79897.31282198727,79897.31282198727,0,1
1371429900000,1371429959999,79897.43144508493,79897.9635370963,79896.00787503322,79897.76358227253,0,1
1371429960000,1371430019999,79897.8483093809,79899.53253532127,79897.03828885035,79899.00730414741,0,1
1371430020000,1371430079999,79898.23804483362,79898.23804483362,79896.66545400395,79897.36704986366,0,1
1371430080000,1371430139999,79897.08912888878,79899.15979345918,79897.08912888878,79898.08893045443,0,1
1371430140000,1371430199999,79898.94291907316,79899.67485127624,79898.06181851022,79899.06491149405,0,1
1371430200000,1371430259999,79898.98358337882,79899.74600849421,79898.98358337882,79899.74600849421,0,1
1371430260000,1371430319999,79899.32583473198,79899.32583473198,79896.2146442156,79896.43835687636,0,1
1371430320000,1371430379999,79896.19769608282,79896.81120018967,79896.1604100896,79896.24854039498,0,1
1371430380000,1371430439999,79895.94347064415,79897.92625768662,79895.66212029126,79897.88558908118,0,1
1371430440000,1371430499999,79897.31282198727,79899.27161747665,79896.68579080854,79898.88869974174,0,1
1371430500000,1371430559999,79898.41087917276,79898.41087917276,79897.58395842857,79897.58395842857,0,1
1371430560000,1371430619999,79897.25181527485,79897.25181527485,79896.30955322836,79896.6722329434,0,1
1371430620000,1371430679999,79896.58410637196,79896.58410637196,79895.39771153971,79896.1841375559,0,1
1371430680000,1371430739999,79896.50953712797,79896.50953712797,79895.25533470076,79895.25533470076,0,1
1371430740000,1371430799999,79895.90618370302,79895.90618370302,79895.90618370302,79895.90618370302,0,1
1371430800000,1371430859999,79896.19769608282,79897.70935654642,79896.19769608282,79897.44161271353,0,1
1371430860000,1371430919999,79896.98405919113,79897.51956418942,79894.48578669797,79896.09600668291,0,1
1371430920000,1371430979999,79896.2417611683,79896.2417611683,79895.35364273476,79895.35364273476,0,1
1371430980000,1371431039999,79894.2891525991,79896.98066982767,79894.2891525991,79896.98066982767,0,1
1371431040000,1371431099999,79897.27554015168,79898.275323081,79897.27554015168,79898.275323081,0,1
1371431100000,1371431159999,79897.90931245446,79899.89848654205,79897.74324765969,79899.89848654205,0,1
1371431160000,1371431219999,79898.53626692167,79900.45416464057,79898.53626692167,79899.76633903493,0,1
1371431220000,1371431279999,79899.82733040905,79900.82008213639,79899.67485127624,79900.54225711328,0,1
1371431280000,1371431339999,79901.34860599309,79901.56204040174,79899.79683476848,79899.79683476848,0,1
1371431340000,1371431399999,79899.86799111847,79902.09391267867,79899.51559281076,79902.09391267867,0,1
1371431400000,1371431459999,79902.59188209836,79902.59188209836,79902.15827746848,79902.15827746848,0,1
1371431460000,1371431519999,79902.26668038858,79902.26668038858,79900.60324375516,79900.96237976883,0,1
1371431520000,1371431579999,79900.46094101218,79901.3452181086,79900.46094101218,79900.69472302063,0,1
1371431580000,1371431639999,79900.78958952313,79903.61484351837,79899.12929578286,79903.2185430677,0,1
1371431640000,1371431699999,79902.98820738393,79903.3167728485,79902.81545213932,79902.81545213932,0,1
1371431700000,1371431759999,79903.04579180226,79904.92895826415,79902.46993269652,79902.46993269652,0,1
1371431760000,1371431819999,79902.43267008266,79903.0525664179,79902.37508213359,79903.04579180226,0,1
1371431820000,1371431879999,79903.03562987017,79903.03562987017,79902.4936451967,79902.6731808734,0,1
1371431880000,1371431939999,79902.6731808734,79902.6731808734,79902.6731808734,79902.6731808734,0,1
1371431940000,1371431999999,79902.59188209836,79902.60204448139,79901.04707977918,79902.60204448139,0,1
1371432000000,1371432059999,79901.31133920063,79904.26514868785,79901.31133920063,79904.20079745747,0,1
1371432060000,1371432119999,79903.46580929401,79904.39723675807,79902.16505268542,79903.14402328,0,1
1371432120000,1371432179999,79904.17708900505,79905.92797634873,79903.94000138932,79905.30148515133,0,1
1371432180000,1371432239999,79905.98554384112,79906.7203468372,79905.4979028315,79906.12099545712,0,1
1371432240000,1371432299999,79906.13454051781,79906.13454051781,79904.47174720748,79905.07458406308,0,1
1371432300000,1371432359999,79905.101677001,79905.101677001,79905.101677001,79905.101677001,0,1
1371432360000,1371432419999,79905.2879389622,79906.49686408194,79905.1118368338,79906.43591337278,0,1
1371432420000,1371432479999,79906.33432803195,79906.33432803195,79904.10596331055,79905.26761964413,0,1
1371432480000,1371432539999,79904.92557159242,79906.61876438578,79904.81042407152,79906.61876438578,0,1
1371432540000,1371432599999,79906.63230877226,79907.30273297496,79905.77559021038,79905.80606762382,0,1
1371432600000,1371432659999,79905.04749105175,79907.03863183639,79904.93911827244,79907.03863183639,0,1
1371432660000,1371432719999,79905.24052715578,79906.78129581276,79904.63431353371,79906.78129581276,0,1
1371432720000,1371432779999,79907.04878970147,79909.26972842285,79906.17178934012,79906.62215048411,0,1
1371432780000,1371432839999,79906.57813111627,79908.7382376809,79906.57813111627,79908.67730063158,0,1
1371432840000,1371432899999,79908.19317643502,79908.43016323587,79908.10515133567,79908.10515133567,0,1
1371432900000,1371432959999,79907.37045009212,79907.37045009212,79906.01940691711,79906.01940691711,0,1
1371432960000,1371433019999,79905.23375402224,79905.96183961969,79904.91879824555,79905.09151715788,0,1
1371433020000,1371433079999,79904.96621157737,79905.33196400975,79903.3574193721,79903.3574193721,0,1
1371433080000,1371433139999,79903.99758032708,79904.90863821663,79903.99758032708,79904.46497355321,0,1
1371433140000,1371433199999,79904.43449205218,79905.6265881853,79904.22789276284,79905.6265881853,0,1
1371433200000,1371433259999,79906.32416944111,79907.08264917719,79906.32416944111,79906.90319264944,0,1
1371433260000,1371433319999,79906.16501683729,79906.16501683729,79903.36080657494,79903.54710096445,0,1
1371433320000,1371433379999,79903.64871462324,79904.23466657771,79902.41234496202,79903.3167728485,0,1
1371433380000,1371433439999,79903.85532587857,79903.85532587857,79903.85532587857,79903.85532587857,0,1
1371433440000,1371433499999,79905.00007810532,79907.07249134652,79904.4073973066,79906.15147181788,0,1
1371433500000,1371433559999,79906.71696077212,79906.71696077212,79904.19063669903,79904.51916265897,0,1
1371433560000,1371433619999,79905.8297722145,79906.26660389808,79905.05765093962,79906.07697388317,0,1
1371433620000,1371433679999,79906.1142229199,79906.71696077212,79905.88056757675,79905.88056757675,0,1
1371433680000,1371433739999,79905.62997461963,79906.02617951857,79904.15338049643,79906.02617951857,0,1
1371433740000,1371433799999,79906.2462865685,79906.2462865685,79905.4538785145,79905.88395392508,0,1
1371433800000,1371433859999,79906.52395316678,79908.02389671007,79906.52395316678,79906.5307254265,0,1
1371433860000,1371433919999,79906.85578850062,79907.77335745818,79906.25983145947,79907.77335745818,0,1
1371433920000,1371433979999,79907.80382878357,79908.734852299,79907.80382878357,79908.734852299,0,1
1371433980000,1371434039999,79908.50464364194,79908.71115459371,79908.50464364194,79908.71115459371,0,1
1371434040000,1371434099999,79908.56219630306,79908.56219630306,79908.04082481153,79908.04082481153,0,1
1371434100000,1371434159999,79907.8106001766,79907.8139858714,79907.8106001766,79907.8139858714,0,1
1371434160000,1371434219999,79908.23718869411,79909.40513556165,79908.23718869411,79909.05645846116,0,1
1371434220000,1371434279999,79910.14984205285,79911.0434166429,79909.310350757,79909.310350757,0,1
1371434280000,1371434339999,79908.23041758995,79908.83302790843,79907.63454246758,79908.83302790843,0,1
1371434340000,1371434399999,79908.18301973233,79908.18301973233,79907.91894184152,79907.91894184152,0,1
1371434400000,1371434459999,79908.22026092507,79911.3006430116,79908.22026092507,79909.83842608504,0,1
1371434460000,1371434519999,79910.10583821098,79910.10583821098,79907.8139858714,79908.70776920267,0,1
1371434520000,1371434579999,79909.27311362367,79909.37128394884,79907.93587012064,79908.41323579349,0,1
1371434580000,1371434639999,79908.49787271886,79908.75516457314,79908.02051108635,79908.75516457314,0,1
1371434640000,1371434699999,79908.3692243092,79908.45724708408,79907.56682713875,79908.10853693074,0,1
1371434700000,1371434759999,79907.86815683224,79908.09838014208,79907.86815683224,79908.09838014208,0,1
1371434760000,1371434819999,79907.9053991976,79907.9053991976,79907.9053991976,79907.9053991976,0,1
1371434820000,1371434879999,79907.8343000161,79909.00567922843,79907.49572555,79907.49572555,0,1
1371434880000,1371434939999,79907.49572555,79907.78351457695,79905.86702217205,79905.86702217205,0,1
1371434940000,1371434999999,79906.38850700881,79906.76775162807,79905.73833991226,79906.71696077212,0,1
1371435000000,1371435059999,79907.29596123802,79907.35013500512,79906.78806789822,79906.8862626221,0,1
1371435060000,1371435119999,79906.45961647049,79907.71241452887,79906.20903802368,79906.52733929722,0,1
1371435120000,1371435179999,79905.96522594047,79907.09957887206,79905.96522594047,79907.04201779257,0,1
1371435180000,1371435239999,79907.11650853828,79907.11650853828,79905.91104467025,79906.80838412709,0,1
1371435240000,1371435299999,79907.00138624285,79907.00138624285,79906.04988358749,79906.04988358749,0,1
1371435300000,1371435359999,79904.80365064666,79904.80365064666,79904.67834145893,79904.67834145893,0,1
1371435360000,1371435419999,79905.3556697243,79908.93797318371,79905.3556697243,79908.93797318371,0,1
1371435420000,1371435479999,79909.15124567233,79909.15124567233,79906.51040863352,79906.51040863352,0,1
1371435480000,1371435539999,79905.83315858002,79905.83315858002,79904.37691563006,79904.40401045824,0,1
1371435540000,1371435599999,79904.40401045824,79904.77994362346,79903.1372487263,79903.1372487263,0,1
1371435600000,1371435659999,79903.09660130777,79906.29369360667,79903.09660130777,79905.4437190292,0,1
1371435660000,1371435719999,79904.58689862823,79905.97538489595,79904.58689862823,79905.8771812273,0,1
1371435720000,1371435779999,79906.44268569215,79908.06113849544,79906.30723843344,79907.67517144479,0,1
1371435780000,1371435839999,79906.64246705007,79906.64246705007,79906.64246705007,79906.64246705007,0,1
1371435840000,1371435899999,79906.96752649196,79906.96752649196,79906.96752649196,79906.96752649196,0,1
1371435900000,1371435959999,79907.73611460107,79907.73611460107,79906.37496229212,79906.37496229212,0,1
1371435960000,1371436019999,79906.37496229212,79906.37496229212,79906.37496229212,79906.37496229212,0,1
1371436020000,1371436079999,79906.37496229212,79906.37496229212,79906.37496229212,79906.37496229212,0,1
1371436080000,1371436139999,79906.37496229212,79906.37496229212,79906.37496229212,79906.37496229212,0,1
1371436140000,1371436199999,79906.37496229212,79906.37496229212,79906.37496229212,79906.37496229212,0,1
1371436200000,1371436259999,79906.37496229212,79906.37496229212,79906.37496229212,79906.37496229212,0,1
1371436260000,1371436319999,79904.874771379,79904.874771379,79904.874771379,79904.874771379,0,1
1371436320000,1371436379999,79904.874771379,79904.874771379,79904.874771379,79904.874771379,0,1
1371436380000,1371436439999,79904.874771379,79904.874771379,79904.874771379,79904.874771379,0,1
1371436440000,1371436499999,79905.81961311109,79905.81961311109,79902.43944511369,79902.43944511369,0,1
1371436500000,1371436559999,79902.79851518999,79904.70204872299,79902.78496560987,79902.78496560987,0,1
1371436560000,1371436619999,79904.0314501356,79904.67156794459,79902.83577644064,79903.9603234052,0,1
1371436620000,1371436679999,79903.41838884774,79903.92984036588,79902.76125380049,79903.92984036588,0,1
1371436680000,1371436739999,79904.76301000106,79904.76301000106,79904.76301000106,79904.76301000106,0,1
1371436740000,1371436799999,79904.76301000106,79904.76301000106,79904.76301000106,79904.76301000106,0,1
1371436800000,1371436859999,79904.76301000106,79904.76301000106,79904.76301000106,79904.76301000106,0,1
1371436860000,1371436919999,79904.76301000106,79904.76301000106,79904.76301000106,79904.76301000106,0,1
1371436920000,1371436979999,79904.76301000106,79904.76301000106,79904.76301000106,79904.76301000106,0,1
1371436980000,1371437039999,79904.76301000106,79904.76301000106,79904.76301000106,79904.76301000106,0,1
1371437040000,1371437099999,79904.76301000106,79904.76301000106,79904.76301000106,79904.76301000106,0,1
1371437100000,1371437159999,79904.76301000106,79904.76301000106,79904.76301000106,79904.76301000106,0,1
1371437160000,1371437219999,79904.76301000106,79904.76301000106,79904.76301000106,79904.76301000106,0,1
1371437220000,1371437279999,79904.76301000106,79904.76301000106,79904.76301000106,79904.76301000106,0,1
1371437280000,1371437339999,79904.76301000106,79904.76301000106,79904.76301000106,79904.76301000106,0,1
1371437340000,1371437399999,79904.76301000106,79904.76301000106,79904.76301000106,79904.76301000106,0,1
1371437400000,1371437459999,79906.68987221013,79906.68987221013,79905.8399313076,79905.8399313076,0,1
1371437460000,1371437519999,79906.2462865685,79906.43591337278,79905.60965599652,79905.60965599652,0,1
1371437520000,1371437579999,79905.95845329775,79906.12776798976,79905.95845329775,79906.12776798976,0,1
1371437580000,1371437639999,79906.16163058416,79906.73727714545,79906.16163058416,79906.32416944111,0,1
1371437640000,1371437699999,79906.32416944111,79906.32416944111,79906.32416944111,79906.32416944111,0,1
1371437700000,1371437759999,79905.98554384112,79906.63908095862,79905.98554384112,79906.61199218566,0,1
1371437760000,1371437819999,79906.66616965819,79906.66616965819,79906.66616965819,79906.66616965819,0,1
1371437820000,1371437879999,79906.70680256997,79906.70680256997,79906.29707981508,79906.29707981508,0,1
1371437880000,1371437939999,79906.7745237227,79906.7745237227,79906.63230877226,79906.63230877226,0,1
1371437940000,1371437999999,79906.72373290116,79906.72373290116,79906.72373290116,79906.72373290116,0,1
1371438000000,1371438059999,79906.15485807446,79906.61199218566,79906.15485807446,79906.16501683729,0,1
1371438060000,1371438119999,79907.78351457695,79907.78351457695,79907.78351457695,79907.78351457695,0,1
1371438120000,1371438179999,79907.61761367836,79907.61761367836,79907.61761367836,79907.61761367836,0,1
1371438180000,1371438239999,79906.56120053858,79906.56120053858,79906.12776798976,79906.12776798976,0,1
1371438240000,1371438299999,79906.30723843344,79906.30723843344,79906.30723843344,79906.30723843344,0,1
1371438300000,1371438359999,79906.30723843344,79906.30723843344,79906.30723843344,79906.30723843344,0,1
1371438360000,1371438419999,79906.1142229199,79906.66616965819,79905.60626955533,79906.66616965819,0,1
1371438420000,1371438479999,79906.5307254265,79906.63230877226,79906.16501683729,79906.16501683729,0,1
1371438480000,1371438539999,79906.17517558981,79906.92689463958,79906.17517558981,79906.92689463958,0,1
1371438540000,1371438599999,79908.10176573944,79908.10176573944,79908.10176573944,79908.10176573944,0,1
1371438600000,1371438659999,79907.68194292493,79909.30696556879,79907.68194292493,79909.16817186549,0,1
1371438660000,1371438719999,79909.38143944471,79909.63193841159,79909.18509803001,79909.20540938961,0,1
1371438720000,1371438779999,79909.8451961005,79911.733851414,79909.79442087279,79911.42925371478,0,1
1371438780000,1371438839999,79910.46124832299,79910.46124832299,79909.64886379115,79909.64886379115,0,1
1371438840000,1371438899999,79909.7504154669,79909.7504154669,79909.59470247572,79909.59470247572,0,1
1371438900000,1371438959999,79909.59470247572,79909.59470247572,79909.59470247572,79909.59470247572,0,1
1371438960000,1371439019999,79909.59470247572,79909.59470247572,79909.59470247572,79909.59470247572,0,1
1371439020000,1371439079999,79910.14984205285,79910.14984205285,79909.57439190682,79909.84181109334,0,1
1371439080000,1371439139999,79909.64886379115,79909.98059544734,79909.64886379115,79909.98059544734,0,1
1371439140000,1371439199999,79909.7165650229,79909.80796095873,79909.2223354911,79909.80796095873,0,1
1371439200000,1371439259999,79909.73349025923,79909.7504154669,79909.26295801777,79909.310350757,0,1
1371439260000,1371439319999,79908.7991743589,79908.7991743589,79908.7991743589,79908.7991743589,0,1
1371439320000,1371439379999,79907.87154250755,79907.87154250755,79905.70786229239,79905.70786229239,0,1
1371439380000,1371439439999,79906.23274165916,79906.83547236805,79905.69093024122,79906.83547236805,0,1
1371439440000,1371439499999,79906.72711896394,79906.72711896394,79906.5916755578,79906.5916755578,0,1
1371439500000,1371439559999,79906.30046602234,79906.42914104882,79906.16163058416,79906.16163058416,0,1
1371439560000,1371439619999,79906.03295211542,79906.51718090243,79906.03295211542,79906.51718090243,0,1
1371439620000,1371439679999,79906.51718090243,79906.78468185606,79906.51718090243,79906.78468185606,0,1
1371439680000,1371439739999,79906.66616965819,79906.66616965819,79905.35228319709,79906.01263431109,0,1
1371439740000,1371439799999,79907.09957887206,79907.09957887206,79906.19549306389,79906.37496229212,0,1
1371439800000,1371439859999,79907.39415097478,79909.7774957396,79907.39415097478,79909.7774957396,0,1
1371439860000,1371439919999,79910.31908579398,79910.48494188132,79909.40852071662,79909.58116210104,0,1
1371439920000,1371439979999,79908.60959236349,79909.35097292616,79908.14239281842,79909.34758775169,0,1
1371439980000,1371440039999,79909.46606817594,79909.46606817594,79908.65021737936,79909.17494233474,0,1
1371440040000,1371440099999,79908.53849818859,79908.79578899764,79908.36583880239,79908.79578899764,0,1
1371440100000,1371440159999,79908.44370516915,79908.74162306164,79908.44370516915,79908.58250892788,0,1
1371440160000,1371440219999,79908.24734534178,79908.24734534178,79907.51604034123,79907.51604034123,0,1
1371440220000,1371440279999,79908.27442968513,79908.42000677389,79907.89862786875,79907.89862786875,0,1
1371440280000,1371440339999,79907.95279837109,79907.95279837109,79906.46300262272,79907.82752863911,0,1
1371440340000,1371440399999,79907.89862786875,79908.382766325,79907.89862786875,79908.382766325,0,1
1371440400000,1371440459999,79908.12207929957,79908.12207929957,79906.67971398047,79906.67971398047,0,1
1371440460000,1371440519999,79906.67971398047,79906.67971398047,79906.67971398047,79906.67971398047,0,1
1371440520000,1371440579999,79906.28014876155,79906.76097952886,79906.2158104967,79906.2158104967,0,1
1371440580000,1371440639999,79906.1142229199,79908.70776920267,79906.1142229199,79908.70776920267,0,1
1371440640000,1371440699999,79908.09499454357,79908.09499454357,79905.83654494438,79906.55442829948,0,1
1371440700000,1371440759999,79906.56120053858,79906.56120053858,79903.78758495374,79904.20418437467,0,1
1371440760000,1371440819999,79903.44548627315,79904.24821419369,79903.11692503768,79903.11692503768,0,1
1371440820000,1371440879999,79903.47258362513,79903.61484351837,79903.47258362513,79903.61484351837,0,1
1371440880000,1371440939999,79903.22531756632,79903.62839197408,79903.09660130777,79903.09660130777,0,1
1371440940000,1371440999999,79902.94755935956,79902.94755935956,79898.69215220095,79902.14133940607,0,1
1371441000000,1371441059999,79901.67722533284,79901.67722533284,79901.12161519485,79901.12161519485,0,1
1371441060000,1371441119999,79901.3452181086,79902.41912000683,79901.14871884462,79902.41912000683,0,1
1371441120000,1371441179999,79902.62914411897,79902.62914411897,79902.24974250978,79902.24974250978,0,1
1371441180000,1371441239999,79902.52074512801,79902.78157821197,79902.43267008266,79902.78157821197,0,1
1371441240000,1371441299999,79903.2930623001,79905.54869987951,79903.2930623001,79905.4030809848,0,1
1371441300000,1371441359999,79905.46065149896,79905.46065149896,79901.76191928869,79903.45564778874,0,1
1371441360000,1371441419999,79904.16354129273,79906.94043860871,79904.16354129273,79906.8253142863,0,1
1371441420000,1371441479999,79906.8151561942,79907.09280699756,79906.11083664956,79907.09280699756,0,1
1371441480000,1371441539999,79906.83208634195,79907.32981987685,79906.33771422661,79907.32981987685,0,1
1371441540000,1371441599999,79907.78012887185,79907.78012887185,79907.59391332531,79907.59391332531,0,1
1371441600000,1371441659999,79906.73727714545,79907.06233350551,79906.73727714545,79907.06233350551,0,1
1371441660000,1371441719999,79907.06233350551,79907.06233350551,79907.06233350551,79907.06233350551,0,1
1371441720000,1371441779999,79905.99231646549,79905.99231646549,79905.85009039038,79905.85009039038,0,1
1371441780000,1371441839999,79905.2235943133,79905.2235943133,79905.2235943133,79905.2235943133,0,1
1371441840000,1371441899999,79905.25068684752,79906.0227932184,79905.25068684752,79906.0227932184,0,1
1371441900000,1371441959999,79906.13115425436,79906.83208634195,79906.13115425436,79906.4460718501,0,1
1371441960000,1371442019999,79906.83547236805,79906.83547236805,79906.83547236805,79906.83547236805,0,1
1371442020000,1371442079999,79906.97429845131,79907.88847086689,79906.97429845131,79907.88847086689,0,1
1371442080000,1371442139999,79907.61761367836,79907.74627175767,79907.4754107175,79907.74627175767,0,1
1371442140000,1371442199999,79907.29596123802,79907.84784275631,79907.29596123802,79907.84784275631,0,1
1371442200000,1371442259999,79907.84784275631,79907.84784275631,79907.590527556,79907.590527556,0,1
1371442260000,1371442319999,79907.68194292493,79907.68194292493,79906.56120053858,79906.95398255951,0,1
1371442320000,1371442379999,79906.87610459192,79908.01373983546,79906.87610459192,79908.01373983546,0,1
1371442380000,1371442439999,79908.06790971423,79908.06790971423,79907.77674316558,79907.77674316558,0,1
1371442440000,1371442499999,79907.15375370305,79907.1605255363,79907.15375370305,79907.1605255363,0,1
1371442500000,1371442559999,79906.78806789822,79906.78806789822,79906.77113767595,79906.78468185606,0,1
1371442560000,1371442619999,79906.56458665642,79907.11312260733,79906.30046602234,79906.95736854435,0,1
1371442620000,1371442679999,79906.52733929722,79906.52733929722,79906.52733929722,79906.52733929722,0,1
1371442680000,1371442739999,79907.05894755623,79907.05894755623,79907.05894755623,79907.05894755623,0,1
1371442740000,1371442799999,79906.91673665067,79906.91673665067,79906.91673665067,79906.91673665067,0,1
1371442800000,1371442859999,79906.31401083995,79906.31401083995,79906.31401083995,79906.31401083995,0,1
1371442860000,1371442919999,79905.80945399737,79905.92120368079,79905.20666144215,79905.4538785145,0,1
1371442920000,1371442979999,79906.13454051781,79906.13454051781,79905.78236297696,79905.78236297696,0,1
1371442980000,1371443039999,79906.0634287445,79906.0939052807,79905.04410442019,79906.09051900348,0,1
1371443040000,1371443099999,79905.70108947536,79906.20565178545,79905.70108947536,79906.20565178545,0,1
1371443100000,1371443159999,79906.16163058416,79906.16163058416,79906.04649729536,79906.04649729536,0,1
1371443160000,1371443219999,79906.3275556392,79906.3275556392,79906.3275556392,79906.3275556392,0,1
1371443220000,1371443279999,79906.33771422661,79906.33771422661,79906.33771422661,79906.33771422661,0,1
1371443280000,1371443339999,79906.33771422661,79906.33771422661,79906.33771422661,79906.33771422661,0,1
1371443340000,1371443399999,79905.81622674101,79905.81622674101,79905.81622674101,79905.81622674101,0,1
1371443400000,1371443459999,79906.31401083995,79906.60521998095,79904.84429112707,79906.07020131612,0,1
1371443460000,1371443519999,79906.12099545712,79906.12099545712,79905.95506697467,79905.95506697467,0,1
1371443520000,1371443579999,79906.40543787889,79906.40543787889,79906.40543787889,79906.40543787889,0,1
1371443580000,1371443639999,79906.16840308928,79906.16840308928,79905.95506697467,79905.95506697467,0,1
1371443640000,1371443699999,79906.81854222606,79906.81854222606,79906.50702249735,79906.50702249735,0,1
1371443700000,1371443759999,79906.21242426075,79906.5578144196,79905.61981531323,79905.61981531323,0,1
1371443760000,1371443819999,79906.44268569215,79907.08942105858,79905.88395392508,79906.81854222606,0,1
1371443820000,1371443879999,79906.46977492374,79906.46977492374,79906.30046602234,79906.30046602234,0,1
1371443880000,1371443939999,79906.94382459813,79906.94382459813,79906.94382459813,79906.94382459813,0,1
1371443940000,1371443999999,79906.8287003147,79906.8287003147,79905.79929487332,79905.79929487332,0,1
1371444000000,1371444059999,79905.99570277597,79905.99570277597,79905.99570277597,79905.99570277597,0,1
1371444060000,1371444119999,79906.64585314039,79907.10635074199,79906.26999011566,79906.26999011566,0,1
1371444120000,1371444179999,79906.74404926073,79906.74404926073,79905.81284036976,79905.81284036976,0,1
1371444180000,1371444239999,79906.11760918908,79906.11760918908,79905.23375402224,79905.36244277528,0,1
1371444240000,1371444299999,79906.16840308928,79906.16840308928,79905.79590849634,79905.81961311109,0,1
1371444300000,1371444359999,79904.92895826415,79905.42001352337,79904.92895826415,79905.42001352337,0,1
1371444360000,1371444419999,79904.96282491827,79905.00007810532,79902.8459385758,79904.9865315079,0,1
1371444420000,1371444479999,79903.7740367137,79904.21434511934,79903.7740367137,79904.21434511934,0,1
1371444480000,1371444539999,79904.16015436177,79904.56996467893,79904.16015436177,79904.37352877138,0,1
1371444540000,1371444599999,79903.6012950443,79903.6012950443,79902.8459385758,79902.8459385758,0,1
1371444600000,1371444659999,79902.90691116998,79902.90691116998,79902.90691116998,79902.90691116998,0,1
1371444660000,1371444719999,79902.51735764062,79902.51735764062,79902.51735764062,79902.51735764062,0,1
1371444720000,1371444779999,79902.22264184401,79903.0424044927,79902.22264184401,79902.94755935956,0,1
1371444780000,1371444839999,79902.56816983114,79902.99159471183,79901.50105960696,79902.99159471183,0,1
1371444840000,1371444899999,79902.91368587973,79903.38451696272,79901.79918440203,79902.79851518999,0,1
1371444900000,1371444959999,79902.7002803182,79903.33032170807,79902.7002803182,79903.0424044927,0,1
1371444960000,1371445019999,79904.08225463328,79904.46497355321,79904.08225463328,79904.46497355321,0,1
1371445020000,1371445079999,79904.57335147107,79904.57335147107,79903.80113317542,79903.80113317542,0,1
1371445080000,1371445139999,79903.15079782909,79903.88242212002,79903.15079782909,79903.88242212002,0,1
1371445140000,1371445199999,79903.88242212002,79903.88242212002,79903.88242212002,79903.88242212002,0,1
1371445200000,1371445259999,79904.70882221668,79904.7122089618,79904.31595199826,79904.7122089618,0,1
1371445260000,1371445319999,79904.79349050074,79904.79349050074,79904.05177196565,79904.05177196565,0,1
1371445320000,1371445379999,79903.9772583869,79904.05854589982,79901.36215751954,79903.37435537485,0,1
1371445380000,1371445439999,79903.20838131117,79904.38368934399,79903.20838131117,79904.38368934399,0,1
1371445440000,1371445499999,79903.11015046564,79903.5538752405,79902.92384793573,79903.5538752405,0,1
1371445500000,1371445559999,79903.75371431925,79906.64585314039,79903.75371431925,79906.64585314039,0,1
1371445560000,1371445619999,79906.64585314039,79906.64585314039,79906.64585314039,79906.64585314039,0,1
1371445620000,1371445679999,79906.24967279295,79906.24967279295,79905.12199665628,79905.12199665628,0,1
1371445680000,1371445739999,79905.28455241206,79905.77559021038,79905.28455241206,79905.77559021038,0,1
1371445740000,1371445799999,79906.08713272514,79906.08713272514,79906.08713272514,79906.08713272514,0,1
1371445800000,1371445859999,79906.55104217821,79906.66278357476,79906.38512083136,79906.66278357476,0,1
1371445860000,1371445919999,79906.7034165003,79906.7034165003,79906.7034165003,79906.7034165003,0,1
1371445920000,1371445979999,79906.7034165003,79906.7034165003,79906.7034165003,79906.7034165003,0,1
1371445980000,1371446039999,79906.7034165003,79906.7034165003,79906.7034165003,79906.7034165003,0,1
1371446040000,1371446099999,79906.7034165003,79906.7034165003,79906.7034165003,79906.7034165003,0,1
1371446100000,1371446159999,79906.7034165003,79906.7034165003,79906.7034165003,79906.7034165003,0,1
1371446160000,1371446219999,79906.7034165003,79906.7034165003,79906.7034165003,79906.7034165003,0,1
1371446220000,1371446279999,79906.7034165003,79906.7034165003,79906.7034165003,79906.7034165003,0,1
1371446280000,1371446339999,79906.30385222846,79906.30385222846,79906.30385222846,79906.30385222846,0,1
1371446340000,1371446399999,79906.30385222846,79906.30385222846,79906.30385222846,79906.30385222846,0,1
1371446400000,1371446459999,79906.17517558981,79906.17517558981,79906.17517558981,79906.17517558981,0,1
1371446460000,1371446519999,79906.71696077212,79906.71696077212,79906.71696077212,79906.71696077212,0,1
1371446520000,1371446579999,79906.19549306389,79906.19549306389,79906.19549306389,79906.19549306389,0,1
1371446580000,1371446639999,79905.83315858002,79905.83315858002,79905.83315858002,79905.83315858002,0,1
1371446640000,1371446699999,79906.72711896394,79906.72711896394,79906.31062463728,79906.31062463728,0,1
1371446700000,1371446759999,79905.90427199085,79905.90427199085,79905.35905625035,79905.35905625035,0,1
1371446760000,1371446819999,79905.35905625035,79905.35905625035,79905.35905625035,79905.35905625035,0,1
1371446820000,1371446879999,79906.20903802368,79906.42575488513,79905.65029320144,79906.26999011566,0,1
1371446880000,1371446939999,79906.38173465275,79906.64923922956,79905.95168065044,79906.41559638717,0,1
1371446940000,1371446999999,79906.06681503088,79906.75082137142,79905.92459001533,79906.23951411611,0,1
1371447000000,1371447059999,79906.63230877226,79906.84901646101,79906.25644523844,79906.63908095862,0,1
1371447060000,1371447119999,79906.67971398047,79907.06233350551,79906.54088380752,79906.54088380752,0,1
1371447120000,1371447179999,79906.3986655343,79907.44493839136,79906.3986655343,79907.44493839136,0,1
1371447180000,1371447239999,79906.49686408194,79906.72373290116,79906.49686408194,79906.72373290116,0,1
1371447240000,1371447299999,79907.05894755623,79907.33997744614,79906.16163058416,79907.33997744614,0,1
1371447300000,1371447359999,79906.31739704148,79907.56682713875,79906.31739704148,79907.56682713875,0,1
1371447360000,1371447419999,79907.41108014231,79907.41108014231,79907.41108014231,79907.41108014231,0,1
1371447420000,1371447479999,79907.56005558066,79907.7158002569,79906.61876438578,79907.7158002569,0,1
1371447480000,1371447539999,79907.68532866328,79907.68532866328,79907.23840128891,79907.23840128891,0,1
1371447540000,1371447599999,79908.02051108635,79909.455912766,79908.02051108635,79909.455912766,0,1
1371447600000,1371447659999,79909.455912766,79909.455912766,79909.455912766,79909.455912766,0,1
1371447660000,1371447719999,79909.455912766,79909.455912766,79909.455912766,79909.455912766,0,1
1371447720000,1371447779999,79910.03475467276,79910.03475467276,79909.23249113823,79909.97382552354,0,1
1371447780000,1371447839999,79909.97382552354,79909.97382552354,79909.97382552354,79909.97382552354,0,1
1371447840000,1371447899999,79909.25280240158,79909.8519661114,79909.25280240158,79909.8519661114,0,1
1371447900000,1371447959999,79909.2968099973,79909.56085150462,79909.2968099973,79909.56085150462,0,1
1371447960000,1371448019999,79909.6116279183,79909.6116279183,79909.53377064524,79909.53377064524,0,1
1371448020000,1371448079999,79909.63532348978,79909.63532348978,79909.63532348978,79909.63532348978,0,1
1371448080000,1371448139999,79909.59808756654,79909.59808756654,79909.59808756654,79909.59808756654,0,1
1371448140000,1371448199999,79909.49991946788,79909.49991946788,79909.31373594407,79909.31373594407,0,1
1371448200000,1371448259999,79909.74026034573,79909.74026034573,79909.64547871752,79909.64886379115,0,1
1371448260000,1371448319999,79909.78765082295,79909.78765082295,79908.92443191975,79908.92443191975,0,1
1371448320000,1371448379999,79908.52157092959,79910.02459984034,79908.52157092959,79909.27649882332,0,1
1371448380000,1371448439999,79909.49653434384,79911.6255510728,79908.93797318371,79910.6677188731,0,1
1371448440000,1371448499999,79911.17541521123,79912.29902478786,79910.90803168592,79911.65262626806,0,1
1371448500000,1371448559999,79912.02490276936,79912.02490276936,79911.23295250343,79911.62216666824,0,1
1371448560000,1371448619999,79911.99782858203,79911.99782858203,79911.99782858203,79911.99782858203,0,1
1371448620000,1371448679999,79911.99782858203,79911.99782858203,79911.99782858203,79911.99782858203,0,1
1371448680000,1371448739999,79911.99782858203,79911.99782858203,79911.99782858203,79911.99782858203,0,1
1371448740000,1371448799999,79911.99782858203,79911.99782858203,79911.99782858203,79911.99782858203,0,1
1371448800000,1371448859999,79911.99782858203,79911.99782858203,79911.99782858203,79911.99782858203,0,1
1371448860000,1371448919999,79911.99782858203,79911.99782858203,79911.99782858203,79911.99782858203,0,1
1371448920000,1371448979999,79912.0553611425,79912.0553611425,79912.0553611425,79912.0553611425,0,1
1371448980000,1371449039999,79912.0553611425,79912.0553611425,79912.0553611425,79912.0553611425,0,1
1371449040000,1371449099999,79912.0553611425,79912.0553611425,79912.0553611425,79912.0553611425,0,1
1371449100000,1371449159999,79912.0553611425,79912.0553611425,79912.0553611425,79912.0553611425,0,1
1371449160000,1371449219999,79912.0553611425,79912.0553611425,79912.0553611425,79912.0553611425,0,1
1371449220000,1371449279999,79912.0553611425,79912.0553611425,79912.0553611425,79912.0553611425,0,1
1371449280000,1371449339999,79912.0553611425,79912.0553611425,79912.0553611425,79912.0553611425,0,1
1371449340000,1371449399999,79912.0553611425,79912.0553611425,79912.0553611425,79912.0553611425,0,1
1371449400000,1371449459999,79912.0553611425,79912.0553611425,79912.0553611425,79912.0553611425,0,1
1371449460000,1371449519999,79925.71166809468,79925.71166809468,79925.45481215333,79925.45481215333,0,1
1371449520000,1371449579999,79925.45481215333,79925.45481215333,79925.45481215333,79925.45481215333,0,1
1371449580000,1371449639999,79925.3770781338,79925.3770781338,79924.89038184166,79924.96473975264,0,1
1371449640000,1371449699999,79925.00867825834,79925.09655469056,79925.00867825834,79925.0120581354,0,1
1371449700000,1371449759999,79924.39352160953,79925.00867825834,79924.39352160953,79925.00867825834,0,1
1371449760000,1371449819999,79925.52240646175,79928.60760024266,79925.45143242592,79928.60760024266,0,1
1371449820000,1371449879999,79927.81696220748,79928.34406117651,79927.81696220748,79928.34406117651,0,1
1371449880000,1371449939999,79928.1379552722,79928.1379552722,79927.54664426626,79927.58043440853,0,1
1371449940000,1371449999999,79927.59057142894,79927.59057142894,79927.1479119646,79927.1479119646,0,1
1371450000000,1371450059999,79926.82688711809,79927.47568459585,79926.0665240021,79926.0665240021,0,1
1371450060000,1371450119999,79926.08004207339,79926.67143980494,79926.08004207339,79926.67143980494,0,1
1371450120000,1371450179999,79926.61737060786,79926.61737060786,79926.61737060786,79926.61737060786,0,1
1371450180000,1371450239999,79926.50247259335,79926.50247259335,79926.50247259335,79926.50247259335,0,1
1371450240000,1371450299999,79929.15492841975,79930.08058814722,79929.15492841975,79930.08058814722,0,1
1371450300000,1371450359999,79929.19884851828,79929.19884851828,79929.19884851828,79929.19884851828,0,1
1371450360000,1371450419999,79928.63462949776,79928.63462949776,79928.63462949776,79928.63462949776,0,1
1371450420000,1371450479999,79928.63462949776,79928.63462949776,79928.63462949776,79928.63462949776,0,1
1371450480000,1371450539999,79928.95559631742,79928.95559631742,79928.64814409793,79928.64814409793,0,1
1371450540000,1371450599999,79928.32378865298,79928.32378865298,79928.32378865298,79928.32378865298,0,1
1371450600000,1371450659999,79928.54002678524,79929.75965743461,79928.54002678524,79929.30695870823,0,1
1371450660000,1371450719999,79929.50290544856,79929.50290544856,79929.50290544856,79929.50290544856,0,1
1371450720000,1371450779999,79929.91843496921,79929.91843496921,79929.91843496921,79929.91843496921,0,1
1371450780000,1371450839999,79929.58060740313,79929.58060740313,79929.58060740313,79929.58060740313,0,1
1371450840000,1371450899999,79929.82046614999,79932.09714860789,79929.15154994263,79932.09714860789,0,1
1371450900000,1371450959999,79931.62428985577,79933.79587809402,79931.62428985577,79933.79587809402,0,1
1371450960000,1371451019999,79934.31590855306,79939.69359856145,79934.31590855306,79939.69359856145,0,1
1371451020000,1371451079999,79939.4101014354,79939.79822047053,79938.61694177885,79938.61694177885,0,1
1371451080000,1371451139999,79939.7610966926,79940.43605294726,79939.62272503342,79939.99733656383,0,1
1371451140000,1371451199999,79940.00408619244,79940.26056870354,79938.71482445837,79938.71482445837,0,1
1371451200000,1371451259999,79938.69457294811,79939.8252194952,79938.42117354549,79939.8252194952,0,1
1371451260000,1371451319999,79937.98574425011,79938.49880623452,79936.88527253145,79937.04393696849,0,1
1371451320000,1371451379999,79936.80425142242,79936.80425142242,79936.40926411512,79936.69284632563,0,1
1371451380000,1371451439999,79936.30123068148,79936.60844769876,79936.30123068148,79936.60844769876,0,1
1371451440000,1371451499999,79937.07431923308,79937.07431923308,79935.99738039187,79935.99738039187,0,1
1371451500000,1371451559999,79936.34174335586,79936.64895912856,79936.02438968036,79936.64895912856,0,1
1371451560000,1371451619999,79936.3552475442,79936.3991360303,79935.57872709144,79936.3991360303,0,1
1371451620000,1371451679999,79936.35187149883,79936.54430426595,79936.06152733293,79936.54430426595,0,1
1371451680000,1371451739999,79936.78399604258,79937.10807719658,79936.78399604258,79937.10807719658,0,1
1371451740000,1371451799999,79936.97304465881,79937.52666647651,79936.94941377723,79936.94941377723,0,1
1371451800000,1371451859999,79937.11145298666,79937.24985939887,79937.11145298666,79937.24985939887,0,1
1371451860000,1371451919999,79937.4490262401,79937.4490262401,79937.4490262401,79937.4490262401,0,1
1371451920000,1371451979999,79937.40851805136,79937.40851805136,79937.40851805136,79937.40851805136,0,1
1371451980000,1371452039999,79936.92240698705,79937.4760316081,79936.60169577783,79936.60169577783,0,1
1371452040000,1371452099999,79937.34437975028,79938.12413856217,79935.4504266036,79935.57197447523,0,1
1371452100000,1371452159999,79935.84207556731,79937.91485861682,79935.84207556731,79937.91485861682,0,1
1371452160000,1371452219999,79937.48278293869,79938.46842829754,79937.48278293869,79938.21527523393,0,1
1371452220000,1371452279999,79937.47265594108,79938.50555687465,79936.79074784042,79936.79074784042,0,1
1371452280000,1371452339999,79936.30460674396,79937.4760316081,79936.30460674396,79937.16208970116,0,1
1371452340000,1371452399999,79936.7367333301,79936.7367333301,79935.4504266036,79935.8960949103,0,1
1371452400000,1371452459999,79936.02438968036,79936.63545533686,79932.67468146535,79934.6603294246,0,1
1371452460000,1371452519999,79933.82627022854,79939.1468469074,79933.82627022854,79939.1468469074,0,1
1371452520000,1371452579999,79939.68684872329,79943.07806846616,79938.01949913696,79943.07806846616,0,1
1371452580000,1371452639999,79944.4443543685,79949.19622599213,79944.4443543685,79946.83912124096,0,1
1371452640000,1371452699999,79950.60213123474,79950.83811513931,79948.36337834562,79949.90088905812,0,1
1371452700000,1371452759999,79949.92448935406,79950.75383581268,79949.08158711303,79950.75383581268,0,1
1371452760000,1371452819999,79951.53592067602,79952.03143417221,79951.53592067602,79952.03143417221,0,1
1371452820000,1371452879999,79951.14488589005,79951.86626573495,79951.14488589005,79951.76851170129,0,1
1371452880000,1371452939999,79950.40996879882,79950.40996879882,79943.81352456905,79943.91135639646,0,1
1371452940000,1371452999999,79943.34121952466,79943.34121952466,79941.21557072985,79942.069258586,0,1
1371453000000,1371453059999,79942.94311651918,79942.94311651918,79939.32572573876,79940.34831121033,0,1
1371453060000,1371453119999,79940.11545440662,79941.16832895759,79937.69882311138,79940.36518468107,0,1
1371453120000,1371453179999,79941.3640434183,79941.45515056756,79940.22007190228,79940.22007190228,0,1
1371453180000,1371453239999,79939.77459626416,79939.77459626416,79936.06490347632,79937.20935040334,0,1
1371453240000,1371453299999,79937.7224522221,79943.1927761892,79937.7224522221,79942.65633758472,0,1
1371453300000,1371453359999,79943.1219274568,79943.47279245715,79939.7779711542,79942.51125804993,0,1
1371453360000,1371453419999,79941.3606690635,79941.80607405312,79933.20827867051,79933.21165577734,0,1
1371453420000,1371453479999,79934.64006970171,79936.47340841415,79934.64006970171,79936.38563190124,0,1
1371453480000,1371453539999,79936.99667548454,79940.42592893998,79936.99667548454,79939.39997638938,0,1
1371453540000,1371453599999,79940.11545440662,79940.78701219654,79937.61443297441,79938.26253095896,0,1
1371453600000,1371453659999,79938.29966030054,79938.94771387859,79931.89112004319,79932.56323035329,0,1
1371453660000,1371453719999,79932.79288583294,79933.64729299562,79932.7016997297,79933.64729299562,0,1
1371453720000,1371453779999,79933.47506659625,79934.59617349463,79933.47506659625,79934.59617349463,0,1
1371453780000,1371453839999,79938.5325593896,79944.73782846598,79938.5325593896,79944.73782846598,0,1
1371453840000,1371453899999,79945.09875606344,79945.09875606344,79945.09875606344,79945.09875606344,0,1
1371453900000,1371453959999,79944.96045824312,79944.96045824312,79944.96045824312,79944.96045824312,0,1
1371453960000,1371454019999,79945.61819908571,79945.61819908571,79938.16126841759,79938.16126841759,0,1
1371454020000,1371454079999,79937.55704727449,79938.83295745081,79937.4388992083,79938.5325593896,0,1
1371454080000,1371454139999,79937.73933012415,79940.15257686908,79936.7367333301,79939.68009888055,0,1
1371454140000,1371454199999,79940.1627011531,79944.96383138344,79939.95683869654,79942.04226561934,0,1
1371454200000,1371454259999,79941.6069939718,79946.53221837149,79941.6069939718,79946.4512753857,0,1
1371454260000,1371454319999,79946.72445533692,79946.72445533692,79944.71084270164,79945.11562152044,0,1
1371454320000,1371454379999,79945.39558395151,79946.74806313054,79944.42411445809,79945.49002734097,0,1
1371454380000,1371454439999,79946.38382239705,79946.52884576016,79945.12911386555,79945.37197296479,0,1
1371454440000,1371454499999,79945.48328141416,79950.21105993196,79944.88287570162,79949.52664834948,0,1
1371454500000,1371454559999,79948.88602363902,79950.54144875918,79948.82195891072,79950.49425102359,0,1
1371454560000,1371454619999,79950.80777466355,79952.36513350745,79950.08294704156,79950.63921478855,0,1
1371454620000,1371454679999,79950.26837306206,79951.02015606077,79950.13688951125,79950.98981613733,0,1
1371454680000,1371454739999,79950.52459245062,79953.72004064951,79950.52459245062,79952.83027157771,0,1
1371454740000,1371454799999,79953.82114576211,79960.71747122394,79953.82114576211,79960.71747122394,0,1
1371454800000,1371454859999,79960.18197191364,79963.4719767773,79960.18197191364,79962.46858950263,0,1
1371454860000,1371454919999,79962.39114267536,79963.61675253564,79962.39114267536,79963.58645080618,0,1
1371454920000,1371454979999,79963.49891196082,79963.51237952536,79961.5762310036,79962.6100125961,0,1
1371454980000,1371455039999,79962.6470516472,79962.6470516472,79960.03041029854,79960.09440326066,0,1
1371455040000,1371455099999,79960.09440326066,79960.09440326066,79960.09440326066,79960.09440326066,0,1
1371455100000,1371455159999,79960.40089019129,79961.58970115778,79958.94920413622,79961.58970115778,0,1
1371455160000,1371455219999,79962.19920664864,79962.6100125961,79962.19920664864,79962.6100125961,0,1
1371455220000,1371455279999,79962.6100125961,79962.6100125961,79962.6100125961,79962.6100125961,0,1
1371455280000,1371455339999,79962.6100125961,79962.6100125961,79962.6100125961,79962.6100125961,0,1
1371455340000,1371455399999,79962.6100125961,79962.6100125961,79962.6100125961,79962.6100125961,0,1
1371455400000,1371455459999,79962.6100125961,79962.6100125961,79962.6100125961,79962.6100125961,0,1
1371455460000,1371455519999,79962.6100125961,79962.6100125961,79962.6100125961,79962.6100125961,0,1
1371455520000,1371455579999,79962.6100125961,79962.6100125961,79962.6100125961,79962.6100125961,0,1
1371455580000,1371455639999,79962.6100125961,79962.6100125961,79962.6100125961,79962.6100125961,0,1
1371455640000,1371455699999,79962.6100125961,79962.6100125961,79962.6100125961,79962.6100125961,0,1
1371455700000,1371455759999,79962.6100125961,79962.6100125961,79962.6100125961,79962.6100125961,0,1
1371455760000,1371455819999,79962.6100125961,79962.6100125961,79962.6100125961,79962.6100125961,0,1
1371455820000,1371455879999,79962.6100125961,79962.6100125961,79962.6100125961,79962.6100125961,0,1
1371455880000,1371455939999,79962.6100125961,79962.6100125961,79962.6100125961,79962.6100125961,0,1
1371455940000,1371455999999,79962.6100125961,79962.6100125961,79962.6100125961,79962.6100125961,0,1
1371456000000,1371456059999,79962.6100125961,79962.6100125961,79962.6100125961,79962.6100125961,0,1
1371456060000,1371456119999,79962.6100125961,79962.6100125961,79962.6100125961,79962.6100125961,0,1
1371456120000,1371456179999,79962.6100125961,79962.6100125961,79962.6100125961,79962.6100125961,0,1
1371456180000,1371456239999,79962.6100125961,79962.6100125961,79962.6100125961,79962.6100125961,0,1
1371456240000,1371456299999,79962.6100125961,79962.6100125961,79962.6100125961,79962.6100125961,0,1
1371456300000,1371456359999,79962.6100125961,79962.6100125961,79962.6100125961,79962.6100125961,0,1
1371456360000,1371456419999,79962.6100125961,79962.6100125961,79962.6100125961,79962.6100125961,0,1
1371456420000,1371456479999,79962.6100125961,79962.6100125961,79962.6100125961,79962.6100125961,0,1
1371456480000,1371456539999,79962.6100125961,79962.6100125961,79962.6100125961,79962.6100125961,0,1
1371456540000,1371456599999,79962.6100125961,79962.6100125961,79962.6100125961,79962.6100125961,0,1
1371456600000,1371456659999,79962.6100125961,79962.6100125961,79962.6100125961,79962.6100125961,0,1
1371456660000,1371456719999,79962.6100125961,79962.6100125961,79962.6100125961,79962.6100125961,0,1
1371456720000,1371456779999,79962.6100125961,79962.6100125961,79962.6100125961,79962.6100125961,0,1
1371456780000,1371456839999,79962.6100125961,79962.6100125961,79962.6100125961,79962.6100125961,0,1
1371456840000,1371456899999,79962.6100125961,79962.6100125961,79962.6100125961,79962.6100125961,0,1
1371456900000,1371456959999,79962.6100125961,79962.6100125961,79962.6100125961,79962.6100125961,0,1
1371456960000,1371457019999,79962.6100125961,79962.6100125961,79962.6100125961,79962.6100125961,0,1
1371457020000,1371457079999,79962.6100125961,79962.6100125961,79962.6100125961,79962.6100125961,0,1
1371457080000,1371457139999,79962.16890062345,79965.05429574648,79962.16890062345,79964.34059988902,0,1
1371457140000,1371457199999,79963.82886207104,79963.95343224083,79963.06120623906,79963.65042101627,0,1
1371457200000,1371457259999,79963.7749934089,79963.7749934089,79963.7749934089,79963.7749934089,0,1
1371457260000,1371457319999,79964.03086696967,79964.03086696967,79960.24259591651,79960.44804119304,0,1
1371457320000,1371457379999,79960.61643581305,79960.73094253492,79960.51539938133,79960.51539938133,0,1
1371457380000,1371457439999,79960.38741843567,79961.01720360335,79960.15502779439,79960.4076260623,0,1
1371457440000,1371457499999,79960.97342302957,79961.17211794078,79960.19207593963,79960.24933189413,0,1
1371457500000,1371457559999,79960.5558140765,79961.13170573629,79960.27627575929,79961.13170573629,0,1
1371457560000,1371457619999,79959.11088725753,79960.72083905339,79958.9256251293,79958.9795199206,0,1
1371457620000,1371457679999,79959.09404538768,79960.18197191364,79958.93573042478,79959.88558260896,0,1
1371457680000,1371457739999,79959.78117064787,79959.78117064787,79956.97848099069,79956.97848099069,0,1
1371457740000,1371457799999,79957.55794759183,79959.12772909898,79956.21366843255,79958.75383354347,0,1
1371457800000,1371457859999,79958.24180974234,79958.97278308756,79958.187910975,79958.61235590384,0,1
1371457860000,1371457919999,79957.78366095979,79959.5251883241,79957.78366095979,79959.5251883241,0,1
1371457920000,1371457979999,79960.15502779439,79960.34363510455,79958.98962516162,79960.32005938533,0,1
1371457980000,1371458039999,79960.04725059144,79960.47835243391,79959.90915935252,79960.30658752081,0,1
1371458040000,1371458099999,79960.14829175324,79960.65011439676,79959.22541122015,79959.22541122015,0,1
1371458100000,1371458159999,79958.90878294744,79960.58612499072,79958.4944563418,79960.58612499072,0,1
1371458160000,1371458219999,79960.46488078265,79961.6806242239,79960.14492373097,79960.42446571996,0,1
1371458220000,1371458279999,79960.32679531077,79960.32679531077,79957.51078296099,79958.49108776246,0,1
1371458280000,1371458339999,79958.91215138607,79960.12471557347,79958.64940976482,79958.64940976482,0,1
1371458340000,1371458399999,79958.56182769031,79958.59214464907,79956.89762251626,79957.11324366182,0,1
1371458400000,1371458459999,79957.00880275003,79958.60225028156,79957.00880275003,79958.53151063966,0,1
1371458460000,1371458519999,79958.12390581147,79962.36083723184,79958.12390581147,79962.02410390205,0,1
1371458520000,1371458579999,79961.92644911543,79965.3168691408,79960.3672107682,79960.50192777996,0,1
1371458580000,1371458639999,79960.30658752081,79962.06114512337,79958.81109773333,79958.81109773333,0,1
1371458640000,1371458699999,79958.34960640549,79960.10787541102,79956.94142093773,79956.94142093773,0,1
1371458700000,1371458759999,79956.67862753141,79956.72916526126,79955.22303130044,79955.2297706601,0,1
1371458760000,1371458819999,79955.36792653192,79955.7587962204,79954.45134458666,79954.81866140976,0,1
1371458820000,1371458879999,79954.45134458666,79955.52966756634,79954.45134458666,79955.2297706601,0,1
1371458880000,1371458939999,79955.74194870408,79958.7235170749,79955.74194870408,79958.61235590384,0,1
1371458940000,1371458999999,79960.08766717867,79960.1786039027,79958.86162468734,79958.86162468734,0,1
1371459000000,1371459059999,79958.51466779402,79962.26318573355,79958.51466779402,79961.64358159305,0,1
1371459060000,1371459119999,79961.5694959197,79962.42818253714,79959.24562119505,79960.5086635829,0,1
1371459120000,1371459179999,79960.65011439676,79962.48879292417,79960.65011439676,79961.83216083034,0,1
1371459180000,1371459239999,79962.01063433301,79963.42484003158,79961.47520426889,79961.47520426889,0,1
1371459240000,1371459299999,79960.5423425296,79964.42476478555,79960.5423425296,79963.56624960218,0,1
1371459300000,1371459359999,79963.7413253477,79963.75479258578,79960.4817203439,79962.30022606929,0,1
1371459360000,1371459419999,79962.81204211732,79963.70092352464,79962.19247198431,79963.33056587358,0,1
1371459420000,1371459479999,79961.89950969612,79962.46185501973,79961.74460662671,79961.74460662671,0,1
1371459480000,1371459539999,79959.9697850093,79962.39787720589,79958.9256251293,79962.39787720589,0,1
1371459540000,1371459599999,79961.63347903354,79961.63347903354,79958.90204606675,79958.90204606675,0,1
1371459600000,1371459659999,79961.04751311908,79961.89614226359,79960.51539938133,79961.89614226359,0,1
1371459660000,1371459719999,79961.17211794078,79962.68409056113,79959.24898952023,79962.68409056113,0,1
1371459720000,1371459779999,79961.95675587539,79961.95675587539,79958.80436078683,79958.97615150466,0,1
1371459780000,1371459839999,79959.14120255173,79963.61338568135,79959.14120255173,79963.61338568135,0,1
1371459840000,1371459899999,79962.67062188103,79963.69418987159,79962.67062188103,79963.69418987159,0,1
1371459900000,1371459959999,79963.69418987159,79963.69418987159,79963.69418987159,79963.69418987159,0,1
1371459960000,1371460019999,79963.3541344964,79965.17548432366,79961.54255553876,79962.68745772833,0,1
1371460020000,1371460079999,79963.18915297012,79964.42476478555,79962.36757178279,79962.36757178279,0,1
1371460080000,1371460139999,79962.74133224918,79962.74133224918,79961.65368414234,79961.65368414234,0,1
1371460140000,1371460199999,79961.82542591881,79963.7749934089,79961.28661829994,79961.51561508524,0,1
1371460200000,1371460259999,79961.34386798789,79965.07112758113,79961.34386798789,79965.07112758113,0,1
1371460260000,1371460319999,79965.15528632943,79965.15528632943,79963.85916306596,79964.92300646384,0,1
1371460320000,1371460379999,79965.04083025835,79966.90899348067,79964.5190286287,79965.87565623634,0,1
1371460380000,1371460439999,79966.0271292865,79966.52192526152,79965.926147508,79965.926147508,0,1
1371460440000,1371460499999,79966.77436275591,79966.77436275591,79965.53230882797,79965.67705476099,0,1
1371460500000,1371460559999,79966.1281100453,79968.15760709207,79965.86892404752,79968.15760709207,0,1
1371460560000,1371460619999,79968.3527940509,79968.3527940509,79966.49499821934,79966.6531935539,0,1
1371460620000,1371460679999,79966.91235922556,79967.20854034033,79966.68012017012,79967.20854034033,0,1
1371460680000,1371460739999,79966.69694926843,79969.09312374698,79966.69694926843,79968.80372866344,0,1
1371460740000,1371460799999,79968.75998216632,79968.75998216632,79968.75998216632,79968.75998216632,0,1
1371460800000,1371460859999,79968.30231503023,79970.77885187532,79967.84126151615,79967.84126151615,0,1
1371460860000,1371460919999,79969.05610856385,79969.73918487737,79967.93212775918,79968.93160194237,0,1
1371460920000,1371460979999,79969.47672757714,79969.48009245792,79967.47105717676,79967.55856125748,0,1
1371460980000,1371461039999,79967.4441326902,79967.48115384055,79966.13147605304,79967.4441326902,0,1
1371461040000,1371461099999,79967.51817485385,79967.51817485385,79966.62290102398,79966.62963270523,0,1
1371461100000,1371461159999,79966.8921647392,79969.190708573,79966.8921647392,79968.93833206965,0,1
1371461160000,1371461219999,79969.34549634383,79969.51374120337,79968.38308134099,79968.66575829174,0,1
1371461220000,1371461279999,79968.74988679365,79968.83064948962,79968.36625508005,79968.36625508005,0,1
1371461280000,1371461339999,79969.11331378912,79970.0655644747,79968.97871273822,79969.71899609883,0,1
1371461340000,1371461399999,79969.48009245792,79971.23640568508,79968.92823687702,79968.92823687702,0,1
1371461400000,1371461459999,79968.97534768873,79971.63674809564,79968.97534768873,79971.14220514153,0,1
1371461460000,1371461519999,79971.19603413221,79971.19603413221,79970.4289436589,79970.4289436589,0,1
1371461520000,1371461579999,79969.90742311349,79971.94288147798,79969.90742311349,79969.94779986898,0,1
1371461580000,1371461639999,79970.71156278456,79972.46765975928,79970.71156278456,79972.03371045894,0,1
1371461640000,1371461699999,79972.07407863012,79972.07407863012,79970.87305584172,79972.03034643733,0,1
1371461700000,1371461759999,79971.75112869777,79972.18509026061,79971.02108885307,79971.29023416869,0,1
1371461760000,1371461819999,79970.92688628122,79973.28504799576,79970.92688628122,79972.57866702066,0,1
1371461820000,1371461879999,79972.97222829105,79973.68194493446,79972.9217725835,79973.06304792309,0,1
1371461880000,1371461939999,79972.03034643733,79972.73676614444,79966.23245575813,79966.23245575813,0,1
1371461940000,1371461999999,79966.29304309173,79967.28931548556,79966.29304309173,79966.93591940812,0,1
1371462000000,1371462059999,79966.93591940812,79966.93591940812,79966.93591940812,79966.93591940812,0,1
1371462060000,1371462119999,79967.52827147004,79968.99890301135,79966.68685181283,79968.55134239332,0,1
1371462120000,1371462179999,79968.24847046066,79968.24847046066,79966.72724157403,79966.73397318504,0,1
1371462180000,1371462239999,79967.22200290985,79967.82779978028,79965.64675927396,79967.08401071314,0,1
1371462240000,1371462299999,79966.86523869394,79967.53500254184,79966.86523869394,79967.1614212043,0,1
1371462300000,1371462359999,79967.39701466425,79968.29221919551,79967.22536854939,79967.22536854939,0,1
1371462360000,1371462419999,79967.83789608387,79967.83789608387,79965.48854801715,79966.0271292865,0,1
1371462420000,1371462479999,79965.95644214861,79966.90226198747,79965.66359011142,79966.7306073801,0,1
1371462480000,1371462539999,79965.92278143116,79966.61953518166,79964.73111902703,79965.35389816736,0,1
1371462540000,1371462599999,79965.34379935554,79965.81843248694,79965.0441966321,79965.0441966321,0,1
1371462600000,1371462659999,79965.44815325258,79968.11049242778,79965.42795580911,79968.11049242778,0,1
1371462660000,1371462719999,79968.02299317656,79968.02299317656,79966.73397318504,79967.3633587955,0,1
1371462720000,1371462779999,79967.34989641629,79969.10994878493,79967.29941233284,79967.96914710297,0,1
1371462780000,1371462839999,79966.90226198747,79967.58211991763,79966.90226198747,79967.58211991763,0,1
1371462840000,1371462899999,79967.5215403937,79967.65279556504,79965.35389816736,79965.44478701484,0,1
1371462900000,1371462959999,79966.32333662089,79967.41047698003,79966.32333662089,79967.41047698003,0,1
1371462960000,1371463019999,79966.58924254979,79966.96284526306,79966.4007530007,79966.40411891665,0,1
1371463020000,1371463079999,79966.21225989869,79966.21225989869,79965.2360780615,79965.2360780615,0,1
1371463080000,1371463139999,79965.74101159888,79965.74101159888,79965.42795580911,79965.63666075788,0,1
1371463140000,1371463199999,79966.37382563221,79967.23883109626,79966.36036192079,79967.23883109626,0,1
1371463200000,1371463259999,79967.3633587955,79967.88164661499,79967.12776454265,79967.14122722091,0,1
1371463260000,1371463319999,79967.34989641629,79967.83789608387,79967.00323390955,79967.26912176042,0,1
1371463320000,1371463379999,79966.57577912838,79967.80087625422,79966.57577912838,79967.79414536136,0,1
1371463380000,1371463439999,79967.23883109626,79967.62587156778,79966.87870172563,79966.8921647392,0,1
1371463440000,1371463499999,79966.96621098983,79967.40374582441,79966.96621098983,79967.09747345031,0,1
1371463500000,1371463559999,79967.28594986754,79967.45422938115,79966.56568155045,79967.45422938115,0,1
1371463560000,1371463619999,79967.59894749803,79967.716739768,79967.27921862809,79967.30277794632,0,1
1371463620000,1371463679999,79967.41384255614,79967.41384255614,79967.04698809248,79967.04698809248,0,1
1371463680000,1371463739999,79966.90562773464,79967.09747345031,79966.10454795945,79966.10454795945,0,1
1371463740000,1371463799999,79966.85850717129,79967.85472323388,79966.45797341794,79966.89553048975,0,1
1371463800000,1371463859999,79967.17488383726,79967.35662760815,79966.39065524601,79967.35662760815,0,1
1371463860000,1371463919999,79967.45086381864,79967.62587156778,79967.16815252305,79967.33306841679,0,1
1371463920000,1371463979999,79967.84126151615,79970.20351553471,79967.84126151615,79968.49413395318,0,1
1371463980000,1371464039999,79968.82728439033,79968.82728439033,79966.84504411242,79967.38018674403,0,1
1371464040000,1371464099999,79966.90226198747,79968.38308134099,79966.90226198747,79967.57538887754,0,1
1371464100000,1371464159999,79967.40711140278,79968.23837457159,79966.96284526306,79968.19126028781,0,1
1371464160000,1371464219999,79968.36288982446,79969.29165739095,79967.82779978028,79968.42009901542,0,1
1371464220000,1371464279999,79968.82055418829,79971.73767222425,79968.39990757364,79970.05547041997,0,1
1371464280000,1371464339999,79968.7196006145,79971.88232836567,79968.7196006145,79971.4214398836,0,1
1371464340000,1371464399999,79971.53582294846,79973.53731482345,79971.53582294846,79971.73767222425,0,1
1371464400000,1371464459999,79972.07407863012,79973.34222903446,79971.64347640256,79973.34222903446,0,1
1371464460000,1371464519999,79973.08322995153,79973.08322995153,79970.66446015163,79971.45844631246,0,1
1371464520000,1371464579999,79971.29023416869,79973.2514119379,79971.29023416869,79973.2514119379,0,1
1371464580000,1371464639999,79973.25813915853,79974.21335854186,79972.46093200686,79973.66176411431,0,1
1371464640000,1371464699999,79973.43640885603,79974.09900609957,79969.13686878675,79969.98481175165,0,1
1371464700000,1371464759999,79970.12276392565,79973.00250159338,79970.12276392565,79973.00250159338,0,1
1371464760000,1371464819999,79972.27591704167,79973.52386075328,79972.27591704167,79972.3902903332,0,1
1371464820000,1371464879999,79970.10257592151,79971.19266982879,79970.0655644747,79970.57025422016,0,1
1371464880000,1371464939999,79969.71899609883,79970.37511053888,79969.71899609883,79970.37511053888,0,1
1371464940000,1371464999999,79970.37511053888,79970.37511053888,79970.37511053888,79970.37511053888,0,1
1371465000000,1371465059999,79969.00563309333,79970.77212298661,79966.69021763251,79969.10994878493,0,1
1371465060000,1371465119999,79968.72633088446,79969.68534804402,79968.72633088446,79969.68534804402,0,1
1371465120000,1371465179999,79970.23716184603,79970.52315092161,79968.68594919675,79970.44576644947,0,1
1371465180000,1371465239999,79970.31791253132,79970.31791253132,79967.92539695468,79968.08693501237,0,1
1371465240000,1371465299999,79968.4974991646,79968.4974991646,79967.25565925434,79967.25565925434,0,1
1371465300000,1371465359999,79967.25565925434,79967.25565925434,79967.25565925434,79967.25565925434,0,1
1371465360000,1371465419999,79967.25565925434,79967.25565925434,79967.25565925434,79967.25565925434,0,1
1371465420000,1371465479999,79967.25565925434,79967.25565925434,79967.25565925434,79967.25565925434,0,1
1371465480000,1371465539999,79967.25565925434,79967.25565925434,79967.25565925434,79967.25565925434,0,1
1371465540000,1371465599999,79967.25565925434,79967.25565925434,79967.25565925434,79967.25565925434,0,1
1371465600000,1371465659999,79967.25565925434,79967.25565925434,79967.25565925434,79967.25565925434,0,1
1371465660000,1371465719999,79967.25565925434,79967.25565925434,79967.25565925434,79967.25565925434,0,1
1371465720000,1371465779999,79967.25565925434,79967.25565925434,79967.25565925434,79967.25565925434,0,1
1371465780000,1371465839999,79967.25565925434,79967.25565925434,79967.25565925434,79967.25565925434,0,1
1371465840000,1371465899999,79967.25565925434,79967.25565925434,79967.25565925434,79967.25565925434,0,1
1371465900000,1371465959999,79967.25565925434,79967.25565925434,79967.25565925434,79967.25565925434,0,1
1371465960000,1371466019999,79967.25565925434,79967.25565925434,79967.25565925434,79967.25565925434,0,1
1371466020000,1371466079999,79967.25565925434,79967.25565925434,79967.25565925434,79967.25565925434,0,1
1371466080000,1371466139999,79967.25565925434,79967.25565925434,79967.25565925434,79967.25565925434,0,1
1371466140000,1371466199999,79967.25565925434,79967.25565925434,79967.25565925434,79967.25565925434,0,1
1371466200000,1371466259999,79967.25565925434,79967.25565925434,79967.25565925434,79967.25565925434,0,1
1371466260000,1371466319999,79963.10834469885,79964.17900130192,79962.09481884188,79963.09150956015,0,1
1371466320000,1371466379999,79962.22277793808,79963.35750143797,79961.77154646332,79961.77154646332,0,1
1371466380000,1371466439999,79962.26992035024,79963.73795853535,79962.26992035024,79963.57635020927,0,1
1371466440000,1371466499999,79963.2093549359,79963.62685309173,79961.86246787607,79962.64368446641,0,1
1371466500000,1371466559999,79962.46185501973,79963.44840843222,79960.40089019129,79960.40089019129,0,1
1371466560000,1371466619999,79962.07461462438,79963.40800542569,79962.07461462438,79963.40800542569,0,1
1371466620000,1371466679999,79963.31373110898,79964.97013614824,79963.30026327689,79963.86589660794,0,1
1371466680000,1371466739999,79965.07786030706,79965.09469210205,79963.67735571913,79964.04433381782,0,1
1371466740000,1371466799999,79963.86589660794,79964.06116735251,79961.63684655451,79963.73122490724,0,1
1371466800000,1371466859999,79963.60328511166,79964.97350254576,79960.75788510247,79964.97350254576,0,1
1371466860000,1371466919999,79964.8691436954,79965.11825656745,79962.63695010141,79962.63695010141,0,1
1371466920000,1371466979999,79964.14196792457,79964.60319202351,79960.75451728549,79963.90293100767,0,1
1371466980000,1371467039999,79962.8827514855,79964.07463415986,79962.8827514855,79963.68072255189,0,1
1371467040000,1371467099999,79963.24639176718,79964.0342336834,79961.879305084,79961.879305084,0,1
1371467100000,1371467159999,79962.93999203638,79965.20578123846,79961.8523655377,79965.12835560704,0,1
1371467160000,1371467219999,79964.87924298659,79965.86555795142,79964.87924298659,79965.18894963046,0,1
1371467220000,1371467279999,79965.18894963046,79965.18894963046,79965.18894963046,79965.18894963046,0,1
1371467280000,1371467339999,79965.18894963046,79965.18894963046,79965.18894963046,79965.18894963046,0,1
1371467340000,1371467399999,79965.18894963046,79965.18894963046,79965.18894963046,79965.18894963046,0,1
1371467400000,1371467459999,79965.18894963046,79965.18894963046,79965.18894963046,79965.18894963046,0,1
1371467460000,1371467519999,79965.18894963046,79965.18894963046,79965.18894963046,79965.18894963046,0,1
1371467520000,1371467579999,79965.18894963046,79965.18894963046,79965.18894963046,79965.18894963046,0,1
1371467580000,1371467639999,79965.18894963046,79965.18894963046,79965.18894963046,79965.18894963046,0,1
1371467640000,1371467699999,79965.18894963046,79965.18894963046,79965.18894963046,79965.18894963046,0,1
1371467700000,1371467759999,79965.18894963046,79965.18894963046,79965.18894963046,79965.18894963046,0,1
1371467760000,1371467819999,79965.18894963046,79965.18894963046,79965.18894963046,79965.18894963046,0,1
1371467820000,1371467879999,79965.18894963046,79965.18894963046,79965.18894963046,79965.18894963046,0,1
1371467880000,1371467939999,79965.18894963046,79965.18894963046,79965.18894963046,79965.18894963046,0,1
1371467940000,1371467999999,79965.18894963046,79965.18894963046,79965.18894963046,79965.18894963046,0,1
1371468000000,1371468059999,79965.18894963046,79965.18894963046,79965.18894963046,79965.18894963046,0,1
1371468060000,1371468119999,79965.18894963046,79965.18894963046,79965.18894963046,79965.18894963046,0,1
1371468120000,1371468179999,79965.18894963046,79965.18894963046,79965.18894963046,79965.18894963046,0,1
1371468180000,1371468239999,79965.18894963046,79965.18894963046,79965.18894963046,79965.18894963046,0,1
1371468240000,1371468299999,79965.18894963046,79965.18894963046,79965.18894963046,79965.18894963046,0,1
1371468300000,1371468359999,79965.18894963046,79965.18894963046,79965.18894963046,79965.18894963046,0,1
1371468360000,1371468419999,79965.18894963046,79965.18894963046,79965.18894963046,79965.18894963046,0,1
1371468420000,1371468479999,79965.18894963046,79965.18894963046,79965.18894963046,79965.18894963046,0,1
1371468480000,1371468539999,79965.18894963046,79965.18894963046,79965.18894963046,79965.18894963046,0,1
1371468540000,1371468599999,79965.18894963046,79965.18894963046,79965.18894963046,79965.18894963046,0,1
1371468600000,1371468659999,79965.18894963046,79965.18894963046,79965.18894963046,79965.18894963046,0,1
1371468660000,1371468719999,79965.18894963046,79965.18894963046,79965.18894963046,79965.18894963046,0,1
1371468720000,1371468779999,79965.18894963046,79965.18894963046,79965.18894963046,79965.18894963046,0,1
1371468780000,1371468839999,79965.18894963046,79965.18894963046,79965.18894963046,79965.18894963046,0,1
1371468840000,1371468899999,79965.18894963046,79965.18894963046,79965.18894963046,79965.18894963046,0,1
1371468900000,1371468959999,79965.18894963046,79965.18894963046,79965.18894963046,79965.18894963046,0,1
1371468960000,1371469019999,79965.18894963046,79965.18894963046,79965.18894963046,79965.18894963046,0,1
1371469020000,1371469079999,79965.18894963046,79965.18894963046,79965.18894963046,79965.18894963046,0,1
1371469080000,1371469139999,79965.18894963046,79965.18894963046,79965.18894963046,79965.18894963046,0,1
1371469140000,1371469199999,79965.18894963046,79965.18894963046,79965.18894963046,79965.18894963046,0,1
1371469200000,1371469259999,79965.18894963046,79965.18894963046,79965.18894963046,79965.18894963046,0,1
1371469260000,1371469319999,79965.18894963046,79965.18894963046,79965.18894963046,79965.18894963046,0,1
1371469320000,1371469379999,79965.18894963046,79965.18894963046,79965.18894963046,79965.18894963046,0,1
1371469380000,1371469439999,79965.18894963046,79965.18894963046,79965.18894963046,79965.18894963046,0,1
1371469440000,1371469499999,79965.18894963046,79965.18894963046,79965.18894963046,79965.18894963046,0,1
1371469500000,1371469559999,79965.18894963046,79965.18894963046,79965.18894963046,79965.18894963046,0,1
1371469560000,1371469619999,79965.18894963046,79965.18894963046,79965.18894963046,79965.18894963046,0,1
1371469620000,1371469679999,79965.18894963046,79965.18894963046,79965.18894963046,79965.18894963046,0,1
1371469680000,1371469739999,79965.18894963046,79965.18894963046,79965.18894963046,79965.18894963046,0,1
1371469740000,1371469799999,79965.18894963046,79965.18894963046,79965.18894963046,79965.18894963046,0,1
1371469800000,1371469859999,79965.18894963046,79965.18894963046,79965.18894963046,79965.18894963046,0,1
1371469860000,1371469919999,79965.18894963046,79965.18894963046,79965.18894963046,79965.18894963046,0,1
1371469920000,1371469979999,79965.18894963046,79965.18894963046,79965.18894963046,79965.18894963046,0,1
1371469980000,1371470039999,79965.18894963046,79965.18894963046,79965.18894963046,79965.18894963046,0,1
1371470040000,1371470099999,79965.18894963046,79965.18894963046,79965.18894963046,79965.18894963046,0,1
1371470100000,1371470159999,79965.18894963046,79965.18894963046,79965.18894963046,79965.18894963046,0,1
1371470160000,1371470219999,79965.18894963046,79965.18894963046,79965.18894963046,79965.18894963046,0,1
1371470220000,1371470279999,79965.18894963046,79965.18894963046,79965.18894963046,79965.18894963046,0,1
1371470280000,1371470339999,79965.18894963046,79965.18894963046,79965.18894963046,79965.18894963046,0,1
1371470340000,1371470399999,79965.18894963046,79965.18894963046,79965.18894963046,79965.18894963046,0,1
1371470400000,1371470459999,79965.18894963046,79965.18894963046,79965.18894963046,79965.18894963046,0,1
1371470460000,1371470519999,79965.18894963046,79965.18894963046,79965.18894963046,79965.18894963046,0,1
1371470520000,1371470579999,79965.18894963046,79965.18894963046,79965.18894963046,79965.18894963046,0,1
1371470580000,1371470639999,79965.18894963046,79965.18894963046,79965.18894963046,79965.18894963046,0,1
1371470640000,1371470699999,79965.18894963046,79965.18894963046,79965.18894963046,79965.18894963046,0,1
1371470700000,1371470759999,79965.18894963046,79965.18894963046,79965.18894963046,79965.18894963046,0,1
1371470760000,1371470819999,79965.18894963046,79965.18894963046,79965.18894963046,79965.18894963046,0,1
1371470820000,1371470879999,79965.18894963046,79965.18894963046,79965.18894963046,79965.18894963046,0,1
1371470880000,1371470939999,79965.18894963046,79965.18894963046,79965.18894963046,79965.18894963046,0,1
1371470940000,1371470999999,79965.18894963046,79965.18894963046,79965.18894963046,79965.18894963046,0,1
1371471000000,1371471059999,79965.18894963046,79965.18894963046,79965.18894963046,79965.18894963046,0,1
1371471060000,1371471119999,79965.18894963046,79965.18894963046,79965.18894963046,79965.18894963046,0,1
1371471120000,1371471179999,79965.18894963046,79965.18894963046,79965.18894963046,79965.18894963046,0,1
1371471180000,1371471239999,79965.18894963046,79965.18894963046,79965.18894963046,79965.18894963046,0,1
1371471240000,1371471299999,79965.18894963046,79965.18894963046,79965.18894963046,79965.18894963046,0,1
1371471300000,1371471359999,79965.18894963046,79965.18894963046,79965.18894963046,79965.18894963046,0,1
1371471360000,1371471419999,79965.18894963046,79965.18894963046,79965.18894963046,79965.18894963046,0,1
1371471420000,1371471479999,79965.18894963046,79965.18894963046,79965.18894963046,79965.18894963046,0,1
1371471480000,1371471539999,79965.18894963046,79965.18894963046,79965.18894963046,79965.18894963046,0,1
1371471540000,1371471599999,79965.18894963046,79965.18894963046,79965.18894963046,79965.18894963046,0,1
1371471600000,1371471659999,79965.18894963046,79965.18894963046,79965.18894963046,79965.18894963046,0,1
1371471660000,1371471719999,79965.18894963046,79965.18894963046,79965.18894963046,79965.18894963046,0,1
1371471720000,1371471779999,79965.18894963046,79965.18894963046,79965.18894963046,79965.18894963046,0,1
1371471780000,1371471839999,79965.18894963046,79965.18894963046,79965.18894963046,79965.18894963046,0,1
1371471840000,1371471899999,79965.18894963046,79965.18894963046,79965.18894963046,79965.18894963046,0,1
1371471900000,1371471959999,79965.18894963046,79965.18894963046,79965.18894963046,79965.18894963046,0,1
1371471960000,1371472019999,79965.18894963046,79965.18894963046,79965.18894963046,79965.18894963046,0,1
1371472020000,1371472079999,79965.18894963046,79965.18894963046,79965.18894963046,79965.18894963046,0,1
1371472080000,1371472139999,79965.18894963046,79965.18894963046,79965.18894963046,79965.18894963046,0,1
1371472140000,1371472199999,79965.18894963046,79965.18894963046,79965.18894963046,79965.18894963046,0,1
1371472200000,1371472259999,79965.18894963046,79965.18894963046,79965.18894963046,79965.18894963046,0,1
1371472260000,1371472319999,79965.18894963046,79965.18894963046,79965.18894963046,79965.18894963046,0,1
1371472320000,1371472379999,79965.18894963046,79965.18894963046,79965.18894963046,79965.18894963046,0,1
1371472380000,1371472439999,79954.96693226827,79957.3221222131,79954.96693226827,79955.53977629413,0,1
1371472440000,1371472499999,79955.64086301002,79955.64086301002,79953.7065598906,79955.19270412583,0,1
1371472500000,1371472559999,79955.18596474119,79956.4562584857,79955.11857064512,79955.93400870766,0,1
1371472560000,1371472619999,79955.13878892163,79956.7594877766,79954.50863341961,79956.21366843255,0,1
1371472620000,1371472679999,79956.4259350509,79957.3793946021,79954.93997409388,79956.27431649757,0,1
1371472680000,1371472739999,79956.87066954616,79958.0161067153,79955.27694605044,79955.63412392742,0,1
1371472740000,1371472799999,79955.61390665236,79955.88009750009,79953.47738420856,79953.7166704615,0,1
1371472800000,1371472859999,79954.85909913466,79954.85909913466,79951.12465953694,79951.12465953694,0,1
1371472860000,1371472919999,79952.14940995717,79952.90105156133,79950.23128813303,79951.5156951138,0,1
1371472920000,1371472979999,79950.71001028211,79953.22461082107,79949.74917153995,79952.15952210255,0,1
1371472980000,1371473039999,79952.63815195391,79952.63815195391,79948.60953082224,79948.60953082224,0,1
1371473040000,1371473099999,79948.60953082224,79951.82581590589,79948.60953082224,79951.82581590589,0,1
1371473100000,1371473159999,79951.16511220226,79954.70745682315,79951.16511220226,79952.85049448129,0,1
1371473160000,1371473219999,79953.0257579326,79953.4571625727,79950.6459572381,79953.4571625727,0,1
1371473220000,1371473279999,79954.7377854694,79954.7377854694,79950.3256858637,79951.67412758965,0,1
1371473280000,1371473339999,79951.1314016592,79951.49884044738,79949.97168977886,79950.0762042124,0,1
1371473340000,1371473399999,79950.28860114721,79950.28860114721,79946.8795912461,79948.30268228317,0,1
1371473400000,1371473459999,79947.75977333983,79948.12396395994,79945.0785174775,79946.55245401556,0,1
1371473460000,1371473519999,79946.2118152166,79946.2118152166,79943.89111540726,79943.91810338377,0,1
1371473520000,1371473579999,79943.13204873502,79945.03804018273,79942.90600441447,79942.90600441447,0,1
1371473580000,1371473639999,79942.48089229951,79945.56423223553,79942.48089229951,79945.5541134187,0,1
1371473640000,1371473699999,79946.40068568687,79949.94471813484,79946.40068568687,79949.89077462851,0,1
1371473700000,1371473759999,79949.7120846854,79950.53133497744,79947.16287669635,79947.16287669635,0,1
1371473760000,1371473819999,79947.15613189794,79948.34989036358,79945.94536688016,79947.68558473553,0,1
1371473820000,1371473879999,79948.12733603333,79953.21449975266,79948.12733603333,79953.21449975266,0,1
1371473880000,1371473939999,79953.30886932684,79953.69307911352,79951.20219366839,79951.75502831131,0,1
1371473940000,1371473999999,79952.4628817091,79954.23229602241,79952.4628817091,79953.44705173942,0,1
1371474000000,1371474059999,79953.63915582345,79954.86920854033,79952.5774818322,79952.5774818322,0,1
1371474060000,1371474119999,79953.2886473502,79953.2886473502,79951.85278247678,79952.14603923977,0,1
1371474120000,1371474179999,79952.02132189731,79953.01901708741,79951.14825694493,79951.80896176214,0,1
1371474180000,1371474239999,79952.13255635882,79955.26009772229,79952.13255635882,79954.78833300878,0,1
1371474240000,1371474299999,79954.6771280849,79955.67792788315,79953.41671917828,79953.41671917828,0,1
1371474300000,1371474359999,79953.98965201149,79955.04780635542,79952.2808670495,79952.79993714565,0,1
1371474360000,1371474419999,79952.96846060378,79953.00553538345,79951.60333892128,79952.06177093556,0,1
1371474420000,1371474479999,79952.90779248602,79954.3772056098,79951.47861481017,79954.06042378953,0,1
1371474480000,1371474539999,79953.17068500479,79953.17068500479,79950.11328971657,79951.0774645539,0,1
1371474540000,1371474599999,79952.048287941,79952.44265802162,79950.65944212356,79951.68424021565,0,1
1371474600000,1371474659999,79951.18196743118,79952.10559054237,79950.1436322995,79952.10559054237,0,1
1371474660000,1371474719999,79951.96401881303,79952.368504151,79947.68558473553,79948.43081798292,0,1
1371474720000,1371474779999,79946.81888617697,79948.96020333799,79946.44790274707,79946.7817884533,0,1
1371474780000,1371474839999,79946.32985967855,79947.09205608614,79945.46304360642,79945.46304360642,0,1
1371474840000,1371474899999,79945.17970999761,79948.87928000273,79944.34315440683,79948.87928000273,0,1
1371474900000,1371474959999,79948.15094051529,79949.0950741082,79945.99258609027,79947.87442737297,0,1
1371474960000,1371475019999,79947.39556945577,79949.3513235603,79947.39556945577,79947.98570797156,0,1
1371475020000,1371475079999,79947.87442737297,79949.45921610204,79947.39556945577,79948.49488521711,0,1
1371475080000,1371475139999,79948.22849770654,79949.98854701944,79946.6806121438,79948.08012690228,0,1
1371475140000,1371475199999,79948.59267125686,79948.59267125686,79944.72433559291,79944.72433559291,0,1
1371475200000,1371475259999,79943.96195869027,79944.8592635043,79943.41206670343,79943.88436840173,0,1
1371475260000,1371475319999,79943.57400122723,79946.91331612528,79943.57400122723,79946.91331612528,0,1
1371475320000,1371475379999,79946.76492580614,79947.10217334688,79946.70422004092,79947.0347247486,0,1
1371475380000,1371475439999,79947.15613189794,79948.61290273191,79946.33997771045,79948.61290273191,0,1
1371475440000,1371475499999,79948.2318697447,79948.2318697447,79945.9150115559,79947.37870784357,0,1
1371475500000,1371475559999,79948.04303385725,79950.34591383292,79947.02460741963,79950.34591383292,0,1
1371475560000,1371475619999,79950.59201751438,79951.86626573495,79950.37288439489,79950.4571669322,0,1
1371475620000,1371475679999,79950.6425860139,79950.70326787575,79950.15711786236,79950.70326787575,0,1
1371475680000,1371475739999,79949.1827391334,79950.77743409573,79948.04303385725,79950.75720699938,0,1
1371475740000,1371475799999,79950.28522980254,79950.76394936937,79948.4072141616,79950.59201751438,0,1
1371475800000,1371475859999,79950.7942899781,79964.16553463512,79949.25017324521,79962.37430632919,0,1
1371475860000,1371475919999,79964.59982550133,79966.91235922556,79959.90915935252,79966.7205099585,0,1
1371475920000,1371475979999,79966.1180120153,79966.1180120153,79960.60970008268,79965.77803905492,0,1
1371475980000,1371476039999,79966.7306073801,79970.13285791245,79963.71102399571,79968.47394266087,0,1
1371476040000,1371476099999,79967.22536854939,79969.00563309333,79961.14180880273,79963.7244912746,0,1
1371476100000,1371476159999,79962.7783708139,79972.55175628257,79962.7783708139,79966.36036192079,0,1
1371476160000,1371476219999,79967.44076712427,79968.61528085086,79958.20475437099,79960.65348224889,0,1
1371476220000,1371476279999,79961.7614440331,79962.76826940077,79956.41919649733,79956.91446808568,0,1
1371476280000,1371476339999,79958.02958166586,79962.84234619349,79957.57816093694,79960.02367417344,0,1
1371476340000,1371476399999,79960.67705718208,79967.4441326902,79960.67705718208,79966.65655938488,0,1
1371476400000,1371476459999,79966.36372785034,79969.09985376555,79964.19583460991,79966.79455748017,0,1
1371476460000,1371476519999,79966.72387576682,79968.82391928988,79964.75468434917,79965.59626659162,0,1
1371476520000,1371476579999,79966.7205099585,79967.11093616934,79959.2355162127,79962.70092638575,0,1
1371476580000,1371476639999,79962.90968825614,79968.91477660436,79962.53593408229,79968.01626243322,0,1
1371476640000,1371476699999,79968.58162908205,79975.19875334378,79965.90931711244,79975.06087117687,0,1
1371476700000,1371476759999,79975.81415544619,79985.17838986659,79975.81415544619,79982.55419636684,0,1
1371476760000,1371476819999,79981.58296938545,79985.89060014093,79979.42173489873,79980.41670024046,0,1
1371476820000,1371476879999,79983.41108302258,79985.9073969408,79980.97128322194,79983.95877994875,0,1
1371476880000,1371476939999,79982.29879633643,79982.84655418391,79975.39716580867,79977.10200559064,0,1
1371476940000,1371476999999,79977.79125671956,79978.8670659729,79969.90742311349,79970.46931830874,0,1
1371477000000,1371477059999,79971.7881339066,79976.08653444983,79971.7881339066,79975.02387807693,0,1
1371477060000,1371477119999,79975.44760902802,79977.02467201208,79973.75594092657,79975.9150374237,0,1
1371477120000,1371477179999,79976.21767725005,79980.97464423714,79975.92512556548,79979.44190409813,0,1
1371477180000,1371477239999,79980.24191619958,79982.9742480198,79978.9712788455,79978.99481063418,0,1
1371477240000,1371477299999,79978.65863696953,79983.40100242992,79978.46028920638,79983.40100242992,0,1
1371477300000,1371477359999,79983.35731974432,79986.68001923806,79982.66845216337,79984.2410169593,0,1
1371477360000,1371477419999,79983.87141925964,79984.19061807737,79980.9880882867,79981.85855202429,0,1
1371477420000,1371477479999,79980.77298132476,79984.1771783326,79980.4940075918,79980.76625915765,0,1
1371477480000,1371477539999,79980.69567613007,79983.20946923865,79978.5073551333,79983.20946923865,0,1
1371477540000,1371477599999,79982.34920475383,79983.56229069305,79980.38308816217,79980.49064641504,0,1
1371477600000,1371477659999,79980.05704513958,79985.76294353987,79975.83096917979,79977.5962539021,0,1
1371477660000,1371477719999,79978.52416433924,79989.67588550242,79977.04484604675,79987.62723990189,0,1
1371477720000,1371477779999,79988.08066484728,79989.41730911988,79983.5555704007,79985.51770391807,0,1
1371477780000,1371477839999,79984.30485517847,79985.77974055416,79978.36279479592,79978.36279479592,0,1
1371477840000,1371477899999,79977.4785779484,79979.32761143024,79974.98688484014,79978.446841758,0,1
1371477900000,1371477959999,79978.56786814243,79981.08891808231,79976.73550637596,79981.08891808231,0,1
1371477960000,1371478019999,79981.7846159642,79985.31277304611,79981.7846159642,79985.17167066022,0,1
1371478020000,1371478079999,79985.25566041548,79996.18510581255,79982.71885871743,79996.18510581255,0,1
1371478080000,1371478139999,79996.96029011636,79998.76546479877,79994.5607152491,79998.76546479877,0,1
1371478140000,1371478199999,79997.52402277838,80004.78930274246,79996.81599629117,80003.1025914248,0,1
1371478200000,1371478259999,80002.66326205597,80003.6961584661,80001.14725984482,80001.87845774519,0,1
1371478260000,1371478319999,80001.02986070534,80001.06004918713,80000.24828273256,80001.06004918713,0,1
1371478320000,1371478379999,80001.06004918713,80001.06004918713,80001.06004918713,80001.06004918713,0,1
1371478380000,1371478439999,80001.06004918713,80001.06004918713,80001.06004918713,80001.06004918713,0,1
1371478440000,1371478499999,80001.06004918713,80001.06004918713,80001.06004918713,80001.06004918713,0,1
1371478500000,1371478559999,80001.06004918713,80001.06004918713,80001.06004918713,80001.06004918713,0,1
1371478560000,1371478619999,80001.06004918713,80001.06004918713,80001.06004918713,80001.06004918713,0,1
1371478620000,1371478679999,80001.06004918713,80001.06004918713,80001.06004918713,80001.06004918713,0,1
1371478680000,1371478739999,80001.06004918713,80001.06004918713,80001.06004918713,80001.06004918713,0,1
1371478740000,1371478799999,80001.06004918713,80001.06004918713,80001.06004918713,80001.06004918713,0,1
1371478800000,1371478859999,80001.06004918713,80001.06004918713,80001.06004918713,80001.06004918713,0,1
1371478860000,1371478919999,80001.06004918713,80001.06004918713,80001.06004918713,80001.06004918713,0,1
1371478920000,1371478979999,80001.06004918713,80001.06004918713,80001.06004918713,80001.06004918713,0,1
1371478980000,1371479039999,80001.06004918713,80001.06004918713,80001.06004918713,80001.06004918713,0,1
1371479040000,1371479099999,80001.06004918713,80001.06004918713,80001.06004918713,80001.06004918713,0,1
1371479100000,1371479159999,80001.06004918713,80001.06004918713,80001.06004918713,80001.06004918713,0,1
1371479160000,1371479219999,80001.06004918713,80001.06004918713,80001.06004918713,80001.06004918713,0,1
1371479220000,1371479279999,80001.06004918713,80001.06004918713,80001.06004918713,80001.06004918713,0,1
1371479280000,1371479339999,80001.06004918713,80001.06004918713,80001.06004918713,80001.06004918713,0,1
1371479340000,1371479399999,80001.06004918713,80001.06004918713,80001.06004918713,80001.06004918713,0,1
1371479400000,1371479459999,80001.06004918713,80001.06004918713,80001.06004918713,80001.06004918713,0,1
1371479460000,1371479519999,80001.06004918713,80001.06004918713,80001.06004918713,80001.06004918713,0,1
1371479520000,1371479579999,80001.06004918713,80001.06004918713,80001.06004918713,80001.06004918713,0,1
1371479580000,1371479639999,80001.06004918713,80001.06004918713,80001.06004918713,80001.06004918713,0,1
1371479640000,1371479699999,80001.06004918713,80001.06004918713,80001.06004918713,80001.06004918713,0,1
1371479700000,1371479759999,80001.06004918713,80001.06004918713,80001.06004918713,80001.06004918713,0,1
1371479760000,1371479819999,80001.06004918713,80001.06004918713,80001.06004918713,80001.06004918713,0,1
1371479820000,1371479879999,80001.06004918713,80001.06004918713,80001.06004918713,80001.06004918713,0,1
1371479880000,1371479939999,80001.06004918713,80001.06004918713,80001.06004918713,80001.06004918713,0,1
1371479940000,1371479999999,80001.06004918713,80001.06004918713,80001.06004918713,80001.06004918713,0,1
1371480000000,1371480059999,80001.06004918713,80001.06004918713,80001.06004918713,80001.06004918713,0,1
1371480060000,1371480119999,80001.06004918713,80001.06004918713,80001.06004918713,80001.06004918713,0,1
1371480120000,1371480179999,80001.06004918713,80001.06004918713,80001.06004918713,80001.06004918713,0,1
1371480180000,1371480239999,80001.06004918713,80001.06004918713,80001.06004918713,80001.06004918713,0,1
1371480240000,1371480299999,80001.06004918713,80001.06004918713,80001.06004918713,80001.06004918713,0,1
1371480300000,1371480359999,80001.06004918713,80001.06004918713,80001.06004918713,80001.06004918713,0,1
1371480360000,1371480419999,80001.06004918713,80001.06004918713,80001.06004918713,80001.06004918713,0,1
1371480420000,1371480479999,80001.06004918713,80001.06004918713,80001.06004918713,80001.06004918713,0,1
1371480480000,1371480539999,80001.06004918713,80001.06004918713,80001.06004918713,80001.06004918713,0,1
1371480540000,1371480599999,80001.06004918713,80001.06004918713,80001.06004918713,80001.06004918713,0,1
1371480600000,1371480659999,80001.06004918713,80001.06004918713,80001.06004918713,80001.06004918713,0,1
1371480660000,1371480719999,80001.06004918713,80001.06004918713,80001.06004918713,80001.06004918713,0,1
1371480720000,1371480779999,80001.06004918713,80001.06004918713,80001.06004918713,80001.06004918713,0,1
1371480780000,1371480839999,80001.06004918713,80001.06004918713,80001.06004918713,80001.06004918713,0,1
1371480840000,1371480899999,80001.06004918713,80001.06004918713,80001.06004918713,80001.06004918713,0,1
1371480900000,1371480959999,80001.06004918713,80001.06004918713,80001.06004918713,80001.06004918713,0,1
1371480960000,1371481019999,80001.06004918713,80001.06004918713,80001.06004918713,80001.06004918713,0,1
1371481020000,1371481079999,80001.06004918713,80001.06004918713,80001.06004918713,80001.06004918713,0,1
1371481080000,1371481139999,80001.06004918713,80001.06004918713,80001.06004918713,80001.06004918713,0,1
1371481140000,1371481199999,80001.06004918713,80001.06004918713,80001.06004918713,80001.06004918713,0,1
1371481200000,1371481259999,80001.06004918713,80001.06004918713,80001.06004918713,80001.06004918713,0,1
1371481260000,1371481319999,80001.06004918713,80001.06004918713,80001.06004918713,80001.06004918713,0,1
1371481320000,1371481379999,80001.06004918713,80001.06004918713,80001.06004918713,80001.06004918713,0,1
1371481380000,1371481439999,80001.06004918713,80001.06004918713,80001.06004918713,80001.06004918713,0,1
1371481440000,1371481499999,80001.06004918713,80001.06004918713,80001.06004918713,80001.06004918713,0,1
1371481500000,1371481559999,80001.06004918713,80001.06004918713,80001.06004918713,80001.06004918713,0,1
1371481560000,1371481619999,80001.06004918713,80001.06004918713,80001.06004918713,80001.06004918713,0,1
1371481620000,1371481679999,80001.06004918713,80001.06004918713,80001.06004918713,80001.06004918713,0,1
1371481680000,1371481739999,80001.06004918713,80001.06004918713,80001.06004918713,80001.06004918713,0,1
1371481740000,1371481799999,80001.06004918713,80001.06004918713,80001.06004918713,80001.06004918713,0,1
1371481800000,1371481859999,80001.06004918713,80001.06004918713,80001.06004918713,80001.06004918713,0,1
1371481860000,1371481919999,80001.06004918713,80001.06004918713,80001.06004918713,80001.06004918713,0,1
1371481920000,1371481979999,80001.06004918713,80001.06004918713,80001.06004918713,80001.06004918713,0,1
1371481980000,1371482039999,80001.06004918713,80001.06004918713,80001.06004918713,80001.06004918713,0,1
1371482040000,1371482099999,80001.06004918713,80001.06004918713,80001.06004918713,80001.06004918713,0,1
1371482100000,1371482159999,80001.06004918713,80001.06004918713,80001.06004918713,80001.06004918713,0,1
1371482160000,1371482219999,80001.06004918713,80001.06004918713,80001.06004918713,80001.06004918713,0,1
1371482220000,1371482279999,80001.06004918713,80001.06004918713,80001.06004918713,80001.06004918713,0,1
1371482280000,1371482339999,80018.76832710384,80018.76832710384,80018.76832710384,80018.76832710384,0,1
1371482340000,1371482399999,80017.3753222629,80017.3753222629,80015.50986524648,80016.39742410017,0,1
1371482400000,1371482459999,80016.8863851351,80017.05718095825,80015.23855795227,80016.40747148532,0,1
1371482460000,1371482519999,80015.74432241118,80017.0002493413,80013.8350113317,80016.69884126322,0,1
1371482520000,1371482579999,80017.52266849038,80018.17900258342,80016.66200187507,80016.77586863624,0,1
1371482580000,1371482639999,80015.89839126923,80016.8729892609,80014.01925899407,80014.19680352969,0,1
1371482640000,1371482699999,80014.78636277068,80017.2648111675,80013.95561018541,80016.46105736893,0,1
1371482700000,1371482759999,80016.511293874,80017.22127615825,80015.44622592468,80016.49789749732,0,1
1371482760000,1371482819999,80015.96872626308,80019.01610090646,80013.6172597176,80013.6172597176,0,1
1371482820000,1371482879999,80014.06615785699,80014.87010416186,80010.49451505434,80010.94690434847,0,1
1371482880000,1371482939999,80010.75924905115,80015.5433594637,80010.75924905115,80015.5433594637,0,1
1371482940000,1371482999999,80015.51991352343,80017.64657159212,80014.65907451302,80016.571577347,0,1
1371483000000,1371483059999,80015.25530552927,80019.57524355008,80013.9120607671,80018.81520369953,0,1
1371483060000,1371483119999,80018.05845465288,80018.2292304589,80016.26680717466,80018.219184904,0,1
1371483120000,1371483179999,80017.34183418115,80017.34183418115,80014.35089623186,80014.7897124398,0,1
1371483180000,1371483239999,80015.55005829368,80018.74154037907,80014.22695228869,80017.30499716167,0,1
1371483240000,1371483299999,80017.89437319012,80019.56854741597,80017.11746114053,80018.38995796518,0,1
1371483300000,1371483359999,80017.74703243951,80019.70246924646,80016.53138840539,80017.46239075065,0,1
1371483360000,1371483419999,80015.88834337259,80016.42086798314,80008.78195243144,80008.78195243144,0,1
1371483420000,1371483479999,80009.51259231813,80012.51167837334,80008.87579907462,80012.03925634424,0,1
1371483480000,1371483539999,80012.87686876068,80015.62709451596,80012.71605261877,80014.43464126975,0,1
1371483540000,1371483599999,80014.91029978053,80017.7872164959,80014.31739802033,80017.31839245718,0,1
1371483600000,1371483659999,80017.32843891704,80018.81185537855,80016.68544513779,80017.0940188906,0,1
1371483660000,1371483719999,80017.40546144059,80018.9022596514,80015.99552041634,80015.99552041634,0,1
1371483720000,1371483779999,80017.01699396817,80017.01699396817,80014.00920920909,80014.00920920909,0,1
1371483780000,1371483839999,80013.88526103084,80013.8886110018,80010.69222844868,80012.57868678289,0,1
1371483840000,1371483899999,80013.16164100071,80014.0963070099,80011.17811764024,80012.73280442088,0,1
1371483900000,1371483959999,80013.31239949181,80015.82805578067,80013.31239949181,80014.12310618057,0,1
1371483960000,1371484019999,80013.98910960888,80015.41608084143,80013.59380926097,80015.38928513556,0,1
1371484020000,1371484079999,80015.01748730712,80016.21322025012,80011.29874853983,80011.89182929801,0,1
1371484080000,1371484139999,80011.25183669623,80011.25183669623,80002.50228157753,80002.50228157753,0,1
1371484140000,1371484199999,80003.68274491077,80006.0533114051,80002.61295593483,80003.77999277932,0,1
1371484200000,1371484259999,80003.23338040935,80007.69594863942,80002.5425269401,80006.9953465739,0,1
1371484260000,1371484319999,80006.92494843723,80007.04227838968,80003.98454555403,80005.57052589353,0,1
1371484320000,1371484379999,80006.83778815281,80009.16068527519,80006.51260654138,80008.84563417821,0,1
1371484380000,1371484439999,80007.5484575467,80010.83297119505,80006.75397947061,80007.64901989132,0,1
1371484440000,1371484499999,80007.41102070689,80008.66799460925,80002.37148303061,80006.1740041412,0,1
1371484500000,1371484559999,80006.093542479,80006.093542479,80002.27422146358,80003.63915073167,0,1
1371484560000,1371484619999,80002.68003070678,80002.77393463167,79999.9195321157,79999.9195321157,0,1
1371484620000,1371484679999,80000.79170393142,80006.18741435527,79997.7287035594,80006.03990101119,0,1
1371484680000,1371484739999,80004.84630392054,80005.46323705892,80002.79405678656,80003.71292538497,0,1
1371484740000,1371484799999,80003.63915073167,80006.32486801287,80003.63915073167,80006.30810547285,0,1
1371484800000,1371484859999,80006.41538524341,80006.41538524341,80001.83150168834,80002.18366674043,0,1
1371484860000,1371484919999,80002.78734940609,80003.21325913844,80000.15435508771,80003.21325913844,0,1
1371484920000,1371484979999,80003.45806518415,80005.4431202743,80002.52240427907,80003.75316587556,0,1
1371484980000,1371485039999,80003.5284877312,80006.9953465739,80002.60289468025,80006.62323652381,0,1
1371485040000,1371485099999,80006.47572960859,80009.22436461017,80004.36681329375,80008.64118081529,0,1
1371485100000,1371485159999,80009.01991899045,80009.37518247029,80007.45459844597,80008.6746980465,0,1
1371485160000,1371485219999,80009.03667698539,80010.52467497732,80007.70600477107,80008.95623835352,0,1
1371485220000,1371485279999,80009.19755230802,80010.65201587159,80008.57414601585,80008.96294159757,0,1
1371485280000,1371485339999,80008.61436694943,80008.97634807214,80005.81192156285,80005.81192156285,0,1
1371485340000,1371485399999,80004.69206468879,80007.04227838968,80004.32992844704,80005.50011772566,0,1
1371485400000,1371485459999,80004.59147260377,80005.99296449081,80003.75316587556,80003.75987260824,0,1
1371485460000,1371485519999,80003.43459089163,80004.61829725871,80001.84491772708,80001.84491772708,0,1
1371485520000,1371485579999,80002.23732889758,80003.76657933644,80000.2818281062,80003.76657933644,0,1
1371485580000,1371485639999,80003.71627876538,80005.76833666475,80002.7370439092,80005.46994264482,0,1
1371485640000,1371485699999,80004.19915380345,80007.44789419079,80004.19915380345,80006.01978538658,0,1
1371485700000,1371485759999,80006.4287951338,80008.10153792801,80006.4287951338,80007.17301585794,0,1
1371485760000,1371485819999,80006.71375105366,80006.82437881087,80005.7985108452,80005.855506271,0,1
1371485820000,1371485879999,80006.19076690599,80006.38856540868,80004.91336371408,80004.91336371408,0,1
1371485880000,1371485939999,80005.67446085441,80005.81527423944,80004.41040430077,80005.34924141088,0,1
1371485940000,1371485999999,80004.85636291825,80006.82773114803,80004.85636291825,80006.03319580748,0,1
1371486000000,1371486059999,80005.71469345246,80009.50253800304,80005.71469345246,80009.41204871237,0,1
1371486060000,1371486119999,80009.0433801755,80009.48578078876,80008.20209471094,80008.7886557923,0,1
1371486120000,1371486179999,80007.36409062165,80009.78405500435,80007.36409062165,80008.72497368266,0,1
1371486180000,1371486239999,80009.10706025749,80009.89129749169,80008.45013045221,80008.54398020948,0,1
1371486240000,1371486299999,80008.88585401989,80009.14057592725,80007.6255554347,80009.05008336113,0,1
1371486300000,1371486359999,80008.27583570908,80009.50253800304,80008.27583570908,80009.13722436533,0,1
1371486360000,1371486419999,80009.51594375425,80009.51594375425,80005.78174742285,80005.78174742285,0,1
1371486420000,1371486479999,80005.78845279517,80005.78845279517,80004.0851437444,80004.2125666661,0,1
1371486480000,1371486539999,80005.44982587366,80007.23670785151,80004.42717002211,80006.04995880832,0,1
1371486540000,1371486599999,80006.66011291265,80007.5316970576,80006.66011291265,80007.33392116484,0,1
1371486600000,1371486659999,80007.19648137645,80009.17073993398,80006.88807302501,80009.17073993398,0,1
1371486660000,1371486719999,80008.5037589928,80010.71568571063,80007.73952513686,80009.7773523107,0,1
1371486720000,1371486779999,80009.40869724144,80010.58834562717,80008.57079426409,80009.13722436533,0,1
1371486780000,1371486839999,80009.18749767619,80010.16945233312,80007.8300295633,80009.04673176889,0,1
1371486840000,1371486899999,80008.88585401989,80010.81286520972,80008.72162198146,80009.65000027785,0,1
1371486900000,1371486959999,80009.57291799637,80009.95497217437,80007.24006005048,80009.62989191388,0,1
1371486960000,1371487019999,80009.13722436533,80010.82291820744,80007.6289075033,80008.29929863992,0,1
1371487020000,1371487079999,80008.10488983708,80008.10488983708,80006.86460678278,80007.24676444498,0,1
1371487080000,1371487139999,80006.69028440237,80007.20989021944,80006.64670333243,80006.95511912792,0,1
1371487140000,1371487199999,80005.96614352312,80007.38085139167,80005.86891691221,80006.0365484099,0,1
1371487200000,1371487259999,80006.15724134828,80007.11267570037,80005.85215360788,80006.3684504854,0,1
1371487260000,1371487319999,80006.10360022217,80012.10626791949,80005.68116629866,80012.1029173514,0,1
1371487320000,1371487379999,80010.97036101302,80012.09286564036,80010.06221282877,80011.4428335406,0,1
1371487380000,1371487439999,80011.61707309386,80012.0526586952,80008.72832538276,80008.72832538276,0,1
1371487440000,1371487499999,80008.9729964552,80012.48487488378,80008.9729964552,80012.09956678217,0,1
1371487500000,1371487559999,80012.3274029318,80013.14824013595,80010.21972045492,80010.83297119505,0,1
1371487560000,1371487619999,80010.6386116433,80011.61707309386,80009.91140533001,80011.28534517842,0,1
1371487620000,1371487679999,80011.90523184657,80011.90523184657,80010.94690434847,80011.41267638665,0,1
1371487680000,1371487739999,80011.69749032526,80014.79641177465,80011.69749032526,80014.77631375662,0,1
1371487740000,1371487799999,80014.27385017757,80014.27385017757,80009.97843116579,80010.52132387926,0,1
1371487800000,1371487859999,80010.18955961216,80011.13455612442,80008.96964483711,80010.3839278918,0,1
1371487860000,1371487919999,80009.73043332939,80009.97507988467,80008.65458772125,80009.10706025749,0,1
1371487920000,1371487979999,80008.91937043102,80010.0756178297,80008.79535914867,80009.27798899882,0,1
1371487980000,1371488039999,80009.21431000529,80009.8510816937,80007.65572401168,80009.66005444466,0,1
1371488040000,1371488099999,80009.00316096742,80009.7237305998,80008.86909577218,80009.59302647489,0,1
1371488100000,1371488159999,80009.34501908025,80010.1929108214,80003.53854805455,80004.49758574482,0,1
1371488160000,1371488219999,80004.14885540822,80006.21088218667,80004.14885540822,80005.59399517268,0,1
1371488220000,1371488279999,80004.98042305789,80006.02984320394,80002.59618717157,80006.02984320394,0,1
1371488280000,1371488339999,80005.84880094364,80008.0445553022,80005.84880094364,80007.57862635628,0,1
1371488340000,1371488399999,80007.40431642247,80010.43419493547,80007.17301585794,80010.43419493547,0,1
1371488400000,1371488459999,80009.55951232153,80015.46632259637,80009.2042553903,80015.31224708128,0,1
1371488460000,1371488519999,80015.72087694207,80015.72087694207,80012.00910098887,80012.00910098887,0,1
1371488520000,1371488579999,80011.78460826285,80014.73611759937,80011.78460826285,80013.07788530135,0,1
1371488580000,1371488639999,80013.6474102239,80014.52508512298,80012.25704232194,80014.52508512298,0,1
1371488640000,1371488699999,80013.66751051095,80014.81650975229,80011.9554912437,80012.5418322132,0,1
1371488700000,1371488759999,80012.54518263425,80012.54518263425,80010.06891533147,80010.33366059545,0,1
1371488760000,1371488819999,80010.86313009729,80011.03067789786,80009.2042553903,80010.62520739702,0,1
1371488820000,1371488879999,80010.4610039221,80012.5418322132,80009.05008336113,80009.05008336113,0,1
1371488880000,1371488939999,80008.56744251118,80011.46628904191,80008.56744251118,80011.10104713698,0,1
1371488940000,1371488999999,80010.55483480936,80012.04595752197,80009.29474656131,80009.29474656131,0,1
1371489000000,1371489059999,80010.01529518397,80010.22977404894,80007.96410868941,80009.10370868434,0,1
1371489060000,1371489119999,80009.04002858102,80009.04002858102,80006.09018989568,80006.09018989568,0,1
1371489120000,1371489179999,80006.28799038773,80007.16966363652,80005.8722695697,80005.9527330123,0,1
1371489180000,1371489239999,80005.41294502145,80006.44220500621,80005.2050685832,80006.08348472569,0,1
1371489240000,1371489299999,80005.19165705169,80006.13377339102,80003.80681961111,80004.36346013147,0,1
1371489300000,1371489359999,80004.17903447572,80004.46740763864,80001.0130892872,80002.82088626343,0,1
1371489360000,1371489419999,80001.96230729831,80002.7974104751,80000.86214525808,80000.9560662551,0,1
1371489420000,1371489479999,80001.46926183857,80002.32452928877,80001.06675772626,80001.97907712455,0,1
1371489480000,1371489539999,80001.89522771207,80005.73145698721,80001.89522771207,80005.59734792235,0,1
1371489540000,1371489599999,80006.16059390911,80008.128353169,80006.16059390911,80006.88807302501,0,1
1371489600000,1371489659999,80007.69259659329,80008.5406284476,80007.12273241857,80007.39090784018,0,1
1371489660000,1371489719999,80007.32721682875,80009.19084922125,80005.5034705068,80009.19084922125,0,1
1371489720000,1371489779999,80009.01656738808,80016.22996619491,80007.55851382668,80016.22996619491,0,1
1371489780000,1371489839999,80016.78591564116,80021.0750646122,80016.66535091598,80020.4088772208,0,1
1371489840000,1371489899999,80020.28835616811,80021.51023844078,80019.25717222742,80019.34757247451,0,1
1371489900000,1371489959999,80019.10315510942,80019.71920934918,80016.61511518482,80016.61511518482,0,1
1371489960000,1371490019999,80016.38402757095,80017.1409033355,80015.38593566728,80015.94193203804,0,1
1371490020000,1371490079999,80017.66666384235,80017.66666384235,80017.28155535136,80017.315043635,0,1
1371490080000,1371490139999,80017.47913460368,80017.82740039079,80016.08260091858,80016.31369549806,0,1
1371490140000,1371490199999,80015.62374512732,80016.45770825961,80015.24860650185,80015.86489824114,0,1
1371490200000,1371490259999,80015.81800781336,80015.81800781336,80014.12310618057,80015.7677678253,0,1
1371490260000,1371490319999,80015.63379328983,80016.01561598414,80013.48995657767,80013.91541072911,0,1
1371490320000,1371490379999,80014.06950776737,80016.90982787177,80013.90201087443,80016.1093947667,0,1
1371490380000,1371490439999,80015.90174056588,80017.27485768119,80015.90174056588,80016.95336423694,0,1
1371490440000,1371490499999,80017.1409033355,80019.70916529091,80015.70078078193,80019.70916529091,0,1
1371490500000,1371490559999,80018.81520369953,80021.54371256629,80018.81520369953,80020.37205149769,0,1
1371490560000,1371490619999,80021.24244140279,80022.4943309543,80020.49591929997,80022.12614441355,0,1
1371490620000,1371490679999,80020.77377932915,80020.77377932915,80018.63104438096,80018.79511375686,0,1
1371490680000,1371490739999,80018.79846208343,80018.79846208343,80016.06920396759,80018.71810193604,0,1
1371490740000,1371490799999,80017.87428139742,80018.79846208343,80017.12415891612,80017.12415891612,0,1
1371490800000,1371490859999,80017.48583213704,80018.19239670821,80016.1093947667,80018.0283174432,0,1
1371490860000,1371490919999,80017.28490418478,80018.78506877038,80017.2480669556,80018.78506877038,0,1
1371490920000,1371490979999,80018.22588194173,80018.70136015737,80017.033738567,80018.19239670821,0,1
1371490980000,1371491039999,80018.07854607556,80018.81855201938,80016.93996845248,80016.93996845248,0,1
1371491040000,1371491099999,80017.21457844769,80018.91230452016,80015.9285348986,80017.64657159212,0,1
1371491100000,1371491159999,80017.6800586534,80020.87420876542,80017.6800586534,80020.28835616811,0,1
1371491160000,1371491219999,80019.853129162,80020.51600582602,80017.64322287982,80017.64322287982,0,1
1371491220000,1371491279999,80017.73698640018,80019.09311043237,80017.5159709817,80018.3028975533,0,1
1371491280000,1371491339999,80017.01699396817,80017.01699396817,80013.8350113317,80013.8350113317,0,1
1371491340000,1371491399999,80014.09965691014,80015.78116518013,80014.04940828834,80015.78116518013,0,1
1371491400000,1371491459999,80015.31224708128,80015.76106914117,80014.75621569819,80015.48306979194,0,1
1371491460000,1371491519999,80015.67398583895,80019.24377952871,80015.56345594018,80017.75038111705,0,1
1371491520000,1371491579999,80018.00487732842,80018.14551719293,80016.50124659318,80016.50124659318,0,1
1371491580000,1371491639999,80016.11944244125,80017.29829950721,80015.35913988066,80015.74097306181,0,1
1371491640000,1371491699999,80015.8916926726,80015.8916926726,80010.95695721146,80012.1029173514,0,1
1371491700000,1371491759999,80011.96889370693,80012.45472087216,80010.31355360616,80010.31355360616,0,1
1371491760000,1371491819999,80011.27194179902,80013.5234575611,80011.25183669623,80012.6557458988,0,1
1371491820000,1371491879999,80013.19179288077,80015.72757565313,80013.1381894756,80014.76961440829,0,1
1371491880000,1371491939999,80014.62557733382,80016.10604553962,80013.91541072911,80014.04270845302,0,1
1371491940000,1371491999999,80013.73116115334,80015.65723896312,80012.74285548869,80012.74285548869,0,1
1371492000000,1371492059999,80012.62559240242,80017.532714745,80012.62559240242,80016.06585472704,0,1
1371492060000,1371492119999,80017.00694719542,80017.6499203033,80016.2467121116,80016.32374296733,0,1
1371492120000,1371492179999,80017.01029612079,80018.87212498458,80016.1026963114,80016.95671318026,0,1
1371492180000,1371492239999,80018.16225990218,80018.94913561924,80016.75912360563,80016.75912360563,0,1
1371492240000,1371492299999,80017.07057658571,80018.04171176982,80015.99552041634,80015.99552041634,0,1
1371492300000,1371492359999,80015.91513774122,80017.43894930929,80012.79311067614,80012.79311067614,0,1
1371492360000,1371492419999,80012.2168360369,80015.39598406876,80011.94879000535,80012.15317575497,0,1
1371492420000,1371492479999,80010.4006836011,80011.50649834475,80003.51507395093,80003.51507395093,0,1
1371492480000,1371492539999,80002.80076416253,80002.80076416253,79989.16880084117,79994.46002119858,0,1
1371492540000,1371492599999,79995.16150201143,79996.8864656287,79993.6242214443,79994.43652577423,0,1
1371492600000,1371492659999,79995.91998570222,79996.7321035752,79983.95541993635,79988.74565091306,0,1
1371492660000,1371492719999,79988.72550046984,79991.05260821283,79987.66418640754,79989.49454692147,0,1
1371492720000,1371492779999,79990.08556426397,79994.04045174055,79990.08556426397,79994.04045174055,0,1
1371492780000,1371492839999,79995.08430796792,79995.18499573249,79991.19698522352,79991.19698522352,0,1
1371492840000,1371492899999,79991.62003143836,79991.62003143836,79983.7202162634,79984.28133588198,0,1
1371492900000,1371492959999,79984.34517384377,79984.9969697096,79981.20319062166,79983.8411788433,0,1
1371492960000,1371493019999,79985.48746847975,79986.85133174887,79981.9862584769,79984.8625822861,0,1
1371493020000,1371493079999,79985.52442289196,79985.52442289196,79981.75772998863,79985.05408381771,0,1
1371493080000,1371493139999,79986.1862196974,79987.39212257665,79980.01334784419,79981.24688271807,0,1
1371493140000,1371493199999,79982.24838766493,79986.24668625738,79982.24838766493,79986.11903420194,0,1
1371493200000,1371493259999,79986.77743259435,79990.17958652979,79986.77743259435,79987.429069951,0,1
1371493260000,1371493319999,79989.03782777679,79992.26463887769,79989.03782777679,79992.26463887769,0,1
1371493320000,1371493379999,79991.47901802194,79991.88190822199,79985.97458385817,79986.23660852277,0,1
1371493380000,1371493439999,79985.58825291865,79987.21410149592,79984.23765704174,79984.23765704174,0,1
1371493440000,1371493499999,79983.7202162634,79983.7202162634,79977.59289175122,79977.59289175122,0,1
1371493500000,1371493559999,79977.34745168305,79977.77444628163,79965.21924650448,79970.83604724647,0,1
1371493560000,1371493619999,79971.84868758927,79972.07744263703,79969.86704619495,79971.118654867,0,1
1371493620000,1371493679999,79971.9058768418,79972.0236183907,79964.08473425347,79965.14182097731,0,1
1371493680000,1371493739999,79963.89956424973,79967.5215403937,79963.21608891542,79965.09469210205,0,1
1371493740000,1371493799999,79965.61309751405,79972.21200198545,79965.21588018967,79972.21200198545,0,1
1371493800000,1371493859999,79972.41383761322,79973.79630214603,79967.4609605028,79967.4609605028,0,1
1371493860000,1371493919999,79968.46721222105,79968.74315653954,79963.97026592854,79968.42682948695,0,1
1371493920000,1371493979999,79968.37971609108,79972.74012992844,79967.91866614565,79972.33310385096,0,1
1371493980000,1371494039999,79972.37347081356,79978.48718404889,79971.98661405328,79978.0972017527,0,1
1371494040000,1371494099999,79977.55927018015,79977.55927018015,79973.4834984342,79975.11131609262,0,1
1371494100000,1371494159999,79974.97343272009,79977.70048001899,79974.97343272009,79975.37698844969,0,1
1371494160000,1371494219999,79976.03273177786,79977.92910124472,79975.16512372227,79975.21220516071,0,1
1371494220000,1371494279999,79974.96670665329,79977.26003321758,79974.16290909617,79974.60685548365,0,1
1371494280000,1371494339999,79973.98801571385,79976.15042474683,79972.55175628257,79972.55175628257,0,1
1371494340000,1371494399999,79971.66702544117,79972.1783623181,79968.58162908205,79971.99334212481,0,1
1371494400000,1371494459999,79971.80495441078,79976.95406257022,79971.80495441078,79976.68506965278,0,1
1371494460000,1371494519999,79976.74223125317,79977.1759762801,79970.64090875196,79971.10519754236,0,1
1371494520000,1371494579999,79968.89795123803,79970.13958723132,79962.18910465046,79962.18910465046,0,1
1371494580000,1371494639999,79961.7850163544,79966.68685181283,79961.64021407434,79963.70092352464,0,1
1371494640000,1371494699999,79963.12181278941,79964.3338666667,79961.74460662671,79963.18578597184,0,1
1371494700000,1371494759999,79963.92986503043,79964.26316755856,79956.45962775056,79956.80665595102,0,1
1371494760000,1371494819999,79956.18671361892,79956.18671361892,79948.56906781757,79949.52664834948,0,1
1371494820000,1371494879999,79950.15374647336,79950.67629820482,79937.04731278023,79937.04731278023,0,1
1371494880000,1371494939999,79939.75097200197,79941.85668700123,79936.22358093013,79937.93511170617,0,1
1371494940000,1371494999999,79938.50218155514,79938.50218155514,79929.91843496921,79931.65806622244,0,1
1371495000000,1371495059999,79931.64117805337,79933.74522433123,79929.70560493274,79930.77646568116,0,1
1371495060000,1371495119999,79931.14465313658,79933.90056172405,79929.80019661928,79933.4244112084,0,1
1371495120000,1371495179999,79933.59326150337,79936.94266208653,79930.52649582954,79930.52649582954,0,1
1371495180000,1371495239999,79931.67157673718,79931.67157673718,79918.29736958699,79919.62984661979,0,1
1371495240000,1371495299999,79919.31872573917,79925.51902675719,79919.31872573917,79923.69381942209,0,1
1371495300000,1371495359999,79924.42056225735,79924.42056225735,79912.78633426772,79912.99952469804,0,1
1371495360000,1371495419999,79912.92169379785,79925.27906481312,79912.92169379785,79925.27906481312,0,1
1371495420000,1371495479999,79924.61322475677,79924.93770057627,79923.03125434849,79923.33887930636,0,1
1371495480000,1371495539999,79922.62219991157,79925.04585684313,79921.59780009318,79923.93719964895,0,1
1371495540000,1371495599999,79924.32253956105,79927.76965709525,79920.95200238486,79926.64440524293,0,1
1371495600000,1371495659999,79927.3540382751,79927.8203411355,79918.5070604857,79926.54978370038,0,1
1371495660000,1371495719999,79925.88402825104,79928.08727284172,79925.84685278231,79927.86426709594,0,1
1371495720000,1371495779999,79927.93522400904,79935.69014460071,79927.26618167869,79935.13642109699,0,1
1371495780000,1371495839999,79935.35926473032,79941.38428952321,79935.35926473032,79938.34691562681,0,1
1371495840000,1371495899999,79939.56197589528,79941.5563797599,79938.78232919636,79941.37416647587,0,1
1371495900000,1371495959999,79941.18520104473,79945.95885810579,79939.92309034853,79940.72289556095,0,1
1371495960000,1371496019999,79941.84319024012,79943.9889464756,79938.94433870833,79939.31222556124,0,1
1371496020000,1371496079999,79938.42117354549,79939.35947610284,79933.68781642323,79936.64895912856,0,1
1371496080000,1371496139999,79937.54692035209,79941.33029981903,79937.54692035209,79940.63515634081,0,1
1371496140000,1371496199999,79940.23357085425,79946.00607725221,79940.23357085425,79945.63843657945,0,1
1371496200000,1371496259999,79946.86272876387,79946.86272876387,79939.70372331017,79939.98721211239,0,1
1371496260000,1371496319999,79940.1458273407,79943.69882396629,79939.01184189702,79939.97371282785,0,1
1371496320000,1371496379999,79940.18632444262,79942.46739638086,79930.22247002111,79930.22247002111,0,1
1371496380000,1371496439999,79931.1480309404,79935.53145868216,79929.65493044688,79934.64344632505,0,1
1371496440000,1371496499999,79933.81951642886,79935.83869934871,79929.92519140412,79932.85367610649,0,1
1371496500000,1371496559999,79933.56286866068,79933.56286866068,79926.76268091208,79930.4015085605,0,1
1371496560000,1371496619999,79929.61101235144,79932.95499240789,79928.57719224332,79929.62452563211,0,1
1371496620000,1371496679999,79929.75627916181,79936.59831981568,79929.75627916181,79934.28551790664,0,1
1371496680000,1371496739999,79934.7312381315,79939.87584246995,79933.72496275428,79939.30210041613,0,1
1371496740000,1371496799999,79938.46842829754,79940.53391782253,79936.30460674396,79938.20514897809,0,1
1371496800000,1371496859999,79938.84308307093,79939.83196923997,79936.28097428274,79937.07769503456,0,1
1371496860000,1371496919999,79936.92240698705,79937.04731278023,79932.64428583071,79937.04731278023,0,1
1371496920000,1371496979999,79937.14183504613,79939.10972071123,79926.98233201492,79927.810204348,0,1
1371496980000,1371497039999,79927.86764600797,79932.22886956413,79925.74884406595,79931.81681361768,0,1
1371497040000,1371497099999,79931.37434119657,79939.8960915881,79926.11045766699,79938.49205558983,0,1
1371497100000,1371497159999,79938.69794820267,79944.1879791431,79936.59494385235,79942.58211110895,0,1
1371497160000,1371497219999,79941.88705464713,79943.48291338026,79936.25734176567,79938.11401221404,0,1
1371497220000,1371497279999,79936.95616546337,79942.42016052209,79936.95616546337,79941.61374251403,0,1
1371497280000,1371497339999,79942.95661179582,79945.47990844905,79939.582225649,79940.85450294778,0,1
1371497340000,1371497399999,79941.59687114992,79944.22508649045,79939.8420938486,79941.86680956012,0,1
1371497400000,1371497459999,79945.5338757543,79952.31794437849,79944.76481415749,79950.69989667086,0,1
1371497460000,1371497519999,79951.55277527995,79953.68633871817,79947.60127883528,79949.681740793,0,1
1371497520000,1371497579999,79950.35265648023,79955.67118882552,79950.1503750832,79955.67118882552,0,1
1371497580000,1371497639999,79956.01150555935,79958.64267270941,79955.0882431537,79957.42319091354,0,1
1371497640000,1371497699999,79957.60174312128,79962.81204211732,79957.1941003928,79962.42144802703,0,1
1371497700000,1371497759999,79962.43828429384,79968.87439567762,79962.43828429384,79967.91193533209,0,1
1371497760000,1371497819999,79968.68258404873,79970.97735205507,79965.60636514847,79968.82391928988,0,1
1371497820000,1371497879999,79969.22099332539,79972.58539469387,79966.88206748072,79967.39701466425,0,1
1371497880000,1371497939999,79967.24219673013,79973.2413210985,79967.24219673013,79973.2413210985,0,1
1371497940000,1371497999999,79973.43304530624,79977.89548080403,79972.03034643733,79973.54404185174,0,1
1371498000000,1371498059999,79973.47004429164,79976.46650757939,79970.2842664917,79972.10099065371,0,1
1371498060000,1371498119999,79971.78140569698,79973.93083836771,79971.66366129619,79972.52820932734,0,1
1371498120000,1371498179999,79971.852051672,79972.93859118098,79968.03645464966,79968.57153352934,0,1
1371498180000,1371498239999,79968.99890301135,79971.12201919533,79967.64943006934,79968.48740352693,0,1
1371498240000,1371498299999,79968.61528085086,79968.89122108357,79965.5727032526,79966.48490055982,0,1
1371498300000,1371498359999,79966.0675217124,79966.0675217124,79959.80137949961,79959.83506082842,0,1
1371498360000,1371498419999,79961.14517648927,79965.74774387381,79961.14517648927,79965.26637479273,0,1
1371498420000,1371498479999,79965.65349161235,79970.56688970618,79964.94657133381,79967.19171210295,0,1
1371498480000,1371498539999,79967.3095091699,79970.11603459547,79963.86252983751,79967.10757049128,0,1
1371498540000,1371498599999,79966.31997067774,79968.28212335063,79963.25649269736,79964.79844837154,0,1
1371498600000,1371498659999,79964.73448550502,79964.73448550502,79960.18533992344,79960.84208015815,0,1
1371498660000,1371498719999,79961.70082923742,79962.26318573355,79957.44677346334,79958.68646348851,0,1
1371498720000,1371498779999,79957.83419310539,79961.7614440331,79957.00206458924,79960.60970008268,0,1
1371498780000,1371498839999,79960.43793742567,79961.72440170162,79954.13793516222,79957.03238627706,0,1
1371498840000,1371498899999,79956.94142093773,79957.30190835043,79949.69522697877,79953.48075447722,0,1
1371498900000,1371498959999,79953.95932109616,79957.24463551765,79953.32235062188,79955.90368368916,0,1
1371498960000,1371499019999,79954.81866140976,79954.81866140976,79952.88419922971,79954.38394553949,0,1
1371499020000,1371499079999,79954.03346317123,79960.2459639059,79953.90876936614,79956.61124349428,0,1
1371499080000,1371499139999,79958.625830051,79960.79156320982,79956.62808954612,79960.79156320982,0,1
1371499140000,1371499199999,79960.16513184762,79965.36736323392,79959.80811577446,79962.35746995467,0,1
1371499200000,1371499259999,79961.80522115703,79964.1083010989,79958.91888825996,79963.82212850414,0,1
1371499260000,1371499319999,79962.93999203638,79964.14196792457,79961.71093172889,79962.66052035904,0,1
1371499320000,1371499379999,79962.4046117319,79962.6470516472,79961.54255553876,79961.75807655408,0,1
1371499380000,1371499439999,79962.48879292417,79964.25306764516,79961.83889573732,79964.25306764516,0,1
1371499440000,1371499499999,79965.05092937614,79965.71744860093,79963.99046631639,79965.71744860093,0,1
1371499500000,1371499559999,79965.2394443695,79967.82106890557,79965.2394443695,79967.03352528735,0,1
1371499560000,1371499619999,79967.43403598903,79970.32800632113,79967.11093616934,79967.38355233034,0,1
1371499620000,1371499679999,79968.39654232937,79970.41212084003,79968.39654232937,79969.56084925678,0,1
1371499680000,1371499739999,79969.30175221669,79970.35492304416,79969.05947358617,79969.51037633391,0,1
1371499740000,1371499799999,79969.190708573,79969.190708573,79967.66289204531,79968.83737968485,0,1
1371499800000,1371499859999,79968.31241085475,79972.66949022707,79968.31241085475,79972.29610065876,0,1
1371499860000,1371499919999,79972.38019862481,79972.74012992844,79971.25995568231,79971.94288147798,0,1
1371499920000,1371499979999,79971.24649854781,79971.24649854781,79967.29268110244,79968.51769040934,0,1
1371499980000,1371500039999,79968.09366570815,79968.09366570815,79962.52583242426,79962.52583242426,0,1
1371500040000,1371500099999,79962.3844081403,79965.90931711244,79961.74123914204,79965.90931711244,0,1
1371500100000,1371500159999,79965.90931711244,79965.90931711244,79965.90931711244,79965.90931711244,0,1
1371500160000,1371500219999,79965.90931711244,79965.90931711244,79965.90931711244,79965.90931711244,0,1
1371500220000,1371500279999,79965.90931711244,79965.90931711244,79965.90931711244,79965.90931711244,0,1
1371500280000,1371500339999,79965.90931711244,79965.90931711244,79965.90931711244,79965.90931711244,0,1
1371500340000,1371500399999,79965.90931711244,79965.90931711244,79965.90931711244,79965.90931711244,0,1
1371500400000,1371500459999,79965.90931711244,79965.90931711244,79965.90931711244,79965.90931711244,0,1
1371500460000,1371500519999,79965.90931711244,79965.90931711244,79965.90931711244,79965.90931711244,0,1
1371500520000,1371500579999,79965.90931711244,79965.90931711244,79965.90931711244,79965.90931711244,0,1
1371500580000,1371500639999,79965.90931711244,79965.90931711244,79965.90931711244,79965.90931711244,0,1
1371500640000,1371500699999,79965.90931711244,79965.90931711244,79965.90931711244,79965.90931711244,0,1
1371500700000,1371500759999,79965.90931711244,79965.90931711244,79965.90931711244,79965.90931711244,0,1
1371500760000,1371500819999,79965.90931711244,79965.90931711244,79965.90931711244,79965.90931711244,0,1
1371500820000,1371500879999,79965.90931711244,79965.90931711244,79965.90931711244,79965.90931711244,0,1
1371500880000,1371500939999,79965.90931711244,79965.90931711244,79965.90931711244,79965.90931711244,0,1
1371500940000,1371500999999,79965.90931711244,79965.90931711244,79965.90931711244,79965.90931711244,0,1
1371501000000,1371501059999,79965.90931711244,79965.90931711244,79965.90931711244,79965.90931711244,0,1
1371501060000,1371501119999,79965.90931711244,79965.90931711244,79965.90931711244,79965.90931711244,0,1
1371501120000,1371501179999,79965.90931711244,79965.90931711244,79965.90931711244,79965.90931711244,0,1
1371501180000,1371501239999,79965.90931711244,79965.90931711244,79965.90931711244,79965.90931711244,0,1
1371501240000,1371501299999,79965.90931711244,79965.90931711244,79965.90931711244,79965.90931711244,0,1
1371501300000,1371501359999,79965.90931711244,79965.90931711244,79965.90931711244,79965.90931711244,0,1
1371501360000,1371501419999,79965.90931711244,79965.90931711244,79965.90931711244,79965.90931711244,0,1
1371501420000,1371501479999,79965.90931711244,79965.90931711244,79965.90931711244,79965.90931711244,0,1
1371501480000,1371501539999,79965.90931711244,79965.90931711244,79965.90931711244,79965.90931711244,0,1
1371501540000,1371501599999,79965.90931711244,79965.90931711244,79965.90931711244,79965.90931711244,0,1
1371501600000,1371501659999,79965.90931711244,79965.90931711244,79965.90931711244,79965.90931711244,0,1
1371501660000,1371501719999,79965.90931711244,79965.90931711244,79965.90931711244,79965.90931711244,0,1
1371501720000,1371501779999,79965.90931711244,79965.90931711244,79965.90931711244,79965.90931711244,0,1
1371501780000,1371501839999,79965.90931711244,79965.90931711244,79965.90931711244,79965.90931711244,0,1
1371501840000,1371501899999,79965.90931711244,79965.90931711244,79965.90931711244,79965.90931711244,0,1
1371501900000,1371501959999,79965.90931711244,79965.90931711244,79965.90931711244,79965.90931711244,0,1
1371501960000,1371502019999,79965.90931711244,79965.90931711244,79965.90931711244,79965.90931711244,0,1
1371502020000,1371502079999,79965.90931711244,79965.90931711244,79965.90931711244,79965.90931711244,0,1
1371502080000,1371502139999,79965.90931711244,79965.90931711244,79965.90931711244,79965.90931711244,0,1
1371502140000,1371502199999,79965.90931711244,79965.90931711244,79965.90931711244,79965.90931711244,0,1
1371502200000,1371502259999,79965.90931711244,79965.90931711244,79965.90931711244,79965.90931711244,0,1
1371502260000,1371502319999,79965.90931711244,79965.90931711244,79965.90931711244,79965.90931711244,0,1
1371502320000,1371502379999,79965.90931711244,79965.90931711244,79965.90931711244,79965.90931711244,0,1
1371502380000,1371502439999,79965.90931711244,79965.90931711244,79965.90931711244,79965.90931711244,0,1
1371502440000,1371502499999,79965.90931711244,79965.90931711244,79965.90931711244,79965.90931711244,0,1
1371502500000,1371502559999,79965.90931711244,79965.90931711244,79965.90931711244,79965.90931711244,0,1
1371502560000,1371502619999,79965.90931711244,79965.90931711244,79965.90931711244,79965.90931711244,0,1
1371502620000,1371502679999,79965.90931711244,79965.90931711244,79965.90931711244,79965.90931711244,0,1
1371502680000,1371502739999,79965.90931711244,79965.90931711244,79965.90931711244,79965.90931711244,0,1
1371502740000,1371502799999,79965.90931711244,79965.90931711244,79965.90931711244,79965.90931711244,0,1
1371502800000,1371502859999,79965.90931711244,79965.90931711244,79965.90931711244,79965.90931711244,0,1
1371502860000,1371502919999,79965.90931711244,79965.90931711244,79965.90931711244,79965.90931711244,0,1
1371502920000,1371502979999,79965.90931711244,79965.90931711244,79965.90931711244,79965.90931711244,0,1
1371502980000,1371503039999,79965.90931711244,79965.90931711244,79965.90931711244,79965.90931711244,0,1
1371503040000,1371503099999,79965.90931711244,79965.90931711244,79965.90931711244,79965.90931711244,0,1
1371503100000,1371503159999,79965.90931711244,79965.90931711244,79965.90931711244,79965.90931711244,0,1
1371503160000,1371503219999,79965.90931711244,79965.90931711244,79965.90931711244,79965.90931711244,0,1
1371503220000,1371503279999,79965.90931711244,79965.90931711244,79965.90931711244,79965.90931711244,0,1
1371503280000,1371503339999,79965.90931711244,79965.90931711244,79965.90931711244,79965.90931711244,0,1
1371503340000,1371503399999,79965.90931711244,79965.90931711244,79965.90931711244,79965.90931711244,0,1
1371503400000,1371503459999,79965.90931711244,79965.90931711244,79965.90931711244,79965.90931711244,0,1
1371503460000,1371503519999,79965.90931711244,79965.90931711244,79965.90931711244,79965.90931711244,0,1
1371503520000,1371503579999,79965.90931711244,79965.90931711244,79965.90931711244,79965.90931711244,0,1
1371503580000,1371503639999,79965.90931711244,79965.90931711244,79965.90931711244,79965.90931711244,0,1
1371503640000,1371503699999,79965.90931711244,79965.90931711244,79965.90931711244,79965.90931711244,0,1
1371503700000,1371503759999,79965.90931711244,79965.90931711244,79965.90931711244,79965.90931711244,0,1
1371503760000,1371503819999,79965.90931711244,79965.90931711244,79965.90931711244,79965.90931711244,0,1
1371503820000,1371503879999,79965.90931711244,79965.90931711244,79965.90931711244,79965.90931711244,0,1
1371503880000,1371503939999,79965.90931711244,79965.90931711244,79965.90931711244,79965.90931711244,0,1
1371503940000,1371503999999,79965.90931711244,79965.90931711244,79965.90931711244,79965.90931711244,0,1
1371504000000,1371504059999,79965.90931711244,79965.90931711244,79965.90931711244,79965.90931711244,0,1
1371504060000,1371504119999,79965.90931711244,79965.90931711244,79965.90931711244,79965.90931711244,0,1
1371504120000,1371504179999,79965.90931711244,79965.90931711244,79965.90931711244,79965.90931711244,0,1
1371504180000,1371504239999,79965.90931711244,79965.90931711244,79965.90931711244,79965.90931711244,0,1
1371504240000,1371504299999,79965.90931711244,79965.90931711244,79965.90931711244,79965.90931711244,0,1
1371504300000,1371504359999,79965.90931711244,79965.90931711244,79965.90931711244,79965.90931711244,0,1
1371504360000,1371504419999,79965.90931711244,79965.90931711244,79965.90931711244,79965.90931711244,0,1
1371504420000,1371504479999,79965.90931711244,79965.90931711244,79965.90931711244,79965.90931711244,0,1
1371504480000,1371504539999,79965.90931711244,79965.90931711244,79965.90931711244,79965.90931711244,0,1
1371504540000,1371504599999,79965.90931711244,79965.90931711244,79965.90931711244,79965.90931711244,0,1
1371504600000,1371504659999,79965.90931711244,79965.90931711244,79965.90931711244,79965.90931711244,0,1
1371504660000,1371504719999,79965.90931711244,79965.90931711244,79965.90931711244,79965.90931711244,0,1
1371504720000,1371504779999,79965.90931711244,79965.90931711244,79965.90931711244,79965.90931711244,0,1
1371504780000,1371504839999,79965.90931711244,79965.90931711244,79965.90931711244,79965.90931711244,0,1
1371504840000,1371504899999,79965.90931711244,79965.90931711244,79965.90931711244,79965.90931711244,0,1
1371504900000,1371504959999,79965.90931711244,79965.90931711244,79965.90931711244,79965.90931711244,0,1
1371504960000,1371505019999,79965.90931711244,79965.90931711244,79965.90931711244,79965.90931711244,0,1
1371505020000,1371505079999,79965.90931711244,79965.90931711244,79965.90931711244,79965.90931711244,0,1
1371505080000,1371505139999,79965.90931711244,79965.90931711244,79965.90931711244,79965.90931711244,0,1
1371505140000,1371505199999,79965.90931711244,79965.90931711244,79965.90931711244,79965.90931711244,0,1
1371505200000,1371505259999,79965.90931711244,79965.90931711244,79965.90931711244,79965.90931711244,0,1
1371505260000,1371505319999,79965.90931711244,79965.90931711244,79965.90931711244,79965.90931711244,0,1
1371505320000,1371505379999,79965.90931711244,79965.90931711244,79965.90931711244,79965.90931711244,0,1
1371505380000,1371505439999,79965.90931711244,79965.90931711244,79965.90931711244,79965.90931711244,0,1
1371505440000,1371505499999,79965.90931711244,79965.90931711244,79965.90931711244,79965.90931711244,0,1
1371505500000,1371505559999,79965.90931711244,79965.90931711244,79965.90931711244,79965.90931711244,0,1
1371505560000,1371505619999,79965.90931711244,79965.90931711244,79965.90931711244,79965.90931711244,0,1
1371505620000,1371505679999,79965.90931711244,79965.90931711244,79965.90931711244,79965.90931711244,0,1
1371505680000,1371505739999,79965.90931711244,79965.90931711244,79965.90931711244,79965.90931711244,0,1
1371505740000,1371505799999,79965.90931711244,79965.90931711244,79965.90931711244,79965.90931711244,0,1
1371505800000,1371505859999,79965.90931711244,79965.90931711244,79965.90931711244,79965.90931711244,0,1
1371505860000,1371505919999,79965.90931711244,79965.90931711244,79965.90931711244,79965.90931711244,0,1
1371505920000,1371505979999,79965.90931711244,79965.90931711244,79965.90931711244,79965.90931711244,0,1
1371505980000,1371506039999,79965.90931711244,79965.90931711244,79965.90931711244,79965.90931711244,0,1
1371506040000,1371506099999,79965.90931711244,79965.90931711244,79965.90931711244,79965.90931711244,0,1
1371506100000,1371506159999,79965.90931711244,79965.90931711244,79965.90931711244,79965.90931711244,0,1
1371506160000,1371506219999,79965.90931711244,79965.90931711244,79965.90931711244,79965.90931711244,0,1
1371506220000,1371506279999,79965.90931711244,79965.90931711244,79965.90931711244,79965.90931711244,0,1
1371506280000,1371506339999,79965.90931711244,79965.90931711244,79965.90931711244,79965.90931711244,0,1
1371506340000,1371506399999,79965.90931711244,79965.90931711244,79965.90931711244,79965.90931711244,0,1
1371506400000,1371506459999,79967.45759494253,79969.06283860734,79967.45759494253,79968.11722310769,0,1
1371506460000,1371506519999,79968.87776076107,79970.68464702148,79968.8474749692,79970.68464702148,0,1
1371506520000,1371506579999,79970.78221631798,79970.92352188723,79970.40875627285,79970.40875627285,0,1
1371506580000,1371506639999,79970.11939926112,79970.72502063894,79970.11939926112,79970.57361873299,0,1
1371506640000,1371506699999,79970.54670259861,79970.54670259861,79967.26239050964,79967.26239050964,0,1
1371506700000,1371506759999,79967.60567852226,79967.60567852226,79967.3095091699,79967.3095091699,0,1
1371506760000,1371506819999,79968.13404978768,79968.13404978768,79965.07449394467,79965.07449394467,0,1
1371506820000,1371506879999,79964.61329158329,79967.10757049128,79964.61329158329,79966.84504411242,0,1
1371506880000,1371506939999,79966.42094847946,79966.77436275591,79966.42094847946,79966.77436275591,0,1
1371506940000,1371506999999,79966.36709377875,79967.06381657341,79966.36709377875,79966.50509586866,0,1
1371507000000,1371507059999,79967.15468988105,79968.06674289786,79967.15468988105,79968.06674289786,0,1
1371507060000,1371507119999,79968.02972391537,79969.09648875683,79967.27921862809,79968.08020431208,0,1
1371507120000,1371507179999,79967.55519573008,79968.93160194237,79967.55519573008,79968.93160194237,0,1
1371507180000,1371507239999,79968.9719826381,79970.35828762945,79968.91814167422,79969.04264846329,0,1
1371507240000,1371507299999,79969.95789403238,79970.44913100419,79969.14359877589,79970.44913100419,0,1
1371507300000,1371507359999,79969.96798818561,79971.4819957868,79969.96798818561,79971.22967710425,0,1
1371507360000,1371507419999,79970.84950493331,79970.84950493331,79970.84950493331,79970.84950493331,0,1
1371507420000,1371507479999,79970.27417265774,79970.90333549958,79970.27417265774,79970.85623376994,0,1
1371507480000,1371507539999,79969.41952443076,79969.44307870713,79968.60518533211,79968.60518533211,0,1
1371507540000,1371507599999,79968.92487181057,79969.18061363517,79968.31241085475,79969.18061363517,0,1
1371507600000,1371507659999,79968.59845498062,79968.82055418829,79966.58587669613,79966.58587669613,0,1
1371507660000,1371507719999,79966.67002269752,79968.42346425175,79966.67002269752,79968.42346425175,0,1
1371507720000,1371507779999,79968.75998216632,79968.75998216632,79967.28931548556,79967.28931548556,0,1
1371507780000,1371507839999,79967.25565925434,79967.5720233558,79966.50172998669,79967.5720233558,0,1
1371507840000,1371507899999,79967.20517469512,79968.60182015692,79966.97630816334,79966.97630816334,0,1
1371507900000,1371507959999,79966.88206748072,79967.03689099033,79966.78109433521,79967.03689099033,0,1
1371507960000,1371508019999,79966.34353225601,79966.79119169564,79966.34353225601,79966.53538875544,0,1
1371508020000,1371508079999,79966.53538875544,79966.53538875544,79966.53538875544,79966.53538875544,0,1
1371508080000,1371508139999,79966.53202288366,79966.8113863859,79966.1685020633,79966.34353225601,0,1
1371508140000,1371508199999,79966.24255367256,79966.29977499504,79966.24255367256,79966.29977499504,0,1
1371508200000,1371508259999,79967.05708518444,79967.05708518444,79965.69051939243,79966.47143699795,0,1
1371508260000,1371508319999,79966.47143699795,79966.47143699795,79966.47143699795,79966.47143699795,0,1
1371508320000,1371508379999,79966.56231568886,79966.56231568886,79966.39065524601,79966.39065524601,0,1
1371508380000,1371508439999,79966.21562587809,79966.21562587809,79966.21562587809,79966.21562587809,0,1
1371508440000,1371508499999,79966.21562587809,79966.21562587809,79966.21562587809,79966.21562587809,0,1
1371508500000,1371508559999,79967.31287478001,79967.31287478001,79966.95274807596,79966.95274807596,0,1
1371508560000,1371508619999,79966.62290102398,79967.18498080008,79966.62290102398,79967.18498080008,0,1
1371508620000,1371508679999,79967.3297028135,79967.3297028135,79967.3297028135,79967.3297028135,0,1
1371508680000,1371508739999,79967.50134713751,79969.80648051147,79967.3599932024,79969.80648051147,0,1
1371508740000,1371508799999,79970.31454793246,79970.51305732878,79968.83737968485,79968.83737968485,0,1
1371508800000,1371508859999,79968.83737968485,79968.83737968485,79968.83737968485,79968.83737968485,0,1
1371508860000,1371508919999,79968.83737968485,79968.83737968485,79968.83737968485,79968.83737968485,0,1
1371508920000,1371508979999,79968.80036355507,79968.80036355507,79968.80036355507,79968.80036355507,0,1
1371508980000,1371509039999,79968.80036355507,79968.80036355507,79968.80036355507,79968.80036355507,0,1
1371509040000,1371509099999,79969.09985376555,79969.09985376555,79969.00226805291,79969.00226805291,0,1
1371509100000,1371509159999,79969.00226805291,79969.00226805291,79969.00226805291,79969.00226805291,0,1
1371509160000,1371509219999,79969.1065837796,79969.4969168448,79968.75998216632,79969.09648875683,0,1
1371509220000,1371509279999,79968.62537635941,79969.28492750145,79968.62537635941,79969.28492750145,0,1
1371509280000,1371509339999,79969.16715370219,79970.46931830874,79969.16715370219,79970.15304585548,0,1
1371509340000,1371509399999,79969.98817646147,79969.98817646147,79969.98817646147,79969.98817646147,0,1
1371509400000,1371509459999,79970.23043259283,79970.23043259283,79970.23043259283,79970.23043259283,0,1
1371509460000,1371509519999,79970.65436670142,79970.9100643,79970.63754426176,79970.63754426176,0,1
1371509520000,1371509579999,79970.63754426176,79970.63754426176,79970.63754426176,79970.63754426176,0,1
1371509580000,1371509639999,79972.23891363785,79972.23891363785,79972.23891363785,79972.23891363785,0,1
1371509640000,1371509699999,79972.15481448361,79972.15481448361,79970.54670259861,79970.54670259861,0,1
1371509700000,1371509759999,79970.88651347875,79970.88651347875,79968.56480315518,79968.56480315518,0,1
1371509760000,1371509819999,79968.56480315518,79968.56480315518,79968.56480315518,79968.56480315518,0,1
1371509820000,1371509879999,79968.56480315518,79968.56480315518,79968.56480315518,79968.56480315518,0,1
1371509880000,1371509939999,79968.56480315518,79968.56480315518,79968.56480315518,79968.56480315518,0,1
1371509940000,1371509999999,79968.56480315518,79968.56480315518,79968.56480315518,79968.56480315518,0,1
1371510000000,1371510059999,79968.74652166716,79968.74652166716,79968.22827867232,79968.22827867232,0,1
1371510060000,1371510119999,79968.22827867232,79968.22827867232,79968.22827867232,79968.22827867232,0,1
1371510120000,1371510179999,79968.22827867232,79968.22827867232,79968.22827867232,79968.22827867232,0,1
1371510180000,1371510239999,79968.22827867232,79968.22827867232,79968.22827867232,79968.22827867232,0,1
1371510240000,1371510299999,79968.22827867232,79968.22827867232,79968.22827867232,79968.22827867232,0,1
1371510300000,1371510359999,79968.22827867232,79968.22827867232,79968.22827867232,79968.22827867232,0,1
1371510360000,1371510419999,79968.83737968485,79968.83737968485,79968.83737968485,79968.83737968485,0,1
1371510420000,1371510479999,79968.89122108357,79968.89122108357,79968.89122108357,79968.89122108357,0,1
1371510480000,1371510539999,79968.28548863338,79968.28548863338,79967.31287478001,79967.31287478001,0,1
1371510540000,1371510599999,79967.4744227325,79967.4744227325,79966.1281100453,79966.1281100453,0,1
1371510600000,1371510659999,79966.1281100453,79966.1281100453,79966.1281100453,79966.1281100453,0,1
1371510660000,1371510719999,79966.1281100453,79966.1281100453,79966.1281100453,79966.1281100453,0,1
1371510720000,1371510779999,79966.91235922556,79966.91235922556,79966.91235922556,79966.91235922556,0,1
1371510780000,1371510839999,79966.91235922556,79966.91235922556,79966.91235922556,79966.91235922556,0,1
1371510840000,1371510899999,79966.65992521474,79966.65992521474,79966.65992521474,79966.65992521474,0,1
1371510900000,1371510959999,79966.65992521474,79966.65992521474,79966.65992521474,79966.65992521474,0,1
1371510960000,1371511019999,79966.65992521474,79966.65992521474,79966.65992521474,79966.65992521474,0,1
1371511020000,1371511079999,79966.65992521474,79966.65992521474,79966.65992521474,79966.65992521474,0,1
1371511080000,1371511139999,79966.91909071195,79966.91909071195,79966.91909071195,79966.91909071195,0,1
1371511140000,1371511199999,79967.51144377071,79968.51769040934,79967.51144377071,79968.51769040934,0,1
1371511200000,1371511259999,79969.295022334,79969.295022334,79969.295022334,79969.295022334,0,1
1371511260000,1371511319999,79969.11667879217,79969.11667879217,79969.11667879217,79969.11667879217,0,1
1371511320000,1371511379999,79969.03928343533,79969.03928343533,79968.93160194237,79968.93160194237,0,1
1371511380000,1371511439999,79968.93160194237,79968.93160194237,79968.93160194237,79968.93160194237,0,1
1371511440000,1371511499999,79968.79363333494,79968.79363333494,79968.79363333494,79968.79363333494,0,1
1371511500000,1371511559999,79968.79363333494,79968.79363333494,79968.79363333494,79968.79363333494,0,1
1371511560000,1371511619999,79968.79363333494,79968.79363333494,79968.79363333494,79968.79363333494,0,1
1371511620000,1371511679999,79968.79363333494,79968.79363333494,79968.79363333494,79968.79363333494,0,1
1371511680000,1371511739999,79968.79363333494,79968.79363333494,79968.79363333494,79968.79363333494,0,1
1371511740000,1371511799999,79968.66239313694,79968.66239313694,79968.66239313694,79968.66239313694,0,1
1371511800000,1371511859999,79968.66239313694,79968.66239313694,79968.66239313694,79968.66239313694,0,1
1371511860000,1371511919999,79968.62874152667,79968.62874152667,79968.62874152667,79968.62874152667,0,1
1371511920000,1371511979999,79968.62874152667,79968.62874152667,79968.62874152667,79968.62874152667,0,1
1371511980000,1371512039999,79968.62874152667,79968.62874152667,79968.62874152667,79968.62874152667,0,1
1371512040000,1371512099999,79968.98544283379,79968.98544283379,79968.98544283379,79968.98544283379,0,1
1371512100000,1371512159999,79968.98544283379,79968.98544283379,79968.98544283379,79968.98544283379,0,1
1371512160000,1371512219999,79968.98544283379,79968.98544283379,79968.98544283379,79968.98544283379,0,1
1371512220000,1371512279999,79968.98544283379,79968.98544283379,79968.98544283379,79968.98544283379,0,1
1371512280000,1371512339999,79968.98544283379,79968.98544283379,79968.98544283379,79968.98544283379,0,1
1371512340000,1371512399999,79968.98544283379,79968.98544283379,79968.98544283379,79968.98544283379,0,1
1371512400000,1371512459999,79968.98544283379,79968.98544283379,79968.98544283379,79968.98544283379,0,1
1371512460000,1371512519999,79968.89458616136,79968.89458616136,79968.89458616136,79968.89458616136,0,1
1371512520000,1371512579999,79968.57153352934,79970.13622257244,79968.57153352934,79969.03928343533,0,1
1371512580000,1371512639999,79969.03928343533,79969.03928343533,79969.03928343533,79969.03928343533,0,1
1371512640000,1371512699999,79969.03928343533,79969.03928343533,79969.03928343533,79969.03928343533,0,1
1371512700000,1371512759999,79969.05610856385,79969.70890169428,79969.05610856385,79969.651699876,0,1
1371512760000,1371512819999,79970.35828762945,79970.50632826122,79969.74927925135,79970.50632826122,0,1
1371512820000,1371512879999,79970.29772492114,79970.54333807672,79969.63824057709,79970.54333807672,0,1
1371512880000,1371512939999,79969.7896566454,79970.23043259283,79969.7896566454,79970.03528227998,0,1
1371512940000,1371512999999,79970.55006711937,79970.55006711937,79970.55006711937,79970.55006711937,0,1
1371513000000,1371513059999,79970.13958723132,79970.21360944,79968.21481745745,79968.21481745745,0,1
1371513060000,1371513119999,79967.22873418781,79967.56529230891,79967.22873418781,79967.2489279945,0,1
1371513120000,1371513179999,79967.34989641629,79967.34989641629,79966.68348599205,79966.99986819523,0,1
1371513180000,1371513239999,79966.8315810354,79966.8315810354,79965.43132205252,79965.43132205252,0,1
1371513240000,1371513299999,79966.78446012315,79967.36672438748,79966.56231568886,79966.91572496932,0,1
1371513300000,1371513359999,79966.82821526332,79966.82821526332,79963.85916306596,79963.85916306596,0,1
1371513360000,1371513419999,79964.53922790807,79965.36063070291,79964.53922790807,79965.36063070291,0,1
1371513420000,1371513479999,79964.26316755856,79964.96676974958,79964.26316755856,79964.53249481948,0,1
1371513480000,1371513539999,79964.54596099211,79965.49191424016,79964.15543462311,79965.13508829444,0,1
1371513540000,1371513599999,79965.4515194892,79966.52865701074,79964.77151668812,79964.98360173155,0,1
1371513600000,1371513659999,79964.99706729673,79964.99706729673,79964.18573462851,79964.91290721686,0,1
1371513660000,1371513719999,79963.91639802812,79964.96003694885,79963.51237952536,79964.19246795059,0,1
1371513720000,1371513779999,79964.59982550133,79965.4515194892,79963.28342846129,79965.11152386872,0,1
1371513780000,1371513839999,79964.52912827348,79965.05429574648,79963.63695363762,79965.05429574648,0,1
1371513840000,1371513899999,79965.27983997714,79967.04025669218,79965.19568227706,79966.49499821934,0,1
1371513900000,1371513959999,79965.9295135837,79967.72683618372,79965.57943564084,79965.57943564084,0,1
1371513960000,1371514019999,79965.65012544372,79968.06337754149,79965.65012544372,79967.41720813113,0,1
1371514020000,1371514079999,79966.90899348067,79970.21697407283,79965.67032243847,79970.21697407283,0,1
1371514080000,1371514139999,79969.91751731765,79971.04127500302,79967.24556236289,79970.61062829946,0,1
1371514140000,1371514199999,79970.89324229048,79971.99670615888,79970.27080804415,79971.73767222425,0,1
1371514200000,1371514259999,79971.74776458107,79971.87896429311,79968.60518533211,79970.08575255357,0,1
1371514260000,1371514319999,79971.15229809936,79971.15229809936,79968.9719826381,79968.9719826381,0,1
1371514320000,1371514379999,79968.47730787909,79969.23108822247,79968.41000329962,79969.23108822247,0,1
1371514380000,1371514439999,79969.95116459126,79970.53660902954,79969.81657481751,79970.11603459547,0,1
1371514440000,1371514499999,79969.11331378912,79969.41952443076,79965.97663852472,79967.41384255614,0,1
1371514500000,1371514559999,79967.02342817161,79967.02342817161,79966.60607180104,79966.84840987883,0,1
1371514560000,1371514619999,79966.13484205963,79966.55221809732,79965.38082828236,79965.64339310306,0,1
1371514620000,1371514679999,79966.8315810354,79967.16815252305,79966.41758256916,79966.80465482702,0,1
1371514680000,1371514739999,79967.16815252305,79967.16815252305,79963.89619749066,79965.13508829444,0,1
1371514740000,1371514799999,79964.46516368428,79966.06078965274,79963.82549528815,79965.22261281815,0,1
1371514800000,1371514859999,79965.35389816736,79967.72347071294,79965.35389816736,79967.28931548556,0,1
1371514860000,1371514919999,79967.42057370496,79967.75712536972,79967.17151818072,79967.21190598441,0,1
1371514920000,1371514979999,79966.92245645345,79967.00323390955,79966.55894982615,79966.5959742537,0,1
1371514980000,1371515039999,79969.190708573,79969.190708573,79966.25265157678,79967.14795855324,0,1
1371515040000,1371515099999,79966.80802060703,79967.88837744894,79965.55587226216,79967.88837744894,0,1
1371515100000,1371515159999,79967.6023130107,79968.42009901542,79967.23546546124,79967.23546546124,0,1
1371515160000,1371515219999,79967.51817485385,79968.4974991646,79967.51817485385,79968.00280093294,0,1
1371515220000,1371515279999,79965.41449082413,79965.41449082413,79963.49554506685,79965.32360170128,0,1
1371515280000,1371515339999,79966.72724157403,79966.73397318504,79964.98360173155,79966.52865701074,0,1
1371515340000,1371515399999,79965.9901027528,79966.78446012315,79964.46179711561,79966.78446012315,0,1
1371515400000,1371515459999,79966.53202288366,79968.77680776478,79966.53202288366,79968.48403831212,0,1
1371515460000,1371515519999,79967.4239392777,79967.4239392777,79965.59626659162,79966.53538875544,0,1
1371515520000,1371515579999,79967.79751080835,79968.57153352934,79967.4441326902,79968.57153352934,0,1
1371515580000,1371515639999,79967.14122722091,79968.21818276287,79966.60270595306,79967.21863726918,0,1
1371515640000,1371515699999,79967.12776454265,79967.4744227325,79965.57943564084,79965.57943564084,0,1
1371515700000,1371515759999,79965.80496802772,79965.85209355566,79964.89270869229,79965.30003771977,0,1
1371515760000,1371515819999,79964.7277525479,79965.69051939243,79964.7277525479,79965.38419454164,0,1
1371515820000,1371515879999,79965.18558330546,79967.73693258925,79965.18558330546,79967.73693258925,0,1
1371515880000,1371515939999,79968.16770306269,79968.5244208152,79965.7679406714,79966.85850717129,0,1
1371515940000,1371515999999,79966.62963270523,79967.76385628749,79965.80160191009,79966.24255367256,0,1
1371516000000,1371516059999,79967.00659962272,79967.00659962272,79964.62339113287,79964.62339113287,0,1
1371516060000,1371516119999,79964.23960107811,79965.0004336852,79964.17900130192,79964.91964004932,0,1
1371516120000,1371516179999,79965.3976595674,79968.27202749552,79965.3976595674,79968.27202749552,0,1
1371516180000,1371516239999,79968.86093533246,79968.86093533246,79967.80424169893,79968.74652166716,0,1
1371516240000,1371516299999,79968.44029041645,79968.85084006171,79967.60567852226,79968.53115121652,0,1
1371516300000,1371516359999,79968.57153352934,79968.57153352934,79966.51519350777,79966.85850717129,0,1
1371516360000,1371516419999,79966.74407059305,79968.53115121652,79966.74407059305,79968.35615930989,0,1
1371516420000,1371516479999,79967.2489279945,79968.41673377795,79967.2489279945,79968.41673377795,0,1
1371516480000,1371516539999,79967.8782811963,79967.8782811963,79965.82516470975,79967.66625753648,0,1
1371516540000,1371516599999,79967.56192678376,79968.29221919551,79966.68348599205,79968.29221919551,0,1
1371516600000,1371516659999,79967.47778828708,79968.10376174333,79966.72387576682,79966.84504411242,0,1
1371516660000,1371516719999,79966.98977104551,79968.49076874062,79966.96284526306,79968.49076874062,0,1
1371516720000,1371516779999,79967.76722174467,79968.04318537941,79967.68645045967,79967.80424169893,0,1
1371516780000,1371516839999,79968.4571165528,79970.17996304944,79967.97251249106,79969.37578062745,0,1
1371516840000,1371516899999,79969.50028171878,79969.6651591568,79968.67585374933,79968.67585374933,0,1
1371516900000,1371516959999,79968.68594919675,79968.68594919675,79966.85514140828,79967.30277794632,0,1
1371516960000,1371517019999,79967.62587156778,79967.76049082917,79966.88206748072,79967.2320998251,0,1
1371517020000,1371517079999,79966.53875462608,79967.11766752206,79966.24928560984,79966.24928560984,0,1
1371517080000,1371517139999,79967.20854034033,79967.20854034033,79966.26611543323,79966.4546075201,0,1
1371517140000,1371517199999,79966.80802060703,79968.77680776478,79966.80802060703,79967.81097258498,0,1
1371517200000,1371517259999,79967.5215403937,79967.5215403937,79965.55923846252,79966.81811794027,0,1
1371517260000,1371517319999,79965.59963277837,79967.0671822662,79963.90966452016,79966.91909071195,0,1
1371517320000,1371517379999,79967.26239050964,79969.20416847427,79966.99313676322,79969.20416847427,0,1
1371517380000,1371517439999,79968.65229766576,79969.45317338002,79968.65229766576,79969.45317338002,0,1
1371517440000,1371517499999,79969.91415258405,79970.19678625886,79967.34653081866,79967.34653081866,0,1
1371517500000,1371517559999,79967.73020165336,79970.03864697281,79966.35026412531,79966.35026412531,0,1
1371517560000,1371517619999,79966.5959742537,79968.31241085475,79966.46133931464,79968.31241085475,0,1
1371517620000,1371517679999,79967.18498080008,79967.56865783292,79966.81475216366,79967.02679387799,0,1
1371517680000,1371517739999,79966.62963270523,79967.40711140278,79965.59626659162,79966.92918793306,0,1
1371517740000,1371517799999,79967.37008997831,79969.18397861558,79967.37008997831,79969.07293366408,0,1
1371517800000,1371517859999,79968.99890301135,79969.91751731765,79968.78017288107,79968.78017288107,0,1
1371517860000,1371517919999,79969.36232095717,79970.0655644747,79969.36232095717,79970.0655644747,0,1
1371517920000,1371517979999,79969.45653826871,79969.4699978122,79969.05947358617,79969.4699978122,0,1
1371517980000,1371518039999,79970.11266992867,79970.43567277853,79969.61805159475,79969.80648051147,0,1
1371518040000,1371518099999,79969.9814470407,79969.9814470407,79967.22200290985,79968.87103059303,0,1
1371518100000,1371518159999,79968.84074478077,79969.55411954845,79968.68594919675,79969.03928343533,0,1
1371518160000,1371518219999,79969.09648875683,79969.09648875683,79965.80496802772,79966.66665687106,0,1
1371518220000,1371518279999,79966.25938350728,79967.73356712188,79966.25938350728,79967.20517469512,0,1
1371518280000,1371518339999,79967.20517469512,79967.20517469512,79967.20517469512,79967.20517469512,0,1
1371518340000,1371518399999,79967.4239392777,79967.4239392777,79965.64002693104,79966.07425376751,0,1
1371518400000,1371518459999,79967.04698809248,79967.04698809248,79967.04698809248,79967.04698809248,0,1
1371518460000,1371518519999,79967.45086381864,79967.62587156778,79966.92918793306,79966.97630816334,0,1
1371518520000,1371518579999,79967.01669675545,79968.01289705985,79967.01669675545,79967.6729885154,0,1
1371518580000,1371518639999,79967.6729885154,79967.6729885154,79967.6729885154,79967.6729885154,0,1
1371518640000,1371518699999,79967.53500254184,79967.53500254184,79966.68685181283,79966.68685181283,0,1
1371518700000,1371518759999,79966.23582173073,79967.1950777527,79966.23582173073,79966.95611380611,0,1
1371518760000,1371518819999,79967.09410776771,79967.09410776771,79966.67002269752,79966.67002269752,0,1
1371518820000,1371518879999,79967.40374582441,79968.70950520106,79967.40374582441,79968.70950520106,0,1
1371518880000,1371518939999,79968.46048177668,79968.46048177668,79967.51480931284,79967.51480931284,0,1
1371518940000,1371518999999,79966.62963270523,79966.62963270523,79966.03722740828,79966.41085074516,0,1
1371519000000,1371519059999,79967.41384255614,79970.03528227998,79967.41384255614,79968.85084006171,0,1
1371519060000,1371519119999,79968.28885391502,79968.56816834283,79966.10118194265,79966.10118194265,0,1
1371519120000,1371519179999,79965.69388554746,79965.83526303546,79963.97026592854,79965.83526303546,0,1
1371519180000,1371519239999,79965.17885065205,79966.68348599205,79963.44840843222,79963.93659852477,0,1
1371519240000,1371519299999,79964.18573462851,79965.13845463644,79962.9770298653,79964.90617437987,0,1
1371519300000,1371519359999,79965.46498442432,79965.46498442432,79963.74469215893,79964.51229552653,0,1
1371519360000,1371519419999,79964.31366697252,79965.55587226216,79964.03086696967,79965.0441966321,0,1
1371519420000,1371519479999,79965.1519199931,79965.49528046206,79964.18573462851,79965.49528046206,0,1
1371519480000,1371519539999,79964.89270869229,79965.64675927396,79964.29683386286,79965.6198298751,0,1
1371519540000,1371519599999,79965.13845463644,79965.13845463644,79962.92652370094,79962.92652370094,0,1
1371519600000,1371519659999,79963.61338568135,79963.61338568135,79963.61338568135,79963.61338568135,0,1
1371519660000,1371519719999,79962.47869121851,79964.12176784278,79962.21941061442,79963.97699939569,0,1
1371519720000,1371519779999,79964.40119868593,79964.40119868593,79963.36760225594,79964.05780064783,0,1
1371519780000,1371519839999,79964.01740010337,79964.06790075845,79962.21941061442,79963.80192777625,0,1
1371519840000,1371519899999,79963.62348624083,79965.17885065205,79963.49891196082,79965.17885065205,0,1
1371519900000,1371519959999,79964.63685718311,79965.45825195903,79964.33050005382,79964.78161607792,0,1
1371519960000,1371520019999,79965.33033425723,79965.98000458343,79965.33033425723,79965.98000458343,0,1
1371520020000,1371520079999,79965.36399696898,79965.7107163056,79965.36399696898,79965.7107163056,0,1
1371520080000,1371520139999,79965.18894963046,79965.84199524693,79964.97013614824,79965.20578123846,0,1
1371520140000,1371520199999,79964.56616021707,79966.48490055982,79964.56616021707,79966.48490055982,0,1
1371520200000,1371520259999,79965.7578422777,79965.7578422777,79964.15543462311,79964.26316755856,0,1
1371520260000,1371520319999,79965.08795938746,79965.08795938746,79964.08473425347,79964.16890130352,0,1
1371520320000,1371520379999,79963.67398888525,79964.50892897372,79963.43494078152,79964.03086696967,0,1
1371520380000,1371520439999,79963.73795853535,79964.44159767986,79962.9702957248,79963.83222885279,0,1
1371520440000,1371520499999,79963.2329238444,79964.06453405604,79962.7716365396,79963.01743461314,0,1
1371520500000,1371520559999,79962.6100125961,79963.62348624083,79961.8489980893,79963.62348624083,0,1
1371520560000,1371520619999,79963.75815939247,79965.30003771977,79963.75815939247,79964.0510672351,0,1
1371520620000,1371520679999,79963.20598794444,79964.10493441009,79963.20598794444,79964.10493441009,0,1
1371520680000,1371520739999,79964.07800085886,79966.53202288366,79964.07800085886,79965.69051939243,0,1
1371520740000,1371520799999,79965.30677029159,79965.46498442432,79964.98023533743,79965.0340975075,0,1
1371520800000,1371520859999,79964.92300646384,79965.03746388349,79963.03426987655,79963.64368732921,0,1
1371520860000,1371520919999,79963.98036612757,79966.54885223121,79963.7951941912,79964.25643428409,0,1
1371520920000,1371520979999,79963.59318453177,79964.43486452554,79963.59318453177,79964.43486452554,0,1
1371520980000,1371521039999,79965.69388554746,79965.70061785412,79963.882730443,79964.5560606097,0,1
1371521040000,1371521099999,79965.46835065527,79965.46835065527,79965.46835065527,79965.46835065527,0,1
1371521100000,1371521159999,79966.1685020633,79966.82148371576,79964.25643428409,79964.96676974958,0,1
1371521160000,1371521219999,79964.37089933337,79964.37089933337,79964.37089933337,79964.37089933337,0,1
1371521220000,1371521279999,79963.85916306596,79965.3740957604,79963.85916306596,79964.5560606097,0,1
1371521280000,1371521339999,79965.01389922772,79965.50201290242,79964.86241082895,79965.50201290242,0,1
1371521340000,1371521399999,79965.70735015624,79965.70735015624,79965.56597085983,79965.56597085983,0,1
1371521400000,1371521459999,79966.6397302186,79968.86093533246,79966.6397302186,79968.86093533246,0,1
1371521460000,1371521519999,79968.83737968485,79968.83737968485,79967.41047698003,79967.46769161991,0,1
1371521520000,1371521579999,79967.38355233034,79967.38355233034,79965.87565623634,79967.25229362499,0,1
1371521580000,1371521639999,79968.68258404873,79969.07629868072,79967.6023130107,79967.6023130107,0,1
1371521640000,1371521699999,79966.94265087864,79967.52490593244,79964.99033451642,79966.33680038217,0,1
1371521700000,1371521759999,79967.04698809248,79967.18498080008,79966.92245645345,79967.18498080008,0,1
1371521760000,1371521819999,79967.53163700651,79967.53163700651,79967.53163700651,79967.53163700651,0,1
1371521820000,1371521879999,79967.84462694728,79967.84462694728,79967.04025669218,79967.04025669218,0,1
1371521880000,1371521939999,79966.9830396067,79966.9830396067,79966.08771786414,79966.20216195367,0,1
1371521940000,1371521999999,79965.89585277559,79967.18498080008,79965.89585277559,79966.65992521474,0,1
1371522000000,1371522059999,79966.80802060703,79966.80802060703,79965.54240744942,79965.54240744942,0,1
1371522060000,1371522119999,79966.8315810354,79966.8315810354,79964.9533041436,79964.9533041436,0,1
1371522120000,1371522179999,79964.10156772015,79964.33050005382,79963.52921395554,79963.52921395554,0,1
1371522180000,1371522239999,79963.68072255189,79964.31703359104,79963.29016239093,79964.31703359104,0,1
1371522240000,1371522299999,79964.27326746174,79964.27326746174,79962.04094083783,79962.85581464229,0,1
1371522300000,1371522359999,79963.22282289043,79963.44840843222,79963.22282289043,79963.29689631604,0,1
1371522360000,1371522419999,79963.88609720662,79964.1823679658,79963.88609720662,79964.1823679658,0,1
1371522420000,1371522479999,79963.83222885279,79963.83222885279,79963.83222885279,79963.83222885279,0,1
1371522480000,1371522539999,79963.01743461314,79963.01743461314,79961.30682410959,79962.68072339281,0,1
1371522540000,1371522599999,79961.65031662704,79962.23961453936,79961.18558863932,79962.23961453936,0,1
1371522600000,1371522659999,79961.84226318913,79963.4888112755,79961.84226318913,79962.02747129147,0,1
1371522660000,1371522719999,79961.48867455915,79962.92652370094,79961.48867455915,79962.06787987615,0,1
1371522720000,1371522779999,79962.32716440911,79962.70092638575,79961.64694911061,79961.64694911061,0,1
1371522780000,1371522839999,79961.86583531993,79962.11502301854,79961.52908532108,79961.52908532108,0,1
1371522840000,1371522899999,79961.52908532108,79961.52908532108,79961.52908532108,79961.52908532108,0,1
1371522900000,1371522959999,79961.52908532108,79961.52908532108,79961.52908532108,79961.52908532108,0,1
1371522960000,1371523019999,79961.52908532108,79961.52908532108,79961.52908532108,79961.52908532108,0,1
1371523020000,1371523079999,79962.18910465046,79962.18910465046,79961.95675587539,79961.95675587539,0,1
1371523080000,1371523139999,79961.80522115703,79961.80522115703,79961.80522115703,79961.80522115703,0,1
1371523140000,1371523199999,79962.0443082216,79963.8355956334,79962.0443082216,79962.83561196228,0,1
1371523200000,1371523259999,79962.2800222668,79962.57970781586,79962.00389954167,79962.57970781586,0,1
1371523260000,1371523319999,79962.57970781586,79962.57970781586,79962.57970781586,79962.57970781586,0,1
1371523320000,1371523379999,79962.57970781586,79962.57970781586,79962.57970781586,79962.57970781586,0,1
1371523380000,1371523439999,79963.3743361289,79964.53249481948,79963.3743361289,79964.53249481948,0,1
1371523440000,1371523499999,79964.07800085886,79966.03722740828,79963.55951585845,79965.79486967142,0,1
1371523500000,1371523559999,79966.0675217124,79966.40748483148,79965.525576408,79965.525576408,0,1
1371523560000,1371523619999,79965.4043920735,79965.4043920735,79964.84894508244,79964.84894508244,0,1
1371523620000,1371523679999,79964.84894508244,79964.84894508244,79964.84894508244,79964.84894508244,0,1
1371523680000,1371523739999,79964.48199651059,79964.48199651059,79964.48199651059,79964.48199651059,0,1
1371523740000,1371523799999,79964.98360173155,79967.16815252305,79964.98360173155,79966.96284526306,0,1
1371523800000,1371523859999,79966.4344121093,79966.85514140828,79966.19879596973,79966.19879596973,0,1
1371523860000,1371523919999,79965.86555795142,79965.86555795142,79964.89944153835,79965.4346882948,0,1
1371523920000,1371523979999,79964.98696812455,79964.98696812455,79964.6604227274,79964.6604227274,0,1
1371523980000,1371524039999,79964.38099912775,79964.91290721686,79964.38099912775,79964.91290721686,0,1
1371524040000,1371524099999,79963.9062977645,79963.9062977645,79963.7749934089,79963.7749934089,0,1
1371524100000,1371524159999,79964.31703359104,79964.38773231834,79963.77162660788,79963.77162660788,0,1
1371524160000,1371524219999,79963.7413253477,79964.6099250645,79963.7413253477,79964.6099250645,0,1
1371524220000,1371524279999,79964.6099250645,79964.6099250645,79964.6099250645,79964.6099250645,0,1
1371524280000,1371524339999,79964.90617437987,79965.45825195903,79964.90617437987,79965.45825195903,0,1
1371524340000,1371524399999,79965.67705476099,79966.62963270523,79965.38419454164,79965.81843248694,0,1
1371524400000,1371524459999,79965.18221697932,79967.16478686425,79963.71775763741,79963.71775763741,0,1
1371524460000,1371524519999,79963.25649269736,79963.25649269736,79960.69052854751,79960.69052854751,0,1
1371524520000,1371524579999,79961.4381608771,79961.4381608771,79960.90943569233,79960.90943569233,0,1
1371524580000,1371524639999,79960.69726422342,79963.10834469885,79960.69726422342,79962.3877754084,0,1
1371524640000,1371524699999,79963.25985967182,79964.88260941471,79963.15884994491,79964.88260941471,0,1
1371524700000,1371524759999,79965.04756300469,79965.04756300469,79962.00726693792,79962.86591596699,0,1
1371524760000,1371524819999,79961.9601232875,79966.87197021206,79961.9601232875,79965.20241491913,0,1
1371524820000,1371524879999,79965.63329458359,79965.63329458359,79965.41785707207,79965.41785707207,0,1
1371524880000,1371524939999,79965.95980821413,79965.95980821413,79965.56260466174,79965.71408245384,0,1
1371524940000,1371524999999,79966.38055748113,79966.38055748113,79963.77836020879,79963.77836020879,0,1
1371525000000,1371525059999,79964.1352345685,79965.53230882797,79964.1352345685,79965.53230882797,0,1
1371525060000,1371525119999,79965.2596421937,79965.46498442432,79964.72438606764,79964.72438606764,0,1
1371525120000,1371525179999,79964.31366697252,79965.17548432366,79964.31366697252,79965.17548432366,0,1
1371525180000,1371525239999,79964.08136755673,79964.08136755673,79962.10492093532,79962.31032795523,0,1
1371525240000,1371525299999,79961.58970115778,79963.36086837843,79961.58970115778,79963.28342846129,0,1
1371525300000,1371525359999,79963.68408938352,79964.96003694885,79963.68408938352,79963.92986503043,0,1
1371525360000,1371525419999,79963.29016239093,79964.45169740284,79963.29016239093,79964.45169740284,0,1
1371525420000,1371525479999,79964.51229552653,79964.51229552653,79964.51229552653,79964.51229552653,0,1
1371525480000,1371525539999,79964.51229552653,79964.51229552653,79964.51229552653,79964.51229552653,0,1
1371525540000,1371525599999,79963.32719892293,79963.32719892293,79963.32719892293,79963.32719892293,0,1
1371525600000,1371525659999,79963.53594771968,79964.40793186291,79963.53594771968,79964.20256792518,0,1
1371525660000,1371525719999,79963.97699939569,79964.86577726273,79963.97699939569,79964.4112984497,0,1
1371525720000,1371525779999,79963.38443692983,79964.86241082895,79963.38443692983,79963.49554506685,0,1
1371525780000,1371525839999,79963.73795853535,79964.01740010337,79963.39453772057,79963.57971707605,0,1
1371525840000,1371525899999,79963.23965780805,79963.48207747962,79963.23965780805,79963.48207747962,0,1
1371525900000,1371525959999,79963.76825980573,79963.8355956334,79963.0578391977,79963.3069971952,0,1
1371525960000,1371526019999,79961.85910043109,79963.08140846332,79961.85910043109,79962.79857360956,0,1
1371526020000,1371526079999,79962.59654381622,79963.76489300243,79962.57297340779,79962.57297340779,0,1
1371526080000,1371526139999,79963.34740060983,79963.34740060983,79961.92644911543,79961.92644911543,0,1
1371526140000,1371526199999,79961.9937973462,79962.6100125961,79961.9937973462,79962.6100125961,0,1
1371526200000,1371526259999,79962.76826940077,79967.08737639913,79962.76826940077,79966.92582219382,0,1
1371526260000,1371526319999,79967.69654690598,79968.91814167422,79966.55221809732,79968.91814167422,0,1
1371526320000,1371526379999,79968.16770306269,79968.43019472102,79964.18910129012,79967.02342817161,0,1
1371526380000,1371526439999,79967.25902488256,79968.39990757364,79967.25902488256,79967.5720233558,0,1
1371526440000,1371526499999,79968.03308928308,79968.48740352693,79967.2320998251,79967.34653081866,0,1
1371526500000,1371526559999,79967.96241632338,79969.0695686463,79967.30614355869,79968.75998216632,0,1
1371526560000,1371526619999,79969.21089841811,79970.56016067485,79968.92487181057,79970.19005697849,0,1
1371526620000,1371526679999,79970.49287011253,79970.53324450426,79968.77007752878,79968.97534768873,0,1
1371526680000,1371526739999,79969.1200437941,79969.13686878675,79969.06283860734,79969.13350379048,0,1
1371526740000,1371526799999,79968.98544283379,79969.10321877313,79968.43355995396,79969.05274354041,0,1
1371526800000,1371526859999,79968.47730787909,79968.47730787909,79967.6023130107,79967.65952655302,0,1
1371526860000,1371526919999,79968.04991610463,79968.55470758548,79968.04991610463,79968.40327281675,0,1
1371526920000,1371526979999,79968.50759479206,79969.28156255501,79967.52827147004,79968.55134239332,0,1
1371526980000,1371527039999,79968.64220218436,79970.89997109768,79967.41047698003,79967.51480931284,0,1
1371527040000,1371527099999,79967.39364908247,79968.49076874062,79967.12439887025,79967.12439887025,0,1
1371527100000,1371527159999,79966.92582219382,79967.4441326902,79966.92582219382,79967.4441326902,0,1
1371527160000,1371527219999,79967.01333104567,79967.15805554324,79964.53922790807,79964.65032321522,0,1
1371527220000,1371527279999,79964.97686894216,79965.44142077595,79964.01066666342,79964.11166778656,0,1
1371527280000,1371527339999,79963.97026592854,79964.58635940122,79961.74460662671,79961.74460662671,0,1
1371527340000,1371527399999,79962.01400172697,79964.350699714,79962.01400172697,79962.0779819968,0,1
1371527400000,1371527459999,79962.63021573189,79965.30677029159,79962.19247198431,79965.30677029159,0,1
1371527460000,1371527519999,79964.94657133381,79966.38728932552,79963.7413253477,79963.7413253477,0,1
1371527520000,1371527579999,79963.27332755832,79965.17211799412,79963.27332755832,79965.17211799412,0,1
1371527580000,1371527639999,79963.51911330083,79964.21266788959,79963.51911330083,79964.03760039601,0,1
1371527640000,1371527699999,79963.97026592854,79965.94634394528,79963.43157386601,79963.43157386601,0,1
1371527700000,1371527759999,79963.80866135674,79964.52576172636,79963.52921395554,79964.1285012079,0,1
1371527760000,1371527819999,79963.70092352464,79966.82821526332,79963.70092352464,79966.82821526332,0,1
1371527820000,1371527879999,79967.53163700651,79967.53163700651,79964.87587655731,79964.87587655731,0,1
1371527880000,1371527939999,79965.56260466174,79965.56260466174,79965.03073113038,79965.485181793,0,1
1371527940000,1371527999999,79965.13845463644,79965.18894963046,79965.13845463644,79965.18894963046,0,1
1371528000000,1371528059999,79964.37763253076,79964.37763253076,79963.58981766953,79963.58981766953,0,1
1371528060000,1371528119999,79963.37770306367,79964.45843054583,79962.3844081403,79963.53594771968,0,1
1371528120000,1371528179999,79963.96353245685,79965.15528632943,79963.96353245685,79965.11152386872,0,1
1371528180000,1371528239999,79965.2731073872,79965.525576408,79965.2731073872,79965.525576408,0,1
1371528240000,1371528299999,79964.90954079892,79966.45124162114,79964.90954079892,79966.45124162114,0,1
1371528300000,1371528359999,79965.7645745413,79969.19407355002,79965.7645745413,79969.19407355002,0,1
1371528360000,1371528419999,79968.34269826715,79968.34269826715,79967.33643401896,79967.71000881851,0,1
1371528420000,1371528479999,79968.14078045174,79969.1200437941,79967.56529230891,79969.1200437941,0,1
1371528480000,1371528539999,79969.50364659162,79969.50364659162,79969.2277232579,79969.2277232579,0,1
1371528540000,1371528599999,79968.41000329962,79968.88449092458,79968.41000329962,79968.88449092458,0,1
1371528600000,1371528659999,79968.80372866344,79968.80372866344,79968.80372866344,79968.80372866344,0,1
1371528660000,1371528719999,79968.78690311026,79969.03928343533,79968.45038610166,79968.45038610166,0,1
1371528720000,1371528779999,79969.14359877589,79969.14359877589,79966.78109433521,79966.78109433521,0,1
1371528780000,1371528839999,79967.00323390955,79967.17824949266,79967.00323390955,79967.17824949266,0,1
1371528840000,1371528899999,79967.11766752206,79967.11766752206,79966.65992521474,79967.08064502601,0,1
1371528900000,1371528959999,79966.74743639346,79969.6752536055,79966.74743639346,79968.8474749692,0,1
1371528960000,1371529019999,79967.99270479583,79968.35615930989,79967.99270479583,79968.35615930989,0,1
1371529020000,1371529079999,79968.35615930989,79968.35615930989,79968.35615930989,79968.35615930989,0,1
1371529080000,1371529139999,79968.35615930989,79968.35615930989,79968.35615930989,79968.35615930989,0,1
1371529140000,1371529199999,79967.33306841679,79968.91141153335,79967.33306841679,79968.91141153335,0,1
1371529200000,1371529259999,79968.46384699944,79968.90804646122,79968.46384699944,79968.90804646122,0,1
1371529260000,1371529319999,79969.190708573,79969.190708573,79966.72724157403,79966.72724157403,0,1
1371529320000,1371529379999,79967.63933357547,79970.2237033351,79967.63933357547,79968.94842725208,0,1
1371529380000,1371529439999,79969.40606481936,79970.86969142962,79969.40606481936,79969.90742311349,0,1
1371529440000,1371529499999,79969.3959700989,79970.31791253132,79968.52105561283,79969.77619753216,0,1
1371529500000,1371529559999,79969.01572820781,79969.01572820781,79966.1180120153,79966.92918793306,0,1
1371529560000,1371529619999,79967.20854034033,79968.1777990231,79967.20854034033,79968.1777990231,0,1
1371529620000,1371529679999,79967.33979962,79968.34942879078,79967.33979962,79968.34942879078,0,1
1371529680000,1371529739999,79968.63883702164,79968.98207778657,79968.63883702164,79968.98207778657,0,1
1371529740000,1371529799999,79968.98207778657,79968.98207778657,79968.98207778657,79968.98207778657,0,1
1371529800000,1371529859999,79970.47941194572,79970.47941194572,79968.62201119102,79968.62201119102,0,1
1371529860000,1371529919999,79968.74988679365,79968.74988679365,79965.59290040373,79966.37382563221,0,1
1371529920000,1371529979999,79967.15468988105,79967.52490593244,79966.76089958375,79967.52490593244,0,1
1371529980000,1371530039999,79968.48067309617,79968.48067309617,79968.48067309617,79968.48067309617,0,1
1371530040000,1371530099999,79967.28931548556,79967.64606457252,79964.11166778656,79964.83884576066,0,1
1371530100000,1371530159999,79965.46498442432,79965.68715323627,79964.98360173155,79965.68715323627,0,1
1371530160000,1371530219999,79965.00380007252,79965.00380007252,79963.93323177817,79964.23960107811,0,1
1371530220000,1371530279999,79962.97366279562,79968.81382398175,79962.97366279562,79968.29894975314,0,1
1371530280000,1371530339999,79968.39654232937,79970.29436031547,79968.39654232937,79968.68594919675,0,1
1371530340000,1371530399999,79969.20080350066,79969.20080350066,79968.93160194237,79968.93160194237,0,1
1371530400000,1371530459999,79968.93160194237,79968.93160194237,79968.93160194237,79968.93160194237,0,1
1371530460000,1371530519999,79968.93160194237,79968.93160194237,79968.93160194237,79968.93160194237,0,1
1371530520000,1371530579999,79968.38644658978,79968.51769040934,79967.72347071294,79968.51769040934,0,1
1371530580000,1371530639999,79970.031917586,79970.031917586,79968.83064948962,79968.83064948962,0,1
1371530640000,1371530699999,79969.27483265872,79969.27483265872,79968.89458616136,79968.89458616136,0,1
1371530700000,1371530759999,79968.47730787909,79968.47730787909,79967.38691791552,79968.27202749552,0,1
1371530760000,1371530819999,79968.9450621924,79970.74857184051,79968.9450621924,79970.74857184051,0,1
1371530820000,1371530879999,79970.5197863918,79970.5197863918,79970.23379722,79970.23379722,0,1
1371530880000,1371530939999,79970.24052647094,79970.32464172566,79970.24052647094,79970.32464172566,0,1
1371530940000,1371530999999,79970.4255790974,79970.4255790974,79970.4255790974,79970.4255790974,0,1
1371531000000,1371531059999,79970.4255790974,79970.4255790974,79970.4255790974,79970.4255790974,0,1
1371531060000,1371531119999,79969.18397861558,79969.18397861558,79969.18397861558,79969.18397861558,0,1
1371531120000,1371531179999,79969.21089841811,79969.21089841811,79969.21089841811,79969.21089841811,0,1
1371531180000,1371531239999,79968.08356966279,79968.30231503023,79968.08356966279,79968.30231503023,0,1
1371531240000,1371531299999,79967.84126151615,79968.80372866344,79967.84126151615,79968.80372866344,0,1
1371531300000,1371531359999,79968.80372866344,79968.80372866344,79968.80372866344,79968.80372866344,0,1
1371531360000,1371531419999,79968.80372866344,79968.80372866344,79968.80372866344,79968.80372866344,0,1
1371531420000,1371531479999,79969.23781814819,79969.76610318535,79969.23781814819,79969.76610318535,0,1
1371531480000,1371531539999,79969.52383580492,79969.52383580492,79969.52383580492,79969.52383580492,0,1
1371531540000,1371531599999,79968.85420515308,79968.85420515308,79968.18116434099,79968.18116434099,0,1
1371531600000,1371531659999,79967.66289204531,79968.88785600464,79967.66289204531,79968.88785600464,0,1
1371531660000,1371531719999,79968.15424176627,79969.0695686463,79968.15424176627,79969.02245827849,0,1
1371531720000,1371531779999,79968.75661704323,79968.75661704323,79968.75661704323,79968.75661704323,0,1
1371531780000,1371531839999,79968.25520104771,79968.25520104771,79968.25520104771,79968.25520104771,0,1
1371531840000,1371531899999,79968.37298558782,79968.67585374933,79968.34269826715,79968.67585374933,0,1
1371531900000,1371531959999,79968.24173986907,79968.32587193826,79968.24173986907,79968.32587193826,0,1
1371531960000,1371532019999,79968.56816834283,79968.56816834283,79968.56816834283,79968.56816834283,0,1
1371532020000,1371532079999,79968.28885391502,79968.28885391502,79968.03308928308,79968.03308928308,0,1
1371532080000,1371532139999,79968.16097241675,79968.16097241675,79967.28258424837,79967.28594986754,0,1
1371532140000,1371532199999,79968.54124681001,79969.21089841811,79968.25520104771,79969.21089841811,0,1
1371532200000,1371532259999,79969.51037633391,79969.55411954845,79967.97587787802,79969.190708573,0,1
1371532260000,1371532319999,79968.24510516544,79969.4969168448,79968.24510516544,79969.190708573,0,1
1371532320000,1371532379999,79968.94842725208,79971.09174019963,79968.94842725208,79969.68198323231,0,1
1371532380000,1371532439999,79970.23043259283,79970.47268285553,79969.92424678142,79970.47268285553,0,1
1371532440000,1371532499999,79970.34482928152,79970.34482928152,79970.34482928152,79970.34482928152,0,1
1371532500000,1371532559999,79970.4760474012,79970.4760474012,79970.18332769358,79970.18332769358,0,1
1371532560000,1371532619999,79970.2842664917,79970.93025067405,79970.24725571736,79970.41212084003,0,1
1371532620000,1371532679999,79970.17659840414,79970.73174955933,79970.17659840414,79970.51642186084,0,1
1371532680000,1371532739999,79970.0823878766,79970.0823878766,79970.0823878766,79970.0823878766,0,1
1371532740000,1371532799999,79970.88987788519,79970.88987788519,79970.0655644747,79970.0655644747,0,1
1371532800000,1371532859999,79969.5574844032,79969.5574844032,79967.90183910324,79968.58162908205,0,1
1371532860000,1371532919999,79969.38587536827,79970.48277648912,79969.38587536827,79970.48277648912,0,1
1371532920000,1371532979999,79970.4289436589,79970.77212298661,79970.4289436589,79970.57361873299,0,1
1371532980000,1371533039999,79969.7896566454,79970.14295188905,79969.6651591568,79969.6651591568,0,1
1371533040000,1371533099999,79969.91078784934,79970.67455359166,79969.91078784934,79970.10594059169,0,1
1371533100000,1371533159999,79969.24118310936,79969.24118310936,79969.24118310936,79969.24118310936,0,1
1371533160000,1371533219999,79969.44644359923,79969.7896566454,79969.44644359923,79969.7896566454,0,1
1371533220000,1371533279999,79970.43903733665,79970.43903733665,79969.9343409686,79969.9343409686,0,1
1371533280000,1371533339999,79970.20351553471,79970.4760474012,79970.0823878766,79970.45249555778,0,1
1371533340000,1371533399999,79970.12276392565,79970.12276392565,79970.12276392565,79970.12276392565,0,1
1371533400000,1371533459999,79969.6651591568,79970.39529799286,79969.60459225054,79969.60459225054,0,1
1371533460000,1371533519999,79970.46258921175,79970.46258921175,79969.59449773052,79969.59449773052,0,1
1371533520000,1371533579999,79968.92487181057,79969.94107042106,79968.92487181057,79969.94107042106,0,1
1371533580000,1371533639999,79969.77283275103,79969.77283275103,79969.77283275103,79969.77283275103,0,1
1371533640000,1371533699999,79969.77283275103,79969.77283275103,79969.77283275103,79969.77283275103,0,1
1371533700000,1371533759999,79969.77283275103,79969.77283275103,79969.77283275103,79969.77283275103,0,1
1371533760000,1371533819999,79969.77283275103,79969.77283275103,79969.77283275103,79969.77283275103,0,1
1371533820000,1371533879999,79969.77283275103,79969.77283275103,79969.77283275103,79969.77283275103,0,1
1371533880000,1371533939999,79970.12612858905,79971.92606120578,79970.12612858905,79970.85623376994,0,1
1371533940000,1371533999999,79971.82513897847,79971.82513897847,79970.67118911278,79971.73767222425,0,1
1371534000000,1371534059999,79970.5769832447,79971.10183320838,79970.5769832447,79971.10183320838,0,1
1371534060000,1371534119999,79971.51227360088,79971.5492796936,79970.64090875196,79970.64090875196,0,1
1371534120000,1371534179999,79970.65436670142,79972.49457072368,79970.65436670142,79972.49457072368,0,1
1371534180000,1371534239999,79971.80495441078,79972.22209386359,79971.80495441078,79972.22209386359,0,1
1371534240000,1371534299999,79971.9395174258,79972.10771864829,79971.9395174258,79972.10771864829,0,1
1371534300000,1371534359999,79972.2927367254,79972.51811775813,79972.02025436568,79972.44747648845,0,1
1371534360000,1371534419999,79972.26582521784,79972.51139003965,79972.26582521784,79972.51139003965,0,1
1371534420000,1371534479999,79972.46765975928,79972.56184781784,79972.02025436568,79972.0572585786,0,1
1371534480000,1371534539999,79972.15145050273,79972.15145050273,79972.15145050273,79972.15145050273,0,1
1371534540000,1371534599999,79972.85449791078,79972.85449791078,79972.85449791078,79972.85449791078,0,1
1371534600000,1371534659999,79972.70312824234,79972.70312824234,79972.70312824234,79972.70312824234,0,1
1371534660000,1371534719999,79972.66276261045,79972.66276261045,79972.28937279091,79972.28937279091,0,1
1371534720000,1371534779999,79972.28937279091,79975.20211629971,79972.28937279091,79975.20211629971,0,1
1371534780000,1371534839999,79975.11131609262,79976.88345262979,79975.11131609262,79976.2445781247,0,1
1371534840000,1371534899999,79976.01928106463,79976.79266768805,79976.01928106463,79976.39589419623,0,1
1371534900000,1371534959999,79976.61782029283,79976.631270201,79976.61782029283,79976.631270201,0,1
1371534960000,1371535019999,79975.86123382901,79977.273482262,79975.86123382901,79976.35890603463,0,1
1371535020000,1371535079999,79977.26675774205,79977.26675774205,79976.60773284984,79976.92716360408,0,1
1371535080000,1371535139999,79976.9439754664,79978.61157175462,79976.9439754664,79978.33589961886,0,1
1371535140000,1371535199999,79978.8939597214,79979.24357187047,79978.34598531874,79978.34598531874,0,1
1371535200000,1371535259999,79978.78974604302,79978.78974604302,79975.65274216532,79976.74559369008,0,1
1371535260000,1371535319999,79975.60566280094,79977.72737690507,79975.60566280094,79975.93185098768,0,1
1371535320000,1371535379999,79975.47451197429,79975.52159195612,79973.75594092657,79974.34116266524,0,1
1371535380000,1371535439999,79974.04182938805,79974.57322387156,79974.04182938805,79974.57322387156,0,1
1371535440000,1371535499999,79975.79734168433,79975.98901689373,79975.0877751636,79975.0877751636,0,1
1371535500000,1371535559999,79975.2458346239,79975.2458346239,79974.01492258714,79975.1752126206,0,1
1371535560000,1371535619999,79975.05414516888,79975.51822910762,79975.05414516888,79975.48123769955,0,1
1371535620000,1371535679999,79975.49132627895,79975.49132627895,79973.86020707701,79973.86020707701,0,1
1371535680000,1371535739999,79973.72230645258,79973.72230645258,79973.35568334899,79973.35568334899,0,1
1371535740000,1371535799999,79973.3725012167,79973.3725012167,79973.3725012167,79973.3725012167,0,1
1371535800000,1371535859999,79973.36241049947,79974.04519273307,79973.36241049947,79973.61131188576,0,1
1371535860000,1371535919999,79975.39716580867,79975.39716580867,79975.25256050297,79975.25256050297,0,1
1371535920000,1371535979999,79973.8030290001,79973.94765526817,79973.15723037402,79973.78621185644,0,1
1371535980000,1371536039999,79973.80975584965,79975.03060410527,79973.80975584965,79974.17299900566,0,1
1371536040000,1371536099999,79975.09786413997,79975.09786413997,79973.7660312467,79973.7660312467,0,1
1371536100000,1371536159999,79974.0081958756,79974.41851699904,79974.0081958756,79974.41851699904,0,1
1371536160000,1371536219999,79974.81536895414,79974.81536895414,79973.66176411431,79974.22344840046,0,1
1371536220000,1371536279999,79974.19317879413,79974.19317879413,79974.19317879413,79974.19317879413,0,1
1371536280000,1371536339999,79973.38931905612,79973.39604618397,79973.38931905612,79973.39604618397,0,1
1371536340000,1371536399999,79973.5507688755,79974.96334361819,79973.5507688755,79974.96334361819,0,1
1371536400000,1371536459999,79975.4139802434,79975.98229150998,79975.4139802434,79975.49805199291,0,1
1371536460000,1371536519999,79976.03945712768,79976.18741367957,79975.69309572979,79975.86123382901,0,1
1371536520000,1371536579999,79976.1235236189,79976.1235236189,79975.29291568235,79975.82760643534,0,1
1371536580000,1371536639999,79976.02264374464,79977.38443618838,79976.02264374464,79977.38443618838,0,1
1371536640000,1371536699999,79977.26339548038,79977.53909718325,79976.67498227763,79977.41469613647,0,1
1371536700000,1371536759999,79977.35417614873,79977.57608097981,79977.21968597575,79977.38779840936,0,1
1371536760000,1371536819999,79977.60634034798,79978.64182798963,79977.23313507445,79977.97280764864,0,1
1371536820000,1371536879999,79977.38107396627,79978.5308880137,79977.38107396627,79978.5308880137,0,1
1371536880000,1371536939999,79978.92085339759,79979.49904994223,79978.32245200321,79979.49904994223,0,1
1371536940000,1371536999999,79979.41837336154,79979.41837336154,79978.42667055153,79979.16961647365,0,1
1371537000000,1371537059999,79978.5308880137,79978.83344868555,79978.35607100844,79978.83344868555,0,1
1371537060000,1371537119999,79978.63510438976,79978.63510438976,79977.54582152008,79977.54582152008,0,1
1371537120000,1371537179999,79977.63323748727,79977.63323748727,79976.87672784756,79977.00449793671,0,1
1371537180000,1371537239999,79977.03139669483,79977.6164267837,79976.77249314461,79977.55927018015,0,1
1371537240000,1371537299999,79976.9574249359,79977.24658415506,79976.69515701778,79976.91707647312,0,1
1371537300000,1371537359999,79977.28356903346,79977.28356903346,79976.34209318868,79976.43288222102,0,1
1371537360000,1371537419999,79977.00113558686,79977.42814497289,79976.49340778467,79977.42814497289,0,1
1371537420000,1371537479999,79977.51892414567,79977.55254585238,79977.02803435402,79977.02803435402,0,1
1371537480000,1371537539999,79977.01458497948,79977.93246328257,79977.01458497948,79977.44159379123,0,1
1371537540000,1371537599999,79977.18606314989,79977.18606314989,79976.70524437258,79976.70524437258,0,1
1371537600000,1371537659999,79976.82965424527,79977.04820838191,79976.59428291001,79976.99777323588,0,1
1371537660000,1371537719999,79977.59289175122,79978.56786814243,79977.21632369826,79978.56786814243,0,1
1371537720000,1371537779999,79977.40124728196,79977.40124728196,79976.38580652936,79976.46650757939,0,1
1371537780000,1371537839999,79976.99441088377,79977.0347590345,79976.99441088377,79977.0347590345,0,1
1371537840000,1371537899999,79976.65144502933,79977.80470504957,79975.86459656217,79977.80470504957,0,1
1371537900000,1371537959999,79977.71056635975,79977.71056635975,79977.35753837987,79977.35753837987,0,1
1371537960000,1371538019999,79977.6634966825,79977.6634966825,79977.07846934743,79977.31046704091,0,1
1371538020000,1371538079999,79977.48194013772,79977.8147912852,79977.01794732481,79977.49875106737,0,1
1371538080000,1371538139999,79977.62651320924,79977.89211875375,79977.06165771122,79977.40797171147,0,1
1371538140000,1371538199999,79977.60297820049,79977.60297820049,79976.85991587218,79976.85991587218,0,1
1371538200000,1371538259999,79976.78930526697,79977.10873022139,79976.78930526697,79976.90026456559,0,1
1371538260000,1371538319999,79976.8498286734,79976.8498286734,79976.48332021617,79976.72541905168,0,1
1371538320000,1371538379999,79976.59764539666,79977.19278772411,79976.38580652936,79976.38580652936,0,1
1371538380000,1371538439999,79976.80947977648,79977.95263548596,79976.80947977648,79977.95263548596,0,1
1371538440000,1371538499999,79977.24658415506,79977.41805834726,79976.97759910623,79976.980961464,0,1
1371538500000,1371538559999,79976.85991587218,79976.906989332,79976.67834473714,79976.82965424527,0,1
1371538560000,1371538619999,79977.11881715902,79977.11881715902,79976.97759910623,79977.1154548476,0,1
1371538620000,1371538679999,79977.08855631559,79977.08855631559,79976.62454524919,79976.62454524919,0,1
1371538680000,1371538739999,79977.2902935421,79977.2902935421,79976.53039544878,79976.92043885124,0,1
1371538740000,1371538799999,79977.06165771122,79977.14571560963,79976.61445781296,79977.14571560963,0,1
1371538800000,1371538859999,79975.9654780308,79976.45305744962,79972.43738483776,79975.9419391125,0,1
1371538860000,1371538919999,79976.20422678559,79976.92380122823,79975.3265448741,79975.9419391125,0,1
1371538920000,1371538979999,79975.4946891365,79975.4946891365,79969.57430865987,79970.62408628967,0,1
1371538980000,1371539039999,79970.04537635508,79970.8124962509,79969.15032876049,79970.61735729683,0,1
1371539040000,1371539099999,79970.65436670142,79972.88813530371,79969.61132192491,79972.0236183907,0,1
1371539100000,1371539159999,79971.90251277717,79971.90251277717,79969.53729525782,79971.73767222425,0,1
1371539160000,1371539219999,79971.75449281331,79972.36674299776,79969.21089841811,79969.77283275103,0,1
1371539220000,1371539279999,79969.1200437941,79971.87223614463,79968.75661704323,79971.60983482265,0,1
1371539280000,1371539339999,79970.85959818657,79970.92015749212,79970.031917586,79970.11603459547,0,1
1371539340000,1371539399999,79970.85959818657,79975.56194604984,79970.85959818657,79972.88140783418,0,1
1371539400000,1371539459999,79972.66949022707,79972.66949022707,79968.9450621924,79970.41548540608,0,1
1371539460000,1371539519999,79970.14295188905,79972.17163437104,79969.72236089809,79972.17163437104,0,1
1371539520000,1371539579999,79968.83737968485,79971.70403096122,79968.83737968485,79970.10930526075,0,1
1371539580000,1371539639999,79970.18332769358,79970.19342161925,79968.50759479206,79968.50759479206,0,1
1371539640000,1371539699999,79969.089758736,79969.1772486536,79967.3599932024,79969.1772486536,0,1
1371539700000,1371539759999,79968.64893250642,79968.64893250642,79963.20598794444,79963.98373285831,0,1
1371539760000,1371539819999,79963.3541344964,79963.3541344964,79961.88940739517,79963.32719892293,0,1
1371539820000,1371539879999,79963.85916306596,79965.45825195903,79963.85916306596,79964.59982550133,0,1
1371539880000,1371539939999,79965.10479116546,79965.15865266464,79963.87599691238,79964.25306764516,0,1
1371539940000,1371539999999,79964.16553463512,79965.27983997714,79963.67735571913,79965.27983997714,0,1
1371540000000,1371540059999,79965.71744860093,79968.73979141079,79964.93983851948,79968.73979141079,0,1
1371540060000,1371540119999,79969.4094297239,79972.07407863012,79969.03255337598,79969.52720066985,0,1
1371540120000,1371540179999,79969.93097624066,79970.02855289092,79967.3532620128,79968.40663805875,0,1
1371540180000,1371540239999,79969.10321877313,79969.33203663278,79967.56192678376,79968.74988679365,0,1
1371540240000,1371540299999,79968.31577612733,79971.25322711733,79966.60607180104,79971.25322711733,0,1
1371540300000,1371540359999,79971.01436012737,79974.16627240046,79970.62745078439,79974.16627240046,0,1
1371540360000,1371540419999,79975.18866446921,79976.46650757939,79974.56986070413,79974.56986070413,0,1
1371540420000,1371540479999,79975.48460056048,79976.78594284477,79974.98352181181,79976.78594284477,0,1
1371540480000,1371540539999,79977.5895295992,79980.73937044399,79977.06502004073,79980.73937044399,0,1
1371540540000,1371540599999,79980.60492579114,79981.14269355762,79980.38981058686,79981.14269355762,0,1
1371540600000,1371540659999,79980.85364697773,79983.66981475659,79980.78642564545,79983.66981475659,0,1
1371540660000,1371540719999,79983.92181975034,79983.92181975034,79982.52395196687,79982.67853349452,0,1
1371540720000,1371540779999,79982.12068455986,79982.12068455986,79980.48392405812,79980.8704522402,0,1
1371540780000,1371540839999,79980.38308816217,79981.2804918931,79980.11754877181,79980.65534274778,0,1
1371540840000,1371540899999,79980.04359983826,79980.59820351106,79978.13754545414,79978.13754545414,0,1
1371540900000,1371540959999,79977.21968597575,79978.34598531874,79975.76707684174,79976.92716360408,0,1
1371540960000,1371541019999,79975.83433192312,79977.17933857116,79975.62583969852,79977.07510702245,0,1
1371541020000,1371541079999,79976.98432382064,79980.32594736977,79976.98432382064,79979.31416514814,0,1
1371541080000,1371541139999,79980.2083035338,79982.98096870283,79980.2083035338,79980.89061851788,0,1
1371541140000,1371541199999,79981.6669892874,79984.40229167466,79980.68895391098,79984.32501453145,0,1
1371541200000,1371541259999,79984.50644687936,79984.50644687936,79981.82830552032,79983.49172739802,0,1
1371541260000,1371541319999,79983.37748100754,79983.37748100754,79976.8700030608,79977.3340027381,0,1
1371541320000,1371541379999,79977.32727825885,79980.64189825086,79977.32727825885,79980.17132947093,0,1
1371541380000,1371541439999,79980.05368381595,79980.8637301386,79979.02170403914,79980.8637301386,0,1
1371541440000,1371541499999,79980.23855493809,79980.93767300765,79976.9103517135,79976.9103517135,0,1
1371541500000,1371541559999,79978.9376619085,79982.08035692471,79976.39925674959,79981.71740088973,0,1
1371541560000,1371541619999,79982.19461813525,79994.34590004891,79982.19461813525,79994.34590004891,0,1
1371541620000,1371541679999,79993.54701553294,79993.87933239072,79989.38372728093,79989.51133766896,0,1
1371541680000,1371541739999,79988.96394477859,79994.5607152491,79988.96394477859,79993.7383508301,0,1
1371541740000,1371541799999,79993.90618579596,79994.12436704048,79993.11398002614,79993.463095388,0,1
1371541800000,1371541859999,79993.44295444842,79994.56407169999,79993.44295444842,79994.56407169999,0,1
1371541860000,1371541919999,79994.66140828571,79994.66140828571,79992.12363455088,79992.12363455088,0,1
1371541920000,1371541979999,79991.47230304775,79991.47230304775,79985.45723295002,79985.89060014093,0,1
1371541980000,1371542039999,79986.64978731386,79987.33838069756,79982.40633398638,79983.30691640842,0,1
1371542040000,1371542099999,79983.54885010382,79985.3026943703,79983.41108302258,79985.3026943703,0,1
1371542100000,1371542159999,79985.1582322339,79985.5848934537,79984.03269993573,79985.5848934537,0,1
1371542160000,1371542219999,79984.88945991528,79985.3329303673,79982.63820810898,79983.61941299576,0,1
1371542220000,1371542279999,79984.35189360552,79985.35308764783,79983.84789894371,79983.91173967253,0,1
1371542280000,1371542339999,79984.35861336274,79986.40792862987,79983.76725744056,79986.40792862987,0,1
1371542340000,1371542399999,79986.13918989796,79986.75056003912,79984.55684416961,79985.6453636498,0,1
1371542400000,1371542459999,79985.88388141309,79990.54895115887,79985.88388141309,79988.13440273737,0,1
1371542460000,1371542519999,79988.34263433391,79988.79266845596,79986.3037932283,79986.3037932283,0,1
1371542520000,1371542579999,79985.87716268071,79987.3215863011,79982.65837082207,79983.33379821917,0,1
1371542580000,1371542639999,79982.70205656099,79983.87813933975,79981.99297982396,79983.87813933975,0,1
1371542640000,1371542699999,79983.99910000939,79983.99910000939,79979.09566052987,79979.09566052987,0,1
1371542700000,1371542759999,79978.91749169203,79980.24191619958,79978.78638429339,79979.13936183548,0,1
1371542760000,1371542819999,79980.32258613652,79981.33090544386,79979.97301170974,79980.44022862805,0,1
1371542820000,1371542879999,79980.91414579045,79985.3497281039,79980.91414579045,79985.3497281039,0,1
1371542880000,1371542939999,79985.42699732886,79985.42699732886,79982.39961291713,79983.90837964433,0,1
1371542940000,1371542999999,79984.19397801072,79984.55348435816,79982.53403344369,79983.49844773329,0,1
1371543000000,1371543059999,79983.24979232062,79983.24979232062,79980.14107786327,79981.12588875263,0,1
1371543060000,1371543119999,79981.2804918931,79981.2804918931,79980.70912055469,79980.97464423714,0,1
1371543120000,1371543179999,79980.83684168702,79981.71740088973,79980.73264825426,79981.71740088973,0,1
1371543180000,1371543239999,79982.23830590014,79982.4197761113,79980.40661662882,79980.40661662882,0,1
1371543240000,1371543299999,79981.09564003254,79983.1624254375,79980.71920386128,79982.59788256083,0,1
1371543300000,1371543359999,79983.88149937811,79985.96786518674,79983.88149937811,79985.93427176191,0,1
1371543360000,1371543419999,79985.76966234898,79986.05520756314,79985.1582322339,79985.1582322339,0,1
1371543420000,1371543479999,79985.57817452046,79990.82092911859,79985.31613260247,79990.82092911859,0,1
1371543480000,1371543539999,79990.96530947421,79993.3523197183,79990.76049021125,79992.37206941127,0,1
1371543540000,1371543599999,79990.70340868557,79990.70340868557,79987.76159017724,79988.71206681848,0,1
1371543600000,1371543659999,79989.09491881063,79992.17735071934,79988.66840732691,79991.76440025705,0,1
1371543660000,1371543719999,79991.45215809812,79993.39260192198,79990.4247118518,79990.4247118518,0,1
1371543720000,1371543779999,79990.39784909597,79992.48285594022,79990.39784909597,79991.87183616482,0,1
1371543780000,1371543839999,79991.75768547448,79992.62049809982,79986.9621794567,79986.9621794567,0,1
1371543840000,1371543899999,79987.05623109375,79987.05623109375,79983.39092182711,79983.77733766403,0,1
1371543900000,1371543959999,79983.56229069305,79983.89829955297,79981.6972362793,79981.6972362793,0,1
1371543960000,1371544019999,79981.82830552032,79984.04277989164,79981.82830552032,79983.21955002438,0,1
1371544020000,1371544079999,79982.86671647693,79983.69669559185,79982.03330781148,79983.69669559185,0,1
1371544080000,1371544139999,79983.37748100754,79984.04949985657,79982.43657874207,79984.04949985657,0,1
1371544140000,1371544199999,79984.65427821054,79984.65427821054,79982.45002082633,79983.00113072484,0,1
1371544200000,1371544259999,79982.3861707651,79982.74238168905,79981.55608286773,79982.20806054477,0,1
1371544260000,1371544319999,79980.70575945023,79980.8973406014,79980.43014504015,79980.71248165802,0,1
1371544320000,1371544379999,79981.54600040494,79982.39289184338,79980.72256496122,79982.39289184338,0,1
1371544380000,1371544439999,79982.77262542839,79982.98768938135,79982.04675043786,79982.3895313048,0,1
1371544440000,1371544499999,79982.0702749905,79982.17445448709,79980.57803664367,79981.68715395883,0,1
1371544500000,1371544559999,79982.46010237768,79982.8868787293,79980.37972694811,79980.61164806671,0,1
1371544560000,1371544619999,79981.33426633822,79981.33426633822,79980.46711814607,79980.94103403417,0,1
1371544620000,1371544679999,79980.44358982176,79981.9560123592,79980.44358982176,79981.89888055394,0,1
1371544680000,1371544739999,79981.33762723143,79981.33762723143,79978.45020362179,79978.95447039112,0,1
1371544740000,1371544799999,79978.71242551532,79979.12591530025,79978.04677189702,79978.46028920638,0,1
1371544800000,1371544859999,79979.07212897851,79979.26037983892,79977.56263234235,79977.56263234235,0,1
1371544860000,1371544919999,79977.94591142268,79977.94591142268,79977.79798088683,79977.79798088683,0,1
1371544920000,1371544979999,79977.72065269032,79977.72065269032,79975.33663360956,79976.37571885232,0,1
1371544980000,1371545039999,79976.46650757939,79978.29555671765,79975.514866258,79978.29555671765,0,1
1371545040000,1371545099999,79977.73410111529,79978.98472558867,79977.11881715902,79978.98472558867,0,1
1371545100000,1371545159999,79978.89732143488,79980.22174861367,79978.82336347729,79979.43518103618,0,1
1371545160000,1371545219999,79979.56291844035,79981.39476224332,79978.82336347729,79979.2839109473,0,1
1371545220000,1371545279999,79979.23012547537,79980.70239834464,79979.14944672503,79979.14944672503,0,1
1371545280000,1371545339999,79979.12591530025,79981.89215914362,79978.53761168364,79981.41492746369,0,1
1371545340000,1371545399999,79981.80141966222,79982.26519058367,79980.42006144207,79980.8973406014,0,1
1371545400000,1371545459999,79980.78978672279,79981.97617644783,79979.80494273153,79981.48886625716,0,1
1371545460000,1371545519999,79981.27713098068,79982.27863289832,79980.22847114682,79981.80478039844,0,1
1371545520000,1371545579999,79982.58108020111,79983.53876965004,79980.79986994805,79983.2598730657,0,1
1371545580000,1371545639999,79982.52731246027,79983.89829955297,79980.61837033776,79980.79986994805,0,1
1371545640000,1371545699999,79981.22671715883,79981.22671715883,79980.05704513958,79980.0906583138,0,1
1371545700000,1371545759999,79980.01670918138,79981.33762723143,79979.50913446904,79979.50913446904,0,1
1371545760000,1371545819999,79979.07885228454,79980.19485843585,79977.41469613647,79977.41469613647,0,1
1371545820000,1371545879999,79977.29701804623,79977.92237716564,79971.24649854781,79971.24649854781,0,1
1371545880000,1371545939999,79971.22967710425,79975.02724109167,79970.59044128018,79975.02724109167,0,1
1371545940000,1371545999999,79975.42070600936,79975.42070600936,79973.81311927272,79973.81311927272,0,1
1371546000000,1371546059999,79973.36913764542,79976.70188192211,79973.36913764542,79975.30973029236,0,1
1371546060000,1371546119999,79975.53840618163,79978.71578728982,79974.15954579074,79978.44347989309,0,1
1371546120000,1371546179999,79978.7662137718,79979.29735727009,79977.62651320924,79979.29735727009,0,1
1371546180000,1371546239999,79980.10074224403,79980.10074224403,79976.93725072486,79976.93725072486,0,1
1371546240000,1371546299999,79976.43960730174,79979.8553637216,79976.43960730174,79977.45504259148,0,1
1371546300000,1371546359999,79977.12890408648,79977.5962539021,79975.06423417917,79976.69515701778,0,1
1371546360000,1371546419999,79977.14571560963,79977.8147912852,79976.39925674959,79976.61109533197,0,1
1371546420000,1371546479999,79976.88345262979,79977.55927018015,79976.46650757939,79977.13226639337,0,1
1371546480000,1371546539999,79976.60100788219,79977.52564849604,79975.7637140758,79976.57074547178,0,1
1371546540000,1371546599999,79976.95070020341,79978.0736678517,79975.13485696622,79978.0299618886,0,1
1371546600000,1371546659999,79978.25185172433,79979.09902217553,79977.30710479394,79978.30564245822,0,1
1371546660000,1371546719999,79978.39305178364,79979.32424986141,79977.02467201208,79978.70570196291,0,1
1371546720000,1371546779999,79978.30900436948,79978.34262341991,79975.70990966693,79975.70990966693,0,1
1371546780000,1371546839999,79975.60566280094,79976.5572954822,79975.35344814607,79975.73008635418,0,1
1371546840000,1371546899999,79975.33999651913,79977.77780837147,79975.33999651913,79976.93725072486,0,1
1371546900000,1371546959999,79977.68030730695,79978.42667055153,79975.7771651328,79975.86795929419,0,1
1371546960000,1371547019999,79975.95538992975,79977.1154548476,79974.97006968725,79974.97006968725,0,1
1371547020000,1371547079999,79976.03609445333,79979.27382619336,79975.90158655217,79979.27382619336,0,1
1371547080000,1371547139999,79978.8905980068,79984.28805568663,79978.8905980068,79983.48500705825,0,1
1371547140000,1371547199999,79982.36600750317,79984.64755865198,79981.81150186749,79984.64755865198,0,1
1371547200000,1371547259999,79983.8915794864,79984.47284854477,79983.40100242992,79984.2410169593,0,1
1371547260000,1371547319999,79983.87813933975,79983.87813933975,79982.09043884874,79983.00449105789,0,1
1371547320000,1371547379999,79982.48026544989,79983.80085814591,79980.41333903772,79983.32035732284,0,1
1371547380000,1371547439999,79983.54885010382,79984.18389820724,79981.94256961085,79981.94256961085,0,1
1371547440000,1371547499999,79982.00642250455,79984.3485337252,79982.00642250455,79984.21413758722,0,1
1371547500000,1371547559999,79984.60052161569,79984.65763798812,79984.06293977292,79984.25109670522,0,1
1371547560000,1371547619999,79984.23093720323,79986.3037932283,79984.23093720323,79985.4068401973,0,1
1371547620000,1371547679999,79985.14815340233,79985.14815340233,79982.20133934227,79982.64492901786,0,1
1371547680000,1371547739999,79982.51050998198,79985.07088202272,79982.51050998198,79984.1738183936,0,1
1371547740000,1371547799999,79984.25781653018,79984.25781653018,79982.0702749905,79983.49508756622,0,1
1371547800000,1371547859999,79984.05957979553,79984.25445661826,79979.77805143289,79983.53876965004,0,1
1371547860000,1371547919999,79983.90165958455,79983.90165958455,79983.16914599408,79983.76053728594,0,1
1371547920000,1371547979999,79983.68325518325,79985.68903634179,79983.68325518325,79985.68903634179,0,1
1371547980000,1371548039999,79985.07760129681,79985.07760129681,79982.46010237768,79983.95877994875,0,1
1371548040000,1371548099999,79983.57909140419,79985.00368903337,79983.44468492472,79984.2074177329,0,1
1371548100000,1371548159999,79984.28469578488,79985.27245828188,79984.07637967121,79985.21870501006,0,1
1371548160000,1371548219999,79985.3194921577,79985.74278708547,79984.05621981701,79985.3026943703,0,1
1371548220000,1371548279999,79985.1279957087,79986.58596406261,79983.93861985746,79985.10783797441,0,1
1371548280000,1371548339999,79985.87380331285,79986.85469078837,79985.75286531774,79985.75286531774,0,1
1371548340000,1371548399999,79986.82110034257,79987.34173957346,79986.37769588306,79986.46167550959,0,1
1371548400000,1371548459999,79986.98905144328,79990.9854554046,79986.94538442844,79988.82289390254,0,1
1371548460000,1371548519999,79988.70199156812,79989.03782777679,79987.18051225737,79988.16127157412,0,1
1371548520000,1371548579999,79988.06387169742,79988.6381814134,79985.73270884303,79986.85133174887,0,1
1371548580000,1371548639999,79986.7572781847,79988.14111995332,79986.43480210584,79987.98326418546,0,1
1371548640000,1371548699999,79987.65075133037,79991.30778477153,79987.65075133037,79990.89144071548,0,1
1371548700000,1371548759999,79990.89815607974,79991.24063367686,79989.65909503122,79989.93109719382,0,1
1371548760000,1371548819999,79990.06877448062,79990.97874009899,79989.21917463996,79989.24604056221,0,1
1371548820000,1371548879999,79990.03855279955,79991.01903186509,79990.03855279955,79990.56909792808,0,1
1371548880000,1371548939999,79990.76049021125,79990.89815607974,79990.62618022042,79990.62618022042,0,1
1371548940000,1371548999999,79990.18966029155,79992.62721230305,79990.18966029155,79992.62721230305,0,1
1371549000000,1371549059999,79992.59364124184,79996.40323734151,79992.59364124184,79994.22842103444,0,1
1371549060000,1371549119999,79993.97667564165,79995.64143421692,79993.81219856213,79993.81219856213,0,1
1371549120000,1371549179999,79994.56742814975,79995.3158883108,79992.12027728076,79992.64399779138,0,1
1371549180000,1371549239999,79992.70442531613,79993.23818592663,79991.77447242243,79992.74135306815,0,1
1371549240000,1371549299999,79991.46558806906,79992.35192627413,79989.0747690712,79989.0747690712,0,1
1371549300000,1371549359999,79988.4904089655,79990.49522624252,79987.41563455792,79989.17887562123,0,1
1371549360000,1371549419999,79990.06877448062,79991.12647578106,79986.79422790468,79986.81102318683,0,1
1371549420000,1371549479999,79986.75056003912,79987.62723990189,79985.9611465108,79987.20066581405,0,1
1371549480000,1371549539999,79987.93624283676,79987.93624283676,79987.17043546382,79987.17379439613,0,1
1371549540000,1371549599999,79987.65075133037,79989.06805248237,79987.10997448918,79987.77166637512,0,1
1371549600000,1371549659999,79987.31486853462,79987.94967753039,79986.01825511239,79986.01825511239,0,1
1371549660000,1371549719999,79987.01256437227,79987.37532827046,79985.51098493968,79986.8949991744,0,1
1371549720000,1371549779999,79986.7740735289,79987.35181619441,79985.12127646845,79986.86812693511,0,1
1371549780000,1371549839999,79986.71696924353,79986.93866640923,79984.02933994817,79985.08096093217,0,1
1371549840000,1371549899999,79984.28805568663,79984.89281961386,79983.73701670922,79984.19733794297,0,1
1371549900000,1371549959999,79983.47828671394,79984.93313590862,79981.78797670607,79984.36533311546,0,1
1371549960000,1371550019999,79984.17045845346,79986.46839384925,79984.08645958308,79985.80661571836,0,1
1371550020000,1371550079999,79986.27020093196,79986.97225646014,79985.3866830251,79985.60505022637,0,1
1371550080000,1371550139999,79985.9073969408,79986.91179428728,79982.88351835673,79984.33845407752,0,1
1371550140000,1371550199999,79984.66435753989,79984.66435753989,79983.43460436593,79984.07637967121,0,1
1371550200000,1371550259999,79983.72693644512,79986.06192617588,79983.72693644512,79984.00917999915,0,1
1371550260000,1371550319999,79984.24773679105,79985.77302175184,79983.62277312105,79985.44715441979,0,1
1371550320000,1371550379999,79985.22542418484,79986.25340474147,79984.65091843183,79985.27245828188,0,1
1371550380000,1371550439999,79985.41019972204,79985.56809611213,79983.82437857248,79983.82437857248,0,1
1371550440000,1371550499999,79984.58372262055,79985.18174946809,79983.87477930027,79984.09653948477,0,1
1371550500000,1371550559999,79983.79749808046,79985.25901999102,79983.79749808046,79984.50980670661,0,1
1371550560000,1371550619999,79984.23429712307,79984.23429712307,79983.83781879139,79984.04277989164,0,1
1371550620000,1371550679999,79983.8277386289,79984.8995390076,79983.8277386289,79984.27461607283,0,1
1371550680000,1371550739999,79984.35189360552,79984.35189360552,79983.83445873835,79983.97221998703,0,1
1371550740000,1371550799999,79983.74373687964,79984.15029878893,79983.74373687964,79983.79749808046,0,1
1371550800000,1371550859999,79983.98902000947,79983.98902000947,79982.12404518879,79982.6550103727,0,1
1371550860000,1371550919999,79983.367400381,79985.24558168209,79982.74238168905,79984.02933994817,0,1
1371550920000,1371550979999,79984.33173430673,79985.28589655469,79983.73365662231,79984.08645958308,0,1
1371550980000,1371551039999,79985.28589655469,79985.35980673232,79983.18930763668,79983.18930763668,0,1
1371551040000,1371551099999,79983.66645464711,79984.7281930566,79982.27527232135,79983.64629396649,0,1
1371551100000,1371551159999,79983.36067995767,79984.01589998667,79979.96965035785,79979.96965035785,0,1
1371551160000,1371551219999,79979.49904994223,79980.97464423714,79978.1846129001,79980.43014504015,0,1
1371551220000,1371551279999,79980.78306456697,79982.85663533551,79980.78306456697,79982.71885871743,0,1
1371551280000,1371551339999,79982.67181260821,79983.90837964433,79982.36600750317,79983.90837964433,0,1
1371551340000,1371551399999,79984.30149528237,79985.43035684685,79983.70005569117,79985.43035684685,0,1
1371551400000,1371551459999,79985.87716268071,79985.92419371246,79984.74499180906,79984.74499180906,0,1
1371551460000,1371551519999,79985.16495144932,79986.0048178237,79985.12127646845,79985.96450584933,0,1
1371551520000,1371551579999,79985.45051393099,79985.56473664042,79985.04064523338,79985.3497281039,0,1
1371551580000,1371551639999,79986.03169238301,79986.03169238301,79983.1624254375,79984.29141558726,0,1
1371551640000,1371551699999,79984.04613987467,79984.09317951868,79983.74709696315,79984.09317951868,0,1
1371551700000,1371551759999,79984.0024600071,79984.15701868161,79983.35731974432,79983.35731974432,0,1
1371551760000,1371551819999,79983.37748100754,79984.16373856978,79982.91376166922,79983.87477930027,0,1
1371551820000,1371551879999,79984.19061807737,79985.12463608912,79983.90165958455,79984.3854923465,0,1
1371551880000,1371551939999,79984.50980670661,79984.50980670661,79983.54885010382,79983.99238001058,0,1
1371551940000,1371551999999,79983.95877994875,79983.95877994875,79983.06161654697,79983.47828671394,0,1
1371552000000,1371552059999,79982.91376166922,79984.05957979553,79982.567638293,79983.98902000947,0,1
1371552060000,1371552119999,79983.70005569117,79984.22757728229,79983.70005569117,79983.72357635482,0,1
1371552120000,1371552179999,79983.77061751617,79983.96885997914,79982.41305505109,79983.22291028404,0,1
1371552180000,1371552239999,79983.48164688666,79984.20405780405,79983.48164688666,79983.91509969959,0,1
1371552240000,1371552299999,79983.85125899225,79985.3295708166,79983.85125899225,79984.4795682207,0,1
1371552300000,1371552359999,79985.3228517118,79985.3228517118,79984.16037862627,79984.26789625916,0,1
1371552360000,1371552419999,79984.26117644097,79984.3418139612,79983.76389736381,79984.13349903742,0,1
1371552420000,1371552479999,79984.11669925769,79985.33964946533,79983.74373687964,79985.33964946533,0,1
1371552480000,1371552539999,79985.3329303673,79985.3329303673,79984.2074177329,79984.85586286752,0,1
1371552540000,1371552599999,79985.42363780976,79985.8536470819,79982.75918377776,79983.48164688666,0,1
1371552600000,1371552659999,79982.30551747343,79982.96080664017,79980.82003636808,79982.96080664017,0,1
1371552660000,1371552719999,79982.93056346997,79982.93056346997,79980.5713143455,79980.79986994805,0,1
1371552720000,1371552779999,79980.66878722662,79980.7561758985,79978.78974604302,79979.22004066716,0,1
1371552780000,1371552839999,79978.83008695059,79980.6923150211,79978.83008695059,79979.27046460644,0,1
1371552840000,1371552899999,79979.90242308294,79981.95265167381,79979.65703969408,79981.95265167381,0,1
1371552900000,1371552959999,79982.35928640682,79985.23886252087,79982.06019304614,79985.23886252087,0,1
1371552960000,1371553019999,79983.59253195277,79984.22757728229,79982.0769962811,79983.05825623311,0,1
1371553020000,1371553079999,79983.53876965004,79984.49300755907,79983.06833717128,79984.32501453145,0,1
1371553080000,1371553139999,79983.71349607718,79984.29141558726,79983.36404016991,79983.79413801387,0,1
1371553140000,1371553199999,79983.77397759067,79983.80757827344,79982.6886148155,79983.80757827344,0,1
1371553200000,1371553259999,79985.20862623944,79985.20862623944,79981.80141966222,79983.17250627067,0,1
1371553260000,1371553319999,79983.62949336825,79984.0024600071,79982.7154982884,79983.60933261312,0,1
1371553320000,1371553379999,79983.28003452539,79984.96001334817,79983.28003452539,79983.931899818,0,1
1371553380000,1371553439999,79984.19061807737,79984.54676473187,79982.16773326199,79982.52731246027,0,1
1371553440000,1371553499999,79981.74428697373,79981.85855202429,79979.92259131288,79979.9528435815,0,1
1371553500000,1371553559999,79980.21166480545,79980.58139779106,79979.94948222283,79980.44695101434,0,1
1371553560000,1371553619999,79980.11082616409,79980.37636573294,79978.70570196291,79978.70570196291,0,1
1371553620000,1371553679999,79978.70570196291,79980.98136626418,79978.70570196291,79978.90740656854,0,1
1371553680000,1371553739999,79980.11418746851,79980.29233498643,79979.01498069469,79980.29233498643,0,1
1371553740000,1371553799999,79980.16124561187,79980.16124561187,79977.3609006099,79978.81327825888,0,1
1371553800000,1371553859999,79979.18978618157,79979.78477426434,79976.84646627153,79977.0582953806,0,1
1371553860000,1371553919999,79976.76240585765,79976.87672784756,79975.67628176438,79976.61109533197,0,1
1371553920000,1371553979999,79976.96078730046,79976.96078730046,79975.00706298626,79975.74017468253,0,1
1371553980000,1371554039999,79975.90158655217,79975.90158655217,79974.95998058196,79975.35681104998,0,1
1371554040000,1371554099999,79975.50814055535,79976.60100788219,79975.50814055535,79975.93857640534,0,1
1371554100000,1371554159999,79976.1739631744,79976.19750154657,79975.28955275695,79975.45433477136,0,1
1371554160000,1371554219999,79975.58212303562,79975.58212303562,79973.79630214603,79974.28735060185,0,1
1371554220000,1371554279999,79974.49923392679,79977.74418742213,79974.49923392679,79976.81956701598,0,1
1371554280000,1371554339999,79975.30636737263,79975.9755661217,79974.77164874799,79975.8477828851,0,1
1371554340000,1371554399999,79975.8477828851,79979.57636438798,79975.79734168433,79978.36615668796,0,1
1371554400000,1371554459999,79978.32245200321,79978.90404485846,79977.996341787,79978.60820994507,0,1
1371554460000,1371554519999,79977.19615000952,79980.45031220578,79977.07846934743,79979.89233895272,0,1
1371554520000,1371554579999,79980.13435527135,79982.33912309069,79979.77469001547,79981.14269355762,0,1
1371554580000,1371554639999,79981.04186430422,79982.3861707651,79981.04186430422,79982.04675043786,0,1
1371554640000,1371554699999,79981.99970116651,79982.6617312703,79980.59148122644,79981.82830552032,0,1
1371554700000,1371554759999,79981.83838769849,79982.32568085734,79980.33939229147,79980.85028592186,0,1
1371554760000,1371554819999,79980.02679318619,79980.02679318619,79978.75612849575,79979.12255366362,0,1
1371554820000,1371554879999,79980.26544499841,79980.82003636808,79977.99970380226,79977.99970380226,0,1
1371554880000,1371554939999,79977.02467201208,79978.7830225426,79977.02467201208,79978.7830225426,0,1
1371554940000,1371554999999,79978.84017215205,79979.24693346642,79978.3291758133,79979.24693346642,0,1
1371555000000,1371555059999,79977.03812137306,79977.25330868858,79975.17184965563,79975.51150340724,0,1
1371555060000,1371555119999,79975.58212303562,79976.0999850726,79975.01042600664,79976.0999850726,0,1
1371555120000,1371555179999,79975.9654780308,79979.25029506124,79975.93185098768,79976.46314504863,0,1
1371555180000,1371555239999,79976.43288222102,79976.59092042223,79976.1235236189,79976.59092042223,0,1
1371555240000,1371555299999,79975.9453018185,79976.77921799695,79973.90056787565,79974.22344840046,0,1
1371555300000,1371555359999,79975.19202742854,79975.19202742854,79973.43304530624,79973.43304530624,0,1
1371555360000,1371555419999,79973.3994097462,79973.3994097462,79970.7014693819,79971.4281683354,0,1
1371555420000,1371555479999,79971.2935984393,79971.81841079376,79970.42221453474,79970.42221453474,0,1
1371555480000,1371555539999,79970.80240295012,79970.80240295012,79968.24173986907,79969.1637887161,0,1
1371555540000,1371555599999,79969.02918834462,79969.86368144437,79968.07010825312,79968.91477660436,0,1
1371555600000,1371555659999,79969.4969168448,79969.4969168448,79968.5580727765,79968.5580727765,0,1
1371555660000,1371555719999,79967.86818493348,79968.01626243322,79965.44478701484,79967.04698809248,0,1
1371555720000,1371555779999,79968.35615930989,79970.0823878766,79967.92539695468,79969.88050518591,0,1
1371555780000,1371555839999,79970.98071643095,79972.42729317688,79970.98071643095,79971.46853895111,0,1
1371555840000,1371555899999,79971.06482545979,79971.06482545979,79970.35155845775,79970.83941166988,0,1
1371555900000,1371555959999,79970.87642025267,79970.87642025267,79968.56816834283,79968.56816834283,0,1
1371555960000,1371556019999,79968.62874152667,79970.40202713512,79968.62874152667,79970.07229383885,0,1
1371556020000,1371556079999,79968.62874152667,79971.23976997379,79968.62874152667,79971.10519754236,0,1
1371556080000,1371556139999,79970.52987997784,79972.6156691673,79970.52987997784,79972.52148161565,0,1
1371556140000,1371556199999,79972.3902903332,79973.07986628296,79971.14220514153,79971.14220514153,0,1
1371556200000,1371556259999,79970.14295188905,79970.41884997097,79969.95789403238,79970.41884997097,0,1
1371556260000,1371556319999,79970.41212084003,79970.57025422016,79969.73245528905,79970.57025422016,0,1
1371556320000,1371556379999,79970.03864697281,79973.47004429164,79970.03864697281,79973.35568334899,0,1
1371556380000,1371556439999,79972.42392928766,79973.9779256177,79972.04716653412,79973.9779256177,0,1
1371556440000,1371556499999,79974.04519273307,79975.11804206217,79973.27832079324,79973.27832079324,0,1
1371556500000,1371556559999,79973.83666320259,79973.83666320259,79971.86887206869,79972.0639866026,0,1
1371556560000,1371556619999,79972.13463058135,79973.65503716521,79972.13463058135,79972.52484547206,0,1
1371556620000,1371556679999,79973.21104851914,79973.91065804986,79971.73430810303,79973.58440392645,0,1
1371556680000,1371556739999,79974.35461563584,79975.23910874031,79973.86357048312,79975.23910874031,0,1
1371556740000,1371556799999,79975.21220516071,79975.21220516071,79973.64158325343,79973.85011685191,0,1
1371556800000,1371556859999,79973.90056787565,79975.2559234408,79973.75594092657,79974.46223874911,0,1
1371556860000,1371556919999,79974.62367124729,79974.7380176901,79971.60983482265,79971.72085160688,0,1
1371556920000,1371556979999,79971.14556946195,79972.9217725835,79969.9040583765,79972.37683471975,0,1
1371556980000,1371557039999,79972.08753465097,79972.82422416039,79972.01016228384,79972.58203085783,0,1
1371557040000,1371557099999,79972.40038203142,79972.40038203142,79970.57025422016,79970.77212298661,0,1
1371557100000,1371557159999,79971.58292147722,79972.30282852206,79970.4962346514,79970.4962346514,0,1
1371557160000,1371557219999,79970.63081527798,79970.63081527798,79969.68198323231,79970.01172939845,0,1
1371557220000,1371557279999,79968.70950520106,79969.45990315628,79968.25183575475,79968.71287034,0,1
1371557280000,1371557339999,79968.37971609108,79968.78690311026,79968.32587193826,79968.60518533211,0,1
1371557340000,1371557399999,79968.52778601642,79971.08164718068,79968.52778601642,79970.86296260204,0,1
1371557400000,1371557459999,79970.91679309588,79971.18930552423,79968.72633088446,79968.92823687702,0,1
1371557460000,1371557519999,79969.02582331211,79969.02582331211,79967.50134713751,79968.63883702164,0,1
1371557520000,1371557579999,79968.01626243322,79971.04127500302,79968.01626243322,79970.58707677301,0,1
1371557580000,1371557639999,79971.28686989695,79972.23218573154,79970.59380578622,79971.35415511664,0,1
1371557640000,1371557699999,79971.45508209732,79972.70312824234,79971.45508209732,79972.54166473712,0,1
1371557700000,1371557759999,79972.50129845346,79974.07882612107,79970.61735729683,79974.07882612107,0,1
1371557760000,1371557819999,79974.04855607696,79975.7435374564,79973.50031608695,79975.4879634203,0,1
1371557820000,1371557879999,79975.47787483748,79976.80947977648,79974.50932349695,79976.80947977648,0,1
1371557880000,1371557939999,79976.14033683234,79977.2902935421,79976.13361155035,79977.2902935421,0,1
1371557940000,1371557999999,79977.55590801683,79977.55590801683,79976.2983796569,79977.54918368679,0,1
1371558000000,1371558059999,79977.52564849604,79978.92085339759,79977.18942543757,79977.3440894485,0,1
1371558060000,1371558119999,79977.18942543757,79982.00306183609,79977.18942543757,79980.79650887409,0,1
1371558120000,1371558179999,79980.67550945927,79983.8680592179,79980.42006144207,79983.15906515752,0,1
1371558180000,1371558239999,79983.58917181732,79983.58917181732,79979.9360367769,79979.9360367769,0,1
1371558240000,1371558299999,79980.5713143455,79982.06355369539,79980.5713143455,79981.93920892094,0,1
1371558300000,1371558359999,79982.19797873934,79984.26117644097,79982.00978317186,79983.49172739802,0,1
1371558360000,1371558419999,79983.20946923865,79984.51988618159,79983.0952196234,79983.6630945365,0,1
1371558420000,1371558479999,79983.47828671394,79983.99238001058,79982.0702749905,79982.29543576624,0,1
1371558480000,1371558539999,79982.48698646492,79982.80958987447,79980.4368674332,79981.48214457124,0,1
1371558540000,1371558599999,79982.26519058367,79982.26519058367,79980.3528371951,79980.7561758985,0,1
1371558600000,1371558659999,79976.80947977648,79979.97637306049,79973.70548917317,79974.81536895414,0,1
1371558660000,1371558719999,79978.84689561404,79979.97973441011,79974.98015878237,79979.97973441011,0,1
1371558720000,1371558779999,79980.26208374482,79982.83647302217,79979.17970133269,79982.83647302217,0,1
1371558780000,1371558839999,79986.95882045332,79992.80513704593,79986.95882045332,79992.34185469036,0,1
1371558840000,1371558899999,79991.93562568894,79992.85884955376,79989.00424466346,79992.85884955376,0,1
1371558900000,1371558959999,79992.53657017913,79993.61750791044,79991.80133148053,79992.63728359943,0,1
1371558960000,1371559019999,79993.56044269078,79993.96660569412,79991.95912698998,79992.68092576656,0,1
1371559020000,1371559079999,79992.11020546367,79993.81555526426,79992.11020546367,79992.68092576656,0,1
1371559080000,1371559139999,79992.52314164645,79992.56342719038,79991.84161993243,79991.84161993243,0,1
1371559140000,1371559199999,79992.29821104341,79992.29821104341,79988.02020937577,79988.20493327986,0,1
1371559200000,1371559259999,79987.7011327767,79988.28553900502,79986.68673743102,79988.28553900502,0,1
1371559260000,1371559319999,79988.9404364374,79991.77447242243,79988.78931006738,79988.85647762491,0,1
1371559320000,1371559379999,79989.4609653419,79991.06939634444,79988.42659746065,79988.58444623045,0,1
1371559380000,1371559439999,79988.89341958925,79990.7235551436,79988.4870504754,79989.5382028063,0,1
1371559440000,1371559499999,79989.56842599955,79990.98881305574,79988.31576598444,79988.31576598444,0,1
1371559500000,1371559559999,79987.99669881591,79987.99669881591,79985.39676161628,79987.1368460786,0,1
1371559560000,1371559619999,79987.442505326,79989.15536778531,79986.4180061918,79986.46503467999,0,1
1371559620000,1371559679999,79987.34173957346,79987.34173957346,79982.0702749905,79982.641568564,0,1
1371559680000,1371559739999,79982.04002912693,79983.49844773329,79979.64359385493,79983.45812565395,0,1
1371559740000,1371559799999,79986.03169238301,79986.64978731386,79983.46820618903,79984.09989944975,0,1
1371559800000,1371559859999,79984.15029878893,79987.04951314902,79984.15029878893,79985.80325632679,0,1
1371559860000,1371559919999,79987.36189280519,79988.73221728877,79986.68673743102,79988.73221728877,0,1
1371559920000,1371559979999,79989.15200951853,79989.34678712784,79986.11567491532,79987.15699972327,0,1
1371559980000,1371560039999,79987.52311719696,79988.34263433391,79987.17715332731,79988.34263433391,0,1
1371560040000,1371560099999,79988.12432690497,79988.12432690497,79983.6059724833,79984.1032594136,0,1
1371560100000,1371560159999,79984.40565153692,79985.22542418484,79982.11732392981,79985.13135532712,0,1
1371560160000,1371560219999,79985.17838986659,79985.26909871087,79983.58245154303,79983.58245154303,0,1
1371560220000,1371560279999,79983.57573126422,79983.57573126422,79980.04696116528,79980.04696116528,0,1
1371560280000,1371560339999,79980.34947597088,79980.34947597088,79972.54502858674,79975.27273811301,0,1
1371560340000,1371560399999,79974.62703439663,79975.9116747075,79973.27832079324,79975.9116747075,0,1
1371560400000,1371560459999,79975.29291568235,79976.20758940339,79974.30080364484,79974.46560195273,0,1
1371560460000,1371560519999,79975.06087117687,79975.83433192312,79971.9395174258,79971.9395174258,0,1
1371560520000,1371560579999,79971.92606120578,79975.53840618163,79971.92606120578,79975.53840618163,0,1
1371560580000,1371560639999,79976.09325976347,79976.19077630303,79974.66402896465,79974.66402896465,0,1
1371560640000,1371560699999,79973.21104851914,79974.26380773306,79972.28264491855,79974.26380773306,0,1
1371560700000,1371560759999,79974.42188021736,79975.95202722712,79974.23353824888,79975.47787483748,0,1
1371560760000,1371560819999,79975.4274317708,79977.55590801683,79975.3198190448,79977.55590801683,0,1
1371560820000,1371560879999,79977.50211324991,79978.91412998534,79977.06502004073,79977.89211875375,0,1
1371560880000,1371560939999,79977.59289175122,79977.76772209855,79977.50547543133,79977.50547543133,0,1
1371560940000,1371560999999,79977.40124728196,79980.29905747213,79977.34072721282,79979.05532069365,0,1
1371561000000,1371561059999,79978.7527667348,79980.44695101434,79978.0972017527,79979.52594199116,0,1
1371561060000,1371561119999,79978.77966079071,79979.60325622899,79975.30300445175,79975.87468475483,0,1
1371561120000,1371561179999,79976.9574249359,79976.9574249359,79975.632565322,79975.632565322,0,1
1371561180000,1371561239999,79975.51822910762,79975.60902562003,79973.68867186546,79975.60902562003,0,1
1371561240000,1371561299999,79975.63929094096,79977.45840478872,79974.69429714578,79976.41606949945,0,1
1371561300000,1371561359999,79976.90026456559,79976.90026456559,79971.55264387705,79972.09089865335,0,1
1371561360000,1371561419999,79970.68464702148,79971.852051672,79968.92823687702,79969.05610856385,0,1
1371561420000,1371561479999,79968.99890301135,79970.90669990036,79968.99890301135,79970.46595376081,0,1
1371561480000,1371561539999,79970.4962346514,79972.90831768517,79968.92823687702,79972.90831768517,0,1
1371561540000,1371561599999,79972.88140783418,79974.17299900566,79972.41047371946,79973.49358902924,0,1
1371561600000,1371561659999,79973.12023023123,79973.65167368896,79972.65939880043,79973.09332095049,0,1
1371561660000,1371561719999,79973.36913764542,79973.56422290947,79972.26918916024,79973.56422290947,0,1
1371561720000,1371561779999,79973.45995367283,79974.05191941971,79973.11686657509,79973.4431359522,0,1
1371561780000,1371561839999,79973.40950042609,79973.97456225006,79972.56521166067,79973.55413238569,0,1
1371561840000,1371561899999,79973.48686196702,79975.514866258,79973.48686196702,79975.30300445175,0,1
1371561900000,1371561959999,79975.95202722712,79975.95202722712,79974.95325450611,79974.95325450611,0,1
1371561960000,1371562019999,79975.15503481377,79976.62454524919,79975.07432317929,79975.07432317929,0,1
1371562020000,1371562079999,79975.2592863775,79976.82629183664,79973.31868394047,79973.31868394047,0,1
1371562080000,1371562139999,79973.19086674866,79977.20623685898,79973.19086674866,79977.20623685898,0,1
1371562140000,1371562199999,79977.51892414567,79977.51892414567,79971.73430810303,79974.25035464029,0,1
1371562200000,1371562259999,79975.46442337793,79987.20402473622,79975.46442337793,79986.03505169785,0,1
1371562260000,1371562319999,79986.94202541941,79995.91998570222,79986.73376465542,79995.91998570222,0,1
1371562320000,1371562379999,79995.82266136634,79999.34251510563,79993.80212844895,79996.36967895445,0,1
1371562380000,1371562439999,79997.31933780783,79997.31933780783,79991.80133148053,79996.7321035752,0,1
1371562440000,1371562499999,79995.73876031656,80003.95771919901,79995.73876031656,80002.54923448479,0,1
1371562500000,1371562559999,80003.82358634444,80003.82358634444,79993.55708590301,79998.2051573475,0,1
1371562560000,1371562619999,79999.67463942818,80003.66262454403,79995.52397042135,80003.3842886506,0,1
1371562620000,1371562679999,80002.8879596407,80007.80991753931,79998.49705796108,80005.55376208901,0,1
1371562680000,1371562739999,80006.22429235131,80008.86239246525,80003.52178084331,80003.89065299663,0,1
1371562740000,1371562799999,80005.53029271546,80005.99296449081,80000.24157364434,80000.93929471317,0,1
1371562800000,1371562859999,80002.04615614834,80004.537823078,80000.1141001127,80003.7062186208,0,1
1371562860000,1371562919999,80003.7431057681,80004.26286474089,79995.89313770417,79996.75559360662,0,1
1371562920000,1371562979999,79997.41664757855,80001.34515813147,79994.77888221364,79997.78238962812,0,1
1371562980000,1371563039999,79997.40658109446,79998.5708705596,79992.71449653474,79995.4132175789,0,1
1371563040000,1371563099999,79996.03073293224,79999.09425335721,79992.36871222456,79996.8629759047,0,1
1371563100000,1371563159999,79996.64149865141,79999.04057433095,79990.01168900638,79990.01168900638,0,1
1371563160000,1371563219999,79990.53887775904,79993.50673395126,79987.59029325972,79993.47652265852,0,1
1371563220000,1371563279999,79993.003200489,80003.13948079877,79991.95576966464,80001.9388294943,0,1
1371563280000,1371563339999,80002.50228157753,80005.82533226252,80002.41172891957,80004.1756812505,0,1
1371563340000,1371563399999,80005.28889024757,80013.62060977834,80000.52670592476,80012.22018656683,0,1
1371563400000,1371563459999,80012.1397735387,80013.71441102357,80010.40403473958,80010.91674569891,0,1
1371563460000,1371563519999,80010.93350051544,80010.93350051544,80003.30045101995,80007.55516173448,0,1
1371563520000,1371563579999,80007.47471118456,80012.12637130449,80007.47471118456,80010.36717215442,0,1
1371563580000,1371563639999,80009.71702786574,80013.10468720147,80006.19411945558,80006.19411945558,0,1
1371563640000,1371563699999,80006.61653171123,80012.39441257618,80006.61653171123,80009.13052123811,0,1
1371563700000,1371563759999,80008.59090475783,80012.77635897505,80004.97371714376,80010.99046668173,0,1
1371563760000,1371563819999,80011.92198500702,80012.21348550585,80006.84449281705,80008.48364832379,0,1
1371563820000,1371563879999,80007.66578018379,80011.73099731415,80007.3372733312,80009.18414612999,0,1
1371563880000,1371563939999,80008.52722138885,80008.91937043102,80002.69009188378,80003.23673395057,0,1
1371563940000,1371563999999,80004.5244106516,80005.23524446331,79998.1447630533,80000.37575455375,0,1
1371564000000,1371564059999,79999.1512870069,80009.28134051357,79998.82585534442,80006.10695280098,0,1
1371564060000,1371564119999,80004.1421489364,80007.46465482033,80000.59044026393,80000.9929635483,0,1
1371564120000,1371564179999,80000.70449017285,80000.70449017285,79995.04403257824,79998.75875471561,0,1
1371564180000,1371564239999,79997.13142660527,79999.09760828679,79994.27205625807,79999.09760828679,0,1
1371564240000,1371564299999,79998.22864391898,80004.11196975759,79997.14149336635,80001.72417273045,0,1
1371564300000,1371564359999,80002.00255483406,80008.84563417821,80002.00255483406,80005.74151509457,0,1
1371564360000,1371564419999,80005.48000101521,80010.38057674657,80003.98789884335,80008.95623835352,0,1
1371564420000,1371564479999,80008.5406284476,80008.5406284476,80002.27086759957,80003.07911629778,0,1
1371564480000,1371564539999,80002.3647753667,80003.96107249733,79999.12109276229,80002.59283341555,0,1
1371564540000,1371564599999,80002.33123697968,80010.51127057835,80000.33214595568,80009.31150409569,0,1
1371564600000,1371564659999,80007.63896370238,80010.81621621008,80006.12371567819,80010.29344657644,0,1
1371564660000,1371564719999,80008.95623835352,80010.5514837214,80005.62752261874,80005.69122445659,0,1
1371564720000,1371564779999,80004.76918460203,80004.76918460203,80000.32879144026,80002.4217903665,0,1
1371564780000,1371564839999,80002.89131329776,80009.01991899045,80002.87119133856,80008.34957616347,0,1
1371564840000,1371564899999,80008.93612859446,80011.83486826623,80005.74822049387,80006.85790213205,0,1
1371564900000,1371564959999,80007.51493654044,80011.55005824035,80006.92159613266,80010.78605716636,0,1
1371564960000,1371565019999,80010.7525470111,80010.95360625825,80008.22890968226,80010.0756178297,0,1
1371565020000,1371565079999,80010.3370117564,80014.13315585107,80010.3370117564,80012.42121630818,0,1
1371565080000,1371565139999,80012.12302074312,80017.47243706582,80011.02062510897,80015.64384144226,0,1
1371565140000,1371565199999,80015.80795983595,80019.2069495148,80014.78636277068,80017.10406557587,0,1
1371565200000,1371565259999,80015.65723896312,80018.52389558041,80015.38928513556,80017.0638787742,0,1
1371565260000,1371565319999,80017.28155535136,80019.2069495148,80014.76291505549,80016.17972827649,0,1
1371565320000,1371565379999,80014.42124211084,80015.17156736378,80009.11041182952,80011.98229615221,0,1
1371565380000,1371565439999,80012.8601171999,80016.18977588035,80010.91674569891,80015.07443021332,0,1
1371565440000,1371565499999,80014.26715049263,80017.17104321973,80013.30569916268,80016.09934708208,0,1
1371565500000,1371565559999,80015.81130916286,80019.37435757597,80013.89196097162,80015.98547261726,0,1
1371565560000,1371565619999,80015.89504197147,80016.56153012674,80012.1799801336,80012.99747916998,0,1
1371565620000,1371565679999,80013.28559814839,80014.5585826388,80012.57198596215,80013.76466132872,0,1
1371565680000,1371565739999,80014.25040126064,80018.52389558041,80014.13315585107,80017.87763003234,0,1
1371565740000,1371565799999,80017.72024297889,80020.5762651621,80016.57492641816,80017.72024297889,0,1
1371565800000,1371565859999,80017.70349952955,80020.70682581128,80017.70349952955,80020.69343505394,0,1
1371565860000,1371565919999,80021.2257038498,80029.61774515414,80021.2257038498,80028.74808395353,0,1
1371565920000,1371565979999,80027.89507353707,80030.13281651004,80025.06456478276,80028.91533236593,0,1
1371565980000,1371566039999,80029.20633793568,80029.68798371941,80026.51337680126,80028.92202224424,0,1
1371566040000,1371566099999,80028.68452882337,80029.46388752529,80025.6066391207,80025.6066391207,0,1
1371566100000,1371566159999,80025.78063206126,80030.53080802417,80025.78063206126,80029.77160041581,0,1
1371566160000,1371566219999,80030.29000832837,80033.9515440374,80030.29000832837,80032.43693431983,0,1
1371566220000,1371566279999,80032.44362184266,80034.02843863245,80031.63439911068,80033.54700186459,0,1
1371566280000,1371566339999,80033.13575627015,80033.8178128985,80030.6411726136,80030.6411726136,0,1
1371566340000,1371566399999,80031.37356129961,80033.90139506989,80030.66792748214,80032.36337127363,0,1
1371566400000,1371566459999,80032.74455574088,80036.98341767662,80032.74455574088,80036.24809726208,0,1
1371566460000,1371566519999,80037.10373768774,80039.50315114626,80036.07428635431,80037.59837141325,0,1
1371566520000,1371566579999,80038.88163132292,80039.05539344325,80033.4099218789,80034.67031827022,0,1
1371566580000,1371566639999,80035.54280733666,80036.09768415248,80032.23296272538,80032.23296272538,0,1
1371566640000,1371566699999,80032.48374688567,80035.60631889402,80032.48374688567,80035.60631889402,0,1
1371566700000,1371566759999,80034.36944232002,80037.25079351314,80034.36944232002,80035.63306048169,0,1
1371566760000,1371566819999,80036.49878075063,80037.88578247456,80035.96063912734,80037.58166121373,0,1
1371566820000,1371566879999,80037.57831917047,80037.70197402703,80034.15548058104,80037.30760995744,0,1
1371566880000,1371566939999,80037.95596299057,80042.74712489218,80036.76282722951,80038.5407814706,0,1
1371566940000,1371566999999,80038.08629692782,80040.67257297208,80038.08629692782,80039.21244506964,0,1
1371567000000,1371567059999,80039.4229572106,80042.23270287026,80039.2324940359,80040.76612081061,0,1
1371567060000,1371567119999,80040.79618957287,80041.47104245018,80039.07878426735,80039.35612843961,0,1
1371567120000,1371567179999,80040.17475011172,80042.4999383923,80040.17475011172,80040.82959920264,0,1
1371567180000,1371567239999,80041.09687222271,80043.76586962919,80040.32510190987,80043.76586962919,0,1
1371567240000,1371567299999,80043.07781078987,80046.9149716185,80042.3329170279,80042.41308763095,0,1
1371567300000,1371567359999,80042.15253082105,80042.77718769839,80040.22486762895,80042.50661918883,0,1
1371567360000,1371567419999,80042.77384739104,80046.12361510113,80042.77384739104,80044.14661970688,0,1
1371567420000,1371567479999,80044.16999862522,80049.45223264549,80043.85604858934,80049.45223264549,0,1
1371567480000,1371567539999,80050.30340627258,80050.30340627258,80044.19003765458,80045.03831973359,0,1
1371567540000,1371567599999,80045.97668969883,80046.2671992041,80042.52666155172,80042.81727129943,0,1
1371567600000,1371567659999,80043.7291298197,80045.33553540715,80040.31841965574,80040.9665775178,0,1
1371567660000,1371567719999,80040.94653202791,80040.94653202791,80037.40453138207,80037.69194801454,0,1
1371567720000,1371567779999,80037.85904691035,80040.1480206665,80037.54489867648,80038.59090717752,0,1
1371567780000,1371567839999,80037.84902105534,80040.29169059453,80035.83362010992,80035.94058360027,0,1
1371567840000,1371567899999,80036.36842612087,80040.51554427574,80036.36842612087,80038.43050403093,0,1
1371567900000,1371567959999,80037.86907275533,80041.29064069547,80037.86907275533,80040.9665775178,0,1
1371567960000,1371568019999,80041.12025827212,80041.29064069547,80039.34610408545,80041.13028084797,0,1
1371568020000,1371568079999,80041.327389465,80043.10787260196,80040.08453794775,80040.30505513406,0,1
1371568080000,1371568139999,80040.00100744065,80042.18259541481,80039.03534412192,80040.78950763351,0,1
1371568140000,1371568199999,80040.39192420567,80041.75166093333,80038.29683277667,80041.75166093333,0,1
1371568200000,1371568259999,80041.02671374643,80041.93205437141,80038.6811328168,80038.68781616511,0,1
1371568260000,1371568319999,80038.85489842104,80041.18707525471,80038.75130775121,80040.83962206982,0,1
1371568320000,1371568379999,80040.91980464554,80040.95655477789,80037.75544592387,80038.98187906852,0,1
1371568380000,1371568439999,80039.06875963513,80041.76836416616,80038.58088205624,80041.09019048428,0,1
1371568440000,1371568499999,80041.93205437141,80042.91747959907,80041.60133058239,80041.66480367289,0,1
1371568500000,1371568559999,80041.89196722196,80042.30619335074,80040.11794995522,80041.00332747826,0,1
1371568560000,1371568619999,80040.50552108376,80045.70620774505,80040.50552108376,80045.70620774505,0,1
1371568620000,1371568679999,80043.51536825068,80045.49916723222,80043.02436734524,80044.64424488269,0,1
1371568680000,1371568739999,80042.13582822988,80042.269448178,80040.54227273862,80040.85966777403,0,1
1371568740000,1371568799999,80041.21380192276,80042.54002310464,80040.54895484318,80041.81179244095,0,1
1371568800000,1371568859999,80042.60014987193,80043.53206853781,80041.29398149827,80042.03895265103,0,1
1371568860000,1371568919999,80041.72493570276,80042.57008653348,80040.69596001376,80042.57008653348,0,1
1371568920000,1371568979999,80042.55338463972,80042.58344802838,80040.8262582447,80040.91980464554,0,1
1371568980000,1371569039999,80039.64683033936,80040.43535845849,80039.35278698933,80040.31841965574,0,1
1371569040000,1371569099999,80040.60575255164,80040.60575255164,80036.09099907287,80037.89915022989,0,1
1371569100000,1371569159999,80038.83484869773,80041.36413809951,80037.60171344978,80041.36413809951,0,1
1371569160000,1371569219999,80040.72602898697,80049.54903643472,80040.13131472694,80048.41737496587,0,1
1371569220000,1371569279999,80047.85316550914,80049.55571252358,80046.7012781404,80047.21880917028,0,1
1371569280000,1371569339999,80047.06856098531,80051.08775703999,80045.43571847503,80048.54423424722,0,1
1371569340000,1371569399999,80048.83800745699,80051.40148012199,80047.67955619487,80051.40148012199,0,1
1371569400000,1371569459999,80051.15116994594,80059.04460432651,80051.15116994594,80056.26292974048,0,1
1371569460000,1371569519999,80056.98010213353,80060.22508124054,80056.33298140358,80059.57817047265,0,1
1371569520000,1371569579999,80059.04793920333,80062.49894060314,80058.97790655645,80060.54518655523,0,1
1371569580000,1371569639999,80059.86161590868,80060.77525592115,80057.7472528727,80057.8473116739,0,1
1371569640000,1371569699999,80058.31423950897,80060.0650247406,80057.3636848596,80059.72823082194,0,1
1371569700000,1371569759999,80059.51814570244,80061.27538845637,80059.51814570244,80060.5718615356,0,1
1371569760000,1371569819999,80060.19507084195,80061.5054410234,80058.35759598743,80059.54482342258,0,1
1371569820000,1371569879999,80059.14465014749,80059.14465014749,80057.11352388101,80057.82396470984,0,1
1371569880000,1371569939999,80057.7472528727,80058.77781057707,80056.82332930552,80056.82332930552,0,1
1371569940000,1371569999999,80057.51377844297,80058.55770037523,80056.10280981065,80056.61651883663,0,1
1371570000000,1371570059999,80055.57906629874,80055.93267957596,80054.55485162779,80054.63826065481,0,1
1371570060000,1371570119999,80054.75169581511,80055.62243463755,80054.13112302624,80055.53236172351,0,1
1371570120000,1371570179999,80056.72993155888,80056.72993155888,80055.55571403839,80055.82926566595,0,1
1371570180000,1371570239999,80055.05863156215,80057.32365952356,80054.48812390526,80056.89004144764,0,1
1371570240000,1371570299999,80057.58048597911,80057.58048597911,80054.66495139652,80055.20208743069,0,1
1371570300000,1371570359999,80055.42227150459,80057.56380913679,80055.42227150459,80056.7632879971,0,1
1371570360000,1371570419999,80057.26695668994,80057.2936404164,80055.57906629874,80056.14284003347,0,1
1371570420000,1371570479999,80055.69916277623,80057.18356958582,80054.56819711886,80054.71499634524,0,1
1371570480000,1371570539999,80054.27792866889,80054.3179661974,80053.73073304634,80053.74741628223,0,1
1371570540000,1371570599999,80053.46713422505,80053.46713422505,80048.57094125928,80049.03496420814,0,1
1371570600000,1371570659999,80048.99824375211,80049.33206112067,80047.43583034103,80047.98337051693,0,1
1371570660000,1371570719999,80048.5041735954,80048.78793308821,80046.12361510113,80047.42581408298,0,1
1371570720000,1371570779999,80047.19877620938,80047.9733548073,80046.04347424021,80046.38740756526,0,1
1371570780000,1371570839999,80046.64785405737,80046.64785405737,80045.47579142114,80045.98336817302,0,1
1371570840000,1371570899999,80046.20041615685,80047.52597621207,80045.33553540715,80047.52597621207,0,1
1371570900000,1371570959999,80048.5041735954,80049.57907879946,80046.18038115569,80046.43749395592,0,1
1371570960000,1371571019999,80046.00006433904,80048.75788834658,80046.00006433904,80048.07684998984,0,1
1371571020000,1371571079999,80047.87319715915,80047.87319715915,80044.71437798363,80044.71437798363,0,1
1371571080000,1371571139999,80044.87468036736,80045.20195642208,80044.34366887885,80044.34366887885,0,1
1371571140000,1371571199999,80043.59218934055,80044.03306418326,80041.05009995987,80042.82061159225,0,1
1371571200000,1371571259999,80042.56006540057,80044.22677577076,80042.56006540057,80043.35170396086,0,1
1371571260000,1371571319999,80042.797229519,80043.04774888742,80040.09456156171,80040.4520638901,0,1
1371571320000,1371571379999,80040.31841965574,80040.31841965574,80039.01863632344,80039.33273826425,0,1
1371571380000,1371571439999,80039.87403973355,80042.40640677193,80039.87403973355,80040.63916281768,0,1
1371571440000,1371571499999,80041.30066310054,80041.30066310054,80039.60339266149,80040.19479714875,0,1
1371571500000,1371571559999,80040.31841965574,80040.87637249684,80037.64850184426,80038.50736419306,0,1
1371571560000,1371571619999,80039.11554116606,80039.11554116606,80032.15939817867,80033.00870136604,0,1
1371571620000,1371571679999,80033.64395974422,80034.50650915329,80033.1123515407,80033.47010356742,0,1
1371571680000,1371571739999,80033.61721283685,80038.59759058611,80033.61721283685,80037.03689341585,0,1
1371571740000,1371571799999,80036.49209593916,80038.09632254497,80035.60297619054,80035.60297619054,0,1
1371571800000,1371571859999,80034.77395122369,80037.97267256463,80034.06187088067,80037.30760995744,0,1
1371571860000,1371571919999,80036.2581247223,80037.23074057339,80034.22234411625,80034.72380638032,0,1
1371571920000,1371571979999,80034.23237360797,80035.70659947909,80034.04849799481,80035.01130007052,0,1
1371571980000,1371572039999,80034.46973530928,80035.67985808806,80033.59046585791,80035.34892745593,0,1
1371572040000,1371572099999,80035.5026945663,80036.06760125907,80034.29923662903,80036.06760125907,0,1
1371572100000,1371572159999,80035.61968969679,80036.25478223666,80033.74091668382,80036.25478223666,0,1
1371572160000,1371572219999,80035.0647863568,80037.18060804806,80034.42627513742,80036.38513834785,0,1
1371572220000,1371572279999,80036.07428635431,80039.13559032661,80035.31215670968,80039.13559032661,0,1
1371572280000,1371572339999,80039.02531944618,80039.867357178,80037.27084641269,80038.126399336,0,1
1371572340000,1371572399999,80037.4178997807,80037.99272401664,80035.80687905857,80036.48875353175,0,1
1371572400000,1371572459999,80036.64584547248,80037.2775307036,80034.63354502857,80034.90432663969,0,1
1371572460000,1371572519999,80034.32932484266,80034.55665508632,80033.70748336257,80033.7910664561,0,1
1371572520000,1371572579999,80034.0250954015,80034.0250954015,80033.0220756425,80033.81446959711,0,1
1371572580000,1371572639999,80032.84486502783,80032.84486502783,80031.14950287588,80032.32658954759,0,1
1371572640000,1371572699999,80032.16274203344,80035.96732429409,80032.15939817867,80033.63392966233,0,1
1371572700000,1371572759999,80034.28920720438,80037.85570495982,80033.60383935632,80037.85570495982,0,1
1371572760000,1371572819999,80037.44129443532,80038.13976676967,80035.7734526438,80038.13976676967,0,1
1371572820000,1371572879999,80037.03689341585,80039.19907906979,80036.00075006082,80037.66186991676,0,1
1371572880000,1371572939999,80037.37111030727,80037.37111030727,80035.60297619054,80035.92052803298,0,1
1371572940000,1371572999999,80035.94726878044,80037.93256953996,80035.45255337705,80035.81690696119,0,1
1371573000000,1371573059999,80037.23074057339,80038.55080663208,80036.7394309876,80037.09371107543,0,1
1371573060000,1371573119999,80037.06363117823,80042.63689382949,80037.06363117823,80041.7850673711,0,1
1371573120000,1371573179999,80042.2260218907,80042.83063246406,80041.72159504393,80042.5233211607,0,1
1371573180000,1371573239999,80041.68484772302,80042.90077828553,80040.65920892371,80040.65920892371,0,1
1371573240000,1371573299999,80042.32957657217,80044.59080980897,80041.90532962298,80041.90532962298,0,1
1371573300000,1371573359999,80041.82181432372,80042.96758337233,80040.35517199825,80042.96758337233,0,1
1371573360000,1371573419999,80042.52666155172,80044.92811392424,80042.47321516144,80042.88073667245,0,1
1371573420000,1371573479999,80043.90614766025,80047.41579781487,80043.27822116352,80047.41579781487,0,1
1371573480000,1371573539999,80047.29560181528,80049.3253848825,80046.83483709936,80047.59275040745,0,1
1371573540000,1371573599999,80047.98670908458,80048.29385254029,80045.71288639988,80047.43249158945,0,1
1371573600000,1371573659999,80047.76302258755,80049.58241683443,80046.76137989268,80048.97153788124,0,1
1371573660000,1371573719999,80049.08169913894,80049.43220415831,80047.05854435939,80047.05854435939,0,1
1371573720000,1371573779999,80047.25553616103,80048.56426451296,80046.21043364235,80048.41737496587,0,1
1371573780000,1371573839999,80049.71927530825,80050.67389451437,80049.18518285138,80049.42218989968,0,1
1371573840000,1371573899999,80049.42552798701,80050.64051775789,80049.08837553982,80049.23859338072,0,1
1371573900000,1371573959999,80049.15847747972,80050.94424213638,80049.15847747972,80050.00300032398,0,1
1371573960000,1371574019999,80050.73397239533,80050.73397239533,80047.34234487568,80047.61612127049,0,1
1371574020000,1371574079999,80047.08525533957,80048.70113692165,80047.03183330785,80047.53933108682,0,1
1371574080000,1371574139999,80048.99490552215,80049.34875169658,80048.36062160846,80049.34875169658,0,1
1371574140000,1371574199999,80050.38351300143,80050.38351300143,80047.30227940872,80049.37879466305,0,1
1371574200000,1371574259999,80049.50897980802,80049.50897980802,80047.06522211112,80048.2771602036,0,1
1371574260000,1371574319999,80048.3272371301,80050.41689061574,80047.71628149347,80050.41689061574,0,1
1371574320000,1371574379999,80050.63384239322,80050.98429301433,80049.94625596482,80050.81407567517,0,1
1371574380000,1371574439999,80050.59045241425,80050.59045241425,80048.02677180945,80048.26380631418,0,1
1371574440000,1371574499999,80048.51752716384,80050.4269038783,80048.00006334405,80050.38685076789,0,1
1371574500000,1371574559999,80050.35681082978,80052.09564089525,80050.35681082978,80051.69850673543,0,1
1371574560000,1371574619999,80051.35809347368,80052.28919636573,80049.78269689271,80050.89751590934,0,1
1371574620000,1371574679999,80050.50367189155,80055.57906629874,80050.50367189155,80053.42375653802,0,1
1371574680000,1371574739999,80055.58573836311,80055.58573836311,80052.02555954247,80053.1668233031,0,1
1371574740000,1371574799999,80053.67734650441,80053.81748556909,80051.85202265036,80053.72405974419,0,1
1371574800000,1371574859999,80053.49716482121,80054.77838625407,80053.0633807862,80054.77838625407,0,1
1371574860000,1371574919999,80054.00433460041,80054.93185489558,80050.30340627258,80050.30340627258,0,1
1371574920000,1371574979999,80050.18658280936,80050.63718007611,80047.04184996054,80048.80462457234,0,1
1371574980000,1371575039999,80048.42405181029,80049.03496420814,80046.35067738598,80048.67109191926,0,1
1371575040000,1371575099999,80047.98003194816,80049.7626690674,80047.66286283273,80049.74264120196,0,1
1371575100000,1371575159999,80048.75121172507,80049.89284921502,80047.13867708588,80048.93147894117,0,1
1371575160000,1371575219999,80047.08191647094,80048.52420394137,80044.67096231246,80045.36225099006,0,1
1371575220000,1371575279999,80045.7295830175,80047.29894061254,80045.7295830175,80046.93166622915,0,1
1371575280000,1371575339999,80046.86488761929,80050.16989363176,80046.86488761929,80049.50230368796,0,1
1371575340000,1371575399999,80048.21372907003,80048.65440021225,80046.4441721224,80046.95837754826,0,1
1371575400000,1371575459999,80046.46420659505,80049.30869426759,80046.430815785,80048.61100164364,0,1
1371575460000,1371575519999,80049.71927530825,80049.71927530825,80048.46411278308,80048.46411278308,0,1
1371575520000,1371575579999,80048.47412800121,80048.78793308821,80048.19703659958,80048.54423424722,0,1
1371575580000,1371575639999,80049.55237447971,80050.15654226964,80048.55758776216,80048.70781357659,0,1
1371575640000,1371575699999,80048.40735969091,80049.89284921502,80046.42079852024,80047.1086273887,0,1
1371575700000,1371575759999,80046.96505536688,80048.15029753411,80046.69126114658,80046.69126114658,0,1
1371575760000,1371575819999,80047.24885853638,80047.24885853638,80042.90411855048,80043.10119220708,0,1
1371575820000,1371575879999,80043.56546902838,80044.43050287463,80042.56006540057,80043.76920960519,0,1
1371575880000,1371575939999,80044.0197046251,80045.45909437978,80043.61222952779,80044.9915659022,0,1
1371575940000,1371575999999,80044.04976360584,80048.98155259118,80044.04976360584,80048.6009865626,0,1
1371576000000,1371576059999,80048.85136057965,80048.91144941098,80046.76471886833,80046.76471886833,0,1
1371576060000,1371576119999,80046.04681345557,80046.72465108699,80044.70101933565,80046.47088474367,0,1
1371576120000,1371576179999,80046.83149814712,80048.66775358008,80045.55593683163,80048.21706756078,0,1
1371576180000,1371576239999,80048.48080480771,80048.87806677149,80045.49916723222,80045.56929433759,0,1
1371576240000,1371576299999,80044.34366887885,80046.69126114658,80044.34366887885,80046.69126114658,0,1
1371576300000,1371576359999,80047.1119662484,80047.98337051693,80045.49582783398,80046.56771739766,0,1
1371576360000,1371576419999,80046.9016159099,80050.78069938655,80046.9016159099,80048.95484667571,0,1
1371576420000,1371576479999,80048.35728316565,80051.94546596646,80048.35728316565,80051.94546596646,0,1
1371576480000,1371576539999,80052.63291495036,80053.24690709745,80049.17183017445,80049.17183017445,0,1
1371576540000,1371576599999,80049.60578304791,80049.60578304791,80045.14184529663,80046.94836081196,0,1
1371576600000,1371576659999,80047.21880917028,80048.63770847738,80044.7110383233,80044.7110383233,0,1
1371576660000,1371576719999,80043.59552937454,80043.59552937454,80040.54227273862,80043.1512950599,0,1
1371576720000,1371576779999,80041.72159504393,80043.23145910226,80038.51070592583,80038.87494810416,0,1
1371576780000,1371576839999,80038.69449950894,80043.11455299238,80037.99272401664,80041.704891733,0,1
1371576840000,1371576899999,80041.80845181111,80044.87468036736,80041.80845181111,80042.97426385648,0,1
1371576900000,1371576959999,80043.29826197999,80043.29826197999,80041.09687222271,80041.4309534526,0,1
1371576960000,1371577019999,80041.56124210711,80046.33064268589,80041.24052851935,80044.41714384743,0,1
1371577020000,1371577079999,80045.06503611052,80046.98174989394,80044.38040643063,80045.40232423058,0,1
1371577080000,1371577139999,80046.43749395592,80046.47088474367,80044.40044503834,80044.40044503834,0,1
1371577140000,1371577199999,80044.73441592212,80045.22533287326,80039.70697450492,80039.70697450492,0,1
1371577200000,1371577259999,80039.72702247972,80044.27353317795,80039.72702247972,80043.75918967387,0,1
1371577260000,1371577319999,80043.8660684236,80044.96484932897,80043.32164288175,80044.72439695788,0,1
1371577320000,1371577379999,80044.7811709558,80044.91809515408,80043.3750847377,80044.52735528808,0,1
1371577380000,1371577439999,80044.82458614849,80045.28544349686,80043.66900984025,80044.7811709558,0,1
1371577440000,1371577499999,80044.69434000498,80048.99156729107,80044.69434000498,80047.47923401,0,1
1371577500000,1371577559999,80048.06683437382,80048.59764820001,80046.61446386053,80047.27556900821,0,1
1371577560000,1371577619999,80047.3122957905,80048.99490552215,80046.98508879599,80048.82131602858,0,1
1371577620000,1371577679999,80048.99490552215,80051.37811810398,80048.99490552215,80050.31675743862,0,1
1371577680000,1371577739999,80050.00633821743,80051.25129476821,80049.36544224466,80050.23331235842,0,1
1371577740000,1371577799999,80050.53704910478,80050.53704910478,80046.86822656037,80047.13533823511,0,1
1371577800000,1371577859999,80047.58273430656,80048.89809636856,80046.86154867709,80047.66954018093,0,1
1371577860000,1371577919999,80048.1235893986,80048.44742073058,80046.85153184379,80047.3757326422,0,1
1371577920000,1371577979999,80048.15363604603,80050.66054382514,80047.74966801153,80050.10647450291,0,1
1371577980000,1371578039999,80050.5003341641,80053.19018114271,80049.15847747972,80049.94291805133,0,1
1371578040000,1371578099999,80049.38880896513,80050.46028134778,80048.55758776216,80048.55758776216,0,1
1371578100000,1371578159999,80048.67109191926,80050.33678415426,80048.24377544661,80048.78793308821,0,1
1371578160000,1371578219999,80049.65585332154,80050.15988011184,80048.24377544661,80050.15988011184,0,1
1371578220000,1371578279999,80050.15988011184,80050.15988011184,80048.39734440592,80049.74264120196,0,1
1371578280000,1371578339999,80048.53088071445,80050.93089180808,80048.53088071445,80048.9147876688,0,1
1371578340000,1371578399999,80048.83800745699,80050.99096814508,80048.83800745699,80050.46028134778,0,1
1371578400000,1371578459999,80050.14319088969,80050.73397239533,80045.54257930782,80046.44751120397,0,1
1371578460000,1371578519999,80045.94663650967,80045.94663650967,80041.58462707055,80044.72439695788,0,1
1371578520000,1371578579999,80044.7577934663,80049.0650081173,80044.66094328467,80047.19877620938,0,1
1371578580000,1371578639999,80046.48090195828,80047.92661469633,80046.40076396063,80046.99176659678,0,1
1371578640000,1371578699999,80047.23884209104,80052.26917355976,80046.3473382721,80051.63843464892,0,1
1371578700000,1371578759999,80051.53497632069,80058.290893635,80051.53497632069,80056.58316190884,0,1
1371578760000,1371578819999,80055.43895191871,80057.36702029704,80052.01554788055,80055.38223839721,0,1
1371578820000,1371578879999,80053.61061292622,80057.10018178636,80053.61061292622,80055.06196776849,0,1
1371578880000,1371578939999,80055.21209590287,80055.88931258261,80053.39038895842,80053.92092028567,0,1
1371578940000,1371578999999,80053.91091052115,80056.66655401971,80053.91091052115,80056.40303257597,0,1
1371579000000,1371579059999,80056.46307604744,80056.60984745997,80054.51147865878,80055.66580278828,0,1
1371579060000,1371579119999,80054.82175806542,80056.29962352998,80054.82175806542,80055.62910667298,0,1
1371579120000,1371579179999,80056.32630983776,80059.98499552994,80056.32630983776,80058.28088824377,0,1
1371579180000,1371579239999,80058.36093109337,80058.36093109337,80055.08532118189,80055.08532118189,0,1
1371579240000,1371579299999,80056.01274122343,80056.14617587814,80054.20118962454,80054.20118962454,0,1
1371579300000,1371579359999,80054.08441168795,80056.33631718483,80052.72968795442,80056.33631718483,0,1
1371579360000,1371579419999,80056.66655401971,80056.66655401971,80053.0800651355,80054.44808705802,0,1
1371579420000,1371579479999,80053.86753475909,80056.58649760662,80053.5905927659,80056.58649760662,0,1
1371579480000,1371579539999,80055.40225497093,80056.03275653513,80053.88421776675,80054.64159700144,0,1
1371579540000,1371579599999,80055.09199357568,80056.5965046933,80054.72500530492,80055.7525385255,0,1
1371579600000,1371579659999,80055.45896837891,80056.6532113287,80054.54817887557,80056.6532113287,0,1
1371579660000,1371579719999,80057.21025353481,80058.25087200999,80056.67989669292,80056.67989669292,0,1
1371579720000,1371579779999,80056.61651883663,80058.50433959665,80055.76921838873,80058.50433959665,0,1
1371579780000,1371579839999,80057.87732911904,80058.62440094801,80057.44039963922,80057.88066438516,0,1
1371579840000,1371579899999,80057.75725879786,80060.27509837142,80057.75725879786,80059.48813318221,0,1
1371579900000,1371579959999,80059.84827748007,80059.84827748007,80057.83063527655,80058.06743751252,0,1
1371579960000,1371580019999,80057.1068528359,80057.26362121913,80051.63175995037,80051.63175995037,0,1
1371580020000,1371580079999,80051.6484466884,80053.21353892775,80047.80642483641,80051.59838639077,0,1
1371580080000,1371580139999,80050.19993413135,80054.16448813427,80050.19993413135,80052.02889676088,0,1
1371580140000,1371580199999,80053.32699025045,80053.87087136284,80052.09564089525,80053.87087136284,0,1
1371580200000,1371580259999,80054.16782463895,80056.49976910252,80053.79412919469,80056.49976910252,0,1
1371580260000,1371580319999,80055.18540662149,80055.59908247848,80053.3603580416,80055.59908247848,0,1
1371580320000,1371580379999,80054.50814226877,80057.03347104615,80054.31462974283,80057.03347104615,0,1
1371580380000,1371580439999,80057.04014214018,80058.15748759538,80056.00606944395,80057.30364679547,0,1
1371580440000,1371580499999,80057.75058818217,80058.77114064214,80057.75058818217,80058.29422876319,0,1
1371580500000,1371580559999,80058.32090974865,80058.32090974865,80056.82332930552,80058.04075585076,0,1
1371580560000,1371580619999,80057.68721711138,80059.31806053285,80055.72585068649,80056.64320429876,0,1
1371580620000,1371580679999,80056.56314769875,80058.35759598743,80054.99524342976,80058.35759598743,0,1
1371580680000,1371580739999,80058.87785906724,80059.20134233509,80057.82729999375,80058.67442608565,0,1
1371580740000,1371580799999,80057.99072754307,80057.99072754307,80055.41226324278,80056.7032463282,0,1
1371580800000,1371580859999,80056.09947395153,80058.53769011663,80056.09947395153,80058.53769011663,0,1
1371580860000,1371580919999,80058.07410791684,80058.89786864516,80055.01192455618,80055.85261728748,0,1
1371580920000,1371580979999,80055.22877666756,80057.59716279362,80055.16872578445,80057.26362121913,0,1
1371580980000,1371581039999,80057.33700132005,80057.33700132005,80055.31218007367,80056.49976910252,0,1
1371581040000,1371581099999,80056.55314057869,80056.84334299488,80055.00525210897,80055.24879354847,0,1
1371581100000,1371581159999,80055.40892715327,80059.15798951467,80055.11201073037,80059.15798951467,0,1
1371581160000,1371581219999,80060.40514174089,80063.5623425269,80060.40514174089,80061.37874606151,0,1
1371581220000,1371581279999,80061.95886247171,80063.10232673294,80059.77491580468,80063.0389895677,0,1
1371581280000,1371581339999,80062.04887751924,80065.79211918685,80061.97553198609,80063.68567649747,0,1
1371581340000,1371581399999,80063.39900600852,80063.87234123528,80061.33540267975,80063.74900956692,0,1
1371581400000,1371581459999,80063.67900983525,80063.67900983525,80061.67547647581,80063.1956649821,0,1
1371581460000,1371581519999,80063.20566545712,80063.96233906032,80061.5587857903,80061.75882613177,0,1
1371581520000,1371581579999,80061.9655302808,80062.22890518348,80060.39513846481,80060.39513846481,0,1
1371581580000,1371581639999,80062.3289191521,80062.60895294286,80061.01198843893,80062.2189037316,0,1
1371581640000,1371581699999,80061.59879417872,80063.20899894657,80061.39875063591,80062.97565200132,0,1
1371581700000,1371581759999,80063.46567429743,80064.12566637777,80063.13232840804,80063.22233289326,0,1
1371581760000,1371581819999,80063.04899019943,80063.04899019943,80061.25538363522,80061.7021484413,0,1
1371581820000,1371581879999,80061.08534103955,80065.13556993284,80061.08534103955,80064.38231820143,0,1
1371581880000,1371581939999,80064.80894561842,80065.61215565944,80062.04887751924,80065.5288381148,0,1
1371581940000,1371581999999,80065.05558129122,80065.6421498056,80064.06900210046,80065.17556401371,0,1
1371582000000,1371582059999,80064.41231603657,80064.41231603657,80061.4454278205,80063.57900936856,0,1
1371582060000,1371582119999,80062.92564837607,80064.86893863924,80062.92564837607,80063.44900726687,0,1
1371582120000,1371582179999,80063.29900274173,80063.34900450012,80060.67856074554,80063.06565789672,0,1
1371582180000,1371582239999,80061.8788484159,80063.06565789672,80061.18536644599,80062.10888710075,0,1
1371582240000,1371582299999,80061.18203228191,80062.22557136731,80060.13504977454,80060.67522641244,0,1
1371582300000,1371582359999,80060.10837362897,80061.62213233138,80060.10837362897,80061.15535892911,0,1
1371582360000,1371582419999,80060.43515150907,80060.58186463489,80053.87087136284,80053.87087136284,0,1
1371582420000,1371582479999,80053.26025433415,80055.55237799676,80051.89540715571,80052.9899693186,0,1
1371582480000,1371582539999,80052.10231528418,80055.30550782676,80051.97883836777,80053.400399244,0,1
1371582540000,1371582599999,80053.24023347242,80055.39224668908,80053.09007573171,80055.04528672555,0,1
1371582600000,1371582659999,80054.39804077354,80056.65654700312,80053.67734650441,80056.53979773635,0,1
1371582660000,1371582719999,80056.79330869636,80056.99010882633,80052.16905892851,80053.79412919469,0,1
1371582720000,1371582779999,80053.28694875413,80053.65065312658,80051.65512137582,80051.91209345381,0,1
1371582780000,1371582839999,80051.99218729709,80052.082292104,80050.17323146951,80051.00765595242,0,1
1371582840000,1371582899999,80051.29134441644,80052.81644916188,80050.53037367105,80052.50277046829,0,1
1371582900000,1371582959999,80053.18350747981,80053.2202125706,80051.8420108147,80053.19018114271,0,1
1371582960000,1371583019999,80052.89653576221,80052.89653576221,80048.87472850141,80050.03637920837,0,1
1371583020000,1371583079999,80050.36682415252,80050.81741329789,80048.61767835874,80048.61767835874,0,1
1371583080000,1371583139999,80048.55091100693,80050.65720615006,80048.55091100693,80049.89952507435,0,1
1371583140000,1371583199999,80049.70258535074,80054.81174920258,80049.37879466305,80053.87754456705,0,1
1371583200000,1371583259999,80053.70070315157,80055.41226324278,80052.55616328122,80054.47144190506,0,1
1371583260000,1371583319999,80054.74168688213,80056.82332930552,80053.90423733923,80056.82332930552,0,1
1371583320000,1371583379999,80058.45431360816,80060.07836288011,80056.07945877335,80057.26362121913,0,1
1371583380000,1371583439999,80057.080168611,80058.91454326283,80055.37556619706,80058.91454326283,0,1
1371583440000,1371583499999,80058.44097330229,80059.18800302576,80056.40970409059,80057.26695668994,0,1
1371583500000,1371583559999,80057.26028574721,80059.89496190239,80056.33965296495,80058.4176277242,0,1
1371583560000,1371583619999,80058.20084475346,80058.68443108314,80056.24291488946,80056.24291488946,0,1
1371583620000,1371583679999,80055.39224668908,80057.22359548259,80054.8017403297,80056.89337704306,0,1
1371583680000,1371583739999,80056.93340410135,80057.56047376498,80055.8025780317,80057.56047376498,0,1
1371583740000,1371583799999,80057.41038088252,80061.31873209828,80056.48976191903,80060.551855307,0,1
1371583800000,1371583859999,80061.89218413633,80061.89218413633,80058.15081724669,80060.22174675627,0,1
1371583860000,1371583919999,80060.29510515372,80060.64855170781,80056.56314769875,80056.56314769875,0,1
1371583920000,1371583979999,80056.11615323607,80057.0901752037,80056.11615323607,80056.90671941363,0,1
1371583980000,1371584039999,80055.32218843565,80056.00606944395,80053.93426662279,80054.88514729748,0,1
1371584040000,1371584099999,80055.59574645132,80056.99010882633,80054.86512968867,80055.0719763809,0,1
1371584100000,1371584159999,80054.66828773424,80055.47898479903,80053.28361195553,80053.28361195553,0,1
1371584160000,1371584219999,80053.22688620898,80056.44973308494,80053.16348646441,80055.71250674027,0,1
1371584220000,1371584279999,80055.09532977092,80056.65654700312,80053.12678116543,80053.12678116543,0,1
1371584280000,1371584339999,80052.39264689127,80052.39264689127,80050.4669568283,80050.4669568283,0,1
1371584340000,1371584399999,80050.2900550887,80051.54498846373,80048.1068967777,80050.42022837105,0,1
1371584400000,1371584459999,80050.69725817764,80051.97216389641,80049.90620092921,80051.97216389641,0,1
1371584460000,1371584519999,80051.48825285384,80055.58240233148,80051.17786999657,80054.79840403651,0,1
1371584520000,1371584579999,80054.84511203978,80054.84511203978,80048.55758776216,80048.55758776216,0,1
1371584580000,1371584639999,80048.28717560896,80050.89084071622,80048.28717560896,80049.7760209554,0,1
1371584640000,1371584699999,80048.67776859425,80050.21662325882,80047.12532167605,80047.97001623517,0,1
1371584700000,1371584759999,80047.93663045278,80048.21372907003,80045.20529591844,80045.21865389279,0,1
1371584760000,1371584819999,80045.15520335574,80046.9016159099,80043.58216923186,80046.70461713613,0,1
1371584820000,1371584879999,80046.57773451525,80046.95837754826,80044.67430198618,80046.95837754826,0,1
1371584880000,1371584939999,80047.46254031346,80047.46254031346,80043.48196759274,80046.13363266358,0,1
1371584940000,1371584999999,80045.47245201509,80045.55593683163,80041.44431646966,80042.18259541481,0,1
1371585000000,1371585059999,80042.04229320385,80043.89278793255,80042.04229320385,80043.03104779143,0,1
1371585060000,1371585119999,80042.57008653348,80043.05442931798,80041.327389465,80041.94541671887,0,1
1371585120000,1371585179999,80041.67482570297,80043.16131560033,80040.36853645292,80041.53785708899,0,1
1371585180000,1371585239999,80041.22048357861,80041.8986484247,80039.06541808885,80039.06541808885,0,1
1371585240000,1371585299999,80038.93175532135,80038.93175532135,80036.3049194036,80038.32356717046,0,1
1371585300000,1371585359999,80038.63100756214,80039.19573756705,80037.12713307735,80037.41121558362,0,1
1371585360000,1371585419999,80038.26341468391,80038.79140749264,80035.32218510842,80038.17318527563,0,1
1371585420000,1371585479999,80037.89915022989,80042.69033934498,80037.89915022989,80041.76836416616,0,1
1371585480000,1371585539999,80040.37187756381,80041.62471545207,80038.36032684523,80041.62471545207,0,1
1371585540000,1371585599999,80040.66589095013,80046.56103931369,80039.68024380933,80046.56103931369,0,1
1371585600000,1371585659999,80046.56103931369,80046.56103931369,80036.58234051701,80036.58234051701,0,1
1371585660000,1371585719999,80036.77619648604,80038.91838894633,80036.32163173672,80038.54412319222,0,1
1371585720000,1371585779999,80038.75799105261,80038.95514643462,80036.73608866284,80036.73608866284,0,1
1371585780000,1371585839999,80037.0536045257,80038.4639215653,80035.99072234253,80038.2266546529,0,1
1371585840000,1371585899999,80038.19992,80039.00192849703,80037.81894343001,80038.50068072416,0,1
1371585900000,1371585959999,80038.49399725077,80041.06346348587,80036.69598067878,80041.06346348587,0,1
1371585960000,1371586019999,80040.92314557225,80041.52449419694,80039.52319952969,80040.45874605494,0,1
1371586020000,1371586079999,80040.8663496665,80041.73829832698,80039.87738100966,80039.87738100966,0,1
1371586080000,1371586139999,80039.59002718418,80040.1279735357,80039.59002718418,80039.96425379648,0,1
1371586140000,1371586199999,80040.14467948081,80040.14467948081,80038.99858692841,80039.30934803418,0,1
1371586200000,1371586259999,80039.13224880265,80040.31173739713,80038.79140749264,80040.28166717816,0,1
1371586260000,1371586319999,80039.70697450492,80041.4209311781,80039.70697450492,80040.55563694327,0,1
1371586320000,1371586379999,80040.61577564316,80041.86858297723,80039.55995479492,80040.71600600595,0,1
1371586380000,1371586439999,80039.66687843474,80041.33741183326,80038.94512167848,80040.25159686875,0,1
1371586440000,1371586499999,80039.67356112428,80042.57676728316,80039.40959149213,80042.00888762539,0,1
1371586500000,1371586559999,80042.00888762539,80042.00888762539,80042.00888762539,80042.00888762539,0,1
1371586560000,1371586619999,80042.00888762539,80042.00888762539,80042.00888762539,80042.00888762539,0,1
1371586620000,1371586679999,80042.00888762539,80042.00888762539,80042.00888762539,80042.00888762539,0,1
1371586680000,1371586739999,80042.00888762539,80042.00888762539,80042.00888762539,80042.00888762539,0,1
1371586740000,1371586799999,80042.00888762539,80042.00888762539,80042.00888762539,80042.00888762539,0,1
1371586800000,1371586859999,80042.00888762539,80042.00888762539,80042.00888762539,80042.00888762539,0,1
1371586860000,1371586919999,80042.00888762539,80042.00888762539,80042.00888762539,80042.00888762539,0,1
1371586920000,1371586979999,80042.00888762539,80042.00888762539,80042.00888762539,80042.00888762539,0,1
1371586980000,1371587039999,80042.00888762539,80042.00888762539,80042.00888762539,80042.00888762539,0,1
1371587040000,1371587099999,80042.00888762539,80042.00888762539,80042.00888762539,80042.00888762539,0,1
1371587100000,1371587159999,80042.00888762539,80042.00888762539,80042.00888762539,80042.00888762539,0,1
1371587160000,1371587219999,80042.00888762539,80042.00888762539,80042.00888762539,80042.00888762539,0,1
1371587220000,1371587279999,80042.00888762539,80042.00888762539,80042.00888762539,80042.00888762539,0,1
1371587280000,1371587339999,80042.00888762539,80042.00888762539,80042.00888762539,80042.00888762539,0,1
1371587340000,1371587399999,80042.00888762539,80042.00888762539,80042.00888762539,80042.00888762539,0,1
1371587400000,1371587459999,80042.00888762539,80042.00888762539,80042.00888762539,80042.00888762539,0,1
1371587460000,1371587519999,80042.00888762539,80042.00888762539,80042.00888762539,80042.00888762539,0,1
1371587520000,1371587579999,80042.00888762539,80042.00888762539,80042.00888762539,80042.00888762539,0,1
1371587580000,1371587639999,80042.00888762539,80042.00888762539,80042.00888762539,80042.00888762539,0,1
1371587640000,1371587699999,80042.00888762539,80042.00888762539,80042.00888762539,80042.00888762539,0,1
1371587700000,1371587759999,80042.00888762539,80042.00888762539,80042.00888762539,80042.00888762539,0,1
1371587760000,1371587819999,80042.00888762539,80042.00888762539,80042.00888762539,80042.00888762539,0,1
1371587820000,1371587879999,80042.00888762539,80042.00888762539,80042.00888762539,80042.00888762539,0,1
1371587880000,1371587939999,80042.00888762539,80042.00888762539,80042.00888762539,80042.00888762539,0,1
1371587940000,1371587999999,80042.00888762539,80042.00888762539,80042.00888762539,80042.00888762539,0,1
1371588000000,1371588059999,80042.00888762539,80042.00888762539,80042.00888762539,80042.00888762539,0,1
1371588060000,1371588119999,80042.00888762539,80042.00888762539,80042.00888762539,80042.00888762539,0,1
1371588120000,1371588179999,80042.00888762539,80042.00888762539,80042.00888762539,80042.00888762539,0,1
1371588180000,1371588239999,80042.00888762539,80042.00888762539,80042.00888762539,80042.00888762539,0,1
1371588240000,1371588299999,80042.00888762539,80042.00888762539,80042.00888762539,80042.00888762539,0,1
1371588300000,1371588359999,80042.00888762539,80042.00888762539,80042.00888762539,80042.00888762539,0,1
1371588360000,1371588419999,80042.00888762539,80042.00888762539,80042.00888762539,80042.00888762539,0,1
1371588420000,1371588479999,80042.00888762539,80042.00888762539,80042.00888762539,80042.00888762539,0,1
1371588480000,1371588539999,80042.00888762539,80042.00888762539,80042.00888762539,80042.00888762539,0,1
1371588540000,1371588599999,80042.00888762539,80042.00888762539,80042.00888762539,80042.00888762539,0,1
1371588600000,1371588659999,80042.00888762539,80042.00888762539,80042.00888762539,80042.00888762539,0,1
1371588660000,1371588719999,80042.00888762539,80042.00888762539,80042.00888762539,80042.00888762539,0,1
1371588720000,1371588779999,80042.00888762539,80042.00888762539,80042.00888762539,80042.00888762539,0,1
1371588780000,1371588839999,80042.00888762539,80042.00888762539,80042.00888762539,80042.00888762539,0,1
1371588840000,1371588899999,80042.00888762539,80042.00888762539,80042.00888762539,80042.00888762539,0,1
1371588900000,1371588959999,80042.00888762539,80042.00888762539,80042.00888762539,80042.00888762539,0,1
1371588960000,1371589019999,80042.00888762539,80042.00888762539,80042.00888762539,80042.00888762539,0,1
1371589020000,1371589079999,80042.00888762539,80042.00888762539,80042.00888762539,80042.00888762539,0,1
1371589080000,1371589139999,80042.00888762539,80042.00888762539,80042.00888762539,80042.00888762539,0,1
1371589140000,1371589199999,80042.00888762539,80042.00888762539,80042.00888762539,80042.00888762539,0,1
1371589200000,1371589259999,80042.00888762539,80042.00888762539,80042.00888762539,80042.00888762539,0,1
1371589260000,1371589319999,80042.00888762539,80042.00888762539,80042.00888762539,80042.00888762539,0,1
1371589320000,1371589379999,80042.00888762539,80042.00888762539,80042.00888762539,80042.00888762539,0,1
1371589380000,1371589439999,80042.00888762539,80042.00888762539,80042.00888762539,80042.00888762539,0,1
1371589440000,1371589499999,80042.00888762539,80042.00888762539,80042.00888762539,80042.00888762539,0,1
1371589500000,1371589559999,80042.00888762539,80042.00888762539,80042.00888762539,80042.00888762539,0,1
1371589560000,1371589619999,80042.00888762539,80042.00888762539,80042.00888762539,80042.00888762539,0,1
1371589620000,1371589679999,80042.00888762539,80042.00888762539,80042.00888762539,80042.00888762539,0,1
1371589680000,1371589739999,80042.00888762539,80042.00888762539,80042.00888762539,80042.00888762539,0,1
1371589740000,1371589799999,80042.00888762539,80042.00888762539,80042.00888762539,80042.00888762539,0,1
1371589800000,1371589859999,80042.00888762539,80042.00888762539,80042.00888762539,80042.00888762539,0,1
1371589860000,1371589919999,80042.00888762539,80042.00888762539,80042.00888762539,80042.00888762539,0,1
1371589920000,1371589979999,80042.00888762539,80042.00888762539,80042.00888762539,80042.00888762539,0,1
1371589980000,1371590039999,80042.00888762539,80042.00888762539,80042.00888762539,80042.00888762539,0,1
1371590040000,1371590099999,80042.00888762539,80042.00888762539,80042.00888762539,80042.00888762539,0,1
1371590100000,1371590159999,80042.00888762539,80042.00888762539,80042.00888762539,80042.00888762539,0,1
1371590160000,1371590219999,80042.00888762539,80042.00888762539,80042.00888762539,80042.00888762539,0,1
1371590220000,1371590279999,80042.00888762539,80042.00888762539,80042.00888762539,80042.00888762539,0,1
1371590280000,1371590339999,80042.00888762539,80042.00888762539,80042.00888762539,80042.00888762539,0,1
1371590340000,1371590399999,80042.00888762539,80042.00888762539,80042.00888762539,80042.00888762539,0,1
1371590400000,1371590459999,80042.00888762539,80042.00888762539,80042.00888762539,80042.00888762539,0,1
1371590460000,1371590519999,80042.00888762539,80042.00888762539,80042.00888762539,80042.00888762539,0,1
1371590520000,1371590579999,80042.00888762539,80042.00888762539,80042.00888762539,80042.00888762539,0,1
1371590580000,1371590639999,80042.00888762539,80042.00888762539,80042.00888762539,80042.00888762539,0,1
1371590640000,1371590699999,80042.00888762539,80042.00888762539,80042.00888762539,80042.00888762539,0,1
1371590700000,1371590759999,80042.00888762539,80042.00888762539,80042.00888762539,80042.00888762539,0,1
1371590760000,1371590819999,80042.00888762539,80042.00888762539,80042.00888762539,80042.00888762539,0,1
1371590820000,1371590879999,80042.00888762539,80042.00888762539,80042.00888762539,80042.00888762539,0,1
1371590880000,1371590939999,80042.00888762539,80042.00888762539,80042.00888762539,80042.00888762539,0,1
1371590940000,1371590999999,80042.00888762539,80042.00888762539,80042.00888762539,80042.00888762539,0,1
1371591000000,1371591059999,80042.00888762539,80042.00888762539,80042.00888762539,80042.00888762539,0,1
1371591060000,1371591119999,80042.00888762539,80042.00888762539,80042.00888762539,80042.00888762539,0,1
1371591120000,1371591179999,80042.00888762539,80042.00888762539,80042.00888762539,80042.00888762539,0,1
1371591180000,1371591239999,80042.00888762539,80042.00888762539,80042.00888762539,80042.00888762539,0,1
1371591240000,1371591299999,80042.00888762539,80042.00888762539,80042.00888762539,80042.00888762539,0,1
1371591300000,1371591359999,80042.00888762539,80042.00888762539,80042.00888762539,80042.00888762539,0,1
1371591360000,1371591419999,80042.00888762539,80042.00888762539,80042.00888762539,80042.00888762539,0,1
1371591420000,1371591479999,80042.00888762539,80042.00888762539,80042.00888762539,80042.00888762539,0,1
1371591480000,1371591539999,80042.00888762539,80042.00888762539,80042.00888762539,80042.00888762539,0,1
1371591540000,1371591599999,80042.00888762539,80042.00888762539,80042.00888762539,80042.00888762539,0,1
1371591600000,1371591659999,80042.00888762539,80042.00888762539,80042.00888762539,80042.00888762539,0,1
1371591660000,1371591719999,80042.00888762539,80042.00888762539,80042.00888762539,80042.00888762539,0,1
1371591720000,1371591779999,80042.00888762539,80042.00888762539,80042.00888762539,80042.00888762539,0,1
1371591780000,1371591839999,80042.00888762539,80042.00888762539,80042.00888762539,80042.00888762539,0,1
1371591840000,1371591899999,80042.00888762539,80042.00888762539,80042.00888762539,80042.00888762539,0,1
1371591900000,1371591959999,80042.00888762539,80042.00888762539,80042.00888762539,80042.00888762539,0,1
1371591960000,1371592019999,80042.00888762539,80042.00888762539,80042.00888762539,80042.00888762539,0,1
1371592020000,1371592079999,80042.00888762539,80042.00888762539,80042.00888762539,80042.00888762539,0,1
1371592080000,1371592139999,80042.00888762539,80042.00888762539,80042.00888762539,80042.00888762539,0,1
1371592140000,1371592199999,80042.00888762539,80042.00888762539,80042.00888762539,80042.00888762539,0,1
1371592200000,1371592259999,80042.00888762539,80042.00888762539,80042.00888762539,80042.00888762539,0,1
1371592260000,1371592319999,80042.00888762539,80042.00888762539,80042.00888762539,80042.00888762539,0,1
1371592320000,1371592379999,80042.00888762539,80042.00888762539,80042.00888762539,80042.00888762539,0,1
1371592380000,1371592439999,80042.00888762539,80042.00888762539,80042.00888762539,80042.00888762539,0,1
1371592440000,1371592499999,80042.00888762539,80042.00888762539,80042.00888762539,80042.00888762539,0,1
1371592500000,1371592559999,80042.00888762539,80042.00888762539,80042.00888762539,80042.00888762539,0,1
1371592560000,1371592619999,80042.00888762539,80042.00888762539,80042.00888762539,80042.00888762539,0,1
1371592620000,1371592679999,80042.00888762539,80042.00888762539,80042.00888762539,80042.00888762539,0,1
1371592680000,1371592739999,80042.00888762539,80042.00888762539,80042.00888762539,80042.00888762539,0,1
1371592740000,1371592799999,80042.00888762539,80042.00888762539,80042.00888762539,80042.00888762539,0,1
1371592800000,1371592859999,80050.42356612525,80053.2302230265,80050.09646091949,80052.85982948334,0,1
1371592860000,1371592919999,80052.94992647273,80053.53053204452,80052.07895490342,80052.48608515578,0,1
1371592920000,1371592979999,80053.0633807862,80053.92425687163,80053.0633807862,80053.92425687163,0,1
1371592980000,1371593039999,80054.13779605673,80054.13779605673,80051.48491545502,80052.499433408,0,1
1371593040000,1371593099999,80051.81197524758,80052.31255625538,80051.68182008094,80051.68182008094,0,1
1371593100000,1371593159999,80052.35260165352,80052.35260165352,80052.01554788055,80052.01554788055,0,1
1371593160000,1371593219999,80052.33591609044,80052.33591609044,80052.05559446807,80052.05559446807,0,1
1371593220000,1371593279999,80052.12233842425,80052.12233842425,80050.71394647512,80050.71394647512,0,1
1371593280000,1371593339999,80050.3334463711,80053.64397977099,80050.3334463711,80052.30921913162,0,1
1371593340000,1371593399999,80051.83867353392,80052.06560608989,80051.70184406298,80052.06560608989,0,1
1371593400000,1371593459999,80051.3380688033,80052.31923049953,80051.3380688033,80052.31923049953,0,1
1371593460000,1371593519999,80052.22912782754,80052.22912782754,80052.22912782754,80052.22912782754,0,1
1371593520000,1371593579999,80052.22912782754,80052.22912782754,80052.22912782754,80052.22912782754,0,1
1371593580000,1371593639999,80052.02555954247,80052.02555954247,80050.79071228483,80050.79071228483,0,1
1371593640000,1371593699999,80050.79071228483,80050.79071228483,80050.79071228483,80050.79071228483,0,1
1371593700000,1371593759999,80051.46489103857,80051.46489103857,80051.01433106753,80051.01433106753,0,1
1371593760000,1371593819999,80051.3380688033,80051.3380688033,80050.11982593189,80050.86747750525,0,1
1371593820000,1371593879999,80050.91754146194,80050.91754146194,80050.91754146194,80050.91754146194,0,1
1371593880000,1371593939999,80050.91754146194,80050.91754146194,80050.91754146194,80050.91754146194,0,1
1371593940000,1371593999999,80050.91754146194,80050.91754146194,80050.91754146194,80050.91754146194,0,1
1371594000000,1371594059999,80050.91754146194,80050.91754146194,80050.91754146194,80050.91754146194,0,1
1371594060000,1371594119999,80050.45026811864,80050.45026811864,80050.45026811864,80050.45026811864,0,1
1371594120000,1371594179999,80050.45026811864,80050.45026811864,80050.45026811864,80050.45026811864,0,1
1371594180000,1371594239999,80050.67389451437,80050.67389451437,80046.76471886833,80046.76471886833,0,1
1371594240000,1371594299999,80046.97841099075,80046.97841099075,80046.97841099075,80046.97841099075,0,1
1371594300000,1371594359999,80046.7012781404,80048.43406706852,80046.7012781404,80048.25045240691,0,1
1371594360000,1371594419999,80048.3439293832,80048.78793308821,80048.3439293832,80048.44408231674,0,1
1371594420000,1371594479999,80047.47255653473,80048.2537908854,80047.47255653473,80048.2537908854,0,1
1371594480000,1371594539999,80048.49415840737,80048.49415840737,80048.49415840737,80048.49415840737,0,1
1371594540000,1371594599999,80048.35060627664,80048.35060627664,80048.35060627664,80048.35060627664,0,1
1371594600000,1371594659999,80048.18034410129,80048.62769342308,80048.18034410129,80048.59764820001,0,1
1371594660000,1371594719999,80048.84468402056,80049.21188815171,80048.84468402056,80049.21188815171,0,1
1371594720000,1371594779999,80049.02494955168,80049.02494955168,80048.67109191926,80048.67109191926,0,1
1371594780000,1371594839999,80048.92814068893,80049.01159666081,80048.70113692165,80048.83466917354,0,1
1371594840000,1371594899999,80048.67109191926,80048.84802230066,80048.1068967777,80048.1068967777,0,1
1371594900000,1371594959999,80048.69446026227,80048.69446026227,80048.69446026227,80048.69446026227,0,1
1371594960000,1371595019999,80048.3339140347,80048.88140504045,80048.3339140347,80048.44742073058,0,1
1371595020000,1371595079999,80048.30720638958,80048.30720638958,80047.35569999568,80047.65284680207,0,1
1371595080000,1371595139999,80047.85984273028,80048.48748160976,80047.63949207893,80048.48748160976,0,1
1371595140000,1371595199999,80048.48748160976,80048.48748160976,80048.48748160976,80048.48748160976,0,1
1371595200000,1371595259999,80048.48748160976,80048.48748160976,80048.48748160976,80048.48748160976,0,1
1371595260000,1371595319999,80048.1636515751,80048.9348171923,80048.1636515751,80048.9348171923,0,1
1371595320000,1371595379999,80048.45743596542,80048.45743596542,80048.45743596542,80048.45743596542,0,1
1371595380000,1371595439999,80048.93147894117,80048.93147894117,80048.93147894117,80048.93147894117,0,1
1371595440000,1371595499999,80048.93147894117,80048.93147894117,80048.93147894117,80048.93147894117,0,1
1371595500000,1371595559999,80048.93147894117,80048.93147894117,80048.93147894117,80048.93147894117,0,1
1371595560000,1371595619999,80048.53088071445,80048.53088071445,80048.45409755493,80048.45409755493,0,1
1371595620000,1371595679999,80048.45409755493,80048.45409755493,80048.45409755493,80048.45409755493,0,1
1371595680000,1371595739999,80048.46745119023,80048.46745119023,80048.46745119023,80048.46745119023,0,1
1371595740000,1371595799999,80047.59608910551,80047.59608910551,80047.59608910551,80047.59608910551,0,1
1371595800000,1371595859999,80047.69624952914,80047.8498268969,80047.69624952914,80047.76636122874,0,1
1371595860000,1371595919999,80047.5627020747,80047.5627020747,80047.5627020747,80047.5627020747,0,1
1371595920000,1371595979999,80047.5627020747,80047.5627020747,80047.5627020747,80047.5627020747,0,1
1371595980000,1371596039999,80047.18875971388,80047.18875971388,80047.18875971388,80047.18875971388,0,1
1371596040000,1371596099999,80048.15029753411,80048.15029753411,80047.47255653473,80047.47255653473,0,1
1371596100000,1371596159999,80048.0701729136,80048.30386792895,80047.59275040745,80047.82979520009,0,1
1371596160000,1371596219999,80048.52420394137,80048.52420394137,80048.13026643916,80048.13026643916,0,1
1371596220000,1371596279999,80048.32389867614,80048.32389867614,80048.07351145228,80048.07351145228,0,1
1371596280000,1371596339999,80048.22374453893,80048.22374453893,80048.22374453893,80048.22374453893,0,1
1371596340000,1371596399999,80048.22374453893,80048.22374453893,80048.22374453893,80048.22374453893,0,1
1371596400000,1371596459999,80048.38065224198,80048.38065224198,80048.38065224198,80048.38065224198,0,1
1371596460000,1371596519999,80048.40402126369,80048.40402126369,80048.40402126369,80048.40402126369,0,1
1371596520000,1371596579999,80048.03344891465,80048.8680519579,80048.03344891465,80048.8680519579,0,1
1371596580000,1371596639999,80048.80128627774,80048.86137540995,80048.80128627774,80048.86137540995,0,1
1371596640000,1371596699999,80048.3372524853,80048.3372524853,80048.3372524853,80048.3372524853,0,1
1371596700000,1371596759999,80048.3372524853,80048.3372524853,80048.3372524853,80048.3372524853,0,1
1371596760000,1371596819999,80048.3372524853,80048.3372524853,80048.3372524853,80048.3372524853,0,1
1371596820000,1371596879999,80048.3372524853,80048.3372524853,80048.3372524853,80048.3372524853,0,1
1371596880000,1371596939999,80048.3372524853,80048.3372524853,80048.3372524853,80048.3372524853,0,1
1371596940000,1371596999999,80048.3372524853,80048.3372524853,80048.3372524853,80048.3372524853,0,1
1371597000000,1371597059999,80048.24377544661,80049.01493488521,80048.24377544661,80049.01493488521,0,1
1371597060000,1371597119999,80049.25194596848,80050.66388149912,80049.25194596848,80050.19993413135,0,1
1371597120000,1371597179999,80050.02302766798,80050.35681082978,80049.05499349095,80050.35681082978,0,1
1371597180000,1371597239999,80050.35681082978,80050.35681082978,80050.35681082978,80050.35681082978,0,1
1371597240000,1371597299999,80050.35681082978,80050.35681082978,80050.35681082978,80050.35681082978,0,1
1371597300000,1371597359999,80050.7673488399,80050.7673488399,80050.7673488399,80050.7673488399,0,1
1371597360000,1371597419999,80050.03637920837,80050.47697004075,80050.03637920837,80050.47697004075,0,1
1371597420000,1371597479999,80050.39352629743,80050.39352629743,80050.39352629743,80050.39352629743,0,1
1371597480000,1371597539999,80050.38017523388,80050.38017523388,80050.38017523388,80050.38017523388,0,1
1371597540000,1371597599999,80050.43357938112,80051.4949276482,80050.43357938112,80051.4949276482,0,1
1371597600000,1371597659999,80051.11445725993,80051.11445725993,80050.52036051209,80050.52036051209,0,1
1371597660000,1371597719999,80051.12113230377,80051.12113230377,80050.79738754478,80050.79738754478,0,1
1371597720000,1371597779999,80050.79738754478,80050.79738754478,80050.79738754478,80050.79738754478,0,1
1371597780000,1371597839999,80050.79738754478,80050.79738754478,80050.79738754478,80050.79738754478,0,1
1371597840000,1371597899999,80050.27670388701,80051.21791993885,80050.27670388701,80050.97094273951,0,1
1371597900000,1371597959999,80050.97094273951,80050.97094273951,80050.97094273951,80050.97094273951,0,1
1371597960000,1371598019999,80050.97094273951,80050.97094273951,80050.97094273951,80050.97094273951,0,1
1371598020000,1371598079999,80050.61715396206,80050.61715396206,80050.61715396206,80050.61715396206,0,1
1371598080000,1371598139999,80050.41355285933,80050.41355285933,80050.41355285933,80050.41355285933,0,1
1371598140000,1371598199999,80050.16321795294,80050.46028134778,80050.16321795294,80050.41021510179,0,1
1371598200000,1371598259999,80050.44693037336,80050.44693037336,80050.44693037336,80050.44693037336,0,1
1371598260000,1371598319999,80049.39882325719,80049.82609037665,80049.39882325719,80049.82609037665,0,1
1371598320000,1371598379999,80049.82609037665,80049.82609037665,80049.82609037665,80049.82609037665,0,1
1371598380000,1371598439999,80049.82609037665,80049.82609037665,80049.82609037665,80049.82609037665,0,1
1371598440000,1371598499999,80049.43220415831,80049.4355422423,80049.43220415831,80049.4355422423,0,1
1371598500000,1371598559999,80049.4355422423,80049.4355422423,80049.4355422423,80049.4355422423,0,1
1371598560000,1371598619999,80049.4355422423,80049.4355422423,80049.4355422423,80049.4355422423,0,1
1371598620000,1371598679999,80049.4355422423,80049.4355422423,80049.4355422423,80049.4355422423,0,1
1371598680000,1371598739999,80048.85469885753,80048.91144941098,80048.46411278308,80048.46411278308,0,1
1371598740000,1371598799999,80048.44742073058,80048.44742073058,80047.53933108682,80047.53933108682,0,1
1371598800000,1371598859999,80047.64950812297,80047.64950812297,80045.70954707303,80045.70954707303,0,1
1371598860000,1371598919999,80045.47913082608,80045.47913082608,80045.47913082608,80045.47913082608,0,1
1371598920000,1371598979999,80045.5926699301,80045.5926699301,80045.5926699301,80045.5926699301,0,1
1371598980000,1371599039999,80045.98002893648,80046.5977687203,80044.99490546882,80045.46911260794,0,1
1371599040000,1371599099999,80045.62940289364,80045.97001122015,80045.32885650029,80045.32885650029,0,1
1371599100000,1371599159999,80045.47913082608,80046.65787109468,80045.47913082608,80046.65787109468,0,1
1371599160000,1371599219999,80047.05186660319,80047.18875971388,80046.08354475095,80046.08354475095,0,1
1371599220000,1371599279999,80046.08354475095,80046.08354475095,80046.08354475095,80046.08354475095,0,1
1371599280000,1371599339999,80045.45241555542,80045.45241555542,80045.45241555542,80045.45241555542,0,1
1371599340000,1371599399999,80045.54257930782,80045.54257930782,80045.17857991623,80045.17857991623,0,1
1371599400000,1371599459999,80045.53256115326,80045.72624369622,80045.39230593551,80045.39230593551,0,1
1371599460000,1371599519999,80044.88469918103,80044.88469918103,80044.88469918103,80044.88469918103,0,1
1371599520000,1371599579999,80045.06503611052,80045.06503611052,80045.06503611052,80045.06503611052,0,1
1371599580000,1371599639999,80045.32551704517,80045.94329726088,80045.29880136413,80045.94329726088,0,1
1371599640000,1371599699999,80046.46420659505,80046.80144752684,80045.08173380987,80045.08173380987,0,1
1371599700000,1371599759999,80045.42903963506,80045.42903963506,80044.23345541375,80044.23345541375,0,1
1371599760000,1371599819999,80044.11322115733,80044.91809515408,80044.06980287613,80044.91809515408,0,1
1371599820000,1371599879999,80045.20529591844,80045.20529591844,80044.54739360133,80044.55073331631,0,1
1371599880000,1371599939999,80044.14327985696,80045.03831973359,80044.14327985696,80045.03831973359,0,1
1371599940000,1371599999999,80045.98336817302,80045.99004664278,80044.89137838455,80045.56929433759,0,1
1371600000000,1371600059999,80046.61446386053,80047.27890781219,80045.43905789334,80045.43905789334,0,1
1371600060000,1371600119999,80045.1051105421,80045.1051105421,80044.80454839068,80044.80454839068,0,1
1371600120000,1371600179999,80044.83126539217,80045.34889320754,80044.01636473277,80045.09509194926,0,1
1371600180000,1371600239999,80044.73775557465,80045.12514769766,80044.64424488269,80044.64424488269,0,1
1371600240000,1371600299999,80045.10845007081,80045.29546189899,80044.47057984913,80044.47057984913,0,1
1371600300000,1371600359999,80044.79786912914,80045.65277834565,80044.72439695788,80045.65277834565,0,1
1371600360000,1371600419999,80045.55259745235,80045.90322618814,80045.09509194926,80045.09509194926,0,1
1371600420000,1371600479999,80044.74443487631,80045.32217758894,80044.72439695788,80044.72439695788,0,1
1371600480000,1371600539999,80044.73775557465,80045.27208561174,80044.34700866186,80044.34700866186,0,1
1371600540000,1371600599999,80045.27208561174,80045.85981567817,80044.89471798464,80045.52922176616,0,1
1371600600000,1371600659999,80045.43571847503,80047.00846107923,80044.73107626851,80047.00846107923,0,1
1371600660000,1371600719999,80046.61780288524,80047.27556900821,80044.79118986316,80045.64609965065,0,1
1371600720000,1371600779999,80044.74443487631,80045.30881975289,80044.74443487631,80045.28544349686,0,1
1371600780000,1371600839999,80045.17524041093,80045.606027387,80044.7210573009,80045.606027387,0,1
1371600840000,1371600899999,80045.20529591844,80045.20529591844,80043.7291298197,80044.7110383233,0,1
1371600900000,1371600959999,80045.26540666247,80045.81306568744,80044.46724010739,80044.46724010739,0,1
1371600960000,1371601019999,80044.49729774291,80045.54925807194,80044.49729774291,80045.06169656731,0,1
1371601020000,1371601079999,80045.27876455653,80045.38228763039,80045.27876455653,80045.38228763039,0,1
1371601080000,1371601139999,80045.14852432841,80045.22199338359,80044.46390036454,80044.78785022849,0,1
1371601140000,1371601199999,80044.66428296172,80045.29212243271,80044.66428296172,80044.90807637387,0,1
1371601200000,1371601259999,80045.16522188835,80045.18859842543,80044.90807637387,80045.18859842543,0,1
1371601260000,1371601319999,80045.52922176616,80046.54100503505,80045.29212243271,80045.29212243271,0,1
1371601320000,1371601379999,80045.18859842543,80045.18859842543,80044.87801997304,80045.01828240404,0,1
1371601380000,1371601439999,80045.31215921357,80045.31215921357,80042.75714583763,80043.83266893703,0,1
1371601440000,1371601499999,80044.75445382047,80044.75445382047,80044.39710527318,80044.50731693467,0,1
1371601500000,1371601559999,80043.43186639668,80044.63756551409,80043.43186639668,80044.56075245453,0,1
1371601560000,1371601619999,80044.80788801976,80044.87801997304,80044.76781239707,80044.81790690034,0,1
1371601620000,1371601679999,80043.90614766025,80043.97294603103,80043.4084857526,80043.4084857526,0,1
1371601680000,1371601739999,80044.34700866186,80044.34700866186,80044.34700866186,80044.34700866186,0,1
1371601740000,1371601799999,80044.49061827616,80044.49061827616,80043.3917852591,80043.93954690143,0,1
1371601800000,1371601859999,80043.55544889293,80043.782569498,80043.3550440752,80043.62892965316,0,1
1371601860000,1371601919999,80043.75250971409,80043.75250971409,80043.02770756888,80043.02770756888,0,1
1371601920000,1371601979999,80042.21265991822,80043.62892965316,80042.21265991822,80043.06779016575,0,1
1371601980000,1371602039999,80043.16799595505,80044.98488676558,80043.16799595505,80043.93954690143,0,1
1371602040000,1371602099999,80043.38510505388,80045.81640497973,80043.38510505388,80045.81640497973,0,1
1371602100000,1371602159999,80045.72624369622,80047.30561820375,80045.72624369622,80047.30561820375,0,1
1371602160000,1371602219999,80047.20879269484,80047.20879269484,80046.12695428974,80046.85487078934,0,1
1371602220000,1371602279999,80046.98842769694,80046.98842769694,80045.91658323022,80045.91658323022,0,1
1371602280000,1371602339999,80045.91658323022,80045.91658323022,80045.91658323022,80045.91658323022,0,1
1371602340000,1371602399999,80045.66947506362,80045.66947506362,80044.01636473277,80044.11990087616,0,1
1371602400000,1371602459999,80043.8159691519,80044.5974892088,80043.8159691519,80043.95958639258,0,1
1371602460000,1371602519999,80044.21675629792,80045.23535133564,80043.43520648422,80045.10845007081,0,1
1371602520000,1371602579999,80044.44720163352,80045.51252481402,80044.44720163352,80045.40566366006,0,1
1371602580000,1371602639999,80045.62272418305,80046.65787109468,80045.62272418305,80046.65787109468,0,1
1371602640000,1371602699999,80046.02343892462,80046.34399915709,80046.02343892462,80046.34399915709,0,1
1371602700000,1371602759999,80047.40912029725,80047.40912029725,80045.70286841594,80046.27721662272,0,1
1371602760000,1371602819999,80046.34399915709,80046.34399915709,80046.01008202526,80046.22045111784,0,1
1371602820000,1371602879999,80046.13697184883,80046.13697184883,80045.75295823533,80045.75295823533,0,1
1371602880000,1371602939999,80045.82308356099,80045.82308356099,80045.82308356099,80045.82308356099,0,1
1371602940000,1371602999999,80046.21711196046,80046.59442968892,80046.11359752863,80046.29725142985,0,1
1371603000000,1371603059999,80046.430815785,80046.430815785,80046.00674279765,80046.09022315378,0,1
1371603060000,1371603119999,80046.19373782758,80046.5376659847,80046.0501526698,80046.5376659847,0,1
1371603120000,1371603179999,80045.47245201509,80046.04013502374,80045.27208561174,80045.46243379026,0,1
1371603180000,1371603239999,80044.34032909472,80044.34032909472,80043.81930911116,80043.81930911116,0,1
1371603240000,1371603299999,80044.94147226884,80044.94147226884,80044.08650223736,80044.78785022849,0,1
1371603300000,1371603359999,80044.41380408785,80044.76447275458,80043.72578983032,80043.72578983032,0,1
1371603360000,1371603419999,80044.9915659022,80044.9915659022,80044.57077158272,80044.57077158272,0,1
1371603420000,1371603479999,80044.3670473365,80044.3670473365,80044.3670473365,80044.3670473365,0,1
1371603480000,1371603539999,80044.3670473365,80044.3670473365,80044.3670473365,80044.3670473365,0,1
1371603540000,1371603599999,80044.47391958976,80044.86466154367,80044.47391958976,80044.71437798363,0,1
1371603600000,1371603659999,80043.0611097441,80043.0611097441,80041.99218479432,80042.27278865382,0,1
1371603660000,1371603719999,80042.07903921127,80043.23145910226,80041.81179244095,80041.81179244095,0,1
1371603720000,1371603779999,80041.71825438397,80041.71825438397,80039.35612843961,80040.44204063447,0,1
1371603780000,1371603839999,80041.57460495007,80041.57460495007,80040.13131472694,80040.13799710611,0,1
1371603840000,1371603899999,80040.32510190987,80041.63807821019,80040.32510190987,80040.61911667144,0,1
1371603900000,1371603959999,80040.40528861123,80041.63139683337,80040.40528861123,80041.13362170434,0,1
1371603960000,1371604019999,80041.46102021585,80042.11912561083,80041.05344084305,80041.54453852832,0,1
1371604020000,1371604079999,80040.47879252266,80041.0300546374,80040.47879252266,80041.0300546374,0,1
1371604080000,1371604139999,80041.61469337175,80041.87860480309,80041.16034851524,80041.16034851524,0,1
1371604140000,1371604199999,80041.34409340653,80042.18927642338,80041.34409340653,80041.92203259912,0,1
1371604200000,1371604259999,80041.78840800872,80041.78840800872,80041.78840800872,80041.78840800872,0,1
1371604260000,1371604319999,80041.97548193533,80041.97548193533,80040.38190088977,80041.39754583186,0,1
1371604320000,1371604379999,80041.47772393415,80041.86858297723,80041.47772393415,80041.47772393415,0,1
1371604380000,1371604439999,80041.36079732011,80042.31621473805,80041.36079732011,80042.02224987016,0,1
1371604440000,1371604499999,80042.50995958546,80042.63689382949,80042.50995958546,80042.63689382949,0,1
1371604500000,1371604559999,80042.31287427671,80042.31287427671,80040.7226879944,80041.49776835927,0,1
1371604560000,1371604619999,80040.55897799163,80040.55897799163,80040.55897799163,80040.55897799163,0,1
1371604620000,1371604679999,80040.74273393302,80042.14584978792,80040.74273393302,80042.14584978792,0,1
1371604680000,1371604739999,80041.72493570276,80042.38636416802,80041.72493570276,80042.38636416802,0,1
1371604740000,1371604799999,80042.60683060151,80042.60683060151,80042.60683060151,80042.60683060151,0,1
1371604800000,1371604859999,80042.58678839932,80042.58678839932,80042.1324877083,80042.42310891116,0,1
1371604860000,1371604919999,80042.48323638139,80042.48323638139,80042.04897430615,80042.09240136232,0,1
1371604920000,1371604979999,80042.15253082105,80042.64691488541,80042.07569867071,80042.48323638139,0,1
1371604980000,1371605039999,80042.45985351925,80042.45985351925,80041.39420506364,80041.79842991494,0,1
1371605040000,1371605099999,80041.8986484247,80042.01890931065,80041.79174864525,80042.01890931065,0,1
1371605100000,1371605159999,80042.4431514414,80042.4431514414,80041.13696255961,80041.13696255961,0,1
1371605160000,1371605219999,80041.86190175441,80041.86190175441,80041.28061828033,80041.50110909287,0,1
1371605220000,1371605279999,80041.29064069547,80041.29064069547,80041.09353135407,80041.09353135407,0,1
1371605280000,1371605339999,80041.15700766779,80041.90867022044,80041.15700766779,80041.90867022044,0,1
1371605340000,1371605399999,80041.40088659895,80042.39972590841,80040.92648649783,80042.39972590841,0,1
1371605400000,1371605459999,80042.55672502071,80042.55672502071,80042.09240136232,80042.15921184969,0,1
1371605460000,1371605519999,80042.02224987016,80042.4999383923,80041.36413809951,80041.36413809951,0,1
1371605520000,1371605579999,80040.26162031527,80042.06233649737,80040.26162031527,80041.9520978859,0,1
1371605580000,1371605639999,80042.26276722302,80042.26276722302,80041.71825438397,80041.97214136018,0,1
1371605640000,1371605699999,80041.78172673234,80041.78172673234,80041.42427193739,80041.76168287637,0,1
1371605700000,1371605759999,80041.54453852832,80041.54453852832,80041.16703020681,80041.41759041768,0,1
1371605760000,1371605819999,80040.3351252827,80041.86190175441,80040.3351252827,80041.21380192276,0,1
1371605820000,1371605879999,80041.50444982538,80041.93205437141,80041.50444982538,80041.5311756452,0,1
1371605880000,1371605939999,80041.84519867781,80042.47321516144,80041.84519867781,80042.42978975903,0,1
1371605940000,1371605999999,80042.192616926,80042.63355347529,80042.15253082105,80042.45985351925,0,1
1371606000000,1371606059999,80042.46319393147,80045.09843148132,80042.03227154203,80043.91282751742,0,1
1371606060000,1371606119999,80044.0230445163,80045.27542508468,80043.13793432369,80043.97962584358,0,1
1371606120000,1371606179999,80043.82598902631,80044.80120876046,80043.82598902631,80044.79786912914,0,1
1371606180000,1371606239999,80044.72439695788,80046.60778580779,80044.72439695788,80046.60778580779,0,1
1371606240000,1371606299999,80046.02009970146,80046.69460014565,80046.02009970146,80046.65787109468,0,1
1371606300000,1371606359999,80046.02009970146,80046.40744215163,80045.43571847503,80045.43571847503,0,1
1371606360000,1371606419999,80044.3670473365,80044.3670473365,80043.41850603535,80043.41850603535,0,1
1371606420000,1371606479999,80043.89946779863,80044.1399400059,80043.3750847377,80043.3750847377,0,1
1371606480000,1371606539999,80043.40180555856,80043.40180555856,80042.77384739104,80042.77384739104,0,1
1371606540000,1371606599999,80044.1800181449,80044.1800181449,80043.95290656666,80043.95290656666,0,1
1371606600000,1371606659999,80043.82598902631,80044.3169505746,80043.36506441145,80043.36506441145,0,1
1371606660000,1371606719999,80043.42184612736,80043.76586962919,80043.03772823316,80043.5120281899,0,1
1371606720000,1371606779999,80043.61556955508,80043.61556955508,80042.08906082623,80043.38510505388,0,1
1371606780000,1371606839999,80041.70155106745,80043.14795487751,80041.70155106745,80042.97760409687,0,1
1371606840000,1371606899999,80043.77588955383,80044.25349431593,80043.32498300612,80044.25349431593,0,1
1371606900000,1371606959999,80043.77588955383,80043.77588955383,80043.77588955383,80043.77588955383,0,1
1371606960000,1371607019999,80043.84268879471,80043.84268879471,80043.84268879471,80043.84268879471,0,1
1371607020000,1371607079999,80044.31361078157,80044.31361078157,80043.34502372888,80043.7291298197,0,1
1371607080000,1371607139999,80043.42852630801,80044.08984210626,80043.42852630801,80044.08984210626,0,1
1371607140000,1371607199999,80043.61222952779,80045.1318267406,80043.61222952779,80043.74582974984,0,1
1371607200000,1371607259999,80043.41516594222,80043.94622673628,80043.41516594222,80043.45190690523,0,1
1371607260000,1371607319999,80043.57882919339,80043.57882919339,80042.6669569671,80043.02770756888,0,1
1371607320000,1371607379999,80044.2301155928,80044.2301155928,80043.7859094684,80043.7859094684,0,1
1371607380000,1371607439999,80043.53540859188,80044.2134164714,80043.53540859188,80044.2134164714,0,1
1371607440000,1371607499999,80043.90280773,80044.21675629792,80043.58216923186,80043.79258940586,0,1
1371607500000,1371607559999,80043.96626621403,80043.96626621403,80042.48323638139,80042.54670387441,0,1
1371607560000,1371607619999,80043.10453240508,80043.10453240508,80041.99552536276,80042.31621473805,0,1
1371607620000,1371607679999,80042.28615054599,80043.00098574838,80042.05899595124,80042.29283148536,0,1
1371607680000,1371607739999,80041.99886593009,80042.92750037381,80041.86190175441,80041.86190175441,0,1
1371607740000,1371607799999,80041.67816637743,80041.67816637743,80041.01000927476,80041.15366681923,0,1
1371607800000,1371607859999,80041.07014524218,80041.64141889694,80040.41197080733,80041.13028084797,0,1
1371607860000,1371607919999,80041.10021309026,80041.35077497532,80041.10021309026,80041.35077497532,0,1
1371607920000,1371607979999,80040.65586790883,80041.24721015735,80040.5623190389,80041.24721015735,0,1
1371607980000,1371608039999,80041.6714850274,80041.6714850274,80041.15700766779,80041.15700766779,0,1
1371608040000,1371608099999,80041.49442762454,80041.49442762454,80041.49442762454,80041.49442762454,0,1
1371608100000,1371608159999,80041.47438319272,80041.47438319272,80040.99664567733,80040.99664567733,0,1
1371608160000,1371608219999,80041.26391423278,80041.76502352182,80041.26391423278,80041.76502352182,0,1
1371608220000,1371608279999,80041.76502352182,80041.76502352182,80041.76502352182,80041.76502352182,0,1
1371608280000,1371608339999,80041.35411575802,80041.35411575802,80041.35411575802,80041.35411575802,0,1
1371608340000,1371608399999,80041.16368936158,80041.56792353083,80041.16368936158,80041.27393666467,0,1
1371608400000,1371608459999,80041.3708196549,80041.3708196549,80038.84821518441,80038.84821518441,0,1
1371608460000,1371608519999,80038.80811567078,80038.98856221582,80038.80811567078,80038.98856221582,0,1
1371608520000,1371608579999,80038.99858692841,80038.99858692841,80038.99524535867,80038.99524535867,0,1
1371608580000,1371608639999,80038.4104534567,80038.5407814706,80037.98269829566,80038.09632254497,0,1
1371608640000,1371608699999,80038.33025075775,80038.34695970641,80037.6718959594,80038.34695970641,0,1
1371608700000,1371608759999,80038.04619435883,80038.3569850622,80038.04619435883,80038.25004741554,0,1
1371608760000,1371608819999,80038.3402761303,80038.37369396619,80038.01611732654,80038.37369396619,0,1
1371608820000,1371608879999,80037.7320520042,80037.7320520042,80037.7320520042,80037.7320520042,0,1
1371608880000,1371608939999,80037.75878790794,80038.19657816336,80037.38113664143,80038.07292942269,0,1
1371608940000,1371608999999,80037.70197402703,80038.58422376444,80036.56897100131,80037.6718959594,0,1
1371609000000,1371609059999,80037.65184386406,80038.71120784899,80035.46926713474,80035.46926713474,0,1
1371609060000,1371609119999,80035.74002611732,80036.70600768988,80034.99792845425,80036.70600768988,0,1
1371609120000,1371609179999,80036.91657260046,80037.26081996795,80036.69932301692,80036.69932301692,0,1
1371609180000,1371609239999,80037.26081996795,80037.45466278483,80037.02018227805,80037.3243206149,0,1
1371609240000,1371609299999,80037.06028896185,80037.89915022989,80037.06028896185,80037.89915022989,0,1
1371609300000,1371609359999,80038.24670559565,80038.24670559565,80037.12713307735,80037.12713307735,0,1
1371609360000,1371609419999,80036.36508367212,80036.36508367212,80033.74091668382,80035.5294364311,0,1
1371609420000,1371609479999,80034.81740988458,80036.59905238649,80034.75723630383,80035.39906916476,0,1
1371609480000,1371609539999,80035.7734526438,80035.84699060878,80035.01130007052,80035.42246854283,0,1
1371609540000,1371609599999,80035.57289180884,80035.91384283494,80034.71043437962,80035.10490088377,0,1
1371609600000,1371609659999,80035.54615006025,80035.95395395612,80035.09152939265,80035.31884230996,0,1
1371609660000,1371609719999,80035.4191257779,80035.92387063031,80035.28875707347,80035.92387063031,0,1
1371609720000,1371609779999,80035.81356432811,80037.06363117823,80035.81356432811,80037.06363117823,0,1
1371609780000,1371609839999,80037.26750426556,80037.26750426556,80034.68034731265,80034.68034731265,0,1
1371609840000,1371609899999,80034.42293203947,80035.54280733666,80034.42293203947,80035.00795716813,0,1
1371609900000,1371609959999,80035.62637509148,80035.62637509148,80033.6238995704,80033.6238995704,0,1
1371609960000,1371610019999,80033.05216769912,80034.2958934886,80032.0256430709,80033.5235980976,0,1
1371610020000,1371610079999,80034.75055032807,80034.96115641731,80033.73423002851,80034.47307839159,0,1
1371610080000,1371610139999,80034.59677165169,80034.59677165169,80034.59677165169,80034.59677165169,0,1
1371610140000,1371610199999,80034.87758310321,80034.92772717548,80034.65026015518,80034.79066611562,0,1
1371610200000,1371610259999,80034.49313686202,80034.60345773026,80034.49313686202,80034.60345773026,0,1
1371610260000,1371610319999,80034.7338353691,80037.05694674434,80034.7338353691,80037.05694674434,0,1
1371610320000,1371610379999,80036.96670644947,80037.19063457323,80036.33834404191,80036.59571001484,0,1
1371610380000,1371610439999,80036.06760125907,80036.51549275978,80033.8111262946,80035.01130007052,0,1
1371610440000,1371610499999,80033.86127571481,80035.23527198512,80033.56371880745,80033.56371880745,0,1
1371610500000,1371610559999,80033.7007966849,80033.94151426402,80033.06888546921,80033.43666934074,0,1
1371610560000,1371610619999,80033.33970945119,80033.44001276843,80031.79156732732,80031.79156732732,0,1
1371610620000,1371610679999,80032.50380934679,80032.50380934679,80031.40031420875,80032.01561136568,0,1
1371610680000,1371610739999,80031.6444311983,80032.5439341483,80031.6444311983,80031.83838291439,0,1
1371610740000,1371610799999,80031.72803153719,80032.23965038462,80031.4270670463,80032.23965038462,0,1
1371610800000,1371610859999,80032.28312006059,80032.8548959012,80031.82835102132,80032.74455574088,0,1
1371610860000,1371610919999,80032.06242590389,80035.00795716813,80032.06242590389,80035.00795716813,0,1
1371610920000,1371610979999,80034.63688805612,80035.28207145307,80034.63688805612,80034.88092604918,0,1
1371610980000,1371611039999,80034.61682987404,80036.65253018118,80034.61682987404,80036.10102669061,0,1
1371611040000,1371611099999,80035.338899084,80036.48875353175,80035.09487226712,80035.83696273631,0,1
1371611100000,1371611159999,80036.58234051701,80036.58234051701,80033.78437983434,80033.78437983434,0,1
1371611160000,1371611219999,80034.54662591984,80035.52275097158,80034.54662591984,80034.87758310321,0,1
1371611220000,1371611279999,80035.20184365963,80035.51606550763,80034.3995303224,80034.3995303224,0,1
1371611280000,1371611339999,80034.7271493777,80035.22858632897,80034.48645070968,80035.22858632897,0,1
1371611340000,1371611399999,80035.9372410085,80035.9372410085,80035.20852933367,80035.25198610596,0,1
1371611400000,1371611459999,80035.59629078019,80035.59629078019,80034.64357410787,80035.19181514019,0,1
1371611460000,1371611519999,80034.81406691736,80035.57957723482,80034.81406691736,80035.27538582821,0,1
1371611520000,1371611579999,80035.10155801267,80036.02749059374,80034.70374837254,80034.8708972079,0,1
1371611580000,1371611639999,80034.80069503734,80035.26535738251,80033.44669962047,80034.99458554739,0,1
1371611640000,1371611699999,80035.24864328404,80035.49935182816,80034.65026015518,80034.99124263941,0,1
1371611700000,1371611759999,80035.19515798111,80035.76342469758,80034.72046338182,80035.33221349712,0,1
1371611760000,1371611819999,80035.26535738251,80035.38904084312,80034.64357410787,80035.38904084312,0,1
1371611820000,1371611879999,80035.22858632897,80035.22858632897,80034.6469171321,80034.6469171321,0,1
1371611880000,1371611939999,80035.13164381236,80035.56954909419,80034.67366128549,80035.27538582821,0,1
1371611940000,1371611999999,80035.13164381236,80036.69932301692,80034.67031827022,80036.38513834785,0,1
1371612000000,1371612059999,80037.03355119053,80037.54155662094,80037.03355119053,80037.25079351314,0,1
1371612060000,1371612119999,80037.0803422434,80037.3243206149,80036.03751827516,80036.58902526816,0,1
1371612120000,1371612179999,80036.00075006082,80036.49209593916,80036.00075006082,80036.46535664858,0,1
1371612180000,1371612239999,80036.41187785294,80036.58568289314,80033.82115619877,80033.82115619877,0,1
1371612240000,1371612299999,80033.25946607302,80033.8111262946,80033.14244332565,80033.23606163311,0,1
1371612300000,1371612359999,80033.05551125537,80033.60718272813,80032.83817777336,80032.83817777336,0,1
1371612360000,1371612419999,80033.27284001412,80033.74091668382,80033.27284001412,80033.74091668382,0,1
1371612420000,1371612479999,80033.71417003576,80033.96157380073,80033.61052609883,80033.61052609883,0,1
1371612480000,1371612539999,80033.36980055201,80033.86796228516,80033.36980055201,80033.62055620417,0,1
1371612540000,1371612599999,80033.39654812116,80033.754289981,80033.39654812116,80033.754289981,0,1
1371612600000,1371612659999,80033.58043572238,80034.61682987404,80033.38986123557,80033.41995218546,0,1
1371612660000,1371612719999,80033.78437983434,80034.92438424515,80033.31964866703,80034.79400909065,0,1
1371612720000,1371612779999,80035.03804324941,80035.25532892677,80034.0919598085,80034.0919598085,0,1
1371612780000,1371612839999,80033.73423002851,80033.90808161342,80033.38317434552,80033.65733317111,0,1
1371612840000,1371612899999,80033.59715260935,80035.08818651708,80033.59715260935,80034.99124263941,0,1
1371612900000,1371612959999,80035.43249683098,80035.43249683098,80033.86127571481,80033.93148448058,0,1
1371612960000,1371613019999,80033.94820078071,80034.57002729266,80032.75458671486,80034.57002729266,0,1
1371613020000,1371613079999,80035.04472903296,80035.14167239214,80035.04472903296,80035.14167239214,0,1
1371613080000,1371613139999,80035.16841522238,80035.55617822436,80034.83412470385,80035.17510091877,0,1
1371613140000,1371613199999,80035.59963348591,80035.59963348591,80034.28920720438,80034.28920720438,0,1
1371613200000,1371613259999,80034.3393542271,80035.28541426384,80034.3393542271,80034.67366128549,0,1
1371613260000,1371613319999,80034.80069503734,80035.29878549569,80034.75389331652,80035.22190066833,0,1
1371613320000,1371613379999,80035.15170096185,80035.60966159638,80034.63688805612,80035.20184365963,0,1
1371613380000,1371613439999,80034.82409581564,80034.83746766434,80034.40287342819,80034.40287342819,0,1
1371613440000,1371613499999,80034.72046338182,80034.72046338182,80034.35941296576,80034.35941296576,0,1
1371613500000,1371613559999,80034.87424015612,80034.96449933534,80034.87424015612,80034.90432663969,0,1
1371613560000,1371613619999,80034.66028921773,80035.58291994613,80034.66028921773,80034.79735206456,0,1
1371613620000,1371613679999,80034.89764076228,80035.67985808806,80034.69037634502,80035.13498667341,0,1
1371613680000,1371613739999,80034.77060824196,80035.01464297179,80034.77060824196,80035.01464297179,0,1
1371613740000,1371613799999,80035.27204301409,80035.27204301409,80034.8541824501,80034.8541824501,0,1
1371613800000,1371613859999,80035.17510091877,80035.17510091877,80034.7338353691,80034.7338353691,0,1
1371613860000,1371613919999,80034.94444181037,80035.15504381621,80034.67366128549,80035.15504381621,0,1
1371613920000,1371613979999,80034.91769838113,80035.6230323947,80034.88761193777,80035.21855783633,0,1
1371613980000,1371614039999,80035.22190066833,80035.40241193642,80034.8541824501,80035.40241193642,0,1
1371614040000,1371614099999,80035.10490088377,80035.59963348591,80034.52656755668,80034.52656755668,0,1
1371614100000,1371614159999,80034.59342861072,80034.95781349816,80033.82784279596,80034.94109888563,0,1
1371614160000,1371614219999,80034.83412470385,80035.21855783633,80034.79066611562,80035.21855783633,0,1
1371614220000,1371614279999,80034.84081062373,80035.2954426894,80034.37612855059,80034.37612855059,0,1
1371614280000,1371614339999,80034.72380638032,80034.8708972079,80033.78103652177,80034.76392227513,0,1
1371614340000,1371614399999,80034.83412470385,80034.83412470385,80033.30627478854,80033.59380923418,0,1
1371614400000,1371614459999,80033.03879346291,80033.03879346291,80033.03879346291,80033.03879346291,0,1
1371614460000,1371614519999,80033.40323500228,80033.50353768232,80033.06219836454,80033.31630519907,0,1
1371614520000,1371614579999,80033.29624436796,80034.08527338791,80033.29624436796,80033.49016404977,0,1
1371614580000,1371614639999,80033.58712248052,80033.58712248052,80033.30627478854,80033.30627478854,0,1
1371614640000,1371614699999,80034.08527338791,80034.08527338791,80034.08527338791,80034.08527338791,0,1
1371614700000,1371614759999,80034.02175216941,80035.15170096185,80033.78437983434,80034.72046338182,0,1
1371614760000,1371614819999,80034.36944232002,80034.36944232002,80034.36944232002,80034.36944232002,0,1
1371614820000,1371614879999,80034.36944232002,80034.36944232002,80034.36944232002,80034.36944232002,0,1
1371614880000,1371614939999,80033.94151426402,80034.75723630383,80033.94151426402,80034.75723630383,0,1
1371614940000,1371614999999,80034.75723630383,80034.75723630383,80034.75723630383,80034.75723630383,0,1
1371615000000,1371615059999,80034.71712038219,80035.24864328404,80034.68034731265,80035.24864328404,0,1
1371615060000,1371615119999,80034.69037634502,80034.93107010469,80034.3393542271,80034.93107010469,0,1
1371615120000,1371615179999,80034.91769838113,80035.23527198512,80031.7815353873,80031.7815353873,0,1
1371615180000,1371615239999,80031.88185433467,80032.17611744136,80030.423786653,80031.89523011829,0,1
1371615240000,1371615299999,80031.08930721993,80031.8985740614,80030.31676413647,80031.8985740614,0,1
1371615300000,1371615359999,80030.94550501951,80032.51049682489,80030.90537380382,80032.51049682489,0,1
1371615360000,1371615419999,80033.22937464021,80033.22937464021,80032.07580144597,80032.94182971548,0,1
1371615420000,1371615479999,80033.34305291131,80034.79400909065,80033.33302252761,80033.79440976532,0,1
1371615480000,1371615539999,80034.30257976837,80035.61968969679,80034.30257976837,80035.61968969679,0,1
1371615540000,1371615599999,80035.20184365963,80035.83696273631,80035.20184365963,80035.58291994613,0,1
1371615600000,1371615659999,80035.47929537595,80035.61300429764,80034.30926604365,80034.8708972079,0,1
1371615660000,1371615719999,80034.55665508632,80034.55665508632,80033.73423002851,80033.73423002851,0,1
1371615720000,1371615779999,80034.51653836003,80034.90098370156,80034.36944232002,80034.50650915329,0,1
1371615780000,1371615839999,80034.94109888563,80034.94109888563,80034.94109888563,80034.94109888563,0,1
1371615840000,1371615899999,80033.72754336873,80033.72754336873,80033.72754336873,80033.72754336873,0,1
1371615900000,1371615959999,80033.34305291131,80033.34305291131,80033.34305291131,80033.34305291131,0,1
1371615960000,1371616019999,80033.92145468706,80035.11158662263,80033.29624436796,80033.86127571481,0,1
1371616020000,1371616079999,80034.88092604918,80035.91718543452,80033.91811142034,80034.60680076788,0,1
1371616080000,1371616139999,80034.41958894036,80035.53946461194,80034.04181154515,80035.53946461194,0,1
1371616140000,1371616199999,80036.0508885014,80038.04285247081,80036.0508885014,80037.30426782259,0,1
1371616200000,1371616259999,80037.03355119053,80037.29089927203,80036.82298874314,80037.22739841286,0,1
1371616260000,1371616319999,80036.71937702237,80036.71937702237,80035.97735203584,80035.97735203584,0,1
1371616320000,1371616379999,80036.16787721851,80036.25478223666,80033.91476815248,80034.7839801622,0,1
1371616380000,1371616439999,80033.77100657737,80033.77100657737,80033.04882414173,80033.06888546921,0,1
1371616440000,1371616499999,80032.97860917864,80034.21565778284,80032.97860917864,80033.38317434552,0,1
1371616500000,1371616559999,80033.54365847266,80033.88467869151,80033.10566446507,80033.88467869151,0,1
1371616560000,1371616619999,80033.7977530734,80034.82409581564,80033.72420003716,80034.47976455287,0,1
1371616620000,1371616679999,80033.73423002851,80035.118272357,80033.44335619503,80034.19225558073,0,1
1371616680000,1371616739999,80034.67031827022,80034.87424015612,80033.42663905093,80033.61052609883,0,1
1371616740000,1371616799999,80033.45338646804,80034.94778473397,80033.2862139373,80034.94778473397,0,1
1371616800000,1371616859999,80033.38317434552,80034.9344130328,80033.38317434552,80034.9344130328,0,1
1371616860000,1371616919999,80033.18256556474,80034.65694619798,80033.04548058324,80033.14578685172,0,1
1371616920000,1371616979999,80033.754289981,80034.57337034146,80033.50688108765,80033.52694149624,0,1
1371616980000,1371617039999,80033.49685086828,80034.95781349816,80033.49685086828,80033.67739327787,0,1
1371617040000,1371617099999,80033.49016404977,80033.70748336257,80032.99198349532,80033.33302252761,0,1
1371617100000,1371617159999,80033.4099218789,80033.74760333465,80032.97192201357,80032.97192201357,0,1
1371617160000,1371617219999,80033.89805179644,80033.89805179644,80033.89805179644,80033.89805179644,0,1
1371617220000,1371617279999,80033.2661530458,80033.59715260935,80033.02541920882,80033.28287045818,0,1
1371617280000,1371617339999,80033.18256556474,80033.47679039933,80032.97526559667,80032.97526559667,0,1
1371617340000,1371617399999,80032.99867064698,80033.35308328496,80032.99867064698,80033.35308328496,0,1
1371617400000,1371617459999,80033.26280955998,80033.45672989015,80033.11903861184,80033.18925258894,0,1
1371617460000,1371617519999,80033.07891611787,80033.95488729296,80033.07891611787,80033.90808161342,0,1
1371617520000,1371617579999,80033.55703203366,80033.55703203366,80033.55703203366,80033.55703203366,0,1
1371617580000,1371617639999,80033.20931363471,80033.60383935632,80032.97860917864,80033.30627478854,0,1
1371617640000,1371617699999,80033.3497398282,80033.3497398282,80031.2933021428,80031.84507083749,0,1
1371617700000,1371617759999,80031.61099086708,80032.59074621325,80031.57420637354,80032.01895526855,0,1
1371617760000,1371617819999,80031.98217227568,80032.06911367716,80031.98217227568,80032.04570645111,0,1
1371617820000,1371617879999,80031.96210876798,80032.12261570239,80031.55748610447,80032.12261570239,0,1
1371617880000,1371617939999,80032.07580144597,80032.41018418383,80031.83503895115,80031.83503895115,0,1
1371617940000,1371617999999,80031.91529376016,80033.78437983434,80031.91529376016,80033.31964866703,0,1
1371618000000,1371618059999,80034.39284410748,80034.78732313946,80033.12906921018,80033.12906921018,0,1
1371618060000,1371618119999,80033.24274862153,80035.54615006025,80033.02541920882,80035.04807192307,0,1
1371618120000,1371618179999,80035.40575470694,80036.45198697648,80035.21521500323,80035.60966159638,0,1
1371618180000,1371618239999,80036.20798732074,80037.07700003262,80035.49266634855,80036.66589958516,0,1
1371618240000,1371618299999,80037.12713307735,80037.60839751955,80036.87646534026,80037.27084641269,0,1
1371618300000,1371618359999,80036.98007543341,80038.43384578939,80033.72420003716,80035.88041677773,0,1
1371618360000,1371618419999,80036.4787263028,80036.82633103881,80035.63306048169,80036.66924193336,0,1
1371618420000,1371618479999,80036.59236764205,80036.72606168191,80036.05757360782,80036.38848078989,0,1
1371618480000,1371618539999,80036.375111015,80036.375111015,80035.32552790578,80035.48598086448,0,1
1371618540000,1371618599999,80034.99458554739,80035.78682322311,80034.99458554739,80035.78682322311,0,1
1371618600000,1371618659999,80035.73668345853,80036.41522028603,80034.82075285065,80035.87038893878,0,1
1371618660000,1371618719999,80035.45255337705,80037.19063457323,80035.45255337705,80036.48206871358,0,1
1371618720000,1371618779999,80035.76342469758,80036.96670644947,80035.7600820466,80036.51215036017,0,1
1371618780000,1371618839999,80036.87312306132,80038.42716227136,80036.36174122224,80038.42716227136,0,1
1371618840000,1371618899999,80037.19731891775,80037.19731891775,80036.48541112321,80037.15052841222,0,1
1371618900000,1371618959999,80036.8831498948,80036.8831498948,80036.4219051489,80036.43861728649,0,1
1371618960000,1371619019999,80036.71603469092,80036.71603469092,80036.34502895617,80036.34502895617,0,1
1371619020000,1371619079999,80036.21801482115,80036.21801482115,80036.21801482115,80036.21801482115,0,1
1371619080000,1371619139999,80036.84972707744,80038.39374461412,80036.84972707744,80038.39374461412,0,1
1371619140000,1371619199999,80037.94593723273,80038.53743974787,80037.79554965888,80038.02948490762,0,1
1371619200000,1371619259999,80038.33359254971,80040.62579872464,80038.33359254971,80040.62245769861,0,1
1371619260000,1371619319999,80040.40528861123,80041.70823239742,80039.34944553794,80041.70823239742,0,1
1371619320000,1371619379999,80041.47438319272,80042.29617195339,80040.68259599665,80042.02559042857,0,1
1371619380000,1371619439999,80042.19595742748,80042.57008653348,80041.88194540948,80042.12914718561,0,1
1371619440000,1371619499999,80042.13916875035,80042.20597892527,80039.7771422409,80040.07785553286,0,1
1371619500000,1371619559999,80040.47879252266,80040.82291728562,80040.0578082614,80040.59907048501,0,1
1371619560000,1371619619999,80039.77380093132,80041.97548193533,80039.77380093132,80041.80177054812,0,1
1371619620000,1371619679999,80042.27612912854,80042.59346913784,80040.85966777403,80042.59346913784,0,1
1371619680000,1371619739999,80042.38636416802,80042.38636416802,80041.81847369723,80041.85522052711,0,1
1371619740000,1371619799999,80041.72159504393,80042.06233649737,80041.72159504393,80042.06233649737,0,1
1371619800000,1371619859999,80042.22936238104,80042.22936238104,80042.22936238104,80042.22936238104,0,1
1371619860000,1371619919999,80042.36298107936,80043.5587889392,80042.15587133591,80043.5587889392,0,1
1371619920000,1371619979999,80043.93286706212,80044.94815143445,80043.83934884325,80043.97294603103,0,1
1371619980000,1371620039999,80044.3737268858,80045.14852432841,80044.34032909472,80044.84128424933,0,1
1371620040000,1371620099999,80045.02830107382,80045.07839427223,80044.41046432714,80044.9815471956,0,1
1371620100000,1371620159999,80044.98488676558,80045.09843148132,80043.39512536002,80043.39512536002,0,1
1371620160000,1371620219999,80044.83126539217,80044.95483059561,80043.75584969454,80044.49061827616,0,1
1371620220000,1371620279999,80043.77922952645,80044.80120876046,80043.77922952645,80044.79118986316,0,1
1371620280000,1371620339999,80045.5726337113,80046.63115897289,80045.34889320754,80045.3989848,0,1
1371620340000,1371620399999,80045.19861692458,80045.20863541371,80044.61084799509,80045.00826372422,0,1
1371620400000,1371620459999,80045.14518481308,80045.38896650159,80045.02830107382,80045.02830107382,0,1
1371620460000,1371620519999,80045.02830107382,80045.02830107382,80044.83794463139,80044.83794463139,0,1
1371620520000,1371620579999,80045.06503611052,80045.19193792627,80044.54405388526,80044.54405388526,0,1
1371620580000,1371620639999,80044.47725932927,80045.4457367266,80044.47725932927,80045.32217758894,0,1
1371620640000,1371620699999,80045.32217758894,80045.32217758894,80045.32217758894,80045.32217758894,0,1
1371620700000,1371620759999,80045.91324397139,80045.91324397139,80044.75445382047,80045.55593683163,0,1
1371620760000,1371620819999,80045.21197490786,80045.42236079063,80045.21197490786,80045.42236079063,0,1
1371620820000,1371620879999,80044.89471798464,80044.99490546882,80044.89471798464,80044.99490546882,0,1
1371620880000,1371620939999,80044.99490546882,80044.99490546882,80044.99490546882,80044.99490546882,0,1
1371620940000,1371620999999,80045.6260635389,80048.2304215126,80045.6260635389,80048.2304215126,0,1
1371621000000,1371621059999,80048.10355825016,80048.10355825016,80046.88492124907,80046.88492124907,0,1
1371621060000,1371621119999,80048.66775358008,80048.66775358008,80048.66775358008,80048.66775358008,0,1
1371621120000,1371621179999,80049.69924735591,80049.70592334446,80048.84802230066,80049.70592334446,0,1
1371621180000,1371621239999,80048.8279926033,80048.8279926033,80048.33057558295,80048.33057558295,0,1
1371621240000,1371621299999,80048.49082000913,80050.19325847259,80048.49082000913,80050.19325847259,0,1
1371621300000,1371621359999,80049.95626969867,80049.95626969867,80048.5542493851,80049.35208980842,0,1
1371621360000,1371621419999,80049.48561336832,80050.30006847829,80049.48561336832,80050.30006847829,0,1
1371621420000,1371621479999,80050.47029456691,80051.26798214114,80050.04305497187,80051.26798214114,0,1
1371621480000,1371621539999,80050.11315021964,80051.47824065397,80049.6157971227,80051.0310188359,0,1
1371621540000,1371621599999,80051.46489103857,80051.46489103857,80051.14115740858,80051.14115740858,0,1
1371621600000,1371621659999,80051.5650127198,80053.98765179311,80050.38351300143,80053.98765179311,0,1
1371621660000,1371621719999,80053.73740634404,80058.13414135545,80053.73740634404,80057.66386977353,0,1
1371621720000,1371621779999,80057.15688556565,80058.79782035518,80057.15688556565,80058.70110605672,0,1
1371621780000,1371621839999,80058.74112587987,80060.25842602225,80058.74112587987,80060.14171879983,0,1
1371621840000,1371621899999,80060.73190992356,80063.0123211676,80060.73190992356,80061.22871047807,0,1
1371621900000,1371621959999,80061.14535640349,80061.78216391096,80060.74191286275,80060.74191286275,0,1
1371621960000,1371622019999,80060.38846960853,80062.10888710075,80060.38846960853,80061.56878790242,0,1
1371622020000,1371622079999,80061.42208925544,80061.63213438012,80061.14535640349,80061.37874606151,0,1
1371622080000,1371622139999,80061.52877939392,80061.52877939392,80060.68189507749,80060.68189507749,0,1
1371622140000,1371622199999,80060.76858731837,80062.28224609123,80060.5551896812,80060.5551896812,0,1
1371622200000,1371622259999,80059.57483577266,80059.83160441929,80058.45097853336,80059.301386588,0,1
1371622260000,1371622319999,80058.89453371828,80059.28804741212,80058.36760130191,80058.57771059377,0,1
1371622320000,1371622379999,80058.60105579814,80058.60105579814,80058.60105579814,80058.60105579814,0,1
1371622380000,1371622439999,80058.0941191031,80059.88495811594,80058.0941191031,80058.73779090073,0,1
1371622440000,1371622499999,80059.18800302576,80059.18800302576,80058.15415242157,80058.97790655645,0,1
1371622500000,1371622559999,80058.63107098083,80058.65108105257,80057.73057630847,80058.2208556861,0,1
1371622560000,1371622619999,80057.53379075053,80057.53379075053,80057.53379075053,80057.53379075053,0,1
1371622620000,1371622679999,80058.40095227791,80058.40095227791,80057.3436722116,80057.3436722116,0,1
1371622680000,1371622739999,80056.75661671835,80058.60439082289,80056.75661671835,80058.60439082289,0,1
1371622740000,1371622799999,80058.82783494728,80060.03501386166,80058.04075585076,80058.04075585076,0,1
1371622800000,1371622859999,80058.39761718531,80059.97832640015,80058.18083378077,80059.68154562124,0,1
1371622860000,1371622919999,80059.60818272266,80060.05835566418,80059.08795763849,80060.05835566418,0,1
1371622920000,1371622979999,80059.76157726042,80060.61520822694,80058.93788768088,80060.61520822694,0,1
1371622980000,1371623039999,80060.4418203342,80061.75882613177,80059.87161971847,80059.87161971847,0,1
1371623040000,1371623099999,80059.80159283982,80060.24508812292,80058.77114064214,80059.84827748007,0,1
1371623100000,1371623159999,80059.3980950811,80060.30844298635,80058.68776608008,80058.82116504571,0,1
1371623160000,1371623219999,80058.73779090073,80059.57483577266,80057.7472528727,80057.7472528727,0,1
1371623220000,1371623279999,80058.17082827943,80059.21801644674,80058.11079506105,80058.77114064214,0,1
1371623280000,1371623339999,80059.3980950811,80060.42181384543,80058.43430314268,80058.43430314268,0,1
1371623340000,1371623399999,80058.48099416652,80060.64188302052,80058.48099416652,80059.70488824885,0,1
1371623400000,1371623459999,80059.39142555988,80060.65188604979,80059.39142555988,80060.29510515372,0,1
1371623460000,1371623519999,80060.60520516099,80060.7085696932,80060.08169741221,80060.3484563775,0,1
1371623520000,1371623579999,80060.3484563775,80060.3484563775,80060.3484563775,80060.3484563775,0,1
1371623580000,1371623639999,80060.84861025828,80063.95567258254,80060.19507084195,80063.95567258254,0,1
1371623640000,1371623699999,80063.76234279358,80064.64896246998,80063.52234199356,80063.52234199356,0,1
1371623700000,1371623759999,80063.5323421419,80063.99233815535,80062.20556844688,80062.48893942134,0,1
1371623760000,1371623819999,80062.9489834323,80063.20233196656,80061.69214646256,80061.89885198988,0,1
1371623820000,1371623879999,80062.02887424536,80063.55567578247,80061.70881642155,80062.83230760659,0,1
1371623880000,1371623939999,80063.42567337741,80063.83900850192,80062.81563952036,80063.46567429743,0,1
1371623940000,1371623999999,80064.02233716038,80065.22888920608,80063.8523416086,80064.55230474415,0,1
1371624000000,1371624059999,80064.84227511888,80064.84227511888,80062.70562945442,80063.3956725824,0,1
1371624060000,1371624119999,80063.61567632247,80064.87893744104,80063.61567632247,80064.08233490048,0,1
1371624120000,1371624179999,80064.06233569377,80064.10233406717,80063.3523379418,80064.10233406717,0,1
1371624180000,1371624239999,80063.71900974191,80066.37197963393,80063.71900974191,80066.34198767677,0,1
1371624240000,1371624299999,80066.0120702111,80066.66189724904,80064.80894561842,80064.80894561842,0,1
1371624300000,1371624359999,80065.13556993284,80065.5321708299,80064.69229149207,80065.09557569202,0,1
1371624360000,1371624419999,80065.02225250172,80065.50884180078,80064.7422862843,80065.16889834467,0,1
1371624420000,1371624479999,80064.7422862843,80065.32554039244,80064.73228734585,80064.82561038254,0,1
1371624480000,1371624539999,80064.9089337865,80064.9089337865,80064.82227743193,80064.82227743193,0,1
1371624540000,1371624599999,80065.13223708553,80065.8421084808,80064.35565338352,80065.8421084808,0,1
1371624600000,1371624659999,80065.67214386177,80065.67214386177,80065.04224978876,80065.04224978876,0,1
1371624660000,1371624719999,80065.09890855153,80065.21555793464,80064.85560688794,80064.85560688794,0,1
1371624720000,1371624779999,80065.11890568527,80065.39219583877,80064.9489287738,80065.26555011087,0,1
1371624780000,1371624839999,80064.80561266228,80064.89560208852,80063.03232247436,80063.48900809356,0,1
1371624840000,1371624899999,80063.23900030165,80063.23900030165,80061.68881246744,80061.68881246744,0,1
1371624900000,1371624959999,80061.70548243198,80062.57561599802,80061.37207786118,80062.57561599802,0,1
1371624960000,1371625019999,80062.04220976573,80062.37225822787,80062.04220976573,80062.28224609123,0,1
1371625020000,1371625079999,80062.3555893748,80062.59228448433,80061.40875290809,80061.46543226148,0,1
1371625080000,1371625139999,80061.11201457909,80061.93219119092,80061.11201457909,80061.93219119092,0,1
1371625140000,1371625199999,80062.17889782407,80063.37567200237,80062.04887751924,80063.22899985994,0,1
1371625200000,1371625259999,80063.4156731224,80063.4156731224,80061.56878790242,80062.32558536925,0,1
1371625260000,1371625319999,80061.68547847119,80061.68547847119,80057.28696949147,80057.37702660267,0,1
1371625320000,1371625379999,80057.79061180947,80058.60772584652,80057.30698225294,80058.60772584652,0,1
1371625380000,1371625439999,80058.73445592048,80061.1486905798,80058.05409669052,80060.58186463489,0,1
1371625440000,1371625499999,80060.5618584263,80061.71548439737,80060.36512857655,80060.36512857655,0,1
1371625500000,1371625559999,80061.30206148901,80063.28900236005,80060.14171879983,80063.28900236005,0,1
1371625560000,1371625619999,80062.92898195886,80064.06566889767,80060.68522940835,80061.64213641889,0,1
1371625620000,1371625679999,80061.9655302808,80063.83900850192,80061.9655302808,80062.02887424536,0,1
1371625680000,1371625739999,80062.13889175648,80062.1622286487,80060.19173634765,80060.5185115037,0,1
1371625740000,1371625799999,80060.56519279718,80061.7021484413,80060.0516865833,80061.7021484413,0,1
1371625800000,1371625859999,80061.50210696601,80061.50210696601,80058.5677054895,80059.58483986933,0,1
1371625860000,1371625919999,80059.22802090041,80060.79526170282,80058.53102002153,80058.53102002153,0,1
1371625920000,1371625979999,80058.62106592994,80058.77781057707,80057.57381524552,80057.60716886897,0,1
1371625980000,1371626039999,80056.13283249279,80056.13283249279,80050.32677080145,80051.35141858802,0,1
1371626040000,1371626099999,80053.43043004056,80053.58058267072,80052.05893167647,80052.12233842425,0,1
1371626100000,1371626159999,80051.9488032116,80055.56572215665,80050.36682415252,80054.71166002311,0,1
1371626160000,1371626219999,80055.21209590287,80055.21209590287,80052.22245352324,80053.00331689825,0,1
1371626220000,1371626279999,80052.5695114399,80053.95094951913,80050.17990714166,80053.49382809275,0,1
1371626280000,1371626339999,80053.09007573171,80055.18207045631,80052.32256761994,80052.826460022,0,1
1371626340000,1371626399999,80053.21687574973,80055.18207045631,80051.73187996089,80053.70070315157,0,1
1371626400000,1371626459999,80054.81842177891,80054.81842177891,80052.08896650185,80052.08896650185,0,1
1371626460000,1371626519999,80053.24023347242,80057.41371630438,80053.24023347242,80057.17022758465,0,1
1371626520000,1371626579999,80056.88337025346,80058.51767981799,80056.66655401971,80058.2208556861,0,1
1371626580000,1371626639999,80057.65719909556,80060.621876932,80057.26362121913,80060.02167566433,0,1
1371626640000,1371626699999,80060.15839134358,80060.15839134358,80056.80665120046,80057.10018178636,0,1
1371626700000,1371626759999,80057.30364679547,80058.49433441898,80057.12019492165,80058.024079776,0,1
1371626760000,1371626819999,80057.05348431492,80058.96123204441,80053.40707276214,80053.40707276214,0,1
1371626820000,1371626879999,80053.40707276214,80053.81748556909,80049.7860348597,80049.7860348597,0,1
1371626880000,1371626939999,80048.88140504045,80051.59171166549,80046.16368529074,80046.16368529074,0,1
1371626940000,1371626999999,80046.63115897289,80046.63115897289,80033.45672989015,80033.96157380073,0,1
1371627000000,1371627059999,80033.37314400205,80034.7338353691,80029.37023389654,80034.7338353691,0,1
1371627060000,1371627119999,80033.12572567852,80036.61910659302,80030.3669310837,80036.61910659302,0,1
1371627120000,1371627179999,80036.44864455567,80039.40625005972,80036.44864455567,80039.40625005972,0,1
1371627180000,1371627239999,80038.86158165321,80040.19145597871,80037.96933065205,80040.19145597871,0,1
1371627240000,1371627299999,80040.55897799163,80044.61084799509,80040.5255674577,80043.68236986692,0,1
1371627300000,1371627359999,80043.94956665202,80043.94956665202,80037.99940782507,80038.02280111931,0,1
1371627360000,1371627419999,80039.56663755591,80040.43869954706,80037.00681334772,80037.7922076871,0,1
1371627420000,1371627479999,80038.53409802401,80041.40422736492,80038.16315973557,80041.40422736492,0,1
1371627480000,1371627539999,80041.51447201618,80045.52922176616,80041.51447201618,80045.11178959842,0,1
1371627540000,1371627599999,80044.69767967088,80048.6744302573,80044.69767967088,80048.6744302573,0,1
1371627600000,1371627659999,80048.76456496364,80048.88140504045,80045.91324397139,80048.1636515751,0,1
1371627660000,1371627719999,80047.15203247787,80048.05014165818,80045.95999349379,80046.48424102756,0,1
1371627720000,1371627779999,80046.80478648911,80047.49592767868,80043.26152045246,80043.56546902838,0,1
1371627780000,1371627839999,80043.02102712046,80046.08020554786,80043.02102712046,80043.3750847377,0,1
1371627840000,1371627899999,80043.29826197999,80043.29826197999,80040.09456156171,80042.01890931065,0,1
1371627900000,1371627959999,80042.98762481134,80043.41182584797,80041.5579013936,80041.5579013936,0,1
1371627960000,1371628019999,80042.87071585086,80045.6494389987,80042.4999383923,80044.92811392424,0,1
1371628020000,1371628079999,80043.75250971409,80044.08650223736,80041.69152906413,80042.20597892527,0,1
1371628080000,1371628139999,80042.09574189728,80044.80788801976,80042.09574189728,80044.01636473277,0,1
1371628140000,1371628199999,80042.94086139117,80042.94086139117,80039.37283567422,80039.38954288092,0,1
1371628200000,1371628259999,80039.86067461797,80039.86067461797,80031.40031420875,80033.5235980976,0,1
1371628260000,1371628319999,80033.25277909578,80035.11492949037,80032.6576202116,80035.01798587195,0,1
1371628320000,1371628379999,80035.92052803298,80036.17790475914,80033.91811142034,80035.46926713474,0,1
1371628380000,1371628439999,80034.47307839159,80040.30505513406,80034.47307839159,80040.30505513406,0,1
1371628440000,1371628499999,80040.83962206982,80041.22716522998,80037.66521193211,80037.66521193211,0,1
1371628500000,1371628559999,80038.19657816336,80038.35030149278,80036.81964644631,80038.35030149278,0,1
1371628560000,1371628619999,80037.77883978884,80040.69261901116,80036.284864567,80040.69261901116,0,1
1371628620000,1371628679999,80040.05112582863,80043.60888949937,80040.05112582863,80041.49442762454,0,1
1371628680000,1371628739999,80041.63139683337,80042.10242296389,80040.57234217397,80041.74832028343,0,1
1371628740000,1371628799999,80042.16255236234,80043.26820074023,80042.07569867071,80043.04440867044,0,1
1371628800000,1371628859999,80043.03772823316,80043.03772823316,80033.05216769912,80033.68742331617,0,1
1371628860000,1371628919999,80033.22937464021,80034.90098370156,80030.63782825,80032.07245756213,0,1
1371628920000,1371628979999,80033.99500627248,80036.39516567062,80033.9281412172,80035.38569806701,0,1
1371628980000,1371629039999,80034.69706236104,80038.81145730305,80034.69706236104,80038.77135764202,0,1
1371629040000,1371629099999,80039.34944553794,80040.59907048501,80039.34944553794,80040.54561379146,0,1
1371629100000,1371629159999,80040.18143246186,80040.87303155451,80038.39708638488,80040.50552108376,0,1
1371629160000,1371629219999,80041.55456067895,80042.35295973894,80039.4162743536,80041.7349576726,0,1
1371629220000,1371629279999,80041.51447201618,80041.51447201618,80039.35278698933,80039.86067461797,0,1
1371629280000,1371629339999,80040.52890851612,80044.9114159684,80040.36853645292,80043.5253884263,0,1
1371629340000,1371629399999,80044.83794463139,80045.64609965065,80043.32498300612,80045.11846865027,0,1
1371629400000,1371629459999,80044.60082890705,80046.74802397896,80043.6656698308,80045.58933056309,0,1
1371629460000,1371629519999,80044.82458614849,80047.21880917028,80044.67764165877,80047.21880917028,0,1
1371629520000,1371629579999,80046.38072936087,80053.46379748656,80046.38072936087,80052.70966603041,0,1
1371629580000,1371629639999,80052.84981865663,80052.84981865663,80046.2671992041,80046.39742486345,0,1
1371629640000,1371629699999,80045.31549867314,80050.09646091949,80045.31549867314,80047.70960417649,0,1
1371629700000,1371629759999,80047.24551972238,80048.6644152398,80046.39742486345,80048.6009865626,0,1
1371629760000,1371629819999,80048.36062160846,80051.3547560314,80048.36062160846,80049.66252933908,0,1
1371629820000,1371629879999,80049.63248722506,80051.34474369787,80049.63248722506,80050.54706224705,0,1
1371629880000,1371629939999,80050.00967610977,80051.66847073728,80046.04681345557,80048.5876331056,0,1
1371629940000,1371629999999,80049.57907879946,80051.25796972074,80048.2204060504,80049.82609037665,0,1
1371630000000,1371630059999,80048.49415840737,80051.1478324346,80048.49415840737,80050.50700961788,0,1
1371630060000,1371630119999,80050.69725817764,80051.54165108383,80048.90811115205,80051.54165108383,0,1
1371630120000,1371630179999,80052.36928718872,80053.3937257214,80048.96486140238,80049.69924735591,0,1
1371630180000,1371630239999,80049.34541358364,80051.40815497426,80049.16849200244,80051.40815497426,0,1
1371630240000,1371630299999,80051.26798214114,80052.27584783288,80050.43024163028,80051.89206989275,0,1
1371630300000,1371630359999,80051.72186800493,80052.659611045,80051.72186800493,80052.01554788055,0,1
1371630360000,1371630419999,80051.86870902086,80056.74660979188,80051.86870902086,80054.6616150577,0,1
1371630420000,1371630479999,80054.00099804117,80054.00099804117,80051.3647683549,80053.33032703458,0,1
1371630480000,1371630539999,80053.33032703458,80054.9085011238,80051.5716874629,80051.5716874629,0,1
1371630540000,1371630599999,80052.07895490342,80053.78745593484,80051.87872082977,80051.87872082977,0,1
1371630600000,1371630659999,80050.5971278079,80053.60060285106,80050.5971278079,80052.40599526823,0,1
1371630660000,1371630719999,80052.6295779335,80052.70966603041,80051.8420108147,80051.8420108147,0,1
1371630720000,1371630779999,80050.02302766798,80052.12901279537,80050.02302766798,80051.74856653184,0,1
1371630780000,1371630839999,80050.20327195908,80050.20327195908,80048.36062160846,80049.44889456707,0,1
1371630840000,1371630899999,80048.38399067699,80050.32009522735,80047.27223020315,80048.4273902308,0,1
1371630900000,1371630959999,80048.9181259255,80052.22245352324,80047.18542087982,80052.22245352324,0,1
1371630960000,1371631019999,80051.38479297183,80053.85418833292,80050.70059583936,80053.34701093851,0,1
1371631020000,1371631079999,80052.80643829174,80056.49643337581,80052.12901279537,80054.82509435082,0,1
1371631080000,1371631139999,80054.84511203978,80054.86846595959,80053.34701093851,80053.34701093851,0,1
1371631140000,1371631199999,80053.50383827479,80055.3388690167,80053.50383827479,80055.17206195409,0,1
1371631200000,1371631259999,80054.92184614293,80057.20691804508,80054.92184614293,80056.64987565317,0,1
1371631260000,1371631319999,80056.08946636743,80057.28029856208,80055.22544051685,80056.99344438838,0,1
1371631320000,1371631379999,80056.61651883663,80065.13890277903,80055.45896837891,80064.89226916125,0,1
1371631380000,1371631439999,80063.02232182598,80067.19838928767,80063.02232182598,80065.28554691137,0,1
1371631440000,1371631499999,80066.11537887088,80066.60191498378,80063.07899203454,80063.70234313358,0,1
1371631500000,1371631559999,80064.77228303964,80065.44551987595,80063.80567565748,80063.80567565748,0,1
1371631560000,1371631619999,80064.88227037276,80065.65214783432,80063.80567565748,80065.11557283241,0,1
1371631620000,1371631679999,80065.21222511401,80065.65548050833,80064.79561378715,80065.40885963094,0,1
1371631680000,1371631739999,80065.09890855153,80067.30834994007,80064.73228734585,80064.91226670821,0,1
1371631740000,1371631799999,80063.91234036861,80068.85100373747,80063.91234036861,80068.85100373747,0,1
1371631800000,1371631859999,80069.77048545693,80069.77048545693,80066.77519610175,80066.77519610175,0,1
1371631860000,1371631919999,80067.37166007026,80067.37166007026,80065.62215371817,80065.62215371817,0,1
1371631920000,1371631979999,80065.38219755015,80067.95476084373,80065.35553539827,80067.29502144054,0,1
1371631980000,1371632039999,80067.22837867642,80067.22837867642,80063.98567169758,80065.54550167927,0,1
1371632040000,1371632099999,80065.4321888933,80065.4321888933,80061.94886074976,80062.37559199514,0,1
1371632100000,1371632159999,80062.06554688356,80062.55228007052,80061.6721424751,80061.74549023349,0,1
1371632160000,1371632219999,80062.0822162201,80065.5288381148,80062.0822162201,80065.0122538432,0,1
1371632220000,1371632279999,80063.80567565748,80064.78894786484,80063.1423289464,80063.8523416086,0,1
1371632280000,1371632339999,80063.42900679354,80063.42900679354,80061.38541425743,80062.30558264889,0,1
1371632340000,1371632399999,80061.71215041002,80062.66229182345,80061.71215041002,80062.27891229284,0,1
1371632400000,1371632459999,80061.9255233596,80065.58549412069,80061.86884661393,80064.7489522377,0,1
1371632460000,1371632519999,80064.67229350521,80064.67229350521,80063.34567105735,80063.51900860856,0,1
1371632520000,1371632579999,80064.6189653447,80064.6189653447,80063.08565909679,80063.09565968183,0,1
1371632580000,1371632639999,80063.45567408243,80063.45567408243,80062.8689772985,80063.33900416845,0,1
1371632640000,1371632699999,80062.82897399156,80063.16232999312,80061.80883559189,80062.32225158531,0,1
1371632700000,1371632759999,80063.21233243492,80063.21233243492,80061.7688280438,80062.03554200777,0,1
1371632760000,1371632819999,80062.55228007052,80062.55228007052,80061.37541196191,80061.87551448302,0,1
1371632820000,1371632879999,80062.24224043709,80062.24224043709,80059.68821494898,80059.68821494898,0,1
1371632880000,1371632939999,80059.35474311364,80060.14171879983,80057.70055842282,80057.70055842282,0,1
1371632940000,1371632999999,80058.524349922,80061.38208016002,80058.524349922,80060.0750283469,0,1
1371633000000,1371633059999,80060.33511859825,80061.58879209662,80059.03459968936,80059.89496190239,0,1
1371633060000,1371633119999,80060.8819529609,80060.8819529609,80057.88399965016,80057.90401121686,0,1
1371633120000,1371633179999,80057.97071614992,80058.59105071722,80053.71071312652,80055.9960617664,0,1
1371633180000,1371633239999,80056.73326720772,80056.73326720772,80055.35888567723,80055.82592971556,0,1
1371633240000,1371633299999,80055.97938228154,80055.97938228154,80053.68401983773,80054.10776738437,0,1
1371633300000,1371633359999,80053.67067316663,80054.13779605673,80053.12678116543,80053.61061292622,0,1
1371633360000,1371633419999,80053.91758369861,80056.92339735178,80053.91758369861,80056.27960875239,0,1
1371633420000,1371633479999,80055.8626251086,80057.9340284918,80054.80507662178,80057.09684625993,0,1
1371633480000,1371633539999,80057.4270579807,80060.99531731829,80057.4270579807,80058.0641023087,0,1
1371633540000,1371633599999,80057.01679329154,80057.2936404164,80056.399696817,80056.91672617987,0,1
1371633600000,1371633659999,80056.61651883663,80057.46041209366,80055.65579477018,80057.45374127995,0,1
1371633660000,1371633719999,80057.49376609534,80060.57519590315,80057.0101221819,80060.49183638103,0,1
1371633720000,1371633779999,80060.12171171066,80060.46182678295,80059.9949992163,80060.08503194319,0,1
1371633780000,1371633839999,80060.27509837142,80060.79192740866,80060.08836647308,80060.08836647308,0,1
1371633840000,1371633899999,80060.49850516836,80060.81860173085,80060.10837362897,80060.74191286275,0,1
1371633900000,1371633959999,80061.91218768363,80062.22557136731,80061.71548439737,80062.22557136731,0,1
1371633960000,1371634019999,80061.902185915,80062.32225158531,80061.81550350101,80062.01553870723,0,1
1371634020000,1371634079999,80062.18223165581,80063.14566245697,80062.12222251442,80062.13222406298,0,1
1371634080000,1371634139999,80062.90564685594,80063.54900903357,80062.90564685594,80063.54900903357,0,1
1371634140000,1371634199999,80063.42233996019,80066.53526760044,80063.42233996019,80065.1489013109,0,1
1371634200000,1371634259999,80065.70213782799,80068.5511544617,80065.20889229226,80067.22837867642,0,1
1371634260000,1371634319999,80067.77483623214,80069.214142489,80066.64523554477,80067.67154471466,0,1
1371634320000,1371634379999,80067.69820069228,80068.14800959853,80066.34532012089,80066.82851276473,0,1
1371634380000,1371634439999,80066.70854987325,80066.94180972975,80065.36553371354,80065.95874919492,0,1
1371634440000,1371634499999,80066.22535143272,80066.98512881831,80065.345537073,80065.49884362878,0,1
1371634500000,1371634559999,80066.2820034926,80069.3740526195,80066.2820034926,80068.27795062696,0,1
1371634560000,1371634619999,80067.394984754,80068.97427249851,80067.02511550275,80068.29794140454,0,1
1371634620000,1371634679999,80068.73106510607,80068.92763044333,80068.0613813082,80068.41788523085,0,1
1371634680000,1371634739999,80068.16800063588,80069.1075343147,80068.16800063588,80069.06089288103,0,1
1371634740000,1371634799999,80069.44068108586,80069.56394257829,80068.75105497787,80068.75105497787,0,1
1371634800000,1371634859999,80068.75438661929,80069.680539889,80068.75438661929,80069.680539889,0,1
1371634860000,1371634919999,80069.500646326,80069.9337179398,80068.6910852426,80068.77770807811,0,1
1371634920000,1371634979999,80068.83101406548,80069.15084402257,80068.38456764564,80068.5844714919,0,1
1371634980000,1371635039999,80068.38456764564,80068.6511052193,80068.0413900577,80068.6511052193,0,1
1371635040000,1371635099999,80068.53782761854,80068.63777850934,80067.11508495812,80067.11508495812,0,1
1371635100000,1371635159999,80067.37499217126,80067.49494706822,80066.29533334241,80067.03177993462,0,1
1371635160000,1371635219999,80066.92514849186,80066.92514849186,80065.74879492994,80065.87876713756,0,1
1371635220000,1371635279999,80066.01540276517,80066.80185446877,80065.66547852373,80065.80544968968,0,1
1371635280000,1371635339999,80065.49551090256,80066.54526473625,80065.15889983278,80066.54526473625,0,1
1371635340000,1371635399999,80066.71854683585,80067.92810554997,80066.39530664953,80067.92810554997,0,1
1371635400000,1371635459999,80068.21131441304,80068.92429885962,80066.82184819742,80066.82184819742,0,1
1371635460000,1371635519999,80066.81518362564,80067.6415566549,80065.3622009429,80065.84544109153,0,1
1371635520000,1371635579999,80065.33553873771,80066.00873765592,80064.03567002263,80064.07900170214,0,1
1371635580000,1371635639999,80063.73567632247,80065.93542116093,80063.73567632247,80065.19889382036,0,1
1371635640000,1371635699999,80064.67562650579,80065.5021763539,80064.67562650579,80065.5021763539,0,1
1371635700000,1371635759999,80066.00540509963,80066.66856192297,80065.41552514002,80065.85210630961,0,1
1371635760000,1371635819999,80065.48551271723,80065.48551271723,80063.99567138258,80065.33887151726,0,1
1371635820000,1371635879999,80065.07224564432,80066.67189425827,80064.79228082656,80065.9654143375,0,1
1371635880000,1371635939999,80065.57882872489,80065.79211918685,80065.10557426722,80065.10557426722,0,1
1371635940000,1371635999999,80065.27554851612,80067.13841024035,80065.27554851612,80067.13841024035,0,1
1371636000000,1371636059999,80066.84184188607,80066.96513541615,80065.39552859943,80066.8385096074,0,1
1371636060000,1371636119999,80067.01511884664,80067.01511884664,80065.34220429568,80065.34220429568,0,1
1371636120000,1371636179999,80065.92209083137,80066.71188219523,80065.37553201884,80066.43862810558,0,1
1371636180000,1371636239999,80067.2183822235,80067.3116820622,80066.67522659244,80067.15173894863,0,1
1371636240000,1371636299999,80068.1813279719,80068.1813279719,80067.03511214888,80067.17506414535,0,1
1371636300000,1371636359999,80066.79852217677,80066.89849045352,80066.03873061258,80066.47861697534,0,1
1371636360000,1371636419999,80067.14507459672,80067.67487671574,80066.79518988369,80066.85517098964,0,1
1371636420000,1371636479999,80067.34833533209,80068.5844714919,80067.19838928767,80067.19838928767,0,1
1371636480000,1371636539999,80067.39165265966,80068.99093032267,80067.16173546817,80068.19465529018,0,1
1371636540000,1371636599999,80068.06804504947,80068.06804504947,80067.25836797523,80067.4816188174,0,1
1371636600000,1371636659999,80068.37790411527,80068.51450560027,80067.74151650436,80068.51450560027,0,1
1371636660000,1371636719999,80069.004256562,80069.004256562,80068.63777850934,80068.63777850934,0,1
1371636720000,1371636779999,80068.01473499487,80068.19465529018,80067.2983535671,80067.62489658284,0,1
1371636780000,1371636839999,80068.08470438326,80068.5977982729,80066.81185133809,80067.30168569254,0,1
1371636840000,1371636899999,80067.56492009362,80067.56492009362,80065.67547652914,80065.67547652914,0,1
1371636900000,1371636959999,80065.44551987595,80065.44551987595,80063.80234236692,80064.00900428038,0,1
1371636960000,1371637019999,80064.26899223427,80064.26899223427,80064.07233530212,80064.09233448881,0,1
1371637020000,1371637079999,80063.48567469745,80065.28887970757,80061.79883371988,80064.68229250364,0,1
1371637080000,1371637139999,80065.20889229226,80065.20889229226,80063.43234020854,80064.1856634979,0,1
1371637140000,1371637199999,80064.41898220994,80064.41898220994,80062.15222713014,80062.47893822954,0,1
1371637200000,1371637259999,80061.54211558121,80062.5256103724,80060.04501749798,80060.04501749798,0,1
1371637260000,1371637319999,80060.70523537013,80061.98219978406,80059.97499183359,80060.02501021534,0,1
1371637320000,1371637379999,80060.315111896,80062.29891506655,80060.10837362897,80061.60212820387,0,1
1371637380000,1371637439999,80061.88551627834,80061.88551627834,80060.9653092311,80061.49877290752,0,1
1371637440000,1371637499999,80061.11201457909,80062.2889136847,80060.99531731829,80060.99531731829,0,1
1371637500000,1371637559999,80061.2887249816,80061.8655126777,80061.2887249816,80061.8655126777,0,1
1371637560000,1371637619999,80062.12555636505,80062.37892576131,80061.91885552385,80062.33558671446,0,1
1371637620000,1371637679999,80063.27566850226,80065.16556550849,80062.2889136847,80065.16556550849,0,1
1371637680000,1371637739999,80064.24566025808,80065.23888764798,80064.15899815563,80064.23232767583,0,1
1371637740000,1371637799999,80064.30565665831,80065.34220429568,80063.6890098269,80064.85893982743,0,1
1371637800000,1371637859999,80064.9089337865,80066.9984577309,80064.9089337865,80065.51550724322,0,1
1371637860000,1371637919999,80066.6519002298,80066.88182914346,80064.24566025808,80065.56216521598,0,1
1371637920000,1371637979999,80065.05224841728,80065.66881119332,80065.05224841728,80065.27554851612,0,1
1371637980000,1371638039999,80065.01558673049,80065.05891416407,80062.98898625917,80063.6823431669,0,1
1371638040000,1371638099999,80063.66567649748,80064.96226040067,80062.48560569185,80063.97233876865,0,1
1371638100000,1371638159999,80063.9323398753,80064.85227394734,80062.44560085125,80063.5690092669,0,1
1371638160000,1371638219999,80062.29891506655,80062.55561377779,80060.18173285811,80062.55561377779,0,1
1371638220000,1371638279999,80061.54544962525,80062.44893459408,80061.34207090456,80062.30558264889,0,1
1371638280000,1371638339999,80061.77216201225,80061.95219465818,80060.96864346747,80061.52544534433,0,1
1371638340000,1371638399999,80061.65547245498,80062.00220315129,80060.42181384543,80060.42181384543,0,1
1371638400000,1371638459999,80059.83160441929,80060.30844298635,80058.32090974865,80058.80782522922,0,1
1371638460000,1371638519999,80058.87118919904,80060.67856074554,80058.87118919904,80059.0245950422,0,1
1371638520000,1371638579999,80060.23175020578,80060.23175020578,80057.19024057974,80058.63774100918,0,1
1371638580000,1371638639999,80058.06076710374,80058.1941744337,80057.19024057974,80057.54713226664,0,1
1371638640000,1371638699999,80056.99010882633,80058.2075150688,80055.73585863446,80058.2075150688,0,1
1371638700000,1371638759999,80058.31423950897,80059.11797135977,80056.66988968967,80057.05348431492,0,1
1371638760000,1371638819999,80057.18356958582,80060.48516758923,80057.18356958582,80057.66720511085,0,1
1371638820000,1371638879999,80059.324730103,80059.324730103,80058.17082827943,80059.06461357078,0,1
1371638880000,1371638939999,80059.03793456951,80059.68154562124,80058.2208556861,80059.68154562124,0,1
1371638940000,1371638999999,80060.19507084195,80060.19507084195,80059.53815399922,80059.92497320163,0,1
1371639000000,1371639059999,80060.15839134358,80061.80550163567,80059.14131530293,80060.37513188264,0,1
1371639060000,1371639119999,80060.3417874901,80062.52227665513,80060.3417874901,80062.44226710733,0,1
1371639120000,1371639179999,80062.0755484888,80064.20899561408,80062.0755484888,80064.20899561408,0,1
1371639180000,1371639239999,80064.15566498284,80064.20232930074,80061.902185915,80062.19556697167,0,1
1371639240000,1371639299999,80061.40875290809,80061.902185915,80061.06200163407,80061.902185915,0,1
1371639300000,1371639359999,80061.41875517028,80061.41875517028,80058.33091509984,80058.33091509984,0,1
1371639360000,1371639419999,80058.34425555254,80059.301386588,80056.42304710651,80057.42372256328,0,1
1371639420000,1371639479999,80057.40371003543,80062.45893581591,80057.40371003543,80058.1274709912,0,1
1371639480000,1371639539999,80057.83730583884,80058.66442107814,80057.47375370767,80057.99072754307,0,1
1371639540000,1371639599999,80057.66720511085,80058.81783009325,80055.39891887808,80055.39891887808,0,1
1371639600000,1371639659999,80056.45974030848,80059.95498441083,80055.84594540119,80059.95498441083,0,1
1371639660000,1371639719999,80058.10745987168,80058.10745987168,80055.45229622995,80057.65719909556,0,1
1371639720000,1371639779999,80057.65386375492,80058.66775608176,80057.03347104615,80058.58438065772,0,1
1371639780000,1371639839999,80058.29422876319,80058.60772584652,80057.22359548259,80057.33700132005,0,1
1371639840000,1371639899999,80057.23693741256,80057.23693741256,80055.13202784503,80055.959366863,0,1
1371639900000,1371639959999,80055.94602322837,80055.94602322837,80054.81842177891,80054.81842177891,0,1
1371639960000,1371640019999,80054.8017403297,80054.8017403297,80053.20686528044,80053.20686528044,0,1
1371640020000,1371640079999,80052.9232311531,80054.8751384981,80050.43691713085,80053.13679171487,0,1
1371640080000,1371640139999,80054.08441168795,80054.08441168795,80051.61173582797,80052.54615215049,0,1
1371640140000,1371640199999,80052.95326338269,80053.50383827479,80048.82465431652,80048.82465431652,0,1
1371640200000,1371640259999,80048.80462457234,80049.19519734736,80046.83817605047,80048.76456496364,0,1
1371640260000,1371640319999,80049.3253848825,80049.3253848825,80047.58273430656,80047.58273430656,0,1
1371640320000,1371640379999,80048.53088071445,80049.0416406402,80047.20879269484,80048.69779859252,0,1
1371640380000,1371640439999,80048.70781357659,80052.03557119437,80047.10194966596,80047.10194966596,0,1
1371640440000,1371640499999,80047.26555258964,80047.26555258964,80045.09175241609,80045.81640497973,0,1
1371640500000,1371640559999,80044.94815143445,80045.95999349379,80042.36298107936,80045.22533287326,0,1
1371640560000,1371640619999,80045.00158459875,80046.91163269301,80043.75584969454,80046.91163269301,0,1
1371640620000,1371640679999,80045.66947506362,80050.0196897801,80045.15520335574,80048.56426451296,0,1
1371640680000,1371640739999,80047.61945996077,80049.51899397973,80045.87317277823,80048.05348020353,0,1
1371640740000,1371640799999,80048.5041735954,80052.52279280654,80048.5041735954,80052.0756177017,0,1
1371640800000,1371640859999,80053.23355984293,80054.99524342976,80052.99330621517,80054.72166898614,0,1
1371640860000,1371640919999,80053.67067316663,80054.54817887557,80050.33678415426,80052.6295779335,0,1
1371640920000,1371640979999,80052.41266945003,80053.65732647771,80052.23913927563,80053.08340200201,0,1
1371640980000,1371641039999,80053.55388903459,80053.55388903459,80050.3401219363,80051.11111973634,0,1
1371641040000,1371641099999,80051.35809347368,80051.83199896902,80050.34345971723,80050.71728413126,0,1
1371641100000,1371641159999,80050.80740042635,80052.25582500017,80050.7206217863,80050.91754146194,0,1
1371641160000,1371641219999,80050.82408854003,80052.315893378,80050.82408854003,80052.30588200677,0,1
1371641220000,1371641279999,80052.02555954247,80053.88755436495,80049.99966242941,80049.99966242941,0,1
1371641280000,1371641339999,80049.42552798701,80049.42552798701,80045.45241555542,80048.21039057817,0,1
1371641340000,1371641399999,80047.9099217466,80047.9099217466,80045.50250662935,80046.83817605047,0,1
1371641400000,1371641459999,80045.50584602535,80045.57597308389,80042.49325759128,80044.80120876046,0,1
1371641460000,1371641519999,80045.07171519361,80048.32389867614,80043.2147583131,80045.36559043289,0,1
1371641520000,1371641579999,80045.00158459875,80046.25050348409,80043.77922952645,80045.02830107382,0,1
1371641580000,1371641639999,80045.89988692483,80045.99004664278,80045.00826372422,80045.47579142114,0,1
1371641640000,1371641699999,80045.42903963506,80047.40578153676,80045.02830107382,80045.02830107382,0,1
1371641700000,1371641759999,80044.82792577088,80045.596009296,80044.74109522603,80045.33553540715,0,1
1371641760000,1371641819999,80045.28544349686,80045.54925807194,80044.65760360651,80045.38228763039,0,1
1371641820000,1371641879999,80045.93661875991,80045.93661875991,80044.84796348185,80045.27876455653,0,1
1371641880000,1371641939999,80045.54591869045,80045.94997575738,80043.44188665599,80045.00826372422,0,1
1371641940000,1371641999999,80045.93995801095,80045.93995801095,80045.22867236183,80045.26540666247,0,1
1371642000000,1371642059999,80045.5926699301,80045.5926699301,80043.0076662102,80043.62892965316,0,1
1371642060000,1371642119999,80043.59552937454,80043.87274830753,80043.07781078987,80043.32832312936,0,1
1371642120000,1371642179999,80043.72578983032,80043.80260930372,80043.47862752082,80043.80260930372,0,1
1371642180000,1371642239999,80043.88276812506,80044.1599790955,80043.88276812506,80044.0798224962,0,1
1371642240000,1371642299999,80044.14995955571,80044.14995955571,80041.03673641602,80041.86190175441,0,1
1371642300000,1371642359999,80041.46436096175,80041.78840800872,80040.61243461378,80040.65252689284,0,1
1371642360000,1371642419999,80039.68024380933,80040.5355906296,80039.66687843474,80039.66687843474,0,1
1371642420000,1371642479999,80039.91079370929,80041.76836416616,80039.89408737341,80039.89408737341,0,1
1371642480000,1371642539999,80040.13131472694,80040.44204063447,80039.08880888947,80039.94754754993,0,1
1371642540000,1371642599999,80039.48644412936,80040.29169059453,80039.31937242519,80039.86067461797,0,1
1371642600000,1371642659999,80039.97427753103,80039.97427753103,80038.69449950894,80039.10217503669,0,1
1371642660000,1371642719999,80038.88163132292,80041.43763496335,80038.88163132292,80040.99998657836,0,1
1371642720000,1371642779999,80041.46436096175,80041.46436096175,80040.33178415954,80040.37855978221,0,1
1371642780000,1371642839999,80041.10021309026,80041.10021309026,80039.71031583686,80039.85733333629,0,1
1371642840000,1371642899999,80039.73704645206,80040.44872280602,80039.73704645206,80040.34180752568,0,1
1371642900000,1371642959999,80040.64918587572,80043.42518621824,80040.47211037122,80043.42518621824,0,1
1371642960000,1371643019999,80043.48530766356,80045.49582783398,80043.48530766356,80044.82792577088,0,1
1371643020000,1371643079999,80044.40712456532,80045.14518481308,80044.18669781912,80044.4037848024,0,1
1371643080000,1371643139999,80044.94147226884,80045.7796727031,80044.67764165877,80045.28544349686,0,1
1371643140000,1371643199999,80044.98488676558,80046.2037553198,80044.83794463139,80045.97668969883,0,1
1371643200000,1371643259999,80046.9016159099,80051.80530066486,80046.21711196046,80051.80530066486,0,1
1371643260000,1371643319999,80050.20327195908,80050.59045241425,80049.33539923809,80049.84945602078,0,1
1371643320000,1371643379999,80050.00633821743,80051.7252053247,80049.69590935994,80049.69590935994,0,1
1371643380000,1371643439999,80050.47363230438,80054.09108474963,80050.39352629743,80054.09108474963,0,1
1371643440000,1371643499999,80053.77410940178,80055.57906629874,80053.77410940178,80054.42473215643,0,1
1371643500000,1371643559999,80054.454759877,80056.8766990548,80053.63396972923,80054.18784364367,0,1
1371643560000,1371643619999,80054.2245450482,80054.56486074776,80050.27670388701,80050.27670388701,0,1
1371643620000,1371643679999,80049.68923336468,80050.13651519302,80049.68923336468,80049.74264120196,0,1
1371643680000,1371643739999,80050.1031366429,80050.16989363176,80048.16699008258,80048.16699008258,0,1
1371643740000,1371643799999,80048.77457988085,80048.85469885753,80041.33407104496,80043.3917852591,0,1
1371643800000,1371643859999,80043.84936869427,80045.95999349379,80043.84936869427,80045.34889320754,0,1
1371643860000,1371643919999,80045.54257930782,80046.42079852024,80044.7778313178,80045.47913082608,0,1
1371643920000,1371643979999,80045.47913082608,80046.7413460154,80045.27208561174,80045.78301200655,0,1
1371643980000,1371644039999,80045.98336817302,80048.62769342308,80045.4090030884,80047.35903877288,0,1
1371644040000,1371644099999,80047.2121315211,80048.26046783902,80046.42747669786,80047.43249158945,0,1
1371644100000,1371644159999,80046.9984443931,80047.54266980273,80045.5726337113,80047.50594386652,0,1
1371644160000,1371644219999,80046.52764882697,80047.53265365167,80045.82308356099,80047.17206553242,0,1
1371644220000,1371644279999,80047.29560181528,80048.51752716384,80047.00512218497,80048.51752716384,0,1
1371644280000,1371644339999,80049.25862225569,80053.6139496157,80049.03830242473,80053.27026475,0,1
1371644340000,1371644399999,80051.55833797224,80051.55833797224,80050.4536058628,80050.9809554473,0,1
1371644400000,1371644459999,80050.40687734315,80051.97216389641,80050.40687734315,80051.97216389641,0,1
1371644460000,1371644519999,80051.87538356123,80052.84648171216,80050.5971278079,80052.30254488077,0,1
1371644520000,1371644579999,80053.28361195553,80053.28361195553,80050.45026811864,80050.93422939182,0,1
1371644580000,1371644639999,80050.49365870585,80053.18350747981,80050.49365870585,80052.58953364452,0,1
1371644640000,1371644699999,80052.74970983833,80054.99857965727,80052.082292104,80054.64159700144,0,1
1371644700000,1371644759999,80054.66495139652,80055.42227150459,80051.6150731845,80051.6150731845,0,1
1371644760000,1371644819999,80051.33473135433,80052.71300302054,80050.64719311809,80052.0188851023,0,1
1371644820000,1371644879999,80051.76859038025,80053.18017064671,80050.00300032398,80051.10110715886,0,1
1371644880000,1371644939999,80050.83743901091,80053.04335953029,80050.40353958339,80053.04335953029,0,1
1371644940000,1371644999999,80053.18350747981,80056.69657500938,80053.18350747981,80056.69657500938,0,1
1371645000000,1371645059999,80056.54980486976,80056.54980486976,80052.75638379074,80053.34367415994,0,1
1371645060000,1371645119999,80053.0800651355,80053.0800651355,80050.49699643554,80051.08441950748,0,1
1371645120000,1371645179999,80051.66513339858,80051.83867353392,80048.83466917354,80049.99966242941,0,1
1371645180000,1371645239999,80048.87472850141,80049.29200362481,80048.38399067699,80048.38399067699,0,1
1371645240000,1371645299999,80048.96486140238,80050.18658280936,80045.94329726088,80045.94329726088,0,1
1371645300000,1371645359999,80045.5726337113,80048.87472850141,80045.32885650029,80048.87472850141,0,1
1371645360000,1371645419999,80048.4273902308,80048.69446026227,80047.01179997237,80048.23709848184,0,1
1371645420000,1371645479999,80048.35060627664,80050.66388149912,80048.35060627664,80048.58429473855,0,1
1371645480000,1371645539999,80048.35060627664,80048.35060627664,80046.89827697996,80047.10194966596,0,1
1371645540000,1371645599999,80047.29226301688,80047.62279864991,80044.04642372356,80044.96818890452,0,1
1371645600000,1371645659999,80044.74443487631,80045.94663650967,80044.74443487631,80045.86315495486,0,1
1371645660000,1371645719999,80045.77299409284,80048.87472850141,80044.87134076058,80048.87472850141,0,1
1371645720000,1371645779999,80049.37211845607,80050.2700282795,80048.48414320931,80048.57761800116,0,1
1371645780000,1371645839999,80049.15513930324,80052.65627403707,80048.44408231674,80051.18788249718,0,1
1371645840000,1371645899999,80051.96882665907,80052.2491507137,80048.2771602036,80050.38017523388,0,1
1371645900000,1371645959999,80051.24461981126,80051.66847073728,80050.05974436115,80050.65386847385,0,1
1371645960000,1371646019999,80050.0297034404,80050.04973073091,80048.01007902692,80048.65773855588,0,1
1371646020000,1371646079999,80048.48414320931,80050.51702279021,80048.48414320931,80049.94291805133,0,1
1371646080000,1371646139999,80050.2700282795,80051.4982650437,80049.45557072278,80051.36810579385,0,1
1371646140000,1371646199999,80051.38813040408,80051.38813040408,80047.85984273028,80049.69590935994,0,1
1371646200000,1371646259999,80049.82275242303,80049.82275242303,80047.68957219877,80048.31054484914,0,1
1371646260000,1371646319999,80048.05348020353,80048.05348020353,80046.06350951563,80046.06350951563,0,1
1371646320000,1371646379999,80045.78301200655,80046.2671992041,80044.35702800419,80044.69100033796,0,1
1371646380000,1371646439999,80044.73775557465,80048.1068967777,80044.73775557465,80046.68124414272,0,1
1371646440000,1371646499999,80046.45752844196,80047.32565095062,80044.39376550689,80044.39376550689,0,1
1371646500000,1371646559999,80044.64424488269,80045.3455537591,80044.5173361164,80045.25872770876,0,1
1371646560000,1371646619999,80045.30881975289,80046.60110775058,80045.07505473348,80046.22379027412,0,1
1371646620000,1371646679999,80046.18705949387,80048.55758776216,80046.18705949387,80048.55758776216,0,1
1371646680000,1371646739999,80048.0701729136,80049.75265513969,80048.0701729136,80049.75265513969,0,1
1371646740000,1371646799999,80049.74931716155,80050.21328543556,80048.47078959628,80048.77791818437,0,1
1371646800000,1371646859999,80048.5041735954,80049.56906468791,80047.13533823511,80047.14535478412,0,1
1371646860000,1371646919999,80047.43249158945,80050.3768374652,80047.43249158945,80050.3768374652,0,1
1371646920000,1371646979999,80049.54569838864,80050.28337949008,80049.235255231,80049.9395801367,0,1
1371646980000,1371647039999,80050.2900550887,80050.63718007611,80050.05640648551,80050.09979878174,0,1
1371647040000,1371647099999,80050.7673488399,80050.7673488399,80049.7626690674,80050.10647450291,0,1
1371647100000,1371647159999,80050.51034734311,80051.27799455152,80048.02009469978,80048.35728316565,0,1
1371647160000,1371647219999,80048.78793308821,80048.99490552215,80048.2070520852,80048.2070520852,0,1
1371647220000,1371647279999,80048.10021972153,80049.44555648755,80048.10021972153,80048.77457988085,0,1
1371647280000,1371647339999,80048.95484667571,80048.95818491904,80048.63103177563,80048.90143463082,0,1
1371647340000,1371647399999,80048.69779859252,80049.90953885498,80048.52086555316,80049.47559916317,0,1
1371647400000,1371647459999,80050.14319088969,80050.62049165051,80048.51085038185,80048.51085038185,0,1
1371647460000,1371647519999,80048.9348171923,80049.49896562626,80048.07351145228,80048.6744302573,0,1
1371647520000,1371647579999,80048.99156729107,80048.99156729107,80048.2905140752,80048.2905140752,0,1
1371647580000,1371647639999,80048.20371359111,80048.20371359111,80048.20371359111,80048.20371359111,0,1
1371647640000,1371647699999,80048.26046783902,80049.96294551565,80048.26046783902,80049.92289054689,0,1
1371647700000,1371647759999,80049.49896562626,80049.49896562626,80048.35728316565,80049.18518285138,0,1
1371647760000,1371647819999,80048.87472850141,80049.95626969867,80048.87472850141,80048.9848908256,0,1
1371647820000,1371647879999,80048.4507591433,80048.96819964236,80045.47245201509,80046.32396444361,0,1
1371647880000,1371647939999,80046.06017030586,80048.93147894117,80046.06017030586,80046.76471886833,0,1
1371647940000,1371647999999,80046.67790513921,80049.88951128368,80046.67790513921,80049.20854999307,0,1
1371648000000,1371648059999,80048.79794798204,80051.82532439966,80048.51085038185,80051.08775703999,0,1
1371648060000,1371648119999,80049.58575486827,80049.9395801367,80048.38065224198,80048.88808157503,0,1
1371648120000,1371648179999,80049.19185918315,80050.58043931547,80048.6009865626,80048.6009865626,0,1
1371648180000,1371648239999,80048.4607743748,80048.8647136845,80046.58441258807,80046.83149814712,0,1
1371648240000,1371648299999,80046.1536677584,80048.13694347527,80046.1536677584,80048.13694347527,0,1
1371648300000,1371648359999,80048.2971910043,80048.2971910043,80046.98842769694,80047.23884209104,0,1
1371648360000,1371648419999,80046.21043364235,80048.8279926033,80046.21043364235,80048.8279926033,0,1
1371648420000,1371648479999,80048.76456496364,80048.91144941098,80047.23216445524,80048.19703659958,0,1
1371648480000,1371648539999,80048.59430983632,80048.97487611898,80048.4273902308,80048.63103177563,0,1
1371648540000,1371648599999,80048.24377544661,80048.95818491904,80046.76137989268,80048.18702110395,0,1
1371648600000,1371648659999,80046.83483709936,80052.119001237,80046.83483709936,80049.48227530105,0,1
1371648660000,1371648719999,80051.06105674875,80059.70488824885,80051.06105674875,80052.315893378,0,1
1371648720000,1371648779999,80051.93879147284,80055.22877666756,80047.35903877288,80048.2905140752,0,1
1371648780000,1371648839999,80047.05854435939,80048.48748160976,80045.70620774505,80046.47756288784,0,1
1371648840000,1371648899999,80047.05186660319,80048.65440021225,80045.0884128818,80046.38406846362,0,1
1371648900000,1371648959999,80047.46254031346,80047.46254031346,80038.31688357872,80042.06567704237,0,1
1371648960000,1371649019999,80041.82849557333,80045.20195642208,80040.10458516562,80044.65426392722,0,1
1371649020000,1371649079999,80045.19527742598,80049.03496420814,80045.19527742598,80047.50928259357,0,1
1371649080000,1371649139999,80047.96667766196,80049.06166990963,80042.09240136232,80043.30494224321,0,1
1371649140000,1371649199999,80042.02559042857,80044.61752738152,80039.87069845632,80043.39846545985,0,1
1371649200000,1371649259999,80043.60554946982,80043.60554946982,80037.25079351314,80038.24336377464,0,1
1371649260000,1371649319999,80038.64771600827,80039.73036380495,80032.97192201357,80033.58043572238,0,1
1371649320000,1371649379999,80032.87830123323,80037.2875571316,80032.50715308641,80037.22739841286,0,1
1371649380000,1371649439999,80037.05694674434,80038.74462444535,80036.1277669554,80036.35505631915,0,1
1371649440000,1371649499999,80036.36842612087,80039.91079370929,80035.40241193642,80036.84304250056,0,1
1371649500000,1371649559999,80037.23074057339,80040.10124396544,80037.23074057339,80039.67021978006,0,1
1371649560000,1371649619999,80039.9542300519,80040.62913974957,80036.8530693642,80040.29169059453,0,1
1371649620000,1371649679999,80041.35745653963,80042.64357453455,80039.71699849736,80040.89307719174,0,1
1371649680000,1371649739999,80040.2148441456,80040.41197080733,80034.9210413137,80034.9210413137,0,1
1371649740000,1371649799999,80036.62244895686,80037.70531602897,80034.12539184435,80034.6235159392,0,1
1371649800000,1371649859999,80035.26535738251,80035.26535738251,80026.48661081494,80026.83456304917,0,1
1371649860000,1371649919999,80026.96838760783,80033.8913652462,80026.27248034523,80031.05252080735,0,1
1371649920000,1371649979999,80030.28666384732,80033.44335619503,80028.667803722,80029.80170225534,0,1
1371649980000,1371650039999,80030.23315199846,80031.88185433467,80028.61762825001,80031.34346419129,0,1
1371650040000,1371650099999,80033.03544990107,80033.03544990107,80028.65776864774,80032.07914532871,0,1
1371650100000,1371650159999,80032.05908201556,80036.89651899047,80031.80494323169,80035.29209988199,0,1
1371650160000,1371650219999,80035.74336877499,80036.89986126158,80032.03901866218,80035.56954909419,0,1
1371650220000,1371650279999,80035.47260988291,80041.51447201618,80035.47260988291,80041.51447201618,0,1
1371650280000,1371650339999,80040.29837286653,80040.29837286653,80036.17121973317,80038.1130318845,0,1
1371650340000,1371650399999,80037.2775307036,80039.55327202949,80036.3350015831,80036.3350015831,0,1
1371650400000,1371650459999,80035.89044460663,80036.52886234697,80029.77494506912,80033.58043572238,0,1
1371650460000,1371650519999,80033.42329561876,80036.74611563372,80031.64777522528,80035.2051864972,0,1
1371650520000,1371650579999,80034.99458554739,80042.2494052996,80034.99458554739,80041.3708196549,0,1
1371650580000,1371650639999,80041.87860480309,80044.98488676558,80041.87860480309,80043.77922952645,0,1
1371650640000,1371650699999,80044.80788801976,80044.80788801976,80039.10885810362,80039.33942117708,0,1
1371650700000,1371650759999,80039.2324940359,80042.23270287026,80037.31095209115,80040.11794995522,0,1
1371650760000,1371650819999,80040.29169059453,80041.34409340653,80038.52741457298,80038.81145730305,0,1
1371650820000,1371650879999,80039.2258110516,80044.80788801976,80037.91920182933,80044.36036778275,0,1
1371650880000,1371650939999,80043.59552937454,80044.89805758363,80042.53334233041,80042.58678839932,0,1
1371650940000,1371650999999,80043.57882919339,80045.93995801095,80039.05205189249,80040.36185422783,0,1
1371651000000,1371651059999,80040.15136185105,80043.25150001243,80040.15136185105,80041.99552536276,0,1
1371651060000,1371651119999,80041.7850673711,80043.09451180775,80041.22382440485,80041.96880078393,0,1
1371651120000,1371651179999,80041.56792353083,80043.56546902838,80038.78138257236,80042.81393100547,0,1
1371651180000,1371651239999,80043.2915817123,80046.57105643796,80041.46102021585,80041.7850673711,0,1
1371651240000,1371651299999,80041.59798988224,80044.40712456532,80040.03441972722,80042.9943052821,0,1
1371651300000,1371651359999,80041.30066310054,80045.41234251561,80040.19145597871,80045.41234251561,0,1
1371651360000,1371651419999,80045.38562706654,80045.62272418305,80041.36747887776,80044.73107626851,0,1
1371651420000,1371651479999,80043.79926933888,80044.63756551409,80041.71157306072,80043.1579754213,0,1
1371651480000,1371651539999,80043.70574987064,80051.62174789418,80043.50868812801,80049.04497885455,0,1
1371651540000,1371651599999,80049.7793589246,80049.7793589246,80046.15700693695,80046.85487078934,0,1
1371651600000,1371651659999,80047.20879269484,80051.62508524736,80046.66454911398,80051.37811810398,0,1
1371651660000,1371651719999,80050.61715396206,80051.89540715571,80048.31722176487,80049.8728216103,0,1
1371651720000,1371651779999,80048.90811115205,80052.03557119437,80048.52754232846,80051.50493983136,0,1
1371651780000,1371651839999,80051.54832584254,80054.41805931738,80051.54498846373,80052.14569870367,0,1
1371651840000,1371651899999,80053.06671765828,80054.37468575506,80051.81531253728,80052.40265817566,0,1
1371651900000,1371651959999,80052.7764056212,80054.81842177891,80052.7530468151,80053.51718516856,0,1
1371651960000,1371652019999,80053.23689665824,80055.2821549276,80052.83647087209,80054.31462974283,0,1
1371652020000,1371652079999,80054.91183738025,80055.54570591013,80052.315893378,80052.74970983833,0,1
1371652080000,1371652139999,80053.29695914323,80057.64052238119,80052.98663242089,80056.86002103875,0,1
1371652140000,1371652199999,80056.88003465469,80057.45040587144,80052.082292104,80053.15013909856,0,1
1371652200000,1371652259999,80053.43376679019,80054.85512086922,80050.13317734303,80051.32138154734,0,1
1371652260000,1371652319999,80050.4536058628,80052.84981865663,80050.04639285195,80051.53831370281,0,1
1371652320000,1371652379999,80051.1344823781,80054.8017403297,80051.1344823781,80052.32924185741,0,1
1371652380000,1371652439999,80051.89206989275,80053.02333823431,80049.70258535074,80053.02333823431,0,1
1371652440000,1371652499999,80053.6139496157,80053.88421776675,80051.19455749201,80053.88421776675,0,1
1371652500000,1371652559999,80053.63396972923,80053.63396972923,80050.03637920837,80050.3334463711,0,1
1371652560000,1371652619999,80050.96426759541,80051.90541893791,80049.66586734618,80050.95759244685,0,1
1371652620000,1371652679999,80051.36143091485,80051.98551283465,80048.88140504045,80051.20456997592,0,1
1371652680000,1371652739999,80050.80740042635,80051.67180807487,80050.10647450291,80051.67180807487,0,1
1371652740000,1371652799999,80051.34474369787,80055.6057545295,80051.34474369787,80053.80747570102,0,1
1371652800000,1371652859999,80053.73073304634,80053.99766148083,80050.57376391068,80051.68849474605,0,1
1371652860000,1371652919999,80051.4749032518,80052.01554788055,80049.81941446831,80051.80530066486,0,1
1371652920000,1371652979999,80051.40148012199,80056.5664834032,80051.40148012199,80055.31218007367,0,1
1371652980000,1371653039999,80054.99190720114,80056.66655401971,80054.47811470846,80056.66655401971,0,1
1371653040000,1371653099999,80056.23957907707,80058.11413024929,80055.81925781145,80058.11413024929,0,1
1371653100000,1371653159999,80057.7872765133,80058.6610860734,80055.49900117911,80055.49900117911,0,1
1371653160000,1371653219999,80055.82259376407,80055.8726329197,80050.23331235842,80050.23331235842,0,1
1371653220000,1371653279999,80048.80796286582,80050.66388149912,80047.4592015708,80049.70926133709,0,1
1371653280000,1371653339999,80048.70447524969,80051.3113691804,80044.1032015707,80044.60416860419,0,1
1371653340000,1371653399999,80043.06444995549,80043.06444995549,80040.38858310148,80042.05231485564,0,1
1371653400000,1371653459999,80042.21600041301,80043.75250971409,80041.327389465,80043.22811894666,0,1
1371653460000,1371653519999,80043.66900984025,80044.77115203842,80041.4075681298,80041.77504545148,0,1
1371653520000,1371653579999,80042.9141393386,80043.89278793255,80041.98550365407,80043.42184612736,0,1
1371653580000,1371653639999,80046.36737293874,80047.98003194816,80044.69767967088,80046.07018793188,0,1
1371653640000,1371653699999,80046.92498838824,80046.92498838824,80041.80177054812,80042.4765555692,0,1
1371653700000,1371653759999,80043.54208869669,80045.32885650029,80040.79953054087,80041.26057341993,0,1
1371653760000,1371653819999,80040.59907048501,80040.59907048501,80036.05757360782,80038.2233128252,0,1
1371653820000,1371653879999,80038.07627130066,80040.78950763351,80036.79625033731,80036.79625033731,0,1
1371653880000,1371653939999,80037.08702666167,80045.31215921357,80036.92325712818,80045.31215921357,0,1
1371653940000,1371653999999,80044.92811392424,80046.54434408428,80041.41090889355,80042.18259541481,0,1
1371654000000,1371654059999,80042.75046520843,80044.38040643063,80037.70531602897,80037.70531602897,0,1
1371654060000,1371654119999,80038.31688357872,80042.24272433123,80038.15981788666,80039.4229572106,0,1
1371654120000,1371654179999,80038.87828971409,80039.69026782857,80037.01015558197,80037.37779453116,0,1
1371654180000,1371654239999,80036.73608866284,80040.05446704557,80036.73608866284,80038.4639215653,0,1
1371654240000,1371654299999,80037.71868402552,80039.84396819839,80037.27084641269,80038.28680736056,0,1
1371654300000,1371654359999,80038.64103263317,80041.6046712814,80036.9767331891,80038.62766586956,0,1
1371654360000,1371654419999,80038.83819032107,80042.89075748401,80038.83819032107,80042.89075748401,0,1
1371654420000,1371654479999,80043.3750847377,80043.7291298197,80040.06783190214,80042.20597892527,0,1
1371654480000,1371654539999,80043.08449120037,80043.08449120037,80037.6718959594,80038.87160649309,0,1
1371654540000,1371654599999,80040.20816181778,80041.58796777515,80038.37703574364,80040.53224957343,0,1
1371654600000,1371654659999,80041.34409340653,80042.24606481596,80039.64014763197,80040.26162031527,0,1
1371654660000,1371654719999,80039.6368062766,80045.18525892348,80038.76133270164,80045.18525892348,0,1
1371654720000,1371654779999,80046.42413760962,80048.9181259255,80045.64609965065,80045.64609965065,0,1
1371654780000,1371654839999,80044.41380408785,80046.37405115204,80043.56212898434,80045.32217758894,0,1
1371654840000,1371654899999,80047.27556900821,80047.55268594372,80044.38374620136,80046.6445150427,0,1
1371654900000,1371654959999,80046.48090195828,80046.48090195828,80043.88610806201,80044.77115203842,0,1
1371654960000,1371655019999,80043.96292630387,80048.17700559826,80043.96292630387,80047.0986108029,0,1
1371655020000,1371655079999,80047.28892421738,80049.67588136079,80046.87156550033,80048.96819964236,0,1
1371655080000,1371655139999,80049.13177203677,80050.90085350422,80048.0601572909,80048.65773855588,0,1
1371655140000,1371655199999,80048.37397536858,80052.41266945003,80047.40244277516,80052.41266945003,0,1
1371655200000,1371655259999,80051.8720462916,80051.8720462916,80048.0935426609,80048.65106186751,0,1
1371655260000,1371655319999,80048.67776859425,80051.4682284441,80048.5542493851,80048.61100164364,0,1
1371655320000,1371655379999,80048.53755748305,80048.89809636856,80044.74109522603,80045.11846865027,0,1
1371655380000,1371655439999,80044.67096231246,80045.14184529663,80042.7538055236,80043.5253884263,0,1
1371655440000,1371655499999,80043.53874864485,80044.97152847897,80042.61685168755,80044.93813268436,0,1
1371655500000,1371655559999,80044.82124652498,80045.08173380987,80038.88163132292,80040.46208713567,0,1
1371655560000,1371655619999,80041.22716522998,80041.86524236637,80040.32844303527,80041.48106467446,0,1
1371655620000,1371655679999,80040.39526530873,80041.19041609213,80038.2233128252,80040.40528861123,0,1
1371655680000,1371655739999,80039.75041173288,80043.30160211216,80039.07544272438,80042.56340577932,0,1
1371655740000,1371655799999,80041.2438693389,80047.21547034624,80040.0878791535,80045.27208561174,0,1
1371655800000,1371655859999,80043.79926933888,80045.06169656731,80041.44765722111,80043.79926933888,0,1
1371655860000,1371655919999,80042.56674615695,80042.56674615695,80037.4178997807,80039.82057916406,0,1
1371655920000,1371655979999,80040.31173739713,80045.54257930782,80038.81814056425,80044.13660015374,0,1
1371655980000,1371656039999,80044.18335798258,80045.63274224727,80043.9094875894,80043.9094875894,0,1
1371656040000,1371656099999,80044.34032909472,80046.17704198493,80044.00634504911,80046.02009970146,0,1
1371656100000,1371656159999,80045.89988692483,80051.78861418855,80045.21865389279,80051.78861418855,0,1
1371656160000,1371656219999,80051.1378198939,80051.1378198939,80049.03830242473,80049.69590935994,0,1
1371656220000,1371656279999,80049.0049202087,80049.3253848825,80045.06837565263,80045.94663650967,0,1
1371656280000,1371656339999,80044.9147555618,80048.96152316127,80044.9147555618,80045.28878296535,0,1
1371656340000,1371656399999,80045.70954707303,80046.86822656037,80043.77254958007,80044.42382336325,0,1
1371656400000,1371656459999,80044.4037848024,80044.44720163352,80040.48547466964,80040.48547466964,0,1
1371656460000,1371656519999,80040.93316834567,80043.87608824782,80038.8415319433,80040.82291728562,0,1
1371656520000,1371656579999,80040.90644092757,80042.55672502071,80037.57497712609,80039.21244506964,0,1
1371656580000,1371656639999,80039.1857130521,80045.91992248797,80038.65439937892,80045.65611769147,0,1
1371656640000,1371656699999,80044.30359139573,80046.17704198493,80043.40180555856,80043.5587889392,0,1
1371656700000,1371656759999,80044.4204836059,80044.4204836059,80041.80845181111,80042.24272433123,0,1
1371656760000,1371656819999,80042.32957657217,80043.97628593788,80041.92871378176,80042.2193409067,0,1
1371656820000,1371656879999,80040.83628111522,80040.98662296754,80038.76133270164,80040.65252689284,0,1
1371656880000,1371656939999,80040.42533518613,80040.42533518613,80036.19461730453,80039.34276263182,0,1
1371656940000,1371656999999,80038.95180485037,80040.63916281768,80038.55414835033,80040.42867627802,0,1
1371657000000,1371657059999,80040.21150298225,80040.21150298225,80037.69194801454,80038.49399725077,0,1
1371657060000,1371657119999,80039.54658925955,80040.82959920264,80037.21402975953,80040.29503173109,0,1
1371657120000,1371657179999,80040.55229589378,80042.64357453455,80040.22486762895,80041.96211962806,0,1
1371657180000,1371657239999,80042.27612912854,80042.87405612585,80040.56566008502,80040.56566008502,0,1
1371657240000,1371657299999,80040.93316834567,80041.82515494907,80038.60093228875,80039.02197788538,0,1
1371657300000,1371657359999,80039.29932363311,80041.26057341993,80039.10551657071,80040.64918587572,0,1
1371657360000,1371657419999,80040.77948471611,80041.27727747304,80038.65439937892,80038.77135764202,0,1
1371657420000,1371657479999,80039.46305425881,80039.91079370929,80037.91920182933,80039.57666168902,0,1
1371657480000,1371657539999,80039.57666168902,80040.92648649783,80039.0587349929,80039.20242057143,0,1
1371657540000,1371657599999,80038.83150707326,80039.20910357134,80031.53407768082,80031.74140752656,0,1
1371657600000,1371657659999,80032.16942973965,80034.60345773026,80032.16942973965,80034.40287342819,0,1
1371657660000,1371657719999,80034.15882376842,80034.3995303224,80029.10599214409,80029.27323457069,0,1
1371657720000,1371657779999,80030.54418561503,80032.68771336495,80029.75822179136,80032.21958739351,0,1
1371657780000,1371657839999,80030.82511088927,80031.51066920237,80030.01241259502,80030.60438455245,0,1
1371657840000,1371657899999,80029.91207489176,80032.60412104869,80029.91207489176,80031.10937247884,0,1
1371657900000,1371657959999,80031.76481546489,80033.77434989328,80030.84852097256,80032.43693431983,0,1
1371657960000,1371658019999,80032.66096389976,80033.83787268335,80031.75478349804,80031.7949113051,0,1
1371658020000,1371658079999,80032.3098705365,80034.4998230099,80032.3098705365,80033.91142488351,0,1
1371658080000,1371658139999,80034.0685573169,80034.57337034146,80031.04583235415,80032.45030936101,0,1
1371658140000,1371658199999,80033.60049598341,80033.60049598341,80031.04583235415,80031.16622382711,0,1
1371658200000,1371658259999,80031.39697009901,80034.6937193536,80030.8351437888,80033.64061638471,0,1
1371658260000,1371658319999,80035.31215670968,80036.3049194036,80034.05852766088,80035.59294807335,0,1
1371658320000,1371658379999,80034.69037634502,80037.01349781512,80034.27917776965,80034.92772717548,0,1
1371658380000,1371658439999,80035.45255337705,80035.45255337705,80032.1293034354,80032.91173732682,0,1
1371658440000,1371658499999,80032.25971333546,80037.09705328067,80032.25971333546,80037.09705328067,0,1
1371658500000,1371658559999,80036.70935002468,80038.81145730305,80035.395726392,80035.750054087,0,1
1371658560000,1371658619999,80035.55617822436,80037.21737192453,80034.02843863245,80034.51319529222,0,1
1371658620000,1371658679999,80034.36275608497,80034.60345773026,80030.63448388527,80033.32967906415,0,1
1371658680000,1371658739999,80034.30592290655,80034.43630442461,80032.43024679253,80033.88133541247,0,1
1371658740000,1371658799999,80033.80443968625,80034.55331203196,80031.19297729094,80032.0858330908,0,1
1371658800000,1371658859999,80032.11258409446,80035.51606550763,80032.11258409446,80035.51606550763,0,1
1371658860000,1371658919999,80034.47976455287,80034.47976455287,80032.21289972085,80032.31990194651,0,1
1371658920000,1371658979999,80033.33636598998,80034.56334119174,80032.46034063015,80033.98831978707,0,1
1371658980000,1371659039999,80034.44967679189,80035.17510091877,80032.77799228167,80034.1387646274,0,1
1371659040000,1371659099999,80034.86086835657,80034.86086835657,80032.33327714421,80033.40657844115,0,1
1371659100000,1371659159999,80032.48709063198,80035.14501524983,80032.42021549321,80033.24609211407,0,1
1371659160000,1371659219999,80033.2661530458,80033.2661530458,80026.86132810418,80027.55384899591,0,1
1371659220000,1371659279999,80027.60402980573,80027.73449873281,80024.39529667069,80027.02191692987,0,1
1371659280000,1371659339999,80028.37009223684,80032.79805415249,80027.34308684485,80030.46057537853,0,1
1371659340000,1371659399999,80029.52743770242,80031.2933021428,80027.9184904806,80031.2933021428,0,1
1371659400000,1371659459999,80030.82845519023,80030.82845519023,80026.78437837794,80027.3899232623,0,1
1371659460000,1371659519999,80028.83505347706,80029.46723228153,80026.94162283937,80027.47355917643,0,1
1371659520000,1371659579999,80027.329704971,80028.45037485844,80027.02191692987,80028.3399860876,0,1
1371659580000,1371659639999,80028.84843333662,80029.28995865952,80028.84843333662,80029.14947544408,0,1
1371659640000,1371659699999,80028.83505347706,80029.70470711464,80028.78153385979,80029.10933702003,0,1
1371659700000,1371659759999,80028.92202224424,80029.21302761933,80025.36572082041,80027.67428251644,0,1
1371659760000,1371659819999,80028.08909798552,80030.90871807795,80026.65724275031,80029.43712943514,0,1
1371659820000,1371659879999,80029.42375036323,80030.20305145765,80028.88522785813,80029.85187178655,0,1
1371659880000,1371659939999,80029.60436632387,80030.5174304154,80027.30294116956,80029.20968277806,0,1
1371659940000,1371659999999,80028.36005686384,80030.35355325573,80027.36315962205,80029.8685949077,0,1
1371660000000,1371660059999,80029.03240459028,80031.13612609475,80028.62766336455,80029.07588821027,0,1
1371660060000,1371660119999,80028.18276361327,80029.79501296551,80027.63079280134,80029.09261262913,0,1
1371660120000,1371660179999,80029.33678595943,80031.00235729941,80029.33678595943,80030.70471530952,0,1
1371660180000,1371660239999,80030.54753000995,80032.94182971548,80029.87193952856,80032.50715308641,0,1
1371660240000,1371660299999,80031.8584466703,80031.8584466703,80029.30333791043,80029.30333791043,0,1
1371660300000,1371660359999,80029.84518253028,80034.8909548804,80029.38695782315,80034.45301988091,0,1
1371660360000,1371660419999,80034.16885332385,80035.40575470694,80034.06521409933,80034.33601110008,0,1
1371660420000,1371660479999,80035.42581130666,80035.42581130666,80032.16274203344,80032.6007773415,0,1
1371660480000,1371660539999,80034.01506570188,80034.14879420295,80032.35333990722,80032.35333990722,0,1
1371660540000,1371660599999,80032.29315149743,80033.94820078071,80032.21958739351,80032.8482086534,0,1
1371660600000,1371660659999,80032.56065276808,80033.27284001412,80030.6545500568,80032.49377812126,0,1
1371660660000,1371660719999,80033.05885481052,80033.05885481052,80030.96891482096,80030.96891482096,0,1
1371660720000,1371660779999,80031.12274929574,80032.41687172453,80029.30668272037,80029.30668272037,0,1
1371660780000,1371660839999,80029.84852715897,80032.56065276808,80028.97888602922,80030.80838936764,0,1
1371660840000,1371660899999,80031.22641902005,80032.83149051439,80030.98563607417,80031.76481546489,0,1
1371660900000,1371660959999,80031.73137553623,80031.73137553623,80029.33678595943,80029.33678595943,0,1
1371660960000,1371661019999,80029.28661384399,80029.66791560827,80028.49051592754,80028.99561061032,0,1
1371661020000,1371661079999,80028.97219618894,80029.78832367118,80028.97219618894,80029.78832367118,0,1
1371661080000,1371661139999,80029.10933702003,80029.57091916987,80028.76146392945,80028.84843333662,0,1
1371661140000,1371661199999,80027.93187156659,80028.12589530104,80026.36281719629,80028.12589530104,0,1
1371661200000,1371661259999,80027.6609010858,80029.14947544408,80026.99180672149,80027.25944983948,0,1
1371661260000,1371661319999,80026.78103272423,80027.9419073693,80025.59660097405,80027.40330505556,0,1
1371661320000,1371661379999,80027.48694085778,80030.38365334352,80027.48694085778,80029.01902497686,0,1
1371661380000,1371661439999,80029.4103712734,80029.4103712734,80025.78063206126,80027.06206373335,0,1
1371661440000,1371661499999,80026.19218023696,80027.80475052694,80026.19218023696,80026.31263015755,0,1
1371661500000,1371661559999,80025.97804346244,80027.15239345188,80025.97135161435,80026.8579824762,0,1
1371661560000,1371661619999,80027.1624300369,80029.11602676856,80026.69069965114,80026.69069965114,0,1
1371661620000,1371661679999,80029.537471904,80031.18963311186,80028.65442362076,80029.49064554382,0,1
1371661680000,1371661739999,80030.48733073026,80030.84852097256,80028.79825877094,80028.90195259587,0,1
1371661740000,1371661799999,80029.34347555581,80030.09268203277,80028.96550634419,80028.99561061032,0,1
1371661800000,1371661859999,80029.03909439029,80032.70777541689,80029.03909439029,80031.41034653121,0,1
1371661860000,1371661919999,80030.71809266772,80034.17888286922,80030.71809266772,80032.63421436305,0,1
1371661920000,1371661979999,80032.63087066593,80035.338899084,80032.63087066593,80034.55665508632,0,1
1371661980000,1371662039999,80034.05518443997,80034.43630442461,80032.32993334645,80032.32993334645,0,1
1371662040000,1371662099999,80031.70127950479,80033.65398981606,80031.70127950479,80033.65398981606,0,1
1371662100000,1371662159999,80033.38651779112,80033.38651779112,80031.68121543352,80031.68121543352,0,1
1371662160000,1371662219999,80031.93870129147,80032.5773713599,80030.95219353981,80031.89523011829,0,1
1371662220000,1371662279999,80030.66458312748,80031.28995799729,80030.66458312748,80030.7849791904,0,1
1371662280000,1371662339999,80030.71474832986,80034.72380638032,80030.71474832986,80033.71082669972,0,1
1371662340000,1371662399999,80033.3497398282,80034.59677165169,80032.31990194651,80032.31990194651,0,1
1371662400000,1371662459999,80031.99220401442,80033.90808161342,80030.88530813556,80030.88530813556,0,1
1371662460000,1371662519999,80031.53742174468,80032.91173732682,80031.53742174468,80032.80808507279,0,1
1371662520000,1371662579999,80034.40621653287,80035.80019378454,80033.57040557677,80033.9582305474,0,1
1371662580000,1371662639999,80033.06888546921,80033.06888546921,80031.91863769657,80032.7579303706,0,1
1371662640000,1371662699999,80032.36002748593,80033.13575627015,80030.68799358659,80030.68799358659,0,1
1371662700000,1371662759999,80030.74484733048,80033.583779102,80030.74484733048,80033.48013381363,0,1
1371662760000,1371662819999,80033.49685086828,80034.58339948113,80032.5773713599,80032.70777541689,0,1
1371662820000,1371662879999,80031.76481546489,80033.67739327787,80031.2498281639,80031.84841479736,0,1
1371662880000,1371662939999,80032.05908201556,80034.11536224533,80030.8886524164,80034.11536224533,0,1
1371662940000,1371662999999,80033.85793242796,80033.85793242796,80030.98229182577,80031.68790346175,0,1
1371663000000,1371663059999,80031.36352894024,80031.62102297817,80028.86181317829,80029.21971729849,0,1
1371663060000,1371663119999,80029.22975180885,80030.64451697607,80029.05916376342,80029.15951002493,0,1
1371663120000,1371663179999,80029.0457841858,80029.56088500185,80028.93874692045,80029.51071401074,0,1
1371663180000,1371663239999,80029.19964824757,80030.58097389764,80028.94878171274,80029.19964824757,0,1
1371663240000,1371663299999,80028.65442362076,80029.22640697318,80026.74757612564,80027.44679576001,0,1
1371663300000,1371663359999,80027.38323235894,80029.38695782315,80027.1624300369,80028.70794391831,0,1
1371663360000,1371663419999,80028.91533236593,80028.95547156868,80027.32301402735,80028.70794391831,0,1
1371663420000,1371663479999,80028.93874692045,80029.81508082162,80028.68452882337,80029.81508082162,0,1
1371663480000,1371663539999,80029.30668272037,80029.55754027693,80027.73784406752,80027.76126137924,0,1
1371663540000,1371663599999,80029.19295855498,80030.48733073026,80028.48048067538,80028.48048067538,0,1
1371663600000,1371663659999,80027.53377660147,80028.82836354055,80026.84459995318,80026.84459995318,0,1
1371663660000,1371663719999,80027.24941335183,80027.65086500105,80027.00184346767,80027.51704957534,0,1
1371663720000,1371663779999,80027.46686832904,80028.27642836371,80026.56690855898,80027.61741131249,0,1
1371663780000,1371663839999,80028.24632193246,80028.24632193246,80027.02191692987,80027.89841881809,0,1
1371663840000,1371663899999,80027.7445347336,80027.7445347336,80026.7776870694,80027.50032252121,0,1
1371663900000,1371663959999,80026.75092179053,80026.75092179053,80025.3724130738,80025.3724130738,0,1
1371663960000,1371664019999,80025.44602756541,80026.99515230468,80025.20510539565,80026.18548853217,0,1
1371664020000,1371664079999,80025.93789230673,80026.03157808597,80025.11475808553,80025.68025188807,0,1
1371664080000,1371664139999,80025.52298759087,80025.92450855233,80024.61616009945,80024.61616009945,0,1
1371664140000,1371664199999,80024.7299363257,80025.79067002315,80024.32167444374,80025.79067002315,0,1
1371664200000,1371664259999,80025.38579756713,80028.58417779548,80025.28541343051,80027.78802395407,0,1
1371664260000,1371664319999,80028.73470395968,80030.52411922203,80028.63769846903,80030.52411922203,0,1
1371664320000,1371664379999,80030.28331936516,80030.34351987297,80029.02571478582,80029.73146448881,0,1
1371664380000,1371664439999,80029.87528414831,80029.87528414831,80028.6209732893,80028.72801395606,0,1
1371664440000,1371664499999,80028.68452882337,80028.68452882337,80026.49330231824,80027.07879152056,0,1
1371664500000,1371664559999,80027.19923076248,80027.48694085778,80026.0282321804,80027.37654145111,0,1
1371664560000,1371664619999,80027.27283180734,80027.27283180734,80026.00146489551,80026.44311593438,0,1
1371664620000,1371664679999,80026.28251781344,80027.5304311985,80025.94123824252,80027.5304311985,0,1
1371664680000,1371664739999,80029.00564534556,80029.6210898589,80027.02526250298,80028.27977351715,0,1
1371664740000,1371664799999,80027.59733904563,80029.09595750955,80026.99849788674,80029.09595750955,0,1
1371664800000,1371664859999,80028.99226569633,80036.09434161324,80017.74368376087,80031.21973068318,0,1
1371664860000,1371664919999,80032.73786841931,80039.32939680616,80028.6209732893,80028.6209732893,0,1
1371664920000,1371664979999,80027.77129735319,80032.42021549321,80018.13212300533,80020.83738475591,0,1
1371664980000,1371665039999,80019.6422046447,80020.321834384,80001.46255356945,80005.08771707267,0,1
1371665040000,1371665099999,80007.10597121593,80007.10597121593,79989.00760297987,79989.18559213563,0,1
1371665100000,1371665159999,79990.71348191965,80004.0851437444,79990.16615483165,80004.0851437444,0,1
1371665160000,1371665219999,80005.29224309954,80012.14982520258,80002.3882521707,80009.36177653041,0,1
1371665220000,1371665279999,80009.10706025749,80010.82626920442,79995.68506327526,79999.31903115011,0,1
1371665280000,1371665339999,80000.55018704435,80002.65990832246,79990.43142752947,80002.51569671641,0,1
1371665340000,1371665399999,80002.66326205597,80015.56680534901,79999.8725668596,80015.56680534901,0,1
1371665400000,1371665459999,80014.53178463511,80015.80795983595,80005.90914872792,80010.21972045492,0,1
1371665460000,1371665519999,80010.84302417257,80012.8098623492,80006.0097275591,80010.21972045492,0,1
1371665520000,1371665579999,80010.3068512674,80029.24982079933,80010.3068512674,80029.24982079933,0,1
1371665580000,1371665639999,80029.72143048188,80036.1277669554,80026.94162283937,80036.1277669554,0,1
1371665640000,1371665699999,80035.13164381236,80047.88989017018,80035.13164381236,80043.76586962919,0,1
1371665700000,1371665759999,80040.54227273862,80047.48591148082,80037.17726587076,80046.76805784286,0,1
1371665760000,1371665819999,80047.66954018093,80052.11566404867,80044.059783246,80045.61938482606,0,1
1371665820000,1371665879999,80044.9114159684,80046.18372032534,80040.73939294605,80042.24606481596,0,1
1371665880000,1371665939999,80042.63021311998,80044.84128424933,80040.00434867432,80042.36632152395,0,1
1371665940000,1371665999999,80041.68150705079,80043.12457356963,80037.45132069913,80038.76133270164,0,1
1371666000000,1371666059999,80038.59424888236,80041.15032596953,80035.82693485377,80038.1297411961,0,1
1371666060000,1371666119999,80038.3436179189,80038.3436179189,80026.62044003012,80029.42709513288,0,1
1371666120000,1371666179999,80029.6812943535,80034.74386434784,80029.32675155648,80031.27992555404,0,1
1371666180000,1371666239999,80029.27992420958,80029.27992420958,80020.47248496856,80020.92442310535,0,1
1371666240000,1371666299999,80019.08976220446,80019.08976220446,80011.90523184657,80016.63186045657,0,1
1371666300000,1371666359999,80017.83409769091,80023.90335604682,80014.3810445263,80022.52110762846,0,1
1371666360000,1371666419999,80021.86171117012,80022.88927962775,80015.57350416329,80018.32298848486,0,1
1371666420000,1371666479999,80019.18686035913,80031.27992555404,80018.59086371528,80030.33014201367,0,1
1371666480000,1371666539999,80031.01239002112,80031.15284706836,80021.96547694734,80027.08882817945,0,1
1371666540000,1371666599999,80028.16603767265,80032.45699687488,80026.98511555175,80028.31991527106,0,1
1371666600000,1371666659999,80028.12589530104,80030.14953916134,80023.37122975873,80023.37122975873,0,1
1371666660000,1371666719999,80024.18446793806,80027.12228363636,80019.26052039929,80020.63317642389,0,1
1371666720000,1371666779999,80020.58965607638,80022.75874746991,80010.28674422421,80010.28674422421,0,1
1371666780000,1371666839999,80009.7237305998,80013.93886043159,80004.85636291825,80007.80991753931,0,1
1371666840000,1371666899999,80008.28253940922,80031.58423852157,80008.28253940922,80008.56073900205,0,1
1371666900000,1371666959999,80008.69816004149,80022.89597353863,80008.69816004149,80022.89597353863,0,1
1371666960000,1371667019999,80022.35040510222,80044.50063747462,80020.35866029203,80040.78282568969,0,1
1371667020000,1371667079999,80040.4520638901,80048.79127138726,80040.4520638901,80044.43050287463,0,1
1371667080000,1371667139999,80043.42852630801,80047.38574895043,80022.33701654556,80022.33701654556,0,1
1371667140000,1371667199999,80022.67172508473,80030.5776295139,80013.3794025361,80028.98223094767,0,1
1371667200000,1371667259999,80027.00518904752,80041.39086429431,80020.47248496856,80038.32022537514,0,1
1371667260000,1371667319999,80037.57497712609,80044.31361078157,80034.35941296576,80036.27149465357,0,1
1371667320000,1371667379999,80035.79685114586,80035.81690696119,80028.74808395353,80028.74808395353,0,1
1371667380000,1371667439999,80024.35848562497,80044.38374620136,80024.35848562497,80040.04778461058,0,1
1371667440000,1371667499999,80038.82482382099,80039.93084127548,80028.68452882337,80033.20262662391,0,1
1371667500000,1371667559999,80032.81811598304,80033.4834772268,80022.22656026907,80023.4013508707,0,1
1371667560000,1371667619999,80022.33701654556,80027.9184904806,80017.04378531282,80025.3791053227,0,1
1371667620000,1371667679999,80025.6835979101,80025.6835979101,80012.91037179808,80013.72111107883,0,1
1371667680000,1371667739999,80014.44469062719,80017.34183418115,80004.93012859218,80008.79871082517,0,1
1371667740000,1371667799999,80007.73952513686,80016.06250548536,80007.32721682875,80014.26715049263,0,1
1371667800000,1371667859999,80013.98910960888,80013.98910960888,79999.41967628543,79999.41967628543,0,1
1371667860000,1371667919999,80000.40929949979,80006.52266386307,79999.13786735389,80003.05228751372,0,1
1371667920000,1371667979999,80004.0147251174,80013.63401001011,80002.4217903665,80002.59954092646,0,1
1371667980000,1371668039999,80002.51569671641,80012.26709386795,80002.26080600078,80012.26709386795,0,1
1371668040000,1371668099999,80012.12637130449,80012.12637130449,79998.19509165714,80000.79505829157,0,1
1371668100000,1371668159999,79999.91617746187,79999.91617746187,79990.16615483165,79996.29249423681,0,1
1371668160000,1371668219999,79993.912899136,79993.912899136,79970.65436670142,79976.51022037622,0,1
1371668220000,1371668279999,79977.63323748727,79979.34105769427,79960.42446571996,79960.42446571996,0,1
1371668280000,1371668339999,79961.38427933499,79966.72387576682,79960.97679077282,79965.17885065205,0,1
1371668340000,1371668399999,79964.48872963317,79964.53922790807,79943.35134058094,79948.03966175542,0,1
1371668400000,1371668459999,79949.27714676262,79952.7594910931,79942.32906216437,79947.7125624735,0,1
1371668460000,1371668519999,79948.71743136762,79958.05316278567,79943.75280088441,79956.90099163241,0,1
1371668520000,1371668579999,79955.61053710255,79965.35389816736,79950.10654690786,79963.07467439311,0,1
1371668580000,1371668639999,79963.52921395554,79972.99241050279,79961.46173396047,79970.92688628122,0,1
1371668640000,1371668699999,79970.7014693819,79973.62476583826,79967.43403598903,79973.62476583826,0,1
1371668700000,1371668759999,79973.8803874967,79973.8803874967,79965.83189692802,79970.9134286985,0,1
1371668760000,1371668819999,79970.72502063894,79977.63323748727,79968.24847046066,79976.74223125317,0,1
1371668820000,1371668879999,79977.1154548476,79977.1154548476,79971.97988597721,79976.14033683234,0,1
1371668880000,1371668939999,79975.05078216318,79975.27273811301,79967.25229362499,79968.78690311026,0,1
1371668940000,1371668999999,79968.59508980316,79971.60983482265,79963.22618987621,79970.0655644747,0,1
1371669000000,1371669059999,79971.19266982879,79979.1057454635,79970.68801149583,79977.88203259611,0,1
1371669060000,1371669119999,79978.29219480188,79983.11202111926,79973.18077584814,79977.07510702245,0,1
1371669120000,1371669179999,79977.96944562435,79977.96944562435,79968.65229766576,79970.7653940934,0,1
1371669180000,1371669239999,79971.18594121853,79972.80740537058,79961.92308169199,79961.95338846216,0,1
1371669240000,1371669299999,79963.89956424973,79970.43903733665,79958.89867762472,79965.59626659162,0,1
1371669300000,1371669359999,79964.88260941471,79976.92716360408,79964.88260941471,79971.66702544117,0,1
1371669360000,1371669419999,79970.63081527798,79970.63081527798,79963.19251996724,79967.3196059968,0,1
1371669420000,1371669479999,79966.7407047915,79966.7407047915,79960.71747122394,79962.89958697565,0,1
1371669480000,1371669539999,79960.55918196042,79964.80181482686,79956.119326267,79958.96941466935,0,1
1371669540000,1371669599999,79960.02704223656,79961.79848622736,79956.53038205036,79957.83419310539,0,1
1371669600000,1371669659999,79957.34233603491,79968.07347360723,79957.34233603491,79963.69418987159,0,1
1371669660000,1371669719999,79964.51566207818,79968.78353799623,79957.29853936935,79967.21527162736,0,1
1371669720000,1371669779999,79968.44029041645,79970.23716184603,79965.2731073872,79965.8217985989,0,1
1371669780000,1371669839999,79966.48490055982,79973.90056787565,79966.48490055982,79973.58440392645,0,1
1371669840000,1371669899999,79973.2144121436,79973.83329978742,79969.00563309333,79972.59212236255,0,1
1371669900000,1371669959999,79972.49457072368,79981.94929098728,79971.96306576727,79978.85361907151,0,1
1371669960000,1371670019999,79978.63510438976,79984.2074177329,79977.5895295992,79982.51723097668,0,1
1371670020000,1371670079999,79981.89551984933,79986.35418146124,79979.0082573457,79984.24437687574,0,1
1371670080000,1371670139999,79985.00368903337,79989.49454692147,79982.59116162032,79987.36189280519,0,1
1371670140000,1371670199999,79987.91609076249,79997.49717908651,79987.91609076249,79991.88526557213,0,1
1371670200000,1371670259999,79993.36574713755,79997.37973708734,79987.10661553543,79987.10661553543,0,1
1371670260000,1371670319999,79986.15934555339,79986.98905144328,79978.96119377627,79984.03941990745,0,1
1371670320000,1371670379999,79983.63285349015,79986.74048281228,79982.11060266632,79984.13685898998,0,1
1371670380000,1371670439999,79984.84914344443,79988.87998616346,79982.29879633643,79983.36404016991,0,1
1371670440000,1371670499999,79982.18453631626,79986.85469078837,79976.53375795692,79977.04148371046,0,1
1371670500000,1371670559999,79976.469870109,79980.10410355184,79976.469870109,79979.8116655449,0,1
1371670560000,1371670619999,79979.61670212238,79987.20066581405,79979.15953160443,79985.88052204746,0,1
1371670620000,1371670679999,79987.29471520812,79993.96324904269,79985.79989693408,79993.57722661272,0,1
1371670680000,1371670739999,79994.15457637607,79994.15457637607,79987.0763849009,79988.56765392657,0,1
1371670740000,1371670799999,79987.43578764074,79987.67426270357,79979.03178904735,79980.84356380669,0,1
1371670800000,1371670859999,79979.53266499209,79982.93056346997,79979.38811947597,79979.77469001547,0,1
1371670860000,1371670919999,79980.86709118997,79980.86709118997,79970.83941166988,79970.83941166988,0,1
1371670920000,1371670979999,79970.4760474012,79975.21893106241,79968.67248859793,79973.98465234961,0,1
1371670980000,1371671039999,79974.8624520393,79974.8624520393,79963.49217817174,79965.50201290242,0,1
1371671040000,1371671099999,79966.14157406942,79967.32633720906,79962.27665496242,79963.2329238444,0,1
1371671100000,1371671159999,79963.34403366485,79963.85242951948,79951.80559092999,79952.12918563574,0,1
1371671160000,1371671219999,79951.0808356315,79954.02672300531,79939.95346386687,79939.95346386687,0,1
1371671220000,1371671279999,79940.55754023514,79942.41341252405,79930.34070337827,79931.19194228608,0,1
1371671280000,1371671339999,79932.0532412369,79940.09183094968,79931.92489550864,79940.09183094968,0,1
1371671340000,1371671399999,79940.58116259193,79944.25882032308,79939.73409749482,79942.87901370636,0,1
1371671400000,1371671459999,79940.4326782793,79940.4326782793,79929.91505675005,79932.75911329906,0,1
1371671460000,1371671519999,79931.66819911021,79935.46055564932,79930.3947524474,79930.3947524474,0,1
1371671520000,1371671579999,79929.11438661913,79931.52633774726,79924.7213845331,79930.89469248848,0,1
1371671580000,1371671639999,79932.48555157094,79941.1717033773,79931.65468859092,79939.82859436815,0,1
1371671640000,1371671699999,79938.66082033988,79943.3985720414,79936.55780818073,79943.3985720414,0,1
1371671700000,1371671759999,79943.15566501103,79945.05490574212,79938.68782243558,79939.81846974586,0,1
1371671760000,1371671819999,79939.59572546203,79940.48329817902,79937.00342713878,79938.34354025377,0,1
1371671820000,1371671879999,79938.18827186222,79938.18827186222,79934.53539381287,79934.95071427572,0,1
1371671880000,1371671939999,79936.6962222559,79938.89033582932,79934.52864049209,79938.09038402852,0,1
1371671940000,1371671999999,79937.98236875515,79942.39316850262,79928.19201624826,79928.19201624826,0,1
1371672000000,1371672059999,79928.4285295822,79940.54404172047,79924.82616320084,79938.7114492095,0,1
1371672060000,1371672119999,79938.48530494058,79943.83713923571,79938.48530494058,79940.32468830347,0,1
1371672120000,1371672179999,79940.56428948563,79953.59871316506,79940.56428948563,79947.1999730063,0,1
1371672180000,1371672239999,79947.35172920491,79948.88939545545,79942.01189844478,79945.57097810772,0,1
1371672240000,1371672299999,79943.56050678373,79945.12236769526,79941.74533817725,79942.00177603276,0,1
1371672300000,1371672359999,79941.79595143275,79942.44715246871,79939.42022647113,79942.12324430069,0,1
1371672360000,1371672419999,79942.59898081092,79942.59898081092,79937.98236875515,79939.8960915881,0,1
1371672420000,1371672479999,79940.25381924806,79940.78701219654,79939.45397651628,79939.69697347883,0,1
1371672480000,1371672539999,79938.44142560942,79938.508932193,79937.05744020859,79938.09038402852,0,1
1371672540000,1371672599999,79937.9621157615,79939.96021352509,79937.64818911467,79939.66659918142,0,1
1371672600000,1371672659999,79939.61260020269,79939.61260020269,79935.42341576482,79936.60844769876,0,1
1371672660000,1371672719999,79936.33499125487,79938.00937268288,79932.11741348331,79938.00937268288,0,1
1371672720000,1371672779999,79939.32572573876,79939.32572573876,79935.95686632235,79938.83295745081,0,1
1371672780000,1371672839999,79938.20852439784,79940.19307394366,79936.979796329,79939.96021352509,0,1
1371672840000,1371672899999,79940.06145785161,79940.39218217503,79932.50243831408,79933.4649355392,0,1
1371672900000,1371672959999,79933.4649355392,79933.4649355392,79933.4649355392,79933.4649355392,0,1
1371672960000,1371673019999,79933.4649355392,79933.4649355392,79933.4649355392,79933.4649355392,0,1
1371673020000,1371673079999,79933.4649355392,79933.4649355392,79933.4649355392,79933.4649355392,0,1
1371673080000,1371673139999,79933.4649355392,79933.4649355392,79933.4649355392,79933.4649355392,0,1
1371673140000,1371673199999,79933.4649355392,79933.4649355392,79933.4649355392,79933.4649355392,0,1
1371673200000,1371673259999,79933.4649355392,79933.4649355392,79933.4649355392,79933.4649355392,0,1
1371673260000,1371673319999,79933.4649355392,79933.4649355392,79933.4649355392,79933.4649355392,0,1
1371673320000,1371673379999,79933.4649355392,79933.4649355392,79933.4649355392,79933.4649355392,0,1
1371673380000,1371673439999,79933.4649355392,79933.4649355392,79933.4649355392,79933.4649355392,0,1
1371673440000,1371673499999,79933.4649355392,79933.4649355392,79933.4649355392,79933.4649355392,0,1
1371673500000,1371673559999,79933.4649355392,79933.4649355392,79933.4649355392,79933.4649355392,0,1
1371673560000,1371673619999,79933.4649355392,79933.4649355392,79933.4649355392,79933.4649355392,0,1
1371673620000,1371673679999,79933.4649355392,79933.4649355392,79933.4649355392,79933.4649355392,0,1
1371673680000,1371673739999,79933.4649355392,79933.4649355392,79933.4649355392,79933.4649355392,0,1
1371673740000,1371673799999,79933.4649355392,79933.4649355392,79933.4649355392,79933.4649355392,0,1
1371673800000,1371673859999,79933.4649355392,79933.4649355392,79933.4649355392,79933.4649355392,0,1
1371673860000,1371673919999,79933.4649355392,79933.4649355392,79933.4649355392,79933.4649355392,0,1
1371673920000,1371673979999,79933.4649355392,79933.4649355392,79933.4649355392,79933.4649355392,0,1
1371673980000,1371674039999,79933.4649355392,79933.4649355392,79933.4649355392,79933.4649355392,0,1
1371674040000,1371674099999,79933.4649355392,79933.4649355392,79933.4649355392,79933.4649355392,0,1
1371674100000,1371674159999,79933.4649355392,79933.4649355392,79933.4649355392,79933.4649355392,0,1
1371674160000,1371674219999,79933.4649355392,79933.4649355392,79933.4649355392,79933.4649355392,0,1
1371674220000,1371674279999,79933.4649355392,79933.4649355392,79933.4649355392,79933.4649355392,0,1
1371674280000,1371674339999,79933.4649355392,79933.4649355392,79933.4649355392,79933.4649355392,0,1
1371674340000,1371674399999,79933.4649355392,79933.4649355392,79933.4649355392,79933.4649355392,0,1
1371674400000,1371674459999,79933.4649355392,79933.4649355392,79933.4649355392,79933.4649355392,0,1
1371674460000,1371674519999,79933.4649355392,79933.4649355392,79933.4649355392,79933.4649355392,0,1
1371674520000,1371674579999,79933.4649355392,79933.4649355392,79933.4649355392,79933.4649355392,0,1
1371674580000,1371674639999,79933.4649355392,79933.4649355392,79933.4649355392,79933.4649355392,0,1
1371674640000,1371674699999,79933.4649355392,79933.4649355392,79933.4649355392,79933.4649355392,0,1
1371674700000,1371674759999,79933.4649355392,79933.4649355392,79933.4649355392,79933.4649355392,0,1
1371674760000,1371674819999,79933.4649355392,79933.4649355392,79933.4649355392,79933.4649355392,0,1
1371674820000,1371674879999,79933.4649355392,79933.4649355392,79933.4649355392,79933.4649355392,0,1
1371674880000,1371674939999,79933.4649355392,79933.4649355392,79933.4649355392,79933.4649355392,0,1
1371674940000,1371674999999,79933.4649355392,79933.4649355392,79933.4649355392,79933.4649355392,0,1
1371675000000,1371675059999,79933.4649355392,79933.4649355392,79933.4649355392,79933.4649355392,0,1
1371675060000,1371675119999,79933.4649355392,79933.4649355392,79933.4649355392,79933.4649355392,0,1
1371675120000,1371675179999,79933.4649355392,79933.4649355392,79933.4649355392,79933.4649355392,0,1
1371675180000,1371675239999,79933.4649355392,79933.4649355392,79933.4649355392,79933.4649355392,0,1
1371675240000,1371675299999,79933.4649355392,79933.4649355392,79933.4649355392,79933.4649355392,0,1
1371675300000,1371675359999,79933.4649355392,79933.4649355392,79933.4649355392,79933.4649355392,0,1
1371675360000,1371675419999,79933.4649355392,79933.4649355392,79933.4649355392,79933.4649355392,0,1
1371675420000,1371675479999,79933.4649355392,79933.4649355392,79933.4649355392,79933.4649355392,0,1
1371675480000,1371675539999,79933.4649355392,79933.4649355392,79933.4649355392,79933.4649355392,0,1
1371675540000,1371675599999,79933.4649355392,79933.4649355392,79933.4649355392,79933.4649355392,0,1
1371675600000,1371675659999,79933.4649355392,79933.4649355392,79933.4649355392,79933.4649355392,0,1
1371675660000,1371675719999,79933.4649355392,79933.4649355392,79933.4649355392,79933.4649355392,0,1
1371675720000,1371675779999,79933.4649355392,79933.4649355392,79933.4649355392,79933.4649355392,0,1
1371675780000,1371675839999,79933.4649355392,79933.4649355392,79933.4649355392,79933.4649355392,0,1
1371675840000,1371675899999,79933.4649355392,79933.4649355392,79933.4649355392,79933.4649355392,0,1
1371675900000,1371675959999,79933.4649355392,79933.4649355392,79933.4649355392,79933.4649355392,0,1
1371675960000,1371676019999,79933.4649355392,79933.4649355392,79933.4649355392,79933.4649355392,0,1
1371676020000,1371676079999,79933.4649355392,79933.4649355392,79933.4649355392,79933.4649355392,0,1
1371676080000,1371676139999,79933.4649355392,79933.4649355392,79933.4649355392,79933.4649355392,0,1
1371676140000,1371676199999,79933.4649355392,79933.4649355392,79933.4649355392,79933.4649355392,0,1
1371676200000,1371676259999,79933.4649355392,79933.4649355392,79933.4649355392,79933.4649355392,0,1
1371676260000,1371676319999,79933.4649355392,79933.4649355392,79933.4649355392,79933.4649355392,0,1
1371676320000,1371676379999,79933.4649355392,79933.4649355392,79933.4649355392,79933.4649355392,0,1
1371676380000,1371676439999,79933.4649355392,79933.4649355392,79933.4649355392,79933.4649355392,0,1
1371676440000,1371676499999,79933.4649355392,79933.4649355392,79933.4649355392,79933.4649355392,0,1
1371676500000,1371676559999,79933.4649355392,79933.4649355392,79933.4649355392,79933.4649355392,0,1
1371676560000,1371676619999,79933.4649355392,79933.4649355392,79933.4649355392,79933.4649355392,0,1
1371676620000,1371676679999,79933.4649355392,79933.4649355392,79933.4649355392,79933.4649355392,0,1
1371676680000,1371676739999,79933.4649355392,79933.4649355392,79933.4649355392,79933.4649355392,0,1
1371676740000,1371676799999,79933.4649355392,79933.4649355392,79933.4649355392,79933.4649355392,0,1
1371676800000,1371676859999,79933.4649355392,79933.4649355392,79933.4649355392,79933.4649355392,0,1
1371676860000,1371676919999,79933.4649355392,79933.4649355392,79933.4649355392,79933.4649355392,0,1
1371676920000,1371676979999,79933.4649355392,79933.4649355392,79933.4649355392,79933.4649355392,0,1
1371676980000,1371677039999,79933.4649355392,79933.4649355392,79933.4649355392,79933.4649355392,0,1
1371677040000,1371677099999,79933.4649355392,79933.4649355392,79933.4649355392,79933.4649355392,0,1
1371677100000,1371677159999,79933.4649355392,79933.4649355392,79933.4649355392,79933.4649355392,0,1
1371677160000,1371677219999,79933.4649355392,79933.4649355392,79933.4649355392,79933.4649355392,0,1
1371677220000,1371677279999,79933.4649355392,79933.4649355392,79933.4649355392,79933.4649355392,0,1
1371677280000,1371677339999,79933.4649355392,79933.4649355392,79933.4649355392,79933.4649355392,0,1
1371677340000,1371677399999,79933.4649355392,79933.4649355392,79933.4649355392,79933.4649355392,0,1
1371677400000,1371677459999,79933.4649355392,79933.4649355392,79933.4649355392,79933.4649355392,0,1
1371677460000,1371677519999,79933.4649355392,79933.4649355392,79933.4649355392,79933.4649355392,0,1
1371677520000,1371677579999,79933.4649355392,79933.4649355392,79933.4649355392,79933.4649355392,0,1
1371677580000,1371677639999,79933.4649355392,79933.4649355392,79933.4649355392,79933.4649355392,0,1
1371677640000,1371677699999,79933.4649355392,79933.4649355392,79933.4649355392,79933.4649355392,0,1
1371677700000,1371677759999,79933.4649355392,79933.4649355392,79933.4649355392,79933.4649355392,0,1
1371677760000,1371677819999,79933.4649355392,79933.4649355392,79933.4649355392,79933.4649355392,0,1
1371677820000,1371677879999,79933.4649355392,79933.4649355392,79933.4649355392,79933.4649355392,0,1
1371677880000,1371677939999,79933.4649355392,79933.4649355392,79933.4649355392,79933.4649355392,0,1
1371677940000,1371677999999,79933.4649355392,79933.4649355392,79933.4649355392,79933.4649355392,0,1
1371678000000,1371678059999,79933.4649355392,79933.4649355392,79933.4649355392,79933.4649355392,0,1
1371678060000,1371678119999,79933.4649355392,79933.4649355392,79933.4649355392,79933.4649355392,0,1
1371678120000,1371678179999,79933.4649355392,79933.4649355392,79933.4649355392,79933.4649355392,0,1
1371678180000,1371678239999,79933.4649355392,79933.4649355392,79933.4649355392,79933.4649355392,0,1
1371678240000,1371678299999,79933.4649355392,79933.4649355392,79933.4649355392,79933.4649355392,0,1
1371678300000,1371678359999,79933.4649355392,79933.4649355392,79933.4649355392,79933.4649355392,0,1
1371678360000,1371678419999,79933.4649355392,79933.4649355392,79933.4649355392,79933.4649355392,0,1
1371678420000,1371678479999,79933.4649355392,79933.4649355392,79933.4649355392,79933.4649355392,0,1
1371678480000,1371678539999,79933.4649355392,79933.4649355392,79933.4649355392,79933.4649355392,0,1
1371678540000,1371678599999,79933.4649355392,79933.4649355392,79933.4649355392,79933.4649355392,0,1
1371678600000,1371678659999,79933.4649355392,79933.4649355392,79933.4649355392,79933.4649355392,0,1
1371678660000,1371678719999,79933.4649355392,79933.4649355392,79933.4649355392,79933.4649355392,0,1
1371678720000,1371678779999,79933.4649355392,79933.4649355392,79933.4649355392,79933.4649355392,0,1
1371678780000,1371678839999,79933.4649355392,79933.4649355392,79933.4649355392,79933.4649355392,0,1
1371678840000,1371678899999,79933.4649355392,79933.4649355392,79933.4649355392,79933.4649355392,0,1
1371678900000,1371678959999,79933.4649355392,79933.4649355392,79933.4649355392,79933.4649355392,0,1
1371678960000,1371679019999,79933.4649355392,79933.4649355392,79933.4649355392,79933.4649355392,0,1
1371679020000,1371679079999,79933.4649355392,79933.4649355392,79933.4649355392,79933.4649355392,0,1
1371679080000,1371679139999,79933.4649355392,79933.4649355392,79933.4649355392,79933.4649355392,0,1
1371679140000,1371679199999,79933.4649355392,79933.4649355392,79933.4649355392,79933.4649355392,0,1
1371679200000,1371679259999,79926.33350252673,79930.4488012244,79925.09317484206,79928.37784862441,0,1
1371679260000,1371679319999,79927.89805616497,79927.89805616497,79924.511823904,79924.511823904,0,1
1371679320000,1371679379999,79924.51858399283,79924.86672239039,79924.23465632676,79924.23465632676,0,1
1371679380000,1371679439999,79924.23803646544,79926.10707816116,79922.71009731773,79924.85320267882,0,1
1371679440000,1371679499999,79925.35679959455,79926.65792253306,79925.11345391591,79925.80291795928,0,1
1371679500000,1371679559999,79927.09384534371,79927.8237200624,79926.43826430436,79927.8237200624,0,1
1371679560000,1371679619999,79928.09403051397,79928.5907069211,79928.09403051397,79928.12443998252,0,1
1371679620000,1371679679999,79926.95191907305,79927.08370781975,79926.26591370066,79926.44840248267,0,1
1371679680000,1371679739999,79925.98203564248,79925.98203564248,79925.0830352897,79925.15401194025,0,1
1371679740000,1371679799999,79925.25540628143,79925.25540628143,79925.25540628143,79925.25540628143,0,1
1371679800000,1371679859999,79925.65421404905,79925.65421404905,79924.49830371261,79925.08641514163,0,1
1371679860000,1371679919999,79924.69772468199,79926.62074994123,79924.69772468199,79926.22536018572,0,1
1371679920000,1371679979999,79925.55620344463,79925.55620344463,79924.68082475408,79924.68082475408,0,1
1371679980000,1371680039999,79924.82616320084,79925.67787163724,79923.80198914309,79925.67787163724,0,1
1371680040000,1371680099999,79925.52916586747,79925.52916586747,79925.23174769378,79925.23174769378,0,1
1371680100000,1371680159999,79925.5426846652,79927.1208786907,79925.5426846652,79927.1208786907,0,1
1371680160000,1371680219999,79927.1141203608,79927.1141203608,79925.51226734462,79926.66806048868,0,1
1371680220000,1371680279999,79927.17156601931,79927.74600445521,79927.17156601931,79927.63111940784,0,1
1371680280000,1371680339999,79927.18170345422,79927.7291096781,79926.41122911198,79926.41122911198,0,1
1371680340000,1371680399999,79927.74262550208,79927.74262550208,79927.74262550208,79927.74262550208,0,1
1371680400000,1371680459999,79926.63426726333,79927.330384652,79926.63426726333,79927.330384652,0,1
1371680460000,1371680519999,79927.10736202633,79927.75276235807,79927.09384534371,79927.62774041588,0,1
1371680520000,1371680579999,79927.11749952631,79928.90829659122,79927.11749952631,79928.20215264872,0,1
1371680580000,1371680639999,79928.20215264872,79928.20215264872,79928.20215264872,79928.20215264872,0,1
1371680640000,1371680699999,79928.23256178849,79928.3913635716,79928.23256178849,79928.31027361446,0,1
1371680700000,1371680759999,79928.98600316612,79929.8373573942,79928.69544505465,79929.26303908453,0,1
1371680760000,1371680819999,79929.52993228385,79930.3339472241,79929.48601363943,79929.871139797,0,1
1371680820000,1371680879999,79930.02653738004,79930.03667192115,79930.02653738004,79930.03667192115,0,1
1371680880000,1371680939999,79930.03667192115,79930.03667192115,79930.03667192115,79930.03667192115,0,1
1371680940000,1371680999999,79930.60081184353,79930.60081184353,79930.60081184353,79930.60081184353,0,1
1371681000000,1371681059999,79930.60081184353,79930.60081184353,79930.60081184353,79930.60081184353,0,1
1371681060000,1371681119999,79929.49952708902,79930.18531067728,79929.49952708902,79930.18531067728,0,1
1371681120000,1371681179999,79930.76970982138,79930.76970982138,79930.13126047613,79930.462313373,0,1
1371681180000,1371681239999,79930.82375657182,79930.82375657182,79930.415020773,79930.415020773,0,1
1371681240000,1371681299999,79930.59743385487,79930.59743385487,79930.59743385487,79930.59743385487,0,1
1371681300000,1371681359999,79930.69877301814,79930.69877301814,79930.69877301814,79930.69877301814,0,1
1371681360000,1371681419999,79930.88793670858,79930.88793670858,79930.64134761837,79930.64134761837,0,1
1371681420000,1371681479999,79930.59067787413,79931.44527320772,79930.25625112293,79930.79673323312,0,1
1371681480000,1371681539999,79932.0431087393,79932.0431087393,79931.76614982917,79931.76614982917,0,1
1371681540000,1371681599999,79932.00933367314,79932.00933367314,79931.50607167398,79931.81005846072,0,1
1371681600000,1371681659999,79931.90800779017,79931.90800779017,79931.90800779017,79931.90800779017,0,1
1371681660000,1371681719999,79932.31668257107,79932.31668257107,79931.19194228608,79931.69859771186,0,1
1371681720000,1371681779999,79931.75263944222,79931.75263944222,79930.6514815364,79930.6514815364,0,1
1371681780000,1371681839999,79929.7833053123,79929.7833053123,79928.61097890353,79928.61097890353,0,1
1371681840000,1371681899999,79928.65490139116,79928.75626024169,79928.65490139116,79928.75626024169,0,1
1371681900000,1371681959999,79928.10078818163,79928.10078818163,79928.10078818163,79928.10078818163,0,1
1371681960000,1371682019999,79928.16836460719,79928.16836460719,79928.16836460719,79928.16836460719,0,1
1371682020000,1371682079999,79928.61097890353,79928.61097890353,79928.61097890353,79928.61097890353,0,1
1371682080000,1371682139999,79928.73936717128,79928.73936717128,79928.13119762964,79928.13119762964,0,1
1371682140000,1371682199999,79927.61422443662,79927.82709898813,79927.61422443662,79927.82709898813,0,1
1371682200000,1371682259999,79928.05686326014,79928.18525864223,79928.05686326014,79928.18525864223,0,1
1371682260000,1371682319999,79928.40149977001,79929.17182078816,79927.28645634637,79929.17182078816,0,1
1371682320000,1371682379999,79929.64817382937,79931.5668697706,79929.52655393344,79931.5668697706,0,1
1371682380000,1371682439999,79931.5668697706,79931.5668697706,79931.5668697706,79931.5668697706,0,1
1371682440000,1371682499999,79930.89807037673,79930.89807037673,79930.89807037673,79930.89807037673,0,1
1371682500000,1371682559999,79928.45555932134,79928.45555932134,79928.18863744581,79928.18863744581,0,1
1371682560000,1371682619999,79927.88116164472,79928.34743992645,79927.43513598669,79928.34743992645,0,1
1371682620000,1371682679999,79928.37109114397,79928.37109114397,79927.96225508158,79927.96225508158,0,1
1371682680000,1371682739999,79928.31703113602,79928.31703113602,79928.31703113602,79928.31703113602,0,1
1371682740000,1371682799999,79929.5569590461,79929.81033138977,79929.5569590461,79929.81033138977,0,1
1371682800000,1371682859999,79930.44204514325,79930.44204514325,79930.08058814722,79930.08058814722,0,1
1371682860000,1371682919999,79929.36777017647,79929.36777017647,79929.36777017647,79929.36777017647,0,1
1371682920000,1371682979999,79929.7833053123,79929.7833053123,79928.93870358376,79929.00965287343,0,1
1371682980000,1371683039999,79929.56033738623,79929.71236151145,79929.56033738623,79929.71236151145,0,1
1371683040000,1371683099999,79928.97924609663,79928.97924609663,79928.97924609663,79928.97924609663,0,1
1371683100000,1371683159999,79928.97924609663,79928.97924609663,79928.97924609663,79928.97924609663,0,1
1371683160000,1371683219999,79928.92518937627,79928.92518937627,79928.92518937627,79928.92518937627,0,1
1371683220000,1371683279999,79928.26634961311,79928.26634961311,79928.26634961311,79928.26634961311,0,1
1371683280000,1371683339999,79928.21228903893,79928.21228903893,79927.66153028412,79927.75952025637,0,1
1371683340000,1371683399999,79927.8203411355,79927.8203411355,79927.45203126049,79927.45203126049,0,1
1371683400000,1371683459999,79926.57681851818,79926.79309442948,79925.48522964866,79925.61703772597,0,1
1371683460000,1371683519999,79925.52240646175,79926.27605205368,79925.52240646175,79926.07666255729,0,1
1371683520000,1371683579999,79926.14425266249,79927.06681192364,79926.14425266249,79927.06681192364,0,1
1371683580000,1371683639999,79927.06681192364,79927.06681192364,79927.06681192364,79927.06681192364,0,1
1371683640000,1371683699999,79926.89447215274,79927.02626165652,79926.21184231088,79927.02626165652,0,1
1371683700000,1371683759999,79926.54978370038,79926.54978370038,79926.54978370038,79926.54978370038,0,1
1371683760000,1371683819999,79926.29632872892,79926.29632872892,79925.77250143027,79925.77250143027,0,1
1371683820000,1371683879999,79926.54640434301,79926.54640434301,79923.38282495641,79925.31286261842,0,1
1371683880000,1371683939999,79924.47802339125,79924.60984474492,79924.47802339125,79924.60984474492,0,1
1371683940000,1371683999999,79924.97487942493,79925.3770781338,79924.97149953531,79924.97149953531,0,1
1371684000000,1371684059999,79926.67143980494,79926.98909043387,79926.66806048868,79926.83364564211,0,1
1371684060000,1371684119999,79926.30984648957,79926.30984648957,79925.42439456547,79925.42439456547,0,1
1371684120000,1371684179999,79925.61027837965,79926.27267260381,79925.61027837965,79926.27267260381,0,1
1371684180000,1371684239999,79925.87050991476,79926.64440524293,79925.87050991476,79926.24563696374,0,1
1371684240000,1371684299999,79925.9245831502,79926.70185359982,79925.7623625667,79925.86037115056,0,1
1371684300000,1371684359999,79925.86037115056,79925.86037115056,79925.86037115056,79925.86037115056,0,1
1371684360000,1371684419999,79926.11045766699,79926.41798791692,79926.11045766699,79926.22198071872,0,1
1371684420000,1371684479999,79926.35039966188,79926.35039966188,79926.1239756789,79926.1239756789,0,1
1371684480000,1371684539999,79926.71875011256,79926.71875011256,79926.6038532629,79926.68833636906,0,1
1371684540000,1371684599999,79926.43150551312,79926.43150551312,79923.47409607406,79923.47409607406,0,1
1371684600000,1371684659999,79923.09548451696,79923.18675825723,79923.09548451696,79923.18675825723,0,1
1371684660000,1371684719999,79923.52818226919,79923.66001614432,79923.1326702154,79923.1326702154,0,1
1371684720000,1371684779999,79923.66339647723,79923.72424227439,79922.45316426668,79923.72424227439,0,1
1371684780000,1371684839999,79924.05888754113,79924.05888754113,79924.05888754113,79924.05888754113,0,1
1371684840000,1371684899999,79924.05888754113,79924.05888754113,79924.05888754113,79924.05888754113,0,1
1371684900000,1371684959999,79923.6363537819,79924.04198653354,79923.6363537819,79924.04198653354,0,1
1371684960000,1371685019999,79924.04198653354,79924.04198653354,79924.04198653354,79924.04198653354,0,1
1371685020000,1371685079999,79923.9202984357,79923.9202984357,79923.9202984357,79923.9202984357,0,1
1371685080000,1371685139999,79923.7073407012,79923.7073407012,79923.7073407012,79923.7073407012,0,1
1371685140000,1371685199999,79923.7073407012,79923.7073407012,79923.7073407012,79923.7073407012,0,1
1371685200000,1371685259999,79924.05550734191,79924.05550734191,79922.23003284023,79923.5450841452,0,1
1371685260000,1371685319999,79923.72762258559,79923.72762258559,79923.72762258559,79923.72762258559,0,1
1371685320000,1371685379999,79924.59970470247,79925.01881788608,79924.02170528674,79924.02170528674,0,1
1371685380000,1371685439999,79923.9845228941,79924.31577933968,79923.55860562541,79923.99804378014,0,1
1371685440000,1371685499999,79924.23803646544,79924.88362200414,79923.73100289566,79924.34958040083,0,1
1371685500000,1371685559999,79924.34958040083,79924.34958040083,79924.34958040083,79924.34958040083,0,1
1371685560000,1371685619999,79925.00529838014,79925.0830352897,79924.00818443268,79924.00818443268,0,1
1371685620000,1371685679999,79924.91742114599,79925.15739176818,79924.7551842233,79925.15739176818,0,1
1371685680000,1371685739999,79925.32300193774,79925.32300193774,79925.0019185008,79925.1303531127,0,1
1371685740000,1371685799999,79924.7551842233,79925.47171077327,79924.7213845331,79925.47171077327,0,1
1371685800000,1371685859999,79924.33605999008,79924.33605999008,79923.5180411299,79923.5180411299,0,1
1371685860000,1371685919999,79924.29887876626,79924.29887876626,79924.29887876626,79924.29887876626,0,1
1371685920000,1371685979999,79924.29887876626,79924.29887876626,79924.29887876626,79924.29887876626,0,1
1371685980000,1371686039999,79923.43015082511,79923.54846451696,79923.43015082511,79923.54846451696,0,1
1371686040000,1371686099999,79923.49099804147,79923.49099804147,79922.91293453713,79922.91293453713,0,1
1371686100000,1371686159999,79923.09886504071,79923.09886504071,79923.09886504071,79923.09886504071,0,1
1371686160000,1371686219999,79922.97040433464,79923.00759049821,79921.79389794871,79921.79389794871,0,1
1371686220000,1371686279999,79922.92983745305,79922.92983745305,79921.37464957984,79921.37464957984,0,1
1371686280000,1371686339999,79921.95956383005,79921.95956383005,79921.31040835743,79921.31040835743,0,1
1371686340000,1371686399999,79921.51665502811,79921.51665502811,79921.41522277083,79921.41522277083,0,1
1371686400000,1371686459999,79922.61205785345,79923.86283409696,79922.61205785345,79923.7783271166,0,1
1371686460000,1371686519999,79923.05491814276,79924.28535828696,79923.05491814276,79924.11973093194,0,1
1371686520000,1371686579999,79923.8425524868,79923.95072059898,79923.79184828144,79923.95072059898,0,1
1371686580000,1371686639999,79924.3631007933,79924.3631007933,79923.39972707808,79924.19409457353,0,1
1371686640000,1371686699999,79923.9202984357,79924.17043347482,79923.36254237269,79923.69719974359,0,1
1371686700000,1371686759999,79923.79522856981,79923.79522856981,79923.12590918962,79923.31521618404,0,1
1371686760000,1371686819999,79923.93719964895,79924.83968294896,79923.3693032385,79924.83968294896,0,1
1371686820000,1371686879999,79924.76194414763,79926.67481912003,79924.45774302875,79926.67481912003,0,1
1371686880000,1371686939999,79925.5494440572,79927.04653681064,79925.5494440572,79927.04653681064,0,1
1371686940000,1371686999999,79926.98233201492,79927.1985991562,79926.40447030247,79926.40447030247,0,1
1371687000000,1371687059999,79927.72235175925,79927.95887620152,79927.61422443662,79927.61422443662,0,1
1371687060000,1371687119999,79928.20891024334,79928.66841596393,79925.26892544924,79925.26892544924,0,1
1371687120000,1371687179999,79926.04286733335,79926.8775759369,79925.29934351,79926.8775759369,0,1
1371687180000,1371687239999,79926.73564659676,79926.73564659676,79925.64407506555,79925.64407506555,0,1
1371687240000,1371687299999,79925.18443035055,79925.18443035055,79923.3016943747,79923.3016943747,0,1
1371687300000,1371687359999,79922.97040433464,79923.06167921657,79922.13198866931,79922.30102974325,0,1
1371687360000,1371687419999,79922.49373308204,79923.38958580852,79922.1117035484,79922.1117035484,0,1
1371687420000,1371687479999,79922.54106315861,79922.54106315861,79911.84215058234,79911.88276246809,0,1
1371687480000,1371687539999,79914.42406155256,79914.42406155256,79911.22956796599,79911.22956796599,0,1
1371687540000,1371687599999,79912.09258791701,79912.1433514771,79904.31595199826,79904.31595199826,0,1
1371687600000,1371687659999,79904.92557159242,79904.92557159242,79898.75315012701,79899.46137658425,0,1
1371687660000,1371687719999,79900.00352562251,79903.31338563074,79899.43426836077,79901.23002935319,0,1
1371687720000,1371687779999,79901.39603625535,79906.4189825543,79901.39603625535,79905.72140791269,0,1
1371687780000,1371687839999,79905.9347490121,79906.40205170716,79902.8459385758,79902.8459385758,0,1
1371687840000,1371687899999,79901.15549474559,79901.15549474559,79898.66843068477,79900.01030229949,0,1
1371687900000,1371687959999,79900.13566999532,79901.9313050485,79900.13566999532,79901.10806334241,0,1
1371687960000,1371688019999,79901.32827866895,79901.32827866895,79899.38005169334,79899.60708202647,0,1
1371688020000,1371688079999,79899.61047049986,79902.08036214381,79899.61047049986,79902.08036214381,0,1
1371688080000,1371688139999,79901.90081582348,79902.04648572633,79899.60030507624,79899.60030507624,0,1
1371688140000,1371688199999,79899.07507746195,79899.94592368275,79896.74002208527,79898.26515630004,0,1
1371688200000,1371688259999,79897.15013659371,79898.58709934496,79896.68579080854,79898.05504051269,0,1
1371688260000,1371688319999,79899.86121434504,79900.41350631451,79897.66529792744,79898.1363761799,0,1
1371688320000,1371688379999,79897.80086228866,79900.48127009944,79896.41124045674,79899.75617376974,0,1
1371688380000,1371688439999,79899.80699999233,79901.12161519485,79897.90931245446,79897.90931245446,0,1
1371688440000,1371688499999,79898.0855414654,79899.71212416785,79897.46194793974,79898.56676640664,0,1
1371688500000,1371688559999,79898.96325124666,79901.42652701946,79898.96325124666,79901.42652701946,0,1
1371688560000,1371688619999,79901.3689332759,79901.78224573136,79898.34310135657,79898.34310135657,0,1
1371688620000,1371688679999,79899.04119086209,79899.82733040905,79897.28231867758,79897.77374956344,0,1
1371688680000,1371688739999,79898.02453946692,79898.98358337882,79897.43483429561,79898.98358337882,0,1
1371688740000,1371688799999,79898.43121242804,79901.6094696517,79898.39732364628,79899.94931204132,0,1
1371688800000,1371688859999,79900.55919788445,79900.55919788445,79898.1363761799,79898.48882309347,0,1
1371688860000,1371688919999,79898.90225460216,79898.90225460216,79898.05504051269,79898.05504051269,0,1
1371688920000,1371688979999,79898.07198549791,79898.25837844033,79896.77391648389,79897.14674728653,0,1
1371688980000,1371689039999,79896.99761663351,79899.16995933063,79896.99761663351,79899.16995933063,0,1
1371689040000,1371689099999,79898.80059270117,79902.9678833924,79898.57693288097,79902.9678833924,0,1
1371689100000,1371689159999,79902.83238905996,79902.83238905996,79901.72804179242,79902.41234496202,0,1
1371689160000,1371689219999,79902.75786639456,79902.75786639456,79901.8703265055,79901.8703265055,0,1
1371689220000,1371689279999,79902.09391267867,79902.09391267867,79901.54171351145,79901.54171351145,0,1
1371689280000,1371689339999,79901.68738864541,79902.19892870124,79901.46379338265,79902.19892870124,0,1
1371689340000,1371689399999,79903.37096817659,79904.82058420024,79903.23209206035,79903.65887593232,0,1
1371689400000,1371689459999,79903.64194041144,79903.9535494045,79903.07289023732,79903.4590349583,0,1
1371689460000,1371689519999,79904.05854589982,79904.66479442565,79904.05854589982,79904.66479442565,0,1
1371689520000,1371689579999,79905.0508776822,79906.64246705007,79903.74694017858,79904.40401045824,0,1
1371689580000,1371689639999,79904.85106452442,79908.23041758995,79904.31933887643,79906.89980664625,0,1
1371689640000,1371689699999,79907.64131397524,79907.64131397524,79906.91335065209,79907.58037024121,0,1
1371689700000,1371689759999,79907.51265454556,79908.15254956236,79906.81177016124,79908.15254956236,0,1
1371689760000,1371689819999,79908.28120075952,79911.34125709656,79908.28120075952,79910.79633771657,0,1
1371689820000,1371689879999,79909.68948458521,79913.66613846448,79906.85917451872,79913.26008460746,0,1
1371689880000,1371689939999,79914.10601153749,79914.10601153749,79909.58116210104,79910.31908579398,0,1
1371689940000,1371689999999,79910.31908579398,79910.80649176532,79905.81284036976,79908.18640530102,0,1
1371690000000,1371690059999,79909.90612603346,79909.90612603346,79907.8139858714,79907.8139858714,0,1
1371690060000,1371690119999,79908.74500844123,79910.12614770052,79908.27104414623,79910.12614770052,0,1
1371690120000,1371690179999,79908.54526908416,79908.54526908416,79906.8253142863,79906.8253142863,0,1
1371690180000,1371690239999,79906.84901646101,79908.47078898067,79906.84901646101,79906.8524024814,0,1
1371690240000,1371690299999,79907.58037024121,79908.37938082276,79904.93911827244,79908.37938082276,0,1
1371690300000,1371690359999,79908.92781723746,79910.00767509671,79907.93587012064,79908.27442968513,0,1
1371690360000,1371690419999,79908.16947744602,79909.67932940215,79907.04540374759,79908.75516457314,0,1
1371690420000,1371690479999,79908.83641325709,79910.50525060094,79906.55104217821,79910.50525060094,0,1
1371690480000,1371690539999,79909.89935605924,79909.89935605924,79906.66955574049,79906.85578850062,0,1
1371690540000,1371690599999,79907.29257536783,79907.37383593594,79904.16354129273,79904.16354129273,0,1
1371690600000,1371690659999,79905.0847439234,79905.0847439234,79903.23886654979,79903.67919851952,0,1
1371690660000,1371690719999,79903.68258561337,79904.96959823533,79902.5580074137,79902.5580074137,0,1
1371690720000,1371690779999,79902.86287544481,79904.6952752247,79902.76464120527,79903.2049940567,0,1
1371690780000,1371690839999,79902.86626281518,79903.22870481391,79902.45977017924,79902.63591901689,0,1
1371690840000,1371690899999,79902.95772138114,79903.49968090367,79902.48348270351,79903.11353775223,0,1
1371690900000,1371690959999,79902.78157821197,79903.66903723108,79902.45299516198,79902.48348270351,0,1
1371690960000,1371691019999,79902.76464120527,79903.1372487263,79902.6562436831,79902.92723528543,0,1
1371691020000,1371691079999,79902.86287544481,79902.91707323286,79899.77311587264,79899.82733040905,0,1
1371691080000,1371691139999,79899.82733040905,79900.65745379128,79899.47154214911,79900.65745379128,0,1
1371691140000,1371691199999,79898.87853358437,79901.40281198874,79898.09570842898,79900.0848454432,0,1
1371691200000,1371691259999,79900.04757394081,79901.75514379863,79900.04757394081,79901.57220383138,0,1
1371691260000,1371691319999,79901.77885799379,79901.77885799379,79897.70935654642,79898.53965575792,0,1
1371691320000,1371691379999,79899.15301620582,79901.14533089242,79899.15301620582,79899.8442723914,0,1
1371691380000,1371691439999,79899.48170770363,79900.56597418486,79899.48170770363,79899.52575832051,0,1
1371691440000,1371691499999,79900.08145713054,79900.08145713054,79898.65826430346,79899.48848473425,0,1
1371691500000,1371691559999,79899.79683476848,79900.13228169989,79899.79683476848,79900.13228169989,0,1
1371691560000,1371691619999,79900.47110556097,79900.67439436729,79900.06790386842,79900.1288934033,0,1
1371691620000,1371691679999,79902.2768431021,79903.04917911066,79901.38926051738,79903.04917911066,0,1
1371691680000,1371691739999,79903.13386144773,79904.0314501356,79901.99905854907,79901.99905854907,0,1
1371691740000,1371691799999,79902.22941701734,79903.38451696272,79901.15888269435,79903.38451696272,0,1
1371691800000,1371691859999,79902.54107002832,79902.54107002832,79899.9018749167,79901.50444743865,0,1
1371691860000,1371691919999,79900.46771737919,79900.46771737919,79897.71274566291,79898.57015523258,0,1
1371691920000,1371691979999,79898.7226512105,79900.5320926368,79897.17386171178,79897.68563269879,0,1
1371691980000,1371692039999,79896.30277404304,79896.78069534982,79895.95025007306,79896.1434618649,0,1
1371692040000,1371692099999,79896.0112647264,79896.0112647264,79894.32305530578,79895.03159557245,0,1
1371692100000,1371692159999,79895.39093173621,79896.24854039498,79894.71292817169,79895.10956583696,0,1
1371692160000,1371692219999,79894.85192264835,79895.59432384196,79894.34339687462,79895.58076449695,0,1
1371692220000,1371692279999,79894.95023464826,79895.93669121065,79894.95023464826,79895.63161194595,0,1
1371692280000,1371692339999,79895.15363571755,79897.9838712612,79895.01125540346,79897.9838712612,0,1
1371692340000,1371692399999,79898.37699032208,79898.37699032208,79895.08244581391,79895.20787530397,0,1
1371692400000,1371692459999,79895.36042256354,79895.36042256354,79887.22131942317,79888.07962897117,0,1
1371692460000,1371692519999,79887.75395497015,79889.66374601326,79886.68865550464,79886.68865550464,0,1
1371692520000,1371692579999,79888.16783052121,79889.67392154284,79888.16783052121,79888.4392150266,0,1
1371692580000,1371692639999,79888.2933467704,79888.4154691764,79887.73699249199,79888.31030830486,0,1
1371692640000,1371692699999,79887.821804595,79888.33744670016,79886.49186802628,79887.51308508379,0,1
1371692700000,1371692759999,79885.76236341558,79885.76236341558,79876.02601797169,79876.22301151064,0,1
1371692760000,1371692819999,79877.57469009033,79877.57469009033,79873.68557367403,79874.46691497245,0,1
1371692820000,1371692879999,79874.54164876726,79874.65035147184,79872.74788352352,79874.0252947834,0,1
1371692880000,1371692939999,79873.9063937079,79876.30792132199,79873.46135141946,79876.30792132199,0,1
1371692940000,1371692999999,79876.07017203336,79877.57808603757,79874.61298505042,79875.06816649296,0,1
1371693000000,1371693059999,79874.68432082469,79879.28270596918,79874.1747684154,79878.1146312165,0,1
1371693060000,1371693119999,79878.99749100365,79879.64260848318,79874.63676369838,79877.26225801032,0,1
1371693120000,1371693179999,79876.85472323567,79877.8939040904,79876.3181104509,79877.64940066327,0,1
1371693180000,1371693239999,79877.82259120836,79879.7852077832,79876.52868345742,79879.7852077832,0,1
1371693240000,1371693299999,79879.6222369886,79881.33329788108,79878.85148495663,79879.16726279641,0,1
1371693300000,1371693359999,79879.71051316537,79883.34613558339,79879.71051316537,79883.34613558339,0,1
1371693360000,1371693419999,79884.23192733162,79884.23192733162,79881.9545034988,79883.10176543047,0,1
1371693420000,1371693479999,79883.24431541207,79883.85182707335,79877.39809924451,79879.3302410059,0,1
1371693480000,1371693539999,79879.7342796952,79879.75125575335,79875.63201925145,79876.96000464352,0,1
1371693540000,1371693599999,79876.42679384667,79878.21650363148,79876.27395748397,79876.40301945477,0,1
1371693600000,1371693659999,79875.8935546169,79879.56112225587,79875.8935546169,79878.31497931283,0,1
1371693660000,1371693719999,79879.56112225587,79881.32650853545,79879.56112225587,79881.32650853545,0,1
1371693720000,1371693779999,79881.2178783787,79882.986366338,79881.16356285781,79882.986366338,0,1
1371693780000,1371693839999,79882.10725306741,79882.10725306741,79879.59507493126,79879.59507493126,0,1
1371693840000,1371693899999,79880.23675881865,79883.95703484086,79879.72748926387,79881.01758843353,0,1
1371693900000,1371693959999,79880.48119899294,79881.65578648834,79880.04323944302,79881.53018689882,0,1
1371693960000,1371694019999,79880.69847413186,79881.83230216395,79880.69847413186,79881.45550531393,0,1
1371694020000,1371694079999,79881.53018689882,79881.91716436048,79877.98898714205,79877.98898714205,0,1
1371694080000,1371694139999,79878.1689633003,79879.18763521785,79876.46415349114,79876.46415349114,0,1
1371694140000,1371694199999,79877.7716531241,79879.59167966893,79877.01773913854,79879.59167966893,0,1
1371694200000,1371694259999,79879.37438048051,79879.37438048051,79877.56789819237,79878.1146312165,0,1
1371694260000,1371694319999,79876.55585384495,79878.1689633003,79876.08036140451,79876.08036140451,0,1
1371694320000,1371694379999,79875.58446663193,79875.58446663193,79874.29026923716,79875.24140174796,0,1
1371694380000,1371694439999,79875.08854726696,79876.58642044269,79875.08854726696,79876.37584865197,0,1
1371694440000,1371694499999,79876.70189341319,79877.72411067803,79876.65774214074,79877.60525357399,0,1
1371694500000,1371694559999,79877.12301883017,79877.23169347832,79875.75769294311,79875.75769294311,0,1
1371694560000,1371694619999,79875.81543438001,79875.91053719634,79875.29235272243,79875.87657200862,0,1
1371694620000,1371694679999,79876.37924500635,79877.93804990538,79876.01582854515,79877.8803207235,0,1
1371694680000,1371694739999,79877.83277879407,79877.83277879407,79876.47434246088,79877.11283052135,0,1
1371694740000,1371694799999,79877.3709311453,79877.66638026109,79876.3215068249,79877.53733459454,0,1
1371694800000,1371694859999,79877.88371656695,79878.2946051135,79876.99736229601,79877.45922719789,0,1
1371694860000,1371694919999,79878.43722363713,79881.60486792595,79878.43722363713,79881.0447466273,0,1
1371694920000,1371694979999,79881.66936472786,79881.66936472786,79878.27423087264,79879.91422444537,0,1
1371694980000,1371695039999,79880.31144950584,79880.4370644035,79879.52037889321,79880.4370644035,0,1
1371695040000,1371695099999,79880.75618704711,79881.20429952614,79879.96854675253,79879.96854675253,0,1
1371695100000,1371695159999,79880.12472174184,79880.88179635836,79879.14009950326,79880.88179635836,0,1
1371695160000,1371695219999,79881.09906279357,79881.35366589026,79881.09906279357,79881.14658919703,0,1
1371695220000,1371695279999,79881.35027122495,79881.52339768688,79880.90556010463,79881.12622076605,0,1
1371695280000,1371695339999,79880.7426075676,79884.3065881847,79880.7426075676,79884.26247047525,0,1
1371695340000,1371695399999,79883.90273419584,79886.48508218209,79883.90273419584,79884.42197204304,0,1
1371695400000,1371695459999,79885.10406706593,79886.04399243247,79884.96154359281,79885.8370128432,0,1
1371695460000,1371695519999,79885.27373521878,79886.41043759213,79884.26925782784,79884.4321529078,0,1
1371695520000,1371695579999,79883.7567997513,79884.03169774634,79883.29861963246,79883.49886389653,0,1
1371695580000,1371695639999,79883.29861963246,79883.29861963246,79879.42531040146,79880.94290302039,0,1
1371695640000,1371695699999,79881.05153616422,79882.08349217665,79881.05153616422,79882.08349217665,0,1
1371695700000,1371695759999,79881.83569666564,79882.3210985437,79881.41816431234,79882.3210985437,0,1
1371695760000,1371695819999,79882.97957811461,79883.11873577295,79882.97957811461,79883.11873577295,0,1
1371695820000,1371695879999,79884.221746263,79887.02114968601,79883.52940927925,79885.95577214778,0,1
1371695880000,1371695939999,79884.91742877281,79890.93221555896,79884.86652681557,79890.93221555896,0,1
1371695940000,1371695999999,79890.05380057177,79890.05380057177,79887.60807671775,79888.52062894207,0,1
1371696000000,1371696059999,79888.11016036499,79894.68919721429,79888.11016036499,79894.68919721429,0,1
1371696060000,1371696119999,79894.90277380346,79896.11973430205,79894.90277380346,79896.06888933497,0,1
1371696120000,1371696179999,79895.4485599195,79895.4485599195,79891.61047549693,79891.61047549693,0,1
1371696180000,1371696239999,79892.54639867053,79895.8756761023,79892.54639867053,79895.8756761023,0,1
1371696240000,1371696299999,79895.58754417175,79895.58754417175,79894.47222584976,79894.96718489539,0,1
1371696300000,1371696359999,79894.87904329659,79896.08583768606,79894.33322609538,79896.08583768606,0,1
1371696360000,1371696419999,79895.8790658403,79896.49936855161,79895.03498559659,79896.36378654551,0,1
1371696420000,1371696479999,79896.31633240909,79897.51278582434,79896.31633240909,79896.65528558614,0,1
1371696480000,1371696539999,79896.33666992371,79896.33666992371,79896.09261701845,79896.09261701845,0,1
1371696540000,1371696599999,79896.86882018883,79896.86882018883,79895.11634583124,79895.11634583124,0,1
1371696600000,1371696659999,79894.9468445954,79895.59093400743,79894.9400644862,79895.14007577498,0,1
1371696660000,1371696719999,79894.9807450724,79896.11634464563,79894.68241693042,79896.11634464563,0,1
1371696720000,1371696779999,79896.28243645949,79896.79764249457,79895.06549576216,79895.06549576216,0,1
1371696780000,1371696839999,79896.05194095516,79896.05194095516,79894.9807450724,79894.9807450724,0,1
1371696840000,1371696899999,79895.5333066446,79895.57737465782,79895.03159557245,79895.45533968395,0,1
1371696900000,1371696959999,79895.46889919903,79895.46889919903,79894.59088264803,79894.59088264803,0,1
1371696960000,1371697019999,79894.78073059677,79894.78073059677,79894.78073059677,79894.78073059677,0,1
1371697020000,1371697079999,79894.83158211391,79895.22482511439,79894.83158211391,79895.22482511439,0,1
1371697080000,1371697139999,79894.84853256214,79894.84853256214,79892.55996213056,79892.55996213056,0,1
1371697140000,1371697199999,79892.21408815276,79892.73628543697,79890.88812707066,79891.66473430465,0,1
1371697200000,1371697259999,79891.49517455298,79891.49517455298,79891.49517455298,79891.49517455298,0,1
1371697260000,1371697319999,79891.02717471975,79891.47482718957,79890.88473564043,79891.11195892276,0,1
1371697320000,1371697379999,79890.83047260034,79891.2136990175,79890.83047260034,79891.02378333667,0,1
1371697380000,1371697439999,79890.1419847111,79891.59012836813,79890.1419847111,79891.59012836813,0,1
1371697440000,1371697499999,79891.59012836813,79891.59012836813,79891.12213297881,79891.12213297881,0,1
1371697500000,1371697559999,79891.04413161786,79891.76646877565,79890.8643870349,79890.8643870349,0,1
1371697560000,1371697619999,79890.64394115427,79890.84064694279,79889.9181311466,79890.84064694279,0,1
1371697620000,1371697679999,79890.5828937435,79890.82368969962,79889.35508336201,79889.35508336201,0,1
1371697680000,1371697739999,79889.26010832179,79890.1114595201,79889.26010832179,79889.53146318646,0,1
1371697740000,1371697799999,79890.2844343704,79891.42395859993,79890.2844343704,79890.9830866501,0,1
1371697800000,1371697859999,79890.9830866501,79891.32900320692,79890.58967680755,79890.61002597207,0,1
1371697860000,1371697919999,79891.084828056,79891.09500213966,79889.87064641294,79889.87064641294,0,1
1371697920000,1371697979999,79888.72416083094,79888.72416083094,79887.30952854393,79887.30952854393,0,1
1371697980000,1371698039999,79887.5334405099,79888.31709291058,79887.52665537247,79887.94054033082,0,1
1371698040000,1371698099999,79887.8184121247,79887.8184121247,79887.70645995882,79887.70645995882,0,1
1371698100000,1371698159999,79887.85233677602,79889.26350030303,79887.85233677602,79889.26350030303,0,1
1371698160000,1371698219999,79889.77906807556,79891.25100345958,79889.26689228315,79891.25100345958,0,1
1371698220000,1371698279999,79891.10178485635,79893.19403335461,79891.10178485635,79893.17708010168,0,1
1371698280000,1371698339999,79892.79053813657,79892.79053813657,79892.73967623933,79892.73967623933,0,1
1371698340000,1371698399999,79893.13639217737,79893.6585413026,79893.13639217737,79893.42120417097,0,1
1371698400000,1371698459999,79893.68227470596,79894.20778563408,79893.68227470596,79894.20778563408,0,1
1371698460000,1371698519999,79893.2754085686,79894.15693094475,79893.2754085686,79894.15693094475,0,1
1371698520000,1371698579999,79894.09929531752,79894.42137250521,79891.85802891465,79891.85802891465,0,1
1371698580000,1371698639999,79891.49517455298,79891.49517455298,79888.65970951432,79888.65970951432,0,1
1371698640000,1371698699999,79888.19836164574,79889.15156431415,79887.96767972963,79888.57829673117,0,1
1371698700000,1371698759999,79888.57829673117,79888.57829673117,79888.57829673117,79888.57829673117,0,1
1371698760000,1371698819999,79888.57829673117,79888.57829673117,79888.57829673117,79888.57829673117,0,1
1371698820000,1371698879999,79889.21262046341,79889.30420398834,79888.19836164574,79889.06676348839,0,1
1371698880000,1371698939999,79889.26010832179,79889.69766440493,79888.56133565125,79888.56133565125,0,1
1371698940000,1371698999999,79889.0633714404,79889.0633714404,79887.4723741073,79887.4723741073,0,1
1371699000000,1371699059999,79888.23228500813,79888.23228500813,79887.43166296507,79887.57754379096,0,1
1371699060000,1371699119999,79887.56397357135,79887.59450653958,79887.25524610016,79887.59450653958,0,1
1371699120000,1371699179999,79887.475766695,79887.6182543393,79887.16025111453,79887.6182543393,0,1
1371699180000,1371699239999,79887.81501965324,79888.02874310766,79887.81501965324,79888.02195830629,0,1
1371699240000,1371699299999,79889.25671633938,79889.25671633938,79889.25671633938,79889.25671633938,0,1
1371699300000,1371699359999,79889.18887644967,79889.18887644967,79889.07693962545,79889.15156431415,0,1
1371699360000,1371699419999,79888.5816889437,79889.09389983087,79887.83537446475,79887.83537446475,0,1
1371699420000,1371699479999,79888.77165100897,79890.12163459412,79888.77165100897,79890.12163459412,0,1
1371699480000,1371699539999,79889.35169141182,79889.49076042617,79888.84288585311,79889.38561086195,0,1
1371699540000,1371699599999,79888.90055178385,79888.90055178385,79888.8598464555,79888.8598464555,0,1
1371699600000,1371699659999,79888.94464903593,79891.73255740032,79888.22550034485,79891.63421376153,0,1
1371699660000,1371699719999,79890.52184596004,79891.73933968459,79890.52184596004,79891.6206490458,0,1
1371699720000,1371699779999,79891.66812547036,79891.66812547036,79888.64614076316,79889.23636442078,0,1
1371699780000,1371699839999,79889.14478027454,79890.3217422792,79889.10407594031,79889.39578667455,0,1
1371699840000,1371699899999,79888.59525778232,79888.75808240968,79887.84555185496,79888.75808240968,0,1
1371699900000,1371699959999,79888.0898061128,79888.28995446005,79887.96089488684,79888.28995446005,0,1
1371699960000,1371700019999,79888.18479226857,79888.3713695907,79887.87947641421,79888.02195830629,0,1
1371700020000,1371700079999,79887.71663748023,79889.10746797449,79883.97739750674,79883.97739750674,0,1
1371700080000,1371700139999,79884.01133519104,79884.39821665162,79882.92527216166,79884.39821665162,0,1
1371700140000,1371700199999,79884.19459669605,79885.08031329479,79883.98757882412,79884.7104258644,0,1
1371700200000,1371700259999,79884.3507056995,79885.3891079184,79884.19459669605,79884.41179116792,0,1
1371700260000,1371700319999,79884.80883761749,79884.80883761749,79884.80883761749,79884.80883761749,0,1
1371700320000,1371700379999,79884.56110963094,79884.77490263962,79884.13011617909,79884.39482301968,0,1
1371700380000,1371700439999,79884.77829614258,79884.77829614258,79884.08260395317,79884.1606596337,0,1
1371700440000,1371700499999,79884.28622618914,79884.45251460622,79883.87897757093,79883.87897757093,0,1
1371700500000,1371700559999,79884.01812271409,79884.63237447503,79883.87218995344,79884.31337550734,0,1
1371700560000,1371700619999,79883.52940927925,79883.85522088957,79882.60621873206,79882.60621873206,0,1
1371700620000,1371700679999,79882.41953381326,79882.41953381326,79881.20429952614,79881.51321386032,0,1
1371700680000,1371700739999,79881.61505165917,79883.30880164096,79881.61505165917,79883.2884376136,0,1
1371700740000,1371700799999,79885.09049348933,79886.51901135697,79884.35409934643,79885.79968819904,0,1
1371700800000,1371700859999,79886.67847693693,79886.67847693693,79884.11654128044,79886.22382367951,0,1
1371700860000,1371700919999,79886.62419106753,79886.66490549721,79885.53841178911,79885.53841178911,0,1
1371700920000,1371700979999,79885.53841178911,79885.53841178911,79885.53841178911,79885.53841178911,0,1
1371700980000,1371701039999,79885.87433734804,79886.27132573312,79884.45930182982,79884.5271738124,0,1
1371701040000,1371701099999,79885.01923190997,79886.23060970099,79884.36088663682,79885.85058540653,0,1
1371701100000,1371701159999,79886.06435084918,79886.06435084918,79882.46026536552,79884.88010069616,0,1
1371701160000,1371701219999,79884.7647221238,79886.50543970084,79884.69345822289,79886.50543970084,0,1
1371701220000,1371701279999,79886.64794117166,79889.4771928026,79886.64794117166,79889.40935440858,0,1
1371701280000,1371701339999,79888.66310169925,79888.66310169925,79886.75311952615,79886.89222468305,0,1
1371701340000,1371701399999,79887.68271236855,79887.68271236855,79886.77008367328,79886.77008367328,0,1
1371701400000,1371701459999,79887.0652552265,79887.6759273324,79885.07352649269,79885.07352649269,0,1
1371701460000,1371701519999,79885.60966966883,79886.88883189736,79885.60966966883,79886.284897707,0,1
1371701520000,1371701579999,79886.18310745397,79886.18310745397,79884.79187014294,79885.29409520367,0,1
1371701580000,1371701639999,79885.29748853046,79885.29748853046,79883.37668143262,79883.99436636329,0,1
1371701640000,1371701699999,79883.89594659448,79884.94118293084,79883.89594659448,79884.43554652708,0,1
1371701700000,1371701759999,79885.04977264901,79885.04977264901,79884.9208222274,79884.9208222274,0,1
1371701760000,1371701819999,79885.05995287465,79885.71146575906,79882.7318048075,79882.7318048075,0,1
1371701820000,1371701879999,79882.76914090414,79883.19679897733,79882.37540777776,79883.13231202618,0,1
1371701880000,1371701939999,79884.12672245615,79884.51020585994,79883.97739750674,79884.51020585994,0,1
1371701940000,1371701999999,79882.82684187024,79883.03048967767,79882.09028100835,79882.45687107583,0,1
1371702000000,1371702059999,79882.52136238283,79883.09497728544,79882.50099675187,79882.816659371,0,1
1371702060000,1371702119999,79882.63676684152,79882.75556415785,79882.26000030282,79882.75556415785,0,1
1371702120000,1371702179999,79882.60282449191,79882.88114835773,79882.59943025063,79882.88114835773,0,1
1371702180000,1371702239999,79881.45211068318,79881.45211068318,79880.36237465453,79881.16016812796,0,1
1371702240000,1371702299999,79881.4860569388,79882.37201345929,79881.37063919957,79881.896797499,0,1
1371702300000,1371702359999,79882.32449287947,79882.32449287947,79881.22127308896,79881.22127308896,0,1
1371702360000,1371702419999,79881.22127308896,79881.22127308896,79881.22127308896,79881.22127308896,0,1
1371702420000,1371702479999,79883.13231202618,79884.76811563021,79883.13231202618,79884.76811563021,0,1
1371702480000,1371702539999,79884.42536566578,79884.42536566578,79884.1131475529,79884.1131475529,0,1
1371702540000,1371702599999,79884.31337550734,79884.31337550734,79883.75340590166,79883.93667213354,0,1
1371702600000,1371702659999,79883.93667213354,79883.93667213354,79883.93667213354,79883.93667213354,0,1
1371702660000,1371702719999,79884.47966347296,79884.84955943892,79883.26807354478,79884.44233376218,0,1
1371702720000,1371702779999,79885.81326081303,79888.07962897117,79885.81326081303,79888.07962897117,0,1
1371702780000,1371702839999,79888.07962897117,79888.07962897117,79888.07962897117,79888.07962897117,0,1
1371702840000,1371702899999,79888.4595685676,79889.7417581421,79888.4595685676,79889.7417581421,0,1
1371702900000,1371702959999,79888.8361016041,79891.96315248485,79888.8361016041,79891.96315248485,0,1
1371702960000,1371703019999,79892.4107630583,79894.29593314962,79892.06827494998,79893.00076456739,0,1
1371703020000,1371703079999,79894.91633406782,79896.19430645282,79894.04504971785,79896.19430645282,0,1
1371703080000,1371703139999,79896.22142346067,79896.22142346067,79891.2815251723,79891.83429118132,0,1
1371703140000,1371703199999,79892.30225324394,79892.30225324394,79892.30225324394,79892.30225324394,0,1
1371703200000,1371703259999,79892.18356928625,79894.97735502987,79892.18356928625,79893.29236165484,0,1
1371703260000,1371703319999,79893.22115849951,79893.25845545363,79891.61386668103,79892.48875376012,0,1
1371703320000,1371703379999,79893.12961084057,79893.12961084057,79893.12961084057,79893.12961084057,0,1
1371703380000,1371703439999,79892.65829666567,79892.65829666567,79891.43413233856,79891.74612196426,0,1
1371703440000,1371703499999,79891.80038003599,79894.27898176467,79891.80038003599,79893.74330319882,0,1
1371703500000,1371703559999,79894.05861114536,79894.45866498316,79894.05861114536,79894.45866498316,0,1
1371703560000,1371703619999,79895.01125540346,79895.36042256354,79894.6586859006,79894.6586859006,0,1
1371703620000,1371703679999,79895.10278583808,79895.10278583808,79895.10278583808,79895.10278583808,0,1
1371703680000,1371703739999,79895.0722757863,79895.20448533844,79892.67185997394,79893.22793977424,0,1
1371703740000,1371703799999,79892.65151500463,79892.77697498926,79891.95637035239,79891.95637035239,0,1
1371703800000,1371703859999,79892.76002102926,79893.16012682,79891.81394450793,79892.50909906055,0,1
1371703860000,1371703919999,79892.84818130736,79892.84818130736,79890.5421952626,79890.5421952626,0,1
1371703920000,1371703979999,79890.19625148724,79890.19625148724,79890.19625148724,79890.19625148724,0,1
1371703980000,1371704039999,79889.60269261833,79889.60269261833,79886.152570176,79886.70222691212,0,1
1371704040000,1371704099999,79886.69204835822,79886.69204835822,79886.24418173013,79886.68865550464,0,1
1371704100000,1371704159999,79887.50969250876,79887.50969250876,79887.50969250876,79887.50969250876,0,1
1371704160000,1371704219999,79886.8345471699,79887.44184076617,79886.8345471699,79887.44184076617,0,1
1371704220000,1371704279999,79886.30864861696,79886.30864861696,79886.30864861696,79886.30864861696,0,1
1371704280000,1371704339999,79886.43758114385,79886.43758114385,79885.8268334086,79885.8268334086,0,1
1371704340000,1371704399999,79886.02702705355,79886.07113697888,79885.49769277273,79885.49769277273,0,1
1371704400000,1371704459999,79885.23301512463,79885.58591709868,79884.86313334253,79885.44340049295,0,1
1371704460000,1371704519999,79884.97851077946,79885.67753384412,79881.85606365158,79882.66052641769,0,1
1371704520000,1371704579999,79882.35504184956,79882.92187802981,79882.35504184956,79882.41953381326,0,1
1371704580000,1371704639999,79881.76101736233,79882.3584361738,79880.88858600592,79880.88858600592,0,1
1371704640000,1371704699999,79880.49477882744,79880.49477882744,79879.3675898048,79879.57809860798,0,1
1371704700000,1371704759999,79880.17904290554,79880.17904290554,79879.8123693241,79879.8123693241,0,1
1371704760000,1371704819999,79879.69693226581,79879.69693226581,79879.00088646777,79879.49661185501,0,1
1371704820000,1371704879999,79879.87008735353,79879.87008735353,79879.4524729199,79879.4524729199,0,1
1371704880000,1371704939999,79879.63581798959,79882.25321158634,79879.63581798959,79882.25321158634,0,1
1371704940000,1371704999999,79882.44329390557,79884.98869107764,79882.44329390557,79884.38124848035,0,1
1371705000000,1371705059999,79884.04866651075,79884.67988408894,79884.04866651075,79884.53056739943,0,1
1371705060000,1371705119999,79885.03959241303,79885.03959241303,79884.64594867347,79884.64594867347,0,1
1371705120000,1371705179999,79885.1515744389,79885.1515744389,79882.782717632,79882.8336301973,0,1
1371705180000,1371705239999,79883.01691328619,79883.01691328619,79881.3910071327,79882.48402536106,0,1
1371705240000,1371705299999,79883.05085423031,79883.05085423031,79882.46705394144,79882.46705394144,0,1
1371705300000,1371705359999,79882.35164752416,79882.74198739312,79882.3448588699,79882.74198739312,0,1
1371705360000,1371705419999,79882.86417761208,79882.86417761208,79882.40595659231,79882.40595659231,0,1
1371705420000,1371705479999,79883.04067195917,79883.20358705326,79882.55869926521,79882.7623525333,0,1
1371705480000,1371705539999,79883.25789149481,79883.29183162104,79882.66052641769,79882.66052641769,0,1
1371705540000,1371705599999,79882.0427590897,79882.67410329301,79882.0427590897,79882.67410329301,0,1
1371705600000,1371705659999,79882.52136238283,79884.26925782784,79882.3075211891,79884.26925782784,0,1
1371705660000,1371705719999,79884.3574929922,79884.3574929922,79883.2239512534,79883.2239512534,0,1
1371705720000,1371705779999,79883.93327834495,79883.93327834495,79883.2239512534,79883.2239512534,0,1
1371705780000,1371705839999,79882.9184838968,79882.9184838968,79882.59943025063,79882.59943025063,0,1
1371705840000,1371705899999,79882.52815091726,79883.11194763941,79880.70186901845,79880.70186901845,0,1
1371705900000,1371705959999,79881.46568919926,79881.90019197878,79881.04135185711,79881.13301024765,0,1
1371705960000,1371706019999,79881.52339768688,79882.30412684758,79881.27558829641,79882.01560360624,0,1
1371706020000,1371706079999,79881.68633750132,79882.13101390172,79881.02777276485,79882.13101390172,0,1
1371706080000,1371706139999,79882.08349217665,79883.03388377264,79882.06312565392,79882.86757176352,0,1
1371706140000,1371706199999,79882.50439102657,79884.91403531705,79882.50439102657,79884.42536566578,0,1
1371706200000,1371706259999,79885.41625424252,79885.77254291579,79884.95815015203,79884.95815015203,0,1
1371706260000,1371706319999,79885.98970311861,79885.98970311861,79884.4660890488,79884.60861958342,0,1
1371706320000,1371706379999,79884.69685175348,79886.36632916343,79884.45590821859,79884.45590821859,0,1
1371706380000,1371706439999,79884.37785484263,79885.55198475774,79884.37785484263,79884.7579351075,0,1
1371706440000,1371706499999,79884.79187014294,79885.5960967785,79884.20817148875,79884.5848646354,0,1
1371706500000,1371706559999,79885.25337519243,79885.70467938528,79884.26586415213,79884.41857841915,0,1
1371706560000,1371706619999,79884.96493703245,79884.96493703245,79882.73859319906,79882.73859319906,0,1
1371706620000,1371706679999,79883.76698129327,79885.15496781404,79883.16964662753,79883.35631754351,0,1
1371706680000,1371706739999,79883.07800690267,79885.1481810626,79882.84381267926,79885.1481810626,0,1
1371706740000,1371706799999,79885.65038822927,79889.19566045934,79885.65038822927,79887.3739885632,0,1
1371706800000,1371706859999,79888.61561100572,79890.15215975406,79887.80484223196,79887.80484223196,0,1
1371706860000,1371706919999,79888.4154691764,79889.78245988078,79888.24924664616,79888.43243050372,0,1
1371706920000,1371706979999,79887.94732518743,79889.83333682116,79887.94732518743,79889.83333682116,0,1
1371706980000,1371707039999,79890.08432593876,79890.81690679431,79888.60204219472,79888.68006260657,0,1
1371707040000,1371707099999,79887.9371479008,79888.47313757193,79887.33666965531,79887.99821146525,0,1
1371707100000,1371707159999,79889.12782015542,79889.26350030303,79886.13560498129,79886.51561844467,0,1
1371707160000,1371707219999,79886.84811837938,79886.84811837938,79886.52240426814,79886.52240426814,0,1
1371707220000,1371707279999,79886.837939974,79887.7098524671,79886.36972212639,79887.7098524671,0,1
1371707280000,1371707339999,79887.78787984012,79887.78787984012,79883.5158335651,79885.63002896978,0,1
1371707340000,1371707399999,79884.69345822289,79884.99208450806,79882.08688659308,79884.191202995,0,1
1371707400000,1371707459999,79883.24431541207,79885.52144555244,79883.24431541207,79884.7477545744,0,1
1371707460000,1371707519999,79885.47054666969,79889.56538202682,79885.47054666969,79889.56538202682,0,1
1371707520000,1371707579999,79889.09050779209,79890.14537639324,79888.14408402659,79890.01309993748,0,1
1371707580000,1371707639999,79890.00292475302,79891.55282519113,79890.00292475302,79891.55282519113,0,1
1371707640000,1371707699999,79890.9898694427,79891.76646877565,79888.23228500813,79891.76646877565,0,1
1371707700000,1371707759999,79891.8241178498,79892.77019340871,79891.01021779288,79891.49178332863,0,1
1371707760000,1371707819999,79891.35613341122,79892.45484483406,79889.70105623777,79892.45484483406,0,1
1371707820000,1371707879999,79892.11235823552,79892.71254978835,79886.77008367328,79886.77008367328,0,1
1371707880000,1371707939999,79886.58347647211,79887.49272961626,79884.5271738124,79884.5271738124,0,1
1371707940000,1371707999999,79884.79187014294,79886.35275730008,79884.4491209927,79884.72399995688,0,1
1371708000000,1371708059999,79883.40383322028,79887.4282703624,79881.86285263767,79887.17042919187,0,1
1371708060000,1371708119999,79889.43988174283,79890.78638366346,79887.59111399215,79890.78638366346,0,1
1371708120000,1371708179999,79889.0735475809,79891.00343501409,79886.20685860568,79886.20685860568,0,1
1371708180000,1371708239999,79886.65472690533,79889.73158268156,79886.12542585065,79889.2974200523,0,1
1371708240000,1371708299999,79889.63321936238,79891.89872204066,79889.63321936238,79891.89872204066,0,1
1371708300000,1371708359999,79892.31920798004,79895.16719564174,79892.31920798004,79895.16719564174,0,1
1371708360000,1371708419999,79894.42137250521,79896.58071687292,79894.42137250521,79895.67567952596,0,1
1371708420000,1371708479999,79892.72950382884,79892.72950382884,79888.41207690748,79889.7180153847,0,1
1371708480000,1371708539999,79889.17191640532,79891.75629537512,79889.17191640532,79890.9356069731,0,1
1371708540000,1371708599999,79889.69766440493,79893.32626774107,79889.69766440493,79889.86047108354,0,1
1371708600000,1371708659999,79889.81976966238,79892.2106971722,79888.82253309227,79891.6579519698,0,1
1371708660000,1371708719999,79892.3971993959,79892.47179931148,79891.23065559934,79892.47179931148,0,1
1371708720000,1371708779999,79891.7834244202,79893.19403335461,79891.3357857649,79893.19403335461,0,1
1371708780000,1371708839999,79892.96685737747,79892.96685737747,79890.2505179689,79891.11535027593,0,1
1371708840000,1371708899999,79891.14587240269,79891.14587240269,79887.54701077094,79888.19496930318,0,1
1371708900000,1371708959999,79888.78521958983,79889.65017862438,79887.22471209605,79887.94054033082,0,1
1371708960000,1371709019999,79887.86251414898,79888.76486671163,79887.32649174718,79887.95750246372,0,1
1371709020000,1371709079999,79888.44939180228,79888.44939180228,79885.94559283408,79885.94559283408,0,1
1371709080000,1371709139999,79886.61401243422,79886.61401243422,79885.36874812696,79886.4274023206,0,1
1371709140000,1371709199999,79885.8268334086,79888.00499628273,79885.8268334086,79887.68271236855,0,1
1371709200000,1371709259999,79887.57075868345,79888.13051457575,79886.0575647149,79886.0575647149,0,1
1371709260000,1371709319999,79886.04399243247,79886.3188275611,79885.52144555244,79885.52144555244,0,1
1371709320000,1371709379999,79885.17872140785,79886.68526264987,79885.17872140785,79886.68526264987,0,1
1371709380000,1371709439999,79887.04489884738,79887.68271236855,79887.04489884738,79887.68271236855,0,1
1371709440000,1371709499999,79888.21871567698,79888.21871567698,79883.285043605,79883.285043605,0,1
1371709500000,1371709559999,79883.83485797491,79884.69685175348,79881.12282602354,79883.92309697228,0,1
1371709560000,1371709619999,79883.80091969168,79884.41857841915,79882.07330892047,79882.91508976265,0,1
1371709620000,1371709679999,79882.48063107944,79883.74322434585,79882.3007325049,79882.98297222688,0,1
1371709680000,1371709739999,79883.30201363645,79883.30201363645,79881.35366589026,79881.35366589026,0,1
1371709740000,1371709799999,79881.0243779889,79882.28376077418,79879.37098514324,79879.37098514324,0,1
1371709800000,1371709859999,79879.58828440541,79879.96854675253,79878.85827598283,79879.96854675253,0,1
1371709860000,1371709919999,79879.9549662034,79879.9549662034,79877.47620711863,79877.47620711863,0,1
1371709920000,1371709979999,79877.51016687359,79878.97032724934,79876.60679812261,79878.85148495663,0,1
1371709980000,1371710039999,79878.10783968527,79880.59323207599,79878.10783968527,79879.14689033346,0,1
1371710040000,1371710099999,79879.35740378256,79880.94969262644,79879.35740378256,79880.09756104935,0,1
1371710100000,1371710159999,79880.80032022815,79883.04067195917,79879.7682317827,79882.28376077418,0,1
1371710160000,1371710219999,79881.08887853487,79882.6842859374,79880.76976650818,79882.57906477865,0,1
1371710220000,1371710279999,79882.65713219598,79885.62324254074,79882.38559072632,79885.62324254074,0,1
1371710280000,1371710339999,79886.88543911053,79886.88543911053,79885.40268108968,79885.43322065768,0,1
1371710340000,1371710399999,79886.87526074312,79888.71737650139,79886.80401188119,79888.71737650139,0,1
1371710400000,1371710459999,79887.24167544318,79888.42564597624,79886.20685860568,79887.15685841978,0,1
1371710460000,1371710519999,79887.63521701886,79888.4595685676,79886.58686936139,79888.2119310045,0,1
1371710520000,1371710579999,79888.20514632743,79888.55455121121,79887.91000841912,79887.91000841912,0,1
1371710580000,1371710639999,79888.13390694017,79888.44599954487,79887.12971682036,79887.35702544052,0,1
1371710640000,1371710699999,79887.56397357135,79887.77091741952,79887.21453407397,79887.22810476777,0,1
1371710700000,1371710759999,79887.35363281252,79889.22618844596,79887.18399994554,79888.97178570979,0,1
1371710760000,1371710819999,79889.08372371107,79890.0945010404,79888.5477667666,79889.9757908772,0,1
1371710820000,1371710879999,79890.07075912048,79890.9966522307,79890.07075912048,79890.44723149636,0,1
1371710880000,1371710939999,79890.76942632829,79890.97291245258,79890.2844343704,79890.61002597207,0,1
1371710940000,1371710999999,79890.53880371504,79890.53880371504,79888.23567733802,79890.00292475302,0,1
1371711000000,1371711059999,79890.06058399471,79891.12213297881,79889.88760527226,79890.75925191339,0,1
1371711060000,1371711119999,79892.21408815276,79892.21408815276,79889.84690396156,79890.82029824755,0,1
1371711120000,1371711179999,79890.73551157168,79890.73551157168,79890.15215975406,79890.43027358607,0,1
1371711180000,1371711239999,79890.15215975406,79890.59306833784,79889.55181450448,79890.45740622874,0,1
1371711240000,1371711299999,79890.76942632829,79890.76942632829,79888.50366776434,79889.55181450448,0,1
1371711300000,1371711359999,79890.206426475,79890.51167129324,79888.19157695945,79890.16911813598,0,1
1371711360000,1371711419999,79890.1759014807,79890.45062307498,79889.93848167772,79889.93848167772,0,1
1371711420000,1371711479999,79890.15555143275,79890.26408454332,79888.92768857739,79889.32116380833,0,1
1371711480000,1371711539999,79893.5330923777,79893.5330923777,79890.67107321722,79892.04792875265,0,1
1371711540000,1371711599999,79892.20730619048,79892.20730619048,79890.5557614413,79890.7999495109,0,1
1371711600000,1371711659999,79890.83047260034,79890.83047260034,79883.35631754351,79883.36310551116,0,1
1371711660000,1371711719999,79882.6842859374,79890.06397570446,79881.70331024597,79888.6936313117,0,1
1371711720000,1371711779999,79885.60288322598,79887.0482915801,79881.74743924726,79881.94432011126,0,1
1371711780000,1371711839999,79880.4642241739,79884.20817148875,79872.87019592094,79883.25789149481,0,1
1371711840000,1371711899999,79883.02370148423,79884.3574929922,79878.1146312165,79882.51796811388,0,1
1371711900000,1371711959999,79883.65837764433,79884.08599769109,79878.2538565903,79882.12083069394,0,1
1371711960000,1371712019999,79881.9816591482,79885.39928779859,79880.23675881865,79885.39928779859,0,1
1371712020000,1371712079999,79884.42536566578,79888.45278405854,79882.33128154755,79884.19459669605,0,1
1371712080000,1371712139999,79883.64140821763,79888.18139992139,79882.02918135718,79888.18139992139,0,1
1371712140000,1371712199999,79887.46558892843,79889.4568413327,79886.86508236534,79888.52062894207,0,1
1371712200000,1371712259999,79887.7098524671,79890.26408454332,79885.9727376476,79890.1657264619,0,1
1371712260000,1371712319999,79890.10467613167,79890.7117711736,79887.13650222712,79888.27638520717,0,1
1371712320000,1371712379999,79888.06605943288,79891.95637035239,79887.25863876153,79891.95637035239,0,1
1371712380000,1371712439999,79891.98010779591,79895.80788110082,79891.75290423931,79895.29940393896,0,1
1371712440000,1371712499999,79894.40442133289,79900.70149922922,79893.85518780172,79897.30265422772,0,1
1371712500000,1371712559999,79896.29938444865,79896.93999737647,79893.60090280279,79895.94686035918,0,1
1371712560000,1371712619999,79895.57737465782,79897.18741889684,79895.16380566242,79896.84509434702,0,1
1371712620000,1371712679999,79896.7535798585,79897.93981385167,79895.40110143974,79897.2958757156,0,1
1371712680000,1371712739999,79896.74680097419,79897.42127744597,79894.12302767484,79894.27559148424,0,1
1371712740000,1371712799999,79892.82444592433,79894.03487863517,79888.45617631364,79889.33812359955,0,1
1371712800000,1371712859999,79890.33191713925,79898.59387698187,79890.33191713925,79897.70257830998,0,1
1371712860000,1371712919999,79897.89575624805,79898.9056433144,79896.04516159519,79897.61107166838,0,1
1371712920000,1371712979999,79895.76720387932,79897.0179527626,79893.47884370653,79897.0179527626,0,1
1371712980000,1371713039999,79895.60788316859,79899.55286629597,79895.60788316859,79897.08573956092,0,1
1371713040000,1371713099999,79897.52973172843,79897.9465919273,79895.12990580598,79897.25520454641,0,1
1371713100000,1371713159999,79896.65528558614,79897.10268618871,79893.65176031987,79895.11973582664,0,1
1371713160000,1371713219999,79895.41805092266,79896.1502411582,79894.2043953295,79896.1502411582,0,1
1371713220000,1371713279999,79895.70618773681,79897.82797494037,79895.40449133862,79895.71296732659,0,1
1371713280000,1371713339999,79895.72313670264,79899.17334795215,79894.24846919934,79898.98697206349,0,1
1371713340000,1371713399999,79897.52973172843,79897.9499809634,79892.32598986644,79895.97397803805,0,1
1371713400000,1371713459999,79895.66551010165,79896.35361782096,79892.72950382884,79894.50951813807,0,1
1371713460000,1371713519999,79893.80433131922,79894.46544541877,79892.02758251393,79892.02758251393,0,1
1371713520000,1371713579999,79891.617257864,79892.04453771574,79888.9819619435,79890.85421271661,0,1
1371713580000,1371713639999,79892.17678730327,79897.6347956929,79892.17678730327,79895.58076449695,0,1
1371713640000,1371713699999,79895.55025590344,79895.55025590344,79892.27173464649,79893.27879918815,0,1
1371713700000,1371713759999,79893.42459474107,79893.42459474107,79889.9893578243,79890.8067324277,0,1
1371713760000,1371713819999,79892.19035126464,79895.51296749608,79892.19035126464,79894.54002990689,0,1
1371713820000,1371713879999,79893.65176031987,79895.07566579666,79892.87530739041,79894.02470754212,0,1
1371713880000,1371713939999,79893.63141734408,79893.63141734408,79885.04637923818,79885.30427518058,0,1
1371713940000,1371713999999,79883.87897757093,79890.02666683398,79883.35631754351,79890.02666683398,0,1
1371714000000,1371714059999,79890.10128443573,79890.7151626625,79887.43166296507,79889.70444806946,0,1
1371714060000,1371714119999,79890.40653246334,79890.40653246334,79886.73615535026,79888.70719999842,0,1
1371714120000,1371714179999,79886.70561976111,79890.33870037354,79885.00565821823,79889.24314839825,0,1
1371714180000,1371714239999,79890.2980008988,79890.78638366346,79887.77430990594,79888.81235669632,0,1
1371714240000,1371714299999,79888.93108067139,79890.32513390036,79883.9536410592,79885.92862728822,0,1
1371714300000,1371714359999,79885.78611556663,79889.02266677479,79884.75454159762,79889.02266677479,0,1
1371714360000,1371714419999,79888.32726981056,79890.40653246334,79887.86590660432,79888.57151230265,0,1
1371714420000,1371714479999,79887.31292118688,79887.31292118688,79885.08031329479,79886.87526074312,0,1
1371714480000,1371714539999,79885.91166171357,79889.21601246078,79885.555377997,79888.30352369453,0,1
1371714540000,1371714599999,79888.18818461458,79888.18818461458,79884.85634639303,79884.85634639303,0,1
1371714600000,1371714659999,79885.40268108968,79885.40268108968,79881.34348189086,79881.34348189086,0,1
1371714660000,1371714719999,79879.74107012192,79880.36916465477,79876.83094986112,79876.97358926057,0,1
1371714720000,1371714779999,79877.10603830972,79881.73725564887,79875.12930869035,79881.39779643452,0,1
1371714780000,1371714839999,79881.51660847031,79885.71146575906,79881.51660847031,79885.71146575906,0,1
1371714840000,1371714899999,79885.53841178911,79886.08131616478,79883.74322434585,79884.18102188493,0,1
1371714900000,1371714959999,79884.60861958342,79885.84379912716,79883.78734434614,79883.85861470464,0,1
1371714960000,1371715019999,79883.68552866713,79883.68552866713,79879.90403897993,79882.6707090759,0,1
1371715020000,1371715079999,79881.91037541126,79882.37201345929,79874.60279418399,79876.69849716839,0,1
1371715080000,1371715139999,79876.65094961999,79878.89902204319,79875.3263198945,79878.03992411925,0,1
1371715140000,1371715199999,79878.47118012868,79880.84784805145,79877.82598707141,79880.34539963379,0,1
1371715200000,1371715259999,79880.61699650799,79881.81193512963,79878.80394764408,79880.48119899294,0,1
1371715260000,1371715319999,79880.19941326586,79881.81872414568,79878.97372272267,79880.04663455207,0,1
1371715320000,1371715379999,79880.6882894652,79883.1866168548,79880.4879889125,79882.0189980457,0,1
1371715380000,1371715439999,79882.14119709915,79885.79290188514,79881.41137502434,79882.28036642459,0,1
1371715440000,1371715499999,79881.62862995401,79885.2160483698,79881.62862995401,79883.07461282265,0,1
1371715500000,1371715559999,79883.84503943742,79884.19799039594,79879.71051316537,79879.71051316537,0,1
1371715560000,1371715619999,79879.68674657904,79881.70670479145,79872.1295035023,79872.1295035023,0,1
1371715620000,1371715679999,79873.04007176889,79874.03208908786,79867.92894370576,79869.52985054984,0,1
1371715680000,1371715739999,79869.75416097371,79869.8051399138,79862.209812069,79864.54274230797,0,1
1371715740000,1371715799999,79865.3451989137,79867.2218799001,79862.53291796701,79862.98184777962,0,1
1371715800000,1371715859999,79862.88322098764,79864.95757961021,79861.12137854486,79861.79145944973,0,1
1371715860000,1371715919999,79861.4819352717,79861.68941957051,79856.33426629842,79857.0012651035,0,1
1371715920000,1371715979999,79857.45044331164,79859.89674920632,79856.08583190304,79859.89674920632,0,1
1371715980000,1371716039999,79859.72324792147,79862.9988523006,79859.72324792147,79860.01581697374,0,1
1371716040000,1371716099999,79859.80149397162,79861.63499787584,79856.15729996422,79856.15729996422,0,1
1371716100000,1371716159999,79856.25939630845,79856.97744448367,79852.53901317841,79855.23157887107,0,1
1371716160000,1371716219999,79856.2866218242,79858.52566676181,79854.97290618866,79858.52566676181,0,1
1371716220000,1371716279999,79856.02116988375,79857.08293536934,79850.20328054448,79853.19264822356,0,1
1371716280000,1371716339999,79852.79774882583,79857.09654701546,79852.79774882583,79856.71541392035,0,1
1371716340000,1371716399999,79856.32745995885,79857.52530438479,79854.33981060633,79854.61551844794,0,1
1371716400000,1371716459999,79855.36091270312,79856.31725044083,79853.19605246092,79853.5092373401,0,1
1371716460000,1371716519999,79853.7611397994,79857.34155347753,79851.00007864239,79856.86854949892,0,1
1371716520000,1371716579999,79857.32113650163,79858.1377830248,79852.66157300377,79855.32007062108,0,1
1371716580000,1371716639999,79854.31938750084,79857.68523298178,79854.31938750084,79857.68523298178,0,1
1371716640000,1371716699999,79858.10715998372,79858.10715998372,79855.01715330608,79856.27641226447,0,1
1371716700000,1371716759999,79856.55206671837,79858.64815323726,79856.12326761783,79856.43976396922,0,1
1371716760000,1371716819999,79857.13057604972,79857.20203664474,79856.5554698123,79857.20203664474,0,1
1371716820000,1371716879999,79856.97744448367,79858.76383353095,79854.9626952876,79858.50525220335,0,1
1371716880000,1371716939999,79858.83528245559,79858.83528245559,79857.8145350839,79858.60392218307,0,1
1371716940000,1371716999999,79858.70599355137,79863.47156640916,79858.70599355137,79863.07027097302,0,1
1371717000000,1371717059999,79863.2811231252,79867.85755972503,79861.2268257251,79861.28805260982,0,1
1371717060000,1371717119999,79863.67560876018,79865.31459793598,79861.53295640007,79861.53295640007,0,1
1371717120000,1371717179999,79861.2642421992,79862.70637051098,79859.31839988317,79862.1894050302,0,1
1371717180000,1371717239999,79861.3084614881,79863.32873428622,79859.17550842692,79862.22001557279,0,1
1371717240000,1371717299999,79862.209812069,79862.27103293553,79860.90707923641,79861.68261687487,0,1
1371717300000,1371717359999,79862.57373060095,79863.9170534975,79862.57373060095,79863.27772231931,0,1
1371717360000,1371717419999,79863.66200606633,79865.5084025466,79863.06006833677,79865.5084025466,0,1
1371717420000,1371717479999,79864.67875643441,79865.00858300856,79861.36288495985,79861.47513243492,0,1
1371717480000,1371717539999,79862.69616750344,79864.92017695274,79862.19960855482,79864.92017695274,0,1
1371717540000,1371717599999,79864.92357720011,79866.35157888758,79862.76418735708,79862.76418735708,0,1
1371717600000,1371717659999,79862.85261247511,79862.85261247511,79860.9955207774,79860.9955207774,0,1
1371717660000,1371717719999,79861.3220673838,79862.25062602168,79861.3220673838,79862.2472248653,0,1
1371717720000,1371717779999,79862.322050038,79862.32885229865,79861.38329368539,79862.322050038,0,1
1371717780000,1371717839999,79861.7880581372,79864.95077913743,79861.580575885,79864.95077913743,0,1
1371717840000,1371717899999,79864.82156927613,79865.22959472882,79863.12128399817,79863.29472633719,0,1
1371717900000,1371717959999,79862.64175128742,79862.75058342336,79861.3390747274,79861.63499787584,0,1
1371717960000,1371718019999,79862.97164505314,79864.00886898035,79862.75058342336,79863.66540674152,0,1
1371718020000,1371718079999,79863.39674983728,79863.39674983728,79861.5397591975,79862.73017748809,0,1
1371718080000,1371718139999,79862.74718243704,79864.87597363176,79862.45809437212,79862.78119224819,0,1
1371718140000,1371718199999,79862.05335704064,79863.61439649203,79861.3764907815,79863.61439649203,0,1
1371718200000,1371718259999,79863.18590012314,79863.94085759252,79863.04986569009,79863.04986569009,0,1
1371718260000,1371718319999,79862.34585793008,79863.29472633719,79861.70642628934,79862.95464048588,0,1
1371718320000,1371718379999,79863.26751989471,79865.03238450544,79863.15529253705,79864.4883361394,0,1
1371718380000,1371718439999,79864.17209442394,79866.96011763834,79864.17209442394,79866.96011763834,0,1
1371718440000,1371718499999,79866.8445321212,79867.25927394957,79866.09659354157,79866.82073493714,0,1
1371718500000,1371718559999,79866.73234490046,79866.99071358102,79863.90685172514,79863.90685172514,0,1
1371718560000,1371718619999,79863.99526673979,79865.21259400068,79861.40030092487,79864.78756640357,0,1
1371718620000,1371718679999,79865.5084025466,79865.5084025466,79862.28463752163,79862.28463752163,0,1
1371718680000,1371718739999,79861.1519923569,79861.83567640737,79857.20543951746,79857.20543951746,0,1
1371718740000,1371718799999,79857.57294295775,79857.94723813445,79854.86739304164,79856.42274829114,0,1
1371718800000,1371718859999,79855.84079467268,79855.84079467268,79851.02731848066,79854.35002214342,0,1
1371718860000,1371718919999,79854.5304242461,79854.89121868827,79850.10793292921,79852.85221863542,0,1
1371718920000,1371718979999,79852.22920247783,79854.12876983835,79851.11584744258,79851.40526357958,0,1
1371718980000,1371719039999,79850.9966736574,79851.95342883487,79850.0500428621,79851.4767650996,0,1
1371719040000,1371719099999,79851.36100047766,79853.61476481834,79849.75718209252,79849.75718209252,0,1
1371719100000,1371719159999,79851.43250231416,79853.24371166222,79850.24414352987,79851.58231402807,0,1
1371719160000,1371719219999,79851.20778053503,79855.26901778395,79851.20778053503,79854.83675998397,0,1
1371719220000,1371719279999,79853.97218832593,79854.75507137143,79852.76030065962,79852.76030065962,0,1
1371719280000,1371719339999,79852.49475509455,79856.64054678398,79852.49475509455,79856.64054678398,0,1
1371719340000,1371719399999,79856.017766608,79856.69839871129,79854.51680910662,79855.00353882926,0,1
1371719400000,1371719459999,79855.20435048275,79859.5497436263,79855.20435048275,79859.5497436263,0,1
1371719460000,1371719519999,79859.42046395899,79864.67535610379,79859.42046395899,79864.67535610379,0,1
1371719520000,1371719579999,79863.77422773743,79871.19506553802,79863.77422773743,79868.26546132291,0,1
1371719580000,1371719639999,79867.83036569358,79870.0498352087,79867.40884874923,79869.23416093961,0,1
1371719640000,1371719699999,79869.55024261447,79871.5042892218,79869.54004658734,79869.54004658734,0,1
1371719700000,1371719759999,79869.51965450191,79870.63436084423,79866.42637335579,79867.03830708355,0,1
1371719760000,1371719819999,79868.29605327203,79869.68958727652,79866.2495855294,79866.2495855294,0,1
1371719820000,1371719879999,79866.14759113092,79867.07910133402,79864.37612248187,79864.43733008753,0,1
1371719880000,1371719939999,79865.61040346463,79866.2903829975,79863.47496714912,79863.58379021744,0,1
1371719940000,1371719999999,79864.2775094403,79865.04938553995,79861.68601822326,79862.86621627003,0,1
1371720000000,1371720059999,79862.96484322971,79868.24166752001,79862.96484322971,79866.68814958913,0,1
1371720060000,1371720119999,79866.8003373057,79868.12609681487,79866.1747897389,79866.57936029835,0,1
1371720120000,1371720179999,79865.53900293125,79870.02944416282,79864.74336249639,79870.02944416282,0,1
1371720180000,1371720239999,79870.72951294656,79871.5008912113,79866.8955258964,79868.06491178318,0,1
1371720240000,1371720299999,79868.38103041743,79868.78551173053,79868.14309259057,79868.24506663818,0,1
1371720300000,1371720359999,79868.74812338784,79871.84068654581,79868.13969343774,79868.85349017728,0,1
1371720360000,1371720419999,79869.01323770822,79869.01323770822,79864.44073049909,79864.44073049909,0,1
1371720420000,1371720479999,79864.46793374988,79868.76511810638,79864.0530761344,79867.07910133402,0,1
1371720480000,1371720539999,79865.55940313566,79867.33746105575,79865.55940313566,79865.73960313387,0,1
1371720540000,1371720599999,79865.39280024843,79867.89495139754,79864.85897230242,79866.9703162963,0,1
1371720600000,1371720659999,79867.40204994324,79868.25526398575,79865.24319529052,79865.91300006649,0,1
1371720660000,1371720719999,79865.73960313387,79866.86153007517,79864.44753131871,79864.44753131871,0,1
1371720720000,1371720779999,79864.42712884594,79865.44380142707,79862.31864890593,79864.51893964564,0,1
1371720780000,1371720839999,79863.34233743344,79863.34233743344,79858.32492179381,79859.51232073658,0,1
1371720840000,1371720899999,79859.55314570024,79861.199613656,79859.35242135751,79860.09065884477,0,1
1371720900000,1371720959999,79860.41043143885,79861.10437083102,79859.43067030929,79859.5497436263,0,1
1371720960000,1371721019999,79860.33899376763,79861.59758278895,79859.56675398441,79861.3016585333,0,1
1371721020000,1371721079999,79861.56356895213,79862.86621627003,79861.35268058145,79862.81180097933,0,1
1371721080000,1371721139999,79863.61779718343,79863.61779718343,79859.7572680185,79859.7572680185,0,1
1371721140000,1371721199999,79860.07705127352,79860.4716633223,79857.93362764621,79858.35214168666,0,1
1371721200000,1371721259999,79858.56309334403,79858.56309334403,79856.20494505457,79856.38871684813,0,1
1371721260000,1371721319999,79856.55206671837,79857.56613746122,79855.30305303767,79856.42274829114,0,1
1371721320000,1371721379999,79855.80335790041,79858.05271879025,79854.3840605251,79856.08923515562,0,1
1371721380000,1371721439999,79855.22817532659,79856.00075021185,79853.60114843212,79854.46575216843,0,1
1371721440000,1371721499999,79854.70741937261,79856.60311300562,79854.63934469469,79854.9592916516,0,1
1371721500000,1371721559999,79855.45280677784,79855.45280677784,79852.53901317841,79852.53901317841,0,1
1371721560000,1371721619999,79852.79094007876,79854.82654894389,79852.3755977413,79854.25131018137,0,1
1371721620000,1371721679999,79854.46234836327,79855.1567006248,79852.26665263296,79855.1567006248,0,1
1371721680000,1371721739999,79854.36363751,79854.4487331311,79851.64359999144,79851.64359999144,0,1
1371721740000,1371721799999,79851.77638495692,79851.77638495692,79836.21833661244,79841.19572878677,0,1
1371721800000,1371721859999,79840.88897488381,79843.3938564339,79837.9232019271,79840.69128404908,0,1
1371721860000,1371721919999,79841.42067566863,79841.85692186562,79839.75390361767,79840.84125676428,0,1
1371721920000,1371721979999,79841.63880114601,79843.34955785672,79838.72097906131,79838.72097906131,0,1
1371721980000,1371722039999,79839.39256260614,79839.96865671212,79837.17991638646,79838.86757221096,0,1
1371722040000,1371722099999,79839.19484218622,79839.19484218622,79828.3380832997,79831.28281802103,0,1
1371722100000,1371722159999,79831.49092984464,79831.49092984464,79829.30724584506,79829.62117976813,0,1
1371722160000,1371722219999,79826.96949312463,79827.7920348644,79818.91115028958,79820.5950611064,0,1
1371722220000,1371722279999,79819.5943125935,79823.13234649446,79819.51233558122,79823.13234649446,0,1
1371722280000,1371722339999,79823.51134732198,79826.03423899252,79822.98893703004,79825.83966783504,0,1
1371722340000,1371722399999,79826.00693098828,79830.35820329215,79824.54925803596,79830.35820329215,0,1
1371722400000,1371722459999,79830.22172155256,79832.17323331507,79827.83640241268,79828.98306460315,0,1
1371722460000,1371722519999,79829.29700870338,79834.96678047809,79829.29700870338,79834.96678047809,0,1
1371722520000,1371722579999,79834.5711606714,79836.76051530137,79833.47289262537,79834.55751832994,0,1
1371722580000,1371722639999,79834.58139241529,79834.65983543727,79824.40586889011,79824.40586889011,0,1
1371722640000,1371722699999,79823.54207648928,79827.74084129484,79823.23819501804,79825.40613602713,0,1
1371722700000,1371722759999,79824.63802171496,79825.4641689335,79817.08346169053,79823.89374801308,0,1
1371722760000,1371722819999,79824.25223538079,79830.60045379249,79824.25223538079,79828.28006706915,0,1
1371722820000,1371722879999,79828.75101262896,79828.75101262896,79822.19673340597,79822.19673340597,0,1
1371722880000,1371722939999,79823.12551751897,79824.54584403257,79819.57381840344,79822.25819972601,0,1
1371722940000,1371722999999,79821.86207681312,79826.0888547773,79819.43035789691,79820.98440377308,0,1
1371723000000,1371723059999,79820.63946059732,79821.00147985882,79816.93996545252,79819.68312026512,0,1
1371723060000,1371723119999,79821.38056145346,79823.83570599237,79819.7685115133,79822.3947901957,0,1
1371723120000,1371723179999,79822.0977035401,79826.08202782052,79822.0977035401,79826.00693098828,0,1
1371723180000,1371723239999,79825.39248117669,79827.529238427,79824.05080120359,79826.07178737661,0,1
1371723240000,1371723299999,79824.28979045659,79828.24935245789,79824.01324523025,79824.01324523025,0,1
1371723300000,1371723359999,79824.30344681283,79827.26984815796,79823.72303522573,79824.00641685631,0,1
1371723360000,1371723419999,79823.51476167857,79825.5392698418,79816.54363181198,79817.31236809361,0,1
1371723420000,1371723479999,79817.25770435418,79821.23371173008,79816.96388163518,79820.73508960051,0,1
1371723480000,1371723539999,79820.28425915024,79822.41869333608,79819.33130063175,79822.41869333608,0,1
1371723540000,1371723599999,79822.31625090359,79824.12591272713,79820.11690024959,79820.71118243544,0,1
1371723600000,1371723659999,79820.5950611064,79820.5950611064,79816.18145112887,79819.03412294867,0,1
1371723660000,1371723719999,79819.59772828777,79821.40446701829,79819.044370602,79819.44743663658,0,1
1371723720000,1371723779999,79820.44136903872,79821.90305577316,79818.25868671843,79819.31763748368,0,1
1371723780000,1371723839999,79818.70619249722,79822.22063701977,79817.89998442131,79822.22063701977,0,1
1371723840000,1371723899999,79821.84841712246,79829.47103868671,79821.84841712246,79829.1809870319,0,1
1371723900000,1371723959999,79829.42326605169,79829.42326605169,79825.34810278399,79825.76115559421,0,1
1371723960000,1371724019999,79826.16053754216,79827.53947737854,79823.0947870716,79824.44342338895,0,1
1371724020000,1371724079999,79826.04789296669,79831.15999589613,79825.9727958781,79829.17416218578,0,1
1371724080000,1371724139999,79828.02410909266,79832.29604299588,79827.46439149053,79832.29604299588,0,1
1371724140000,1371724199999,79832.13911924718,79832.89642416988,79828.95576465038,79829.08885121619,0,1
1371724200000,1371724259999,79829.86003593374,79832.49731115586,79828.63157201372,79829.75766970422,0,1
1371724260000,1371724319999,79829.88392123653,79830.7062232972,79829.29700870338,79829.55975868911,0,1
1371724320000,1371724379999,79829.48810028676,79830.89387611696,79829.1468627547,79829.55975868911,0,1
1371724380000,1371724439999,79830.90411162404,79831.46363673749,79829.38231789717,79830.55609850596,0,1
1371724440000,1371724499999,79831.1531724005,79835.01793706893,79831.1531724005,79834.12436431207,0,1
1371724500000,1371724559999,79835.0725038107,79837.05716667006,79835.0725038107,79835.47833461035,0,1
1371724560000,1371724619999,79834.3699342475,79836.4331656469,79832.75315466426,79836.4331656469,0,1
1371724620000,1371724679999,79835.85345767633,79842.3476760902,79835.75115278116,79841.2570784382,0,1
1371724680000,1371724739999,79842.838406232,79842.838406232,79839.3243835926,79839.95843047887,0,1
1371724740000,1371724799999,79839.43346979115,79840.14931844195,79837.68112875792,79838.40392141083,0,1
1371724800000,1371724859999,79838.2061814423,79839.2664310656,79835.54995010064,79835.54995010064,0,1
1371724860000,1371724919999,79836.25243676733,79838.15845051924,79832.91347992669,79834.52341239486,0,1
1371724920000,1371724979999,79835.97963227231,79835.97963227231,79834.75191993878,79834.75191993878,0,1
1371724980000,1371725039999,79834.219864448,79836.26948680117,79833.41831715431,79833.41831715431,0,1
1371725040000,1371725099999,79832.8111449495,79833.36033038996,79831.48069493819,79832.10159363809,0,1
1371725100000,1371725159999,79832.5791817907,79833.28869921682,79831.33399346119,79833.28869921682,0,1
1371725160000,1371725219999,79833.02263608138,79833.72530030471,79832.05724500942,79832.6951640427,0,1
1371725220000,1371725279999,79832.21758142934,79833.0465138314,79831.40563863743,79832.11523933041,0,1
1371725280000,1371725339999,79832.08794792712,79834.39721942364,79832.08794792712,79834.39721942364,0,1
1371725340000,1371725399999,79832.85549023487,79835.76820366971,79831.50116474062,79834.4074513455,0,1
1371725400000,1371725459999,79834.60526644364,79836.74687594638,79832.82820085177,79835.60110370828,0,1
1371725460000,1371725519999,79834.4074513455,79837.64703347455,79834.4074513455,79836.5593329287,0,1
1371725520000,1371725579999,79835.82617647329,79837.78682339758,79834.95313867634,79837.78682339758,0,1
1371725580000,1371725639999,79838.43119558241,79840.11182287965,79837.62657624875,79839.15393402505,0,1
1371725640000,1371725699999,79839.2221142007,79840.12886633449,79835.65907748061,79837.20378421189,0,1
1371725700000,1371725759999,79836.83553142133,79839.41642515107,79836.83553142133,79839.31756566568,0,1
1371725760000,1371725819999,79839.7436771648,79840.11182287965,79837.08103478848,79840.07773588282,0,1
1371725820000,1371725879999,79841.03212787618,79841.04576138764,79837.9913904944,79840.80717225379,0,1
1371725880000,1371725939999,79840.88556645425,79841.88759471025,79837.48678408559,79838.60506667745,0,1
1371725940000,1371725999999,79837.82773715173,79840.00274408078,79837.82773715173,79837.90615471262,0,1
1371726000000,1371726059999,79837.9845716586,79839.06870815177,79834.70076198707,79838.44483264029,0,1
1371726060000,1371726119999,79838.18913471022,79840.81398916518,79838.18913471022,79839.45733223845,0,1
1371726120000,1371726179999,79839.27324902739,79841.50588149951,79839.27324902739,79841.50588149951,0,1
1371726180000,1371726239999,79841.02190273041,79845.10090595628,79841.02190273041,79845.10090595628,0,1
1371726240000,1371726299999,79844.32408122698,79847.72054093586,79844.32408122698,79846.54196044273,0,1
1371726300000,1371726359999,79846.2081176016,79846.2081176016,79842.69868690768,79843.57445629463,0,1
1371726360000,1371726419999,79843.06672385318,79844.56599364345,79842.5691892054,79844.24571397794,0,1
1371726420000,1371726479999,79843.8334239881,79844.37178273006,79840.81739761913,79841.17868715012,0,1
1371726480000,1371726539999,79841.78535152893,79842.48058454815,79840.73218592175,79841.02871949541,0,1
1371726540000,1371726599999,79839.97888293493,79843.48926808749,79839.97888293493,79841.64220931884,0,1
1371726600000,1371726659999,79841.0253111135,79843.45519260142,79840.44927787929,79842.93723091684,0,1
1371726660000,1371726719999,79843.8061645467,79845.83678951258,79843.16895393423,79845.83678951258,0,1
1371726720000,1371726779999,79846.53855393942,79847.87722036737,79843.56082623027,79845.97646499873,0,1
1371726780000,1371726839999,79846.0854786568,79846.0854786568,79843.3222970963,79843.3222970963,0,1
1371726840000,1371726899999,79842.6680165508,79846.2966892375,79842.6680165508,79845.16563862654,0,1
1371726900000,1371726959999,79844.76701500232,79844.76701500232,79841.7614946362,79842.32041259843,0,1
1371726960000,1371727019999,79840.60947980187,79844.76020078512,79840.60947980187,79843.98675696139,0,1
1371727020000,1371727079999,79844.22527024675,79846.74634851847,79843.35637303522,79845.01913777385,0,1
1371727080000,1371727139999,79845.55061900876,79849.77420911628,79845.41093757443,79845.97305830277,0,1
1371727140000,1371727199999,79847.59451439432,79851.10222765329,79847.59451439432,79850.12495935576,0,1
1371727200000,1371727259999,79849.46771825275,79849.70950627176,79847.55023442161,79848.33702626465,0,1
1371727260000,1371727319999,79847.37992500686,79847.96237120271,79839.66868285755,79841.46839102337,0,1
1371727320000,1371727379999,79841.37296008623,79845.00210265169,79840.73218592175,79842.92019224775,0,1
1371727380000,1371727439999,79842.83499846683,79844.55577211046,79841.09688689,79841.59790298142,0,1
1371727440000,1371727499999,79841.69673992619,79844.24912126242,79840.58562010372,79844.24912126242,0,1
1371727500000,1371727559999,79844.39222616171,79845.82656927846,79841.33887738797,79841.63880114601,0,1
1371727560000,1371727619999,79842.61349123964,79842.67142437286,79838.97325431136,79840.14590976028,0,1
1371727620000,1371727679999,79839.41301621957,79840.98781883562,79837.14581939415,79838.8880268982,0,1
1371727680000,1371727739999,79839.14029793412,79839.48460353709,79837.57202344196,79839.48460353709,0,1
1371727740000,1371727799999,79838.9118906471,79838.97666339278,79836.71618732963,79836.71618732963,0,1
1371727800000,1371727859999,79836.21492659056,79839.74708598359,79835.47833461035,79836.7536956262,0,1
1371727860000,1371727919999,79836.2831268073,79838.24709348074,79836.26607679672,79836.26607679672,0,1
1371727920000,1371727979999,79836.18764637363,79838.38687501584,79835.47151406073,79835.47151406073,0,1
1371727980000,1371728039999,79835.88073880496,79835.88073880496,79832.4700207953,79833.61956272798,0,1
1371728040000,1371728099999,79832.71222014277,79836.01032314953,79832.71222014277,79835.52607832753,0,1
1371728100000,1371728159999,79835.90801985915,79836.56956263854,79832.45637558708,79833.37397436476,0,1
1371728160000,1371728219999,79833.44560492707,79833.44560492707,79825.9932769582,79830.6175134657,0,1
1371728220000,1371728279999,79832.24487247884,79833.28528819578,79828.73394977127,79829.5188110935,0,1
1371728280000,1371728339999,79832.05724500942,79832.20052448558,79827.67940866546,79830.80857981724,0,1
1371728340000,1371728399999,79831.62739426308,79832.3335678753,79829.26288482209,79831.3271700843,0,1
1371728400000,1371728459999,79833.22047857489,79835.54312959986,79831.46704837994,79834.91221315942,0,1
1371728460000,1371728519999,79834.14141797466,79837.75613797212,79833.85832340998,79837.64021440393,0,1
1371728520000,1371728579999,79839.46415007008,79841.03212787618,79837.8106897745,79837.8106897745,0,1
1371728580000,1371728639999,79836.3820162954,79837.96752454873,79834.61890871996,79837.25151969187,0,1
1371728640000,1371728699999,79835.76138331776,79837.22424230265,79829.91804299867,79829.91804299867,0,1
1371728700000,1371728759999,79829.79520411005,79831.56598550524,79826.03765248782,79829.64506564144,0,1
1371728760000,1371728819999,79830.36502733023,79835.47833461035,79830.36502733023,79834.71099359835,0,1
1371728820000,1371728879999,79834.56092891705,79837.698176356,79834.01522018282,79835.83640693316,0,1
1371728880000,1371728939999,79834.50294877798,79838.06639738141,79833.98111239812,79838.06639738141,0,1
1371728940000,1371728999999,79838.08003493678,79838.36982859178,79834.26079279848,79838.36982859178,0,1
1371729000000,1371729059999,79838.04935041103,79839.3857447257,79836.2831268073,79836.5320536513,0,1
1371729060000,1371729119999,79837.4629169356,79837.58566167156,79835.81253584387,79837.29925494398,0,1
1371729120000,1371729179999,79837.24129067962,79838.4823344536,79836.77415463778,79837.83114662368,0,1
1371729180000,1371729239999,79837.9232019271,79842.24543761282,79837.3265321286,79839.68572706768,0,1
1371729240000,1371729299999,79841.69333177194,79841.69333177194,79837.4799649057,79840.08796199407,0,1
1371729300000,1371729359999,79838.61870349823,79841.74786210051,79838.61870349823,79841.52633079089,0,1
1371729360000,1371729419999,79840.68787555216,79841.1514204711,79838.47892520366,79839.85616757117,0,1
1371729420000,1371729479999,79839.69936241486,79842.37834742959,79839.69936241486,79839.87321146173,0,1
1371729480000,1371729539999,79839.61755005288,79841.1037036039,79839.26984004707,79839.52891923874,0,1
1371729540000,1371729599999,79839.85616757117,79842.92019224775,79839.28347596135,79841.78194340487,0,1
1371729600000,1371729659999,79841.75127023619,79844.06171889264,79839.55278145827,79842.93723091684,0,1
1371729660000,1371729719999,79843.98334958752,79845.10090595628,79842.55214990921,79845.10090595628,0,1
1371729720000,1371729779999,79846.21152421749,79849.8491276764,79846.21152421749,79849.3927968351,0,1
1371729780000,1371729839999,79850.05344816945,79851.17713626477,79846.52492791452,79849.88999210899,0,1
1371729840000,1371729899999,79849.50858424397,79849.50858424397,79845.66985771393,79845.83678951258,0,1
1371729900000,1371729959999,79846.13317175848,79849.7197225382,79845.86063668491,79848.14629453256,0,1
1371729960000,1371730019999,79848.07476919514,79848.07476919514,79844.95781119826,79846.2524035176,0,1
1371730020000,1371730079999,79846.09910528049,79846.09910528049,79844.30704492073,79844.30704492073,0,1
1371730080000,1371730139999,79844.57621516599,79849.3519303707,79844.388818926,79849.3519303707,0,1
1371730140000,1371730199999,79851.14308696549,79853.62497709585,79851.14308696549,79851.9976893146,0,1
1371730200000,1371730259999,79851.50400363939,79853.56029916219,79850.84685316957,79851.57209966432,0,1
1371730260000,1371730319999,79853.66923017788,79853.66923017788,79850.90133360667,79850.90133360667,0,1
1371730320000,1371730379999,79850.32586899972,79851.27928346707,79848.0781751752,79850.39397304771,0,1
1371730380000,1371730439999,79849.7503712749,79852.04194959842,79848.0781751752,79848.0781751752,0,1
1371730440000,1371730499999,79849.93426172252,79850.38716266378,79848.0441153225,79849.27019694087,0,1
1371730500000,1371730559999,79848.64014599679,79850.34630026281,79848.2246312199,79849.50517875107,0,1
1371730560000,1371730619999,79849.51539522628,79849.94107241489,79847.7103226268,79848.37108511971,0,1
1371730620000,1371730679999,79847.62516964521,79849.85593842676,79847.35608145733,79849.85593842676,0,1
1371730680000,1371730739999,79851.15330176744,79853.00881768535,79850.83323301392,79850.83323301392,0,1
1371730740000,1371730799999,79851.5755044534,79853.79177615218,79850.98645869544,79853.74071551206,0,1
1371730800000,1371730859999,79853.09052056399,79854.57126955336,79850.16582266119,79851.42909747639,0,1
1371730860000,1371730919999,79851.18054118834,79852.10663735318,79850.71405586066,79852.10663735318,0,1
1371730920000,1371730979999,79852.48454166275,79857.6988438081,79852.48454166275,79853.48540840056,0,1
1371730980000,1371731039999,79853.0939248361,79855.46642064303,79853.0939248361,79855.46642064303,0,1
1371731040000,1371731099999,79854.38065669216,79854.4385216948,79854.1832323984,79854.4385216948,0,1
1371731100000,1371731159999,79854.5304242461,79857.59335941954,79854.4385216948,79857.59335941954,0,1
1371731160000,1371731219999,79857.21564812874,79857.21564812874,79854.37044518633,79854.37044518633,0,1
1371731220000,1371731279999,79854.3840605251,79855.42217551343,79854.28534889904,79854.97290618866,0,1
1371731280000,1371731339999,79854.60530718195,79855.04778581116,79852.80796193772,79853.165414283,0,1
1371731340000,1371731399999,79853.02243487815,79853.02243487815,79850.85025820558,79851.40185873254,0,1
1371731400000,1371731459999,79850.78215726501,79857.8451590211,79846.97798328767,79851.26225900582,0,1
1371731460000,1371731519999,79851.90916815923,79854.9014296623,79850.9966736574,79850.9966736574,0,1
1371731520000,1371731579999,79850.05344816945,79852.09301891328,79849.41663552888,79851.84447912706,0,1
1371731580000,1371731639999,79849.7639929055,79854.93206252188,79849.7639929055,79854.93206252188,0,1
1371731640000,1371731699999,79855.92928103183,79856.06541236317,79851.6333856903,79854.20705967516,0,1
1371731700000,1371731759999,79854.60530718195,79854.67338209158,79849.49836776181,79849.89680283153,0,1
1371731760000,1371731819999,79851.3882393328,79851.3882393328,79846.45339097924,79848.4085497263,0,1
1371731820000,1371731879999,79847.68307375158,79848.03049134892,79845.30532348728,79846.35800760279,0,1
1371731880000,1371731939999,79846.05822535368,79846.56239943829,79844.98847453306,79845.23037087776,0,1
1371731940000,1371731999999,79845.94921139853,79846.89963683386,79843.14850800163,79844.48081388263,0,1
1371732000000,1371732059999,79844.13668026199,79849.30425261783,79844.13668026199,79846.10932523607,0,1
1371732060000,1371732119999,79846.44317137527,79848.02708535265,79845.94580469329,79848.02708535265,0,1
1371732120000,1371732179999,79848.38470862925,79849.20208523904,79847.48211100377,79848.13607665854,0,1
1371732180000,1371732239999,79849.50177325703,79849.61415394832,79848.69123268733,79849.37236362378,0,1
1371732240000,1371732299999,79848.03730333803,79848.03730333803,79846.58624488031,79846.58624488031,0,1
1371732300000,1371732359999,79848.00324334613,79848.00324334613,79844.17756804479,79845.66645091352,0,1
1371732360000,1371732419999,79844.66139411418,79847.72054093586,79844.66139411418,79847.39354986677,0,1
1371732420000,1371732479999,79846.4806432054,79846.4806432054,79844.36837548738,79845.81975578325,0,1
1371732480000,1371732539999,79845.72777314343,79845.72777314343,79843.00879301,79844.14690222337,0,1
1371732540000,1371732599999,79845.19630132409,79848.176948092,79845.19630132409,79846.86216657376,0,1
1371732600000,1371732659999,79846.99501504423,79850.6834100774,79846.93029421497,79850.6834100774,0,1
1371732660000,1371732719999,79850.79577749023,79856.61672530486,79850.79577749023,79856.61672530486,0,1
1371732720000,1371732779999,79856.54526052705,79857.65120583493,79851.59933794446,79851.59933794446,0,1
1371732780000,1371732839999,79851.22480508902,79851.71169506578,79847.63538804128,79849.68566827614,0,1
1371732840000,1371732899999,79849.63799211443,79849.63799211443,79846.2387771028,79847.75800797976,0,1
1371732900000,1371732959999,79848.67420381948,79848.67420381948,79842.8792993235,79842.8792993235,0,1
1371732960000,1371733019999,79842.52147910288,79844.36156099854,79842.52147910288,79842.9781236042,0,1
1371733020000,1371733079999,79841.91145130213,79844.1332729392,79841.91145130213,79842.964492727,0,1
1371733080000,1371733139999,79843.03946232171,79844.37859721191,79839.60391459413,79841.70014807928,0,1
1371733140000,1371733199999,79842.3442681578,79843.6119388759,79840.83784831846,79841.16164548445,0,1
1371733200000,1371733259999,79840.957143231,79841.71037253155,79838.15845051924,79840.18681386368,0,1
1371733260000,1371733319999,79839.3243835926,79839.62777663472,79836.42634574849,79836.45362531426,0,1
1371733320000,1371733379999,79836.10580527631,79836.10580527631,79830.76422545385,79832.15276488829,0,1
1371733380000,1371733439999,79830.50491908472,79836.76392513722,79830.50491908472,79836.76392513722,0,1
1371733440000,1371733499999,79835.50220649743,79837.96411512328,79834.44155767607,79837.96411512328,0,1
1371733500000,1371733559999,79837.8379655641,79837.8379655641,79832.97146928223,79832.97146928223,0,1
1371733560000,1371733619999,79834.06638164172,79834.70076198707,79830.99623071628,79834.219864448,0,1
1371733620000,1371733679999,79834.22327515026,79834.22327515026,79831.57280871917,79831.76044527808,0,1
1371733680000,1371733739999,79832.34039056553,79832.34039056553,79830.21489741668,79831.65809850059,0,1
1371733740000,1371733799999,79831.61033631262,79831.61033631262,79827.48828251605,79827.48828251605,0,1
1371733800000,1371733859999,79827.29032658171,79829.63482884558,79827.29032658171,79829.03425181372,0,1
1371733860000,1371733919999,79829.34136957498,79830.31725896586,79828.54284377603,79829.58364470911,0,1
1371733920000,1371733979999,79830.68233995844,79831.02352509917,79828.97623962194,79829.44374006607,0,1
1371733980000,1371734039999,79829.7337840999,79829.90439430778,79826.97290630068,79829.12638813247,0,1
1371734040000,1371734099999,79829.87709687011,79829.87709687011,79828.93870214206,79828.93870214206,0,1
1371734100000,1371734159999,79827.82275088031,79829.39596730065,79826.81589899643,79827.04458272872,0,1
1371734160000,1371734219999,79825.96596884208,79827.13332426114,79824.26589178831,79825.69288357938,0,1
1371734220000,1371734279999,79826.27318084877,79829.14345032057,79825.7440876342,79829.14345032057,0,1
1371734280000,1371734339999,79828.13673140945,79829.72013515752,79828.13673140945,79829.26629721546,0,1
1371734340000,1371734399999,79829.03083934117,79832.96464702257,79829.03083934117,79832.96464702257,0,1
1371734400000,1371734459999,79833.31257633155,79833.31257633155,79830.46397535915,79830.46397535915,0,1
1371734460000,1371734519999,79830.92799443315,79833.21024543846,79830.92799443315,79833.21024543846,0,1
1371734520000,1371734579999,79832.87254606148,79833.30234328937,79831.66151007672,79833.30234328937,0,1
1371734580000,1371734639999,79832.35744727071,79832.63035059712,79830.5117430227,79831.92419794333,0,1
1371734640000,1371734699999,79832.60988310598,79832.60988310598,79830.57657020111,79831.27940631572,0,1
1371734700000,1371734759999,79831.56598550524,79831.56598550524,79825.25934540773,79827.11625864299,0,1
1371734760000,1371734819999,79825.87038984844,79827.17428162589,79825.55633815141,79827.17428162589,0,1
1371734820000,1371734879999,79827.85687967626,79828.23911423318,79823.71279236583,79825.94890123165,0,1
1371734880000,1371734939999,79825.66557464295,79829.16392490786,79825.29348295338,79827.87053116201,0,1
1371734940000,1371734999999,79827.37906593342,79827.73060254949,79819.30397431695,79819.30397431695,0,1
1371735000000,1371735059999,79819.52258274451,79822.41186387323,79815.68599404313,79822.41186387323,0,1
1371735060000,1371735119999,79822.99576609879,79822.99576609879,79817.46269183629,79822.15234082876,0,1
1371735120000,1371735179999,79822.64064833966,79822.64064833966,79815.65182368408,79820.23644260729,0,1
1371735180000,1371735239999,79819.4235263929,79822.7465020679,79813.97391542686,79813.97391542686,0,1
1371735240000,1371735299999,79813.42024644694,79818.84966339296,79809.16759368818,79817.6266787966,0,1
1371735300000,1371735359999,79817.19962380364,79817.86582162672,79803.78765368856,79809.87193606178,0,1
1371735360000,1371735419999,79811.27021638438,79813.58088196206,79808.39139196425,79810.54204100525,0,1
1371735420000,1371735479999,79812.23419799839,79812.37434361651,79808.11782633721,79809.83432680047,0,1
1371735480000,1371735539999,79812.62386631891,79816.14386558974,79811.87869786435,79814.37035092498,0,1
1371735540000,1371735599999,79813.58429971094,79818.7745122281,79812.96225017372,79816.1028630223,0,1
1371735600000,1371735659999,79815.2075983907,79815.2075983907,79804.17080934491,79804.17080934491,0,1
1371735660000,1371735719999,79805.36123503982,79811.06168331367,79804.0852848015,79810.43605800868,0,1
1371735720000,1371735779999,79809.81381259831,79815.89101374552,79809.81381259831,79812.64779282625,0,1
1371735780000,1371735839999,79812.26496183891,79822.58259904521,79812.26496183891,79820.98098855244,0,1
1371735840000,1371735899999,79821.98501318946,79821.98501318946,79815.50488980961,79818.66861644629,0,1
1371735900000,1371735959999,79819.66262625706,79827.21523882289,79819.28689533228,79825.23544905645,0,1
1371735960000,1371736019999,79825.82260000904,79843.28822104128,79823.82887749719,79843.02583152812,0,1
1371736020000,1371736079999,79843.31888949603,79845.71073922841,79839.63800320613,79842.43968982615,0,1
1371736080000,1371736139999,79843.17236158562,79844.84878524633,79838.83689010165,79844.07194093065,0,1
1371736140000,1371736199999,79842.9781236042,79848.42898490709,79842.9781236042,79846.47042362929,0,1
1371736200000,1371736259999,79846.5555864444,79848.68101537011,79843.58127131987,79846.89623045237,0,1
1371736260000,1371736319999,79846.27965629152,79846.79063205094,79836.24561674565,79837.0367082375,0,1
1371736320000,1371736379999,79836.44680542979,79837.33676105365,79832.49731115586,79837.33676105365,0,1
1371736380000,1371736439999,79836.06488447647,79846.27624969883,79836.06488447647,79845.38027553499,0,1
1371736440000,1371736499999,79847.97258925422,79847.97258925422,79840.81058071007,79846.71228412927,0,1
1371736500000,1371736559999,79847.78866272945,79847.78866272945,79842.90996903236,79843.51312085864,0,1
1371736560000,1371736619999,79843.68690361691,79844.0855702984,79836.41611589215,79837.7049953871,0,1
1371736620000,1371736679999,79837.4049536199,79839.73345070147,79831.96854716205,79837.46973612712,0,1
1371736680000,1371736739999,79835.57723205729,79836.78779395556,79832.05042212602,79832.60647185337,0,1
1371736740000,1371736799999,79831.93784387773,79835.8636881083,79829.53246031067,79832.3847379385,0,1
1371736800000,1371736859999,79833.77987410042,79842.46695299272,79829.4676263632,79834.40404070604,0,1
1371736860000,1371736919999,79834.564339503,79846.1842712579,79834.47566389032,79844.52851463808,0,1
1371736920000,1371736979999,79844.79427182462,79847.67626152118,79842.83159070049,79844.47399947043,0,1
1371736980000,1371737039999,79844.81812148319,79844.81812148319,79835.33169176803,79835.33169176803,0,1
1371737040000,1371737099999,79835.78866469758,79835.78866469758,79824.11908443012,79824.11908443012,0,1
1371737100000,1371737159999,79824.4468374273,79827.57360714127,79820.45161525004,79823.35428565889,0,1
1371737160000,1371737219999,79824.00300266758,79834.85082456999,79824.00300266758,79832.84866789608,0,1
1371737220000,1371737279999,79832.80773376557,79835.3623846339,79831.92078645683,79833.01581385663,0,1
1371737280000,1371737339999,79831.27599460923,79831.27599460923,79825.92159299436,79827.00703799714,0,1
1371737340000,1371737399999,79827.60432382813,79836.64117031441,79826.55307690495,79833.45583782266,0,1
1371737400000,1371737459999,79834.38016619728,79834.72122519916,79822.77040436759,79822.79772121157,0,1
1371737460000,1371737519999,79824.15322586853,79827.01386432246,79814.13795960807,79814.13795960807,0,1
1371737520000,1371737579999,79814.29858359466,79824.44000934942,79814.09011366653,79821.20639061337,0,1
1371737580000,1371737639999,79822.86259841695,79829.76790637434,79819.70361423118,79829.76790637434,0,1
1371737640000,1371737699999,79828.87727687102,79829.86686031178,79822.79430661016,79823.23819501804,0,1
1371737700000,1371737759999,79824.59022598571,79824.71654277421,79818.23477363226,79819.33813219877,0,1
1371737760000,1371737819999,79818.13912071568,79819.38253727072,79807.37916176036,79807.37916176036,0,1
1371737820000,1371737879999,79808.16228126085,79808.16228126085,79800.61237050395,79803.19920748743,0,1
1371737880000,1371737939999,79803.93818087583,79805.9461336755,79800.74241267527,79805.38859948149,0,1
1371737940000,1371737999999,79805.89824852326,79808.70940259917,79803.89370716996,79808.1041478594,0,1
1371738000000,1371738059999,79806.43181297676,79810.12152121196,79802.48413032465,79809.09236972593,0,1
1371738060000,1371738119999,79808.88037187872,79815.22810153093,79808.88037187872,79812.53157782576,0,1
1371738120000,1371738179999,79814.68475411086,79814.73943191677,79810.5112718639,79813.17416150456,0,1
1371738180000,1371738239999,79812.63753861583,79819.5328298973,79811.86160619334,79816.52313136883,0,1
1371738240000,1371738299999,79817.55493483237,79817.58568230864,79809.61550647451,79810.95912447055,0,1
1371738300000,1371738359999,79809.82065067037,79814.44211774024,79808.8325007751,79809.16075516953,0,1
1371738360000,1371738419999,79809.7762031184,79812.44270661996,79805.80589793922,79812.44270661996,0,1
1371738420000,1371738479999,79812.1145599411,79812.67513733597,79804.1502835212,79804.50947935361,0,1
1371738480000,1371738539999,79805.1594199698,79806.59256078929,79794.02249419794,79797.89136354347,0,1
1371738540000,1371738599999,79798.93878217095,79799.37004030845,79792.55330127022,79793.98140082661,0,1
1371738600000,1371738659999,79792.75194603346,79794.48135870698,79789.58343409601,79790.4261849999,0,1
1371738660000,1371738719999,79791.3099694064,79791.3099694064,79783.53478391714,79784.60084563764,0,1
1371738720000,1371738779999,79786.16374032744,79790.89549109666,79784.95046171125,79789.29907528656,0,1
1371738780000,1371738839999,79788.77830084003,79788.84682534302,79786.71549348897,79788.54531401748,0,1
1371738840000,1371738899999,79788.15813273315,79788.50077180096,79783.61705639263,79784.92989639821,0,1
1371738900000,1371738959999,79782.83886881852,79790.14870169126,79779.82153386356,79789.44982072274,0,1
1371738960000,1371739019999,79790.59746714956,79797.63120334639,79790.59746714956,79795.13195139714,0,1
1371739020000,1371739079999,79794.38547831091,79796.04271005974,79783.82273462001,79785.90327484133,0,1
1371739080000,1371739139999,79786.56813382292,79795.82701155693,79785.33091237396,79795.82701155693,0,1
1371739140000,1371739199999,79795.21755254749,79796.13857456758,79787.01020630678,79788.33630651358,0,1
1371739200000,1371739259999,79787.7914959285,79793.98824973356,79785.4817176398,79793.70744070217,0,1
1371739260000,1371739319999,79791.68332772168,79794.4642372751,79782.33147161861,79785.52627330585,0,1
1371739320000,1371739379999,79786.65038134616,79792.40945259904,79786.65038134616,79790.60431837452,0,1
1371739380000,1371739439999,79790.37822547226,79802.51834570775,79790.37822547226,79799.22628966242,0,1
1371739440000,1371739499999,79800.01689264478,79804.28712155014,79799.24682559552,79800.73214624955,0,1
1371739500000,1371739559999,79800.73214624955,79801.11199698194,79792.25190168011,79797.70993675182,0,1
1371739560000,1371739619999,79797.18275343398,79801.2351887155,79797.18275343398,79801.05040054604,0,1
1371739620000,1371739679999,79802.34042443722,79803.29158214742,79797.08689893562,79799.78758999008,0,1
1371739680000,1371739739999,79798.93193665374,79802.41912077424,79798.5930776945,79802.41912077424,0,1
1371739740000,1371739799999,79803.21631397032,79804.75577761055,79799.06542339415,79802.55598249394,0,1
1371739800000,1371739859999,79802.58677612274,79812.56575884846,79800.42414857661,79810.09075077667,0,1
1371739860000,1371739919999,79809.15049738281,79813.2630262101,79808.2682883582,79809.9710870727,0,1
1371739920000,1371739979999,79809.46848387866,79815.23151871687,79809.4137772447,79809.4137772447,0,1
1371739980000,1371740039999,79808.08021047822,79814.15504738885,79808.08021047822,79811.51292972815,0,1
1371740040000,1371740099999,79810.8668206124,79811.78298413045,79807.00296901555,79809.34881272815,0,1
1371740100000,1371740159999,79808.03233554396,79811.11638093328,79805.39886112782,79806.63360236987,0,1
1371740160000,1371740219999,79805.91193001873,79809.89586915442,79802.90497140128,79802.90497140128,0,1
1371740220000,1371740279999,79802.32331645592,79805.73064868462,79798.81213934394,79798.81213934394,0,1
1371740280000,1371740339999,79799.18864034222,79800.43783756351,79797.25122037026,79799.8491942049,0,1
1371740340000,1371740399999,79798.99696887805,79802.33700284331,79795.69005771175,79795.69005771175,0,1
1371740400000,1371740459999,79793.39237728022,79794.58751093029,79787.18840054124,79787.27064296312,0,1
1371740460000,1371740519999,79787.21924152871,79793.46771943635,79787.21924152871,79791.82033645119,0,1
1371740520000,1371740579999,79790.85438487338,79790.85438487338,79784.89562078251,79785.54683739247,0,1
1371740580000,1371740639999,79786.33852257361,79787.15755945865,79782.15319081469,79783.98727415613,0,1
1371740640000,1371740699999,79783.23996865489,79783.23996865489,79774.9747486056,79777.03654875654,0,1
1371740700000,1371740759999,79775.64719603315,79777.47218257381,79771.81432626313,79771.81432626313,0,1
1371740760000,1371740819999,79772.72721097947,79776.79299717068,79772.13693414291,79775.61631933565,0,1
1371740820000,1371740879999,79774.768888312,79774.99190343877,79764.40864408095,79765.34624502184,0,1
1371740880000,1371740939999,79763.59804640898,79764.7589668072,79760.89443425332,79763.96213654261,0,1
1371740940000,1371740999999,79762.5744012351,79763.30951273708,79754.80777356101,79754.80777356101,0,1
1371741000000,1371741059999,79755.97658981962,79758.62310995326,79751.24547910315,79757.62301389508,0,1
1371741060000,1371741119999,79758.58530745379,79761.8048808383,79758.2450785278,79760.37905038844,0,1
1371741120000,1371741179999,79762.7118093606,79771.37158148571,79762.7118093606,79769.84413315039,0,1
1371741180000,1371741239999,79769.60040632695,79778.0038359284,79769.47339140253,79775.82216218494,0,1
1371741240000,1371741299999,79774.59047262953,79775.4859500062,79770.29037813621,79773.29000063185,0,1
1371741300000,1371741359999,79773.45471356295,79773.45471356295,79768.70783485542,79769.96084530046,0,1
1371741360000,1371741419999,79768.32675122863,79771.31323381286,79766.06741669949,79767.90788580454,0,1
1371741420000,1371741479999,79766.9121516661,79770.4620055208,79764.74522889228,79764.74522889228,0,1
1371741480000,1371741539999,79765.04745866111,79765.04745866111,79758.4237860736,79759.13514791429,0,1
1371741540000,1371741599999,79758.74338968267,79758.8602314631,79752.2290192501,79752.9305062653,0,1
1371741600000,1371741659999,79753.20902422655,79758.50626540222,79752.28403961794,79754.98310470913,0,1
1371741660000,1371741719999,79755.84596419506,79760.27253441095,79754.10298008841,79757.9873216348,0,1
1371741720000,1371741779999,79756.63312961794,79760.07324340587,79754.69776029066,79759.3860025813,0,1
1371741780000,1371741839999,79759.93236288545,79761.67433132448,79758.17634400596,79761.11432328496,0,1
1371741840000,1371741899999,79760.79135960528,79766.47262367788,79759.83271448965,79759.83958682469,0,1
1371741900000,1371741959999,79759.43067467013,79764.61471775916,79759.43067467013,79761.73617078032,0,1
1371741960000,1371742019999,79762.7908181778,79762.95913922858,79760.99407206987,79762.83547505924,0,1
1371742020000,1371742079999,79763.87626742262,79766.80913902713,79763.30607776226,79763.30607776226,0,1
1371742080000,1371742139999,79762.55378985342,79766.31809752974,79760.99063629961,79764.42581704966,0,1
1371742140000,1371742199999,79763.27516293588,79766.99456101324,79762.68776307494,79766.51039637314,0,1
1371742200000,1371742259999,79765.76865188591,79770.54438561916,79763.08623692016,79763.08623692016,0,1
1371742260000,1371742319999,79762.91104778889,79764.97190207524,79757.51646855721,79764.97190207524,0,1
1371742320000,1371742379999,79764.24034742684,79772.89536486431,79764.24034742684,79772.89536486431,0,1
1371742380000,1371742439999,79773.32774758486,79775.14286470177,79768.37824986469,79768.37824986469,0,1
1371742440000,1371742499999,79769.59010787967,79769.59010787967,79764.58724151409,79766.774801245,0,1
1371742500000,1371742559999,79766.8846817328,79769.00651187074,79764.93412356822,79769.00651187074,0,1
1371742560000,1371742619999,79769.44249563644,79771.75941324708,79768.69753548889,79770.70227891076,0,1
1371742620000,1371742679999,79771.57064745446,79782.12919123298,79771.57064745446,79780.33591669344,0,1
1371742680000,1371742739999,79779.27968866791,79780.52108803522,79777.42073074909,79779.31398353796,0,1
1371742740000,1371742799999,79780.30505446978,79782.16347633208,79778.51831226362,79781.96119254816,0,1
1371742800000,1371742859999,79781.79661967134,79782.31432937174,79775.14629561309,79776.25784890704,0,1
1371742860000,1371742919999,79775.23206801328,79777.60938614549,79775.23206801328,79776.56659178497,0,1
1371742920000,1371742979999,79775.5682887278,79781.98862109764,79775.23206801328,79780.59995626922,0,1
1371742980000,1371743039999,79781.3303151449,79783.2228279653,79775.80843946015,79775.80843946015,0,1
1371743040000,1371743099999,79774.77575039006,79775.90792878828,79771.28234373058,79771.28234373058,0,1
1371743100000,1371743159999,79771.71822828714,79773.45471356295,79770.25605230582,79770.25605230582,0,1
1371743160000,1371743219999,79772.38059915295,79774.81692275955,79770.489465629,79771.98249549906,0,1
1371743220000,1371743279999,79771.46768279295,79773.14930618809,79759.846459155,79759.846459155,0,1
1371743280000,1371743339999,79759.23823963499,79768.05895404585,79758.35848945599,79768.05895404585,0,1
1371743340000,1371743399999,79766.9121516661,79766.9121516661,79759.39974786066,79762.74272592863,0,1
1371743400000,1371743459999,79762.59844779337,79774.16157575394,79762.59844779337,79774.16157575394,0,1
1371743460000,1371743519999,79773.78413128627,79775.05709153645,79771.12102730617,79773.00860976482,0,1
1371743520000,1371743579999,79771.65301842033,79775.46536521988,79771.6461541991,79773.85275861277,0,1
1371743580000,1371743639999,79774.63507684857,79775.87019157343,79772.82673096714,79773.35519982481,0,1
1371743640000,1371743699999,79773.92481679874,79777.38985952719,79771.92415139066,79776.83416123554,0,1
1371743700000,1371743759999,79776.48769173402,79780.69596893192,79775.83245421617,79777.21492080292,0,1
1371743760000,1371743819999,79778.64178264566,79779.14250801162,79776.50484397195,79777.35212790433,0,1
1371743820000,1371743879999,79778.21991921308,79778.21991921308,79772.87134305388,79774.81692275955,0,1
1371743880000,1371743939999,79775.69179553904,79776.90276763379,79773.25225353635,79774.74830204956,0,1
1371743940000,1371743999999,79773.51304874214,79774.99876536381,79771.28234373058,79772.13007025383,0,1
1371744000000,1371744059999,79772.40462214226,79779.00532547344,79772.40462214226,79779.00532547344,0,1
1371744060000,1371744119999,79778.63149350538,79779.78724073412,79775.64033455306,79776.88218576374,0,1
1371744120000,1371744179999,79777.59909594292,79780.57938200727,79776.51170485889,79780.054724025,0,1
1371744180000,1371744239999,79780.56223675665,79782.69488033759,79780.56223675665,79782.05376360116,0,1
1371744240000,1371744299999,79781.77261923385,79782.26975939232,79773.88707209943,79773.88707209943,0,1
1371744300000,1371744359999,79774.28166873337,79777.85634783076,79772.93311330698,79773.54736339445,0,1
1371744360000,1371744419999,79774.78604349833,79778.06214457631,79773.59883515217,79773.62971807961,0,1
1371744420000,1371744479999,79774.40519143615,79774.40519143615,79769.08890396029,79772.85075288473,0,1
1371744480000,1371744539999,79773.12528498768,79775.59916557361,79772.92281829129,79774.47381450063,0,1
1371744540000,1371744599999,79774.09295054674,79774.09295054674,79767.1868468489,79769.66906237116,0,1
1371744600000,1371744659999,79769.85099860869,79778.3605423347,79769.85099860869,79777.34869774975,0,1
1371744660000,1371744719999,79778.4222786903,79780.69253992412,79776.43280437487,79776.65921278959,0,1
1371744720000,1371744779999,79776.80671854447,79781.88233504932,79776.28872362379,79780.47308097956,0,1
1371744780000,1371744839999,79781.76233331443,79782.39318346407,79779.16308523003,79781.72461818605,0,1
1371744840000,1371744899999,79780.88456254987,79783.14740858211,79779.04991000477,79781.78633377662,0,1
1371744900000,1371744959999,79782.46860853578,79783.33938407508,79773.9900118529,79775.3109779717,0,1
1371744960000,1371745019999,79775.36587148857,79779.2522526872,79775.00562728413,79777.5579350267,0,1
1371745020000,1371745079999,79778.04156509234,79778.04156509234,79770.08442138643,79770.08442138643,0,1
1371745080000,1371745139999,79770.82584583477,79776.66950395938,79770.33500153958,79775.01935111065,0,1
1371745140000,1371745199999,79773.32774758486,79777.9077974142,79773.32774758486,79776.26127943583,0,1
1371745200000,1371745259999,79776.01770896719,79777.24922275476,79775.54427333736,79776.27843206213,0,1
1371745260000,1371745319999,79776.65921278959,79776.65921278959,79775.20462092526,79775.9113594371,0,1
1371745320000,1371745379999,79775.36587148857,79778.5388907665,79775.22520624833,79778.5388907665,0,1
1371745380000,1371745439999,79779.31055405624,79779.91412472563,79775.3384247678,79775.88048355524,0,1
1371745440000,1371745499999,79776.01427835484,79782.8320122712,79776.01427835484,79782.71202193214,0,1
1371745500000,1371745559999,79782.45146652398,79787.71953759443,79782.45146652398,79785.87585702707,0,1
1371745560000,1371745619999,79787.10958425223,79787.10958425223,79783.24339678929,79785.89642039481,0,1
1371745620000,1371745679999,79784.9675994398,79785.05671515485,79777.96610662212,79778.93673349863,0,1
1371745680000,1371745739999,79778.37769136061,79778.4222786903,79774.18216322426,79777.71571761876,0,1
1371745740000,1371745799999,79777.26980386939,79778.72066570273,79776.3744862257,79778.15818160819,0,1
1371745800000,1371745859999,79777.97982638632,79783.7301799412,79777.97982638632,79783.7301799412,0,1
1371745860000,1371745919999,79782.85601016623,79788.81598937478,79782.12233419904,79788.81598937478,0,1
1371745920000,1371745979999,79789.4292646607,79795.90918296375,79788.30546897107,79790.43988767982,0,1
1371745980000,1371746039999,79789.5046366816,79789.5046366816,79783.3222435559,79785.9306925804,0,1
1371746040000,1371746099999,79785.77989408522,79786.19458447522,79777.07771181887,79780.60681434712,0,1
1371746100000,1371746159999,79780.43536098843,79782.16347633208,79776.9610827022,79777.34183743702,0,1
1371746160000,1371746219999,79779.2522526872,79780.87084677033,79777.22521140082,79777.22521140082,0,1
1371746220000,1371746279999,79777.21149060124,79777.43102113521,79774.99533440187,79775.05022965145,0,1
1371746280000,1371746339999,79775.59230406056,79776.88561607835,79774.63164576187,79775.48251921142,0,1
1371746340000,1371746399999,79774.9781795746,79774.9781795746,79770.29724328815,79770.29724328815,0,1
1371746400000,1371746459999,79770.0878540337,79771.55348675116,79766.68552245962,79767.72591421098,0,1
1371746460000,1371746519999,79767.74308148392,79768.97218163309,79766.32496540925,79766.65118425302,0,1
1371746520000,1371746579999,79766.50696249765,79766.50696249765,79762.51943745623,79763.40225661095,0,1
1371746580000,1371746639999,79764.48763949286,79769.2845824523,79764.48763949286,79768.34391747012,0,1
1371746640000,1371746699999,79768.3679501587,79770.17023721435,79766.67865482775,79767.96968672455,0,1
1371746700000,1371746759999,79768.23405301539,79768.8005286769,79764.96846767141,79765.30503364078,0,1
1371746760000,1371746819999,79764.27812855491,79764.56319973772,79761.852977598,79762.77364240108,0,1
1371746820000,1371746879999,79761.41666280883,79762.83203992159,79757.45116601483,79758.11448253236,0,1
1371746880000,1371746939999,79759.50627313508,79762.78394787066,79759.19013029759,79761.1899090229,0,1
1371746940000,1371746999999,79761.42696967693,79762.11407025706,79758.25195195401,79760.10760420735,0,1
1371747000000,1371747059999,79760.95971431423,79761.78426787048,79758.53375836059,79761.57126471495,0,1
1371747060000,1371747119999,79761.08340168204,79762.7908181778,79760.99063629961,79760.99063629961,0,1
1371747120000,1371747179999,79759.939235152,79761.77739687177,79758.10073548625,79758.10073548625,0,1
1371747180000,1371747239999,79759.35163930026,79759.35163930026,79755.63627212442,79757.84641172453,0,1
1371747240000,1371747299999,79757.14870657273,79757.14870657273,79747.52709840992,79749.73215149924,0,1
1371747300000,1371747359999,79749.74934969032,79753.57693112345,79748.43532269103,79753.57693112345,0,1
1371747360000,1371747419999,79752.84454236498,79754.79745986834,79752.65198054662,79754.63931524851,0,1
1371747420000,1371747479999,79754.3505229675,79755.04842337052,79749.66335843908,79751.06320404561,0,1
1371747480000,1371747539999,79751.26955291898,79752.28403961794,79749.52233118624,79752.28403961794,0,1
1371747540000,1371747599999,79753.01990793773,79753.9035660905,79750.93595345119,79750.93595345119,0,1
1371747600000,1371747659999,79750.49228330851,79752.24277437043,79749.14395555964,79749.87661538515,0,1
1371747660000,1371747719999,79749.37442241843,79752.58664623006,79747.79544598747,79752.58664623006,0,1
1371747720000,1371747779999,79753.02678495635,79757.70549982866,79753.02678495635,79756.29970903379,0,1
1371747780000,1371747839999,79756.95966477576,79756.95966477576,79752.31498844182,79753.3190538761,0,1
1371747840000,1371747899999,79752.73106888503,79753.2055857805,79749.59800459357,79751.59626326054,0,1
1371747900000,1371747959999,79751.80604006318,79751.80604006318,79749.13707587027,79749.73903077922,0,1
1371747960000,1371748019999,79750.66081149512,79754.47773011902,79749.29186773628,79753.34656109933,0,1
1371748020000,1371748079999,79753.65257385458,79761.852977598,79753.27779289939,79761.852977598,0,1
1371748080000,1371748139999,79762.43699122148,79767.03919912605,79761.87359042419,79765.56947038451,0,1
1371748140000,1371748199999,79764.59067604886,79769.06487300429,79764.32964804501,79768.8005286769,0,1
1371748200000,1371748259999,79768.35421720087,79769.82353674721,79766.67865482775,79769.82353674721,0,1
1371748260000,1371748319999,79769.88532582948,79770.24575453372,79767.98342021045,79768.45721392488,0,1
1371748320000,1371748379999,79769.51458560883,79771.36814927908,79766.56533822062,79766.56533822062,0,1
1371748380000,1371748439999,79765.12988337643,79766.46575589979,79763.2992078091,79764.37773266294,0,1
1371748440000,1371748499999,79764.32277879499,79765.4939177427,79762.84234533098,79764.78987704679,0,1
1371748500000,1371748559999,79763.4228662439,79764.7246219845,79758.39285614998,79761.31015788307,0,1
1371748560000,1371748619999,79761.54721568653,79763.66674367525,79759.83271448965,79763.63582996382,0,1
1371748620000,1371748679999,79763.0381460917,79763.522478871,79755.80471364333,79756.64000415218,0,1
1371748680000,1371748739999,79755.25469002656,79755.25469002656,79740.49589046817,79740.49589046817,0,1
1371748740000,1371748799999,79739.4733207703,79740.83672379881,79734.81017927137,79739.51463874482,0,1
1371748800000,1371748859999,79740.60261730582,79740.63015953064,79736.11910910255,79739.04291505086,0,1
1371748860000,1371748919999,79738.70890744681,79741.4804883967,79738.70890744681,79741.07426743241,0,1
1371748920000,1371748979999,79741.90734688354,79744.07922356734,79741.17754551311,79743.26009252037,0,1
1371748980000,1371749039999,79743.84175130469,79743.84175130469,79738.52984723057,79740.79541128653,0,1
1371749040000,1371749099999,79740.49589046817,79744.90861142967,79739.27361482008,79743.91402606857,0,1
1371749100000,1371749159999,79743.92090935216,79743.92090935216,79740.74032767132,79740.74032767132,0,1
1371749160000,1371749219999,79740.23423275638,79740.6818009977,79739.19441997683,79740.28243337563,0,1
1371749220000,1371749279999,79740.99852949531,79746.42266911404,79740.59917452239,79745.5486728758,0,1
1371749280000,1371749339999,79744.91549402871,79750.93251422346,79744.91549402871,79749.20587255097,0,1
1371749340000,1371749399999,79747.5546215698,79751.2386008594,79746.70480906992,79749.53952973819,0,1
1371749400000,1371749459999,79749.99356081188,79751.6925547983,79747.25530313849,79751.6925547983,0,1
1371749460000,1371749519999,79750.84309388735,79751.49309272687,79746.57062154698,79751.49309272687,0,1
1371749520000,1371749579999,79750.90500035905,79751.78196753886,79745.80675057888,79747.15896886405,0,1
1371749580000,1371749639999,79747.75416221349,79754.47085409814,79747.74384124335,79752.45597631636,0,1
1371749640000,1371749699999,79752.54882090431,79756.01783966235,79752.32186594524,79756.01783966235,0,1
1371749700000,1371749759999,79756.78093106285,79757.70549982866,79747.65095203283,79747.65095203283,0,1
1371749760000,1371749819999,79746.43987299777,79747.55118117896,79742.47187367255,79744.92581791838,0,1
1371749820000,1371749879999,79745.36973509176,79747.1417662174,79743.67310815754,79746.41234676958,0,1
1371749880000,1371749939999,79745.58652468903,79745.79298660284,79742.31697620176,79744.60233097691,0,1
1371749940000,1371749999999,79743.77635940156,79747.5064559903,79742.01061636077,79746.16460730616,0,1
1371750000000,1371750059999,79745.35252936686,79745.5727604099,79742.71282052484,79743.2428831653,0,1
1371750060000,1371750119999,79742.46154724914,79743.2532087819,79741.44950602308,79742.5028528788,0,1
1371750120000,1371750179999,79743.10176533656,79749.64272042875,79743.10176533656,79749.64272042875,0,1
1371750180000,1371750239999,79749.28498814866,79756.2928342656,79749.28498814866,79754.89715845202,0,1
1371750240000,1371750299999,79756.17596248322,79756.18971217558,79751.68567686206,79754.10641822593,0,1
1371750300000,1371750359999,79753.95857724574,79759.83271448965,79750.81557977691,79750.81557977691,0,1
1371750360000,1371750419999,79749.79406484874,79752.78608649065,79745.5486728758,79746.91124789695,0,1
1371750420000,1371750479999,79748.08098742481,79758.30350249991,79747.7472815679,79758.30350249991,0,1
1371750480000,1371750539999,79758.81212030708,79763.27516293588,79757.3927370628,79763.27516293588,0,1
1371750540000,1371750599999,79763.12745744619,79763.44347583437,79759.25198511744,79760.9631500951,0,1
1371750600000,1371750659999,79761.71555767086,79762.93165843422,79759.50970941535,79761.03530122079,0,1
1371750660000,1371750719999,79761.24144442574,79763.5843068991,79756.66750224194,79756.66750224194,0,1
1371750720000,1371750779999,79758.54406820048,79758.54406820048,79752.55913691643,79757.64707236267,0,1
1371750780000,1371750839999,79759.30009415728,79765.52482571061,79759.30009415728,79761.27236553997,0,1
1371750840000,1371750899999,79761.68120239401,79764.88260719228,79759.57843477302,79761.54721568653,0,1
1371750900000,1371750959999,79761.79113886449,79762.10719948493,79759.73993750439,79760.22099401454,0,1
1371750960000,1371751019999,79760.56459163976,79761.41666280883,79753.32936909368,79754.13736141029,0,1
1371751020000,1371751079999,79753.69727156311,79754.25769510593,79749.45353668265,79751.1835747392,0,1
1371751080000,1371751139999,79751.49997079556,79753.35343789331,79749.65647910703,79752.94426042077,0,1
1371751140000,1371751199999,79754.50179615484,79761.13837335445,79754.50179615484,79759.34476662987,0,1
1371751200000,1371751259999,79758.88772344832,79758.88772344832,79746.3504124791,79746.3504124791,0,1
1371751260000,1371751319999,79744.5507097521,79750.72615839515,79742.66118954522,79750.72615839515,0,1
1371751320000,1371751379999,79750.75711204087,79750.75711204087,79747.26906510194,79749.47417508342,0,1
1371751380000,1371751439999,79749.2953075283,79761.30328655857,79749.2953075283,79756.44751540676,0,1
1371751440000,1371751499999,79758.09729872178,79759.75024610081,79753.29498499371,79754.69088442108,0,1
1371751500000,1371751559999,79754.87996911195,79754.87996911195,79749.74591005447,79749.74591005447,0,1
1371751560000,1371751619999,79750.91531806707,79751.03912973302,79746.65663939707,79750.95314957209,0,1
1371751620000,1371751679999,79751.44150706087,79755.1274927582,79749.59456490567,79752.36313086638,0,1
1371751680000,1371751739999,79751.37960391042,79752.64854190902,79749.04419960055,79750.49916206561,0,1
1371751740000,1371751799999,79750.24120543635,79750.24120543635,79742.6508633173,79744.20656144343,0,1
1371751800000,1371751859999,79744.15149661491,79745.45232215918,79742.21715211589,79744.24441833714,0,1
1371751860000,1371751919999,79744.16526285047,79744.16526285047,79737.50018876119,79737.50018876119,0,1
1371751920000,1371751979999,79736.96293355657,79737.66204845329,79730.04836302059,79737.13513388066,0,1
1371751980000,1371752039999,79736.54619650089,79736.77006567313,79726.8392326553,79727.18053176039,0,1
1371752040000,1371752099999,79729.09365956299,79732.48812957322,79727.62179010516,79731.98506258732,0,1
1371752100000,1371752159999,79732.77410842631,79735.7712260484,79730.04147018149,79735.03064260953,0,1
1371752160000,1371752219999,79735.07197894435,79740.26521889542,79733.4149470017,79737.5036326117,0,1
1371752220000,1371752279999,79737.03181404204,79745.55211395565,79737.02148199947,79738.67102959154,0,1
1371752280000,1371752339999,79739.15998724067,79739.45954807417,79733.84904012439,79735.36132850379,0,1
1371752340000,1371752399999,79734.09019482824,79737.18679339965,79731.88858109506,79731.88858109506,0,1
1371752400000,1371752459999,79734.34512347751,79734.34512347751,79725.2566936768,79725.2566936768,0,1
1371752460000,1371752519999,79724.09462651318,79727.36668999903,79708.43320806258,79710.91278352223,0,1
1371752520000,1371752579999,79711.2684382161,79716.72597853359,79711.2684382161,79715.6388503886,0,1
1371752580000,1371752639999,79716.53962210208,79716.8329593604,79712.61842973322,79714.0165664163,0,1
1371752640000,1371752699999,79716.46369811578,79718.14424424547,79715.39725030574,79716.57413281438,0,1
1371752700000,1371752759999,79713.91991140462,79721.30787377944,79713.32960516497,79719.80035836379,0,1
1371752760000,1371752819999,79721.40445740949,79727.76312655157,79720.49722439883,79727.76312655157,0,1
1371752820000,1371752879999,79726.39793977741,79726.39793977741,79716.36361561673,79718.37197620083,0,1
1371752880000,1371752939999,79718.29606612529,79718.29606612529,79707.87711858038,79708.60244654983,0,1
1371752940000,1371752999999,79707.7044136902,79708.55754682215,79702.22121013893,79704.49846939988,0,1
1371753000000,1371753059999,79703.95598276194,79707.78731240972,79702.29033034242,79703.95252733871,0,1
1371753060000,1371753119999,79703.58279015443,79703.58279015443,79699.38687036559,79701.25347712189,0,1
1371753120000,1371753179999,79702.60827712507,79708.77168217297,79702.60827712507,79707.60769764885,0,1
1371753180000,1371753239999,79707.31408965039,79710.7125063801,79706.10157002103,79707.85639415104,0,1
1371753240000,1371753299999,79707.97383201605,79711.44108156532,79707.42807966177,79707.42807966177,0,1
1371753300000,1371753359999,79707.65950993019,79712.13853035319,79704.65049859225,79709.84229015154,0,1
1371753360000,1371753419999,79709.9251711503,79714.92783917158,79709.9251711503,79714.1822585486,0,1
1371753420000,1371753479999,79713.34341389609,79713.34341389609,79708.40557701715,79708.40557701715,0,1
1371753480000,1371753539999,79709.0859693033,79711.51704369475,79708.00146425444,79711.11305665335,0,1
1371753540000,1371753599999,79710.23251552401,79711.13722727724,79706.90647837332,79708.26051277615,0,1
1371753600000,1371753659999,79709.21375355375,79711.10269779667,79707.51098067207,79711.10269779667,0,1
1371753660000,1371753719999,79710.12891735231,79715.5801766194,79709.94589129268,79714.84499962522,0,1
1371753720000,1371753779999,79715.39725030574,79718.95508438499,79714.64825295226,79718.19600196346,0,1
1371753780000,1371753839999,79718.91368137498,79719.3104531707,79717.94411188205,79717.94411188205,0,1
1371753840000,1371753899999,79718.02002462932,79718.92403214355,79717.02276123657,79717.25742039416,0,1
1371753900000,1371753959999,79717.95101306471,79717.95101306471,79714.80012791774,79714.80012791774,0,1
1371753960000,1371754019999,79713.03616512069,79714.9002260657,79709.79048917847,79712.23520258426,0,1
1371754020000,1371754079999,79711.46525139637,79711.46525139637,79706.92720477139,79707.56279345453,0,1
1371754080000,1371754139999,79707.78040420935,79709.75595504735,79707.78040420935,79709.75595504735,0,1
1371754140000,1371754199999,79710.09783769152,79710.09783769152,79706.32957638864,79706.41594107942,0,1
1371754200000,1371754259999,79707.33826945836,79707.33826945836,79704.47082748023,79704.47082748023,0,1
1371754260000,1371754319999,79703.19576088736,79704.02509097573,79692.57425673865,79693.09660611405,0,1
1371754320000,1371754379999,79693.89218518534,79699.32118711545,79692.59847221349,79699.32118711545,0,1
1371754380000,1371754439999,79700.13355487928,79701.78228569729,79692.70225215572,79696.02955809243,0,1
1371754440000,1371754499999,79696.15750929115,79696.15750929115,79692.58117545172,79692.73338592838,0,1
1371754500000,1371754559999,79692.97207496518,79697.18451771162,79691.93079549815,79694.40408955618,0,1
1371754560000,1371754619999,79695.7286934177,79695.7286934177,79685.62199090769,79685.9612379869,0,1
1371754620000,1371754679999,79686.93391325483,79686.93391325483,79680.68776063318,79685.41428293401,0,1
1371754680000,1371754739999,79684.79113312617,79689.69911717856,79684.79113312617,79688.93781065162,0,1
1371754740000,1371754799999,79690.6748889733,79691.35648867076,79683.69360265518,79685.1096367684,0,1
1371754800000,1371754859999,79685.68776419996,79688.66095754398,79679.12907669961,79686.11701085139,0,1
1371754860000,1371754919999,79687.39771796961,79693.21075830486,79683.95674396693,79692.73338592838,0,1
1371754920000,1371754979999,79693.59125619679,79694.137764201,79681.13107524117,79684.93307621981,0,1
1371754980000,1371755039999,79683.20192533253,79692.1729631896,79683.20192533253,79692.1729631896,0,1
1371755040000,1371755099999,79691.02780426122,79692.9305642376,79684.95384821085,79684.95384821085,0,1
1371755100000,1371755159999,79685.18579917989,79689.42228514742,79685.18579917989,79688.69902530078,0,1
1371755160000,1371755219999,79689.31501067513,79697.21563753244,79689.31501067513,79693.70194377418,0,1
1371755220000,1371755279999,79694.87792362616,79700.06096299826,79693.67427199469,79695.0473916746,0,1
1371755280000,1371755339999,79696.2647103864,79702.86055379242,79696.00535092471,79702.86055379242,0,1
1371755340000,1371755399999,79702.88820016354,79708.48156220834,79702.88820016354,79706.46085042387,0,1
1371755400000,1371755459999,79708.03600444506,79708.03600444506,79700.70390132342,79705.9772007202,0,1
1371755460000,1371755519999,79706.13266210454,79706.13266210454,79697.84147114906,79701.54035060362,0,1
1371755520000,1371755579999,79701.17743698791,79701.4574000812,79694.66003191522,79695.18227235448,0,1
1371755580000,1371755639999,79694.57010696796,79698.37046018027,79691.42914376647,79695.51427858516,0,1
1371755640000,1371755699999,79695.30677598274,79695.88431420719,79689.26656376205,79689.41536424845,0,1
1371755700000,1371755759999,79690.19047516063,79695.33444324516,79687.65730077159,79694.41100700336,0,1
1371755760000,1371755819999,79695.93272907,79699.35921431285,79694.01670487657,79696.25087805158,0,1
1371755820000,1371755879999,79697.33665813722,79697.57177969682,79692.62614697005,79694.64965600103,0,1
1371755880000,1371755939999,79694.15159945906,79694.46634640859,79689.06239204947,79692.8371644705,0,1
1371755940000,1371755999999,79693.80225333293,79693.80225333293,79683.33350332313,79683.33350332313,0,1
1371756000000,1371756059999,79683.57587930022,79685.68776419996,79679.94655012526,79684.05368902055,0,1
1371756060000,1371756119999,79683.24347646396,79683.24347646396,79677.21329454625,79680.54922078774,0,1
1371756120000,1371756179999,79681.57090703155,79683.50316712393,79676.4094574711,79678.13485582414,0,1
1371756180000,1371756239999,79676.82177852513,79677.63597605164,79673.17959857608,79677.5285750671,0,1
1371756240000,1371756299999,79676.71090394646,79679.34384313939,79675.47734133985,79678.24571461602,0,1
1371756300000,1371756359999,79677.28258782066,79683.76977585226,79677.28258782066,79680.52151258833,0,1
1371756360000,1371756419999,79682.15270204248,79685.86777310348,79680.70854144446,79685.43505392552,0,1
1371756420000,1371756479999,79685.11656064796,79686.1481651331,79681.69558024056,79686.1481651331,0,1
1371756480000,1371756539999,79683.81132462429,79685.45236305216,79679.98811478532,79684.94692421863,0,1
1371756540000,1371756599999,79684.33413191955,79686.45970261212,79681.7579162622,79685.28273231922,0,1
1371756600000,1371756659999,79684.94692421863,79685.4662103319,79682.32584878364,79684.53840019165,0,1
1371756660000,1371756719999,79685.28965607894,79685.55967896858,79678.60946139495,79680.40028831319,0,1
1371756720000,1371756779999,79679.97425991783,79680.70854144446,79676.19809302874,79676.55151958586,0,1
1371756780000,1371756839999,79677.24794124348,79678.11060529959,79668.81485956514,79669.43207095574,0,1
1371756840000,1371756899999,79667.69823429684,79671.77920681074,79666.69593959604,79666.69593959604,0,1
1371756900000,1371756959999,79668.82872990247,79670.35434956706,79667.72597804999,79669.99030238164,0,1
1371756960000,1371757019999,79669.445940437,79670.45489359694,79664.9165323282,79665.06916446949,0,1
1371757020000,1371757079999,79663.50110514091,79670.58317244325,79663.50110514091,79669.76493319657,0,1
1371757080000,1371757139999,79670.5242337182,79674.05301096766,79667.41038831593,79667.41038831593,0,1
1371757140000,1371757199999,79667.03582933308,79672.27491245735,79665.69701309435,79665.69701309435,0,1
1371757200000,1371757259999,79664.55922525101,79667.01155187783,79661.54415525617,79666.92484619938,0,1
1371757260000,1371757319999,79667.68089441204,79671.9594662526,79667.68089441204,79669.66784952085,0,1
1371757320000,1371757379999,79668.86340566158,79672.98896271363,79665.93981690958,79667.70170227019,0,1
1371757380000,1371757439999,79668.29124025984,79669.13387245608,79666.04040533453,79666.37338048837,0,1
1371757440000,1371757499999,79666.56761087474,79672.09119225144,79664.26781973628,79671.25227596439,0,1
1371757500000,1371757559999,79670.19139675108,79671.65787651065,79666.52252201413,79666.52252201413,0,1
1371757560000,1371757619999,79666.66472465325,79668.27043362836,79664.19843621923,79664.62166818511,0,1
1371757620000,1371757679999,79664.31985705814,79664.31985705814,79658.53164707741,79661.51986446486,0,1
1371757680000,1371757739999,79661.16937647971,79669.21709153656,79659.85406944471,79669.21709153656,0,1
1371757740000,1371757799999,79669.79960570949,79675.00605253121,79667.41038831593,79673.15533603179,0,1
1371757800000,1371757859999,79674.04954519622,79678.9281619834,79671.26960965757,79677.26179988876,0,1
1371757860000,1371757919999,79677.79187865408,79681.95184806678,79676.59656324964,79681.33194570293,0,1
1371757920000,1371757979999,79681.73021141166,79687.82689122969,79680.94405428754,79687.82689122969,0,1
1371757980000,1371758039999,79688.24566351055,79693.84721936024,79686.73661666804,79692.80603102095,0,1
1371758040000,1371758099999,79692.52928498697,79694.94363606747,79689.31847115993,79690.9759057353,0,1
1371758100000,1371758159999,79692.06917775422,79701.35371096052,79689.54340010403,79696.48256713591,0,1
1371758160000,1371758219999,79695.87048134618,79706.73721118108,79695.49352851868,79706.5299413292,0,1
1371758220000,1371758279999,79707.96692394454,79709.65235193844,79699.82935680759,79700.57255169212,0,1
1371758280000,1371758339999,79701.48159405464,79701.48159405464,79689.41536424845,79691.2457751289,0,1
1371758340000,1371758399999,79690.50534680809,79693.16233026185,79683.66936560717,79687.42540712286,0,1
1371758400000,1371758459999,79686.85430281985,79692.44625968326,79677.7121954054,79691.99998686556,0,1
1371758460000,1371758519999,79685.61160561147,79692.97899340301,79678.20760704493,79692.97899340301,0,1
1371758520000,1371758579999,79696.41686480654,79699.40761235493,79673.73762084825,79682.5474722378,0,1
1371758580000,1371758639999,79682.2011834322,79687.3631064202,79680.0816346388,79685.22388016812,0,1
1371758640000,1371758699999,79684.31682085723,79692.18680116627,79683.28156484944,79691.086622265,0,1
1371758700000,1371758759999,79690.58146813579,79694.39717210422,79690.23545743157,79692.21793654375,0,1
1371758760000,1371758819999,79692.94786039503,79693.84376044224,79689.2042745289,79689.62990988923,0,1
1371758820000,1371758879999,79690.2492980896,79693.62238720176,79690.2492980896,79693.62238720176,0,1
1371758880000,1371758939999,79694.82604507799,79695.42781969075,79692.79219390116,79695.42781969075,0,1
1371758940000,1371758999999,79694.5770243003,79694.5770243003,79692.31480154266,79692.57425673865,0,1
1371759000000,1371759059999,79692.91672729011,79692.91672729011,79687.81996922648,79687.81996922648,0,1
1371759060000,1371759119999,79687.51539634146,79687.84765721057,79684.32720749821,79685.53890823593,0,1
1371759120000,1371759179999,79686.08239486898,79686.86122549154,79682.51630673635,79682.73792596957,0,1
1371759180000,1371759239999,79683.21231313157,79686.16547302545,79683.07034561061,79683.911733444,0,1
1371759240000,1371759299999,79683.46161707152,79685.26888478542,79673.69256430489,79677.42463753218,0,1
1371759300000,1371759359999,79677.42463753218,79677.42463753218,79677.42463753218,79677.42463753218,0,1
1371759360000,1371759419999,79677.42463753218,79677.42463753218,79677.42463753218,79677.42463753218,0,1
1371759420000,1371759479999,79677.42463753218,79677.42463753218,79677.42463753218,79677.42463753218,0,1
1371759480000,1371759539999,79677.42463753218,79677.42463753218,79677.42463753218,79677.42463753218,0,1
1371759540000,1371759599999,79677.42463753218,79677.42463753218,79677.42463753218,79677.42463753218,0,1
1371759600000,1371759659999,79677.42463753218,79677.42463753218,79677.42463753218,79677.42463753218,0,1
1371759660000,1371759719999,79677.42463753218,79677.42463753218,79677.42463753218,79677.42463753218,0,1
1371759720000,1371759779999,79677.42463753218,79677.42463753218,79677.42463753218,79677.42463753218,0,1
1371759780000,1371759839999,79677.42463753218,79677.42463753218,79677.42463753218,79677.42463753218,0,1
1371759840000,1371759899999,79677.42463753218,79677.42463753218,79677.42463753218,79677.42463753218,0,1
1371759900000,1371759959999,79677.42463753218,79677.42463753218,79677.42463753218,79677.42463753218,0,1
1371759960000,1371760019999,79677.42463753218,79677.42463753218,79677.42463753218,79677.42463753218,0,1
1371760020000,1371760079999,79677.42463753218,79677.42463753218,79677.42463753218,79677.42463753218,0,1
1371760080000,1371760139999,79677.42463753218,79677.42463753218,79677.42463753218,79677.42463753218,0,1
1371760140000,1371760199999,79677.42463753218,79677.42463753218,79677.42463753218,79677.42463753218,0,1
1371760200000,1371760259999,79677.42463753218,79677.42463753218,79677.42463753218,79677.42463753218,0,1
1371760260000,1371760319999,79677.42463753218,79677.42463753218,79677.42463753218,79677.42463753218,0,1
1371760320000,1371760379999,79677.42463753218,79677.42463753218,79677.42463753218,79677.42463753218,0,1
1371760380000,1371760439999,79677.42463753218,79677.42463753218,79677.42463753218,79677.42463753218,0,1
1371760440000,1371760499999,79677.42463753218,79677.42463753218,79677.42463753218,79677.42463753218,0,1
1371760500000,1371760559999,79677.42463753218,79677.42463753218,79677.42463753218,79677.42463753218,0,1
1371760560000,1371760619999,79677.42463753218,79677.42463753218,79677.42463753218,79677.42463753218,0,1
1371760620000,1371760679999,79677.42463753218,79677.42463753218,79677.42463753218,79677.42463753218,0,1
1371760680000,1371760739999,79677.42463753218,79677.42463753218,79677.42463753218,79677.42463753218,0,1
1371760740000,1371760799999,79677.42463753218,79677.42463753218,79677.42463753218,79677.42463753218,0,1
1371760800000,1371760859999,79677.42463753218,79677.42463753218,79677.42463753218,79677.42463753218,0,1
1371760860000,1371760919999,79677.42463753218,79677.42463753218,79677.42463753218,79677.42463753218,0,1
1371760920000,1371760979999,79677.42463753218,79677.42463753218,79677.42463753218,79677.42463753218,0,1
1371760980000,1371761039999,79677.42463753218,79677.42463753218,79677.42463753218,79677.42463753218,0,1
1371761040000,1371761099999,79677.42463753218,79677.42463753218,79677.42463753218,79677.42463753218,0,1
1371761100000,1371761159999,79677.42463753218,79677.42463753218,79677.42463753218,79677.42463753218,0,1
1371761160000,1371761219999,79677.42463753218,79677.42463753218,79677.42463753218,79677.42463753218,0,1
1371761220000,1371761279999,79677.42463753218,79677.42463753218,79677.42463753218,79677.42463753218,0,1
1371761280000,1371761339999,79677.42463753218,79677.42463753218,79677.42463753218,79677.42463753218,0,1
1371761340000,1371761399999,79677.42463753218,79677.42463753218,79677.42463753218,79677.42463753218,0,1
1371761400000,1371761459999,79677.42463753218,79677.42463753218,79677.42463753218,79677.42463753218,0,1
1371761460000,1371761519999,79677.42463753218,79677.42463753218,79677.42463753218,79677.42463753218,0,1
1371761520000,1371761579999,79677.42463753218,79677.42463753218,79677.42463753218,79677.42463753218,0,1
1371761580000,1371761639999,79677.42463753218,79677.42463753218,79677.42463753218,79677.42463753218,0,1
1371761640000,1371761699999,79677.42463753218,79677.42463753218,79677.42463753218,79677.42463753218,0,1
1371761700000,1371761759999,79677.42463753218,79677.42463753218,79677.42463753218,79677.42463753218,0,1
1371761760000,1371761819999,79677.42463753218,79677.42463753218,79677.42463753218,79677.42463753218,0,1
1371761820000,1371761879999,79677.42463753218,79677.42463753218,79677.42463753218,79677.42463753218,0,1
1371761880000,1371761939999,79677.42463753218,79677.42463753218,79677.42463753218,79677.42463753218,0,1
1371761940000,1371761999999,79677.42463753218,79677.42463753218,79677.42463753218,79677.42463753218,0,1
1371762000000,1371762059999,79677.42463753218,79677.42463753218,79677.42463753218,79677.42463753218,0,1
1371762060000,1371762119999,79677.42463753218,79677.42463753218,79677.42463753218,79677.42463753218,0,1
1371762120000,1371762179999,79677.42463753218,79677.42463753218,79677.42463753218,79677.42463753218,0,1
1371762180000,1371762239999,79677.42463753218,79677.42463753218,79677.42463753218,79677.42463753218,0,1
1371762240000,1371762299999,79677.42463753218,79677.42463753218,79677.42463753218,79677.42463753218,0,1
1371762300000,1371762359999,79677.42463753218,79677.42463753218,79677.42463753218,79677.42463753218,0,1
1371762360000,1371762419999,79677.42463753218,79677.42463753218,79677.42463753218,79677.42463753218,0,1
1371762420000,1371762479999,79677.42463753218,79677.42463753218,79677.42463753218,79677.42463753218,0,1
1371762480000,1371762539999,79677.42463753218,79677.42463753218,79677.42463753218,79677.42463753218,0,1
1371762540000,1371762599999,79677.42463753218,79677.42463753218,79677.42463753218,79677.42463753218,0,1
1371762600000,1371762659999,79677.42463753218,79677.42463753218,79677.42463753218,79677.42463753218,0,1
1371762660000,1371762719999,79677.42463753218,79677.42463753218,79677.42463753218,79677.42463753218,0,1
1371762720000,1371762779999,79677.42463753218,79677.42463753218,79677.42463753218,79677.42463753218,0,1
1371762780000,1371762839999,79677.42463753218,79677.42463753218,79677.42463753218,79677.42463753218,0,1
1371762840000,1371762899999,79677.42463753218,79677.42463753218,79677.42463753218,79677.42463753218,0,1
1371762900000,1371762959999,79677.42463753218,79677.42463753218,79677.42463753218,79677.42463753218,0,1
1371762960000,1371763019999,79677.42463753218,79677.42463753218,79677.42463753218,79677.42463753218,0,1
1371763020000,1371763079999,79677.42463753218,79677.42463753218,79677.42463753218,79677.42463753218,0,1
1371763080000,1371763139999,79677.42463753218,79677.42463753218,79677.42463753218,79677.42463753218,0,1
1371763140000,1371763199999,79677.42463753218,79677.42463753218,79677.42463753218,79677.42463753218,0,1
1371763200000,1371763259999,79677.42463753218,79677.42463753218,79677.42463753218,79677.42463753218,0,1
1371763260000,1371763319999,79677.42463753218,79677.42463753218,79677.42463753218,79677.42463753218,0,1
1371763320000,1371763379999,79677.42463753218,79677.42463753218,79677.42463753218,79677.42463753218,0,1
1371763380000,1371763439999,79677.42463753218,79677.42463753218,79677.42463753218,79677.42463753218,0,1
1371763440000,1371763499999,79677.42463753218,79677.42463753218,79677.42463753218,79677.42463753218,0,1
1371763500000,1371763559999,79677.42463753218,79677.42463753218,79677.42463753218,79677.42463753218,0,1
1371763560000,1371763619999,79677.42463753218,79677.42463753218,79677.42463753218,79677.42463753218,0,1
1371763620000,1371763679999,79677.42463753218,79677.42463753218,79677.42463753218,79677.42463753218,0,1
1371763680000,1371763739999,79677.42463753218,79677.42463753218,79677.42463753218,79677.42463753218,0,1
1371763740000,1371763799999,79677.42463753218,79677.42463753218,79677.42463753218,79677.42463753218,0,1
1371763800000,1371763859999,79677.42463753218,79677.42463753218,79677.42463753218,79677.42463753218,0,1
1371763860000,1371763919999,79677.42463753218,79677.42463753218,79677.42463753218,79677.42463753218,0,1
1371763920000,1371763979999,79677.42463753218,79677.42463753218,79677.42463753218,79677.42463753218,0,1
1371763980000,1371764039999,79677.42463753218,79677.42463753218,79677.42463753218,79677.42463753218,0,1
1371764040000,1371764099999,79677.42463753218,79677.42463753218,79677.42463753218,79677.42463753218,0,1
1371764100000,1371764159999,79677.42463753218,79677.42463753218,79677.42463753218,79677.42463753218,0,1
1371764160000,1371764219999,79677.42463753218,79677.42463753218,79677.42463753218,79677.42463753218,0,1
1371764220000,1371764279999,79677.42463753218,79677.42463753218,79677.42463753218,79677.42463753218,0,1
1371764280000,1371764339999,79677.42463753218,79677.42463753218,79677.42463753218,79677.42463753218,0,1
1371764340000,1371764399999,79677.42463753218,79677.42463753218,79677.42463753218,79677.42463753218,0,1
1371764400000,1371764459999,79677.42463753218,79677.42463753218,79677.42463753218,79677.42463753218,0,1
1371764460000,1371764519999,79677.42463753218,79677.42463753218,79677.42463753218,79677.42463753218,0,1
1371764520000,1371764579999,79677.42463753218,79677.42463753218,79677.42463753218,79677.42463753218,0,1
1371764580000,1371764639999,79677.42463753218,79677.42463753218,79677.42463753218,79677.42463753218,0,1
1371764640000,1371764699999,79677.42463753218,79677.42463753218,79677.42463753218,79677.42463753218,0,1
1371764700000,1371764759999,79677.42463753218,79677.42463753218,79677.42463753218,79677.42463753218,0,1
1371764760000,1371764819999,79677.42463753218,79677.42463753218,79677.42463753218,79677.42463753218,0,1
1371764820000,1371764879999,79677.42463753218,79677.42463753218,79677.42463753218,79677.42463753218,0,1
1371764880000,1371764939999,79677.42463753218,79677.42463753218,79677.42463753218,79677.42463753218,0,1
1371764940000,1371764999999,79677.42463753218,79677.42463753218,79677.42463753218,79677.42463753218,0,1
1371765000000,1371765059999,79677.42463753218,79677.42463753218,79677.42463753218,79677.42463753218,0,1
1371765060000,1371765119999,79677.42463753218,79677.42463753218,79677.42463753218,79677.42463753218,0,1
1371765120000,1371765179999,79677.42463753218,79677.42463753218,79677.42463753218,79677.42463753218,0,1
1371765180000,1371765239999,79677.42463753218,79677.42463753218,79677.42463753218,79677.42463753218,0,1
1371765240000,1371765299999,79677.42463753218,79677.42463753218,79677.42463753218,79677.42463753218,0,1
1371765300000,1371765359999,79677.42463753218,79677.42463753218,79677.42463753218,79677.42463753218,0,1
1371765360000,1371765419999,79677.42463753218,79677.42463753218,79677.42463753218,79677.42463753218,0,1
1371765420000,1371765479999,79677.42463753218,79677.42463753218,79677.42463753218,79677.42463753218,0,1
1371765480000,1371765539999,79677.42463753218,79677.42463753218,79677.42463753218,79677.42463753218,0,1
1371765540000,1371765599999,79677.42463753218,79677.42463753218,79677.42463753218,79677.42463753218,0,1
1371765600000,1371765659999,79675.43229263442,79676.61042279768,79672.98896271363,79673.03055630266,0,1
1371765660000,1371765719999,79673.7514843592,79677.06084765233,79673.54006372867,79677.06084765233,0,1
1371765720000,1371765779999,79676.72129849043,79680.96483456623,79676.72129849043,79679.89113030976,0,1
1371765780000,1371765839999,79679.99157849919,79680.02621557194,79676.8633561752,79677.29298177043,0,1
1371765840000,1371765899999,79676.80445445325,79676.80445445325,79676.02137506592,79676.02137506592,0,1
1371765900000,1371765959999,79676.37480786868,79676.91186321514,79675.3110066495,79675.4600149387,0,1
1371765960000,1371766019999,79675.81346758197,79675.81346758197,79675.39417434052,79675.49813298161,0,1
1371766020000,1371766079999,79675.37684779527,79675.37684779527,79675.37684779527,79675.37684779527,0,1
1371766080000,1371766139999,79675.78921142728,79675.78921142728,79675.41150085576,79675.51199405211,0,1
1371766140000,1371766199999,79675.36298653744,79675.8654448582,79675.36298653744,79675.8654448582,0,1
1371766200000,1371766259999,79675.59862530738,79675.89663109426,79675.31447198377,79675.52585510339,0,1
1371766260000,1371766319999,79674.56939748897,79675.87930541957,79674.56939748897,79675.17239229404,0,1
1371766320000,1371766379999,79675.0372414475,79675.8030720943,79675.03377601717,79675.61595146837,0,1
1371766380000,1371766439999,79675.83425852489,79677.22368856802,79675.83425852489,79677.22368856802,0,1
1371766440000,1371766499999,79677.24447657916,79677.24447657916,79676.56537919633,79676.56537919633,0,1
1371766500000,1371766559999,79676.28818333734,79676.98462333386,79676.28818333734,79676.36441296454,0,1
1371766560000,1371766619999,79676.63121208371,79676.95690525582,79674.73921004884,79674.73921004884,0,1
1371766620000,1371766679999,79674.61098450495,79675.03031058563,79674.61098450495,79675.03031058563,0,1
1371766680000,1371766739999,79675.1238768157,79675.1238768157,79672.95776740831,79673.64057573336,0,1
1371766740000,1371766799999,79673.60245060913,79673.74455260612,79671.83467160047,79671.83467160047,0,1
1371766800000,1371766859999,79672.28184522923,79674.04607942358,79672.28184522923,79673.92824243927,0,1
1371766860000,1371766919999,79673.60938246071,79674.15005208016,79673.60938246071,79673.86932342639,0,1
1371766920000,1371766979999,79673.77574545715,79673.77574545715,79673.4534146379,79673.4534146379,0,1
1371766980000,1371767039999,79673.65097346928,79674.38571943293,79673.65097346928,79674.38571943293,0,1
1371767040000,1371767099999,79674.68376136677,79675.4600149387,79674.6768302599,79675.4600149387,0,1
1371767100000,1371767159999,79675.56743814194,79675.56743814194,79674.50008541135,79674.50008541135,0,1
1371767160000,1371767219999,79674.708020203,79675.15506536451,79674.40651334448,79675.15506536451,0,1
1371767220000,1371767279999,79674.3337344649,79676.59656324964,79674.3337344649,79676.59656324964,0,1
1371767280000,1371767339999,79675.34912526041,79676.53419504578,79674.92981254854,79676.27085834103,0,1
1371767340000,1371767399999,79676.49261602711,79676.60695791246,79674.99565620416,79676.60695791246,0,1
1371767400000,1371767459999,79675.50506351926,79676.3609479941,79674.46889481969,79674.46889481969,0,1
1371767460000,1371767519999,79673.79654063711,79673.79654063711,79672.47942720713,79673.38062882144,0,1
1371767520000,1371767579999,79673.79654063711,79673.79654063711,79673.2419877054,79673.46727854288,0,1
1371767580000,1371767639999,79672.6388764832,79672.97856428934,79671.40481143323,79671.40481143323,0,1
1371767640000,1371767699999,79671.13440605394,79671.13440605394,79669.44247306848,79669.44247306848,0,1
1371767700000,1371767759999,79669.39392978312,79670.30927777724,79669.39392978312,79669.68171867508,0,1
1371767760000,1371767819999,79669.43207095574,79670.16019271745,79669.41820145526,79669.78920396823,0,1
1371767820000,1371767879999,79669.70252237037,79669.89668810609,79669.29684250549,79669.89668810609,0,1
1371767880000,1371767939999,79669.77880221617,79670.36821776921,79669.56383025093,79670.36821776921,0,1
1371767940000,1371767999999,79670.62130908023,79673.58858689155,79670.62130908023,79673.58858689155,0,1
1371768000000,1371768059999,79673.47074451612,79673.70989376867,79673.25931795003,79673.65790528724,0,1
1371768060000,1371768119999,79673.40142482307,79673.40142482307,79673.23158954422,79673.23158954422,0,1
1371768120000,1371768179999,79673.57472315476,79673.83466502138,79673.2419877054,79673.28011420392,0,1
1371768180000,1371768239999,79673.60591653553,79673.60591653553,79671.33547741764,79671.33547741764,0,1
1371768240000,1371768299999,79671.4637449685,79671.78960648224,79670.9783996244,79670.9783996244,0,1
1371768300000,1371768359999,79671.65094330619,79671.70294222253,79670.92293008514,79670.92293008514,0,1
1371768360000,1371768419999,79671.23840898821,79671.23840898821,79671.23840898821,79671.23840898821,0,1
1371768420000,1371768479999,79671.41867817866,79671.44987828557,79670.79118869627,79670.79118869627,0,1
1371768480000,1371768539999,79671.05813654802,79671.34934425922,79668.6206728227,79668.6206728227,0,1
1371768540000,1371768599999,79669.29684250549,79669.29684250549,79666.03346823425,79666.24157914905,0,1
1371768600000,1371768659999,79665.99531409674,79665.99531409674,79662.81413444201,79663.0084339714,0,1
1371768660000,1371768719999,79661.57538618686,79663.28599817895,79661.57538618686,79662.59901270218,0,1
1371768720000,1371768779999,79662.79678608617,79663.44906355829,79662.05424824415,79662.4012354067,0,1
1371768780000,1371768839999,79662.94598096296,79663.36926593893,79662.54002690059,79663.02578196008,0,1
1371768840000,1371768899999,79663.36579646278,79663.36579646278,79662.88352756447,79662.88352756447,0,1
1371768900000,1371768959999,79663.39355223833,79663.69192196005,79662.95638982479,79663.69192196005,0,1
1371768960000,1371769019999,79663.29640668687,79663.6815138638,79663.11599101611,79663.27212015155,0,1
1371769020000,1371769079999,79663.20966878989,79664.41352355512,79663.1333388182,79664.41352355512,0,1
1371769080000,1371769139999,79664.4239308895,79664.63554433973,79664.04926002742,79664.05619850427,0,1
1371769140000,1371769199999,79664.16721347951,79664.3129187642,79664.16721347951,79664.26088140624,0,1
1371769200000,1371769259999,79663.70233004547,79663.70233004547,79663.12293014055,79663.5045745701,0,1
1371769260000,1371769319999,79663.42477739372,79663.76824766822,79663.19232112021,79663.76824766822,0,1
1371769320000,1371769379999,79663.77171700475,79663.77171700475,79663.30334568613,79663.30334568613,0,1
1371769380000,1371769439999,79663.56355468254,79663.76824766822,79662.72739236178,79662.72739236178,0,1
1371769440000,1371769499999,79663.37967436017,79663.37967436017,79662.70310444449,79662.92169357656,0,1
1371769500000,1371769559999,79663.36232698541,79663.62600383419,79661.93279989275,79661.93279989275,0,1
1371769560000,1371769619999,79661.79746999228,79663.03272114713,79661.79746999228,79662.82107377592,0,1
1371769620000,1371769679999,79662.72045296287,79662.7863770582,79662.41858444878,79662.69616502871,0,1
1371769680000,1371769739999,79662.65105870877,79662.65105870877,79661.39840962325,79661.52680469697,0,1
1371769740000,1371769799999,79661.36370796898,79661.7454195429,79661.36370796898,79661.54415525617,0,1
1371769800000,1371769859999,79661.62396744074,79661.8842201392,79659.62153015207,79659.62153015207,0,1
1371769860000,1371769919999,79659.74994804194,79659.74994804194,79659.74994804194,79659.74994804194,0,1
1371769920000,1371769979999,79660.26360311089,79660.26360311089,79660.26360311089,79660.26360311089,0,1
1371769980000,1371770039999,79659.86101083303,79660.308720201,79659.72565289197,79660.308720201,0,1
1371770040000,1371770099999,79659.89224702078,79660.29483804111,79659.89224702078,79660.06925024172,0,1
1371770100000,1371770159999,79660.20113295774,79660.27401476513,79659.55905598775,79659.8783642827,0,1
1371770160000,1371770219999,79659.7742431329,79659.7742431329,79659.63541324671,79659.63541324671,0,1
1371770220000,1371770279999,79659.8297745477,79660.21501524771,79659.75341877283,79660.21501524771,0,1
1371770280000,1371770339999,79660.11436820871,79661.69336882261,79660.03801460686,79661.69336882261,0,1
1371770340000,1371770399999,79661.6309076006,79662.60942192518,79661.5476253644,79662.2242734582,0,1
1371770400000,1371770459999,79662.23815293988,79663.30681518395,79662.23815293988,79662.83842208964,0,1
1371770460000,1371770519999,79663.60518749364,79663.75090096753,79663.24783355725,79663.68498323043,0,1
1371770520000,1371770579999,79663.77518634008,79663.77518634008,79662.84536140671,79663.11599101611,0,1
1371770580000,1371770639999,79663.27905916766,79664.22272050497,79663.27905916766,79664.0006905545,0,1
1371770640000,1371770699999,79663.83069554159,79664.2192513249,79663.25824210489,79663.63294260475,0,1
1371770700000,1371770759999,79663.16109523895,79663.50804399812,79663.15068659019,79663.15068659019,0,1
1371770760000,1371770819999,79663.56008527378,79663.64335075155,79663.11946057892,79663.64335075155,0,1
1371770820000,1371770879999,79663.36926593893,79663.36926593893,79663.36926593893,79663.36926593893,0,1
1371770880000,1371770939999,79663.29293718544,79663.29293718544,79663.19232112021,79663.19579065655,0,1
1371770940000,1371770999999,79663.46294134014,79663.46294134014,79663.46294134014,79663.46294134014,0,1
1371771000000,1371771059999,79663.31028468057,79663.57049349643,79663.2998761871,79663.2998761871,0,1
1371771060000,1371771119999,79663.49416627888,79664.45862192594,79663.23395547688,79664.2712888995,0,1
1371771120000,1371771179999,79664.33720277192,79664.81593259772,79663.86191933205,79664.17415187454,0,1
1371771180000,1371771239999,79664.35454845561,79665.2981083134,79664.35454845561,79665.2981083134,0,1
1371771240000,1371771299999,79665.14547966652,79666.21036278793,79664.87490497627,79665.56520284007,0,1
1371771300000,1371771359999,79665.49582832417,79665.49582832417,79665.04141334436,79665.04141334436,0,1
1371771360000,1371771419999,79665.04141334436,79665.04141334436,79665.04141334436,79665.04141334436,0,1
1371771420000,1371771479999,79664.84715331203,79664.84715331203,79664.16721347951,79664.6806417093,0,1
1371771480000,1371771539999,79664.17762107025,79664.70839383562,79663.38661330166,79663.80641030385,0,1
1371771540000,1371771599999,79664.04579078716,79664.04579078716,79663.136808375,79663.79600232677,0,1
1371771600000,1371771659999,79663.48375797679,79663.48375797679,79662.74474083802,79662.7516802201,0,1
1371771660000,1371771719999,79663.10905188684,79664.45168372827,79662.61983113733,79664.45168372827,0,1
1371771720000,1371771779999,79663.44906355829,79664.2955730083,79663.30334568613,79663.83763417012,0,1
1371771780000,1371771839999,79662.41858444878,79664.7396148857,79661.53027481122,79663.1680343321,0,1
1371771840000,1371771899999,79663.22007737725,79663.78212500711,79662.53655713671,79663.78212500711,0,1
1371771900000,1371771959999,79663.75437031007,79663.75437031007,79659.73953584203,79659.73953584203,0,1
1371771960000,1371772019999,79660.1108976031,79660.9438084082,79659.77077240923,79660.9438084082,0,1
1371772020000,1371772079999,79660.87787216474,79662.10976699926,79660.87787216474,79662.10282717172,0,1
1371772080000,1371772139999,79661.98831932212,79662.7724983374,79661.9779094526,79662.06465803421,0,1
1371772140000,1371772199999,79662.6788164682,79663.76130899155,79662.5018594318,79663.76130899155,0,1
1371772200000,1371772259999,79663.66763638529,79664.49331284202,79663.40396063428,79664.2365972132,0,1
1371772260000,1371772319999,79664.5731014923,79665.43339084837,79663.1333388182,79663.40049117016,0,1
1371772320000,1371772379999,79663.3172236702,79666.73755936822,79663.3172236702,79665.68660708482,0,1
1371772380000,1371772439999,79665.74904297962,79666.80345698654,79664.83327745103,79666.30748003584,0,1
1371772440000,1371772499999,79666.27279541273,79668.58946388736,79665.9432854928,79667.78146532537,0,1
1371772500000,1371772559999,79667.92365006323,79667.92365006323,79666.59188940779,79667.66702248255,0,1
1371772560000,1371772619999,79668.235755813,79670.07004718442,79668.235755813,79669.97990083875,0,1
1371772620000,1371772679999,79669.59850346112,79670.12552145474,79669.22749387291,79669.36619065712,0,1
1371772680000,1371772739999,79668.84953537236,79668.84953537236,79666.69593959604,79668.69696092122,0,1
1371772740000,1371772799999,79668.18373886449,79669.77880221617,79668.02421853518,79668.50970727681,0,1
1371772800000,1371772859999,79668.97783481354,79669.58463419147,79667.47974955097,79669.24829851318,0,1
1371772860000,1371772919999,79668.63107577949,79670.19486385991,79668.01034708194,79669.34538626212,0,1
1371772920000,1371772979999,79669.30030992448,79673.27318212409,79669.30030992448,79673.27318212409,0,1
1371772980000,1371773039999,79672.72899886245,79672.72899886245,79671.08933777985,79671.08933777985,0,1
1371773040000,1371773099999,79671.57814436905,79671.57814436905,79670.31621191197,79671.2626761839,0,1
1371773100000,1371773159999,79671.1170721264,79672.3927689255,79670.74265195758,79672.3927689255,0,1
1371773160000,1371773219999,79671.7514743005,79673.46727854288,79671.7514743005,79672.46209561088,0,1
1371773220000,1371773279999,79672.66314028058,79675.76149003558,79672.48982615046,79675.47734133985,0,1
1371773280000,1371773339999,79675.5293203632,79678.35310789871,79673.58858689155,79673.58858689155,0,1
1371773340000,1371773399999,79674.27828353448,79674.83624450266,79674.08420285651,79674.68029581393,0,1
1371773400000,1371773459999,79674.45156667115,79675.65060370031,79674.16044928637,79674.5971221855,0,1
1371773460000,1371773519999,79675.151599975,79677.06777710702,79674.8986232972,79675.26249184365,0,1
1371773520000,1371773579999,79674.90208877437,79677.10242430842,79674.90208877437,79676.69357968248,0,1
1371773580000,1371773639999,79676.6762553885,79676.6762553885,79675.92781723307,79675.95207305155,0,1
1371773640000,1371773699999,79675.82039790109,79676.29511332746,79673.56085939874,79674.51048225361,0,1
1371773700000,1371773759999,79672.61114635694,79672.80178942201,79667.70170227019,79669.35578846504,0,1
1371773760000,1371773819999,79669.34191885876,79671.35281096661,79669.05412018743,79669.49101611819,0,1
1371773820000,1371773879999,79669.650513051,79669.650513051,79668.16639982154,79668.88421105933,0,1
1371773880000,1371773939999,79668.78711883281,79669.68171867508,79668.02421853518,79668.57559321818,0,1
1371773940000,1371773999999,79668.25309473572,79674.09113437416,79668.25309473572,79673.67176890871,0,1
1371774000000,1371774059999,79673.07908193789,79675.0372414475,79671.5954774974,79671.89360260249,0,1
1371774060000,1371774119999,79672.27837884388,79673.13107342861,79671.89360260249,79672.88151180785,0,1
1371774120000,1371774179999,79672.81912042951,79675.90356135574,79672.65967402741,79675.33526396417,0,1
1371774180000,1371774239999,79675.56397289532,79676.76634138946,79675.47041078299,79675.61941669698,0,1
1371774240000,1371774299999,79675.75109449388,79675.75109449388,79674.5901910186,79674.79119290905,0,1
1371774300000,1371774359999,79675.12734221482,79675.12734221482,79672.2541141129,79673.50540418246,0,1
1371774360000,1371774419999,79673.16920035002,79674.4307728533,79672.97856428934,79673.69603020004,0,1
1371774420000,1371774479999,79675.18625381605,79675.18625381605,79671.77574025116,79672.03919535392,0,1
1371774480000,1371774539999,79672.15358817158,79673.05828526591,79668.10051118408,79668.21494906608,0,1
1371774540000,1371774599999,79668.47156258601,79671.4360115834,79668.44382090132,79670.83625831408,0,1
1371774600000,1371774659999,79670.8743939859,79672.4239659934,79669.61930732953,79670.7287842747,0,1
1371774660000,1371774719999,79670.92293008514,79670.92293008514,79668.56519020366,79668.72123428508,0,1
1371774720000,1371774779999,79668.5166426595,79669.75106415774,79668.21148127072,79669.75106415774,0,1
1371774780000,1371774839999,79670.29194241935,79672.5140903095,79670.17406118885,79670.79812249684,0,1
1371774840000,1371774899999,79671.31814383864,79671.39441136153,79670.86746023821,79671.39441136153,0,1
1371774900000,1371774959999,79671.10320496274,79672.01493004255,79671.10320496274,79671.93866725208,0,1
1371774960000,1371775019999,79671.5712111093,79671.85200428417,79669.34538626212,79669.445940437,0,1
1371775020000,1371775079999,79669.96256490989,79670.35781661939,79669.37312544584,79670.29540949334,0,1
1371775080000,1371775139999,79670.19486385991,79670.6282429986,79669.813474681,79670.572771517,0,1
1371775140000,1371775199999,79670.27460703143,79670.27460703143,79669.82734363327,79670.27113995024,0,1
1371775200000,1371775259999,79670.25727161346,79671.793073037,79669.69558781009,79671.793073037,0,1
1371775260000,1371775319999,79672.16052102756,79672.16052102756,79670.34394840282,79670.34394840282,0,1
1371775320000,1371775379999,79670.52076672357,79675.47387606202,79670.33701428732,79675.47387606202,0,1
1371775380000,1371775439999,79674.708020203,79675.21051143334,79674.29907766942,79675.21051143334,0,1
1371775440000,1371775499999,79674.88129589328,79675.58822959638,79674.88129589328,79675.58822959638,0,1
1371775500000,1371775559999,79675.42536204633,79676.44064201065,79673.55392751352,79674.26442075383,0,1
1371775560000,1371775619999,79674.58325984686,79674.85010649062,79673.30437644548,79673.89011841176,0,1
1371775620000,1371775679999,79673.89705006394,79674.6698991482,79672.90577501652,79674.6698991482,0,1
1371775680000,1371775739999,79674.773865319,79675.286749276,79674.44116976763,79675.286749276,0,1
1371775740000,1371775799999,79676.46143164964,79677.05045346128,79673.75495023394,79673.75495023394,0,1
1371775800000,1371775859999,79673.51233610132,79674.32680311541,79672.86418090847,79673.38062882144,0,1
1371775860000,1371775919999,79673.22119137221,79675.19318456986,79673.22119137221,79674.2574893563,0,1
1371775920000,1371775979999,79674.29907766942,79676.46489658527,79674.2921462959,79676.21541815111,0,1
1371775980000,1371776039999,79676.63814183611,79677.48353560128,79676.58963346842,79676.98462333386,0,1
1371776040000,1371776099999,79677.14053609132,79678.27342912197,79675.38724372601,79676.55151958586,0,1
1371776100000,1371776159999,79676.49608095193,79676.49608095193,79674.20203800307,79674.73227898039,0,1
1371776160000,1371776219999,79674.71148574623,79675.16546152583,79673.55392751352,79674.42384157106,0,1
1371776220000,1371776279999,79674.15005208016,79674.15005208016,79673.52273397059,79673.56085939874,0,1
1371776280000,1371776339999,79675.44268850752,79675.44268850752,79672.72206640057,79672.72206640057,0,1
1371776340000,1371776399999,79672.860714725,79672.93350432579,79670.20179807399,79670.71838349992,0,1
1371776400000,1371776459999,79670.26767286785,79672.58688243339,79670.1844625298,79671.36667778414,0,1
1371776460000,1371776519999,79671.15867350202,79674.29561198327,79671.10667175546,79673.64404164653,0,1
1371776520000,1371776579999,79673.03748855069,79673.62324614945,79671.41174480834,79672.0842593474,0,1
1371776580000,1371776639999,79673.26971608239,79675.58129911637,79672.84684997906,79675.3110066495,0,1
1371776640000,1371776699999,79675.30754131403,79675.30754131403,79672.9750981455,79673.67870071225,0,1
1371776700000,1371776759999,79673.52273397059,79675.57436863155,79673.52273397059,79674.62138123192,0,1
1371776760000,1371776819999,79674.65257134798,79674.65257134798,79672.39970161568,79672.860714725,0,1
1371776820000,1371776879999,79673.40142482307,79674.16391501937,79672.64927526072,79674.16391501937,0,1
1371776880000,1371776939999,79673.24545375672,79676.90839843437,79672.2471813218,79676.57577389157,0,1
1371776940000,1371776999999,79675.49466771098,79676.59656324964,79675.49466771098,79676.57577389157,0,1
1371777000000,1371777059999,79676.20502308129,79676.20502308129,79675.83079337073,79676.01097979437,0,1
1371777060000,1371777119999,79676.11493202348,79676.84256737177,79676.09414166411,79676.6727905261,0,1
1371777120000,1371777179999,79676.41638737719,79676.48915110108,79674.01142163116,79674.64564021949,0,1
1371777180000,1371777239999,79674.2574893563,79675.26942254462,79674.2574893563,79675.26942254462,0,1
1371777240000,1371777299999,79674.98179441795,79674.98179441795,79672.60074753976,79673.15533603179,0,1
1371777300000,1371777359999,79672.85724854031,79678.6371748928,79672.85724854031,79677.05738292319,0,1
1371777360000,1371777419999,79677.05045346128,79682.29121967526,79677.05045346128,79681.70596960449,0,1
1371777420000,1371777479999,79681.32848245329,79681.61592809188,79678.77227709503,79678.77227709503,0,1
1371777480000,1371777539999,79679.02169175002,79679.92230399376,79677.94777882601,79677.94777882601,0,1
1371777540000,1371777599999,79677.68794385584,79677.68794385584,79674.46889481969,79674.46889481969,0,1
1371777600000,1371777659999,79674.54167271558,79674.6768302599,79672.69087026265,79672.69087026265,0,1
1371777660000,1371777719999,79673.29397834916,79673.29397834916,79672.836451407,79673.27664816461,0,1
1371777720000,1371777779999,79673.09641246483,79674.63524351774,79673.09641246483,79673.7826771886,0,1
1371777780000,1371777839999,79674.70108911293,79677.93045670471,79674.70108911293,79676.00751470147,0,1
1371777840000,1371777899999,79676.59309835962,79676.59309835962,79673.95596891345,79673.95596891345,0,1
1371777900000,1371777959999,79674.10846314726,79674.86743394856,79672.51755661312,79673.81040406637,0,1
1371777960000,1371778019999,79673.37716281696,79674.86050296898,79673.37716281696,79674.86050296898,0,1
1371778020000,1371778079999,79675.0545685812,79676.88414493542,79675.0545685812,79676.03523541115,0,1
1371778080000,1371778139999,79676.38173779877,79676.38173779877,79672.58688243339,79674.01488741582,0,1
1371778140000,1371778199999,79673.58858689155,79673.77921132348,79671.20374146364,79673.60591653553,0,1
1371778200000,1371778259999,79673.10334466721,79675.22090753702,79671.66480971032,79675.12734221482,0,1
1371778260000,1371778319999,79674.58325984686,79676.7316930236,79674.58325984686,79676.49608095193,0,1
1371778320000,1371778379999,79676.40252756023,79676.40252756023,79675.19664994495,79675.85851457031,0,1
1371778380000,1371778439999,79675.19664994495,79677.06431238027,79674.97139806568,79675.7372337548,0,1
1371778440000,1371778499999,79674.97486351765,79676.51687047568,79674.72534790714,79674.72534790714,0,1
1371778500000,1371778559999,79674.61098450495,79675.65060370031,79674.30600903812,79675.50506351926,0,1
1371778560000,1371778619999,79675.15853075281,79675.95553816367,79674.29907766942,79675.95553816367,0,1
1371778620000,1371778679999,79676.52380030732,79677.13707138978,79673.23158954422,79673.23158954422,0,1
1371778680000,1371778739999,79673.05481914972,79673.64057573336,79673.05481914972,79673.33903668844,0,1
1371778740000,1371778799999,79673.37023080442,79675.18625381605,79673.37023080442,79673.75495023394,0,1
1371778800000,1371778859999,79673.48460839708,79676.75248205752,79673.48460839708,79676.35055307555,0,1
1371778860000,1371778919999,79676.83563776103,79677.6221179249,79675.51545931672,79675.51545931672,0,1
1371778920000,1371778979999,79676.08374646823,79676.84256737177,79676.08374646823,79676.6901148261,0,1
1371778980000,1371779039999,79676.26739333816,79676.92918710095,79674.90555425033,79674.90555425033,0,1
1371779040000,1371779099999,79675.42882734096,79676.50994063923,79674.94713986837,79676.35748302245,0,1
1371779100000,1371779159999,79675.68179060638,79676.73862270637,79675.43229263442,79676.73862270637,0,1
1371779160000,1371779219999,79677.54243332348,79677.54243332348,79676.76287655828,79676.8945392993,0,1
1371779220000,1371779279999,79677.38999144714,79677.38999144714,79675.9728637063,79676.17730284226,0,1
1371779280000,1371779339999,79676.56537919633,79677.26526454708,79676.34362312384,79676.99501759332,0,1
1371779340000,1371779399999,79677.22368856802,79677.22368856802,79676.70397424448,79677.21675922137,0,1
1371779400000,1371779459999,79677.15439488545,79678.59214041979,79677.15439488545,79678.14871324033,0,1
1371779460000,1371779519999,79678.66142414043,79678.66142414043,79676.8113840856,79678.32192932254,0,1
1371779520000,1371779579999,79679.03901198118,79679.03901198118,79675.25902649137,79676.96729954409,0,1
1371779580000,1371779639999,79676.7975248161,79678.6683524861,79676.64507158371,79677.34841598663,0,1
1371779640000,1371779699999,79677.68447934397,79681.7128958411,79677.68447934397,79681.7128958411,0,1
1371779700000,1371779759999,79681.07219865151,79682.67905883979,79680.59424644803,79682.58556327433,0,1
1371779760000,1371779819999,79682.59248890175,79682.59248890175,79680.15783535426,79681.79601030634,0,1
1371779820000,1371779879999,79681.91375461627,79681.91375461627,79679.74565183278,79681.32155595042,0,1
1371779880000,1371779939999,79681.27307029592,79684.06061363127,79680.25481724323,79684.06061363127,0,1
1371779940000,1371779999999,79683.81132462429,79687.9895569259,79682.26005337517,79687.9895569259,0,1
1371780000000,1371780059999,79687.3631064202,79690.70948906202,79687.3631064202,79690.70948906202,0,1
1371780060000,1371780119999,79690.61952858235,79692.72300801493,79690.61952858235,79691.61250904169,0,1
1371780120000,1371780179999,79691.83392677948,79694.30378603427,79690.90324734649,79693.46673120772,0,1
1371780180000,1371780239999,79693.77112288789,79694.12047010154,79693.23497223842,79694.12047010154,0,1
1371780240000,1371780299999,79693.77112288789,79694.7430388411,79693.77112288789,79693.95098634386,0,1
1371780300000,1371780359999,79693.40100906056,79694.85371367051,79693.40100906056,79693.5462890185,0,1
1371780360000,1371780419999,79692.94786039503,79692.94786039503,79690.84096830733,79690.97244582398,0,1
1371780420000,1371780479999,79691.7405167692,79692.47739425294,79690.629908679,79690.629908679,0,1
1371780480000,1371780539999,79690.92746686809,79692.16604419408,79690.92746686809,79691.87198245943,0,1
1371780540000,1371780599999,79692.09685397564,79694.58048296468,79691.15581947358,79694.58048296468,0,1
1371780600000,1371780659999,79694.36950224848,79694.7949178199,79694.14814064634,79694.66694918535,0,1
1371780660000,1371780719999,79694.39717210422,79695.5177369254,79693.69502583648,79694.78108345186,0,1
1371780720000,1371780779999,79694.81221075302,79695.63186148198,79694.0824229774,79695.44511152944,0,1
1371780780000,1371780839999,79695.45202825654,79695.53157027435,79694.7534146584,79694.90905062587,0,1
1371780840000,1371780899999,79694.61506954266,79696.92863995754,79694.44905287736,79696.92863995754,0,1
1371780900000,1371780959999,79696.5724748871,79697.37815057886,79696.40649071508,79697.32974271355,0,1
1371780960000,1371781019999,79697.52337276882,79697.93828169118,79697.04966403563,79697.93828169118,0,1
1371781020000,1371781079999,79697.84492868457,79700.79031461364,79697.74465966971,79699.7636764638,0,1
1371781080000,1371781139999,79699.61848680461,79700.74883632752,79699.60811603401,79700.69353167841,0,1
1371781140000,1371781199999,79700.64513985954,79701.36407992097,79700.59329122229,79700.97005186544,0,1
1371781200000,1371781259999,79700.94240019082,79700.94240019082,79699.48020897889,79700.01256811817,0,1
1371781260000,1371781319999,79699.51823557157,79699.51823557157,79697.76886262742,79697.90370660517,0,1
1371781320000,1371781379999,79698.15264455635,79699.16907687977,79697.26058821376,79699.16907687977,0,1
1371781380000,1371781439999,79699.07919247112,79699.41106934898,79697.14994001934,79698.27019643477,0,1
1371781440000,1371781499999,79698.00397402528,79698.00397402528,79697.1084466308,79697.73428695563,0,1
1371781500000,1371781559999,79698.0074315046,79698.04892116314,79696.195548521,79696.195548521,0,1
1371781560000,1371781619999,79696.17825797992,79696.44798701636,79694.44559416753,79695.54540360416,0,1
1371781620000,1371781679999,79695.45548661829,79695.67336099781,79693.79533546465,79694.86063080667,0,1
1371781680000,1371781739999,79694.81221075302,79696.67967153399,79694.5770243003,79696.67967153399,0,1
1371781740000,1371781799999,79696.99433892453,79697.91407914352,79696.99433892453,79697.19834875505,0,1
1371781800000,1371781859999,79697.03583278655,79697.69971116427,79695.73560994866,79697.30553869302,0,1
1371781860000,1371781919999,79698.2667390463,79698.43614967537,79696.77303541922,79698.43614967537,0,1
1371781920000,1371781979999,79699.43526827382,79699.43526827382,79698.54332634625,79699.28315977345,0,1
1371781980000,1371782039999,79699.63922831356,79699.9019503699,79699.24858933705,79699.4594671401,0,1
1371782040000,1371782099999,79699.70490947473,79699.73947833366,79699.53897728845,79699.73947833366,0,1
1371782100000,1371782159999,79699.72565080444,79699.72565080444,79699.47675200875,79699.47675200875,0,1
1371782160000,1371782219999,79699.3281011621,79699.9468889777,79698.82336319359,79699.9468889777,0,1
1371782220000,1371782279999,79699.95380259176,79699.97800020328,79698.84756354066,79699.51132165639,0,1
1371782280000,1371782339999,79699.99528417566,79699.99528417566,79699.0549926846,79699.0549926846,0,1
1371782340000,1371782399999,79699.09647799707,79699.19673345836,79697.5441186238,79698.20104843835,0,1
1371782400000,1371782459999,79698.40157631069,79699.38687036559,79697.87950397382,79699.38687036559,0,1
1371782460000,1371782519999,79699.23821818281,79699.41106934898,79697.18797547427,79697.5026268708,0,1
1371782520000,1371782579999,79697.56486443574,79698.2667390463,79697.09807325676,79698.2667390463,0,1
1371782580000,1371782639999,79698.14918712724,79698.14918712724,79695.4831534693,79695.4831534693,0,1
1371782640000,1371782699999,79695.5869034788,79696.31658147153,79694.69115959317,79696.31658147153,0,1
1371782700000,1371782759999,79696.12292804752,79696.12292804752,79694.44559416753,79694.63582143204,0,1
1371782760000,1371782819999,79693.99595170238,79694.29340975045,79693.75036920403,79693.97173961138,0,1
1371782820000,1371782879999,79694.52514419108,79694.74995605383,79693.96828073644,79694.32453856962,0,1
1371782880000,1371782939999,79694.14468183243,79694.99205548476,79694.14468183243,79694.99205548476,0,1
1371782940000,1371782999999,79695.30677598274,79695.46240333821,79694.93671898873,79695.37940238336,0,1
1371783000000,1371783059999,79695.29640073958,79696.03993257493,79694.99551400561,79695.31023439472,0,1
1371783060000,1371783119999,79695.61456996622,79698.58135650175,79695.61456996622,79698.58135650175,0,1
1371783120000,1371783179999,79699.07919247112,79699.69453879376,79697.43693124314,79697.43693124314,0,1
1371783180000,1371783239999,79697.59252545137,79697.73428695563,79696.92863995754,79697.09115766808,0,1
1371783240000,1371783299999,79697.14302446654,79697.1741444165,79695.5177369254,79695.83589910998,0,1
1371783300000,1371783359999,79696.25433613708,79697.27441915197,79695.6664444238,79697.27441915197,0,1
1371783360000,1371783419999,79696.86639843276,79697.9693991664,79696.11255365112,79697.9693991664,0,1
1371783420000,1371783479999,79697.59598307294,79698.01088898272,79697.11190441975,79697.65130485555,0,1
1371783480000,1371783539999,79697.09461546302,79699.08610668509,79697.09461546302,79699.04116420887,0,1
1371783540000,1371783599999,79698.51912526292,79699.43872525831,79698.0212614099,79699.43872525831,0,1
1371783600000,1371783659999,79699.3453862578,79699.3453862578,79698.80953439754,79698.80953439754,0,1
1371783660000,1371783719999,79698.1941336124,79698.1941336124,79697.31245413344,79697.49916921694,0,1
1371783720000,1371783779999,79697.24329951408,79698.22525029148,79697.24329951408,79697.47150794308,0,1
1371783780000,1371783839999,79698.01434645963,79698.01434645963,79697.69279599166,79697.91753665391,0,1
1371783840000,1371783899999,79698.89596405909,79699.77059020451,79697.74811723869,79698.97547868798,0,1
1371783900000,1371783959999,79699.79133139797,79699.79133139797,79697.41272748205,79697.53374570169,0,1
1371783960000,1371784019999,79697.5129998252,79697.5129998252,79696.76611960576,79696.76611960576,0,1
1371784020000,1371784079999,79696.067597809,79696.18863230816,79694.99897252525,79695.63877807991,0,1
1371784080000,1371784139999,79695.6214865761,79697.31936956907,79694.07204646389,79694.07204646389,0,1
1371784140000,1371784199999,79694.69807684177,79694.69807684177,79694.14468183243,79694.14468183243,0,1
1371784200000,1371784259999,79693.72269755854,79694.91250917541,79693.70194377418,79693.74691025254,0,1
1371784260000,1371784319999,79694.67040781863,79695.2825670653,79693.60509221096,79694.00978715664,0,1
1371784320000,1371784379999,79693.99595170238,79693.99595170238,79691.9134975815,79692.32517987974,0,1
1371784380000,1371784439999,79692.07263728608,79692.07263728608,79690.99666517798,79691.06932288804,0,1
1371784440000,1371784499999,79691.22847602726,79691.35994844919,79690.2492980896,79690.5226471607,0,1
1371784500000,1371784559999,79691.06240312888,79691.06240312888,79690.33234163557,79690.33234163557,0,1
1371784560000,1371784619999,79690.39462384248,79690.5226471607,79689.21465609471,79689.56762291932,0,1
1371784620000,1371784679999,79690.36694290952,79693.88526737926,79690.36694290952,79693.88526737926,0,1
1371784680000,1371784739999,79693.26956347037,79693.99941056773,79690.70948906202,79691.28729285074,0,1
1371784740000,1371784799999,79691.39108640121,79691.4948788744,79690.89978741005,79691.4187644994,0,1
1371784800000,1371784859999,79690.86864792818,79691.1973375689,79690.03476573725,79690.92400694003,0,1
1371784860000,1371784919999,79690.9759057353,79691.15581947358,79689.92403756108,79689.96902103053,0,1
1371784920000,1371784979999,79690.11781106479,79690.11781106479,79689.20773505204,79689.51917723006,0,1
1371784980000,1371785039999,79689.09699771788,79690.84096830733,79689.09699771788,79690.84096830733,0,1
1371785040000,1371785099999,79691.02780426122,79692.09339445215,79690.89632747241,79691.34264954505,0,1
1371785100000,1371785159999,79691.77165353624,79692.14874668435,79690.8859476523,79691.70937990522,0,1
1371785160000,1371785219999,79691.5121775152,79692.13144914471,79690.69564904089,79690.7856088358,0,1
1371785220000,1371785279999,79690.52956729339,79691.12468078897,79690.5226471607,79690.59876835674,0,1
1371785280000,1371785339999,79690.51572702324,79690.94476649044,79690.16971404427,79690.16971404427,0,1
1371785340000,1371785399999,79690.80636867354,79690.85480812733,79690.76138897063,79690.76830893809,0,1
1371785400000,1371785459999,79690.49496658213,79690.49496658213,79684.60418061142,79687.25234865713,0,1
1371785460000,1371785519999,79686.91314537638,79689.03816801033,79686.35931937314,79688.69210390122,0,1
1371785520000,1371785579999,79689.6264495122,79694.02016373475,79689.6264495122,79693.79533546465,0,1
1371785580000,1371785639999,79693.618928206,79694.61852819388,79692.77143818555,79694.34183231619,0,1
1371785640000,1371785699999,79694.50439207203,79695.47277840914,79692.1971796362,79692.1971796362,0,1
1371785700000,1371785759999,79691.96193167272,79692.25599076237,79689.11430050718,79689.4465082561,0,1
1371785760000,1371785819999,79690.72332906399,79694.15505827058,79690.15241308104,79691.61250904169,0,1
1371785820000,1371785879999,79692.28020700789,79692.8094902979,79691.086622265,79692.8094902979,0,1
1371785880000,1371785939999,79693.03088153429,79693.03088153429,79692.02420373104,79692.02420373104,0,1
1371785940000,1371785999999,79691.59175087741,79692.25599076237,79690.94822641133,79692.04496099765,0,1
1371786000000,1371786059999,79692.14874668435,79692.14874668435,79690.08320892879,79690.71986906529,0,1
1371786060000,1371786119999,79690.18009460784,79690.75446899838,79689.99670306499,79689.99670306499,0,1
1371786120000,1371786179999,79690.22507692546,79690.80290870357,79690.22507692546,79690.79598876006,0,1
1371786180000,1371786239999,79690.60222839733,79691.18349822295,79690.51572702324,79690.64028876487,0,1
1371786240000,1371786299999,79691.00358498264,79692.57425673865,79691.00358498264,79692.37707140362,0,1
1371786300000,1371786359999,79692.06917775422,79692.42896265823,79691.27345362928,79692.40128735595,0,1
1371786360000,1371786419999,79692.02074418242,79692.22485550336,79689.3323130872,79689.54340010403,0,1
1371786420000,1371786479999,79689.45342913351,79689.45342913351,79688.42908716851,79689.0208650893,0,1
1371786480000,1371786539999,79688.87898000758,79689.58838528574,79688.4325479599,79689.3772992185,0,1
1371786540000,1371786599999,79689.74756199612,79689.74756199612,79687.58461826626,79687.6538397119,0,1
1371786600000,1371786659999,79687.61230690203,79687.81304721847,79687.20735296547,79687.31118887152,0,1
1371786660000,1371786719999,79687.24196505395,79689.6264495122,79687.24196505395,79688.8962831741,0,1
1371786720000,1371786779999,79689.28732675353,79689.83407001515,79688.7543963247,79688.76477835755,0,1
1371786780000,1371786839999,79689.03124684552,79689.74064132226,79688.7820817217,79689.74064132226,0,1
1371786840000,1371786899999,79689.19735347906,79689.62298913396,79688.67826108777,79688.67826108777,0,1
1371786900000,1371786959999,79687.36656758055,79689.0277862613,79687.15197337473,79687.23158143999,0,1
1371786960000,1371787019999,79687.6019236726,79687.83035222949,79686.78507583946,79686.78507583946,0,1
1371787020000,1371787079999,79686.52200894327,79687.33195592334,79686.1585498721,79686.84045746212,0,1
1371787080000,1371787139999,79686.86122549154,79686.90622274065,79685.17887534827,79685.31388920017,0,1
1371787140000,1371787199999,79685.47659577911,79687.16581830116,79685.47659577911,79687.16581830116,0,1
1371787200000,1371787259999,79686.90276142098,79687.95148646821,79686.90276142098,79687.44963506908,0,1
1371787260000,1371787319999,79687.62269012065,79687.94456455125,79687.07582593667,79687.07582593667,0,1
1371787320000,1371787379999,79687.01698433739,79687.26619344461,79685.26196101132,79685.60468207466,0,1
1371787380000,1371787439999,79685.38312636585,79685.66699373335,79685.27580855471,79685.29311795699,0,1
1371787440000,1371787499999,79685.87815813367,79686.27970436364,79685.39351189937,79685.78469247374,0,1
1371787500000,1371787559999,79685.28965607894,79685.93354477918,79685.28965607894,79685.84700301076,0,1
1371787560000,1371787619999,79685.62199090769,79686.13778038332,79685.38658821155,79686.11354925853,0,1
1371787620000,1371787679999,79686.04085553192,79686.1585498721,79685.03693574357,79685.03693574357,0,1
1371787680000,1371787739999,79685.01962589785,79685.60468207466,79684.93307621981,79685.16156574825,0,1
1371787740000,1371787799999,79684.6180290657,79684.6180290657,79683.25732680275,79683.25732680275,0,1
1371787800000,1371787859999,79683.53432954993,79684.16794448435,79681.11375863313,79681.11375863313,0,1
1371787860000,1371787919999,79680.95790781146,79680.95790781146,79680.30677143973,79680.58731943657,0,1
1371787920000,1371787979999,79680.73624912565,79682.31546006374,79680.29984422913,79682.05920155568,0,1
1371787980000,1371788039999,79681.5432016629,79682.034960546,79680.45916885894,79680.56653837337,0,1
1371788040000,1371788099999,79681.21419454229,79682.47128972944,79680.43838752944,79680.43838752944,0,1
1371788100000,1371788159999,79681.73021141166,79683.36120373213,79681.46701150335,79683.21577572887,0,1
1371788160000,1371788219999,79682.6271169669,79682.6271169669,79680.69122410472,79680.69122410472,0,1
1371788220000,1371788279999,79680.64273539394,79680.72932221254,79680.51804905801,79680.51804905801,0,1
1371788280000,1371788339999,79680.52151258833,79680.61849095038,79680.18208091469,79680.42453328578,0,1
1371788340000,1371788399999,79680.48341368878,79683.45815455935,79680.48341368878,79682.57171200511,0,1
1371788400000,1371788459999,79682.5578607167,79682.5578607167,79680.46609595919,79680.58385592903,0,1
1371788460000,1371788519999,79680.15090804048,79681.07912532712,79680.15090804048,79680.95444443228,0,1
1371788520000,1371788579999,79680.87132297209,79680.92673735565,79680.80551799276,79680.9198105745,0,1
1371788580000,1371788639999,79681.26268048225,79681.40121044386,79681.26268048225,79681.40121044386,0,1
1371788640000,1371788699999,79681.20726796026,79681.7890841273,79681.20726796026,79681.7890841273,0,1
1371788700000,1371788759999,79680.71200490881,79681.67133834944,79680.4695595075,79681.11722195715,0,1
1371788760000,1371788819999,79682.00379344725,79682.13885017368,79681.36657813337,79682.13885017368,0,1
1371788820000,1371788879999,79682.47128972944,79682.47128972944,79681.81678881473,79682.1042204177,0,1
1371788880000,1371788939999,79681.92760679687,79682.37432933395,79681.59168600767,79681.90682851877,0,1
1371788940000,1371788999999,79682.305071333,79682.305071333,79681.83756727992,79682.13192423208,0,1
1371789000000,1371789059999,79682.13538720347,79683.30234027129,79681.82025189525,79683.30234027129,0,1
1371789060000,1371789119999,79683.23308869729,79685.01270195117,79682.33277459095,79684.77036079713,0,1
1371789120000,1371789179999,79684.90538016462,79687.66768394352,79684.90538016462,79685.12348452272,0,1
1371789180000,1371789239999,79685.17195151185,79685.36581711938,79683.80093744746,79684.56609726325,0,1
1371789240000,1371789299999,79684.33759412842,79685.41428293401,79684.33759412842,79685.41428293401,0,1
1371789300000,1371789359999,79685.5319846488,79687.5603906471,79685.5319846488,79687.10351598123,0,1
1371789360000,1371789419999,79688.14183730731,79688.328723697,79686.85430281985,79687.58461826626,0,1
1371789420000,1371789479999,79687.16581830116,79688.14875908774,79687.16581830116,79687.16927952977,0,1
1371789480000,1371789539999,79687.12082222015,79687.52231855551,79687.12082222015,79687.21427539276,0,1
1371789540000,1371789599999,79687.13466718972,79687.52231855551,79687.13466718972,79687.52231855551,0,1
1371789600000,1371789659999,79687.2004305334,79688.29065453052,79685.84354132443,79686.45970261212,0,1
1371789660000,1371789719999,79686.67431167403,79687.93072070292,79686.67431167403,79687.43925167074,0,1
1371789720000,1371789779999,79687.51193523264,79691.91695716721,79687.51193523264,79690.77176892002,0,1
1371789780000,1371789839999,79692.37015254932,79692.37015254932,79688.08646289147,79690.0313055003,0,1
1371789840000,1371789899999,79690.30812067256,79690.46728592693,79689.35653641382,79690.25621841144,0,1
1371789900000,1371789959999,79690.49842665864,79692.76106031159,79689.18005083347,79692.54312247055,0,1
1371789960000,1371790019999,79692.85446078949,79693.21767657758,79690.71986906529,79690.71986906529,0,1
1371790020000,1371790079999,79691.13852021632,79691.17657854279,79690.21815658208,79690.73024905779,0,1
1371790080000,1371790139999,79691.14198007017,79691.3149712362,79690.17663442118,79691.3149712362,0,1
1371790140000,1371790199999,79691.46374124556,79692.8371644705,79691.46374124556,79692.31134209456,0,1
1371790200000,1371790259999,79692.29404483616,79692.29404483616,79690.55032766267,79691.57445237428,0,1
1371790260000,1371790319999,79691.98268906858,79692.4739348611,79690.98628546203,79692.39782793778,0,1
1371790320000,1371790379999,79691.93771465644,79693.89564408659,79691.93771465644,79693.89564408659,0,1
1371790380000,1371790439999,79694.11009362749,79694.11009362749,79692.55695993501,79692.7956531829,0,1
1371790440000,1371790499999,79692.39782793778,79693.07239184545,79691.90311881714,79692.99283026435,0,1
1371790500000,1371790559999,79693.18308516615,79693.18308516615,79692.67457760977,79692.77489747448,0,1
1371790560000,1371790619999,79693.07585103025,79694.56318963083,79692.2352339338,79694.49747468944,0,1
1371790620000,1371790679999,79694.4283006004,79695.80131675416,79693.96482186033,79695.67336099781,0,1
1371790680000,1371790739999,79695.15114620521,79695.42436131943,79694.36950224848,79694.82604507799,0,1
1371790740000,1371790799999,79694.32107981671,79694.69115959317,79694.32107981671,79694.42484188339,0,1
1371790800000,1371790859999,79694.27611592013,79696.8179880901,79694.27611592013,79696.8179880901,0,1
1371790860000,1371790919999,79696.88368778407,79697.30208097103,79696.15059305199,79696.15059305199,0,1
1371790920000,1371790979999,79696.55518499772,79697.6374744386,79696.55518499772,79697.11881999408,0,1
1371790980000,1371791039999,79697.08078427611,79701.4608563667,79697.08078427611,79699.03079283952,0,1
1371791040000,1371791099999,79700.20268951415,79700.72118404119,79698.79570558238,79698.79570558238,0,1
1371791100000,1371791159999,79699.23821818281,79701.20163163872,79699.23821818281,79701.20163163872,0,1
1371791160000,1371791219999,79701.33988566321,79705.73882190343,79701.33988566321,79705.1791275655,0,1
1371791220000,1371791279999,79706.24321095194,79706.25702947193,79704.80252547337,79705.14457750574,0,1
1371791280000,1371791339999,79704.86817273028,79707.43153388424,79704.86817273028,79707.43153388424,0,1
1371791340000,1371791399999,79708.08781450731,79708.08781450731,79707.08265138767,79707.85294007532,0,1
1371791400000,1371791459999,79707.472984461,79708.11890041581,79706.20866456842,79706.20866456842,0,1
1371791460000,1371791519999,79705.9219249789,79707.59733516036,79705.9219249789,79707.31408965039,0,1
1371791520000,1371791579999,79706.50230502435,79707.45916762117,79706.28466645464,79706.6888485999,0,1
1371791580000,1371791639999,79706.99283808189,79707.82876151179,79706.39521362167,79707.46953025283,0,1
1371791640000,1371791699999,79707.97728605004,79708.00491827888,79707.9323835153,79707.94965374483,0,1
1371791700000,1371791759999,79707.92202136327,79708.09472249533,79707.63878504987,79707.87021044204,0,1
1371791760000,1371791819999,79707.78040420935,79707.97728605004,79707.58697266114,79707.58697266114,0,1
1371791820000,1371791879999,79707.41080853144,79708.49883148944,79707.41080853144,79708.49883148944,0,1
1371791880000,1371791939999,79708.5299161203,79708.6335308586,79708.1119924445,79708.29850599506,0,1
1371791940000,1371791999999,79708.61971562219,79708.61971562219,79707.72513843451,79708.59899273179,0,1
1371792000000,1371792059999,79708.35722250397,79708.68533782514,79708.21906546364,79708.48156220834,0,1
1371792060000,1371792119999,79708.51610074073,79710.10819758917,79708.22597336098,79710.10819758917,0,1
1371792120000,1371792179999,79710.3844575678,79710.3844575678,79707.994556202,79707.994556202,0,1
1371792180000,1371792239999,79708.02218838314,79708.04982048791,79705.71463822773,79706.47466864313,0,1
1371792240000,1371792299999,79707.0377448356,79707.18628112276,79705.91501548975,79706.93756795432,0,1
1371792300000,1371792359999,79706.98247495624,79707.05501661026,79706.30193953005,79707.00665556606,0,1
1371792360000,1371792419999,79706.79248241603,79707.6491474954,79706.61975879247,79707.1621009473,0,1
1371792420000,1371792479999,79706.57485016168,79707.83566967877,79706.31575796889,79707.83566967877,0,1
1371792480000,1371792539999,79707.43498810554,79709.36225752304,79707.43498810554,79709.36225752304,0,1
1371792540000,1371792599999,79709.79394258503,79710.99910863955,79709.18957828025,79710.00114479574,0,1
1371792600000,1371792659999,79710.02186478069,79710.76430257726,79709.83883676169,79710.28086097018,0,1
1371792660000,1371792719999,79709.8906374843,79710.46388089916,79709.59364303359,79709.76631529922,0,1
1371792720000,1371792779999,79709.16540294832,79709.5660151944,79706.63357679216,79706.63357679216,0,1
1371792780000,1371792839999,79707.01701866664,79707.71477606773,79706.21902849601,79706.79593685806,0,1
1371792840000,1371792899999,79706.61284978548,79706.94793112652,79705.99447432671,79705.99447432671,0,1
1371792900000,1371792959999,79705.64899652742,79706.35030398246,79704.64358822456,79706.35030398246,0,1
1371792960000,1371793019999,79706.25012021433,79706.27430259508,79705.7975534438,79705.86664893205,0,1
1371793020000,1371793079999,79705.5315313567,79705.99792904443,79704.82325623264,79705.93574394287,0,1
1371793080000,1371793139999,79704.86817273028,79706.01520261512,79704.74033293773,79704.74033293773,0,1
1371793140000,1371793199999,79704.67814001528,79705.26550219263,79704.6677744906,79705.26550219263,0,1
1371793200000,1371793259999,79705.04092661025,79705.04092661025,79702.72232079032,79704.13220776326,0,1
1371793260000,1371793319999,79704.60903631446,79706.1775727212,79704.35680375395,79706.1775727212,0,1
1371793320000,1371793379999,79705.35533101346,79706.51612318632,79705.35533101346,79705.73191228778,0,1
1371793380000,1371793439999,79705.47625315186,79705.67318036187,79704.78179467113,79705.67318036187,0,1
1371793440000,1371793499999,79705.41060988673,79708.388307575,79705.41060988673,79708.388307575,0,1
1371793500000,1371793559999,79707.84257784096,79707.84257784096,79706.44012305919,79707.65605578646,0,1
1371793560000,1371793619999,79707.81494516353,79707.81494516353,79706.04974966699,79706.53685039347,0,1
1371793620000,1371793679999,79706.2052099235,79708.4228464295,79706.2052099235,79708.12926236383,0,1
1371793680000,1371793739999,79708.13271634413,79708.93400752859,79707.75622547044,79708.87529440626,0,1
1371793740000,1371793799999,79709.0514327391,79709.38643237909,79708.36413030588,79708.388307575,0,1
1371793800000,1371793859999,79708.1050844684,79709.71106049861,79708.1050844684,79709.44168897344,0,1
1371793860000,1371793919999,79709.15158844668,79710.08747778312,79709.15158844668,79709.49349175335,0,1
1371793920000,1371793979999,79709.70760706342,79710.14618378879,79709.70760706342,79710.06330462177,0,1
1371793980000,1371794039999,79707.40044583892,79707.77695010736,79705.93574394287,79706.58175919493,0,1
1371794040000,1371794099999,79706.79248241603,79707.85639415104,79706.44357762295,79707.69405130194,0,1
1371794100000,1371794159999,79707.70786781724,79707.70786781724,79705.07893206335,79705.07893206335,0,1
1371794160000,1371794219999,79704.3291614427,79707.71823019118,79704.31188495936,79707.71823019118,0,1
1371794220000,1371794279999,79706.63357679216,79706.63357679216,79704.11147557135,79705.22404246472,0,1
1371794280000,1371794339999,79704.71960200655,79705.1273024311,79703.47221189232,79704.62285709282,0,1
1371794340000,1371794399999,79705.04438165741,79706.54375945298,79704.49846939988,79706.54375945298,0,1
1371794400000,1371794459999,79705.47279825392,79706.28121183597,79704.82325623264,79705.91156074339,0,1
1371794460000,1371794519999,79704.92345429657,79706.00483847628,79703.15429257744,79704.03891256117,0,1
1371794520000,1371794579999,79704.12875240092,79706.34684938646,79704.12875240092,79705.81137257966,0,1
1371794580000,1371794639999,79705.9910196078,79708.02564240042,79705.9910196078,79706.47121409011,0,1
1371794640000,1371794699999,79705.7008189582,79706.56103208086,79703.91106216687,79703.91106216687,0,1
1371794700000,1371794759999,79704.15985061895,79706.99629245471,79704.08037720289,79706.44012305919,0,1
1371794760000,1371794819999,79706.08084191164,79709.59709650812,79706.08084191164,79708.69224540041,0,1
1371794820000,1371794879999,79708.35376860123,79710.48114675729,79706.87193428107,79709.57982912354,0,1
1371794880000,1371794939999,79708.91328528948,79709.27937185863,79707.84257784096,79709.27937185863,0,1
1371794940000,1371794999999,79709.47277067359,79709.94589129268,79709.45204955089,79709.73523451143,0,1
1371795000000,1371795059999,79709.89409085627,79711.02327953886,79709.71106049861,79709.71106049861,0,1
1371795060000,1371795119999,79709.57292216136,79709.75595504735,79708.32268342283,79709.75595504735,0,1
1371795120000,1371795179999,79709.4002465563,79710.88170629757,79709.32426834547,79710.22560901262,0,1
1371795180000,1371795239999,79709.7007001895,79711.44798723729,79709.04797907612,79711.44798723729,0,1
1371795240000,1371795299999,79710.63308502338,79711.2787969011,79709.95625134776,79711.2787969011,0,1
1371795300000,1371795359999,79711.5135908832,79712.19031916463,79710.46388089916,79712.19031916463,0,1
1371795360000,1371795419999,79711.7483793526,79712.15924590995,79710.90933050205,79711.50668525654,0,1
1371795420000,1371795479999,79711.38583601786,79711.85886613667,79711.12686844559,79711.85886613667,0,1
1371795480000,1371795539999,79711.2200975442,79712.78069265888,79710.91623654123,79712.29044343958,0,1
1371795540000,1371795599999,79712.61497730194,79713.35377043192,79712.61497730194,79712.6598588156,0,1
1371795600000,1371795659999,79712.87390634038,79713.89229551541,79712.74962123865,79712.95676221672,0,1
1371795660000,1371795719999,79713.3261529792,79715.60088504784,79713.3261529792,79715.53875963388,0,1
1371795720000,1371795779999,79715.47663383397,79717.41270651488,79715.07280672646,79716.96064465548,0,1
1371795780000,1371795839999,79717.36439553573,79717.58179310395,79716.73633156685,79717.58179310395,0,1
1371795840000,1371795899999,79716.93303716226,79718.02347519506,79716.31529956905,79717.37474790805,0,1
1371795900000,1371795959999,79717.16079670202,79717.23326455864,79716.07716706625,79716.43608925058,0,1
1371795960000,1371796019999,79716.65350700068,79716.70182141432,79716.04265463883,79716.64660492253,0,1
1371796020000,1371796079999,79716.16689882007,79716.3256530275,79715.37654145561,79715.37654145561,0,1
1371796080000,1371796139999,79716.37742015893,79717.06072117951,79715.20051449795,79717.06072117951,0,1
1371796140000,1371796199999,79717.22291203986,79717.26432205073,79716.2428250598,79716.2428250598,0,1
1371796200000,1371796259999,79716.71562548963,79716.7811945871,79715.14874127365,79715.14874127365,0,1
1371796260000,1371796319999,79715.47318238934,79716.66731114268,79715.30060863821,79716.4775025198,0,1
1371796320000,1371796379999,79717.23671539586,79717.79228465867,79716.20141081868,79717.73362352318,0,1
1371796380000,1371796439999,79718.37197620083,79718.37197620083,79715.2039660367,79716.65350700068,0,1
1371796440000,1371796499999,79716.4982090901,79718.25811087142,79716.4982090901,79717.8612973187,0,1
1371796500000,1371796559999,79718.3926788487,79718.58935186583,79717.20565781805,79717.99242006063,0,1
1371796560000,1371796619999,79717.55763805198,79718.05798078685,79716.8847238657,79717.99932120995,0,1
1371796620000,1371796679999,79717.98896948418,79718.43408401585,79717.48517254599,79717.94756247399,0,1
1371796680000,1371796739999,79717.69566613449,79718.08213463028,79717.29192862938,79718.04417856442,0,1
1371796740000,1371796799999,79718.14424424547,79718.99648722356,79716.80535151466,79717.34369075892,0,1
1371796800000,1371796859999,79717.29537944634,79717.36094474257,79716.52581778381,79717.16769842528,0,1
1371796860000,1371796919999,79716.94684091839,79717.16424756426,79716.3256530275,79717.12973888843,0,1
1371796920000,1371796979999,79716.58103494254,79717.37819869645,79715.37654145561,79715.37654145561,0,1
1371796980000,1371797039999,79716.68111526563,79717.16079670202,79716.00814209232,79716.46024701181,0,1
1371797040000,1371797099999,79717.16079670202,79717.32298593926,79717.01931032553,79717.2160103547,0,1
1371797100000,1371797159999,79717.23326455864,79718.09593680032,79716.94338998116,79717.52658147085,0,1
1371797160000,1371797219999,79717.54728586899,79717.54728586899,79715.9253114947,79716.42573590646,0,1
1371797220000,1371797279999,79716.38777355306,79716.57758387904,79710.94386065031,79710.94386065031,0,1
1371797280000,1371797339999,79709.87682398451,79709.87682398451,79706.05665906305,79708.36758420506,0,1
1371797340000,1371797399999,79708.281236368,79709.91481106303,79707.81149107347,79708.7820434446,0,1
1371797400000,1371797459999,79709.62472426143,79710.4742404176,79708.20524965461,79708.99962766914,0,1
1371797460000,1371797519999,79709.74559478476,79711.36511885887,79708.04291246888,79709.62817772523,0,1
1371797520000,1371797579999,79709.32081477671,79709.32081477671,79707.1724638868,79707.51788905858,0,1
1371797580000,1371797639999,79707.2277327161,79708.15689417275,79706.6957575544,79708.15689417275,0,1
1371797640000,1371797699999,79708.63698466471,79709.32081477671,79707.79076650813,79708.07745251633,0,1
1371797700000,1371797759999,79707.70786781724,79708.4642928974,79707.68023476755,79707.68023476755,0,1
1371797760000,1371797819999,79707.64223919957,79708.58517744766,79706.08429659953,79706.08429659953,0,1
1371797820000,1371797879999,79706.64739477272,79706.91684157772,79705.79064386872,79705.79064386872,0,1
1371797880000,1371797939999,79705.8459203357,79705.8459203357,79704.05273412752,79704.05273412752,0,1
1371797940000,1371797999999,79702.87437698753,79703.57933460224,79702.68430637976,79703.57933460224,0,1
1371798000000,1371798059999,79703.42728912405,79708.48846992437,79703.42728912405,79707.5282516294,0,1
1371798060000,1371798119999,79708.43666193789,79709.82502319032,79706.95829428796,79706.95829428796,0,1
1371798120000,1371798179999,79706.21211921214,79708.62662324277,79704.87508294279,79706.50230502435,0,1
1371798180000,1371798239999,79707.90475108601,79714.97616192338,79707.90475108601,79713.38483997504,0,1
1371798240000,1371798299999,79713.00164219644,79714.39972530596,79710.04949136049,79712.25591794077,0,1
1371798300000,1371798359999,79713.3744834714,79715.19361141685,79710.8989714343,79710.9749376818,0,1
1371798360000,1371798419999,79709.8457435402,79713.93026734341,79709.8457435402,79712.98783299337,0,1
1371798420000,1371798479999,79713.53673412968,79714.85880626393,79711.6931355028,79713.85777554664,0,1
1371798480000,1371798539999,79714.50673102196,79716.60864340757,79714.50673102196,79714.89332277732,0,1
1371798540000,1371798599999,79714.6068321068,79716.53962210208,79710.98529667086,79715.3144146479,0,1
1371798600000,1371798659999,79714.67586675391,79716.67421320653,79712.32151628658,79715.85283415897,0,1
1371798660000,1371798719999,79714.92438753751,79716.58793706594,79713.47114375503,79716.05300837957,0,1
1371798720000,1371798779999,79715.65955869552,79715.65955869552,79713.18461233693,79713.25710901374,0,1
1371798780000,1371798839999,79713.6644615194,79714.77596614571,79713.25020459096,79714.36865891588,0,1
1371798840000,1371798899999,79713.71279037655,79718.07523353811,79713.71279037655,79717.87509979356,0,1
1371798900000,1371798959999,79717.5955959646,79718.48584023371,79716.17725243217,79716.64315388167,0,1
1371798960000,1371799019999,79716.46369811578,79718.6928624265,79716.21521558479,79718.36852575536,0,1
1371799020000,1371799079999,79718.70321342364,79719.48295773691,79717.05727028157,79717.29192862938,0,1
1371799080000,1371799139999,79717.8992540787,79719.61750923279,79715.45937659884,79716.60864340757,0,1
1371799140000,1371799199999,79715.3627355317,79716.94338998116,79713.83706350818,79716.42573590646,0,1
1371799200000,1371799259999,79716.7742925971,79718.73771667006,79716.73978257556,79717.05036848209,0,1
1371799260000,1371799319999,79717.02276123657,79717.9717165841,79716.44299147402,79716.61554551192,0,1
1371799320000,1371799379999,79716.45334480026,79718.25811087142,79716.20141081868,79718.25811087142,0,1
1371799380000,1371799439999,79718.66525971508,79718.66525971508,79715.30060863821,79716.76739060233,0,1
1371799440000,1371799499999,79717.09868097836,79718.38577797083,79715.7941616453,79716.08406953745,0,1
1371799500000,1371799559999,79716.48440471466,79718.06833244118,79716.08406953745,79716.13238670235,0,1
1371799560000,1371799619999,79716.11858182191,79716.58793706594,79714.19606610236,79715.2833510993,0,1
1371799620000,1371799679999,79714.91058098934,79716.0564596241,79712.64259671881,79712.93604831201,0,1
1371799680000,1371799739999,79713.69898215549,79717.29883026212,79713.40210079063,79713.48150015858,0,1
1371799740000,1371799799999,79713.35722260815,79715.43866787736,79713.35722260815,79713.71279037655,0,1
1371799800000,1371799859999,79713.52292566551,79717.09177920748,79713.52292566551,79716.37051789022,0,1
1371799860000,1371799919999,79716.59138812585,79718.38232753011,79715.09006462872,79715.09006462872,0,1
1371799920000,1371799979999,79716.53271994532,79718.30986800005,79716.44989369271,79716.87437098609,0,1
1371799980000,1371800039999,79717.90615529231,79718.38577797083,79715.51114821491,79716.27388562808,0,1
1371800040000,1371800099999,79715.22122371261,79715.81832095732,79714.42388798708,79715.37999293361,0,1
1371800100000,1371800159999,79716.10477692241,79718.75496824861,79715.72168335902,79718.0165740624,0,1
1371800160000,1371800219999,79718.44098486038,79719.52435839,79715.11077407212,79715.93221407071,0,1
1371800220000,1371800279999,79716.44299147402,79719.48640779787,79716.35671333851,79717.8612973187,0,1
1371800280000,1371800339999,79716.58793706594,79717.32988755057,79712.88771570078,79713.15699441705,0,1
1371800340000,1371800399999,79713.51256930486,79714.30652584617,79706.44357762295,79707.44189654454,0,1
1371800400000,1371800459999,79707.49025548394,79713.58161150657,79707.49025548394,79711.62753303477,0,1
1371800460000,1371800519999,79711.03363847782,79712.7254545117,79710.06330462177,79712.71164492723,0,1
1371800520000,1371800579999,79713.23984794787,79713.75421492536,79708.2639667111,79710.17726329932,0,1
1371800580000,1371800639999,79709.79739599039,79711.64479688388,79709.79739599039,79710.53639730296,0,1
1371800640000,1371800699999,79710.4880530922,79711.39619458126,79709.34844329335,79709.51421279018,0,1
1371800700000,1371800759999,79708.66461507072,79711.32368441213,79707.76658779428,79711.2787969011,0,1
1371800760000,1371800819999,79711.2200975442,79714.99341999243,79710.96112567974,79714.93819406662,0,1
1371800820000,1371800879999,79713.46078734077,79714.92783917158,79713.03961740658,79714.41698436986,0,1
1371800880000,1371800939999,79713.30198764552,79714.11322049377,79710.87134720123,79710.87134720123,0,1
1371800940000,1371800999999,79714.5930251202,79714.5930251202,79711.81398102788,79711.81398102788,0,1
1371801000000,1371801059999,79712.16960367223,79713.4262658824,79711.32713728926,79713.25365680295,0,1
1371801060000,1371801119999,79713.31579641477,79714.57576636013,79708.37794589541,79710.21870249647,0,1
1371801120000,1371801179999,79711.19938004184,79713.88193953728,79710.81955155852,79711.05780929366,0,1
1371801180000,1371801239999,79710.02186478069,79713.24675237779,79710.02186478069,79713.08449701444,0,1
1371801240000,1371801299999,79713.48150015858,79713.48150015858,79711.43417588859,79711.95554107134,0,1
1371801300000,1371801359999,79711.72421020588,79714.65170468163,79710.98874966482,79712.259370496,0,1
1371801360000,1371801419999,79713.26056122333,79714.5377969831,79712.70819252814,79714.5377969831,0,1
1371801420000,1371801479999,79714.9554522012,79714.9554522012,79709.85955708292,79713.25365680295,0,1
1371801480000,1371801539999,79712.21448718484,79712.88081102297,79710.84717593469,79711.67587173716,0,1
1371801540000,1371801599999,79711.09924484204,79711.77254844093,79709.22066076401,79709.22066076401,0,1
1371801600000,1371801659999,79708.42630030839,79711.5135908832,79707.76658779428,79710.99565564917,0,1
1371801660000,1371801719999,79711.75528481237,79711.9520884112,79710.17726329932,79711.94518308733,0,1
1371801720000,1371801779999,79710.95767267623,79712.1799614238,79709.36225752304,79709.49349175335,0,1
1371801780000,1371801839999,79708.51955458742,79710.96112567974,79708.12235439967,79708.58172362365,0,1
1371801840000,1371801899999,79708.36758420506,79710.33265940314,79707.6180601266,79709.20339272941,0,1
1371801900000,1371801959999,79709.21029994683,79710.17726329932,79708.31922950815,79710.17726329932,0,1
1371801960000,1371802019999,79709.57982912354,79709.63853810947,79706.27430259508,79706.27430259508,0,1
1371802020000,1371802079999,79704.05273412752,79706.27430259508,79704.05273412752,79705.08929716183,0,1
1371802080000,1371802139999,79705.91847023492,79705.93574394287,79703.34780988585,79704.72305716474,0,1
1371802140000,1371802199999,79705.1964025506,79706.93756795432,79704.94072972336,79706.26393872478,0,1
1371802200000,1371802259999,79706.12920743338,79707.89784296676,79705.8182821404,79706.01865732568,0,1
1371802260000,1371802319999,79706.43321392809,79707.71477606773,79704.74724323857,79707.49025548394,0,1
1371802320000,1371802379999,79706.59903175717,79706.8650254483,79704.66431931332,79705.80100822957,0,1
1371802380000,1371802439999,79706.5299413292,79706.5299413292,79704.71614684717,79706.27084797285,0,1
1371802440000,1371802499999,79705.91501548975,79706.1913913319,79704.02509097573,79704.39826707757,0,1
1371802500000,1371802559999,79704.22895742387,79706.35375857724,79704.22895742387,79704.93036447087,0,1
1371802560000,1371802619999,79705.21022251721,79705.32078156248,79704.27042127757,79704.84744206413,0,1
1371802620000,1371802679999,79705.32423651296,79705.69736413784,79704.11838630677,79705.69736413784,0,1
1371802680000,1371802739999,79704.79907034266,79704.79907034266,79701.19471888732,79702.5633504756,0,1
1371802740000,1371802799999,79701.74426771306,79702.35599409322,79697.86221634413,79699.81552940264,0,1
1371802800000,1371802859999,79699.63231448203,79701.0564628558,79697.56486443574,79700.54835551923,0,1
1371802860000,1371802919999,79699.46292411622,79700.93548726021,79699.00659293587,79699.93306173527,0,1
1371802920000,1371802979999,79699.71182325608,79702.49423215922,79699.4560101628,79701.06683212447,0,1
1371802980000,1371803039999,79701.77882952288,79702.89165595455,79700.57946487363,79702.06568793424,0,1
1371803040000,1371803099999,79701.85140893469,79709.30009333914,79701.85140893469,79706.21211921214,0,1
1371803100000,1371803159999,79707.04465354905,79708.22597336098,79705.00292101271,79705.15839754397,0,1
1371803160000,1371803219999,79705.10311727646,79707.94619970131,79705.10311727646,79705.9219249789,0,1
1371803220000,1371803279999,79706.2052099235,79708.15344020081,79706.17411806554,79707.28300123996,0,1
1371803280000,1371803339999,79707.66987235425,79708.60244654983,79704.87853804723,79708.60244654983,0,1
1371803340000,1371803399999,79707.66296407273,79707.74931724858,79704.90963393365,79706.86157103012,0,1
1371803400000,1371803459999,79707.96692394454,79709.58328260283,79706.4815777456,79709.58328260283,0,1
1371803460000,1371803519999,79708.27432850882,79708.77168217297,79706.53685039347,79708.77168217297,0,1
1371803520000,1371803579999,79708.49537763561,79711.22700336877,79707.87021044204,79709.6799795391,0,1
1371803580000,1371803639999,79709.00308134881,79709.82156979451,79707.49025548394,79708.09817648755,0,1
1371803640000,1371803699999,79708.29505207202,79709.45204955089,79707.60078932438,79709.45204955089,0,1
1371803700000,1371803759999,79709.35535041058,79710.44661501121,79706.41939565155,79710.44661501121,0,1
1371803760000,1371803819999,79710.03222475706,79710.03222475706,79707.50752647704,79707.70786781724,0,1
1371803820000,1371803879999,79706.44357762295,79708.22597336098,79704.84744206413,79706.0739325323,0,1
1371803880000,1371803939999,79704.67468484158,79707.58697266114,79703.95598276194,79707.58697266114,0,1
1371803940000,1371803999999,79706.55757755766,79709.79048917847,79706.55757755766,79709.42787485347,0,1
1371804000000,1371804059999,79708.82694216432,79712.01423611143,79708.17071004857,79711.25117371723,0,1
1371804060000,1371804119999,79711.40655313391,79712.72890690484,79709.29318618374,79711.29606135227,0,1
1371804120000,1371804179999,79712.03149929293,79715.55601673204,79711.20628588072,79715.55601673204,0,1
1371804180000,1371804239999,79715.13838659662,79717.94066128894,79715.13838659662,79716.49130690476,0,1
1371804240000,1371804299999,79716.58793706594,79718.30641753315,79714.73799752883,79715.08661305065,0,1
1371804300000,1371804359999,79714.68622190987,79714.68622190987,79711.13032139066,79711.39964743334,0,1
1371804360000,1371804419999,79712.05912032138,79713.47459589074,79711.51013807046,79712.68402570108,0,1
1371804420000,1371804479999,79713.10866287371,79713.10866287371,79709.29663976203,79709.29663976203,0,1
1371804480000,1371804539999,79710.29122067823,79711.41345882975,79708.33649906961,79711.11305665335,0,1
1371804540000,1371804599999,79710.93350161835,79713.98549883587,79710.75739643314,79713.89574750573,0,1
1371804600000,1371804659999,79712.96021453002,79713.68172185234,79711.6586079417,79711.71730472465,0,1
1371804660000,1371804719999,79712.09364649965,79712.33532640981,79710.0529446776,79712.16269849858,0,1
1371804720000,1371804779999,79711.78981203969,79714.33414059148,79711.14413315905,79714.33414059148,0,1
1371804780000,1371804839999,79713.93717129665,79714.32033322836,79712.15579332014,79713.37103130114,0,1
1371804840000,1371804899999,79712.61842973322,79714.44114700927,79712.24556026788,79714.44114700927,0,1
1371804900000,1371804959999,79713.10866287371,79714.84845128669,79712.64604914056,79712.9636668421,0,1
1371804960000,1371805019999,79713.08104474406,79716.22556914685,79712.97402377122,79714.6309942875,0,1
1371805020000,1371805079999,79715.04174242733,79716.64315388167,79713.38829214055,79714.76906277153,0,1
1371805080000,1371805139999,79712.74271646548,79715.5767252105,79712.3560415589,79714.56541108977,0,1
1371805140000,1371805199999,79714.4653095903,79716.81570446574,79714.4653095903,79715.95292177013,0,1
1371805200000,1371805259999,79716.30839725747,79716.9709974458,79714.59647686862,79714.59647686862,0,1
1371805260000,1371805319999,79714.83119296744,79714.83119296744,79712.40092423474,79714.44114700927,0,1
1371805320000,1371805379999,79715.14528971582,79716.53271994532,79715.14528971582,79715.82177228286,0,1
1371805380000,1371805439999,79716.13928913543,79716.92958622024,79713.99585470674,79716.92958622024,0,1
1371805440000,1371805499999,79717.15734583861,79718.33747169247,79715.02103284096,79718.0338268851,0,1
1371805500000,1371805559999,79717.69566613449,79720.39718226039,79717.69566613449,79720.0211528583,0,1
1371805560000,1371805619999,79720.58346681834,79720.58346681834,79719.72790910804,79720.26609104677,0,1
1371805620000,1371805679999,79719.63130928384,79719.7934584573,79718.14769476834,79718.96888535023,0,1
1371805680000,1371805739999,79720.1625967695,79720.8525383869,79718.64455763153,79720.20054479553,0,1
1371805740000,1371805799999,79720.27299062717,79720.676607796,79719.2034988452,79720.57311776727,0,1
1371805800000,1371805859999,79720.36613449668,79722.58753117792,79720.2591914616,79722.20813501102,0,1
1371805860000,1371805919999,79722.1529489149,79722.55649021403,79720.72145314251,79720.72145314251,0,1
1371805920000,1371805979999,79721.75973916434,79722.37369147217,79720.40408175036,79720.65935953226,0,1
1371805980000,1371806039999,79721.26992995528,79723.16694481838,79720.63521191303,79723.01174802799,0,1
1371806040000,1371806099999,79722.62547000295,79725.90490985851,79722.62547000295,79723.83598785258,0,1
1371806100000,1371806159999,79723.88771611986,79725.26358981476,79721.38376099586,79724.9980850704,0,1
1371806160000,1371806219999,79724.1325596209,79724.1325596209,79721.27337939979,79722.62202102481,0,1
1371806220000,1371806279999,79723.08417349658,79724.93256982836,79722.42197825704,79724.86360595198,0,1
1371806280000,1371806339999,79723.7566706564,79725.01532585222,79722.55993921479,79724.89119155961,0,1
1371806340000,1371806399999,79724.13600807812,79726.82544254763,79723.85667919161,79726.02558376367,0,1
1371806400000,1371806459999,79725.72217231564,79727.09434621705,79724.38429387163,79727.00471246401,0,1
1371806460000,1371806519999,79726.4186258161,79729.14536064045,79726.4186258161,79727.58387023088,0,1
1371806520000,1371806579999,79727.89411952312,79730.13452310844,79727.89411952312,79730.13452310844,0,1
1371806580000,1371806639999,79730.66525287923,79731.7610862668,79730.3102873858,79731.7610862668,0,1
1371806640000,1371806699999,79731.18906243598,79733.47351622113,79731.18906243598,79732.40543536846,0,1
1371806700000,1371806759999,79732.7775539048,79734.57248678998,79732.305512292,79733.86626565324,0,1
1371806760000,1371806819999,79732.55014977802,79735.65066969114,79732.55014977802,79735.65066969114,0,1
1371806820000,1371806879999,79735.39232974572,79735.40610804463,79733.80080848574,79734.07985974592,0,1
1371806880000,1371806939999,79734.13498006151,79734.73783867947,79733.23923728518,79733.29780753373,0,1
1371806940000,1371806999999,79733.92138714618,79734.40368724924,79733.45629001573,79734.17287510225,0,1
1371807000000,1371807059999,79734.61382501868,79735.14431711912,79733.92827731144,79733.92827731144,0,1
1371807060000,1371807119999,79734.54837274432,79735.33721636028,79734.28311440421,79734.28311440421,0,1
1371807120000,1371807179999,79734.5035893624,79735.02719790726,79731.93682195756,79731.93682195756,0,1
1371807180000,1371807239999,79732.18146846317,79735.20632085243,79732.18146846317,79733.59065363089,0,1
1371807240000,1371807299999,79734.41402199688,79734.41402199688,79732.33307737834,79732.87402682054,0,1
1371807300000,1371807359999,79732.49502072607,79736.25343694411,79732.49502072607,79735.1512064418,0,1
1371807360000,1371807419999,79735.72989260392,79738.34389668929,79734.9996402463,79736.53586395657,0,1
1371807420000,1371807479999,79736.00889003872,79739.01536845407,79734.10052989988,79734.10052989988,0,1
1371807480000,1371807539999,79734.01095892419,79735.2683242013,79730.52051118972,79730.52051118972,0,1
1371807540000,1371807599999,79730.42401556615,79733.81803409768,79730.36198217356,79730.40333781138,0,1
1371807600000,1371807659999,79729.98632729767,79731.63358981299,79729.13502044634,79731.244198688,0,1
1371807660000,1371807719999,79731.27865869112,79731.79209867193,79730.11039835867,79730.82722323832,0,1
1371807720000,1371807779999,79731.48197029253,79731.5784557079,79730.11039835867,79730.19655791203,0,1
1371807780000,1371807839999,79730.51017241745,79733.95239285244,79730.51017241745,79732.147011571,0,1
1371807840000,1371807899999,79732.04364018205,79735.68167003611,79732.04364018205,79734.05918954925,0,1
1371807900000,1371807959999,79734.6310492302,79734.8859640921,79733.33226046085,79733.64233146369,0,1
1371807960000,1371808019999,79733.80080848574,79736.20866119742,79733.57342762727,79736.20866119742,0,1
1371808020000,1371808079999,79736.94571336107,79737.31077515642,79736.12599775371,79737.26944807496,0,1
1371808080000,1371808139999,79736.7735097751,79737.35898986894,79734.086749802,79734.086749802,0,1
1371808140000,1371808199999,79733.8042536105,79735.90211416213,79733.8042536105,79735.90211416213,0,1
1371808200000,1371808259999,79735.39921889755,79738.55050818839,79735.39921889755,79735.6300027411,0,1
1371808260000,1371808319999,79735.62655824528,79736.27410260575,79733.28747163244,79734.32445382915,0,1
1371808320000,1371808379999,79734.21765996524,79735.67478107887,79733.383939629,79734.6379389065,0,1
1371808380000,1371808439999,79734.5897110727,79737.22123293072,79733.79047310434,79735.14776178106,0,1
1371808440000,1371808499999,79735.51633375243,79735.89178095228,79735.16498507294,79735.657558665,0,1
1371808500000,1371808559999,79736.15699662518,79738.86041743321,79735.75744825257,79736.25688122402,0,1
1371808560000,1371808619999,79737.09036208165,79739.37346829372,79737.09036208165,79738.63659505315,0,1
1371808620000,1371808679999,79736.85272379295,79738.07529535839,79735.91244736132,79737.31421907217,0,1
1371808680000,1371808739999,79736.88716447455,79737.94099198739,79736.78384207388,79736.78384207388,0,1
1371808740000,1371808799999,79735.90555856306,79736.90438477088,79732.55704088815,79732.55704088815,0,1
1371808800000,1371808859999,79733.06007910124,79735.05820018507,79733.06007910124,79733.88004605497,0,1
1371808860000,1371808919999,79732.6672980043,79733.83525967994,79731.78520703464,79732.77410842631,0,1
1371808920000,1371808979999,79732.55359533368,79733.68711870279,79732.23659924373,79733.31503401214,0,1
1371808980000,1371809039999,79733.25646386447,79733.90071662194,79733.00150746029,79733.58031803228,0,1
1371809040000,1371809099999,79732.25727320807,79733.39427543059,79732.25727320807,79733.27713572046,0,1
1371809100000,1371809159999,79733.76980230949,79735.34066095576,79733.6319959185,79734.47603025845,0,1
1371809160000,1371809219999,79733.6147699861,79734.5035893624,79733.32536988493,79734.5035893624,0,1
1371809220000,1371809279999,79734.64138374287,79734.64138374287,79733.29436223448,79734.6379389065,0,1
1371809280000,1371809339999,79734.61726986336,79735.7608927033,79734.05574451233,79735.5817796916,0,1
1371809340000,1371809399999,79735.68855898861,79737.39342880699,79735.1064257595,79736.52553140155,0,1
1371809400000,1371809459999,79736.74595692616,79737.15235374997,79735.72644814251,79736.98704178045,0,1
1371809460000,1371809519999,79736.5393081392,79737.52429568987,79733.54242074599,79733.54242074599,0,1
1371809520000,1371809579999,79733.44250903004,79734.40368724924,79731.87479794875,79732.09877172246,0,1
1371809580000,1371809639999,79730.96162218298,79731.971279574,79729.41075529698,79731.93682195756,0,1
1371809640000,1371809699999,79732.22970791279,79733.8283694506,79731.64737329177,79733.22890132334,0,1
1371809700000,1371809759999,79733.43561853007,79733.56653721753,79731.83344839582,79732.07465171094,0,1
1371809760000,1371809819999,79732.36753362941,79732.52258529003,79728.89029939816,79730.05870227033,0,1
1371809820000,1371809879999,79730.27927038487,79731.89202687868,79730.27927038487,79731.67494019233,0,1
1371809880000,1371809939999,79732.07809743042,79732.88780858967,79731.36480817945,79732.05742309566,0,1
1371809940000,1371809999999,79730.76174617502,79731.98161683578,79730.5377424531,79731.76797792068,0,1
1371810000000,1371810059999,79731.88513531027,79732.06086882108,79731.6508191585,79731.66804847431,0,1
1371810060000,1371810119999,79731.5956851484,79732.66040697016,79730.20689700855,79730.20689700855,0,1
1371810120000,1371810179999,79731.10980354111,79732.55014977802,79730.39989151477,79731.96094230154,0,1
1371810180000,1371810239999,79731.9885083377,79733.87315585648,79731.9885083377,79733.83870479284,0,1
1371810240000,1371810299999,79733.4149470017,79733.67678320387,79731.57500981624,79731.86446057654,0,1
1371810300000,1371810359999,79732.44333696386,79732.44333696386,79728.8248096512,79728.8248096512,0,1
1371810360000,1371810419999,79728.43530913729,79730.3137337133,79728.43530913729,79728.92476751379,0,1
1371810420000,1371810479999,79728.9661290957,79732.63973383923,79728.9661290957,79731.56811802936,0,1
1371810480000,1371810539999,79731.98506258732,79732.76377198371,79731.62325219145,79732.10910885246,0,1
1371810540000,1371810599999,79731.82311098088,79733.59409882805,79731.59913103293,79733.33226046085,0,1
1371810600000,1371810659999,79733.66644769428,79734.23143988273,79732.32618611387,79732.32618611387,0,1
1371810660000,1371810719999,79732.29517536503,79733.62166036262,79730.76863851766,79730.76863851766,0,1
1371810720000,1371810779999,79730.41023040104,79731.38203798805,79730.07593432946,79731.11324959308,0,1
1371810780000,1371810839999,79730.67559149116,79732.4640105008,79730.67559149116,79731.56811802936,0,1
1371810840000,1371810899999,79731.76453209433,79732.10910885246,79730.55152744241,79731.89891844233,0,1
1371810900000,1371810959999,79732.05053164123,79733.53208509753,79732.05053164123,79733.45629001573,0,1
1371810960000,1371811019999,79732.27450147904,79733.38049435944,79731.47507844152,79732.28828407446,0,1
1371811020000,1371811079999,79733.14965859443,79733.87660095631,79731.60257691628,79732.89814490406,0,1
1371811080000,1371811139999,79732.62939725774,79733.70434451055,79732.46745608613,79733.70434451055,0,1
1371811140000,1371811199999,79732.36753362941,79733.77669257918,79731.9885083377,79733.39083016459,0,1
1371811200000,1371811259999,79733.89727153041,79733.89727153041,79731.99195408687,79733.58376323301,0,1
1371811260000,1371811319999,79734.1074199417,79734.50014447856,79731.58190159837,79734.50014447856,0,1
1371811320000,1371811379999,79734.11775499553,79734.58626621852,79734.11775499553,79734.35890321937,0,1
1371811380000,1371811439999,79734.7447282822,79734.7447282822,79732.91537207096,79732.91537207096,0,1
1371811440000,1371811499999,79733.20478403755,79733.90760680143,79732.11600026651,79732.47434725324,0,1
1371811500000,1371811559999,79732.82234501714,79733.39083016459,79732.27450147904,79733.39083016459,0,1
1371811560000,1371811619999,79733.26335448789,79733.86971075545,79732.64662488762,79733.697454191,0,1
1371811620000,1371811679999,79733.60787960482,79735.59555772948,79733.32881517349,79734.21076999936,0,1
1371811680000,1371811739999,79734.59315592569,79734.59315592569,79732.29517536503,79733.20478403755,0,1
1371811740000,1371811799999,79731.97472532911,79734.32445382915,79731.92648464946,79733.89727153041,0,1
1371811800000,1371811859999,79733.3598227171,79734.39335249092,79732.30206665087,79732.7051986072,0,1
1371811860000,1371811919999,79732.47090167028,79732.9291537831,79731.85067739699,79731.85067739699,0,1
1371811920000,1371811979999,79731.77142374584,79733.81114385647,79731.77142374584,79732.55359533368,0,1
1371811980000,1371812039999,79732.41232657831,79734.17632009884,79731.70595286462,79734.01095892419,0,1
1371812040000,1371812099999,79733.82147921651,79734.55870734244,79731.87824373711,79732.17457709424,0,1
1371812100000,1371812159999,79731.95749654167,79732.91881750077,79731.71284455652,79732.46056491428,0,1
1371812160000,1371812219999,79732.53292198194,79732.83957231461,79731.78865285388,79732.59149636753,0,1
1371812220000,1371812279999,79732.31584920829,79735.64722520244,79732.25038189137,79733.52174943838,0,1
1371812280000,1371812339999,79733.43561853007,79734.56904192986,79732.34685989302,79734.56904192986,0,1
1371812340000,1371812399999,79734.03162922055,79736.02955620573,79734.03162922055,79734.15565010153,0,1
1371812400000,1371812459999,79734.34512347751,79735.5025556054,79733.28747163244,79733.28747163244,0,1
1371812460000,1371812519999,79733.96961820326,79734.11086496084,79733.22890132334,79733.64233146369,0,1
1371812520000,1371812579999,79733.80769873408,79735.39232974572,79733.69056386671,79734.34512347751,0,1
1371812580000,1371812639999,79733.68022837136,79733.68022837136,79731.61980631523,79732.5260308552,0,1
1371812640000,1371812699999,79732.13667448018,79732.13667448018,79726.59445541723,79726.59445541723,0,1
1371812700000,1371812759999,79727.08745134149,79730.00700591473,79727.04608198832,79727.25637442409,0,1
1371812760000,1371812819999,79726.60824584342,79728.7214039143,79723.73597911044,79723.73597911044,0,1
1371812820000,1371812879999,79725.11187368116,79729.04540498285,79724.92567346213,79728.61110328305,0,1
1371812880000,1371812939999,79729.14536064045,79730.44813955933,79728.52493006834,79728.99025660614,0,1
1371812940000,1371812999999,79728.2664059686,79729.42454183992,79728.2526178289,79728.2526178289,0,1
1371813000000,1371813059999,79728.12852371592,79730.42401556615,79728.12507663525,79728.82136281053,0,1
1371813060000,1371813119999,79728.75931947531,79730.13452310844,79728.53182395283,79729.2487619935,0,1
1371813120000,1371813179999,79729.46590135475,79730.64457562329,79728.81791596867,79729.1591475493,0,1
1371813180000,1371813239999,79729.06263878821,79729.06263878821,79726.65651218538,79726.65651218538,0,1
1371813240000,1371813299999,79727.11503081518,79728.18367684513,79726.4082828021,79728.12162955338,0,1
1371813300000,1371813359999,79728.38015739589,79729.03161791718,79725.03946289685,79726.43586414898,0,1
1371813360000,1371813419999,79725.87387919037,79725.87387919037,79722.39783489375,79722.39783489375,0,1
1371813420000,1371813479999,79723.33938287174,79724.00841436959,79720.39028276567,79720.39028276567,0,1
1371813480000,1371813539999,79721.29752547805,79724.99118874934,79721.22853652835,79724.99118874934,0,1
1371813540000,1371813599999,79725.1773877485,79725.80492180535,79723.41180596747,79723.81529647076,0,1
1371813600000,1371813659999,79724.19463166862,79727.0633192396,79724.19463166862,79725.5877029344,0,1
1371813660000,1371813719999,79725.14290671393,79725.28083013884,79723.30489549895,79723.87047339384,0,1
1371813720000,1371813779999,79723.72908191894,79725.00842954306,79723.1738423976,79724.99118874934,0,1
1371813780000,1371813839999,79725.0049813867,79726.73235882347,79724.69119418025,79726.58756019699,0,1
1371813840000,1371813899999,79725.91525339315,79727.30463763786,79725.91525339315,79727.15295246734,0,1
1371813900000,1371813959999,79727.31842708474,79729.05229850856,79726.54963640073,79728.04579345175,0,1
1371813960000,1371814019999,79728.68693509774,79732.58805082494,79728.28364111653,79732.4812384156,0,1
1371814020000,1371814079999,79733.3770490887,79733.60098921882,79732.51224858746,79732.51224858746,0,1
1371814080000,1371814139999,79733.51485899302,79733.6285507344,79732.13667448018,79732.82579047901,0,1
1371814140000,1371814199999,79731.75764043805,79731.80243611893,79730.25859233079,79730.99608315989,0,1
1371814200000,1371814259999,79730.58598983257,79730.58598983257,79727.14605763218,79727.14605763218,0,1
1371814260000,1371814319999,79727.24947966026,79727.80794012967,79726.67030252599,79726.83233760385,0,1
1371814320000,1371814379999,79727.0529768924,79727.0529768924,79724.16014724523,79725.28083013884,0,1
1371814380000,1371814439999,79725.26014174637,79725.26014174637,79723.04968524362,79723.09796876446,0,1
1371814440000,1371814499999,79723.53250996144,79725.10152931549,79723.11521282254,79725.10152931549,0,1
1371814500000,1371814559999,79724.8670541571,79725.1291142668,79723.29454926391,79725.0842886823,0,1
1371814560000,1371814619999,79725.11532180067,79725.91870123564,79723.73253051529,79725.67045353685,0,1
1371814620000,1371814679999,79725.40840761329,79726.66340735806,79724.73257327657,79726.42207348505,0,1
1371814680000,1371814739999,79725.63942214118,79727.0529768924,79724.79119336992,79727.0529768924,0,1
1371814740000,1371814799999,79726.5565316471,79726.82889007633,79724.83602026827,79725.51874357594,0,1
1371814800000,1371814859999,79725.49805567568,79726.58756019699,79725.4187516615,79725.67734938947,0,1
1371814860000,1371814919999,79725.9428360999,79727.00471246401,79725.45323174493,79727.00471246401,0,1
1371814920000,1371814979999,79726.75649172405,79727.69073496271,79726.75649172405,79726.90473540702,0,1
1371814980000,1371815039999,79726.4806836754,79730.27582404549,79726.47034072559,79729.09365956299,0,1
1371815040000,1371815099999,79728.44565005494,79728.7868943385,79728.12162955338,79728.78344748475,0,1
1371815100000,1371815159999,79728.2526178289,79730.01045234675,79728.2526178289,79729.05919202951,0,1
1371815160000,1371815219999,79729.35560893507,79729.35560893507,79726.98402763768,79728.30432325481,0,1
1371815220000,1371815279999,79727.18742657176,79730.33785797252,79727.18742657176,79728.76276633737,0,1
1371815280000,1371815339999,79728.49046057453,79729.05229850856,79725.86698347327,79725.86698347327,0,1
1371815340000,1371815399999,79726.4806836754,79726.4806836754,79723.8635762951,79724.71533200725,0,1
1371815400000,1371815459999,79725.54632737639,79730.1448622691,79724.35325848455,79730.1448622691,0,1
1371815460000,1371815519999,79728.89374621508,79729.32114230447,79727.55973932693,79728.14575910148,0,1
1371815520000,1371815579999,79727.75623213711,79728.72829766336,79726.05661396105,79727.25637442409,0,1
1371815580000,1371815639999,79727.9975338149,79728.89374621508,79727.9975338149,79728.31466430791,0,1
1371815640000,1371815699999,79728.48701361861,79728.48701361861,79727.04608198832,79727.07710901924,0,1
1371815700000,1371815759999,79727.6011065552,79728.8248096512,79727.13226794763,79728.8248096512,0,1
1371815760000,1371815819999,79728.9351079253,79729.1591475493,79727.33566386659,79727.35979531125,0,1
1371815820000,1371815879999,79727.76312655157,79728.41118028786,79726.70822586467,79727.4563205076,0,1
1371815880000,1371815939999,79727.66660431663,79727.66660431663,79725.64631801519,79726.26692720538,0,1
1371815940000,1371815999999,79726.17728603553,79726.5910078077,79725.56011924808,79726.32553830506,0,1
1371816000000,1371816059999,79726.48413132296,79727.63902636411,79725.58425497777,79725.92559691709,0,1
1371816060000,1371816119999,79725.92214907697,79727.0322921659,79724.66360802091,79726.86336529796,0,1
1371816120000,1371816179999,79726.52205536765,79726.98402763768,79725.22221291569,79725.97731437635,0,1
1371816180000,1371816239999,79724.90153614285,79726.99092258453,79724.68429764756,79724.96015524575,0,1
1371816240000,1371816299999,79725.91870123564,79725.91870123564,79724.86360595198,79725.7566513529,0,1
1371816300000,1371816359999,79725.93249259378,79726.61514104939,79724.91877709114,79726.61514104939,0,1
1371816360000,1371816419999,79725.03946289685,79725.03946289685,79723.63252073847,79724.6774011101,0,1
1371816420000,1371816479999,79724.7256767724,79725.67045353685,79724.04634780434,79724.04634780434,0,1
1371816480000,1371816539999,79724.69464244483,79725.79113027129,79724.69464244483,79724.98429242354,0,1
1371816540000,1371816599999,79724.76705572604,79725.13945860392,79722.97725952524,79723.84633352746,0,1
1371816600000,1371816659999,79724.18083791353,79724.18083791353,79722.24607527546,79723.05658290372,0,1
1371816660000,1371816719999,79722.48406092355,79722.96001522927,79719.896956555,79721.28717716593,0,1
1371816720000,1371816779999,79721.3630645394,79721.59072320457,79719.5347085265,79720.42133045441,0,1
1371816780000,1371816839999,79720.06945100412,79720.8421896143,79719.9142061338,79719.9142061338,0,1
1371816840000,1371816899999,79720.75594942605,79720.75594942605,79718.53414579538,79719.86245730812,0,1
1371816900000,1371816959999,79719.74515897843,79720.00735334521,79718.50309224681,79718.50309224681,0,1
1371816960000,1371817019999,79719.25525108102,79720.05220169312,79717.91995770525,79719.12759508152,0,1
1371817020000,1371817079999,79718.78602101502,79719.89005671514,79718.2201554735,79718.85157653857,0,1
1371817080000,1371817139999,79719.3208035286,79720.15569711292,79718.75841856076,79719.49330791624,0,1
1371817140000,1371817199999,79719.75205891828,79720.72835240874,79719.75205891828,79719.98320415149,0,1
1371817200000,1371817259999,79719.81070821463,79720.76629828791,79719.48985785767,79719.7555088864,0,1
1371817260000,1371817319999,79720.2867897737,79720.82839123416,79718.52724501514,79718.78257071241,0,1
1371817320000,1371817379999,79719.0620413674,79719.64510931585,79718.7791204086,79719.607159182,0,1
1371817380000,1371817439999,79718.95853462808,79719.48295773691,79716.8260574061,79716.8260574061,0,1
1371817440000,1371817499999,79716.08061830244,79716.08061830244,79712.13853035319,79712.73581168754,0,1
1371817500000,1371817559999,79712.69783532369,79713.94407524513,79711.69658825237,79713.26401343173,0,1
1371817560000,1371817619999,79712.98783299337,79713.75766696336,79712.98783299337,79713.55399468308,0,1
1371817620000,1371817679999,79714.72073901896,79716.6949193695,79714.56195933062,79715.44211933391,0,1
1371817680000,1371817739999,79715.5284053607,79715.5284053607,79712.82212106905,79714.23058490337,0,1
1371817740000,1371817799999,79713.80599537006,79714.44459881014,79711.96935170001,79711.96935170001,0,1
1371817800000,1371817859999,79712.12126735644,79712.23865514665,79710.10819758917,79710.13927721776,0,1
1371817860000,1371817919999,79710.97839067936,79711.1613978427,79705.70772859536,79705.70772859536,0,1
1371817920000,1371817979999,79707.0239273944,79707.0239273944,79697.89333405605,79699.73602145315,0,1
1371817980000,1371818039999,79699.12413477644,79705.11693737199,79699.12413477644,79705.03056146161,0,1
1371818040000,1371818099999,79706.10502470174,79706.47121409011,79703.62080114962,79703.62080114962,0,1
1371818100000,1371818159999,79704.22204676486,79704.22204676486,79695.79440026866,79696.5413530647,0,1
1371818160000,1371818219999,79697.34703126378,79697.34703126378,79694.34183231619,79695.96731097135,0,1
1371818220000,1371818279999,79695.12693691102,79695.40015268666,79692.0311228247,79692.0311228247,0,1
1371818280000,1371818339999,79692.63652498403,79694.09971714269,79692.10377301903,79692.54312247055,0,1
1371818340000,1371818399999,79692.12107060655,79692.88213483762,79691.73705712243,79692.56387866006,0,1
1371818400000,1371818459999,79693.48056739419,79698.98930725455,79693.48056739419,79698.98930725455,0,1
1371818460000,1371818519999,79697.8691313996,79698.96510725051,79696.64163414565,79697.63055922293,0,1
1371818520000,1371818579999,79697.28133461392,79697.69279599166,79694.25882205991,79696.18863230816,0,1
1371818580000,1371818639999,79696.06068150766,79697.66859284985,79694.31416230733,79695.18918926339,0,1
1371818640000,1371818699999,79694.2864922219,79694.58740028985,79688.85821616821,79689.3011687239,0,1
1371818700000,1371818759999,79689.51917723006,79691.87198245943,79687.84073522173,79690.96898591149,0,1
1371818760000,1371818819999,79691.086622265,79691.086622265,79687.96533028777,79688.59174306944,0,1
1371818820000,1371818879999,79687.681528156,79688.78900305896,79687.30080532943,79688.7509356447,0,1
1371818880000,1371818939999,79689.6264495122,79689.6264495122,79687.10351598123,79687.34926176691,0,1
1371818940000,1371818999999,79687.05159708478,79687.05159708478,79684.17140675074,79686.96852628977,0,1
1371819000000,1371819059999,79686.5116245817,79687.76459302827,79685.39005005606,79687.33887826436,0,1
1371819060000,1371819119999,79686.07547165811,79688.66441825514,79686.07547165811,79688.52252811582,0,1
1371819120000,1371819179999,79687.49116855458,79688.45677346614,79685.81584779077,79688.02762723865,0,1
1371819180000,1371819239999,79688.85821616821,79690.59184827194,79688.56405714547,79689.19735347906,0,1
1371819240000,1371819299999,79688.62288964227,79692.14182767208,79688.62288964227,79692.12107060655,0,1
1371819300000,1371819359999,79691.63326716288,79692.52928498697,79691.00704488317,79691.33572997504,0,1
1371819360000,1371819419999,79691.98614863037,79692.07263728608,79690.7579289851,79691.29767225427,0,1
1371819420000,1371819479999,79691.9653912417,79694.36950224848,79690.63336870882,79690.93438672062,0,1
1371819480000,1371819539999,79690.2492980896,79690.7164090654,79688.88244064327,79689.59184567595,0,1
1371819540000,1371819599999,79687.3631064202,79687.37348989761,79683.911733444,79683.911733444,0,1
1371819600000,1371819659999,79684.6180290657,79685.5423700277,79683.89095928815,79684.00521661123,0,1
1371819660000,1371819719999,79685.05424555932,79688.93088941734,79685.05424555932,79687.11043848039,0,1
1371819720000,1371819779999,79688.01724444046,79688.01724444046,79684.17486901596,79685.99239275392,0,1
1371819780000,1371819839999,79685.72238154845,79685.98893111793,79685.14425611826,79685.98893111793,0,1
1371819840000,1371819899999,79686.33508878517,79688.9689561466,79685.82277118138,79686.27278128937,0,1
1371819900000,1371819959999,79686.05816361,79686.80584398391,79683.21231313157,79685.19272300671,0,1
1371819960000,1371820019999,79685.93008312283,79687.2177366046,79685.76046049336,79686.76084628311,0,1
1371820020000,1371820079999,79687.3596452587,79689.4292060416,79687.3596452587,79688.85129487884,0,1
1371820080000,1371820139999,79689.7302603025,79692.63998431961,79689.2042745289,79691.56061355022,0,1
1371820140000,1371820199999,79692.38399025313,79692.38399025313,79689.63337026507,79690.21815658208,0,1
1371820200000,1371820259999,79690.47420609792,79690.47420609792,79688.42562637592,79688.85475552412,0,1
1371820260000,1371820319999,79689.67489468178,79689.74064132226,79686.91660669245,79686.91660669245,0,1
1371820320000,1371820379999,79688.21105489592,79688.46369502858,79686.71930976422,79687.53616296922,0,1
1371820380000,1371820439999,79688.43946953911,79691.02434436788,79687.84419621676,79690.37386314993,0,1
1371820440000,1371820499999,79689.36691782155,79692.49815057886,79689.36691782155,79692.25253129393,0,1
1371820500000,1371820559999,79692.1833416739,79697.66167765572,79692.1833416739,79695.27219179703,0,1
1371820560000,1371820619999,79694.2795746886,79696.53789507847,79694.2795746886,79695.88431420719,0,1
1371820620000,1371820679999,79696.58630677707,79697.57523732557,79694.39371337644,79697.57523732557,0,1
1371820680000,1371820739999,79696.04684889062,79697.4749656065,79694.45597029343,79695.80477499514,0,1
1371820740000,1371820799999,79696.15405117217,79696.49294114846,79695.44165316409,79696.41686480654,0,1
1371820800000,1371820859999,79696.42723888725,79698.41540567091,79696.08834668432,79697.04274841349,0,1
1371820860000,1371820919999,79697.83109853539,79699.3903273668,79697.14648224354,79698.28056859298,0,1
1371820920000,1371820979999,79698.79916278795,79702.52879137712,79697.35740437957,79701.49196288249,0,1
1371820980000,1371821039999,79701.00461635119,79701.00461635119,79698.16301683651,79700.62094386228,0,1
1371821040000,1371821099999,79700.94931311664,79702.7015856752,79698.28748335916,79699.28661681051,0,1
1371821100000,1371821159999,79698.82682038962,79698.82682038962,79695.10964452215,79695.86010668788,0,1
1371821160000,1371821219999,79695.59036179392,79697.71354149516,79694.65657327835,79696.35807814592,0,1
1371821220000,1371821279999,79695.86010668788,79699.82935680759,79695.86010668788,79698.86139228412,0,1
1371821280000,1371821339999,79698.70581781762,79705.23786239311,79698.70581781762,79702.27996234236,0,1
1371821340000,1371821399999,79701.07374496428,79701.07374496428,79690.54340754436,79692.76797889541,0,1
1371821400000,1371821459999,79690.62644864798,79691.2111768957,79677.48353560128,79688.6471146874,0,1
1371821460000,1371821519999,79689.74064132226,79696.21629713084,79689.74064132226,79696.21629713084,0,1
1371821520000,1371821579999,79697.39198135448,79712.6011675649,79697.39198135448,79699.72219391914,0,1
1371821580000,1371821639999,79700.95622603768,79704.84053183254,79697.48879624822,79701.70624958428,0,1
1371821640000,1371821699999,79700.5137894564,79703.51022330784,79694.01670487657,79694.54935494221,0,1
1371821700000,1371821759999,79693.96828073644,79693.96828073644,79678.74456397159,79680.4487781996,0,1
1371821760000,1371821819999,79679.0736523535,79688.62981108972,79676.96383478252,79687.26273224954,0,1
1371821820000,1371821879999,79689.04854974858,79691.03818393408,79678.79306188722,79680.41067902294,0,1
1371821880000,1371821939999,79680.94059090357,79681.95877413309,79675.45308436983,79680.2132536917,0,1
1371821940000,1371821999999,79680.97176131619,79680.97176131619,79671.93173424227,79678.6683524861,0,1
1371822000000,1371822059999,79674.89515781881,79675.64367326353,79668.53051341044,79668.53051341044,0,1
1371822060000,1371822119999,79669.80654019765,79669.80654019765,79664.37536323632,79664.53494178245,0,1
1371822120000,1371822179999,79665.11425988359,79668.57212554789,79663.15068659019,79665.07263335472,0,1
1371822180000,1371822239999,79666.2277052228,79677.42810213409,79666.2277052228,79676.74901722153,0,1
1371822240000,1371822299999,79677.23408257899,79684.2164161049,79672.90230884746,79683.64166605177,0,1
1371822300000,1371822359999,79684.11254805887,79685.90931315953,79679.79760867465,79684.48646797566,0,1
1371822360000,1371822419999,79683.46854209225,79689.38075968175,79681.65055953883,79685.20310873797,0,1
1371822420000,1371822479999,79683.74900140152,79684.4795436598,79677.29298177043,79678.93509014425,0,1
1371822480000,1371822539999,79679.03208389232,79689.68181540114,79677.15785958098,79689.43958737388,0,1
1371822540000,1371822599999,79689.01048332232,79697.11881999408,79689.01048332232,79690.13511208788,0,1
1371822600000,1371822659999,79691.11430120589,79691.11430120589,79680.47995014527,79681.27653356477,0,1
1371822660000,1371822719999,79680.5319031721,79681.84795649632,79677.0365945231,79680.82629855933,0,1
1371822720000,1371822779999,79680.18900820686,79683.75938863229,79678.17642801511,79680.64619888108,0,1
1371822780000,1371822839999,79679.88073906016,79682.3951066407,79672.27837884388,79676.72822818041,0,1
1371822840000,1371822899999,79675.84118882958,79675.84118882958,79668.32245012591,79671.90400215503,0,1
1371822900000,1371822959999,79671.65787651065,79678.15217759137,79669.64704575342,79674.54167271558,0,1
1371822960000,1371823019999,79673.64404164653,79675.16892691054,79666.71674950379,79670.52770071165,0,1
1371823020000,1371823079999,79669.51875489794,79670.00070391373,79660.7494687587,79661.34635709669,0,1
1371823080000,1371823139999,79660.30524966284,79665.02059994997,79660.30524966284,79665.02059994997,0,1
1371823140000,1371823199999,79663.7370235853,79663.7370235853,79656.22653492558,79656.45220942762,0,1
1371823200000,1371823259999,79654.89668789595,79659.60764703818,79651.21524900915,79653.9903461597,0,1
1371823260000,1371823319999,79653.29577582411,79668.277369177,79653.19853212724,79665.50623453224,0,1
1371823320000,1371823379999,79664.70492482404,79672.81565423042,79664.70492482404,79672.81565423042,0,1
1371823380000,1371823439999,79673.79654063711,79675.92435211132,79670.45489359694,79675.92435211132,0,1
1371823440000,1371823499999,79676.41985232843,79676.41985232843,79670.20526517922,79670.2295348822,0,1
1371823500000,1371823559999,79671.07893738005,79671.07893738005,79663.20272972563,79663.20272972563,0,1
1371823560000,1371823619999,79663.05006909369,79671.09280457736,79661.172846718,79670.23993616542,0,1
1371823620000,1371823679999,79669.36619065712,79672.04266182217,79657.87557738244,79659.72912363129,0,1
1371823680000,1371823739999,79661.8425801626,79671.39441136153,79661.8425801626,79665.50276579741,0,1
1371823740000,1371823799999,79664.22965886148,79668.09704334903,79660.38854224644,79661.46781257051,0,1
1371823800000,1371823859999,79661.70377898833,79661.70377898833,79653.94172780648,79655.80641959517,0,1
1371823860000,1371823919999,79655.41406454644,79657.62563474772,79649.82220031985,79650.87829492467,0,1
1371823920000,1371823979999,79652.11142214207,79657.695063884,79651.09714268427,79653.29577582411,0,1
1371823980000,1371824039999,79652.65672850452,79656.35846832977,79648.2899700619,79656.35846832977,0,1
1371824040000,1371824099999,79657.36179963355,79657.36179963355,79647.69577678942,79647.69577678942,0,1
1371824100000,1371824159999,79646.85828655603,79652.46917425704,79644.0846853821,79648.55057000817,0,1
1371824160000,1371824219999,79647.55330414894,79647.75832511234,79642.37426212117,79642.37426212117,0,1
1371824220000,1371824279999,79643.57367493182,79643.57367493182,79637.13687919051,79638.45517743287,0,1
1371824280000,1371824339999,79637.35950639326,79637.35950639326,79632.15777930261,79635.97496304337,0,1
1371824340000,1371824399999,79636.41330655028,79638.42039607026,79632.43620112422,79638.42039607026,0,1
1371824400000,1371824459999,79638.58386742268,79640.11410793426,79636.55245920109,79637.79431085568,0,1
1371824460000,1371824519999,79637.32472121954,79641.74147043876,79637.19949359224,79640.50010889654,0,1
1371824520000,1371824579999,79640.62877257299,79642.21085271961,79635.42526704598,79640.13845077748,0,1
1371824580000,1371824639999,79638.90036819022,79643.9977806858,79638.90036819022,79643.36509173318,0,1
1371824640000,1371824699999,79644.2550163961,79645.83999855445,79642.61415619231,79644.4288205626,0,1
1371824700000,1371824759999,79643.16693366457,79644.96759428245,79635.44614212948,79640.66702361703,0,1
1371824760000,1371824819999,79640.36448863466,79642.03005622761,79638.28474760013,79639.98196003713,0,1
1371824820000,1371824879999,79640.152360947,79641.73103947117,79635.05298740548,79640.44099259826,0,1
1371824880000,1371824939999,79639.20642533946,79644.0846853821,79639.20642533946,79644.0846853821,0,1
1371824940000,1371824999999,79644.06730450326,79644.06730450326,79635.44266295193,79637.04295685279,0,1
1371825000000,1371825059999,79638.03083654377,79638.77168227342,79632.1542989808,79633.46629446691,0,1
1371825060000,1371825119999,79632.39443834516,79636.88989633824,79631.93851666199,79632.39791858342,0,1
1371825120000,1371825179999,79632.80509809796,79635.82536522666,79630.38961981282,79632.09513332444,0,1
1371825180000,1371825239999,79633.16354155554,79633.35145823468,79628.15112702278,79628.15112702278,0,1
1371825240000,1371825299999,79628.66640770638,79635.2721817688,79627.74375796011,79628.8822606423,0,1
1371825300000,1371825359999,79629.70733295409,79633.95694351391,79627.83428585262,79630.13550820872,0,1
1371825360000,1371825419999,79631.5417434721,79631.5417434721,79621.45006083584,79622.95157358662,0,1
1371825420000,1371825479999,79623.18496715525,79623.18496715525,79618.13966560713,79618.13966560713,0,1
1371825480000,1371825539999,79617.49488219227,79621.36295921035,79616.35508224161,79619.6625835208,0,1
1371825540000,1371825599999,79621.17133296376,79627.72286679159,79621.17133296376,79627.72286679159,0,1
1371825600000,1371825659999,79626.897630724,79626.897630724,79619.43956198318,79621.75316857864,0,1
1371825660000,1371825719999,79623.01079336602,79623.04214487197,79611.4458352208,79611.4458352208,0,1
1371825720000,1371825779999,79610.88781371381,79619.26880775654,79608.22632025843,79618.76001256949,0,1
1371825780000,1371825839999,79619.42562297192,79619.42562297192,79614.78982413556,79617.27529780974,0,1
1371825840000,1371825899999,79617.73537384087,79626.45190528313,79617.41471702415,79624.30657368709,0,1
1371825900000,1371825959999,79623.38003819769,79626.90807717574,79621.38386366966,79626.57030304111,0,1
1371825960000,1371826019999,79626.79664779446,79626.96727352953,79621.58593785667,79624.2438785048,0,1
1371826020000,1371826079999,79623.14316572249,79635.14692843522,79623.14316572249,79635.14692843522,0,1
1371826080000,1371826139999,79633.43149574792,79637.64126184104,79632.86425955391,79633.60200831392,0,1
1371826140000,1371826199999,79634.90337579549,79636.69508865864,79632.09861366685,79636.69508865864,0,1
1371826200000,1371826259999,79636.13499543948,79636.13499543948,79631.26677737733,79633.12178181396,0,1
1371826260000,1371826319999,79633.83515344346,79636.92120436135,79630.73074578615,79630.73074578615,0,1
1371826320000,1371826379999,79629.88487126016,79634.64241995598,79628.92403809173,79634.51019973136,0,1
1371826380000,1371826439999,79634.19008036857,79641.96051824492,79634.19008036857,79641.96051824492,0,1
1371826440000,1371826499999,79643.36856815549,79649.05785175985,79643.36856815549,79645.93383830502,0,1
1371826500000,1371826559999,79645.84347411648,79650.69070731864,79645.56890099512,79648.63743514779,0,1
1371826560000,1371826619999,79648.98488816086,79652.41012867333,79647.64017795172,79648.52624763385,0,1
1371826620000,1371826679999,79647.56372904513,79649.6901806517,79642.22823682542,79645.29779608619,0,1
1371826680000,1371826739999,79642.57591259555,79642.57591259555,79636.62203480037,79640.33319138995,0,1
1371826740000,1371826799999,79640.62181782199,79641.62672919678,79634.89641706146,79636.9420763223,0,1
1371826800000,1371826859999,79636.2463208133,79640.22886653348,79635.01819420756,79636.94555497823,0,1
1371826860000,1371826919999,79634.97296286927,79640.20104638793,79633.6576852568,79640.00630320203,0,1
1371826920000,1371826979999,79639.55072843612,79639.55072843612,79630.18076143271,79634.20747842336,0,1
1371826980000,1371827039999,79634.71896770803,79634.71896770803,79622.51960693995,79624.35881937208,0,1
1371827040000,1371827099999,79623.18496715525,79624.44241190031,79612.84075277123,79616.12850102279,0,1
1371827100000,1371827159999,79615.83219475922,79616.07621232013,79611.52604825266,79611.52604825266,0,1
1371827160000,1371827219999,79610.38905563876,79613.15109546456,79605.11395114822,79612.70824396811,0,1
1371827220000,1371827279999,79612.71173106438,79623.72836988054,79612.71173106438,79622.89583700328,0,1
1371827280000,1371827339999,79623.93736306632,79624.7663263472,79617.5123093177,79619.49531783389,0,1
1371827340000,1371827399999,79618.35226075436,79622.655469429,79615.81825071874,79617.79113919419,0,1
1371827400000,1371827459999,79617.71446175319,79622.54399265083,79613.06043454999,79613.91470670451,0,1
1371827460000,1371827519999,79614.58063968297,79614.58063968297,79605.10348190449,79607.55996397632,0,1
1371827520000,1371827579999,79607.32271646611,79609.10891231676,79601.04058797217,79601.35129708544,0,1
1371827580000,1371827639999,79601.50490251917,79604.29382719037,79599.75924727606,79604.29382719037,0,1
1371827640000,1371827699999,79602.86281156473,79602.86281156473,79595.78150650699,79600.71590408942,0,1
1371827700000,1371827759999,79600.12586015541,79612.18516575734,79598.95265162777,79610.75179125127,0,1
1371827760000,1371827819999,79610.43788619916,79614.60853119615,79608.53331763572,79614.05417277956,0,1
1371827820000,1371827879999,79613.17899096523,79617.81902175426,79611.82945694472,79616.76640118117,0,1
1371827880000,1371827939999,79617.30318180812,79628.08845593942,79617.28923981864,79628.08845593942,0,1
1371827940000,1371827999999,79627.01602320482,79627.07870100957,79621.42218839822,79623.62735494165,0,1
1371828000000,1371828059999,79623.1222649406,79624.21601385316,79614.97808640164,79614.97808640164,0,1
1371828060000,1371828119999,79614.72358286567,79614.72358286567,79600.3109072665,79600.3109072665,0,1
1371828120000,1371828179999,79600.63909560753,79605.14186907787,79596.9690574814,79603.60277691935,0,1
1371828180000,1371828239999,79603.53995179934,79610.901764631,79602.47186436594,79610.901764631,0,1
1371828240000,1371828299999,79610.85991182105,79610.85991182105,79601.85399700303,79602.76158563142,0,1
1371828300000,1371828359999,79601.13834019471,79601.88890578115,79593.65054679853,79595.70466011525,0,1
1371828360000,1371828419999,79596.87475711762,79596.87475711762,79588.26173442944,79588.73363361927,0,1
1371828420000,1371828479999,79587.8737117458,79589.86959589676,79584.92284849199,79589.50610200744,0,1
1371828480000,1371828539999,79589.24745407898,79591.6589116595,79584.04511332791,79588.23027369165,0,1
1371828540000,1371828599999,79586.8424071043,79594.05231984048,79586.8424071043,79588.8454879402,0,1
1371828600000,1371828659999,79588.1883258873,79588.1883258873,79577.10794583826,79577.10794583826,0,1
1371828660000,1371828719999,79576.46751076214,79577.68535213982,79572.63104093936,79573.4012533258,0,1
1371828720000,1371828779999,79574.2834237176,79575.64853402063,79563.63617140125,79567.91394656798,0,1
1371828780000,1371828839999,79563.95505314258,79565.95571641643,79562.41311307052,79564.09171363324,0,1
1371828840000,1371828899999,79564.9571867068,79566.77198417792,79558.04182252902,79559.87540317883,0,1
1371828900000,1371828959999,79560.13481191623,79567.52863641252,79559.89994213135,79567.52863641252,0,1
1371828960000,1371829019999,79568.61096994567,79582.61819214924,79567.80536066294,79582.61819214924,0,1
1371829020000,1371829079999,79583.51004174622,79583.51004174622,79571.94130040934,79573.10367829968,0,1
1371829080000,1371829139999,79574.51795592475,79575.80953474513,79569.45503874304,79569.45503874304,0,1
1371829140000,1371829199999,79568.45335584489,79568.70903968798,79562.47970175833,79565.37412878011,0,1
1371829200000,1371829259999,79564.75046108128,79565.7665289695,79559.99809733928,79559.99809733928,0,1
1371829260000,1371829319999,79560.68515681961,79570.281526702,79560.68515681961,79569.40600764997,0,1
1371829320000,1371829379999,79570.17646846297,79574.21341303748,79568.89817147501,79572.29843088698,0,1
1371829380000,1371829439999,79572.3649537825,79576.41851404004,79564.06368086433,79564.06368086433,0,1
1371829440000,1371829499999,79565.14638946594,79567.22738358605,79558.87276019707,79567.03121407598,0,1
1371829500000,1371829559999,79567.55315659201,79570.36907439142,79565.3040556974,79567.84038850307,0,1
1371829560000,1371829619999,79568.30274449415,79573.94736798272,79568.30274449415,79571.27252177919,0,1
1371829620000,1371829679999,79571.8152513132,79573.9893755672,79569.03126206978,79570.83131348467,0,1
1371829680000,1371829739999,79569.20287627475,79570.50914910027,79563.79386144535,79566.70192088975,0,1
1371829740000,1371829799999,79567.45157259982,79572.1338723494,79564.2914448371,79571.38807311576,0,1
1371829800000,1371829859999,79570.74376984198,79572.70106269863,79568.98573127617,79570.36207060447,0,1
1371829860000,1371829919999,79569.22739234933,79569.62314352275,79560.33111675803,79560.8884612884,0,1
1371829920000,1371829979999,79559.7772467666,79568.96471699381,79559.75270751299,79560.53442842465,0,1
1371829980000,1371830039999,79559.80879714704,79559.80879714704,79554.4753692448,79558.96741960115,0,1
1371830040000,1371830099999,79558.3468583015,79561.2494917957,79555.08214184434,79560.1313064376,0,1
1371830100000,1371830159999,79559.97706416155,79568.71604463278,79558.95339604227,79566.92962478152,0,1
1371830160000,1371830219999,79565.9662267252,79570.8418186703,79564.05667265983,79570.8418186703,0,1
1371830220000,1371830279999,79571.85726785511,79575.41052820138,79569.59862841839,79574.08389198706,0,1
1371830280000,1371830339999,79570.99239178484,79574.4444464218,79570.4391119911,79574.29042475866,0,1
1371830340000,1371830399999,79575.25302123564,79577.21293128203,79570.25351127952,79570.78228913918,0,1
1371830400000,1371830459999,79571.92379368543,79580.69432414723,79571.92379368543,79578.2312328923,0,1
1371830460000,1371830519999,79577.45089420742,79583.54151733768,79576.00903204695,79581.31000217861,0,1
1371830520000,1371830579999,79581.14559186854,79587.66046764403,79580.5683853346,79585.97532971745,0,1
1371830580000,1371830639999,79588.08695130034,79589.97095241395,79581.38695926733,79584.45426639685,0,1
1371830640000,1371830699999,79585.33895896064,79589.72280187812,79585.33895896064,79589.52707316789,0,1
1371830700000,1371830759999,79589.93949705303,79591.55058328685,79583.99965084242,79591.44924277907,0,1
1371830760000,1371830819999,79591.3479012443,79597.35672741228,79588.22328240315,79597.35672741228,0,1
1371830820000,1371830879999,79597.29037056226,79598.21932639561,79591.49816591103,79596.49056125872,0,1
1371830880000,1371830939999,79595.89328202263,79598.62440793404,79591.77422766993,79594.96411007487,0,1
1371830940000,1371830999999,79596.33338597107,79599.13422861695,79591.45623181258,79591.45623181258,0,1
1371831000000,1371831059999,79591.19064510531,79593.05309790513,79588.90840544591,79592.30536303479,0,1
1371831060000,1371831119999,79591.47020986494,79596.72806589531,79591.47020986494,79592.0712476337,0,1
1371831120000,1371831179999,79592.9587606063,79595.26452849487,79589.96745737872,79593.89161256075,0,1
1371831180000,1371831239999,79593.74138385501,79603.45269403345,79592.032810253,79600.92886997631,0,1
1371831240000,1371831299999,79600.2271127725,79604.01811083827,79593.47236402177,79593.47236402177,0,1
1371831300000,1371831359999,79595.06192171409,79597.60119621825,79591.92798028197,79595.02698909563,0,1
1371831360000,1371831419999,79594.85232417281,79597.43705353634,79585.98581900605,79585.98581900605,0,1
1371831420000,1371831479999,79586.32846305032,79588.226778048,79584.60113777424,79585.99630828365,0,1
1371831480000,1371831539999,79584.89487405782,79590.47072987327,79583.00991627757,79587.6150215919,0,1
1371831540000,1371831599999,79586.77598044764,79592.87839850165,79586.77598044764,79587.6150215919,0,1
1371831600000,1371831659999,79587.15705369328,79591.08580630545,79586.53124685238,79588.01354147513,0,1
1371831660000,1371831719999,79586.50327691725,79586.50327691725,79579.24593203487,79582.76509049558,0,1
1371831720000,1371831779999,79581.71926716848,79582.43631501634,79577.06945089938,79577.46839125785,0,1
1371831780000,1371831839999,79576.64949648536,79576.64949648536,79568.4638635289,79571.85726785511,0,1
1371831840000,1371831899999,79571.32154372141,79576.61099978165,79570.9223580601,79573.54128556824,0,1
1371831900000,1371831959999,79573.49577530453,79579.48734528908,79573.49577530453,79575.87603428795,0,1
1371831960000,1371832019999,79574.2099124906,79574.82949020133,79572.55751756445,79573.27872350511,0,1
1371832020000,1371832079999,79574.09789434365,79575.89003413534,79572.00432436158,79572.4209727197,0,1
1371832080000,1371832139999,79572.87611495172,79578.7525911742,79571.06942831556,79578.02828070783,0,1
1371832140000,1371832199999,79578.93453531736,79580.0961006609,79577.93730080528,79579.88968776198,0,1
1371832200000,1371832259999,79579.38588245744,79582.98543396911,79579.38588245744,79580.58937524685,0,1
1371832260000,1371832319999,79581.5408716681,79581.5408716681,79578.2067388817,79579.87219494759,0,1
1371832320000,1371832379999,79579.3124087298,79584.1884936591,79579.3124087298,79584.02762778102,0,1
1371832380000,1371832439999,79582.63568016078,79587.90866936142,79582.63568016078,79587.88769480672,0,1
1371832440000,1371832499999,79588.32465560808,79588.32465560808,79580.73280513474,79581.46391576382,0,1
1371832500000,1371832559999,79581.44292768715,79589.36629314712,79581.44292768715,79588.80354271647,0,1
1371832560000,1371832619999,79588.9503502298,79594.79643075318,79588.39456756445,79593.23128815257,0,1
1371832620000,1371832679999,79593.10900106966,79595.13178658496,79591.33042846208,79595.13178658496,0,1
1371832680000,1371832739999,79594.02087731505,79595.85136635069,79593.55621513573,79595.04445542011,0,1
1371832740000,1371832799999,79595.26802167922,79595.26802167922,79589.6668797804,79591.06134376067,0,1
1371832800000,1371832859999,79591.6169782351,79591.6169782351,79586.7200418682,79590.01638776058,0,1
1371832860000,1371832919999,79591.44574826048,79592.96574858489,79588.27921257433,79588.32115999743,0,1
1371832920000,1371832979999,79588.3875763908,79588.88044215892,79585.19559512402,79586.07672571304,0,1
1371832980000,1371833039999,79585.17811158871,79600.7647819071,79584.50672070782,79598.43583753513,0,1
1371833040000,1371833099999,79598.87932152447,79610.86688730154,79595.80945050303,79606.75748648365,0,1
1371833100000,1371833159999,79607.1029086026,79614.51439702741,79603.95528832756,79614.51439702741,0,1
1371833160000,1371833219999,79613.9809533327,79619.70439950537,79612.95931179095,79617.85736014738,0,1
1371833220000,1371833279999,79617.0347950963,79622.43948204265,79616.0274092843,79621.84375071869,0,1
1371833280000,1371833339999,79622.86796859512,79631.58350981241,79622.86796859512,79631.58350981241,0,1
1371833340000,1371833399999,79631.21804841996,79634.83378823746,79629.4636477939,79630.07633060681,0,1
1371833400000,1371833459999,79629.48105407372,79629.79784307259,79625.92258051685,79626.5807498348,0,1
1371833460000,1371833519999,79626.9220057611,79629.02499954065,79621.39083181306,79623.02124387892,0,1
1371833520000,1371833579999,79622.00400941804,79622.00400941804,79616.45617066768,79618.02465323372,0,1
1371833580000,1371833639999,79617.89221310451,79625.66487279221,79617.55761970168,79624.58521418618,0,1
1371833640000,1371833699999,79623.82938379905,79628.06408374538,79620.69050912428,79620.69050912428,0,1
1371833700000,1371833759999,79619.97968370584,79619.97968370584,79615.01643568797,79616.93022689501,0,1
1371833760000,1371833819999,79617.32060926763,79632.05336912096,79617.32060926763,79631.97680096155,0,1
1371833820000,1371833879999,79631.72272968688,79637.04991409325,79631.72272968688,79637.04991409325,0,1
1371833880000,1371833939999,79636.59420461876,79639.34206130783,79632.4118395243,79636.9629482397,0,1
1371833940000,1371833999999,79636.51419241515,79641.14688791984,79636.51419241515,79639.87415388024,0,1
1371834000000,1371834059999,79640.4236053852,79644.55048168181,79636.44461606555,79636.44461606555,0,1
1371834060000,1371834119999,79635.73143057004,79637.31428564384,79630.25386236195,79633.0626218815,0,1
1371834120000,1371834179999,79633.86647103181,79636.60464094592,79628.44358688529,79630.46968103528,0,1
1371834180000,1371834239999,79631.59047085217,79631.70184682928,79624.59914600734,79625.0449540362,0,1
1371834240000,1371834299999,79624.25432772916,79630.187723449,79622.95157358662,79628.4958109607,0,1
1371834300000,1371834359999,79629.36965335943,79630.29911505035,79625.9852651754,79625.9852651754,0,1
1371834360000,1371834419999,79626.71655715973,79636.52115002347,79626.67477048695,79632.88513998422,0,1
1371834420000,1371834479999,79632.64501240339,79637.48125354842,79631.78537799805,79634.80943247775,0,1
1371834480000,1371834539999,79634.77811784238,79638.58734550753,79632.99302151291,79632.99302151291,0,1
1371834540000,1371834599999,79632.08121194266,79649.14818690674,79632.08121194266,79649.14818690674,0,1
1371834600000,1371834659999,79649.20725175385,79652.34066283438,79646.29528689368,79651.44798386077,0,1
1371834660000,1371834719999,79652.33718952976,79653.19853212724,79642.67325964509,79643.89697029188,0,1
1371834720000,1371834779999,79645.1830956429,79647.4108294786,79644.30368186721,79645.44725226556,0,1
1371834780000,1371834839999,79646.21187684048,79652.33371622395,79645.74963351795,79652.33371622395,0,1
1371834840000,1371834899999,79653.00404189654,79656.40707493463,79651.086721471,79655.42100901742,0,1
1371834900000,1371834959999,79655.86197304819,79661.80441003173,79655.56684179374,79659.32998071256,0,1
1371834960000,1371835019999,79659.8471280516,79661.90157007828,79656.26125441122,79657.86169184439,0,1
1371835020000,1371835079999,79660.23236808307,79662.91822394512,79655.7682264172,79655.7682264172,0,1
1371835080000,1371835139999,79656.3688840507,79656.3688840507,79652.51085328271,79652.71924580532,0,1
1371835140000,1371835199999,79653.92089129704,79654.3341406262,79648.62701137086,79649.39486718946,0,1
1371835200000,1371835259999,79650.36415753594,79650.36415753594,79641.80057904962,79643.47286026238,0,1
1371835260000,1371835319999,79642.26300494639,79643.69187014652,79636.7229185595,79637.09165743431,0,1
1371835320000,1371835379999,79636.93511900683,79643.84482658592,79636.93511900683,79641.22686306496,0,1
1371835380000,1371835439999,79642.47161113373,79643.38247383258,79633.24010062887,79637.01512784259,0,1
1371835440000,1371835499999,79635.84623947497,79636.8203226026,79631.5591461351,79631.84454548713,0,1
1371835500000,1371835559999,79632.85381932241,79637.63082659565,79632.85381932241,79636.37503923185,0,1
1371835560000,1371835619999,79637.60299922137,79640.34014634168,79636.71596109154,79637.79778921515,0,1
1371835620000,1371835679999,79637.2655861465,79637.2655861465,79628.21031601864,79628.85092744068,0,1
1371835680000,1371835739999,79629.87790903304,79633.43497562526,79626.86280913935,79631.99768324498,0,1
1371835740000,1371835799999,79633.11134185131,79640.0897650318,79631.88631056274,79635.34524548888,0,1
1371835800000,1371835859999,79635.75578408426,79645.7600602946,79633.94302472379,79645.7600602946,0,1
1371835860000,1371835919999,79647.06679690597,79647.06679690597,79632.03944768103,79632.03944768103,0,1
1371835920000,1371835979999,79633.52545201128,79640.40274068962,79632.47796372887,79640.40274068962,0,1
1371835980000,1371836039999,79638.79950639575,79650.47879856794,79635.15736627294,79649.62417016401,0,1
1371836040000,1371836099999,79650.43016313911,79650.89219016291,79646.92084011751,79649.60679891062,0,1
1371836100000,1371836159999,79649.33580345048,79649.33580345048,79641.69626950061,79643.48676579446,0,1
1371836160000,1371836219999,79643.6849175255,79647.79307401158,79641.19904569573,79641.19904569573,0,1
1371836220000,1371836279999,79641.57109660555,79641.57109660555,79634.90337579549,79636.15934797091,0,1
1371836280000,1371836339999,79636.381996937,79641.14688791984,79636.381996937,79638.87254434853,0,1
1371836340000,1371836399999,79638.76820425269,79642.90271679814,79638.49343679202,79642.90271679814,0,1
1371836400000,1371836459999,79642.0891631327,79647.36565415926,79640.8617539364,79645.3186505709,0,1
1371836460000,1371836519999,79644.36625141065,79644.36625141065,79631.49301585462,79633.09046189331,0,1
1371836520000,1371836579999,79634.67721446136,79642.44727396943,79633.85255211577,79641.64411431809,0,1
1371836580000,1371836639999,79640.70875186184,79640.70875186184,79634.69113222962,79637.0255637305,0,1
1371836640000,1371836699999,79637.29689299344,79642.11697802598,79637.23427920157,79638.72298987306,0,1
1371836700000,1371836759999,79636.88293898645,79636.88293898645,79630.44879556078,79634.95904549325,0,1
1371836760000,1371836819999,79634.5763100622,79640.77482122667,79633.5706898973,79640.77482122667,0,1
1371836820000,1371836879999,79640.02716872477,79640.02716872477,79632.14037768138,79633.73424054711,0,1
1371836880000,1371836939999,79634.41625271991,79634.41625271991,79627.85517678835,79629.68644588733,0,1
1371836940000,1371836999999,79630.32000083747,79630.36177228084,79623.61690506214,79625.92954549831,0,1
1371837000000,1371837059999,79626.36832955116,79626.36832955116,79621.70439324029,79622.8331329757,0,1
1371837060000,1371837119999,79623.18496715525,79627.06129054766,79621.80194367908,79623.6482546679,0,1
1371837120000,1371837179999,79622.99337582025,79622.99337582025,79612.15029290377,79615.73110002525,0,1
1371837180000,1371837239999,79614.73055565158,79615.46267111698,79604.0844230603,79604.23798651778,0,1
1371837240000,1371837299999,79603.30609927267,79609.65656861827,79602.12977302892,79609.65656861827,0,1
1371837300000,1371837359999,79608.69378978666,79610.37859191622,79606.0770746842,79609.21007401939,0,1
1371837360000,1371837419999,79607.35411719505,79607.35411719505,79598.12853000652,79600.72986920457,0,1
1371837420000,1371837479999,79601.86796052889,79606.37018082773,79598.75710349063,79598.75710349063,0,1
1371837480000,1371837539999,79598.83043449017,79605.36869936713,79596.36831402626,79605.02321733853,0,1
1371837540000,1371837599999,79604.45436738721,79605.64088892273,79602.48233636512,79603.44571337927,0,1
1371837600000,1371837659999,79602.76158563142,79602.76158563142,79597.0284313283,79602.3776158798,0,1
1371837660000,1371837719999,79601.91334185333,79603.79823032413,79596.30544343908,79603.79823032413,0,1
1371837720000,1371837779999,79602.46139235579,79611.49814814064,79602.46139235579,79608.40424034127,0,1
1371837780000,1371837839999,79608.11817121021,79611.35167127545,79605.88166581557,79606.8237805428,0,1
1371837840000,1371837899999,79605.02670711566,79605.02670711566,79598.04122500878,79599.78718015892,0,1
1371837900000,1371837959999,79600.36327846869,79600.36327846869,79589.96396234228,79593.1299646758,0,1
1371837960000,1371838019999,79593.76933355254,79594.66717602372,79588.57284084096,79593.6575342937,0,1
1371838020000,1371838079999,79594.84184418042,79595.53350012029,79592.06775333248,79595.53350012029,0,1
1371838080000,1371838139999,79595.31692613215,79595.31692613215,79589.33134062661,79589.98842757169,0,1
1371838140000,1371838199999,79590.85515707679,79595.51952774647,79590.55460615995,79595.05144194137,0,1
1371838200000,1371838259999,79595.11082717495,79599.30183521913,79595.11082717495,79599.30183521913,0,1
1371838260000,1371838319999,79597.17861066163,79602.49629901366,79597.17861066163,79600.82064197761,0,1
1371838320000,1371838379999,79600.10491121009,79602.34969023184,79598.704723876,79600.53435581783,0,1
1371838380000,1371838439999,79600.52039042965,79606.35971289911,79599.76273889068,79605.59203493266,0,1
1371838440000,1371838499999,79605.28145755708,79607.28782665162,79605.04066621201,79605.529222309,0,1
1371838500000,1371838559999,79605.34427173703,79612.07008487901,79605.34427173703,79612.07008487901,0,1
1371838560000,1371838619999,79612.9523377699,79613.67412315343,79608.14956944148,79608.51238629576,0,1
1371838620000,1371838679999,79609.3182112595,79609.69842646483,79606.91449801685,79607.45529665095,0,1
1371838680000,1371838739999,79608.54727183803,79609.56238782288,79607.31224953455,79607.5355416984,0,1
1371838740000,1371838799999,79608.8542593625,79617.98631548196,79608.56122602087,79616.43874170161,0,1
1371838800000,1371838859999,79617.27181230448,79617.65521060063,79610.9331541235,79612.62455329303,0,1
1371838860000,1371838919999,79613.23826864577,79613.23826864577,79608.94147000849,79612.3978875307,0,1
1371838920000,1371838979999,79611.93756586341,79617.74234452704,79611.93756586341,79616.14593052957,0,1
1371838980000,1371839039999,79616.41434109808,79616.41434109808,79609.24495712783,79610.89478917484,0,1
1371839040000,1371839099999,79609.8763203581,79610.74132790828,79603.93783756011,79607.22502467882,0,1
1371839100000,1371839159999,79607.32271646611,79609.63912779716,79605.26749879685,79609.34611745422,0,1
1371839160000,1371839219999,79610.7727179044,79619.01441339891,79608.72518621065,79617.46002785032,0,1
1371839220000,1371839279999,79617.99328599322,79617.99328599322,79611.97243945883,79612.99069482561,0,1
1371839280000,1371839339999,79613.77523868436,79615.91237261462,79607.64718591062,79611.5888232201,0,1
1371839340000,1371839399999,79611.22960558214,79621.55806579778,79611.22960558214,79620.77413232233,0,1
1371839400000,1371839459999,79620.30025828702,79624.18466602727,79615.3441417733,79615.3441417733,0,1
1371839460000,1371839519999,79615.79036257946,79615.79036257946,79610.96454351748,79612.77101151478,0,1
1371839520000,1371839579999,79617.36243504653,79621.50580547798,79616.3515964156,79619.7462153151,0,1
1371839580000,1371839639999,79619.3907753588,79619.81939256136,79614.2877740978,79619.50925674799,0,1
1371839640000,1371839699999,79617.90963953751,79623.28946997265,79617.59944448927,79623.28946997265,0,1
1371839700000,1371839759999,79624.47027592109,79626.83843395795,79619.40471441863,79619.40471441863,0,1
1371839760000,1371839819999,79619.76015387948,79624.27522614508,79617.47745503648,79623.00382635136,0,1
1371839820000,1371839879999,79623.66567107307,79627.87954949155,79621.82284722074,79626.4205644655,0,1
1371839880000,1371839939999,79626.63298363957,79632.45360223069,79626.28127075426,79630.99528444813,0,1
1371839940000,1371839999999,79627.99793034785,79628.58981360913,79622.51612326212,79627.88303130145,0,1
1371840000000,1371840059999,79627.73679424211,79628.43662365463,79617.76325655641,79617.76325655641,0,1
1371840060000,1371840119999,79616.16684589763,79620.03543654513,79613.74385811176,79616.29930887946,0,1
1371840120000,1371840179999,79617.10102105825,79619.32804934915,79610.95059268788,79618.01071225008,0,1
1371840180000,1371840239999,79619.40471441863,79619.87863089233,79616.03786709774,79617.59595909699,0,1
1371840240000,1371840299999,79617.80508048394,79618.35574588306,79612.48855445215,79614.41677547201,0,1
1371840300000,1371840359999,79614.78982413556,79623.80500122248,79614.78982413556,79619.88560008466,0,1
1371840360000,1371840419999,79621.20965850685,79627.2423578699,79621.20965850685,79622.9620241614,0,1
1371840420000,1371840479999,79623.63780481023,79623.63780481023,79619.91696139007,79622.76694496447,0,1
1371840480000,1371840539999,79622.51612326212,79622.54399265083,79615.20120746085,79615.67183711985,0,1
1371840540000,1371840599999,79614.61899049352,79617.77719788502,79613.07089546669,79617.51928015937,0,1
1371840600000,1371840659999,79617.47745503648,79623.41835527674,79616.40388367833,79621.2201109022,0,1
1371840660000,1371840719999,79621.4291565149,79621.4291565149,79613.73688463781,79616.1842753376,0,1
1371840720000,1371840779999,79615.80430665883,79622.7181745706,79615.80430665883,79620.79503801258,0,1
1371840780000,1371840839999,79621.17133296376,79621.81239545537,79618.00374175099,79619.85772328617,0,1
1371840840000,1371840899999,79620.97970304503,79623.16406646071,79617.9549481212,79622.67985480856,0,1
1371840900000,1371840959999,79621.46748106988,79621.46748106988,79612.11890723156,79613.28011150283,0,1
1371840960000,1371841019999,79611.96197739297,79617.710976401,79611.78760801726,79615.23258346054,0,1
1371841020000,1371841079999,79615.92283054836,79616.68623017293,79613.94260007514,79616.66880160781,0,1
1371841080000,1371841139999,79615.68578136447,79619.49880256422,79614.51439702741,79619.07017162011,0,1
1371841140000,1371841199999,79619.99013738689,79632.98954148176,79619.99013738689,79632.98954148176,0,1
1371841200000,1371841259999,79632.99998157156,79634.1239674843,79630.40006261731,79633.52197216541,0,1
1371841260000,1371841319999,79631.94547745463,79638.69864358395,79631.70532730856,79633.35145823468,0,1
1371841320000,1371841379999,79633.4175762264,79634.90685516068,79628.21727940688,79628.53062685944,0,1
1371841380000,1371841439999,79629.59593476055,79634.16224341793,79629.59593476055,79633.63332663244,0,1
1371841440000,1371841499999,79635.15736627294,79640.84089015498,79635.15736627294,79638.24996564473,0,1
1371841500000,1371841559999,79638.13866257448,79645.276941558,79638.13866257448,79638.58734550753,0,1
1371841560000,1371841619999,79637.6273481781,79645.39511664273,79637.6273481781,79643.68144121318,0,1
1371841620000,1371841679999,79644.06035214326,79647.38302930623,79643.68144121318,79646.29876229748,0,1
1371841680000,1371841739999,79647.89037028709,79655.90016586811,79647.89037028709,79655.90016586811,0,1
1371841740000,1371841799999,79656.38277166172,79659.74994804194,79650.87829492467,79650.87829492467,0,1
1371841800000,1371841859999,79651.05545776598,79658.02484569866,79651.05545776598,79655.07725191546,0,1
1371841860000,1371841919999,79653.82365367885,79659.12172590864,79653.14296387587,79657.78879245336,0,1
1371841920000,1371841979999,79657.71242109277,79661.48863336076,79656.26819829388,79661.48863336076,0,1
1371841980000,1371842039999,79662.48104075107,79664.28516554032,79661.34635709669,79661.56497588748,0,1
1371842040000,1371842099999,79662.09241742139,79663.23048595377,79655.50781449761,79655.83072426885,0,1
1371842100000,1371842159999,79657.41040136183,79662.08200766024,79656.69176601879,79662.08200766024,0,1
1371842160000,1371842219999,79661.50945410767,79661.68989876495,79657.52496164388,79658.02484569866,0,1
1371842220000,1371842279999,79658.20535324422,79658.44486784187,79654.64667079407,79657.47636047238,0,1
1371842280000,1371842339999,79656.31333341368,79658.02137436777,79652.81649416302,79654.13272712012,0,1
1371842340000,1371842399999,79653.29577582411,79653.29577582411,79647.70967645054,79648.66870641331,0,1
1371842400000,1371842459999,79648.5123491077,79648.80073956754,79646.47253094676,79647.93554323608,0,1
1371842460000,1371842519999,79649.06827508769,79656.39318735735,79647.50117950502,79655.94183059622,0,1
1371842520000,1371842579999,79656.25778246809,79660.73211682063,79653.81670809851,79653.81670809851,0,1
1371842580000,1371842639999,79653.19853212724,79655.48003682593,79649.01615833992,79655.48003682593,0,1
1371842640000,1371842699999,79656.83758026463,79656.83758026463,79651.33682759243,79653.9590915312,0,1
1371842700000,1371842759999,79655.7161445758,79656.11195976766,79651.40282677577,79652.57684471806,0,1
1371842760000,1371842819999,79653.04571869299,79655.90363793542,79652.06279465294,79654.09105485372,0,1
1371842820000,1371842879999,79655.75781007063,79660.08660333004,79652.71229945785,79652.71229945785,0,1
1371842880000,1371842939999,79652.12184228754,79652.5664250467,79649.19335417415,79652.19825635593,0,1
1371842940000,1371842999999,79652.8963760351,79659.24667931143,79652.02806058737,79658.44833902575,0,1
1371843000000,1371843059999,79658.95858994957,79661.41576040522,79656.74731455364,79657.54579064508,0,1
1371843060000,1371843119999,79657.49024654548,79661.82176010928,79655.84114053947,79661.41229025123,0,1
1371843120000,1371843179999,79660.85010940583,79663.1680343321,79655.55295304953,79656.77856046887,0,1
1371843180000,1371843239999,79655.8237800824,79660.28442640853,79655.67795105303,79656.16403954763,0,1
1371843240000,1371843299999,79656.07376775662,79656.1432076682,79651.53482383571,79651.81270668797,0,1
1371843300000,1371843359999,79651.4410366302,79657.67076374115,79651.26735429726,79655.73697734492,0,1
1371843360000,1371843419999,79657.32361239562,79658.10468597645,79655.28211868175,79658.10468597645,0,1
1371843420000,1371843479999,79657.68117809531,79660.09354455693,79652.88248358146,79652.88248358146,0,1
1371843480000,1371843539999,79653.97992796105,79657.5562051294,79653.47984166133,79656.78550399233,0,1
1371843540000,1371843599999,79655.66753461242,79657.60827738834,79652.4587544735,79652.4587544735,0,1
1371843600000,1371843659999,79652.33024291691,79652.98320343318,79648.90497503686,79650.11750116282,0,1
1371843660000,1371843719999,79650.33289157183,79651.21872270347,79641.92574907224,79645.276941558,0,1
1371843720000,1371843779999,79645.52024168088,79645.96164250643,79642.33254082568,79642.33254082568,0,1
1371843780000,1371843839999,79643.93520883679,79645.53414436625,79641.34160889512,79643.76834865866,0,1
1371843840000,1371843899999,79642.54462227123,79643.56672222863,79640.04803420398,79640.26711910721,0,1
1371843900000,1371843959999,79640.08628746947,79640.59399876962,79629.8082864951,79633.29577958678,0,1
1371843960000,1371844019999,79632.16473994263,79638.57343316088,79629.90227680678,79638.57343316088,0,1
1371844020000,1371844079999,79638.78211632837,79642.9513888507,79636.84119477411,79642.39859946317,0,1
1371844080000,1371844139999,79642.58981937493,79646.82700962856,79639.9993480181,79645.29084458163,0,1
1371844140000,1371844199999,79645.52024168088,79651.20830161689,79643.90739900045,79648.91192402953,0,1
1371844200000,1371844259999,79648.85285743802,79651.33335393913,79645.23523237112,79647.42820454708,0,1
1371844260000,1371844319999,79648.01893891346,79648.01893891346,79643.4276671496,79644.24458805005,0,1
1371844320000,1371844379999,79643.6536306711,79646.28138526647,79642.24214408832,79642.24214408832,0,1
1371844380000,1371844439999,79642.89576362843,79643.77530122167,79640.65311416339,79642.48551805815,0,1
1371844440000,1371844499999,79642.5863426819,79645.86432746323,79638.46908994405,79645.86432746323,0,1
1371844500000,1371844559999,79645.6106087903,79646.2605327894,79636.43070073752,79636.94555497823,0,1
1371844560000,1371844619999,79636.381996937,79642.53766885253,79634.73288541817,79642.4681343996,0,1
1371844620000,1371844679999,79642.01267177727,79648.81463769289,79642.01267177727,79647.48032957138,0,1
1371844680000,1371844739999,79646.232729419,79646.232729419,79642.26300494639,79643.61539104946,0,1
1371844740000,1371844799999,79642.50637840855,79644.76251609466,79639.97500483628,79643.77530122167,0,1
1371844800000,1371844859999,79644.06382832385,79647.83477253129,79639.31423869508,79642.5863426819,0,1
1371844860000,1371844919999,79643.5076240563,79644.62695362773,79636.43070073752,79636.83423738845,0,1
1371844920000,1371844979999,79637.32819974235,79642.23519045928,79637.32819974235,79639.06383169674,0,1
1371844980000,1371845039999,79640.24625408513,79640.39578578142,79637.49864587816,79637.49864587816,0,1
1371845040000,1371845099999,79638.39952719462,79638.39952719462,79635.56095430981,79636.70552488053,0,1
1371845100000,1371845159999,79636.59768339568,79637.59256393605,79634.60762532952,79634.60762532952,0,1
1371845160000,1371845219999,79635.7975328278,79635.95756806339,79630.46620012588,79632.25870810865,0,1
1371845220000,1371845279999,79630.42442911874,79630.42442911874,79626.61557240163,79626.66084155723,0,1
1371845280000,1371845339999,79627.30851626597,79628.81611265706,79626.50413976092,79628.6246291806,0,1
1371845340000,1371845399999,79629.9579743524,79629.9579743524,79628.25557795556,79628.4470684988,0,1
1371845400000,1371845459999,79627.6427835747,79632.24826724493,79627.6427835747,79632.24826724493,0,1
1371845460000,1371845519999,79631.85846719838,79635.5366003211,79631.85846719838,79633.46977433214,0,1
1371845520000,1371845579999,79632.02204585388,79633.47325419617,79631.25633547788,79631.42688513681,0,1
1371845580000,1371845639999,79632.30395172552,79633.5010930648,79629.78043734419,79631.40252107791,0,1
1371845640000,1371845699999,79630.48708556405,79631.56610719181,79626.5319980375,79628.74648272623,0,1
1371945600000,1371945659999,79617.27878331378,79617.27878331378,79617.27878331378,79617.27878331378,0,1
1371945660000,1371945719999,79617.27878331378,79617.27878331378,79617.27878331378,79617.27878331378,0,1
1371945720000,1371945779999,79617.27878331378,79617.27878331378,79617.27878331378,79617.27878331378,0,1
1371945780000,1371945839999,79617.27878331378,79617.27878331378,79617.27878331378,79617.27878331378,0,1
1371945840000,1371945899999,79617.27878331378,79617.27878331378,79617.27878331378,79617.27878331378,0,1
1371945900000,1371945959999,79617.27878331378,79617.27878331378,79617.27878331378,79617.27878331378,0,1
1371945960000,1371946019999,79617.27878331378,79617.27878331378,79617.27878331378,79617.27878331378,0,1
1371946020000,1371946079999,79617.27878331378,79617.27878331378,79617.27878331378,79617.27878331378,0,1
1371946080000,1371946139999,79617.27878331378,79617.27878331378,79617.27878331378,79617.27878331378,0,1
1371946140000,1371946199999,79617.27878331378,79617.27878331378,79617.27878331378,79617.27878331378,0,1
1371946200000,1371946259999,79617.27878331378,79617.27878331378,79617.27878331378,79617.27878331378,0,1
1371946260000,1371946319999,79617.27878331378,79617.27878331378,79617.27878331378,79617.27878331378,0,1
1371946320000,1371946379999,79617.27878331378,79617.27878331378,79617.27878331378,79617.27878331378,0,1
1371946380000,1371946439999,79617.27878331378,79617.27878331378,79617.27878331378,79617.27878331378,0,1
1371946440000,1371946499999,79617.27878331378,79617.27878331378,79617.27878331378,79617.27878331378,0,1
1371946500000,1371946559999,79617.27878331378,79617.27878331378,79617.27878331378,79617.27878331378,0,1
1371946560000,1371946619999,79617.27878331378,79617.27878331378,79617.27878331378,79617.27878331378,0,1
1371946620000,1371946679999,79617.27878331378,79617.27878331378,79617.27878331378,79617.27878331378,0,1
1371946680000,1371946739999,79617.27878331378,79617.27878331378,79617.27878331378,79617.27878331378,0,1
1371946740000,1371946799999,79617.27878331378,79617.27878331378,79617.27878331378,79617.27878331378,0,1
1371946800000,1371946859999,79617.27878331378,79617.27878331378,79617.27878331378,79617.27878331378,0,1
1371946860000,1371946919999,79617.27878331378,79617.27878331378,79617.27878331378,79617.27878331378,0,1
1371946920000,1371946979999,79617.27878331378,79617.27878331378,79617.27878331378,79617.27878331378,0,1
1371946980000,1371947039999,79617.27878331378,79617.27878331378,79617.27878331378,79617.27878331378,0,1
1371947040000,1371947099999,79617.27878331378,79617.27878331378,79617.27878331378,79617.27878331378,0,1
1371947100000,1371947159999,79617.27878331378,79617.27878331378,79617.27878331378,79617.27878331378,0,1
1371947160000,1371947219999,79617.27878331378,79617.27878331378,79617.27878331378,79617.27878331378,0,1
1371947220000,1371947279999,79617.27878331378,79617.27878331378,79617.27878331378,79617.27878331378,0,1
1371947280000,1371947339999,79617.27878331378,79617.27878331378,79617.27878331378,79617.27878331378,0,1
1371947340000,1371947399999,79617.27878331378,79617.27878331378,79617.27878331378,79617.27878331378,0,1
1371947400000,1371947459999,79617.27878331378,79617.27878331378,79617.27878331378,79617.27878331378,0,1
1371947460000,1371947519999,79617.27878331378,79617.27878331378,79617.27878331378,79617.27878331378,0,1
1371947520000,1371947579999,79617.27878331378,79617.27878331378,79617.27878331378,79617.27878331378,0,1
1371947580000,1371947639999,79617.27878331378,79617.27878331378,79617.27878331378,79617.27878331378,0,1
1371947640000,1371947699999,79617.27878331378,79617.27878331378,79617.27878331378,79617.27878331378,0,1
1371947700000,1371947759999,79617.27878331378,79617.27878331378,79617.27878331378,79617.27878331378,0,1
1371947760000,1371947819999,79617.27878331378,79617.27878331378,79617.27878331378,79617.27878331378,0,1
1371947820000,1371947879999,79617.27878331378,79617.27878331378,79617.27878331378,79617.27878331378,0,1
1371947880000,1371947939999,79617.27878331378,79617.27878331378,79617.27878331378,79617.27878331378,0,1
1371947940000,1371947999999,79617.27878331378,79617.27878331378,79617.27878331378,79617.27878331378,0,1
1371948000000,1371948059999,79617.27878331378,79617.27878331378,79617.27878331378,79617.27878331378,0,1
1371948060000,1371948119999,79617.27878331378,79617.27878331378,79617.27878331378,79617.27878331378,0,1
1371948120000,1371948179999,79617.27878331378,79617.27878331378,79617.27878331378,79617.27878331378,0,1
1371948180000,1371948239999,79617.27878331378,79617.27878331378,79617.27878331378,79617.27878331378,0,1
1371948240000,1371948299999,79617.27878331378,79617.27878331378,79617.27878331378,79617.27878331378,0,1
1371948300000,1371948359999,79617.27878331378,79617.27878331378,79617.27878331378,79617.27878331378,0,1
1371948360000,1371948419999,79617.27878331378,79617.27878331378,79617.27878331378,79617.27878331378,0,1
1371948420000,1371948479999,79617.27878331378,79617.27878331378,79617.27878331378,79617.27878331378,0,1
1371948480000,1371948539999,79617.27878331378,79617.27878331378,79617.27878331378,79617.27878331378,0,1
1371948540000,1371948599999,79617.27878331378,79617.27878331378,79617.27878331378,79617.27878331378,0,1
1371948600000,1371948659999,79617.27878331378,79617.27878331378,79617.27878331378,79617.27878331378,0,1
1371948660000,1371948719999,79617.27878331378,79617.27878331378,79617.27878331378,79617.27878331378,0,1
1371948720000,1371948779999,79617.27878331378,79617.27878331378,79617.27878331378,79617.27878331378,0,1
1371948780000,1371948839999,79617.27878331378,79617.27878331378,79617.27878331378,79617.27878331378,0,1
1371948840000,1371948899999,79617.27878331378,79617.27878331378,79617.27878331378,79617.27878331378,0,1
1371948900000,1371948959999,79617.27878331378,79617.27878331378,79617.27878331378,79617.27878331378,0,1
1371948960000,1371949019999,79617.27878331378,79617.27878331378,79617.27878331378,79617.27878331378,0,1
1371949020000,1371949079999,79617.27878331378,79617.27878331378,79617.27878331378,79617.27878331378,0,1
1371949080000,1371949139999,79617.27878331378,79617.27878331378,79617.27878331378,79617.27878331378,0,1
1371949140000,1371949199999,79617.27878331378,79617.27878331378,79617.27878331378,79617.27878331378,0,1
1371949200000,1371949259999,79617.27878331378,79617.27878331378,79617.27878331378,79617.27878331378,0,1
1371949260000,1371949319999,79617.27878331378,79617.27878331378,79617.27878331378,79617.27878331378,0,1
1371949320000,1371949379999,79617.27878331378,79617.27878331378,79617.27878331378,79617.27878331378,0,1
1371949380000,1371949439999,79617.27878331378,79617.27878331378,79617.27878331378,79617.27878331378,0,1
1371949440000,1371949499999,79617.27878331378,79617.27878331378,79617.27878331378,79617.27878331378,0,1
1371949500000,1371949559999,79617.27878331378,79617.27878331378,79617.27878331378,79617.27878331378,0,1
1371949560000,1371949619999,79617.27878331378,79617.27878331378,79617.27878331378,79617.27878331378,0,1
1371949620000,1371949679999,79617.27878331378,79617.27878331378,79617.27878331378,79617.27878331378,0,1
1371949680000,1371949739999,79617.27878331378,79617.27878331378,79617.27878331378,79617.27878331378,0,1
1371949740000,1371949799999,79617.27878331378,79617.27878331378,79617.27878331378,79617.27878331378,0,1
1371949800000,1371949859999,79617.27878331378,79617.27878331378,79617.27878331378,79617.27878331378,0,1
1371949860000,1371949919999,79617.27878331378,79617.27878331378,79617.27878331378,79617.27878331378,0,1
1371949920000,1371949979999,79617.27878331378,79617.27878331378,79617.27878331378,79617.27878331378,0,1
1371949980000,1371950039999,79617.27878331378,79617.27878331378,79617.27878331378,79617.27878331378,0,1
1371950040000,1371950099999,79617.27878331378,79617.27878331378,79617.27878331378,79617.27878331378,0,1
1371950100000,1371950159999,79617.27878331378,79617.27878331378,79617.27878331378,79617.27878331378,0,1
1371950160000,1371950219999,79617.27878331378,79617.27878331378,79617.27878331378,79617.27878331378,0,1
1371950220000,1371950279999,79617.27878331378,79617.27878331378,79617.27878331378,79617.27878331378,0,1
1371950280000,1371950339999,79617.27878331378,79617.27878331378,79617.27878331378,79617.27878331378,0,1
1371950340000,1371950399999,79617.27878331378,79617.27878331378,79617.27878331378,79617.27878331378,0,1
1371950400000,1371950459999,79617.27878331378,79617.27878331378,79617.27878331378,79617.27878331378,0,1
1371950460000,1371950519999,79617.27878331378,79617.27878331378,79617.27878331378,79617.27878331378,0,1
1371950520000,1371950579999,79617.27878331378,79617.27878331378,79617.27878331378,79617.27878331378,0,1
1371950580000,1371950639999,79617.27878331378,79617.27878331378,79617.27878331378,79617.27878331378,0,1
1371950640000,1371950699999,79617.27878331378,79617.27878331378,79617.27878331378,79617.27878331378,0,1
1371950700000,1371950759999,79617.27878331378,79617.27878331378,79617.27878331378,79617.27878331378,0,1
1371950760000,1371950819999,79617.27878331378,79617.27878331378,79617.27878331378,79617.27878331378,0,1
1371950820000,1371950879999,79617.27878331378,79617.27878331378,79617.27878331378,79617.27878331378,0,1
1371950880000,1371950939999,79617.27878331378,79617.27878331378,79617.27878331378,79617.27878331378,0,1
1371950940000,1371950999999,79617.27878331378,79617.27878331378,79617.27878331378,79617.27878331378,0,1
1371951000000,1371951059999,79617.27878331378,79617.27878331378,79617.27878331378,79617.27878331378,0,1
1371951060000,1371951119999,79617.27878331378,79617.27878331378,79617.27878331378,79617.27878331378,0,1
1371951120000,1371951179999,79617.27878331378,79617.27878331378,79617.27878331378,79617.27878331378,0,1
1371951180000,1371951239999,79617.27878331378,79617.27878331378,79617.27878331378,79617.27878331378,0,1
1371951240000,1371951299999,79617.27878331378,79617.27878331378,79617.27878331378,79617.27878331378,0,1
1371951300000,1371951359999,79617.27878331378,79617.27878331378,79617.27878331378,79617.27878331378,0,1
1371951360000,1371951419999,79617.27878331378,79617.27878331378,79617.27878331378,79617.27878331378,0,1
1371951420000,1371951479999,79617.27878331378,79617.27878331378,79617.27878331378,79617.27878331378,0,1
1371951480000,1371951539999,79617.27878331378,79617.27878331378,79617.27878331378,79617.27878331378,0,1
1371951540000,1371951599999,79617.27878331378,79617.27878331378,79617.27878331378,79617.27878331378,0,1
1371951600000,1371951659999,79617.27878331378,79617.27878331378,79617.27878331378,79617.27878331378,0,1
1371951660000,1371951719999,79617.27878331378,79617.27878331378,79617.27878331378,79617.27878331378,0,1
1371951720000,1371951779999,79617.27878331378,79617.27878331378,79617.27878331378,79617.27878331378,0,1
1371951780000,1371951839999,79617.27878331378,79617.27878331378,79617.27878331378,79617.27878331378,0,1
1371951840000,1371951899999,79617.27878331378,79617.27878331378,79617.27878331378,79617.27878331378,0,1
1371951900000,1371951959999,79617.27878331378,79617.27878331378,79617.27878331378,79617.27878331378,0,1
1371951960000,1371952019999,79617.27878331378,79617.27878331378,79617.27878331378,79617.27878331378,0,1
1371952020000,1371952079999,79617.27878331378,79617.27878331378,79617.27878331378,79617.27878331378,0,1
1371952080000,1371952139999,79617.27878331378,79617.27878331378,79617.27878331378,79617.27878331378,0,1
1371952140000,1371952199999,79617.27878331378,79617.27878331378,79617.27878331378,79617.27878331378,0,1
1371952200000,1371952259999,79617.27878331378,79617.27878331378,79617.27878331378,79617.27878331378,0,1
1371952260000,1371952319999,79617.27878331378,79617.27878331378,79617.27878331378,79617.27878331378,0,1
1371952320000,1371952379999,79617.27878331378,79617.27878331378,79617.27878331378,79617.27878331378,0,1
1371952380000,1371952439999,79617.27878331378,79617.27878331378,79617.27878331378,79617.27878331378,0,1
1371952440000,1371952499999,79617.27878331378,79617.27878331378,79617.27878331378,79617.27878331378,0,1
1371952500000,1371952559999,79617.27878331378,79617.27878331378,79617.27878331378,79617.27878331378,0,1
1371952560000,1371952619999,79617.27878331378,79617.27878331378,79617.27878331378,79617.27878331378,0,1
1371952620000,1371952679999,79617.27878331378,79617.27878331378,79617.27878331378,79617.27878331378,0,1
1371952680000,1371952739999,79617.27878331378,79617.27878331378,79617.27878331378,79617.27878331378,0,1
1371952740000,1371952799999,79617.27878331378,79617.27878331378,79617.27878331378,79617.27878331378,0,1
1371952800000,1371952859999,79617.27878331378,79617.27878331378,79617.27878331378,79617.27878331378,0,1
1371952860000,1371952919999,79617.27878331378,79617.27878331378,79617.27878331378,79617.27878331378,0,1
1371952920000,1371952979999,79617.27878331378,79617.27878331378,79617.27878331378,79617.27878331378,0,1
1371952980000,1371953039999,79617.27878331378,79617.27878331378,79617.27878331378,79617.27878331378,0,1
1371953040000,1371953099999,79617.27878331378,79617.27878331378,79617.27878331378,79617.27878331378,0,1
1371953100000,1371953159999,79617.27878331378,79617.27878331378,79617.27878331378,79617.27878331378,0,1
1371953160000,1371953219999,79617.27878331378,79617.27878331378,79617.27878331378,79617.27878331378,0,1
1371953220000,1371953279999,79617.27878331378,79617.27878331378,79617.27878331378,79617.27878331378,0,1
1371953280000,1371953339999,79617.27878331378,79617.27878331378,79617.27878331378,79617.27878331378,0,1
1371953340000,1371953399999,79617.27878331378,79617.27878331378,79617.27878331378,79617.27878331378,0,1
1371953400000,1371953459999,79617.27878331378,79617.27878331378,79617.27878331378,79617.27878331378,0,1
1371953460000,1371953519999,79617.27878331378,79617.27878331378,79617.27878331378,79617.27878331378,0,1
1371953520000,1371953579999,79617.27878331378,79617.27878331378,79617.27878331378,79617.27878331378,0,1
1371953580000,1371953639999,79617.27878331378,79617.27878331378,79617.27878331378,79617.27878331378,0,1
1371953640000,1371953699999,79617.27878331378,79617.27878331378,79617.27878331378,79617.27878331378,0,1
1371953700000,1371953759999,79617.27878331378,79617.27878331378,79617.27878331378,79617.27878331378,0,1
1371953760000,1371953819999,79617.27878331378,79617.27878331378,79617.27878331378,79617.27878331378,0,1
1371953820000,1371953879999,79617.27878331378,79617.27878331378,79617.27878331378,79617.27878331378,0,1
1371953880000,1371953939999,79617.27878331378,79617.27878331378,79617.27878331378,79617.27878331378,0,1
1371953940000,1371953999999,79617.27878331378,79617.27878331378,79617.27878331378,79617.27878331378,0,1
1371954000000,1371954059999,79617.27878331378,79617.27878331378,79617.27878331378,79617.27878331378,0,1
1371954060000,1371954119999,79617.27878331378,79617.27878331378,79617.27878331378,79617.27878331378,0,1
1371954120000,1371954179999,79617.27878331378,79617.27878331378,79617.27878331378,79617.27878331378,0,1
1371954180000,1371954239999,79617.27878331378,79617.27878331378,79617.27878331378,79617.27878331378,0,1
1371954240000,1371954299999,79617.27878331378,79617.27878331378,79617.27878331378,79617.27878331378,0,1
1371954300000,1371954359999,79617.27878331378,79617.27878331378,79617.27878331378,79617.27878331378,0,1
1371954360000,1371954419999,79617.27878331378,79617.27878331378,79617.27878331378,79617.27878331378,0,1
1371954420000,1371954479999,79617.27878331378,79617.27878331378,79617.27878331378,79617.27878331378,0,1
1371954480000,1371954539999,79617.27878331378,79617.27878331378,79617.27878331378,79617.27878331378,0,1
1371954540000,1371954599999,79617.27878331378,79617.27878331378,79617.27878331378,79617.27878331378,0,1
1371954600000,1371954659999,79617.27878331378,79617.27878331378,79617.27878331378,79617.27878331378,0,1
1371954660000,1371954719999,79617.27878331378,79617.27878331378,79617.27878331378,79617.27878331378,0,1
1371954720000,1371954779999,79617.27878331378,79617.27878331378,79617.27878331378,79617.27878331378,0,1
1371954780000,1371954839999,79617.27878331378,79617.27878331378,79617.27878331378,79617.27878331378,0,1
1371954840000,1371954899999,79617.27878331378,79617.27878331378,79617.27878331378,79617.27878331378,0,1
1371954900000,1371954959999,79617.27878331378,79617.27878331378,79617.27878331378,79617.27878331378,0,1
1371954960000,1371955019999,79617.27878331378,79617.27878331378,79617.27878331378,79617.27878331378,0,1
1371955020000,1371955079999,79617.27878331378,79617.27878331378,79617.27878331378,79617.27878331378,0,1
1371955080000,1371955139999,79617.27878331378,79617.27878331378,79617.27878331378,79617.27878331378,0,1
1371955140000,1371955199999,79617.27878331378,79617.27878331378,79617.27878331378,79617.27878331378,0,1
1371955200000,1371955259999,79617.27878331378,79617.27878331378,79617.27878331378,79617.27878331378,0,1
1371955260000,1371955319999,79617.27878331378,79617.27878331378,79617.27878331378,79617.27878331378,0,1
1371955320000,1371955379999,79617.27878331378,79617.27878331378,79617.27878331378,79617.27878331378,0,1
1371955380000,1371955439999,79617.27878331378,79617.27878331378,79617.27878331378,79617.27878331378,0,1
1371955440000,1371955499999,79617.27878331378,79617.27878331378,79617.27878331378,79617.27878331378,0,1
1371955500000,1371955559999,79617.27878331378,79617.27878331378,79617.27878331378,79617.27878331378,0,1
1371955560000,1371955619999,79617.27878331378,79617.27878331378,79617.27878331378,79617.27878331378,0,1
1371955620000,1371955679999,79617.27878331378,79617.27878331378,79617.27878331378,79617.27878331378,0,1
1371955680000,1371955739999,79617.27878331378,79617.27878331378,79617.27878331378,79617.27878331378,0,1
1371955740000,1371955799999,79617.27878331378,79617.27878331378,79617.27878331378,79617.27878331378,0,1
1371955800000,1371955859999,79617.27878331378,79617.27878331378,79617.27878331378,79617.27878331378,0,1
1371955860000,1371955919999,79617.27878331378,79617.27878331378,79617.27878331378,79617.27878331378,0,1
1371955920000,1371955979999,79617.27878331378,79617.27878331378,79617.27878331378,79617.27878331378,0,1
1371955980000,1371956039999,79617.27878331378,79617.27878331378,79617.27878331378,79617.27878331378,0,1
1371956040000,1371956099999,79617.27878331378,79617.27878331378,79617.27878331378,79617.27878331378,0,1
1371956100000,1371956159999,79617.27878331378,79617.27878331378,79617.27878331378,79617.27878331378,0,1
1371956160000,1371956219999,79617.27878331378,79617.27878331378,79617.27878331378,79617.27878331378,0,1
1371956220000,1371956279999,79617.27878331378,79617.27878331378,79617.27878331378,79617.27878331378,0,1
1371956280000,1371956339999,79617.27878331378,79617.27878331378,79617.27878331378,79617.27878331378,0,1
1371956340000,1371956399999,79617.27878331378,79617.27878331378,79617.27878331378,79617.27878331378,0,1
1371956400000,1371956459999,79617.27878331378,79617.27878331378,79617.27878331378,79617.27878331378,0,1
1371956460000,1371956519999,79617.27878331378,79617.27878331378,79617.27878331378,79617.27878331378,0,1
1371956520000,1371956579999,79617.27878331378,79617.27878331378,79617.27878331378,79617.27878331378,0,1
1371956580000,1371956639999,79617.27878331378,79617.27878331378,79617.27878331378,79617.27878331378,0,1
1371956640000,1371956699999,79617.27878331378,79617.27878331378,79617.27878331378,79617.27878331378,0,1
1371956700000,1371956759999,79617.27878331378,79617.27878331378,79617.27878331378,79617.27878331378,0,1
1371956760000,1371956819999,79617.27878331378,79617.27878331378,79617.27878331378,79617.27878331378,0,1
1371956820000,1371956879999,79617.27878331378,79617.27878331378,79617.27878331378,79617.27878331378,0,1
1371956880000,1371956939999,79617.27878331378,79617.27878331378,79617.27878331378,79617.27878331378,0,1
1371956940000,1371956999999,79617.27878331378,79617.27878331378,79617.27878331378,79617.27878331378,0,1
1371957000000,1371957059999,79617.27878331378,79617.27878331378,79617.27878331378,79617.27878331378,0,1
1371957060000,1371957119999,79617.27878331378,79617.27878331378,79617.27878331378,79617.27878331378,0,1
1371957120000,1371957179999,79617.27878331378,79617.27878331378,79617.27878331378,79617.27878331378,0,1
1371957180000,1371957239999,79617.27878331378,79617.27878331378,79617.27878331378,79617.27878331378,0,1
1371957240000,1371957299999,79617.27878331378,79617.27878331378,79617.27878331378,79617.27878331378,0,1
1371957300000,1371957359999,79617.27878331378,79617.27878331378,79617.27878331378,79617.27878331378,0,1
1371957360000,1371957419999,79617.27878331378,79617.27878331378,79617.27878331378,79617.27878331378,0,1
1371957420000,1371957479999,79617.27878331378,79617.27878331378,79617.27878331378,79617.27878331378,0,1
1371957480000,1371957539999,79617.27878331378,79617.27878331378,79617.27878331378,79617.27878331378,0,1
1371957540000,1371957599999,79617.27878331378,79617.27878331378,79617.27878331378,79617.27878331378,0,1
1371957600000,1371957659999,79617.27878331378,79617.27878331378,79617.27878331378,79617.27878331378,0,1
1371957660000,1371957719999,79617.27878331378,79617.27878331378,79617.27878331378,79617.27878331378,0,1
1371957720000,1371957779999,79617.27878331378,79617.27878331378,79617.27878331378,79617.27878331378,0,1
1371957780000,1371957839999,79617.27878331378,79617.27878331378,79617.27878331378,79617.27878331378,0,1
1371957840000,1371957899999,79617.27878331378,79617.27878331378,79617.27878331378,79617.27878331378,0,1
1371957900000,1371957959999,79617.27878331378,79617.27878331378,79617.27878331378,79617.27878331378,0,1
1371957960000,1371958019999,79617.27878331378,79617.27878331378,79617.27878331378,79617.27878331378,0,1
1371958020000,1371958079999,79617.27878331378,79617.27878331378,79617.27878331378,79617.27878331378,0,1
1371958080000,1371958139999,79617.27878331378,79617.27878331378,79617.27878331378,79617.27878331378,0,1
1371958140000,1371958199999,79617.27878331378,79617.27878331378,79617.27878331378,79617.27878331378,0,1
1371958200000,1371958259999,79617.27878331378,79617.27878331378,79617.27878331378,79617.27878331378,0,1
1371958260000,1371958319999,79617.27878331378,79617.27878331378,79617.27878331378,79617.27878331378,0,1
1371958320000,1371958379999,79617.27878331378,79617.27878331378,79617.27878331378,79617.27878331378,0,1
1371958380000,1371958439999,79617.27878331378,79617.27878331378,79617.27878331378,79617.27878331378,0,1
1371958440000,1371958499999,79617.27878331378,79617.27878331378,79617.27878331378,79617.27878331378,0,1
1371958500000,1371958559999,79617.27878331378,79617.27878331378,79617.27878331378,79617.27878331378,0,1
1371958560000,1371958619999,79617.27878331378,79617.27878331378,79617.27878331378,79617.27878331378,0,1
1371958620000,1371958679999,79617.27878331378,79617.27878331378,79617.27878331378,79617.27878331378,0,1
1371958680000,1371958739999,79617.27878331378,79617.27878331378,79617.27878331378,79617.27878331378,0,1
1371958740000,1371958799999,79617.27878331378,79617.27878331378,79617.27878331378,79617.27878331378,0,1
1371958800000,1371958859999,79617.27878331378,79617.27878331378,79617.27878331378,79617.27878331378,0,1
1371958860000,1371958919999,79617.27878331378,79617.27878331378,79617.27878331378,79617.27878331378,0,1
1371958920000,1371958979999,79617.27878331378,79617.27878331378,79617.27878331378,79617.27878331378,0,1
1371958980000,1371959039999,79617.27878331378,79617.27878331378,79617.27878331378,79617.27878331378,0,1
1371959040000,1371959099999,79617.27878331378,79617.27878331378,79617.27878331378,79617.27878331378,0,1
1371959100000,1371959159999,79617.27878331378,79617.27878331378,79617.27878331378,79617.27878331378,0,1
1371959160000,1371959219999,79617.27878331378,79617.27878331378,79617.27878331378,79617.27878331378,0,1
1371959220000,1371959279999,79617.27878331378,79617.27878331378,79617.27878331378,79617.27878331378,0,1
1371959280000,1371959339999,79617.27878331378,79617.27878331378,79617.27878331378,79617.27878331378,0,1
1371959340000,1371959399999,79617.27878331378,79617.27878331378,79617.27878331378,79617.27878331378,0,1
1371959400000,1371959459999,79617.27878331378,79617.27878331378,79617.27878331378,79617.27878331378,0,1
1371959460000,1371959519999,79617.27878331378,79617.27878331378,79617.27878331378,79617.27878331378,0,1
1371959520000,1371959579999,79617.27878331378,79617.27878331378,79617.27878331378,79617.27878331378,0,1
1371959580000,1371959639999,79617.27878331378,79617.27878331378,79617.27878331378,79617.27878331378,0,1
1371959640000,1371959699999,79617.27878331378,79617.27878331378,79617.27878331378,79617.27878331378,0,1
1371959700000,1371959759999,79617.27878331378,79617.27878331378,79617.27878331378,79617.27878331378,0,1
1371959760000,1371959819999,79617.27878331378,79617.27878331378,79617.27878331378,79617.27878331378,0,1
1371959820000,1371959879999,79617.27878331378,79617.27878331378,79617.27878331378,79617.27878331378,0,1
1371959880000,1371959939999,79617.27878331378,79617.27878331378,79617.27878331378,79617.27878331378,0,1
1371959940000,1371959999999,79617.27878331378,79617.27878331378,79617.27878331378,79617.27878331378,0,1
1371960000000,1371960059999,79617.27878331378,79617.27878331378,79617.27878331378,79617.27878331378,0,1
1371960060000,1371960119999,79617.27878331378,79617.27878331378,79617.27878331378,79617.27878331378,0,1
1371960120000,1371960179999,79617.27878331378,79617.27878331378,79617.27878331378,79617.27878331378,0,1
1371960180000,1371960239999,79617.27878331378,79617.27878331378,79617.27878331378,79617.27878331378,0,1
1371960240000,1371960299999,79617.27878331378,79617.27878331378,79617.27878331378,79617.27878331378,0,1
1371960300000,1371960359999,79617.27878331378,79617.27878331378,79617.27878331378,79617.27878331378,0,1
1371960360000,1371960419999,79617.27878331378,79617.27878331378,79617.27878331378,79617.27878331378,0,1
1371960420000,1371960479999,79617.27878331378,79617.27878331378,79617.27878331378,79617.27878331378,0,1
1371960480000,1371960539999,79617.27878331378,79617.27878331378,79617.27878331378,79617.27878331378,0,1
1371960540000,1371960599999,79617.27878331378,79617.27878331378,79617.27878331378,79617.27878331378,0,1
1371960600000,1371960659999,79617.27878331378,79617.27878331378,79617.27878331378,79617.27878331378,0,1
1371960660000,1371960719999,79617.27878331378,79617.27878331378,79617.27878331378,79617.27878331378,0,1
1371960720000,1371960779999,79617.27878331378,79617.27878331378,79617.27878331378,79617.27878331378,0,1
1371960780000,1371960839999,79617.27878331378,79617.27878331378,79617.27878331378,79617.27878331378,0,1
1371960840000,1371960899999,79617.27878331378,79617.27878331378,79617.27878331378,79617.27878331378,0,1
1371960900000,1371960959999,79617.27878331378,79617.27878331378,79617.27878331378,79617.27878331378,0,1
1371960960000,1371961019999,79617.27878331378,79617.27878331378,79617.27878331378,79617.27878331378,0,1
1371961020000,1371961079999,79617.27878331378,79617.27878331378,79617.27878331378,79617.27878331378,0,1
1371961080000,1371961139999,79617.27878331378,79617.27878331378,79617.27878331378,79617.27878331378,0,1
1371961140000,1371961199999,79617.27878331378,79617.27878331378,79617.27878331378,79617.27878331378,0,1
1371961200000,1371961259999,79617.27878331378,79617.27878331378,79617.27878331378,79617.27878331378,0,1
1371961260000,1371961319999,79617.27878331378,79617.27878331378,79617.27878331378,79617.27878331378,0,1
1371961320000,1371961379999,79617.27878331378,79617.27878331378,79617.27878331378,79617.27878331378,0,1
1371961380000,1371961439999,79617.27878331378,79617.27878331378,79617.27878331378,79617.27878331378,0,1
1371961440000,1371961499999,79617.27878331378,79617.27878331378,79617.27878331378,79617.27878331378,0,1
1371961500000,1371961559999,79617.27878331378,79617.27878331378,79617.27878331378,79617.27878331378,0,1
1371961560000,1371961619999,79617.27878331378,79617.27878331378,79617.27878331378,79617.27878331378,0,1
1371961620000,1371961679999,79617.27878331378,79617.27878331378,79617.27878331378,79617.27878331378,0,1
1371961680000,1371961739999,79617.27878331378,79617.27878331378,79617.27878331378,79617.27878331378,0,1
1371961740000,1371961799999,79617.27878331378,79617.27878331378,79617.27878331378,79617.27878331378,0,1
1371961800000,1371961859999,79617.27878331378,79617.27878331378,79617.27878331378,79617.27878331378,0,1
1371961860000,1371961919999,79617.27878331378,79617.27878331378,79617.27878331378,79617.27878331378,0,1
1371961920000,1371961979999,79617.27878331378,79617.27878331378,79617.27878331378,79617.27878331378,0,1
1371961980000,1371962039999,79617.27878331378,79617.27878331378,79617.27878331378,79617.27878331378,0,1
1371962040000,1371962099999,79617.27878331378,79617.27878331378,79617.27878331378,79617.27878331378,0,1
1371962100000,1371962159999,79617.27878331378,79617.27878331378,79617.27878331378,79617.27878331378,0,1
1371962160000,1371962219999,79617.27878331378,79617.27878331378,79617.27878331378,79617.27878331378,0,1
1371962220000,1371962279999,79617.27878331378,79617.27878331378,79617.27878331378,79617.27878331378,0,1
1371962280000,1371962339999,79617.27878331378,79617.27878331378,79617.27878331378,79617.27878331378,0,1
1371962340000,1371962399999,79617.27878331378,79617.27878331378,79617.27878331378,79617.27878331378,0,1
1371962400000,1371962459999,79617.27878331378,79617.27878331378,79617.27878331378,79617.27878331378,0,1
1371962460000,1371962519999,79617.27878331378,79617.27878331378,79617.27878331378,79617.27878331378,0,1
1371962520000,1371962579999,79617.27878331378,79617.27878331378,79617.27878331378,79617.27878331378,0,1
1371962580000,1371962639999,79617.27878331378,79617.27878331378,79617.27878331378,79617.27878331378,0,1
1371962640000,1371962699999,79617.27878331378,79617.27878331378,79617.27878331378,79617.27878331378,0,1
1371962700000,1371962759999,79617.27878331378,79617.27878331378,79617.27878331378,79617.27878331378,0,1
1371962760000,1371962819999,79617.27878331378,79617.27878331378,79617.27878331378,79617.27878331378,0,1
1371962820000,1371962879999,79617.27878331378,79617.27878331378,79617.27878331378,79617.27878331378,0,1
1371962880000,1371962939999,79617.27878331378,79617.27878331378,79617.27878331378,79617.27878331378,0,1
1371962940000,1371962999999,79617.27878331378,79617.27878331378,79617.27878331378,79617.27878331378,0,1
1371963000000,1371963059999,79617.27878331378,79617.27878331378,79617.27878331378,79617.27878331378,0,1
1371963060000,1371963119999,79617.27878331378,79617.27878331378,79617.27878331378,79617.27878331378,0,1
1371963120000,1371963179999,79617.27878331378,79617.27878331378,79617.27878331378,79617.27878331378,0,1
1371963180000,1371963239999,79617.27878331378,79617.27878331378,79617.27878331378,79617.27878331378,0,1
1371963240000,1371963299999,79617.27878331378,79617.27878331378,79617.27878331378,79617.27878331378,0,1
1371963300000,1371963359999,79617.27878331378,79617.27878331378,79617.27878331378,79617.27878331378,0,1
1371963360000,1371963419999,79617.27878331378,79617.27878331378,79617.27878331378,79617.27878331378,0,1
1371963420000,1371963479999,79617.27878331378,79617.27878331378,79617.27878331378,79617.27878331378,0,1
1371963480000,1371963539999,79617.27878331378,79617.27878331378,79617.27878331378,79617.27878331378,0,1
1371963540000,1371963599999,79617.27878331378,79617.27878331378,79617.27878331378,79617.27878331378,0,1
1371963600000,1371963659999,79617.27878331378,79617.27878331378,79617.27878331378,79617.27878331378,0,1
1371963660000,1371963719999,79617.27878331378,79617.27878331378,79617.27878331378,79617.27878331378,0,1
1371963720000,1371963779999,79617.27878331378,79617.27878331378,79617.27878331378,79617.27878331378,0,1
1371963780000,1371963839999,79617.27878331378,79617.27878331378,79617.27878331378,79617.27878331378,0,1
1371963840000,1371963899999,79617.27878331378,79617.27878331378,79617.27878331378,79617.27878331378,0,1
1371963900000,1371963959999,79617.27878331378,79617.27878331378,79617.27878331378,79617.27878331378,0,1
1371963960000,1371964019999,79617.27878331378,79617.27878331378,79617.27878331378,79617.27878331378,0,1
1371964020000,1371964079999,79617.27878331378,79617.27878331378,79617.27878331378,79617.27878331378,0,1
1371964080000,1371964139999,79617.27878331378,79617.27878331378,79617.27878331378,79617.27878331378,0,1
1371964140000,1371964199999,79617.27878331378,79617.27878331378,79617.27878331378,79617.27878331378,0,1
1371964200000,1371964259999,79617.27878331378,79617.27878331378,79617.27878331378,79617.27878331378,0,1
1371964260000,1371964319999,79617.27878331378,79617.27878331378,79617.27878331378,79617.27878331378,0,1
1371964320000,1371964379999,79617.27878331378,79617.27878331378,79617.27878331378,79617.27878331378,0,1
1371964380000,1371964439999,79617.27878331378,79617.27878331378,79617.27878331378,79617.27878331378,0,1
1371964440000,1371964499999,79617.27878331378,79617.27878331378,79617.27878331378,79617.27878331378,0,1
1371964500000,1371964559999,79617.27878331378,79617.27878331378,79617.27878331378,79617.27878331378,0,1
1371964560000,1371964619999,79617.27878331378,79617.27878331378,79617.27878331378,79617.27878331378,0,1
1371964620000,1371964679999,79617.27878331378,79617.27878331378,79617.27878331378,79617.27878331378,0,1
1371964680000,1371964739999,79617.27878331378,79617.27878331378,79617.27878331378,79617.27878331378,0,1
1371964740000,1371964799999,79617.27878331378,79617.27878331378,79617.27878331378,79617.27878331378,0,1
1371964800000,1371964859999,79617.27878331378,79617.27878331378,79617.27878331378,79617.27878331378,0,1
1371964860000,1371964919999,79617.27878331378,79617.27878331378,79617.27878331378,79617.27878331378,0,1
1371964920000,1371964979999,79617.27878331378,79617.27878331378,79617.27878331378,79617.27878331378,0,1
1371964980000,1371965039999,79617.27878331378,79617.27878331378,79617.27878331378,79617.27878331378,0,1
1371965040000,1371965099999,79617.27878331378,79617.27878331378,79617.27878331378,79617.27878331378,0,1
1371965100000,1371965159999,79617.27878331378,79617.27878331378,79617.27878331378,79617.27878331378,0,1
1371965160000,1371965219999,79617.27878331378,79617.27878331378,79617.27878331378,79617.27878331378,0,1
1371965220000,1371965279999,79617.27878331378,79617.27878331378,79617.27878331378,79617.27878331378,0,1
1371965280000,1371965339999,79617.27878331378,79617.27878331378,79617.27878331378,79617.27878331378,0,1
1371965340000,1371965399999,79617.27878331378,79617.27878331378,79617.27878331378,79617.27878331378,0,1
1371965400000,1371965459999,79617.27878331378,79617.27878331378,79617.27878331378,79617.27878331378,0,1
1371965460000,1371965519999,79617.27878331378,79617.27878331378,79617.27878331378,79617.27878331378,0,1
1371965520000,1371965579999,79617.27878331378,79617.27878331378,79617.27878331378,79617.27878331378,0,1
1371965580000,1371965639999,79617.27878331378,79617.27878331378,79617.27878331378,79617.27878331378,0,1
1371965640000,1371965699999,79617.27878331378,79617.27878331378,79617.27878331378,79617.27878331378,0,1
1371965700000,1371965759999,79617.27878331378,79617.27878331378,79617.27878331378,79617.27878331378,0,1
1371965760000,1371965819999,79617.27878331378,79617.27878331378,79617.27878331378,79617.27878331378,0,1
1371965820000,1371965879999,79617.27878331378,79617.27878331378,79617.27878331378,79617.27878331378,0,1
1371965880000,1371965939999,79617.27878331378,79617.27878331378,79617.27878331378,79617.27878331378,0,1
1371965940000,1371965999999,79617.27878331378,79617.27878331378,79617.27878331378,79617.27878331378,0,1
1371966000000,1371966059999,79617.27878331378,79617.27878331378,79617.27878331378,79617.27878331378,0,1
1371966060000,1371966119999,79617.27878331378,79617.27878331378,79617.27878331378,79617.27878331378,0,1
1371966120000,1371966179999,79617.27878331378,79617.27878331378,79617.27878331378,79617.27878331378,0,1
1371966180000,1371966239999,79617.27878331378,79617.27878331378,79617.27878331378,79617.27878331378,0,1
1371966240000,1371966299999,79617.27878331378,79617.27878331378,79617.27878331378,79617.27878331378,0,1
1371966300000,1371966359999,79617.27878331378,79617.27878331378,79617.27878331378,79617.27878331378,0,1
1371966360000,1371966419999,79617.27878331378,79617.27878331378,79617.27878331378,79617.27878331378,0,1
1371966420000,1371966479999,79617.27878331378,79617.27878331378,79617.27878331378,79617.27878331378,0,1
1371966480000,1371966539999,79617.27878331378,79617.27878331378,79617.27878331378,79617.27878331378,0,1
1371966540000,1371966599999,79617.27878331378,79617.27878331378,79617.27878331378,79617.27878331378,0,1
1371966600000,1371966659999,79617.27878331378,79617.27878331378,79617.27878331378,79617.27878331378,0,1
1371966660000,1371966719999,79617.27878331378,79617.27878331378,79617.27878331378,79617.27878331378,0,1
1371966720000,1371966779999,79617.27878331378,79617.27878331378,79617.27878331378,79617.27878331378,0,1
1371966780000,1371966839999,79617.27878331378,79617.27878331378,79617.27878331378,79617.27878331378,0,1
1371966840000,1371966899999,79617.27878331378,79617.27878331378,79617.27878331378,79617.27878331378,0,1
1371966900000,1371966959999,79617.27878331378,79617.27878331378,79617.27878331378,79617.27878331378,0,1
1371966960000,1371967019999,79617.27878331378,79617.27878331378,79617.27878331378,79617.27878331378,0,1
1371967020000,1371967079999,79617.27878331378,79617.27878331378,79617.27878331378,79617.27878331378,0,1
1371967080000,1371967139999,79617.27878331378,79617.27878331378,79617.27878331378,79617.27878331378,0,1
1371967140000,1371967199999,79617.27878331378,79617.27878331378,79617.27878331378,79617.27878331378,0,1
1371967200000,1371967259999,79617.27878331378,79617.27878331378,79617.27878331378,79617.27878331378,0,1
1371967260000,1371967319999,79617.27878331378,79617.27878331378,79617.27878331378,79617.27878331378,0,1
1371967320000,1371967379999,79617.27878331378,79617.27878331378,79617.27878331378,79617.27878331378,0,1
1371967380000,1371967439999,79617.27878331378,79617.27878331378,79617.27878331378,79617.27878331378,0,1
1371967440000,1371967499999,79617.27878331378,79617.27878331378,79617.27878331378,79617.27878331378,0,1
1371967500000,1371967559999,79617.27878331378,79617.27878331378,79617.27878331378,79617.27878331378,0,1
1371967560000,1371967619999,79617.27878331378,79617.27878331378,79617.27878331378,79617.27878331378,0,1
1371967620000,1371967679999,79617.27878331378,79617.27878331378,79617.27878331378,79617.27878331378,0,1
1371967680000,1371967739999,79617.27878331378,79617.27878331378,79617.27878331378,79617.27878331378,0,1
1371967740000,1371967799999,79617.27878331378,79617.27878331378,79617.27878331378,79617.27878331378,0,1
1371967800000,1371967859999,79617.27878331378,79617.27878331378,79617.27878331378,79617.27878331378,0,1
1371967860000,1371967919999,79617.27878331378,79617.27878331378,79617.27878331378,79617.27878331378,0,1
1371967920000,1371967979999,79617.27878331378,79617.27878331378,79617.27878331378,79617.27878331378,0,1
1371967980000,1371968039999,79617.27878331378,79617.27878331378,79617.27878331378,79617.27878331378,0,1
1371968040000,1371968099999,79617.27878331378,79617.27878331378,79617.27878331378,79617.27878331378,0,1
1371968100000,1371968159999,79617.27878331378,79617.27878331378,79617.27878331378,79617.27878331378,0,1
1371968160000,1371968219999,79617.27878331378,79617.27878331378,79617.27878331378,79617.27878331378,0,1
1371968220000,1371968279999,79617.27878331378,79617.27878331378,79617.27878331378,79617.27878331378,0,1
1371968280000,1371968339999,79617.27878331378,79617.27878331378,79617.27878331378,79617.27878331378,0,1
1371968340000,1371968399999,79617.27878331378,79617.27878331378,79617.27878331378,79617.27878331378,0,1
1371968400000,1371968459999,79617.27878331378,79617.27878331378,79617.27878331378,79617.27878331378,0,1
1371968460000,1371968519999,79617.27878331378,79617.27878331378,79617.27878331378,79617.27878331378,0,1
1371968520000,1371968579999,79617.27878331378,79617.27878331378,79617.27878331378,79617.27878331378,0,1
1371968580000,1371968639999,79617.27878331378,79617.27878331378,79617.27878331378,79617.27878331378,0,1
1371968640000,1371968699999,79617.27878331378,79617.27878331378,79617.27878331378,79617.27878331378,0,1
1371968700000,1371968759999,79617.27878331378,79617.27878331378,79617.27878331378,79617.27878331378,0,1
1371968760000,1371968819999,79617.27878331378,79617.27878331378,79617.27878331378,79617.27878331378,0,1
1371968820000,1371968879999,79617.27878331378,79617.27878331378,79617.27878331378,79617.27878331378,0,1
1371968880000,1371968939999,79617.27878331378,79617.27878331378,79617.27878331378,79617.27878331378,0,1
1371968940000,1371968999999,79617.27878331378,79617.27878331378,79617.27878331378,79617.27878331378,0,1
1371969000000,1371969059999,79617.27878331378,79617.27878331378,79617.27878331378,79617.27878331378,0,1
1371969060000,1371969119999,79617.27878331378,79617.27878331378,79617.27878331378,79617.27878331378,0,1
1371969120000,1371969179999,79617.27878331378,79617.27878331378,79617.27878331378,79617.27878331378,0,1
1371969180000,1371969239999,79617.27878331378,79617.27878331378,79617.27878331378,79617.27878331378,0,1
1371969240000,1371969299999,79617.27878331378,79617.27878331378,79617.27878331378,79617.27878331378,0,1
1371969300000,1371969359999,79617.27878331378,79617.27878331378,79617.27878331378,79617.27878331378,0,1
1371969360000,1371969419999,79617.27878331378,79617.27878331378,79617.27878331378,79617.27878331378,0,1
1371969420000,1371969479999,79617.27878331378,79617.27878331378,79617.27878331378,79617.27878331378,0,1
1371969480000,1371969539999,79617.27878331378,79617.27878331378,79617.27878331378,79617.27878331378,0,1
1371969540000,1371969599999,79617.27878331378,79617.27878331378,79617.27878331378,79617.27878331378,0,1
1371969600000,1371969659999,79617.27878331378,79617.27878331378,79617.27878331378,79617.27878331378,0,1
1371969660000,1371969719999,79617.27878331378,79617.27878331378,79617.27878331378,79617.27878331378,0,1
1371969720000,1371969779999,79617.27878331378,79617.27878331378,79617.27878331378,79617.27878331378,0,1
1371969780000,1371969839999,79617.27878331378,79617.27878331378,79617.27878331378,79617.27878331378,0,1
1371969840000,1371969899999,79617.27878331378,79617.27878331378,79617.27878331378,79617.27878331378,0,1
1371969900000,1371969959999,79617.27878331378,79617.27878331378,79617.27878331378,79617.27878331378,0,1
1371969960000,1371970019999,79617.27878331378,79617.27878331378,79617.27878331378,79617.27878331378,0,1
1371970020000,1371970079999,79617.27878331378,79617.27878331378,79617.27878331378,79617.27878331378,0,1
1371970080000,1371970139999,79617.27878331378,79617.27878331378,79617.27878331378,79617.27878331378,0,1
1371970140000,1371970199999,79617.27878331378,79617.27878331378,79617.27878331378,79617.27878331378,0,1
1371970200000,1371970259999,79617.27878331378,79617.27878331378,79617.27878331378,79617.27878331378,0,1
1371970260000,1371970319999,79617.27878331378,79617.27878331378,79617.27878331378,79617.27878331378,0,1
1371970320000,1371970379999,79617.27878331378,79617.27878331378,79617.27878331378,79617.27878331378,0,1
1371970380000,1371970439999,79617.27878331378,79617.27878331378,79617.27878331378,79617.27878331378,0,1
1371970440000,1371970499999,79617.27878331378,79617.27878331378,79617.27878331378,79617.27878331378,0,1
1371970500000,1371970559999,79617.27878331378,79617.27878331378,79617.27878331378,79617.27878331378,0,1
1371970560000,1371970619999,79617.27878331378,79617.27878331378,79617.27878331378,79617.27878331378,0,1
1371970620000,1371970679999,79617.27878331378,79617.27878331378,79617.27878331378,79617.27878331378,0,1
1371970680000,1371970739999,79617.27878331378,79617.27878331378,79617.27878331378,79617.27878331378,0,1
1371970740000,1371970799999,79617.27878331378,79617.27878331378,79617.27878331378,79617.27878331378,0,1
1371970800000,1371970859999,79617.27878331378,79617.27878331378,79617.27878331378,79617.27878331378,0,1
1371970860000,1371970919999,79617.27878331378,79617.27878331378,79617.27878331378,79617.27878331378,0,1
1371970920000,1371970979999,79617.27878331378,79617.27878331378,79617.27878331378,79617.27878331378,0,1
1371970980000,1371971039999,79617.27878331378,79617.27878331378,79617.27878331378,79617.27878331378,0,1
1371971040000,1371971099999,79617.27878331378,79617.27878331378,79617.27878331378,79617.27878331378,0,1
1371971100000,1371971159999,79617.27878331378,79617.27878331378,79617.27878331378,79617.27878331378,0,1
1371971160000,1371971219999,79617.27878331378,79617.27878331378,79617.27878331378,79617.27878331378,0,1
1371971220000,1371971279999,79617.27878331378,79617.27878331378,79617.27878331378,79617.27878331378,0,1
1371971280000,1371971339999,79617.27878331378,79617.27878331378,79617.27878331378,79617.27878331378,0,1
1371971340000,1371971399999,79617.27878331378,79617.27878331378,79617.27878331378,79617.27878331378,0,1
1371971400000,1371971459999,79617.27878331378,79617.27878331378,79617.27878331378,79617.27878331378,0,1
1371971460000,1371971519999,79617.27878331378,79617.27878331378,79617.27878331378,79617.27878331378,0,1
1371971520000,1371971579999,79617.27878331378,79617.27878331378,79617.27878331378,79617.27878331378,0,1
1371971580000,1371971639999,79617.27878331378,79617.27878331378,79617.27878331378,79617.27878331378,0,1
1371971640000,1371971699999,79617.27878331378,79617.27878331378,79617.27878331378,79617.27878331378,0,1
1371971700000,1371971759999,79617.27878331378,79617.27878331378,79617.27878331378,79617.27878331378,0,1
1371971760000,1371971819999,79617.27878331378,79617.27878331378,79617.27878331378,79617.27878331378,0,1
1371971820000,1371971879999,79617.27878331378,79617.27878331378,79617.27878331378,79617.27878331378,0,1
1371971880000,1371971939999,79617.27878331378,79617.27878331378,79617.27878331378,79617.27878331378,0,1
1371971940000,1371971999999,79617.27878331378,79617.27878331378,79617.27878331378,79617.27878331378,0,1
1371972000000,1371972059999,79617.27878331378,79617.27878331378,79617.27878331378,79617.27878331378,0,1
1371972060000,1371972119999,79617.27878331378,79617.27878331378,79617.27878331378,79617.27878331378,0,1
1371972120000,1371972179999,79617.27878331378,79617.27878331378,79617.27878331378,79617.27878331378,0,1
1371972180000,1371972239999,79617.27878331378,79617.27878331378,79617.27878331378,79617.27878331378,0,1
1371972240000,1371972299999,79617.27878331378,79617.27878331378,79617.27878331378,79617.27878331378,0,1
1371972300000,1371972359999,79617.27878331378,79617.27878331378,79617.27878331378,79617.27878331378,0,1
1371972360000,1371972419999,79617.27878331378,79617.27878331378,79617.27878331378,79617.27878331378,0,1
1371972420000,1371972479999,79617.27878331378,79617.27878331378,79617.27878331378,79617.27878331378,0,1
1371972480000,1371972539999,79617.27878331378,79617.27878331378,79617.27878331378,79617.27878331378,0,1
1371972540000,1371972599999,79617.27878331378,79617.27878331378,79617.27878331378,79617.27878331378,0,1
1371972600000,1371972659999,79617.27878331378,79617.27878331378,79617.27878331378,79617.27878331378,0,1
1371972660000,1371972719999,79617.27878331378,79617.27878331378,79617.27878331378,79617.27878331378,0,1
1371972720000,1371972779999,79617.27878331378,79617.27878331378,79617.27878331378,79617.27878331378,0,1
1371972780000,1371972839999,79617.27878331378,79617.27878331378,79617.27878331378,79617.27878331378,0,1
1371972840000,1371972899999,79617.27878331378,79617.27878331378,79617.27878331378,79617.27878331378,0,1
1371972900000,1371972959999,79617.27878331378,79617.27878331378,79617.27878331378,79617.27878331378,0,1
1371972960000,1371973019999,79617.27878331378,79617.27878331378,79617.27878331378,79617.27878331378,0,1
1371973020000,1371973079999,79617.27878331378,79617.27878331378,79617.27878331378,79617.27878331378,0,1
1371973080000,1371973139999,79617.27878331378,79617.27878331378,79617.27878331378,79617.27878331378,0,1
1371973140000,1371973199999,79617.27878331378,79617.27878331378,79617.27878331378,79617.27878331378,0,1
1371973200000,1371973259999,79617.27878331378,79617.27878331378,79617.27878331378,79617.27878331378,0,1
1371973260000,1371973319999,79617.27878331378,79617.27878331378,79617.27878331378,79617.27878331378,0,1
1371973320000,1371973379999,79617.27878331378,79617.27878331378,79617.27878331378,79617.27878331378,0,1
1371973380000,1371973439999,79617.27878331378,79617.27878331378,79617.27878331378,79617.27878331378,0,1
1371973440000,1371973499999,79617.27878331378,79617.27878331378,79617.27878331378,79617.27878331378,0,1
1371973500000,1371973559999,79617.27878331378,79617.27878331378,79617.27878331378,79617.27878331378,0,1
1371973560000,1371973619999,79617.27878331378,79617.27878331378,79617.27878331378,79617.27878331378,0,1
1371973620000,1371973679999,79617.27878331378,79617.27878331378,79617.27878331378,79617.27878331378,0,1
1371973680000,1371973739999,79617.27878331378,79617.27878331378,79617.27878331378,79617.27878331378,0,1
1371973740000,1371973799999,79617.27878331378,79617.27878331378,79617.27878331378,79617.27878331378,0,1
1371973800000,1371973859999,79617.27878331378,79617.27878331378,79617.27878331378,79617.27878331378,0,1
1371973860000,1371973919999,79617.27878331378,79617.27878331378,79617.27878331378,79617.27878331378,0,1
1371973920000,1371973979999,79617.27878331378,79617.27878331378,79617.27878331378,79617.27878331378,0,1
1371973980000,1371974039999,79617.27878331378,79617.27878331378,79617.27878331378,79617.27878331378,0,1
1371974040000,1371974099999,79617.27878331378,79617.27878331378,79617.27878331378,79617.27878331378,0,1
1371974100000,1371974159999,79617.27878331378,79617.27878331378,79617.27878331378,79617.27878331378,0,1
1371974160000,1371974219999,79617.27878331378,79617.27878331378,79617.27878331378,79617.27878331378,0,1
1371974220000,1371974279999,79617.27878331378,79617.27878331378,79617.27878331378,79617.27878331378,0,1
1371974280000,1371974339999,79617.27878331378,79617.27878331378,79617.27878331378,79617.27878331378,0,1
1371974340000,1371974399999,79617.27878331378,79617.27878331378,79617.27878331378,79617.27878331378,0,1
1371974400000,1371974459999,79617.27878331378,79617.27878331378,79617.27878331378,79617.27878331378,0,1
1371974460000,1371974519999,79617.27878331378,79617.27878331378,79617.27878331378,79617.27878331378,0,1
1371974520000,1371974579999,79617.27878331378,79617.27878331378,79617.27878331378,79617.27878331378,0,1
1371974580000,1371974639999,79617.27878331378,79617.27878331378,79617.27878331378,79617.27878331378,0,1
1371974640000,1371974699999,79617.27878331378,79617.27878331378,79617.27878331378,79617.27878331378,0,1
1371974700000,1371974759999,79617.27878331378,79617.27878331378,79617.27878331378,79617.27878331378,0,1
1371974760000,1371974819999,79617.27878331378,79617.27878331378,79617.27878331378,79617.27878331378,0,1
1371974820000,1371974879999,79617.27878331378,79617.27878331378,79617.27878331378,79617.27878331378,0,1
1371974880000,1371974939999,79617.27878331378,79617.27878331378,79617.27878331378,79617.27878331378,0,1
1371974940000,1371974999999,79617.27878331378,79617.27878331378,79617.27878331378,79617.27878331378,0,1
1371975000000,1371975059999,79617.27878331378,79617.27878331378,79617.27878331378,79617.27878331378,0,1
1371975060000,1371975119999,79617.27878331378,79617.27878331378,79617.27878331378,79617.27878331378,0,1
1371975120000,1371975179999,79617.27878331378,79617.27878331378,79617.27878331378,79617.27878331378,0,1
1371975180000,1371975239999,79617.27878331378,79617.27878331378,79617.27878331378,79617.27878331378,0,1
1371975240000,1371975299999,79617.27878331378,79617.27878331378,79617.27878331378,79617.27878331378,0,1
1371975300000,1371975359999,79617.27878331378,79617.27878331378,79617.27878331378,79617.27878331378,0,1
1371975360000,1371975419999,79617.27878331378,79617.27878331378,79617.27878331378,79617.27878331378,0,1
1371975420000,1371975479999,79617.27878331378,79617.27878331378,79617.27878331378,79617.27878331378,0,1
1371975480000,1371975539999,79617.27878331378,79617.27878331378,79617.27878331378,79617.27878331378,0,1
1371975540000,1371975599999,79617.27878331378,79617.27878331378,79617.27878331378,79617.27878331378,0,1
1371975600000,1371975659999,79617.27878331378,79617.27878331378,79617.27878331378,79617.27878331378,0,1
1371975660000,1371975719999,79617.27878331378,79617.27878331378,79617.27878331378,79617.27878331378,0,1
1371975720000,1371975779999,79617.27878331378,79617.27878331378,79617.27878331378,79617.27878331378,0,1
1371975780000,1371975839999,79617.27878331378,79617.27878331378,79617.27878331378,79617.27878331378,0,1
1371975840000,1371975899999,79617.27878331378,79617.27878331378,79617.27878331378,79617.27878331378,0,1
1371975900000,1371975959999,79617.27878331378,79617.27878331378,79617.27878331378,79617.27878331378,0,1
1371975960000,1371976019999,79617.27878331378,79617.27878331378,79617.27878331378,79617.27878331378,0,1
1371976020000,1371976079999,79617.27878331378,79617.27878331378,79617.27878331378,79617.27878331378,0,1
1371976080000,1371976139999,79617.27878331378,79617.27878331378,79617.27878331378,79617.27878331378,0,1
1371976140000,1371976199999,79617.27878331378,79617.27878331378,79617.27878331378,79617.27878331378,0,1
1371976200000,1371976259999,79617.27878331378,79617.27878331378,79617.27878331378,79617.27878331378,0,1
1371976260000,1371976319999,79617.27878331378,79617.27878331378,79617.27878331378,79617.27878331378,0,1
1371976320000,1371976379999,79617.27878331378,79617.27878331378,79617.27878331378,79617.27878331378,0,1
1371976380000,1371976439999,79617.27878331378,79617.27878331378,79617.27878331378,79617.27878331378,0,1
1371976440000,1371976499999,79617.27878331378,79617.27878331378,79617.27878331378,79617.27878331378,0,1
1371976500000,1371976559999,79617.27878331378,79617.27878331378,79617.27878331378,79617.27878331378,0,1
1371976560000,1371976619999,79617.27878331378,79617.27878331378,79617.27878331378,79617.27878331378,0,1
1371976620000,1371976679999,79617.27878331378,79617.27878331378,79617.27878331378,79617.27878331378,0,1
1371976680000,1371976739999,79617.27878331378,79617.27878331378,79617.27878331378,79617.27878331378,0,1
1371976740000,1371976799999,79617.27878331378,79617.27878331378,79617.27878331378,79617.27878331378,0,1
1371976800000,1371976859999,79617.27878331378,79617.27878331378,79617.27878331378,79617.27878331378,0,1
1371976860000,1371976919999,79617.27878331378,79617.27878331378,79617.27878331378,79617.27878331378,0,1
1371976920000,1371976979999,79617.27878331378,79617.27878331378,79617.27878331378,79617.27878331378,0,1
1371976980000,1371977039999,79617.27878331378,79617.27878331378,79617.27878331378,79617.27878331378,0,1
1371977040000,1371977099999,79617.27878331378,79617.27878331378,79617.27878331378,79617.27878331378,0,1
1371977100000,1371977159999,79617.27878331378,79617.27878331378,79617.27878331378,79617.27878331378,0,1
1371977160000,1371977219999,79617.27878331378,79617.27878331378,79617.27878331378,79617.27878331378,0,1
1371977220000,1371977279999,79617.27878331378,79617.27878331378,79617.27878331378,79617.27878331378,0,1
1371977280000,1371977339999,79617.27878331378,79617.27878331378,79617.27878331378,79617.27878331378,0,1
1371977340000,1371977399999,79617.27878331378,79617.27878331378,79617.27878331378,79617.27878331378,0,1
1371977400000,1371977459999,79617.27878331378,79617.27878331378,79617.27878331378,79617.27878331378,0,1
1371977460000,1371977519999,79617.27878331378,79617.27878331378,79617.27878331378,79617.27878331378,0,1
1371977520000,1371977579999,79617.27878331378,79617.27878331378,79617.27878331378,79617.27878331378,0,1
1371977580000,1371977639999,79617.27878331378,79617.27878331378,79617.27878331378,79617.27878331378,0,1
1371977640000,1371977699999,79617.27878331378,79617.27878331378,79617.27878331378,79617.27878331378,0,1
1371977700000,1371977759999,79617.27878331378,79617.27878331378,79617.27878331378,79617.27878331378,0,1
1371977760000,1371977819999,79617.27878331378,79617.27878331378,79617.27878331378,79617.27878331378,0,1
1371977820000,1371977879999,79617.27878331378,79617.27878331378,79617.27878331378,79617.27878331378,0,1
1371977880000,1371977939999,79617.27878331378,79617.27878331378,79617.27878331378,79617.27878331378,0,1
1371977940000,1371977999999,79617.27878331378,79617.27878331378,79617.27878331378,79617.27878331378,0,1
1371978000000,1371978059999,79617.27878331378,79617.27878331378,79617.27878331378,79617.27878331378,0,1
1371978060000,1371978119999,79617.27878331378,79617.27878331378,79617.27878331378,79617.27878331378,0,1
1371978120000,1371978179999,79617.27878331378,79617.27878331378,79617.27878331378,79617.27878331378,0,1
1371978180000,1371978239999,79617.27878331378,79617.27878331378,79617.27878331378,79617.27878331378,0,1
1371978240000,1371978299999,79617.27878331378,79617.27878331378,79617.27878331378,79617.27878331378,0,1
1371978300000,1371978359999,79617.27878331378,79617.27878331378,79617.27878331378,79617.27878331378,0,1
1371978360000,1371978419999,79617.27878331378,79617.27878331378,79617.27878331378,79617.27878331378,0,1
1371978420000,1371978479999,79617.27878331378,79617.27878331378,79617.27878331378,79617.27878331378,0,1
1371978480000,1371978539999,79617.27878331378,79617.27878331378,79617.27878331378,79617.27878331378,0,1
1371978540000,1371978599999,79617.27878331378,79617.27878331378,79617.27878331378,79617.27878331378,0,1
1371978600000,1371978659999,79617.27878331378,79617.27878331378,79617.27878331378,79617.27878331378,0,1
1371978660000,1371978719999,79617.27878331378,79617.27878331378,79617.27878331378,79617.27878331378,0,1
1371978720000,1371978779999,79617.27878331378,79617.27878331378,79617.27878331378,79617.27878331378,0,1
1371978780000,1371978839999,79617.27878331378,79617.27878331378,79617.27878331378,79617.27878331378,0,1
1371978840000,1371978899999,79617.27878331378,79617.27878331378,79617.27878331378,79617.27878331378,0,1
1371978900000,1371978959999,79617.27878331378,79617.27878331378,79617.27878331378,79617.27878331378,0,1
1371978960000,1371979019999,79617.27878331378,79617.27878331378,79617.27878331378,79617.27878331378,0,1
1371979020000,1371979079999,79617.27878331378,79617.27878331378,79617.27878331378,79617.27878331378,0,1
1371979080000,1371979139999,79617.27878331378,79617.27878331378,79617.27878331378,79617.27878331378,0,1
1371979140000,1371979199999,79617.27878331378,79617.27878331378,79617.27878331378,79617.27878331378,0,1
1371979200000,1371979259999,79617.27878331378,79617.27878331378,79617.27878331378,79617.27878331378,0,1
1371979260000,1371979319999,79617.27878331378,79617.27878331378,79617.27878331378,79617.27878331378,0,1
1371979320000,1371979379999,79617.27878331378,79617.27878331378,79617.27878331378,79617.27878331378,0,1
1371979380000,1371979439999,79617.27878331378,79617.27878331378,79617.27878331378,79617.27878331378,0,1
1371979440000,1371979499999,79617.27878331378,79617.27878331378,79617.27878331378,79617.27878331378,0,1
1371979500000,1371979559999,79617.27878331378,79617.27878331378,79617.27878331378,79617.27878331378,0,1
1371979560000,1371979619999,79617.27878331378,79617.27878331378,79617.27878331378,79617.27878331378,0,1
1371979620000,1371979679999,79617.27878331378,79617.27878331378,79617.27878331378,79617.27878331378,0,1
1371979680000,1371979739999,79617.27878331378,79617.27878331378,79617.27878331378,79617.27878331378,0,1
1371979740000,1371979799999,79617.27878331378,79617.27878331378,79617.27878331378,79617.27878331378,0,1
1371979800000,1371979859999,79617.27878331378,79617.27878331378,79617.27878331378,79617.27878331378,0,1
1371979860000,1371979919999,79617.27878331378,79617.27878331378,79617.27878331378,79617.27878331378,0,1
1371979920000,1371979979999,79617.27878331378,79617.27878331378,79617.27878331378,79617.27878331378,0,1
1371979980000,1371980039999,79617.27878331378,79617.27878331378,79617.27878331378,79617.27878331378,0,1
1371980040000,1371980099999,79617.27878331378,79617.27878331378,79617.27878331378,79617.27878331378,0,1
1371980100000,1371980159999,79617.27878331378,79617.27878331378,79617.27878331378,79617.27878331378,0,1
1371980160000,1371980219999,79617.27878331378,79617.27878331378,79617.27878331378,79617.27878331378,0,1
1371980220000,1371980279999,79617.27878331378,79617.27878331378,79617.27878331378,79617.27878331378,0,1
1371980280000,1371980339999,79617.27878331378,79617.27878331378,79617.27878331378,79617.27878331378,0,1
1371980340000,1371980399999,79617.27878331378,79617.27878331378,79617.27878331378,79617.27878331378,0,1
1371980400000,1371980459999,79617.27878331378,79617.27878331378,79617.27878331378,79617.27878331378,0,1
1371980460000,1371980519999,79617.27878331378,79617.27878331378,79617.27878331378,79617.27878331378,0,1
1371980520000,1371980579999,79617.27878331378,79617.27878331378,79617.27878331378,79617.27878331378,0,1
1371980580000,1371980639999,79617.27878331378,79617.27878331378,79617.27878331378,79617.27878331378,0,1
1371980640000,1371980699999,79617.27878331378,79617.27878331378,79617.27878331378,79617.27878331378,0,1
1371980700000,1371980759999,79617.27878331378,79617.27878331378,79617.27878331378,79617.27878331378,0,1
1371980760000,1371980819999,79617.27878331378,79617.27878331378,79617.27878331378,79617.27878331378,0,1
1371980820000,1371980879999,79617.27878331378,79617.27878331378,79617.27878331378,79617.27878331378,0,1
1371980880000,1371980939999,79617.27878331378,79617.27878331378,79617.27878331378,79617.27878331378,0,1
1371980940000,1371980999999,79617.27878331378,79617.27878331378,79617.27878331378,79617.27878331378,0,1
1371981000000,1371981059999,79617.27878331378,79617.27878331378,79617.27878331378,79617.27878331378,0,1
1371981060000,1371981119999,79617.27878331378,79617.27878331378,79617.27878331378,79617.27878331378,0,1
1371981120000,1371981179999,79617.27878331378,79617.27878331378,79617.27878331378,79617.27878331378,0,1
1371981180000,1371981239999,79617.27878331378,79617.27878331378,79617.27878331378,79617.27878331378,0,1
1371981240000,1371981299999,79617.27878331378,79617.27878331378,79617.27878331378,79617.27878331378,0,1
1371981300000,1371981359999,79617.27878331378,79617.27878331378,79617.27878331378,79617.27878331378,0,1
1371981360000,1371981419999,79617.27878331378,79617.27878331378,79617.27878331378,79617.27878331378,0,1
1371981420000,1371981479999,79617.27878331378,79617.27878331378,79617.27878331378,79617.27878331378,0,1
1371981480000,1371981539999,79617.27878331378,79617.27878331378,79617.27878331378,79617.27878331378,0,1
1371981540000,1371981599999,79617.27878331378,79617.27878331378,79617.27878331378,79617.27878331378,0,1
1371981600000,1371981659999,79617.27878331378,79617.27878331378,79617.27878331378,79617.27878331378,0,1
1371981660000,1371981719999,79617.27878331378,79617.27878331378,79617.27878331378,79617.27878331378,0,1
1371981720000,1371981779999,79617.27878331378,79617.27878331378,79617.27878331378,79617.27878331378,0,1
1371981780000,1371981839999,79617.27878331378,79617.27878331378,79617.27878331378,79617.27878331378,0,1
1371981840000,1371981899999,79617.27878331378,79617.27878331378,79617.27878331378,79617.27878331378,0,1
1371981900000,1371981959999,79617.27878331378,79617.27878331378,79617.27878331378,79617.27878331378,0,1
1371981960000,1371982019999,79617.27878331378,79617.27878331378,79617.27878331378,79617.27878331378,0,1
1371982020000,1371982079999,79617.27878331378,79617.27878331378,79617.27878331378,79617.27878331378,0,1
1371982080000,1371982139999,79617.27878331378,79617.27878331378,79617.27878331378,79617.27878331378,0,1
1371982140000,1371982199999,79617.27878331378,79617.27878331378,79617.27878331378,79617.27878331378,0,1
1371982200000,1371982259999,79617.27878331378,79617.27878331378,79617.27878331378,79617.27878331378,0,1
1371982260000,1371982319999,79617.27878331378,79617.27878331378,79617.27878331378,79617.27878331378,0,1
1371982320000,1371982379999,79617.27878331378,79617.27878331378,79617.27878331378,79617.27878331378,0,1
1371982380000,1371982439999,79617.27878331378,79617.27878331378,79617.27878331378,79617.27878331378,0,1
1371982440000,1371982499999,79617.27878331378,79617.27878331378,79617.27878331378,79617.27878331378,0,1
1371982500000,1371982559999,79617.27878331378,79617.27878331378,79617.27878331378,79617.27878331378,0,1
1371982560000,1371982619999,79617.27878331378,79617.27878331378,79617.27878331378,79617.27878331378,0,1
1371982620000,1371982679999,79617.27878331378,79617.27878331378,79617.27878331378,79617.27878331378,0,1
1371982680000,1371982739999,79617.27878331378,79617.27878331378,79617.27878331378,79617.27878331378,0,1
1371982740000,1371982799999,79617.27878331378,79617.27878331378,79617.27878331378,79617.27878331378,0,1
1371982800000,1371982859999,79617.27878331378,79617.27878331378,79617.27878331378,79617.27878331378,0,1
1371982860000,1371982919999,79617.27878331378,79617.27878331378,79617.27878331378,79617.27878331378,0,1
1371982920000,1371982979999,79617.27878331378,79617.27878331378,79617.27878331378,79617.27878331378,0,1
1371982980000,1371983039999,79617.27878331378,79617.27878331378,79617.27878331378,79617.27878331378,0,1
1371983040000,1371983099999,79617.27878331378,79617.27878331378,79617.27878331378,79617.27878331378,0,1
1371983100000,1371983159999,79617.27878331378,79617.27878331378,79617.27878331378,79617.27878331378,0,1
1371983160000,1371983219999,79617.27878331378,79617.27878331378,79617.27878331378,79617.27878331378,0,1
1371983220000,1371983279999,79617.27878331378,79617.27878331378,79617.27878331378,79617.27878331378,0,1
1371983280000,1371983339999,79617.27878331378,79617.27878331378,79617.27878331378,79617.27878331378,0,1
1371983340000,1371983399999,79617.27878331378,79617.27878331378,79617.27878331378,79617.27878331378,0,1
1371983400000,1371983459999,79617.27878331378,79617.27878331378,79617.27878331378,79617.27878331378,0,1
1371983460000,1371983519999,79617.27878331378,79617.27878331378,79617.27878331378,79617.27878331378,0,1
1371983520000,1371983579999,79617.27878331378,79617.27878331378,79617.27878331378,79617.27878331378,0,1
1371983580000,1371983639999,79617.27878331378,79617.27878331378,79617.27878331378,79617.27878331378,0,1
1371983640000,1371983699999,79617.27878331378,79617.27878331378,79617.27878331378,79617.27878331378,0,1
1371983700000,1371983759999,79617.27878331378,79617.27878331378,79617.27878331378,79617.27878331378,0,1
1371983760000,1371983819999,79617.27878331378,79617.27878331378,79617.27878331378,79617.27878331378,0,1
1371983820000,1371983879999,79617.27878331378,79617.27878331378,79617.27878331378,79617.27878331378,0,1
1371983880000,1371983939999,79617.27878331378,79617.27878331378,79617.27878331378,79617.27878331378,0,1
1371983940000,1371983999999,79617.27878331378,79617.27878331378,79617.27878331378,79617.27878331378,0,1
1371984000000,1371984059999,79617.27878331378,79617.27878331378,79617.27878331378,79617.27878331378,0,1
1371984060000,1371984119999,79617.27878331378,79617.27878331378,79617.27878331378,79617.27878331378,0,1
1371984120000,1371984179999,79617.27878331378,79617.27878331378,79617.27878331378,79617.27878331378,0,1
1371984180000,1371984239999,79617.27878331378,79617.27878331378,79617.27878331378,79617.27878331378,0,1
1371984240000,1371984299999,79617.27878331378,79617.27878331378,79617.27878331378,79617.27878331378,0,1
1371984300000,1371984359999,79617.27878331378,79617.27878331378,79617.27878331378,79617.27878331378,0,1
1371984360000,1371984419999,79617.27878331378,79617.27878331378,79617.27878331378,79617.27878331378,0,1
1371984420000,1371984479999,79617.27878331378,79617.27878331378,79617.27878331378,79617.27878331378,0,1
1371984480000,1371984539999,79617.27878331378,79617.27878331378,79617.27878331378,79617.27878331378,0,1
1371984540000,1371984599999,79617.27878331378,79617.27878331378,79617.27878331378,79617.27878331378,0,1
1371984600000,1371984659999,79617.27878331378,79617.27878331378,79617.27878331378,79617.27878331378,0,1
1371984660000,1371984719999,79617.27878331378,79617.27878331378,79617.27878331378,79617.27878331378,0,1
1371984720000,1371984779999,79617.27878331378,79617.27878331378,79617.27878331378,79617.27878331378,0,1
1371984780000,1371984839999,79617.27878331378,79617.27878331378,79617.27878331378,79617.27878331378,0,1
1371984840000,1371984899999,79617.27878331378,79617.27878331378,79617.27878331378,79617.27878331378,0,1
1371984900000,1371984959999,79617.27878331378,79617.27878331378,79617.27878331378,79617.27878331378,0,1
1371984960000,1371985019999,79617.27878331378,79617.27878331378,79617.27878331378,79617.27878331378,0,1
1371985020000,1371985079999,79617.27878331378,79617.27878331378,79617.27878331378,79617.27878331378,0,1
1371985080000,1371985139999,79617.27878331378,79617.27878331378,79617.27878331378,79617.27878331378,0,1
1371985140000,1371985199999,79617.27878331378,79617.27878331378,79617.27878331378,79617.27878331378,0,1
1371985200000,1371985259999,79617.27878331378,79617.27878331378,79617.27878331378,79617.27878331378,0,1
1371985260000,1371985319999,79617.27878331378,79617.27878331378,79617.27878331378,79617.27878331378,0,1
1371985320000,1371985379999,79617.27878331378,79617.27878331378,79617.27878331378,79617.27878331378,0,1
1371985380000,1371985439999,79617.27878331378,79617.27878331378,79617.27878331378,79617.27878331378,0,1
1371985440000,1371985499999,79617.27878331378,79617.27878331378,79617.27878331378,79617.27878331378,0,1
1371985500000,1371985559999,79617.27878331378,79617.27878331378,79617.27878331378,79617.27878331378,0,1
1371985560000,1371985619999,79617.27878331378,79617.27878331378,79617.27878331378,79617.27878331378,0,1
1371985620000,1371985679999,79617.27878331378,79617.27878331378,79617.27878331378,79617.27878331378,0,1
1371985680000,1371985739999,79617.27878331378,79617.27878331378,79617.27878331378,79617.27878331378,0,1
1371985740000,1371985799999,79617.27878331378,79617.27878331378,79617.27878331378,79617.27878331378,0,1
1371985800000,1371985859999,79617.27878331378,79617.27878331378,79617.27878331378,79617.27878331378,0,1
1371985860000,1371985919999,79617.27878331378,79617.27878331378,79617.27878331378,79617.27878331378,0,1
1371985920000,1371985979999,79617.27878331378,79617.27878331378,79617.27878331378,79617.27878331378,0,1
1371985980000,1371986039999,79617.27878331378,79617.27878331378,79617.27878331378,79617.27878331378,0,1
1371986040000,1371986099999,79617.27878331378,79617.27878331378,79617.27878331378,79617.27878331378,0,1
1371986100000,1371986159999,79617.27878331378,79617.27878331378,79617.27878331378,79617.27878331378,0,1
1371986160000,1371986219999,79617.27878331378,79617.27878331378,79617.27878331378,79617.27878331378,0,1
1371986220000,1371986279999,79617.27878331378,79617.27878331378,79617.27878331378,79617.27878331378,0,1
1371986280000,1371986339999,79617.27878331378,79617.27878331378,79617.27878331378,79617.27878331378,0,1
1371986340000,1371986399999,79617.27878331378,79617.27878331378,79617.27878331378,79617.27878331378,0,1
1371986400000,1371986459999,79617.27878331378,79617.27878331378,79617.27878331378,79617.27878331378,0,1
1371986460000,1371986519999,79617.27878331378,79617.27878331378,79617.27878331378,79617.27878331378,0,1
1371986520000,1371986579999,79617.27878331378,79617.27878331378,79617.27878331378,79617.27878331378,0,1
1371986580000,1371986639999,79617.27878331378,79617.27878331378,79617.27878331378,79617.27878331378,0,1
1371986640000,1371986699999,79617.27878331378,79617.27878331378,79617.27878331378,79617.27878331378,0,1
1371986700000,1371986759999,79617.27878331378,79617.27878331378,79617.27878331378,79617.27878331378,0,1
1371986760000,1371986819999,79617.27878331378,79617.27878331378,79617.27878331378,79617.27878331378,0,1
1371986820000,1371986879999,79617.27878331378,79617.27878331378,79617.27878331378,79617.27878331378,0,1
1371986880000,1371986939999,79617.27878331378,79617.27878331378,79617.27878331378,79617.27878331378,0,1
1371986940000,1371986999999,79617.27878331378,79617.27878331378,79617.27878331378,79617.27878331378,0,1
1371987000000,1371987059999,79617.27878331378,79617.27878331378,79617.27878331378,79617.27878331378,0,1
1371987060000,1371987119999,79617.27878331378,79617.27878331378,79617.27878331378,79617.27878331378,0,1
1371987120000,1371987179999,79617.27878331378,79617.27878331378,79617.27878331378,79617.27878331378,0,1
1371987180000,1371987239999,79617.27878331378,79617.27878331378,79617.27878331378,79617.27878331378,0,1
1371987240000,1371987299999,79617.27878331378,79617.27878331378,79617.27878331378,79617.27878331378,0,1
1371987300000,1371987359999,79617.27878331378,79617.27878331378,79617.27878331378,79617.27878331378,0,1
1371987360000,1371987419999,79617.27878331378,79617.27878331378,79617.27878331378,79617.27878331378,0,1
1371987420000,1371987479999,79617.27878331378,79617.27878331378,79617.27878331378,79617.27878331378,0,1
1371987480000,1371987539999,79617.27878331378,79617.27878331378,79617.27878331378,79617.27878331378,0,1
1371987540000,1371987599999,79617.27878331378,79617.27878331378,79617.27878331378,79617.27878331378,0,1
1371987600000,1371987659999,79617.27878331378,79617.27878331378,79617.27878331378,79617.27878331378,0,1
1371987660000,1371987719999,79617.27878331378,79617.27878331378,79617.27878331378,79617.27878331378,0,1
1371987720000,1371987779999,79617.27878331378,79617.27878331378,79617.27878331378,79617.27878331378,0,1
1371987780000,1371987839999,79617.27878331378,79617.27878331378,79617.27878331378,79617.27878331378,0,1
1371987840000,1371987899999,79617.27878331378,79617.27878331378,79617.27878331378,79617.27878331378,0,1
1371987900000,1371987959999,79617.27878331378,79617.27878331378,79617.27878331378,79617.27878331378,0,1
1371987960000,1371988019999,79617.27878331378,79617.27878331378,79617.27878331378,79617.27878331378,0,1
1371988020000,1371988079999,79617.27878331378,79617.27878331378,79617.27878331378,79617.27878331378,0,1
1371988080000,1371988139999,79617.27878331378,79617.27878331378,79617.27878331378,79617.27878331378,0,1
1371988140000,1371988199999,79617.27878331378,79617.27878331378,79617.27878331378,79617.27878331378,0,1
1371988200000,1371988259999,79617.27878331378,79617.27878331378,79617.27878331378,79617.27878331378,0,1
1371988260000,1371988319999,79617.27878331378,79617.27878331378,79617.27878331378,79617.27878331378,0,1
1371988320000,1371988379999,79617.27878331378,79617.27878331378,79617.27878331378,79617.27878331378,0,1
1371988380000,1371988439999,79617.27878331378,79617.27878331378,79617.27878331378,79617.27878331378,0,1
1371988440000,1371988499999,79617.27878331378,79617.27878331378,79617.27878331378,79617.27878331378,0,1
1371988500000,1371988559999,79617.27878331378,79617.27878331378,79617.27878331378,79617.27878331378,0,1
1371988560000,1371988619999,79617.27878331378,79617.27878331378,79617.27878331378,79617.27878331378,0,1
1371988620000,1371988679999,79617.27878331378,79617.27878331378,79617.27878331378,79617.27878331378,0,1
1371988680000,1371988739999,79617.27878331378,79617.27878331378,79617.27878331378,79617.27878331378,0,1
1371988740000,1371988799999,79617.27878331378,79617.27878331378,79617.27878331378,79617.27878331378,0,1
1371988800000,1371988859999,79617.27878331378,79617.27878331378,79617.27878331378,79617.27878331378,0,1
1371988860000,1371988919999,79617.27878331378,79617.27878331378,79617.27878331378,79617.27878331378,0,1
1371988920000,1371988979999,79617.27878331378,79617.27878331378,79617.27878331378,79617.27878331378,0,1
1371988980000,1371989039999,79617.27878331378,79617.27878331378,79617.27878331378,79617.27878331378,0,1
1371989040000,1371989099999,79617.27878331378,79617.27878331378,79617.27878331378,79617.27878331378,0,1
1371989100000,1371989159999,79617.27878331378,79617.27878331378,79617.27878331378,79617.27878331378,0,1
1371989160000,1371989219999,79617.27878331378,79617.27878331378,79617.27878331378,79617.27878331378,0,1
1371989220000,1371989279999,79617.27878331378,79617.27878331378,79617.27878331378,79617.27878331378,0,1
1371989280000,1371989339999,79617.27878331378,79617.27878331378,79617.27878331378,79617.27878331378,0,1
1371989340000,1371989399999,79617.27878331378,79617.27878331378,79617.27878331378,79617.27878331378,0,1
1371989400000,1371989459999,79617.27878331378,79617.27878331378,79617.27878331378,79617.27878331378,0,1
1371989460000,1371989519999,79617.27878331378,79617.27878331378,79617.27878331378,79617.27878331378,0,1
1371989520000,1371989579999,79617.27878331378,79617.27878331378,79617.27878331378,79617.27878331378,0,1
1371989580000,1371989639999,79617.27878331378,79617.27878331378,79617.27878331378,79617.27878331378,0,1
1371989640000,1371989699999,79617.27878331378,79617.27878331378,79617.27878331378,79617.27878331378,0,1
1371989700000,1371989759999,79617.27878331378,79617.27878331378,79617.27878331378,79617.27878331378,0,1
1371989760000,1371989819999,79617.27878331378,79617.27878331378,79617.27878331378,79617.27878331378,0,1
1371989820000,1371989879999,79617.27878331378,79617.27878331378,79617.27878331378,79617.27878331378,0,1
1371989880000,1371989939999,79617.27878331378,79617.27878331378,79617.27878331378,79617.27878331378,0,1
1371989940000,1371989999999,79617.27878331378,79617.27878331378,79617.27878331378,79617.27878331378,0,1
1371990000000,1371990059999,79617.27878331378,79617.27878331378,79617.27878331378,79617.27878331378,0,1
1371990060000,1371990119999,79617.27878331378,79617.27878331378,79617.27878331378,79617.27878331378,0,1
1371990120000,1371990179999,79617.27878331378,79617.27878331378,79617.27878331378,79617.27878331378,0,1
1371990180000,1371990239999,79617.27878331378,79617.27878331378,79617.27878331378,79617.27878331378,0,1
1371990240000,1371990299999,79617.27878331378,79617.27878331378,79617.27878331378,79617.27878331378,0,1
1371990300000,1371990359999,79617.27878331378,79617.27878331378,79617.27878331378,79617.27878331378,0,1
1371990360000,1371990419999,79617.27878331378,79617.27878331378,79617.27878331378,79617.27878331378,0,1
1371990420000,1371990479999,79617.27878331378,79617.27878331378,79617.27878331378,79617.27878331378,0,1
1371990480000,1371990539999,79617.27878331378,79617.27878331378,79617.27878331378,79617.27878331378,0,1
1371990540000,1371990599999,79617.27878331378,79617.27878331378,79617.27878331378,79617.27878331378,0,1
1371990600000,1371990659999,79617.27878331378,79617.27878331378,79617.27878331378,79617.27878331378,0,1
1371990660000,1371990719999,79617.27878331378,79617.27878331378,79617.27878331378,79617.27878331378,0,1
1371990720000,1371990779999,79617.27878331378,79617.27878331378,79617.27878331378,79617.27878331378,0,1
1371990780000,1371990839999,79617.27878331378,79617.27878331378,79617.27878331378,79617.27878331378,0,1
1371990840000,1371990899999,79617.27878331378,79617.27878331378,79617.27878331378,79617.27878331378,0,1
1371990900000,1371990959999,79617.27878331378,79617.27878331378,79617.27878331378,79617.27878331378,0,1
1371990960000,1371991019999,79617.27878331378,79617.27878331378,79617.27878331378,79617.27878331378,0,1
1371991020000,1371991079999,79617.27878331378,79617.27878331378,79617.27878331378,79617.27878331378,0,1
1371991080000,1371991139999,79617.27878331378,79617.27878331378,79617.27878331378,79617.27878331378,0,1
1371991140000,1371991199999,79617.27878331378,79617.27878331378,79617.27878331378,79617.27878331378,0,1
1371991200000,1371991259999,79617.27878331378,79617.27878331378,79617.27878331378,79617.27878331378,0,1
1371991260000,1371991319999,79617.27878331378,79617.27878331378,79617.27878331378,79617.27878331378,0,1
1371991320000,1371991379999,79617.27878331378,79617.27878331378,79617.27878331378,79617.27878331378,0,1
1371991380000,1371991439999,79617.27878331378,79617.27878331378,79617.27878331378,79617.27878331378,0,1
1371991440000,1371991499999,79617.27878331378,79617.27878331378,79617.27878331378,79617.27878331378,0,1
1371991500000,1371991559999,79617.27878331378,79617.27878331378,79617.27878331378,79617.27878331378,0,1
1371991560000,1371991619999,79617.27878331378,79617.27878331378,79617.27878331378,79617.27878331378,0,1
1371991620000,1371991679999,79617.27878331378,79617.27878331378,79617.27878331378,79617.27878331378,0,1
1371991680000,1371991739999,79617.27878331378,79617.27878331378,79617.27878331378,79617.27878331378,0,1
1371991740000,1371991799999,79617.27878331378,79617.27878331378,79617.27878331378,79617.27878331378,0,1
1371991800000,1371991859999,79617.27878331378,79617.27878331378,79617.27878331378,79617.27878331378,0,1
1371991860000,1371991919999,79617.27878331378,79617.27878331378,79617.27878331378,79617.27878331378,0,1
1371991920000,1371991979999,79617.27878331378,79617.27878331378,79617.27878331378,79617.27878331378,0,1
1371991980000,1371992039999,79617.27878331378,79617.27878331378,79617.27878331378,79617.27878331378,0,1
1371992040000,1371992099999,79617.27878331378,79617.27878331378,79617.27878331378,79617.27878331378,0,1
1371992100000,1371992159999,79617.27878331378,79617.27878331378,79617.27878331378,79617.27878331378,0,1
1371992160000,1371992219999,79617.27878331378,79617.27878331378,79617.27878331378,79617.27878331378,0,1
1371992220000,1371992279999,79617.27878331378,79617.27878331378,79617.27878331378,79617.27878331378,0,1
1371992280000,1371992339999,79617.27878331378,79617.27878331378,79617.27878331378,79617.27878331378,0,1
1371992340000,1371992399999,79617.27878331378,79617.27878331378,79617.27878331378,79617.27878331378,0,1
1371992400000,1371992459999,79617.27878331378,79617.27878331378,79617.27878331378,79617.27878331378,0,1
1371992460000,1371992519999,79617.27878331378,79617.27878331378,79617.27878331378,79617.27878331378,0,1
1371992520000,1371992579999,79617.27878331378,79617.27878331378,79617.27878331378,79617.27878331378,0,1
1371992580000,1371992639999,79617.27878331378,79617.27878331378,79617.27878331378,79617.27878331378,0,1
1371992640000,1371992699999,79617.27878331378,79617.27878331378,79617.27878331378,79617.27878331378,0,1
1371992700000,1371992759999,79617.27878331378,79617.27878331378,79617.27878331378,79617.27878331378,0,1
1371992760000,1371992819999,79617.27878331378,79617.27878331378,79617.27878331378,79617.27878331378,0,1
1371992820000,1371992879999,79617.27878331378,79617.27878331378,79617.27878331378,79617.27878331378,0,1
1371992880000,1371992939999,79617.27878331378,79617.27878331378,79617.27878331378,79617.27878331378,0,1
1371992940000,1371992999999,79617.27878331378,79617.27878331378,79617.27878331378,79617.27878331378,0,1
1371993000000,1371993059999,79617.27878331378,79617.27878331378,79617.27878331378,79617.27878331378,0,1
1371993060000,1371993119999,79617.27878331378,79617.27878331378,79617.27878331378,79617.27878331378,0,1
1371993120000,1371993179999,79617.27878331378,79617.27878331378,79617.27878331378,79617.27878331378,0,1
1371993180000,1371993239999,79617.27878331378,79617.27878331378,79617.27878331378,79617.27878331378,0,1
1371993240000,1371993299999,79617.27878331378,79617.27878331378,79617.27878331378,79617.27878331378,0,1
1371993300000,1371993359999,79617.27878331378,79617.27878331378,79617.27878331378,79617.27878331378,0,1
1371993360000,1371993419999,79617.27878331378,79617.27878331378,79617.27878331378,79617.27878331378,0,1
1371993420000,1371993479999,79617.27878331378,79617.27878331378,79617.27878331378,79617.27878331378,0,1
1371993480000,1371993539999,79617.27878331378,79617.27878331378,79617.27878331378,79617.27878331378,0,1
1371993540000,1371993599999,79617.27878331378,79617.27878331378,79617.27878331378,79617.27878331378,0,1
1371993600000,1371993659999,79617.27878331378,79617.27878331378,79617.27878331378,79617.27878331378,0,1
1371993660000,1371993719999,79617.27878331378,79617.27878331378,79617.27878331378,79617.27878331378,0,1
1371993720000,1371993779999,79617.27878331378,79617.27878331378,79617.27878331378,79617.27878331378,0,1
1371993780000,1371993839999,79617.27878331378,79617.27878331378,79617.27878331378,79617.27878331378,0,1
1371993840000,1371993899999,79617.27878331378,79617.27878331378,79617.27878331378,79617.27878331378,0,1
1371993900000,1371993959999,79617.27878331378,79617.27878331378,79617.27878331378,79617.27878331378,0,1
1371993960000,1371994019999,79617.27878331378,79617.27878331378,79617.27878331378,79617.27878331378,0,1
1371994020000,1371994079999,79617.27878331378,79617.27878331378,79617.27878331378,79617.27878331378,0,1
1371994080000,1371994139999,79617.27878331378,79617.27878331378,79617.27878331378,79617.27878331378,0,1
1371994140000,1371994199999,79617.27878331378,79617.27878331378,79617.27878331378,79617.27878331378,0,1
1371994200000,1371994259999,79617.27878331378,79617.27878331378,79617.27878331378,79617.27878331378,0,1
1371994260000,1371994319999,79617.27878331378,79617.27878331378,79617.27878331378,79617.27878331378,0,1
1371994320000,1371994379999,79617.27878331378,79617.27878331378,79617.27878331378,79617.27878331378,0,1
1371994380000,1371994439999,79617.27878331378,79617.27878331378,79617.27878331378,79617.27878331378,0,1
1371994440000,1371994499999,79617.27878331378,79617.27878331378,79617.27878331378,79617.27878331378,0,1
1371994500000,1371994559999,79617.27878331378,79617.27878331378,79617.27878331378,79617.27878331378,0,1
1371994560000,1371994619999,79617.27878331378,79617.27878331378,79617.27878331378,79617.27878331378,0,1
1371994620000,1371994679999,79617.27878331378,79617.27878331378,79617.27878331378,79617.27878331378,0,1
1371994680000,1371994739999,79617.27878331378,79617.27878331378,79617.27878331378,79617.27878331378,0,1
1371994740000,1371994799999,79617.27878331378,79617.27878331378,79617.27878331378,79617.27878331378,0,1
1371994800000,1371994859999,79617.27878331378,79617.27878331378,79617.27878331378,79617.27878331378,0,1
1371994860000,1371994919999,79617.27878331378,79617.27878331378,79617.27878331378,79617.27878331378,0,1
1371994920000,1371994979999,79617.27878331378,79617.27878331378,79617.27878331378,79617.27878331378,0,1
1371994980000,1371995039999,79617.27878331378,79617.27878331378,79617.27878331378,79617.27878331378,0,1
1371995040000,1371995099999,79617.27878331378,79617.27878331378,79617.27878331378,79617.27878331378,0,1
1371995100000,1371995159999,79617.27878331378,79617.27878331378,79617.27878331378,79617.27878331378,0,1
1371995160000,1371995219999,79617.27878331378,79617.27878331378,79617.27878331378,79617.27878331378,0,1
1371995220000,1371995279999,79617.27878331378,79617.27878331378,79617.27878331378,79617.27878331378,0,1
1371995280000,1371995339999,79617.27878331378,79617.27878331378,79617.27878331378,79617.27878331378,0,1
1371995340000,1371995399999,79617.27878331378,79617.27878331378,79617.27878331378,79617.27878331378,0,1
1371995400000,1371995459999,79617.27878331378,79617.27878331378,79617.27878331378,79617.27878331378,0,1
1371995460000,1371995519999,79617.27878331378,79617.27878331378,79617.27878331378,79617.27878331378,0,1
1371995520000,1371995579999,79617.27878331378,79617.27878331378,79617.27878331378,79617.27878331378,0,1
1371995580000,1371995639999,79617.27878331378,79617.27878331378,79617.27878331378,79617.27878331378,0,1
1371995640000,1371995699999,79617.27878331378,79617.27878331378,79617.27878331378,79617.27878331378,0,1
1371995700000,1371995759999,79617.27878331378,79617.27878331378,79617.27878331378,79617.27878331378,0,1
1371995760000,1371995819999,79617.27878331378,79617.27878331378,79617.27878331378,79617.27878331378,0,1
1371995820000,1371995879999,79617.27878331378,79617.27878331378,79617.27878331378,79617.27878331378,0,1
1371995880000,1371995939999,79617.27878331378,79617.27878331378,79617.27878331378,79617.27878331378,0,1
1371995940000,1371995999999,79617.27878331378,79617.27878331378,79617.27878331378,79617.27878331378,0,1
1371996000000,1371996059999,79617.27878331378,79617.27878331378,79617.27878331378,79617.27878331378,0,1
1371996060000,1371996119999,79617.27878331378,79617.27878331378,79617.27878331378,79617.27878331378,0,1
1371996120000,1371996179999,79617.27878331378,79617.27878331378,79617.27878331378,79617.27878331378,0,1
1371996180000,1371996239999,79617.27878331378,79617.27878331378,79617.27878331378,79617.27878331378,0,1
1371996240000,1371996299999,79617.27878331378,79617.27878331378,79617.27878331378,79617.27878331378,0,1
1371996300000,1371996359999,79617.27878331378,79617.27878331378,79617.27878331378,79617.27878331378,0,1
1371996360000,1371996419999,79617.27878331378,79617.27878331378,79617.27878331378,79617.27878331378,0,1
1371996420000,1371996479999,79617.27878331378,79617.27878331378,79617.27878331378,79617.27878331378,0,1
1371996480000,1371996539999,79617.27878331378,79617.27878331378,79617.27878331378,79617.27878331378,0,1
1371996540000,1371996599999,79617.27878331378,79617.27878331378,79617.27878331378,79617.27878331378,0,1
1371996600000,1371996659999,79617.27878331378,79617.27878331378,79617.27878331378,79617.27878331378,0,1
1371996660000,1371996719999,79617.27878331378,79617.27878331378,79617.27878331378,79617.27878331378,0,1
1371996720000,1371996779999,79617.27878331378,79617.27878331378,79617.27878331378,79617.27878331378,0,1
1371996780000,1371996839999,79617.27878331378,79617.27878331378,79617.27878331378,79617.27878331378,0,1
1371996840000,1371996899999,79617.27878331378,79617.27878331378,79617.27878331378,79617.27878331378,0,1
1371996900000,1371996959999,79617.27878331378,79617.27878331378,79617.27878331378,79617.27878331378,0,1
1371996960000,1371997019999,79617.27878331378,79617.27878331378,79617.27878331378,79617.27878331378,0,1
1371997020000,1371997079999,79617.27878331378,79617.27878331378,79617.27878331378,79617.27878331378,0,1
1371997080000,1371997139999,79617.27878331378,79617.27878331378,79617.27878331378,79617.27878331378,0,1
1371997140000,1371997199999,79617.27878331378,79617.27878331378,79617.27878331378,79617.27878331378,0,1
1371997200000,1371997259999,79617.27878331378,79617.27878331378,79617.27878331378,79617.27878331378,0,1
1371997260000,1371997319999,79617.27878331378,79617.27878331378,79617.27878331378,79617.27878331378,0,1
1371997320000,1371997379999,79617.27878331378,79617.27878331378,79617.27878331378,79617.27878331378,0,1
1371997380000,1371997439999,79617.27878331378,79617.27878331378,79617.27878331378,79617.27878331378,0,1
1371997440000,1371997499999,79617.27878331378,79617.27878331378,79617.27878331378,79617.27878331378,0,1
1371997500000,1371997559999,79617.27878331378,79617.27878331378,79617.27878331378,79617.27878331378,0,1
1371997560000,1371997619999,79617.27878331378,79617.27878331378,79617.27878331378,79617.27878331378,0,1
1371997620000,1371997679999,79617.27878331378,79617.27878331378,79617.27878331378,79617.27878331378,0,1
1371997680000,1371997739999,79617.27878331378,79617.27878331378,79617.27878331378,79617.27878331378,0,1
1371997740000,1371997799999,79617.27878331378,79617.27878331378,79617.27878331378,79617.27878331378,0,1
1371997800000,1371997859999,79617.27878331378,79617.27878331378,79617.27878331378,79617.27878331378,0,1
1371997860000,1371997919999,79617.27878331378,79617.27878331378,79617.27878331378,79617.27878331378,0,1
1371997920000,1371997979999,79617.27878331378,79617.27878331378,79617.27878331378,79617.27878331378,0,1
1371997980000,1371998039999,79617.27878331378,79617.27878331378,79617.27878331378,79617.27878331378,0,1
1371998040000,1371998099999,79617.27878331378,79617.27878331378,79617.27878331378,79617.27878331378,0,1
1371998100000,1371998159999,79617.27878331378,79617.27878331378,79617.27878331378,79617.27878331378,0,1
1371998160000,1371998219999,79617.27878331378,79617.27878331378,79617.27878331378,79617.27878331378,0,1
1371998220000,1371998279999,79617.27878331378,79617.27878331378,79617.27878331378,79617.27878331378,0,1
1371998280000,1371998339999,79617.27878331378,79617.27878331378,79617.27878331378,79617.27878331378,0,1
1371998340000,1371998399999,79617.27878331378,79617.27878331378,79617.27878331378,79617.27878331378,0,1
1371998400000,1371998459999,79617.27878331378,79617.27878331378,79617.27878331378,79617.27878331378,0,1
1371998460000,1371998519999,79617.27878331378,79617.27878331378,79617.27878331378,79617.27878331378,0,1
1371998520000,1371998579999,79617.27878331378,79617.27878331378,79617.27878331378,79617.27878331378,0,1
1371998580000,1371998639999,79617.27878331378,79617.27878331378,79617.27878331378,79617.27878331378,0,1
1371998640000,1371998699999,79617.27878331378,79617.27878331378,79617.27878331378,79617.27878331378,0,1
1371998700000,1371998759999,79617.27878331378,79617.27878331378,79617.27878331378,79617.27878331378,0,1
1371998760000,1371998819999,79617.27878331378,79617.27878331378,79617.27878331378,79617.27878331378,0,1
1371998820000,1371998879999,79617.27878331378,79617.27878331378,79617.27878331378,79617.27878331378,0,1
1371998880000,1371998939999,79617.27878331378,79617.27878331378,79617.27878331378,79617.27878331378,0,1
1371998940000,1371998999999,79617.27878331378,79617.27878331378,79617.27878331378,79617.27878331378,0,1
1371999000000,1371999059999,79617.27878331378,79617.27878331378,79617.27878331378,79617.27878331378,0,1
1371999060000,1371999119999,79617.27878331378,79617.27878331378,79617.27878331378,79617.27878331378,0,1
1371999120000,1371999179999,79617.27878331378,79617.27878331378,79617.27878331378,79617.27878331378,0,1
1371999180000,1371999239999,79617.27878331378,79617.27878331378,79617.27878331378,79617.27878331378,0,1
1371999240000,1371999299999,79617.27878331378,79617.27878331378,79617.27878331378,79617.27878331378,0,1
1371999300000,1371999359999,79617.27878331378,79617.27878331378,79617.27878331378,79617.27878331378,0,1
1371999360000,1371999419999,79617.27878331378,79617.27878331378,79617.27878331378,79617.27878331378,0,1
1371999420000,1371999479999,79617.27878331378,79617.27878331378,79617.27878331378,79617.27878331378,0,1
1371999480000,1371999539999,79617.27878331378,79617.27878331378,79617.27878331378,79617.27878331378,0,1
1371999540000,1371999599999,79617.27878331378,79617.27878331378,79617.27878331378,79617.27878331378,0,1
1371999600000,1371999659999,79617.27878331378,79617.27878331378,79617.27878331378,79617.27878331378,0,1
1371999660000,1371999719999,79617.27878331378,79617.27878331378,79617.27878331378,79617.27878331378,0,1
1371999720000,1371999779999,79617.27878331378,79617.27878331378,79617.27878331378,79617.27878331378,0,1
1371999780000,1371999839999,79617.27878331378,79617.27878331378,79617.27878331378,79617.27878331378,0,1
1371999840000,1371999899999,79617.27878331378,79617.27878331378,79617.27878331378,79617.27878331378,0,1
1371999900000,1371999959999,79617.27878331378,79617.27878331378,79617.27878331378,79617.27878331378,0,1
1371999960000,1372000019999,79617.27878331378,79617.27878331378,79617.27878331378,79617.27878331378,0,1
1372000020000,1372000079999,79617.27878331378,79617.27878331378,79617.27878331378,79617.27878331378,0,1
1372000080000,1372000139999,79617.27878331378,79617.27878331378,79617.27878331378,79617.27878331378,0,1
1372000140000,1372000199999,79617.27878331378,79617.27878331378,79617.27878331378,79617.27878331378,0,1
1372000200000,1372000259999,79617.27878331378,79617.27878331378,79617.27878331378,79617.27878331378,0,1
1372000260000,1372000319999,79617.27878331378,79617.27878331378,79617.27878331378,79617.27878331378,0,1
1372000320000,1372000379999,79617.27878331378,79617.27878331378,79617.27878331378,79617.27878331378,0,1
1372000380000,1372000439999,79617.27878331378,79617.27878331378,79617.27878331378,79617.27878331378,0,1
1372000440000,1372000499999,79617.27878331378,79617.27878331378,79617.27878331378,79617.27878331378,0,1
1372000500000,1372000559999,79617.27878331378,79617.27878331378,79617.27878331378,79617.27878331378,0,1
1372000560000,1372000619999,79617.27878331378,79617.27878331378,79617.27878331378,79617.27878331378,0,1
1372000620000,1372000679999,79617.27878331378,79617.27878331378,79617.27878331378,79617.27878331378,0,1
1372000680000,1372000739999,79617.27878331378,79617.27878331378,79617.27878331378,79617.27878331378,0,1
1372000740000,1372000799999,79617.27878331378,79617.27878331378,79617.27878331378,79617.27878331378,0,1
1372000800000,1372000859999,79617.27878331378,79617.27878331378,79617.27878331378,79617.27878331378,0,1
1372000860000,1372000919999,79617.27878331378,79617.27878331378,79617.27878331378,79617.27878331378,0,1
1372000920000,1372000979999,79617.27878331378,79617.27878331378,79617.27878331378,79617.27878331378,0,1
1372000980000,1372001039999,79617.27878331378,79617.27878331378,79617.27878331378,79617.27878331378,0,1
1372001040000,1372001099999,79617.27878331378,79617.27878331378,79617.27878331378,79617.27878331378,0,1
1372001100000,1372001159999,79617.27878331378,79617.27878331378,79617.27878331378,79617.27878331378,0,1
1372001160000,1372001219999,79617.27878331378,79617.27878331378,79617.27878331378,79617.27878331378,0,1
1372001220000,1372001279999,79617.27878331378,79617.27878331378,79617.27878331378,79617.27878331378,0,1
1372001280000,1372001339999,79617.27878331378,79617.27878331378,79617.27878331378,79617.27878331378,0,1
1372001340000,1372001399999,79617.27878331378,79617.27878331378,79617.27878331378,79617.27878331378,0,1
1372001400000,1372001459999,79617.27878331378,79617.27878331378,79617.27878331378,79617.27878331378,0,1
1372001460000,1372001519999,79617.27878331378,79617.27878331378,79617.27878331378,79617.27878331378,0,1
1372001520000,1372001579999,79617.27878331378,79617.27878331378,79617.27878331378,79617.27878331378,0,1
1372001580000,1372001639999,79617.27878331378,79617.27878331378,79617.27878331378,79617.27878331378,0,1
1372001640000,1372001699999,79617.27878331378,79617.27878331378,79617.27878331378,79617.27878331378,0,1
1372001700000,1372001759999,79617.27878331378,79617.27878331378,79617.27878331378,79617.27878331378,0,1
1372001760000,1372001819999,79617.27878331378,79617.27878331378,79617.27878331378,79617.27878331378,0,1
1372001820000,1372001879999,79617.27878331378,79617.27878331378,79617.27878331378,79617.27878331378,0,1
1372001880000,1372001939999,79617.27878331378,79617.27878331378,79617.27878331378,79617.27878331378,0,1
1372001940000,1372001999999,79617.27878331378,79617.27878331378,79617.27878331378,79617.27878331378,0,1
1372002000000,1372002059999,79617.27878331378,79617.27878331378,79617.27878331378,79617.27878331378,0,1
1372002060000,1372002119999,79617.27878331378,79617.27878331378,79617.27878331378,79617.27878331378,0,1
1372002120000,1372002179999,79617.27878331378,79617.27878331378,79617.27878331378,79617.27878331378,0,1
1372002180000,1372002239999,79617.27878331378,79617.27878331378,79617.27878331378,79617.27878331378,0,1
1372002240000,1372002299999,79617.27878331378,79617.27878331378,79617.27878331378,79617.27878331378,0,1
1372002300000,1372002359999,79617.27878331378,79617.27878331378,79617.27878331378,79617.27878331378,0,1
1372002360000,1372002419999,79617.27878331378,79617.27878331378,79617.27878331378,79617.27878331378,0,1
1372002420000,1372002479999,79617.27878331378,79617.27878331378,79617.27878331378,79617.27878331378,0,1
1372002480000,1372002539999,79617.27878331378,79617.27878331378,79617.27878331378,79617.27878331378,0,1
1372002540000,1372002599999,79617.27878331378,79617.27878331378,79617.27878331378,79617.27878331378,0,1
1372002600000,1372002659999,79617.27878331378,79617.27878331378,79617.27878331378,79617.27878331378,0,1
1372002660000,1372002719999,79617.27878331378,79617.27878331378,79617.27878331378,79617.27878331378,0,1
1372002720000,1372002779999,79617.27878331378,79617.27878331378,79617.27878331378,79617.27878331378,0,1
1372002780000,1372002839999,79617.27878331378,79617.27878331378,79617.27878331378,79617.27878331378,0,1
1372002840000,1372002899999,79617.27878331378,79617.27878331378,79617.27878331378,79617.27878331378,0,1
1372002900000,1372002959999,79617.27878331378,79617.27878331378,79617.27878331378,79617.27878331378,0,1
1372002960000,1372003019999,79617.27878331378,79617.27878331378,79617.27878331378,79617.27878331378,0,1
1372003020000,1372003079999,79617.27878331378,79617.27878331378,79617.27878331378,79617.27878331378,0,1
1372003080000,1372003139999,79617.27878331378,79617.27878331378,79617.27878331378,79617.27878331378,0,1
1372003140000,1372003199999,79617.27878331378,79617.27878331378,79617.27878331378,79617.27878331378,0,1
1372003200000,1372003259999,79617.27878331378,79617.27878331378,79617.27878331378,79617.27878331378,0,1
1372003260000,1372003319999,79617.27878331378,79617.27878331378,79617.27878331378,79617.27878331378,0,1
1372003320000,1372003379999,79617.27878331378,79617.27878331378,79617.27878331378,79617.27878331378,0,1
1372003380000,1372003439999,79617.27878331378,79617.27878331378,79617.27878331378,79617.27878331378,0,1
1372003440000,1372003499999,79617.27878331378,79617.27878331378,79617.27878331378,79617.27878331378,0,1
1372003500000,1372003559999,79617.27878331378,79617.27878331378,79617.27878331378,79617.27878331378,0,1
1372003560000,1372003619999,79617.27878331378,79617.27878331378,79617.27878331378,79617.27878331378,0,1
1372003620000,1372003679999,79617.27878331378,79617.27878331378,79617.27878331378,79617.27878331378,0,1
1372003680000,1372003739999,79617.27878331378,79617.27878331378,79617.27878331378,79617.27878331378,0,1
1372003740000,1372003799999,79617.27878331378,79617.27878331378,79617.27878331378,79617.27878331378,0,1
1372003800000,1372003859999,79617.27878331378,79617.27878331378,79617.27878331378,79617.27878331378,0,1
1372003860000,1372003919999,79617.27878331378,79617.27878331378,79617.27878331378,79617.27878331378,0,1
1372003920000,1372003979999,79617.27878331378,79617.27878331378,79617.27878331378,79617.27878331378,0,1
1372003980000,1372004039999,79617.27878331378,79617.27878331378,79617.27878331378,79617.27878331378,0,1
1372004040000,1372004099999,79617.27878331378,79617.27878331378,79617.27878331378,79617.27878331378,0,1
1372004100000,1372004159999,79617.27878331378,79617.27878331378,79617.27878331378,79617.27878331378,0,1
1372004160000,1372004219999,79617.27878331378,79617.27878331378,79617.27878331378,79617.27878331378,0,1
1372004220000,1372004279999,79617.27878331378,79617.27878331378,79617.27878331378,79617.27878331378,0,1
1372004280000,1372004339999,79617.27878331378,79617.27878331378,79617.27878331378,79617.27878331378,0,1
1372004340000,1372004399999,79617.27878331378,79617.27878331378,79617.27878331378,79617.27878331378,0,1
1372004400000,1372004459999,79617.27878331378,79617.27878331378,79617.27878331378,79617.27878331378,0,1
1372004460000,1372004519999,79617.27878331378,79617.27878331378,79617.27878331378,79617.27878331378,0,1
1372004520000,1372004579999,79617.27878331378,79617.27878331378,79617.27878331378,79617.27878331378,0,1
1372004580000,1372004639999,79617.27878331378,79617.27878331378,79617.27878331378,79617.27878331378,0,1
1372004640000,1372004699999,79617.27878331378,79617.27878331378,79617.27878331378,79617.27878331378,0,1
1372004700000,1372004759999,79617.27878331378,79617.27878331378,79617.27878331378,79617.27878331378,0,1
1372004760000,1372004819999,79617.27878331378,79617.27878331378,79617.27878331378,79617.27878331378,0,1
1372004820000,1372004879999,79617.27878331378,79617.27878331378,79617.27878331378,79617.27878331378,0,1
1372004880000,1372004939999,79617.27878331378,79617.27878331378,79617.27878331378,79617.27878331378,0,1
1372004940000,1372004999999,79617.27878331378,79617.27878331378,79617.27878331378,79617.27878331378,0,1
1372005000000,1372005059999,79617.27878331378,79617.27878331378,79617.27878331378,79617.27878331378,0,1
1372005060000,1372005119999,79617.27878331378,79617.27878331378,79617.27878331378,79617.27878331378,0,1
1372005120000,1372005179999,79617.27878331378,79617.27878331378,79617.27878331378,79617.27878331378,0,1
1372005180000,1372005239999,79617.27878331378,79617.27878331378,79617.27878331378,79617.27878331378,0,1
1372005240000,1372005299999,79617.27878331378,79617.27878331378,79617.27878331378,79617.27878331378,0,1
1372005300000,1372005359999,79617.27878331378,79617.27878331378,79617.27878331378,79617.27878331378,0,1
1372005360000,1372005419999,79617.27878331378,79617.27878331378,79617.27878331378,79617.27878331378,0,1
1372005420000,1372005479999,79617.27878331378,79617.27878331378,79617.27878331378,79617.27878331378,0,1
1372005480000,1372005539999,79617.27878331378,79617.27878331378,79617.27878331378,79617.27878331378,0,1
1372005540000,1372005599999,79617.27878331378,79617.27878331378,79617.27878331378,79617.27878331378,0,1
1372005600000,1372005659999,79617.27878331378,79617.27878331378,79617.27878331378,79617.27878331378,0,1
1372005660000,1372005719999,79617.27878331378,79617.27878331378,79617.27878331378,79617.27878331378,0,1
1372005720000,1372005779999,79617.27878331378,79617.27878331378,79617.27878331378,79617.27878331378,0,1
1372005780000,1372005839999,79617.27878331378,79617.27878331378,79617.27878331378,79617.27878331378,0,1
1372005840000,1372005899999,79617.27878331378,79617.27878331378,79617.27878331378,79617.27878331378,0,1
1372005900000,1372005959999,79617.27878331378,79617.27878331378,79617.27878331378,79617.27878331378,0,1
1372005960000,1372006019999,79617.27878331378,79617.27878331378,79617.27878331378,79617.27878331378,0,1
1372006020000,1372006079999,79617.27878331378,79617.27878331378,79617.27878331378,79617.27878331378,0,1
1372006080000,1372006139999,79617.27878331378,79617.27878331378,79617.27878331378,79617.27878331378,0,1
1372006140000,1372006199999,79617.27878331378,79617.27878331378,79617.27878331378,79617.27878331378,0,1
1372006200000,1372006259999,79617.27878331378,79617.27878331378,79617.27878331378,79617.27878331378,0,1
1372006260000,1372006319999,79617.27878331378,79617.27878331378,79617.27878331378,79617.27878331378,0,1
1372006320000,1372006379999,79617.27878331378,79617.27878331378,79617.27878331378,79617.27878331378,0,1
1372006380000,1372006439999,79617.27878331378,79617.27878331378,79617.27878331378,79617.27878331378,0,1
1372006440000,1372006499999,79617.27878331378,79617.27878331378,79617.27878331378,79617.27878331378,0,1
1372006500000,1372006559999,79617.27878331378,79617.27878331378,79617.27878331378,79617.27878331378,0,1
1372006560000,1372006619999,79617.27878331378,79617.27878331378,79617.27878331378,79617.27878331378,0,1
1372006620000,1372006679999,79617.27878331378,79617.27878331378,79617.27878331378,79617.27878331378,0,1
1372006680000,1372006739999,79617.27878331378,79617.27878331378,79617.27878331378,79617.27878331378,0,1
1372006740000,1372006799999,79617.27878331378,79617.27878331378,79617.27878331378,79617.27878331378,0,1
1372006800000,1372006859999,79617.27878331378,79617.27878331378,79617.27878331378,79617.27878331378,0,1
1372006860000,1372006919999,79617.27878331378,79617.27878331378,79617.27878331378,79617.27878331378,0,1
1372006920000,1372006979999,79617.27878331378,79617.27878331378,79617.27878331378,79617.27878331378,0,1
1372006980000,1372007039999,79617.27878331378,79617.27878331378,79617.27878331378,79617.27878331378,0,1
1372007040000,1372007099999,79617.27878331378,79617.27878331378,79617.27878331378,79617.27878331378,0,1
1372007100000,1372007159999,79617.27878331378,79617.27878331378,79617.27878331378,79617.27878331378,0,1
1372007160000,1372007219999,79617.27878331378,79617.27878331378,79617.27878331378,79617.27878331378,0,1
1372007220000,1372007279999,79617.27878331378,79617.27878331378,79617.27878331378,79617.27878331378,0,1
1372007280000,1372007339999,79617.27878331378,79617.27878331378,79617.27878331378,79617.27878331378,0,1
1372007340000,1372007399999,79617.27878331378,79617.27878331378,79617.27878331378,79617.27878331378,0,1
1372007400000,1372007459999,79617.27878331378,79617.27878331378,79617.27878331378,79617.27878331378,0,1
1372007460000,1372007519999,79617.27878331378,79617.27878331378,79617.27878331378,79617.27878331378,0,1
1372007520000,1372007579999,79617.27878331378,79617.27878331378,79617.27878331378,79617.27878331378,0,1
1372007580000,1372007639999,79617.27878331378,79617.27878331378,79617.27878331378,79617.27878331378,0,1
1372007640000,1372007699999,79617.27878331378,79617.27878331378,79617.27878331378,79617.27878331378,0,1
1372007700000,1372007759999,79617.27878331378,79617.27878331378,79617.27878331378,79617.27878331378,0,1
1372007760000,1372007819999,79617.27878331378,79617.27878331378,79617.27878331378,79617.27878331378,0,1
1372007820000,1372007879999,79617.27878331378,79617.27878331378,79617.27878331378,79617.27878331378,0,1
1372007880000,1372007939999,79617.27878331378,79617.27878331378,79617.27878331378,79617.27878331378,0,1
1372007940000,1372007999999,79617.27878331378,79617.27878331378,79617.27878331378,79617.27878331378,0,1
1372008000000,1372008059999,79617.27878331378,79617.27878331378,79617.27878331378,79617.27878331378,0,1
1372008060000,1372008119999,79617.27878331378,79617.27878331378,79617.27878331378,79617.27878331378,0,1
1372008120000,1372008179999,79617.27878331378,79617.27878331378,79617.27878331378,79617.27878331378,0,1
1372008180000,1372008239999,79617.27878331378,79617.27878331378,79617.27878331378,79617.27878331378,0,1
1372008240000,1372008299999,79617.27878331378,79617.27878331378,79617.27878331378,79617.27878331378,0,1
1372008300000,1372008359999,79617.27878331378,79617.27878331378,79617.27878331378,79617.27878331378,0,1
1372008360000,1372008419999,79617.27878331378,79617.27878331378,79617.27878331378,79617.27878331378,0,1
1372008420000,1372008479999,79617.27878331378,79617.27878331378,79617.27878331378,79617.27878331378,0,1
1372008480000,1372008539999,79617.27878331378,79617.27878331378,79617.27878331378,79617.27878331378,0,1
1372008540000,1372008599999,79617.27878331378,79617.27878331378,79617.27878331378,79617.27878331378,0,1
1372008600000,1372008659999,79617.27878331378,79617.27878331378,79617.27878331378,79617.27878331378,0,1
1372008660000,1372008719999,79617.27878331378,79617.27878331378,79617.27878331378,79617.27878331378,0,1
1372008720000,1372008779999,79617.27878331378,79617.27878331378,79617.27878331378,79617.27878331378,0,1
1372008780000,1372008839999,79617.27878331378,79617.27878331378,79617.27878331378,79617.27878331378,0,1
1372008840000,1372008899999,79617.27878331378,79617.27878331378,79617.27878331378,79617.27878331378,0,1
1372008900000,1372008959999,79617.27878331378,79617.27878331378,79617.27878331378,79617.27878331378,0,1
1372008960000,1372009019999,79617.27878331378,79617.27878331378,79617.27878331378,79617.27878331378,0,1
1372009020000,1372009079999,79617.27878331378,79617.27878331378,79617.27878331378,79617.27878331378,0,1
1372009080000,1372009139999,79617.27878331378,79617.27878331378,79617.27878331378,79617.27878331378,0,1
1372009140000,1372009199999,79617.27878331378,79617.27878331378,79617.27878331378,79617.27878331378,0,1
1372009200000,1372009259999,79617.27878331378,79617.27878331378,79617.27878331378,79617.27878331378,0,1
1372009260000,1372009319999,79617.27878331378,79617.27878331378,79617.27878331378,79617.27878331378,0,1
1372009320000,1372009379999,79617.27878331378,79617.27878331378,79617.27878331378,79617.27878331378,0,1
1372009380000,1372009439999,79617.27878331378,79617.27878331378,79617.27878331378,79617.27878331378,0,1
1372009440000,1372009499999,79617.27878331378,79617.27878331378,79617.27878331378,79617.27878331378,0,1
1372009500000,1372009559999,79617.27878331378,79617.27878331378,79617.27878331378,79617.27878331378,0,1
1372009560000,1372009619999,79617.27878331378,79617.27878331378,79617.27878331378,79617.27878331378,0,1
1372009620000,1372009679999,79617.27878331378,79617.27878331378,79617.27878331378,79617.27878331378,0,1
1372009680000,1372009739999,79617.27878331378,79617.27878331378,79617.27878331378,79617.27878331378,0,1
1372009740000,1372009799999,79617.27878331378,79617.27878331378,79617.27878331378,79617.27878331378,0,1
1372009800000,1372009859999,79617.27878331378,79617.27878331378,79617.27878331378,79617.27878331378,0,1
1372009860000,1372009919999,79617.27878331378,79617.27878331378,79617.27878331378,79617.27878331378,0,1
1372009920000,1372009979999,79617.27878331378,79617.27878331378,79617.27878331378,79617.27878331378,0,1
1372009980000,1372010039999,79617.27878331378,79617.27878331378,79617.27878331378,79617.27878331378,0,1
1372010040000,1372010099999,79617.27878331378,79617.27878331378,79617.27878331378,79617.27878331378,0,1
1372010100000,1372010159999,79617.27878331378,79617.27878331378,79617.27878331378,79617.27878331378,0,1
1372010160000,1372010219999,79617.27878331378,79617.27878331378,79617.27878331378,79617.27878331378,0,1
1372010220000,1372010279999,79617.27878331378,79617.27878331378,79617.27878331378,79617.27878331378,0,1
1372010280000,1372010339999,79617.27878331378,79617.27878331378,79617.27878331378,79617.27878331378,0,1
1372010340000,1372010399999,79617.27878331378,79617.27878331378,79617.27878331378,79617.27878331378,0,1
1372010400000,1372010459999,79617.27878331378,79617.27878331378,79617.27878331378,79617.27878331378,0,1
1372010460000,1372010519999,79617.27878331378,79617.27878331378,79617.27878331378,79617.27878331378,0,1
1372010520000,1372010579999,79617.27878331378,79617.27878331378,79617.27878331378,79617.27878331378,0,1
1372010580000,1372010639999,79617.27878331378,79617.27878331378,79617.27878331378,79617.27878331378,0,1
1372010640000,1372010699999,79617.27878331378,79617.27878331378,79617.27878331378,79617.27878331378,0,1
1372010700000,1372010759999,79617.27878331378,79617.27878331378,79617.27878331378,79617.27878331378,0,1
1372010760000,1372010819999,79617.27878331378,79617.27878331378,79617.27878331378,79617.27878331378,0,1
1372010820000,1372010879999,79617.27878331378,79617.27878331378,79617.27878331378,79617.27878331378,0,1
1372010880000,1372010939999,79617.27878331378,79617.27878331378,79617.27878331378,79617.27878331378,0,1
1372010940000,1372010999999,79617.27878331378,79617.27878331378,79617.27878331378,79617.27878331378,0,1
1372011000000,1372011059999,79617.27878331378,79617.27878331378,79617.27878331378,79617.27878331378,0,1
1372011060000,1372011119999,79617.27878331378,79617.27878331378,79617.27878331378,79617.27878331378,0,1
1372011120000,1372011179999,79617.27878331378,79617.27878331378,79617.27878331378,79617.27878331378,0,1
1372011180000,1372011239999,79617.27878331378,79617.27878331378,79617.27878331378,79617.27878331378,0,1
1372011240000,1372011299999,79617.27878331378,79617.27878331378,79617.27878331378,79617.27878331378,0,1
1372011300000,1372011359999,79617.27878331378,79617.27878331378,79617.27878331378,79617.27878331378,0,1
1372011360000,1372011419999,79617.27878331378,79617.27878331378,79617.27878331378,79617.27878331378,0,1
1372011420000,1372011479999,79617.27878331378,79617.27878331378,79617.27878331378,79617.27878331378,0,1
1372011480000,1372011539999,79617.27878331378,79617.27878331378,79617.27878331378,79617.27878331378,0,1
1372011540000,1372011599999,79617.27878331378,79617.27878331378,79617.27878331378,79617.27878331378,0,1
1372011600000,1372011659999,79617.27878331378,79617.27878331378,79617.27878331378,79617.27878331378,0,1
1372011660000,1372011719999,79617.27878331378,79617.27878331378,79617.27878331378,79617.27878331378,0,1
1372011720000,1372011779999,79617.27878331378,79617.27878331378,79617.27878331378,79617.27878331378,0,1
1372011780000,1372011839999,79617.27878331378,79617.27878331378,79617.27878331378,79617.27878331378,0,1
1372011840000,1372011899999,79617.27878331378,79617.27878331378,79617.27878331378,79617.27878331378,0,1
1372011900000,1372011959999,79617.27878331378,79617.27878331378,79617.27878331378,79617.27878331378,0,1
1372011960000,1372012019999,79617.27878331378,79617.27878331378,79617.27878331378,79617.27878331378,0,1
1372012020000,1372012079999,79617.27878331378,79617.27878331378,79617.27878331378,79617.27878331378,0,1
1372012080000,1372012139999,79617.27878331378,79617.27878331378,79617.27878331378,79617.27878331378,0,1
1372012140000,1372012199999,79617.27878331378,79617.27878331378,79617.27878331378,79617.27878331378,0,1
1372012200000,1372012259999,79617.27878331378,79617.27878331378,79617.27878331378,79617.27878331378,0,1
1372012260000,1372012319999,79617.27878331378,79617.27878331378,79617.27878331378,79617.27878331378,0,1
1372012320000,1372012379999,79617.27878331378,79617.27878331378,79617.27878331378,79617.27878331378,0,1
1372012380000,1372012439999,79617.27878331378,79617.27878331378,79617.27878331378,79617.27878331378,0,1
1372012440000,1372012499999,79617.27878331378,79617.27878331378,79617.27878331378,79617.27878331378,0,1
1372012500000,1372012559999,79617.27878331378,79617.27878331378,79617.27878331378,79617.27878331378,0,1
1372012560000,1372012619999,79617.27878331378,79617.27878331378,79617.27878331378,79617.27878331378,0,1
1372012620000,1372012679999,79617.27878331378,79617.27878331378,79617.27878331378,79617.27878331378,0,1
1372012680000,1372012739999,79617.27878331378,79617.27878331378,79617.27878331378,79617.27878331378,0,1
1372012740000,1372012799999,79617.27878331378,79617.27878331378,79617.27878331378,79617.27878331378,0,1
1372012800000,1372012859999,79617.27878331378,79617.27878331378,79617.27878331378,79617.27878331378,0,1
1372012860000,1372012919999,79617.27878331378,79617.27878331378,79617.27878331378,79617.27878331378,0,1
1372012920000,1372012979999,79617.27878331378,79617.27878331378,79617.27878331378,79617.27878331378,0,1
1372012980000,1372013039999,79617.27878331378,79617.27878331378,79617.27878331378,79617.27878331378,0,1
1372013040000,1372013099999,79617.27878331378,79617.27878331378,79617.27878331378,79617.27878331378,0,1
1372013100000,1372013159999,79617.27878331378,79617.27878331378,79617.27878331378,79617.27878331378,0,1
1372013160000,1372013219999,79617.27878331378,79617.27878331378,79617.27878331378,79617.27878331378,0,1
1372013220000,1372013279999,79617.27878331378,79617.27878331378,79617.27878331378,79617.27878331378,0,1
1372013280000,1372013339999,79617.27878331378,79617.27878331378,79617.27878331378,79617.27878331378,0,1
1372013340000,1372013399999,79617.27878331378,79617.27878331378,79617.27878331378,79617.27878331378,0,1
1372013400000,1372013459999,79617.27878331378,79617.27878331378,79617.27878331378,79617.27878331378,0,1
1372013460000,1372013519999,79617.27878331378,79617.27878331378,79617.27878331378,79617.27878331378,0,1
1372013520000,1372013579999,79617.27878331378,79617.27878331378,79617.27878331378,79617.27878331378,0,1
1372013580000,1372013639999,79617.27878331378,79617.27878331378,79617.27878331378,79617.27878331378,0,1
1372013640000,1372013699999,79617.27878331378,79617.27878331378,79617.27878331378,79617.27878331378,0,1
1372013700000,1372013759999,79617.27878331378,79617.27878331378,79617.27878331378,79617.27878331378,0,1
1372013760000,1372013819999,79617.27878331378,79617.27878331378,79617.27878331378,79617.27878331378,0,1
1372013820000,1372013879999,79617.27878331378,79617.27878331378,79617.27878331378,79617.27878331378,0,1
1372013880000,1372013939999,79617.27878331378,79617.27878331378,79617.27878331378,79617.27878331378,0,1
1372013940000,1372013999999,79617.27878331378,79617.27878331378,79617.27878331378,79617.27878331378,0,1
1372014000000,1372014059999,79617.27878331378,79617.27878331378,79617.27878331378,79617.27878331378,0,1
1372014060000,1372014119999,79617.27878331378,79617.27878331378,79617.27878331378,79617.27878331378,0,1
1372014120000,1372014179999,79617.27878331378,79617.27878331378,79617.27878331378,79617.27878331378,0,1
1372014180000,1372014239999,79617.27878331378,79617.27878331378,79617.27878331378,79617.27878331378,0,1
1372014240000,1372014299999,79617.27878331378,79617.27878331378,79617.27878331378,79617.27878331378,0,1
1372014300000,1372014359999,79617.27878331378,79617.27878331378,79617.27878331378,79617.27878331378,0,1
1372014360000,1372014419999,79617.27878331378,79617.27878331378,79617.27878331378,79617.27878331378,0,1
1372014420000,1372014479999,79617.27878331378,79617.27878331378,79617.27878331378,79617.27878331378,0,1
1372014480000,1372014539999,79617.27878331378,79617.27878331378,79617.27878331378,79617.27878331378,0,1
1372014540000,1372014599999,79617.27878331378,79617.27878331378,79617.27878331378,79617.27878331378,0,1
1372014600000,1372014659999,79617.27878331378,79617.27878331378,79617.27878331378,79617.27878331378,0,1
1372014660000,1372014719999,79617.27878331378,79617.27878331378,79617.27878331378,79617.27878331378,0,1
1372014720000,1372014779999,79617.27878331378,79617.27878331378,79617.27878331378,79617.27878331378,0,1
1372014780000,1372014839999,79617.27878331378,79617.27878331378,79617.27878331378,79617.27878331378,0,1
1372014840000,1372014899999,79617.27878331378,79617.27878331378,79617.27878331378,79617.27878331378,0,1
1372014900000,1372014959999,79617.27878331378,79617.27878331378,79617.27878331378,79617.27878331378,0,1
1372014960000,1372015019999,79617.27878331378,79617.27878331378,79617.27878331378,79617.27878331378,0,1
1372015020000,1372015079999,79617.27878331378,79617.27878331378,79617.27878331378,79617.27878331378,0,1
1372015080000,1372015139999,79617.27878331378,79617.27878331378,79617.27878331378,79617.27878331378,0,1
1372015140000,1372015199999,79617.27878331378,79617.27878331378,79617.27878331378,79617.27878331378,0,1
1372015200000,1372015259999,79617.27878331378,79617.27878331378,79617.27878331378,79617.27878331378,0,1
1372015260000,1372015319999,79617.27878331378,79617.27878331378,79617.27878331378,79617.27878331378,0,1
1372015320000,1372015379999,79617.27878331378,79617.27878331378,79617.27878331378,79617.27878331378,0,1
1372015380000,1372015439999,79617.27878331378,79617.27878331378,79617.27878331378,79617.27878331378,0,1
1372015440000,1372015499999,79617.27878331378,79617.27878331378,79617.27878331378,79617.27878331378,0,1
1372015500000,1372015559999,79617.27878331378,79617.27878331378,79617.27878331378,79617.27878331378,0,1
1372015560000,1372015619999,79617.27878331378,79617.27878331378,79617.27878331378,79617.27878331378,0,1
1372015620000,1372015679999,79617.27878331378,79617.27878331378,79617.27878331378,79617.27878331378,0,1
1372015680000,1372015739999,79617.27878331378,79617.27878331378,79617.27878331378,79617.27878331378,0,1
1372015740000,1372015799999,79617.27878331378,79617.27878331378,79617.27878331378,79617.27878331378,0,1
1372015800000,1372015859999,79617.27878331378,79617.27878331378,79617.27878331378,79617.27878331378,0,1
1372015860000,1372015919999,79617.27878331378,79617.27878331378,79617.27878331378,79617.27878331378,0,1
1372015920000,1372015979999,79617.27878331378,79617.27878331378,79617.27878331378,79617.27878331378,0,1
1372015980000,1372016039999,79617.27878331378,79617.27878331378,79617.27878331378,79617.27878331378,0,1
1372016040000,1372016099999,79617.27878331378,79617.27878331378,79617.27878331378,79617.27878331378,0,1
1372016100000,1372016159999,79617.27878331378,79617.27878331378,79617.27878331378,79617.27878331378,0,1
1372016160000,1372016219999,79617.27878331378,79617.27878331378,79617.27878331378,79617.27878331378,0,1
1372016220000,1372016279999,79617.27878331378,79617.27878331378,79617.27878331378,79617.27878331378,0,1
1372016280000,1372016339999,79617.27878331378,79617.27878331378,79617.27878331378,79617.27878331378,0,1
1372016340000,1372016399999,79617.27878331378,79617.27878331378,79617.27878331378,79617.27878331378,0,1
1372016400000,1372016459999,79617.27878331378,79617.27878331378,79617.27878331378,79617.27878331378,0,1
1372016460000,1372016519999,79617.27878331378,79617.27878331378,79617.27878331378,79617.27878331378,0,1
1372016520000,1372016579999,79617.27878331378,79617.27878331378,79617.27878331378,79617.27878331378,0,1
1372016580000,1372016639999,79617.27878331378,79617.27878331378,79617.27878331378,79617.27878331378,0,1
1372016640000,1372016699999,79617.27878331378,79617.27878331378,79617.27878331378,79617.27878331378,0,1
1372016700000,1372016759999,79617.27878331378,79617.27878331378,79617.27878331378,79617.27878331378,0,1
1372016760000,1372016819999,79617.27878331378,79617.27878331378,79617.27878331378,79617.27878331378,0,1
1372016820000,1372016879999,79617.27878331378,79617.27878331378,79617.27878331378,79617.27878331378,0,1
1372016880000,1372016939999,79617.27878331378,79617.27878331378,79617.27878331378,79617.27878331378,0,1
1372016940000,1372016999999,79617.27878331378,79617.27878331378,79617.27878331378,79617.27878331378,0,1
1372017000000,1372017059999,79617.27878331378,79617.27878331378,79617.27878331378,79617.27878331378,0,1
1372017060000,1372017119999,79617.27878331378,79617.27878331378,79617.27878331378,79617.27878331378,0,1
1372017120000,1372017179999,79617.27878331378,79617.27878331378,79617.27878331378,79617.27878331378,0,1
1372017180000,1372017239999,79617.27878331378,79617.27878331378,79617.27878331378,79617.27878331378,0,1
1372017240000,1372017299999,79617.27878331378,79617.27878331378,79617.27878331378,79617.27878331378,0,1
1372017300000,1372017359999,79617.27878331378,79617.27878331378,79617.27878331378,79617.27878331378,0,1
1372017360000,1372017419999,79617.27878331378,79617.27878331378,79617.27878331378,79617.27878331378,0,1
1372017420000,1372017479999,79617.27878331378,79617.27878331378,79617.27878331378,79617.27878331378,0,1
1372017480000,1372017539999,79617.27878331378,79617.27878331378,79617.27878331378,79617.27878331378,0,1
1372017540000,1372017599999,79617.27878331378,79617.27878331378,79617.27878331378,79617.27878331378,0,1
1372017600000,1372017659999,79617.27878331378,79617.27878331378,79617.27878331378,79617.27878331378,0,1
1372017660000,1372017719999,79617.27878331378,79617.27878331378,79617.27878331378,79617.27878331378,0,1
1372017720000,1372017779999,79617.27878331378,79617.27878331378,79617.27878331378,79617.27878331378,0,1
1372017780000,1372017839999,79617.27878331378,79617.27878331378,79617.27878331378,79617.27878331378,0,1
1372017840000,1372017899999,79617.27878331378,79617.27878331378,79617.27878331378,79617.27878331378,0,1
1372017900000,1372017959999,79617.27878331378,79617.27878331378,79617.27878331378,79617.27878331378,0,1
1372017960000,1372018019999,79617.27878331378,79617.27878331378,79617.27878331378,79617.27878331378,0,1
1372018020000,1372018079999,79617.27878331378,79617.27878331378,79617.27878331378,79617.27878331378,0,1
1372018080000,1372018139999,79617.27878331378,79617.27878331378,79617.27878331378,79617.27878331378,0,1
1372018140000,1372018199999,79617.27878331378,79617.27878331378,79617.27878331378,79617.27878331378,0,1
1372018200000,1372018259999,79617.27878331378,79617.27878331378,79617.27878331378,79617.27878331378,0,1
1372018260000,1372018319999,79617.27878331378,79617.27878331378,79617.27878331378,79617.27878331378,0,1
1372018320000,1372018379999,79617.27878331378,79617.27878331378,79617.27878331378,79617.27878331378,0,1
1372018380000,1372018439999,79617.27878331378,79617.27878331378,79617.27878331378,79617.27878331378,0,1
1372018440000,1372018499999,79617.27878331378,79617.27878331378,79617.27878331378,79617.27878331378,0,1
1372018500000,1372018559999,79617.27878331378,79617.27878331378,79617.27878331378,79617.27878331378,0,1
1372018560000,1372018619999,79617.27878331378,79617.27878331378,79617.27878331378,79617.27878331378,0,1
1372018620000,1372018679999,79617.27878331378,79617.27878331378,79617.27878331378,79617.27878331378,0,1
1372018680000,1372018739999,79617.27878331378,79617.27878331378,79617.27878331378,79617.27878331378,0,1
1372018740000,1372018799999,79617.27878331378,79617.27878331378,79617.27878331378,79617.27878331378,0,1
1372018800000,1372018859999,79617.27878331378,79617.27878331378,79617.27878331378,79617.27878331378,0,1
1372018860000,1372018919999,79617.27878331378,79617.27878331378,79617.27878331378,79617.27878331378,0,1
1372018920000,1372018979999,79617.27878331378,79617.27878331378,79617.27878331378,79617.27878331378,0,1
1372018980000,1372019039999,79617.27878331378,79617.27878331378,79617.27878331378,79617.27878331378,0,1
1372019040000,1372019099999,79617.27878331378,79617.27878331378,79617.27878331378,79617.27878331378,0,1
1372019100000,1372019159999,79617.27878331378,79617.27878331378,79617.27878331378,79617.27878331378,0,1
1372019160000,1372019219999,79617.27878331378,79617.27878331378,79617.27878331378,79617.27878331378,0,1
1372019220000,1372019279999,79617.27878331378,79617.27878331378,79617.27878331378,79617.27878331378,0,1
1372019280000,1372019339999,79617.27878331378,79617.27878331378,79617.27878331378,79617.27878331378,0,1
1372019340000,1372019399999,79617.27878331378,79617.27878331378,79617.27878331378,79617.27878331378,0,1
1372019400000,1372019459999,79617.27878331378,79617.27878331378,79617.27878331378,79617.27878331378,0,1
1372019460000,1372019519999,79617.27878331378,79617.27878331378,79617.27878331378,79617.27878331378,0,1
1372019520000,1372019579999,79617.27878331378,79617.27878331378,79617.27878331378,79617.27878331378,0,1
1372019580000,1372019639999,79617.27878331378,79617.27878331378,79617.27878331378,79617.27878331378,0,1
1372019640000,1372019699999,79617.27878331378,79617.27878331378,79617.27878331378,79617.27878331378,0,1
1372019700000,1372019759999,79617.27878331378,79617.27878331378,79617.27878331378,79617.27878331378,0,1
1372019760000,1372019819999,79617.27878331378,79617.27878331378,79617.27878331378,79617.27878331378,0,1
1372019820000,1372019879999,79617.27878331378,79617.27878331378,79617.27878331378,79617.27878331378,0,1
1372019880000,1372019939999,79617.27878331378,79617.27878331378,79617.27878331378,79617.27878331378,0,1
1372019940000,1372019999999,79617.27878331378,79617.27878331378,79617.27878331378,79617.27878331378,0,1
1372020000000,1372020059999,79617.27878331378,79617.27878331378,79617.27878331378,79617.27878331378,0,1
1372020060000,1372020119999,79617.27878331378,79617.27878331378,79617.27878331378,79617.27878331378,0,1
1372020120000,1372020179999,79617.27878331378,79617.27878331378,79617.27878331378,79617.27878331378,0,1
1372020180000,1372020239999,79617.27878331378,79617.27878331378,79617.27878331378,79617.27878331378,0,1
1372020240000,1372020299999,79617.27878331378,79617.27878331378,79617.27878331378,79617.27878331378,0,1
1372020300000,1372020359999,79617.27878331378,79617.27878331378,79617.27878331378,79617.27878331378,0,1
1372020360000,1372020419999,79617.27878331378,79617.27878331378,79617.27878331378,79617.27878331378,0,1
1372020420000,1372020479999,79617.27878331378,79617.27878331378,79617.27878331378,79617.27878331378,0,1
1372020480000,1372020539999,79617.27878331378,79617.27878331378,79617.27878331378,79617.27878331378,0,1
1372020540000,1372020599999,79617.27878331378,79617.27878331378,79617.27878331378,79617.27878331378,0,1
1372020600000,1372020659999,79617.27878331378,79617.27878331378,79617.27878331378,79617.27878331378,0,1
1372020660000,1372020719999,79617.27878331378,79617.27878331378,79617.27878331378,79617.27878331378,0,1
1372020720000,1372020779999,79617.27878331378,79617.27878331378,79617.27878331378,79617.27878331378,0,1
1372020780000,1372020839999,79617.27878331378,79617.27878331378,79617.27878331378,79617.27878331378,0,1
1372020840000,1372020899999,79617.27878331378,79617.27878331378,79617.27878331378,79617.27878331378,0,1
1372020900000,1372020959999,79617.27878331378,79617.27878331378,79617.27878331378,79617.27878331378,0,1
1372020960000,1372021019999,79617.27878331378,79617.27878331378,79617.27878331378,79617.27878331378,0,1
1372021020000,1372021079999,79617.27878331378,79617.27878331378,79617.27878331378,79617.27878331378,0,1
1372021080000,1372021139999,79617.27878331378,79617.27878331378,79617.27878331378,79617.27878331378,0,1
1372021140000,1372021199999,79617.27878331378,79617.27878331378,79617.27878331378,79617.27878331378,0,1
1372021200000,1372021259999,79617.27878331378,79617.27878331378,79617.27878331378,79617.27878331378,0,1
1372021260000,1372021319999,79617.27878331378,79617.27878331378,79617.27878331378,79617.27878331378,0,1
1372021320000,1372021379999,79617.27878331378,79617.27878331378,79617.27878331378,79617.27878331378,0,1
1372021380000,1372021439999,79617.27878331378,79617.27878331378,79617.27878331378,79617.27878331378,0,1
1372021440000,1372021499999,79617.27878331378,79617.27878331378,79617.27878331378,79617.27878331378,0,1
1372021500000,1372021559999,79617.27878331378,79617.27878331378,79617.27878331378,79617.27878331378,0,1
1372021560000,1372021619999,79617.27878331378,79617.27878331378,79617.27878331378,79617.27878331378,0,1
1372021620000,1372021679999,79617.27878331378,79617.27878331378,79617.27878331378,79617.27878331378,0,1
1372021680000,1372021739999,79617.27878331378,79617.27878331378,79617.27878331378,79617.27878331378,0,1
1372021740000,1372021799999,79617.27878331378,79617.27878331378,79617.27878331378,79617.27878331378,0,1
1372021800000,1372021859999,79617.27878331378,79617.27878331378,79617.27878331378,79617.27878331378,0,1
1372021860000,1372021919999,79617.27878331378,79617.27878331378,79617.27878331378,79617.27878331378,0,1
1372021920000,1372021979999,79617.27878331378,79617.27878331378,79617.27878331378,79617.27878331378,0,1
1372021980000,1372022039999,79617.27878331378,79617.27878331378,79617.27878331378,79617.27878331378,0,1
1372022040000,1372022099999,79617.27878331378,79617.27878331378,79617.27878331378,79617.27878331378,0,1
1372022100000,1372022159999,79617.27878331378,79617.27878331378,79617.27878331378,79617.27878331378,0,1
1372022160000,1372022219999,79617.27878331378,79617.27878331378,79617.27878331378,79617.27878331378,0,1
1372022220000,1372022279999,79617.27878331378,79617.27878331378,79617.27878331378,79617.27878331378,0,1
1372022280000,1372022339999,79617.27878331378,79617.27878331378,79617.27878331378,79617.27878331378,0,1
1372022340000,1372022399999,79617.27878331378,79617.27878331378,79617.27878331378,79617.27878331378,0,1
1372022400000,1372022459999,79617.27878331378,79617.27878331378,79617.27878331378,79617.27878331378,0,1
1372022460000,1372022519999,79617.27878331378,79617.27878331378,79617.27878331378,79617.27878331378,0,1
1372022520000,1372022579999,79617.27878331378,79617.27878331378,79617.27878331378,79617.27878331378,0,1
1372022580000,1372022639999,79617.27878331378,79617.27878331378,79617.27878331378,79617.27878331378,0,1
1372022640000,1372022699999,79617.27878331378,79617.27878331378,79617.27878331378,79617.27878331378,0,1
1372022700000,1372022759999,79617.27878331378,79617.27878331378,79617.27878331378,79617.27878331378,0,1
1372022760000,1372022819999,79617.27878331378,79617.27878331378,79617.27878331378,79617.27878331378,0,1
1372022820000,1372022879999,79617.27878331378,79617.27878331378,79617.27878331378,79617.27878331378,0,1
1372022880000,1372022939999,79617.27878331378,79617.27878331378,79617.27878331378,79617.27878331378,0,1
1372022940000,1372022999999,79617.27878331378,79617.27878331378,79617.27878331378,79617.27878331378,0,1
1372023000000,1372023059999,79617.27878331378,79617.27878331378,79617.27878331378,79617.27878331378,0,1
1372023060000,1372023119999,79617.27878331378,79617.27878331378,79617.27878331378,79617.27878331378,0,1
1372023120000,1372023179999,79617.27878331378,79617.27878331378,79617.27878331378,79617.27878331378,0,1
1372023180000,1372023239999,79617.27878331378,79617.27878331378,79617.27878331378,79617.27878331378,0,1
1372023240000,1372023299999,79617.27878331378,79617.27878331378,79617.27878331378,79617.27878331378,0,1
1372023300000,1372023359999,79617.27878331378,79617.27878331378,79617.27878331378,79617.27878331378,0,1
1372023360000,1372023419999,79617.27878331378,79617.27878331378,79617.27878331378,79617.27878331378,0,1
1372023420000,1372023479999,79617.27878331378,79617.27878331378,79617.27878331378,79617.27878331378,0,1
1372023480000,1372023539999,79617.27878331378,79617.27878331378,79617.27878331378,79617.27878331378,0,1
1372023540000,1372023599999,79617.27878331378,79617.27878331378,79617.27878331378,79617.27878331378,0,1
1372023600000,1372023659999,79617.27878331378,79617.27878331378,79617.27878331378,79617.27878331378,0,1
1372023660000,1372023719999,79617.27878331378,79617.27878331378,79617.27878331378,79617.27878331378,0,1
1372023720000,1372023779999,79617.27878331378,79617.27878331378,79617.27878331378,79617.27878331378,0,1
1372023780000,1372023839999,79617.27878331378,79617.27878331378,79617.27878331378,79617.27878331378,0,1
1372023840000,1372023899999,79617.27878331378,79617.27878331378,79617.27878331378,79617.27878331378,0,1
1372023900000,1372023959999,79617.27878331378,79617.27878331378,79617.27878331378,79617.27878331378,0,1
1372023960000,1372024019999,79617.27878331378,79617.27878331378,79617.27878331378,79617.27878331378,0,1
1372024020000,1372024079999,79617.27878331378,79617.27878331378,79617.27878331378,79617.27878331378,0,1
1372024080000,1372024139999,79617.27878331378,79617.27878331378,79617.27878331378,79617.27878331378,0,1
1372024140000,1372024199999,79617.27878331378,79617.27878331378,79617.27878331378,79617.27878331378,0,1
1372024200000,1372024259999,79617.27878331378,79617.27878331378,79617.27878331378,79617.27878331378,0,1
1372024260000,1372024319999,79617.27878331378,79617.27878331378,79617.27878331378,79617.27878331378,0,1
1372024320000,1372024379999,79617.27878331378,79617.27878331378,79617.27878331378,79617.27878331378,0,1
1372024380000,1372024439999,79617.27878331378,79617.27878331378,79617.27878331378,79617.27878331378,0,1
1372024440000,1372024499999,79617.27878331378,79617.27878331378,79617.27878331378,79617.27878331378,0,1
1372024500000,1372024559999,79617.27878331378,79617.27878331378,79617.27878331378,79617.27878331378,0,1
1372024560000,1372024619999,79617.27878331378,79617.27878331378,79617.27878331378,79617.27878331378,0,1
1372024620000,1372024679999,79617.27878331378,79617.27878331378,79617.27878331378,79617.27878331378,0,1
1372024680000,1372024739999,79617.27878331378,79617.27878331378,79617.27878331378,79617.27878331378,0,1
1372024740000,1372024799999,79617.27878331378,79617.27878331378,79617.27878331378,79617.27878331378,0,1
1372024800000,1372024859999,79627.15182461859,79627.15182461859,79617.27878331378,79617.27878331378,0,1
1372024860000,1372024919999,79618.70773762488,79619.94832259713,79613.16504322462,79615.56028246277,0,1
1372024920000,1372024979999,79615.6788092446,79616.40039786932,79614.70963727926,79614.70963727926,0,1
1372024980000,1372025039999,79613.73688463781,79616.11107148562,79613.31149353071,79616.09015600091,0,1
1372025040000,1372025099999,79615.67183711985,79616.01346551604,79614.14831128067,79614.2633682452,0,1
1372025100000,1372025159999,79614.00884651854,79614.00884651854,79613.3986653137,79613.9809533327,0,1
1372025160000,1372025219999,79614.29126064331,79614.29126064331,79611.4528102926,79611.4528102926,0,1
1372025220000,1372025279999,79611.01685895516,79611.55394828685,79610.64715732874,79611.18775414427,0,1
1372025280000,1372025339999,79611.42839752004,79611.42839752004,79604.16469516177,79604.16469516177,0,1
1372025340000,1372025399999,79604.1332844162,79604.1332844162,79595.23308978071,79596.42769144011,0,1
1372025400000,1372025459999,79596.79442647671,79597.23449076807,79596.25305098115,79596.73854391112,0,1
1372025460000,1372025519999,79596.79791912668,79599.98270815436,79596.41372031563,79599.98270815436,0,1
1372025520000,1372025579999,79600.39470105835,79600.62862167793,79599.8360625162,79600.30741584326,0,1
1372025580000,1372025639999,79599.74528080536,79600.00365735569,79597.52785620399,79598.53710726548,0,1
1372025640000,1372025699999,79598.25075572285,79598.47075824764,79596.49056125872,79597.41959139035,0,1
1372025700000,1372025759999,79598.16694396405,79599.14819594109,79597.55230293518,79599.14819594109,0,1
1372025760000,1372025819999,79599.08534282881,79599.22850767634,79598.7745633012,79599.00502994379,0,1
1372025820000,1372025879999,79598.84440223864,79600.06999620369,79598.76059545518,79599.93382651391,0,1
1372025880000,1372025939999,79599.37865397295,79600.71590408942,79598.77107134153,79600.23409567382,0,1
1372025940000,1372025999999,79599.15168776909,79599.15168776909,79596.59185069065,79596.88523497974,0,1
1372026000000,1372026059999,79596.38228521419,79597.15765554122,79596.38228521419,79597.15765554122,0,1
1372026060000,1372026119999,79597.15067049132,79599.02248932149,79597.02144618814,79598.82345060863,0,1
1372026120000,1372026179999,79598.7291677303,79599.99667429345,79598.70821585885,79599.99667429345,0,1
1372026180000,1372026239999,79599.09581837496,79600.78922072635,79598.79551503365,79598.79551503365,0,1
1372026240000,1372026299999,79596.99001299703,79600.13982609459,79596.75600724641,79599.61259836088,0,1
1372026300000,1372026359999,79599.97921661653,79600.77176443297,79598.13551437341,79598.13551437341,0,1
1372026360000,1372026419999,79598.7850391729,79598.7850391729,79596.3124290794,79596.3124290794,0,1
1372026420000,1372026479999,79596.56041614916,79596.97604265815,79596.29845779388,79596.40673474607,0,1
1372026480000,1372026539999,79597.2240132719,79597.2240132719,79595.33089878906,79595.53000702866,0,1
1372026540000,1372026599999,79595.21911698714,79595.77452049579,79594.96411007487,79595.28548758272,0,1
1372026600000,1372026659999,79595.83739442099,79595.99108457397,79594.81739082215,79595.99108457397,0,1
1372026660000,1372026719999,79596.29496496945,79601.04058797217,79596.29496496945,79600.48547687386,0,1
1372026720000,1372026779999,79600.70892152454,79600.7647819071,79599.77670533699,79600.53435581783,0,1
1372026780000,1372026839999,79601.09295535307,79601.09644650205,79599.86050360523,79600.96378198409,0,1
1372026840000,1372026899999,79601.09993764982,79601.11390222867,79599.45198041476,79599.45198041476,0,1
1372026900000,1372026959999,79599.78718015892,79600.74732557106,79599.64751496432,79599.64751496432,0,1
1372026960000,1372027019999,79599.57069827583,79599.57069827583,79599.57069827583,79599.57069827583,0,1
1372027020000,1372027079999,79598.77805525965,79599.16914689072,79598.77805525965,79598.84091030336,0,1
1372027080000,1372027139999,79599.08883467875,79599.08883467875,79598.89678112164,79598.89678112164,0,1
1372027140000,1372027199999,79599.28437632913,79599.34373643073,79598.7291677303,79599.34373643073,0,1
1372027200000,1372027259999,79599.03645680171,79599.51483122267,79599.03645680171,79599.12724494757,0,1
1372027260000,1372027319999,79599.11676943433,79600.24107857025,79598.73265970462,79600.18172379507,0,1
1372027320000,1372027379999,79600.17474085718,79600.24457001664,79598.17392830412,79598.17392830412,0,1
1372027380000,1372027439999,79598.55107542366,79598.65234398702,79598.29964559108,79598.29964559108,0,1
1372027440000,1372027499999,79597.20305824663,79598.49869472986,79597.06684951198,79597.37418966806,0,1
1372027500000,1372027559999,79597.07383462043,79599.20406504258,79596.93762412561,79599.20406504258,0,1
1372027560000,1372027619999,79599.02947306403,79599.94430117126,79599.02947306403,79599.5567315418,0,1
1372027620000,1372027679999,79599.16216324572,79599.95128427006,79599.16216324572,79599.94430117126,0,1
1372027680000,1372027739999,79599.76623050409,79601.73879717059,79599.76623050409,79601.73879717059,0,1
1372027740000,1372027799999,79602.13675460176,79602.77554789004,79601.54330350894,79602.77554789004,0,1
1372027800000,1372027859999,79601.93428701053,79602.8034723488,79601.15230471993,79601.97966803396,0,1
1372027860000,1372027919999,79601.59915923081,79602.48233636512,79601.20118040462,79602.18562547513,0,1
1372027920000,1372027979999,79601.84352434582,79602.86281156473,79601.53283052635,79602.01457637339,0,1
1372027980000,1372028039999,79601.68294222865,79602.80696290065,79601.68294222865,79602.80696290065,0,1
1372028040000,1372028099999,79602.80696290065,79602.80696290065,79602.80696290065,79602.80696290065,0,1
1372028100000,1372028159999,79602.77554789004,79603.40731969426,79602.33223666226,79603.2921377548,0,1
1372028160000,1372028219999,79603.724935745,79605.62344109654,79603.4561843587,79605.5152638946,0,1
1372028220000,1372028279999,79606.14337325424,79606.18873518046,79603.98669963225,79606.18873518046,0,1
1372028280000,1372028339999,79606.20618202038,79612.17819119636,79606.20618202038,79612.17819119636,0,1
1372028340000,1372028399999,79612.42229793656,79612.42229793656,79609.93212955484,79609.93212955484,0,1
1372028400000,1372028459999,79610.27395408867,79611.16334072463,79610.27395408867,79610.47625290076,0,1
1372028460000,1372028519999,79609.2798401146,79609.40192961003,79608.8333286943,79609.00426120264,0,1
1372028520000,1372028579999,79608.9449584185,79608.9449584185,79608.56471456353,79608.56471456353,0,1
1372028580000,1372028639999,79608.79844414993,79608.79844414993,79608.34144537938,79608.34144537938,0,1
1372028640000,1372028699999,79607.95420106742,79608.09723900126,79607.51460826983,79607.51460826983,0,1
1372028700000,1372028759999,79607.85651544905,79607.86349302487,79607.85651544905,79607.86349302487,0,1
1372028760000,1372028819999,79607.96815607787,79607.96815607787,79607.6855633207,79607.6855633207,0,1
1372028820000,1372028879999,79607.45529665095,79608.71820923606,79607.45529665095,79607.51460826983,0,1
1372028880000,1372028939999,79607.95071231178,79609.4891354799,79607.95071231178,79609.4891354799,0,1
1372028940000,1372028999999,79609.19612074194,79610.83549760103,79609.19612074194,79610.32278521112,0,1
1372029000000,1372029059999,79610.89130144494,79611.13195195467,79610.59483995692,79611.02383432617,0,1
1372029060000,1372029119999,79610.88781371381,79612.62455329303,79610.68203542457,79611.96197739297,0,1
1372029120000,1372029179999,79612.09100877358,79612.10147070445,79610.43439830988,79610.81108332139,0,1
1372029180000,1372029239999,79610.64715732874,79612.31070702328,79610.3402248399,79612.31070702328,0,1
1372029240000,1372029299999,79611.96895210477,79612.6140919094,79611.96895210477,79612.6140919094,0,1
1372029300000,1372029359999,79611.00988357927,79612.63501466572,79610.32976106628,79610.32976106628,0,1
1372029360000,1372029419999,79610.39951935034,79610.39951935034,79609.3216995381,79609.3216995381,0,1
1372029420000,1372029479999,79609.29379327524,79609.71237904142,79609.29379327524,79609.54494683752,0,1
1372029480000,1372029539999,79609.59726970238,79610.7796934457,79609.59726970238,79610.7796934457,0,1
1372029540000,1372029599999,79610.97151892498,79614.24942201698,79610.97151892498,79613.79267229326,0,1
1372029600000,1372029659999,79613.76826523228,79614.89441472094,79612.97325981851,79614.89441472094,0,1
1372029660000,1372029719999,79614.88395571163,79614.88395571163,79614.76193312803,79614.76193312803,0,1
1372029720000,1372029779999,79614.81074234014,79615.08616128637,79613.9809533327,79615.08616128637,0,1
1372029780000,1372029839999,79614.86652400513,79615.27093177092,79613.91122002772,79615.22561102468,0,1
1372029840000,1372029899999,79615.73458606759,79616.07272639689,79615.12451015826,79616.07272639689,0,1
1372029900000,1372029959999,79616.3655397124,79618.68682757052,79615.8252227414,79617.75628588481,0,1
1372029960000,1372030019999,79619.09108087291,79619.09108087291,79617.30666730246,79617.99677124702,0,1
1372030020000,1372030079999,79618.29649853006,79619.10153548291,79618.29649853006,79618.89244120613,0,1
1372030080000,1372030139999,79619.49183310232,79619.49183310232,79619.42213821608,79619.42213821608,0,1
1372030140000,1372030199999,79619.0771413759,79619.26183813432,79618.0699612963,79618.0699612963,0,1
1372030200000,1372030259999,79619.10850521685,79620.89608156601,79619.10850521685,79620.89608156601,0,1
1372030260000,1372030319999,79620.4779636818,79622.63805126432,79620.4779636818,79622.20258728697,0,1
1372030320000,1372030379999,79621.65213368519,79621.65213368519,79620.8577548211,79621.48838531069,0,1
1372030380000,1372030439999,79621.95523530316,79622.34890529871,79621.44657678538,79622.21652242795,0,1
1372030440000,1372030499999,79622.52657429199,79625.0449540362,79622.09458928597,79625.0449540362,0,1
1372030500000,1372030559999,79625.37929701571,79629.70037060334,79625.01360880875,79628.09890114726,0,1
1372030560000,1372030619999,79628.50625574305,79630.74814986053,79628.50625574305,79630.42791004266,0,1
1372030620000,1372030679999,79629.65163401244,79630.30607698423,79629.4462414838,79629.94404999507,0,1
1372030680000,1372030739999,79629.72125764102,79638.76820425269,79629.72125764102,79638.76820425269,0,1
1372030740000,1372030799999,79637.9334442909,79638.9490597269,79637.9334442909,79638.34387664667,0,1
1372030800000,1372030859999,79638.53517410779,79638.53517410779,79635.38351674826,79635.38351674826,0,1
1372030860000,1372030919999,79635.1156148567,79637.91605271737,79635.1156148567,79637.91605271737,0,1
1372030920000,1372030979999,79639.04296416385,79639.04296416385,79635.60966210929,79635.60966210929,0,1
1372030980000,1372031039999,79635.88450881703,79637.97170564623,79635.88450881703,79636.9699055358,0,1
1372031040000,1372031099999,79636.89685368518,79637.33863530355,79635.03559082164,79635.03559082164,0,1
1372031100000,1372031159999,79635.19911751487,79635.20259677716,79635.16432482537,79635.20259677716,0,1
1372031160000,1372031219999,79635.2269515793,79635.2269515793,79633.47325419617,79633.47325419617,0,1
1372031220000,1372031279999,79633.21574098729,79636.20805285584,79633.21574098729,79635.59574561936,0,1
1372031280000,1372031339999,79635.91234097381,79638.58038933662,79635.60270386674,79638.58038933662,0,1
1372031340000,1372031399999,79638.29170397669,79643.47286026238,79637.57169333275,79643.1182626611,0,1
1372031400000,1372031459999,79643.14259819245,79643.14259819245,79640.43056027405,79640.43056027405,0,1
1372031460000,1372031519999,79640.54879264448,79640.54879264448,79638.34735481499,79639.27946032026,0,1
1372031520000,1372031579999,79639.2864160049,79640.38883086838,79638.50387113729,79639.27598247613,0,1
1372031580000,1372031639999,79638.5629988882,79638.5629988882,79636.71248235575,79636.97338418206,0,1
1372031640000,1372031699999,79636.78553555325,79636.78553555325,79634.62154319463,79634.78855606506,0,1
1372031700000,1372031759999,79635.27914024131,79637.00469194379,79634.96600418368,79637.00469194379,0,1
1372031760000,1372031819999,79635.4565796549,79636.60811971924,79635.01819420756,79635.40439191891,0,1
1372031820000,1372031879999,79635.76622128648,79638.34387664667,79635.33828706235,79637.10905044166,0,1
1372031880000,1372031939999,79636.9942560341,79640.489676634,79636.97686282708,79638.27779121873,0,1
1372031940000,1372031999999,79637.77344067342,79637.77344067342,79635.43570459318,79635.43570459318,0,1
1372032000000,1372032059999,79635.7070769965,79638.18735782015,79635.07734257201,79636.5907258406,0,1
1372032060000,1372032119999,79636.62203480037,79636.9942560341,79634.33622308807,79634.95904549325,0,1
1372032120000,1372032179999,79634.73288541817,79635.60618298862,79632.77377718544,79633.60200831392,0,1
1372032180000,1372032239999,79633.6298468241,79634.46148657634,79633.36189794664,79633.68204382184,0,1
1372032240000,1372032299999,79633.99522008686,79633.99522008686,79633.39321701716,79633.5010930648,0,1
1372032300000,1372032359999,79633.89082908828,79633.89082908828,79632.06381018818,79632.3109122638,0,1
1372032360000,1372032419999,79632.34571488248,79632.34571488248,79631.2389322879,79631.46517139516,0,1
1372032420000,1372032479999,79631.49301585462,79631.49301585462,79627.70893932169,79627.70893932169,0,1
1372032480000,1372032539999,79627.57314547346,79627.98052148629,79625.76934969725,79625.76934969725,0,1
1372032540000,1372032599999,79625.93651047493,79630.46620012588,79625.93651047493,79629.34876558733,0,1
1372032600000,1372032659999,79629.19906861057,79631.06837942339,79627.0264695329,79631.06837942339,0,1
1372032660000,1372032719999,79631.45124913636,79631.56958771836,79630.27474824358,79630.6785333812,0,1
1372032720000,1372032779999,79630.36177228084,79630.69245671584,79630.36177228084,79630.57062688045,0,1
1372032780000,1372032839999,79630.19468546043,79630.55670337618,79629.86398456422,79630.55670337618,0,1
1372032840000,1372032899999,79630.55670337618,79630.55670337618,79621.56503381979,79624.40758176513,0,1
1372032900000,1372032959999,79624.54341860628,79627.26673206674,79624.54341860628,79625.07281637812,0,1
1372032960000,1372033019999,79624.58173122787,79624.8777783544,79622.78784648902,79622.78784648902,0,1
1372033020000,1372033079999,79622.77739573222,79626.3300237739,79622.4569005532,79625.86337797852,0,1
1372033080000,1372033139999,79626.25341177918,79626.34395316443,79625.59173830922,79625.96785280966,0,1
1372033140000,1372033199999,79626.18724640229,79626.18724640229,79624.35185329652,79624.35185329652,0,1
1372033200000,1372033259999,79625.35840090699,79625.51512065812,79624.93002105519,79625.51512065812,0,1
1372033260000,1372033319999,79625.0449540362,79625.26785059793,79625.01709161665,79625.01709161665,0,1
1372033320000,1372033379999,79625.51512065812,79625.51512065812,79623.94084624908,79623.94084624908,0,1
1372033380000,1372033439999,79623.93387988236,79623.95826214468,79622.07020247917,79622.26181150202,0,1
1372033440000,1372033499999,79622.33845408316,79622.33845408316,79621.33508652997,79621.40128401903,0,1
1372033500000,1372033559999,79621.16784881619,79621.4639970255,79619.70091484668,79619.70439950537,0,1
1372033560000,1372033619999,79620.1643637955,79620.1643637955,79615.81127869121,79615.81127869121,0,1
1372033620000,1372033679999,79615.14542766276,79617.85038954139,79615.14542766276,79617.6482398537,0,1
1372033680000,1372033739999,79617.51579473914,79619.84030024766,79617.31363828747,79617.98283022452,0,1
1372033740000,1372033799999,79617.97585970597,79621.64516572388,79617.97585970597,79621.38734774197,0,1
1372033800000,1372033859999,79621.09816560998,79621.23056328662,79617.22998614653,79617.90963953751,0,1
1372033860000,1372033919999,79618.55091115145,79620.79852229005,79617.28226881662,79620.79852229005,0,1
1372033920000,1372033979999,79621.38386366966,79621.6416817414,79620.84033352486,79621.01106091938,0,1
1372033980000,1372034039999,79620.63824427039,79620.63824427039,79618.5125754172,79619.62076736137,0,1
1372034040000,1372034099999,79619.39426012558,79620.90305004931,79619.3733515067,79620.90305004931,0,1
1372034100000,1372034159999,79621.42218839822,79621.70787720091,79620.27935156236,79620.27935156236,0,1
1372034160000,1372034219999,79620.09467359631,79622.4569005532,79620.09467359631,79621.32115016064,0,1
1372034220000,1372034279999,79621.10164978183,79624.61656075648,79621.10164978183,79623.2650860796,0,1
1372034280000,1372034339999,79622.72165817807,79622.72165817807,79621.40825215029,79622.66243668637,0,1
1372034340000,1372034399999,79622.42554721236,79623.09788063983,79620.87169183625,79620.87169183625,0,1
1372034400000,1372034459999,79620.95879774082,79621.34902287988,79619.33153413777,79620.98667147005,0,1
1372034460000,1372034519999,79622.36980769706,79622.5648946414,79620.68005617535,79620.68005617535,0,1
1372034520000,1372034579999,79620.89259732254,79621.95175142871,79619.68349153495,79620.89608156601,0,1
1372034580000,1372034639999,79620.37691590344,79621.31069787091,79619.84030024766,79620.847302047,0,1
1372034640000,1372034699999,79620.81942792931,79620.81942792931,79619.33153413777,79619.33153413777,0,1
1372034700000,1372034759999,79619.69046086328,79621.71136116033,79619.69046086328,79620.97970304503,0,1
1372034760000,1372034819999,79620.72535220845,79620.77064803637,79619.63122141761,79619.90650763254,0,1
1372034820000,1372034879999,79620.77761660708,79621.17830125523,79620.22708455953,79620.28283601951,0,1
1372034880000,1372034939999,79619.92044597349,79620.26192925844,79617.60292988035,79617.60292988035,0,1
1372034940000,1372034999999,79616.20867650252,79616.20867650252,79613.84845963748,79615.03735341855,0,1
1372035000000,1372035059999,79614.60853119615,79615.06175738222,79614.43072146684,79615.05129854794,0,1
1372035060000,1372035119999,79614.81074234014,79617.47048416566,79614.44815393303,79614.44815393303,0,1
1372035120000,1372035179999,79614.48999172791,79615.0234082697,79613.17201709736,79613.17201709736,0,1
1372035180000,1372035239999,79613.93562673978,79614.14831128067,79612.34557931745,79613.29754597493,0,1
1372035240000,1372035299999,79614.03673962656,79614.99203161368,79612.95582478103,79613.13714768505,0,1
1372035300000,1372035359999,79613.72293767532,79613.98792663644,79613.38820473987,79613.98792663644,0,1
1372035360000,1372035419999,79613.71596418678,79614.21804293236,79613.40563902352,79614.02627972017,0,1
1372035420000,1372035479999,79613.96352005204,79613.96352005204,79613.01510378446,79613.87286650272,0,1
1372035480000,1372035539999,79613.87286650272,79613.99489993534,79613.3010328657,79613.3010328657,0,1
1372035540000,1372035599999,79612.67337293862,79612.67337293862,79605.44547153037,79605.44547153037,0,1
1372035600000,1372035659999,79606.00379680593,79608.73216318036,79598.48123443763,79599.74877242486,0,1
1372035660000,1372035719999,79599.25295025035,79600.19219819276,79596.86427924453,79599.8639951845,0,1
1372035720000,1372035779999,79600.04904714134,79601.95174127468,79599.69290636653,79601.95174127468,0,1
1372035780000,1372035839999,79601.29543997909,79602.51026164267,79600.14331757634,79601.3373328381,0,1
1372035840000,1372035899999,79601.14532245976,79601.70388786844,79598.55456746016,79598.55456746016,0,1
1372035900000,1372035959999,79597.7688285168,79598.704723876,79597.18908820537,79597.18908820537,0,1
1372035960000,1372036019999,79598.32758255133,79598.32758255133,79595.39377550354,79596.78744117309,0,1
1372036020000,1372036079999,79596.41721309858,79597.34625004418,79594.16411468577,79594.16411468577,0,1
1372036080000,1372036139999,79593.96497924798,79594.54839993446,79590.2086119429,79592.83297615683,0,1
1372036140000,1372036199999,79593.32562288048,79596.88174236026,79593.32562288048,79596.88174236026,0,1
1372036200000,1372036259999,79596.87126449448,79596.9690574814,79593.76933355254,79593.76933355254,0,1
1372036260000,1372036319999,79594.1711018221,79594.1711018221,79593.13695253474,79593.91956183841,0,1
1372036320000,1372036379999,79594.03485178301,79597.64659690991,79593.21731256164,79597.64659690991,0,1
1372036380000,1372036439999,79597.77232082648,79598.01677947282,79596.43467699504,79596.88523497974,0,1
1372036440000,1372036499999,79597.04589415736,79602.20657006204,79596.70012446614,79601.09295535307,0,1
1372036500000,1372036559999,79600.63560429888,79604.30080725253,79600.63560429888,79603.90293593383,0,1
1372036560000,1372036619999,79604.53463651914,79605.87119737556,79603.68305288717,79605.87119737556,0,1
1372036620000,1372036679999,79605.78744946097,79607.123842893,79605.0965024026,79605.24656061994,0,1
1372036680000,1372036739999,79605.31286469637,79605.64088892273,79603.78426949334,79603.78426949334,0,1
1372036740000,1372036799999,79603.79823032413,79603.79823032413,79599.2704091952,79599.76623050409,0,1
1372036800000,1372036859999,79600.29345013815,79600.77874695398,79599.95477581765,79600.08745372212,0,1
1372036860000,1372036919999,79599.97223353722,79600.62513036562,79599.89192777479,79599.89192777479,0,1
1372036920000,1372036979999,79598.7361516777,79600.16426644119,79598.11106906795,79600.16426644119,0,1
1372036980000,1372037039999,79600.17823232673,79602.67781167032,79599.80812976988,79602.67781167032,0,1
1372037040000,1372037099999,79602.56960259852,79603.46316500555,79601.49093848633,79601.49093848633,0,1
1372037100000,1372037159999,79600.61814773735,79602.1507177328,79599.7103645433,79601.60265020307,0,1
1372037160000,1372037219999,79601.8609787684,79602.48931769183,79601.03709680367,79602.2205330956,0,1
1372037220000,1372037279999,79601.55377648055,79601.79465180053,79598.8024989347,79599.63354833757,0,1
1372037280000,1372037339999,79598.94217593166,79602.50677098724,79598.94217593166,79601.14183132784,0,1
1372037340000,1372037399999,79600.9183963502,79602.32525522591,79600.24107857025,79600.6565521325,0,1
1372037400000,1372037459999,79600.6216390521,79601.57821337167,79599.89192777479,79601.57821337167,0,1
1372037460000,1372037519999,79601.36875236718,79601.36875236718,79599.41706312858,79599.6859230873,0,1
1372037520000,1372037579999,79599.12375311104,79599.12375311104,79594.93965701557,79595.11781364983,0,1
1372037580000,1372037639999,79595.04445542011,79595.04445542011,79590.7817675702,79591.78471087766,0,1
1372037640000,1372037699999,79591.3479012443,79591.3479012443,79586.70605717444,79586.9018411073,0,1
1372037700000,1372037759999,79587.83525822744,79588.60080498812,79586.46481812873,79586.89484888999,0,1
1372037760000,1372037819999,79586.79346118955,79591.7882052778,79586.79346118955,79591.41080300746,0,1
1372037820000,1372037879999,79589.98842757169,79597.87708954953,79589.29289271297,79597.87708954953,0,1
1372037880000,1372037939999,79597.48594738291,79597.48594738291,79592.77707144919,79594.03834539694,0,1
1372037940000,1372037999999,79593.47236402177,79596.50802502708,79592.76658928172,79596.43118421818,0,1
1372038000000,1372038059999,79597.44054596189,79607.65765249162,79597.44054596189,79607.57043064862,0,1
1372038060000,1372038119999,79609.08449382143,79610.92617868925,79607.44482985816,79607.74138474517,0,1
1372038120000,1372038179999,79607.19711256429,79607.6855633207,79605.04066621201,79605.79442848064,0,1
1372038180000,1372038239999,79605.56062867014,79605.923539466,79604.88711508036,79605.52224310423,0,1
1372038240000,1372038299999,79605.90609213297,79606.25154366171,79605.03368666627,79605.03368666627,0,1
1372038300000,1372038359999,79605.15931774433,79608.55424893189,79605.07207410758,79608.47052348437,0,1
1372038360000,1372038419999,79608.39726314276,79609.06007526646,79607.80069466725,79608.70076677829,0,1
1372038420000,1372038479999,79608.79146722645,79609.23449220808,79608.51238629576,79609.23449220808,0,1
1372038480000,1372038539999,79609.74377226757,79610.81457107927,79607.0784852084,79607.0784852084,0,1
1372038540000,1372038599999,79606.68770278868,79611.41095978886,79606.68770278868,79611.02034664126,0,1
1372038600000,1372038659999,79610.72040118946,79610.72040118946,79605.70021130412,79605.70021130412,0,1
1372038660000,1372038719999,79605.35474072867,79606.35273427394,79605.35474072867,79605.44896116016,0,1
1372038720000,1372038779999,79605.9793707272,79606.19920328807,79605.32682339329,79605.68974267415,0,1
1372038780000,1372038839999,79605.01274799982,79607.58089730993,79604.10885376809,79607.58089730993,0,1
1372038840000,1372038899999,79607.88442572311,79607.88442572311,79603.99717004522,79605.19770470337,0,1
1372038900000,1372038959999,79604.76846031824,79604.76846031824,79600.96727317816,79600.96727317816,0,1
1372038960000,1372039019999,79600.45405456943,79602.05646621984,79598.50218678465,79600.64956952617,0,1
1372039020000,1372039079999,79600.63560429888,79602.99894137673,79598.0028105683,79598.71519982089,0,1
1372039080000,1372039139999,79599.05391612454,79600.58323452287,79598.45678997727,79600.58323452287,0,1
1372039140000,1372039199999,79600.57625186535,79601.10691994167,79598.97360298711,79599.5322897103,0,1
1372039200000,1372039259999,79599.13422861695,79599.47991415593,79595.21911698714,79596.67218295888,0,1
1372039260000,1372039319999,79597.09129737019,79597.61865804713,79587.38429229504,79588.14637790699,0,1
1372039320000,1372039379999,79588.53089447359,79588.53089447359,79584.1150552097,79586.75849967517,0,1
1372039380000,1372039439999,79586.73402654238,79596.49405401482,79586.73402654238,79593.80427056461,0,1
1372039440000,1372039499999,79593.77282725925,79594.59730790678,79591.83013798419,79591.83013798419,0,1
1372039500000,1372039559999,79592.13763912511,79593.37803067813,79591.38634125769,79592.59188487283,0,1
1372039560000,1372039619999,79591.98738406714,79595.51952774647,79591.98738406714,79594.59730790678,0,1
1372039620000,1372039679999,79594.6357354315,79598.02376391776,79593.91257452632,79598.02376391776,0,1
1372039680000,1372039739999,79596.63376325894,79597.38466700687,79593.62609052694,79594.88027076547,0,1
1372039740000,1372039799999,79594.73704365251,79597.36371231826,79594.73704365251,79597.29386303903,0,1
1372039800000,1372039859999,79597.21702826837,79600.3109072665,79596.68615372227,79598.84091030336,0,1
1372039860000,1372039919999,79598.88630536699,79600.47500278335,79598.46377411489,79600.09443672097,0,1
1372039920000,1372039979999,79600.25504434851,79600.33185578028,79596.9271463184,79596.9271463184,0,1
1372039980000,1372040039999,79596.81538235828,79596.81538235828,79590.2086119429,79590.2086119429,0,1
1372040040000,1372040099999,79590.12822773434,79591.06833306528,79589.51309239914,79591.06833306528,0,1
1372040100000,1372040159999,79591.59950592303,79600.691465091,79591.59950592303,79599.02248932149,0,1
1372040160000,1372040219999,79599.81860455888,79600.46802005026,79597.1367003769,79597.1367003769,0,1
1372040220000,1372040279999,79597.25893821644,79602.0459937747,79597.25893821644,79602.0459937747,0,1
1372040280000,1372040339999,79601.6550146407,79603.87152436604,79600.16077496677,79601.71436067187,0,1
1372040340000,1372040399999,79602.18562547513,79602.18562547513,79601.62010504608,79602.10184668883,0,1
1372040400000,1372040459999,79602.09835589083,79602.16468084436,79598.11805344703,79600.75081684071,0,1
1372040460000,1372040519999,79600.68797380062,79603.27468583005,79598.88979728642,79602.86630209589,0,1
1372040520000,1372040579999,79601.93079615405,79607.40994046973,79600.77176443297,79605.44198189938,0,1
1372040580000,1372040639999,79605.51875350003,79606.0072862409,79603.35845479107,79603.35845479107,0,1
1372040640000,1372040699999,79603.70748457557,79604.22053624364,79603.23978188919,79603.51901000497,0,1
1372040700000,1372040759999,79605.25005031914,79605.25005031914,79599.74528080536,79601.75974269338,0,1
1372040760000,1372040819999,79601.5851953296,79601.67246939232,79600.01762346551,79600.08745372212,0,1
1372040820000,1372040879999,79600.18521526219,79605.27098848873,79600.18521526219,79604.24845666764,0,1
1372040880000,1372040939999,79602.936112463,79605.77000189047,79602.13326381595,79602.13326381595,0,1
1372040940000,1372040999999,79601.79465180053,79601.95872297182,79599.22152407278,79601.95872297182,0,1
1372041000000,1372041059999,79601.63755985863,79602.42299489141,79599.39960443976,79599.8046381711,0,1
1372041060000,1372041119999,79599.56720659415,79599.96874199575,79598.18440480506,79598.18440480506,0,1
1372041120000,1372041179999,79598.15297526929,79598.15297526929,79593.5876591222,79594.74403038854,0,1
1372041180000,1372041239999,79593.16141000259,79594.89424403252,79591.67638386777,79593.31863515337,0,1
1372041240000,1372041299999,79592.87490448245,79593.6575342937,79592.87490448245,79593.52127725702,0,1
1372041300000,1372041359999,79593.22080646119,79595.09685421054,79593.22080646119,79594.43660938523,0,1
1372041360000,1372041419999,79594.73005691159,79594.73005691159,79593.15442216073,79593.15442216073,0,1
1372041420000,1372041479999,79593.51428966664,79596.44864809024,79593.51428966664,79596.44864809024,0,1
1372041480000,1372041539999,79596.99001299703,79598.73964364958,79596.77696320851,79597.18559569202,0,1
1372041540000,1372041599999,79598.13900655502,79598.91074877745,79595.9351975189,79597.07383462043,0,1
1372041600000,1372041659999,79596.85030873,79599.39262095571,79596.85030873,79598.38345623769,0,1
1372041660000,1372041719999,79598.25075572285,79599.03296493347,79595.9317045676,79596.70710983075,0,1
1372041720000,1372041779999,79597.04938671952,79598.37297994528,79597.0284313283,79597.77232082648,0,1
1372041780000,1372041839999,79598.31361408097,79598.65932798806,79597.0284313283,79597.83867447852,0,1
1372041840000,1372041899999,79597.40212921386,79597.58024198335,79596.73505124041,79596.99699815916,0,1
1372041900000,1372041959999,79596.78045586459,79598.50917089057,79596.40673474607,79598.31710620038,0,1
1372041960000,1372042019999,79598.18440480506,79599.15517959585,79598.18440480506,79599.15517959585,0,1
1372042020000,1372042079999,79598.54409134701,79598.92122450648,79594.59381448811,79594.59381448811,0,1
1372042080000,1372042139999,79595.5090484533,79595.5090484533,79591.49816591103,79592.94129063848,0,1
1372042140000,1372042199999,79592.87839850165,79592.87839850165,79587.81428351875,79589.54454910135,0,1
1372042200000,1372042259999,79589.95697226575,79591.79519407441,79589.95697226575,79590.85865180177,0,1
1372042260000,1372042319999,79590.771283311,79591.40730847545,79590.66993490541,79591.23607491059,0,1
1372042320000,1372042379999,79591.44924277907,79594.56936052331,79591.02290249795,79594.56936052331,0,1
1372042380000,1372042439999,79594.27590828126,79594.50997207413,79592.49404907066,79593.19634913861,0,1
1372042440000,1372042499999,79592.71068420295,79593.47585783222,79592.66526109632,79593.19634913861,0,1
1372042500000,1372042559999,79592.67224928,79594.12219176524,79592.67224928,79594.12219176524,0,1
1372042560000,1372042619999,79594.68114958852,79594.68114958852,79592.99020647146,79592.99020647146,0,1
1372042620000,1372042679999,79592.96924257235,79592.96924257235,79589.11812760601,79589.11812760601,0,1
1372042680000,1372042739999,79589.61445252976,79592.9762305436,79588.244256254,79591.59251698967,0,1
1372042740000,1372042799999,79591.26403161125,79591.6903616124,79591.26403161125,79591.6903616124,0,1
1372042800000,1372042859999,79592.14462767751,79592.14462767751,79589.74726769754,79590.5511113287,0,1
1372042860000,1372042919999,79590.88311484239,79591.32343934065,79590.69090362532,79591.32343934065,0,1
1372042920000,1372042979999,79590.95300891442,79591.02989182944,79589.74027746952,79589.99891265169,0,1
1372042980000,1372043039999,79590.08978288445,79590.26453101124,79589.7961991568,79589.94299209802,0,1
1372043040000,1372043099999,79589.36279790057,79589.36279790057,79587.93313961966,79588.55186767926,0,1
1372043100000,1372043159999,79588.03801147675,79588.80004727322,79587.95411407907,79588.226778048,0,1
1372043160000,1372043219999,79588.39456756445,79590.33093449875,79588.39456756445,79590.29249042815,0,1
1372043220000,1372043279999,79590.03386283893,79590.03386283893,79586.3319593576,79586.3319593576,0,1
1372043280000,1372043339999,79586.33545566368,79586.33545566368,79580.69782242495,79584.62561612742,0,1
1372043340000,1372043399999,79585.01726162955,79587.12209345006,79584.19548776902,79586.76549198783,0,1
1372043400000,1372043459999,79586.42985546537,79587.02070805359,79584.84591860973,79584.84591860973,0,1
1372043460000,1372043519999,79584.53819316236,79584.96131321118,79582.27891867363,79582.99942386699,0,1
1372043520000,1372043579999,79583.09035772625,79583.09035772625,79580.33399498826,79580.66983616899,0,1
1372043580000,1372043639999,79580.84474898371,79581.73325883783,79580.17656555207,79581.73325883783,0,1
1372043640000,1372043699999,79582.5517374265,79583.71288270877,79582.25093684223,79582.99592639436,0,1
1372043700000,1372043759999,79583.16380370123,79585.39490526618,79583.16380370123,79584.41579972726,0,1
1372043760000,1372043819999,79583.91921670792,79585.39840189987,79583.8702564832,79584.67806953962,0,1
1372043820000,1372043879999,79584.4997268156,79584.92634529076,79584.12554644978,79584.92634529076,0,1
1372043880000,1372043939999,79584.73052267668,79584.73052267668,79582.46079866921,79582.68814401187,0,1
1372043940000,1372043999999,79582.92247918638,79583.69189935172,79581.70177755425,79583.14631661326,0,1
1372044000000,1372044059999,79583.50304715689,79583.50304715689,79582.013088114,79583.28621246081,0,1
1372044060000,1372044119999,79583.07636795557,79583.27572034013,79578.56364567553,79579.63079098411,0,1
1372044120000,1372044179999,79580.00513956952,79580.43544820057,79572.58552653292,79576.95746478006,0,1
1372044180000,1372044239999,79577.15693918252,79579.03600272856,79577.15693918252,79578.93803421075,0,1
1372044240000,1372044299999,79578.70010667156,79578.70010667156,79577.78683222689,79578.52865537658,0,1
1372044300000,1372044359999,79578.57414274133,79578.57414274133,79577.19543378461,79577.55937542662,0,1
1372044360000,1372044419999,79577.77983363325,79578.38869295649,79577.32141508268,79577.32141508268,0,1
1372044420000,1372044479999,79577.60836655922,79579.18995131743,79577.44039596246,79579.18995131743,0,1
1372044480000,1372044539999,79578.99401633845,79581.80321689098,79578.99401633845,79581.37996319283,0,1
1372044540000,1372044599999,79581.42193956643,79584.67806953962,79581.42193956643,79584.67806953962,0,1
1372044600000,1372044659999,79585.08719671231,79588.10093406308,79584.78297553859,79585.87043622631,0,1
1372044660000,1372044719999,79585.14314442637,79586.40887780866,79582.275420949,79584.08358142343,0,1
1372044720000,1372044779999,79583.89823378382,79583.89823378382,79581.96411855593,79582.92597668471,0,1
1372044780000,1372044839999,79582.62518735752,79583.94369673038,79581.01266240755,79583.29320720182,0,1
1372044840000,1372044899999,79583.39812772976,79586.81443803948,79582.79656843192,79586.17812068053,0,1
1372044900000,1372044959999,79585.81798906812,79585.81798906812,79582.82105120277,79582.82105120277,0,1
1372044960000,1372045019999,79582.79307088832,79584.30039883066,79582.45030568246,79582.82105120277,0,1
1372045020000,1372045079999,79582.25443457543,79586.04176169277,79581.37646515375,79585.18160829823,0,1
1372045080000,1372045139999,79585.22356871695,79588.68120147564,79585.22356871695,79588.28620382372,0,1
1372045140000,1372045199999,79588.93636865471,79592.44513081064,79588.73013815159,79591.90002543744,0,1
1372045200000,1372045259999,79591.7707332649,79592.95526661519,79591.1032795151,79592.48706076245,0,1
1372045260000,1372045319999,79592.98671249133,79593.64355929846,79591.00542914787,79591.67288942855,0,1
1372045320000,1372045379999,79591.36187944809,79591.4038139422,79590.66644011448,79591.23956950245,0,1
1372045380000,1372045439999,79591.6903616124,79594.76149720726,79591.6903616124,79594.76149720726,0,1
1372045440000,1372045499999,79594.3597526577,79594.3597526577,79589.24745407898,79590.60702848186,0,1
1372045500000,1372045559999,79589.80318934572,79591.32343934065,79589.71930675617,79589.71930675617,0,1
1372045560000,1372045619999,79589.78571386426,79591.03338649335,79586.66759916578,79587.72688842563,0,1
1372045620000,1372045679999,79588.2023085083,79589.07967887259,79587.6150215919,79587.6150215919,0,1
1372045680000,1372045739999,79587.87720751285,79588.27222132003,79587.19201381426,79588.27222132003,0,1
1372045740000,1372045799999,79588.41554105605,79589.95697226575,79588.41554105605,79589.95697226575,0,1
1372045800000,1372045859999,79589.56901535687,79589.64940406074,79588.86296506484,79589.64940406074,0,1
1372045860000,1372045919999,79589.27541633972,79590.24006645732,79588.4574879073,79590.24006645732,0,1
1372045920000,1372045979999,79589.90804159318,79593.67849674994,79589.74377258414,79593.04261602699,0,1
1372045980000,1372046039999,79593.06707372556,79593.2382759407,79593.06707372556,79593.09502530782,0,1
1372046040000,1372046099999,79593.0915313643,79594.91171058887,79593.0915313643,79594.87328412462,0,1
1372046100000,1372046159999,79594.73704365251,79595.20165096772,79591.58902252115,79591.98039540485,0,1
1372046160000,1372046219999,79592.23897265692,79593.04610998758,79592.23897265692,79593.04610998758,0,1
1372046220000,1372046279999,79593.03213413784,79593.18237349886,79592.57441426408,79592.87839850165,0,1
1372046280000,1372046339999,79592.82598808546,79595.19815776017,79592.82598808546,79595.14226627348,0,1
1372046340000,1372046399999,79594.68464297667,79594.68464297667,79591.5540777688,79592.48706076245,0,1
1372046400000,1372046459999,79593.26273316075,79594.8208841627,79591.36537399597,79594.36324615813,0,1
1372046460000,1372046519999,79594.59381448811,79595.19466455141,79593.664521784,79594.06629426448,0,1
1372046520000,1372046579999,79593.47236402177,79593.87763789263,79591.21161273339,79592.12016772274,0,1
1372046580000,1372046639999,79592.21101868174,79595.7186322304,79592.21101868174,79595.51603464996,0,1
1372046640000,1372046699999,79595.00952274063,79596.04697131668,79589.74377258414,79589.74377258414,0,1
1372046700000,1372046759999,79589.68435546952,79592.14812195188,79589.68435546952,79591.98039540485,0,1
1372046760000,1372046819999,79591.65192276763,79593.6575342937,79591.65192276763,79593.16839783956,0,1
1372046820000,1372046879999,79592.92032663681,79593.88113156149,79592.8434582547,79593.62609052694,0,1
1372046880000,1372046939999,79593.51778346245,79593.81475164443,79588.95384562052,79591.06134376067,0,1
1372046940000,1372046999999,79591.94195767494,79593.40598139125,79591.94195767494,79593.02514620566,0,1
1372047000000,1372047059999,79592.46609580852,79593.48633925625,79592.12016772274,79592.75960116395,0,1
1372047060000,1372047119999,79593.39200604445,79593.39200604445,79592.46260164525,79592.68971971783,0,1
1372047120000,1372047179999,79592.44163664004,79592.47657829097,79592.44163664004,79592.47657829097,0,1
1372047180000,1372047239999,79592.9762305436,79593.07406162845,79589.59348155255,79589.59348155255,0,1
1372047240000,1372047299999,79588.27222132003,79591.65541721419,79588.27222132003,79591.65541721419,0,1
1372047300000,1372047359999,79591.14521509365,79591.57155016024,79590.46374015095,79591.48418789776,0,1
1372047360000,1372047419999,79592.21101868174,79592.21101868174,79589.32784536785,79589.32784536785,0,1
1372047420000,1372047479999,79588.99928558864,79589.46066434223,79587.49616170987,79587.49616170987,0,1
1372047480000,1372047539999,79587.7513591287,79589.68435546952,79587.29689344393,79589.28590216734,0,1
1372047540000,1372047599999,79589.635423463,79589.635423463,79588.87345132495,79589.49911161084,0,1
1372047600000,1372047659999,79589.83814021702,79590.30647010729,79589.55852982611,79589.87309096617,0,1
1372047660000,1372047719999,79589.6284331568,79589.89406135703,79588.22328240315,79589.2649305011,0,1
1372047720000,1372047779999,79589.80318934572,79589.95347722566,79588.63576006211,79588.6532375533,0,1
1372047780000,1372047839999,79589.28240689269,79589.8975564179,79588.03451576589,79589.69484086835,0,1
1372047840000,1372047899999,79589.37328363655,79591.31994477811,79589.37328363655,79590.6769244836,0,1
1372047900000,1372047959999,79591.22559112769,79591.22559112769,79589.3558074038,79591.1836558862,0,1
1372047960000,1372048019999,79591.68337274253,79591.68337274253,79590.95999829477,79591.42128659619,0,1
1372048020000,1372048079999,79592.21451293291,79593.80427056461,79592.21451293291,79593.1928552305,0,1
1372048080000,1372048139999,79593.76234613548,79593.82173902486,79591.96641806561,79592.77008333876,0,1
1372048140000,1372048199999,79592.42765994549,79593.08104952646,79591.7707332649,79592.37874136068,0,1
1372048200000,1372048259999,79592.17957036625,79593.74138385501,79592.17957036625,79592.79803575118,0,1
1372048260000,1372048319999,79593.15791608227,79593.15791608227,79590.75730428165,79590.75730428165,0,1
1372048320000,1372048379999,79591.29897737717,79592.05377611534,79589.97444744794,79590.71536707632,0,1
1372048380000,1372048439999,79591.31645021433,79592.05377611534,79590.68740884172,79591.60998931393,0,1
1372048440000,1372048499999,79591.13123658701,79592.308857253,79591.07532236501,79592.14462767751,0,1
1372048500000,1372048559999,79592.26692655396,79592.26692655396,79590.76778855549,79591.45273729644,0,1
1372048560000,1372048619999,79591.15919358077,79592.20403017574,79591.15919358077,79592.20403017574,0,1
1372048620000,1372048679999,79593.04261602699,79593.04261602699,79591.74627239557,79592.49754322294,0,1
1372048680000,1372048739999,79592.96574858489,79592.96574858489,79591.526121879,79592.15860476767,0,1
1372048740000,1372048799999,79591.94545202013,79591.94545202013,79591.6589116595,79591.83712675149,0,1
1372048800000,1372048859999,79591.84760989329,79592.7945417039,79591.46671535369,79592.78056550257,0,1
1372048860000,1372048919999,79592.83647019067,79593.05659186206,79592.44513081064,79592.44513081064,0,1
1372048920000,1372048979999,79592.58839075353,79593.38152452154,79592.58839075353,79592.95526661519,0,1
1372048980000,1372049039999,79593.24875761376,79595.57541712462,79592.82249404794,79595.26802167922,0,1
1372049040000,1372049099999,79595.52651393582,79595.52651393582,79593.91257452632,79594.67765619916,0,1
1372049100000,1372049159999,79594.3073500048,79594.70210989912,79594.23049228381,79594.38420713508,0,1
1372049160000,1372049219999,79594.25844061434,79594.25844061434,79593.96497924798,79593.96497924798,0,1
1372049220000,1372049279999,79593.91257452632,79593.91257452632,79591.61348377513,79592.08871912154,0,1
1372049280000,1372049339999,79592.08871912154,79592.08871912154,79590.31695485381,79591.71132819272,0,1
1372049340000,1372049399999,79592.76658928172,79593.17189175621,79591.39682487206,79592.95526661519,0,1
1372049400000,1372049459999,79592.9622545962,79593.95449832562,79592.9622545962,79593.95449832562,0,1
1372049460000,1372049519999,79593.53874621163,79594.90472396999,79593.43043820112,79593.59814042905,0,1
1372049520000,1372049579999,79593.6854842256,79597.47896256232,79593.4653763972,79597.47896256232,0,1
1372049580000,1372049639999,79597.64659690991,79600.54482984616,79596.04347840442,79600.54482984616,0,1
1372049640000,1372049699999,79600.89395784665,79602.86630209589,79600.89395784665,79602.86630209589,0,1
1372049700000,1372049759999,79602.69875522639,79604.11583395935,79602.2205330956,79603.6795626411,0,1
1372049760000,1372049819999,79603.75285755278,79603.77030864304,79600.31439868851,79602.1681716192,0,1
1372049820000,1372049879999,79603.51901000497,79603.57136440868,79601.37573447135,79601.37573447135,0,1
1372049880000,1372049939999,79600.67400862699,79603.27817621744,79600.67400862699,79603.27817621744,0,1
1372049940000,1372049999999,79602.32874594469,79603.48410691688,79602.32874594469,79603.48410691688,0,1
1372050000000,1372050059999,79603.18044491012,79603.52250030707,79602.61498073893,79603.52250030707,0,1
1372050060000,1372050119999,79603.32704151292,79606.7295730641,79603.32704151292,79605.27447817939,0,1
1372050120000,1372050179999,79605.81885501112,79605.81885501112,79605.61995152764,79605.61995152764,0,1
1372050180000,1372050239999,79605.34078207072,79605.63739935994,79604.01811083827,79604.07395273868,0,1
1372050240000,1372050299999,79603.45269403345,79603.86105382151,79602.705736402,79603.20138741352,0,1
1372050300000,1372050359999,79603.04431756893,79603.2362914884,79601.84701523276,79602.28336650539,0,1
1372050360000,1372050419999,79602.53469619656,79602.53469619656,79597.97487270072,79598.08662370272,0,1
1372050420000,1372050479999,79598.18440480506,79599.3542117062,79597.73041302992,79598.1809126393,0,1
1372050480000,1372050539999,79598.12503782124,79598.62789994493,79595.99457750453,79596.70012446614,0,1
1372050540000,1372050599999,79597.23099827058,79598.40440878959,79596.25654382023,79598.40440878959,0,1
1372050600000,1372050659999,79599.82558774546,79600.55530386353,79598.35202732752,79598.86535382477,0,1
1372050660000,1372050719999,79598.83392642913,79598.83392642913,79597.9085199524,79598.25075572285,0,1
1372050720000,1372050779999,79598.16345179219,79598.16345179219,79596.63027055163,79598.037732793,0,1
1372050780000,1372050839999,79598.4079008773,79598.4079008773,79595.9247186613,79595.9247186613,0,1
1372050840000,1372050899999,79595.7186322304,79596.53945973326,79595.56144480937,79596.15525099191,0,1
1372050900000,1372050959999,79596.05395713757,79596.50453227584,79594.71608341513,79595.15623917445,0,1
1372050960000,1372051019999,79595.01301601407,79595.23658297605,79592.57092013866,79592.77707144919,0,1
1372051020000,1372051079999,79592.57441426408,79594.38071364198,79592.13065056782,79594.38071364198,0,1
1372051080000,1372051139999,79594.79992410105,79594.79992410105,79593.6750030103,79593.6750030103,0,1
1372051140000,1372051199999,79593.11249500707,79593.5422399989,79592.46958997055,79593.04610998758,0,1
1372051200000,1372051259999,79592.7910476554,79592.7910476554,79588.45399234309,79588.45399234309,0,1
1372051260000,1372051319999,79588.47846126693,79590.92505134424,79588.25124752783,79590.87962012597,0,1
1372051320000,1372051379999,79591.08231165986,79591.57155016024,79590.98446108747,79591.57155016024,0,1
1372051380000,1372051439999,79591.8406211333,79593.13345860587,79591.8406211333,79592.68622563271,0,1
1372051440000,1372051499999,79593.10201319118,79593.17887958586,79591.97340673768,79591.97340673768,0,1
1372051500000,1372051559999,79592.3857297446,79593.8007768689,79592.3857297446,79593.66102803945,0,1
1372051560000,1372051619999,79593.13695253474,79594.73704365251,79592.45211914813,79592.9762305436,0,1
1372051620000,1372051679999,79593.14044646238,79593.41646288852,79590.95999829477,79590.95999829477,0,1
1372051680000,1372051739999,79590.11424780604,79590.19113716992,79589.86260575426,79590.1596825016,0,1
1372051740000,1372051799999,79590.5266474759,79591.3059665157,79589.97444744794,79591.13123658701,0,1
1372051800000,1372051859999,79591.1801612748,79591.77772207372,79589.56901535687,79589.56901535687,0,1
1372051860000,1372051919999,79589.48163559799,79589.61794768836,79587.88419904331,79587.88419904331,0,1
1372051920000,1372051979999,79587.88769480672,79588.21279546122,79587.21998182306,79587.98557568569,0,1
1372051980000,1372052039999,79587.63599671856,79590.9460195292,79587.63599671856,79590.9460195292,0,1
1372052040000,1372052099999,79591.37935217534,79592.02582162246,79589.79969425187,79590.04784287963,0,1
1372052100000,1372052159999,79590.065317903,79590.065317903,79588.23726497527,79588.23726497527,0,1
1372052160000,1372052219999,79589.5899863854,79591.24306409308,79589.5899863854,79589.99891265169,0,1
1372052220000,1372052279999,79589.99541762624,79590.29948027016,79588.39456756445,79590.18414725219,0,1
1372052280000,1372052339999,79589.82415988315,79591.61348377513,79589.82415988315,79590.80273605562,0,1
1372052340000,1372052399999,79589.87658603437,79591.68337274253,79589.35231215357,79589.75076280971,0,1
1372052400000,1372052459999,79589.0552114198,79589.0552114198,79587.1990058238,79587.1990058238,0,1
1372052460000,1372052519999,79587.5975422861,79587.5975422861,79584.82843446305,79585.45784448578,0,1
1372052520000,1372052579999,79586.14665338685,79586.58019405059,79579.90718054578,79581.20156163926,0,1
1372052580000,1372052639999,79581.26452725689,79584.1150552097,79581.26452725689,79581.5408716681,0,1
1372052640000,1372052699999,79583.8003128892,79584.15702010397,79582.5762207968,79583.44359295,0,1
1372052700000,1372052759999,79583.26173082876,79584.32487792001,79583.15331145212,79584.04861043362,0,1
1372052760000,1372052819999,79583.8003128892,79583.8003128892,79577.29691884347,79577.81482655244,0,1
1372052820000,1372052879999,79577.50338526687,79578.00028697982,79577.09394769582,79577.16393821209,0,1
1372052880000,1372052939999,79577.14994014803,79577.61536527284,79575.32652479503,79576.3240196837,0,1
1372052940000,1372052999999,79575.93203355996,79578.34320474818,79575.73603473595,79578.24173030705,0,1
1372053000000,1372053059999,79578.3082136779,79580.62435833603,79577.13944158712,79579.03250386944,0,1
1372053060000,1372053119999,79579.02200728477,79581.40444943217,79577.91630532562,79581.40444943217,0,1
1372053120000,1372053179999,79580.78178072286,79581.15608622441,79578.84006473313,79581.15608622441,0,1
1372053180000,1372053239999,79581.44292768715,79582.13900873365,79579.19694892425,79579.19694892425,0,1
1372053240000,1372053299999,79579.18995131743,79581.07213106906,79579.18995131743,79580.97418249695,0,1
1372053300000,1372053359999,79581.05464032297,79581.18756922595,79580.62086003262,79580.94619701442,0,1
1372053360000,1372053419999,79580.80626842698,79581.03015322707,79580.55789036196,79580.79227546054,0,1
1372053420000,1372053479999,79580.6033684972,79582.88400662404,79580.59987018646,79582.60070410713,0,1
1372053480000,1372053539999,79582.62518735752,79582.62518735752,79579.56081773138,79579.66927606441,0,1
1372053540000,1372053599999,79579.83371064824,79580.1695686307,79577.85681789381,79577.85681789381,0,1
1372053600000,1372053659999,79578.05627435747,79579.14446675376,79577.0274562516,79577.98279086001,0,1
1372053660000,1372053719999,79579.35439378313,79579.42086975704,79576.05453087421,79577.4124005887,0,1
1372053720000,1372053779999,79578.14025483621,79578.57064372062,79574.02788236461,79574.16790583254,0,1
1372053780000,1372053839999,79574.41294218368,79574.83299053133,79569.1678532068,79569.20988087362,0,1
1372053840000,1372053899999,79569.03126206978,79570.81380481744,79567.67225375147,79570.30954204602,0,1
1372053900000,1372053959999,79569.1293276904,79572.08135309715,79568.6985322616,79572.08135309715,0,1
1372053960000,1372054019999,79572.5715220585,79572.5715220585,79570.43561012277,79570.90134784703,0,1
1372054020000,1372054079999,79572.80259337867,79575.8550344801,79572.51550396465,79572.51550396465,0,1
1372054080000,1372054139999,79571.84326236077,79573.83534689475,79569.55660238536,79571.43709449153,0,1
1372054140000,1372054199999,79571.14646425283,79572.09535825806,79567.07675376952,79570.25351127952,0,1
1372054200000,1372054259999,79571.00990013938,79573.42575910978,79570.49163986897,79573.42575910978,0,1
1372054260000,1372054319999,79574.13640072319,79574.22041412753,79571.57715424102,79572.58902764846,0,1
1372054320000,1372054379999,79573.1281848129,79574.50745460026,79572.6625507917,79574.39894026823,0,1
1372054380000,1372054439999,79574.50045371115,79575.50853128357,79574.03488358457,79575.085011071,0,1
1372054440000,1372054499999,79575.59953328561,79575.94253338854,79574.43744548858,79575.94253338854,0,1
1372054500000,1372054559999,79575.44552941242,79575.58203296493,79572.64154423452,79573.38724999371,0,1
1372054560000,1372054619999,79572.63804313735,79574.19240973785,79568.80710846852,79570.04689511473,0,1
1372054620000,1372054679999,79570.91185295909,79574.0768908014,79570.91185295909,79571.6016644955,0,1
1372054680000,1372054739999,79572.78508816255,79574.4899523683,79572.50149939215,79573.99637681412,0,1
1372054740000,1372054799999,79573.56929178142,79575.51553146698,79573.56929178142,79574.374436869,0,1
1372054800000,1372054859999,79574.7489822733,79574.7489822733,79572.64854642515,79573.12468388613,0,1
1372054860000,1372054919999,79572.2003963396,79573.74082812568,79571.83625960622,79571.83625960622,0,1
1372054920000,1372054979999,79571.18498199891,79572.50149939215,79570.9608766694,79571.13946101033,0,1
1372054980000,1372055039999,79570.4251045104,79573.89835891113,79569.91732008755,79573.89835891113,0,1
1372055040000,1372055099999,79574.19240973785,79575.09901202586,79573.2857252496,79573.39075082858,0,1
1372055100000,1372055159999,79573.69181804186,79577.34591126189,79573.69181804186,79577.34591126189,0,1
1372055160000,1372055219999,79578.03177991831,79579.62729233311,79577.86731570162,79578.98701858963,0,1
1372055220000,1372055279999,79579.74274717006,79582.83154380052,79579.74274717006,79582.83154380052,0,1
1372055280000,1372055339999,79583.31069403292,79583.37714371223,79581.32399442061,79582.00259465746,0,1
1372055340000,1372055399999,79582.89100164639,79583.01691121185,79579.68676923377,79579.68676923377,0,1
1372055400000,1372055459999,79579.76723741867,79580.67683274033,79578.08776711964,79578.7525911742,0,1
1372055460000,1372055519999,79578.98002083591,79579.28441859633,79577.04845359754,79577.04845359754,0,1
1372055520000,1372055579999,79576.49550878129,79577.4159000147,79573.87385428528,79577.4159000147,0,1
1372055580000,1372055639999,79578.27322248518,79579.11997497993,79577.42639828537,79578.30471456413,0,1
1372055640000,1372055699999,79578.02128228317,79578.19274227727,79576.10352937976,79576.10352937976,0,1
1372055700000,1372055759999,79576.66349524997,79578.68960973798,79576.66349524997,79577.96879394214,0,1
1372055760000,1372055819999,79577.82882368582,79579.0884854683,79577.28642043687,79578.75958908707,0,1
1372055820000,1372055879999,79578.32920833475,79578.32920833475,79573.97537305864,79573.97537305864,0,1
1372055880000,1372055939999,79573.88785693598,79574.57046238171,79571.78724018719,79572.30193210304,0,1
1372055940000,1372055999999,79572.82009856413,79573.85285027247,79571.84326236077,79572.76408186276,0,1
1372056000000,1372056059999,79572.68005622234,79572.94263400444,79570.3305535025,79570.70525039641,0,1
1372056060000,1372056119999,79570.77878739101,79573.7898379693,79570.4426138582,79573.42225828719,0,1
1372056120000,1372056179999,79572.85160782078,79572.85160782078,79569.05928091667,79569.39900318848,0,1
1372056180000,1372056239999,79568.31675494806,79568.31675494806,79563.02991763059,79563.60463309403,0,1
1372056240000,1372056299999,79563.5976245678,79567.86841068683,79562.94581015805,79567.3394787212,0,1
1372056300000,1372056359999,79567.39202288326,79569.61964136867,79566.58981860764,79566.72994626393,0,1
1372056360000,1372056419999,79566.6388635107,79568.81411334462,79562.35002864148,79562.35002864148,0,1
1372056420000,1372056479999,79563.95855728105,79565.11835965342,79562.45166447015,79562.45166447015,0,1
1372056480000,1372056539999,79563.70625617229,79565.29704836212,79562.09418215496,79563.57659895967,0,1
1372056540000,1372056599999,79564.09171363324,79564.74345335807,79563.14205982689,79563.51001757558,0,1
1372056600000,1372056659999,79563.55907758579,79567.52863641252,79563.55907758579,79567.2203775984,0,1
1372056660000,1372056719999,79567.91394656798,79568.03303943064,79565.25150056311,79567.53914506824,0,1
1372056720000,1372056779999,79567.78084110185,79568.88065942278,79566.96815877332,79568.87015217672,0,1
1372056780000,1372056839999,79567.98400136484,79569.30794474263,79567.94897402775,79568.72655204075,0,1
1372056840000,1372056899999,79568.6985322616,79569.80175175489,79568.6985322616,79568.82462064955,0,1
1372056900000,1372056959999,79567.6372253224,79567.6372253224,79566.5968250371,79566.94013406674,0,1
1372056960000,1372057019999,79566.98917725171,79568.92969309175,79566.98917725171,79568.70903968798,0,1
1372057020000,1372057079999,79568.9717217595,79570.50914910027,79568.10659607845,79569.36047856258,0,1
1372057080000,1372057139999,79569.28693113735,79571.30753747672,79568.28873402062,79570.64922184705,0,1
1372057140000,1372057199999,79569.8367726028,79570.66673080245,79568.63198497142,79568.93319548748,0,1
1372057200000,1372057259999,79568.4498532811,79573.05816604437,79568.4498532811,79571.23750595904,0,1
1372057260000,1372057319999,79570.94336822901,79575.59603322393,79570.85232384488,79575.59603322393,0,1
1372057320000,1372057379999,79576.58300208587,79584.68156642397,79576.58300208587,79584.68156642397,0,1
1372057380000,1372057439999,79584.52070847762,79587.89119056889,79584.3598479437,79587.89119056889,0,1
1372057440000,1372057499999,79588.29319506824,79591.08930094982,79587.27242162872,79591.08930094982,0,1
1372057500000,1372057559999,79591.20811813178,79593.06707372556,79590.13521769119,79592.42765994549,0,1
1372057560000,1372057619999,79591.79868847088,79595.14226627348,79591.79868847088,79592.77707144919,0,1
1372057620000,1372057679999,79592.45211914813,79598.04122500878,79592.45211914813,79597.5069018154,0,1
1372057680000,1372057739999,79598.1809126393,79601.71436067187,79598.1809126393,79599.83955410401,0,1
1372057740000,1372057799999,79598.90725686532,79601.06851727612,79598.90725686532,79599.2389830725,0,1
1372057800000,1372057859999,79600.60767378581,79604.02160096618,79600.55879520022,79604.02160096618,0,1
1372057860000,1372057919999,79605.11395114822,79605.85026046267,79602.39157867455,79604.17865546147,0,1
1372057920000,1372057979999,79604.03556146564,79604.24845666764,79599.11327759417,79599.11327759417,0,1
1372057980000,1372058039999,79599.73131431516,79602.83837781259,79598.8164667222,79602.05995703247,0,1
1372058040000,1372058099999,79601.45951934114,79602.03901213848,79598.73964364958,79601.49093848633,0,1
1372058100000,1372058159999,79601.95523212386,79603.53297120609,79598.5790116815,79598.6698039805,0,1
1372058160000,1372058219999,79598.84789417272,79601.57472239087,79598.17392830412,79601.57472239087,0,1
1372058220000,1372058279999,79602.53120554965,79603.92736708502,79601.96221381855,79602.65337746614,0,1
1372058280000,1372058339999,79603.56089354986,79603.78426949334,79602.26591282005,79602.83139672957,0,1
1372058340000,1372058399999,79602.53120554965,79605.52573270722,79602.53120554965,79605.52573270722,0,1
1372058400000,1372058459999,79605.89562371853,79607.05755082304,79601.91334185333,79602.64290564606,0,1
1372058460000,1372058519999,79602.1123190755,79604.49275705242,79601.68992411347,79602.07042946301,0,1
1372058520000,1372058579999,79601.80163360733,79606.813313089,79601.68992411347,79605.79791798865,0,1
1372058580000,1372058639999,79605.49083662253,79605.68276358143,79598.08662370272,79598.42885337799,0,1
1372058640000,1372058699999,79600.16077496677,79600.16077496677,79596.96556489119,79598.29266133883,0,1
1372058700000,1372058759999,79597.89455089666,79600.26202723032,79597.13320784523,79599.73480593953,0,1
1372058760000,1372058819999,79599.95477581765,79602.84535889071,79599.19009779647,79602.84535889071,0,1
1372058820000,1372058879999,79601.65850559347,79605.25005031914,79601.14881359045,79603.34100298205,0,1
1372058880000,1372058939999,79604.03556146564,79604.22053624364,79600.01064041303,79602.48582702909,0,1
1372058940000,1372058999999,79602.50677098724,79605.01972756017,79601.61661407992,79605.01972756017,0,1
1372059000000,1372059059999,79605.04415598307,79605.83281300176,79602.290347971,79603.66560164464,0,1
1372059060000,1372059119999,79603.48410691688,79605.86421840946,79601.63755985863,79604.25892680655,0,1
1372059120000,1372059179999,79603.79474011825,79605.232601811,79601.62010504608,79601.62010504608,0,1
1372059180000,1372059239999,79601.60614117411,79601.60614117411,79599.3542117062,79600.66353473393,0,1
1372059240000,1372059299999,79600.43659769099,79603.94132771603,79600.43659769099,79600.48547687386,0,1
1372059300000,1372059359999,79600.68797380062,79603.6551308845,79599.11327759417,79603.6551308845,0,1
1372059360000,1372059419999,79603.90991626884,79607.20757961636,79603.50853909133,79605.71416946036,0,1
1372059420000,1372059479999,79605.92702892897,79609.3182112595,79605.70719038467,79609.26588693449,0,1
1372059480000,1372059539999,79609.0007728133,79612.29675807156,79608.56122602087,79611.51209820638,0,1
1372059540000,1372059599999,79611.14241488893,79611.14241488893,79608.6344851613,79609.5100647755,0,1
1372059600000,1372059659999,79609.17867911774,79612.00731293263,79609.17867911774,79612.00731293263,0,1
1372059660000,1372059719999,79611.22263035465,79611.22263035465,79604.93597251436,79605.55713907933,0,1
1372059720000,1372059779999,79605.85026046267,79607.30876055492,79605.85026046267,79606.37367013484,0,1
1372059780000,1372059839999,79605.63739935994,79605.93051839071,79603.96226862603,79605.31286469637,0,1
1372059840000,1372059899999,79606.33179836921,79606.90751977883,79605.85026046267,79606.67723519243,0,1
1372059900000,1372059959999,79606.98079103512,79607.08197426837,79602.42299489141,79602.84535889071,0,1
1372059960000,1372060019999,79602.01806720062,79602.17515316523,79601.82257899852,79602.07741107728,0,1
1372060020000,1372060079999,79602.26591282005,79602.26591282005,79600.39470105835,79601.32685963981,0,1
1372060080000,1372060139999,79600.84508066035,79607.22851368765,79600.79271198137,79605.67578448381,0,1
1372060140000,1372060199999,79606.7121271373,79607.58787507807,79604.0809329543,79604.0809329543,0,1
1372060200000,1372060259999,79604.0809329543,79607.5390305989,79603.77379885745,79607.13779906226,0,1
1372060260000,1372060319999,79606.43996673852,79607.61229722819,79605.5152638946,79607.46925235762,0,1
1372060320000,1372060379999,79608.89612056749,79613.977466679,79608.89612056749,79612.2758346075,0,1
1372060380000,1372060439999,79611.86433091716,79612.58270769284,79610.62623041285,79610.62623041285,0,1
1372060440000,1372060499999,79611.03429737357,79611.03429737357,79606.84471541755,79607.08895238464,0,1
1372060500000,1372060559999,79607.99955478015,79610.7448156905,79607.57391953694,79609.5030883485,0,1
1372060560000,1372060619999,79608.60657698062,79608.60657698062,79602.2205330956,79602.2205330956,0,1
1372060620000,1372060679999,79602.39506937018,79602.48582702909,79597.02493875883,79600.94632599544,0,1
1372060680000,1372060739999,79602.17864393642,79602.20657006204,79594.49599827011,79597.17162562638,0,1
1372060740000,1372060799999,79597.04240159398,79599.0434405345,79596.5464452101,79596.5464452101,0,1
1372060800000,1372060859999,79596.83633819596,79601.51886653251,79596.83633819596,79601.00218505187,0,1
1372060860000,1372060919999,79601.11041108577,79601.11041108577,79598.78853112772,79598.86535382477,0,1
1372060920000,1372060979999,79598.54758338595,79599.2494584577,79595.13178658496,79595.13178658496,0,1
1372060980000,1372061039999,79595.62432007428,79600.53784716182,79595.62432007428,79598.90725686532,0,1
1372061040000,1372061099999,79596.70710983075,79596.70710983075,79588.14288223402,79592.42416576878,0,1
1372061100000,1372061159999,79593.00068840454,79594.26193415016,79587.45421082596,79587.53112064536,0,1
1372061160000,1372061219999,79587.37380447323,79588.15686491856,79583.10784491208,79585.83197500386,0,1
1372061220000,1372061279999,79585.9054008456,79585.9054008456,79580.87623296546,79580.87623296546,0,1
1372061280000,1372061339999,79579.68327060234,79582.68464643035,79577.98279086001,79577.98279086001,0,1
1372061340000,1372061399999,79577.16043869792,79580.74329992382,79576.07553026312,79577.35291015921,0,1
1372061400000,1372061459999,79577.07994953377,79579.90718054578,79577.07994953377,79579.3334012785,0,1
1372061460000,1372061519999,79579.34039878495,79579.90718054578,79573.01615454794,79575.05000859809,0,1
1372061520000,1372061579999,79575.60653340531,79575.60653340531,79572.86561190296,79572.86561190296,0,1
1372061580000,1372061639999,79573.21920847906,79575.45252963992,79572.52250624353,79574.84699183905,0,1
1372061640000,1372061699999,79574.0768908014,79581.42543758961,79574.0768908014,79580.24303606077,0,1
1372061700000,1372061759999,79581.13859562518,79581.13859562518,79576.33451910072,79577.18143576462,0,1
1372061760000,1372061819999,79577.76233712773,79578.8890495919,79576.33801890395,79576.46401100424,0,1
1372061820000,1372061879999,79576.34501850672,79578.02128228317,79576.34501850672,79577.89880905888,0,1
1372061880000,1372061939999,79577.70634810439,79580.22204542154,79572.98114483274,79577.93380156174,0,1
1372061940000,1372061999999,79578.17874565325,79580.04362320916,79577.45089420742,79577.5173828362,0,1
1372062000000,1372062059999,79578.0037862001,79580.83075607113,79577.49638647487,79580.83075607113,0,1
1372062060000,1372062119999,79580.34449019589,79583.17779334959,79580.34449019589,79583.17779334959,0,1
1372062120000,1372062179999,79584.34585994891,79584.51721153701,79581.58634533315,79582.50626815124,0,1
1372062180000,1372062239999,79582.92597668471,79582.92597668471,79575.05000859809,79575.05000859809,0,1
1372062240000,1372062299999,79574.41294218368,79577.56287480118,79573.83184621553,79576.8244796345,0,1
1372062300000,1372062359999,79577.6328620355,79581.453421731,79577.34591126189,79578.41318652141,0,1
1372062360000,1372062419999,79577.35291015921,79577.44389537867,79573.7163231138,79575.48753070395,0,1
1372062420000,1372062479999,79575.84103458369,79577.59786847957,79572.63104093936,79573.98587494189,0,1
1372062480000,1372062539999,79572.6625507917,79575.463029972,79570.38658383733,79573.11768202888,0,1
1372062540000,1372062599999,79572.1828900693,79572.59953098773,79567.23789255835,79568.98923365226,0,1
1372062600000,1372062659999,79569.2484060797,79571.17097556296,79568.27122090111,79570.90484955227,0,1
1372062660000,1372062719999,79572.26341865896,79572.26341865896,79563.03342209326,79563.42240981584,0,1
1372062720000,1372062779999,79564.08820954143,79565.52128065556,79563.23667882684,79563.9620614183,0,1
1372062780000,1372062839999,79564.72243015896,79564.72243015896,79555.15579381597,79557.94364811726,0,1
1372062840000,1372062899999,79558.5887766085,79563.01940423521,79558.483595455,79560.42576235844,0,1
1372062900000,1372062959999,79560.11027354005,79565.75952195827,79559.80879714704,79565.24449319101,0,1
1372062960000,1372063019999,79565.52128065556,79565.52128065556,79560.61154556173,79561.54040980853,0,1
1372063020000,1372063079999,79561.63854891581,79565.37062513764,79561.30557303497,79561.59648941635,0,1
1372063080000,1372063139999,79561.99254269291,79563.70625617229,79560.30657886353,79562.5883455076,0,1
1372063140000,1372063199999,79562.13273478413,79564.95017912844,79561.03217402277,79562.24138230301,0,1
1372063200000,1372063259999,79562.1292300058,79566.11336988815,79561.06021529112,79565.1884340374,0,1
1372063260000,1372063319999,79564.96419428024,79570.60019660885,79563.58711176926,79569.43402544688,0,1
1372063320000,1372063379999,79569.93483032448,79573.50627769147,79569.09430436486,79572.97414287498,0,1
1372063380000,1372063439999,79571.74522335103,79579.44186207806,79571.38457157972,79578.28022073352,0,1
1372063440000,1372063499999,79577.21993027242,79581.61782698015,79577.21993027242,79581.47790779047,0,1
1372063500000,1372063559999,79583.30020193792,79583.30020193792,79577.8078279784,79579.62029502742,0,1
1372063560000,1372063619999,79579.29841367286,79579.91067909886,79577.13594206437,79577.84981934917,0,1
1372063620000,1372063679999,79578.68261177614,79579.68676923377,79577.67835347516,79579.08498662755,0,1
1372063680000,1372063739999,79578.77708384783,79580.89372402358,79577.10094676948,79578.91354193132,0,1
1372063740000,1372063799999,79577.74134128072,79582.88050911104,79577.74134128072,79581.56885548645,0,1
1372063800000,1372063859999,79580.76079121446,79580.76079121446,79571.06942831556,79571.06942831556,0,1
1372063860000,1372063919999,79572.20739883915,79572.20739883915,79568.9962384008,79569.49006080518,0,1
1372063920000,1372063979999,79568.33076538233,79572.63104093936,79568.32376016764,79571.82925684679,0,1
1372063980000,1372064039999,79572.06734791663,79575.59603322393,79569.98035679698,79569.98035679698,0,1
1372064040000,1372064099999,79570.55117113031,79574.49345281714,79570.55117113031,79572.64504533044,0,1
1372064100000,1372064159999,79572.84460577232,79574.47945101441,79569.94183441065,79570.41459888702,0,1
1372064160000,1372064219999,79570.49864356517,79571.4616050893,79566.88758753022,79571.35305770022,0,1
1372064220000,1372064279999,79571.02390680095,79573.06166699444,79570.76127863184,79571.84676373619,0,1
1372064280000,1372064339999,79572.38946210615,79573.67781511665,79570.66673080245,79573.67781511665,0,1
1372064340000,1372064399999,79572.67655513866,79573.90886087526,79571.92729503266,79573.90886087526,0,1
1372064400000,1372064459999,79573.91586217856,79574.88199502257,79570.876835876,79572.96013894478,0,1
1372064460000,1372064519999,79572.80959545652,79573.90886087526,79571.23400437027,79572.7605808085,0,1
1372064520000,1372064579999,79572.92863003012,79572.92863003012,79570.17997042206,79570.17997042206,0,1
1372064580000,1372064639999,79570.25000934619,79570.25000934619,79562.30446741745,79562.60586858242,0,1
1372064640000,1372064699999,79563.22266125372,79563.97958208612,79562.01357163189,79563.5976245678,0,1
1372064700000,1372064759999,79563.562581863,79566.06782580717,79562.34652393931,79563.49249608503,0,1
1372064760000,1372064819999,79562.41661774936,79565.8751370155,79561.62452910231,79563.75181101005,0,1
1372064820000,1372064879999,79565.34960325701,79567.76332709283,79564.09521772384,79567.2904372542,0,1
1372064880000,1372064939999,79568.52340686305,79571.06942831556,79566.88058130449,79571.06942831556,0,1
1372064940000,1372064999999,79570.9608766694,79572.4209727197,79570.12744090703,79572.4209727197,0,1
1372065000000,1372065059999,79572.35094899917,79574.30092631104,79571.9693111038,79574.30092631104,0,1
1372065060000,1372065119999,79575.16901650616,79577.04495404294,79574.08039139485,79577.04495404294,0,1
1372065120000,1372065179999,79577.13244254039,79581.26102917742,79577.13244254039,79580.61386342213,0,1
1372065180000,1372065239999,79579.93866747948,79584.26193156918,79579.93866747948,79582.04806622297,0,1
1372065240000,1372065299999,79582.72661732773,79582.72661732773,79580.63485323891,79581.42893561156,0,1
1372065300000,1372065359999,79581.49539779624,79584.6500944207,79580.5473953783,79584.6500944207,0,1
1372065360000,1372065419999,79582.97494153284,79584.60463468551,79582.56572793114,79583.12183463873,0,1
1372065420000,1372065479999,79583.12533206733,79585.8214855539,79581.93263799911,79585.8214855539,0,1
1372065480000,1372065539999,79585.20608523054,79591.49816591103,79584.47175119775,79591.49816591103,0,1
1372065540000,1372065599999,79591.80567726017,79594.73704365251,79591.80567726017,79592.35428197855,0,1
1372065600000,1372065659999,79591.95244070684,79591.95244070684,79585.35644221473,79588.21279546122,0,1
1372065660000,1372065719999,79589.45367391387,79589.45367391387,79586.84590323191,79587.29339747399,0,1
1372065720000,1372065779999,79588.30368192584,79591.25005327069,79586.24105497084,79587.04518048478,0,1
1372065780000,1372065839999,79588.12540385085,79589.60746220892,79586.18161704038,79587.02070805359,0,1
1372065840000,1372065899999,79588.04849860196,79588.75460639974,79585.9473582274,79585.9473582274,0,1
1372065900000,1372065959999,79586.30049254802,79586.9018411073,79582.98193649157,79584.58715011696,0,1
1372065960000,1372066019999,79584.25843453807,79587.69193017452,79584.06609594381,79587.69193017452,0,1
1372066020000,1372066079999,79585.32147567597,79585.32147567597,79583.8842451433,79584.25493750574,0,1
1372066080000,1372066139999,79584.79346607796,79585.76554163487,79583.69889380896,79585.54525941137,0,1
1372066140000,1372066199999,79586.03476887404,79588.16735191914,79584.74101327106,79587.6185174494,0,1
1372066200000,1372066259999,79587.98907141364,79589.0552114198,79586.24105497084,79588.97132255578,0,1
1372066260000,1372066319999,79589.29289271297,79590.23307657379,79587.29689344393,79587.6010381497,0,1
1372066320000,1372066379999,79588.48894793027,79590.53014231568,79588.21978675706,79588.21978675706,0,1
1372066380000,1372066439999,79588.66022854122,79590.24705633598,79587.69892183451,79587.92265237347,0,1
1372066440000,1372066499999,79587.99955859018,79588.77907458805,79586.36342606819,79586.36342606819,0,1
1372066500000,1372066559999,79586.38440382022,79586.80045347774,79584.06959304218,79584.44027853412,0,1
1372066560000,1372066619999,79584.68856018904,79585.06271948897,79584.44377550164,79584.70604458028,0,1
1372066620000,1372066679999,79583.83528474736,79587.4786821963,79583.83528474736,79586.62564480583,0,1
1372066680000,1372066739999,79586.80744576106,79586.80744576106,79584.13953475276,79584.13953475276,0,1
1372066740000,1372066799999,79584.71303832822,79586.33895196852,79583.06587561472,79585.60470112432,0,1
1372066800000,1372066859999,79586.04176169277,79587.64998011188,79585.51379012619,79587.0172119871,0,1
1372066860000,1372066919999,79587.0277001829,79591.33741757863,79587.0277001829,79590.0024076759,0,1
1372066920000,1372066979999,79590.92155664247,79591.19064510531,79589.63891861426,79590.29598534976,0,1
1372066980000,1372067039999,79590.13521769119,79593.81475164443,79590.13521769119,79593.81475164443,0,1
1372067040000,1372067099999,79593.3500798869,79593.95449832562,79593.02514620566,79593.52826484253,0,1
1372067100000,1372067159999,79593.97895379404,79594.35276565318,79592.24596113851,79592.24596113851,0,1
1372067160000,1372067219999,79592.7386367814,79594.81739082215,79592.7386367814,79593.8357137711,0,1
1372067220000,1372067279999,79593.72740897695,79594.74752375472,79588.04150718637,79589.12511826893,0,1
1372067280000,1372067339999,79587.55908770575,79589.47814039174,79586.26552931011,79587.49266580961,0,1
1372067340000,1372067399999,79587.09062912667,79587.09062912667,79584.15352303616,79585.88791855123,0,1
1372067400000,1372067459999,79585.3424556139,79585.3424556139,79580.63135493918,79580.68382930677,0,1
1372067460000,1372067519999,79580.8552436553,79581.36247298516,79577.96879394214,79577.96879394214,0,1
1372067520000,1372067579999,79579.31590749098,79580.13108547575,79578.2312328923,79578.84006473313,0,1
1372067580000,1372067639999,79578.87505394247,79578.99401633845,79577.09394769582,79578.95202977204,0,1
1372067640000,1372067699999,79578.32221012069,79581.22255022252,79577.52088222546,79581.22255022252,0,1
1372067700000,1372067759999,79581.25053493168,79582.89100164639,79579.63079098411,79579.63079098411,0,1
1372067760000,1372067819999,79578.99751521103,79580.47742853909,79576.08253004964,79579.44186207806,0,1
1372067820000,1372067879999,79579.34739628648,79579.78822901257,79577.96879394214,79579.78822901257,0,1
1372067880000,1372067939999,79578.94853088356,79579.37888498283,79575.53653198779,79575.93903344692,0,1
1372067940000,1372067999999,79575.16551629378,79576.32051987557,79571.14296263219,79574.05238661302,0,1
1372068000000,1372068059999,79573.52728243225,79573.52728243225,79570.9083512563,79570.9083512563,0,1
1372068060000,1372068119999,79572.03933749675,79572.95663795917,79568.9962384008,79568.9962384008,0,1
1372068120000,1372068179999,79569.27292204266,79570.6982468449,79569.09080202556,79570.6982468449,0,1
1372068180000,1372068239999,79570.52315646324,79570.78579088612,79569.10481137541,79570.78579088612,0,1
1372068240000,1372068299999,79572.1898925811,79574.80848819563,79572.1898925811,79574.80848819563,0,1
1372068300000,1372068359999,79574.60546653322,79575.94953326815,79572.66605188028,79572.77108396759,0,1
1372068360000,1372068419999,79572.51200282337,79573.01615454794,79572.2144013338,79572.22490506656,0,1
1372068420000,1372068479999,79572.58552653292,79572.58552653292,79570.56517843442,79570.63171286101,0,1
1372068480000,1372068539999,79570.40759513195,79571.07292996196,79570.25000934619,79570.82431002146,0,1
1372068540000,1372068599999,79570.48113431546,79573.86685295257,79570.46012317536,79573.15269126606,0,1
1372068600000,1372068659999,79572.83410269045,79574.66847369714,79572.83410269045,79573.54828712888,0,1
1372068660000,1372068719999,79573.33123646925,79573.33123646925,79570.18347237991,79570.18347237991,0,1
1372068720000,1372068779999,79569.63014782725,79569.63014782725,79567.11178416188,79569.29043340798,0,1
1372068780000,1372068839999,79568.44284814985,79570.65622543289,79568.44284814985,79570.36907439142,0,1
1372068840000,1372068899999,79571.60516595551,79572.52600738115,79570.14495077603,79570.14495077603,0,1
1372068900000,1372068959999,79570.15195471505,79572.46998903234,79570.15195471505,79572.11986724244,0,1
1372068960000,1372069019999,79571.937799067,79573.85285027247,79571.77323459474,79572.26341865896,0,1
1372069020000,1372069079999,79572.05684401837,79574.76298369866,79570.96788003697,79574.76298369866,0,1
1372069080000,1372069139999,79573.86335228439,79579.13047146177,79573.86335228439,79579.13047146177,0,1
1372069140000,1372069199999,79578.80157646147,79580.14857783727,79577.75183920974,79578.88205176963,0,1
1372069200000,1372069259999,79578.80157646147,79579.13746911021,79574.24141736834,79574.24141736834,0,1
1372069260000,1372069319999,79574.48295146693,79578.05627435747,79574.48295146693,79578.05627435747,0,1
1372069320000,1372069379999,79578.38169478407,79578.38169478407,79575.33002495105,79575.33002495105,0,1
1372069380000,1372069439999,79575.51903155685,79576.5480048559,79572.68005622234,79572.68005622234,0,1
1372069440000,1372069499999,79572.56802093681,79573.16669492662,79571.20949321464,79572.90062202263,0,1
1372069500000,1372069559999,79572.93913301271,79573.23321204647,79568.99974077322,79570.17997042206,0,1
1372069560000,1372069619999,79570.13444485831,79570.13444485831,79568.80710846852,79568.88065942278,0,1
1372069620000,1372069679999,79569.10481137541,79570.50214541143,79563.69924771728,79564.31597295552,0,1
1372069680000,1372069739999,79565.24098950312,79565.49675549337,79561.34412870454,79563.9165075383,0,1
1372069740000,1372069799999,79564.35101302034,79564.35101302034,79561.93997015202,79563.35933175359,0,1
1372069800000,1372069859999,79563.28223580382,79563.83941588404,79562.29395325934,79563.4013838393,0,1
1372069860000,1372069919999,79562.83366576093,79563.65719688413,79560.92000816311,79563.36283610082,0,1
1372069920000,1372069979999,79563.23667882684,79563.23667882684,79561.79276556708,79562.91426967349,0,1
1372069980000,1372070039999,79562.6619422155,79564.91514116306,79561.99604751915,79563.80086983404,0,1
1372070040000,1372070099999,79564.29845287708,79565.01324715678,79562.29395325934,79562.29395325934,0,1
1372070100000,1372070159999,79563.29625329345,79563.6081373553,79561.27402737658,79563.21214806098,0,1
1372070160000,1372070219999,79561.89440705966,79561.89440705966,79558.10844033095,79560.71319906105,0,1
1372070220000,1372070279999,79561.80678514473,79562.01357163189,79560.15584476218,79561.83832912255,0,1
1372070280000,1372070339999,79561.46680484602,79561.94347499667,79559.99459181273,79561.63504396428,0,1
1372070340000,1372070399999,79562.29044853752,79563.48548748021,79561.33361353667,79563.48548748021,0,1
1372070400000,1372070459999,79563.92701999057,79564.90813355526,79563.06145775042,79564.90813355526,0,1
1372070460000,1372070519999,79565.30055203037,79565.41617239406,79564.76097265688,79565.41617239406,0,1
1372070520000,1372070579999,79565.61587714635,79567.12229325566,79564.85908016309,79566.41815955265,0,1
1372070580000,1372070639999,79565.77003247326,79565.77003247326,79562.1782967906,79563.60112883152,0,1
1372070640000,1372070699999,79563.77634045214,79567.09076594119,79563.77634045214,79566.82453132191,0,1
1372070700000,1372070759999,79567.42354924796,79567.89643279207,79566.39363658996,79567.85790237713,0,1
1372070760000,1372070819999,79567.29394022409,79568.12410948628,79566.54077346403,79566.54077346403,0,1
1372070820000,1372070879999,79566.1694238569,79566.1694238569,79563.51352187,79563.51352187,0,1
1372070880000,1372070939999,79563.39087083445,79564.41408482759,79562.51825290125,79563.12453769162,0,1
1372070940000,1372070999999,79562.91076516906,79563.22967004274,79560.45029996049,79562.46918778447,0,1
1372071000000,1372071059999,79562.1292300058,79562.64792383672,79559.87540317883,79561.44927977509,0,1
1372071060000,1372071119999,79561.31258316778,79561.31258316778,79558.55021031402,79559.0024784123,0,1
1372071120000,1372071179999,79559.34604825728,79559.8929310082,79555.82214414184,79556.52001082679,0,1
1372071180000,1372071239999,79556.3657128388,79556.8250930228,79554.05797249914,79555.74499006127,0,1
1372071240000,1372071299999,79556.26401513592,79559.70362882513,79556.26401513592,79559.70362882513,0,1
1372071300000,1372071359999,79559.76322434335,79560.11027354005,79555.06109832422,79555.06109832422,0,1
1372071360000,1372071419999,79556.17634387228,79558.28024208784,79555.51001714892,79556.53403779854,0,1
1372071420000,1372071479999,79556.1798507376,79558.17505768908,79555.73096198267,79555.99047825138,0,1
1372071480000,1372071539999,79555.9063115508,79557.09860707879,79555.00147477679,79556.68833318936,0,1
1372071540000,1372071599999,79557.1476985534,79559.07610151566,79557.1476985534,79558.8026415423,0,1
1372071600000,1372071659999,79558.85172465227,79559.05506639858,79556.24297410274,79557.42471021473,0,1
1372071660000,1372071719999,79557.83846017797,79558.64136677039,79556.57611859578,79558.64136677039,0,1
1372071720000,1372071779999,79557.81040987397,79559.1742648103,79557.79989098967,79557.79989098967,0,1
1372071780000,1372071839999,79557.76132165261,79560.1698666349,79557.76132165261,79560.1698666349,0,1
1372071840000,1372071899999,79560.76928330801,79563.31027076341,79560.43277310803,79563.03342209326,0,1
1372071900000,1372071959999,79563.29625329345,79563.65018839475,79562.24839177982,79563.65018839475,0,1
1372071960000,1372072019999,79563.02991763059,79563.63266714981,79563.02991763059,79563.25069638033,0,1
1372072020000,1372072079999,79563.51001757558,79566.14490028423,79563.01589976762,79565.00974338787,0,1
1372072080000,1372072139999,79565.35661055546,79566.63536031131,79565.09733724249,79566.45669551537,0,1
1372072140000,1372072199999,79566.84204697522,79567.81586902787,79565.48274108795,79565.5983593452,0,1
1372072200000,1372072259999,79565.99775758524,79566.15190702541,79565.50025909164,79565.7735359758,0,1
1372072260000,1372072319999,79566.12037665142,79566.12037665142,79561.9469798401,79561.9469798401,0,1
1372072320000,1372072379999,79561.08825648081,79562.33951453128,79560.36266539103,79562.33951453128,0,1
1372072380000,1372072439999,79562.34301923591,79562.49021572115,79560.45380532728,79561.43175467345,0,1
1372072440000,1372072499999,79560.32761134821,79561.56844965175,79560.27853548183,79560.35214919108,0,1
1372072500000,1372072559999,79560.9270185662,79561.79276556708,79560.36266539103,79560.5694817425,0,1
1372072560000,1372072619999,79561.51587488122,79561.51587488122,79556.70235992502,79556.70586660586,0,1
1372072620000,1372072679999,79556.64625286433,79557.06003503683,79554.95938735279,79556.00450596593,0,1
1372072680000,1372072739999,79555.23645963869,79556.26752197047,79548.60566218446,79550.50764214431,0,1
1372072740000,1372072799999,79551.18482811756,79551.67602240745,79549.46896729598,79550.79887282025,0,1
1372072800000,1372072859999,79550.45500918952,79551.99879409002,79549.47247651426,79549.47247651426,0,1
1372072860000,1372072919999,79549.05136152804,79549.56020657097,79547.7457923612,79547.7457923612,0,1
1372072920000,1372072979999,79548.25470384002,79548.25470384002,79544.7549754106,79545.22542139699,0,1
1372072980000,1372073039999,79545.68882416359,79546.05040383148,79544.55485361717,79545.34127410187,0,1
1372073040000,1372073099999,79545.55893312988,79547.88618432153,79545.55893312988,79546.20486106351,0,1
1372073100000,1372073159999,79546.07146632178,79550.45500918952,79546.07146632178,79549.93919157199,0,1
1372073160000,1372073219999,79551.40235999388,79551.40937707238,79549.5496790048,79550.78834655802,0,1
1372073220000,1372073279999,79551.07956905922,79551.6128702075,79549.62688089933,79549.62688089933,0,1
1372073280000,1372073339999,79549.36719943023,79551.81635920172,79549.36719943023,79551.24096582898,0,1
1372073340000,1372073399999,79551.03395645654,79551.03395645654,79542.6236480684,79543.91233026273,0,1
1372073400000,1372073459999,79544.5724083207,79545.0814813182,79540.80095020714,79542.7535772342,0,1
1372073460000,1372073519999,79543.21709455823,79543.21709455823,79538.5844672577,79538.5844672577,0,1
1372073520000,1372073579999,79538.84794183039,79543.72974778811,79538.84794183039,79540.40405672399,0,1
1372073580000,1372073639999,79540.29517168744,79542.51829885684,79536.71184130188,79537.02104199001,0,1
1372073640000,1372073699999,79537.38293519747,79537.38293519747,79533.57361616558,79535.6330776764,0,1
1372073700000,1372073759999,79535.82986408408,79535.82986408408,79533.62633804693,79534.1640853603,0,1
1372073760000,1372073819999,79533.54198290333,79534.94429475203,79533.20104028132,79534.94429475203,0,1
1372073820000,1372073879999,79533.94266349805,79540.3092214362,79533.94266349805,79538.22261753104,0,1
1372073880000,1372073939999,79539.30461464582,79539.30461464582,79535.58739456363,79537.33023311794,0,1
1372073940000,1372073999999,79537.41104285966,79537.98723252458,79536.42020007326,79537.98723252458,0,1
1372074000000,1372074059999,79537.56212019034,79542.89052777064,79537.13698978329,79542.89052777064,0,1
1372074060000,1372074119999,79542.36378467226,79543.74730394014,79537.41806976286,79538.58798029766,0,1
1372074120000,1372074179999,79539.19923046252,79543.15037747919,79538.85496772396,79542.78518137061,0,1
1372074180000,1372074239999,79543.17846893515,79543.17846893515,79539.2448970783,79542.2654562208,0,1
1372074240000,1372074299999,79541.21890065198,79542.59906668497,79540.76582752536,79541.92481089455,0,1
1372074300000,1372074359999,79542.10040271802,79545.1271210797,79542.10040271802,79544.25641894214,0,1
1372074360000,1372074419999,79544.65667046867,79546.81213568714,79540.33732087449,79540.59723693566,0,1
1372074420000,1372074479999,79541.54552203302,79542.97480409163,79541.07841505647,79541.07841505647,0,1
1372074480000,1372074539999,79542.14605608709,79542.38836663404,79540.43215589579,79542.3567612435,0,1
1372074540000,1372074599999,79542.49722888134,79545.40095527451,79541.05031770056,79542.4234836175,0,1
1372074600000,1372074659999,79542.88701624186,79543.57174103279,79539.99660985974,79539.99660985974,0,1
1372074660000,1372074719999,79540.90280528668,79541.92481089455,79538.14884073709,79541.1240730915,0,1
1372074720000,1372074779999,79541.1275852394,79542.04421366996,79539.11140946139,79542.04421366996,0,1
1372074780000,1372074839999,79542.38836663404,79544.66720318724,79542.1706385841,79543.33648190451,0,1
1372074840000,1372074899999,79542.80625073939,79543.6419665656,79542.37783151497,79542.87648164808,0,1
1372074900000,1372074959999,79543.05556823277,79544.85679022456,79543.05556823277,79544.85679022456,0,1
1372074960000,1372075019999,79546.79809507185,79549.35316240195,79546.21539215154,79549.35316240195,0,1
1372075020000,1372075079999,79549.869010248,79551.15675914366,79549.74619174586,79551.08307771235,0,1
1372075080000,1372075139999,79550.98834364579,79551.40235999388,79548.93555179781,79550.12867868651,0,1
1372075140000,1372075199999,79549.8970828367,79551.6128702075,79549.1320766075,79550.17780438936,0,1
1372075200000,1372075259999,79550.4374648097,79558.01377279544,79550.4374648097,79553.76332901248,0,1
1372075260000,1372075319999,79554.51395125763,79554.9523727649,79552.73551651053,79553.42307513746,0,1
1372075320000,1372075379999,79553.18804765941,79553.18804765941,79550.28658187257,79551.6198871383,0,1
1372075380000,1372075439999,79551.91459378591,79555.14527213895,79551.91459378591,79552.95652265329,0,1
1372075440000,1372075499999,79552.9319666564,79553.93871308607,79551.59181938555,79553.50024713455,0,1
1372075500000,1372075559999,79555.253995601,79555.253995601,79552.27244018215,79552.27244018215,0,1
1372075560000,1372075619999,79553.13893674238,79557.31250388412,79553.05474603781,79556.76197333208,0,1
1372075620000,1372075679999,79556.70586660586,79558.33984608938,79553.05123807641,79553.05123807641,0,1
1372075680000,1372075739999,79552.87934646003,79555.20840203502,79552.87934646003,79555.05057654757,0,1
1372075740000,1372075799999,79555.31712481071,79556.38324682097,79555.04706928623,79555.40831074338,0,1
1372075800000,1372075859999,79556.05710972026,79557.04951536321,79553.48270809659,79554.30350210652,0,1
1372075860000,1372075919999,79554.5876074142,79554.5876074142,79553.6335428177,79554.28596447734,0,1
1372075920000,1372075979999,79552.78462940881,79554.46835431739,79549.86550116888,79550.47957126956,0,1
1372075980000,1372076039999,79550.0234085106,79552.0654521613,79549.73215524956,79549.73215524956,0,1
1372076040000,1372076099999,79550.27254613477,79550.27254613477,79545.76605587029,79546.45058356138,0,1
1372076100000,1372076159999,79546.4927068119,79546.8191559874,79545.43606168027,79545.8608394224,0,1
1372076160000,1372076219999,79544.56889738246,79548.51792375308,79544.56889738246,79546.27506810758,0,1
1372076220000,1372076279999,79547.33513456282,79549.5988075521,79545.63967640331,79548.23715559946,0,1
1372076280000,1372076339999,79547.93532104198,79547.93532104198,79545.03233057287,79546.31719209746,0,1
1372076340000,1372076399999,79546.16273660047,79546.86829795117,79543.39968639314,79544.07735386198,0,1
1372076400000,1372076459999,79544.24939684254,79547.76334146403,79544.16864234272,79547.76334146403,0,1
1372076460000,1372076519999,79547.18420480921,79547.18420480921,79543.96499766475,79545.57297548513,0,1
1372076520000,1372076579999,79545.9626429777,79547.29301486073,79545.52733775847,79545.82573450786,0,1
1372076580000,1372076639999,79545.52733775847,79545.78711895952,79542.1144499307,79544.22130839483,0,1
1372076640000,1372076699999,79544.55134267277,79546.12412235346,79544.44250278485,79545.33074209325,0,1
1372076700000,1372076759999,79545.44659357797,79549.30052337042,79545.44659357797,79546.36282621956,0,1
1372076760000,1372076819999,79546.01529958239,79546.01529958239,79542.70090345152,79543.87370732495,0,1
1372076820000,1372076879999,79542.9923615691,79544.79359494483,79542.4059251412,79543.4593791545,0,1
1372076880000,1372076939999,79543.9369084182,79545.79062947008,79543.4523564952,79545.68882416359,0,1
1372076940000,1372076999999,79545.81520300946,79547.17718476523,79545.52031655126,79546.3873983529,0,1
1372077000000,1372077059999,79546.58046301395,79547.93532104198,79545.07094903596,79545.07094903596,0,1
1372077060000,1372077119999,79544.31961761664,79546.2820887849,79544.31961761664,79545.74148221014,0,1
1372077120000,1372077179999,79545.33776343356,79546.81213568714,79543.9930868324,79544.80763837483,0,1
1372077180000,1372077239999,79544.73391014726,79544.73391014726,79541.77028753939,79542.21277986697,0,1
1372077240000,1372077299999,79543.07663703187,79545.23946422059,79542.32866747916,79543.29785674257,0,1
1372077300000,1372077359999,79542.58502015303,79547.9914769983,79542.58502015303,79547.9914769983,0,1
1372077360000,1372077419999,79546.50674785598,79549.51458703754,79546.50674785598,79549.16366059167,0,1
1372077420000,1372077479999,79548.28980022874,79550.30061759066,79548.28980022874,79549.62688089933,0,1
1372077480000,1372077539999,79549.78830111652,79554.55954798995,79549.54616981362,79553.54234070012,0,1
1372077540000,1372077599999,79554.90327051192,79556.35519243473,79553.67212807859,79556.10269941685,0,1
1372077600000,1372077659999,79556.1798507376,79556.29557660267,79556.1798507376,79556.29557660267,0,1
1372077660000,1372077719999,79556.11322008654,79557.80690358042,79556.11322008654,79556.4007807724,0,1
1372077720000,1372077779999,79556.84613283117,79559.92097547131,79556.84613283117,79558.18207001676,0,1
1372077780000,1372077839999,79558.12597125769,79568.94020027525,79558.12597125769,79565.64040201642,0,1
1372077840000,1372077899999,79565.36361784901,79566.12738340978,79564.43160470345,79565.8260883666,0,1
1372077900000,1372077959999,79565.61237358858,79571.81174992674,79565.51076987913,79571.14996587225,0,1
1372077960000,1372078019999,79570.75427511957,79571.89928422049,79570.15545668271,79571.85726785511,0,1
1372078020000,1372078079999,79571.17797878338,79575.81653471783,79571.07993325105,79575.81653471783,0,1
1372078080000,1372078139999,79575.61353352011,79575.61353352011,79570.77528564163,79571.8397609841,0,1
1372078140000,1372078199999,79572.98114483274,79574.2834237176,79571.79424297604,79573.88785693598,0,1
1372078200000,1372078259999,79573.75133025525,79575.94603332898,79573.75133025525,79574.1399012958,0,1
1372078260000,1372078319999,79574.74198155328,79577.86381643357,79573.00215067656,79577.86381643357,0,1
1372078320000,1372078379999,79577.82532440432,79579.47684918181,79577.73434265525,79578.92403862985,0,1
1372078380000,1372078439999,79577.77283503472,79579.16196084119,79577.18143576462,79577.76933573361,0,1
1372078440000,1372078499999,79578.51815826303,79586.87736832531,79578.51815826303,79585.13615097923,0,1
1372078500000,1372078559999,79585.19559512402,79589.75076280971,79585.19559512402,79589.75076280971,0,1
1372078560000,1372078619999,79589.61794768836,79589.94648714179,79588.26523006086,79588.32465560808,0,1
1372078620000,1372078679999,79588.2896994466,79590.42529659093,79588.25474316292,79589.93600200681,0,1
1372078680000,1372078739999,79588.92937785985,79591.60649485153,79588.92937785985,79591.60649485153,0,1
1372078740000,1372078799999,79590.38685288308,79593.56669647555,79589.31735958421,79589.31735958421,0,1
1372078800000,1372078859999,79589.69833599885,79589.69833599885,79582.42931967592,79582.42931967592,0,1
1372078860000,1372078919999,79581.64930852802,79585.23405879413,79581.64930852802,79583.45758220695,0,1
1372078920000,1372078979999,79584.37033892696,79586.23406229148,79582.32089127392,79582.32089127392,0,1
1372078980000,1372079039999,79581.8172084429,79584.24094936419,79577.28991990697,79577.28991990697,0,1
1372079040000,1372079099999,79576.16652710554,79578.17874565325,79576.08253004964,79577.60136784067,0,1
1372079100000,1372079159999,79577.32141508268,79579.97015431405,79576.63199800205,79579.97015431405,0,1
1372079160000,1372079219999,79579.46635306354,79581.04764401597,79574.2834237176,79579.00801182141,0,1
1372079220000,1372079279999,79578.28721897696,79580.0961006609,79577.44739479365,79577.86381643357,0,1
1372079280000,1372079339999,79577.28292096555,79579.09198430782,79576.38351623439,79579.09198430782,0,1
1372079340000,1372079399999,79579.73225133088,79581.45691974316,79579.31940625094,79581.45691974316,0,1
1372079400000,1372079459999,79580.92870604807,79581.59334126327,79577.63636138437,79577.63636138437,0,1
1372079460000,1372079519999,79576.97496269387,79576.97496269387,79573.92286347695,79574.30092631104,0,1
1372079520000,1372079579999,79573.78633727416,79575.4315289427,79572.84460577232,79572.84460577232,0,1
1372079580000,1372079639999,79574.22041412753,79574.33243090205,79571.94130040934,79572.0533427165,0,1
1372079640000,1372079699999,79573.36974580103,79573.99987743574,79572.49799824596,79573.6498092074,0,1
1372079700000,1372079759999,79573.54828712888,79573.54828712888,79569.45854095479,79569.45854095479,0,1
1372079760000,1372079819999,79568.8211182158,79570.61420384429,79568.66700991619,79569.58461976034,0,1
1372079820000,1372079879999,79570.68423972718,79572.61703652868,79569.60563274006,79570.45662131438,0,1
1372079880000,1372079939999,79569.52158055626,79572.08135309715,79568.80710846852,79570.7472716024,0,1
1372079940000,1372079999999,79571.24450913287,79571.24450913287,79568.39381209364,79570.21498994544,0,1
1372080000000,1372080059999,79570.0714091202,79570.61770565009,79568.43934558237,79570.36907439142,0,1
1372080060000,1372080119999,79569.4480343159,79570.57218207912,79567.78084110185,79567.78084110185,0,1
1372080120000,1372080179999,79567.15031745176,79570.6947450673,79566.65988268124,79568.31325233642,0,1
1372080180000,1372080239999,79568.22568664682,79568.94720505811,79565.65441620086,79568.94720505811,0,1
1372080240000,1372080299999,79567.7353046146,79568.60746743709,79567.10828112817,79567.10828112817,0,1
1372080300000,1372080359999,79567.09426898103,79567.09426898103,79558.20310697026,79558.483595455,0,1
1372080360000,1372080419999,79558.14700832922,79562.27292490998,79558.11895889069,79562.27292490998,0,1
1372080420000,1372080479999,79561.63854891581,79563.27522705165,79558.46957121762,79558.46957121762,0,1
1372080480000,1372080539999,79558.41347407138,79560.15584476218,79558.10844033095,79558.57825854294,0,1
1372080540000,1372080599999,79559.78075236933,79560.14532834473,79556.1202338602,79560.14532834473,0,1
1372080600000,1372080659999,79558.90431343133,79568.40782241995,79558.90431343133,79560.50288033353,0,1
1372080660000,1372080719999,79559.75270751299,79559.75270751299,79539.7085770605,79542.53936878794,0,1
1372080720000,1372080779999,79543.16091178443,79543.16091178443,79533.7950461994,79541.59117793538,0,1
1372080780000,1372080839999,79540.80797472868,79549.14611394612,79540.80797472868,79542.24438571258,0,1
1372080840000,1372080899999,79542.00207167673,79542.02314269554,79531.81957646529,79538.54933679015,0,1
1372080900000,1372080959999,79536.91914736487,79542.34973780981,79533.48926057723,79534.27655173022,0,1
1372080960000,1372081019999,79533.78450202326,79534.19571665468,79519.93391866847,79521.19385563105,0,1
1372081020000,1372081079999,79520.36330049245,79522.25306527514,79509.35897424202,79513.4592810475,0,1
1372081080000,1372081139999,79514.49818116665,79519.24757336717,79513.34658030812,79517.83249745585,0,1
1372081140000,1372081199999,79516.24117788947,79516.24117788947,79510.13055213152,79510.13055213152,0,1
1372081200000,1372081259999,79508.66133202579,79516.22005247528,79505.18296508926,79515.22006515034,0,1
1372081260000,1372081319999,79512.87815424953,79518.50837958789,79512.63864974208,79516.74817444201,0,1
1372081320000,1372081379999,79513.85372363326,79519.61011034467,79512.31812738217,79517.61423409292,0,1
1372081380000,1372081439999,79518.67382294177,79520.37033938515,79516.93125021354,79518.08243835892,0,1
1372081440000,1372081499999,79519.6875437238,79523.46345322003,79516.4911585688,79523.24179429295,0,1
1372081500000,1372081559999,79522.27769672271,79522.27769672271,79512.89224257132,79516.8960435947,0,1
1372081560000,1372081619999,79516.08625714903,79532.09729062468,79515.05456464601,79530.15664552987,0,1
1372081620000,1372081679999,79528.12067280347,79536.30775780973,79528.12067280347,79528.93300177746,0,1
1372081680000,1372081739999,79529.93161883431,79534.41361840842,79523.94545646785,79533.82667866113,0,1
1372081740000,1372081799999,79534.2414061255,79536.21991141162,79528.65871625606,79531.90394613946,0,1
1372081800000,1372081859999,79531.65083498147,79535.52765479358,79523.08698196946,79524.69128431776,0,1
1372081860000,1372081919999,79522.66827299695,79524.64906913217,79515.2095013702,79516.06161044631,0,1
1372081920000,1372081979999,79513.25501002211,79515.11442684673,79505.17239070081,79505.7645392344,0,1
1372081980000,1372082039999,79504.66833188164,79506.1169919529,79500.4938894916,79500.9382120021,0,1
1372082040000,1372082099999,79501.88673923799,79508.84103240183,79494.93819171622,79505.39092578963,0,1
1372082100000,1372082159999,79504.5978321194,79504.5978321194,79495.77086114907,79500.63141999737,0,1
1372082160000,1372082219999,79500.33872459893,79502.40504138604,79493.13501307085,79493.67494214971,0,1
1372082220000,1372082279999,79493.61495146944,79503.94568575567,79493.31146368904,79496.59640561197,0,1
1372082280000,1372082339999,79494.57123063381,79494.77588366755,79484.81712818657,79488.26727753598,0,1
1372082340000,1372082399999,79487.74471114168,79500.83594904632,79487.53285212115,79490.18076732707,0,1
1372082400000,1372082459999,79489.81716183617,79489.81716183617,79475.79945017159,79477.90265310997,0,1
1372082460000,1372082519999,79478.87810632538,79478.87810632538,79467.37867401834,79470.12743466122,0,1
1372082520000,1372082579999,79468.9707124146,79476.14235545251,79465.26971738497,79475.51309757713,0,1
1372082580000,1372082639999,79475.03228959336,79477.35480251328,79467.76786236609,79477.19220881865,0,1
1372082640000,1372082699999,79475.77116879879,79490.13134599788,79474.15546257522,79488.0907378896,0,1
1372082700000,1372082759999,79488.7545107891,79488.7545107891,79482.12893001379,79482.14659464685,0,1
1372082760000,1372082819999,79480.80399359555,79493.20206467253,79480.80399359555,79492.16447901343,0,1
1372082820000,1372082879999,79492.85268560555,79493.97136140513,79489.05813689689,79491.75153232284,0,1
1372082880000,1372082939999,79492.96208844428,79492.96208844428,79483.10043849697,79483.10043849697,0,1
1372082940000,1372082999999,79484.24139885126,79491.09501786377,79484.24139885126,79489.96189958637,0,1
1372083000000,1372083059999,79489.89482625526,79498.88570013654,79487.98834346663,79498.67407701895,0,1
1372083060000,1372083119999,79499.24897604587,79499.24897604587,79491.28915297157,79493.71023061704,0,1
1372083120000,1372083179999,79494.78999751549,79496.43059659538,79490.20547790008,79490.20547790008,0,1
1372083180000,1372083239999,79489.25231155135,79494.99111768426,79484.88776753983,79492.7079896902,0,1
1372083240000,1372083299999,79492.07977339019,79497.36544127339,79489.1675812567,79497.11145438474,0,1
1372083300000,1372083359999,79497.46068469352,79505.55306164044,79493.56554710958,79505.43322235199,0,1
1372083360000,1372083419999,79505.05607168993,79505.77511299671,79500.65963114938,79502.57075137136,0,1
1372083420000,1372083479999,79501.91142090182,79504.54495697154,79495.62267928757,79497.18200694534,0,1
1372083480000,1372083539999,79496.65285060738,79509.23918055493,79496.65285060738,79507.92135527481,0,1
1372083540000,1372083599999,79507.04035917071,79507.9495458686,79501.86558347764,79505.48256811529,0,1
1372083600000,1372083659999,79506.8430054028,79506.94873111998,79499.43942610404,79502.58132851122,0,1
1372083660000,1372083719999,79501.96430997633,79501.96430997633,79487.47282458263,79492.28447741816,0,1
1372083720000,1372083779999,79493.01855395726,79493.84079686346,79488.49677441704,79489.50649812783,0,1
1372083780000,1372083839999,79488.45793685356,79492.06918513682,79487.67409196688,79489.53121036704,0,1
1372083840000,1372083899999,79489.94424875338,79493.90078618888,79488.06602209038,79488.36966910287,0,1
1372083900000,1372083959999,79488.31670807848,79488.3943841516,79478.63778610576,79481.35518846958,0,1
1372083960000,1372084019999,79482.11479828488,79487.97775088027,79481.2244591004,79487.63878219246,0,1
1372084020000,1372084079999,79486.48761525752,79490.46670022288,79486.44876989015,79489.55239223776,0,1
1372084080000,1372084139999,79489.27702441871,79500.68078946116,79489.27702441871,79499.76741492424,0,1
1372084140000,1372084199999,79501.1956279166,79504.86925347727,79497.43951956743,79497.43951956743,0,1
1372084200000,1372084259999,79496.91743227644,79497.25255900816,79485.19504292021,79488.31317733355,0,1
1372084260000,1372084319999,79488.00599775228,79505.59535751701,79487.15149457297,79505.59535751701,0,1
1372084320000,1372084379999,79504.73883114685,79506.15223654154,79501.53413738891,79502.48965959396,0,1
1372084380000,1372084439999,79502.1300272651,79502.1300272651,79489.60181642829,79490.35021003002,0,1
1372084440000,1372084499999,79489.20641606419,79493.11383878745,79484.02240107689,79493.11383878745,0,1
1372084500000,1372084559999,79491.959772529,79511.05002611554,79491.33503890091,79509.15461944121,0,1
1372084560000,1372084619999,79508.37239523914,79508.80932080542,79502.7752407596,79504.5978321194,0,1
1372084620000,1372084679999,79503.74474560251,79507.07560050514,79498.83632180966,79507.07560050514,0,1
1372084680000,1372084739999,79505.89847273078,79517.80081436003,79505.89847273078,79515.75528207178,0,1
1372084740000,1372084799999,79515.80809797824,79520.46888336269,79512.26529303985,79519.3918857775,0,1
1372084800000,1372084859999,79518.69142313748,79526.50285144258,79515.04400069102,79523.43530632702,0,1
1372084860000,1372084919999,79523.2277205444,79523.56196672167,79519.12085831413,79520.21196310104,0,1
1372084920000,1372084979999,79519.62418918547,79519.89520300772,79509.79233353588,79518.02611419364,0,1
1372084980000,1372085039999,79516.81858859693,79519.99375166753,79513.44871540714,79519.99375166753,0,1
1372085040000,1372085099999,79519.96911459362,79523.21012833086,79517.83249745585,79520.32106703222,0,1
1372085100000,1372085159999,79521.92229424433,79521.92229424433,79510.50751146136,79513.9910705245,0,1
1372085160000,1372085219999,79512.80066812482,79515.68133933409,79509.65140574481,79514.47705206998,0,1
1372085220000,1372085279999,79514.00515727847,79530.33947599154,79512.93802948011,79529.3162856092,0,1
1372085280000,1372085339999,79529.95623137578,79531.75981418208,79527.10780658816,79528.3844232112,0,1
1372085340000,1372085399999,79529.14750187882,79529.14750187882,79522.71401516629,79528.30002383758,0,1
1372085400000,1372085459999,79528.82750823647,79532.08322933361,79526.26719040546,79526.26719040546,0,1
1372085460000,1372085519999,79527.36454974496,79527.36454974496,79519.21237490239,79519.91280105391,0,1
1372085520000,1372085579999,79522.09471880639,79527.14649433497,79518.12116103854,79524.60685376839,0,1
1372085580000,1372085639999,79526.15463392057,79533.204555213,79526.15463392057,79531.29224987388,0,1
1372085640000,1372085699999,79530.26564101518,79531.71059791597,79524.60685376839,79527.03746484689,0,1
1372085700000,1372085759999,79526.92491703165,79526.92491703165,79521.11643391497,79523.67807067411,0,1
1372085760000,1372085819999,79523.29808908909,79533.89697266227,79519.9620754185,79533.79856092231,0,1
1372085820000,1372085879999,79534.3433280389,79537.84318822078,79531.49966831757,79533.53495327593,0,1
1372085880000,1372085939999,79532.9409319075,79533.82667866113,79524.51186854826,79525.94710458022,0,1
1372085940000,1372085999999,79526.23553402213,79526.4500919914,79514.2446290601,79514.2446290601,0,1
1372086000000,1372086059999,79514.7411625696,79518.14228243694,79513.32897070285,79516.16371781926,0,1
1372086060000,1372086119999,79516.63903152198,79522.75975712638,79514.80454805157,79521.5211317175,0,1
1372086120000,1372086179999,79522.75271991537,79523.31919955595,79514.25871545689,79515.62500164316,0,1
1372086180000,1372086239999,79516.95237412537,79521.47890314691,79515.6778182377,79515.6778182377,0,1
1372086240000,1372086299999,79515.04752201059,79519.17365644804,79512.25120383476,79514.6601694246,0,1
1372086300000,1372086359999,79514.4383152768,79514.4383152768,79503.05023713707,79504.76703071377,0,1
1372086360000,1372086419999,79505.51429026309,79515.10738425348,79504.16424765364,79512.68091566021,0,1
1372086420000,1372086479999,79512.58933927846,79516.97349799254,79511.51501525179,79514.8855400272,0,1
1372086480000,1372086539999,79515.8538715382,79519.66642558895,79512.46606205564,79513.24444416592,0,1
1372086540000,1372086599999,79510.90559327074,79516.66367680159,79508.62609627927,79515.62500164316,0,1
1372086600000,1372086659999,79514.78694101355,79517.95218824525,79512.30756053605,79512.96268388262,0,1
1372086660000,1372086719999,79513.2268343808,79514.32562557072,79507.22713682795,79510.42648401929,0,1
1372086720000,1372086779999,79511.16979811194,79516.72352937063,79510.35250186837,79512.31108281933,0,1
1372086780000,1372086839999,79511.61012400249,79513.11413102168,79505.27813408208,79505.89142364412,0,1
1372086840000,1372086899999,79504.34402885991,79506.18748100597,79498.7058207721,79498.7058207721,0,1
1372086900000,1372086959999,79500.20824316652,79504.1184205547,79497.24903141685,79497.24903141685,0,1
1372086960000,1372087019999,79494.53594520468,79496.3635666381,79490.98559459674,79492.26330133373,0,1
1372087020000,1372087079999,79490.9961839975,79493.93254509784,79489.36175378606,79490.47729017312,0,1
1372087080000,1372087139999,79489.4853161599,79494.10192424212,79487.78002054206,79493.59730708323,0,1
1372087140000,1372087199999,79494.92407807743,79494.95583373669,79485.23036132446,79486.86546686746,0,1
1372087200000,1372087259999,79485.72480588673,79488.03071369983,79484.60873918717,79487.01024734582,0,1
1372087260000,1372087319999,79487.64937513789,79488.07308375354,79481.48238297223,79487.57169327758,0,1
1372087320000,1372087379999,79486.12387545432,79486.25807226171,79478.89931077337,79479.72271539646,0,1
1372087380000,1372087439999,79479.07247874896,79479.07601275806,79470.22647499577,79474.60095687774,0,1
1372087440000,1372087499999,79475.0181478321,79479.25271162043,79473.88320628655,79473.88320628655,0,1
1372087500000,1372087559999,79473.97867362127,79475.88075867282,79472.53242261782,79473.38463984178,0,1
1372087560000,1372087619999,79472.09037263038,79477.1992781647,79468.8822724861,79474.24385588017,0,1
1372087620000,1372087679999,79475.5413796798,79475.5413796798,79469.94350000896,79469.94350000896,0,1
1372087680000,1372087739999,79469.21126506309,79472.85775892541,79466.69932715347,79467.3539069745,0,1
1372087740000,1372087799999,79468.57095771535,79468.57095771535,79459.18805369617,79461.06109048735,0,1
1372087800000,1372087859999,79461.01860582874,79482.45748708126,79461.01860582874,79482.45748708126,0,1
1372087860000,1372087919999,79481.49651559489,79485.87666609482,79481.21032609325,79484.36149236879,0,1
1372087920000,1372087979999,79484.7182322537,79486.29338691171,79482.88141573414,79486.29338691171,0,1
1372087980000,1372088039999,79485.70361590691,79487.84710805932,79483.85991575796,79484.79240429505,0,1
1372088040000,1372088099999,79485.2409568214,79485.2409568214,79479.61670143653,79479.61670143653,0,1
1372088100000,1372088159999,79479.66264095716,79482.5564053744,79479.30218674241,79481.79329605686,0,1
1372088160000,1372088219999,79482.27024620453,79482.38329771928,79473.83016848458,79477.25583275313,0,1
1372088220000,1372088279999,79477.61282621083,79478.48581592724,79475.66511293847,79476.2059860669,0,1
1372088280000,1372088339999,79477.1356538704,79487.80473704817,79477.03668194132,79486.14153303187,0,1
1372088340000,1372088399999,79485.96495585334,79487.28214648186,79484.60873918717,79484.73589231345,0,1
1372088400000,1372088459999,79485.23036132446,79486.18744258757,79479.08661477784,79485.74246416896,0,1
1372088460000,1372088519999,79484.77827632958,79494.47595968943,79484.77827632958,79493.7984512406,0,1
1372088520000,1372088579999,79494.29952961783,79494.29952961783,79485.49877712033,79486.00380310013,0,1
1372088580000,1372088639999,79484.6334635328,79486.91137309975,79482.73304274988,79485.99673997558,0,1
1372088640000,1372088699999,79484.3191065861,79486.6253385259,79476.69380732646,79477.76127518415,0,1
1372088700000,1372088759999,79479.22797396766,79481.41878592315,79475.95499629225,79479.45767838933,0,1
1372088760000,1372088819999,79480.77219296432,79486.63593254492,79480.77219296432,79486.58649369354,0,1
1372088820000,1372088879999,79486.02499244387,79488.0483679107,79481.09726131703,79485.64710907452,0,1
1372088880000,1372088939999,79486.4346442646,79487.47635562427,79476.2024510434,79477.37954480026,0,1
1372088940000,1372088999999,79477.8673088159,79486.75599730927,79477.5527390951,79484.88776753983,0,1
1372089000000,1372089059999,79486.2439463668,79488.4791209978,79483.04744955877,79487.84710805932,0,1
1372089060000,1372089119999,79486.33929577027,79495.62620745265,79485.85547643679,79495.4850798786,0,1
1372089120000,1372089179999,79494.86409489036,79504.11489538454,79494.86409489036,79498.68113119503,0,1
1372089180000,1372089239999,79499.87321547468,79502.11239789684,79499.87321547468,79500.8817911903,0,1
1372089240000,1372089299999,79502.08771672905,79503.7130178408,79495.84142316849,79497.56650965198,0,1
1372089300000,1372089359999,79497.58061956184,79497.58061956184,79490.98912439824,79492.9515011251,0,1
1372089360000,1372089419999,79492.05859687226,79493.25499982997,79488.29199283777,79488.29199283777,0,1
1372089420000,1372089479999,79489.3158588012,79500.50446882843,79487.78355147525,79500.32814508675,0,1
1372089480000,1372089539999,79500.96994856886,79500.96994856886,79494.92407807743,79496.74810081469,0,1
1372089540000,1372089599999,79497.55592720653,79502.51081403409,79495.47802344763,79495.47802344763,0,1
1372089600000,1372089659999,79495.90492856027,79509.22156371521,79494.59593036013,79498.4589222583,0,1
1372089660000,1372089719999,79497.81343020001,79497.81343020001,79490.43140030773,79491.07383926037,0,1
1372089720000,1372089779999,79490.99265419849,79495.806142221,79489.80657118681,79489.80657118681,0,1
1372089780000,1372089839999,79488.14016930474,79492.93385556823,79487.39161028051,79491.05266061211,0,1
1372089840000,1372089899999,79490.802043202,79491.63858666841,79482.48221674628,79486.02146088971,0,1
1372089900000,1372089959999,79486.19097408312,79486.19097408312,79476.28022127195,79479.84993066484,0,1
1372089960000,1372090019999,79478.03342591184,79482.65178994468,79474.12717655262,79478.12531929008,0,1
1372090020000,1372090079999,79477.59161903475,79479.64143812771,79475.35047393455,79476.04337369202,0,1
1372090080000,1372090139999,79476.28375626798,79479.48948320108,79473.38817586153,79477.02254301433,0,1
1372090140000,1372090199999,79476.2766862747,79480.27396987156,79472.51827732087,79480.27396987156,0,1
1372090200000,1372090259999,79479.61670143653,79482.19252254676,79476.27315127617,79482.05473821421,0,1
1372090260000,1372090319999,79481.54597961687,79481.54597961687,79468.97424999546,79479.84639692924,0,1
1372090320000,1372090379999,79480.10082270089,79481.06899492322,79477.12858447937,79477.82842994813,0,1
1372090380000,1372090439999,79479.17849847853,79479.17849847853,79475.67925378482,79478.06170088738,0,1
1372090440000,1372090499999,79479.8039920046,79479.8039920046,79474.89440656801,79475.2691611215,0,1
1372090500000,1372090559999,79476.40748034138,79480.92059504491,79474.42771145172,79477.87084325092,0,1
1372090560000,1372090619999,79477.09323744931,79481.48944928605,79477.09323744931,79481.48944928605,0,1
1372090620000,1372090679999,79482.7436408932,79484.32970304861,79477.56687727246,79478.22428044534,0,1
1372090680000,1372090739999,79478.84983365813,79480.96652857591,79473.65337377964,79475.44239197053,0,1
1372090740000,1372090799999,79475.80298533756,79477.23462481996,79470.27953191433,79470.74995761254,0,1
1372090800000,1372090859999,79470.45284921995,79472.73399092534,79466.4127138523,79470.74288370578,0,1
1372090860000,1372090919999,79471.84281610172,79477.74713728162,79470.56957142694,79476.79278264909,0,1
1372090920000,1372090979999,79476.47110926878,79479.42233959096,79475.23027215111,79475.98327714515,0,1
1372090980000,1372091039999,79476.91296565245,79476.91296565245,79470.66860738264,79475.03582503054,0,1
1372091040000,1372091099999,79476.02923336055,79481.58837715528,79476.02923336055,79481.4682503296,0,1
1372091100000,1372091159999,79481.1078611941,79482.31970639949,79474.07060426737,79478.70493498382,0,1
1372091160000,1372091219999,79479.13255673372,79487.55050721095,79477.73653384163,79486.31104418995,0,1
1372091220000,1372091279999,79486.2827925298,79486.65358921832,79482.9626666736,79486.01439777762,0,1
1372091280000,1372091339999,79486.20863154219,79488.70155180283,79484.21314134341,79484.21314134341,0,1
1372091340000,1372091399999,79486.22628897008,79500.71605321464,79486.22628897008,79495.46038234838,0,1
1372091400000,1372091459999,79496.55407165633,79507.92487910339,79496.55407165633,79507.65001674597,0,1
1372091460000,1372091519999,79508.02002200538,79508.28430309477,79502.67652226666,79507.2236127535,0,1
1372091520000,1372091579999,79505.25346072647,79511.52206037546,79503.50149685686,79509.89098180793,0,1
1372091580000,1372091639999,79508.97844815762,79510.64138144894,79506.94873111998,79508.60143118282,0,1
1372091640000,1372091699999,79507.80154436461,79509.04891704349,79504.48150642507,79508.00240301774,0,1
1372091700000,1372091759999,79508.74237377162,79513.31136106658,79507.68525593195,79510.85979705509,0,1
1372091760000,1372091819999,79511.59955640818,79513.39588703788,79507.19894419757,79508.64723774207,0,1
1372091820000,1372091879999,79507.6570645931,79508.95378393025,79502.66594522748,79502.69062496818,0,1
1372091880000,1372091939999,79503.89280715946,79505.68699796923,79498.88217312127,79499.79915520691,0,1
1372091940000,1372091999999,79501.58350239623,79502.62716265474,79498.87511908701,79499.8591087993,0,1
1372092000000,1372092059999,79500.13771195363,79500.96994856886,79498.71287492578,79500.96994856886,0,1
1372092060000,1372092119999,79500.10949932919,79503.95273621404,79499.77094162728,79502.2569577992,0,1
1372092120000,1372092179999,79501.70338782808,79503.01850717176,79495.46391057072,79496.21539355925,0,1
1372092180000,1372092239999,79495.82025461494,79501.58702845886,79493.20912270971,79499.31598666511,0,1
1372092240000,1372092299999,79500.10244616064,79510.47228221939,79500.10244616064,79506.76194826262,0,1
1372092300000,1372092359999,79506.90644096724,79512.34278331306,79503.47681911729,79509.7888103653,0,1
1372092360000,1372092419999,79510.82809185986,79511.22616090799,79506.92758606597,79510.65195005584,0,1
1372092420000,1372092479999,79509.12290883921,79509.7183466932,79506.87472323532,79508.94321352846,0,1
1372092480000,1372092539999,79508.06230744904,79508.54857719988,79503.75884679762,79503.75884679762,0,1
1372092540000,1372092599999,79503.41688721051,79504.50970671765,79500.82537006018,79500.93115941805,0,1
1372092600000,1372092659999,79501.05105267074,79502.04540601396,79498.52946531285,79498.52946531285,0,1
1372092660000,1372092719999,79498.58237227719,79499.24544915873,79495.76380491973,79498.44481358769,0,1
1372092720000,1372092779999,79498.35310674342,79499.29482546545,79497.42540945849,79498.60353498455,0,1
1372092780000,1372092839999,79497.53476228203,79498.92097022073,79496.84335011474,79497.46421221018,0,1
1372092840000,1372092899999,79498.3389979235,79509.8592735409,79498.3389979235,79509.8592735409,0,1
1372092900000,1372092959999,79509.67254504007,79518.6667828548,79507.72049499374,79517.28683011599,0,1
1372092960000,1372093019999,79516.97349799254,79518.39573573817,79512.42379522939,79512.42379522939,0,1
1372093020000,1372093079999,79513.00142639232,79513.00142639232,79505.8808500048,79510.18339775378,0,1
1372093080000,1372093139999,79510.52512603579,79518.60694191554,79510.42296107214,79517.94866794837,0,1
1372093140000,1372093199999,79518.2478887598,79524.01230179917,79517.31499432035,79520.954550208,0,1
1372093200000,1372093259999,79520.89472295743,79525.07473075904,79517.77969224038,79518.37109472691,0,1
1372093260000,1372093319999,79518.62102216877,79523.44937978343,79518.12820150962,79520.43720861866,0,1
1372093320000,1372093379999,79520.92287700227,79525.41946821864,79520.51463559359,79524.57167416242,0,1
1372093380000,1372093439999,79525.57424443684,79528.0644051495,79524.42743648407,79526.3832629536,0,1
1372093440000,1372093499999,79526.39733226184,79526.39733226184,79518.4766986334,79520.92639625231,0,1
1372093500000,1372093559999,79520.28587234576,79523.3156811479,79514.05093909186,79514.05093909186,0,1
1372093560000,1372093619999,79514.58269710687,79515.12146943503,79507.840306875,79509.63026640486,0,1
1372093620000,1372093679999,79510.8915021498,79516.94181217504,79509.32726428805,79512.67387135292,0,1
1372093680000,1372093739999,79514.34323342101,79515.23767142578,79506.07117380197,79507.4244830151,0,1
1372093740000,1372093799999,79508.0587836689,79510.73649850898,79507.24475718157,79509.26384407842,0,1
1372093800000,1372093859999,79509.30612426285,79510.78581810986,79505.18648988292,79509.91564372389,0,1
1372093860000,1372093919999,79510.52512603579,79510.85275146483,79506.08174724005,79510.85275146483,0,1
1372093920000,1372093979999,79510.01429077952,79522.10527531564,79509.74300903492,79521.15514484793,0,1
1372093980000,1372094039999,79522.00674746252,79527.79712946939,79519.25461304527,79526.61540400816,0,1
1372094040000,1372094099999,79527.04449904327,79534.23437698973,79526.63299023209,79530.22344935534,0,1
1372094100000,1372094159999,79530.40627859565,79533.40138941605,79525.1837816487,79527.97296953651,0,1
1372094160000,1372094219999,79529.10178912825,79529.81910358762,79521.46482691709,79526.22498187209,0,1
1372094220000,1372094279999,79527.55798201598,79536.18828651939,79527.55798201598,79534.55419766525,0,1
1372094280000,1372094339999,79535.30274892897,79535.30274892897,79528.26485722167,79531.64380402451,0,1
1372094340000,1372094399999,79532.58942335578,79538.2682886069,79532.58942335578,79533.96023684082,0,1
1372094400000,1372094459999,79536.82076536231,79540.7588029742,79532.73705845245,79532.73705845245,0,1
1372094460000,1372094519999,79533.32757704394,79534.25546438221,79530.16016153182,79532.05159135644,0,1
1372094520000,1372094579999,79531.02857615006,79532.42421006806,79529.1053055011,79532.04104534182,0,1
1372094580000,1372094639999,79531.89339996912,79542.77113510008,79531.89339996912,79542.77113510008,0,1
1372094640000,1372094699999,79542.32164402574,79544.34068375273,79540.39000710848,79540.39000710848,0,1
1372094700000,1372094759999,79539.65588723621,79540.93792748735,79537.5410397696,79538.5352845686,0,1
1372094760000,1372094819999,79537.9310203602,79537.9310203602,79524.71590976037,79527.81471361524,0,1
1372094820000,1372094879999,79527.20276715403,79528.3668400671,79524.42040044653,79527.083187035,0,1
1372094880000,1372094939999,79527.03746484689,79530.66293708149,79525.4722331076,79526.7912648558,0,1
1372094940000,1372094999999,79526.45712660097,79533.79153147526,79525.53203297855,79533.79153147526,0,1
1372095000000,1372095059999,79533.85831102279,79534.11488092571,79528.66223278471,79529.7241678635,0,1
1372095060000,1372095119999,79530.30431654697,79539.1886919831,79530.30431654697,79538.96386844323,0,1
1372095120000,1372095179999,79540.6920694921,79541.44016146282,79535.47494293538,79535.47494293538,0,1
1372095180000,1372095239999,79535.9212278856,79538.80578636525,79528.74662910137,79529.88942576516,0,1
1372095240000,1372095299999,79529.89997404914,79533.24321938009,79528.07143862356,79530.15664552987,0,1
1372095300000,1372095359999,79529.73120017027,79530.8281794701,79526.60836950992,79528.17342344153,0,1
1372095360000,1372095419999,79527.26959071538,79527.26959071538,79524.40984638095,79524.61037172217,0,1
1372095420000,1372095479999,79525.19081714912,79526.93195130721,79523.39660421979,79526.33402021894,0,1
1372095480000,1372095539999,79527.14649433497,79537.58320056666,79527.14649433497,79537.41104285966,0,1
1372095540000,1372095599999,79537.34077355606,79537.61833442842,79534.66665964783,79534.94078043179,0,1
1372095600000,1372095659999,79535.28869214449,79542.68685706262,79535.28869214449,79539.7753171061,0,1
1372095660000,1372095719999,79538.66526686466,79540.92739084011,79534.45227790106,79535.20435102259,0,1
1372095720000,1372095779999,79534.02350061915,79541.24348542826,79534.02350061915,79536.9226609899,0,1
1372095780000,1372095839999,79537.72373527312,79546.33474370751,79537.72373527312,79545.0463736676,0,1
1372095840000,1372095899999,79545.65722920257,79550.60588958541,79545.03935212271,79549.48651337504,0,1
1372095900000,1372095959999,79549.82339212329,79553.12841294309,79545.88190231199,79546.37335714124,0,1
1372095960000,1372096019999,79546.91743967343,79550.98483495941,79545.94509071452,79547.538710622,0,1
1372096020000,1372096079999,79545.57297548513,79549.8058466353,79544.01064252212,79544.01064252212,0,1
1372096080000,1372096139999,79542.71846140991,79548.59513361334,79542.71846140991,79544.9410499763,0,1
1372096140000,1372096199999,79544.38983789767,79545.81520300946,79535.61902135622,79539.11140946139,0,1
1372096200000,1372096259999,79539.12897372332,79539.38540843426,79534.08324937563,79535.62253543812,0,1
1372096260000,1372096319999,79535.86500410653,79536.32884083045,79530.71919011608,79532.10080594434,0,1
1372096320000,1372096379999,79530.74028492247,79533.87939920831,79529.76284548953,79532.48045319585,0,1
1372096380000,1372096439999,79533.5454977152,79537.7061685428,79531.42935746274,79534.36441520163,0,1
1372096440000,1372096499999,79534.15002697513,79539.75072872007,79534.15002697513,79538.75309178392,0,1
1372096500000,1372096559999,79537.37590826958,79537.37590826958,79535.02863806728,79536.19882816124,0,1
1372096560000,1372096619999,79537.39698903843,79542.34973780981,79535.77363979131,79540.48484163012,0,1
1372096620000,1372096679999,79541.1275852394,79549.03732405642,79541.09246370484,79546.45409383903,0,1
1372096680000,1372096739999,79546.8191559874,79549.95322777767,79545.73797168232,79549.95322777767,0,1
1372096740000,1372096799999,79549.39878267181,79552.01984405526,79548.62671929345,79551.25149161479,0,1
1372096800000,1372096859999,79552.13210978826,79553.52129393947,79541.00465932878,79541.59468991922,0,1
1372096860000,1372096919999,79542.49722888134,79546.36282621956,79541.13109738608,79546.01529958239,0,1
1372096920000,1372096979999,79546.85425741473,79552.01282740511,79546.85425741473,79550.19184026014,0,1
1372096980000,1372097039999,79549.03381468543,79554.34208478245,79549.03381468543,79554.34208478245,0,1
1372097040000,1372097099999,79556.35168563093,79565.70696921767,79556.35168563093,79561.20392555719,0,1
1372097100000,1372097159999,79561.58597451384,79576.38701602047,79561.58597451384,79573.6323054743,0,1
1372097160000,1372097219999,79572.50850168086,79574.56346153673,79570.26751900057,79573.52028085687,0,1
1372097220000,1372097279999,79572.57502317893,79572.79209025267,79568.33426798783,79570.62821106012,0,1
1372097280000,1372097339999,79571.08343489375,79572.4559843961,79568.29573925983,79572.4559843961,0,1
1372097340000,1372097399999,79574.1293995743,79584.06259884422,79573.72332455189,79582.09703536995,0,1
1372097400000,1372097459999,79582.21945718832,79592.70369604613,79582.21945718832,79589.56202500427,0,1
1372097460000,1372097519999,79589.56552018118,79590.1107528209,79581.64231263706,79583.43310099444,0,1
1372097520000,1372097579999,79584.68856018904,79588.06248141847,79583.55200917949,79583.55200917949,0,1
1372097580000,1372097639999,79583.91921670792,79583.91921670792,79577.29691884347,79577.81482655244,0,1
1372097640000,1372097699999,79578.78758068959,79581.17357679305,79576.22952443444,79577.1289430152,0,1
1372097700000,1372097759999,79576.52700645912,79584.53469622786,79576.52700645912,79581.4604177541,0,1
1372097760000,1372097819999,79582.45730100818,79583.5625010103,79579.62029502742,79583.48206335952,0,1
1372097820000,1372097879999,79582.82804626916,79585.21307862877,79581.44642570299,79582.68464643035,0,1
1372097880000,1372097939999,79583.39463039656,79584.89137724804,79581.69128377103,79583.83178756705,0,1
1372097940000,1372097999999,79584.450769433,79585.97183328547,79582.35586830624,79585.97183328547,0,1
1372098000000,1372098059999,79586.3704186571,79593.27321480817,79586.3704186571,79589.70183112813,0,1
1372098060000,1372098119999,79589.0726881779,79596.81538235828,79588.244256254,79595.64527840806,0,1
1372098120000,1372098179999,79594.90472396999,79594.90472396999,79586.77598044764,79588.35611604892,0,1
1372098180000,1372098239999,79587.91915662229,79588.80004727322,79582.21595944288,79584.94382926627,0,1
1372098240000,1372098299999,79583.77233531464,79584.60113777424,79581.53737368529,79583.7688381123,0,1
1372098300000,1372098359999,79582.99942386699,79585.20608523054,79581.75424630516,79585.10817714175,0,1
1372098360000,1372098419999,79585.98232257774,79592.79803575118,79585.01726162955,79592.79803575118,0,1
1372098420000,1372098479999,79592.39970649776,79600.52737312617,79591.6449338709,79594.69861651708,0,1
1372098480000,1372098539999,79594.42962243441,79594.42962243441,79586.76898814231,79589.31735958421,0,1
1372098540000,1372098599999,79590.10026785817,79597.29735551457,79590.10026785817,79596.668690265,0,1
1372098600000,1372098659999,79594.72656353931,79603.71795528088,79591.77422766993,79601.62708697475,0,1
1372098660000,1372098719999,79600.57974319473,79600.67051733052,79593.27321480817,79598.57551965353,0,1
1372098720000,1372098779999,79597.0144610431,79604.53812646677,79597.0144610431,79602.07741107728,0,1
1372098780000,1372098839999,79602.50677098724,79603.84011269957,79597.04938671952,79601.66199654501,0,1
1372098840000,1372098899999,79600.55181252563,79602.82092509592,79597.32180280927,79602.82092509592,0,1
1372098900000,1372098959999,79603.32704151292,79603.32704151292,79594.83835084719,79595.33089878906,0,1
1372098960000,1372099019999,79594.5553868023,79596.71409519049,79592.98321850997,79595.17719848927,0,1
1372099020000,1372099079999,79594.17808895354,79602.1123190755,79592.7910476554,79600.74732557106,0,1
1372099080000,1372099139999,79599.74528080536,79602.15420851253,79598.72218377804,79602.1507177328,0,1
1372099140000,1372099199999,79601.2186359484,79615.51147690899,79600.38422687277,79614.12739169034,0,1
1372099200000,1372099259999,79614.07509252307,79616.1982188677,79608.49494347897,79609.02867989389,0,1
1372099260000,1372099319999,79608.49843204477,79614.29126064331,79607.19013452348,79610.88432598147,0,1
1372099320000,1372099379999,79608.6763472863,79608.6763472863,79600.88697540609,79603.62022827151,0,1
1372099380000,1372099439999,79603.55042268008,79607.77976179375,79601.85748788631,79607.12733193714,0,1
1372099440000,1372099499999,79605.76302285376,79609.24495712783,79605.529222309,79608.89263214044,0,1
1372099500000,1372099559999,79608.16003549666,79608.16003549666,79596.66519756988,79596.66519756988,0,1
1372099560000,1372099619999,79597.22750577185,79600.26901010727,79595.67671582638,79600.18521526219,0,1
1372099620000,1372099679999,79600.74732557106,79607.8355826924,79600.10141971493,79603.95179817651,0,1
1372099680000,1372099739999,79603.54344209413,79609.11937736794,79603.54344209413,79609.09495889816,0,1
1372099740000,1372099799999,79608.4077289387,79611.45629782666,79605.67229493319,79608.05886317106,0,1
1372099800000,1372099859999,79607.5250749896,79613.77872540857,79605.95145513557,79612.83377866748,0,1
1372099860000,1372099919999,79613.85194633616,79617.3938042659,79608.04839700999,79609.3321643666,0,1
1372099920000,1372099979999,79608.9205395228,79608.9205395228,79602.36016235898,79604.47879719122,0,1
1372099980000,1372100039999,79605.25702971387,79605.25702971387,79598.14599091459,79601.95523212386,0,1
1372100040000,1372100099999,79602.43346694179,79606.05613820234,79600.55879520022,79604.23100641178,0,1
1372100100000,1372100159999,79604.20657600241,79604.20657600241,79599.13772044981,79600.53086447262,0,1
1372100160000,1372100219999,79600.72288664943,79604.31476736222,79592.22150143159,79592.22150143159,0,1
1372100220000,1372100279999,79591.58203358045,79592.36825877566,79585.14314442637,79588.20929981147,0,1
1372100280000,1372100339999,79586.28301094435,79588.46447903206,79584.35635094684,79586.9962355625,0,1
1372100340000,1372100399999,79588.10093406308,79595.77452049579,79588.10093406308,79591.1801612748,0,1
1372100400000,1372100459999,79590.54412166259,79590.54412166259,79586.38090753129,79588.55885873805,0,1
1372100460000,1372100519999,79588.226778048,79597.0284313283,79588.226778048,79596.8328455594,0,1
1372100520000,1372100579999,79596.63725596503,79603.74587710814,79596.63725596503,79602.48233636512,0,1
1372100580000,1372100639999,79602.82441564169,79604.16818523852,79597.16114806433,79600.6565521325,0,1
1372100640000,1372100699999,79599.9931827605,79603.8436028896,79597.2519532373,79599.09581837496,0,1
1372100700000,1372100759999,79598.90725686532,79611.25401883999,79598.88630536699,79607.9437347968,0,1
1372100760000,1372100819999,79607.09244144095,79607.7239405835,79600.39120966438,79605.36172005032,0,1
1372100820000,1372100879999,79604.12630423711,79609.13681909555,79603.58183525653,79605.3826579861,0,1
1372100880000,1372100939999,79604.93597251436,79606.35622358714,79603.29562813608,79605.49083662253,0,1
1372100940000,1372100999999,79605.37916833318,79609.04263340498,79598.8618618968,79598.8618618968,0,1
1372101000000,1372101059999,79599.30183521913,79603.81219113542,79594.97808322475,79602.40903214055,0,1
1372101060000,1372101119999,79601.70388786844,79603.75983799253,79598.37996414144,79601.76323360957,0,1
1372101120000,1372101179999,79603.714465047,79605.31286469637,79598.4602820467,79598.4602820467,0,1
1372101180000,1372101239999,79597.86312044988,79599.14819594109,79594.97808322475,79598.91424068835,0,1
1372101240000,1372101299999,79600.90094028233,79600.97774675307,79590.26802594263,79590.26802594263,0,1
1372101300000,1372101359999,79590.58605958607,79591.86857614391,79586.77598044764,79589.18104339637,0,1
1372101360000,1372101419999,79587.6010381497,79588.09743837423,79577.88831128414,79578.09126630932,0,1
1372101420000,1372101479999,79578.89604740929,79580.04012470259,79572.58202541615,79572.58202541615,0,1
1372101480000,1372101539999,79571.80474715013,79578.25222771078,79569.11882070561,79576.68449336014,0,1
1372101540000,1372101599999,79576.31352025566,79578.11226142166,79571.78373879091,79572.83060166071,0,1
1372101600000,1372101659999,79572.83060166071,79575.53303190405,79569.91031598419,79575.53303190405,0,1
1372101660000,1372101719999,79576.1280285425,79581.86617872037,79576.1280285425,79581.86617872037,0,1
1372101720000,1372101779999,79582.28941184022,79588.90491003932,79581.15258810701,79584.64659752532,0,1
1372101780000,1372101839999,79583.64293801405,79584.48224206362,79580.70831725074,79583.19877778544,0,1
1372101840000,1372101899999,79583.45758220695,79583.45758220695,79572.52950851753,79579.18295370572,0,1
1372101900000,1372101959999,79578.65461987979,79582.65666573423,79575.41402832798,79575.41402832798,0,1
1372101960000,1372102019999,79574.7209793638,79578.0737703487,79571.80474715013,79572.20389758999,0,1
1372102020000,1372102079999,79572.43497740496,79576.41501426497,79563.95855728105,79566.88408441796,0,1
1372102080000,1372102139999,79568.65650244565,79573.03365935957,79567.44456676922,79573.03365935957,0,1
1372102140000,1372102199999,79573.25421736081,79575.47353029305,79570.45311945218,79570.45311945218,0,1
1372102200000,1372102259999,79570.53016013736,79575.3615263001,79570.53016013736,79572.35094899917,0,1
1372102260000,1372102319999,79573.15269126606,79586.20609152512,79573.15269126606,79585.8844220887,0,1
1372102320000,1372102379999,79585.40189853235,79588.87694674254,79581.32749247806,79582.68464643035,0,1
1372102380000,1372102439999,79581.67729204294,79581.67729204294,79572.75707975302,79577.5908697537,0,1
1372102440000,1372102499999,79578.06677195587,79581.67029617155,79574.3394319088,79574.3394319088,0,1
1372102500000,1372102559999,79573.88785693598,79580.35148699486,79573.88785693598,79578.78408174356,0,1
1372102560000,1372102619999,79580.1170915645,79590.20511699076,79579.69026786396,79589.45367391387,0,1
1372102620000,1372102679999,79589.74027746952,79597.5977038488,79589.5095972039,79595.98060577492,0,1
1372102680000,1372102739999,79595.70466011525,79597.16813310691,79589.55153946618,79590.28899550531,0,1
1372102740000,1372102799999,79590.07230790381,79598.29964559108,79590.07230790381,79598.10059249017,0,1
1372102800000,1372102859999,79597.19607322844,79597.60468858646,79592.85743436812,79592.85743436812,0,1
1372102860000,1372102919999,79592.22848992539,79593.14394038879,79587.93313961966,79591.11725806083,0,1
1372102920000,1372102979999,79591.0159131616,79594.45058327222,79586.32147043207,79587.51713708583,0,1
1372102980000,1372103039999,79587.8072919394,79588.20929981147,79581.31350024094,79583.32818083344,0,1
1372103040000,1372103099999,79581.63881468974,79586.38090753129,79580.92170965296,79583.20227518713,0,1
1372103100000,1372103159999,79583.62195451022,79583.62195451022,79573.48527290658,79576.31002044387,0,1
1372103160000,1372103219999,79576.2085253689,79576.23652411316,79564.18982770557,79564.18982770557,0,1
1372103220000,1372103279999,79565.88564740896,79567.24840151961,79556.30960388924,79556.30960388924,0,1
1372103280000,1372103339999,79557.34756849769,79563.71326462236,79553.31082389673,79563.45394869777,0,1
1372103340000,1372103399999,79562.32900041003,79562.35002864148,79555.53807390633,79560.81835676606,0,1
1372103400000,1372103459999,79560.1698666349,79562.28694381447,79553.52830953128,79560.80433580262,0,1
1372103460000,1372103519999,79560.52741774633,79560.52741774633,79557.84547274168,79558.3538705087,0,1
1372103520000,1372103579999,79558.9779372574,79568.83863037231,79558.9779372574,79563.6466841482,0,1
1372103580000,1372103639999,79564.89061451425,79570.76828213918,79564.89061451425,79568.68101985975,0,1
1372103640000,1372103699999,79569.19236936724,79570.66673080245,79564.42459675678,79568.52340686305,0,1
1372103700000,1372103759999,79568.64949745915,79568.64949745915,79557.85599157804,79560.32761134821,0,1
1372103760000,1372103819999,79558.85523057947,79558.85523057947,79551.27956032277,79551.84091793824,0,1
1372103820000,1372103879999,79553.17401599344,79557.02496941503,79553.17401599344,79554.76297703198,0,1
1372103880000,1372103939999,79555.54158099547,79555.54158099547,79551.54270062866,79554.14916991419,0,1
1372103940000,1372103999999,79553.84400606836,79555.09617083313,79543.32243640834,79543.86317377057,0,1
1372104000000,1372104059999,79543.31190227326,79551.70759835787,79539.53294323315,79551.33569750239,0,1
1372104060000,1372104119999,79551.74969947,79552.10755176687,79549.15664193715,79549.32508828628,0,1
1372104120000,1372104179999,79549.77426467933,79549.77426467933,79545.65020808656,79546.54887086993,0,1
1372104180000,1372104239999,79547.8265179792,79551.11465553512,79547.8265179792,79549.57073412606,0,1
1372104240000,1372104299999,79550.30763544232,79551.9356439284,79549.65495416777,79551.67602240745,0,1
1372104300000,1372104359999,79552.00581075002,79553.80892916751,79551.52515815703,79553.60898848325,0,1
1372104360000,1372104419999,79554.92782166855,79555.88176279637,79554.703351707,79555.25750278977,0,1
1372104420000,1372104479999,79556.13075451144,79556.71638664101,79554.9699092254,79554.9699092254,0,1
1372104480000,1372104539999,79554.89625588467,79554.92080705852,79552.61624132478,79552.61624132478,0,1
1372104540000,1372104599999,79553.77735985156,79553.77735985156,79552.78813746374,79552.78813746374,0,1
1372104600000,1372104659999,79553.01966636837,79558.97443137321,79553.01966636837,79558.97443137321,0,1
1372104660000,1372104719999,79559.69311193211,79560.18038302653,79557.40717805857,79557.40717805857,0,1
1372104720000,1372104779999,79556.0430820795,79557.23185480632,79555.37674647618,79557.06003503683,0,1
1372104780000,1372104839999,79556.21842617476,79558.18557617874,79556.21842617476,79557.59301735001,0,1
1372104840000,1372104899999,79557.03899567851,79558.43100446337,79551.64795481226,79553.76332901248,0,1
1372104900000,1372104959999,79553.76332901248,79553.76332901248,79553.76332901248,79553.76332901248,0,1
1372104960000,1372105019999,79553.76332901248,79553.76332901248,79553.76332901248,79553.76332901248,0,1
1372105020000,1372105079999,79553.76332901248,79553.76332901248,79553.76332901248,79553.76332901248,0,1
1372105080000,1372105139999,79553.76332901248,79553.76332901248,79553.76332901248,79553.76332901248,0,1
1372105140000,1372105199999,79553.76332901248,79553.76332901248,79553.76332901248,79553.76332901248,0,1
1372105200000,1372105259999,79553.76332901248,79553.76332901248,79553.76332901248,79553.76332901248,0,1
1372105260000,1372105319999,79553.76332901248,79553.76332901248,79553.76332901248,79553.76332901248,0,1
1372105320000,1372105379999,79553.76332901248,79553.76332901248,79553.76332901248,79553.76332901248,0,1
1372105380000,1372105439999,79553.76332901248,79553.76332901248,79553.76332901248,79553.76332901248,0,1
1372105440000,1372105499999,79553.76332901248,79553.76332901248,79553.76332901248,79553.76332901248,0,1
1372105500000,1372105559999,79553.76332901248,79553.76332901248,79553.76332901248,79553.76332901248,0,1
1372105560000,1372105619999,79553.76332901248,79553.76332901248,79553.76332901248,79553.76332901248,0,1
1372105620000,1372105679999,79553.76332901248,79553.76332901248,79553.76332901248,79553.76332901248,0,1
1372105680000,1372105739999,79553.76332901248,79553.76332901248,79553.76332901248,79553.76332901248,0,1
1372105740000,1372105799999,79553.76332901248,79553.76332901248,79553.76332901248,79553.76332901248,0,1
1372105800000,1372105859999,79553.76332901248,79553.76332901248,79553.76332901248,79553.76332901248,0,1
1372105860000,1372105919999,79553.76332901248,79553.76332901248,79553.76332901248,79553.76332901248,0,1
1372105920000,1372105979999,79553.76332901248,79553.76332901248,79553.76332901248,79553.76332901248,0,1
1372105980000,1372106039999,79553.76332901248,79553.76332901248,79553.76332901248,79553.76332901248,0,1
1372106040000,1372106099999,79553.76332901248,79553.76332901248,79553.76332901248,79553.76332901248,0,1
1372106100000,1372106159999,79553.76332901248,79553.76332901248,79553.76332901248,79553.76332901248,0,1
1372106160000,1372106219999,79553.76332901248,79553.76332901248,79553.76332901248,79553.76332901248,0,1
1372106220000,1372106279999,79553.76332901248,79553.76332901248,79553.76332901248,79553.76332901248,0,1
1372106280000,1372106339999,79553.76332901248,79553.76332901248,79553.76332901248,79553.76332901248,0,1
1372106340000,1372106399999,79553.76332901248,79553.76332901248,79553.76332901248,79553.76332901248,0,1
1372106400000,1372106459999,79553.76332901248,79553.76332901248,79553.76332901248,79553.76332901248,0,1
1372106460000,1372106519999,79553.76332901248,79553.76332901248,79553.76332901248,79553.76332901248,0,1
1372106520000,1372106579999,79553.76332901248,79553.76332901248,79553.76332901248,79553.76332901248,0,1
1372106580000,1372106639999,79553.76332901248,79553.76332901248,79553.76332901248,79553.76332901248,0,1
1372106640000,1372106699999,79553.76332901248,79553.76332901248,79553.76332901248,79553.76332901248,0,1
1372106700000,1372106759999,79553.76332901248,79553.76332901248,79553.76332901248,79553.76332901248,0,1
1372106760000,1372106819999,79553.76332901248,79553.76332901248,79553.76332901248,79553.76332901248,0,1
1372106820000,1372106879999,79553.76332901248,79553.76332901248,79553.76332901248,79553.76332901248,0,1
1372106880000,1372106939999,79553.76332901248,79553.76332901248,79553.76332901248,79553.76332901248,0,1
1372106940000,1372106999999,79553.76332901248,79553.76332901248,79553.76332901248,79553.76332901248,0,1
1372107000000,1372107059999,79553.76332901248,79553.76332901248,79553.76332901248,79553.76332901248,0,1
1372107060000,1372107119999,79553.76332901248,79553.76332901248,79553.76332901248,79553.76332901248,0,1
1372107120000,1372107179999,79553.76332901248,79553.76332901248,79553.76332901248,79553.76332901248,0,1
1372107180000,1372107239999,79553.76332901248,79553.76332901248,79553.76332901248,79553.76332901248,0,1
1372107240000,1372107299999,79553.76332901248,79553.76332901248,79553.76332901248,79553.76332901248,0,1
1372107300000,1372107359999,79553.76332901248,79553.76332901248,79553.76332901248,79553.76332901248,0,1
1372107360000,1372107419999,79553.76332901248,79553.76332901248,79553.76332901248,79553.76332901248,0,1
1372107420000,1372107479999,79553.76332901248,79553.76332901248,79553.76332901248,79553.76332901248,0,1
1372107480000,1372107539999,79553.76332901248,79553.76332901248,79553.76332901248,79553.76332901248,0,1
1372107540000,1372107599999,79553.76332901248,79553.76332901248,79553.76332901248,79553.76332901248,0,1
1372107600000,1372107659999,79553.76332901248,79553.76332901248,79553.76332901248,79553.76332901248,0,1
1372107660000,1372107719999,79553.76332901248,79553.76332901248,79553.76332901248,79553.76332901248,0,1
1372107720000,1372107779999,79553.76332901248,79553.76332901248,79553.76332901248,79553.76332901248,0,1
1372107780000,1372107839999,79553.76332901248,79553.76332901248,79553.76332901248,79553.76332901248,0,1
1372107840000,1372107899999,79553.76332901248,79553.76332901248,79553.76332901248,79553.76332901248,0,1
1372107900000,1372107959999,79553.76332901248,79553.76332901248,79553.76332901248,79553.76332901248,0,1
1372107960000,1372108019999,79553.76332901248,79553.76332901248,79553.76332901248,79553.76332901248,0,1
1372108020000,1372108079999,79553.76332901248,79553.76332901248,79553.76332901248,79553.76332901248,0,1
1372108080000,1372108139999,79553.76332901248,79553.76332901248,79553.76332901248,79553.76332901248,0,1
1372108140000,1372108199999,79553.76332901248,79553.76332901248,79553.76332901248,79553.76332901248,0,1
1372108200000,1372108259999,79553.76332901248,79553.76332901248,79553.76332901248,79553.76332901248,0,1
1372108260000,1372108319999,79553.76332901248,79553.76332901248,79553.76332901248,79553.76332901248,0,1
1372108320000,1372108379999,79553.76332901248,79553.76332901248,79553.76332901248,79553.76332901248,0,1
1372108380000,1372108439999,79553.76332901248,79553.76332901248,79553.76332901248,79553.76332901248,0,1
1372108440000,1372108499999,79553.76332901248,79553.76332901248,79553.76332901248,79553.76332901248,0,1
1372108500000,1372108559999,79553.76332901248,79553.76332901248,79553.76332901248,79553.76332901248,0,1
1372108560000,1372108619999,79553.76332901248,79553.76332901248,79553.76332901248,79553.76332901248,0,1
1372108620000,1372108679999,79553.76332901248,79553.76332901248,79553.76332901248,79553.76332901248,0,1
1372108680000,1372108739999,79553.76332901248,79553.76332901248,79553.76332901248,79553.76332901248,0,1
1372108740000,1372108799999,79553.76332901248,79553.76332901248,79553.76332901248,79553.76332901248,0,1
1372108800000,1372108859999,79553.76332901248,79553.76332901248,79553.76332901248,79553.76332901248,0,1
1372108860000,1372108919999,79553.76332901248,79553.76332901248,79553.76332901248,79553.76332901248,0,1
1372108920000,1372108979999,79553.76332901248,79553.76332901248,79553.76332901248,79553.76332901248,0,1
1372108980000,1372109039999,79553.76332901248,79553.76332901248,79553.76332901248,79553.76332901248,0,1
1372109040000,1372109099999,79553.76332901248,79553.76332901248,79553.76332901248,79553.76332901248,0,1
1372109100000,1372109159999,79553.76332901248,79553.76332901248,79553.76332901248,79553.76332901248,0,1
1372109160000,1372109219999,79553.76332901248,79553.76332901248,79553.76332901248,79553.76332901248,0,1
1372109220000,1372109279999,79553.76332901248,79553.76332901248,79553.76332901248,79553.76332901248,0,1
1372109280000,1372109339999,79553.76332901248,79553.76332901248,79553.76332901248,79553.76332901248,0,1
1372109340000,1372109399999,79553.76332901248,79553.76332901248,79553.76332901248,79553.76332901248,0,1
1372109400000,1372109459999,79553.76332901248,79553.76332901248,79553.76332901248,79553.76332901248,0,1
1372109460000,1372109519999,79553.76332901248,79553.76332901248,79553.76332901248,79553.76332901248,0,1
1372109520000,1372109579999,79553.76332901248,79553.76332901248,79553.76332901248,79553.76332901248,0,1
1372109580000,1372109639999,79553.76332901248,79553.76332901248,79553.76332901248,79553.76332901248,0,1
1372109640000,1372109699999,79553.76332901248,79553.76332901248,79553.76332901248,79553.76332901248,0,1
1372109700000,1372109759999,79553.76332901248,79553.76332901248,79553.76332901248,79553.76332901248,0,1
1372109760000,1372109819999,79553.76332901248,79553.76332901248,79553.76332901248,79553.76332901248,0,1
1372109820000,1372109879999,79553.76332901248,79553.76332901248,79553.76332901248,79553.76332901248,0,1
1372109880000,1372109939999,79553.76332901248,79553.76332901248,79553.76332901248,79553.76332901248,0,1
1372109940000,1372109999999,79553.76332901248,79553.76332901248,79553.76332901248,79553.76332901248,0,1
1372110000000,1372110059999,79553.76332901248,79553.76332901248,79553.76332901248,79553.76332901248,0,1
1372110060000,1372110119999,79553.76332901248,79553.76332901248,79553.76332901248,79553.76332901248,0,1
1372110120000,1372110179999,79553.76332901248,79553.76332901248,79553.76332901248,79553.76332901248,0,1
1372110180000,1372110239999,79553.76332901248,79553.76332901248,79553.76332901248,79553.76332901248,0,1
1372110240000,1372110299999,79553.76332901248,79553.76332901248,79553.76332901248,79553.76332901248,0,1
1372110300000,1372110359999,79553.76332901248,79553.76332901248,79553.76332901248,79553.76332901248,0,1
1372110360000,1372110419999,79553.76332901248,79553.76332901248,79553.76332901248,79553.76332901248,0,1
1372110420000,1372110479999,79553.76332901248,79553.76332901248,79553.76332901248,79553.76332901248,0,1
1372110480000,1372110539999,79553.76332901248,79553.76332901248,79553.76332901248,79553.76332901248,0,1
1372110540000,1372110599999,79553.76332901248,79553.76332901248,79553.76332901248,79553.76332901248,0,1
1372110600000,1372110659999,79553.76332901248,79553.76332901248,79553.76332901248,79553.76332901248,0,1
1372110660000,1372110719999,79553.76332901248,79553.76332901248,79553.76332901248,79553.76332901248,0,1
1372110720000,1372110779999,79553.76332901248,79553.76332901248,79553.76332901248,79553.76332901248,0,1
1372110780000,1372110839999,79553.76332901248,79553.76332901248,79553.76332901248,79553.76332901248,0,1
1372110840000,1372110899999,79553.76332901248,79553.76332901248,79553.76332901248,79553.76332901248,0,1
1372110900000,1372110959999,79553.76332901248,79553.76332901248,79553.76332901248,79553.76332901248,0,1
1372110960000,1372111019999,79553.76332901248,79553.76332901248,79553.76332901248,79553.76332901248,0,1
1372111020000,1372111079999,79553.76332901248,79553.76332901248,79553.76332901248,79553.76332901248,0,1
1372111080000,1372111139999,79553.76332901248,79553.76332901248,79553.76332901248,79553.76332901248,0,1
1372111140000,1372111199999,79553.76332901248,79553.76332901248,79553.76332901248,79553.76332901248,0,1
1372111200000,1372111259999,79555.40831074338,79561.33711859386,79555.40831074338,79558.6063066932,0,1
1372111260000,1372111319999,79558.83419499779,79562.47970175833,79558.83419499779,79562.47970175833,0,1
1372111320000,1372111379999,79562.00305716794,79563.90949923066,79561.75070671624,79562.14324911173,0,1
1372111380000,1372111439999,79563.35232305544,79563.35232305544,79560.86041953844,79560.86041953844,0,1
1372111440000,1372111499999,79559.8683920385,79561.6034993452,79559.8683920385,79560.7377359578,0,1
1372111500000,1372111559999,79561.55442973998,79562.19932533895,79560.5694817425,79560.5694817425,0,1
1372111560000,1372111619999,79561.0742358958,79562.62339162655,79561.04268950761,79562.23437282129,0,1
1372111620000,1372111679999,79562.39208497174,79562.84768387936,79562.39208497174,79562.84768387936,0,1
1372111680000,1372111739999,79563.22616564884,79563.22616564884,79560.35565459229,79561.69112304138,0,1
1372111740000,1372111799999,79562.28343909018,79563.61865013174,79562.11871566346,79562.11871566346,0,1
1372111800000,1372111859999,79563.31377512784,79565.0833222773,79563.07897999622,79564.98171319233,0,1
1372111860000,1372111919999,79564.92565256557,79567.20286260775,79564.8100265303,79566.99618340137,0,1
1372111920000,1372111979999,79568.47437120185,79568.47437120185,79566.60733467205,79567.23088657805,0,1
1372111980000,1372112039999,79567.38501701092,79567.91044381524,79567.38501701092,79567.7668298971,0,1
1372112040000,1372112099999,79567.58117958067,79568.29223664085,79565.13938202018,79565.13938202018,0,1
1372112100000,1372112159999,79565.87864048121,79566.15190702541,79565.71747978788,79565.88214394571,0,1
1372112160000,1372112219999,79565.53179142096,79566.1168732704,79564.87659925934,79564.87659925934,0,1
1372112220000,1372112279999,79565.17091548744,79565.33909230013,79563.98659034465,79564.13726671512,0,1
1372112280000,1372112339999,79564.85908016309,79565.43018689276,79564.85908016309,79565.43018689276,0,1
1372112340000,1372112399999,79564.89061451425,79566.0783359981,79564.89061451425,79566.0783359981,0,1
1372112400000,1372112459999,79565.36712149394,79565.51427347251,79565.36712149394,79565.51427347251,0,1
1372112460000,1372112519999,79565.8751370155,79566.79300306865,79565.8751370155,79566.06782580717,0,1
1372112520000,1372112579999,79565.55631649724,79566.162417128,79565.55631649724,79565.7630254645,0,1
1372112580000,1372112639999,79565.47923748354,79565.99425416125,79564.32648498786,79564.32648498786,0,1
1372112640000,1372112699999,79564.10923407391,79564.10923407391,79563.667709609,79563.667709609,0,1
1372112700000,1372112759999,79563.12804212113,79563.25420076563,79563.12804212113,79563.25420076563,0,1
1372112760000,1372112819999,79563.1105199613,79563.58711176926,79559.99809733928,79559.99809733928,0,1
1372112820000,1372112879999,79560.2680191934,79560.84639863398,79559.8894254448,79560.75876753566,0,1
1372112880000,1372112939999,79560.57298706753,79560.87444042324,79560.57298706753,79560.87444042324,0,1
1372112940000,1372112999999,79559.9139643629,79563.38736649705,79559.9139643629,79563.38736649705,0,1
1372113000000,1372113059999,79563.4960003856,79563.62565864323,79562.83366576093,79562.8897381167,0,1
1372113060000,1372113119999,79563.35582740513,79564.20033987051,79562.70750181087,79564.20033987051,0,1
1372113120000,1372113179999,79564.35451702005,79566.11336988815,79564.15128300624,79566.11336988815,0,1
1372113180000,1372113239999,79565.969730159,79565.969730159,79565.9417026542,79565.9417026542,0,1
1372113240000,1372113299999,79566.27102087444,79566.82803445503,79566.22547751146,79566.82803445503,0,1
1372113300000,1372113359999,79566.91911548526,79567.32546689802,79566.56179284074,79567.06274157821,0,1
1372113360000,1372113419999,79566.57230251253,79567.81937181372,79566.57230251253,79567.58468244872,0,1
1372113420000,1372113479999,79567.4655842463,79569.18536475611,79567.43405801411,79569.18536475611,0,1
1372113480000,1372113539999,79569.2484060797,79569.31144700586,79569.23789922002,79569.31144700586,0,1
1372113540000,1372113599999,79569.37448753463,79569.45153653009,79569.37448753463,79569.45153653009,0,1
1372113600000,1372113659999,79569.37098529346,79569.4480343159,79569.08379734328,79569.1818624487,0,1
1372113660000,1372113719999,79569.50406959571,79570.624709258,79569.50406959571,79570.58618935381,0,1
1372113720000,1372113779999,79570.40059137199,79570.96437835379,79570.19748019907,79570.82080828802,0,1
1372113780000,1372113839999,79571.17097556296,79571.17097556296,79570.14495077603,79570.89084272395,0,1
1372113840000,1372113899999,79570.57218207912,79571.05892336904,79570.02938507404,79570.02938507404,0,1
1372113900000,1372113959999,79569.55660238536,79573.32423475664,79569.22389005664,79573.32423475664,0,1
1372113960000,1372114019999,79573.81084211449,79573.86685295257,79572.5610186898,79573.86685295257,0,1
1372114020000,1372114079999,79573.76183237378,79573.85985161497,79573.21920847906,79573.84584892505,0,1
1372114080000,1372114139999,79574.05938781584,79574.05938781584,79572.51550396465,79573.7163231138,0,1
1372114140000,1372114199999,79573.9263641243,79574.47945101441,79573.25071647816,79574.47945101441,0,1
1372114200000,1372114259999,79574.3114278524,79574.79798717625,79574.2484184388,79574.5354581077,0,1
1372114260000,1372114319999,79574.74548191391,79578.26272510349,79574.74548191391,79577.93030231696,0,1
1372114320000,1372114379999,79578.35020294753,79578.8470625848,79576.7859836044,79577.26892306804,0,1
1372114380000,1372114439999,79577.33191345255,79577.47189066427,79577.09044815715,79577.17093723678,0,1
1372114440000,1372114499999,79577.16743772506,79579.35789252962,79577.11494490213,79579.35789252962,0,1
1372114500000,1372114559999,79579.14446675376,79579.37538624369,79578.64762189345,79579.00451295251,0,1
1372114560000,1372114619999,79579.02900500911,79579.02900500911,79579.00451295251,79579.00451295251,0,1
1372114620000,1372114679999,79579.34739628648,79579.79872479301,79577.57687228723,79577.57687228723,0,1
1372114680000,1372114739999,79577.58737038891,79577.60836655922,79576.75798639852,79577.2654235906,0,1
1372114740000,1372114799999,79575.99153244287,79576.61099978165,79574.33593140604,79575.04300808879,0,1
1372114800000,1372114859999,79575.64853402063,79575.6590341469,79574.34993340973,79574.50045371115,0,1
1372114860000,1372114919999,79574.65447213946,79574.65447213946,79573.84584892505,79573.84584892505,0,1
1372114920000,1372114979999,79573.10717923383,79574.80848819563,79572.32644058114,79573.77583518135,0,1
1372114980000,1372115039999,79572.39296329033,79573.93336541535,79572.37545735714,79573.6813158498,0,1
1372115040000,1372115099999,79573.31373217852,79573.43626157026,79573.23321204647,79573.43626157026,0,1
1372115100000,1372115159999,79573.53078321807,79573.7898379693,79573.49227450644,79573.7898379693,0,1
1372115160000,1372115219999,79573.99637681412,79574.36743588676,79573.54478634919,79574.05938781584,0,1
1372115220000,1372115279999,79573.7163231138,79574.18890918363,79573.54478634919,79573.88785693598,0,1
1372115280000,1372115339999,79573.72332455189,79573.90886087526,79573.22971115645,79573.22971115645,0,1
1372115340000,1372115399999,79573.8913575956,79574.16790583254,79573.20520489205,79573.73032598509,0,1
1372115400000,1372115459999,79572.90762403187,79573.54478634919,79571.09043817548,79571.09043817548,0,1
1372115460000,1372115519999,79571.40908230621,79571.40908230621,79569.43052322656,79569.43052322656,0,1
1372115520000,1372115579999,79567.3780111337,79567.3780111337,79565.44770498852,79565.44770498852,0,1
1372115580000,1372115639999,79565.45471221821,79565.45471221821,79564.7154224161,79564.97120184875,0,1
1372115640000,1372115699999,79564.59278612118,79565.4687266629,79564.25990859643,79564.25990859643,0,1
1372115700000,1372115759999,79563.74480258698,79564.31597295552,79563.74480258698,79564.24939649412,0,1
1372115760000,1372115819999,79564.31947696752,79564.31947696752,79562.14675388514,79562.14675388514,0,1
1372115820000,1372115879999,79562.64441923895,79562.64441923895,79561.96800887489,79561.96800887489,0,1
1372115880000,1372115939999,79562.65142843325,79562.65142843325,79562.05212457183,79562.57432702564,0,1
1372115940000,1372115999999,79562.55329926584,79562.55329926584,79561.61401422929,79562.09768694558,0,1
1372116000000,1372116059999,79562.49372037296,79562.57783164797,79562.09768694558,79562.25890598583,0,1
1372116060000,1372116119999,79562.01707645076,79562.01707645076,79558.93586656603,79558.93586656603,0,1
1372116120000,1372116179999,79558.57475251863,79558.85172465227,79557.70171420273,79557.78586579341,0,1
1372116180000,1372116239999,79558.24518074452,79558.24518074452,79558.1435021537,79558.2381684611,0,1
1372116240000,1372116299999,79557.84897902168,79559.75270751299,79557.84897902168,79558.96741960115,0,1
1372116300000,1372116359999,79558.4800893975,79559.49679456545,79558.4800893975,79559.33202522936,0,1
1372116360000,1372116419999,79559.69311193211,79562.19582058398,79559.69311193211,79562.19582058398,0,1
1372116420000,1372116479999,79561.67009342433,79563.15958193147,79561.67009342433,79561.99604751915,0,1
1372116480000,1372116539999,79563.12804212113,79563.66070112698,79563.04743993166,79563.65018839475,0,1
1372116540000,1372116599999,79563.6466841482,79563.6466841482,79562.81964762286,79563.25420076563,0,1
1372116600000,1372116659999,79563.02991763059,79565.38113606138,79563.02991763059,79565.38113606138,0,1
1372116660000,1372116719999,79564.71892628814,79565.45471221821,79564.46314040264,79565.45471221821,0,1
1372116720000,1372116779999,79564.81703420686,79564.96419428024,79564.81703420686,79564.96419428024,0,1
1372116780000,1372116839999,79565.02375845617,79566.63536031131,79565.02375845617,79566.44268245519,0,1
1372116840000,1372116899999,79566.5652960659,79567.89643279207,79566.5652960659,79567.80185787218,0,1
1372116900000,1372116959999,79567.24489853375,79567.27992833711,79565.16741177376,79565.32507767377,0,1
1372116960000,1372117019999,79565.28303367682,79565.8576196685,79564.8625839848,79565.80506744342,0,1
1372117020000,1372117079999,79566.1694238569,79566.1694238569,79565.62638781231,79565.81908139712,0,1
1372117080000,1372117139999,79567.42354924796,79567.42354924796,79566.05731560518,79566.58631539108,0,1
1372117140000,1372117199999,79566.75797155956,79566.85605947577,79565.18493032985,79565.18493032985,0,1
1372117200000,1372117259999,79565.26201161207,79565.62638781231,79563.01940423521,79563.01940423521,0,1
1372117260000,1372117319999,79563.1630863487,79565.24098950312,79562.26591545036,79564.6838875125,0,1
1372117320000,1372117379999,79564.54723511431,79564.60329786254,79563.4960003856,79563.4960003856,0,1
1372117380000,1372117439999,79563.22266125372,79565.05879604098,79563.22266125372,79564.16880334253,0,1
1372117440000,1372117499999,79564.72593402855,79565.09733724249,79563.79386144535,79563.80086983404,0,1
1372117500000,1372117559999,79564.36152501583,79565.05178853383,79563.06145775042,79565.05178853383,0,1
1372117560000,1372117619999,79565.81557791053,79565.81557791053,79559.95953647964,79559.95953647964,0,1
1372117620000,1372117679999,79560.49236428105,79560.54494443291,79559.70012319535,79559.78776357113,0,1
1372117680000,1372117739999,79559.76322434335,79560.61855618106,79558.49761967272,79558.86925427601,0,1
1372117740000,1372117799999,79558.76407607258,79561.86636813042,79558.55021031402,79561.86636813042,0,1
1372117800000,1372117859999,79562.07315338551,79567.07675376952,79561.15485399122,79567.07675376952,0,1
1372117860000,1372117919999,79566.22197416726,79569.65116071129,79565.70346569181,79569.48305640258,0,1
1372117920000,1372117979999,79569.4865586045,79570.53016013736,79565.87163354855,79565.87163354855,0,1
1372117980000,1372118039999,79565.14288574367,79570.90484955227,79565.14288574367,79570.90484955227,0,1
1372118040000,1372118099999,79570.29203246521,79574.48645191822,79570.29203246521,79573.59729791616,0,1
1372118100000,1372118159999,79572.63804313735,79573.16669492662,79571.4195868849,79571.88177742304,0,1
1372118160000,1372118219999,79571.88527878498,79572.15838123938,79570.88383930243,79570.88383930243,0,1
1372118220000,1372118279999,79571.02390680095,79571.99382039713,79570.36207060447,79571.99382039713,0,1
1372118280000,1372118339999,79571.95180442894,79573.54828712888,79571.55264392645,79573.54828712888,0,1
1372118340000,1372118399999,79573.57279255256,79576.66349524997,79573.55878946067,79576.08253004964,0,1
1372118400000,1372118459999,79575.75003477935,79575.75003477935,79573.00565164624,79573.83884757274,0,1
1372118460000,1372118519999,79573.75833166884,79576.11402902828,79573.75833166884,79576.11402902828,0,1
1372118520000,1372118579999,79575.93553350405,79578.23473203178,79575.68003436635,79576.08253004964,0,1
1372118580000,1372118639999,79577.13244254039,79577.21293128203,79573.84584892505,79575.5260317329,0,1
1372118640000,1372118699999,79575.77453480814,79577.279421493,79574.56696195983,79574.56696195983,0,1
1372118700000,1372118759999,79574.26592109352,79574.7489822733,79572.68355730479,79574.55646068681,0,1
1372118760000,1372118819999,79574.35343390758,79574.35343390758,79571.61216887187,79571.88177742304,0,1
1372118820000,1372118879999,79572.6205376332,79574.18540862817,79572.41747154533,79572.56451981392,0,1
1372118880000,1372118939999,79572.49799824596,79577.18143576462,79572.49799824596,79575.41052820138,0,1
1372118940000,1372118999999,79575.00450520011,79575.50503119003,79571.72421486676,79571.72421486676,0,1
1372119000000,1372119059999,79571.6646905883,79571.6646905883,79569.90681393069,79570.59319298378,0,1
1372119060000,1372119119999,79570.65622543289,79570.65622543289,79568.99974077322,79569.1153183749,0,1
1372119120000,1372119179999,79569.3254560466,79573.7093216708,79569.3254560466,79572.4209727197,0,1
1372119180000,1372119239999,79570.72626102147,79572.11286468159,79570.72626102147,79571.04841841149,0,1
1372119240000,1372119299999,79571.40558077754,79571.40558077754,79570.4636250351,79570.4636250351,0,1
1372119300000,1372119359999,79569.05577856509,79570.41109701009,79566.6388635107,79570.41109701009,0,1
1372119360000,1372119419999,79569.89280570435,79570.6387164591,79569.75272236177,79570.33405540763,0,1
1372119420000,1372119479999,79570.30954204602,79570.30954204602,79569.1083137098,79569.1083137098,0,1
1372119480000,1372119539999,79569.42702100502,79569.43052322656,79568.72304957265,79568.88065942278,0,1
1372119540000,1372119599999,79569.07329031065,79569.81576010876,79568.7405619009,79569.74922025306,0,1
1372119600000,1372119659999,79570.11343298976,79570.3305535025,79569.0032431444,79569.0032431444,0,1
1372119660000,1372119719999,79569.60563274006,79569.60563274006,79566.65637948921,79568.83863037231,0,1
1372119720000,1372119779999,79569.59162409182,79571.02740846328,79568.97872652029,79569.94533645191,0,1
1372119780000,1372119839999,79569.8052538452,79570.24300547584,79568.78959625681,79568.84913765149,0,1
1372119840000,1372119899999,79570.4181007627,79570.64922184705,79570.14495077603,79570.36557249856,0,1
1372119900000,1372119959999,79570.70525039641,79570.70525039641,79569.68267995458,79570.20798605056,0,1
1372119960000,1372120019999,79569.99086287658,79570.07491111607,79568.69502978367,79568.69502978367,0,1
1372120020000,1372120079999,79568.92969309175,79569.16435089328,79563.05795329757,79564.97470563118,0,1
1372120080000,1372120139999,79565.05879604098,79565.85411619542,79564.8275457125,79565.15690062537,0,1
1372120140000,1372120199999,79564.13726671512,79564.39656492103,79561.27052229729,79562.49372037296,0,1
1372120200000,1372120259999,79561.99955234416,79562.44115046681,79561.78575577089,79562.05562937718,0,1
1372120260000,1372120319999,79563.40488817179,79563.40488817179,79562.82665669436,79563.20864366094,0,1
1372120320000,1372120379999,79562.3009626993,79562.31147685004,79561.35113881032,79561.81029003605,0,1
1372120380000,1372120439999,79561.77173616376,79562.27642963795,79561.33010847826,79562.27642963795,0,1
1372120440000,1372120499999,79561.93646530613,79562.08366777576,79560.92000816311,79561.55092475895,0,1
1372120500000,1372120559999,79561.04268950761,79563.983086216,79561.04268950761,79563.72027306755,0,1
1372120560000,1372120619999,79563.7728362498,79568.5199043238,79563.7728362498,79568.03654214041,0,1
1372120620000,1372120679999,79568.56193471387,79570.36907439142,79567.69677357882,79569.924324186,0,1
1372120680000,1372120739999,79570.28853054537,79572.42797506478,79568.3272627756,79568.3272627756,0,1
1372120740000,1372120799999,79568.47086864544,79568.88065942278,79566.87707818978,79568.88065942278,0,1
1372120800000,1372120859999,79568.92268829662,79570.14144880469,79568.46036096879,79569.7702328869,0,1
1372120860000,1372120919999,79570.16246061437,79570.99239178484,79570.03638909399,79570.6982468449,0,1
1372120920000,1372120979999,79570.92585975798,79570.92585975798,79568.9962384008,79570.0188790349,0,1
1372120980000,1372121039999,79570.6982468449,79570.6982468449,79569.069787964,79569.77723708838,0,1
1372121040000,1372121099999,79569.98385882474,79571.19548681301,79569.88580158382,79570.90484955227,0,1
1372121100000,1372121159999,79571.40558077754,79574.63346976618,79571.40558077754,79574.1048955146,0,1
1372121160000,1372121219999,79573.87385428528,79574.54595940278,79573.7093216708,79574.18890918363,0,1
1372121220000,1372121279999,79574.14340186719,79574.14340186719,79568.9717217595,79570.8873410138,0,1
1372121280000,1372121339999,79570.5441674709,79570.5441674709,79567.71078488174,79568.91568349658,0,1
1372121340000,1372121399999,79568.4043198402,79570.99939513033,79568.4043198402,79570.44611572409,0,1
1372121400000,1372121459999,79569.88229952173,79570.3060401323,79568.88416183568,79569.08379734328,0,1
1372121460000,1372121519999,79569.07329031065,79569.07329031065,79566.50574107133,79566.50574107133,0,1
1372121520000,1372121579999,79567.02420795086,79567.89643279207,79566.55128315791,79567.19235359864,0,1
1372121580000,1372121639999,79567.20636560833,79567.52863641252,79567.16082650505,79567.32896985566,0,1
1372121640000,1372121699999,79567.42705217125,79568.11009876247,79566.97166185612,79568.11009876247,0,1
1372121700000,1372121759999,79567.50061327661,79568.58645235983,79566.98917725171,79567.55665946989,0,1
1372121760000,1372121819999,79567.63372247275,79571.8152513132,79567.63372247275,79571.8152513132,0,1
1372121820000,1372121879999,79571.72771628387,79574.37093637849,79571.72771628387,79574.37093637849,0,1
1372121880000,1372121939999,79574.51095504299,79575.3020236686,79574.51095504299,79575.06750984986,0,1
1372121940000,1372121999999,79575.3020236686,79576.56550348618,79574.23091575345,79575.7990347769,0,1
1372122000000,1372122059999,79575.66253418653,79576.38701602047,79573.9893755672,79574.87149408038,0,1
1372122060000,1372122119999,79574.39894026823,79576.55150458441,79574.39894026823,79575.5260317329,0,1
1372122120000,1372122179999,79576.18752625927,79576.26452277902,79574.10139492973,79574.10139492973,0,1
1372122180000,1372122239999,79574.4899523683,79581.07912735893,79574.4899523683,79580.01913363743,0,1
1372122240000,1372122299999,79580.8342543011,79582.24394137214,79578.2942172155,79579.25292960252,0,1
1372122300000,1372122359999,79578.96252643017,79580.05761722321,79577.90930682259,79577.90930682259,0,1
1372122360000,1372122419999,79577.61886462783,79580.86573831589,79577.40890116147,79579.80222338403,0,1
1372122420000,1372122479999,79579.57831109047,79581.49889579373,79579.49084398904,79580.77128597417,0,1
1372122480000,1372122539999,79579.70776099659,79581.10361433492,79579.6447855759,79581.10361433492,0,1
1372122540000,1372122599999,79580.93570243828,79581.18756922595,79579.45585693425,79579.45585693425,0,1
1372122600000,1372122659999,79579.46285435499,79581.18756922595,79578.82606901512,79579.12347380843,0,1
1372122660000,1372122719999,79579.11997497993,79582.34187750799,79577.7378419686,79582.34187750799,0,1
1372122720000,1372122779999,79581.87667232007,79582.55873268127,79575.7570347937,79576.09652960794,0,1
1372122780000,1372122839999,79575.38952741594,79577.95829624087,79574.42344360742,79577.95829624087,0,1
1372122840000,1372122899999,79579.2879173673,79579.80572197384,79577.33541290672,79579.78822901257,0,1
1372122900000,1372122959999,79579.65878014811,79583.04139344326,79579.13047146177,79582.47129164495,0,1
1372122960000,1372123019999,79582.79656843192,79582.79656843192,79579.96315724828,79581.22604831545,0,1
1372123020000,1372123079999,79581.56885548645,79581.87317445473,79580.58937524685,79581.87317445473,0,1
1372123080000,1372123139999,79582.89799666383,79584.88788043706,79578.46567252997,79578.46567252997,0,1
1372123140000,1372123199999,79579.12697263571,79579.79522620075,79576.96796353202,79579.79522620075,0,1
1372123200000,1372123259999,79579.32990252344,79579.73924855822,79576.97146311356,79577.09394769582,0,1
1372123260000,1372123319999,79577.3739068218,79579.43836336095,79577.3739068218,79579.43836336095,0,1
1372123320000,1372123379999,79579.81621773592,79580.06111572367,79579.13047146177,79579.14446675376,0,1
1372123380000,1372123439999,79579.76723741867,79581.74025466517,79578.9275375269,79578.9275375269,0,1
1372123440000,1372123499999,79577.55937542662,79578.40618836613,79576.16652710554,79577.57337291756,0,1
1372123500000,1372123559999,79577.92330382373,79578.09126630932,79572.36845497527,79572.36845497527,0,1
1372123560000,1372123619999,79572.196895088,79572.196895088,79570.5336619726,79570.96437835379,0,1
1372123620000,1372123679999,79571.75222616932,79571.93079637867,79570.73676631745,79571.867771963,0,1
1372123680000,1372123739999,79572.02183094449,79575.96003307837,79571.98681774802,79575.35102586144,0,1
1372123740000,1372123799999,79575.3020236686,79575.3020236686,79574.48295146693,79574.48295146693,0,1
1372123800000,1372123859999,79574.37093637849,79575.37552686782,79570.90484955227,79572.12336852102,0,1
1372123860000,1372123919999,79572.014828315,79580.64184983472,79572.014828315,79580.30250929929,0,1
1372123920000,1372123979999,79580.69432414723,79581.76823792559,79579.81971632082,79580.61386342213,0,1
1372123980000,1372124039999,79580.32699817706,79580.32699817706,79577.32841399715,79577.32841399715,0,1
1372124040000,1372124099999,79577.02395668965,79577.6538581103,79575.32652479503,79576.07553026312,0,1
1372124100000,1372124159999,79576.25752311992,79581.21905212838,79576.25752311992,79580.5683853346,0,1
1372124160000,1372124219999,79580.7188120655,79586.38440382022,79579.1864525122,79586.38440382022,0,1
1372124220000,1372124279999,79584.85640908308,79586.15014975771,79583.586981906,79586.118682376,0,1
1372124280000,1372124339999,79584.919351692,79586.36692236326,79584.81794396036,79586.00679755025,0,1
1372124340000,1372124399999,79586.0627401196,79587.13258153586,79585.83547148475,79585.83547148475,0,1
1372124400000,1372124459999,79585.43336816967,79586.4403442772,79583.77932971562,79583.77932971562,0,1
1372124460000,1372124519999,79584.27941670638,79586.04875450661,79583.53452277037,79584.85640908308,0,1
1372124520000,1372124579999,79585.34595226594,79585.34595226594,79584.1325406037,79584.29340479412,0,1
1372124580000,1372124639999,79584.9403324736,79584.9403324736,79582.64267535682,79583.62195451022,0,1
1372124640000,1372124699999,79583.63944076646,79583.63944076646,79582.45030568246,79582.45030568246,0,1
1372124700000,1372124759999,79583.18129075863,79583.18129075863,79581.46391576382,79582.39084521624,0,1
1372124760000,1372124819999,79581.41144548955,79583.27572034013,79581.28551570799,79582.58671365141,0,1
1372124820000,1372124879999,79582.13551096007,79582.86302152766,79581.36247298516,79582.59021126718,0,1
1372124880000,1372124939999,79582.62518735752,79584.27242265518,79582.62518735752,79584.27242265518,0,1
1372124940000,1372124999999,79584.65708820775,79584.65708820775,79582.29290955997,79582.29290955997,0,1
1372125000000,1372125059999,79582.61119693606,79586.32147043207,79582.61119693606,79586.32147043207,0,1
1372125060000,1372125119999,79585.80749960347,79586.10819322677,79584.77248498822,79585.63267357285,0,1
1372125120000,1372125179999,79585.23405879413,79585.95085466793,79584.24094936419,79585.11167387573,0,1
1372125180000,1372125239999,79585.71309392655,79585.95784754533,79584.15352303616,79584.99628100934,0,1
1372125240000,1372125299999,79584.41929670333,79585.97532971745,79584.41929670333,79585.97532971745,0,1
1372125300000,1372125359999,79585.69910782453,79585.69910782453,79584.76898813565,79585.22007202212,0,1
1372125360000,1372125419999,79584.80045976477,79586.81094190088,79584.80045976477,79586.81094190088,0,1
1372125420000,1372125479999,79586.44733681233,79587.08014099688,79586.44733681233,79586.82842258168,0,1
1372125480000,1372125539999,79587.70241766269,79589.32784536785,79586.27252196748,79589.32784536785,0,1
1372125540000,1372125599999,79588.37359402886,79589.7577530304,79588.37359402886,79588.52040785424,0,1
1372125600000,1372125659999,79588.7126607948,79591.34440669029,79588.7126607948,79591.34440669029,0,1
1372125660000,1372125719999,79591.41080300746,79592.0118443467,79587.55559182749,79587.55559182749,0,1
1372125720000,1372125779999,79587.84224978724,79590.47422473259,79587.6185174494,79589.38027412111,0,1
1372125780000,1372125839999,79591.88954235059,79593.36056144277,79590.84117816467,79593.36056144277,0,1
1372125840000,1372125899999,79593.4094752249,79595.48808983399,79593.4094752249,79594.1536339721,0,1
1372125900000,1372125959999,79594.08026866897,79594.08026866897,79590.18764221166,79590.18764221166,0,1
1372125960000,1372126019999,79590.40432731406,79590.50567841154,79589.42571215158,79589.58299604745,0,1
1372126020000,1372126079999,79588.68469696044,79589.87658603437,79588.03801147675,79589.87658603437,0,1
1372126080000,1372126139999,79589.0936602473,79589.0936602473,79586.54173555788,79586.54173555788,0,1
1372126140000,1372126199999,79586.46481812873,79586.46481812873,79580.98817520884,79581.6353167412,0,1
1372126200000,1372126259999,79581.40095140165,79583.4261063513,79581.40095140165,79581.54786763003,0,1
1372126260000,1372126319999,79582.34187750799,79582.55873268127,79581.5408716681,79582.55873268127,0,1
1372126320000,1372126379999,79582.40833362535,79584.42629065181,79582.38035215609,79583.36315434275,0,1
1372126380000,1372126439999,79583.48905796354,79584.41929670333,79582.50277050611,79582.97843901282,0,1
1372126440000,1372126499999,79584.00314796403,79584.16051717055,79583.22675696472,79583.49605256265,0,1
1372126500000,1372126559999,79583.64293801405,79583.64293801405,79581.76823792559,79581.76823792559,0,1
1372126560000,1372126619999,79581.51288777143,79584.99628100934,79580.62785663822,79584.99628100934,0,1
1372126620000,1372126679999,79585.31797901537,79587.6884343427,79585.26902563857,79587.6884343427,0,1
1372126680000,1372126739999,79588.06597711955,79589.0622021267,79587.65347595715,79589.0622021267,0,1
1372126740000,1372126799999,79589.6424137643,79589.6424137643,79588.37708962118,79588.48545237705,0,1
1372126800000,1372126859999,79588.50992122391,79588.50992122391,79585.78652064118,79585.78652064118,0,1
1372126860000,1372126919999,79586.45782560584,79586.45782560584,79582.39784058355,79582.39784058355,0,1
1372126920000,1372126979999,79582.27192322312,79584.51021765212,79581.61083106716,79583.5799873705,0,1
1372126980000,1372127039999,79584.74800699454,79585.23405879413,79582.275420949,79582.77558315203,0,1
1372127040000,1372127099999,79583.23375174732,79583.28970983191,79582.50976579513,79582.50976579513,0,1
1372127100000,1372127159999,79582.71262704818,79582.71262704818,79580.87973117952,79582.51676107926,0,1
1372127160000,1372127219999,79582.77558315203,79582.77558315203,79577.37740626128,79577.37740626128,0,1
1372127220000,1372127279999,79577.48588827768,79578.82606901512,79577.03795493009,79577.56987354666,0,1
1372127280000,1372127339999,79577.92680307095,79578.41668559723,79577.19193428145,79578.39919020595,0,1
1372127340000,1372127399999,79577.4124005887,79578.24872857743,79577.31441616332,79577.47888947342,0,1
1372127400000,1372127459999,79577.6713548056,79577.99678775831,79577.18493527146,79577.18493527146,0,1
1372127460000,1372127519999,79577.61886462783,79577.61886462783,79574.374436869,79574.374436869,0,1
1372127520000,1372127579999,79574.7839857999,79579.09898198319,79573.93686605904,79579.09898198319,0,1
1372127580000,1372127639999,79579.82671348698,79580.79577370398,79578.67561380939,79579.21444291987,0,1
1372127640000,1372127699999,79579.72525409862,79579.81271914979,79578.50416209448,79578.59863585203,0,1
1372127700000,1372127759999,79578.77708384783,79579.03600272856,79576.05453087421,79576.61799919335,0,1
1372127760000,1372127819999,79576.56550348618,79576.64599679115,79575.99153244287,79576.02653162039,0,1
1372127820000,1372127879999,79576.5480048559,79579.40337612254,79576.39401558894,79579.38588245744,0,1
1372127880000,1372127939999,79578.74209429571,79578.74209429571,79576.04403116321,79576.04403116321,0,1
1372127940000,1372127999999,79576.59350123098,79577.10794583826,79575.6590341469,79577.10794583826,0,1
1372128000000,1372128059999,79577.06945089938,79577.06945089938,79574.76648405193,79574.76648405193,0,1
1372128060000,1372128119999,79575.49453090207,79575.8970340517,79575.47003018725,79575.47003018725,0,1
1372128120000,1372128179999,79575.5575324645,79575.85153450783,79575.31952447933,79575.31952447933,0,1
1372128180000,1372128239999,79575.53653198779,79577.69585012761,79575.53653198779,79575.75003477935,0,1
1372128240000,1372128299999,79576.079030157,79577.88831128414,79575.66953426214,79577.88831128414,0,1
1372128300000,1372128359999,79576.74048810505,79577.16393821209,79576.74048810505,79577.16393821209,0,1
1372128360000,1372128419999,79577.23042874884,79577.39490344029,79576.04403116321,79576.36251749222,0,1
1372128420000,1372128479999,79576.39751537134,79576.83497852608,79574.22041412753,79574.74198155328,0,1
1372128480000,1372128539999,79574.00687867531,79574.00687867531,79572.03933749675,79573.4992761014,0,1
1372128540000,1372128599999,79573.4012533258,79574.13640072319,79573.02665743859,79574.13640072319,0,1
1372128600000,1372128659999,79574.12239842051,79575.34402556288,79574.12239842051,79575.16551629378,0,1
1372128660000,1372128719999,79575.44902952679,79576.08952983124,79574.72798009853,79576.08952983124,0,1
1372128720000,1372128779999,79576.79298289363,79577.05545270305,79575.69053445954,79575.92153372033,0,1
1372128780000,1372128839999,79576.4115144887,79576.4115144887,79573.39775249462,79573.56579100905,0,1
1372128840000,1372128899999,79572.95663795917,79572.95663795917,79570.46012317536,79570.82781175368,0,1
1372128900000,1372128959999,79570.06090312522,79571.27602335445,79570.06090312522,79570.98188675739,0,1
1372128960000,1372129019999,79573.02315647625,79573.02315647625,79568.27472352746,79568.27472352746,0,1
1372129020000,1372129079999,79569.64415642153,79569.64415642153,79567.45157259982,79567.89643279207,0,1
1372129080000,1372129139999,79568.49888906251,79568.59695990398,79567.30444912644,79568.59695990398,0,1
1372129140000,1372129199999,79567.39552581757,79568.75106928311,79567.39552581757,79568.45335584489,0,1
1372129200000,1372129259999,79567.4655842463,79568.77908891508,79567.39202288326,79568.37279656736,0,1
1372129260000,1372129319999,79567.40603461317,79567.88942727313,79567.29394022409,79567.41654339773,0,1
1372129320000,1372129379999,79567.49360748037,79567.79485228698,79566.87007195667,79567.79485228698,0,1
1372129380000,1372129439999,79567.03471713669,79567.29394022409,79566.56179284074,79566.56179284074,0,1
1372129440000,1372129499999,79567.10828112817,79567.11879022562,79566.60032824997,79567.06624462787,0,1
1372129500000,1372129559999,79567.16783253443,79567.16783253443,79564.9676980651,79565.7665289695,0,1
1372129560000,1372129619999,79566.01877810336,79566.99968647434,79565.5948557813,79566.15190702541,0,1
1372129620000,1372129679999,79565.79455696527,79565.79455696527,79563.14205982689,79563.29625329345,0,1
1372129680000,1372129739999,79561.64555881519,79564.2914448371,79561.64555881519,79562.20633484525,0,1
1372129740000,1372129799999,79562.25540125172,79564.30896492783,79562.25540125172,79564.30896492783,0,1
1372129800000,1372129859999,79563.54506046456,79563.63967565146,79560.85340908867,79560.85340908867,0,1
1372129860000,1372129919999,79561.46329983429,79563.22266125372,79561.46329983429,79563.22266125372,0,1
1372129920000,1372129979999,79563.0824844417,79564.25290052945,79563.0824844417,79564.25290052945,0,1
1372129980000,1372130039999,79564.34400501719,79565.99075073605,79563.71676884557,79565.25500424733,0,1
1372130040000,1372130099999,79564.97820941237,79564.97820941237,79561.0742358958,79561.35464386136,0,1
1372130100000,1372130159999,79561.92244591028,79561.92244591028,79558.16103301899,79558.16103301899,0,1
1372130160000,1372130219999,79559.08661905759,79561.49484489563,79556.61469250436,79556.61469250436,0,1
1372130220000,1372130279999,79555.19788041335,79556.97587733793,79554.703351707,79555.81863715108,0,1
1372130280000,1372130339999,79554.6016370968,79557.78937209431,79554.25439666733,79556.76547999201,0,1
1372130340000,1372130399999,79556.02204058146,79556.67781312471,79555.10318532016,79555.54508808338,0,1
1372130400000,1372130459999,79556.22543987462,79556.50247708442,79554.44730950562,79554.44730950562,0,1
1372130460000,1372130519999,79554.66126302826,79555.28906743338,79553.22312673816,79553.22312673816,0,1
1372130520000,1372130579999,79554.63320381068,79555.18385156724,79553.78788296795,79555.18385156724,0,1
1372130580000,1372130639999,79555.19086599276,79556.28856295199,79553.3950124454,79553.48270809659,0,1
1372130640000,1372130699999,79553.17752391177,79553.43009079817,79552.68640337104,79552.68640337104,0,1
1372130700000,1372130759999,79553.00212648751,79554.3175321877,79545.65020808656,79545.65020808656,0,1
1372130760000,1372130819999,79545.71339795316,79549.1215485906,79545.59052840147,79547.78440034678,0,1
1372130820000,1372130879999,79548.2476845475,79548.62671929345,79546.08550795734,79546.08550795734,0,1
1372130880000,1372130939999,79546.51025811392,79546.82968642854,79539.54699405286,79539.54699405286,0,1
1372130940000,1372130999999,79539.42053596476,79539.42053596476,79529.17563269839,79529.17563269839,0,1
1372131000000,1372131059999,79528.94003464062,79531.060217364,79528.94003464062,79529.89997404914,0,1
1372131060000,1372131119999,79530.65238960227,79530.72270592023,79529.66439305629,79529.71713555178,0,1
1372131120000,1372131179999,79529.8964579557,79531.01451335617,79526.82643665421,79528.9119031583,0,1
1372131180000,1372131239999,79528.65519972617,79530.31486439332,79528.51102093603,79530.19180549364,0,1
1372131240000,1372131299999,79529.80503909277,79533.75286942812,79527.26255667732,79527.26255667732,0,1
1372131300000,1372131359999,79524.6983201647,79527.42785526373,79524.61037172217,79525.1767461433,0,1
1372131360000,1372131419999,79524.41336440406,79525.35966767455,79524.41336440406,79525.27876048688,0,1
1372131420000,1372131479999,79525.30690219162,79528.89432094165,79525.0219637726,79528.89432094165,0,1
1372131480000,1372131539999,79527.91670105144,79527.91670105144,79525.21192362072,79526.51340329942,0,1
1372131540000,1372131599999,79525.52851534898,79525.7958516697,79519.42004405377,79519.42004405377,0,1
1372131600000,1372131659999,79518.88150327739,79521.90469973409,79518.1035598391,79521.6900442166,0,1
1372131660000,1372131719999,79520.97566562274,79523.65696096484,79520.0113495403,79522.91105596533,0,1
1372131720000,1372131779999,79521.91525644394,79524.60333581336,79520.92991550111,79524.60333581336,0,1
1372131780000,1372131839999,79525.24710097437,79526.94953697447,79524.82496456306,79525.49685662719,0,1
1372131840000,1372131899999,79526.63299023209,79528.70794754465,79525.82047439243,79528.70794754465,0,1
1372131900000,1372131959999,79528.84157410623,79530.49417607905,79527.15352845466,79527.17111373227,0,1
1372131960000,1372132019999,79527.05856742122,79527.05856742122,79524.76867836178,79524.76867836178,0,1
1372132020000,1372132079999,79524.70535600667,79525.59886770524,79524.70535600667,79525.19081714912,0,1
1372132080000,1372132139999,79525.13101523768,79527.40323649849,79525.13101523768,79527.22035234504,0,1
1372132140000,1372132199999,79527.03394774682,79528.39848970422,79524.36763000727,79524.36763000727,0,1
1372132200000,1372132259999,79524.13895488583,79526.78071329216,79524.13895488583,79526.52747242455,0,1
1372132260000,1372132319999,79526.88271127436,79530.53636659667,79526.88271127436,79528.72201358259,0,1
1372132320000,1372132379999,79528.37387332846,79530.58910449337,79528.37387332846,79529.81558746577,0,1
1372132380000,1372132439999,79528.87322224087,79529.9386509952,79525.67977230306,79525.67977230306,0,1
1372132440000,1372132499999,79526.47471310326,79526.80181640832,79524.49779658706,79524.78626783373,0,1
1372132500000,1372132559999,79525.03955279902,79528.03627120377,79525.03955279902,79526.25663828882,0,1
1372132560000,1372132619999,79526.74905853442,79526.74905853442,79524.40632835662,79524.70535600667,0,1
1372132620000,1372132679999,79524.05100152362,79524.63499736405,79522.30232810961,79522.30232810961,0,1
1372132680000,1372132739999,79522.94624141377,79523.32975477265,79521.80265096428,79521.98915310088,0,1
1372132740000,1372132799999,79522.629567921,79526.82291947994,79521.85895386261,79521.85895386261,0,1
1372132800000,1372132859999,79521.55632205677,79524.75812466379,79521.55632205677,79524.38170215163,0,1
1372132860000,1372132919999,79523.99822913497,79526.11945975923,79523.99822913497,79524.84255393597,0,1
1372132920000,1372132979999,79524.09673736851,79526.61188675965,79524.09673736851,79526.58374872713,0,1
1372132980000,1372133039999,79526.30588140454,79526.82995382725,79524.9164289644,79525.06417738403,0,1
1372133040000,1372133099999,79525.16619287596,79526.81588512768,79524.84958967648,79525.59183249187,0,1
1372133100000,1372133159999,79524.93753601515,79525.74308848826,79523.76602731641,79525.1626751177,0,1
1372133160000,1372133219999,79525.19433489749,79525.35614998435,79522.91105596533,79522.91105596533,0,1
1372133220000,1372133279999,79522.88642607779,79524.01933812386,79522.77031293362,79523.43882469299,0,1
1372133280000,1372133339999,79523.6464060935,79525.5003742679,79523.6464060935,79525.5003742679,0,1
1372133340000,1372133399999,79525.2611718812,79525.76771134092,79525.06417738403,79525.59535009917,0,1
1372133400000,1372133459999,79526.74554133293,79528.56376951502,79526.62595574623,79526.91084846568,0,1
1372133460000,1372133519999,79527.86043224974,79528.17342344153,79525.29283134914,79525.76419379424,0,1
1372133520000,1372133579999,79525.53203297855,79525.61293811709,79522.64716115591,79523.20660988442,0,1
1372133580000,1372133639999,79523.56196672167,79523.56196672167,79519.81777123656,79519.81777123656,0,1
1372133640000,1372133699999,79518.32533268776,79519.26869238657,79514.82567645628,79517.63535656207,0,1
1372133700000,1372133759999,79517.47341649185,79518.2091665709,79516.54749138022,79517.4839778807,0,1
1372133760000,1372133819999,79518.3534939674,79521.0566076329,79515.6778182377,79521.0566076329,0,1
1372133820000,1372133879999,79521.11643391497,79521.65485434791,79520.14861188506,79521.24664282108,0,1
1372133880000,1372133939999,79521.66541132152,79522.20028339748,79518.38517531221,79518.71606335943,0,1
1372133940000,1372133999999,79519.37428681458,79522.31288439971,79519.29685100973,79522.0313795168,0,1
1372134000000,1372134059999,79521.65485434791,79521.65485434791,79520.14861188506,79520.14861188506,0,1
1372134060000,1372134119999,79519.89872261944,79520.07118207608,79517.31147379914,79517.31147379914,0,1
1372134120000,1372134179999,79516.50876260645,79518.8709433644,79516.50876260645,79518.8709433644,0,1
1372134180000,1372134239999,79519.75441752326,79519.75441752326,79515.95246003263,79518.0472357928,0,1
1372134240000,1372134299999,79518.27957043918,79519.7684961609,79517.63887696924,79518.76534362121,0,1
1372134300000,1372134359999,79518.95894229856,79519.34260860326,79518.11060032259,79518.81462364014,0,1
1372134360000,1372134419999,79519.07157980431,79523.22420210416,79518.54710061818,79522.09471880639,0,1
1372134420000,1372134479999,79520.71523905809,79522.70345929962,79519.58547232556,79522.40437178043,0,1
1372134480000,1372134539999,79521.70763910451,79524.56463822638,79521.70763910451,79524.56463822638,0,1
1372134540000,1372134599999,79524.15654546543,79525.22599457703,79521.83080245307,79522.96383409156,0,1
1372134600000,1372134659999,79522.35510944866,79525.73605337637,79521.59855030042,79522.35510944866,0,1
1372134660000,1372134719999,79523.23475742115,79525.89082469472,79523.02716747532,79523.78713679544,0,1
1372134720000,1372134779999,79523.53382010595,79525.86268463319,79523.53382010595,79525.37725610699,0,1
1372134780000,1372134839999,79526.39733226184,79527.19573306896,79526.25663828882,79527.19573306896,0,1
1372134840000,1372134899999,79527.9307682024,79528.11012264247,79526.99174244971,79527.65645518943,0,1
1372134900000,1372134959999,79527.88856669018,79528.01165393635,79524.34300370698,79524.34300370698,0,1
1372134960000,1372135019999,79524.76867836178,79526.9565712327,79523.33679157762,79526.5802314675,0,1
1372135020000,1372135079999,79527.44192310236,79528.03627120377,79527.09373827948,79527.99758689918,0,1
1372135080000,1372135139999,79528.27189055475,79528.27189055475,79526.72092088786,79526.72092088786,0,1
1372135140000,1372135199999,79526.80533359002,79528.28947386579,79526.80181640832,79527.34344781631,0,1
1372135200000,1372135259999,79526.93195130721,79531.96370756131,79526.93195130721,79530.51527136011,0,1
1372135260000,1372135319999,79530.82466370304,79531.0672487313,79529.2424430777,79529.83668417836,0,1
1372135320000,1372135379999,79530.79653752195,79531.75629874253,79528.47233846792,79529.84723251798,0,1
1372135380000,1372135439999,79529.98084385665,79530.52581898395,79527.57556658235,79527.57556658235,0,1
1372135440000,1372135499999,79527.61073562234,79528.8486070337,79527.38565162908,79528.2367238399,0,1
1372135500000,1372135559999,79528.53212040103,79529.00333018652,79525.31745531048,79526.15815132989,0,1
1372135560000,1372135619999,79526.2144297109,79527.78657896703,79526.16166873799,79526.16166873799,0,1
1372135620000,1372135679999,79526.19684275087,79527.18869897895,79526.19684275087,79526.37974562346,0,1
1372135680000,1372135739999,79527.02339643925,79527.40675346866,79527.02339643925,79527.35751577369,0,1
1372135740000,1372135799999,79528.59893507978,79528.59893507978,79527.92021784103,79527.94131855262,0,1
1372135800000,1372135859999,79528.53212040103,79529.22134511141,79527.36806672874,79527.36806672874,0,1
1372135860000,1372135919999,79527.42785526373,79528.81695882117,79526.90381417527,79528.7888269926,0,1
1372135920000,1372135979999,79529.31276931055,79529.7347163218,79525.42298588656,79527.94835211326,0,1
1372135980000,1372136039999,79528.51102093603,79529.20727977582,79527.55798201598,79527.55798201598,0,1
1372136040000,1372136099999,79527.18518193209,79532.0340146592,79527.18518193209,79530.71567431069,0,1
1372136100000,1372136159999,79530.7578638938,79530.7578638938,79524.81441092445,79525.1767461433,0,1
1372136160000,1372136219999,79525.29283134914,79530.75434810201,79525.29283134914,79529.99842416306,0,1
1372136220000,1372136279999,79529.67494157764,79530.532850727,79529.67494157764,79530.532850727,0,1
1372136280000,1372136339999,79529.73120017027,79530.56800936806,79529.73120017027,79530.55043006298,0,1
1372136340000,1372136399999,79530.17774152297,79530.45901717841,79528.46882187249,79528.85212349558,0,1
1372136400000,1372136459999,79528.88377159683,79528.88377159683,79523.68510723396,79524.91994680928,0,1
1372136460000,1372136519999,79525.25061870294,79525.47575075697,79524.86366114265,79524.86366114265,0,1
1372136520000,1372136579999,79525.57424443684,79525.57424443684,79518.1845250999,79518.1845250999,0,1
1372136580000,1372136639999,79518.41685655665,79519.82833014974,79515.60035380356,79516.27638681394,0,1
1372136640000,1372136699999,79515.76584527538,79516.27286592708,79512.20541378109,79512.20541378109,0,1
1372136700000,1372136759999,79513.00142639232,79513.00142639232,79502.20407027245,79505.52486429001,0,1
1372136760000,1372136819999,79507.51610670674,79511.4868347075,79506.27559162355,79509.57741785944,0,1
1372136820000,1372136879999,79509.51752250368,79515.00526609397,79508.51334105605,79512.31812738217,0,1
1372136880000,1372136939999,79511.63125915757,79516.44186709846,79511.63125915757,79514.87497589368,0,1
1372136940000,1372136999999,79516.63551076279,79516.63551076279,79514.86793313178,79515.22358640791,0,1
1372137000000,1372137059999,79514.9066682608,79516.92772955724,79508.92559616732,79510.92320714399,0,1
1372137060000,1372137119999,79510.31022610782,79512.58933927846,79509.03129986858,79509.03129986858,0,1
1372137120000,1372137179999,79509.22861045483,79515.03695804816,79509.00311232415,79512.89224257132,0,1
1372137180000,1372137239999,79513.20922456466,79516.27286592708,79512.61399454066,79516.04752658891,0,1
1372137240000,1372137299999,79516.51228341027,79523.0482785141,79516.51228341027,79522.18620818306,0,1
1372137300000,1372137359999,79521.81672671858,79522.15453887817,79519.83536941902,79521.59503128692,0,1
1372137360000,1372137419999,79522.04897380415,79522.06656806055,79516.83971274673,79519.6981027745,0,1
1372137420000,1372137479999,79518.58582149855,79518.58582149855,79517.05799301509,79517.05799301509,0,1
1372137480000,1372137539999,79517.93458674842,79518.74070352069,79517.84305846549,79517.84305846549,0,1
1372137540000,1372137599999,79518.03315473165,79518.66326280947,79517.41356841094,79518.28661079875,0,1
1372137600000,1372137659999,79517.97683028877,79521.56336010977,79517.97683028877,79520.88768443382,0,1
1372137660000,1372137719999,79520.88768443382,79522.25658405708,79516.16019689271,79516.52988741074,0,1
1372137720000,1372137779999,79517.16009021479,79518.29365115335,79517.16009021479,79517.60367284164,0,1
1372137780000,1372137839999,79516.5791784472,79517.04391056091,79514.38901368664,79514.57917562363,0,1
1372137840000,1372137899999,79515.18837377644,79516.54749138022,79514.58974006966,79515.11090555073,0,1
1372137900000,1372137959999,79514.58269710687,79516.22709428497,79513.40997463031,79514.31506084568,0,1
1372137960000,1372138019999,79514.29040977715,79514.29040977715,79511.10638958667,79513.24796611922,0,1
1372138020000,1372138079999,79514.56156818879,79517.24458366074,79512.87815424953,79517.24458366074,0,1
1372138080000,1372138139999,79517.480457419,79522.73160825261,79517.480457419,79522.63660521868,0,1
1372138140000,1372138199999,79523.06587101238,79525.19081714912,79521.61966435538,79525.19081714912,0,1
1372138200000,1372138259999,79525.22951231302,79530.3429919292,79523.35790196277,79530.3429919292,0,1
1372138260000,1372138319999,79530.98287199762,79532.60699907682,79528.6973980032,79530.07929317444,0,1
1372138320000,1372138379999,79530.13906550163,79531.06373304827,79529.77691004373,79530.07226111244,0,1
1372138380000,1372138439999,79529.67845774896,79530.29025273454,79528.30002383758,79528.84509057058,0,1
1372138440000,1372138499999,79529.55187480286,79530.01952048995,79527.05856742122,79528.33167368617,0,1
1372138500000,1372138559999,79528.0186874475,79529.23892675307,79523.21012833086,79523.21012833086,0,1
1372138560000,1372138619999,79522.77031293362,79523.5478934237,79516.4911585688,79518.42389681956,0,1
1372138620000,1372138679999,79518.30421167598,79519.08565940332,79517.80081436003,79518.16340379072,0,1
1372138680000,1372138739999,79518.16692401202,79522.31288439971,79518.16692401202,79522.31288439971,0,1
1372138740000,1372138799999,79521.75690462597,79524.42040044653,79518.99062172529,79523.99471096584,0,1
1372138800000,1372138859999,79523.93138370957,79528.94706749884,79523.65344267563,79528.9189360363,0,1
1372138860000,1372138919999,79529.16508365032,79529.16508365032,79527.90966746854,79527.9237346294,0,1
1372138920000,1372138979999,79526.94953697447,79528.86618933073,79524.74757095464,79528.55673638724,0,1
1372138980000,1372139039999,79528.90838671743,79528.96816604381,79528.5497032545,79528.96816604381,0,1
1372139040000,1372139099999,79529.01387940522,79530.16719353198,79528.01165393635,79530.16719353198,0,1
1372139100000,1372139159999,79529.80503909277,79532.1148672107,79526.56967968118,79530.07929317444,0,1
1372139160000,1372139219999,79530.29025273454,79532.71948295999,79528.61300127106,79530.78599018365,0,1
1372139220000,1372139279999,79529.53780993214,79531.71059791597,79528.68333193065,79528.68333193065,0,1
1372139280000,1372139339999,79529.8402002928,79533.98483946885,79529.83316806269,79531.57700968691,0,1
1372139340000,1372139399999,79530.95123053894,79533.2959430034,79529.84723251798,79531.724659731,0,1
1372139400000,1372139459999,79532.68081676787,79535.17975139472,79530.33596005265,79533.85479632088,0,1
1372139460000,1372139519999,79533.46465672994,79535.23246480893,79531.54537010813,79532.34687525083,0,1
1372139520000,1372139579999,79533.28188339769,79535.57333817924,79533.28188339769,79535.37654672336,0,1
1372139580000,1372139639999,79535.27463534023,79535.81229402655,79532.62457476697,79533.36272586051,0,1
1372139640000,1372139699999,79532.58942335578,79537.08779997457,79532.14650498767,79537.08779997457,0,1
1372139700000,1372139759999,79537.88534774397,79541.59117793538,79536.59237483909,79541.59117793538,0,1
1372139760000,1372139819999,79542.09337910428,79547.84055715062,79542.09337910428,79546.51376837063,0,1
1372139820000,1372139879999,79547.58082928923,79548.51090464531,79546.4260115833,79547.48606203849,0,1
1372139880000,1372139939999,79547.86863543426,79547.95637956257,79545.57297548513,79546.11710156525,0,1
1372139940000,1372139999999,79545.89594421373,79546.76299344738,79542.77113510008,79543.02747643157,0,1
1372140000000,1372140059999,79543.12228594434,79544.55134267277,79539.15707647822,79541.03978117173,0,1
1372140060000,1372140119999,79540.62533556466,79545.89945468606,79540.55508884414,79542.29003842433,0,1
1372140120000,1372140179999,79541.65088149316,79548.24066525005,79541.65088149316,79548.24066525005,0,1
1372140180000,1372140239999,79548.7846461975,79549.68302735737,79547.34566446062,79547.34566446062,0,1
1372140240000,1372140299999,79547.75281200603,79549.36018091855,79547.52467102683,79549.36018091855,0,1
1372140300000,1372140359999,79549.41983811077,79554.40872723568,79549.41632887402,79553.81243686314,0,1
1372140360000,1372140419999,79553.77735985156,79554.54201080982,79551.13921599498,79552.01282740511,0,1
1372140420000,1372140479999,79551.521649659,79551.521649659,79550.39886706573,79550.85150396523,0,1
1372140480000,1372140539999,79552.0654521613,79554.51044380806,79552.0654521613,79552.96353864131,0,1
1372140540000,1372140599999,79553.52129393947,79555.01550387876,79553.52129393947,79554.94886546911,0,1
1372140600000,1372140659999,79554.42977212866,79555.12072151617,79554.10006371712,79554.58409999048,0,1
1372140660000,1372140719999,79554.52447359893,79558.41698015224,79554.4543244478,79556.06061662738,0,1
1372140720000,1372140779999,79556.4113011285,79558.68343870077,79556.4113011285,79558.26972369775,0,1
1372140780000,1372140839999,79556.97938392285,79558.91132524764,79554.65424823125,79558.37140100519,0,1
1372140840000,1372140899999,79557.09159399132,79558.56774046631,79554.50693635727,79558.22063773105,0,1
1372140900000,1372140959999,79558.03831631663,79558.03831631663,79548.45124203038,79551.20237118623,0,1
1372140960000,1372141019999,79551.41990268094,79553.68615904562,79551.41990268094,79553.06877787113,0,1
1372141020000,1372141079999,79551.45147944009,79556.63573275541,79551.45147944009,79555.91683242712,0,1
1372141080000,1372141139999,79555.51001714892,79556.96535757577,79555.08564909338,79556.404287559,0,1
1372141140000,1372141199999,79555.21541644332,79560.83938817437,79555.21541644332,79558.25569916044,0,1
1372141200000,1372141259999,79559.08311321151,79562.1046965231,79558.07337838525,79562.1046965231,0,1
1372141260000,1372141319999,79562.52526218399,79562.52526218399,79558.53618617004,79561.33361353667,0,1
1372141320000,1372141379999,79561.92595076108,79564.23187629903,79561.75421162722,79564.23187629903,0,1
1372141380000,1372141439999,79564.76798036782,79565.99775758524,79563.34531435238,79565.04127726392,0,1
1372141440000,1372141499999,79565.3285813322,79569.38499425078,79565.15339690678,79569.12582536337,0,1
1372141500000,1372141559999,79568.31675494806,79570.03989110213,79568.31675494806,79570.03989110213,0,1
1372141560000,1372141619999,79570.6982468449,79571.28302650132,79570.32004777978,79570.67373437602,0,1
1372141620000,1372141679999,79569.12582536337,79569.52158055626,79566.89459375104,79567.43055509329,0,1
1372141680000,1372141739999,79568.48487886379,79569.3955009559,79567.38851994771,79568.43584301368,0,1
1372141740000,1372141799999,79569.14683930717,79573.58679562483,79568.98573127617,79573.58679562483,0,1
1372141800000,1372141859999,79573.7723344813,79573.90185956708,79570.49163986897,79570.93986653726,0,1
1372141860000,1372141919999,79570.7087521703,79570.7087521703,79569.11882070561,79570.36557249856,0,1
1372141920000,1372141979999,79570.77178389103,79572.20739883915,79570.04689511473,79570.48813801902,0,1
1372141980000,1372142039999,79571.26201704601,79574.19941084263,79571.26201704601,79572.50500053712,0,1
1372142040000,1372142099999,79572.91462603619,79573.55528868463,79572.0253322574,79572.22840630836,0,1
1372142100000,1372142159999,79571.64368193483,79571.64368193483,79569.04176914656,79569.04176914656,0,1
1372142160000,1372142219999,79569.73170969113,79572.31243574386,79569.11882070561,79572.31243574386,0,1
1372142220000,1372142279999,79571.96230843755,79574.07339020674,79571.91328963639,79574.07339020674,0,1
1372142280000,1372142339999,79574.33243090205,79575.65203406394,79573.53078321807,79575.28452282723,0,1
1372142340000,1372142399999,79577.35291015921,79583.891239466,79576.89447203682,79583.891239466,0,1
1372142400000,1372142459999,79584.05560464137,79592.3927181236,79583.54851190011,79592.3927181236,0,1
1372142460000,1372142519999,79592.35428197855,79592.35428197855,79588.26173442944,79589.32435010787,0,1
1372142520000,1372142579999,79588.68819244401,79592.00835002471,79588.68819244401,79591.43177017393,0,1
1372142580000,1372142639999,79592.59188487283,79593.31164742139,79590.40782219659,79590.93204074411,0,1
1372142640000,1372142699999,79590.04085286173,79592.02582162246,79589.34881690213,79591.86508177186,0,1
1372142700000,1372142759999,79591.6169782351,79594.84533751244,79591.57853910826,79594.84533751244,0,1
1372142760000,1372142819999,79595.26802167922,79596.88523497974,79595.22610338636,79596.88523497974,0,1
1372142820000,1372142879999,79596.86078661773,79597.17162562638,79596.29496496945,79596.92016110748,0,1
1372142880000,1372142939999,79595.71513920344,79596.94810192185,79593.40598139125,79593.40598139125,0,1
1372142940000,1372142999999,79592.82598808546,79594.75800384596,79590.84816762317,79590.84816762317,0,1
1372143000000,1372143059999,79591.01940783039,79591.63095606277,79589.33833114049,79591.4352646974,0,1
1372143060000,1372143119999,79591.98039540485,79591.98039540485,79587.90866936142,79587.90866936142,0,1
1372143120000,1372143179999,79588.24775189153,79589.89406135703,79587.97159276162,79589.89406135703,0,1
1372143180000,1372143239999,79589.85561560687,79589.85561560687,79587.96460129226,79588.33514243268,0,1
1372143240000,1372143299999,79588.56584979195,79589.71581163301,79587.68493850963,79589.42571215158,0,1
1372143300000,1372143359999,79589.96396234228,79591.42478112332,79589.2789116168,79589.33134062661,0,1
1372143360000,1372143419999,79589.72979211835,79589.72979211835,79588.2023085083,79588.2023085083,0,1
1372143420000,1372143479999,79588.0694728194,79588.744120015,79587.8702159775,79588.27921257433,0,1
1372143480000,1372143539999,79587.88769480672,79588.73013815159,79586.66759916578,79586.66759916578,0,1
1372143540000,1372143599999,79587.10810931856,79587.10810931856,79586.01728680584,79586.56271293588,0,1
1372143600000,1372143659999,79586.13616426695,79586.13616426695,79577.09044815715,79577.57337291756,0,1
1372143660000,1372143719999,79577.94080004761,79577.94080004761,79568.39030950898,79568.39030950898,0,1
1372143720000,1372143779999,79567.31145505521,79569.39199872209,79564.15829114444,79568.44635071608,0,1
1372143780000,1372143839999,79568.6775173757,79572.43147623549,79568.48487886379,79571.42658993123,0,1
1372143840000,1372143899999,79572.18639132581,79575.58553303151,79572.18639132581,79575.58553303151,0,1
1372143900000,1372143959999,79576.03703134976,79577.23392823852,79574.3114278524,79574.71397862418,0,1
1372143960000,1372144019999,79575.92503366811,79576.27152243324,79569.51107398361,79570.78228913918,0,1
1372144020000,1372144079999,79571.52463206483,79573.1386875859,79567.46908715485,79567.46908715485,0,1
1372144080000,1372144139999,79568.57944732426,79574.43744548858,79568.57944732426,79573.34874072936,0,1
1372144140000,1372144199999,79572.78508816255,79572.78508816255,79567.25891046981,79570.81030308032,0,1
1372144200000,1372144259999,79570.76127863184,79572.11986724244,79568.12761216416,79568.12761216416,0,1
1372144260000,1372144319999,79565.67543744073,79568.53041193787,79564.07419316188,79568.35528359507,0,1
1372144320000,1372144379999,79568.30624710947,79568.74406436287,79566.6388635107,79568.74406436287,0,1
1372144380000,1372144439999,79567.98400136484,79579.42786720228,79567.79485228698,79579.42786720228,0,1
1372144440000,1372144499999,79579.50134008161,79580.72231033466,79577.55587605081,79579.81971632082,0,1
1372144500000,1372144559999,79580.8412507574,79580.8412507574,79575.43852918,79575.43852918,0,1
1372144560000,1372144619999,79575.71853465414,79582.5482397973,79574.35343390758,79582.5482397973,0,1
1372144620000,1372144679999,79582.85252896295,79592.14812195188,79582.85252896295,79591.06483841359,0,1
1372144680000,1372144739999,79591.87556488435,79599.22850767634,79591.87556488435,79598.97360298711,0,1
1372144740000,1372144799999,79598.17742047232,79601.1313579248,79597.11225262967,79600.62862167793,0,1
1372144800000,1372144859999,79599.85352044304,79601.76672452455,79599.27390098051,79601.76672452455,0,1
1372144860000,1372144919999,79601.42810009724,79601.42810009724,79595.50206225173,79598.61393189405,0,1
1372144920000,1372144979999,79597.18210317745,79600.8590455951,79597.18210317745,79598.72218377804,0,1
1372144980000,1372145039999,79597.14019290732,79600.51689907955,79597.14019290732,79599.6370399961,0,1
1372145040000,1372145099999,79599.25644204175,79599.958267364,79598.01328724851,79599.34373643073,0,1
1372145100000,1372145159999,79598.76059545518,79600.7647819071,79596.29496496945,79596.29496496945,0,1
1372145160000,1372145219999,79596.06792876468,79600.41914078206,79594.86280415421,79600.41914078206,0,1
1372145220000,1372145279999,79600.44008906912,79603.6760723938,79599.98619969095,79603.6760723938,0,1
1372145280000,1372145339999,79603.79474011825,79603.79474011825,79598.26472428102,79598.92122450648,0,1
1372145340000,1372145399999,79599.07835912528,79600.41215800995,79598.4602820467,79598.46726618188,0,1
1372145400000,1372145459999,79598.36948784537,79600.31439868851,79594.67066941675,79600.31439868851,0,1
1372145460000,1372145519999,79599.96525045305,79602.4683736971,79599.81162136744,79600.16077496677,0,1
1372145520000,1372145579999,79599.96874199575,79600.13284312745,79596.48357574284,79596.61629971018,0,1
1372145580000,1372145639999,79597.40911408812,79598.61043987829,79597.40911408812,79597.49991700945,0,1
1372145640000,1372145699999,79598.54409134701,79602.44393898117,79598.21583424204,79602.44393898117,0,1
1372145700000,1372145759999,79602.76158563142,79603.57136440868,79600.59021717553,79602.7022458148,0,1
1372145760000,1372145819999,79601.73879717059,79602.00759471525,79598.30313771538,79598.5126629417,0,1
1372145820000,1372145879999,79598.39742461049,79600.08745372212,79597.932965753,79597.932965753,0,1
1372145880000,1372145939999,79598.49520267385,79600.25504434851,79596.71409519049,79596.95508711325,0,1
1372145940000,1372145999999,79597.71644372537,79598.48123443763,79595.30993979637,79595.53350012029,0,1
1372146000000,1372146059999,79595.44267934148,79598.2821849513,79595.44267934148,79597.03890902939,0,1
1372146060000,1372146119999,79597.03541646358,79600.36676987242,79597.03541646358,79598.8164667222,0,1
1372146120000,1372146179999,79598.8164667222,79601.64803273152,79598.4079008773,79601.64803273152,0,1
1372146180000,1372146239999,79601.86796052889,79602.38459727961,79597.03541646358,79597.03541646358,0,1
1372146240000,1372146299999,79597.60119621825,79597.60119621825,79592.53947295499,79596.47659022208,0,1
1372146300000,1372146359999,79595.41473432051,79597.21004325993,79594.63922883553,79594.91520389648,0,1
1372146360000,1372146419999,79595.3902823631,79596.8223676424,79593.31863515337,79593.61560924939,0,1
1372146420000,1372146479999,79593.76933355254,79597.04240159398,79593.33959832005,79597.04240159398,0,1
1372146480000,1372146539999,79596.88174236026,79597.68152037862,79594.65320243938,79597.68152037862,0,1
1372146540000,1372146599999,79597.63611984551,79598.66281998677,79596.08539327113,79596.41022753147,0,1
1372146600000,1372146659999,79596.75600724641,79596.75600724641,79587.02070805359,79587.02070805359,0,1
1372146660000,1372146719999,79588.50293013093,79590.50917325866,79585.80400311282,79585.80400311282,0,1
1372146720000,1372146779999,79585.82847852177,79590.19113716992,79585.00327455431,79589.35231215357,0,1
1372146780000,1372146839999,79589.61794768836,79591.70783376571,79587.66396348564,79589.27541633972,0,1
1372146840000,1372146899999,79588.10792543713,79588.97132255578,79581.29251184857,79582.49927285976,0,1
1372146900000,1372146959999,79582.48877991339,79584.70604458028,79580.95669157954,79583.99615371959,0,1
1372146960000,1372147019999,79582.59021126718,79587.71989678519,79581.50239379,79587.41575569446,0,1
1372147020000,1372147079999,79586.57320160836,79593.70994035192,79585.91589020754,79591.67288942855,0,1
1372147080000,1372147139999,79591.42478112332,79593.70295289335,79589.75425792066,79591.8441155139,0,1
1372147140000,1372147199999,79592.24945537746,79594.8034174477,79590.26103607863,79594.5169589688,0,1
1372147200000,1372147259999,79594.60429474043,79597.16464058624,79592.92032663681,79596.34386440043,0,1
1372147260000,1372147319999,79595.60336169657,79596.13429372691,79591.8266435987,79593.10900106966,0,1
1372147320000,1372147379999,79593.28020256701,79593.28719032097,79589.76474324618,79593.06357977228,0,1
1372147380000,1372147439999,79591.73928356476,79596.01553506232,79591.73928356476,79593.8007768689,0,1
1372147440000,1372147499999,79593.98594105976,79594.83136417705,79590.0024076759,79591.94545202013,0,1
1372147500000,1372147559999,79592.32982253659,79592.89586857933,79574.2274152127,79577.47888947342,0,1
1372147560000,1372147619999,79576.30652063084,79579.27392227607,79575.3615263001,79577.17793625657,0,1
1372147620000,1372147679999,79576.45351172319,79579.45585693425,79576.45351172319,79577.39140400694,0,1
1372147680000,1372147739999,79577.97579240352,79580.5473953783,79575.02200653152,79580.5473953783,0,1
1372147740000,1372147799999,79580.80626842698,79582.61119693606,79577.58037165568,79577.60486720056,0,1
1372147800000,1372147859999,79577.42989770648,79577.85681789381,79575.08151082923,79576.66699493807,0,1
1372147860000,1372147919999,79575.66253418653,79583.48206335952,79575.66253418653,79583.48206335952,0,1
1372147920000,1372147979999,79584.15002596716,79585.66414248393,79581.92914015336,79583.24074652501,0,1
1372147980000,1372148039999,79584.83542812539,79584.83542812539,79582.29290955997,79582.85252896295,0,1
1372148040000,1372148099999,79582.36985908492,79587.68144267536,79582.36985908492,79587.5381124178,0,1
1372148100000,1372148159999,79588.0694728194,79590.46024528798,79588.0694728194,79588.3071775426,0,1
1372148160000,1372148219999,79587.55908770575,79590.29249042815,79587.55908770575,79589.84513037663,0,1
1372148220000,1372148279999,79590.24705633598,79590.24705633598,79588.0065500351,79589.27541633972,0,1
1372148280000,1372148339999,79589.80668443834,79591.36537399597,79589.75076280971,79590.72585139413,0,1
1372148340000,1372148399999,79590.30647010729,79593.07056767761,79590.30647010729,79593.07056767761,0,1
1372148400000,1372148459999,79593.6400655466,79596.5988361309,79593.48284544947,79594.38770062696,0,1
1372148460000,1372148519999,79595.05144194137,79595.05144194137,79593.33261060271,79594.79293740408,0,1
1372148520000,1372148579999,79593.76583984462,79597.04938671952,79593.76583984462,79595.49158294026,0,1
1372148580000,1372148639999,79595.29247393558,79600.09443672097,79595.22610338636,79600.09443672097,0,1
1372148640000,1372148699999,79600.50991637571,79601.76323360957,79599.92335184559,79601.76323360957,0,1
1372148700000,1372148759999,79601.90985098953,79605.3826579861,79601.90985098953,79602.8034723488,0,1
1372148760000,1372148819999,79602.52771490153,79605.9758812825,79602.32176450589,79605.31984404728,0,1
1372148820000,1372148879999,79605.78047043642,79605.78047043642,79604.71262229598,79605.43500263373,0,1
1372148880000,1372148939999,79605.26400910375,79606.1677989324,79601.95174127468,79602.26940355955,0,1
1372148940000,1372148999999,79602.82790618623,79603.70748457557,79600.70543024027,79603.61324773429,0,1
1372149000000,1372149059999,79603.71795528088,79607.73789591527,79603.71795528088,79603.94132771603,0,1
1372149060000,1372149119999,79604.20308593905,79607.0226600834,79603.35496443171,79607.0226600834,0,1
1372149120000,1372149179999,79605.71067992313,79605.72114853116,79604.20308593905,79604.20308593905,0,1
1372149180000,1372149239999,79604.23100641178,79607.22153566875,79604.19959587448,79605.27796786884,0,1
1372149240000,1372149299999,79605.31984404728,79608.49494347897,79603.9587784774,79606.06660644876,0,1
1372149300000,1372149359999,79606.23409690094,79607.76929534056,79605.75255428955,79605.84677097292,0,1
1372149360000,1372149419999,79606.19920328807,79609.14728411754,79606.19920328807,79609.14728411754,0,1
1372149420000,1372149479999,79609.30076984825,79609.85887992026,79608.69030128903,79609.07402873374,0,1
1372149480000,1372149539999,79609.26239863642,79609.26239863642,79607.19711256429,79608.82286334377,0,1
1372149540000,1372149599999,79608.96240045034,79609.64610412925,79608.96240045034,79609.44727675727,0,1
1372149600000,1372149659999,79608.87518998691,79609.65656861827,79608.87518998691,79609.65656861827,0,1
1372149660000,1372149719999,79609.40890610761,79609.40890610761,79606.14337325424,79606.63885391245,0,1
1372149720000,1372149779999,79605.98634961293,79606.61791860672,79605.36172005032,79605.59203493266,0,1
1372149780000,1372149839999,79605.90609213297,79609.09844725464,79605.90609213297,79609.09844725464,0,1
1372149840000,1372149899999,79609.01123797767,79609.33565264032,79608.45656917497,79608.84728247797,0,1
1372149900000,1372149959999,79608.72518621065,79608.72518621065,79605.64786804469,79607.68905216886,0,1
1372149960000,1372150019999,79607.27038169873,79609.52052940689,79607.27038169873,79608.78100183212,0,1
1372150020000,1372150079999,79608.7112322566,79608.90309741796,79605.45245078871,79606.41554172515,0,1
1372150080000,1372150139999,79606.02124396851,79607.0226600834,79605.9793707272,79606.7365514263,0,1
1372150140000,1372150199999,79606.45043458312,79606.6039617119,79602.32525522591,79602.32525522591,0,1
1372150200000,1372150259999,79602.05646621984,79605.3023956609,79601.93079615405,79602.91167888996,0,1
1372150260000,1372150319999,79603.77379885745,79605.31286469637,79603.27468583005,79604.3601375841,0,1
1372150320000,1372150379999,79604.03556146564,79607.28433766348,79603.81917153377,79606.7435297836,0,1
1372150380000,1372150439999,79606.26899039204,79608.4077289387,79605.84328148195,79608.4077289387,0,1
1372150440000,1372150499999,79606.79935646689,79609.59029333621,79606.26899039204,79609.30425813294,0,1
1372150500000,1372150559999,79608.85077092085,79614.92927800631,79608.82635179516,79614.02976635685,0,1
1372150560000,1372150619999,79614.21106978907,79615.13148266463,79612.68383426023,79614.36099129819,0,1
1372150620000,1372150679999,79613.3986653137,79614.18317716729,79612.69778267204,79613.26616390326,0,1
1372150680000,1372150739999,79613.2870852953,79613.2870852953,79609.27286352697,79609.51355298718,0,1
1372150740000,1372150799999,79609.71237904142,79612.1956275897,79608.69378978666,79611.08312478331,0,1
1372150800000,1372150859999,79611.81550732169,79614.35053173095,79609.68796201963,79609.89376076554,0,1
1372150860000,1372150919999,79610.21117086658,79611.40398468789,79610.21117086658,79611.24355602248,0,1
1372150920000,1372150979999,79611.50861069177,79611.95849003526,79610.79015674855,79611.70042218921,0,1
1372150980000,1372151039999,79611.10056308616,79612.95931179095,79610.89478917484,79611.08661244632,0,1
1372151040000,1372151099999,79612.23050028518,79612.50599030434,79609.54843503701,79612.37347706522,0,1
1372151100000,1372151159999,79612.12239453335,79612.19214031346,79606.89356328818,79609.08798218156,0,1
1372151160000,1372151219999,79609.12984240816,79610.1030432823,79608.6763472863,79608.96588885307,0,1
1372151220000,1372151279999,79608.96240045034,79611.22960558214,79606.76795399589,79608.74960558336,0,1
1372151280000,1372151339999,79608.25422950038,79608.61006550746,79605.68974267415,79607.16920037186,0,1
1372151340000,1372151399999,79607.00870375345,79607.40296257744,79605.33729240319,79605.42802336322,0,1
1372151400000,1372151459999,79605.74906476571,79606.70514875808,79605.539691107,79606.3038837614,0,1
1372151460000,1372151519999,79605.56062867014,79606.30737309164,79605.232601811,79605.93051839071,0,1
1372151520000,1372151579999,79605.93749731053,79605.93749731053,79604.34617753775,79605.55364948731,0,1
1372151580000,1372151639999,79605.50130546073,79607.40296257744,79605.50130546073,79607.31573851295,0,1
1372151640000,1372151699999,79606.74701896045,79607.2494477151,79605.20468413465,79605.28145755708,0,1
1372151700000,1372151759999,79605.49781584922,79605.49781584922,79603.52948090763,79605.21864298257,0,1
1372151760000,1372151819999,79605.08603314061,79605.08603314061,79601.60963214393,79601.60963214393,0,1
1372151820000,1372151879999,79602.10882828117,79602.10882828117,79598.90725686532,79598.90725686532,0,1
1372151880000,1372151939999,79598.51615499161,79600.23758712264,79598.51615499161,79599.78368855284,0,1
1372151940000,1372151999999,79599.06439170359,79600.00016582517,79597.81772074124,79599.77670533699,0,1
1372152000000,1372152059999,79600.30741584326,79602.35318094211,79598.75361152487,79602.35318094211,0,1
1372152060000,1372152119999,79602.91516940403,79602.94309347292,79601.49093848633,79601.49093848633,0,1
1372152120000,1372152179999,79602.4264855761,79602.4264855761,79598.19837345592,79598.81297477716,0,1
1372152180000,1372152239999,79598.75011955787,79602.18562547513,79598.43932961187,79602.18562547513,0,1
1372152240000,1372152299999,79602.03552131855,79602.85583049878,79600.11538568824,79602.50677098724,0,1
1372152300000,1372152359999,79602.09486509163,79602.73715163193,79599.9128771663,79602.49629901366,0,1
1372152360000,1372152419999,79602.10533748561,79605.04764575289,79602.10533748561,79603.25723387484,0,1
1372152420000,1372152479999,79603.70050409925,79604.27986705146,79599.37865397295,79599.37865397295,0,1
1372152480000,1372152539999,79599.77321372724,79599.77321372724,79598.50218678465,79598.8024989347,0,1
1372152540000,1372152599999,79598.15646744482,79598.81297477716,79596.99350557869,79598.55805949544,0,1
1372152600000,1372152659999,79598.42186921596,79600.36676987242,79598.42186921596,79600.36676987242,0,1
1372152660000,1372152719999,79599.235491275,79599.31580230915,79598.69773990667,79599.31580230915,0,1
1372152720000,1372152779999,79598.76408741852,79601.03360563399,79598.76408741852,79599.8046381711,0,1
1372152780000,1372152839999,79600.36676987242,79600.86253682573,79598.82345060863,79598.86535382477,0,1
1372152840000,1372152899999,79599.17962234908,79599.33326114429,79598.8024989347,79599.0434405345,0,1
1372152900000,1372152959999,79599.3402446698,79599.3402446698,79598.75361152487,79599.2704091952,0,1
1372152960000,1372153019999,79598.85836996761,79602.13326381595,79598.85836996761,79601.26402021966,0,1
1372153020000,1372153079999,79601.31638643054,79606.89705241268,79601.31638643054,79606.67723519243,0,1
1372153080000,1372153139999,79606.94938913388,79607.73091825182,79605.23958121792,79607.73091825182,0,1
1372153140000,1372153199999,79607.67509676893,79608.73216318036,79605.87119737556,79606.19920328807,0,1
1372153200000,1372153259999,79605.57458702123,79608.51238629576,79605.539691107,79608.51238629576,0,1
1372153260000,1372153319999,79610.24605048307,79614.87001034887,79610.24605048307,79614.87001034887,0,1
1372153320000,1372153379999,79615.3650588184,79616.097127834,79614.36099129819,79615.09313381948,0,1
1372153380000,1372153439999,79617.69354962178,79617.69354962178,79614.87698303268,79614.87698303268,0,1
1372153440000,1372153499999,79614.45861339816,79618.10132829631,79614.45861339816,79617.52625099618,0,1
1372153500000,1372153559999,79617.33803669676,79617.86084544857,79617.31015279557,79617.64475447843,0,1
1372153560000,1372153619999,79617.6064152702,79621.7287809392,79617.33803669676,79621.4849012736,0,1
1372153620000,1372153679999,79622.58579658828,79623.0769797633,79619.70091484668,79620.33510273097,0,1
1372153680000,1372153739999,79620.69050912428,79621.89949316629,79617.39728972864,79617.39728972864,0,1
1372153740000,1372153799999,79618.14315080992,79618.14315080992,79612.58619483287,79612.58619483287,0,1
1372153800000,1372153859999,79612.62106616636,79613.98443998519,79611.0552234355,79613.98443998519,0,1
1372153860000,1372153919999,79613.09879119108,79614.0402262596,79611.95849003526,79612.46065702541,0,1
1372153920000,1372153979999,79612.99069482561,79612.99069482561,79610.43788619916,79611.5365107746,0,1
1372153980000,1372154039999,79610.98546972539,79611.18426651655,79609.88678460622,79610.41347094876,0,1
1372154040000,1372154099999,79610.06118712934,79612.66639871812,79610.06118712934,79612.66639871812,0,1
1372154100000,1372154159999,79612.40486193846,79614.21455636132,79611.30982034844,79611.30982034844,0,1
1372154160000,1372154219999,79610.39951935034,79610.901764631,79610.13443528205,79610.901764631,0,1
1372154220000,1372154279999,79609.86934418662,79610.72040118946,79609.86934418662,79610.68901102913,0,1
1372154280000,1372154339999,79610.48322864888,79610.54601016293,79609.24844543198,79610.54601016293,0,1
1372154340000,1372154399999,79609.69842646483,79610.82503434563,79609.50657656262,79610.68552322745,0,1
1372154400000,1372154459999,79610.42044674067,79614.67128681634,79610.42044674067,79614.67128681634,0,1
1372154460000,1372154519999,79614.64688189972,79615.51147690899,79610.26697819457,79610.32976106628,0,1
1372154520000,1372154579999,79611.13892724538,79611.4528102926,79610.45183774404,79610.45183774404,0,1
1372154580000,1372154639999,79611.11451370655,79611.13543960064,79610.36115235432,79610.71691339873,0,1
1372154640000,1372154699999,79611.2121675043,79611.2121675043,79609.5728523995,79609.5728523995,0,1
1372154700000,1372154759999,79610.04374701391,79611.53999827949,79610.03677095921,79610.03677095921,0,1
1372154760000,1372154819999,79610.30883348617,79610.6506451438,79608.8333286943,79608.8333286943,0,1
1372154820000,1372154879999,79609.17170245954,79609.2798401146,79605.2884369299,79605.2884369299,0,1
1372154880000,1372154939999,79605.37567867905,79605.86770789312,79602.25194984984,79604.1542249242,0,1
1372154940000,1372154999999,79604.27637701368,79605.21864298257,79603.24327228875,79603.75983799253,0,1
1372155000000,1372155059999,79603.4736359667,79603.50504878435,79601.58868630673,79601.74926993746,0,1
1372155060000,1372155119999,79602.1123190755,79602.86979262582,79601.69341505403,79602.86979262582,0,1
1372155120000,1372155179999,79603.43175205633,79608.62401960266,79602.2205330956,79608.62401960266,0,1
1372155180000,1372155239999,79608.57169164522,79610.5390344586,79608.57169164522,79609.37402357106,0,1
1372155240000,1372155299999,79609.54145863678,79610.53554660462,79607.07150708481,79607.84953786836,0,1
1372155300000,1372155359999,79607.82511629762,79608.49494347897,79605.72114853116,79607.04708361393,0,1
1372155360000,1372155419999,79606.23060754512,79607.30876055492,79602.21355158126,79602.21355158126,0,1
1372155420000,1372155479999,79602.32525522591,79606.22362882986,79600.09443672097,79606.22362882986,0,1
1372155480000,1372155539999,79606.94590002765,79608.72169772396,79600.61465642139,79600.92537876884,0,1
1372155540000,1372155599999,79601.64803273152,79604.25543676145,79600.48547687386,79604.09489337094,0,1
1372155600000,1372155659999,79604.44738743224,79609.67052125327,79604.44738743224,79609.67052125327,0,1
1372155660000,1372155719999,79609.59029333621,79612.58619483287,79609.59029333621,79611.93756586341,0,1
1372155720000,1372155779999,79611.5365107746,79612.36998985101,79609.21705065081,79612.36998985101,0,1
1372155780000,1372155839999,79612.73614070416,79612.750089043,79607.63323045225,79608.75658253605,0,1
1372155840000,1372155899999,79608.7844902981,79610.22861069003,79607.04359454178,79609.04612177971,0,1
1372155900000,1372155959999,79609.44378852248,79609.85539182904,79606.91449801685,79607.81116108758,0,1
1372155960000,1372156019999,79608.91356268452,79608.91356268452,79607.01219283776,79607.01219283776,0,1
1372156020000,1372156079999,79606.8761176475,79607.58089730993,79604.99529907761,79605.81885501112,0,1
1372156080000,1372156139999,79605.55713907933,79607.7204517475,79605.4175544483,79607.28433766348,0,1
1372156140000,1372156199999,79607.49367479746,79608.97286565485,79604.04603182746,79604.9883195002,0,1
1372156200000,1372156259999,79605.75953333358,79605.95843404077,79602.98148894029,79604.5136968077,0,1
1372156260000,1372156319999,79602.78252901204,79605.93749731053,79602.19958853794,79605.72463806476,0,1
1372156320000,1372156379999,79606.2201394704,79610.08909125077,79606.2201394704,79609.58331696517,0,1
1372156380000,1372156439999,79608.7286746961,79609.62866328988,79607.16571134233,79608.06584060569,0,1
1372156440000,1372156499999,79608.69378978666,79609.12984240816,79607.64718591062,79609.09844725464,0,1
1372156500000,1372156559999,79608.77053642682,79614.08555237841,79608.77053642682,79613.22432098784,0,1
1372156560000,1372156619999,79612.45368265657,79613.31498041663,79609.17519078926,79609.17519078926,0,1
1372156620000,1372156679999,79609.92515342229,79611.44234768309,79604.60792516384,79604.60792516384,0,1
1372156680000,1372156739999,79605.29890597997,79607.5355416984,79603.69352361807,79603.93085724459,0,1
1372156740000,1372156799999,79602.7476233533,79602.7476233533,79600.29345013815,79601.07200843362,0,1
1372156800000,1372156859999,79600.77525569408,79602.42997625955,79599.79765496988,79601.03011446306,0,1
1372156860000,1372156919999,79599.96525045305,79599.96525045305,79597.23099827058,79598.44980583477,0,1
1372156920000,1372156979999,79599.05740798544,79599.33675290765,79597.39514433473,79598.04122500878,0,1
1372156980000,1372157039999,79599.16216324572,79599.2389830725,79596.81188971442,79597.35672741228,0,1
1372157040000,1372157099999,79596.79093382551,79597.60468858646,79592.87141046203,79594.71259003796,0,1
1372157100000,1372157159999,79593.61211548778,79596.113336418,79593.2382759407,79595.00253619009,0,1
1372157160000,1372157219999,79594.90472396999,79597.13320784523,79593.7204215306,79593.7204215306,0,1
1372157220000,1372157279999,79592.90285660187,79593.28719032097,79589.48163559799,79589.48163559799,0,1
1372157280000,1372157339999,79589.6284331568,79591.88255361991,79589.00278096226,79589.43969304251,0,1
1372157340000,1372157399999,79590.35539883038,79591.5296163695,79589.16007151022,79590.01289274124,0,1
1372157400000,1372157459999,79590.30996502402,79591.63445051663,79586.67459154199,79586.67459154199,0,1
1372157460000,1372157519999,79587.23746178884,79589.83814021702,79587.23746178884,79587.93663536596,0,1
1372157520000,1372157579999,79586.58718648792,79591.15919358077,79586.57320160836,79589.93949705303,0,1
1372157580000,1372157639999,79589.78920896299,79593.7309026983,79589.78920896299,79593.45838876774,0,1
1372157640000,1372157699999,79592.90984461951,79593.74487757147,79591.47020986494,79593.74487757147,0,1
1372157700000,1372157759999,79594.88376408406,79597.27290816013,79594.88376408406,79596.06792876468,0,1
1372157760000,1372157819999,79596.30893625985,79596.68964641007,79594.93965701557,79595.45315870421,0,1
1372157820000,1372157879999,79595.31692613215,79595.83739442099,79591.8615873986,79594.91520389648,0,1
1372157880000,1372157939999,79594.83835084719,79596.72806589531,79594.83835084719,79596.50453227584,0,1
1372157940000,1372157999999,79596.51501052588,79596.62328513333,79595.05144194137,79595.19815776017,0,1
1372158000000,1372158059999,79595.28548758272,79595.74308338494,79591.7637444512,79593.34658603251,0,1
1372158060000,1372158119999,79595.15274595104,79597.59071910629,79593.21381866085,79597.19607322844,0,1
1372158120000,1372158179999,79597.08431227395,79601.60265020307,79597.08431227395,79601.60265020307,0,1
1372158180000,1372158239999,79601.59217728264,79602.86281156473,79599.30881876659,79599.30881876659,0,1
1372158240000,1372158299999,79598.18440480506,79602.85583049878,79598.18440480506,79600.79620323516,0,1
1372158300000,1372158359999,79601.46650138193,79602.50677098724,79600.04904714134,79601.09644650205,0,1
1372158360000,1372158419999,79600.01413193988,79601.72483346435,79600.01413193988,79601.64803273152,0,1
1372158420000,1372158479999,79601.27798456937,79602.42997625955,79600.12236866758,79601.49442949636,0,1
1372158480000,1372158539999,79601.80163360733,79602.48931769183,79599.91636872728,79602.08439268668,0,1
1372158540000,1372158599999,79602.22751460508,79604.27637701368,79602.22751460508,79603.86105382151,0,1
1372158600000,1372158659999,79603.75983799253,79604.47530722286,79601.62359601104,79603.23978188919,0,1
1372158660000,1372158719999,79602.62196197303,79602.62196197303,79601.3373328381,79601.50839352433,0,1
1372158720000,1372158779999,79601.24656475509,79603.26421466058,79600.61465642139,79602.49629901366,0,1
1372158780000,1372158839999,79602.76158563142,79602.76158563142,79600.51689907955,79600.98822031701,0,1
1372158840000,1372158899999,79602.45092033468,79602.85932103236,79602.2868572388,79602.59054638122,0,1
1372158900000,1372158959999,79602.5032803306,79602.66035867341,79599.84653727595,79599.84653727595,0,1
1372158960000,1372159019999,79599.80812976988,79600.12236866758,79596.3124290794,79596.48706850139,0,1
1372159020000,1372159079999,79596.24606529936,79598.97011109693,79596.24606529936,79598.07614709935,0,1
1372159080000,1372159139999,79598.84789417272,79602.66384927524,79598.84789417272,79601.8784331605,0,1
1372159140000,1372159199999,79601.85050611851,79604.62537476198,79600.26901010727,79604.12281414574,0,1
1372159200000,1372159259999,79604.07046262904,79604.07046262904,79600.44707182172,79601.53283052635,0,1
1372159260000,1372159319999,79601.94825042429,79601.94825042429,79599.93033495902,79600.35629565758,0,1
1372159320000,1372159379999,79600.17823232673,79601.25354694457,79599.79416336745,79601.25354694457,0,1
1372159380000,1372159439999,79601.55028549123,79603.48061660137,79601.55028549123,79602.95007447795,0,1
1372159440000,1372159499999,79603.46316500555,79604.58349567528,79601.90286925828,79604.58349567528,0,1
1372159500000,1372159559999,79604.42993752351,79606.04915936533,79602.88724525718,79602.88724525718,0,1
1372159560000,1372159619999,79603.56438383735,79603.90991626884,79602.21704233905,79602.21704233905,0,1
1372159620000,1372159679999,79603.03384615823,79604.14724475975,79602.93262195622,79604.0774428471,0,1
1372159680000,1372159739999,79604.37409761095,79608.54378328928,79604.37409761095,79607.62974158462,0,1
1372159740000,1372159799999,79609.64959229347,79609.64959229347,79606.79237814852,79606.79237814852,0,1
1372159800000,1372159859999,79606.53766619545,79609.15077245576,79606.53766619545,79609.15077245576,0,1
1372159860000,1372159919999,79609.10542396393,79609.10542396393,79608.13910337535,79608.50889773484,0,1
1372159920000,1372159979999,79607.5390305989,79608.11468251176,79607.51460826983,79608.11468251176,0,1
1372159980000,1372160039999,79607.67858562073,79609.77167727474,79607.67858562073,79609.11588901877,0,1
1372160040000,1372160099999,79608.84030558857,79609.67749756345,79607.75882887641,79609.19612074194,0,1
1372160100000,1372160159999,79609.7577247809,79609.83446325616,79608.50192060934,79608.50192060934,0,1
1372160160000,1372160219999,79608.85774780295,79609.53448223168,79608.52634052727,79609.53448223168,0,1
1372160220000,1372160279999,79609.79958220404,79610.82852209864,79608.51587485547,79610.66808420084,0,1
1372160280000,1372160339999,79610.41695884532,79610.41695884532,79608.48098920364,79609.39495310759,0,1
1372160340000,1372160399999,79609.08449382143,79609.44378852248,79607.83209389535,79609.44378852248,0,1
1372160400000,1372160459999,79609.25542203664,79612.2270130211,79609.25542203664,79610.901764631,0,1
1372160460000,1372160519999,79611.5644107796,79611.5644107796,79609.2030973831,79609.3182112595,0,1
1372160520000,1372160579999,79609.44030028647,79610.49369226192,79607.52158608423,79610.49369226192,0,1
1372160580000,1372160639999,79610.46927714777,79611.15636545092,79609.93910568253,79610.89827690352,0,1
1372160640000,1372160699999,79609.39844135942,79609.51355298718,79608.83681714204,79608.83681714204,0,1
1372160700000,1372160759999,79609.05309852552,79609.1019356099,79608.02048719359,79608.81239798228,0,1
1372160760000,1372160819999,79608.63099664297,79610.72040118946,79608.13212599183,79610.6506451438,0,1
1372160820000,1372160879999,79612.4083491405,79614.2947471876,79611.22960558214,79613.977466679,0,1
1372160880000,1372160939999,79613.39517845698,79614.24942201698,79612.33860486835,79613.17899096523,0,1
1372160940000,1372160999999,79612.85470096415,79617.70052033711,79612.8058822038,79617.54019265521,0,1
1372161000000,1372161059999,79617.43562973865,79622.69378928449,79617.43562973865,79621.38037959614,0,1
1372161060000,1372161119999,79622.82616583725,79627.18664519685,79622.82616583725,79627.18664519685,0,1
1372161120000,1372161179999,79627.53832624099,79629.87094680105,79626.66780602452,79628.07104723545,0,1
1372161180000,1372161239999,79628.26602298883,79630.05196325718,79627.75768538153,79628.37395436049,0,1
1372161240000,1372161299999,79628.68729690381,79629.38705980283,79627.99096680686,79627.99096680686,0,1
1372161300000,1372161359999,79628.58633204532,79628.86833478702,79626.90807717574,79628.07104723545,0,1
1372161360000,1372161419999,79628.23816954253,79628.57240577794,79626.01312489752,79626.47279910698,0,1
1372161420000,1372161479999,79625.99919504617,79627.84821314795,79625.94695793076,79627.15878874394,0,1
1372161480000,1372161539999,79627.76116723384,79627.85169496876,79626.39270587848,79626.61557240163,0,1
1372161540000,1372161599999,79627.83776767827,79627.83776767827,79625.54994693593,79626.18376400192,0,1
1372161600000,1372161659999,79626.03750209071,79628.58633204532,79626.03750209071,79627.94222188416,0,1
1372161660000,1372161719999,79627.42342191364,79628.21379771337,79624.85688119767,79624.85688119767,0,1
1372161720000,1372161779999,79624.29960757514,79624.29960757514,79620.98318725814,79621.45354488508,0,1
1372161780000,1372161839999,79621.51277353641,79621.69742531539,79620.81245938774,79621.17830125523,0,1
1372161840000,1372161899999,79620.15042579452,79620.15042579452,79618.18845833563,79619.10502035049,0,1
1372161900000,1372161959999,79617.94797758322,79621.92039650404,79617.94797758322,79620.7671637492,0,1
1372161960000,1372162019999,79620.38388474852,79620.56158865723,79619.87514629433,79619.87514629433,0,1
1372162020000,1372162079999,79620.14694129124,79620.15739479744,79619.69046086328,79619.91347680544,0,1
1372162080000,1372162139999,79619.69046086328,79622.89583700328,79619.69046086328,79621.47096511305,0,1
1372162140000,1372162199999,79621.8402668054,79621.9587191764,79620.21663112617,79620.21663112617,0,1
1372162200000,1372162259999,79620.72883651018,79622.53702531093,79620.22360008296,79621.43960868083,0,1
1372162260000,1372162319999,79621.31069787091,79625.99571258029,79620.69399343817,79625.99571258029,0,1
1372162320000,1372162379999,79626.16286957415,79626.16286957415,79624.44937791278,79625.47681161243,0,1
1372162380000,1372162439999,79625.04843683318,79625.33402205828,79624.50858882291,79624.79418946547,0,1
1372162440000,1372162499999,79624.73498024637,79625.19123046522,79622.64153489968,79622.64153489968,0,1
1372162500000,1372162559999,79622.78784648902,79622.78784648902,79621.41522027669,79621.64864970514,0,1
1372162560000,1372162619999,79621.53367768254,79624.65835603069,79621.1364914335,79623.34868775107,0,1
1372162620000,1372162679999,79624.42151383376,79628.30780301282,79624.42151383376,79627.79250385021,0,1
1372162680000,1372162739999,79626.60164338945,79627.86562223986,79626.60164338945,79626.93593432706,0,1
1372162740000,1372162799999,79627.52091657929,79628.37047272152,79625.91561553052,79626.77923684148,0,1
1372162800000,1372162859999,79627.10307560532,79628.66292616923,79624.92653821697,79628.66292616923,0,1
1372162860000,1372162919999,79627.68456620266,79627.68456620266,79622.77391214417,79623.01079336602,0,1
1372162920000,1372162979999,79622.12594366449,79622.12594366449,79618.9586548668,79619.39774489113,0,1
1372162980000,1372163039999,79619.48137890035,79619.48137890035,79616.54331504238,79617.27181230448,0,1
1372163040000,1372163099999,79617.65869597226,79621.70439324029,79617.65869597226,79620.77413232233,0,1
1372163100000,1372163159999,79621.18178539917,79621.63819775771,79619.92741513668,79620.94834507235,0,1
1372163160000,1372163219999,79620.08422002454,79620.08422002454,79619.23047477429,79619.68000686896,0,1
1372163220000,1372163279999,79619.56152750284,79619.90999221959,79619.3907753588,79619.77409242444,0,1
1372163280000,1372163339999,79620.31768052417,79621.2758568262,79619.78106168963,79619.90999221959,0,1
1372163340000,1372163399999,79620.49886999122,79620.88214458486,79619.93089971646,79620.88214458486,0,1
1372163400000,1372163459999,79619.69046086328,79628.31128467362,79618.50560526791,79624.0975882175,0,1
1372163460000,1372163519999,79623.43577208232,79624.31005674125,79616.49102850868,79620.29677383594,0,1
1372163520000,1372163579999,79618.25467665779,79620.99363989022,79618.25467665779,79620.99363989022,0,1
1372163580000,1372163639999,79619.08759600048,79626.52155119288,79618.75304259265,79624.71756570345,0,1
1372163640000,1372163699999,79623.5925219675,79628.16157216516,79623.5925219675,79625.37929701571,0,1
1372163700000,1372163759999,79624.60611191063,79625.96785280966,79622.65198579848,79622.82268226621,0,1
1372163760000,1372163819999,79621.95523530316,79623.70747032174,79621.37341144547,79621.37341144547,0,1
1372163820000,1372163879999,79621.18178539917,79625.06585079992,79619.71136881915,79625.06585079992,0,1
1372163880000,1372163939999,79624.04185802132,79625.54298169007,79624.04185802132,79624.67228774994,0,1
1372163940000,1372163999999,79623.83286701942,79624.84991546907,79620.82639646601,79621.31766606528,0,1
1372164000000,1372164059999,79621.76362040591,79621.76362040591,79618.54394102888,79619.01789829685,0,1
1372164060000,1372164119999,79619.35592762423,79623.31733720617,79619.28274698637,79621.01802932254,0,1
1372164120000,1372164179999,79620.81942792931,79621.04938707672,79619.6347061006,79620.40479125462,0,1
1372164180000,1372164239999,79620.43266652811,79623.7771353479,79620.43266652811,79621.8820736848,0,1
1372164240000,1372164299999,79620.96576618041,79620.96576618041,79618.97607944149,79619.90302304426,0,1
1372164300000,1372164359999,79620.31419607917,79621.31069787091,79619.6347061006,79621.03893450293,0,1
1372164360000,1372164419999,79621.44657678538,79623.41835527674,79620.73580511003,79623.40442181042,0,1
1372164420000,1372164479999,79622.82268226621,79622.82268226621,79616.1982188677,79616.1982188677,0,1
1372164480000,1372164539999,79616.76291549852,79616.76291549852,79612.57573340912,79615.6788092446,0,1
1372164540000,1372164599999,79615.4208373914,79617.79113919419,79615.4208373914,79616.30976640857,0,1
1372164600000,1372164659999,79616.45268487689,79618.29301338072,79616.17381767726,79617.08010764397,0,1
1372164660000,1372164719999,79616.76291549852,79618.1466360115,79615.72761398173,79615.72761398173,0,1
1372164720000,1372164779999,79614.58412612637,79614.61201762983,79610.68552322745,79610.89827690352,0,1
1372164780000,1372164839999,79609.23798051587,79612.25142384409,79608.88216685197,79610.83898535039,0,1
1372164840000,1372164899999,79611.40049713558,79612.18516575734,79610.28441792069,79610.28441792069,0,1
1372164900000,1372164959999,79610.88781371381,79610.88781371381,79607.37853991607,79607.37853991607,0,1
1372164960000,1372165019999,79605.70021130412,79607.21804665748,79603.79823032413,79607.21804665748,0,1
1372165020000,1372165079999,79607.97862232292,79609.47169436676,79606.13290508818,79609.47169436676,0,1
1372165080000,1372165139999,79609.71586718253,79610.73086455435,79608.48098920364,79608.99728442276,0,1
1372165140000,1372165199999,79609.33565264032,79609.54494683752,79607.85302665932,79609.02519151308,0,1
1372165200000,1372165259999,79608.63099664297,79608.63099664297,79603.98669963225,79604.83825740765,0,1
1372165260000,1372165319999,79605.67229493319,79607.6855633207,79604.81033863034,79606.01077567463,0,1
1372165320000,1372165379999,79605.95843404077,79609.841439452,79605.95843404077,79607.37156200186,0,1
1372165380000,1372165439999,79607.65765249162,79612.188653036,79607.65765249162,79612.188653036,0,1
1372165440000,1372165499999,79611.64811032751,79612.62455329303,79605.47687815456,79606.54464469156,0,1
1372165500000,1372165559999,79605.97239183659,79612.77101151478,79605.97239183659,79612.77101151478,0,1
1372165560000,1372165619999,79613.00115581526,79613.00115581526,79607.42738517917,79608.92402794014,0,1
1372165620000,1372165679999,79610.5390344586,79614.47604581573,79610.3402248399,79614.47604581573,0,1
1372165680000,1372165739999,79615.98209196633,79617.6865789016,79614.20409664091,79616.75942981467,0,1
1372165740000,1372165799999,79616.37948298975,79625.5290511838,79615.56028246277,79624.26477694257,0,1
1372165800000,1372165859999,79625.13898912906,79626.00267751083,79621.55458178496,79623.5228556552,0,1
1372165860000,1372165919999,79623.42532200261,79626.54244487123,79623.35565452547,79625.48725954854,0,1
1372165920000,1372165979999,79626.54940942096,79628.45751333208,79625.92954549831,79627.12048599448,0,1
1372165980000,1372166039999,79627.72983051928,79629.67252115191,79626.10715088666,79626.31609436397,0,1
1372166040000,1372166099999,79626.84539830156,79632.24130666305,79626.57726757144,79631.1275511549,0,1
1372166100000,1372166159999,79631.70880778665,79635.2617440509,79631.3920793202,79635.1295320148,0,1
1372166160000,1372166219999,79634.45800705618,79635.39743353354,79633.51153262056,79633.51153262056,0,1
1372166220000,1372166279999,79631.28418051884,79633.11134185131,79630.32696275681,79631.67400295129,0,1
1372166280000,1372166339999,79632.23434607632,79633.06958189173,79631.32246732355,79632.26218839415,0,1
1372166340000,1372166399999,79632.5266865472,79634.23183564922,79631.87238889026,79633.24010062887,0,1
1372166400000,1372166459999,79633.05914187458,79637.52995199547,79633.05914187458,79637.3525493682,0,1
1372166460000,1372166519999,79639.25163753334,79639.99239282933,79636.87598162983,79639.0012289674,0,1
1372166520000,1372166579999,79638.22561820397,79643.76834865866,79638.22561820397,79643.76834865866,0,1
1372166580000,1372166639999,79644.06035214326,79645.49938761658,79642.4159832426,79643.85177909576,0,1
1372166640000,1372166699999,79643.71272798056,79646.99729393907,79643.71272798056,79646.66019769649,0,1
1372166700000,1372166759999,79644.82855868204,79649.2558931307,79644.58176573037,79644.81813093409,0,1
1372166760000,1372166819999,79644.36277533518,79644.36277533518,79642.21780636556,79643.94216128379,0,1
1372166820000,1372166879999,79643.62234371882,79643.92825638496,79638.74385807366,79640.08280990593,0,1
1372166880000,1372166939999,79639.75243585465,79644.01516168547,79639.75243585465,79643.89697029188,0,1
1372166940000,1372166999999,79642.39164594292,79642.39164594292,79636.18370044303,79636.74726965922,0,1
1372167000000,1372167059999,79635.3730791466,79636.78901426363,79626.69566384517,79633.12526179908,0,1
1372167060000,1372167119999,79631.38511814234,79643.89349405328,79631.38511814234,79642.72540946037,0,1
1372167120000,1372167179999,79640.97998120886,79642.23519045928,79635.11909414805,79638.53517410779,0,1
1372167180000,1372167239999,79638.88993425867,79643.92130392828,79638.8412424341,79639.0012289674,0,1
1372167240000,1372167299999,79638.44474303679,79641.90488751061,79631.5591461351,79637.32819974235,0,1
1372167300000,1372167359999,79636.71943982612,79637.16818644038,79630.29215311162,79631.40600166138,0,1
1372167360000,1372167419999,79630.44183372626,79630.44183372626,79616.47708538685,79619.18168712984,0,1
1372167420000,1372167479999,79620.28283601951,79621.99704170192,79616.5677153312,79618.63803727366,0,1
1372167480000,1372167539999,79619.43259247998,79622.81919869395,79611.16334072463,79622.81919869395,0,1
1372167540000,1372167599999,79621.5615498094,79635.13996987068,79619.65212949732,79633.74815962785,0,1
1372167600000,1372167659999,79633.80383575703,79645.96164250643,79632.19954307005,79644.10206623073,0,1
1372167660000,1372167719999,79642.61067950774,79648.11623299141,79642.61067950774,79643.71968058225,0,1
1372167720000,1372167779999,79643.8343978121,79651.52440307854,79642.50985512938,79649.30453427097,0,1
1372167780000,1372167839999,79650.81923994674,79652.40665539286,79643.59105666865,79645.8678030168,0,1
1372167840000,1372167899999,79645.52371735402,79646.98686845235,79640.64615942932,79644.42534450887,0,1
1372167900000,1372167959999,79645.34298074809,79647.72010118372,79640.94868589041,79644.08120920874,0,1
1372167960000,1372168019999,79643.52152954004,79646.25358195405,79628.73255668188,79628.73255668188,0,1
1372168020000,1372168079999,79627.12048599448,79628.1894258248,79620.875176087,79625.18078221982,0,1
1372168080000,1372168139999,79626.5807498348,79631.4129628247,79625.30616044413,79626.33350612335,0,1
1372168140000,1372168199999,79625.41412376656,79625.41412376656,79616.85005720016,79616.85005720016,0,1
1372168200000,1372168259999,79617.7981098415,79621.21662677162,79613.87635319289,79614.15528446772,0,1
1372168260000,1372168319999,79614.57366679252,79622.97595824415,79612.87213617795,79612.87213617795,0,1
1372168320000,1372168379999,79613.78569885335,79613.8937866255,79608.54378328928,79613.01510378446,0,1
1372168380000,1372168439999,79612.30024531131,79612.30024531131,79599.34722819044,79599.34722819044,0,1
1372168440000,1372168499999,79598.38345623769,79602.04948459096,79595.4461724636,79596.19367253032,0,1
1372168500000,1372168559999,79596.50453227584,79597.13320784523,79586.50677316343,79590.46374015095,0,1
1372168560000,1372168619999,79589.63891861426,79594.74053702113,79588.88044215892,79593.17538567165,0,1
1372168620000,1372168679999,79594.51346552208,79596.66170487355,79589.0622021267,79590.05483289265,0,1
1372168680000,1372168739999,79589.68435546952,79596.52548876494,79584.8808868114,79596.52548876494,0,1
1372168740000,1372168799999,79595.43569309356,79600.84508066035,79595.43569309356,79600.42961493107,0,1
1372168800000,1372168859999,79599.53927309683,79605.95494458878,79588.94685483786,79601.51188452827,0,1
1372168860000,1372168919999,79603.69701385927,79605.6583367185,79590.53014231568,79598.06567048497,0,1
1372168920000,1372168979999,79597.14019290732,79597.14019290732,79588.12889952993,79594.89773734623,0,1
1372168980000,1372169039999,79594.79643075318,79607.07499614722,79588.41204547718,79604.57651581045,0,1
1372169040000,1372169099999,79605.34427173703,79610.99942050634,79600.53086447262,79602.66035867341,0,1
1372169100000,1372169159999,79602.72667989958,79602.72667989958,79582.76509049558,79585.51728671833,0,1
1372169160000,1372169219999,79585.15363458791,79585.15363458791,79572.90062202263,79580.83775252987,0,1
1372169220000,1372169279999,79580.28501720703,79591.54009983367,79580.28501720703,79587.81078772969,0,1
1372169280000,1372169339999,79588.09044699285,79591.81266604456,79584.83542812539,79586.90883331971,0,1
1372169340000,1372169399999,79587.88419904331,79597.13320784523,79581.78572742357,79591.98738406714,0,1
1372169400000,1372169459999,79591.26403161125,79594.93965701557,79580.9426988236,79589.61095736995,0,1
1372169460000,1372169519999,79589.69484086835,79592.91683263227,79583.43310099444,79592.48356660652,0,1
1372169520000,1372169579999,79591.4352646974,79591.4352646974,79575.68353439863,79577.35990905165,0,1
1372169580000,1372169639999,79577.56987354666,79583.42260902788,79573.96487116437,79575.79553478504,0,1
1372169640000,1372169699999,79575.32652479503,79582.75110026986,79568.88065942278,79576.19452596738,0,1
1372169700000,1372169759999,79577.70634810439,79579.38938119292,79575.40702807353,79575.40702807353,0,1
1372169760000,1372169819999,79573.53778478607,79575.7850348021,79569.924324186,79571.29353121242,0,1
1372169820000,1372169879999,79571.98681774802,79571.98681774802,79563.09650221132,79563.77984465324,0,1
1372169880000,1372169939999,79564.2949488577,79566.61784429598,79554.98393837165,79557.92261061793,0,1
1372169940000,1372169999999,79556.58663876743,79558.93236066708,79554.6016370968,79557.00392998292,0,1
1372170000000,1372170059999,79557.91209185166,79561.64555881519,79555.35921072912,79558.8061474867,0,1
1372170060000,1372170119999,79559.710640081,79562.04511495744,79556.06061662738,79557.78586579341,0,1
1372170120000,1372170179999,79557.25640024668,79560.50288033353,79554.36663731688,79559.84034742793,0,1
1372170180000,1372170239999,79559.57742537885,79559.85436974304,79554.57357771193,79556.88119908008,0,1
1372170240000,1372170299999,79556.50598383535,79566.33758387798,79555.8011021789,79566.33758387798,0,1
1372170300000,1372170359999,79566.86306571867,79570.78929263183,79557.29847800428,79557.29847800428,0,1
1372170360000,1372170419999,79556.67079974212,79561.54040980853,79552.04089397621,79560.35915999228,0,1
1372170420000,1372170479999,79561.37216909813,79567.44456676922,79558.06987218393,79567.44456676922,0,1
1372170480000,1372170539999,79566.5022378253,79566.89109064123,79562.3009626993,79565.42668326992,0,1
1372170540000,1372170599999,79563.72027306755,79571.33554994647,79563.72027306755,79565.70346569181,0,1
1372170600000,1372170659999,79563.22967004274,79567.58818531556,79558.56423443831,79567.58818531556,0,1
1372170660000,1372170719999,79568.68452234258,79573.59729791616,79568.55843218812,79570.05389912243,0,1
1372170720000,1372170779999,79569.0102478831,79569.0102478831,79556.30259024841,79559.10064242965,0,1
1372170780000,1372170839999,79558.16453918835,79566.5022378253,79556.83561293251,79566.15190702541,0,1
1372170840000,1372170899999,79565.35661055546,79567.61620820606,79560.42926773387,79567.61620820606,0,1
1372170900000,1372170959999,79567.88592451181,79568.82812308209,79558.09792176016,79561.39670437803,0,1
1372170960000,1372171019999,79561.8838924704,79570.29203246521,79557.41068449225,79568.37629915815,0,1
1372171020000,1372171079999,79569.22038776272,79570.712253943,79565.7735359758,79568.96121460912,0,1
1372171080000,1372171139999,79568.11710412682,79579.90018343594,79564.93966775172,79579.2879173673,0,1
1372171140000,1372171199999,79579.52932960793,79583.43659831419,79576.05453087421,79579.45585693425,0,1
1372171200000,1372171259999,79579.72875271537,79581.70177755425,79571.7767359947,79581.70177755425,0,1
1372171260000,1372171319999,79582.63917775941,79584.71653520035,79577.7203453896,79583.31069403292,0,1
1372171320000,1372171379999,79582.48877991339,79582.74060758772,79576.73348877908,79582.37335677653,0,1
1372171380000,1372171439999,79581.72276508764,79583.90522809674,79573.89485825397,79579.70426237253,0,1
1372171440000,1372171499999,79578.56014665114,79580.75729295879,79570.3935876071,79571.85026511039,0,1
1372171500000,1372171559999,79572.52250624353,79581.41144548955,79572.52250624353,79581.41144548955,0,1
1372171560000,1372171619999,79583.29320720182,79588.21279546122,79581.42543758961,79582.80706105534,0,1
1372171620000,1372171679999,79582.28941184022,79584.39481784511,79577.05895225397,79583.80381008054,0,1
1372171680000,1372171739999,79583.33867289907,79588.69518340749,79582.73361246017,79587.81428351875,0,1
1372171740000,1372171799999,79588.14288223402,79595.36583034591,79588.14288223402,79595.36583034591,0,1
1372171800000,1372171859999,79595.90376091318,79595.90376091318,79590.14919759019,79590.5266474759,0,1
1372171860000,1372171919999,79591.55058328685,79595.29596711019,79590.19463212696,79593.16490392169,0,1
1372171920000,1372171979999,79594.01039645128,79596.5219960198,79590.44976069168,79591.36886854265,0,1
1372171980000,1372172039999,79591.23607491059,79593.92305549262,79587.77932557315,79590.53363715424,0,1
1372172040000,1372172099999,79590.95300891442,79595.15274595104,79590.00939772069,79593.16839783956,0,1
1372172100000,1372172159999,79593.79029577442,79598.48123443763,79593.79029577442,79598.48123443763,0,1
1372172160000,1372172219999,79597.20655075388,79599.28437632913,79593.51778346245,79593.51778346245,0,1
1372172220000,1372172279999,79592.96574858489,79595.06541496923,79590.0059026989,79591.67987830576,0,1
1372172280000,1372172339999,79590.29948027016,79590.29948027016,79584.83542812539,79586.09071128692,0,1
1372172340000,1372172399999,79585.08369996978,79590.57906994438,79585.08369996978,79587.80030035517,0,1
1372172400000,1372172459999,79588.21279546122,79588.6182825404,79585.9473582274,79587.60802987324,0,1
1372172460000,1372172519999,79588.7126607948,79591.67638386777,79585.77603114353,79585.77603114353,0,1
1372172520000,1372172579999,79585.0207583953,79585.0207583953,79577.5243816135,79578.30121544914,0,1
1372172580000,1372172639999,79579.42086975704,79582.49577521218,79579.42086975704,79582.37685446691,0,1
1372172640000,1372172699999,79584.21996711518,79587.99955859018,79582.50976579513,79587.1500616544,0,1
1372172700000,1372172759999,79585.85295387081,79589.97444744794,79583.891239466,79589.39425507556,0,1
1372172760000,1372172819999,79588.82451535034,79594.11869818061,79586.67459154199,79591.90002543744,0,1
1372172820000,1372172879999,79592.59537899093,79594.92219050803,79591.45623181258,79594.5553868023,0,1
1372172880000,1372172939999,79595.16322561761,79599.03994866871,79592.80152979723,79598.68027996196,0,1
1372172940000,1372172999999,79599.95128427006,79602.06693865404,79595.93869046899,79600.40517523297,0,1
1372173000000,1372173059999,79600.8590455951,79602.36714377096,79597.29037056226,79597.29037056226,0,1
1372173060000,1372173119999,79597.29386303903,79599.82907933694,79593.3500798869,79593.4653763972,0,1
1372173120000,1372173179999,79594.65320243938,79594.65320243938,79590.06881290404,79591.57155016024,0,1
1372173180000,1372173239999,79591.21860193298,79594.03485178301,79590.07580290239,79594.03485178301,0,1
1372173240000,1372173299999,79595.06541496923,79595.5090484533,79590.48470930324,79591.57853910826,0,1
1372173300000,1372173359999,79591.7288003094,79595.16671883735,79591.7288003094,79591.92798028197,0,1
1372173360000,1372173419999,79591.68686717807,79592.97273655859,79584.95431963689,79585.48931394702,0,1
1372173420000,1372173479999,79585.28650901494,79587.8037961479,79584.73052267668,79587.78981296966,0,1
1372173480000,1372173539999,79586.5487280221,79588.39806314943,79584.13953475276,79584.13953475276,0,1
1372173540000,1372173599999,79584.35635094684,79588.07296851804,79581.215554033,79581.41844154202,0,1
1372173600000,1372173659999,79581.59334126327,79584.53469622786,79579.73924855822,79582.59021126718,0,1
1372173660000,1372173719999,79581.55486358707,79582.64617295301,79576.59000151715,79576.98546142745,0,1
1372173720000,1372173779999,79575.98103266573,79580.0995991479,79575.98103266573,79579.45235822204,0,1
1372173780000,1372173839999,79578.91004302936,79581.56535751343,79578.86105827341,79579.88968776198,0,1
1372173840000,1372173899999,79579.32990252344,79580.91821145357,79575.8970340517,79575.8970340517,0,1
1372173900000,1372173959999,79573.7723344813,79574.29392527734,79569.09430436486,79572.44898207062,0,1
1372173960000,1372174019999,79572.44197974025,79574.9099974812,79569.34997182066,79571.04841841149,0,1
1372174020000,1372174079999,79572.08135309715,79574.83999118763,79569.14683930717,79572.7955912959,0,1
1372174080000,1372174139999,79573.03365935957,79573.67081364669,79568.44284814985,79572.55401643788,0,1
1372174140000,1372174199999,79572.67305405377,79578.39569112402,79572.67305405377,79576.46051124511,0,1
1372174200000,1372174259999,79576.17002696755,79579.35789252962,79574.01387990998,79579.35789252962,0,1
1372174260000,1372174319999,79580.05761722321,79584.34935694943,79578.90304522177,79582.90499167639,0,1
1372174320000,1372174379999,79583.31419139546,79591.08231165986,79583.31419139546,79586.36342606819,0,1
1372174380000,1372174439999,79587.25494172405,79593.07406162845,79587.25494172405,79589.98143751225,0,1
1372174440000,1372174499999,79589.9779424807,79593.70295289335,79587.96110555576,79587.96110555576,0,1
1372174500000,1372174559999,79588.48545237705,79596.50103952338,79586.9123294241,79596.41372031563,0,1
1372174560000,1372174619999,79597.60119621825,79598.64885198468,79593.84270113689,79596.04347840442,0,1
1372174620000,1372174679999,79595.39377550354,79596.57438706869,79591.80218286613,79593.35706759202,0,1
1372174680000,1372174739999,79593.36056144277,79596.87475711762,79592.16559330541,79592.16559330541,0,1
1372174740000,1372174799999,79592.98321850997,79594.11869818061,79591.22559112769,79592.17258183828,0,1
1372174800000,1372174859999,79591.77772207372,79598.13551437341,79591.77772207372,79597.51388661648,0,1
1372174860000,1372174919999,79597.75835158047,79598.4602820467,79595.43918621812,79598.33107466587,0,1
1372174920000,1372174979999,79597.71644372537,79598.34504311185,79587.89468632983,79588.33514243268,0,1
1372174980000,1372175039999,79589.53755873164,79589.71930675617,79582.42232433063,79582.42232433063,0,1
1372175040000,1372175099999,79581.81021266938,79587.98907141364,79581.81021266938,79587.52412886804,0,1
1372175100000,1372175159999,79587.62201330568,79587.62201330568,79574.24491790417,79577.47539006945,0,1
1372175160000,1372175219999,79576.19102611394,79580.11359308363,79576.19102611394,79577.77283503472,0,1
1372175220000,1372175279999,79579.10248081904,79582.70213432568,79578.17174733391,79582.58671365141,0,1
1372175280000,1372175339999,79582.478286956,79583.63944076646,79580.64884642564,79582.28241639705,0,1
1372175340000,1372175399999,79581.77523372846,79588.20929981147,79581.77523372846,79588.20929981147,0,1
1372175400000,1372175459999,79586.7445150352,79593.74837128671,79586.7445150352,79593.74837128671,0,1
1372175460000,1372175519999,79595.14575950056,79595.14575950056,79591.16268819949,79594.81040413737,0,1
1372175520000,1372175579999,79595.57541712462,79596.45563363051,79593.18936132117,79593.62259676898,0,1
1372175580000,1372175639999,79594.69162974932,79595.30993979637,79591.08930094982,79593.08803741958,0,1
1372175640000,1372175699999,79592.032810253,79596.61280699675,79591.78471087766,79594.08026866897,0,1
1372175700000,1372175759999,79593.91956183841,79594.98506979238,79591.28150450948,79594.61477498178,0,1
1372175760000,1372175819999,79593.52477105039,79599.38214572046,79593.52477105039,79598.97709487606,0,1
1372175820000,1372175879999,79598.05519385963,79600.02111498994,79594.67066941675,79598.65583598816,0,1
1372175880000,1372175939999,79598.72567575477,79600.94632599544,79597.77232082648,79598.18789696961,0,1
1372175940000,1372175999999,79598.76408741852,79599.96874199575,79598.16694396405,79599.01899744838,0,1
1372176000000,1372176059999,79599.13073678287,79599.84304569059,79591.3059665157,79593.61560924939,0,1
1372176060000,1372176119999,79593.70644662324,79596.33687878208,79592.89237456623,79595.03048236297,0,1
1372176120000,1372176179999,79595.67671582638,79596.90968328196,79593.59464666132,79596.67916834302,0,1
1372176180000,1372176239999,79595.66274365266,79600.7647819071,79595.66274365266,79600.59719982329,0,1
1372176240000,1372176299999,79600.04904714134,79600.37026127493,79597.33926512602,79597.73041302992,0,1
1372176300000,1372176359999,79598.06916269098,79603.80870093443,79598.06916269098,79603.80870093443,0,1
1372176360000,1372176419999,79605.23958121792,79607.41691835715,79602.30431088759,79603.91340643451,0,1
1372176420000,1372176479999,79604.03905158746,79607.37853991607,79604.00066018045,79606.24805431199,0,1
1372176480000,1372176539999,79607.13082098006,79607.13082098006,79600.59719982329,79605.28145755708,0,1
1372176540000,1372176599999,79606.23758625552,79607.09941954992,79605.68276358143,79606.34226632705,0,1
1372176600000,1372176659999,79606.43647745454,79607.0680180212,79604.39154761712,79604.39154761712,0,1
1372176660000,1372176719999,79605.3093750191,79605.53620150889,79603.30609927267,79604.3252374317,0,1
1372176720000,1372176779999,79603.4736359667,79607.85651544905,79603.4736359667,79607.85651544905,0,1
1372176780000,1372176839999,79608.6763472863,79609.79958220404,79607.50065262645,79608.4635463321,0,1
1372176840000,1372176899999,79607.77627297724,79609.82051084992,79607.20060158287,79607.20060158287,0,1
1372176900000,1372176959999,79606.89705241268,79607.28433766348,79602.68828345384,79606.05264878445,0,1
1372176960000,1372177019999,79605.67927403322,79605.67927403322,79602.05646621984,79602.55214941276,0,1
1372177020000,1372177079999,79603.69352361807,79603.81568133521,79600.53086447262,79600.53086447262,0,1
1372177080000,1372177139999,79600.38422687277,79602.95356497864,79599.72083943471,79602.7022458148,0,1
1372177140000,1372177199999,79602.0320304974,79606.85867197637,79602.0320304974,79605.00227865015,0,1
1372177200000,1372177259999,79605.43151299909,79606.19571392008,79596.95857970712,79598.89678112164,0,1
1372177260000,1372177319999,79598.59647180302,79599.31580230915,79596.86078661773,79596.86078661773,0,1
1372177320000,1372177379999,79596.62328513333,79600.77176443297,79596.62328513333,79598.85138610557,0,1
1372177380000,1372177439999,79599.14121228147,79599.14121228147,79596.46611193178,79597.91201221329,0,1
1372177440000,1372177499999,79598.51615499161,79599.61609002673,79596.71758786852,79598.9596354191,0,1
1372177500000,1372177559999,79599.03296493347,79601.04058797217,79598.22281854796,79598.79900698479,0,1
1372177560000,1372177619999,79598.8618618968,79600.23060422376,79598.037732793,79600.07348770981,0,1
1372177620000,1372177679999,79599.235491275,79600.05603016699,79596.696631782,79596.696631782,0,1
1372177680000,1372177739999,79596.9795352447,79598.00630279626,79594.53791962356,79598.00630279626,0,1
1372177740000,1372177799999,79598.64535998109,79600.42961493107,79598.14948309255,79600.1712493864,0,1
1372177800000,1372177859999,79600.24107857025,79601.12437565,79598.83043449017,79600.95330839456,0,1
1372177860000,1372177919999,79601.76323360957,79605.57109743528,79601.76323360957,79604.1542249242,0,1
1372177920000,1372177979999,79605.25354001712,79607.63323045225,79603.56787412362,79607.63323045225,0,1
1372177980000,1372178039999,79608.01699846105,79614.2947471876,79607.79371704762,79612.92095461486,0,1
1372178040000,1372178099999,79613.70550394485,79614.83166050097,79610.62971823521,79612.5896819717,0,1
1372178100000,1372178159999,79612.24793658732,79613.977466679,79611.5469732856,79613.977466679,0,1
1372178160000,1372178219999,79613.77523868436,79614.31217989083,79610.528570893,79611.2086798851,0,1
1372178220000,1372178279999,79609.99840257141,79609.99840257141,79604.88711508036,79605.55713907933,0,1
1372178280000,1372178339999,79605.50130546073,79608.54727183803,79605.50130546073,79606.84471541755,0,1
1372178340000,1372178399999,79606.4957951165,79609.78562974912,79606.4957951165,79609.78562974912,0,1
1372178400000,1372178459999,79608.97286565485,79611.32377067691,79608.48098920364,79608.77053642682,0,1
1372178460000,1372178519999,79608.59262286106,79608.59262286106,79605.33729240319,79605.85026046267,0,1
1372178520000,1372178579999,79605.61646195753,79606.12941569707,79598.76059545518,79603.56438383735,0,1
1372178580000,1372178639999,79603.33402224992,79604.08791316506,79601.85050611851,79603.32355114259,0,1
1372178640000,1372178699999,79602.7336610557,79603.86803418574,79602.22402385095,79603.81568133521,0,1
1372178700000,1372178759999,79603.53297120609,79605.63042023068,79601.83305167765,79601.83305167765,0,1
1372178760000,1372178819999,79600.4994423108,79601.127866788,79597.85264361232,79599.45896385737,0,1
1372178820000,1372178879999,79600.30043299314,79601.05455263388,79599.8046381711,79600.73685175482,0,1
1372178880000,1372178939999,79601.56774042564,79602.12628224067,79599.82558774546,79601.05106147028,0,1
1372178940000,1372178999999,79601.24307365852,79601.58170435124,79599.13772044981,79600.34582143177,0,1
1372179000000,1372179059999,79599.95477581765,79602.52073360165,79599.95128427006,79602.16468084436,0,1
1372179060000,1372179119999,79601.5223575328,79601.82257899852,79599.75226404314,79599.8500288601,0,1
1372179120000,1372179179999,79598.82694255002,79602.10184668883,79598.71869180007,79601.90636012451,0,1
1372179180000,1372179239999,79602.62894320225,79603.56089354986,79600.76129064233,79601.85748788631,0,1
1372179240000,1372179299999,79602.290347971,79602.87677368202,79600.96727317816,79601.84701523276,0,1
1372179300000,1372179359999,79601.08946420287,79601.08946420287,79595.41473432051,79596.75251458179,0,1
1372179360000,1372179419999,79596.60582156626,79597.49642460464,79595.26802167922,79597.19956573815,0,1
1372179420000,1372179479999,79597.14019290732,79598.31012196033,79595.40425491752,79595.97711283948,0,1
1372179480000,1372179539999,79597.14019290732,79598.37297994528,79595.26103530928,79596.02950674314,0,1
1372179540000,1372179599999,79596.31592189772,79596.41372031563,79594.89773734623,79595.21911698714,0,1
1372179600000,1372179659999,79595.21911698714,79596.50453227584,79594.55189336899,79595.24007617017,0,1
1372179660000,1372179719999,79596.29147214381,79596.57787979551,79594.88376408406,79595.9317045676,0,1
1372179720000,1372179779999,79595.27151486237,79600.39470105835,79595.27151486237,79600.39470105835,0,1
1372179780000,1372179839999,79599.12724494757,79600.06999620369,79598.35202732752,79598.99804618416,0,1
1372179840000,1372179899999,79598.11805344703,79600.03508107539,79597.3078329339,79599.05391612454,0,1
1372179900000,1372179959999,79598.06217827775,79600.33185578028,79597.19956573815,79597.19956573815,0,1
1372179960000,1372180019999,79596.68964641007,79598.61043987829,79595.21911698714,79596.44166254507,0,1
1372180020000,1372180079999,79596.22860107351,79596.78744117309,79593.39200604445,79595.50206225173,0,1
1372180080000,1372180139999,79596.42419866082,79596.42419866082,79589.33134062661,79592.96574858489,0,1
1372180140000,1372180199999,79591.7812164763,79591.94545202013,79584.73751640749,79588.25823879679,0,1
1372180200000,1372180259999,79588.19531720024,79592.20403017574,79584.32138091091,79589.96396234228,0,1
1372180260000,1372180319999,79589.70882138301,79590.23307657379,79587.17453376905,79587.73038424402,0,1
1372180320000,1372180379999,79588.21279546122,79591.91050851329,79587.8212750932,79591.73578914753,0,1
1372180380000,1372180439999,79592.94478463448,79593.69596542991,79590.4777195907,79591.23956950245,0,1
1372180440000,1372180499999,79591.56106672903,79595.5579517275,79590.08628789076,79595.10034745348,0,1
1372180500000,1372180559999,79595.3902823631,79595.63130619042,79590.05832789732,79591.6449338709,0,1
1372180560000,1372180619999,79590.95300891442,79591.38634125769,79586.30398886508,79586.53823932393,0,1
1372180620000,1372180679999,79586.4403442772,79586.4403442772,79581.78222952643,79581.78222952643,0,1
1372180680000,1372180739999,79582.49927285976,79583.44359295,79578.26972335918,79579.16196084119,0,1
1372180740000,1372180799999,79580.84474898371,79581.12110499534,79578.96952419615,79579.69376649294,0,1
1372180800000,1372180859999,79579.75674160518,79579.94216602154,79577.09394769582,79577.82182512157,0,1
1372180860000,1372180919999,79578.79457857797,79581.22255022252,79575.41402832798,79575.41402832798,0,1
1372180920000,1372180979999,79575.4315289427,79575.81653471783,79572.22140382353,79573.97187242843,0,1
1372180980000,1372181039999,79573.54128556824,79576.28202190538,79571.77323459474,79573.6848165817,0,1
1372181040000,1372181099999,79574.97650300614,79575.87953425164,79572.88311697812,79574.69997713022,0,1
1372181100000,1372181159999,79575.52253164547,79579.03250386944,79574.64747135327,79577.78333293067,0,1
1372181160000,1372181219999,79578.4201846718,79578.60213486294,79575.64503397609,79575.72203467294,0,1
1372181220000,1372181279999,79576.20152567059,79576.90147125011,79575.28452282723,79575.80953474513,0,1
1372181280000,1372181339999,79576.4115144887,79579.35089503542,79576.4115144887,79578.4096874444,0,1
1372181340000,1372181399999,79579.41037358002,79579.46985177086,79576.36951707784,79577.57337291756,0,1
1372181400000,1372181459999,79576.63199800205,79577.4159000147,79571.77323459474,79572.27742356488,0,1
1372181460000,1372181519999,79570.77878739101,79574.55296026003,79570.77878739101,79572.95663795917,0,1
1372181520000,1372181579999,79572.51550396465,79578.38869295649,79571.79074158223,79577.86381643357,0,1
1372181580000,1372181639999,79577.08344907612,79577.95479700468,79574.51795592475,79577.16393821209,0,1
1372181640000,1372181699999,79578.33970564666,79583.83528474736,79577.40190230333,79580.65584301166,0,1
1372181700000,1372181759999,79582.73711002457,79584.33886594416,79579.85120352994,79579.90368199146,0,1
1372181760000,1372181819999,79580.35848378892,79583.21976217724,79579.62379368088,79583.10434747736,0,1
1372181820000,1372181879999,79584.36684193378,79584.37733290969,79581.66679823402,79581.66679823402,0,1
1372181880000,1372181939999,79581.44292768715,79585.34944891676,79581.17357679305,79584.75500071314,0,1
1372181940000,1372181999999,79584.84591860973,79586.43684800781,79583.04139344326,79584.84591860973,0,1
1372182000000,1372182059999,79584.47524815427,79584.78996923273,79583.00991627757,79583.94719387156,0,1
1372182060000,1372182119999,79584.11155812723,79584.63610683187,79579.24243324921,79584.63610683187,0,1
1372182120000,1372182179999,79585.27252231629,79586.7200418682,79582.20196844888,79586.50327691725,0,1
1372182180000,1372182239999,79587.50664940335,79594.46106367467,79587.13258153586,79591.29548280608,0,1
1372182240000,1372182299999,79592.05377611534,79593.6575342937,79589.3593026528,79590.04434787128,0,1
1372182300000,1372182359999,79591.03338649335,79593.6854842256,79590.10376284696,79590.10376284696,0,1
1372182360000,1372182419999,79591.37935217534,79591.77422766993,79589.98842757169,79589.98842757169,0,1
1372182420000,1372182479999,79591.58203358045,79595.54397938785,79590.87612540832,79595.54397938785,0,1
1372182480000,1372182539999,79593.7937894738,79596.9795352447,79593.32562288048,79595.7186322304,0,1
1372182540000,1372182599999,79596.56390888087,79596.56390888087,79593.58416535081,79594.64621563989,0,1
1372182600000,1372182659999,79594.13965967015,79594.74752375472,79591.8441155139,79591.8441155139,0,1
1372182660000,1372182719999,79593.31164742139,79593.31164742139,79587.72688842563,79589.5899863854,0,1
1372182720000,1372182779999,79589.60047188317,79590.04784287963,79588.31067315814,79589.42920737615,0,1
1372182780000,1372182839999,79589.41872169879,79590.63498694118,79588.37359402886,79590.01638776058,0,1
1372182840000,1372182899999,79589.67736519755,79590.15269256188,79587.83875400794,79590.15269256188,0,1
1372182900000,1372182959999,79589.48163559799,79590.29249042815,79584.93333888463,79585.67463209896,0,1
1372182960000,1372183019999,79584.7340195427,79584.7340195427,79579.86869638105,79581.24353876173,0,1
1372183020000,1372183079999,79581.53387570127,79583.48556066214,79581.33448858926,79582.93297167768,0,1
1372183080000,1372183139999,79582.96444908556,79582.96444908556,79579.10597965367,79579.10597965367,0,1
1372183140000,1372183199999,79579.5328282932,79581.8172084429,79579.18295370572,79581.28551570799,0,1
1372183200000,1372183259999,79580.85174543266,79581.12110499534,79574.75948334415,79578.79807752033,0,1
1372183260000,1372183319999,79579.74624578067,79588.31416877247,79579.45235822204,79585.35294556637,0,1
1372183320000,1372183379999,79584.09756978511,79587.1290855085,79584.09756978511,79586.09071128692,0,1
1372183380000,1372183439999,79586.41237408784,79587.90167784807,79584.46475728105,79584.98579068274,0,1
1372183440000,1372183499999,79584.450769433,79585.30748902624,79583.33867289907,79584.69905082745,0,1
1372183500000,1372183559999,79584.7340195427,79587.95760981803,79584.5556778165,79586.62914100921,0,1
1372183560000,1372183619999,79584.91235808835,79584.919351692,79581.24004067492,79583.09385516586,0,1
1372183620000,1372183679999,79583.55900373458,79585.94386178564,79583.18478816643,79584.57665936115,0,1
1372183680000,1372183739999,79585.38441535774,79585.38441535774,79580.06111572367,79581.10011619916,0,1
1372183740000,1372183799999,79579.53632697726,79581.37296711344,79577.16393821209,79581.37296711344,0,1
1372183800000,1372183859999,79581.27502148795,79586.04176169277,79581.27502148795,79584.06259884422,0,1
1372183860000,1372183919999,79583.0518858098,79589.60396704666,79583.0518858098,79589.27541633972,0,1
1372183920000,1372183979999,79588.47147015194,79589.81017952974,79584.76199442684,79586.10819322677,0,1
1372183980000,1372184039999,79587.75485493852,79589.60047188317,79584.88788043706,79589.60047188317,0,1
1372184040000,1372184099999,79589.31735958421,79595.05493520017,79588.38408080215,79593.52826484253,0,1
1372184100000,1372184159999,79594.16760825453,79595.54048629988,79593.47935164145,79594.57634737651,0,1
1372184160000,1372184219999,79594.38420713508,79600.13982609459,79593.8077642591,79595.29596711019,0,1
1372184220000,1372184279999,79594.69861651708,79597.61516568379,79594.62525521213,79597.61516568379,0,1
1372184280000,1372184339999,79596.94111672557,79598.37996414144,79595.26103530928,79598.21234208727,0,1
1372184340000,1372184399999,79597.10177500543,79598.29615346556,79595.26103530928,79596.49405401482,0,1
1372184400000,1372184459999,79596.41022753147,79596.90968328196,79591.83013798419,79593.17887958586,0,1
1372184460000,1372184519999,79594.12917893086,79594.12917893086,79589.75076280971,79589.75076280971,0,1
1372184520000,1372184579999,79590.02337779559,79591.4806933914,79584.61862231835,79584.61862231835,0,1
1372184580000,1372184639999,79584.96480999651,79585.04173896415,79582.39784058355,79583.88774230526,0,1
1372184640000,1372184699999,79584.09407269653,79588.10792543713,79583.39463039656,79586.31098149555,0,1
1372184700000,1372184759999,79586.77248429558,79590.24356139726,79586.77248429558,79588.11841248903,0,1
1372184760000,1372184819999,79588.58682292432,79589.60047188317,79585.12566079934,79586.01379038853,0,1
1372184820000,1372184879999,79587.02420411885,79591.50864940819,79586.12567513605,79591.17317204834,0,1
1372184880000,1372184939999,79589.28240689269,79592.30536303479,79587.56258358281,79588.89442381219,0,1
1372184940000,1372184999999,79589.0936602473,79591.46671535369,79588.28620382372,79589.6668797804,0,1
1372185000000,1372185059999,79590.13521769119,79593.0915313643,79588.53089447359,79592.21800718286,0,1
1372185060000,1372185119999,79591.47370437498,79592.16209903714,79582.30340271187,79586.01029397,0,1
1372185120000,1372185179999,79586.58718648792,79594.04882623143,79586.58718648792,79593.61560924939,0,1
1372185180000,1372185239999,79593.26972092691,79595.17719848927,79591.47020986494,79594.60080132421,0,1
1372185240000,1372185299999,79594.15014039844,79599.03994866871,79594.15014039844,79596.79093382551,0,1
1372185300000,1372185359999,79596.68964641007,79600.01762346551,79595.2156237857,79597.45800807129,0,1
1372185360000,1372185419999,79598.70123189194,79602.01806720062,79598.14249873543,79600.57625186535,0,1
1372185420000,1372185479999,79599.99667429345,79603.92387692422,79599.99667429345,79603.92387692422,0,1
1372185480000,1372185539999,79604.0844230603,79604.10885376809,79596.38927080082,79597.09828246158,0,1
1372185540000,1372185599999,79596.34386440043,79599.74528080536,79596.34386440043,79597.39165189333,0,1
1372185600000,1372185659999,79597.55579532047,79598.21234208727,79594.97458993911,79596.8328455594,0,1
1372185660000,1372185719999,79595.31343296487,79598.11805344703,79595.31343296487,79597.11225262967,0,1
1372185720000,1372185779999,79597.48245497323,79598.62091592193,79596.61629971018,79597.80724385612,0,1
1372185780000,1372185839999,79598.23678714516,79599.06439170359,79597.03541646358,79598.00630279626,0,1
1372185840000,1372185899999,79597.35323495747,79597.35323495747,79593.4618825831,79593.8007768689,0,1
1372185900000,1372185959999,79594.74053702113,79596.80490442298,79593.86016953002,79594.04533262116,0,1
1372185960000,1372186019999,79594.71608341513,79595.21911698714,79593.45838876774,79593.45838876774,0,1
1372186020000,1372186079999,79594.26193415016,79594.84184418042,79588.26523006086,79591.32693390198,0,1
1372186080000,1372186139999,79590.93204074411,79595.81992948143,79590.40782219659,79592.29138614977,0,1
1372186140000,1372186199999,79592.90635061129,79592.96574858489,79590.63498694118,79592.27042078559,0,1
1372186200000,1372186259999,79591.74976680912,79593.04261602699,79589.51658759316,79589.75076280971,0,1
1372186260000,1372186319999,79589.83115005253,79594.59730790678,79589.66338463892,79593.54573378494,0,1
1372186320000,1372186379999,79594.84533751244,79595.72911130395,79593.6191030098,79594.96061678433,0,1
1372186380000,1372186439999,79595.88280312112,79597.41260652342,79594.89773734623,79595.4112411874,0,1
1372186440000,1372186499999,79595.23308978071,79595.57192404765,79592.85743436812,79594.12219176524,0,1
1372186500000,1372186559999,79593.77981466897,79599.19009779647,79593.77981466897,79598.33107466587,0,1
1372186560000,1372186619999,79598.31710620038,79598.31710620038,79594.64272223832,79595.67322278478,0,1
1372186620000,1372186679999,79595.10034745348,79595.45315870421,79587.81078772969,79587.81078772969,0,1
1372186680000,1372186739999,79587.01021985045,79591.64842831988,79587.01021985045,79589.44318826217,0,1
1372186740000,1372186799999,79588.49593903303,79592.34729357266,79588.42952335936,79590.26802594263,0,1
1372186800000,1372186859999,79591.67638386777,79594.84533751244,79590.16667243645,79594.41564851813,0,1
1372186860000,1372186919999,79594.15712754455,79594.15712754455,79591.48418789776,79591.53660534683,0,1
1372186920000,1372186979999,79591.31994477811,79595.70466011525,79591.31994477811,79595.70466011525,0,1
1372186980000,1372187039999,79596.59185069065,79600.06999620369,79592.76658928172,79595.79897151366,0,1
1372187040000,1372187099999,79593.74138385501,79595.44966558451,79592.05727042146,79595.21213058304,0,1
1372187100000,1372187159999,79595.32391246303,79598.78154721689,79593.36405529227,79598.78154721689,0,1
1372187160000,1372187219999,79599.90938560409,79600.33185578028,79593.57717780437,79597.35672741228,0,1
1372187220000,1372187279999,79597.05637184015,79598.08662370272,79591.3059665157,79592.09570770813,0,1
1372187280000,1372187339999,79593.36754914057,79594.80691079315,79592.99020647146,79593.40248755638,0,1
1372187340000,1372187399999,79593.64355929846,79598.58948775807,79591.8266435987,79597.05287928044,0,1
1372187400000,1372187459999,79598.05519385963,79600.79271198137,79597.38117456183,79600.79271198137,0,1
1372187460000,1372187519999,79599.82209615278,79602.08788348954,79599.82209615278,79600.8590455951,0,1
1372187520000,1372187579999,79601.80163360733,79602.06693865404,79600.11887717852,79600.86253682573,0,1
1372187580000,1372187639999,79600.18870672808,79600.96029078879,79596.28099365954,79597.05637184015,0,1
1372187640000,1372187699999,79597.81422844742,79599.03645680171,79597.04240159398,79598.47075824764,0,1
1372187700000,1372187759999,79598.17742047232,79600.74034302811,79597.8316899043,79599.74877242486,0,1
1372187760000,1372187819999,79599.37865397295,79603.26770505162,79599.19358960983,79602.7546044948,0,1
1372187820000,1372187879999,79603.84011269957,79604.14724475975,79600.46452868188,79601.94825042429,0,1
1372187880000,1372187939999,79600.13633461163,79600.41215800995,79597.32180280927,79599.25644204175,0,1
1372187940000,1372187999999,79598.3485352203,79601.5223575328,79597.28338560506,79597.58722673319,0,1
1372188000000,1372188059999,79597.53833338182,79602.02155802665,79596.9795352447,79601.03709680367,0,1
1372188060000,1372188119999,79600.37375267621,79604.2728869747,79600.32487294724,79604.2728869747,0,1
1372188120000,1372188179999,79605.1802561039,79612.71173106438,79605.1802561039,79610.95059268788,0,1
1372188180000,1372188239999,79612.00382559073,79614.14831128067,79611.5888232201,79612.5931691093,0,1
1372188240000,1372188299999,79612.47460574852,79612.5896819717,79610.97500662692,79612.40137473519,0,1
1372188300000,1372188359999,79612.36301541893,79613.27662460475,79610.50066799787,79610.68552322745,0,1
1372188360000,1372188419999,79610.59483995692,79612.56527197441,79610.2181467996,79612.34906654018,0,1
1372188420000,1372188479999,79613.30451975526,79615.05827110536,79613.30451975526,79613.76477850444,0,1
1372188480000,1372188539999,79614.80376961014,79617.89569839353,79614.05417277956,79617.89569839353,0,1
1372188540000,1372188599999,79617.82947769423,79621.31069787091,79617.82947769423,79620.90305004931,0,1
1372188600000,1372188659999,79621.16088051743,79624.78722369319,79618.03162371826,79619.889084679,0,1
1372188660000,1372188719999,79621.0424186954,79621.0737763731,79618.9586548668,79620.02498291145,0,1
1372188720000,1372188779999,79620.24102245366,79625.480294259,79620.24102245366,79625.480294259,0,1
1372188780000,1372188839999,79625.13550636361,79628.83003858506,79625.13550636361,79627.75768538153,0,1
1372188840000,1372188899999,79626.7827190345,79631.79233889728,79626.7827190345,79631.79233889728,0,1
1372188900000,1372188959999,79631.59743188707,79637.70039469255,79630.74118823442,79633.89082908828,0,1
1372188960000,1372189019999,79635.7209933315,79639.25859323733,79632.91994060451,79638.56995507119,0,1
1372189020000,1372189079999,79637.19601502465,79639.18208022733,79631.2632967454,79631.2632967454,0,1
1372189080000,1372189139999,79631.8271433208,79633.90474795106,79629.5820098991,79633.51153262056,0,1
1372189140000,1372189199999,79632.62413147168,79635.2095552981,79631.93851666199,79634.8546645557,0,1
1372189200000,1372189259999,79633.45585486392,79637.27254323207,79632.91994060451,79635.63749503104,0,1
1372189260000,1372189319999,79636.48288311773,79639.02905245105,79633.79339650641,79633.79339650641,0,1
1372189320000,1372189379999,79634.3849368533,79637.02208510239,79631.87934972893,79631.88283014644,0,1
1372189380000,1372189439999,79633.3862572322,79633.55329073459,79627.98748503454,79628.48188456726,0,1
1372189440000,1372189499999,79628.58285048029,79632.87469977452,79626.00267751083,79629.56112257057,0,1
1372189500000,1372189559999,79628.14416358847,79631.38163755159,79625.34098744969,79631.21108712096,0,1
1372189560000,1372189619999,79629.89879569988,79634.96252483907,79627.89347672385,79630.24341940477,0,1
1372189620000,1372189679999,79631.47909363458,79633.33753860177,79630.27474824358,79632.10557434805,0,1
1372189680000,1372189739999,79631.32942854502,79631.85498677238,79622.87493570444,79622.87493570444,0,1
1372189740000,1372189799999,79623.71443684619,79628.38788090425,79623.71443684619,79624.91957253686,0,1
1372189800000,1372189859999,79622.04929945458,79622.04929945458,79612.49552879667,79620.69050912428,0,1
1372189860000,1372189919999,79619.34895806275,79623.25811924209,79619.34895806275,79621.07029219154,0,1
1372189920000,1372189979999,79619.81242332289,79621.38037959614,79618.43241840704,79621.38037959614,0,1
1372189980000,1372190039999,79621.38037959614,79626.60512564432,79617.45305696734,79626.60512564432,0,1
1372190040000,1372190099999,79625.96088785488,79625.96088785488,79620.50932312953,79621.7601364647,0,1
1372190100000,1372190159999,79620.88562883197,79622.39071005171,79617.22650062547,79618.96910961527,0,1
1372190160000,1372190219999,79619.20956581295,79623.42183864028,79618.32089454145,79622.21652242795,0,1
1372190220000,1372190279999,79621.82633114011,79621.82633114011,79618.01419749782,79619.49531783389,0,1
1372190280000,1372190339999,79620.25844479402,79623.62038835653,79613.20688638808,79614.04719952201,0,1
1372190340000,1372190399999,79612.92792865782,79616.33416726725,79604.98482970966,79607.76231769902,0,1
1372190400000,1372190459999,79606.95985644526,79612.60014338087,79606.74701896045,79608.48796634375,0,1
1372190460000,1372190519999,79608.0239759249,79608.0239759249,79605.42802336322,79607.31573851295,0,1
1372190520000,1372190579999,79607.69951870602,79609.04961015323,79607.01219283776,79607.01219283776,0,1
1372190580000,1372190639999,79607.86000423756,79608.76355948386,79606.23409690094,79607.908847149,0,1
1372190640000,1372190699999,79606.813313089,79609.42285908815,79606.813313089,79609.42285908815,0,1
1372190700000,1372190759999,79609.83795135468,79609.83795135468,79606.94590002765,79606.94590002765,0,1
1372190760000,1372190819999,79607.58787507807,79609.60424606367,79607.58787507807,79609.60424606367,0,1
1372190820000,1372190879999,79610.59483995692,79610.59483995692,79608.54727183803,79609.0635636351,0,1
1372190880000,1372190939999,79609.44030028647,79609.77167727474,79608.67285878258,79609.77167727474,0,1
1372190940000,1372190999999,79608.79495568879,79611.00639588952,79608.79495568879,79610.97151892498,0,1
1372191000000,1372191059999,79611.15636545092,79611.68647238618,79607.89489205579,79607.89489205579,0,1
1372191060000,1372191119999,79607.23200269527,79608.06235188898,79606.7888889875,79606.7888889875,0,1
1372191120000,1372191179999,79607.28782665162,79607.28782665162,79604.99180928951,79604.99180928951,0,1
1372191180000,1372191239999,79606.5516231828,79607.94024603751,79605.68276358143,79606.86565024847,0,1
1372191240000,1372191299999,79607.15524424643,79609.48564725972,79603.42826172255,79603.42826172255,0,1
1372191300000,1372191359999,79603.42826172255,79603.42826172255,79603.42826172255,79603.42826172255,0,1
1372191360000,1372191419999,79603.42826172255,79603.42826172255,79603.42826172255,79603.42826172255,0,1
1372191420000,1372191479999,79603.42826172255,79603.42826172255,79603.42826172255,79603.42826172255,0,1
1372191480000,1372191539999,79603.42826172255,79603.42826172255,79603.42826172255,79603.42826172255,0,1
1372191540000,1372191599999,79603.42826172255,79603.42826172255,79603.42826172255,79603.42826172255,0,1
1372191600000,1372191659999,79603.42826172255,79603.42826172255,79603.42826172255,79603.42826172255,0,1
1372191660000,1372191719999,79603.42826172255,79603.42826172255,79603.42826172255,79603.42826172255,0,1
1372191720000,1372191779999,79603.42826172255,79603.42826172255,79603.42826172255,79603.42826172255,0,1
1372191780000,1372191839999,79603.42826172255,79603.42826172255,79603.42826172255,79603.42826172255,0,1
1372191840000,1372191899999,79603.42826172255,79603.42826172255,79603.42826172255,79603.42826172255,0,1
1372191900000,1372191959999,79603.42826172255,79603.42826172255,79603.42826172255,79603.42826172255,0,1
1372191960000,1372192019999,79603.42826172255,79603.42826172255,79603.42826172255,79603.42826172255,0,1
1372192020000,1372192079999,79603.42826172255,79603.42826172255,79603.42826172255,79603.42826172255,0,1
1372192080000,1372192139999,79603.42826172255,79603.42826172255,79603.42826172255,79603.42826172255,0,1
1372192140000,1372192199999,79603.42826172255,79603.42826172255,79603.42826172255,79603.42826172255,0,1
1372192200000,1372192259999,79603.42826172255,79603.42826172255,79603.42826172255,79603.42826172255,0,1
1372192260000,1372192319999,79603.42826172255,79603.42826172255,79603.42826172255,79603.42826172255,0,1
1372192320000,1372192379999,79603.42826172255,79603.42826172255,79603.42826172255,79603.42826172255,0,1
1372192380000,1372192439999,79603.42826172255,79603.42826172255,79603.42826172255,79603.42826172255,0,1
1372192440000,1372192499999,79603.42826172255,79603.42826172255,79603.42826172255,79603.42826172255,0,1
1372192500000,1372192559999,79603.42826172255,79603.42826172255,79603.42826172255,79603.42826172255,0,1
1372192560000,1372192619999,79603.42826172255,79603.42826172255,79603.42826172255,79603.42826172255,0,1
1372192620000,1372192679999,79603.42826172255,79603.42826172255,79603.42826172255,79603.42826172255,0,1
1372192680000,1372192739999,79603.42826172255,79603.42826172255,79603.42826172255,79603.42826172255,0,1
1372192740000,1372192799999,79603.42826172255,79603.42826172255,79603.42826172255,79603.42826172255,0,1
1372192800000,1372192859999,79603.42826172255,79603.42826172255,79603.42826172255,79603.42826172255,0,1
1372192860000,1372192919999,79603.42826172255,79603.42826172255,79603.42826172255,79603.42826172255,0,1
1372192920000,1372192979999,79603.42826172255,79603.42826172255,79603.42826172255,79603.42826172255,0,1
1372192980000,1372193039999,79603.42826172255,79603.42826172255,79603.42826172255,79603.42826172255,0,1
1372193040000,1372193099999,79603.42826172255,79603.42826172255,79603.42826172255,79603.42826172255,0,1
1372193100000,1372193159999,79603.42826172255,79603.42826172255,79603.42826172255,79603.42826172255,0,1
1372193160000,1372193219999,79603.42826172255,79603.42826172255,79603.42826172255,79603.42826172255,0,1
1372193220000,1372193279999,79603.42826172255,79603.42826172255,79603.42826172255,79603.42826172255,0,1
1372193280000,1372193339999,79603.42826172255,79603.42826172255,79603.42826172255,79603.42826172255,0,1
1372193340000,1372193399999,79603.42826172255,79603.42826172255,79603.42826172255,79603.42826172255,0,1
1372193400000,1372193459999,79603.42826172255,79603.42826172255,79603.42826172255,79603.42826172255,0,1
1372193460000,1372193519999,79603.42826172255,79603.42826172255,79603.42826172255,79603.42826172255,0,1
1372193520000,1372193579999,79603.42826172255,79603.42826172255,79603.42826172255,79603.42826172255,0,1
1372193580000,1372193639999,79603.42826172255,79603.42826172255,79603.42826172255,79603.42826172255,0,1
1372193640000,1372193699999,79603.42826172255,79603.42826172255,79603.42826172255,79603.42826172255,0,1
1372193700000,1372193759999,79603.42826172255,79603.42826172255,79603.42826172255,79603.42826172255,0,1
1372193760000,1372193819999,79603.42826172255,79603.42826172255,79603.42826172255,79603.42826172255,0,1
1372193820000,1372193879999,79603.42826172255,79603.42826172255,79603.42826172255,79603.42826172255,0,1
1372193880000,1372193939999,79603.42826172255,79603.42826172255,79603.42826172255,79603.42826172255,0,1
1372193940000,1372193999999,79603.42826172255,79603.42826172255,79603.42826172255,79603.42826172255,0,1
1372194000000,1372194059999,79603.42826172255,79603.42826172255,79603.42826172255,79603.42826172255,0,1
1372194060000,1372194119999,79603.42826172255,79603.42826172255,79603.42826172255,79603.42826172255,0,1
1372194120000,1372194179999,79603.42826172255,79603.42826172255,79603.42826172255,79603.42826172255,0,1
1372194180000,1372194239999,79603.42826172255,79603.42826172255,79603.42826172255,79603.42826172255,0,1
1372194240000,1372194299999,79603.42826172255,79603.42826172255,79603.42826172255,79603.42826172255,0,1
1372194300000,1372194359999,79603.42826172255,79603.42826172255,79603.42826172255,79603.42826172255,0,1
1372194360000,1372194419999,79603.42826172255,79603.42826172255,79603.42826172255,79603.42826172255,0,1
1372194420000,1372194479999,79603.42826172255,79603.42826172255,79603.42826172255,79603.42826172255,0,1
1372194480000,1372194539999,79603.42826172255,79603.42826172255,79603.42826172255,79603.42826172255,0,1
1372194540000,1372194599999,79603.42826172255,79603.42826172255,79603.42826172255,79603.42826172255,0,1
1372194600000,1372194659999,79603.42826172255,79603.42826172255,79603.42826172255,79603.42826172255,0,1
1372194660000,1372194719999,79603.42826172255,79603.42826172255,79603.42826172255,79603.42826172255,0,1
1372194720000,1372194779999,79603.42826172255,79603.42826172255,79603.42826172255,79603.42826172255,0,1
1372194780000,1372194839999,79603.42826172255,79603.42826172255,79603.42826172255,79603.42826172255,0,1
1372194840000,1372194899999,79603.42826172255,79603.42826172255,79603.42826172255,79603.42826172255,0,1
1372194900000,1372194959999,79603.42826172255,79603.42826172255,79603.42826172255,79603.42826172255,0,1
1372194960000,1372195019999,79603.42826172255,79603.42826172255,79603.42826172255,79603.42826172255,0,1
1372195020000,1372195079999,79603.42826172255,79603.42826172255,79603.42826172255,79603.42826172255,0,1
1372195080000,1372195139999,79603.42826172255,79603.42826172255,79603.42826172255,79603.42826172255,0,1
1372195140000,1372195199999,79603.42826172255,79603.42826172255,79603.42826172255,79603.42826172255,0,1
1372195200000,1372195259999,79603.42826172255,79603.42826172255,79603.42826172255,79603.42826172255,0,1
1372195260000,1372195319999,79603.42826172255,79603.42826172255,79603.42826172255,79603.42826172255,0,1
1372195320000,1372195379999,79603.42826172255,79603.42826172255,79603.42826172255,79603.42826172255,0,1
1372195380000,1372195439999,79603.42826172255,79603.42826172255,79603.42826172255,79603.42826172255,0,1
1372195440000,1372195499999,79603.42826172255,79603.42826172255,79603.42826172255,79603.42826172255,0,1
1372195500000,1372195559999,79603.42826172255,79603.42826172255,79603.42826172255,79603.42826172255,0,1
1372195560000,1372195619999,79603.42826172255,79603.42826172255,79603.42826172255,79603.42826172255,0,1
1372195620000,1372195679999,79603.42826172255,79603.42826172255,79603.42826172255,79603.42826172255,0,1
1372195680000,1372195739999,79603.42826172255,79603.42826172255,79603.42826172255,79603.42826172255,0,1
1372195740000,1372195799999,79603.42826172255,79603.42826172255,79603.42826172255,79603.42826172255,0,1
1372195800000,1372195859999,79603.42826172255,79603.42826172255,79603.42826172255,79603.42826172255,0,1
1372195860000,1372195919999,79603.42826172255,79603.42826172255,79603.42826172255,79603.42826172255,0,1
1372195920000,1372195979999,79603.42826172255,79603.42826172255,79603.42826172255,79603.42826172255,0,1
1372195980000,1372196039999,79603.42826172255,79603.42826172255,79603.42826172255,79603.42826172255,0,1
1372196040000,1372196099999,79603.42826172255,79603.42826172255,79603.42826172255,79603.42826172255,0,1
1372196100000,1372196159999,79603.42826172255,79603.42826172255,79603.42826172255,79603.42826172255,0,1
1372196160000,1372196219999,79603.42826172255,79603.42826172255,79603.42826172255,79603.42826172255,0,1
1372196220000,1372196279999,79603.42826172255,79603.42826172255,79603.42826172255,79603.42826172255,0,1
1372196280000,1372196339999,79603.42826172255,79603.42826172255,79603.42826172255,79603.42826172255,0,1
1372196340000,1372196399999,79603.42826172255,79603.42826172255,79603.42826172255,79603.42826172255,0,1
1372196400000,1372196459999,79603.42826172255,79603.42826172255,79603.42826172255,79603.42826172255,0,1
1372196460000,1372196519999,79603.42826172255,79603.42826172255,79603.42826172255,79603.42826172255,0,1
1372196520000,1372196579999,79603.42826172255,79603.42826172255,79603.42826172255,79603.42826172255,0,1
1372196580000,1372196639999,79603.42826172255,79603.42826172255,79603.42826172255,79603.42826172255,0,1
1372196640000,1372196699999,79603.42826172255,79603.42826172255,79603.42826172255,79603.42826172255,0,1
1372196700000,1372196759999,79603.42826172255,79603.42826172255,79603.42826172255,79603.42826172255,0,1
1372196760000,1372196819999,79603.42826172255,79603.42826172255,79603.42826172255,79603.42826172255,0,1
1372196820000,1372196879999,79603.42826172255,79603.42826172255,79603.42826172255,79603.42826172255,0,1
1372196880000,1372196939999,79603.42826172255,79603.42826172255,79603.42826172255,79603.42826172255,0,1
1372196940000,1372196999999,79603.42826172255,79603.42826172255,79603.42826172255,79603.42826172255,0,1
1372197000000,1372197059999,79603.42826172255,79603.42826172255,79603.42826172255,79603.42826172255,0,1
1372197060000,1372197119999,79603.42826172255,79603.42826172255,79603.42826172255,79603.42826172255,0,1
1372197120000,1372197179999,79603.42826172255,79603.42826172255,79603.42826172255,79603.42826172255,0,1
1372197180000,1372197239999,79603.42826172255,79603.42826172255,79603.42826172255,79603.42826172255,0,1
1372197240000,1372197299999,79603.42826172255,79603.42826172255,79603.42826172255,79603.42826172255,0,1
1372197300000,1372197359999,79603.42826172255,79603.42826172255,79603.42826172255,79603.42826172255,0,1
1372197360000,1372197419999,79603.42826172255,79603.42826172255,79603.42826172255,79603.42826172255,0,1
1372197420000,1372197479999,79603.42826172255,79603.42826172255,79603.42826172255,79603.42826172255,0,1
1372197480000,1372197539999,79603.42826172255,79603.42826172255,79603.42826172255,79603.42826172255,0,1
1372197540000,1372197599999,79603.42826172255,79603.42826172255,79603.42826172255,79603.42826172255,0,1
1372197600000,1372197659999,79599.54276478826,79600.43659769099,79597.02493875883,79597.02493875883,0,1
1372197660000,1372197719999,79597.22750577185,79597.88756636146,79596.696631782,79596.696631782,0,1
1372197720000,1372197779999,79596.88523497974,79596.9725500704,79596.88523497974,79596.9725500704,0,1
1372197780000,1372197839999,79595.68719494386,79596.38228521419,79592.80502384208,79592.80502384208,0,1
1372197840000,1372197899999,79593.32562288048,79594.36324615813,79593.32562288048,79593.85318217643,0,1
1372197900000,1372197959999,79594.2549470773,79597.59421147816,79594.2549470773,79597.59421147816,0,1
1372197960000,1372198019999,79598.15297526929,79599.28088454748,79596.79093382551,79596.79093382551,0,1
1372198020000,1372198079999,79595.60685476256,79596.8293529216,79595.32391246303,79595.61733395325,0,1
1372198080000,1372198139999,79595.81992948143,79596.19367253032,79594.8208841627,79594.8208841627,0,1
1372198140000,1372198199999,79594.96411007487,79594.96411007487,79594.96411007487,79594.96411007487,0,1
1372198200000,1372198259999,79595.79198551466,79595.94218341786,79595.34836458274,79595.34836458274,0,1
1372198260000,1372198319999,79595.56493789001,79595.56493789001,79595.56493789001,79595.56493789001,0,1
1372198320000,1372198379999,79596.00854921462,79596.00854921462,79596.00854921462,79596.00854921462,0,1
1372198380000,1372198439999,79595.59288249124,79595.60685476256,79595.24007617017,79595.32391246303,0,1
1372198440000,1372198499999,79595.25404893445,79595.25404893445,79592.0992019996,79592.0992019996,0,1
1372198500000,1372198559999,79593.08803741958,79593.33610446198,79592.0712476337,79592.0712476337,0,1
1372198560000,1372198619999,79593.4548949512,79593.4548949512,79592.9133386265,79592.9133386265,0,1
1372198620000,1372198679999,79596.22161537463,79596.22161537463,79595.73260432603,79595.73260432603,0,1
1372198680000,1372198739999,79596.17271534585,79596.17271534585,79596.17271534585,79596.17271534585,0,1
1372198740000,1372198799999,79596.17271534585,79596.17271534585,79596.17271534585,79596.17271534585,0,1
1372198800000,1372198859999,79595.63829230168,79595.63829230168,79595.63829230168,79595.63829230168,0,1
1372198860000,1372198919999,79597.33926512602,79600.15379201426,79597.33926512602,79598.7850391729,0,1
1372198920000,1372198979999,79598.37647204396,79600.33883860847,79598.37647204396,79600.33883860847,0,1
1372198980000,1372199039999,79600.3528042502,79602.49978967273,79600.3528042502,79601.75276085731,0,1
1372199040000,1372199099999,79602.44742965854,79602.48931769183,79602.10882828117,79602.48931769183,0,1
1372199100000,1372199159999,79602.85932103236,79603.07224127717,79602.31478306222,79602.64290564606,0,1
1372199160000,1372199219999,79602.82790618623,79604.3322174719,79600.80667698925,79600.80667698925,0,1
1372199220000,1372199279999,79600.6111651042,79602.34270880767,79599.8779614894,79602.34270880767,0,1
1372199280000,1372199339999,79602.66384927524,79602.66384927524,79602.66384927524,79602.66384927524,0,1
1372199340000,1372199399999,79602.49629901366,79602.49629901366,79602.49629901366,79602.49629901366,0,1
1372199400000,1372199459999,79601.09644650205,79601.35478814424,79600.85206313017,79600.85206313017,0,1
1372199460000,1372199519999,79600.15379201426,79600.79271198137,79599.97921661653,79600.36676987242,0,1
1372199520000,1372199579999,79599.75575566021,79599.75575566021,79598.8024989347,79598.8024989347,0,1
1372199580000,1372199639999,79599.7103645433,79600.54482984616,79599.3402446698,79600.54482984616,0,1
1372199640000,1372199699999,79600.24107857025,79600.41215800995,79600.24107857025,79600.41215800995,0,1
1372199700000,1372199759999,79599.8360625162,79600.2725015439,79599.75924727606,79599.86050360523,0,1
1372199760000,1372199819999,79599.85701202475,79599.85701202475,79598.92122450648,79598.92122450648,0,1
1372199820000,1372199879999,79599.2773927646,79599.2773927646,79598.73265970462,79598.73265970462,0,1
1372199880000,1372199939999,79599.235491275,79600.52388177851,79599.22152407278,79600.52388177851,0,1
1372199940000,1372199999999,79601.46650138193,79601.46650138193,79601.46650138193,79601.46650138193,0,1
1372200000000,1372200059999,79601.46650138193,79601.46650138193,79601.46650138193,79601.46650138193,0,1
1372200060000,1372200119999,79600.8974490651,79601.3198775015,79598.87233767705,79598.87233767705,0,1
1372200120000,1372200179999,79598.85138610557,79598.85138610557,79598.71170784048,79598.76059545518,0,1
1372200180000,1372200239999,79599.03994866871,79599.03994866871,79598.21932639561,79598.55456746016,0,1
1372200240000,1372200299999,79598.10757687657,79598.64885198468,79598.10757687657,79598.35202732752,0,1
1372200300000,1372200359999,79597.41609895749,79597.63262748827,79597.41609895749,79597.63262748827,0,1
1372200360000,1372200419999,79597.92248898864,79597.92248898864,79597.92248898864,79597.92248898864,0,1
1372200420000,1372200479999,79597.43006868161,79598.88281344634,79595.63479924666,79598.84789417272,0,1
1372200480000,1372200539999,79598.37647204396,79599.00502994379,79598.37647204396,79599.00502994379,0,1
1372200540000,1372200599999,79598.59647180302,79598.92820831976,79598.59647180302,79598.8164667222,0,1
1372200600000,1372200659999,79598.84440223864,79598.84440223864,79598.06567048497,79598.64885198468,0,1
1372200660000,1372200719999,79598.25424786421,79598.32409043556,79597.30434046201,79597.30434046201,0,1
1372200720000,1372200779999,79597.48943979137,79597.48943979137,79597.48943979137,79597.48943979137,0,1
1372200780000,1372200839999,79597.95741149384,79597.95741149384,79597.94693475509,79597.94693475509,0,1
1372200840000,1372200899999,79597.96090373766,79597.96090373766,79597.96090373766,79597.96090373766,0,1
1372200900000,1372200959999,79597.7932746589,79597.7932746589,79597.69548973195,79597.7688285168,0,1
1372200960000,1372201019999,79597.72342838008,79597.77930544216,79597.72342838008,79597.77930544216,0,1
1372201020000,1372201079999,79597.5977038488,79597.5977038488,79597.5977038488,79597.5977038488,0,1
1372201080000,1372201139999,79597.92598124464,79597.92598124464,79597.92598124464,79597.92598124464,0,1
1372201140000,1372201199999,79598.18440480506,79598.22281854796,79598.18440480506,79598.22281854796,0,1
1372201200000,1372201259999,79598.36599574424,79598.36599574424,79598.36599574424,79598.36599574424,0,1
1372201260000,1372201319999,79598.6872639435,79598.6872639435,79598.6872639435,79598.6872639435,0,1
1372201320000,1372201379999,79598.37996414144,79598.37996414144,79598.22631069909,79598.22631069909,0,1
1372201380000,1372201439999,79598.22631069909,79598.22631069909,79598.22631069909,79598.22631069909,0,1
1372201440000,1372201499999,79598.51615499161,79598.51615499161,79598.51615499161,79598.51615499161,0,1
1372201500000,1372201559999,79598.16345179219,79598.16345179219,79598.16345179219,79598.16345179219,0,1
1372201560000,1372201619999,79598.4602820467,79598.4602820467,79596.98652041414,79597.1192377064,0,1
1372201620000,1372201679999,79597.87010500213,79597.87010500213,79597.5977038488,79597.81772074124,0,1
1372201680000,1372201739999,79597.68501271878,79597.68501271878,79597.07383462043,79597.07383462043,0,1
1372201740000,1372201799999,79597.16114806433,79598.76757938063,79597.08431227395,79598.53361522288,0,1
1372201800000,1372201859999,79598.86884575152,79599.37167047425,79598.43583753513,79598.99804618416,0,1
1372201860000,1372201919999,79599.19009779647,79600.44008906912,79598.96661920553,79599.30881876659,0,1
1372201920000,1372201979999,79600.16426644119,79600.16426644119,79597.43705353634,79597.43705353634,0,1
1372201980000,1372202039999,79596.99001299703,79597.62564277014,79596.01902798437,79596.668690265,0,1
1372202040000,1372202099999,79596.95159451816,79596.95159451816,79592.60935545107,79592.65477881164,0,1
1372202100000,1372202159999,79592.65477881164,79594.31084352353,79592.65477881164,79593.73789013733,0,1
1372202160000,1372202219999,79593.69596542991,79594.27590828126,79593.5422399989,79593.5422399989,0,1
1372202220000,1372202279999,79593.60163419557,79593.78680207382,79591.85459864838,79592.0712476337,0,1
1372202280000,1372202339999,79591.8406211333,79592.88538653638,79591.8406211333,79592.3228341136,0,1
1372202340000,1372202399999,79592.30536303479,79592.30536303479,79591.38284671713,79591.63445051663,0,1
1372202400000,1372202459999,79592.03979887866,79592.35078777622,79591.41779206783,79591.41779206783,0,1
1372202460000,1372202519999,79591.80218286613,79591.80218286613,79591.7916996767,79591.7916996767,0,1
1372202520000,1372202579999,79591.73578914753,79591.73578914753,79591.41779206783,79591.41779206783,0,1
1372202580000,1372202639999,79591.62746160768,79591.95942938866,79589.88008110135,79590.11424780604,0,1
1372202640000,1372202699999,79590.0059026989,79590.27851072948,79589.61794768836,79589.61794768836,0,1
1372202700000,1372202759999,79589.72629699884,79589.72629699884,79583.0378959853,79583.38064105154,0,1
1372202760000,1372202819999,79583.6184572553,79584.67107576721,79582.71262704818,79583.8842451433,0,1
1372202820000,1372202879999,79583.62195451022,79584.6221192235,79582.97494153284,79583.62545176392,0,1
1372202880000,1372202939999,79583.0483883555,79583.08686028542,79583.0483883555,79583.08686028542,0,1
1372202940000,1372202999999,79582.9294741818,79583.34217025184,79581.35897493995,79581.35897493995,0,1
1372203000000,1372203059999,79582.93297167768,79584.54868395852,79582.93297167768,79583.42960367349,0,1
1372203060000,1372203119999,79583.45058758093,79583.50304715689,79581.65280647167,79581.65280647167,0,1
1372203120000,1372203179999,79581.36597102914,79582.00959029638,79581.14209374746,79581.91864660873,0,1
1372203180000,1372203239999,79581.16308245553,79583.00991627757,79581.09661806218,79583.00991627757,0,1
1372203240000,1372203299999,79583.98216521603,79585.12566079934,79583.98216521603,79584.26542859907,0,1
1372203300000,1372203359999,79584.2059789247,79584.43328459542,79582.40483594598,79582.40483594598,0,1
1372203360000,1372203419999,79582.86651904677,79583.3526623028,79581.96062072118,79583.20926998685,0,1
1372203420000,1372203479999,79583.30719666914,79585.29000568653,79582.97494153284,79585.29000568653,0,1
1372203480000,1372203539999,79583.6114627418,79584.42978762423,79582.70213432568,79582.70213432568,0,1
1372203540000,1372203599999,79582.62518735752,79583.49255526371,79582.62518735752,79583.49255526371,0,1
1372203600000,1372203659999,79583.44709026607,79583.84577628096,79582.761592941,79582.91198668405,0,1
1372203660000,1372203719999,79582.79656843192,79584.75150385445,79582.79656843192,79584.1640142359,0,1
1372203720000,1372203779999,79584.75150385445,79586.44733681233,79584.75150385445,79586.1641352289,0,1
1372203780000,1372203839999,79585.91589020754,79586.56970538542,79585.77603114353,79586.32496674181,0,1
1372203840000,1372203899999,79586.66759916578,79586.66759916578,79585.14664114811,79586.49278817142,0,1
1372203900000,1372203959999,79586.29000358947,79586.55572048142,79586.29000358947,79586.55572048142,0,1
1372203960000,1372204019999,79586.55572048142,79586.55572048142,79586.55572048142,79586.55572048142,0,1
1372204020000,1372204079999,79587.06266075611,79587.34234094183,79586.94379430849,79586.94379430849,0,1
1372204080000,1372204139999,79587.44022715889,79588.3071775426,79587.23396579812,79588.14288223402,0,1
1372204140000,1372204199999,79588.12540385085,79588.12540385085,79581.66679823402,79581.66679823402,0,1
1372204200000,1372204259999,79582.85602648575,79582.96794656922,79581.29251184857,79581.81021266938,0,1
1372204260000,1372204319999,79581.54786763003,79581.54786763003,79580.49142194609,79580.49142194609,0,1
1372204320000,1372204379999,79579.74974439006,79579.74974439006,79578.63712490478,79579.45935564523,0,1
1372204380000,1372204439999,79579.49784138531,79580.04012470259,79579.48034788546,79579.48034788546,0,1
1372204440000,1372204499999,79580.12059004414,79580.59287356128,79579.23543567423,79579.23543567423,0,1
1372204500000,1372204559999,79578.1752464942,79579.4173710326,79578.1752464942,79579.22843809433,0,1
1372204560000,1372204619999,79579.29841367286,79579.57831109047,79578.09826468499,79578.09826468499,0,1
1372204620000,1372204679999,79579.5678150787,79579.59930308098,79578.34320474818,79578.7350963706,0,1
1372204680000,1372204739999,79579.43836336095,79579.75674160518,79578.81557221376,79579.50833747053,0,1
1372204740000,1372204799999,79579.30890996741,79579.81621773592,79579.23893446232,79579.37538624369,0,1
1372291200000,1372291259999,79684.07100053837,79687.64691758889,79684.07100053837,79687.30080532943,0,1
1372291260000,1372291319999,79687.5603906471,79688.55367490422,79687.3596452587,79688.55367490422,0,1
1372291320000,1372291379999,79688.66095754398,79689.12468216638,79687.17620198341,79688.32180204114,0,1
1372291380000,1372291439999,79687.86150117389,79688.47407736324,79687.09313222351,79687.5534684594,0,1
1372291440000,1372291499999,79687.81650822307,79690.05898736235,79687.80958621266,79689.80638753048,0,1
1372291500000,1372291559999,79689.48457302261,79691.71283956156,79688.10030652417,79688.83399163446,0,1
1372291560000,1372291619999,79689.48111259527,79691.78895169827,79689.48111259527,79690.90670728174,0,1
1372291620000,1372291679999,79691.55369413101,79691.97576994142,79690.27005904075,79691.01396468063,0,1
1372291680000,1372291739999,79690.82712846818,79691.0105047825,79689.78908593864,79690.7129490643,0,1
1372291740000,1372291799999,79690.95168633101,79691.05202348114,79689.03816801033,79689.11776106144,0,1
1372291800000,1372291859999,79688.76823903278,79688.76823903278,79687.77151506982,79688.4048615952,0,1
1372291860000,1372291919999,79689.35999688426,79692.14528717882,79688.32526286968,79691.84430561564,0,1
1372291920000,1372291979999,79691.59521057445,79691.88236125611,79690.54340754436,79691.88236125611,0,1
1372291980000,1372292039999,79691.5571538412,79692.14182767208,79691.5571538412,79691.81662869525,0,1
1372292040000,1372292099999,79692.03458236973,79692.16258469454,79692.03458236973,79692.16258469454,0,1
1372292100000,1372292159999,79692.02074418242,79692.02074418242,79692.02074418242,79692.02074418242,0,1
1372292160000,1372292219999,79690.98282555431,79691.71283956156,79688.86513745278,79691.1973375689,0,1
1372292220000,1372292279999,79692.08301587451,79692.08301587451,79688.65057540333,79688.65057540333,0,1
1372292280000,1372292339999,79689.48457302261,79689.9136567317,79688.7716997068,79689.14544545246,0,1
1372292340000,1372292399999,79689.67835504205,79689.99670306499,79689.67835504205,79689.89981560911,0,1
1372292400000,1372292459999,79690.0001633139,79691.63672684555,79690.0001633139,79690.91708708029,0,1
1372292460000,1372292519999,79691.36340822643,79691.78203243706,79691.36340822643,79691.44644252097,0,1
1372292520000,1372292579999,79691.47758020367,79691.52947612606,79690.7129490643,79691.1281406476,0,1
1372292580000,1372292639999,79691.06586300905,79693.76420499806,79691.06586300905,79693.64314115123,0,1
1372292640000,1372292699999,79693.69156686585,79694.81566933607,79693.63622317286,79694.29686851292,0,1
1372292700000,1372292759999,79694.60123492582,79695.1061860408,79693.33528648145,79695.1061860408,0,1
1372292760000,1372292819999,79695.63877807991,79695.63877807991,79695.00243104369,79695.00243104369,0,1
1372292820000,1372292879999,79694.78800063828,79695.27219179703,79694.78800063828,79695.2099399614,0,1
1372292880000,1372292939999,79694.53897891319,79694.94709460506,79694.53897891319,79694.61161089025,0,1
1372292940000,1372292999999,79694.3764197196,79694.83296223328,79694.25536328429,79694.58394162786,0,1
1372293000000,1372293059999,79694.6773250816,79694.83296223328,79694.33837356926,79694.6531146403,0,1
1372293060000,1372293119999,79694.5666483,79694.5666483,79694.52860287341,79694.52860287341,0,1
1372293120000,1372293179999,79694.59431761023,79694.59431761023,79694.33837356926,79694.33837356926,0,1
1372293180000,1372293239999,79695.03701616233,79696.15059305199,79694.96092874343,79696.03993257493,0,1
1372293240000,1372293299999,79695.67336099781,79696.23358760616,79695.67336099781,79695.89468884039,0,1
1372293300000,1372293359999,79696.63817619409,79697.07041087339,79696.3546200963,79696.8352775251,0,1
1372293360000,1372293419999,79696.34424594026,79696.79724072864,79693.45981310731,79693.45981310731,0,1
1372293420000,1372293479999,79693.43559971817,79694.96784580543,79692.99974868783,79694.96784580543,0,1
1372293480000,1372293539999,79693.43905877735,79693.76074605135,79693.43905877735,79693.58779719024,0,1
1372293540000,1372293599999,79693.33182738637,79694.40754828037,79693.06547347222,79693.06547347222,0,1
1372293600000,1372293659999,79693.40792720165,79693.40792720165,79689.87559359847,79689.87559359847,0,1
1372293660000,1372293719999,79689.81676847121,79689.96556077083,79688.39793999204,79688.4325479599,0,1
1372293720000,1372293779999,79688.30449788056,79688.57097863365,79687.40810141107,79688.34256699434,0,1
1372293780000,1372293839999,79688.04493187835,79689.39114106433,79688.04493187835,79689.14544545246,0,1
1372293840000,1372293899999,79690.3842435016,79691.04856359617,79690.23545743157,79690.23545743157,0,1
1372293900000,1372293959999,79690.27005904075,79693.68464892097,79690.27005904075,79693.68464892097,0,1
1372293960000,1372294019999,79693.51861680827,79694.91596772376,79693.387172764,79694.89867497006,0,1
1372294020000,1372294079999,79694.90905062587,79694.90905062587,79692.83024593453,79693.14157531447,0,1
1372294080000,1372294139999,79693.12773865896,79693.12773865896,79692.22139602415,79692.22139602415,0,1
1372294140000,1372294199999,79692.67111828613,79692.85100152808,79692.28712592443,79692.28712592443,0,1
1372294200000,1372294259999,79692.49815057886,79692.49815057886,79689.79946689734,79690.578008088,0,1
1372294260000,1372294319999,79690.92746686809,79691.13506036128,79689.84445092714,79689.84445092714,0,1
1372294320000,1372294379999,79690.25621841144,79690.25621841144,79687.39425682006,79687.39425682006,0,1
1372294380000,1372294439999,79687.78535913854,79689.75448266517,79686.44931818586,79686.44931818586,0,1
1372294440000,1372294499999,79686.63969762073,79687.93764262948,79686.55316196327,79686.55316196327,0,1
1372294500000,1372294559999,79686.78507583946,79689.98286205734,79686.78507583946,79689.1869718953,0,1
1372294560000,1372294619999,79688.89974380382,79689.33577356602,79688.28719369,79689.09353715644,0,1
1372294620000,1372294679999,79689.69911717856,79690.37732326836,79689.65759286244,79690.37732326836,0,1
1372294680000,1372294739999,79690.86864792818,79693.33182738637,79690.5226471607,79692.94786039503,0,1
1372294740000,1372294799999,79693.45635405532,79693.91985636184,79693.27994081663,79693.29377726156,0,1
1372294800000,1372294859999,79694.23806938819,79695.18227235448,79694.05475225074,79694.05475225074,0,1
1372294860000,1372294919999,79694.60815223663,79694.60815223663,79693.273022587,79693.273022587,0,1
1372294920000,1372294979999,79693.74345129983,79694.33491482116,79693.3456637595,79694.33491482116,0,1
1372294980000,1372295039999,79694.63582143204,79694.83642080915,79694.35566729191,79694.35566729191,0,1
1372295040000,1372295099999,79693.37679552904,79694.09625831201,79693.37679552904,79694.09625831201,0,1
1372295100000,1372295159999,79693.98557509913,79694.52168550757,79693.98557509913,79694.52168550757,0,1
1372295160000,1372295219999,79694.55973096048,79694.55973096048,79693.66389505763,79693.66389505763,0,1
1372295220000,1372295279999,79694.137764201,79694.96784580543,79693.31107279078,79694.77762485687,0,1
1372295280000,1372295339999,79694.3764197196,79696.10217924396,79694.3764197196,79696.10217924396,0,1
1372295340000,1372295399999,79696.09872110584,79696.09872110584,79695.21685685116,79695.44511152944,0,1
1372295400000,1372295459999,79696.24396187701,79696.32349759589,79695.53502860859,79695.92235447628,0,1
1372295460000,1372295519999,79697.02891715485,79697.02891715485,79696.35116204548,79696.83181964049,0,1
1372295520000,1372295579999,79697.2640459501,79697.2640459501,79697.1015310493,79697.1015310493,0,1
1372295580000,1372295639999,79697.83109853539,79698.00397402528,79696.7522879645,79697.76540506561,0,1
1372295640000,1372295699999,79696.2128390322,79696.2128390322,79694.23461060539,79694.9298019052,0,1
1372295700000,1372295759999,79695.28948390484,79695.3759439953,79695.18918926339,79695.18918926339,0,1
1372295760000,1372295819999,79694.9401775287,79695.57652852629,79694.82258649854,79695.57652852629,0,1
1372295820000,1372295879999,79695.2929423228,79695.2929423228,79694.87792362616,79694.87792362616,0,1
1372295880000,1372295939999,79695.1407708006,79695.19956461777,79694.31070355084,79694.77070766328,0,1
1372295940000,1372295999999,79694.31762106263,79695.4209029469,79694.31762106263,79695.1649800613,0,1
1372296000000,1372296059999,79695.22723217683,79697.27787688354,79695.22723217683,79696.38920053872,0,1
1372296060000,1372296119999,79696.44798701636,79696.85602480764,79695.04047466762,79696.40303268218,0,1
1372296120000,1372296179999,79696.47565112157,79696.80761441475,79696.34424594026,79696.69004534207,0,1
1372296180000,1372296239999,79696.53097910238,79696.53097910238,79696.08834668432,79696.08834668432,0,1
1372296240000,1372296299999,79696.28545885274,79696.91135068396,79695.93272907,79696.49639915024,0,1
1372296300000,1372296359999,79696.23704569764,79696.74191422098,79695.7701925317,79696.04339073338,0,1
1372296360000,1372296419999,79696.09872110584,79700.56218191091,79696.09872110584,79700.06096299826,0,1
1372296420000,1372296479999,79700.25108347416,79702.2108420672,79700.25108347416,79701.64058156687,0,1
1372296480000,1372296539999,79703.04025383848,79706.85811661076,79703.04025383848,79706.85811661076,0,1
1372296540000,1372296599999,79707.01010993411,79707.73550079056,79706.74757456091,79707.04465354905,0,1
1372296600000,1372296659999,79706.90302396945,79708.03945845757,79705.75955072178,79706.36066776325,0,1
1372296660000,1372296719999,79706.50230502435,79706.69230307774,79705.68354484446,79705.68354484446,0,1
1372296720000,1372296779999,79706.51266864761,79708.08090651451,79706.51266864761,79708.08090651451,0,1
1372296780000,1372296839999,79708.2466970244,79712.82902578739,79708.10163047857,79710.14618378879,0,1
1372296840000,1372296899999,79710.63653813898,79712.54938088116,79710.63653813898,79711.3409487858,0,1
1372296900000,1372296959999,79711.79671747085,79713.52637778333,79710.4880530922,79713.52637778333,0,1
1372296960000,1372297019999,79712.98438068962,79715.62504482683,79712.98438068962,79713.74385880424,0,1
1372297020000,1372297079999,79714.51363457723,79714.51363457723,79713.30198764552,79713.7818311959,0,1
1372297080000,1372297139999,79713.65755737787,79713.85777554664,79710.71595946826,79710.71595946826,0,1
1372297140000,1372297199999,79711.17866249656,79711.17866249656,79709.49694526248,79710.82645765971,0,1
1372297200000,1372297259999,79710.39481716852,79712.12126735644,79709.56256170913,79710.94040764085,0,1
1372297260000,1372297319999,79709.99769146075,79711.52049650511,79708.5230084329,79708.5230084329,0,1
1372297320000,1372297379999,79707.272638415,79709.78703577073,79706.61630428958,79708.16380211305,0,1
1372297380000,1372297439999,79707.78040420935,79708.29159814781,79704.99946595123,79704.99946595123,0,1
1372297440000,1372297499999,79705.57989953528,79706.01174790337,79705.13421246453,79705.79064386872,0,1
1372297500000,1372297559999,79704.70232619774,79709.06179372087,79704.70232619774,79709.06179372087,0,1
1372297560000,1372297619999,79709.53838727887,79709.57637564304,79709.28627902358,79709.28627902358,0,1
1372297620000,1372297679999,79709.19648550721,79710.72977180897,79709.19648550721,79710.47769358804,0,1
1372297680000,1372297739999,79711.83469725697,79713.37103130114,79710.51567838411,79711.48251552563,0,1
1372297740000,1372297799999,79711.69658825237,79712.10745693758,79710.58474128002,79712.10745693758,0,1
1372297800000,1372297859999,79712.02804665903,79712.02804665903,79709.15504207388,79710.05985130825,0,1
1372297860000,1372297919999,79710.43280227939,79711.40310028422,79709.65925884576,79709.65925884576,0,1
1372297920000,1372297979999,79709.98042476787,79710.82645765971,79709.69033986966,79710.50877206828,0,1
1372297980000,1372298039999,79710.59164754339,79710.59164754339,79708.55754682215,79709.7835823618,0,1
1372298040000,1372298099999,79709.47967770495,79711.55502454308,79709.47967770495,79711.55502454308,0,1
1372298100000,1372298159999,79711.56883572489,79711.77600116307,79710.23251552401,79710.78847404412,0,1
1372298160000,1372298219999,79711.14413315905,79711.14413315905,79710.19452965233,79710.59855380197,0,1
1372298220000,1372298279999,79710.61927254914,79711.04399740604,79709.9251711503,79710.02877143279,0,1
1372298280000,1372298339999,79710.19798291936,79714.02001836374,79710.19798291936,79714.02001836374,0,1
1372298340000,1372298399999,79714.44805060982,79717.35404315268,79714.44805060982,79716.51201344648,0,1
1372298400000,1372298459999,79716.7742925971,79716.98480114953,79715.85283415897,79716.13238670235,0,1
1372298460000,1372298519999,79717.26432205073,79718.83087484073,79716.39467580985,79716.39467580985,0,1
1372298520000,1372298579999,79716.99170299426,79719.0689417786,79716.66386010897,79719.0689417786,0,1
1372298580000,1372298639999,79718.7722197974,79718.96888535023,79717.1504441082,79718.61695478678,0,1
1372298640000,1372298699999,79718.51344344037,79718.76531918148,79716.26698328792,79716.57413281438,0,1
1372298700000,1372298759999,79716.59829024212,79717.04346667786,79715.94601920842,79715.94601920842,0,1
1372298760000,1372298819999,79716.87437098609,79716.9709974458,79715.87354202277,79716.15654519726,0,1
1372298820000,1372298879999,79715.2419328844,79715.9115063284,79713.98895079401,79714.93129080445,0,1
1372298880000,1372298939999,79715.29715713281,79715.29715713281,79714.74835262046,79714.74835262046,0,1
1372298940000,1372298999999,79714.85190294696,79717.60594809758,79714.85190294696,79717.2091086648,0,1
1372299000000,1372299059999,79717.12973888843,79719.27595190037,79715.92186020491,79718.95853462808,0,1
1372299060000,1372299119999,79720.74905017887,79720.99742007893,79719.5381585696,79719.5381585696,0,1
1372299120000,1372299179999,79719.2621513589,79720.21434404202,79719.04824053073,79719.04824053073,0,1
1372299180000,1372299239999,79718.66525971508,79720.58001713584,79718.66525971508,79719.29320255041,0,1
1372299240000,1372299299999,79719.4174063523,79720.89738294446,79718.7618688717,79720.89738294446,0,1
1372299300000,1372299359999,79720.82494163615,79720.82494163615,79719.89350663566,79719.89350663566,0,1
1372299360000,1372299419999,79720.4868752585,79720.4868752585,79717.54728586899,79717.93721069464,0,1
1372299420000,1372299479999,79717.63700443221,79718.37887708821,79717.44031268389,79717.44031268389,0,1
1372299480000,1372299539999,79716.95029185446,79717.5955959646,79716.80190052858,79716.80190052858,0,1
1372299540000,1372299599999,79717.55418732551,79717.63700443221,79716.81915544705,79717.59904667678,0,1
1372299600000,1372299659999,79717.66115929247,79718.40648059013,79717.11248450585,79718.40648059013,0,1
1372299660000,1372299719999,79718.72391538577,79718.72391538577,79718.64800798176,79718.64800798176,0,1
1372299720000,1372299779999,79720.97327327603,79724.20152853904,79720.21434404202,79724.09462651318,0,1
1372299780000,1372299839999,79723.70494171124,79724.56015924565,79722.78412171175,79723.78081073922,0,1
1372299840000,1372299899999,79724.11186885272,79724.26704857066,79723.36007523834,79723.36007523834,0,1
1372299900000,1372299959999,79722.61857204547,79722.77722386371,79721.89770925864,79721.89770925864,0,1
1372299960000,1372300019999,79721.5010401067,79721.5010401067,79720.75939904786,79720.75939904786,0,1
1372300020000,1372300079999,79720.65246021842,79721.46654639335,79720.15224728285,79720.72835240874,0,1
1372300080000,1372300139999,79719.86590723816,79720.74215092692,79719.86590723816,79720.56621839394,0,1
1372300140000,1372300199999,79721.43205256102,79722.13225405032,79720.50412381976,79722.13225405032,0,1
1372300200000,1372300259999,79722.12190660198,79722.12190660198,79721.56657783427,79721.65626034437,0,1
1372300260000,1372300319999,79721.8666661534,79722.49440799718,79721.24923326322,79722.49440799718,0,1
1372300320000,1372300379999,79722.21848237015,79722.55993921479,79721.62176716645,79721.62176716645,0,1
1372300380000,1372300439999,79722.00118558014,79722.00118558014,79721.44929949206,79721.81492743049,0,1
1372300440000,1372300499999,79722.18744026066,79723.93944411955,79722.18744026066,79723.48422853868,0,1
1372300500000,1372300559999,79723.76701641332,79723.76701641332,79720.94222730091,79720.94222730091,0,1
1372300560000,1372300619999,79720.88358464048,79720.88358464048,79720.22469346439,79720.65590987593,0,1
1372300620000,1372300679999,79720.552419633,79722.60477611623,79719.63475929364,79722.60477611623,0,1
1372300680000,1372300739999,79722.23572794489,79722.50820407867,79720.99052099834,79721.10435521949,0,1
1372300740000,1372300799999,79721.3630645394,79721.3630645394,79720.95257596999,79721.3354691975,0,1
1372300800000,1372300859999,79721.63556445189,79722.08051670152,79721.18024398037,79722.08051670152,0,1
1372300860000,1372300919999,79722.80826414244,79722.80826414244,79721.84597069635,79722.58753117792,0,1
1372300920000,1372300979999,79722.1977876412,79722.52889816524,79722.1977876412,79722.28401539594,0,1
1372300980000,1372301039999,79722.15984719356,79722.4185292087,79720.51447294223,79720.69385602999,0,1
1372301040000,1372301099999,79720.28333998885,79720.80769362825,79718.82742455359,79718.91023111642,0,1
1372301100000,1372301159999,79718.12699161327,79719.44155691241,79717.83024168063,79718.67216040009,0,1
1372301160000,1372301219999,79718.6756107408,79718.78257071241,79717.08142654221,79717.61630021984,0,1
1372301220000,1372301279999,79717.75432749264,79717.75432749264,79717.0745247594,79717.0745247594,0,1
1372301280000,1372301339999,79716.6983703925,79717.03311396258,79716.51201344648,79716.83986130991,0,1
1372301340000,1372301399999,79716.87782194716,79718.52379462324,79716.87782194716,79718.52379462324,0,1
1372301400000,1372301459999,79717.92685890458,79718.78602101502,79717.56799022426,79718.78602101502,0,1
1372301460000,1372301519999,79718.52724501514,79719.45535720629,79718.48929063871,79719.00338767999,0,1
1372301520000,1372301579999,79719.33115387577,79719.7175591715,79718.46513777872,79718.46513777872,0,1
1372301580000,1372301639999,79719.42775659949,79719.42775659949,79718.80672280573,79718.80672280573,0,1
1372301640000,1372301699999,79718.92058188855,79719.45535720629,79718.64800798176,79719.45535720629,0,1
1372301700000,1372301759999,79719.3484044306,79719.3484044306,79718.91713163236,79718.91713163236,0,1
1372301760000,1372301819999,79719.05859116002,79719.23455021884,79719.05859116002,79719.23455021884,0,1
1372301820000,1372301879999,79719.02063880024,79719.02063880024,79718.63420657367,79718.63420657367,0,1
1372301880000,1372301939999,79719.10689395506,79719.10689395506,79718.50309224681,79718.50309224681,0,1
1372301940000,1372301999999,79718.45823695086,79718.7170147365,79716.80190052858,79717.01585941328,0,1
1372302000000,1372302059999,79716.40157806188,79717.04001577396,79716.40157806188,79717.04001577396,0,1
1372302060000,1372302119999,79717.05381938243,79717.05381938243,79716.52236670126,79716.52236670126,0,1
1372302120000,1372302179999,79716.46369811578,79718.19255145725,79716.46369811578,79718.19255145725,0,1
1372302180000,1372302239999,79718.6411072801,79719.20004868663,79718.2753632774,79718.2753632774,0,1
1372302240000,1372302299999,79718.91713163236,79718.91713163236,79718.21670497564,79718.21670497564,0,1
1372302300000,1372302359999,79718.24775941354,79718.5582984887,79718.14424424547,79718.49274104253,0,1
1372302360000,1372302419999,79718.28226423146,79718.31331846578,79717.84404419835,79717.90615529231,0,1
1372302420000,1372302479999,79717.45411573982,79717.9717165841,79717.16769842528,79717.9717165841,0,1
1372302480000,1372302539999,79717.5955959646,79717.5955959646,79717.08487743181,79717.08487743181,0,1
1372302540000,1372302599999,79716.92958622024,79717.44031268389,79715.87699332925,79717.44031268389,0,1
1372302600000,1372302659999,79716.8605671299,79717.31263351334,79716.8605671299,79716.93993904271,0,1
1372302660000,1372302719999,79716.7915475632,79716.92613527704,79716.70527243493,79716.90197864127,0,1
1372302720000,1372302779999,79715.62159343339,79716.16689882007,79715.62159343339,79716.16689882007,0,1
1372302780000,1372302839999,79716.1945084285,79716.8847238657,79715.49734247684,79716.44644258397,0,1
1372302840000,1372302899999,79716.39812693646,79716.9882520725,79716.39812693646,79716.9882520725,0,1
1372302900000,1372302959999,79716.45334480026,79717.48862329627,79716.45334480026,79717.48862329627,0,1
1372302960000,1372303019999,79717.45411573982,79717.73017285744,79716.91233149232,79717.65770860172,0,1
1372303020000,1372303079999,79717.6680606704,79717.6680606704,79715.72513471788,79717.29192862938,0,1
1372303080000,1372303139999,79717.14354237304,79718.08558517457,79717.0745247594,79718.08558517457,0,1
1372303140000,1372303199999,79716.94338998116,79717.61630021984,79716.19795962419,79716.19795962419,0,1
1372303200000,1372303259999,79715.16599904485,79715.51114821491,79714.96235544668,79714.96235544668,0,1
1372303260000,1372303319999,79715.32131764559,79715.32131764559,79714.66551158723,79714.66551158723,0,1
1372303320000,1372303379999,79715.33512362669,79716.03920338955,79715.02448444167,79715.32822063852,0,1
1372303380000,1372303439999,79715.25228745419,79715.25228745419,79714.72764242649,79714.78632119801,0,1
1372303440000,1372303499999,79714.02001836374,79714.94164569592,79713.69553009723,79714.36175526053,0,1
1372303500000,1372303559999,79713.55744679019,79713.75766696336,79713.54363835462,79713.69898215549,0,1
1372303560000,1372303619999,79713.74040676148,79713.74040676148,79713.3503182545,79713.63684492472,0,1
1372303620000,1372303679999,79713.63684492472,79713.63684492472,79713.63684492472,79713.63684492472,0,1
1372303680000,1372303739999,79714.23748864928,79714.23748864928,79713.13628092706,79713.13628092706,0,1
1372303740000,1372303799999,79713.58161150657,79713.58161150657,79712.33187388079,79712.33187388079,0,1
1372303800000,1372303859999,79712.23865514665,79712.42509174596,79708.14307827783,79708.40903090201,0,1
1372303860000,1372303919999,79708.11544643075,79709.36571107748,79708.11544643075,79708.71987565374,0,1
1372303920000,1372303979999,79708.54027764243,79708.6335308586,79708.54027764243,79708.6335308586,0,1
1372303980000,1372304039999,79708.24324308347,79710.03222475706,79708.24324308347,79710.03222475706,0,1
1372304040000,1372304099999,79710.26014152187,79710.26014152187,79710.24978178162,79710.24978178162,0,1
1372304100000,1372304159999,79710.28431420738,79711.85196074843,79710.03222475706,79711.85196074843,0,1
1372304160000,1372304219999,79711.4548929045,79711.4548929045,79710.52258469517,79710.52258469517,0,1
1372304220000,1372304279999,79710.95767267623,79712.17650884113,79710.95767267623,79711.2373620967,0,1
1372304280000,1372304339999,79711.29606135227,79712.82902578739,79711.29606135227,79712.68057329244,0,1
1372304340000,1372304399999,79712.5528333351,79712.58735780879,79712.5528333351,79712.58735780879,0,1
1372304400000,1372304459999,79712.61842973322,79712.61842973322,79712.26972815458,79712.3767566651,0,1
1372304460000,1372304519999,79712.32151628658,79712.64259671881,79712.32151628658,79712.63569187174,0,1
1372304520000,1372304579999,79712.25246538433,79712.7668831507,79711.46525139637,79711.64824965011,0,1
1372304580000,1372304639999,79713.04306969125,79714.16845097576,79712.50449887164,79713.08104474406,0,1
1372304640000,1372304699999,79713.3503182545,79713.74385880424,79710.90587748066,79710.90587748066,0,1
1372304700000,1372304759999,79710.85062897633,79711.17866249656,79710.26704800941,79710.77811485119,0,1
1372304760000,1372304819999,79710.63653813898,79713.61268034182,79710.63653813898,79712.14888813693,0,1
1372304820000,1372304879999,79711.56193013636,79712.1799614238,79711.24426790935,79711.24426790935,0,1
1372304880000,1372304939999,79711.73456841877,79711.73456841877,79709.96315804517,79710.69178782612,0,1
1372304940000,1372304999999,79710.71595946826,79710.71595946826,79708.86493323123,79709.26210392542,0,1
1372305000000,1372305059999,79709.40370009762,79709.44859602627,79708.36067640553,79708.36067640553,0,1
1372305060000,1372305119999,79708.10163047857,79708.10163047857,79706.61284978548,79706.89611515818,0,1
1372305120000,1372305179999,79706.69230307774,79706.69230307774,79704.61594670604,79704.61594670604,0,1
1372305180000,1372305239999,79704.49155892713,79704.49155892713,79698.04546369816,79698.04546369816,0,1
1372305240000,1372305299999,79698.71964675709,79698.71964675709,79695.82552441579,79695.96039460065,0,1
1372305300000,1372305359999,79695.09235210337,79696.24396187701,79693.89564408659,79694.41446572517,0,1
1372305360000,1372305419999,79694.80875216878,79694.80875216878,79692.68149625344,79694.27611592013,0,1
1372305420000,1372305479999,79693.40100906056,79694.1585170809,79693.1069836398,79693.62238720176,0,1
1372305480000,1372305539999,79693.47364930336,79694.36950224848,79693.342204668,79693.64314115123,0,1
1372305540000,1372305599999,79693.6016332092,79693.6016332092,79689.28040576116,79689.73372064362,0,1
1372305600000,1372305659999,79689.18005083347,79693.61546920902,79689.18005083347,79693.06201428382,0,1
1372305660000,1372305719999,79692.81294957368,79693.8057122653,79692.52582561306,79693.76766394357,0,1
1372305720000,1372305779999,79693.85413719264,79693.85413719264,79693.13119782464,79693.63968216265,0,1
1372305780000,1372305839999,79693.91639746896,79695.60073673207,79691.75435534431,79694.96438727502,0,1
1372305840000,1372305899999,79695.43819479755,79695.64569467305,79694.73958023296,79694.73958023296,0,1
1372305900000,1372305959999,79694.90905062587,79696.61742845956,79691.53985527821,79691.53985527821,0,1
1372305960000,1372306019999,79691.6194284202,79692.61576894531,79691.6194284202,79692.61576894531,0,1
1372306020000,1372306079999,79692.82332739378,79692.82332739378,79692.82332739378,79692.82332739378,0,1
1372306080000,1372306139999,79692.60885025616,79693.69502583648,79692.60885025616,79693.69502583648,0,1
1372306140000,1372306199999,79694.29686851292,79694.40754828037,79693.97173961138,79694.30032727419,0,1
1372306200000,1372306259999,79695.23069061633,79695.23069061633,79694.31416230733,79694.6773250816,0,1
1372306260000,1372306319999,79694.7430388411,79695.49352851868,79694.7430388411,79695.14768773821,0,1
1372306320000,1372306379999,79695.34481844884,79695.5523202619,79693.40100906056,79693.5462890185,0,1
1372306380000,1372306439999,79693.67081301687,79694.48018121204,79693.45635405532,79693.45635405532,0,1
1372306440000,1372306499999,79692.92710500251,79693.07931021389,79692.21793654375,79692.90634956693,0,1
1372306500000,1372306559999,79692.90980880919,79693.82300690912,79692.90289032347,79693.82300690912,0,1
1372306560000,1372306619999,79692.80603102095,79693.22805397768,79692.80603102095,79692.91326805024,0,1
1372306620000,1372306679999,79693.44943594771,79693.44943594771,79693.44943594771,79693.44943594771,0,1
1372306680000,1372306739999,79693.38025460855,79694.1827287197,79693.38025460855,79694.1827287197,0,1
1372306740000,1372306799999,79693.71232067174,79695.33444324516,79693.44597689212,79694.87792362616,0,1
1372306800000,1372306859999,79695.29985915516,79695.40361106636,79695.02318212923,79695.40361106636,0,1
1372306860000,1372306919999,79695.34481844884,79697.95211169212,79695.31715121512,79696.90789282566,0,1
1372306920000,1372306979999,79697.35048897025,79697.35048897025,79696.00880909512,79696.60013864792,0,1
1372306980000,1372307039999,79696.16788364091,79697.1291933466,79695.70102724603,79695.85664846606,0,1
1372307040000,1372307099999,79696.26816846711,79697.45767727745,79696.21629713084,79697.1637711106,0,1
1372307100000,1372307159999,79696.96321841503,79698.24945208603,79696.43415493506,79698.01088898272,0,1
1372307160000,1372307219999,79697.98668661079,79698.35317339931,79697.5614068034,79698.35317339931,0,1
1372307220000,1372307279999,79698.31168500311,79699.69453879376,79697.88987653729,79698.97893583142,0,1
1372307280000,1372307339999,79699.0204214594,79699.0204214594,79697.9693991664,79697.9693991664,0,1
1372307340000,1372307399999,79698.02817635538,79698.39811896764,79696.70733499827,79696.93209780868,0,1
1372307400000,1372307459999,79697.02891715485,79698.05929355086,79696.84565117175,79697.61672877728,0,1
1372307460000,1372307519999,79698.59518561333,79698.59518561333,79697.39198135448,79697.66859284985,0,1
1372307520000,1372307579999,79698.25290948048,79698.31514237603,79697.5890678286,79698.31514237603,0,1
1372307580000,1372307639999,79698.71964675709,79698.71964675709,79698.16993168397,79698.38774693134,0,1
1372307640000,1372307699999,79698.84064916176,79700.35824069506,79698.84064916176,79700.18886262541,0,1
1372307700000,1372307759999,79700.25454017663,79700.25454017663,79700.0886171103,79700.15429531992,0,1
1372307760000,1372307819999,79700.15429531992,79700.15429531992,79700.15429531992,79700.15429531992,0,1
1372307820000,1372307879999,79700.15429531992,79700.15429531992,79700.15429531992,79700.15429531992,0,1
1372307880000,1372307939999,79700.31676061673,79700.4446569723,79700.31676061673,79700.4446569723,0,1
1372307940000,1372307999999,79700.5068762295,79700.70044477627,79700.5068762295,79700.70044477627,0,1
1372308000000,1372308059999,79700.33058732862,79700.74192326311,79700.33058732862,79700.74192326311,0,1
1372308060000,1372308119999,79700.26836697455,79700.29256382491,79700.15083858279,79700.15083858279,0,1
1372308120000,1372308179999,79700.15083858279,79700.15083858279,79700.15083858279,79700.15083858279,0,1
1372308180000,1372308239999,79700.29947719998,79702.53224729234,79700.0194816868,79701.22928259653,0,1
1372308240000,1372308299999,79701.65095022987,79702.66702705444,79701.65095022987,79701.88597037422,0,1
1372308300000,1372308359999,79702.31452230077,79702.31452230077,79701.92053169428,79701.92053169428,0,1
1372308360000,1372308419999,79703.42728912405,79703.85923046026,79702.39746571367,79703.21303929907,0,1
1372308420000,1372308479999,79703.43765593464,79703.69336719379,79702.88820016354,79702.88820016354,0,1
1372308480000,1372308539999,79702.11752893789,79703.01260788774,79702.11752893789,79702.62210066892,0,1
1372308540000,1372308599999,79703.06444398269,79705.55917034454,79702.91930223968,79705.55917034454,0,1
1372308600000,1372308659999,79703.7590217324,79703.86268591574,79702.94349267648,79702.94349267648,0,1
1372308660000,1372308719999,79703.08517834544,79703.5516901418,79702.08296829867,79702.08296829867,0,1
1372308720000,1372308779999,79702.08296829867,79702.08296829867,79702.08296829867,79702.08296829867,0,1
1372308780000,1372308839999,79702.1002486332,79702.1002486332,79701.93090006702,79701.93090006702,0,1
1372308840000,1372308899999,79701.63366911889,79701.63366911889,79701.63366911889,79701.63366911889,0,1
1372308900000,1372308959999,79702.47349657114,79702.86055379242,79702.01384666185,79702.60827712507,0,1
1372308960000,1372309019999,79702.29033034242,79702.54952685055,79701.72698676334,79702.54952685055,0,1
1372309020000,1372309079999,79702.42165741285,79703.70718923774,79702.42165741285,79703.70718923774,0,1
1372309080000,1372309139999,79703.36508803484,79704.11493093966,79703.36508803484,79703.7590217324,0,1
1372309140000,1372309199999,79703.57933460224,79704.09074333646,79703.57933460224,79704.09074333646,0,1
1372309200000,1372309259999,79705.2482273269,79705.72500266734,79705.18603756312,79705.72500266734,0,1
1372309260000,1372309319999,79705.43824920879,79707.37626618131,79705.3346013572,79705.87355845462,0,1
1372309320000,1372309379999,79705.18603756312,79705.89428699366,79705.13075744842,79705.13075744842,0,1
1372309380000,1372309439999,79705.10311727646,79705.75609592171,79705.05820183411,79705.47970804862,0,1
1372309440000,1372309499999,79705.00292101271,79705.58680925598,79704.84744206413,79704.84744206413,0,1
1372309500000,1372309559999,79704.66086413484,79704.66086413484,79704.66086413484,79704.66086413484,0,1
1372309560000,1372309619999,79705.47970804862,79705.47970804862,79705.0720219917,79705.0720219917,0,1
1372309620000,1372309679999,79704.99946595123,79705.74573151433,79704.99946595123,79705.23786239311,0,1
1372309680000,1372309739999,79705.31041670391,79705.52116671657,79705.0996622496,79705.52116671657,0,1
1372309740000,1372309799999,79705.10657230213,79705.3346013572,79705.0685669541,79705.0685669541,0,1
1372309800000,1372309859999,79705.1273024311,79705.53498623437,79705.1273024311,79705.53498623437,0,1
1372309860000,1372309919999,79705.53498623437,79705.53498623437,79705.53498623437,79705.53498623437,0,1
1372309920000,1372309979999,79704.71269168661,79705.2689571622,79700.89055309481,79700.89055309481,0,1
1372309980000,1372310039999,79701.7408115255,79701.7408115255,79700.41354719852,79700.94585665432,0,1
1372310040000,1372310099999,79702.2557703004,79703.53786788291,79702.2557703004,79703.11282409557,0,1
1372310100000,1372310159999,79703.58624570542,79703.58624570542,79701.59910680736,79701.92744394398,0,1
1372310160000,1372310219999,79702.04495145754,79702.04840753997,79701.64403778905,79701.64403778905,0,1
1372310220000,1372310279999,79701.73735533675,79701.73735533675,79698.64013009395,79698.64013009395,0,1
1372310280000,1372310339999,79698.66778813546,79698.75767624204,79698.25982426578,79698.46726560137,0,1
1372310340000,1372310399999,79698.96165010228,79699.11030639632,79698.96165010228,79699.11030639632,0,1
1372310400000,1372310459999,79698.96165010228,79698.96165010228,79698.07658083984,79698.14227226545,0,1
1372310460000,1372310519999,79698.47418023845,79698.47418023845,79698.47418023845,79698.47418023845,0,1
1372310520000,1372310579999,79698.42577767851,79698.90979273562,79697.77232018801,79698.63321557161,0,1
1372310580000,1372310639999,79698.69544610046,79699.29007384638,79698.43269234427,79698.43269234427,0,1
1372310640000,1372310699999,79699.48712291558,79699.71182325608,79698.48800949827,79699.04807844912,0,1
1372310700000,1372310759999,79699.07919247112,79700.42737377659,79699.07919247112,79699.57354672099,0,1
1372310760000,1372310819999,79699.84318419342,79699.91923447371,79698.65741637885,79698.65741637885,0,1
1372310820000,1372310879999,79699.0826495787,79700.28219375336,79697.97631414773,79698.03163382632,0,1
1372310880000,1372310939999,79696.72808254625,79697.60289831251,79696.46181907853,79696.82490386769,0,1
1372310940000,1372310999999,79696.4514450337,79696.72808254625,79696.40303268218,79696.41686480654,0,1
1372311000000,1372311059999,79696.07105595787,79697.1291933466,79696.07105595787,79697.1291933466,0,1
1372311060000,1372311119999,79697.5268304143,79698.750761801,79697.5268304143,79698.63667283338,0,1
1372311120000,1372311179999,79698.57098465551,79701.63712534348,79698.57098465551,79701.63712534348,0,1
1372311180000,1372311239999,79701.3709925553,79701.3709925553,79699.57354672099,79700.81796670881,0,1
1372311240000,1372311299999,79701.33297300737,79701.38827412021,79701.08757062955,79701.22582623098,0,1
1372311300000,1372311359999,79701.26038983268,79701.26038983268,79700.38589398502,79700.92166138468,0,1
1372311360000,1372311419999,79701.69933718171,79702.52879137712,79701.59910680736,79702.52879137712,0,1
1372311420000,1372311479999,79701.29495331491,79701.64058156687,79700.31676061673,79701.64058156687,0,1
1372311480000,1372311539999,79701.75118008457,79701.75118008457,79701.19471888732,79701.65095022987,0,1
1372311540000,1372311599999,79702.46312876098,79702.46312876098,79701.53343808636,79702.03458320307,0,1
1372311600000,1372311659999,79702.14863341107,79702.14863341107,79700.86635769135,79701.24310804676,0,1
1372311660000,1372311719999,79701.31223501122,79701.31223501122,79700.88364012838,79700.88364012838,0,1
1372311720000,1372311779999,79701.31223501122,79702.05186362122,79699.18636225036,79700.14046836428,0,1
1372311780000,1372311839999,79699.30735900781,79699.30735900781,79698.1941336124,79698.6989033407,0,1
1372311840000,1372311899999,79697.82418345365,79698.41540567091,79696.72462462458,79697.9832291243,0,1
1372311900000,1372311959999,79697.69625357857,79698.70927505428,79697.69625357857,79698.20450584951,0,1
1372311960000,1372312019999,79698.28748335916,79698.95473580227,79698.25636687373,79698.95473580227,0,1
1372312020000,1372312079999,79699.04807844912,79701.3951867378,79698.51566796051,79701.30877867436,0,1
1372312080000,1372312139999,79701.14632949371,79701.52652556433,79700.20960295133,79701.19471888732,0,1
1372312140000,1372312199999,79701.48159405464,79701.48159405464,79700.9182049128,79700.994247018,0,1
1372312200000,1372312259999,79701.27075888989,79704.31188495936,79701.27075888989,79703.96289360481,0,1
1372312260000,1372312319999,79703.83158677357,79705.32078156248,79703.83158677357,79705.32078156248,0,1
1372312320000,1372312379999,79704.74033293773,79706.6266677947,79704.32570614842,79706.51266864761,0,1
1372312380000,1372312439999,79706.85466219019,79708.62316943308,79706.39175904119,79707.40390007095,0,1
1372312440000,1372312499999,79706.39866820094,79707.59388099515,79706.1430261109,79706.99974682636,0,1
1372312500000,1372312559999,79707.07574270047,79707.39008313567,79706.46430498049,79706.79939129892,0,1
1372312560000,1372312619999,79706.16720875064,79706.58521370975,79705.48316294418,79706.31575796889,0,1
1372312620000,1372312679999,79706.12229808746,79706.34684938646,79705.39333527167,79705.94265341769,0,1
1372312680000,1372312739999,79706.65084926489,79706.82357235144,79704.64704340902,79705.37951555812,0,1
1372312740000,1372312799999,79705.09620722155,79706.44012305919,79705.09620722155,79706.44012305919,0,1
1372312800000,1372312859999,79706.74412010216,79707.59388099515,79704.48119320904,79707.59388099515,0,1
1372312860000,1372312919999,79707.18282681557,79709.4624101176,79706.95829428796,79709.08251565225,0,1
1372312920000,1372312979999,79708.93055382505,79711.01292058917,79708.20179569938,79709.73523451143,0,1
1372312980000,1372313039999,79710.07021124526,79710.07021124526,79708.6749764533,79709.14813481829,0,1
1372313040000,1372313099999,79708.95127602837,79710.84026984779,79708.95127602837,79709.51766629214,0,1
1372313100000,1372313159999,79709.38988592518,79710.01495812381,79708.10853845705,79708.89256300742,0,1
1372313160000,1372313219999,79708.9927203062,79709.36225752304,79708.11544643075,79708.11544643075,0,1
1372313220000,1372313279999,79707.30718112309,79710.15654363636,79707.09992308475,79709.38988592518,0,1
1372313280000,1372313339999,79708.9063778669,79709.0514327391,79708.23288125356,79708.79240470551,0,1
1372313340000,1372313399999,79708.81312719511,79710.3844575678,79708.20870360866,79710.3844575678,0,1
1372313400000,1372313459999,79710.23596877791,79710.8851593273,79709.90790433221,79710.8851593273,0,1
1372313460000,1372313519999,79710.74013105196,79712.58045292359,79710.322299738,79712.58045292359,0,1
1372313520000,1372313579999,79712.48378403009,79712.89116803791,79711.7656429931,79711.9313724253,0,1
1372313580000,1372313639999,79712.11781475351,79712.11781475351,79709.85610369904,79711.04745037974,0,1
1372313640000,1372313699999,79711.06126226259,79711.06126226259,79709.15849569988,79709.15849569988,0,1
1372313700000,1372313759999,79709.12395938615,79710.91278352223,79709.0134423807,79710.91278352223,0,1
1372313760000,1372313819999,79710.90933050205,79710.9369546302,79710.24632853248,79710.785020981,0,1
1372313820000,1372313879999,79710.8540820168,79711.85886613667,79710.5260378489,79710.77811485119,0,1
1372313880000,1372313939999,79710.8230046097,79710.8230046097,79710.2566882763,79710.2566882763,0,1
1372313940000,1372313999999,79710.66070991465,79710.96803168317,79709.24138236618,79709.32772191303,0,1
1372314000000,1372314059999,79708.92019270729,79710.73322489116,79708.57136214444,79708.57136214444,0,1
1372314060000,1372314119999,79708.55754682215,79708.55754682215,79707.83912376045,79708.15344020081,0,1
1372314120000,1372314179999,79708.57136214444,79708.57136214444,79708.04636647899,79708.29159814781,0,1
1372314180000,1372314239999,79707.93929161069,79708.62662324277,79707.08265138767,79708.62662324277,0,1
1372314240000,1372314299999,79708.59553891253,79708.59553891253,79707.3589949615,79707.3589949615,0,1
1372314300000,1372314359999,79707.12064908189,79707.62151428346,79706.74412010216,79707.11719475202,0,1
1372314360000,1372314419999,79707.18973542876,79707.39699160571,79706.41248650612,79707.31408965039,0,1
1372314420000,1372314479999,79706.94102234625,79708.90292415382,79706.94102234625,79708.76822841336,0,1
1372314480000,1372314539999,79708.91673899897,79709.67652609319,79708.14653225335,79709.00308134881,0,1
1372314540000,1372314599999,79709.11359846877,79710.56747560076,79708.384853683,79708.68188403572,0,1
1372314600000,1372314659999,79708.43320806258,79710.0529446776,79708.43320806258,79709.70760706342,0,1
1372314660000,1372314719999,79709.15158844668,79709.15158844668,79708.32268342283,79708.5368238029,0,1
1372314720000,1372314779999,79708.17761797932,79708.9063778669,79708.1672560814,79708.1672560814,0,1
1372314780000,1372314839999,79708.7371445233,79708.7371445233,79708.1845259053,79708.30195991689,0,1
1372314840000,1372314899999,79708.65770747638,79708.66461507072,79708.1845259053,79708.1845259053,0,1
1372314900000,1372314959999,79708.34340688583,79708.77858968859,79708.30195991689,79708.34686079215,0,1
1372314960000,1372315019999,79708.40903090201,79710.50186574769,79708.40903090201,79710.03913140201,0,1
1372315020000,1372315079999,79709.97351808236,79710.40172356305,79709.97351808236,79710.40172356305,0,1
1372315080000,1372315139999,79710.4984125856,79710.4984125856,79709.11359846877,79709.24828955736,0,1
1372315140000,1372315199999,79708.64389227337,79708.96163711394,79706.65775824564,79706.65775824564,0,1
1372315200000,1372315259999,79706.98592933264,79706.98592933264,79706.58521370975,79706.74066564221,0,1
1372315260000,1372315319999,79706.53339586193,79707.04810790397,79705.59026411454,79705.59026411454,0,1
1372315320000,1372315379999,79705.61444809103,79705.97029126926,79705.24131737225,79705.80446301412,0,1
1372315380000,1372315439999,79705.53498623437,79706.63012229402,79705.03056146161,79706.63012229402,0,1
1372315440000,1372315499999,79706.39521362167,79707.02738175649,79706.39521362167,79707.02738175649,0,1
1372315500000,1372315559999,79706.80630017704,79706.80630017704,79705.87010369393,79705.87010369393,0,1
1372315560000,1372315619999,79705.16185255053,79705.16185255053,79704.74724323857,79704.80943573124,0,1
1372315620000,1372315679999,79704.87508294279,79704.87508294279,79703.1059126652,79703.81430943059,0,1
1372315680000,1372315739999,79703.61734561058,79703.61734561058,79703.5344123152,79703.5344123152,0,1
1372315740000,1372315799999,79703.68991167982,79703.87305227497,79701.88251423564,79701.88251423564,0,1
1372315800000,1372315859999,79703.19921657209,79704.23586807809,79701.57836936312,79703.10245694823,0,1
1372315860000,1372315919999,79701.91016331081,79702.3698179858,79701.23619532403,79701.66477509715,0,1
1372315920000,1372315979999,79701.57491311822,79701.57491311822,79699.5528050758,79699.77750394045,0,1
1372315980000,1372316039999,79699.0204214594,79699.0204214594,79696.08834668432,79696.67621359558,0,1
1372316040000,1372316099999,79696.48948314547,79696.64163414565,79695.22377373614,79696.07451410555,0,1
1372316100000,1372316159999,79696.3096653424,79697.00125458016,79695.02318212923,79695.93272907,0,1
1372316160000,1372316219999,79696.067597809,79696.59322271489,79695.70448552167,79696.59322271489,0,1
1372316220000,1372316279999,79696.66583977315,79696.66583977315,79695.06814266685,79696.19209041518,0,1
1372316280000,1372316339999,79696.5482690336,79696.5482690336,79696.0572233552,79696.34078788586,0,1
1372316340000,1372316399999,79696.58630677707,79696.68658740722,79696.18863230816,79696.18863230816,0,1
1372316400000,1372316459999,79695.18573080954,79698.16301683651,79692.57079738031,79696.35807814592,0,1
1372316460000,1372316519999,79697.15685556737,79707.78731240972,79697.15685556737,79707.64569334808,0,1
1372316520000,1372316579999,79705.5729898098,79705.5729898098,79696.72116670171,79701.70279338359,0,1
1372316580000,1372316639999,79701.47122521604,79701.47122521604,79697.73082938186,79700.83179272771,0,1
1372316640000,1372316699999,79701.1255911105,79701.1255911105,79694.26919837964,79696.60359661264,0,1
1372316700000,1372316759999,79696.86639843276,79696.86639843276,79691.87544205952,79692.66765896132,0,1
1372316760000,1372316819999,79692.60193156224,79695.61111165947,79692.60193156224,79693.26956347037,0,1
1372316820000,1372316879999,79692.89251258594,79693.20384002736,79692.12107060655,79693.04817751821,0,1
1372316880000,1372316939999,79693.24880874557,79696.03647441529,79692.96169729944,79695.17881389824,0,1
1372316940000,1372316999999,79694.88138218646,79698.06275101105,79694.77762485687,79698.06275101105,0,1
1372317000000,1372317059999,79697.2640459501,79697.2640459501,79691.68862194203,79691.68862194203,0,1
1372317060000,1372317119999,79693.74691025254,79693.85413719264,79689.83753032034,79691.29767225427,0,1
1372317120000,1372317179999,79693.39063183994,79693.39063183994,79690.8236685054,79693.16578941555,0,1
1372317180000,1372317239999,79693.15541195084,79699.07573536235,79693.15541195084,79696.90097710547,0,1
1372317240000,1372317299999,79697.60981354729,79697.60981354729,79695.9085216679,79696.27508462495,0,1
1372317300000,1372317359999,79696.53789507847,79700.47231002328,79696.19209041518,79700.01602490309,0,1
1372317360000,1372317419999,79699.93651854768,79700.4515702422,79698.27711120811,79699.6046591081,0,1
1372317420000,1372317479999,79699.88466623619,79701.82030353698,79699.46983806488,79701.29149697206,0,1
1372317480000,1372317539999,79701.7200743751,79701.75118008457,79699.46638109114,79699.97800020328,0,1
1372317540000,1372317599999,79701.20163163872,79702.30415432579,79699.76021959166,79701.5472631161,0,1
1372317600000,1372317659999,79700.76611896764,79701.83412817013,79698.86484946699,79699.44909620458,0,1
1372317660000,1372317719999,79698.51221065692,79699.72910768853,79694.27611592013,79694.87792362616,0,1
1372317720000,1372317779999,79694.61852819388,79695.03701616233,79690.22853709536,79691.0105047825,0,1
1372317780000,1372317839999,79692.43934087685,79693.02050392957,79689.47419173701,79689.78908593864,0,1
1372317840000,1372317899999,79689.09007659378,79691.40146569701,79688.20067228816,79689.49149387366,0,1
1372317900000,1372317959999,79689.2042745289,79692.19026065744,79689.2042745289,79691.35648867076,0,1
1372317960000,1372318019999,79692.12453012046,79692.12453012046,79690.9620660829,79692.04496099765,0,1
1372318020000,1372318079999,79691.68862194203,79691.8097094532,79690.16279366257,79691.10046174502,0,1
1372318080000,1372318139999,79691.25961438866,79693.66043607623,79691.20771706579,79693.12773865896,0,1
1372318140000,1372318199999,79693.21421744183,79694.76033186394,79692.15912519378,79694.6773250816,0,1
1372318200000,1372318259999,79694.77762485687,79694.77762485687,79690.89286753356,79691.70937990522,0,1
1372318260000,1372318319999,79691.33918976065,79691.33918976065,79686.92699063348,79686.92699063348,0,1
1372318320000,1372318379999,79687.95494742489,79689.70603788116,79686.34547333006,79689.70603788116,0,1
1372318380000,1372318439999,79688.14183730731,79692.71954870806,79688.14183730731,79692.71954870806,0,1
1372318440000,1372318499999,79691.94463380994,79693.41138627041,79690.92746686809,79692.81640884824,0,1
1372318500000,1372318559999,79692.97899340301,79693.79533546465,79692.97899340301,79693.14849363505,0,1
1372318560000,1372318619999,79693.72961547709,79694.57010696796,79689.16620869543,79689.16620869543,0,1
1372318620000,1372318679999,79689.89289504063,79690.92746686809,79689.08315546489,79689.70603788116,0,1
1372318680000,1372318739999,79689.71641892605,79689.74064132226,79687.4219459829,79687.4219459829,0,1
1372318740000,1372318799999,79686.98237147019,79688.80976704204,79686.2450889444,79688.80976704204,0,1
1372318800000,1372318859999,79689.23887970633,79691.83392677948,79688.39447918866,79689.86867301322,0,1
1372318860000,1372318919999,79689.71641892605,79689.71641892605,79684.29604754291,79685.22388016812,0,1
1372318920000,1372318979999,79686.02354742389,79686.16547302545,79683.0841961892,79683.69014022335,0,1
1372318980000,1372319039999,79684.43453548996,79687.40464026511,79683.35081608774,79685.66699373335,0,1
1372319040000,1372319099999,79685.66353198471,79687.88226708291,79685.42120660264,79685.79853929329,0,1
1372319100000,1372319159999,79686.12047244303,79687.57423500808,79685.20310873797,79686.6500818493,0,1
1372319160000,1372319219999,79686.93737456373,79688.11068923613,79686.34547333006,79687.10005472985,0,1
1372319220000,1372319279999,79687.71959964144,79688.60558600267,79687.6988333946,79687.6988333946,0,1
1372319280000,1372319339999,79688.70248599876,79691.4879594097,79688.70248599876,79690.86172803014,0,1
1372319340000,1372319399999,79691.15581947358,79691.24231531097,79689.9067361728,79690.87902776625,0,1
1372319400000,1372319459999,79690.57108798885,79695.91197987179,79690.57108798885,79695.91197987179,0,1
1372319460000,1372319519999,79696.558642978,79696.67621359558,79695.10964452215,79695.6041950424,0,1
1372319520000,1372319579999,79694.73958023296,79695.64915296783,79693.25918611336,79693.25918611336,0,1
1372319580000,1372319639999,79693.92331525352,79693.92331525352,79691.92733591721,79692.32863932305,0,1
1372319640000,1372319699999,79692.49123180834,79694.91250917541,79692.49123180834,79694.88138218646,0,1
1372319700000,1372319759999,79694.41792444578,79696.08488854143,79692.8025717428,79694.77416626067,0,1
1372319760000,1372319819999,79694.69807684177,79694.69807684177,79692.94094193565,79692.94094193565,0,1
1372319820000,1372319879999,79693.03779993145,79696.94247135488,79692.74376383105,79695.04047466762,0,1
1372319880000,1372319939999,79696.18171609053,79696.52752111256,79693.40792720165,79695.22031529424,0,1
1372319940000,1372319999999,79695.11656148128,79697.28133461392,79694.2864922219,79697.28133461392,0,1
1372320000000,1372320059999,79697.34011584728,79698.3808322345,79696.04684889062,79698.3808322345,0,1
1372320060000,1372320119999,79698.40157631069,79698.67470263387,79696.94938704638,79696.94938704638,0,1
1372320120000,1372320179999,79697.0773264764,79697.74465966971,79692.62960630923,79693.19692174508,0,1
1372320180000,1372320239999,79692.8786755858,79694.9194262709,79692.8786755858,79694.9194262709,0,1
1372320240000,1372320299999,79695.06468417113,79697.79652307878,79693.79879439938,79697.29862324783,0,1
1372320300000,1372320359999,79697.18451771162,79697.78615041848,79696.24396187701,79696.9563027331,0,1
1372320360000,1372320419999,79696.53443709102,79698.51566796051,79695.1061860408,79698.37391753288,0,1
1372320420000,1372320479999,79698.62284377916,79700.7834015779,79698.05583608948,79699.37995635957,0,1
1372320480000,1372320539999,79699.19327639022,79699.88120940587,79698.50529604613,79699.5528050758,0,1
1372320540000,1372320599999,79699.50095077464,79703.5516901418,79699.50095077464,79703.41001108252,0,1
1372320600000,1372320659999,79702.62901243367,79703.54132344942,79700.09553062636,79700.98387767407,0,1
1372320660000,1372320719999,79700.23034323426,79702.00347837513,79700.23034323426,79702.00347837513,0,1
1372320720000,1372320779999,79702.27996234236,79702.27996234236,79700.30639057026,79701.65786266589,0,1
1372320780000,1372320839999,79703.07481116944,79703.46530071033,79700.23725665233,79703.16465967105,0,1
1372320840000,1372320899999,79703.03334235796,79703.03334235796,79701.53689434558,79701.996566178,0,1
1372320900000,1372320959999,79702.08988043606,79702.35253811708,79701.88251423564,79702.22121013893,0,1
1372320960000,1372321019999,79702.2073860409,79703.14738117575,79702.2073860409,79703.14738117575,0,1
1372321020000,1372321079999,79703.34435425246,79705.86319416897,79703.07481116944,79705.86319416897,0,1
1372321080000,1372321139999,79705.31387165797,79705.85628463925,79704.9165441175,79705.85628463925,0,1
1372321140000,1372321199999,79706.67848515921,79707.67332649321,79705.49007273173,79706.4677595359,0,1
1372321200000,1372321259999,79706.66121273421,79707.46607604346,79706.44703218553,79706.6888485999,0,1
1372321260000,1372321319999,79706.64394027938,79706.88229752128,79703.84195316503,79703.92488390992,0,1
1372321320000,1372321379999,79703.88687407055,79705.1687625601,79703.28560830226,79705.02710640967,0,1
1372321380000,1372321439999,79704.8059806029,79704.90272374502,79702.98150610179,79702.98150610179,0,1
1372321440000,1372321499999,79703.13701406422,79703.81430943059,79701.78574187051,79701.86868966938,0,1
1372321500000,1372321559999,79701.67514373505,79702.48386437056,79699.49749381166,79701.36753623873,0,1
1372321560000,1372321619999,79702.31106631031,79702.66702705444,79699.69453879376,79700.4515702422,0,1
1372321620000,1372321679999,79701.33297300737,79702.19356192376,79700.19577607216,79702.19356192376,0,1
1372321680000,1372321739999,79701.8756019549,79702.15208945768,79699.91923447371,79700.19923279375,0,1
1372321740000,1372321799999,79699.4940368475,79699.97454340522,79696.43069691175,79696.43069691175,0,1
1372321800000,1372321859999,79696.27508462495,79696.27508462495,79694.4870986066,79694.71536994237,0,1
1372321860000,1372321919999,79694.84333795728,79694.84333795728,79692.0172846326,79693.14157531447,0,1
1372321920000,1372321979999,79692.90980880919,79693.89564408659,79691.82700754938,79693.27994081663,0,1
1372321980000,1372322039999,79693.3733364483,79696.68312947122,79693.3733364483,79693.47710834937,0,1
1372322040000,1372322099999,79694.7949178199,79698.30131287716,79694.6773250816,79698.30131287716,0,1
1372322100000,1372322159999,79697.28133461392,79698.11115532817,79694.29686851292,79694.29686851292,0,1
1372322160000,1372322219999,79693.93715080825,79696.56901691161,79693.47019025614,79695.57652852629,0,1
1372322220000,1372322279999,79694.62198684391,79694.8191279179,79692.46701607382,79694.44905287736,0,1
1372322280000,1372322339999,79694.70153546428,79695.78748377836,79693.23151310865,79693.23151310865,0,1
1372322340000,1372322399999,79693.16578941555,79693.72615651842,79691.71975887066,79693.16578941555,0,1
1372322400000,1372322459999,79693.06547347222,79694.6323627868,79692.7783567622,79694.6323627868,0,1
1372322460000,1372322519999,79694.78108345186,79696.76611960576,79693.23151310865,79696.76611960576,0,1
1372322520000,1372322579999,79697.4161851658,79699.20710465561,79696.94938704638,79699.20710465561,0,1
1372322580000,1372322639999,79698.9927643932,79700.14738184448,79698.9927643932,79699.7844176716,0,1
1372322640000,1372322699999,79699.4594671401,79700.47231002328,79698.09386809895,79700.27528036635,0,1
1372322700000,1372322759999,79700.53798571293,79701.42629345787,79698.19067619764,79701.20163163872,0,1
1372322760000,1372322819999,79701.77537334726,79704.85780740257,79700.91129196547,79702.96422729001,0,1
1372322820000,1372322879999,79703.3236204271,79705.32423651296,79702.20047398472,79705.24131737225,0,1
1372322880000,1372322939999,79705.79409865686,79707.04119919291,79704.02509097573,79705.7975534438,0,1
1372322940000,1372322999999,79705.3449661907,79706.6888485999,79704.23932340341,79704.23932340341,0,1
1372323000000,1372323059999,79704.02854637387,79705.7975534438,79703.41692230273,79704.76451896978,0,1
1372323060000,1372323119999,79706.93756795432,79707.17937250716,79701.93090006702,79701.93090006702,0,1
1372323120000,1372323179999,79702.70849738501,79703.81430943059,79701.2189134963,79701.4574000812,0,1
1372323180000,1372323239999,79701.83758432543,79703.63807882695,79701.00461635119,79703.23031768094,0,1
1372323240000,1372323299999,79702.07951222816,79702.14863341107,79701.09448345502,79701.09448345502,0,1
1372323300000,1372323359999,79701.20854438534,79701.20854438534,79699.32118711545,79700.87672715714,0,1
1372323360000,1372323419999,79700.67970546833,79701.78228569729,79700.67970546833,79700.89746605649,0,1
1372323420000,1372323479999,79701.1221347091,79705.50043740407,79701.1221347091,79704.01472477411,0,1
1372323480000,1372323539999,79704.37062488092,79705.66627070085,79702.67393878815,79703.58624570542,0,1
1372323540000,1372323599999,79702.7015856752,79702.7015856752,79698.73001844915,79698.73001844915,0,1
1372323600000,1372323659999,79698.27019643477,79698.27019643477,79693.51169874377,79693.51169874377,0,1
1372323660000,1372323719999,79692.56041929813,79695.69411069114,79692.56041929813,79695.5523202619,0,1
1372323720000,1372323779999,79695.2929423228,79695.69065241193,79691.59175087741,79691.59175087741,0,1
1372323780000,1372323839999,79692.03804191356,79692.03804191356,79688.82360967348,79688.82360967348,0,1
1372323840000,1372323899999,79688.3564102725,79689.74756199612,79688.3564102725,79689.30462921351,0,1
1372323900000,1372323959999,79689.09007659378,79690.89286753356,79689.09007659378,79690.48804642551,0,1
1372323960000,1372324019999,79690.3496422875,79692.77489747448,79689.65067212633,79692.77489747448,0,1
1372324020000,1372324079999,79693.14849363505,79696.27162654663,79693.14849363505,79694.3867959173,0,1
1372324080000,1372324139999,79693.36295919897,79693.53937097313,79692.72300801493,79692.93748270416,0,1
1372324140000,1372324199999,79693.17962601842,79694.47326381272,79692.44280028067,79693.31107279078,0,1
1372324200000,1372324259999,79694.15505827058,79694.49401599636,79693.18308516615,79694.35220854977,0,1
1372324260000,1372324319999,79694.14468183243,79696.07105595787,79693.98903396809,79694.44213545648,0,1
1372324320000,1372324379999,79694.39371337644,79696.62434437586,79694.33491482116,79696.61397049963,0,1
1372324380000,1372324439999,79696.48602514129,79697.09461546302,79695.6560695538,79696.57939083448,0,1
1372324440000,1372324499999,79696.80761441475,79697.8553012839,79694.71536994237,79697.1084466308,0,1
1372324500000,1372324559999,79696.94592920123,79698.66087363225,79696.36845228761,79698.66087363225,0,1
1372324560000,1372324619999,79698.32551448763,79698.66778813546,79697.55794916987,79697.80689572832,0,1
1372324620000,1372324679999,79697.95556918936,79699.08610668509,79697.82072591096,79699.08610668509,0,1
1372324680000,1372324739999,79698.51912526292,79702.1002486332,79698.51912526292,79700.79377112973,0,1
1372324740000,1372324799999,79700.21305966815,79700.21305966815,79697.39198135448,79697.82072591096,0,1
1372324800000,1372324859999,79697.85875881462,79698.0523786269,79694.7534146584,79696.04684889062,0,1
1372324860000,1372324919999,79695.9638527866,79698.06275101105,79695.03009914816,79698.01434645963,0,1
1372324920000,1372324979999,79697.16031333958,79698.37391753288,79696.36153619435,79698.37391753288,0,1
1372324980000,1372325039999,79698.12152765135,79698.85793510005,79698.12152765135,79698.85793510005,0,1
1372325040000,1372325099999,79698.52949716295,79703.94561648868,79698.39466162342,79703.94561648868,0,1
1372325100000,1372325159999,79704.94763988572,79704.94763988572,79701.89633878278,79703.87996317515,0,1
1372325160000,1372325219999,79703.67263409206,79703.67263409206,79701.91361943983,79701.95509289492,0,1
1372325220000,1372325279999,79701.78919804253,79702.17628175046,79699.56663284404,79702.17628175046,0,1
1372325280000,1372325339999,79701.94472454727,79703.06444398269,79700.79031461364,79701.70279338359,0,1
1372325340000,1372325399999,79702.61864478474,79704.97182541639,79701.5541756238,79704.30151905502,0,1
1372325400000,1372325459999,79704.67814001528,79706.6059407737,79704.67814001528,79704.68159518778,0,1
1372325460000,1372325519999,79704.64013303892,79704.64013303892,79701.92744394398,79702.32489026501,0,1
1372325520000,1372325579999,79701.2189134963,79703.94907191429,79701.2189134963,79702.15554550309,0,1
1372325580000,1372325639999,79702.12098499524,79702.63938007185,79701.43666234307,79702.48040843861,0,1
1372325640000,1372325699999,79701.5541756238,79702.03803928908,79700.24071335958,79700.49650638018,0,1
1372325700000,1372325759999,79700.01256811817,79702.17973778752,79700.01256811817,79702.07951222816,0,1
1372325760000,1372325819999,79701.92744394398,79702.27996234236,79701.17743698791,79701.17743698791,0,1
1372325820000,1372325879999,79701.78574187051,79701.78574187051,79700.49650638018,79701.21200075686,0,1
1372325880000,1372325939999,79701.1221347091,79701.77191717047,79699.63577139839,79699.63577139839,0,1
1372325940000,1372325999999,79700.77648853739,79701.51270050593,79700.22688652342,79701.18434975126,0,1
1372326000000,1372326059999,79701.20163163872,79705.36569582547,79701.20163163872,79704.81634598433,0,1
1372326060000,1372326119999,79703.58279015443,79705.5315313567,79702.59099766839,79705.5315313567,0,1
1372326120000,1372326179999,79704.99601088856,79705.16530755592,79703.72792226785,79704.1356631244,0,1
1372326180000,1372326239999,79702.96077152407,79704.15985061895,79702.96077152407,79703.382366154,0,1
1372326240000,1372326299999,79703.27178567559,79703.94561648868,79702.57717408155,79702.88820016354,0,1
1372326300000,1372326359999,79703.23722902533,79703.63807882695,79699.64268522753,79700.85253172023,0,1
1372326360000,1372326419999,79700.0298520308,79701.6785999453,79699.55626201966,79699.55626201966,0,1
1372326420000,1372326479999,79701.49887542841,79701.49887542841,79698.24253729357,79698.24253729357,0,1
1372326480000,1372326539999,79697.6374744386,79699.84318419342,79696.59322271489,79698.97547868798,0,1
1372326540000,1372326599999,79698.23907989555,79700.20268951415,79697.87258892553,79699.83627050288,0,1
1372326600000,1372326659999,79700.3202172965,79702.04149537391,79700.3202172965,79701.59910680736,0,1
1372326660000,1372326719999,79701.41246826091,79701.51961303753,79700.14046836428,79701.35371096052,0,1
1372326720000,1372326779999,79701.32951667767,79703.43420033231,79701.32951667767,79702.91239067557,0,1
1372326780000,1372326839999,79702.85018638354,79703.77629917092,79702.10370469654,79702.79143753022,0,1
1372326840000,1372326899999,79703.2199506554,79705.9910196078,79703.2199506554,79705.6766351906,0,1
1372326900000,1372326959999,79705.93228920367,79706.00483847628,79704.49155892713,79706.00483847628,0,1
1372326960000,1372327019999,79705.85282987259,79708.3330451597,79705.63517716719,79708.3330451597,0,1
1372327020000,1372327079999,79707.92892946582,79708.75786712741,79707.18628112276,79707.18628112276,0,1
1372327080000,1372327139999,79708.33995297832,79710.45352136996,79708.13271634413,79709.24828955736,0,1
1372327140000,1372327199999,79710.12546406144,79710.4880530922,79709.22411436736,79709.22411436736,0,1
1372327200000,1372327259999,79709.11014482727,79709.27591827438,79707.365903453,79707.365903453,0,1
1372327260000,1372327319999,79706.4953959362,79707.53170581728,79705.46588845445,79706.97556619984,0,1
1372327320000,1372327379999,79706.15684476934,79707.2380955876,79706.15684476934,79706.94102234625,0,1
1372327380000,1372327439999,79706.80284573858,79707.30718112309,79704.54684257544,79704.6677744906,0,1
1372327440000,1372327499999,79704.70578136189,79704.9372746404,79702.7050415307,79702.81908409242,0,1
1372327500000,1372327559999,79702.88820016354,79704.04236795455,79702.47004063561,79703.7555662411,0,1
1372327560000,1372327619999,79703.46184511755,79705.18603756312,79703.31325349829,79704.75069838719,0,1
1372327620000,1372327679999,79705.2274974486,79705.93919868088,79704.96146019612,79704.96146019612,0,1
1372327680000,1372327739999,79704.33261673579,79705.27932206375,79704.33261673579,79705.27932206375,0,1
1372327740000,1372327799999,79705.03401651235,79706.70957544904,79704.99255582468,79706.48848684329,0,1
1372327800000,1372327859999,79705.0858421302,79706.52303226014,79704.95800512031,79706.13957144332,0,1
1372327860000,1372327919999,79706.0739325323,79706.61284978548,79706.03247615598,79706.31921257562,0,1
1372327920000,1372327979999,79706.44357762295,79708.92710012033,79705.71809304213,79708.21906546364,0,1
1372327980000,1372328039999,79708.20870360866,79711.06471523031,79708.20870360866,79711.06471523031,0,1
1372328040000,1372328099999,79711.15103903609,79711.15103903609,79708.87874812887,79709.43132838525,0,1
1372328100000,1372328159999,79709.22756796952,79709.22756796952,79708.7371445233,79708.7371445233,0,1
1372328160000,1372328219999,79708.1672560814,79708.77168217297,79706.41939565155,79706.41939565155,0,1
1372328220000,1372328279999,79706.29848491735,79707.04810790397,79705.56953494527,79707.0342904771,0,1
1372328280000,1372328339999,79706.4677595359,79706.84429892135,79705.45206884116,79705.45206884116,0,1
1372328340000,1372328399999,79705.0616568753,79705.9219249789,79704.64704340902,79705.3346013572,0,1
1372328400000,1372328459999,79705.66972553196,79708.33649906961,79705.16185255053,79707.33481520365,0,1
1372328460000,1372328519999,79707.88402671395,79707.88402671395,79707.07228835509,79707.23464129829,0,1
1372328520000,1372328579999,79708.88565557054,79708.88565557054,79707.50061808337,79708.4228464295,0,1
1372328580000,1372328639999,79708.5333699622,79708.96163711394,79707.2968183232,79708.88565557054,0,1
1372328640000,1372328699999,79708.8200346821,79708.8200346821,79707.54552255687,79708.78549719944,0,1
1372328700000,1372328759999,79708.71642187625,79709.4244213205,79707.10683175524,79708.36758420506,0,1
1372328760000,1372328819999,79708.37103810303,79709.25865033519,79708.05327449564,79708.67152266031,0,1
1372328820000,1372328879999,79708.89947043954,79709.42096778634,79707.88057264776,79708.19834174294,0,1
1372328880000,1372328939999,79708.37449199981,79708.37449199981,79706.00829319042,79706.00829319042,0,1
1372328940000,1372328999999,79705.04783670338,79705.59717382806,79704.56757386476,79705.59717382806,0,1
1372329000000,1372329059999,79705.39679019706,79706.70612097716,79704.71960200655,79706.70612097716,0,1
1372329060000,1372329119999,79706.52303226014,79708.45738516469,79706.40212277904,79707.15864663174,0,1
1372329120000,1372329179999,79706.71993885751,79709.22756796952,79706.71993885751,79708.54373148076,0,1
1372329180000,1372329239999,79708.55409298859,79710.422442718,79707.77004189983,79707.77004189983,0,1
1372329240000,1372329299999,79708.64734607592,79708.64734607592,79707.96692394454,79708.34686079215,0,1
1372329300000,1372329359999,79707.90475108601,79710.23251552401,79707.90475108601,79710.23251552401,0,1
1372329360000,1372329419999,79710.07021124526,79710.07021124526,79707.54897673879,79707.54897673879,0,1
1372329420000,1372329479999,79708.34340688583,79708.96854449835,79707.36244920785,79707.7527713601,0,1
1372329480000,1372329539999,79708.388307575,79708.75786712741,79708.1672560814,79708.42975418607,0,1
1372329540000,1372329599999,79708.14653225335,79708.29159814781,79706.29848491735,79706.29848491735,0,1
1372329600000,1372329659999,79706.1775727212,79708.55063915384,79706.1775727212,79708.1672560814,0,1
1372329660000,1372329719999,79708.75786712741,79708.75786712741,79706.82702678273,79707.0930144095,0,1
1372329720000,1372329779999,79706.76139238397,79707.40044583892,79706.12920743338,79706.12920743338,0,1
1372329780000,1372329839999,79706.2052099235,79706.70612097716,79706.1188434127,79706.14993544252,0,1
1372329840000,1372329899999,79706.38484987667,79706.63703128908,79704.76451896978,79706.29157568839,0,1
1372329900000,1372329959999,79706.07047784084,79706.67848515921,79704.96491527074,79705.26550219263,0,1
1372329960000,1372330019999,79705.1273024311,79705.30696174868,79703.64153435883,79704.37062488092,0,1
1372330020000,1372330079999,79704.42245393696,79704.80252547337,79703.68991167982,79704.09419871191,0,1
1372330080000,1372330139999,79704.27733190314,79704.27733190314,79701.93781230954,79702.78798170458,0,1
1372330140000,1372330199999,79702.80871664056,79703.13701406422,79701.75809245132,79701.83067201365,0,1
1372330200000,1372330259999,79701.66823131098,79701.95163678023,79700.80759718208,79701.75463626854,0,1
1372330260000,1372330319999,79701.50233169958,79701.50233169958,79699.70145258227,79700.5068762295,0,1
1372330320000,1372330379999,79699.9676298055,79702.47695250547,79699.57354672099,79702.10370469654,0,1
1372330380000,1372330439999,79702.07951222816,79702.08296829867,79699.72910768853,79700.16812225645,0,1
1372330440000,1372330499999,79700.13701162237,79701.19471888732,79699.4940368475,79699.96417300386,0,1
1372330500000,1372330559999,79700.39972060133,79701.48159405464,79699.62885756447,79699.62885756447,0,1
1372330560000,1372330619999,79699.50440773641,79702.12789710636,79699.50440773641,79702.12789710636,0,1
1372330620000,1372330679999,79701.24656440633,79701.65786266589,79700.21651638375,79701.65786266589,0,1
1372330680000,1372330739999,79701.49887542841,79701.79611038299,79699.81552940264,79699.81552940264,0,1
1372330740000,1372330799999,79699.66342668628,79699.71182325608,79698.61592924487,79699.32464413937,0,1
1372330800000,1372330859999,79699.74293521297,79699.74293521297,79698.40503365253,79698.40503365253,0,1
1372330860000,1372330919999,79698.42232034383,79699.32464413937,79696.57939083448,79699.32464413937,0,1
1372330920000,1372330979999,79700.0540494583,79702.83981896393,79699.92614810688,79702.53570320638,0,1
1372330980000,1372331039999,79703.05062105031,79704.76797411243,79702.82599572102,79703.28215264739,0,1
1372331040000,1372331099999,79703.55860126407,79704.64358822456,79703.11973552115,79703.98708151725,0,1
1372331100000,1372331159999,79703.70373372856,79705.02019630223,79703.70373372856,79704.90272374502,0,1
1372331160000,1372331219999,79705.28968695454,79705.28968695454,79703.11627980895,79703.46184511755,0,1
1372331220000,1372331279999,79703.22340633177,79703.22340633177,79701.26384618627,79701.26384618627,0,1
1372331280000,1372331339999,79702.48040843861,79702.48040843861,79700.10244413765,79701.19126250982,0,1
1372331340000,1372331399999,79700.15775205585,79703.07481116944,79700.15775205585,79702.98150610179,0,1
1372331400000,1372331459999,79702.98841761814,79703.59661235122,79702.59790945465,79703.27869699131,0,1
1372331460000,1372331519999,79702.95731575694,79705.29314191575,79702.95731575694,79704.5192007895,0,1
1372331520000,1372331579999,79705.28968695454,79705.966836542,79704.34298260788,79704.64358822456,0,1
1372331580000,1372331639999,79704.97182541639,79705.32423651296,79703.37199928609,79705.08238709737,0,1
1372331640000,1372331699999,79704.04927873772,79707.53861418946,79704.04927873772,79707.1966440372,0,1
1372331700000,1372331759999,79707.21391553742,79707.90475108601,79705.47970804862,79705.47970804862,0,1
1372331760000,1372331819999,79705.5418959861,79706.5955772471,79705.00637607301,79706.5955772471,0,1
1372331820000,1372331879999,79707.34517796418,79707.34517796418,79704.70923652485,79706.01865732568,0,1
1372331880000,1372331939999,79706.07047784084,79706.07047784084,79703.41692230273,79705.0374715619,0,1
1372331940000,1372331999999,79704.77488439417,79704.77488439417,79702.97805034182,79704.11493093966,0,1
1372332000000,1372332059999,79703.97671527622,79707.20009833964,79703.62771222413,79706.16720875064,0,1
1372332060000,1372332119999,79706.44012305919,79707.30718112309,79704.49155892713,79704.49155892713,0,1
1372332120000,1372332179999,79704.68850552921,79704.68850552921,79703.46875630191,79703.73828876678,0,1
1372332180000,1372332239999,79705.21367750588,79705.99447432671,79704.45009599034,79705.99447432671,0,1
1372332240000,1372332299999,79705.55571547525,79709.05488640087,79705.55571547525,79708.88910928958,0,1
1372332300000,1372332359999,79708.55754682215,79709.32081477671,79708.14998622767,79708.26051277615,0,1
1372332360000,1372332419999,79707.9876481448,79708.3330451597,79707.08956007008,79707.8045828898,0,1
1372332420000,1372332479999,79707.88057264776,79708.19834174294,79707.0342904771,79707.61115180928,0,1
1372332480000,1372332539999,79707.42462543809,79709.43823544524,79707.42462543809,79708.277782439,0,1
1372332540000,1372332599999,79708.68879161337,79709.09287660182,79708.21561151317,79708.21561151317,0,1
1372332600000,1372332659999,79708.2881442224,79710.79883322632,79707.92547541513,79709.17231019198,0,1
1372332660000,1372332719999,79709.3311754794,79709.95625134776,79708.85457204549,79709.88027736124,0,1
1372332720000,1372332779999,79710.19107638412,79710.8540820168,79708.93055382505,79708.95127602837,0,1
1372332780000,1372332839999,79709.95625134776,79712.23175002067,79708.9063778669,79712.23175002067,0,1
1372332840000,1372332899999,79713.38483997504,79713.38483997504,79710.67106922921,79711.63098580699,0,1
1372332900000,1372332959999,79712.0453098167,79714.14773958076,79712.0453098167,79714.14773958076,0,1
1372332960000,1372333019999,79713.78873525163,79714.53434521442,79713.71624242884,79713.85777554664,0,1
1372333020000,1372333079999,79714.19606610236,79715.5284053607,79714.15809528362,79715.29715713281,0,1
1372333080000,1372333139999,79715.08661305065,79715.5180510768,79714.13048005216,79715.5180510768,0,1
1372333140000,1372333199999,79715.21432064583,79715.59743364608,79715.02103284096,79715.59743364608,0,1
1372333200000,1372333259999,79715.1832567863,79715.46627949647,79714.32033322836,79715.08316147138,0,1
1372333260000,1372333319999,79715.5767252105,79715.5767252105,79714.05453777243,79714.74835262046,0,1
1372333320000,1372333379999,79715.30751164543,79715.35928404774,79714.35139976857,79715.09006462872,0,1
1372333380000,1372333439999,79715.33857511898,79716.10477692241,79715.08316147138,79716.10477692241,0,1
1372333440000,1372333499999,79716.75703760122,79717.37129711847,79716.75703760122,79717.05727028157,0,1
1372333500000,1372333559999,79716.81915544705,79731.66804847431,79716.81570446574,79731.18561641013,0,1
1372333560000,1372333619999,79731.54399673785,79731.73696544074,79726.23244992745,79729.74162708213,0,1
1372333620000,1372333679999,79731.07534295609,79732.52947641915,79730.17587968693,79731.2614287044,0,1
1372333680000,1372333739999,79731.79554448878,79733.39083016459,79729.82778981284,79730.6686990844,0,1
1372333740000,1372333799999,79729.55895963767,79731.36825414354,79728.70072263862,79728.70072263862,0,1
1372333800000,1372333859999,79729.03161791718,79729.20740158057,79727.9768510421,79728.47667274374,0,1
1372333860000,1372333919999,79729.9897737368,79730.97885268627,79729.37973550583,79730.69282248731,0,1
1372333920000,1372333979999,79732.56048644142,79734.89629834134,79731.88168952428,79734.89629834134,0,1
1372333980000,1372334039999,79735.69544793635,79737.82734926461,79734.89629834134,79736.52897558775,0,1
1372334040000,1372334099999,79735.93311372763,79737.6861549918,79735.06508956708,79737.52085184648,0,1
1372334100000,1372334159999,79737.50018876119,79738.0580770783,79736.3877629813,79737.50018876119,0,1
1372334160000,1372334219999,79737.42442374982,79737.54495872537,79733.18411203199,79733.54242074599,0,1
1372334220000,1372334279999,79732.73276259184,79733.25990917678,79730.93405331594,79731.29933463602,0,1
1372334280000,1372334339999,79730.92026885392,79733.32192459519,79730.92026885392,79732.51224858746,0,1
1372334340000,1372334399999,79731.80243611893,79732.43300017936,79730.90303824969,79730.95472997334,0,1
1372334400000,1372334459999,79731.12358774187,79731.83689419844,79729.75541316892,79731.38892990317,0,1
1372334460000,1372334519999,79732.3813160966,79732.43300017936,79729.7623062052,79729.7623062052,0,1
1372334520000,1372334579999,79730.32062636473,79730.32062636473,79728.20435919017,79728.91442709157,0,1
1372334580000,1372334639999,79728.95234192073,79729.04195821822,79727.2805060601,79728.78000062982,0,1
1372334640000,1372334699999,79729.0281711478,79731.26487470412,79728.91787390017,79729.31424896409,0,1
1372334700000,1372334759999,79729.05229850856,79729.67614291025,79727.99408668907,79728.79723489258,0,1
1372334760000,1372334819999,79728.88685258006,79729.06953230202,79728.51114228508,79729.06953230202,0,1
1372334820000,1372334879999,79729.43832836387,79731.06500475743,79727.8837780351,79730.4826023058,0,1
1372334880000,1372334939999,79730.73762293835,79731.15115608637,79729.62444457691,79730.76863851766,0,1
1372334940000,1372334999999,79730.7720846872,79731.6577108884,79729.83468279922,79730.80999247375,0,1
1372335000000,1372335059999,79730.59977475538,79732.86713592886,79730.59977475538,79732.86713592886,0,1
1372335060000,1372335119999,79732.27450147904,79735.12364912259,79732.27450147904,79732.68452556888,0,1
1372335120000,1372335179999,79732.85679958241,79732.85679958241,79732.85679958241,79732.85679958241,0,1
1372335180000,1372335239999,79731.36136221417,79731.36136221417,79730.2516996366,79731.00642142979,0,1
1372335240000,1372335299999,79731.27865869112,79732.37097924798,79728.87651211866,79729.15225409725,0,1
1372335300000,1372335359999,79729.07297905715,79730.13107671918,79728.03889923217,79729.3659489011,0,1
1372335360000,1372335419999,79729.14191391027,79731.07189689107,79729.14191391027,79729.15225409725,0,1
1372335420000,1372335479999,79729.61755144561,79734.61038017282,79729.49692087862,79734.61038017282,0,1
1372335480000,1372335539999,79734.90663257988,79734.90663257988,79731.93682195756,79732.83268139919,0,1
1372335540000,1372335599999,79733.27024510656,79734.06952465294,79732.50191187419,79732.50191187419,0,1
1372335600000,1372335659999,79732.90848120776,79733.28402632962,79731.75074877703,79732.69830759917,0,1
1372335660000,1372335719999,79732.56048644142,79733.82147921651,79731.22007661514,79731.22007661514,0,1
1372335720000,1372335779999,79732.59149636753,79732.92226292941,79731.14771004746,79731.14771004746,0,1
1372335780000,1372335839999,79731.32345651768,79732.92226292941,79731.32345651768,79732.39854415385,0,1
1372335840000,1372335899999,79732.58805082494,79735.33377176359,79732.29172972034,79735.33377176359,0,1
1372335900000,1372335959999,79734.81017927137,79736.26721405661,79734.02129407771,79735.23387794383,0,1
1372335960000,1372336019999,79734.20732501465,79736.61507985691,79734.20732501465,79736.06055537614,0,1
1372336020000,1372336079999,79736.18455109693,79736.37743027328,79735.7746704944,79736.30854528022,0,1
1372336080000,1372336139999,79736.1604409383,79736.1604409383,79735.78155938283,79735.78155938283,0,1
1372336140000,1372336199999,79737.0180379829,79737.0180379829,79734.27277952128,79735.05820018507,0,1
1372336200000,1372336259999,79734.9720825094,79741.92800086431,79731.04088225232,79741.33934569506,0,1
1372336260000,1372336319999,79741.87980817616,79749.05795910236,79740.37194819498,79749.05795910236,0,1
1372336320000,1372336379999,79747.90897548718,79748.71740586843,79742.90901581627,79743.09143956358,0,1
1372336380000,1372336439999,79744.6677174791,79745.74481253755,79742.00373176212,79742.71282052484,0,1
1372336440000,1372336499999,79743.41841719748,79744.571358274,79742.18272978626,79743.81077624598,0,1
1372336500000,1372336559999,79743.48725323177,79743.6386908393,79740.94000433285,79741.4391785439,0,1
1372336560000,1372336619999,79741.3565583263,79742.9468776224,79741.20164357846,79741.20164357846,0,1
1372336620000,1372336679999,79741.89013520032,79743.91402606857,79741.71113193867,79743.28418556773,0,1
1372336680000,1372336739999,79743.25665065172,79743.25665065172,79737.69993013056,79738.29568672525,0,1
1372336740000,1372336799999,79739.06013163531,79739.74188455318,79737.47263791438,79737.75847425863,0,1
1372336800000,1372336859999,79737.93754828749,79737.93754828749,79734.90318783489,79734.90318783489,0,1
1372336860000,1372336919999,79734.9100773237,79739.48020711124,79734.9100773237,79738.18204803328,0,1
1372336920000,1372336979999,79737.4588624625,79737.71026147218,79736.23965981264,79737.24189659243,0,1
1372336980000,1372337039999,79736.79073026714,79738.04430243287,79736.44287057717,79737.8927800809,0,1
1372337040000,1372337099999,79739.02225511038,79739.37691149916,79738.29913030182,79738.46786410101,0,1
1372337100000,1372337159999,79738.50574272584,79739.86927767163,79738.4127676633,79739.86927767163,0,1
1372337160000,1372337219999,79739.91059401019,79740.43736236393,79738.23370214425,79738.23370214425,0,1
1372337220000,1372337279999,79739.0980080168,79739.91403703068,79739.0980080168,79739.20474977457,0,1
1372337280000,1372337339999,79740.43736236393,79740.43736236393,79739.38035470342,79739.45266171901,0,1
1372337340000,1372337399999,79738.16138631417,79738.16138631417,79732.27450147904,79732.27450147904,0,1
1372337400000,1372337459999,79732.58460528115,79734.94452469655,79732.12289167581,79733.99717870286,0,1
1372337460000,1372337519999,79734.05574451233,79734.05574451233,79731.27521269616,79731.40960562007,0,1
1372337520000,1372337579999,79732.73620808456,79733.08419673603,79731.32345651768,79731.88858109506,0,1
1372337580000,1372337639999,79732.91192663995,79736.00889003872,79732.91192663995,79736.00889003872,0,1
1372337640000,1372337699999,79735.92622494361,79735.92622494361,79733.52174943838,79733.70434451055,0,1
1372337700000,1372337759999,79733.59409882805,79736.97326565963,79733.59409882805,79736.21554978688,0,1
1372337760000,1372337819999,79734.8997430887,79735.91589175868,79734.05574451233,79735.91589175868,0,1
1372337820000,1372337879999,79735.90211416213,79739.94846717056,79735.5025556054,79739.94846717056,0,1
1372337880000,1372337939999,79739.90026494155,79741.211971303,79739.77287221784,79741.0501690601,0,1
1372337940000,1372337999999,79739.22885259445,79739.61448981178,79737.81357430136,79737.81357430136,0,1
1372338000000,1372338059999,79737.62416663251,79738.70546401136,79737.62416663251,79738.15449906499,0,1
1372338060000,1372338119999,79738.66758614303,79742.66807369124,79738.66758614303,79742.66807369124,0,1
1372338120000,1372338179999,79742.34107152147,79743.94500080746,79741.63884125161,79743.94500080746,0,1
1372338180000,1372338239999,79743.87616792407,79745.57964255183,79742.64053707874,79745.35941166038,0,1
1372338240000,1372338299999,79744.79504786168,79750.27903949171,79744.79504786168,79746.98694106574,0,1
1372338300000,1372338359999,79746.84931669632,79746.84931669632,79742.4684315326,79742.85738584962,0,1
1372338360000,1372338419999,79742.69216816498,79744.74342763172,79741.84194232969,79743.3186041061,0,1
1372338420000,1372338479999,79742.60611620647,79743.9243509922,79742.60611620647,79743.9243509922,0,1
1372338480000,1372338539999,79744.23753527622,79744.82946120031,79743.75226753997,79743.75226753997,0,1
1372338540000,1372338599999,79741.8178458073,79743.9484424392,79741.8178458073,79743.42185901044,0,1
1372338600000,1372338659999,79743.33925517226,79745.18391169625,79743.14651022958,79745.18391169625,0,1
1372338660000,1372338719999,79745.66910996608,79745.66910996608,79743.37711534946,79744.59200675326,0,1
1372338720000,1372338779999,79744.96367208932,79746.51901048177,79744.0379244485,79746.51901048177,0,1
1372338780000,1372338839999,79746.68072426251,79746.68072426251,79745.38349965036,79745.54523179475,0,1
1372338840000,1372338899999,79744.72277946513,79745.47640992537,79743.7316173267,79744.98087848329,0,1
1372338900000,1372338959999,79745.31811782827,79745.31811782827,79741.83505761494,79743.59050639476,0,1
1372338960000,1372339019999,79744.12052251563,79744.4440250431,79742.73003079215,79743.44595166805,0,1
1372339020000,1372339079999,79743.45627707498,79743.81077624598,79742.63365291376,79743.6042734026,0,1
1372339080000,1372339139999,79744.88796360415,79745.65534580061,79744.38552004205,79745.65534580061,0,1
1372339140000,1372339199999,79746.41234676958,79749.32626560333,79746.20589764294,79749.07859831955,0,1
1372339200000,1372339259999,79748.90660354131,79750.26184221158,79747.7472815679,79749.46385588836,0,1
1372339260000,1372339319999,79749.91445081992,79749.91445081992,79747.01446571233,79747.06951477825,0,1
1372339320000,1372339379999,79746.84243542813,79746.84243542813,79745.00496738509,79745.05658626501,0,1
1372339380000,1372339439999,79746.54653641637,79747.23121965688,79744.98776103258,79745.06691000902,0,1
1372339440000,1372339499999,79745.83771945567,79746.36417568792,79745.16670565163,79746.3125635572,0,1
1372339500000,1372339559999,79746.60846949217,79752.30467217784,79746.60846949217,79750.5610706665,0,1
1372339560000,1372339619999,79751.00129855328,79751.26955291898,79750.40285903573,79751.26955291898,0,1
1372339620000,1372339679999,79749.62896173152,79751.6787989211,79748.53164467064,79748.57980531252,0,1
1372339680000,1372339739999,79750.08642826475,79751.33145675067,79748.85156458749,79748.85156458749,0,1
1372339740000,1372339799999,79749.38818146587,79749.92476955002,79748.24611610133,79748.48692386692,0,1
1372339800000,1372339859999,79749.91101124087,79760.41341013915,79749.91101124087,79754.62556342426,0,1
1372339860000,1372339919999,79754.18549506231,79761.76365486017,79753.84167817915,79754.92466133466,0,1
1372339920000,1372339979999,79755.9456523259,79761.57470028571,79755.88033952485,79761.57470028571,0,1
1372339980000,1372340039999,79760.70202738425,79764.5357233511,79759.86020380147,79762.50226121338,0,1
1372340040000,1372340099999,79762.07628095201,79762.07628095201,79756.73280990202,79756.79124271005,0,1
1372340100000,1372340159999,79756.93904181807,79757.18307742459,79749.96604436393,79752.2083865341,0,1
1372340160000,1372340219999,79751.1319874765,79755.98690229625,79750.72271909527,79755.11717939527,0,1
1372340220000,1372340279999,79756.92185598752,79760.31720253963,79756.49563794048,79758.67122201863,0,1
1372340280000,1372340339999,79758.96332601798,79761.62623370555,79758.09386195612,79759.23136688667,0,1
1372340340000,1372340399999,79758.37910948656,79760.97345743065,79755.3406332109,79759.31040320713,0,1
1372340400000,1372340459999,79759.34820296566,79760.84633288311,79756.3478322788,79756.50251256925,0,1
1372340460000,1372340519999,79755.63283451287,79762.11750564133,79755.63283451287,79758.80524726589,0,1
1372340520000,1372340579999,79758.9117788734,79760.32407454173,79753.7557221113,79753.7557221113,0,1
1372340580000,1372340639999,79753.42564394462,79758.24851524149,79753.42564394462,79755.67752337098,0,1
1372340640000,1372340699999,79756.52657373273,79757.53709032411,79750.337510023,79750.337510023,0,1
1372340700000,1372340759999,79751.43462895196,79764.49450862962,79751.43462895196,79764.49450862962,0,1
1372340760000,1372340819999,79764.98220527965,79765.93005467534,79762.31332059484,79762.78738302481,0,1
1372340820000,1372340879999,79764.32277879499,79765.45614120773,79762.30301464025,79764.2643899794,0,1
1372340880000,1372340939999,79765.44240425054,79770.68854915827,79765.44240425054,79769.09920292375,0,1
1372340940000,1372340999999,79770.72973835915,79770.72973835915,79764.19226214828,79768.17225372916,0,1
1372341000000,1372341059999,79767.38256256325,79772.7237792381,79767.38256256325,79771.3544204408,0,1
1372341060000,1372341119999,79770.74003563286,79771.40590348718,79768.07612074704,79768.07612074704,0,1
1372341120000,1372341179999,79768.75589842566,79772.2776428308,79768.75589842566,79770.53065564988,0,1
1372341180000,1372341239999,79770.86360209034,79772.29137040167,79769.04427499606,79770.16680459537,0,1
1372341240000,1372341299999,79769.77547830815,79772.5933721931,79768.3713833952,79771.94131145788,0,1
1372341300000,1372341359999,79772.75123313615,79775.43791877216,79770.51692566178,79772.18498123455,0,1
1372341360000,1372341419999,79772.77182351021,79775.6437652937,79772.64141709176,79774.61105921688,0,1
1372341420000,1372341479999,79775.51339632206,79775.51339632206,79773.68118941343,79775.4207647041,0,1
1372341480000,1372341539999,79776.2441267801,79784.72766856731,79775.736394846,79784.16209444686,0,1
1372341540000,1372341599999,79782.95542940362,79784.71053042756,79779.67064321435,79783.5724922191,0,1
1372341600000,1372341659999,79785.61881136257,79789.30592740115,79779.16994429343,79779.39629074617,0,1
1372341660000,1372341719999,79779.16308523003,79780.94628332509,79774.16157575394,79774.3159807483,0,1
1372341720000,1372341779999,79775.4859500062,79777.35212790433,79773.81844500841,79775.36930232336,0,1
1372341780000,1372341839999,79774.25078781926,79775.8976368347,79770.80525145346,79770.80525145346,0,1
1372341840000,1372341899999,79770.21486115381,79772.01338341864,79763.50530435091,79763.50530435091,0,1
1372341900000,1372341959999,79763.30264278628,79763.51904396934,79757.85328542475,79760.52679647888,0,1
1372341960000,1372342019999,79760.82571793934,79770.81554864942,79760.82571793934,79769.71025577142,0,1
1372342020000,1372342079999,79769.54204831876,79770.3178387157,79765.51795728155,79768.9447173581,0,1
1372342080000,1372342139999,79769.71712132164,79770.5031956548,79766.02277424859,79768.72156732762,0,1
1372342140000,1372342199999,79769.56951095327,79775.57858102032,79768.83142642646,79774.81006070974,0,1
1372342200000,1372342259999,79774.80662968308,79777.07428157015,79771.85551082731,79772.7546648681,0,1
1372342260000,1372342319999,79771.84864674507,79773.73952327148,79765.59350974175,79767.94908646031,0,1
1372342320000,1372342379999,79768.96874860284,79772.79241384189,79767.96281997452,79770.00547017434,0,1
1372342380000,1372342439999,79770.32127128282,79774.84780192544,79769.77891106145,79772.21930044438,0,1
1372342440000,1372342499999,79773.01890469219,79773.03263124551,79769.40130113314,79770.5512505967,0,1
1372342500000,1372342559999,79770.68854915827,79772.39432658248,79762.5950125743,79763.6461345449,0,1
1372342560000,1372342619999,79764.77270470327,79766.93618779584,79763.41599637097,79764.57350336324,0,1
1372342620000,1372342679999,79765.03715552393,79772.42864507387,79764.81735273509,79771.62899362537,0,1
1372342680000,1372342739999,79771.6427220867,79773.47187100392,79770.47916809727,79771.16221472576,0,1
1372342740000,1372342799999,79771.6427220867,79775.06395341676,79769.48712282348,79773.02919960895,0,1
1372342800000,1372342859999,79773.44098758898,79779.23510516103,79773.2625482129,79776.30587620301,0,1
1372342860000,1372342919999,79775.53741178666,79778.43599782867,79775.53741178666,79778.43599782867,0,1
1372342920000,1372342979999,79777.4653223458,79783.38737737248,79776.89247670404,79781.75890467227,0,1
1372342980000,1372343039999,79782.08119189674,79787.6372988643,79781.44003581324,79786.61953860422,0,1
1372343040000,1372343099999,79787.77436303877,79787.77436303877,79780.00328548625,79784.91961372584,0,1
1372343100000,1372343159999,79784.74823429623,79787.65443198885,79783.188546498,79787.04104784381,0,1
1372343160000,1372343219999,79786.8765585471,79787.48995278143,79783.11998321084,79783.71646806407,0,1
1372343220000,1372343279999,79784.00784140777,79787.31519065921,79782.46175173459,79787.31519065921,0,1
1372343280000,1372343339999,79790.14527592329,79796.81987084528,79788.78172707632,79794.50532866234,0,1
1372343340000,1372343399999,79793.56703322941,79794.05673854506,79791.85458834025,79793.60470372048,0,1
1372343400000,1372343459999,79794.73475247131,79800.54050436798,79794.35465941696,79797.78866953737,0,1
1372343460000,1372343519999,79798.6649578272,79804.04423276086,79798.39454892956,79802.24119773826,0,1
1372343520000,1372343579999,79801.6081766552,79805.86746509,79800.92036237984,79801.0675107052,0,1
1372343580000,1372343639999,79800.49259332374,79801.12910703568,79797.67912810178,79799.47956322321,0,1
1372343640000,1372343699999,79798.88401790203,79799.66438042189,79796.22074341429,79799.47614065028,0,1
1372343700000,1372343759999,79799.06542339415,79801.43366109414,79797.09032232639,79799.08253694995,0,1
1372343760000,1372343819999,79797.61066409519,79799.82523705535,79794.16631966778,79795.40244853152,0,1
1372343820000,1372343879999,79794.5190257539,79794.5190257539,79790.71393733559,79790.71736290876,0,1
1372343880000,1372343939999,79791.87856459281,79794.48478298984,79790.9982559156,79792.27245194073,0,1
1372343940000,1372343999999,79791.29284254379,79794.04988968502,79790.50154950719,79790.82698063066,0,1
1372344000000,1372344059999,79790.69338387193,79796.2002012659,79790.69338387193,79794.69708623695,0,1
1372344060000,1372344119999,79796.4227389591,79799.53774678378,79795.71402477006,79796.49805828737,0,1
1372344120000,1372344179999,79795.87152115277,79795.87152115277,79790.9982559156,79792.01899577478,0,1
1372344180000,1372344239999,79792.61837498934,79792.61837498934,79786.69835875565,79789.9602827098,0,1
1372344240000,1372344299999,79789.4738027417,79790.30971146234,79786.72234737409,79786.72234737409,0,1
1372344300000,1372344359999,79786.97936467463,79788.86395639539,79785.55711941991,79785.55711941991,0,1
1372344360000,1372344419999,79787.44540586384,79787.44540586384,79784.72766856731,79785.48514500578,0,1
1372344420000,1372344479999,79784.41232209405,79785.399460504,79783.49707547302,79783.53821195048,0,1
1372344480000,1372344539999,79784.43974392128,79787.4830994224,79783.34624027452,79787.28092321829,0,1
1372344540000,1372344599999,79787.7880693529,79788.00736782396,79781.44346456473,79782.20461829586,0,1
1372344600000,1372344659999,79783.43879850693,79789.19286691018,79782.70173697894,79789.19286691018,0,1
1372344660000,1372344719999,79788.72005464329,79791.33052160281,79788.31574816247,79790.72763962124,0,1
1372344720000,1372344779999,79790.30971146234,79790.6214464164,79787.67156508405,79789.30250134444,0,1
1372344780000,1372344839999,79788.613840117,79793.82045016295,79788.3500120575,79793.82045016295,0,1
1372344840000,1372344899999,79792.45740238602,79793.91976045299,79790.14527592329,79791.20035697882,0,1
1372344900000,1372344959999,79790.60089276262,79793.85469520195,79789.02841300506,79789.33333581251,0,1
1372344960000,1372345019999,79790.91261863982,79792.00187012646,79788.3500120575,79789.07980514094,0,1
1372345020000,1372345079999,79789.03869145337,79789.54574845353,79786.61611162702,79788.44937668921,0,1
1372345080000,1372345139999,79789.4738027417,79790.47414429752,79788.40140767994,79790.21721680433,0,1
1372345140000,1372345199999,79788.49049279974,79791.16952826707,79788.41853949538,79789.32648371671,0,1
1372345200000,1372345259999,79790.15897898815,79790.28915716783,79788.28491055655,79790.23091977062,0,1
1372345260000,1372345319999,79789.53889650328,79792.85126693537,79789.18601471813,79791.18322992847,0,1
1372345320000,1372345379999,79791.19008075213,79791.19008075213,79788.69607081662,79789.46695074216,0,1
1372345380000,1372345439999,79790.53923154784,79792.41972757273,79790.53580591365,79792.41972757273,0,1
1372345440000,1372345499999,79793.11497626742,79798.55542599023,79792.9505868508,79798.55542599023,0,1
1372345500000,1372345559999,79798.80871654257,79800.89298570833,79795.93314949688,79797.44292529805,0,1
1372345560000,1372345619999,79796.8438351959,79797.03554793356,79793.4642948052,79793.99509863582,0,1
1372345620000,1372345679999,79794.73475247131,79795.61130840145,79791.67990247939,79791.67990247939,0,1
1372345680000,1372345739999,79792.59782543957,79792.59782543957,79784.82364160712,79787.38715190295,0,1
1372345740000,1372345799999,79786.9142542499,79787.23980213418,79780.41821549088,79780.50051361101,0,1
1372345800000,1372345859999,79780.55537864818,79782.0469065155,79773.68462082627,79775.03650586732,0,1
1372345860000,1372345919999,79774.1718694944,79774.1718694944,79769.5111527648,79769.5111527648,0,1
1372345920000,1372345979999,79770.43111280896,79774.78604349833,79769.47682425953,79771.78000566344,0,1
1372345980000,1372346039999,79771.1931051791,79773.37578895534,79770.33500153958,79771.57064745446,0,1
1372346040000,1372346099999,79770.37275964842,79771.75254909886,79769.52831697323,79769.94368183441,0,1
1372346100000,1372346159999,79770.14964148281,79773.22823258323,79769.69652465686,79772.37030356843,0,1
1372346160000,1372346219999,79773.02233633229,79773.8115822734,79771.85207878677,79773.21450629838,0,1
1372346220000,1372346279999,79773.86648402156,79777.34526759398,79773.86648402156,79775.39674895939,0,1
1372346280000,1372346339999,79776.55973093568,79779.21795760546,79775.23549889399,79777.28695476589,0,1
1372346340000,1372346399999,79777.82547795365,79778.4497169482,79775.15658833996,79775.15658833996,0,1
1372346400000,1372346459999,79773.79442541527,79777.55107485753,79773.7155034888,79773.72922908596,0,1
1372346460000,1372346519999,79775.17717376191,79775.40361060662,79771.89326319545,79774.75859518608,0,1
1372346520000,1372346579999,79772.99831482685,79777.31782630547,79771.95847149564,79773.33117911896,0,1
1372346580000,1372346639999,79773.42726159617,79773.42726159617,79767.95938659774,79768.76276463113,0,1
1372346640000,1372346699999,79767.88385201027,79767.88385201027,79762.66028153479,79766.60311056567,0,1
1372346700000,1372346759999,79766.77823502853,79768.46408033543,79765.9575272311,79767.09413806828,0,1
1372346760000,1372346819999,79767.80831685226,79767.80831685226,79764.94099239829,79764.94099239829,0,1
1372346820000,1372346879999,79766.90871792856,79770.68511671721,79766.83660916795,79767.26925393232,0,1
1372346880000,1372346939999,79767.78084938061,79771.56721531616,79767.02546434334,79770.36246199651,0,1
1372346940000,1372346999999,79771.36814927908,79771.43679318776,79767.79458312587,79767.92848615364,0,1
1372347000000,1372347059999,79768.0692540701,79770.1050172523,79766.69239008681,79768.05208735711,0,1
1372347060000,1372347119999,79768.8039617649,79769.52831697323,79767.29328920374,79769.24682023445,0,1
1372347120000,1372347179999,79768.60140755633,79770.38305728974,79767.92161937532,79769.97114336595,0,1
1372347180000,1372347239999,79767.79458312587,79770.25261971631,79766.2974938629,79769.42533128068,0,1
1372347240000,1372347299999,79769.46995854434,79770.26978265212,79766.97395874013,79768.63230592114,0,1
1372347300000,1372347359999,79768.60140755633,79770.04666218885,79766.69925770926,79768.86575714734,0,1
1372347360000,1372347419999,79768.20315342002,79769.69995743727,79765.46644391323,79767.96968672455,0,1
1372347420000,1372347479999,79766.74389714026,79768.90352080419,79766.74389714026,79768.90352080419,0,1
1372347480000,1372347539999,79767.94221969614,79769.9059221054,79767.1765459157,79769.69995743727,0,1
1372347540000,1372347599999,79770.15993935388,79771.69077155295,79769.15069758195,79769.40130113314,0,1
1372347600000,1372347659999,79770.2491871256,79773.14930618809,79769.39100248081,79773.13214819368,0,1
1372347660000,1372347719999,79772.07515897158,79776.54257879188,79772.07515897158,79775.66091897924,0,1
1372347720000,1372347779999,79775.27666937064,79776.84788255284,79773.23166415149,79773.44441908425,0,1
1372347780000,1372347839999,79773.47873397206,79775.49624238348,79772.46639527836,79775.45507281082,0,1
1372347840000,1372347899999,79775.10169367425,79775.50310396244,79773.16303256243,79773.16303256243,0,1
1372347900000,1372347959999,79773.32774758486,79775.00905824253,79771.96190349967,79773.2625482129,0,1
1372347960000,1372348019999,79772.8438894856,79773.97971792525,79772.08202289835,79773.24195884923,0,1
1372348020000,1372348079999,79773.6640323316,79774.48410791969,79769.768612798,79771.66674684868,0,1
1372348080000,1372348139999,79770.17710244877,79772.11977441137,79769.6175703822,79771.38187809852,0,1
1372348140000,1372348199999,79771.81775831664,79773.49245989422,79771.25145355289,79772.96056663033,0,1
1372348200000,1372348259999,79773.4203985927,79774.05520648204,79771.38531030042,79773.09783211653,0,1
1372348260000,1372348319999,79772.86791136197,79775.21834447868,79772.86791136197,79775.21834447868,0,1
1372348320000,1372348379999,79773.51304874214,79775.8976368347,79773.51304874214,79775.8976368347,0,1
1372348380000,1372348439999,79774.89926699,79775.02621301686,79773.18019050386,79774.58017931996,0,1
1372348440000,1372348499999,79774.49783246194,79775.2217753641,79773.56795212934,79775.19775914149,0,1
1372348500000,1372348559999,79776.72782038809,79776.72782038809,79773.96599267187,79774.57674821441,0,1
1372348560000,1372348619999,79773.36549439537,79775.13600287563,79773.04978941068,79774.59047262953,0,1
1372348620000,1372348679999,79775.53055023123,79778.30909508058,79774.17873198216,79777.13945609466,0,1
1372348680000,1372348739999,79778.11359310095,79778.271366926,79775.83245421617,79778.271366926,0,1
1372348740000,1372348799999,79777.33154695913,79779.33798987699,79777.23207179354,79778.71380633116,0,1
1372348800000,1372348859999,79778.73095475126,79779.81467524708,79772.43207691654,79772.43207691654,0,1
1372348860000,1372348919999,79773.16303256243,79775.07767716324,79771.82805447004,79772.02024738782,0,1
1372348920000,1372348979999,79772.63455354894,79774.87868099597,79769.87502767562,79771.38874250116,0,1
1372348980000,1372349039999,79771.51230094311,79773.2625482129,79769.39100248081,79770.3178387157,0,1
1372349040000,1372349099999,79769.9024893957,79770.28351297956,79766.76793367442,79768.23061973172,0,1
1372349100000,1372349159999,79768.01775384272,79773.27284287884,79768.01775384272,79773.27284287884,0,1
1372349160000,1372349219999,79772.65857592819,79772.65857592819,79769.14383164284,79770.27664781819,0,1
1372349220000,1372349279999,79770.04666218885,79771.42649663151,79769.23308848352,79769.99173946513,0,1
1372349280000,1372349339999,79770.0878540337,79770.0878540337,79761.59187812182,79761.59187812182,0,1
1372349340000,1372349399999,79760.97345743065,79764.38116726966,79758.00794243075,79762.52287270126,0,1
1372349400000,1372349459999,79761.95260586432,79765.14018641808,79760.80166711789,79764.7795736442,0,1
1372349460000,1372349519999,79765.1676611439,79767.12504109065,79765.06119616084,79766.17730496029,0,1
1372349520000,1372349579999,79765.63815410901,79769.29831413251,79765.63815410901,79768.74903221549,0,1
1372349580000,1372349639999,79768.35078395846,79768.59454124008,79765.02685237612,79766.67522101002,0,1
1372349640000,1372349699999,79766.00216997328,79767.79458312587,79764.49107406184,79767.79458312587,0,1
1372349700000,1372349759999,79768.0864207536,79769.31891161749,79766.64775042587,79767.67784568999,0,1
1372349760000,1372349819999,79768.03148726262,79769.99173946513,79767.25208584595,79769.50428707317,0,1
1372349820000,1372349879999,79768.79709558772,79773.45128207123,79768.79709558772,79771.86580694185,0,1
1372349880000,1372349939999,79771.5878081283,79772.18841316084,79768.69410236434,79772.18841316084,0,1
1372349940000,1372349999999,79771.60153664618,79772.22959618436,79769.50085422558,79770.6370624186,0,1
1372350000000,1372350059999,79768.68723611173,79771.69763574356,79768.68723611173,79769.92995104037,0,1
1372350060000,1372350119999,79768.50527869971,79771.33382714803,79768.05552070207,79771.33382714803,0,1
1372350120000,1372350179999,79772.42521323003,79773.91109147001,79771.1278918879,79773.91109147001,0,1
1372350180000,1372350239999,79774.85466394934,79774.85466394934,79765.33250791368,79766.84004293024,0,1
1372350240000,1372350299999,79765.70340321034,79769.08547097011,79765.70340321034,79767.31045721938,0,1
1372350300000,1372350359999,79766.81944033879,79766.81944033879,79763.56713248519,79763.56713248519,0,1
1372350360000,1372350419999,79763.48812980134,79764.54946155385,79761.48881066246,79762.59844779337,0,1
1372350420000,1372350479999,79761.75334833907,79763.18928791666,79759.14889353846,79761.20021612471,0,1
1372350480000,1372350539999,79759.9014376275,79764.45672831903,79759.9014376275,79763.11028224767,0,1
1372350540000,1372350599999,79763.88313697935,79763.88313697935,79761.62966925744,79763.59461153328,0,1
1372350600000,1372350659999,79763.46408538235,79766.22194672131,79762.55722508665,79764.78300811292,0,1
1372350660000,1372350719999,79765.06119616084,79768.37481663053,79764.49450862962,79768.28555212883,0,1
1372350720000,1372350779999,79766.88124798583,79768.47094674126,79766.23911657634,79767.87011838761,0,1
1372350780000,1372350839999,79768.52244463474,79769.20562492509,79766.43485083996,79768.59454124008,0,1
1372350840000,1372350899999,79769.58667506155,79771.66331474336,79768.7730639305,79771.16221472576,0,1
1372350900000,1372350959999,79771.33725936644,79773.89393478262,79771.20683423887,79772.22616427222,0,1
1372350960000,1372351019999,79771.6255615071,79772.66200769194,79770.8876287242,79772.09231877967,0,1
1372351020000,1372351079999,79771.7388207883,79772.06486307259,79768.84515872896,79769.44936137047,0,1
1372351080000,1372351139999,79769.29488121423,79769.93338374064,79768.38854956007,79768.38854956007,0,1
1372351140000,1372351199999,79769.99173946513,79770.28351297956,79768.58424175686,79770.17366983215,0,1
1372351200000,1372351259999,79770.5649805377,79771.24802130503,79769.74458347536,79770.65765714628,0,1
1372351260000,1372351319999,79770.26291748133,79773.81501364149,79769.51458560883,79773.81501364149,0,1
1372351320000,1372351379999,79773.14244299386,79778.66922030131,79773.14244299386,79777.20806039842,0,1
1372351380000,1372351439999,79776.47740037712,79776.57345262954,79774.67624979725,79775.07767716324,0,1
1372351440000,1372351499999,79775.73982555367,79776.00741712662,79774.50126359457,79774.50126359457,0,1
1372351500000,1372351559999,79774.53557485604,79774.53557485604,79768.82456026816,79770.42081521715,0,1
1372351560000,1372351619999,79770.0260662028,79770.36589454833,79766.60997824944,79767.67441221536,0,1
1372351620000,1372351679999,79768.26151924222,79769.9951721442,79764.73492544368,79765.75148122308,0,1
1372351680000,1372351739999,79766.55503664722,79767.698446513,79766.38334219466,79766.93275406655,0,1
1372351740000,1372351799999,79767.04950020071,79767.04950020071,79765.60381230572,79765.60381230572,0,1
1372351800000,1372351859999,79766.29062596452,79767.31045721938,79764.36399422426,79765.0337211425,0,1
1372351860000,1372351919999,79765.06806490364,79765.06806490364,79763.25111800483,79764.9032137745,0,1
1372351920000,1372351979999,79764.30904028083,79764.99250847346,79764.30904028083,79764.99250847346,0,1
1372351980000,1372352039999,79764.40864408095,79765.47674660812,79763.78009313282,79765.47674660812,0,1
1372352040000,1372352099999,79765.57977297326,79765.57977297326,79764.59754511484,79765.06806490364,0,1
1372352100000,1372352159999,79765.44240425054,79770.31440614739,79765.44240425054,79770.10158461094,0,1
1372352160000,1372352219999,79769.97114336595,79772.45266794777,79768.93441823553,79771.67704315759,0,1
1372352220000,1372352279999,79770.37619219671,79770.6542246946,79770.03979686488,79770.6542246946,0,1
1372352280000,1372352339999,79769.92995104037,79770.352164334,79765.96096129528,79766.05711461311,0,1
1372352340000,1372352399999,79766.45888811696,79768.258085968,79765.23978194006,79765.23978194006,0,1
1372352400000,1372352459999,79765.00968043953,79765.00968043953,79760.02170198229,79762.79768848025,0,1
1372352460000,1372352519999,79764.1853928039,79773.82530773869,79763.20989798853,79773.66746375032,0,1
1372352520000,1372352579999,79773.7155034888,79778.17533098112,79771.85894286666,79773.15273778344,0,1
1372352580000,1372352639999,79771.93101542108,79780.41478638783,79771.90699129399,79780.41478638783,0,1
1372352640000,1372352699999,79780.32220016135,79780.32220016135,79774.77575039006,79775.50653475017,0,1
1372352700000,1372352759999,79775.7466869655,79775.94566586071,79772.12663830751,79772.12663830751,0,1
1372352760000,1372352819999,79771.3544204408,79773.86648402156,79771.3544204408,79773.18705367218,0,1
1372352820000,1372352879999,79772.38059915295,79772.98458822642,79771.36471707128,79772.44237243745,0,1
1372352880000,1372352939999,79771.76284531942,79772.18498123455,79770.46887055492,79771.14505332155,0,1
1372352940000,1372352999999,79770.22859155668,79772.37373543112,79768.45721392488,79771.91385533618,0,1
1372353000000,1372353059999,79771.83148651883,79772.6276900014,79770.2045633393,79770.2045633393,0,1
1372353060000,1372353119999,79769.48368997002,79771.6495863103,79768.85202487314,79769.52831697323,0,1
1372353120000,1372353179999,79771.25831804506,79775.60259632838,79770.1324783408,79775.60259632838,0,1
1372353180000,1372353239999,79774.74487100169,79775.51682710624,79772.991451529,79774.04148133227,0,1
1372353240000,1372353299999,79771.96533550251,79772.93654497652,79769.77891106145,79770.489465629,0,1
1372353300000,1372353359999,79771.73538870772,79772.90222822812,79770.18396767847,79771.56035103601,0,1
1372353360000,1372353419999,79771.93787944679,79776.01770896719,79769.67592794965,79773.6640323316,0,1
1372353420000,1372353479999,79773.2076431489,79774.98161054241,79773.2076431489,79774.67281872468,0,1
1372353480000,1372353539999,79774.78261246342,79774.88554299869,79772.83702608173,79774.88554299869,0,1
1372353540000,1372353599999,79773.56452067647,79777.3384072789,79773.56452067647,79775.39331813401,0,1
1372353600000,1372353659999,79775.7055184239,79775.7055184239,79770.05696016598,79770.05696016598,0,1
1372353660000,1372353719999,79769.26055196654,79770.22515895772,79767.74308148392,79770.06725813248,0,1
1372353720000,1372353779999,79769.98144142085,79770.67138694116,79768.83829258008,79769.6381672096,0,1
1372353780000,1372353839999,79769.48025711536,79771.27891149333,79768.58767491911,79771.27891149333,0,1
1372353840000,1372353899999,79771.69763574356,79771.95503949045,79769.73085240793,79769.8612967873,0,1
1372353900000,1372353959999,79769.64846560739,79773.07381079246,79769.64846560739,79771.52602956463,0,1
1372353960000,1372354019999,79772.42178138501,79774.768888312,79771.79716597802,79773.40667257163,0,1
1372354020000,1372354079999,79772.90909158722,79775.58201178216,79771.46425061932,79775.58201178216,0,1
1372354080000,1372354139999,79775.19089735301,79775.53055023123,79771.33039492845,79771.95503949045,0,1
1372354140000,1372354199999,79771.66674684868,79771.66674684868,79769.6450328093,79769.6450328093,0,1
1372354200000,1372354259999,79769.72055409498,79772.27421093512,79769.72055409498,79771.3544204408,0,1
1372354260000,1372354319999,79770.73660320947,79774.15471325442,79770.73660320947,79773.63314951012,0,1
1372354320000,1372354379999,79773.70520927855,79775.14286470177,79772.06486307259,79774.54243709422,0,1
1372354380000,1372354439999,79775.57858102032,79776.97137356133,79775.03307491833,79775.62318083223,0,1
1372354440000,1372354499999,79776.86160385133,79777.56822527165,79775.66091897924,79776.39163865782,0,1
1372354500000,1372354559999,79776.25441837708,79781.01143261898,79776.25441837708,79780.6479627158,0,1
1372354560000,1372354619999,79782.58517343672,79782.58517343672,79778.33996346482,79778.95731114048,0,1
1372354620000,1372354679999,79779.8352510824,79779.8352510824,79776.69008626716,79778.15132185079,0,1
1372354680000,1372354739999,79777.61281621066,79780.63081758276,79776.94393124679,79778.6383529334,0,1
1372354740000,1372354799999,79778.69665788166,79779.15279662612,79776.99881580056,79778.37769136061,0,1
1372354800000,1372354859999,79778.60405574623,79778.60405574623,79776.6283392167,79778.43256804583,0,1
1372354860000,1372354919999,79779.10135344777,79779.2522526872,79777.38299924272,79778.91615581446,0,1
1372354920000,1372354979999,79780.2399005737,79781.0217193108,79779.82839247533,79779.96213446475,0,1
1372354980000,1372355039999,79778.9024373348,79778.9024373348,79777.53049432179,79778.45314672515,0,1
1372355040000,1372355099999,79777.45846211309,79778.03127533446,79774.69340514252,79774.98504150903,0,1
1372355100000,1372355159999,79774.70026727238,79778.25078787259,79774.70026727238,79776.92677976197,0,1
1372355160000,1372355219999,79777.42073074909,79778.57661791178,79776.36762524462,79777.21492080292,0,1
1372355220000,1372355279999,79776.3847776885,79777.23207179354,79775.90449813826,79776.31273722646,0,1
1372355280000,1372355339999,79776.43966531123,79778.47372536213,79776.21325192567,79778.47372536213,0,1
1372355340000,1372355399999,79778.93330388755,79782.3280431716,79778.48744442992,79781.95776397418,0,1
1372355400000,1372355459999,79782.0606206821,79782.90057753281,79781.26516792849,79781.26516792849,0,1
1372355460000,1372355519999,79780.42850279293,79781.7177608747,79774.87181898854,79775.61975008453,0,1
1372355520000,1372355579999,79774.8649569764,79777.55450494272,79774.8649569764,79775.79471671651,0,1
1372355580000,1372355639999,79776.05544562534,79778.57661791178,79776.05544562534,79778.1959101898,0,1
1372355640000,1372355699999,79777.53392441402,79777.53392441402,79776.295584659,79776.32645925925,0,1
1372355700000,1372355759999,79776.48769173402,79777.61281621066,79775.3041162609,79776.98509469036,0,1
1372355760000,1372355819999,79776.60775678183,79777.61967633749,79774.12726320922,79774.12726320922,0,1
1372355820000,1372355879999,79774.75173309623,79775.25951502597,79770.18740029156,79771.00089636345,0,1
1372355880000,1372355939999,79770.43454533722,79770.43454533722,79765.43897000828,79766.0399444456,0,1
1372355940000,1372355999999,79765.05089303781,79767.01172954174,79762.64310553386,79764.50824688899,0,1
1372356000000,1372356059999,79764.84826279421,79765.43553576486,79761.77052586833,79762.75990175846,0,1
1372356060000,1372356119999,79761.74304180736,79761.74304180736,79756.36845645576,79758.33099601573,0,1
1372356120000,1372356179999,79759.22105775533,79760.25535430833,79758.41347610968,79760.25535430833,0,1
1372356180000,1372356239999,79760.08011557562,79760.61956616423,79759.04923733517,79759.04923733517,0,1
1372356240000,1372356299999,79758.00106883683,79759.87394842903,79756.74655882875,79759.25198511744,0,1
1372356300000,1372356359999,79759.37225728306,79760.54054019027,79758.53375836059,79760.30689452766,0,1
1372356360000,1372356419999,79761.13837335445,79761.39948467173,79756.82561479056,79756.85311236992,0,1
1372356420000,1372356479999,79754.74245332771,79754.90059631648,79746.63599518052,79747.65095203283,0,1
1372356480000,1372356539999,79746.49836598111,79750.06923065336,79746.49836598111,79749.70463433195,0,1
1372356540000,1372356599999,79750.67112945509,79751.06664322839,79746.08546701743,79748.77244556065,0,1
1372356600000,1372356659999,79748.79996529316,79748.79996529316,79740.91246296141,79741.40819604228,0,1
1372356660000,1372356719999,79741.16721775304,79742.8883638616,79740.41670530416,79742.35828242857,0,1
1372356720000,1372356779999,79741.65261094658,79746.4880437148,79740.95377499012,79746.4880437148,0,1
1372356780000,1372356839999,79747.9536988756,79749.74247041743,79747.9536988756,79749.4432174663,0,1
1372356840000,1372356899999,79748.79996529316,79750.06579112753,79747.57870427256,79747.57870427256,0,1
1372356900000,1372356959999,79747.90209494813,79749.02012042685,79745.39038192257,79745.39038192257,0,1
1372356960000,1372357019999,79746.42266911404,79747.79200567948,79746.42266911404,79747.19681458255,0,1
1372357020000,1372357079999,79747.89177413068,79750.96002801217,79747.89177413068,79750.96002801217,0,1
1372357080000,1372357139999,79750.3306311547,79752.25652947187,79748.98916140405,79752.25652947187,0,1
1372357140000,1372357199999,79751.70974961818,79753.4875344308,79751.70974961818,79752.29435590321,0,1
1372357200000,1372357259999,79752.30811093368,79756.69500025606,79752.30811093368,79756.57125859702,0,1
1372357260000,1372357319999,79756.02471461959,79756.02471461959,79750.61610021221,79753.31217705848,0,1
1372357320000,1372357379999,79752.62103276567,79752.80327943034,79750.90156112069,79751.85074602604,0,1
1372357380000,1372357439999,79750.98754172518,79751.41399459686,79748.78620543638,79749.39506098248,0,1
1372357440000,1372357499999,79749.46041615431,79752.75857772568,79749.02012042685,79749.02012042685,0,1
1372357500000,1372357559999,79747.85393104222,79750.72959769386,79746.35729408589,79750.72959769386,0,1
1372357560000,1372357619999,79749.24371052362,79752.44909890518,79749.24371052362,79752.44909890518,0,1
1372357620000,1372357679999,79753.1402550808,79755.06561242102,79751.49997079556,79752.80671801473,0,1
1372357680000,1372357739999,79753.99983541358,79757.99419523818,79753.99983541358,79757.37555201194,0,1
1372357740000,1372357799999,79757.42710707593,79757.51303159192,79755.89752714544,79756.93904181807,0,1
1372357800000,1372357859999,79756.94591614202,79758.30693919353,79756.16565020155,79756.64687868171,0,1
1372357860000,1372357919999,79757.45116601483,79758.61280019485,79757.01122198388,79758.43065937696,0,1
1372357920000,1372357979999,79757.79142195263,79762.75303143007,79757.79142195263,79761.81862279326,0,1
1372357980000,1372358039999,79762.69463344816,79763.87626742262,79761.95947674266,79762.94883393953,0,1
1372358040000,1372358099999,79763.8350499831,79765.23634762823,79759.37569360939,79759.37569360939,0,1
1372358100000,1372358159999,79759.5818710285,79760.68828389481,79757.86359596624,79758.87741396272,0,1
1372358160000,1372358219999,79759.43411097639,79759.4787828503,79755.44720173368,79755.91815225114,0,1
1372358220000,1372358279999,79755.19968600095,79756.95622761908,79754.35739907112,79756.2928342656,0,1
1372358280000,1372358339999,79755.22375029938,79755.64658495202,79753.95857724574,79753.95857724574,0,1
1372358340000,1372358399999,79754.92466133466,79754.92466133466,79751.39679926842,79752.23589681262,0,1
1372358400000,1372358459999,79752.18087617989,79756.66406498486,79751.02193375997,79751.30394398389,0,1
1372358460000,1372358519999,79750.53011641397,79751.85418493798,79748.83780480169,79751.03225134735,0,1
1372358520000,1372358579999,79751.4724584924,79751.83699036644,79749.53609003017,79751.38992112876,0,1
1372358580000,1372358639999,79752.3906407192,79752.3906407192,79749.90069249658,79749.90069249658,0,1
1372358640000,1372358699999,79748.96508209781,79748.96508209781,79744.09298990239,79744.36487113642,0,1
1372358700000,1372358759999,79743.77980109132,79744.0998730628,79737.63794185668,79739.00848179302,0,1
1372358760000,1372358819999,79739.22885259445,79744.37863707825,79739.22885259445,79744.37863707825,0,1
1372358820000,1372358879999,79744.97743720685,79747.41012413532,79742.89180585701,79747.41012413532,0,1
1372358880000,1372358939999,79747.90209494813,79748.32867941709,79746.57406227519,79747.45484975481,0,1
1372358940000,1372358999999,79748.84468469696,79748.84468469696,79745.09443994093,79745.85492434578,0,1
1372359000000,1372359059999,79745.42135208883,79746.41922833373,79744.76751710553,79746.41922833373,0,1
1372359060000,1372359119999,79747.4720518629,79749.28498814866,79746.05105800088,79747.88145330257,0,1
1372359120000,1372359179999,79747.94681836732,79747.94681836732,79742.89868984427,79744.71933809988,0,1
1372359180000,1372359239999,79743.98285869136,79746.13708032024,79743.98285869136,79744.54726832765,0,1
1372359240000,1372359299999,79745.3146766679,79746.32976763038,79742.62332665741,79742.62332665741,0,1
1372359300000,1372359359999,79743.20502247989,79746.51212898629,79743.20502247989,79746.51212898629,0,1
1372359360000,1372359419999,79745.67943307775,79747.43420718606,79744.7021312559,79747.43420718606,0,1
1372359420000,1372359479999,79747.68879588942,79748.39060145654,79746.17837077069,79747.73352026257,0,1
1372359480000,1372359539999,79748.13259042913,79748.13259042913,79742.60267411273,79744.40616890503,0,1
1372359540000,1372359599999,79745.23208846369,79746.47083991392,79744.34422218816,79746.47083991392,0,1
1372359600000,1372359659999,79746.26783282845,79749.21275219301,79745.97191681353,79749.07859831955,0,1
1372359660000,1372359719999,79747.90553521825,79748.19795385234,79746.63599518052,79747.11080137883,0,1
1372359720000,1372359779999,79746.17837077069,79747.41012413532,79744.7916065213,79746.02008978477,0,1
1372359780000,1372359839999,79745.96159400378,79746.5947066196,79743.67654988286,79744.62986218782,0,1
1372359840000,1372359899999,79744.55759259747,79744.55759259747,79740.97098828504,79742.62676874406,0,1
1372359900000,1372359959999,79742.8711538668,79746.52589197253,79742.6302108295,79744.55415117538,0,1
1372359960000,1372360019999,79745.10476364587,79745.58652468903,79738.55050818839,79743.90714278023,0,1
1372360020000,1372360079999,79741.22229901684,79742.49252648737,79737.6792674153,79737.6792674153,0,1
1372360080000,1372360139999,79738.59527345054,79744.2788335707,79738.59527345054,79744.2788335707,0,1
1372360140000,1372360199999,79743.49757859604,79744.23409374397,79740.17570312068,79742.56136889539,0,1
1372360200000,1372360259999,79741.14311960473,79745.77578160618,79740.64048784539,79745.77578160618,0,1
1372360260000,1372360319999,79745.5486728758,79748.28051756574,79744.40616890503,79747.45140932965,0,1
1372360320000,1372360379999,79746.86996047247,79748.36308059745,79746.50180673417,79746.50180673417,0,1
1372360380000,1372360439999,79748.07754721506,79749.20931237258,79744.46467378529,79749.16803443516,0,1
1372360440000,1372360499999,79749.62208237582,79752.10178348997,79749.62208237582,79751.81635684159,0,1
1372360500000,1372360559999,79751.70974961818,79754.33333268778,79751.19045302078,79754.33333268778,0,1
1372360560000,1372360619999,79752.92362918047,79754.05484603922,79752.48004721824,79753.35343789331,0,1
1372360620000,1372360679999,79752.69324410555,79753.31561546789,79751.52060497325,79752.30467217784,0,1
1372360680000,1372360739999,79751.67192097541,79753.53567121076,79750.64705419859,79752.87892801379,0,1
1372360740000,1372360799999,79751.63753117598,79752.6279100586,79751.03225134735,79751.03225134735,0,1
1372360800000,1372360859999,79750.95314957209,79753.2537239177,79750.43037428176,79752.84798093518,0,1
1372360860000,1372360919999,79752.75513912474,79753.10243184904,79747.98466110426,79749.65303943923,0,1
1372360920000,1372360979999,79748.84812464281,79750.13802092145,79748.84812464281,79749.11299692022,0,1
1372360980000,1372361039999,79750.02795626536,79751.85418493798,79750.02795626536,79751.85418493798,0,1
1372361040000,1372361099999,79752.73106888503,79755.1824971809,79752.73106888503,79754.36427517,0,1
1372361100000,1372361159999,79754.34020880322,79758.10760901167,79753.21246267142,79758.10760901167,0,1
1372361160000,1372361219999,79759.33789395477,79760.72607844535,79757.5680228947,79759.42036574427,0,1
1372361220000,1372361279999,79760.02857418745,79761.38574214079,79759.17294833527,79759.77086326179,0,1
1372361280000,1372361339999,79758.22102149889,79758.4753357337,79757.40304807914,79758.4753357337,0,1
1372361340000,1372361399999,79759.19700307424,79761.1899090229,79758.0560574559,79760.15227307276,0,1
1372361400000,1372361459999,79759.82240597824,79761.08683742043,79757.84641172453,79757.84641172453,0,1
1372361460000,1372361519999,79757.59895536963,79759.66777703186,79756.00752721762,79756.48532598847,0,1
1372361520000,1372361579999,79756.99747342104,79761.31702920282,79755.28562965801,79761.31702920282,0,1
1372361580000,1372361639999,79761.8770258911,79762.97287959744,79752.04676211931,79754.74245332771,0,1
1372361640000,1372361699999,79754.50867215445,79755.00373170093,79751.67535994884,79752.58320757,0,1
1372361700000,1372361759999,79752.78952508095,79752.78952508095,79749.27810855632,79749.27810855632,0,1
1372361760000,1372361819999,79749.51545175718,79752.88580512936,79749.37786218207,79751.74070021948,0,1
1372361820000,1372361879999,79750.74335487682,79754.95216414166,79750.74335487682,79751.30394398389,0,1
1372361880000,1372361939999,79750.7949441444,79752.73450749424,79750.7192797942,79751.18013559663,0,1
1372361940000,1372361999999,79750.89124339845,79754.05484603922,79750.89124339845,79754.05484603922,0,1
1372362000000,1372362059999,79754.36771321767,79755.07592583715,79749.10267735244,79749.10267735244,0,1
1372362060000,1372362119999,79749.86629660537,79752.82047234046,79749.86629660537,79752.76545492401,0,1
1372362120000,1372362179999,79752.21870289741,79757.46147697092,79752.21870289741,79755.8562768064,0,1
1372362180000,1372362239999,79754.9418505979,79755.79096342162,79753.9482626772,79755.79096342162,0,1
1372362240000,1372362299999,79755.11030381407,79755.21343703572,79750.50948019237,79751.40711646904,0,1
1372362300000,1372362359999,79751.18701388058,79751.76821178466,79748.3940415586,79750.66081149512,0,1
1372362360000,1372362419999,79751.43806800702,79751.43806800702,79747.75416221349,79748.08786784078,0,1
1372362420000,1372362479999,79749.4363379828,79751.00473775736,79747.92273655107,79749.56360766123,0,1
1372362480000,1372362539999,79750.97378487814,79754.38834147887,79750.77774775145,79750.77774775145,0,1
1372362540000,1372362599999,79751.57906824551,79751.57906824551,79747.09703919757,79748.87564416706,0,1
1372362600000,1372362659999,79748.17387264087,79750.02795626536,79746.6738428783,79749.40194049437,0,1
1372362660000,1372362719999,79749.89037374163,79750.08642826475,79746.08546701743,79747.0763958902,0,1
1372362720000,1372362779999,79747.36539831577,79748.16011192255,79746.3504124791,79746.67728357099,0,1
1372362780000,1372362839999,79746.95597574775,79749.78030635975,79746.20245678806,79748.93068298834,0,1
1372362840000,1372362899999,79749.79062522827,79756.18971217558,79749.79062522827,79756.18971217558,0,1
1372362900000,1372362959999,79756.26533514557,79756.94591614202,79753.10587033056,79755.22031254601,0,1
1372362960000,1372363019999,79754.27832359409,79754.62556342426,79751.99861817167,79752.42846664326,0,1
1372363020000,1372363079999,79752.42846664326,79752.42846664326,79748.91692331142,79748.91692331142,0,1
1372363080000,1372363139999,79748.88940390077,79748.97884170848,79744.31669019083,79745.927184561,0,1
1372363140000,1372363199999,79744.58512393158,79748.36996081933,79741.39442601077,79743.16716165113,0,1
1372363200000,1372363259999,79744.28227508753,79748.09818845584,79740.89180688304,79748.09818845584,0,1
1372363260000,1372363319999,79748.87220423066,79750.09330730102,79748.8309249017,79749.28842794306,0,1
1372363320000,1372363379999,79749.54984885517,79749.54984885517,79747.96401962914,79748.76900558875,0,1
1372363380000,1372363439999,79748.05690593166,79749.18523359646,79747.97090012558,79749.18523359646,0,1
1372363440000,1372363499999,79747.87801302418,79747.87801302418,79747.36539831577,79747.36539831577,0,1
1372363500000,1372363559999,79748.18075299294,79748.18075299294,79745.63814056711,79746.53965493983,0,1
1372363560000,1372363619999,79746.2265427474,79746.66352079311,79745.97535774774,79746.49148447142,0,1
1372363620000,1372363679999,79745.49017433713,79745.49017433713,79745.49017433713,79745.49017433713,0,1
1372363680000,1372363739999,79745.84460141527,79745.84460141527,79745.84460141527,79745.84460141527,0,1
1372363740000,1372363799999,79746.10955325856,79749.40882000152,79746.10955325856,79747.8470504653,0,1
1372363800000,1372363859999,79749.57392675335,79749.57392675335,79749.08547804915,79749.08547804915,0,1
1372363860000,1372363919999,79748.34588002205,79748.34588002205,79748.34588002205,79748.34588002205,0,1
1372363920000,1372363979999,79747.19681458255,79747.19681458255,79745.89277499983,79745.89277499983,0,1
1372363980000,1372364039999,79745.49017433713,79746.2403061267,79745.49017433713,79746.2403061267,0,1
1372364040000,1372364099999,79745.21144130606,79745.89621596127,79744.23409374397,79744.33045619896,0,1
1372364100000,1372364159999,79744.33045619896,79744.33045619896,79744.33045619896,79744.33045619896,0,1
1372364160000,1372364219999,79744.33045619896,79744.33045619896,79744.33045619896,79744.33045619896,0,1
1372364220000,1372364279999,79744.33045619896,79744.33045619896,79744.33045619896,79744.33045619896,0,1
1372364280000,1372364339999,79744.33045619896,79744.33045619896,79744.33045619896,79744.33045619896,0,1
1372364340000,1372364399999,79744.33045619896,79744.33045619896,79744.33045619896,79744.33045619896,0,1
1372364400000,1372364459999,79744.33045619896,79744.33045619896,79744.33045619896,79744.33045619896,0,1
1372364460000,1372364519999,79744.33045619896,79744.33045619896,79744.33045619896,79744.33045619896,0,1
1372364520000,1372364579999,79744.33045619896,79744.33045619896,79744.33045619896,79744.33045619896,0,1
1372364580000,1372364639999,79744.33045619896,79744.33045619896,79744.33045619896,79744.33045619896,0,1
1372364640000,1372364699999,79744.33045619896,79744.33045619896,79744.33045619896,79744.33045619896,0,1
1372364700000,1372364759999,79744.33045619896,79744.33045619896,79744.33045619896,79744.33045619896,0,1
1372364760000,1372364819999,79744.33045619896,79744.33045619896,79744.33045619896,79744.33045619896,0,1
1372364820000,1372364879999,79744.33045619896,79744.33045619896,79744.33045619896,79744.33045619896,0,1
1372364880000,1372364939999,79744.33045619896,79744.33045619896,79744.33045619896,79744.33045619896,0,1
1372364940000,1372364999999,79744.33045619896,79744.33045619896,79744.33045619896,79744.33045619896,0,1
1372365000000,1372365059999,79744.33045619896,79744.33045619896,79744.33045619896,79744.33045619896,0,1
1372365060000,1372365119999,79744.33045619896,79744.33045619896,79744.33045619896,79744.33045619896,0,1
1372365120000,1372365179999,79744.33045619896,79744.33045619896,79744.33045619896,79744.33045619896,0,1
1372365180000,1372365239999,79744.33045619896,79744.33045619896,79744.33045619896,79744.33045619896,0,1
1372365240000,1372365299999,79744.33045619896,79744.33045619896,79744.33045619896,79744.33045619896,0,1
1372365300000,1372365359999,79744.33045619896,79744.33045619896,79744.33045619896,79744.33045619896,0,1
1372365360000,1372365419999,79744.33045619896,79744.33045619896,79744.33045619896,79744.33045619896,0,1
1372365420000,1372365479999,79744.33045619896,79744.33045619896,79744.33045619896,79744.33045619896,0,1
1372365480000,1372365539999,79744.33045619896,79744.33045619896,79744.33045619896,79744.33045619896,0,1
1372365540000,1372365599999,79744.33045619896,79744.33045619896,79744.33045619896,79744.33045619896,0,1
1372365600000,1372365659999,79744.33045619896,79744.33045619896,79744.33045619896,79744.33045619896,0,1
1372365660000,1372365719999,79744.33045619896,79744.33045619896,79744.33045619896,79744.33045619896,0,1
1372365720000,1372365779999,79744.33045619896,79744.33045619896,79744.33045619896,79744.33045619896,0,1
1372365780000,1372365839999,79744.33045619896,79744.33045619896,79744.33045619896,79744.33045619896,0,1
1372365840000,1372365899999,79744.33045619896,79744.33045619896,79744.33045619896,79744.33045619896,0,1
1372365900000,1372365959999,79744.33045619896,79744.33045619896,79744.33045619896,79744.33045619896,0,1
1372365960000,1372366019999,79744.33045619896,79744.33045619896,79744.33045619896,79744.33045619896,0,1
1372366020000,1372366079999,79744.33045619896,79744.33045619896,79744.33045619896,79744.33045619896,0,1
1372366080000,1372366139999,79744.33045619896,79744.33045619896,79744.33045619896,79744.33045619896,0,1
1372366140000,1372366199999,79744.33045619896,79744.33045619896,79744.33045619896,79744.33045619896,0,1
1372366200000,1372366259999,79744.33045619896,79744.33045619896,79744.33045619896,79744.33045619896,0,1
1372366260000,1372366319999,79744.33045619896,79744.33045619896,79744.33045619896,79744.33045619896,0,1
1372366320000,1372366379999,79744.33045619896,79744.33045619896,79744.33045619896,79744.33045619896,0,1
1372366380000,1372366439999,79744.33045619896,79744.33045619896,79744.33045619896,79744.33045619896,0,1
1372366440000,1372366499999,79744.33045619896,79744.33045619896,79744.33045619896,79744.33045619896,0,1
1372366500000,1372366559999,79744.33045619896,79744.33045619896,79744.33045619896,79744.33045619896,0,1
1372366560000,1372366619999,79744.33045619896,79744.33045619896,79744.33045619896,79744.33045619896,0,1
1372366620000,1372366679999,79744.33045619896,79744.33045619896,79744.33045619896,79744.33045619896,0,1
1372366680000,1372366739999,79744.33045619896,79744.33045619896,79744.33045619896,79744.33045619896,0,1
1372366740000,1372366799999,79744.33045619896,79744.33045619896,79744.33045619896,79744.33045619896,0,1
1372366800000,1372366859999,79744.33045619896,79744.33045619896,79744.33045619896,79744.33045619896,0,1
1372366860000,1372366919999,79744.33045619896,79744.33045619896,79744.33045619896,79744.33045619896,0,1
1372366920000,1372366979999,79744.33045619896,79744.33045619896,79744.33045619896,79744.33045619896,0,1
1372366980000,1372367039999,79744.33045619896,79744.33045619896,79744.33045619896,79744.33045619896,0,1
1372367040000,1372367099999,79744.33045619896,79744.33045619896,79744.33045619896,79744.33045619896,0,1
1372367100000,1372367159999,79744.33045619896,79744.33045619896,79744.33045619896,79744.33045619896,0,1
1372367160000,1372367219999,79744.33045619896,79744.33045619896,79744.33045619896,79744.33045619896,0,1
1372367220000,1372367279999,79744.33045619896,79744.33045619896,79744.33045619896,79744.33045619896,0,1
1372367280000,1372367339999,79744.33045619896,79744.33045619896,79744.33045619896,79744.33045619896,0,1
1372367340000,1372367399999,79744.33045619896,79744.33045619896,79744.33045619896,79744.33045619896,0,1
1372367400000,1372367459999,79744.33045619896,79744.33045619896,79744.33045619896,79744.33045619896,0,1
1372367460000,1372367519999,79744.33045619896,79744.33045619896,79744.33045619896,79744.33045619896,0,1
1372367520000,1372367579999,79744.33045619896,79744.33045619896,79744.33045619896,79744.33045619896,0,1
1372367580000,1372367639999,79744.33045619896,79744.33045619896,79744.33045619896,79744.33045619896,0,1
1372367640000,1372367699999,79744.33045619896,79744.33045619896,79744.33045619896,79744.33045619896,0,1
1372367700000,1372367759999,79744.33045619896,79744.33045619896,79744.33045619896,79744.33045619896,0,1
1372367760000,1372367819999,79744.33045619896,79744.33045619896,79744.33045619896,79744.33045619896,0,1
1372367820000,1372367879999,79744.33045619896,79744.33045619896,79744.33045619896,79744.33045619896,0,1
1372367880000,1372367939999,79744.33045619896,79744.33045619896,79744.33045619896,79744.33045619896,0,1
1372367940000,1372367999999,79744.33045619896,79744.33045619896,79744.33045619896,79744.33045619896,0,1
1372368000000,1372368059999,79744.33045619896,79744.33045619896,79744.33045619896,79744.33045619896,0,1
1372368060000,1372368119999,79744.33045619896,79744.33045619896,79744.33045619896,79744.33045619896,0,1
1372368120000,1372368179999,79744.33045619896,79744.33045619896,79744.33045619896,79744.33045619896,0,1
1372368180000,1372368239999,79744.33045619896,79744.33045619896,79744.33045619896,79744.33045619896,0,1
1372368240000,1372368299999,79744.33045619896,79744.33045619896,79744.33045619896,79744.33045619896,0,1
1372368300000,1372368359999,79744.33045619896,79744.33045619896,79744.33045619896,79744.33045619896,0,1
1372368360000,1372368419999,79744.33045619896,79744.33045619896,79744.33045619896,79744.33045619896,0,1
1372368420000,1372368479999,79744.33045619896,79744.33045619896,79744.33045619896,79744.33045619896,0,1
1372368480000,1372368539999,79744.33045619896,79744.33045619896,79744.33045619896,79744.33045619896,0,1
1372368540000,1372368599999,79744.33045619896,79744.33045619896,79744.33045619896,79744.33045619896,0,1
1372368600000,1372368659999,79744.33045619896,79744.33045619896,79744.33045619896,79744.33045619896,0,1
1372368660000,1372368719999,79744.33045619896,79744.33045619896,79744.33045619896,79744.33045619896,0,1
1372368720000,1372368779999,79744.33045619896,79744.33045619896,79744.33045619896,79744.33045619896,0,1
1372368780000,1372368839999,79744.33045619896,79744.33045619896,79744.33045619896,79744.33045619896,0,1
1372368840000,1372368899999,79744.33045619896,79744.33045619896,79744.33045619896,79744.33045619896,0,1
1372368900000,1372368959999,79744.33045619896,79744.33045619896,79744.33045619896,79744.33045619896,0,1
1372368960000,1372369019999,79744.33045619896,79744.33045619896,79744.33045619896,79744.33045619896,0,1
1372369020000,1372369079999,79744.33045619896,79744.33045619896,79744.33045619896,79744.33045619896,0,1
1372369080000,1372369139999,79744.33045619896,79744.33045619896,79744.33045619896,79744.33045619896,0,1
1372369140000,1372369199999,79744.33045619896,79744.33045619896,79744.33045619896,79744.33045619896,0,1
1372369200000,1372369259999,79744.33045619896,79744.33045619896,79744.33045619896,79744.33045619896,0,1
1372369260000,1372369319999,79744.33045619896,79744.33045619896,79744.33045619896,79744.33045619896,0,1
1372369320000,1372369379999,79744.33045619896,79744.33045619896,79744.33045619896,79744.33045619896,0,1
1372369380000,1372369439999,79744.33045619896,79744.33045619896,79744.33045619896,79744.33045619896,0,1
1372369440000,1372369499999,79744.33045619896,79744.33045619896,79744.33045619896,79744.33045619896,0,1
1372369500000,1372369559999,79744.33045619896,79744.33045619896,79744.33045619896,79744.33045619896,0,1
1372369560000,1372369619999,79744.33045619896,79744.33045619896,79744.33045619896,79744.33045619896,0,1
1372369620000,1372369679999,79744.33045619896,79744.33045619896,79744.33045619896,79744.33045619896,0,1
1372369680000,1372369739999,79744.33045619896,79744.33045619896,79744.33045619896,79744.33045619896,0,1
1372369740000,1372369799999,79744.33045619896,79744.33045619896,79744.33045619896,79744.33045619896,0,1
1372369800000,1372369859999,79744.33045619896,79744.33045619896,79744.33045619896,79744.33045619896,0,1
1372369860000,1372369919999,79744.33045619896,79744.33045619896,79744.33045619896,79744.33045619896,0,1
1372369920000,1372369979999,79744.33045619896,79744.33045619896,79744.33045619896,79744.33045619896,0,1
1372369980000,1372370039999,79744.33045619896,79744.33045619896,79744.33045619896,79744.33045619896,0,1
1372370040000,1372370099999,79744.33045619896,79744.33045619896,79744.33045619896,79744.33045619896,0,1
1372370100000,1372370159999,79744.33045619896,79744.33045619896,79744.33045619896,79744.33045619896,0,1
1372370160000,1372370219999,79744.33045619896,79744.33045619896,79744.33045619896,79744.33045619896,0,1
1372370220000,1372370279999,79744.33045619896,79744.33045619896,79744.33045619896,79744.33045619896,0,1
1372370280000,1372370339999,79744.33045619896,79744.33045619896,79744.33045619896,79744.33045619896,0,1
1372370340000,1372370399999,79744.33045619896,79744.33045619896,79744.33045619896,79744.33045619896,0,1
1372370400000,1372370459999,79742.51662138409,79742.51662138409,79738.59182997597,79738.88452108305,0,1
1372370460000,1372370519999,79738.54362120721,79739.7590999343,79738.54362120721,79739.7590999343,0,1
1372370520000,1372370579999,79739.20474977457,79742.884921865,79739.20474977457,79742.884921865,0,1
1372370580000,1372370639999,79743.21534813558,79744.20656144343,79742.72314668879,79744.20656144343,0,1
1372370640000,1372370699999,79744.20311990053,79744.24441833714,79743.63524910096,79743.63524910096,0,1
1372370700000,1372370759999,79740.96754562843,79741.82128817118,79740.87803614044,79740.87803614044,0,1
1372370760000,1372370819999,79740.93656166557,79744.5507097521,79740.93656166557,79744.03448284755,0,1
1372370820000,1372370879999,79744.03448284755,79744.03448284755,79744.03448284755,79744.03448284755,0,1
1372370880000,1372370939999,79743.69375849163,79744.11363936943,79743.41841719748,79744.11363936943,0,1
1372370940000,1372370999999,79744.38896152217,79744.73654491427,79744.38896152217,79744.73654491427,0,1
1372371000000,1372371059999,79744.47155668988,79744.47155668988,79744.47155668988,79744.47155668988,0,1
1372371060000,1372371119999,79744.88452229575,79744.90861142967,79744.36831262366,79744.90861142967,0,1
1372371120000,1372371179999,79745.62781741281,79745.63125846542,79745.02561496904,79745.02561496904,0,1
1372371180000,1372371239999,79745.42479321249,79745.95815306483,79744.50597114174,79744.50597114174,0,1
1372371240000,1372371299999,79745.62781741281,79747.13832568451,79745.22176489022,79746.21966105065,0,1
1372371300000,1372371359999,79746.22310189962,79747.3275532353,79746.22310189962,79747.07983644438,0,1
1372371360000,1372371419999,79746.77706314415,79747.34475556236,79746.75641917622,79746.89404482413,0,1
1372371420000,1372371479999,79746.80458836844,79748.51100432454,79746.80458836844,79748.51100432454,0,1
1372371480000,1372371539999,79747.9536988756,79749.10267735244,79747.75760253449,79747.96057937914,0,1
1372371540000,1372371599999,79747.88489357979,79747.90897548718,79747.3929219207,79747.90897548718,0,1
1372371600000,1372371659999,79747.78856537031,79749.13363602382,79747.78856537031,79749.10611720954,0,1
1372371660000,1372371719999,79746.84243542813,79746.84243542813,79746.30224109911,79746.57406227519,0,1
1372371720000,1372371779999,79746.14396207382,79746.54653641637,79746.14396207382,79746.54653641637,0,1
1372371780000,1372371839999,79746.31944519003,79746.31944519003,79746.16460730616,79746.16460730616,0,1
1372371840000,1372371899999,79746.68760564197,79746.68760564197,79746.54309567869,79746.54309567869,0,1
1372371900000,1372371959999,79747.22089814702,79747.36539831577,79746.02697161886,79747.36539831577,0,1
1372371960000,1372372019999,79746.9972628171,79746.9972628171,79746.11643503109,79746.30568191966,0,1
1372372020000,1372372079999,79746.2265427474,79747.02478743528,79746.12331679888,79747.02478743528,0,1
1372372080000,1372372139999,79747.13488515044,79747.45484975481,79746.83899479226,79747.45484975481,0,1
1372372140000,1372372199999,79747.28626752962,79747.296588972,79746.90780728475,79747.296588972,0,1
1372372200000,1372372259999,79746.72201246828,79749.59800459357,79746.72201246828,79749.42257900164,0,1
1372372260000,1372372319999,79749.35378381178,79749.91789039782,79749.25059013962,79749.36410312043,0,1
1372372320000,1372372379999,79749.63928075621,79749.7631082219,79749.63928075621,79749.7631082219,0,1
1372372380000,1372372439999,79749.82502137976,79749.82502137976,79748.5041241997,79748.5041241997,0,1
1372372440000,1372372499999,79748.46972350453,79748.46972350453,79748.46972350453,79748.46972350453,0,1
1372372500000,1372372559999,79748.46972350453,79748.46972350453,79748.46972350453,79748.46972350453,0,1
1372372560000,1372372619999,79749.10955706547,79749.10955706547,79747.41356457469,79748.96852200227,0,1
1372372620000,1372372679999,79748.72084585807,79750.69520465363,79748.72084585807,79750.32375228169,0,1
1372372680000,1372372739999,79750.02451672533,79750.02451672533,79749.20587255097,79749.20587255097,0,1
1372372740000,1372372799999,79749.13363602382,79749.13363602382,79748.9926013002,79748.9926013002,0,1
1372372800000,1372372859999,79749.11299692022,79749.11299692022,79748.57636527436,79748.5832453495,0,1
1372372860000,1372372919999,79749.37098265362,79749.37098265362,79749.37098265362,79749.37098265362,0,1
1372372920000,1372372979999,79748.86876429309,79751.4621413592,79748.86876429309,79750.66769013628,0,1
1372372980000,1372373039999,79750.53699514503,79751.43462895196,79749.39162122476,79749.39162122476,0,1
1372373040000,1372373099999,79749.67023776639,79750.85685091418,79749.42257900164,79750.85685091418,0,1
1372373100000,1372373159999,79751.16293986606,79751.16293986606,79751.01505536248,79751.01505536248,0,1
1372373160000,1372373219999,79750.67456877271,79751.01161616195,79750.62297888413,79751.01161616195,0,1
1372373220000,1372373279999,79751.02881215274,79751.4621413592,79751.02881215274,79751.29018757211,0,1
1372373280000,1372373339999,79751.21452696907,79751.21452696907,79747.28626752962,79747.28626752962,0,1
1372373340000,1372373399999,79747.45484975481,79747.45484975481,79746.18869335666,79746.18869335666,0,1
1372373400000,1372373459999,79746.94909455297,79746.96973812314,79746.75297851075,79746.96973812314,0,1
1372373460000,1372373519999,79746.95597574775,79747.66815380358,79746.95597574775,79747.66815380358,0,1
1372373520000,1372373579999,79747.41012413532,79747.41012413532,79747.41012413532,79747.41012413532,0,1
1372373580000,1372373639999,79747.41012413532,79747.41012413532,79747.41012413532,79747.41012413532,0,1
1372373640000,1372373699999,79747.47549228097,79747.67847485183,79747.1452067491,79747.67847485183,0,1
1372373700000,1372373759999,79747.65095203283,79747.65095203283,79745.82051453595,79746.18869335666,0,1
1372373760000,1372373819999,79745.06691000902,79745.84116043606,79745.06691000902,79745.39726419002,0,1
1372373820000,1372373879999,79745.56587826321,79745.56587826321,79745.33188245792,79745.46264549466,0,1
1372373880000,1372373939999,79745.45232215918,79745.82051453595,79745.41102871073,79745.82051453595,0,1
1372373940000,1372373999999,79745.87557017485,79745.87557017485,79745.34908821834,79745.34908821834,0,1
1372374000000,1372374059999,79745.72416643854,79745.77234060329,79745.70696132345,79745.77234060329,0,1
1372374060000,1372374119999,79745.91686170507,79745.91686170507,79745.91686170507,79745.91686170507,0,1
1372374120000,1372374179999,79745.5280263718,79745.5280263718,79745.37661737343,79745.37661737343,0,1
1372374180000,1372374239999,79745.48329213362,79745.48329213362,79745.48329213362,79745.48329213362,0,1
1372374240000,1372374299999,79745.77578160618,79745.77578160618,79745.24241202652,79745.31123550633,0,1
1372374300000,1372374359999,79744.36142964801,79744.36142964801,79744.36142964801,79744.36142964801,0,1
1372374360000,1372374419999,79744.50941258042,79744.95678952344,79744.50941258042,79744.95678952344,0,1
1372374420000,1372374479999,79744.79504786168,79744.79504786168,79744.79504786168,79744.79504786168,0,1
1372374480000,1372374539999,79744.48876393061,79744.94990695282,79743.71785049417,79743.71785049417,0,1
1372374540000,1372374599999,79743.71785049417,79743.71785049417,79743.71785049417,79743.71785049417,0,1
1372374600000,1372374659999,79744.04480764682,79744.04480764682,79744.04480764682,79744.04480764682,0,1
1372374660000,1372374719999,79744.26850901307,79744.26850901307,79743.79012615354,79743.79012615354,0,1
1372374720000,1372374779999,79743.79012615354,79743.79012615354,79743.79012615354,79743.79012615354,0,1
1372374780000,1372374839999,79742.97785535715,79744.22376914015,79742.97785535715,79744.22376914015,0,1
1372374840000,1372374899999,79743.89337618933,79745.5280263718,79743.89337618933,79745.5280263718,0,1
1372374900000,1372374959999,79745.48673323597,79745.61061213196,79745.06691000902,79745.06691000902,0,1
1372374960000,1372375019999,79745.66910996608,79745.78954560588,79745.41446983795,79745.78954560588,0,1
1372375020000,1372375079999,79744.46811523817,79745.53146745877,79744.46811523817,79745.53146745877,0,1
1372375080000,1372375139999,79745.32500014546,79745.63814056711,79745.05658626501,79745.63814056711,0,1
1372375140000,1372375199999,79745.67599204171,79745.67599204171,79745.35941166038,79745.35941166038,0,1
1372375200000,1372375259999,79744.5507097521,79745.05314501464,79744.5507097521,79745.05314501464,0,1
1372375260000,1372375319999,79745.57620148145,79745.57620148145,79745.57620148145,79745.57620148145,0,1
1372375320000,1372375379999,79745.10132241207,79745.43167545628,79744.00006677305,79744.07922356734,0,1
1372375380000,1372375439999,79744.05513243542,79744.40961037805,79744.05513243542,79744.38552004205,0,1
1372375440000,1372375499999,79744.49220537521,79744.49220537521,79743.60771515161,79743.60771515161,0,1
1372375500000,1372375559999,79743.85207630294,79744.63330358386,79743.60771515161,79744.03104124543,0,1
1372375560000,1372375619999,79744.36142964801,79745.49361543712,79744.13773036041,79745.49361543712,0,1
1372375620000,1372375679999,79745.49361543712,79745.49361543712,79745.49361543712,79745.49361543712,0,1
1372375680000,1372375739999,79745.49361543712,79745.49361543712,79745.49361543712,79745.49361543712,0,1
1372375740000,1372375799999,79745.62437635902,79745.89621596127,79745.39726419002,79745.39726419002,0,1
1372375800000,1372375859999,79745.86524726564,79745.94783024088,79745.82051453595,79745.94783024088,0,1
1372375860000,1372375919999,79746.16460730616,79746.3813796723,79745.9443892972,79746.30912273903,0,1
1372375920000,1372375979999,79746.30912273903,79746.30912273903,79746.30912273903,79746.30912273903,0,1
1372375980000,1372376039999,79745.79298660284,79746.10955325856,79745.28026499903,79745.7585765799,0,1
1372376040000,1372376099999,79745.94094835233,79745.95815306483,79745.36285280535,79745.36285280535,0,1
1372376100000,1372376159999,79745.68631514629,79746.24374696857,79745.36285280535,79746.03041253414,0,1
1372376160000,1372376219999,79746.30568191966,79746.30568191966,79746.30568191966,79746.30568191966,0,1
1372376220000,1372376279999,79746.39858362707,79746.60502877581,79746.39858362707,79746.60502877581,0,1
1372376280000,1372376339999,79746.16804817406,79746.16804817406,79746.16804817406,79746.16804817406,0,1
1372376340000,1372376399999,79746.07170342503,79747.27938656209,79746.07170342503,79747.0626336616,0,1
1372376400000,1372376459999,79747.26562461285,79747.60278691731,79747.1314446152,79747.52365800961,0,1
1372376460000,1372376519999,79747.52365800961,79747.52365800961,79747.52365800961,79747.52365800961,0,1
1372376520000,1372376579999,79747.59934654304,79748.05690593166,79747.11424192118,79747.11424192118,0,1
1372376580000,1372376639999,79747.58214465392,79747.63375023249,79746.73921583705,79747.21057662649,0,1
1372376640000,1372376699999,79746.93189154525,79747.74384124335,79746.93189154525,79747.74384124335,0,1
1372376700000,1372376759999,79747.92273655107,79748.03970482961,79747.8470504653,79748.03282438053,0,1
1372376760000,1372376819999,79747.87801302418,79747.87801302418,79747.87801302418,79747.87801302418,0,1
1372376820000,1372376879999,79747.57182350625,79747.59246579095,79747.1555283371,79747.1555283371,0,1
1372376880000,1372376939999,79747.1933740686,79747.1933740686,79747.1933740686,79747.1933740686,0,1
1372376940000,1372376999999,79747.51677720543,79747.51677720543,79746.55341788818,79746.9938222345,0,1
1372377000000,1372377059999,79747.34475556236,79747.6750345036,79745.60028894924,79745.60028894924,0,1
1372377060000,1372377119999,79745.1494995774,79745.63125846542,79744.34078069264,79744.63674497872,0,1
1372377120000,1372377179999,79744.07234039271,79744.07234039271,79739.4251162509,79739.4251162509,0,1
1372377180000,1372377239999,79740.1998036004,79740.492447648,79737.60005994458,79738.50574272584,0,1
1372377240000,1372377299999,79740.08962950467,79740.78164041117,79739.2081930381,79740.23423275638,0,1
1372377300000,1372377359999,79739.15654396053,79739.36313867026,79739.1496573967,79739.1496573967,0,1
1372377360000,1372377419999,79740.83328109597,79741.11557879268,79740.16881725866,79740.99164419985,0,1
1372377420000,1372377479999,79740.94344699895,79741.18098809743,79740.55786102872,79740.55786102872,0,1
1372377480000,1372377539999,79740.70590025773,79740.94000433285,79739.1531006792,79739.2219660804,0,1
1372377540000,1372377599999,79738.93961492163,79739.82107506091,79738.93961492163,79739.00848179302,0,1
1372377600000,1372377659999,79738.96371838056,79741.32213303418,79738.96371838056,79740.77819768936,0,1
1372377660000,1372377719999,79740.80918214293,79741.11902139834,79740.80918214293,79741.11902139834,0,1
1372377720000,1372377779999,79741.11213618585,79741.11213618585,79739.8417333511,79739.8417333511,0,1
1372377780000,1372377839999,79740.45113371339,79740.45113371339,79738.97749175958,79740.29620493845,0,1
1372377840000,1372377899999,79740.0999583777,79741.80063397002,79740.0999583777,79741.80063397002,0,1
1372377900000,1372377959999,79741.99340485528,79742.36516678311,79741.99340485528,79742.3066496184,0,1
1372377960000,1372378019999,79743.12585876536,79743.93123426869,79742.40991497214,79742.40991497214,0,1
1372378020000,1372378079999,79742.8126396629,79743.94500080746,79740.75754133366,79740.98131624778,0,1
1372378080000,1372378139999,79740.70245750986,79741.16377516398,79740.70245750986,79740.72655672011,0,1
1372378140000,1372378199999,79740.47523352932,79740.80229671708,79739.12899767674,79739.33903617406,0,1
1372378200000,1372378259999,79739.46987759805,79739.46987759805,79738.79843635259,79739.27017157908,0,1
1372378260000,1372378319999,79739.72122605672,79742.03127012824,79739.72122605672,79741.77309496877,0,1
1372378320000,1372378379999,79741.95898175545,79742.10355797845,79741.05705431526,79741.05705431526,0,1
1372378380000,1372378439999,79741.18098809743,79742.98129732175,79741.18098809743,79741.58376228214,0,1
1372378440000,1372378499999,79741.71113193867,79741.87980817616,79740.95721765148,79741.40819604228,0,1
1372378500000,1372378559999,79739.63859164409,79741.97619332018,79738.79843635259,79741.59753205295,0,1
1372378560000,1372378619999,79741.47704591548,79741.47704591548,79741.30492034368,79741.32557556873,0,1
1372378620000,1372378679999,79741.51147067432,79742.05192385304,79740.59917452239,79740.59917452239,0,1
1372378680000,1372378739999,79741.26016720971,79744.85355046687,79741.26016720971,79744.6195379926,0,1
1372378740000,1372378799999,79745.16326443915,79745.83083749133,79745.02217370801,79745.43511657638,0,1
1372378800000,1372378859999,79745.38005851248,79746.06826252396,79745.10820487847,79746.06826252396,0,1
1372378860000,1372378919999,79746.28503697857,79746.28503697857,79744.19623681117,79744.19623681117,0,1
1372378920000,1372378979999,79744.1274056571,79744.40961037805,79744.11708094312,79744.40961037805,0,1
1372378980000,1372379039999,79744.82257854205,79745.5486728758,79744.04136604824,79744.92581791838,0,1
1372379040000,1372379099999,79744.10675621848,79744.50252970189,79743.5182292926,79744.36487113642,0,1
1372379100000,1372379159999,79744.40961037805,79744.64018637239,79743.98285869136,79743.98285869136,0,1
1372379160000,1372379219999,79743.9656505801,79744.29948265398,79743.9656505801,79744.23065221055,0,1
1372379220000,1372379279999,79744.53694404717,79744.53694404717,79744.53694404717,79744.53694404717,0,1
1372379280000,1372379339999,79744.49564681861,79744.49564681861,79742.10700024401,79742.57513732013,0,1
1372379340000,1372379399999,79742.25845875504,79744.5162954542,79742.25845875504,79744.5162954542,0,1
1372379400000,1372379459999,79744.09298990239,79744.09298990239,79740.36506246809,79741.15000479588,0,1
1372379460000,1372379519999,79741.1465622009,79741.1465622009,79739.146214113,79739.146214113,0,1
1372379520000,1372379579999,79738.88452108305,79740.42014815043,79738.88452108305,79740.30997648231,0,1
1372379580000,1372379639999,79740.76786951686,79742.8711538668,79740.76786951686,79741.93144319027,0,1
1372379640000,1372379699999,79742.10355797845,79742.22059434235,79741.37721344469,79742.06913525781,0,1
1372379700000,1372379759999,79741.69736232428,79742.18617202457,79741.55622268365,79742.0140586583,0,1
1372379760000,1372379819999,79742.21715211589,79742.45122081507,79741.6113018048,79741.88669286012,0,1
1372379820000,1372379879999,79742.55104256442,79742.8470598243,79741.68015027963,79741.71801673876,0,1
1372379880000,1372379939999,79741.62851396795,79741.62851396795,79739.85894856033,79740.39260534718,0,1
1372379940000,1372379999999,79740.76098406258,79740.76098406258,79740.53031860477,79740.64048784539,0,1
1372380000000,1372380059999,79740.27210469106,79740.71278574994,79740.03454200161,79740.03454200161,0,1
1372380060000,1372380119999,79740.06552875941,79740.127501987,79739.283944536,79739.9071509885,0,1
1372380120000,1372380179999,79740.24800438559,79741.11213618585,79739.9863401875,79740.36506246809,0,1
1372380180000,1372380239999,79740.17914604991,79741.19131584329,79738.84320050493,79741.19131584329,0,1
1372380240000,1372380299999,79741.10869357783,79741.29115016994,79741.09148051993,79741.29115016994,0,1
1372380300000,1372380359999,79740.80918214293,79741.69736232428,79740.80918214293,79741.69736232428,0,1
1372380360000,1372380419999,79742.05536613637,79742.40647281088,79741.7249015341,79742.40647281088,0,1
1372380420000,1372380479999,79741.66293820537,79741.97619332018,79740.21357527701,79740.21357527701,0,1
1372380480000,1372380539999,79739.97945419508,79741.28426507597,79739.97945419508,79740.55786102872,0,1
1372380540000,1372380599999,79741.06049694106,79741.11213618585,79740.51654736436,79741.01918535323,0,1
1372380600000,1372380659999,79740.53376141192,79742.31697620176,79740.53376141192,79742.31697620176,0,1
1372380660000,1372380719999,79740.73344219809,79741.49081583324,79740.6852437527,79740.78852585123,0,1
1372380720000,1372380779999,79740.8057394306,79740.8057394306,79739.15998724067,79740.76442679031,0,1
1372380780000,1372380839999,79740.64048784539,79741.19475842286,79740.33407663842,79741.03639853557,0,1
1372380840000,1372380899999,79741.72834392998,79742.28255421575,79740.54753262863,79740.54753262863,0,1
1372380900000,1372380959999,79740.69212925911,79741.0673821891,79740.08618654462,79740.08618654462,0,1
1372380960000,1372381019999,79740.64737338263,79742.24468989429,79740.56474662284,79742.24468989429,0,1
1372381020000,1372381079999,79742.24124767614,79742.75756715822,79742.24124767614,79742.64053707874,0,1
1372381080000,1372381139999,79743.09832341342,79743.16027784867,79740.83672379881,79740.83672379881,0,1
1372381140000,1372381199999,79740.97443094048,79740.97443094048,79740.76098406258,79740.76098406258,0,1
1372381200000,1372381259999,79741.54245285595,79741.98996255064,79740.98475889966,79741.98996255064,0,1
1372381260000,1372381319999,79741.90390454927,79743.00539104082,79741.90390454927,79742.8057556164,0,1
1372381320000,1372381379999,79742.44433651977,79743.10176533656,79742.37205113293,79742.81952370466,0,1
1372381380000,1372381439999,79742.68528403556,79743.88305123372,79742.68184196907,79743.12585876536,0,1
1372381440000,1372381499999,79742.8057556164,79742.90213183612,79742.330744963,79742.37205113293,0,1
1372381500000,1372381559999,79742.34451370526,79742.4994107495,79742.292880824,79742.4994107495,0,1
1372381560000,1372381619999,79742.4856422205,79743.83830963624,79742.40647281088,79743.43562625047,0,1
1372381620000,1372381679999,79743.28418556773,79743.28418556773,79742.22403656761,79742.31697620176,0,1
1372381680000,1372381739999,79742.69216816498,79743.91746771095,79742.69216816498,79743.91746771095,0,1
1372381740000,1372381799999,79743.78324277991,79743.91402606857,79741.9865202448,79741.9865202448,0,1
1372381800000,1372381859999,79742.5097371338,79742.5097371338,79742.5097371338,79742.5097371338,0,1
1372381860000,1372381919999,79742.0588084185,79742.4684315326,79742.0588084185,79742.4684315326,0,1
1372381920000,1372381979999,79742.54071622275,79742.54071622275,79742.49252648737,79742.49252648737,0,1
1372381980000,1372382039999,79741.91423154852,79742.64397915945,79741.91423154852,79742.64397915945,0,1
1372382040000,1372382099999,79742.884921865,79742.884921865,79742.884921865,79742.884921865,0,1
1372382100000,1372382159999,79743.1981387035,79744.22721067595,79743.1981387035,79743.9243509922,0,1
1372382160000,1372382219999,79744.13773036041,79745.48329213362,79744.13773036041,79744.36831262366,0,1
1372382220000,1372382279999,79744.90517012838,79744.90517012838,79742.6130003904,79742.8401758015,0,1
1372382280000,1372382339999,79742.64053707874,79742.8608278557,79742.60611620647,79742.84361781349,0,1
1372382340000,1372382399999,79742.38237764876,79742.63709499684,79742.34107152147,79742.4030306484,0,1
1372382400000,1372382459999,79743.22223190012,79743.83830963624,79742.60267411273,79743.69720020983,0,1
1372382460000,1372382519999,79744.4509079619,79744.46123233122,79743.97253382816,79744.46123233122,0,1
1372382520000,1372382579999,79745.49361543712,79745.52114419435,79745.12541102375,79745.33876476565,0,1
1372382580000,1372382639999,79745.06691000902,79746.481162198,79745.02561496904,79746.481162198,0,1
1372382640000,1372382699999,79746.14740294885,79746.62911376554,79746.14740294885,79746.42266911404,0,1
1372382700000,1372382759999,79746.14052119762,79746.64975799629,79746.14052119762,79746.42955067108,0,1
1372382760000,1372382819999,79745.85148337012,79746.16804817406,79745.39382305689,79745.44199881305,0,1
1372382820000,1372382879999,79744.98431975851,79744.98431975851,79744.17902906708,79744.18935371708,0,1
1372382880000,1372382939999,79744.14461349003,79746.00632610239,79744.14461349003,79746.00632610239,0,1
1372382940000,1372382999999,79746.56374008702,79748.53852477654,79746.03041253414,79748.53852477654,0,1
1372383000000,1372383059999,79747.40668369476,79747.69911691637,79747.11424192118,79747.34475556236,0,1
1372383060000,1372383119999,79746.78738511214,79747.56150234793,79745.12885224925,79745.47640992537,0,1
1372383120000,1372383179999,79745.79298660284,79745.84116043606,79745.00840865204,79745.84116043606,0,1
1372383180000,1372383239999,79745.60373001134,79746.21277934915,79745.38005851248,79745.73793050929,0,1
1372383240000,1372383299999,79745.97191681353,79747.98466110426,79745.68975617878,79747.57526388999,0,1
1372383300000,1372383359999,79747.44108804705,79749.87317579308,79747.44108804705,79749.87317579308,0,1
1372383360000,1372383419999,79750.06923065336,79750.72615839515,79749.46041615431,79749.6839964068,0,1
1372383420000,1372383479999,79749.59800459357,79749.59800459357,79745.7585765799,79745.99944425409,0,1
1372383480000,1372383539999,79746.47083991392,79748.08098742481,79745.91342075074,79748.08098742481,0,1
1372383540000,1372383599999,79746.95253515095,79747.75416221349,79745.85836532025,79747.179612001,0,1
1372383600000,1372383659999,79747.63719059492,79747.85393104222,79747.3275532353,79747.55806195945,0,1
1372383660000,1372383719999,79747.30691040376,79747.46861144365,79746.73921583705,79746.73921583705,0,1
1372383720000,1372383779999,79747.20713611727,79747.70599759507,79746.81835095216,79747.6647134518,0,1
1372383780000,1372383839999,79748.20139402068,79748.80684521445,79748.20139402068,79748.80684521445,0,1
1372383840000,1372383899999,79749.29186773628,79749.67023776639,79746.05793981368,79746.20245678806,0,1
1372383900000,1372383959999,79747.16584991444,79748.022503698,79746.4364322234,79747.29314849239,0,1
1372383960000,1372384019999,79747.62686950406,79749.99700036255,79747.54085999934,79749.99700036255,0,1
1372384020000,1372384079999,79750.68144740442,79750.82589757719,79749.49825316382,79749.49825316382,0,1
1372384080000,1372384139999,79749.74934969032,79749.90069249658,79749.74934969032,79749.90069249658,0,1
1372384140000,1372384199999,79749.68055674847,79750.00731900746,79749.68055674847,79750.00731900746,0,1
1372384200000,1372384259999,79749.96948392407,79750.61266087447,79749.54640915069,79749.54640915069,0,1
1372384260000,1372384319999,79750.06923065336,79751.03912973302,79749.73215149924,79750.70896188391,0,1
1372384320000,1372384379999,79750.59202482323,79751.14230495034,79750.34782831656,79750.61266087447,0,1
1372384380000,1372384439999,79750.57826743207,79751.45526326449,79750.57826743207,79750.84997240313,0,1
1372384440000,1372384499999,79751.37616483525,79751.65816506982,79750.84997240313,79750.84997240313,0,1
1372384500000,1372384559999,79751.44838516504,79752.33905968307,79751.12166999203,79751.43462895196,0,1
1372384560000,1372384619999,79751.52748302302,79752.4972406841,79748.4387627777,79748.4387627777,0,1
1372384620000,1372384679999,79747.62342913808,79751.59970225999,79747.62342913808,79750.94971035027,0,1
1372384680000,1372384739999,79750.81214050778,79750.81214050778,79749.07515845296,79749.39162122476,0,1
1372384740000,1372384799999,79748.8618844144,79750.56451002198,79748.8618844144,79749.38130194452,0,1
1372384800000,1372384859999,79748.85844447327,79749.59456490567,79748.85844447327,79749.53952973819,0,1
1372384860000,1372384919999,79749.14051571555,79749.70119468073,79749.14051571555,79749.70119468073,0,1
1372384920000,1372384979999,79749.55672826056,79750.80526196597,79749.34690426677,79750.76742990148,0,1
1372384980000,1372385039999,79751.04600811396,79751.39679926842,79749.72183257037,79751.39679926842,0,1
1372385040000,1372385099999,79751.01505536248,79751.29018757211,79750.66769013628,79750.66769013628,0,1
1372385100000,1372385159999,79750.23432650181,79751.18701388058,79750.23432650181,79750.75367275163,0,1
1372385160000,1372385219999,79750.84997240313,79751.01161616195,79750.2824789442,79750.94971035027,0,1
1372385220000,1372385279999,79751.10447416092,79751.63753117598,79751.09415664806,79751.09415664806,0,1
1372385280000,1372385339999,79751.29706578038,79752.72419166304,79751.08039994769,79752.21182532306,0,1
1372385340000,1372385399999,79752.52131148663,79754.06516049783,79752.52131148663,79754.06516049783,0,1
1372385400000,1372385459999,79754.13392328341,79754.36427517,79753.22965487806,79753.32249228314,0,1
1372385460000,1372385519999,79753.3190538761,79755.17562164461,79753.3190538761,79755.17562164461,0,1
1372385520000,1372385579999,79754.7905840673,79754.7905840673,79753.60099932725,79754.09266566881,0,1
1372385580000,1372385639999,79754.2473808459,79754.2473808459,79752.3906407192,79754.13048515537,0,1
1372385640000,1372385699999,79753.87949861494,79754.1923712794,79752.95113749141,79752.9786457267,0,1
1372385700000,1372385759999,79753.17463971279,79756.70531199186,79753.17463971279,79756.05908933494,0,1
1372385760000,1372385819999,79756.00752721762,79759.16951193927,79755.75658778459,79758.25882537548,0,1
1372385820000,1372385879999,79758.32412264387,79759.59217978787,79757.64019852069,79757.64019852069,0,1
1372385880000,1372385939999,79758.03199997226,79758.03199997226,79757.59208149459,79757.66082003244,0,1
1372385940000,1372385999999,79757.5611489984,79759.70213922659,79757.54052728112,79759.56468973926,0,1
1372386000000,1372386059999,79759.62654224235,79760.26566237344,79759.1832575162,79760.26566237344,0,1
1372386060000,1372386119999,79760.07667949134,79765.58664135986,79760.07667949134,79765.58664135986,0,1
1372386120000,1372386179999,79765.06463053283,79766.45888811696,79764.99594286903,79765.58320716715,0,1
1372386180000,1372386239999,79766.28375806143,79766.28375806143,79765.24665056019,79766.1429650085,0,1
1372386240000,1372386299999,79766.63058127246,79766.63058127246,79763.72857081138,79764.76240128299,0,1
1372386300000,1372386359999,79764.81391827819,79765.95065909924,79764.23691277174,79764.69027704383,0,1
1372386360000,1372386419999,79765.555733583,79766.4485864339,79764.80704936084,79765.7377446716,0,1
1372386420000,1372386479999,79766.56533822062,79766.80227148015,79766.45202032942,79766.80227148015,0,1
1372386480000,1372386539999,79767.17311226897,79767.1765459157,79766.85034421006,79766.90528418985,0,1
1372386540000,1372386599999,79766.53786733461,79766.62371360284,79764.94099239829,79764.94099239829,0,1
1372386600000,1372386659999,79764.93068915141,79766.37647435525,79764.93068915141,79765.79269076433,0,1
1372386660000,1372386719999,79766.13266299997,79766.2700222411,79764.61128323265,79764.61128323265,0,1
1372386720000,1372386779999,79764.65593198521,79765.754915358,79764.65593198521,79765.04402428323,0,1
1372386780000,1372386839999,79765.53169413496,79765.53169413496,79761.72929974856,79762.86982637078,0,1
1372386840000,1372386899999,79763.65300425974,79763.65300425974,79763.14119758378,79763.14119758378,0,1
1372386900000,1372386959999,79763.65643911538,79765.21574173246,79763.65643911538,79765.21574173246,0,1
1372386960000,1372387019999,79764.95129563456,79766.89841670888,79764.82422164538,79766.4966608641,0,1
1372387020000,1372387079999,79766.21507877106,79766.59280903118,79765.90945020897,79765.9231865246,0,1
1372387080000,1372387139999,79766.44515253717,79767.2349177301,79766.44515253717,79767.2349177301,0,1
1372387140000,1372387199999,79766.88124798583,79767.32419161069,79766.7095591341,79767.32419161069,0,1
1372387200000,1372387259999,79766.70269151872,79767.88385201027,79766.65805190377,79767.79801655923,0,1
1372387260000,1372387319999,79767.76368217252,79767.8769852013,79766.65461807899,79767.28298838022,0,1
1372387320000,1372387379999,79767.02889804078,79767.07353600032,79766.30092781033,79766.40051177258,0,1
1372387380000,1372387439999,79766.4897931025,79767.19028049093,79765.96782942007,79766.3421350874,0,1
1372387440000,1372387499999,79766.42798303592,79766.42798303592,79764.72805647207,79764.88604162559,0,1
1372387500000,1372387559999,79764.83795945179,79766.06741669949,79762.91791800872,79762.9557041334,0,1
1372387560000,1372387619999,79763.31294771071,79764.58380697815,79763.26829296148,79764.58380697815,0,1
1372387620000,1372387679999,79764.67997353863,79764.75553233025,79763.15150267459,79763.20646297949,0,1
1372387680000,1372387739999,79763.25798799103,79763.25798799103,79761.49224626155,79761.79800985377,0,1
1372387740000,1372387799999,79761.22083029647,79762.06941015393,79761.07309445982,79762.06941015393,0,1
1372387800000,1372387859999,79761.56095799556,79764.53228879746,79761.22770167762,79764.53228879746,0,1
1372387860000,1372387919999,79763.64956940291,79763.64956940291,79763.08967197048,79763.16867780231,0,1
1372387920000,1372387979999,79762.86639124494,79763.46065046063,79762.6224942938,79762.75646659486,0,1
1372387980000,1372388039999,79763.12402240884,79763.98961450529,79762.90417756434,79763.6289602372,0,1
1372388040000,1372388099999,79763.36790712833,79763.43317104444,79763.1789828648,79763.43317104444,0,1
1372388100000,1372388159999,79764.32621342059,79764.32621342059,79762.37172080357,79762.37172080357,0,1
1372388160000,1372388219999,79761.6983800472,79762.12781178711,79759.78460801214,79759.78460801214,0,1
1372388220000,1372388279999,79760.62643795853,79760.7295143065,79760.62643795853,79760.7295143065,0,1
1372388280000,1372388339999,79760.73295016646,79760.73295016646,79760.0079575578,79760.43058997023,0,1
1372388340000,1372388399999,79760.98720052818,79761.46132582721,79760.183197555,79760.183197555,0,1
1372388400000,1372388459999,79760.85664033907,79760.95971431423,79757.48897280186,79757.48897280186,0,1
1372388460000,1372388519999,79757.66082003244,79757.66082003244,79754.61868750503,79754.61868750503,0,1
1372388520000,1372388579999,79754.90403417977,79756.19658701465,79754.90403417977,79755.67064817504,0,1
1372388580000,1372388639999,79755.6740857736,79758.26913549883,79755.6740857736,79758.26913549883,0,1
1372388640000,1372388699999,79757.97013760572,79757.97013760572,79757.01465912165,79757.81548001504,0,1
1372388700000,1372388759999,79758.24851524149,79758.91521535796,79757.77767446241,79758.79837421999,0,1
1372388760000,1372388819999,79758.86366796539,79758.86366796539,79755.52970561651,79755.69814893046,0,1
1372388820000,1372388879999,79755.66033537226,79755.66033537226,79755.40938722655,79755.5193926684,0,1
1372388880000,1372388939999,79754.76995663584,79754.76995663584,79752.9373833454,79753.0714854621,0,1
1372388940000,1372388999999,79752.63822598913,79754.94528844701,79751.48277561496,79754.94528844701,0,1
1372389000000,1372389059999,79754.75276707712,79757.3927370628,79754.75276707712,79757.3927370628,0,1
1372389060000,1372389119999,79757.81204315252,79760.33094653909,79757.81204315252,79758.31724926727,0,1
1372389120000,1372389179999,79759.75711849252,79760.04919077459,79759.49252800214,79759.49252800214,0,1
1372389180000,1372389239999,79759.67808570269,79760.34469051966,79759.67808570269,79760.34469051966,0,1
1372389240000,1372389299999,79760.08355165871,79762.55378985342,79760.08355165871,79760.51305274859,0,1
1372389300000,1372389359999,79760.97689320681,79760.97689320681,79756.60563143367,79756.60563143367,0,1
1372389360000,1372389419999,79756.58500774586,79757.60239230539,79756.4131420266,79757.55427509737,0,1
1372389420000,1372389479999,79757.25525582899,79757.91858534126,79756.3478322788,79757.24838171768,0,1
1372389480000,1372389539999,79757.56458594714,79757.56458594714,79756.43720340512,79756.65719046714,0,1
1372389540000,1372389599999,79756.58844503012,79760.22443004923,79756.5506348383,79759.20731223037,0,1
1372389600000,1372389659999,79758.54750481142,79758.54750481142,79757.82235373653,79758.28288231343,0,1
1372389660000,1372389719999,79757.92545899187,79757.92545899187,79756.61594326164,79756.61594326164,0,1
1372389720000,1372389779999,79756.3478322788,79757.79485882222,79756.3478322788,79757.78798508184,0,1
1372389780000,1372389839999,79756.78093106285,79756.99059913252,79756.37189381446,79756.62625507895,0,1
1372389840000,1372389899999,79756.5987568758,79756.81530317882,79756.38908059019,79756.81530317882,0,1
1372389900000,1372389959999,79756.76374496057,79756.91498164702,79756.76374496057,79756.91498164702,0,1
1372389960000,1372390019999,79756.91498164702,79756.91498164702,79756.91498164702,79756.91498164702,0,1
1372390020000,1372390079999,79756.91498164702,79756.91498164702,79756.91498164702,79756.91498164702,0,1
1372390080000,1372390139999,79756.70187474779,79757.93920627894,79756.70187474779,79757.93920627894,0,1
1372390140000,1372390199999,79757.84297487265,79759.38256625851,79757.76049007305,79759.05954664364,0,1
1372390200000,1372390259999,79758.86710446648,79759.51314569445,79758.39285614998,79758.48908226484,0,1
1372390260000,1372390319999,79759.15920274417,79759.75024610081,79759.15920274417,79759.75024610081,0,1
1372390320000,1372390379999,79759.28634874095,79759.28634874095,79757.68487840905,79757.89796436107,0,1
1372390380000,1372390439999,79758.02168960441,79758.02168960441,79757.14526948104,79757.14526948104,0,1
1372390440000,1372390499999,79757.45803998674,79758.04918389505,79757.25869288287,79758.04918389505,0,1
1372390500000,1372390559999,79757.5680228947,79759.95641579773,79757.5680228947,79759.13171150528,0,1
1372390560000,1372390619999,79759.24511237859,79759.5028368536,79758.1625970449,79759.5028368536,0,1
1372390620000,1372390679999,79759.66777703186,79759.66777703186,79759.27260330571,79759.27260330571,0,1
1372390680000,1372390739999,79758.1522868117,79759.8120974562,79758.1522868117,79759.67464948025,0,1
1372390740000,1372390799999,79759.8155336314,79759.9839047695,79759.48909171595,79759.5853072828,0,1
1372390800000,1372390859999,79759.87738458297,79760.07667949134,79759.70213922659,79759.70213922659,0,1
1372390860000,1372390919999,79759.5578172153,79760.12478456381,79758.95988954995,79760.12478456381,0,1
1372390920000,1372390979999,79759.5853072828,79759.84989531839,79759.49940057096,79759.71244786197,0,1
1372390980000,1372391039999,79759.0973473504,79759.62654224235,79759.0973473504,79759.12140227122,0,1
1372391040000,1372391099999,79759.35507563368,79759.78460801214,79759.13514791429,79759.78460801214,0,1
1372391100000,1372391159999,79760.98376475557,79761.67433132448,79760.98376475557,79761.17960191045,0,1
1372391160000,1372391219999,79761.65371808755,79761.65371808755,79761.09027315762,79761.21052321591,0,1
1372391220000,1372391279999,79761.16585907734,79761.16585907734,79759.60936102987,79760.05606296087,0,1
1372391280000,1372391339999,79759.97703253363,79759.97703253363,79759.97703253363,79759.97703253363,0,1
1372391340000,1372391399999,79759.43411097639,79759.43411097639,79759.43411097639,79759.43411097639,0,1
1372391400000,1372391459999,79759.88425688731,79760.11447635347,79759.4753465594,79760.11447635347,0,1
1372391460000,1372391519999,79761.29985089456,79761.85641307198,79760.8119746199,79761.85641307198,0,1
1372391520000,1372391579999,79761.63654035766,79762.53661366958,79761.15555194012,79761.38574214079,0,1
1372391580000,1372391639999,79760.14196489076,79760.14196489076,79758.77431852212,79759.29665780497,0,1
1372391640000,1372391699999,79759.33445761545,79759.52345452466,79759.13514791429,79759.23480326142,0,1
1372391700000,1372391759999,79759.17982112375,79759.65059589023,79759.17982112375,79759.56812599947,0,1
1372391760000,1372391819999,79759.52689079904,79759.52689079904,79759.19700307424,79759.19700307424,0,1
1372391820000,1372391879999,79759.43067467013,79759.43067467013,79758.80181074353,79758.82242986,0,1
1372391880000,1372391939999,79759.3241485904,79759.3241485904,79756.79467992342,79756.79467992342,0,1
1372391940000,1372391999999,79756.55750942927,79757.49928371898,79756.36501909589,79756.55750942927,0,1
1372392000000,1372392059999,79756.82217758783,79759.1935666865,79756.45782739777,79758.37223614776,0,1
1372392060000,1372392119999,79758.25195195401,79758.25195195401,79757.41335908485,79757.41335908485,0,1
1372392120000,1372392179999,79757.47866187412,79757.68144150166,79756.58157046042,79756.82217758783,0,1
1372392180000,1372392239999,79756.7671821834,79756.78780549549,79753.07836244526,79753.07836244526,0,1
1372392240000,1372392299999,79752.74138470914,79753.17120125491,79752.74138470914,79753.17120125491,0,1
1372392300000,1372392359999,79753.17463971279,79755.18937271247,79752.5178728041,79755.09311484038,0,1
1372392360000,1372392419999,79754.99341821035,79756.31002117723,79752.38376326309,79754.15799014666,0,1
1372392420000,1372392479999,79754.42615984722,79757.82235373653,79754.42615984722,79755.77721318098,0,1
1372392480000,1372392539999,79755.03810992604,79756.64687868171,79754.65650500225,79756.55750942927,0,1
1372392540000,1372392599999,79756.25502295607,79756.46470205253,79754.69776029066,79754.93153704349,0,1
1372392600000,1372392659999,79754.93153704349,79755.95252733277,79754.93153704349,79755.95252733277,0,1
1372392660000,1372392719999,79755.80471364333,79755.80471364333,79755.80471364333,79755.80471364333,0,1
1372392720000,1372392779999,79755.78408830367,79755.78408830367,79755.73252476836,79755.73252476836,0,1
1372392780000,1372392839999,79755.87690199718,79756.49220062431,79755.87690199718,79756.37189381446,0,1
1372392840000,1372392899999,79756.39939264146,79757.3377447961,79756.39939264146,79756.64344141755,0,1
1372392900000,1372392959999,79756.13127585252,79757.78111133674,79755.83565157308,79757.75705319164,0,1
1372392960000,1372393019999,79757.5955184327,79759.38943890292,79757.43741805683,79759.38943890292,0,1
1372393020000,1372393079999,79759.12827509512,79763.67704822448,79758.76057238306,79763.23050801792,0,1
1372393080000,1372393139999,79763.33355752772,79764.52885424266,79762.86295611793,79764.52885424266,0,1
1372393140000,1372393199999,79764.28843247418,79764.51855057113,79762.99005503196,79763.75604941585,0,1
1372393200000,1372393259999,79763.29577283075,79764.9100826258,79763.24424801391,79763.55682782269,0,1
1372393260000,1372393319999,79763.62209050584,79763.71483148081,79762.95913922858,79762.95913922858,0,1
1372393320000,1372393379999,79763.10684720441,79763.28203290555,79762.65341113796,79763.28203290555,0,1
1372393380000,1372393439999,79763.01410059074,79763.3850818844,79762.52974318778,79763.16180775476,0,1
1372393440000,1372393499999,79763.42973611211,79763.42973611211,79763.11371728973,79763.11371728973,0,1
1372393500000,1372393559999,79763.13432751736,79763.51560906651,79763.13432751736,79763.51560906651,0,1
1372393560000,1372393619999,79763.06219153485,79763.06219153485,79763.06219153485,79763.06219153485,0,1
1372393620000,1372393679999,79762.7118093606,79762.94883393953,79762.7118093606,79762.94883393953,0,1
1372393680000,1372393739999,79763.051886352,79763.051886352,79763.051886352,79763.051886352,0,1
1372393740000,1372393799999,79763.051886352,79763.051886352,79763.051886352,79763.051886352,0,1
1372393800000,1372393859999,79762.7186797173,79762.7186797173,79760.89099844884,79761.46476143575,0,1
1372393860000,1372393919999,79761.42696967693,79761.42696967693,79760.07324340587,79760.47525739293,0,1
1372393920000,1372393979999,79761.31359354354,79761.67776685984,79761.26205851251,79761.65028254394,0,1
1372393980000,1372394039999,79761.48881066246,79761.48881066246,79761.48881066246,79761.48881066246,0,1
1372394040000,1372394099999,79761.6227981525,79761.6227981525,79759.99421311442,79760.38935832604,0,1
1372394100000,1372394159999,79760.35843448134,79760.35843448134,79758.06636778831,79758.06636778831,0,1
1372394160000,1372394219999,79758.52344851005,79758.52344851005,79758.52344851005,79758.52344851005,0,1
1372394220000,1372394279999,79758.31381257721,79758.43753267561,79757.4958467478,79757.4958467478,0,1
1372394280000,1372394339999,79757.86359596624,79757.91858534126,79757.75361630904,79757.75361630904,0,1
1372394340000,1372394399999,79757.57833373031,79757.90140119405,79757.47866187412,79757.90140119405,0,1
1372394400000,1372394459999,79757.90140119405,79759.5371996151,79757.5611489984,79759.36882095554,0,1
1372394460000,1372394519999,79759.09391092842,79761.08683742043,79759.09391092842,79760.6298738539,0,1
1372394520000,1372394579999,79760.86007615537,79761.34795008333,79760.55771980295,79760.55771980295,0,1
1372394580000,1372394639999,79761.04904423332,79762.86639124494,79761.04904423332,79762.86639124494,0,1
1372394640000,1372394699999,79762.5400489087,79764.52541968666,79762.5400489087,79762.69463344816,0,1
1372394700000,1372394759999,79762.94883393953,79763.35416730224,79762.90761267721,79763.35416730224,0,1
1372394760000,1372394819999,79763.51217416249,79765.28786218187,79763.51217416249,79765.28786218187,0,1
1372394820000,1372394879999,79765.23634762823,79766.29062596452,79765.23634762823,79766.10519092533,0,1
1372394880000,1372394939999,79765.15048944911,79766.30092781033,79765.15048944911,79766.30092781033,0,1
1372394940000,1372394999999,79766.56877207608,79766.56877207608,79765.76865188591,79765.76865188591,0,1
1372395000000,1372395059999,79765.0337211425,79765.41149602787,79764.32277879499,79764.47046663032,0,1
1372395060000,1372395119999,79764.6971460414,79764.6971460414,79763.23394301868,79763.58087201868,0,1
1372395120000,1372395179999,79763.88313697935,79765.13331772483,79763.3782119855,79764.70058053841,0,1
1372395180000,1372395239999,79764.93755798384,79765.58320716715,79764.30217101665,79764.30217101665,0,1
1372395240000,1372395299999,79764.33308266824,79766.2974938629,79764.33308266824,79765.06119616084,0,1
1372395300000,1372395359999,79764.95473004428,79764.9615988602,79764.95473004428,79764.9615988602,0,1
1372395360000,1372395419999,79764.9615988602,79764.9615988602,79764.9615988602,79764.9615988602,0,1
1372395420000,1372395479999,79765.13331772483,79765.13331772483,79765.04058990417,79765.04058990417,0,1
1372395480000,1372395539999,79765.49048351814,79765.59350974175,79764.98563967877,79765.56947038451,0,1
1372395540000,1372395599999,79765.27755929237,79766.36273866225,79765.27755929237,79766.2974938629,0,1
1372395600000,1372395659999,79766.57563978342,79766.82974163981,79766.33526721966,79766.54816892571,0,1
1372395660000,1372395719999,79766.59967672202,79766.82287410698,79765.71713980898,79765.80642724034,0,1
1372395720000,1372395779999,79766.51383024745,79766.98082616921,79766.136097004,79766.44171863928,0,1
1372395780000,1372395839999,79766.80913902713,79766.96365758765,79766.19447489196,79766.39364394493,0,1
1372395840000,1372395899999,79766.7095591341,79767.7671156165,79766.4897931025,79767.7671156165,0,1
1372395900000,1372395959999,79768.44691430022,79768.68036985441,79768.17225372916,79768.56364275859,0,1
1372395960000,1372396019999,79768.10358740766,79768.5396105403,79768.07268740916,79768.51214507726,0,1
1372396020000,1372396079999,79768.07955408374,79768.09672074957,79767.82891740648,79768.0143204848,0,1
1372396080000,1372396139999,79768.53617736154,79768.6288727742,79768.0383539655,79768.6288727742,0,1
1372396140000,1372396199999,79768.36108368213,79768.54647689428,79767.80831685226,79767.80831685226,0,1
1372396200000,1372396259999,79768.3233179768,79768.3233179768,79766.27689015362,79766.27689015362,0,1
1372396260000,1372396319999,79766.11549296217,79766.11549296217,79763.25455299852,79763.58774177833,0,1
1372396320000,1372396379999,79763.3713420819,79764.87230388523,79763.3713420819,79764.87230388523,0,1
1372396380000,1372396439999,79764.81735273509,79765.0989741878,79762.18964843873,79762.18964843873,0,1
1372396440000,1372396499999,79762.25148470797,79762.25148470797,79761.10058036214,79761.10058036214,0,1
1372396500000,1372396559999,79760.82228211126,79761.48537506218,79759.43067467013,79759.43067467013,0,1
1372396560000,1372396619999,79760.27253441095,79761.80144534663,79760.00452144873,79761.80144534663,0,1
1372396620000,1372396679999,79762.06253935113,79762.69119826214,79761.29985089456,79762.13468254506,0,1
1372396680000,1372396739999,79761.16929478738,79763.17554784515,79761.16929478738,79762.59844779337,0,1
1372396740000,1372396799999,79763.44004090557,79763.53621846583,79762.74959626411,79763.20302796928,0,1
1372396800000,1372396859999,79763.46065046063,79763.5327835689,79762.89730733506,79763.16180775476,0,1
1372396860000,1372396919999,79763.16180775476,79763.16180775476,79763.16180775476,79763.16180775476,0,1
1372396920000,1372396979999,79763.22020300853,79763.32325262451,79763.22020300853,79763.32325262451,0,1
1372396980000,1372397039999,79762.94196374094,79762.94196374094,79762.94196374094,79762.94196374094,0,1
1372397040000,1372397099999,79763.34042745727,79763.34042745727,79762.82860478277,79762.82860478277,0,1
1372397100000,1372397159999,79763.02784088408,79763.81787599984,79763.02784088408,79763.45034568843,0,1
1372397160000,1372397219999,79763.62552537212,79765.39089049301,79763.62552537212,79764.95473004428,0,1
1372397220000,1372397279999,79765.47674660812,79766.16013499913,79764.7246219845,79765.00624604868,0,1
1372397280000,1372397339999,79765.07149927325,79768.15165388222,79764.83109055094,79768.15165388222,0,1
1372397340000,1372397399999,79768.28898539364,79768.70096861223,79766.66491954982,79767.82548398373,0,1
1372397400000,1372397459999,79767.70531344456,79768.8794894027,79766.73016195194,79768.8794894027,0,1
1372397460000,1372397519999,79768.43661466494,79768.83485950387,79768.24435285928,79768.57050909605,0,1
1372397520000,1372397579999,79768.86232408056,79769.39100248081,79768.14822057028,79768.15165388222,0,1
1372397580000,1372397639999,79767.95938659774,79770.21142855016,79767.95938659774,79770.21142855016,0,1
1372397640000,1372397699999,79770.46887055492,79772.09231877967,79770.46887055492,79771.30636935837,0,1
1372397700000,1372397759999,79771.49857230272,79771.73538870772,79771.49857230272,79771.62212938764,0,1
1372397760000,1372397819999,79771.23772455439,79771.23772455439,79770.23545675102,79770.58214293742,0,1
1372397820000,1372397879999,79771.20683423887,79772.08545485997,79770.97687000173,79771.11073042477,0,1
1372397880000,1372397939999,79771.68047525818,79771.68733945588,79770.5512505967,79770.59930530768,0,1
1372397940000,1372397999999,79770.75376531464,79771.36814927908,79769.75488176355,79770.4620055208,0,1
1372398000000,1372398059999,79769.58324224225,79770.25261971631,79769.58324224225,79770.14620885676,0,1
1372398060000,1372398119999,79770.24575453372,79770.28351297956,79769.06830600154,79769.68279352343,0,1
1372398120000,1372398179999,79769.66219678795,79770.44141039018,79769.13353272535,79770.44141039018,0,1
1372398180000,1372398239999,79770.72973835915,79770.72973835915,79769.76518004115,79769.77891106145,0,1
1372398240000,1372398299999,79770.24575453372,79770.40365254054,79769.75831452393,79770.34529921976,0,1
1372398300000,1372398359999,79770.2217263576,79770.2217263576,79769.8612967873,79769.8612967873,0,1
1372398360000,1372398419999,79769.7960748103,79770.62676503885,79769.7960748103,79770.09471932467,0,1
1372398420000,1372398479999,79769.9024893957,79769.9024893957,79769.69652465686,79769.89562397276,0,1
1372398480000,1372398539999,79769.99173946513,79770.41738268417,79769.94711452998,79770.41738268417,0,1
1372398540000,1372398599999,79770.02949887009,79770.02949887009,79767.47870221295,79767.71218037143,0,1
1372398600000,1372398659999,79767.19714777145,79767.19714777145,79765.89571387449,79766.1429650085,0,1
1372398660000,1372398719999,79765.90601612712,79766.78166881086,79764.64906295933,79766.78166881086,0,1
1372398720000,1372398779999,79766.32839934724,79766.56533822062,79762.75303143007,79764.67310452927,0,1
1372398780000,1372398839999,79764.69027704383,79764.86886944721,79762.6740223143,79763.11028224767,0,1
1372398840000,1372398899999,79763.42973611211,79763.79039756526,79763.08967197048,79763.08967197048,0,1
1372398900000,1372398959999,79764.14074195038,79764.6971460414,79763.72857081138,79763.72857081138,0,1
1372398960000,1372399019999,79762.23430800487,79766.136097004,79760.81884628198,79765.00624604868,0,1
1372399020000,1372399079999,79766.04337848145,79766.97739245526,79764.94442681155,79764.94442681155,0,1
1372399080000,1372399139999,79765.2226103691,79766.40737959548,79764.67653903454,79765.00968043953,0,1
1372399140000,1372399199999,79765.15048944911,79766.05024654964,79763.4366059756,79766.05024654964,0,1
1372399200000,1372399259999,79764.47733577887,79765.31190221608,79762.86295611793,79764.68340804154,0,1
1372399260000,1372399319999,79764.69371154321,79766.58937518398,79764.69371154321,79766.58937518398,0,1
1372399320000,1372399379999,79766.20134285637,79766.60997824944,79762.69119826214,79762.69119826214,0,1
1372399380000,1372399439999,79762.47134390191,79765.5660361859,79761.60218480934,79765.04745866111,0,1
1372399440000,1372399499999,79764.58380697815,79766.05024654964,79762.96600941537,79762.96600941537,0,1
1372399500000,1372399559999,79763.46408538235,79764.4429899889,79762.54348414666,79762.85952098972,0,1
1372399560000,1372399619999,79762.93165843422,79764.25065138501,79762.93165843422,79763.03127595446,0,1
1372399620000,1372399679999,79763.19272293159,79764.202566156,79762.93852863989,79764.202566156,0,1
1372399680000,1372399739999,79764.46359747704,79764.48077035138,79763.06562659342,79764.3846018752,0,1
1372399740000,1372399799999,79764.5528961016,79764.5528961016,79763.24424801391,79763.41599637097,0,1
1372399800000,1372399859999,79763.18241788326,79764.9100826258,79763.18241788326,79764.26095533257,0,1
1372399860000,1372399919999,79764.76927023102,79764.83452500195,79763.32668759344,79764.2987363828,0,1
1372399920000,1372399979999,79764.65936649637,79766.62027976626,79764.65936649637,79766.00560402211,0,1
1372399980000,1372400039999,79766.23224863787,79766.62027976626,79764.67997353863,79765.15048944911,0,1
1372400040000,1372400099999,79764.85169723933,79765.60037811892,79763.23050801792,79765.60037811892,0,1
1372400100000,1372400159999,79765.21574173246,79765.48704929241,79762.25492004504,79762.3476737001,0,1
1372400160000,1372400219999,79762.36828550661,79762.36828550661,79760.92535644055,79760.92535644055,0,1
1372400220000,1372400279999,79760.8806910283,79761.63654035766,79759.71932027966,79760.76730870121,0,1
1372400280000,1372400339999,79761.02155818937,79762.04536232348,79760.27940644375,79760.27940644375,0,1
1372400340000,1372400399999,79760.74325773929,79763.05875647507,79760.73295016646,79762.74616109696,0,1
1372400400000,1372400459999,79761.90107412635,79761.90107412635,79758.67465858588,79760.83602541655,0,1
1372400460000,1372400519999,79761.48537506218,79761.48537506218,79759.30009415728,79760.83602541655,0,1
1372400520000,1372400579999,79760.92535644055,79762.05910394796,79760.09729597931,79760.09729597931,0,1
1372400580000,1372400639999,79760.05606296087,79760.05606296087,79758.97707187834,79759.40662049325,0,1
1372400640000,1372400699999,79759.11452944261,79759.69870301243,79758.80181074353,79758.9358342406,0,1
1372400700000,1372400759999,79759.06985594147,79759.86363996012,79758.23133166123,79758.23133166123,0,1
1372400760000,1372400819999,79757.67800459306,79759.8705122739,79757.44429203818,79759.64028719108,0,1
1372400820000,1372400879999,79759.21762137588,79761.06622297244,79759.21762137588,79759.79835274363,0,1
1372400880000,1372400939999,79760.09042382137,79760.09042382137,79758.84992194915,79759.12140227122,0,1
1372400940000,1372400999999,79759.23823963499,79759.74337370438,79759.09391092842,79759.61279727473,0,1
1372401000000,1372401059999,79759.50627313508,79761.7258642309,79759.15920274417,79759.24854874861,0,1
1372401060000,1372401119999,79759.49252800214,79761.55752242007,79758.99081771978,79761.01812242856,0,1
1372401120000,1372401179999,79761.20365182296,79761.67776685984,79761.20365182296,79761.26549418952,0,1
1372401180000,1372401239999,79761.16242336611,79762.58814213262,79761.16242336611,79762.58814213262,0,1
1372401240000,1372401299999,79763.6873527631,79764.91351704969,79763.6873527631,79763.70109213139,0,1
1372401300000,1372401359999,79763.48469488787,79763.75261459441,79763.48469488787,79763.75261459441,0,1
1372401360000,1372401419999,79763.35760226054,79764.88260719228,79763.35760226054,79764.88260719228,0,1
1372401420000,1372401479999,79764.74522889228,79764.95129563456,79764.37086344596,79764.37086344596,0,1
1372401480000,1372401539999,79764.91351704969,79766.984259882,79764.25752068456,79766.97739245526,0,1
1372401540000,1372401599999,79766.92588660445,79766.92588660445,79766.51383024745,79766.64088276804,0,1
1372401600000,1372401659999,79766.09832289488,79767.30359001667,79766.09832289488,79767.30359001667,0,1
1372401660000,1372401719999,79767.1490767087,79767.1490767087,79764.78644258044,79765.0337211425,0,1
1372401720000,1372401779999,79766.11549296217,79766.63058127246,79764.95129563456,79766.1841729365,0,1
1372401780000,1372401839999,79766.03651040855,79766.62714743824,79765.29473076896,79766.22538069468,0,1
1372401840000,1372401899999,79765.73087638878,79766.22194672131,79765.21574173246,79766.22194672131,0,1
1372401900000,1372401959999,79766.2700222411,79766.54130119948,79764.95473004428,79766.09145485972,0,1
1372401960000,1372402019999,79766.19790887476,79766.19790887476,79765.32563935254,79765.35998211113,0,1
1372402020000,1372402079999,79764.94786122364,79765.51795728155,79764.94786122364,79765.17796414663,0,1
1372402080000,1372402139999,79765.10240854681,79766.82630787398,79765.10240854681,79766.7919701508,0,1
1372402140000,1372402199999,79766.35930473606,79766.78853637201,79765.99873592326,79766.28032410811,0,1
1372402200000,1372402259999,79766.63058127246,79766.82630787398,79766.03651040855,79766.12922899476,0,1
1372402260000,1372402319999,79766.60654440815,79766.60654440815,79765.08867110369,79766.22538069468,0,1
1372402320000,1372402379999,79766.57907363534,79766.57907363534,79765.9712634807,79766.417681321,0,1
1372402380000,1372402439999,79766.2974938629,79766.71642674477,79766.05024654964,79766.71642674477,0,1
1372402440000,1372402499999,79765.1642268073,79767.087270717,79765.1642268073,79767.0048621339,0,1
1372402500000,1372402559999,79766.66148572738,79768.63573906689,79766.66148572738,79767.98685357899,0,1
1372402560000,1372402619999,79767.10787275668,79767.28985559708,79766.75076472735,79767.22461684643,0,1
1372402620000,1372402679999,79767.15594401752,79767.31389081899,79766.7335957508,79767.1490767087,0,1
1372402680000,1372402739999,79767.16281132163,79768.56020958807,79765.96439535826,79768.56020958807,0,1
1372402740000,1372402799999,79768.81769410512,79769.98144142085,79768.47781314238,79769.83040221965,0,1
1372402800000,1372402859999,79771.60153664618,79772.95713496902,79768.35765044209,79769.67592794965,0,1
1372402860000,1372402919999,79770.11531516931,79773.35519982481,79769.97114336595,79772.57278145158,0,1
1372402920000,1372402979999,79771.60840089804,79771.60840089804,79766.02964233093,79766.92245287163,0,1
1372402980000,1372403039999,79768.28211886284,79771.73195662597,79768.28211886284,79771.73195662597,0,1
1372403040000,1372403099999,79773.03263124551,79787.26721620905,79773.03263124551,79784.56999657373,0,1
1372403100000,1372403159999,79782.67773871367,79783.38394928744,79780.37706617682,79783.38394928744,0,1
1372403160000,1372403219999,79782.4343244828,79784.44659936633,79780.31534188824,79780.31534188824,0,1
1372403220000,1372403279999,79780.32220016135,79783.61705639263,79778.17533098112,79781.30974238558,0,1
1372403280000,1372403339999,79780.6479627158,79782.75658994043,79779.7323714824,79782.08462042839,0,1
1372403340000,1372403399999,79781.49832442863,79784.08325430195,79780.6753948675,79781.08001036455,0,1
1372403400000,1372403459999,79781.56347012613,79782.57145998949,79780.69939793853,79780.69939793853,0,1
1372403460000,1372403519999,79780.06158247685,79780.8502730657,79778.45657650092,79779.07391697777,0,1
1372403520000,1372403579999,79779.75294748708,79782.08119189674,79778.55260974489,79782.08119189674,0,1
1372403580000,1372403639999,79782.73602011512,79782.73602011512,79778.70008757392,79781.24802385362,0,1
1372403640000,1372403699999,79780.7885516979,79782.08119189674,79780.46279372336,79781.53261169074,0,1
1372403700000,1372403759999,79781.05943709025,79781.69376024794,79779.9209832739,79780.33248756218,0,1
1372403760000,1372403819999,79780.9702857459,79781.83776314446,79780.53137523145,79780.53137523145,0,1
1372403820000,1372403879999,79780.54509147664,79781.06629485305,79778.14446208868,79778.14446208868,0,1
1372403880000,1372403939999,79778.23020877683,79780.3839244076,79778.11359310095,79778.11359310095,0,1
1372403940000,1372403999999,79778.76868117193,79779.22138711892,79776.292154142,79776.64892160922,0,1
1372404000000,1372404059999,79776.4259434338,79776.4602480921,79773.13901139497,79775.89077552645,0,1
1372404060000,1372404119999,79775.99026403544,79777.47561268604,79775.29382368588,79775.77756326049,0,1
1372404120000,1372404179999,79775.84274623683,79778.96417034502,79775.84274623683,79776.65921278959,0,1
1372404180000,1372404239999,79776.82387023521,79777.40358008203,79775.63347306826,79775.63347306826,0,1
1372404240000,1372404299999,79776.11719621335,79777.36927865965,79773.70864068314,79775.34871729692,0,1
1372404300000,1372404359999,79774.92671491615,79775.70208770444,79774.02089357232,79774.3777420785,0,1
1372404360000,1372404419999,79774.60762812194,79774.63507684857,79772.31539360533,79772.31539360533,0,1
1372404420000,1372404479999,79772.08545485997,79775.4859500062,79772.08545485997,79774.94043885097,0,1
1372404480000,1372404539999,79775.11884828964,79775.11884828964,79772.92968163626,79773.81501364149,0,1
1372404540000,1372404599999,79773.59540370989,79776.71752927832,79773.59540370989,79775.59573481767,0,1
1372404600000,1372404659999,79775.22520624833,79775.48251921142,79770.25261971631,79771.34412379972,0,1
1372404660000,1372404719999,79771.55348675116,79772.09575073776,79770.51692566178,79771.61869726701,0,1
1372404720000,1372404779999,79771.41620006463,79771.41620006463,79768.71813421135,79769.8612967873,0,1
1372404780000,1372404839999,79770.51692566178,79773.35176829895,79770.51692566178,79771.86923897767,0,1
1372404840000,1372404899999,79771.53632601842,79772.41491769145,79770.78465702974,79770.78465702974,0,1
1372404900000,1372404959999,79771.21369876167,79772.13350219895,79766.02964233093,79766.86064547926,0,1
1372404960000,1372405019999,79766.73702954846,79771.15535016761,79766.73702954846,79771.15535016761,0,1
1372405020000,1372405079999,79771.72509245892,79775.37959482071,79771.63928997314,79774.04834390951,0,1
1372405080000,1372405139999,79774.49783246194,79776.6317696184,79774.49783246194,79776.47740037712,0,1
1372405140000,1372405199999,79775.76040977504,79777.3143961391,79775.2389297735,79777.3143961391,0,1
1372405200000,1372405259999,79777.42759100768,79778.10330341719,79776.2852931044,79778.10330341719,0,1
1372405260000,1372405319999,79777.78774797442,79777.78774797442,79774.25078781926,79774.25078781926,0,1
1372405320000,1372405379999,79773.95569871948,79777.9935461317,79773.95569871948,79776.9370706564,0,1
1372405380000,1372405439999,79777.20119998923,79778.26793708671,79776.98852496968,79778.26793708671,0,1
1372405440000,1372405499999,79778.46686582117,79781.66975956358,79778.4085595331,79781.66975956358,0,1
1372405500000,1372405559999,79780.70282694398,79780.70282694398,79778.54232051286,79779.79409936942,0,1
1372405560000,1372405619999,79779.96556372302,79782.74287672825,79779.7975286853,79782.74287672825,0,1
1372405620000,1372405679999,79782.88343626149,79782.88343626149,79781.20687795404,79781.65261618233,0,1
1372405680000,1372405739999,79781.42974955172,79782.74973333669,79781.38517562956,79782.17719033881,0,1
1372405740000,1372405799999,79782.70859361558,79783.63419640648,79781.48460949087,79783.49021937698,0,1
1372405800000,1372405859999,79783.65476438434,79783.65476438434,79779.7495181559,79780.50051361101,0,1
1372405860000,1372405919999,79779.85925617011,79782.00576390287,79779.6877899937,79781.36117420456,0,1
1372405920000,1372405979999,79780.86398887348,79781.87547784612,79779.95184668292,79781.85833481755,0,1
1372405980000,1372406039999,79782.16690483553,79782.4274676581,79780.0238609335,79780.0238609335,0,1
1372406040000,1372406099999,79780.82969931877,79782.69488033759,79780.10959150802,79782.13261974817,0,1
1372406100000,1372406159999,79781.95433539903,79783.41823008488,79781.1383010785,79781.1383010785,0,1
1372406160000,1372406219999,79781.11087019661,79783.99755778724,79781.11087019661,79783.27767806855,0,1
1372406220000,1372406279999,79784.31291734001,79784.35405046152,79782.45832333223,79783.03085023472,0,1
1372406280000,1372406339999,79782.82515571918,79784.03869220596,79781.75204738443,79783.65476438434,0,1
1372406340000,1372406399999,79782.9657140959,79786.86285098357,79782.9657140959,79784.35062270786,0,1
1372406400000,1372406459999,79784.91961372584,79784.91961372584,79779.7495181559,79782.2491885656,0,1
1372406460000,1372406519999,79781.95776397418,79783.5176437329,79780.44564827286,79781.25145267096,0,1
1372406520000,1372406579999,79781.0182904147,79783.75417568092,79781.0182904147,79781.54975527771,0,1
1372406580000,1372406639999,79781.45375081213,79781.52232552445,79779.70493674364,79780.31877102538,0,1
1372406640000,1372406699999,79780.20560887894,79781.59432846628,79779.75294748708,79779.83868038419,0,1
1372406700000,1372406759999,79780.2399005737,79780.29476704072,79778.55260974489,79778.92301504721,0,1
1372406760000,1372406819999,79779.16651476231,79779.16651476231,79774.69340514252,79774.69340514252,0,1
1372406820000,1372406879999,79774.77575039006,79777.33497711961,79774.77575039006,79775.80500877599,0,1
1372406880000,1372406939999,79775.39331813401,79776.06230682062,79772.85075288473,79775.02964396818,0,1
1372406940000,1372406999999,79774.74143995266,79777.53049432179,79774.74143995266,79777.08457231279,0,1
1372407000000,1372407059999,79776.8444522253,79778.18905045827,79776.1343490868,79778.12731266281,0,1
1372407060000,1372407119999,79778.48744442992,79779.72551280477,79778.1238827741,79779.72551280477,0,1
1372407120000,1372407179999,79780.64453369153,79781.00114591658,79778.43599782867,79778.43599782867,0,1
1372407180000,1372407239999,79778.28851610482,79781.88576364914,79777.37270880718,79781.82404867222,0,1
1372407240000,1372407299999,79781.88233504932,79782.23204617767,79778.83041500788,79780.32562929613,0,1
1372407300000,1372407359999,79780.39421174492,79781.81376280572,79780.39421174492,79780.74054592624,0,1
1372407360000,1372407419999,79780.60338530876,79782.67773871367,79780.08215780415,79780.08215780415,0,1
1372407420000,1372407479999,79779.6946486972,79784.05583149714,79779.6946486972,79782.52346277607,0,1
1372407480000,1372407539999,79782.34518539497,79784.18266133897,79781.67661690785,79781.67661690785,0,1
1372407540000,1372407599999,79782.03662087822,79782.03662087822,79778.07929411392,79778.07929411392,0,1
1372407600000,1372407659999,79777.82547795365,79779.9038368944,79777.44131151075,79778.69322818823,0,1
1372407660000,1372407719999,79777.23550198814,79779.13221938653,79775.10855552394,79778.50459323819,0,1
1372407720000,1372407779999,79778.9024373348,79780.6753948675,79774.73114679848,79776.70380778216,0,1
1372407780000,1372407839999,79776.80328820278,79778.58004764521,79776.7724150747,79776.7724150747,0,1
1372407840000,1372407899999,79777.08800255798,79780.70282694398,79776.18923808409,79778.93330388755,0,1
1372407900000,1372407959999,79779.02247339363,79782.23204617767,79778.06557448619,79781.66975956358,0,1
1372407960000,1372408019999,79781.05943709025,79781.6423301395,79775.17717376191,79775.88734487056,0,1
1372408020000,1372408079999,79776.69351664768,79776.69351664768,79771.87610304578,79774.63507684857,0,1
1372408080000,1372408139999,79774.74487100169,79775.01935111065,79771.40590348718,79773.05322104019,0,1
1372408140000,1372408199999,79772.54532706364,79777.16003743521,79772.08545485997,79774.64880118363,0,1
1372408200000,1372408259999,79774.89583599394,79775.77756326049,79772.96399829043,79773.66746375032,0,1
1372408260000,1372408319999,79773.98658054486,79775.69522626202,79772.86791136197,79775.5099655367,0,1
1372408320000,1372408379999,79775.5682887278,79777.52706422837,79775.07081529235,79776.94050095219,0,1
1372408380000,1372408439999,79776.06230682062,79777.36584851093,79775.25951502597,79776.65921278959,0,1
1372408440000,1372408499999,79776.3847776885,79779.20081002048,79776.3847776885,79777.35555805775,0,1
1372408500000,1372408559999,79776.9507918325,79780.27762130211,79776.9507918325,79779.86611475602,0,1
1372408560000,1372408619999,79779.91755400035,79781.85147759788,79779.91755400035,79781.85147759788,0,1
1372408620000,1372408679999,79782.02976378081,79782.02976378081,79779.76323547354,79780.53137523145,0,1
1372408680000,1372408739999,79780.38735352122,79782.0331923301,79779.75637681707,79780.31191274992,0,1
1372408740000,1372408799999,79780.40449907168,79780.83998619753,79779.90040761497,79780.07187014578,0,1
1372408800000,1372408859999,79780.14388353204,79780.94285440313,79778.47372536213,79778.78582949792,0,1
1372408860000,1372408919999,79778.71037664362,79780.41135728364,79778.71037664362,79780.13702513665,0,1
1372408920000,1372408979999,79778.91958543142,79779.99642699443,79778.0724343024,79779.87640262605,0,1
1372408980000,1372409039999,79779.48888554567,79782.66402539337,79779.48888554567,79781.86176342561,0,1
1372409040000,1372409099999,79781.44346456473,79782.0606206821,79779.09792389313,79780.98057248005,0,1
1372409100000,1372409159999,79780.96685683216,79780.96685683216,79778.30566525423,79778.54575025804,0,1
1372409160000,1372409219999,79777.42759100768,79780.0752993664,79777.42759100768,79777.75344786976,0,1
1372409220000,1372409279999,79778.18905045827,79779.08763522218,79777.83576792327,79777.95238683907,0,1
1372409280000,1372409339999,79778.41541911404,79778.42570847664,79776.96794327613,79777.722577675,0,1
1372409340000,1372409399999,79777.88035766932,79778.54575025804,79776.31616773643,79776.6352000189,0,1
1372409400000,1372409459999,79776.17894642004,79778.38798076203,79776.17894642004,79778.38798076203,0,1
1372409460000,1372409519999,79777.01253689194,79779.07391697777,79776.97137356133,79778.74124378919,0,1
1372409520000,1372409579999,79779.09792389313,79780.38049529279,79778.49087419393,79780.06158247685,0,1
1372409580000,1372409639999,79780.37706617682,79780.55537864818,79780.00328548625,79780.55537864818,0,1
1372409640000,1372409699999,79780.48336822518,79780.48336822518,79776.93364035942,79776.93364035942,0,1
1372409700000,1372409759999,79777.2183510034,79778.99503670722,79776.94736154022,79778.76525150321,0,1
1372409760000,1372409819999,79778.87157068678,79778.93673349863,79777.20119998923,79777.95238683907,0,1
1372409820000,1372409879999,79778.25421771777,79779.31741301848,79777.97296650657,79779.12878984249,0,1
1372409880000,1372409939999,79778.76525150321,79779.42029688763,79777.99697606511,79777.99697606511,0,1
1372409940000,1372409999999,79778.0724343024,79778.4222786903,79775.95252713132,79776.34361177374,0,1
1372410000000,1372410059999,79777.02625796449,79777.02625796449,79771.83491856643,79771.83491856643,0,1
1372410060000,1372410119999,79772.48355441511,79776.3847776885,79772.48355441511,79774.35372382874,0,1
1372410120000,1372410179999,79774.73800890244,79774.73800890244,79772.5796450368,79774.45322763073,0,1
1372410180000,1372410239999,79773.70864068314,79775.2217753641,79773.52677461719,79775.2217753641,0,1
1372410240000,1372410299999,79775.07424622838,79777.42073074909,79775.07424622838,79776.4259434338,0,1
1372410300000,1372410359999,79776.1549324961,79778.37426155778,79775.30068540374,79778.37426155778,0,1
1372410360000,1372410419999,79777.86320779052,79782.00576390287,79777.86320779052,79780.86398887348,0,1
1372410420000,1372410479999,79780.0752993664,79782.7977294641,79780.0752993664,79780.86398887348,0,1
1372410480000,1372410539999,79780.39078263365,79780.5759529595,79779.35513722674,79779.98270999666,0,1
1372410540000,1372410599999,79778.92987427527,79779.28654765133,79775.92851266362,79776.53914835959,0,1
1372410600000,1372410659999,79776.40879106052,79776.40879106052,79774.60419702581,79775.73982555367,0,1
1372410660000,1372410719999,79774.65223226446,79775.54084256261,79774.65223226446,79775.11884828964,0,1
1372410720000,1372410779999,79775.41733388697,79775.7295334271,79773.51648021267,79773.83903318516,0,1
1372410780000,1372410839999,79773.33804218368,79774.68997407581,79773.22823258323,79773.25225353635,0,1
1372410840000,1372410899999,79773.71207208655,79775.4001797836,79773.20421157239,79773.20421157239,0,1
1372410900000,1372410959999,79773.40324106342,79774.15128200289,79773.24882197517,79773.92824812798,0,1
1372410960000,1372411019999,79773.78756266378,79775.06738435515,79773.05665266851,79773.55765776719,0,1
1372411020000,1372411079999,79774.81006070974,79774.81006070974,79771.99965546616,79772.36687170457,0,1
1372411080000,1372411139999,79772.49384988303,79772.52130441232,79769.66219678795,79771.90012724708,0,1
1372411140000,1372411199999,79772.3325530012,79777.89407755117,79771.52602956463,79777.89407755117,0,1
1372411200000,1372411259999,79777.41730061804,79779.10478300122,79776.38134720208,79777.02625796449,0,1
1372411260000,1372411319999,79777.37956909872,79779.31398353796,79776.58374388758,79777.20806039842,0,1
1372411320000,1372411379999,79777.4070102178,79779.70493674364,79776.96794327613,79779.70493674364,0,1
1372411380000,1372411439999,79780.0067147304,79780.0993038779,79778.14446208868,79778.53203127025,0,1
1372411440000,1372411499999,79778.66922030131,79779.6946486972,79777.48247290698,79778.71380633116,0,1
1372411500000,1372411559999,79779.13221938653,79779.13221938653,79776.96794327613,79778.15818160819,0,1
1372411560000,1372411619999,79778.04842492503,79778.07929411392,79774.83750888074,79776.40193010296,0,1
1372411620000,1372411679999,79776.41908248802,79778.03813517423,79775.10512459968,79777.80832798073,0,1
1372411680000,1372411739999,79778.58004764521,79778.58004764521,79776.40193010296,79778.3022354267,0,1
1372411740000,1372411799999,79777.35555805775,79779.86954404721,79777.35555805775,79779.86954404721,0,1
1372411800000,1372411859999,79778.54918000205,79780.59309818661,79778.26793708671,79780.59309818661,0,1
1372411860000,1372411919999,79780.32905842974,79782.25947398426,79778.77897017106,79782.25947398426,0,1
1372411920000,1372411979999,79782.05376360116,79783.56563617478,79781.44346456473,79783.31538734,0,1
1372411980000,1372412039999,79782.39661188876,79783.67533231988,79781.60118586228,79781.77261923385,0,1
1372412040000,1372412099999,79782.36918445832,79782.63659869635,79781.69718891244,79781.69718891244,0,1
1372412100000,1372412159999,79781.61490064015,79783.8570139133,79781.61490064015,79782.28347325331,0,1
1372412160000,1372412219999,79782.34518539497,79782.34518539497,79780.01014397337,79780.054724025,0,1
1372412220000,1372412279999,79780.19189216812,79781.15544534147,79778.73438443174,79778.73438443174,0,1
1372412280000,1372412339999,79779.59176765067,79780.34963320672,79778.78925915959,79779.84553898418,0,1
1372412340000,1372412399999,79780.08215780415,79780.08215780415,79778.00726585828,79778.74810314193,0,1
1372412400000,1372412459999,79778.59719629468,79779.84210968477,79776.60432637189,79778.59376656714,0,1
1372412460000,1372412519999,79778.8166964106,79778.8166964106,79776.39506914071,79778.07586420876,0,1
1372412520000,1372412579999,79778.17190110887,79778.6383529334,79776.53914835959,79776.88904639179,0,1
1372412580000,1372412639999,79776.27843206213,79776.64892160922,79774.9781795746,79775.60602708196,0,1
1372412640000,1372412699999,79775.58887330227,79776.87875544793,79774.95073178972,79776.8444522253,0,1
1372412700000,1372412759999,79776.97137356133,79779.26940018397,79776.72095964942,79779.04991000477,0,1
1372412760000,1372412819999,79779.07391697777,79779.95870520531,79778.0141257145,79779.95870520531,0,1
1372412820000,1372412879999,79779.17680335212,79780.0067147304,79776.9610827022,79778.05185483962,0,1
1372412880000,1372412939999,79777.9935461317,79778.6383529334,79776.28186258386,79777.17032808959,0,1
1372412940000,1372412999999,79777.43445126156,79777.47561268604,79775.20119003397,79775.99712527545,0,1
1372413000000,1372413059999,79776.10347389341,79776.10347389341,79773.16989574253,79773.5233431502,0,1
1372413060000,1372413119999,79773.3895150188,79775.36587148857,79773.3895150188,79774.6556633441,0,1
1372413120000,1372413179999,79774.78947453207,79777.58537565633,79773.69148364839,79777.58537565633,0,1
1372413180000,1372413239999,79776.74840257586,79778.21305949803,79775.54770411097,79776.83073090328,0,1
1372413240000,1372413299999,79776.02113957836,79777.67455718259,79775.70894914218,79776.295584659,0,1
1372413300000,1372413359999,79776.39506914071,79776.48769173402,79773.14587459157,79773.79099404012,0,1
1372413360000,1372413419999,79774.83407786349,79775.45850361501,79771.79030185571,79771.79030185571,0,1
1372413420000,1372413479999,79773.02233633229,79773.54393193452,79771.11416271976,79773.04978941068,0,1
1372413480000,1372413539999,79771.93787944679,79773.14930618809,79771.52259741102,79771.55691889417,0,1
1372413540000,1372413599999,79772.07515897158,79773.95226739967,79772.054567163,79773.11155856152,0,1
1372413600000,1372413659999,79772.89193318064,79774.63164576187,79772.16095771758,79774.63164576187,0,1
1372413660000,1372413719999,79773.00174647402,79773.14930618809,79771.61869726701,79772.01338341864,0,1
1372413720000,1372413779999,79772.37030356843,79773.00860976482,79771.61869726701,79772.90909158722,0,1
1372413780000,1372413839999,79772.3840310121,79775.15658833996,79772.3840310121,79774.34686146108,0,1
1372413840000,1372413899999,79774.60419702581,79775.07424622838,79773.17332733082,79775.07424622838,0,1
1372413900000,1372413959999,79774.74830204956,79774.74830204956,79773.34833677189,79774.07579417135,0,1
1372413960000,1372414019999,79774.64537010164,79775.16001924656,79774.20275065221,79775.16001924656,0,1
1372414020000,1372414079999,79774.83750888074,79775.1222792092,79773.2007799947,79773.2007799947,0,1
1372414080000,1372414139999,79773.32088451309,79773.49589137181,79771.93787944679,79773.49589137181,0,1
1372414140000,1372414199999,79773.31402143661,79774.04491262148,79772.63112177576,79773.0841056527,0,1
1372414200000,1372414259999,79773.44098758898,79775.20119003397,79773.02576797121,79775.20119003397,0,1
1372414260000,1372414319999,79775.09826274763,79775.13600287563,79773.73266048232,79773.73266048232,0,1
1372414320000,1372414379999,79774.72771574474,79775.01248919974,79772.89536486431,79773.68805223792,0,1
1372414380000,1372414439999,79774.76545727119,79774.76545727119,79772.96056663033,79773.30029526952,0,1
1372414440000,1372414499999,79773.58854082182,79774.99876536381,79773.58854082182,79774.99876536381,0,1
1372414500000,1372414559999,79774.23706293793,79774.23706293793,79771.4608184445,79772.07172700643,0,1
1372414560000,1372414619999,79770.36246199651,79771.9790635021,79764.60097964607,79764.60097964607,0,1
1372414620000,1372414679999,79764.19913148794,79767.84608450258,79763.6323951011,79767.84608450258,0,1
1372414680000,1372414739999,79767.83578424845,79768.161953811,79764.88604162559,79768.161953811,0,1
1372414740000,1372414799999,79768.48811273523,79768.48811273523,79765.00624604868,79765.52139149667,0,1
1372414800000,1372414859999,79765.56260198611,79765.56260198611,79759.95641579773,79761.57126471495,0,1
1372414860000,1372414919999,79760.50961681308,79763.28890287051,79760.40997416938,79762.09689331791,0,1
1372414920000,1372414979999,79761.16242336611,79763.16867780231,79761.16242336611,79762.12094102445,0,1
1372414980000,1372415039999,79761.97321848516,79761.97321848516,79761.31359354354,79761.48881066246,0,1
1372415040000,1372415099999,79761.61249148623,79762.82860478277,79760.95971431423,79762.82860478277,0,1
1372415100000,1372415159999,79762.98661994742,79763.78009313282,79761.7018155743,79762.88356686237,0,1
1372415160000,1372415219999,79763.36790712833,79763.55339293284,79762.53317842926,79763.04158115854,0,1
1372415220000,1372415279999,79762.56409554958,79764.88260719228,79761.98696020877,79764.88260719228,0,1
1372415280000,1372415339999,79765.17452981358,79765.19857012024,79761.8873322847,79761.8873322847,0,1
1372415340000,1372415399999,79762.58127168621,79763.18241788326,79760.83602541655,79761.01125090341,0,1
1372415400000,1372415459999,79761.27236553997,79761.40292030151,79758.76057238306,79758.76057238306,0,1
1372415460000,1372415519999,79759.12483868375,79761.4785038581,79759.12483868375,79760.8772552191,0,1
1372415520000,1372415579999,79761.4578902175,79763.0759317621,79760.8119746199,79762.99692519751,0,1
1372415580000,1372415639999,79762.61218865783,79763.09997711438,79761.77052586833,79762.60531822796,0,1
1372415640000,1372415699999,79763.20646297949,79764.73835992774,79762.8457804651,79762.85952098972,0,1
1372415700000,1372415759999,79762.89043710107,79764.2987363828,79762.54348414666,79764.2987363828,0,1
1372415760000,1372415819999,79764.38116726966,79764.52885424266,79762.53661366958,79763.19615794533,0,1
1372415820000,1372415879999,79763.0450162242,79764.66623551518,79763.0450162242,79764.66623551518,0,1
1372415880000,1372415939999,79764.33308266824,79766.18073894897,79764.33308266824,79765.92662060056,0,1
1372415940000,1372415999999,79766.29062596452,79766.55503664722,79765.65532496643,79766.06398267187,0,1
1372416000000,1372416059999,79766.17387097042,79766.41081350516,79763.4228662439,79763.4228662439,0,1
1372416060000,1372416119999,79763.28546788862,79763.80413679198,79762.98661994742,79763.80413679198,0,1
1372416120000,1372416179999,79762.75990175846,79762.75990175846,79761.05591573252,79761.46476143575,0,1
1372416180000,1372416239999,79761.94229953797,79762.47477916346,79760.17976150614,79760.75356530148,0,1
1372416240000,1372416299999,79759.5853072828,79759.5853072828,79757.30337447583,79758.08355165205,0,1
1372416300000,1372416359999,79758.3447427453,79758.3447427453,79756.22064891424,79756.32033331001,0,1
1372416360000,1372416419999,79756.24814815714,79756.67437675255,79752.55569824691,79754.93497489615,0,1
1372416420000,1372416479999,79754.8352766895,79755.1584327832,79753.84511640649,79753.84511640649,0,1
1372416480000,1372416539999,79754.16486638266,79754.16486638266,79752.60040085849,79753.15400894778,0,1
1372416540000,1372416599999,79752.75513912474,79754.84902822538,79752.75513912474,79754.25425702044,0,1
1372416600000,1372416659999,79754.44334996736,79754.44334996736,79750.77774775145,79752.27372332203,0,1
1372416660000,1372416719999,79751.91608515072,79752.65541918304,79750.7949441444,79751.34521310568,0,1
1372416720000,1372416779999,79751.43462895196,79752.52818884815,79751.33833493055,79752.42158921316,0,1
1372416780000,1372416839999,79752.07427284248,79752.85485807204,79750.98754172518,79752.43190535654,0,1
1372416840000,1372416899999,79752.85829663869,79756.27564732444,79752.85829663869,79755.79440097882,0,1
1372416900000,1372416959999,79756.13815073179,79757.86703281105,79755.69814893046,79755.83565157308,0,1
1372416960000,1372417019999,79755.87346446834,79755.87346446834,79753.11618576804,79753.11618576804,0,1
1372417020000,1372417079999,79754.23019038887,79754.23019038887,79752.96145308852,79754.07547494581,0,1
1372417080000,1372417139999,79754.84902822538,79757.25181877393,79754.84559034317,79755.75658778459,0,1
1372417140000,1372417199999,79755.84252665559,79755.87346446834,79754.73557748886,79755.87346446834,0,1
1372417200000,1372417259999,79755.53314326354,79755.58814545503,79753.81073407983,79753.86574574574,0,1
1372417260000,1372417319999,79754.01358809834,79754.01358809834,79750.58170678162,79751.17669645288,0,1
1372417320000,1372417379999,79750.02451672533,79750.61610021221,79749.50169288486,79750.14489992225,0,1
1372417380000,1372417439999,79750.62985755132,79752.54882090431,79748.8034052544,79752.54882090431,0,1
1372417440000,1372417499999,79753.3190538761,79753.3190538761,79750.69520465363,79750.69520465363,0,1
1372417500000,1372417559999,79750.77086918599,79753.22965487806,79750.77086918599,79752.75170052261,0,1
1372417560000,1372417619999,79752.74138470914,79753.22277799895,79752.56601425193,79753.03366197024,0,1
1372417620000,1372417679999,79753.29154657721,79755.2615655085,79752.95113749141,79753.16432433561,0,1
1372417680000,1372417739999,79752.8170337608,79753.14713201665,79752.27028455437,79753.11618576804,0,1
1372417740000,1372417799999,79752.6107168174,79756.3272080593,79752.29091714264,79756.3272080593,0,1
1372417800000,1372417859999,79755.67064817504,79759.35507563368,79755.67064817504,79758.84992194915,0,1
1372417860000,1372417919999,79758.09729872178,79758.09729872178,79754.63243933875,79756.48188866876,0,1
1372417920000,1372417979999,79756.15533790925,79756.49907525546,79753.02334644763,79753.02334644763,0,1
1372417980000,1372418039999,79753.77291338397,79756.66406498486,79753.77291338397,79755.7531502144,0,1
1372418040000,1372418099999,79755.51595501666,79755.97658981962,79754.82152513471,79754.82152513471,0,1
1372418100000,1372418159999,79754.88684485151,79755.06561242102,79752.67948960484,79754.93153704349,0,1
1372418160000,1372418219999,79754.04109341117,79755.9387773143,79752.60040085849,79755.9387773143,0,1
1372418220000,1372418279999,79755.05529899427,79755.05529899427,79753.98608270987,79754.68057060784,0,1
1372418280000,1372418339999,79754.61181158107,79755.98690229625,79754.1923712794,79754.84902822538,0,1
1372418340000,1372418399999,79755.05186118299,79757.93576945894,79754.7905840673,79757.93576945894,0,1
1372418400000,1372418459999,79758.08355165205,79760.10760420735,79757.72612120573,79759.8120974562,0,1
1372418460000,1372418519999,79760.22099401454,79760.22099401454,79757.46835093574,79757.46835093574,0,1
1372418520000,1372418579999,79757.48209885122,79758.25195195401,79757.02497052783,79757.41335908485,0,1
1372418580000,1372418639999,79758.32068595616,79758.32068595616,79756.45782739777,79757.76049007305,0,1
1372418640000,1372418699999,79757.91514851418,79757.95639036119,79755.99377727477,79756.14846304181,0,1
1372418700000,1372418759999,79755.43345102036,79755.99721476225,79755.35438405185,79755.65689776897,0,1
1372418760000,1372418819999,79755.43345102036,79755.95596483444,79754.75276707712,79755.08623924264,0,1
1372418820000,1372418879999,79755.76002535361,79755.83908911492,79753.99295906408,79754.73557748886,0,1
1372418880000,1372418939999,79754.62212546523,79755.57095730268,79754.40896969751,79754.67713266773,0,1
1372418940000,1372418999999,79754.62556342426,79758.60249042581,79754.62556342426,79757.28275222697,0,1
1372419000000,1372419059999,79757.15558075254,79760.88412683633,79756.19314959571,79759.94954354299,0,1
1372419060000,1372419119999,79760.6092584639,79761.44071215122,79760.48900117516,79761.18647331993,0,1
1372419120000,1372419179999,79761.4785038581,79761.4785038581,79759.83958682469,79759.83958682469,0,1
1372419180000,1372419239999,79759.54750842051,79764.83795945179,79759.54750842051,79764.27469391281,0,1
1372419240000,1372419299999,79765.00281165664,79768.83485950387,79764.46359747704,79768.46064713075,0,1
1372419300000,1372419359999,79768.75246532117,79768.75246532117,79766.64431659755,79767.29672280923,0,1
1372419360000,1372419419999,79766.88811547859,79766.88811547859,79764.8757383221,79766.7095591341,0,1
1372419420000,1372419479999,79766.5275657329,79768.23405301539,79766.43141693852,79766.43141693852,0,1
1372419480000,1372419539999,79765.88197752112,79766.51383024745,79764.65936649637,79765.63815410901,0,1
1372419540000,1372419599999,79766.22538069468,79766.4485864339,79764.97190207524,79765.48704929241,0,1
1372419600000,1372419659999,79765.53169413496,79766.88811547859,79764.26095533257,79766.88811547859,0,1
1372419660000,1372419719999,79767.56110689133,79768.8588910126,79767.56110689133,79768.00745376541,0,1
1372419720000,1372419779999,79768.1791203354,79768.2786855957,79765.83390013575,79765.83390013575,0,1
1372419780000,1372419839999,79766.10519092533,79766.60311056567,79765.17796414663,79765.48704929241,0,1
1372419840000,1372419899999,79765.39775900936,79766.81257279887,79765.15392379044,79766.81257279887,0,1
1372419900000,1372419959999,79766.73702954846,79766.73702954846,79766.32839934724,79766.55847050619,0,1
1372419960000,1372420019999,79766.12236098082,79766.12236098082,79764.28156319585,79765.46987814605,0,1
1372420020000,1372420079999,79766.46575589979,79766.46575589979,79764.89977934708,79766.20134285637,0,1
1372420080000,1372420139999,79765.10584290464,79766.53443346855,79764.72805647207,79766.53443346855,0,1
1372420140000,1372420199999,79767.28298838022,79768.65290477798,79767.28298838022,79767.65037785997,0,1
1372420200000,1372420259999,79767.98342021045,79768.64603849709,79767.95251984063,79768.22375316087,0,1
1372420260000,1372420319999,79768.11045406104,79768.66320419048,79767.10787275668,79767.53363874066,0,1
1372420320000,1372420379999,79766.91558540246,79768.91038690829,79766.91558540246,79767.76368217252,0,1
1372420380000,1372420439999,79768.12762067383,79768.12762067383,79766.9602238678,79767.46153448614,0,1
1372420440000,1372420499999,79767.79801655923,79768.71470109388,79767.26925393232,79767.54050578541,0,1
1372420500000,1372420559999,79767.45123383592,79768.65290477798,79767.09413806828,79768.65290477798,0,1
1372420560000,1372420619999,79768.61857332634,79768.61857332634,79768.05552070207,79768.258085968,0,1
1372420620000,1372420679999,79768.14822057028,79768.66663732562,79767.57484093838,79768.43318145083,0,1
1372420680000,1372420739999,79768.53617736154,79768.67350359238,79768.07955408374,79768.09672074957,0,1
1372420740000,1372420799999,79768.2168865853,79770.87046684876,79767.77741594135,79770.87046684876,0,1
1372420800000,1372420859999,79770.7949542469,79770.7949542469,79765.18139847853,79766.40394568461,0,1
1372420860000,1372420919999,79766.49322698389,79766.98082616921,79763.32668759344,79763.32668759344,0,1
1372420920000,1372420979999,79762.2652260492,79763.16524277913,79761.78426787048,79763.02440581251,0,1
1372420980000,1372421039999,79764.63875941167,79765.45614120773,79764.63875941167,79765.34281074657,0,1
1372421040000,1372421099999,79765.93692282135,79767.5233381647,79765.03028675991,79765.03028675991,0,1
1372421100000,1372421159999,79765.34281074657,79766.94648897661,79765.03028675991,79765.07149927325,0,1
1372421160000,1372421219999,79764.80018043875,79765.18826713874,79763.43317104444,79764.81735273509,0,1
1372421220000,1372421279999,79764.74522889228,79765.87167524372,79763.3850818844,79763.3850818844,0,1
1372421280000,1372421339999,79763.25111800483,79764.24378208074,79763.25111800483,79764.24378208074,0,1
1372421340000,1372421399999,79763.97244078747,79764.48077035138,79759.79491656252,79759.79491656252,0,1
1372421400000,1372421459999,79759.8705122739,79760.33094653909,79756.48532598847,79756.48532598847,0,1
1372421460000,1372421519999,79755.98346480522,79759.35507563368,79755.98346480522,79758.42722272588,0,1
1372421520000,1372421579999,79758.13510306609,79758.13510306609,79751.24547910315,79751.24891822324,0,1
1372421580000,1372421639999,79750.97722409166,79752.36313086638,79749.73559113982,79750.9944201416,0,1
1372421640000,1372421699999,79751.53436106806,79752.75170052261,79750.5885854772,79751.55843418845,0,1
1372421700000,1372421759999,79751.13542663564,79751.13542663564,79739.48709344743,79744.59544816232,0,1
1372421760000,1372421819999,79745.96503494155,79747.92617681409,79744.45434941952,79744.45434941952,0,1
1372421820000,1372421879999,79744.19623681117,79746.2403061267,79741.30492034368,79744.36487113642,0,1
1372421880000,1372421939999,79745.38005851248,79745.56931933714,79743.81421792391,79743.81421792391,0,1
1372421940000,1372421999999,79742.85050183392,79742.85050183392,79740.35129100009,79741.15000479588,0,1
1372422000000,1372422059999,79740.55786102872,79741.36688589083,79737.02837002903,79737.02837002903,0,1
1372422060000,1372422119999,79736.9112728811,79736.9112728811,79735.00997437806,79735.58866871291,0,1
1372422120000,1372422179999,79734.25555469265,79736.35332057968,79733.98339846256,79736.26376978027,0,1
1372422180000,1372422239999,79737.1454658058,79742.35828242857,79737.1454658058,79740.94344699895,0,1
1372422240000,1372422299999,79740.89180688304,79741.48393087673,79738.60216039617,79741.32213303418,0,1
1372422300000,1372422359999,79741.41508105093,79741.89013520032,79739.39412750861,79740.56474662284,0,1
1372422360000,1372422419999,79740.60261730582,79742.19649873234,79739.61104668814,79742.19649873234,0,1
1372422420000,1372422479999,79742.73003079215,79744.17902906708,79742.73003079215,79742.86426986057,0,1
1372422480000,1372422539999,79742.22747879168,79744.38552004205,79742.22747879168,79744.23409374397,0,1
1372422540000,1372422599999,79744.14805505307,79744.8776396754,79742.63365291376,79744.04480764682,0,1
1372422600000,1372422659999,79744.30292416371,79745.51770310383,79742.43745221973,79743.18781303003,0,1
1372422660000,1372422719999,79742.32386058474,79743.19125492238,79740.33063376253,79742.43056791494,0,1
1372422720000,1372422779999,79741.60441693124,79742.4684315326,79741.38409847468,79741.74899828047,0,1
1372422780000,1372422839999,79741.73178632469,79744.02415803765,79741.73178632469,79742.20338319826,0,1
1372422840000,1372422899999,79742.24813211126,79744.11019779455,79741.17754551311,79744.11019779455,0,1
1372422900000,1372422959999,79742.6302108295,79743.05357830478,79741.04672643074,79741.10525096861,0,1
1372422960000,1372423019999,79740.17914604991,79740.96754562843,79735.80911488908,79735.80911488908,0,1
1372423020000,1372423079999,79736.11910910255,79737.3279947233,79733.73535088976,79735.08231300136,0,1
1372423080000,1372423139999,79734.72750426648,79736.24999266303,79734.10052989988,79735.40266347169,0,1
1372423140000,1372423199999,79736.16732956098,79739.20130650984,79736.16732956098,79737.38309713802,0,1
1372423200000,1372423259999,79737.45197472945,79737.47263791438,79734.25555469265,79735.52666735025,0,1
1372423260000,1372423319999,79735.64033622146,79737.76191802019,79734.77228664565,79734.77228664565,0,1
1372423320000,1372423379999,79734.23143988273,79734.57937650663,79730.75830000191,79731.12014169345,0,1
1372423380000,1372423439999,79730.27237770493,79730.87891535387,79729.8002178198,79730.60666720966,0,1
1372423440000,1372423499999,79730.28616306005,79733.75257661447,79730.28616306005,79733.75257661447,0,1
1372423500000,1372423559999,79733.32192459519,79735.10298108333,79732.60527852604,79734.0247391265,0,1
1372423560000,1372423619999,79734.2486647529,79734.84807175353,79733.74913147191,79733.74913147191,0,1
1372423620000,1372423679999,79732.39854415385,79732.8464632253,79730.55152744241,79731.17527832548,0,1
1372423680000,1372423739999,79730.58254359891,79732.02985724946,79730.18277243339,79730.38955261778,0,1
1372423740000,1372423799999,79730.75140765215,79730.75140765215,79725.02911845628,79725.24290138662,0,1
1372423800000,1372423859999,79721.93220148479,79724.9739479259,79720.85598797539,79722.01498234212,0,1
1372423860000,1372423919999,79721.80457965378,79726.1221218393,79721.80457965378,79725.5670151768,0,1
1372423920000,1372423979999,79726.84957522356,79726.84957522356,79723.76701641332,79724.09117804171,0,1
1372423980000,1372424039999,79723.36007523834,79724.18083791353,79722.95311750256,79724.18083791353,0,1
1372424040000,1372424099999,79724.83602026827,79725.30841459555,79721.98393960092,79723.83598785258,0,1
1372424100000,1372424159999,79724.58429738894,79727.0667666863,79723.70149310539,79727.0667666863,0,1
1372424160000,1372424219999,79725.53598346014,79727.00126499592,79725.2360052344,79726.91507790754,0,1
1372424220000,1372424279999,79726.60824584342,79730.68593009243,79726.60824584342,79730.50672615765,0,1
1372424280000,1372424339999,79727.41150535374,79730.29994839618,79727.08745134149,79730.29994839618,0,1
1372424340000,1372424399999,79730.43780071224,79732.21592523664,79728.96957588647,79731.79554448878,0,1
1372424400000,1372424459999,79730.57909736404,79732.44333696386,79728.48011970322,79728.48011970322,0,1
1372424460000,1372424519999,79726.93921036717,79726.93921036717,79718.44443528085,79718.44443528085,0,1
1372424520000,1372424579999,79718.58590149536,79720.7869959795,79718.58590149536,79719.896956555,0,1
1372424580000,1372424639999,79719.94870520216,79722.7013472212,79719.87625702115,79722.23572794489,0,1
1372424640000,1372424699999,79721.21473868129,79723.86702484507,79721.21473868129,79722.14260148795,0,1
1372424700000,1372424759999,79722.5013060403,79725.66700560875,79721.5217362776,79725.40495959483,0,1
1372424760000,1372424819999,79725.30496654262,79725.30496654262,79721.91495538657,79723.07037820967,0,1
1372424820000,1372424879999,79722.04602498695,79724.02565685776,79718.42373274014,79720.09704983988,0,1
1372424880000,1372424939999,79719.11034414578,79720.75939904786,79714.73799752883,79719.02408902072,0,1
1372424940000,1372424999999,79718.13044214211,79718.13044214211,79715.11422564185,79716.42228478938,0,1
1372425000000,1372425059999,79716.68801731995,79718.34437260366,79715.51459964644,79716.41538255166,0,1
1372425060000,1372425119999,79714.72764242649,79717.36439553573,79713.65410530532,79716.37396902517,0,1
1372425120000,1372425179999,79715.52150250596,79718.06833244118,79715.52150250596,79717.01931032553,0,1
1372425180000,1372425239999,79716.58793706594,79718.06143133949,79714.77251445923,79714.77251445923,0,1
1372425240000,1372425299999,79714.41008074787,79714.41008074787,79709.3311754794,79710.5329441528,0,1
1372425300000,1372425359999,79711.20628588072,79712.13162515806,79708.11544643075,79708.11544643075,0,1
1372425360000,1372425419999,79709.17231019198,79713.36757912967,79709.17231019198,79713.26746563894,0,1
1372425420000,1372425479999,79712.91533436437,79713.73695471753,79711.30296712439,79713.10521061167,0,1
1372425480000,1372425539999,79713.10866287371,79713.93371932063,79705.41060988673,79706.35721317084,0,1
1372425540000,1372425599999,79706.3710315333,79708.42630030839,79704.95109496512,79707.73204667307,0,1
1372425600000,1372425659999,79709.35189685256,79709.35189685256,79703.47221189232,79704.86471762224,0,1
1372425660000,1372425719999,79706.61630428958,79707.78385831014,79704.65395377431,79707.53861418946,0,1
1372425720000,1372425779999,79706.87193428107,79707.47989287374,79704.39135653558,79705.1687625601,0,1
1372425780000,1372425839999,79704.45700649174,79705.4175197244,79704.36371431983,79705.4175197244,0,1
1372425840000,1372425899999,79705.92537972168,79707.81839925238,79704.84744206413,79706.61630428958,0,1
1372425900000,1372425959999,79706.70957544904,79706.70957544904,79701.55763187585,79701.55763187585,0,1
1372425960000,1372426019999,79702.45621688156,79706.35030398246,79701.22582623098,79704.861262513,0,1
1372426020000,1372426079999,79705.80791779749,79708.07745251633,79705.68699966959,79705.68699966959,0,1
1372426080000,1372426139999,79706.66812170779,79707.70095956197,79703.69336719379,79704.57102907547,0,1
1372426140000,1372426199999,79705.21713249334,79708.71987565374,79705.21713249334,79707.76658779428,0,1
1372426200000,1372426259999,79709.65235193844,79720.13154827744,79709.65235193844,79720.13154827744,0,1
1372426260000,1372426319999,79719.62785927286,79725.68769315949,79713.82670747286,79723.40835726052,0,1
1372426320000,1372426379999,79720.60071521298,79725.90835770458,79718.32712031674,79721.32512092465,0,1
1372426380000,1372426439999,79722.0908641927,79725.01187769824,79718.04762912182,79720.04185209221,0,1
1372426440000,1372426499999,79720.29023955736,79722.32885353458,79716.87437098609,79717.7991859461,0,1
1372426500000,1372426559999,79718.18219993151,79722.17364373663,79713.09485381842,79722.17364373663,0,1
1372426560000,1372426619999,79721.42860317124,79726.21176350364,79718.70321342364,79725.78768238479,0,1
1372426620000,1372426679999,79726.70822586467,79730.38955261778,79721.94254912942,79728.13886495082,0,1
1372426680000,1372426739999,79729.80711082518,79731.02709793756,79724.98084425884,79728.6352316501,0,1
1372426740000,1372426799999,79730.16209417976,79735.91933615484,79730.16209417976,79733.65266699821,0,1
1372426800000,1372426859999,79733.22545600036,79738.90518130809,79733.22545600036,79738.7536719999,0,1
1372426860000,1372426919999,79739.27017157908,79740.5131045513,79734.20388002876,79735.54733451385,0,1
1372426920000,1372426979999,79732.06431454532,79736.31198954114,79728.20780624352,79728.85927799254,0,1
1372426980000,1372427039999,79728.94544832612,79733.3598227171,79728.94544832612,79733.3598227171,0,1
1372427040000,1372427099999,79733.64922182124,79735.52666735025,79731.54744264019,79735.33032716574,0,1
1372427100000,1372427159999,79735.86767008778,79745.7516945611,79734.5897110727,79734.5897110727,0,1
1372427160000,1372427219999,79733.66989286533,79735.40610804463,79726.39449210014,79726.97023772968,0,1
1372427220000,1372427279999,79726.75649172405,79727.44253125088,79717.0296630551,79718.45478653515,0,1
1372427280000,1372427339999,79720.45582777327,79724.0222083625,79714.8208379616,79724.0222083625,0,1
1372427340000,1372427399999,79724.84291669633,79728.73863827805,79721.88046310094,79728.249170791,0,1
1372427400000,1372427459999,79729.17982787694,79729.92084472817,79723.83943641206,79724.12911116252,0,1
1372427460000,1372427519999,79725.00842954306,79725.00842954306,79721.79078260153,79724.01875986606,0,1
1372427520000,1372427579999,79724.41532916237,79725.59804679715,79721.06296110718,79721.25268271488,0,1
1372427580000,1372427639999,79720.7869959795,79720.7869959795,79716.36361561673,79717.05036848209,0,1
1372427640000,1372427699999,79716.95374278932,79717.12973888843,79714.80012791774,79714.86570957614,0,1
1372427700000,1372427759999,79715.86663940627,79720.16604659599,79713.36757912967,79718.37197620083,0,1
1372427760000,1372427819999,79718.34437260366,79720.10049968898,79710.24632853248,79714.44805060982,0,1
1372427820000,1372427879999,79715.21086911063,79715.2660935306,79709.91135769822,79710.5571161789,0,1
1372427880000,1372427939999,79709.95970469706,79710.15654363636,79703.55860126407,79706.99629245471,0,1
1372427940000,1372427999999,79706.1430261109,79706.1430261109,79701.04955000406,79704.31188495936,0,1
1372428000000,1372428059999,79705.12384741259,79709.76286188312,79704.10456483117,79707.42117121321,0,1
1372428060000,1372428119999,79706.7026665041,79711.7518320831,79705.72154785533,79711.2200975442,0,1
1372428120000,1372428179999,79711.84505535543,79714.95200057667,79707.43153388424,79713.44007448004,0,1
1372428180000,1372428239999,79714.07179743212,79714.07179743212,79704.95800512031,79706.46085042387,0,1
1372428240000,1372428299999,79706.15339010653,79709.36225752304,79704.59176031464,79708.64043846964,0,1
1372428300000,1372428359999,79708.61280799682,79708.61280799682,79698.84410635181,79699.74293521297,0,1
1372428360000,1372428419999,79700.79377112973,79700.79377112973,79689.2042745289,79693.01704472561,0,1
1372428420000,1372428479999,79693.66389505763,79697.92445167112,79693.66389505763,79695.77710903395,0,1
1372428480000,1372428539999,79697.34011584728,79704.32225085294,79694.2657396076,79703.36163240744,0,1
1372428540000,1372428599999,79702.47004063561,79709.85265031394,79698.95473580227,79708.56100065452,0,1
1372428600000,1372428659999,79708.09472249533,79708.09472249533,79699.72565080444,79699.72565080444,0,1
1372428660000,1372428719999,79700.81105369219,79710.17726329932,79699.73947833366,79710.17726329932,0,1
1372428720000,1372428779999,79709.35189685256,79713.01545138044,79705.71118341213,79713.01545138044,0,1
1372428780000,1372428839999,79713.89229551541,79714.67241503287,79707.87711858038,79714.67241503287,0,1
1372428840000,1372428899999,79713.68172185234,79716.9709974458,79713.68172185234,79716.6983703925,0,1
1372428900000,1372428959999,79716.33945762207,79720.49722439883,79714.86225792063,79719.84175770286,0,1
1372428960000,1372429019999,79720.2971391211,79723.29454926391,79717.30228107673,79721.73214491706,0,1
1372429020000,1372429079999,79720.8111432322,79721.44585010823,79716.42228478938,79719.97630437114,0,1
1372429080000,1372429139999,79720.4696266675,79720.68350709317,79713.98204687652,79716.92268433265,0,1
1372429140000,1372429199999,79718.31676893031,79723.43594688282,79717.8785504093,79721.39065980517,0,1
1372429200000,1372429259999,79719.5933590976,79720.81804243656,79717.8992540787,79720.35923498055,0,1
1372429260000,1372429319999,79719.90040647314,79719.90040647314,79715.64575316233,79717.24361706672,0,1
1372429320000,1372429379999,79716.75358659847,79721.65281103195,79716.48785581031,79719.58645904827,0,1
1372429380000,1372429439999,79718.7791204086,79721.70110129783,79717.25396956409,79717.25396956409,0,1
1372429440000,1372429499999,79717.81298850669,79722.20123676567,79716.39467580985,79718.59970297012,0,1
1372429500000,1372429559999,79719.54505865228,79721.5044894715,79716.31184841385,79718.37197620083,0,1
1372429560000,1372429619999,79716.91923338706,79721.70110129783,79716.91923338706,79719.99355381308,0,1
1372429620000,1372429679999,79719.48640779787,79719.9970036979,79715.56637097664,79715.61814203877,0,1
1372429680000,1372429739999,79717.09523009352,79718.45823695086,79715.07970989094,79718.0131234943,0,1
1372429740000,1372429799999,79719.09309318029,79725.40840761329,79719.00338767999,79723.74977347917,0,1
1372429800000,1372429859999,79723.01519687173,79729.2487619935,79723.01519687173,79729.2487619935,0,1
1372429860000,1372429919999,79728.60076253649,79734.14531508686,79727.26671656095,79734.14531508686,0,1
1372429920000,1372429979999,79735.0444214068,79735.0444214068,79730.74451529763,79731.58534748766,0,1
1372429980000,1372430039999,79732.84301777056,79735.0513107983,79729.14536064045,79730.83066938767,0,1
1372430040000,1372430099999,79730.2930557305,79730.3102873858,79726.80475735047,79728.97646946444,0,1
1372430100000,1372430159999,79729.22463510674,79738.77088908234,79729.22463510674,79736.79417436199,0,1
1372430160000,1372430219999,79735.79533714545,79735.79533714545,79732.3296317467,79735.33377176359,0,1
1372430220000,1372430279999,79734.03507426579,79739.53874081778,79734.03507426579,79739.53874081778,0,1
1372430280000,1372430339999,79738.49541220603,79747.13832568451,79738.49541220603,79745.99600332815,0,1
1372430340000,1372430399999,79745.48673323597,79752.73794610228,79744.83290252765,79750.04859348065,0,1
1372430400000,1372430459999,79750.4406924795,79752.52818884815,79749.74934969032,79751.74070021948,0,1
1372430460000,1372430519999,79752.15336575,79752.88924368538,79748.05002549439,79748.05002549439,0,1
1372430520000,1372430579999,79747.06951477825,79747.76448317296,79742.70593640963,79744.6642760949,0,1
1372430580000,1372430639999,79742.68184196907,79748.78620543638,79742.68184196907,79747.93649759602,0,1
1372430640000,1372430699999,79749.6839964068,79751.78540647446,79746.4364322234,79747.66815380358,0,1
1372430700000,1372430759999,79746.45707685192,79747.70599759507,79740.48900482662,79742.8401758015,0,1
1372430760000,1372430819999,79742.55448467593,79742.55448467593,79737.09036208165,79740.18947483049,0,1
1372430820000,1372430879999,79738.90862467478,79743.9484424392,79738.90862467478,79742.20338319826,0,1
1372430880000,1372430939999,79742.11044250836,79743.76947601845,79739.06357494865,79740.74032767132,0,1
1372430940000,1372430999999,79740.96754562843,79742.47531581132,79739.19441997683,79740.9331189971,0,1
1372431000000,1372431059999,79741.4460635312,79749.14739540254,79740.97443094048,79744.74686898867,0,1
1372431060000,1372431119999,79745.83771945567,79748.08098742481,79742.4856422205,79744.01039160784,0,1
1372431120000,1372431179999,79742.96064551636,79746.0751443249,79742.5992320178,79744.57824110516,0,1
1372431180000,1372431239999,79743.9243509922,79747.27250558983,79741.64228367714,79745.63814056711,0,1
1372431240000,1372431299999,79744.82601987176,79752.77577071266,79744.82601987176,79751.39679926842,0,1
1372431300000,1372431359999,79752.42158921316,79763.11371728973,79751.48621465344,79763.11371728973,0,1
1372431360000,1372431419999,79762.80455877795,79765.2535191756,79760.84633288311,79764.7246219845,0,1
1372431420000,1372431479999,79763.25455299852,79768.33018447929,79763.25455299852,79765.18483280922,0,1
1372431480000,1372431539999,79766.00216997328,79768.33705097706,79764.49794319623,79764.63875941167,0,1
1372431540000,1372431599999,79765.39089049301,79766.75763230972,79763.31294771071,79763.33355752772,0,1
1372431600000,1372431659999,79762.7908181778,79767.0185969449,79760.32407454173,79762.68432788654,0,1
1372431660000,1372431719999,79763.608351029,79771.72509245892,79763.608351029,79769.78577656453,0,1
1372431720000,1372431779999,79770.27664781819,79773.2625482129,79770.18396767847,79772.18841316084,0,1
1372431780000,1372431839999,79772.94683997806,79775.61631933565,79771.51573310026,79772.03740729013,0,1
1372431840000,1372431899999,79772.98115657337,79780.25361721867,79772.85418458254,79778.6829391009,0,1
1372431900000,1372431959999,79778.99160711611,79787.77436303877,79778.99160711611,79786.77032443832,0,1
1372431960000,1372432019999,79787.05475516307,79792.08407297089,79784.11410486746,79785.47829027266,0,1
1372432020000,1372432079999,79785.12183767516,79790.46044166453,79783.5484960434,79784.4054666255,0,1
1372432080000,1372432139999,79783.28110619001,79787.30148369694,79781.44346456473,79783.38052120124,0,1
1372432140000,1372432199999,79782.55088978336,79787.56191276755,79782.30061555309,79785.39603310866,0,1
1372432200000,1372432259999,79785.42002485138,79789.27509284856,79785.42002485138,79787.88058648184,0,1
1372432260000,1372432319999,79788.66180810728,79789.58000813438,79786.84571650274,79789.58000813438,0,1
1372432320000,1372432379999,79790.17953355024,79790.57348782521,79785.03957757902,79787.253509181,0,1
1372432380000,1372432439999,79787.19868088096,79790.3405428249,79786.68122399297,79789.2271278,0,1
1372432440000,1372432499999,79790.45359034099,79792.12859922947,79786.83543580015,79786.83543580015,0,1
1372432500000,1372432559999,79786.57841480033,79790.32341430188,79786.57841480033,79789.48750672673,0,1
1372432560000,1372432619999,79790.61802081038,79790.61802081038,79786.68465094786,79788.9907252709,0,1
1372432620000,1372432679999,79788.6343978553,79788.6343978553,79782.74287672825,79783.15426491319,0,1
1372432680000,1372432739999,79784.4568825251,79784.4568825251,79780.90856511884,79783.0377066457,0,1
1372432740000,1372432799999,79782.38289818294,79783.82959048808,79778.86471141872,79779.1390784711,0,1
1372432800000,1372432859999,79779.7838114147,79782.3040440095,79778.25421771777,79780.95999900118,0,1
1372432860000,1372432919999,79780.01014397337,79781.74861873875,79778.45657650092,79779.72894214417,0,1
1372432920000,1372432979999,79779.24882318432,79781.8789064483,79779.24882318432,79779.30026560405,0,1
1372432980000,1372433039999,79779.72551280477,79779.72551280477,79775.42419552009,79775.59573481767,0,1
1372433040000,1372433099999,79775.28696196331,79776.58717430457,79772.89193318064,79772.89193318064,0,1
1372433100000,1372433159999,79772.23302809533,79774.11353815834,79771.48141147575,79773.01547305091,0,1
1372433160000,1372433219999,79773.28313753418,79773.28313753418,79768.40914891902,79768.50527869971,0,1
1372433220000,1372433279999,79768.04522066365,79770.35559688935,79766.54816892571,79770.35559688935,0,1
1372433280000,1372433339999,79769.3944353661,79769.3944353661,79764.9615988602,79765.9815656555,0,1
1372433340000,1372433399999,79763.28203290555,79764.27812855491,79761.18303761579,79763.12402240884,0,1
1372433400000,1372433459999,79762.88013174124,79767.8563847461,79762.88013174124,79764.97877087936,0,1
1372433460000,1372433519999,79765.9231865246,79771.95503949045,79765.9231865246,79771.66331474336,0,1
1372433520000,1372433579999,79770.58900788907,79771.749117023,79765.54543096949,79770.66795449422,0,1
1372433580000,1372433639999,79772.22616427222,79773.02576797121,79766.43141693852,79768.8794894027,0,1
1372433640000,1372433699999,79769.68279352343,79770.96314062625,79759.47191026731,79759.63341471908,0,1
1372433700000,1372433759999,79760.35843448134,79765.2226103691,79756.5987568758,79759.50970941535,0,1
1372433760000,1372433819999,79759.16607554209,79770.38648983449,79759.16607554209,79770.21142855016,0,1
1372433820000,1372433879999,79768.50527869971,79769.737717944,79766.80913902713,79768.58767491911,0,1
1372433880000,1372433939999,79768.99964583265,79768.99964583265,79763.50873925729,79763.51217416249,0,1
1372433940000,1372433999999,79764.37086344596,79767.36196108948,79762.56409554958,79766.32496540925,0,1
1372434000000,1372434059999,79766.54130119948,79766.78853637201,79756.66750224194,79758.58530745379,0,1
1372434060000,1372434119999,79759.29322145147,79764.65936649637,79753.38782179229,79764.65936649637,0,1
1372434120000,1372434179999,79764.80361490039,79765.73431053078,79759.45129248998,79759.45129248998,0,1
1372434180000,1372434239999,79759.52689079904,79762.89730733506,79757.46491395393,79760.41341013915,0,1
1372434240000,1372434299999,79759.58874353592,79761.59187812182,79758.44784261473,79761.18303761579,0,1
1372434300000,1372434359999,79761.3616926662,79761.48193946073,79759.23823963499,79761.29641522937,0,1
1372434360000,1372434419999,79762.80799392503,79765.53512834536,79762.80799392503,79765.53512834536,0,1
1372434420000,1372434479999,79765.94379096266,79770.352164334,79765.94379096266,79769.92308563627,0,1
1372434480000,1372434539999,79771.56721531616,79775.8255928632,79771.56721531616,79773.8733467189,0,1
1372434540000,1372434599999,79774.31941194332,79775.16001924656,79771.99279148286,79773.13557979492,0,1
1372434600000,1372434659999,79772.5865086173,79772.84732118575,79768.12075403224,79768.33018447929,0,1
1372434660000,1372434719999,79768.97904769005,79769.52145129339,79765.31533650195,79767.83578424845,0,1
1372434720000,1372434779999,79768.76276463113,79768.76276463113,79763.09310701964,79763.40912649332,0,1
1372434780000,1372434839999,79763.1480676455,79765.11271161676,79761.69494451892,79764.90664820075,0,1
1372434840000,1372434899999,79763.97244078747,79769.00994488804,79763.60491615684,79768.0383539655,0,1
1372434900000,1372434959999,79768.8588910126,79770.11188253149,79763.51560906651,79766.25285243914,0,1
1372434960000,1372435019999,79767.23835135563,79768.99277978983,79766.71299294003,79768.251219416,0,1
1372435020000,1372435079999,79765.9575272311,79769.30861288031,79764.49107406184,79768.06238738843,0,1
1372435080000,1372435139999,79768.73873289138,79769.7033902165,79765.37715344618,79769.7033902165,0,1
1372435140000,1372435199999,79768.60827386788,79769.66906237116,79766.32496540925,79768.5499100695,0,1
1372435200000,1372435259999,79767.84608450258,79770.3178387157,79765.84420245208,79765.84420245208,0,1
1372435260000,1372435319999,79766.54816892571,79766.54816892571,79762.53661366958,79763.12402240884,0,1
1372435320000,1372435379999,79763.18928791666,79763.18928791666,79759.80866127982,79763.07249670706,0,1
1372435380000,1372435439999,79762.08658714026,79763.12402240884,79759.71932027966,79761.57813585529,0,1
1372435440000,1372435499999,79760.98720052818,79760.98720052818,79758.28631901414,79760.91161325804,0,1
1372435500000,1372435559999,79761.44071215122,79761.49224626155,79756.2928342656,79756.2928342656,0,1
1372435560000,1372435619999,79756.66750224194,79759.6643408059,79756.66750224194,79758.69871452349,0,1
1372435620000,1372435679999,79757.67113077236,79758.03887354492,79754.21987610048,79754.21987610048,0,1
1372435680000,1372435739999,79756.60563143367,79756.60563143367,79749.36066335207,79749.36066335207,0,1
1372435740000,1372435799999,79750.06235160051,79751.16637901454,79746.98694106574,79747.80576690435,0,1
1372435800000,1372435859999,79747.59934654304,79749.09235777402,79739.66613652417,79739.66613652417,0,1
1372435860000,1372435919999,79740.33751951314,79742.57513732013,79738.45064649684,79738.45064649684,0,1
1372435920000,1372435979999,79737.61039138937,79741.07426743241,79735.44744282744,79739.46643442461,0,1
1372435980000,1372436039999,79740.6439306146,79749.61520301539,79739.59383105215,79749.35378381178,0,1
1372436040000,1372436099999,79747.78856537031,79750.93595345119,79746.72889381934,79749.04763947778,0,1
1372436100000,1372436159999,79748.78620543638,79749.45009694505,79741.45294851378,79743.24976691089,0,1
1372436160000,1372436219999,79742.10700024401,79745.43511657638,79741.3875409879,79744.36487113642,0,1
1372436220000,1372436279999,79745.31811782827,79746.47428067647,79742.43745221973,79742.43745221973,0,1
1372436280000,1372436339999,79742.69905228968,79747.31379135234,79742.69905228968,79745.86524726564,0,1
1372436340000,1372436399999,79745.29747084827,79748.07754721506,79742.73347284205,79742.73347284205,0,1
1372436400000,1372436459999,79742.95720354465,79744.72966219207,79741.99684715875,79742.52694775062,0,1
1372436460000,1372436519999,79741.12934920819,79742.20338319826,79733.99028858508,79735.1064257595,0,1
1372436520000,1372436579999,79736.0398892732,79740.60606008807,79735.70922581763,79738.81909675548,0,1
1372436580000,1372436639999,79739.76942914874,79743.22223190012,79738.37833223559,79742.76100919866,0,1
1372436640000,1372436699999,79742.32730277446,79745.67599204171,79741.90390454927,79742.24468989429,0,1
1372436700000,1372436759999,79742.91934177761,79744.90861142967,79742.43056791494,79743.1533940415,0,1
1372436760000,1372436819999,79743.53199639996,79745.75513557109,79741.80751870848,79745.75513557109,0,1
1372436820000,1372436879999,79745.89277499983,79745.89277499983,79740.66458720497,79741.09836574664,0,1
1372436880000,1372436939999,79741.91078921662,79747.6062272904,79741.91078921662,79747.6062272904,0,1
1372436940000,1372436999999,79747.93305733656,79751.33833493055,79747.21401713451,79751.33489584121,0,1
1372437000000,1372437059999,79751.4965317618,79752.5178728041,79747.16584991444,79749.27466875837,0,1
1372437060000,1372437119999,79750.04515394772,79750.04515394772,79741.00197214125,79741.00197214125,0,1
1372437120000,1372437179999,79742.28255421575,79746.46739915019,79741.1327918091,79745.8342784741,0,1
1372437180000,1372437239999,79746.09234880653,79749.9316486975,79745.68975617878,79745.68975617878,0,1
1372437240000,1372437299999,79745.85148337012,79750.70552257812,79745.46608660411,79749.6186426962,0,1
1372437300000,1372437359999,79750.60578219545,79753.57349280389,79749.46729562123,79753.57349280389,0,1
1372437360000,1372437419999,79752.5144341204,79759.46503767959,79752.5144341204,79758.36536280422,0,1
1372437420000,1372437479999,79759.59217978787,79759.9083099153,79757.97701122091,79758.48564563383,0,1
1372437480000,1372437539999,79757.91514851418,79758.21071132594,79755.89752714544,79757.3927370628,0,1
1372437540000,1372437599999,79756.64000415218,79759.19700307424,79755.92846478803,79759.16263914372,0,1
1372437600000,1372437659999,79758.85335845497,79759.68152192392,79751.46901944918,79752.2668457855,0,1
1372437660000,1372437719999,79753.06804696876,79753.35687628853,79751.17669645288,79751.17669645288,0,1
1372437720000,1372437779999,79751.48277561496,79754.71151201565,79751.48277561496,79754.71151201565,0,1
1372437780000,1372437839999,79756.26877253971,79758.54406820048,79752.44909890518,79757.43398106437,0,1
1372437840000,1372437899999,79757.89796436107,79759.63341471908,79753.01646942664,79755.12405497173,0,1
1372437900000,1372437959999,79754.71838787105,79755.51251736374,79751.2386008594,79751.7235054528,0,1
1372437960000,1372438019999,79752.53162752713,79754.70463615551,79751.81979576536,79753.39469855791,0,1
1372438020000,1372438079999,79754.15111390593,79754.16486638266,79751.25579645988,79753.26060077552,0,1
1372438080000,1372438139999,79752.54882090431,79759.40318417754,79751.30050488272,79756.73968436774,0,1
1372438140000,1372438199999,79756.51969912049,79759.37912993455,79755.80815119582,79757.94607991537,0,1
1372438200000,1372438259999,79757.77767446241,79758.36536280422,79754.16142826526,79757.65050928188,0,1
1372438260000,1372438319999,79756.37533117196,79760.29658650504,79755.11717939527,79759.49252800214,0,1
1372438320000,1372438379999,79760.08011557562,79761.98696020877,79759.09047450525,79761.11088755602,0,1
1372438380000,1372438439999,79761.94917042338,79766.9602238678,79761.94917042338,79766.44171863928,0,1
1372438440000,1372438499999,79766.57563978342,79767.27955477001,79763.3782119855,79765.14018641808,0,1
1372438500000,1372438559999,79764.88947605774,79766.72672815192,79764.8104838201,79765.35998211113,0,1
1372438560000,1372438619999,79766.25285243914,79766.40394568461,79763.13432751736,79763.68048307186,0,1
1372438620000,1372438679999,79764.54602700494,79764.80361490039,79760.8119746199,79760.8119746199,0,1
1372438680000,1372438739999,79761.82549376365,79762.67058712119,79761.46132582721,79762.67058712119,0,1
1372438740000,1372438799999,79762.94883393953,79762.99692519751,79757.76392695328,79758.38254615419,0,1
1372438800000,1372438859999,79757.53021640654,79758.08355165205,79753.05773148162,79754.53961409413,0,1
1372438860000,1372438919999,79753.18839353247,79754.43303589882,79751.31770037675,79754.18205695199,0,1
1372438920000,1372438979999,79754.45366402528,79758.68840484302,79753.42564394462,79758.68840484302,0,1
1372438980000,1372439039999,79759.28634874095,79759.28634874095,79757.38930005499,79758.1935276807,0,1
1372439040000,1372439099999,79757.90140119405,79760.11447635347,79757.90140119405,79759.5715622585,0,1
1372439100000,1372439159999,79760.01482977241,79763.74574494801,79759.56125347788,79761.2861082267,0,1
1372439160000,1372439219999,79761.65028254394,79765.08523673996,79761.65028254394,79764.4017748852,0,1
1372439220000,1372439279999,79765.08180237506,79765.46300967924,79761.96634761627,79761.96634761627,0,1
1372439280000,1372439339999,79761.04217272942,79767.10787275668,79759.79148038024,79767.10787275668,0,1
1372439340000,1372439399999,79768.161953811,79768.30271844105,79766.25628640188,79766.31466358821,0,1
1372439400000,1372439459999,79764.96846767141,79769.64160001004,79763.47439014043,79769.34294196301,0,1
1372439460000,1372439519999,79768.70096861223,79773.41353558452,79767.95251984063,79772.13350219895,0,1
1372439520000,1372439579999,79773.11842177695,79773.46157654286,79768.42631501907,79769.90935481394,0,1
1372439580000,1372439639999,79769.55921247417,79769.55921247417,79765.15392379044,79766.11549296217,0,1
1372439640000,1372439699999,79765.50765462911,79766.9602238678,79764.99250847346,79766.54130119948,0,1
1372439700000,1372439759999,79766.4897931025,79769.46309282443,79766.09145485972,79769.46309282443,0,1
1372439760000,1372439819999,79769.83040221965,79772.11977441137,79768.3679501587,79772.11977441137,0,1
1372439820000,1372439879999,79772.0099514323,79776.87189481282,79772.0099514323,79776.87189481282,0,1
1372439880000,1372439939999,79775.71237985927,79780.054724025,79774.74143995266,79780.054724025,0,1
1372439940000,1372439999999,79780.32220016135,79780.41135728364,79775.31783967778,79776.65235200386,0,1
1372440000000,1372440059999,79777.14631654622,79778.57318817718,79776.67979511857,79778.53546101897,0,1
1372440060000,1372440119999,79777.11887471176,79777.99011619712,79773.76697438105,79774.7208536337,0,1
1372440120000,1372440179999,79773.93167945603,79778.06900439489,79773.59540370989,79777.80146798333,0,1
1372440180000,1372440239999,79778.5080229963,79780.45593554668,79776.65921278959,79778.0895838224,0,1
1372440240000,1372440299999,79778.74810314193,79780.2399005737,79777.9935461317,79778.56632870446,0,1
1372440300000,1372440359999,79778.15475173008,79778.60748547023,79775.79814740417,79777.14974677023,0,1
1372440360000,1372440419999,79778.49087419393,79778.49087419393,79772.92281829129,79773.36549439537,0,1
1372440420000,1372440479999,79772.05799913405,79774.02432486859,79771.4608184445,79772.82673096714,0,1
1372440480000,1372440539999,79773.8767780658,79776.7895668243,79773.8767780658,79776.7895668243,0,1
1372440540000,1372440599999,79776.32302875281,79776.32302875281,79772.89193318064,79772.89193318064,0,1
1372440600000,1372440659999,79773.83217046429,79780.31191274992,79773.83217046429,79780.31191274992,0,1
1372440660000,1372440719999,79779.31055405624,79779.90726617265,79776.54257879188,79777.35898820999,0,1
1372440720000,1372440779999,79776.45681763157,79777.22864159777,79775.75354837264,79775.75354837264,0,1
1372440780000,1372440839999,79776.55973093568,79777.41730061804,79775.0845390294,79775.0845390294,0,1
1372440840000,1372440899999,79776.32645925925,79777.18747915671,79775.5854425428,79777.18747915671,0,1
1372440900000,1372440959999,79777.03311849371,79779.26940018397,79777.03311849371,79778.357112526,0,1
1372440960000,1372441019999,79778.78582949792,79779.04991000477,79778.00726585828,79778.69665788166,0,1
1372441020000,1372441079999,79778.36397214224,79780.75426188452,79778.36397214224,79779.94498815581,0,1
1372441080000,1372441139999,79780.43193189127,79782.43775289338,79779.6877899937,79781.50518189046,0,1
1372441140000,1372441199999,79780.40449907168,79781.99204966104,79776.75183293635,79776.75183293635,0,1
1372441200000,1372441259999,79776.88218576374,79777.13945609466,79771.30636935837,79772.41834953881,0,1
1372441260000,1372441319999,79771.84521470216,79775.95252713132,79771.33039492845,79774.55959266903,0,1
1372441320000,1372441379999,79773.7429546643,79779.7495181559,79773.7429546643,79778.30909508058,0,1
1372441380000,1372441439999,79778.06557448619,79779.86954404721,79775.52711945176,79775.52711945176,0,1
1372441440000,1372441499999,79776.33332026858,79780.45593554668,79776.33332026858,79780.45593554668,0,1
1372441500000,1372441559999,79780.37020794135,79780.7714068059,79779.7152247795,79780.67882388119,0,1
1372441560000,1372441619999,79781.86176342561,79782.01262101674,79780.78512272185,79781.76233331443,0,1
1372441620000,1372441679999,79781.74861873875,79784.2992062619,79781.74861873875,79783.42165815816,0,1
1372441680000,1372441739999,79782.6537403908,79783.65819237653,79780.06158247685,79780.64453369153,0,1
1372441740000,1372441799999,79780.202179703,79781.77261923385,79777.99697606511,79777.99697606511,0,1
1372441800000,1372441859999,79778.60062602104,79779.02247339363,79776.26470996343,79776.26470996343,0,1
1372441860000,1372441919999,79777.07428157015,79777.07428157015,79774.75516414175,79776.45338716985,0,1
1372441920000,1372441979999,79777.61967633749,79781.61832933169,79776.32645925925,79780.60681434712,0,1
1372441980000,1372442039999,79779.80438731355,79785.47486290433,79779.80438731355,79784.34033943982,0,1
1372442040000,1372442099999,79785.46458079231,79786.83543580015,79784.52886434045,79786.83543580015,0,1
1372442100000,1372442159999,79786.7600436582,79788.27463133346,79786.7600436582,79787.17812019095,0,1
1372442160000,1372442219999,79787.31176392041,79790.51525208386,79787.31176392041,79789.41898661385,0,1
1372442220000,1372442279999,79790.21036531415,79793.58415619748,79789.61769364774,79790.55978532835,0,1
1372442280000,1372442339999,79790.94344814359,79793.01565798468,79789.49093272006,79791.99844499328,0,1
1372442340000,1372442399999,79791.41958063252,79796.01874378919,79791.2311855955,79792.02242090092,0,1
1372442400000,1372442459999,79792.92661316843,79794.33753776815,79792.3135523353,79794.25877780608,0,1
1372442460000,1372442519999,79795.31342496595,79797.39842269593,79795.31342496595,79795.49831917736,0,1
1372442520000,1372442579999,79796.33714812472,79797.16221326168,79795.47435160207,79797.16221326168,0,1
1372442580000,1372442639999,79796.14884571036,79796.16596425817,79793.56360863228,79793.56360863228,0,1
1372442640000,1372442699999,79794.17316844809,79796.10433734885,79793.41634984601,79794.34438643118,0,1
1372442700000,1372442759999,79794.20741227924,79796.99789036444,79794.20741227924,79796.02901505503,0,1
1372442760000,1372442819999,79796.13515085098,79800.88956361912,79796.13515085098,79800.88956361912,0,1
1372442820000,1372442879999,79799.69518295626,79806.03164230564,79799.54459188631,79805.43648707426,0,1
1372442880000,1372442939999,79804.984966373,79805.99401859846,79803.66791453518,79805.35439391769,0,1
1372442940000,1372442999999,79804.62578761978,79805.52884106987,79802.70310675357,79803.70212586816,0,1
1372443000000,1372443059999,79805.97691686658,79806.02138130863,79804.30764709298,79805.93929295351,0,1
1372443060000,1372443119999,79806.11715020459,79806.51389728898,79805.52884106987,79805.67934205002,0,1
1372443120000,1372443179999,79806.51389728898,79810.79160943137,79806.51389728898,79809.90270717037,0,1
1372443180000,1372443239999,79808.90430734461,79809.34881272815,79804.59842109062,79805.43648707426,0,1
1372443240000,1372443299999,79804.83103420131,79804.83103420131,79802.15907834625,79802.33015965196,0,1
1372443300000,1372443359999,79802.00510266858,79802.9905060398,79801.18043702128,79801.56711444425,0,1
1372443360000,1372443419999,79800.35912563292,79801.43366109414,79799.24682559552,79801.27625228943,0,1
1372443420000,1372443479999,79800.65343663549,79800.65343663549,79796.23443815643,79797.35391989576,0,1
1372443480000,1372443539999,79797.57300869178,79799.34265939234,79795.89548777617,79798.1344018232,0,1
1372443540000,1372443599999,79799.12018666962,79799.12018666962,79797.09032232639,79797.09032232639,0,1
1372443600000,1372443659999,79797.15194315971,79797.15194315971,79792.34780253508,79792.81359360594,0,1
1372443660000,1372443719999,79791.77238360938,79794.36493239216,79790.67625595325,79794.36493239216,0,1
1372443720000,1372443779999,79793.59442996427,79794.73817666741,79793.00195883379,79793.86496869079,0,1
1372443780000,1372443839999,79792.39575261765,79793.49169182153,79791.77580881999,79791.77580881999,0,1
1372443840000,1372443899999,79791.06333975472,79791.06333975472,79787.67841831391,79789.54574845353,0,1
1372443900000,1372443959999,79789.59713793079,79792.78619473176,79789.59713793079,79792.78619473176,0,1
1372443960000,1372444019999,79791.94706785477,79794.38890262661,79791.94706785477,79794.28617264585,0,1
1372444020000,1372444079999,79793.75538426575,79793.75538426575,79790.71393733559,79790.71393733559,0,1
1372444080000,1372444139999,79792.01899577478,79794.14577329875,79791.75183232107,79794.14577329875,0,1
1372444140000,1372444199999,79794.2519290844,79794.2519290844,79790.241196983,79790.241196983,0,1
1372444200000,1372444259999,79789.98768932774,79793.86154419568,79789.98768932774,79791.03936154749,0,1
1372444260000,1372444319999,79791.45383389428,79793.97797637137,79791.21748399983,79792.94031242254,0,1
1372444320000,1372444379999,79793.78962952757,79794.59435942213,79791.69017820273,79793.6184020457,0,1
1372444380000,1372444439999,79794.33068910042,79794.46766156382,79791.23461099151,79793.97797637137,0,1
1372444440000,1372444499999,79794.44026722123,79794.44026722123,79791.76553318463,79792.41972757273,0,1
1372444500000,1372444559999,79792.70057276609,79792.82729301488,79790.01167005682,79790.79615076783,0,1
1372444560000,1372444619999,79791.95391815515,79792.02927114967,79790.57348782521,79791.15925200871,0,1
1372444620000,1372444679999,79790.38165116042,79792.69029808095,79790.38165116042,79792.21422609262,0,1
1372444680000,1372444739999,79793.71086525005,79797.86740170304,79792.65947396218,79797.206716915,0,1
1372444740000,1372444799999,79796.2002012659,79797.46004163074,79794.40602418747,79794.40602418747,0,1
1372444800000,1372444859999,79794.47108585137,79796.2994879255,79794.4162971099,79794.73475247131,0,1
1372444860000,1372444919999,79794.38890262661,79794.38890262661,79791.29969329236,79793.01908276948,0,1
1372444920000,1372444979999,79792.14229957685,79792.14229957685,79784.16209444686,79784.16209444686,0,1
1372444980000,1372445039999,79783.20911539248,79784.41232209405,79782.18061883756,79783.51078765097,0,1
1372445040000,1372445099999,79782.72230687476,79787.04790150581,79782.51317762892,79783.67533231988,0,1
1372445100000,1372445159999,79783.23996865489,79787.14727907666,79783.23996865489,79786.09177027931,0,1
1372445160000,1372445219999,79787.0444746754,79788.51447711948,79782.31775782348,79783.47650717082,0,1
1372445220000,1372445279999,79783.66162036755,79785.33776720811,79783.66162036755,79784.70710279608,0,1
1372445280000,1372445339999,79784.56999657373,79786.83543580015,79784.56999657373,79786.83543580015,0,1
1372445340000,1372445399999,79785.61881136257,79789.39843048842,79785.61881136257,79788.48021378796,0,1
1372445400000,1372445459999,79787.57561937287,79789.13462312809,79787.49337945918,79788.88451361952,0,1
1372445460000,1372445519999,79789.41898661385,79793.04990577982,79789.30935345667,79792.16970021528,0,1
1372445520000,1372445579999,79792.96771087445,79794.3580837432,79791.70045391552,79793.68004427693,0,1
1372445580000,1372445639999,79793.3992265906,79793.3992265906,79790.66940477758,79790.66940477758,0,1
1372445640000,1372445699999,79791.85116315664,79792.27587698007,79790.04592814148,79790.52895464175,0,1
1372445700000,1372445759999,79790.77902302518,79790.77902302518,79787.77436303877,79787.77436303877,0,1
1372445760000,1372445819999,79786.67094312128,79786.98279152733,79783.86386975786,79784.17580571298,0,1
1372445820000,1372445879999,79784.71738568699,79786.65038134616,79783.53478391714,79783.53478391714,0,1
1372445880000,1372445939999,79784.436316197,79786.56813382292,79783.37023693556,79785.09784521702,0,1
1372445940000,1372445999999,79784.42260528807,79787.27064296312,79783.4285143012,79787.27064296312,0,1
1372446000000,1372446059999,79786.74976286753,79786.74976286753,79782.19433282079,79783.39423353902,0,1
1372446060000,1372446119999,79782.1703333378,79784.25464512823,79782.1703333378,79783.8570139133,0,1
1372446120000,1372446179999,79783.5176437329,79784.03869220596,79782.38289818294,79783.3736650253,0,1
1372446180000,1372446239999,79783.11655503414,79783.35652456488,79779.72208346419,79780.43536098843,0,1
1372446240000,1372446299999,79781.02857709947,79781.02857709947,79769.85099860869,79769.85099860869,0,1
1372446300000,1372446359999,79770.6542246946,79772.18841316084,79767.01172954174,79767.01172954174,0,1
1372446360000,1372446419999,79767.38599613808,79769.82696948401,79766.38334219466,79768.31988472378,0,1
1372446420000,1372446479999,79767.80831685226,79769.76174728313,79765.96782942007,79769.70682299454,0,1
1372446480000,1372446539999,79770.25261971631,79774.09981308864,79770.21142855016,79771.52259741102,0,1
1372446540000,1372446599999,79771.96533550251,79773.97628661366,79768.51557826427,79768.82456026816,0,1
1372446600000,1372446659999,79769.13009975049,79771.86580694185,79769.13009975049,79770.02263353433,0,1
1372446660000,1372446719999,79768.43318145083,79769.672495161,79766.53099960131,79768.64947163811,0,1
1372446720000,1372446779999,79769.13696569901,79770.7331707849,79768.251219416,79768.251219416,0,1
1372446780000,1372446839999,79766.6889562738,79771.4299288181,79764.30904028083,79770.41738268417,0,1
1372446840000,1372446899999,79771.6495863103,79775.79814740417,79771.6495863103,79775.79814740417,0,1
1372446900000,1372446959999,79776.77584542696,79779.00532547344,79774.45322763073,79779.00532547344,0,1
1372446960000,1372447019999,79779.57119131435,79780.69596893192,79777.58194558175,79780.69596893192,0,1
1372447020000,1372447079999,79779.6980780472,79780.70625594824,79776.56659178497,79778.68979849364,0,1
1372447080000,1372447139999,79778.4085595331,79780.35992057931,79778.4085595331,79780.35992057931,0,1
1372447140000,1372447199999,79780.58624009929,79785.4817176398,79780.58624009929,79784.13809968595,0,1
1372447200000,1372447259999,79783.92214424681,79787.0444746754,79783.83987428134,79787.0444746754,0,1
1372447260000,1372447319999,79785.65651180682,79788.53503506204,79784.1998003834,79786.06778014817,0,1
1372447320000,1372447379999,79786.66751616169,79788.5213297717,79785.52627330585,79788.03135330246,0,1
1372447380000,1372447439999,79788.24379360075,79788.27463133346,79783.74731976115,79784.97102698199,0,1
1372447440000,1372447499999,79784.88191050332,79788.51105079161,79784.86134504931,79788.31574816247,0,1
1372447500000,1372447559999,79788.48706646365,79788.52818241922,79785.23494420249,79787.339177798,0,1
1372447560000,1372447619999,79788.05533872344,79790.4330363422,79788.05533872344,79790.14870169126,0,1
1372447620000,1372447679999,79791.22433480002,79795.24494476084,79791.22433480002,79792.53617653693,0,1
1372447680000,1372447739999,79793.1423742408,79797.78524638568,79792.63892449687,79796.25155655773,0,1
1372447740000,1372447799999,79794.47793442295,79799.63700031169,79794.22795852163,79799.63700031169,0,1
1372447800000,1372447859999,79799.42822450626,79804.24264939612,79799.34265939234,79800.65343663549,0,1
1372447860000,1372447919999,79802.9186569926,79807.13634806256,79800.80401100828,79801.18728099945,0,1
1372447920000,1372447979999,79800.92720653601,79808.22383390581,79800.92720653601,79808.14860284385,0,1
1372447980000,1372448039999,79807.27314523715,79809.47190303335,79804.42053682554,79809.47190303335,0,1
1372448040000,1372448099999,79809.17785145738,79813.38265052822,79808.35719667013,79809.65995474074,0,1
1372448100000,1372448159999,79809.61550647451,79813.37239707132,79809.61550647451,79812.6272843949,0,1
1372448160000,1372448219999,79812.47005169048,79812.47005169048,79810.63776661735,79811.06510192367,0,1
1372448220000,1372448279999,79811.25312367335,79811.82742276369,79806.12399080493,79811.82742276369,0,1
1372448280000,1372448339999,79809.91638318825,79810.63092910402,79809.03424173116,79809.49925622877,0,1
1372448340000,1372448399999,79810.90784465453,79813.49543786036,79810.62409158601,79811.92313607225,0,1
1372448400000,1372448459999,79811.99833874345,79815.91834938827,79811.45481580195,79815.10166482984,0,1
1372448460000,1372448519999,79814.57539760215,79816.77596723053,79813.50227341536,79813.50227341536,0,1
1372448520000,1372448579999,79813.8918923271,79813.8918923271,79806.0863674452,79807.34838288554,0,1
1372448580000,1372448639999,79807.51253578987,79810.04972338234,79805.50489752328,79807.7382416336,0,1
1372448640000,1372448699999,79808.30932306193,79809.98134401772,79805.65197840391,79807.51937543573,0,1
1372448700000,1372448759999,79807.0782086967,79807.96394238314,79800.24961235102,79801.15306106175,0,1
1372448760000,1372448819999,79800.45837100873,79805.9461336755,79796.77194197173,79798.71972329578,0,1
1372448820000,1372448879999,79799.8491942049,79802.37806189306,79797.04581815506,79798.40824069506,0,1
1372448880000,1372448939999,79798.80871654257,79798.80871654257,79795.34081691668,79795.34081691668,0,1
1372448940000,1372448999999,79794.27589958973,79795.78250176298,79792.17997543534,79792.17997543534,0,1
1372449000000,1372449059999,79791.72443053762,79791.72443053762,79783.35652456488,79785.14240259347,0,1
1372449060000,1372449119999,79784.63169460642,79790.24804845205,79784.60427330555,79787.1404254828,0,1
1372449120000,1372449179999,79785.60852939855,79787.81548192479,79785.50913653472,79785.9992365992,0,1
1372449180000,1372449239999,79784.04212006654,79786.29397052644,79782.94514470076,79786.03350843242,0,1
1372449240000,1372449299999,79787.20210765852,79787.20210765852,79777.33497711961,79777.33497711961,0,1
1372449300000,1372449359999,79777.15317699307,79777.45503199499,79771.58437599588,79772.84045778424,0,1
1372449360000,1372449419999,79772.62425822587,79773.47873397206,79768.7730639305,79772.13693414291,0,1
1372449420000,1372449479999,79771.25831804506,79771.25831804506,79764.33651729028,79767.04606651035,0,1
1372449480000,1372449539999,79767.9181859844,79777.4138704858,79762.80112362969,79777.4138704858,0,1
1372449540000,1372449599999,79776.93021006128,79776.93021006128,79758.73308004827,79758.73308004827,0,1
1372449600000,1372449659999,79760.22786608274,79760.22786608274,79742.76789327594,79756.54032294301,0,1
1372449660000,1372449719999,79755.89065210074,79756.25846035375,79742.18961426168,79747.10047974467,0,1
1372449720000,1372449779999,79747.83672959104,79751.81291791663,79746.58438445271,79749.33314516254,0,1
1372449780000,1372449839999,79749.64272042875,79757.40992208413,79747.54085999934,79756.3478322788,0,1
1372449840000,1372449899999,79754.70119822369,79755.96627733235,79751.24891822324,79752.66573508519,0,1
1372449900000,1372449959999,79751.54467812675,79751.54467812675,79748.17043246307,79751.16637901454,0,1
1372449960000,1372450019999,79749.9488465455,79751.13542663564,79749.4363379828,79750.8327761048,0,1
1372450020000,1372450079999,79751.81635684159,79751.81635684159,79744.62986218782,79744.62986218782,0,1
1372450080000,1372450139999,79743.9243509922,79747.51333680158,79743.01227494988,79747.51333680158,0,1
1372450140000,1372450199999,79746.6738428783,79749.59456490567,79745.34564706862,79746.18525249585,0,1
1372450200000,1372450259999,79745.41102871073,79746.53621419978,79744.00350838582,79746.33320844146,0,1
1372450260000,1372450319999,79747.08671754922,79748.29771825355,79747.08671754922,79748.29771825355,0,1
1372450320000,1372450379999,79747.69567657523,79747.72319927115,79745.61061213196,79746.52245122775,0,1
1372450380000,1372450439999,79747.36539831577,79748.14291099805,79745.86868823656,79746.65663939707,0,1
1372450440000,1372450499999,79745.48673323597,79753.15400894778,79741.66293820537,79746.39514283848,0,1
1372550400000,1372550459999,79759.69870301243,79759.69870301243,79759.69870301243,79759.69870301243,0,1
1372550460000,1372550519999,79759.69870301243,79759.69870301243,79759.69870301243,79759.69870301243,0,1
1372550520000,1372550579999,79759.69870301243,79759.69870301243,79759.69870301243,79759.69870301243,0,1
1372550580000,1372550639999,79759.69870301243,79759.69870301243,79759.69870301243,79759.69870301243,0,1
1372550640000,1372550699999,79759.69870301243,79759.69870301243,79759.69870301243,79759.69870301243,0,1
1372550700000,1372550759999,79759.69870301243,79759.69870301243,79759.69870301243,79759.69870301243,0,1
1372550760000,1372550819999,79759.69870301243,79759.69870301243,79759.69870301243,79759.69870301243,0,1
1372550820000,1372550879999,79759.69870301243,79759.69870301243,79759.69870301243,79759.69870301243,0,1
1372550880000,1372550939999,79759.69870301243,79759.69870301243,79759.69870301243,79759.69870301243,0,1
1372550940000,1372550999999,79759.69870301243,79759.69870301243,79759.69870301243,79759.69870301243,0,1
1372551000000,1372551059999,79759.69870301243,79759.69870301243,79759.69870301243,79759.69870301243,0,1
1372551060000,1372551119999,79759.69870301243,79759.69870301243,79759.69870301243,79759.69870301243,0,1
1372551120000,1372551179999,79759.69870301243,79759.69870301243,79759.69870301243,79759.69870301243,0,1
1372551180000,1372551239999,79759.69870301243,79759.69870301243,79759.69870301243,79759.69870301243,0,1
1372551240000,1372551299999,79759.69870301243,79759.69870301243,79759.69870301243,79759.69870301243,0,1
1372551300000,1372551359999,79759.69870301243,79759.69870301243,79759.69870301243,79759.69870301243,0,1
1372551360000,1372551419999,79759.69870301243,79759.69870301243,79759.69870301243,79759.69870301243,0,1
1372551420000,1372551479999,79759.69870301243,79759.69870301243,79759.69870301243,79759.69870301243,0,1
1372551480000,1372551539999,79759.69870301243,79759.69870301243,79759.69870301243,79759.69870301243,0,1
1372551540000,1372551599999,79759.69870301243,79759.69870301243,79759.69870301243,79759.69870301243,0,1
1372551600000,1372551659999,79759.69870301243,79759.69870301243,79759.69870301243,79759.69870301243,0,1
1372551660000,1372551719999,79759.69870301243,79759.69870301243,79759.69870301243,79759.69870301243,0,1
1372551720000,1372551779999,79759.69870301243,79759.69870301243,79759.69870301243,79759.69870301243,0,1
1372551780000,1372551839999,79759.69870301243,79759.69870301243,79759.69870301243,79759.69870301243,0,1
1372551840000,1372551899999,79759.69870301243,79759.69870301243,79759.69870301243,79759.69870301243,0,1
1372551900000,1372551959999,79759.69870301243,79759.69870301243,79759.69870301243,79759.69870301243,0,1
1372551960000,1372552019999,79759.69870301243,79759.69870301243,79759.69870301243,79759.69870301243,0,1
1372552020000,1372552079999,79759.69870301243,79759.69870301243,79759.69870301243,79759.69870301243,0,1
1372552080000,1372552139999,79759.69870301243,79759.69870301243,79759.69870301243,79759.69870301243,0,1
1372552140000,1372552199999,79759.69870301243,79759.69870301243,79759.69870301243,79759.69870301243,0,1
1372552200000,1372552259999,79759.69870301243,79759.69870301243,79759.69870301243,79759.69870301243,0,1
1372552260000,1372552319999,79759.69870301243,79759.69870301243,79759.69870301243,79759.69870301243,0,1
1372552320000,1372552379999,79759.69870301243,79759.69870301243,79759.69870301243,79759.69870301243,0,1
1372552380000,1372552439999,79759.69870301243,79759.69870301243,79759.69870301243,79759.69870301243,0,1
1372552440000,1372552499999,79759.69870301243,79759.69870301243,79759.69870301243,79759.69870301243,0,1
1372552500000,1372552559999,79759.69870301243,79759.69870301243,79759.69870301243,79759.69870301243,0,1
1372552560000,1372552619999,79759.69870301243,79759.69870301243,79759.69870301243,79759.69870301243,0,1
1372552620000,1372552679999,79759.69870301243,79759.69870301243,79759.69870301243,79759.69870301243,0,1
1372552680000,1372552739999,79759.69870301243,79759.69870301243,79759.69870301243,79759.69870301243,0,1
1372552740000,1372552799999,79759.69870301243,79759.69870301243,79759.69870301243,79759.69870301243,0,1
1372552800000,1372552859999,79759.69870301243,79759.69870301243,79759.69870301243,79759.69870301243,0,1
1372552860000,1372552919999,79759.69870301243,79759.69870301243,79759.69870301243,79759.69870301243,0,1
1372552920000,1372552979999,79759.69870301243,79759.69870301243,79759.69870301243,79759.69870301243,0,1
1372552980000,1372553039999,79759.69870301243,79759.69870301243,79759.69870301243,79759.69870301243,0,1
1372553040000,1372553099999,79759.69870301243,79759.69870301243,79759.69870301243,79759.69870301243,0,1
1372553100000,1372553159999,79759.69870301243,79759.69870301243,79759.69870301243,79759.69870301243,0,1
1372553160000,1372553219999,79759.69870301243,79759.69870301243,79759.69870301243,79759.69870301243,0,1
1372553220000,1372553279999,79759.69870301243,79759.69870301243,79759.69870301243,79759.69870301243,0,1
1372553280000,1372553339999,79759.69870301243,79759.69870301243,79759.69870301243,79759.69870301243,0,1
1372553340000,1372553399999,79759.69870301243,79759.69870301243,79759.69870301243,79759.69870301243,0,1
1372553400000,1372553459999,79759.69870301243,79759.69870301243,79759.69870301243,79759.69870301243,0,1
1372553460000,1372553519999,79759.69870301243,79759.69870301243,79759.69870301243,79759.69870301243,0,1
1372553520000,1372553579999,79759.69870301243,79759.69870301243,79759.69870301243,79759.69870301243,0,1
1372553580000,1372553639999,79759.69870301243,79759.69870301243,79759.69870301243,79759.69870301243,0,1
1372553640000,1372553699999,79759.69870301243,79759.69870301243,79759.69870301243,79759.69870301243,0,1
1372553700000,1372553759999,79759.69870301243,79759.69870301243,79759.69870301243,79759.69870301243,0,1
1372553760000,1372553819999,79759.69870301243,79759.69870301243,79759.69870301243,79759.69870301243,0,1
1372553820000,1372553879999,79759.69870301243,79759.69870301243,79759.69870301243,79759.69870301243,0,1
1372553880000,1372553939999,79759.69870301243,79759.69870301243,79759.69870301243,79759.69870301243,0,1
1372553940000,1372553999999,79759.69870301243,79759.69870301243,79759.69870301243,79759.69870301243,0,1
1372554000000,1372554059999,79759.69870301243,79759.69870301243,79759.69870301243,79759.69870301243,0,1
1372554060000,1372554119999,79759.69870301243,79759.69870301243,79759.69870301243,79759.69870301243,0,1
1372554120000,1372554179999,79759.69870301243,79759.69870301243,79759.69870301243,79759.69870301243,0,1
1372554180000,1372554239999,79759.69870301243,79759.69870301243,79759.69870301243,79759.69870301243,0,1
1372554240000,1372554299999,79759.69870301243,79759.69870301243,79759.69870301243,79759.69870301243,0,1
1372554300000,1372554359999,79759.69870301243,79759.69870301243,79759.69870301243,79759.69870301243,0,1
1372554360000,1372554419999,79759.69870301243,79759.69870301243,79759.69870301243,79759.69870301243,0,1
1372554420000,1372554479999,79759.69870301243,79759.69870301243,79759.69870301243,79759.69870301243,0,1
1372554480000,1372554539999,79759.69870301243,79759.69870301243,79759.69870301243,79759.69870301243,0,1
1372554540000,1372554599999,79759.69870301243,79759.69870301243,79759.69870301243,79759.69870301243,0,1
1372554600000,1372554659999,79759.69870301243,79759.69870301243,79759.69870301243,79759.69870301243,0,1
1372554660000,1372554719999,79759.69870301243,79759.69870301243,79759.69870301243,79759.69870301243,0,1
1372554720000,1372554779999,79759.69870301243,79759.69870301243,79759.69870301243,79759.69870301243,0,1
1372554780000,1372554839999,79759.69870301243,79759.69870301243,79759.69870301243,79759.69870301243,0,1
1372554840000,1372554899999,79759.69870301243,79759.69870301243,79759.69870301243,79759.69870301243,0,1
1372554900000,1372554959999,79759.69870301243,79759.69870301243,79759.69870301243,79759.69870301243,0,1
1372554960000,1372555019999,79759.69870301243,79759.69870301243,79759.69870301243,79759.69870301243,0,1
1372555020000,1372555079999,79759.69870301243,79759.69870301243,79759.69870301243,79759.69870301243,0,1
1372555080000,1372555139999,79759.69870301243,79759.69870301243,79759.69870301243,79759.69870301243,0,1
1372555140000,1372555199999,79759.69870301243,79759.69870301243,79759.69870301243,79759.69870301243,0,1
1372555200000,1372555259999,79759.69870301243,79759.69870301243,79759.69870301243,79759.69870301243,0,1
1372555260000,1372555319999,79759.69870301243,79759.69870301243,79759.69870301243,79759.69870301243,0,1
1372555320000,1372555379999,79759.69870301243,79759.69870301243,79759.69870301243,79759.69870301243,0,1
1372555380000,1372555439999,79759.69870301243,79759.69870301243,79759.69870301243,79759.69870301243,0,1
1372555440000,1372555499999,79759.69870301243,79759.69870301243,79759.69870301243,79759.69870301243,0,1
1372555500000,1372555559999,79759.69870301243,79759.69870301243,79759.69870301243,79759.69870301243,0,1
1372555560000,1372555619999,79759.69870301243,79759.69870301243,79759.69870301243,79759.69870301243,0,1
1372555620000,1372555679999,79759.69870301243,79759.69870301243,79759.69870301243,79759.69870301243,0,1
1372555680000,1372555739999,79759.69870301243,79759.69870301243,79759.69870301243,79759.69870301243,0,1
1372555740000,1372555799999,79759.69870301243,79759.69870301243,79759.69870301243,79759.69870301243,0,1
1372555800000,1372555859999,79759.69870301243,79759.69870301243,79759.69870301243,79759.69870301243,0,1
1372555860000,1372555919999,79759.69870301243,79759.69870301243,79759.69870301243,79759.69870301243,0,1
1372555920000,1372555979999,79759.69870301243,79759.69870301243,79759.69870301243,79759.69870301243,0,1
1372555980000,1372556039999,79759.69870301243,79759.69870301243,79759.69870301243,79759.69870301243,0,1
1372556040000,1372556099999,79759.69870301243,79759.69870301243,79759.69870301243,79759.69870301243,0,1
1372556100000,1372556159999,79759.69870301243,79759.69870301243,79759.69870301243,79759.69870301243,0,1
1372556160000,1372556219999,79759.69870301243,79759.69870301243,79759.69870301243,79759.69870301243,0,1
1372556220000,1372556279999,79759.69870301243,79759.69870301243,79759.69870301243,79759.69870301243,0,1
1372556280000,1372556339999,79759.69870301243,79759.69870301243,79759.69870301243,79759.69870301243,0,1
1372556340000,1372556399999,79759.69870301243,79759.69870301243,79759.69870301243,79759.69870301243,0,1
1372556400000,1372556459999,79759.69870301243,79759.69870301243,79759.69870301243,79759.69870301243,0,1
1372556460000,1372556519999,79759.69870301243,79759.69870301243,79759.69870301243,79759.69870301243,0,1
1372556520000,1372556579999,79759.69870301243,79759.69870301243,79759.69870301243,79759.69870301243,0,1
1372556580000,1372556639999,79759.69870301243,79759.69870301243,79759.69870301243,79759.69870301243,0,1
1372556640000,1372556699999,79759.69870301243,79759.69870301243,79759.69870301243,79759.69870301243,0,1
1372556700000,1372556759999,79759.69870301243,79759.69870301243,79759.69870301243,79759.69870301243,0,1
1372556760000,1372556819999,79759.69870301243,79759.69870301243,79759.69870301243,79759.69870301243,0,1
1372556820000,1372556879999,79759.69870301243,79759.69870301243,79759.69870301243,79759.69870301243,0,1
1372556880000,1372556939999,79759.69870301243,79759.69870301243,79759.69870301243,79759.69870301243,0,1
1372556940000,1372556999999,79759.69870301243,79759.69870301243,79759.69870301243,79759.69870301243,0,1
1372557000000,1372557059999,79759.69870301243,79759.69870301243,79759.69870301243,79759.69870301243,0,1
1372557060000,1372557119999,79759.69870301243,79759.69870301243,79759.69870301243,79759.69870301243,0,1
1372557120000,1372557179999,79759.69870301243,79759.69870301243,79759.69870301243,79759.69870301243,0,1
1372557180000,1372557239999,79759.69870301243,79759.69870301243,79759.69870301243,79759.69870301243,0,1
1372557240000,1372557299999,79759.69870301243,79759.69870301243,79759.69870301243,79759.69870301243,0,1
1372557300000,1372557359999,79759.69870301243,79759.69870301243,79759.69870301243,79759.69870301243,0,1
1372557360000,1372557419999,79759.69870301243,79759.69870301243,79759.69870301243,79759.69870301243,0,1
1372557420000,1372557479999,79759.69870301243,79759.69870301243,79759.69870301243,79759.69870301243,0,1
1372557480000,1372557539999,79759.69870301243,79759.69870301243,79759.69870301243,79759.69870301243,0,1
1372557540000,1372557599999,79759.69870301243,79759.69870301243,79759.69870301243,79759.69870301243,0,1
1372557600000,1372557659999,79759.69870301243,79759.69870301243,79759.69870301243,79759.69870301243,0,1
1372557660000,1372557719999,79759.69870301243,79759.69870301243,79759.69870301243,79759.69870301243,0,1
1372557720000,1372557779999,79759.69870301243,79759.69870301243,79759.69870301243,79759.69870301243,0,1
1372557780000,1372557839999,79759.69870301243,79759.69870301243,79759.69870301243,79759.69870301243,0,1
1372557840000,1372557899999,79759.69870301243,79759.69870301243,79759.69870301243,79759.69870301243,0,1
1372557900000,1372557959999,79759.69870301243,79759.69870301243,79759.69870301243,79759.69870301243,0,1
1372557960000,1372558019999,79759.69870301243,79759.69870301243,79759.69870301243,79759.69870301243,0,1
1372558020000,1372558079999,79759.69870301243,79759.69870301243,79759.69870301243,79759.69870301243,0,1
1372558080000,1372558139999,79759.69870301243,79759.69870301243,79759.69870301243,79759.69870301243,0,1
1372558140000,1372558199999,79759.69870301243,79759.69870301243,79759.69870301243,79759.69870301243,0,1
1372558200000,1372558259999,79759.69870301243,79759.69870301243,79759.69870301243,79759.69870301243,0,1
1372558260000,1372558319999,79759.69870301243,79759.69870301243,79759.69870301243,79759.69870301243,0,1
1372558320000,1372558379999,79759.69870301243,79759.69870301243,79759.69870301243,79759.69870301243,0,1
1372558380000,1372558439999,79759.69870301243,79759.69870301243,79759.69870301243,79759.69870301243,0,1
1372558440000,1372558499999,79759.69870301243,79759.69870301243,79759.69870301243,79759.69870301243,0,1
1372558500000,1372558559999,79759.69870301243,79759.69870301243,79759.69870301243,79759.69870301243,0,1
1372558560000,1372558619999,79759.69870301243,79759.69870301243,79759.69870301243,79759.69870301243,0,1
1372558620000,1372558679999,79759.69870301243,79759.69870301243,79759.69870301243,79759.69870301243,0,1
1372558680000,1372558739999,79759.69870301243,79759.69870301243,79759.69870301243,79759.69870301243,0,1
1372558740000,1372558799999,79759.69870301243,79759.69870301243,79759.69870301243,79759.69870301243,0,1
1372558800000,1372558859999,79759.69870301243,79759.69870301243,79759.69870301243,79759.69870301243,0,1
1372558860000,1372558919999,79759.69870301243,79759.69870301243,79759.69870301243,79759.69870301243,0,1
1372558920000,1372558979999,79759.69870301243,79759.69870301243,79759.69870301243,79759.69870301243,0,1
1372558980000,1372559039999,79759.69870301243,79759.69870301243,79759.69870301243,79759.69870301243,0,1
1372559040000,1372559099999,79759.69870301243,79759.69870301243,79759.69870301243,79759.69870301243,0,1
1372559100000,1372559159999,79759.69870301243,79759.69870301243,79759.69870301243,79759.69870301243,0,1
1372559160000,1372559219999,79759.69870301243,79759.69870301243,79759.69870301243,79759.69870301243,0,1
1372559220000,1372559279999,79759.69870301243,79759.69870301243,79759.69870301243,79759.69870301243,0,1
1372559280000,1372559339999,79759.69870301243,79759.69870301243,79759.69870301243,79759.69870301243,0,1
1372559340000,1372559399999,79759.69870301243,79759.69870301243,79759.69870301243,79759.69870301243,0,1
1372559400000,1372559459999,79759.69870301243,79759.69870301243,79759.69870301243,79759.69870301243,0,1
1372559460000,1372559519999,79759.69870301243,79759.69870301243,79759.69870301243,79759.69870301243,0,1
1372559520000,1372559579999,79759.69870301243,79759.69870301243,79759.69870301243,79759.69870301243,0,1
1372559580000,1372559639999,79759.69870301243,79759.69870301243,79759.69870301243,79759.69870301243,0,1
1372559640000,1372559699999,79759.69870301243,79759.69870301243,79759.69870301243,79759.69870301243,0,1
1372559700000,1372559759999,79759.69870301243,79759.69870301243,79759.69870301243,79759.69870301243,0,1
1372559760000,1372559819999,79759.69870301243,79759.69870301243,79759.69870301243,79759.69870301243,0,1
1372559820000,1372559879999,79759.69870301243,79759.69870301243,79759.69870301243,79759.69870301243,0,1
1372559880000,1372559939999,79759.69870301243,79759.69870301243,79759.69870301243,79759.69870301243,0,1
1372559940000,1372559999999,79759.69870301243,79759.69870301243,79759.69870301243,79759.69870301243,0,1
1372560000000,1372560059999,79759.69870301243,79759.69870301243,79759.69870301243,79759.69870301243,0,1
1372560060000,1372560119999,79759.69870301243,79759.69870301243,79759.69870301243,79759.69870301243,0,1
1372560120000,1372560179999,79759.69870301243,79759.69870301243,79759.69870301243,79759.69870301243,0,1
1372560180000,1372560239999,79759.69870301243,79759.69870301243,79759.69870301243,79759.69870301243,0,1
1372560240000,1372560299999,79759.69870301243,79759.69870301243,79759.69870301243,79759.69870301243,0,1
1372560300000,1372560359999,79759.69870301243,79759.69870301243,79759.69870301243,79759.69870301243,0,1
1372560360000,1372560419999,79759.69870301243,79759.69870301243,79759.69870301243,79759.69870301243,0,1
1372560420000,1372560479999,79759.69870301243,79759.69870301243,79759.69870301243,79759.69870301243,0,1
1372560480000,1372560539999,79759.69870301243,79759.69870301243,79759.69870301243,79759.69870301243,0,1
1372560540000,1372560599999,79759.69870301243,79759.69870301243,79759.69870301243,79759.69870301243,0,1
1372560600000,1372560659999,79759.69870301243,79759.69870301243,79759.69870301243,79759.69870301243,0,1
1372560660000,1372560719999,79759.69870301243,79759.69870301243,79759.69870301243,79759.69870301243,0,1
1372560720000,1372560779999,79759.69870301243,79759.69870301243,79759.69870301243,79759.69870301243,0,1
1372560780000,1372560839999,79759.69870301243,79759.69870301243,79759.69870301243,79759.69870301243,0,1
1372560840000,1372560899999,79759.69870301243,79759.69870301243,79759.69870301243,79759.69870301243,0,1
1372560900000,1372560959999,79759.69870301243,79759.69870301243,79759.69870301243,79759.69870301243,0,1
1372560960000,1372561019999,79759.69870301243,79759.69870301243,79759.69870301243,79759.69870301243,0,1
1372561020000,1372561079999,79759.69870301243,79759.69870301243,79759.69870301243,79759.69870301243,0,1
1372561080000,1372561139999,79759.69870301243,79759.69870301243,79759.69870301243,79759.69870301243,0,1
1372561140000,1372561199999,79759.69870301243,79759.69870301243,79759.69870301243,79759.69870301243,0,1
1372561200000,1372561259999,79759.69870301243,79759.69870301243,79759.69870301243,79759.69870301243,0,1
1372561260000,1372561319999,79759.69870301243,79759.69870301243,79759.69870301243,79759.69870301243,0,1
1372561320000,1372561379999,79759.69870301243,79759.69870301243,79759.69870301243,79759.69870301243,0,1
1372561380000,1372561439999,79759.69870301243,79759.69870301243,79759.69870301243,79759.69870301243,0,1
1372561440000,1372561499999,79759.69870301243,79759.69870301243,79759.69870301243,79759.69870301243,0,1
1372561500000,1372561559999,79759.69870301243,79759.69870301243,79759.69870301243,79759.69870301243,0,1
1372561560000,1372561619999,79759.69870301243,79759.69870301243,79759.69870301243,79759.69870301243,0,1
1372561620000,1372561679999,79759.69870301243,79759.69870301243,79759.69870301243,79759.69870301243,0,1
1372561680000,1372561739999,79759.69870301243,79759.69870301243,79759.69870301243,79759.69870301243,0,1
1372561740000,1372561799999,79759.69870301243,79759.69870301243,79759.69870301243,79759.69870301243,0,1
1372561800000,1372561859999,79759.69870301243,79759.69870301243,79759.69870301243,79759.69870301243,0,1
1372561860000,1372561919999,79759.69870301243,79759.69870301243,79759.69870301243,79759.69870301243,0,1
1372561920000,1372561979999,79759.69870301243,79759.69870301243,79759.69870301243,79759.69870301243,0,1
1372561980000,1372562039999,79759.69870301243,79759.69870301243,79759.69870301243,79759.69870301243,0,1
1372562040000,1372562099999,79759.69870301243,79759.69870301243,79759.69870301243,79759.69870301243,0,1
1372562100000,1372562159999,79759.69870301243,79759.69870301243,79759.69870301243,79759.69870301243,0,1
1372562160000,1372562219999,79759.69870301243,79759.69870301243,79759.69870301243,79759.69870301243,0,1
1372562220000,1372562279999,79759.69870301243,79759.69870301243,79759.69870301243,79759.69870301243,0,1
1372562280000,1372562339999,79759.69870301243,79759.69870301243,79759.69870301243,79759.69870301243,0,1
1372562340000,1372562399999,79759.69870301243,79759.69870301243,79759.69870301243,79759.69870301243,0,1
1372562400000,1372562459999,79759.69870301243,79759.69870301243,79759.69870301243,79759.69870301243,0,1
1372562460000,1372562519999,79759.69870301243,79759.69870301243,79759.69870301243,79759.69870301243,0,1
1372562520000,1372562579999,79759.69870301243,79759.69870301243,79759.69870301243,79759.69870301243,0,1
1372562580000,1372562639999,79759.69870301243,79759.69870301243,79759.69870301243,79759.69870301243,0,1
1372562640000,1372562699999,79759.69870301243,79759.69870301243,79759.69870301243,79759.69870301243,0,1
1372562700000,1372562759999,79759.69870301243,79759.69870301243,79759.69870301243,79759.69870301243,0,1
1372562760000,1372562819999,79759.69870301243,79759.69870301243,79759.69870301243,79759.69870301243,0,1
1372562820000,1372562879999,79759.69870301243,79759.69870301243,79759.69870301243,79759.69870301243,0,1
1372562880000,1372562939999,79759.69870301243,79759.69870301243,79759.69870301243,79759.69870301243,0,1
1372562940000,1372562999999,79759.69870301243,79759.69870301243,79759.69870301243,79759.69870301243,0,1
1372563000000,1372563059999,79759.69870301243,79759.69870301243,79759.69870301243,79759.69870301243,0,1
1372563060000,1372563119999,79759.69870301243,79759.69870301243,79759.69870301243,79759.69870301243,0,1
1372563120000,1372563179999,79759.69870301243,79759.69870301243,79759.69870301243,79759.69870301243,0,1
1372563180000,1372563239999,79759.69870301243,79759.69870301243,79759.69870301243,79759.69870301243,0,1
1372563240000,1372563299999,79759.69870301243,79759.69870301243,79759.69870301243,79759.69870301243,0,1
1372563300000,1372563359999,79759.69870301243,79759.69870301243,79759.69870301243,79759.69870301243,0,1
1372563360000,1372563419999,79759.69870301243,79759.69870301243,79759.69870301243,79759.69870301243,0,1
1372563420000,1372563479999,79759.69870301243,79759.69870301243,79759.69870301243,79759.69870301243,0,1
1372563480000,1372563539999,79759.69870301243,79759.69870301243,79759.69870301243,79759.69870301243,0,1
1372563540000,1372563599999,79759.69870301243,79759.69870301243,79759.69870301243,79759.69870301243,0,1
1372563600000,1372563659999,79759.69870301243,79759.69870301243,79759.69870301243,79759.69870301243,0,1
1372563660000,1372563719999,79759.69870301243,79759.69870301243,79759.69870301243,79759.69870301243,0,1
1372563720000,1372563779999,79759.69870301243,79759.69870301243,79759.69870301243,79759.69870301243,0,1
1372563780000,1372563839999,79759.69870301243,79759.69870301243,79759.69870301243,79759.69870301243,0,1
1372563840000,1372563899999,79759.69870301243,79759.69870301243,79759.69870301243,79759.69870301243,0,1
1372563900000,1372563959999,79759.69870301243,79759.69870301243,79759.69870301243,79759.69870301243,0,1
1372563960000,1372564019999,79759.69870301243,79759.69870301243,79759.69870301243,79759.69870301243,0,1
1372564020000,1372564079999,79759.69870301243,79759.69870301243,79759.69870301243,79759.69870301243,0,1
1372564080000,1372564139999,79759.69870301243,79759.69870301243,79759.69870301243,79759.69870301243,0,1
1372564140000,1372564199999,79759.69870301243,79759.69870301243,79759.69870301243,79759.69870301243,0,1
1372564200000,1372564259999,79759.69870301243,79759.69870301243,79759.69870301243,79759.69870301243,0,1
1372564260000,1372564319999,79759.69870301243,79759.69870301243,79759.69870301243,79759.69870301243,0,1
1372564320000,1372564379999,79759.69870301243,79759.69870301243,79759.69870301243,79759.69870301243,0,1
1372564380000,1372564439999,79759.69870301243,79759.69870301243,79759.69870301243,79759.69870301243,0,1
1372564440000,1372564499999,79759.69870301243,79759.69870301243,79759.69870301243,79759.69870301243,0,1
1372564500000,1372564559999,79759.69870301243,79759.69870301243,79759.69870301243,79759.69870301243,0,1
1372564560000,1372564619999,79759.69870301243,79759.69870301243,79759.69870301243,79759.69870301243,0,1
1372564620000,1372564679999,79759.69870301243,79759.69870301243,79759.69870301243,79759.69870301243,0,1
1372564680000,1372564739999,79759.69870301243,79759.69870301243,79759.69870301243,79759.69870301243,0,1
1372564740000,1372564799999,79759.69870301243,79759.69870301243,79759.69870301243,79759.69870301243,0,1
1372564800000,1372564859999,79759.69870301243,79759.69870301243,79759.69870301243,79759.69870301243,0,1
1372564860000,1372564919999,79759.69870301243,79759.69870301243,79759.69870301243,79759.69870301243,0,1
1372564920000,1372564979999,79759.69870301243,79759.69870301243,79759.69870301243,79759.69870301243,0,1
1372564980000,1372565039999,79759.69870301243,79759.69870301243,79759.69870301243,79759.69870301243,0,1
1372565040000,1372565099999,79759.69870301243,79759.69870301243,79759.69870301243,79759.69870301243,0,1
1372565100000,1372565159999,79759.69870301243,79759.69870301243,79759.69870301243,79759.69870301243,0,1
1372565160000,1372565219999,79759.69870301243,79759.69870301243,79759.69870301243,79759.69870301243,0,1
1372565220000,1372565279999,79759.69870301243,79759.69870301243,79759.69870301243,79759.69870301243,0,1
1372565280000,1372565339999,79759.69870301243,79759.69870301243,79759.69870301243,79759.69870301243,0,1
1372565340000,1372565399999,79759.69870301243,79759.69870301243,79759.69870301243,79759.69870301243,0,1
1372565400000,1372565459999,79759.69870301243,79759.69870301243,79759.69870301243,79759.69870301243,0,1
1372565460000,1372565519999,79759.69870301243,79759.69870301243,79759.69870301243,79759.69870301243,0,1
1372565520000,1372565579999,79759.69870301243,79759.69870301243,79759.69870301243,79759.69870301243,0,1
1372565580000,1372565639999,79759.69870301243,79759.69870301243,79759.69870301243,79759.69870301243,0,1
1372565640000,1372565699999,79759.69870301243,79759.69870301243,79759.69870301243,79759.69870301243,0,1
1372565700000,1372565759999,79759.69870301243,79759.69870301243,79759.69870301243,79759.69870301243,0,1
1372565760000,1372565819999,79759.69870301243,79759.69870301243,79759.69870301243,79759.69870301243,0,1
1372565820000,1372565879999,79759.69870301243,79759.69870301243,79759.69870301243,79759.69870301243,0,1
1372565880000,1372565939999,79759.69870301243,79759.69870301243,79759.69870301243,79759.69870301243,0,1
1372565940000,1372565999999,79759.69870301243,79759.69870301243,79759.69870301243,79759.69870301243,0,1
1372566000000,1372566059999,79759.69870301243,79759.69870301243,79759.69870301243,79759.69870301243,0,1
1372566060000,1372566119999,79759.69870301243,79759.69870301243,79759.69870301243,79759.69870301243,0,1
1372566120000,1372566179999,79759.69870301243,79759.69870301243,79759.69870301243,79759.69870301243,0,1
1372566180000,1372566239999,79759.69870301243,79759.69870301243,79759.69870301243,79759.69870301243,0,1
1372566240000,1372566299999,79759.69870301243,79759.69870301243,79759.69870301243,79759.69870301243,0,1
1372566300000,1372566359999,79759.69870301243,79759.69870301243,79759.69870301243,79759.69870301243,0,1
1372566360000,1372566419999,79759.69870301243,79759.69870301243,79759.69870301243,79759.69870301243,0,1
1372566420000,1372566479999,79759.69870301243,79759.69870301243,79759.69870301243,79759.69870301243,0,1
1372566480000,1372566539999,79759.69870301243,79759.69870301243,79759.69870301243,79759.69870301243,0,1
1372566540000,1372566599999,79759.69870301243,79759.69870301243,79759.69870301243,79759.69870301243,0,1
1372566600000,1372566659999,79759.69870301243,79759.69870301243,79759.69870301243,79759.69870301243,0,1
1372566660000,1372566719999,79759.69870301243,79759.69870301243,79759.69870301243,79759.69870301243,0,1
1372566720000,1372566779999,79759.69870301243,79759.69870301243,79759.69870301243,79759.69870301243,0,1
1372566780000,1372566839999,79759.69870301243,79759.69870301243,79759.69870301243,79759.69870301243,0,1
1372566840000,1372566899999,79759.69870301243,79759.69870301243,79759.69870301243,79759.69870301243,0,1
1372566900000,1372566959999,79759.69870301243,79759.69870301243,79759.69870301243,79759.69870301243,0,1
1372566960000,1372567019999,79759.69870301243,79759.69870301243,79759.69870301243,79759.69870301243,0,1
1372567020000,1372567079999,79759.69870301243,79759.69870301243,79759.69870301243,79759.69870301243,0,1
1372567080000,1372567139999,79759.69870301243,79759.69870301243,79759.69870301243,79759.69870301243,0,1
1372567140000,1372567199999,79759.69870301243,79759.69870301243,79759.69870301243,79759.69870301243,0,1
1372567200000,1372567259999,79759.69870301243,79759.69870301243,79759.69870301243,79759.69870301243,0,1
1372567260000,1372567319999,79759.69870301243,79759.69870301243,79759.69870301243,79759.69870301243,0,1
1372567320000,1372567379999,79759.69870301243,79759.69870301243,79759.69870301243,79759.69870301243,0,1
1372567380000,1372567439999,79759.69870301243,79759.69870301243,79759.69870301243,79759.69870301243,0,1
1372567440000,1372567499999,79759.69870301243,79759.69870301243,79759.69870301243,79759.69870301243,0,1
1372567500000,1372567559999,79759.69870301243,79759.69870301243,79759.69870301243,79759.69870301243,0,1
1372567560000,1372567619999,79759.69870301243,79759.69870301243,79759.69870301243,79759.69870301243,0,1
1372567620000,1372567679999,79759.69870301243,79759.69870301243,79759.69870301243,79759.69870301243,0,1
1372567680000,1372567739999,79759.69870301243,79759.69870301243,79759.69870301243,79759.69870301243,0,1
1372567740000,1372567799999,79759.69870301243,79759.69870301243,79759.69870301243,79759.69870301243,0,1
1372567800000,1372567859999,79759.69870301243,79759.69870301243,79759.69870301243,79759.69870301243,0,1
1372567860000,1372567919999,79759.69870301243,79759.69870301243,79759.69870301243,79759.69870301243,0,1
1372567920000,1372567979999,79759.69870301243,79759.69870301243,79759.69870301243,79759.69870301243,0,1
1372567980000,1372568039999,79759.69870301243,79759.69870301243,79759.69870301243,79759.69870301243,0,1
1372568040000,1372568099999,79759.69870301243,79759.69870301243,79759.69870301243,79759.69870301243,0,1
1372568100000,1372568159999,79759.69870301243,79759.69870301243,79759.69870301243,79759.69870301243,0,1
1372568160000,1372568219999,79759.69870301243,79759.69870301243,79759.69870301243,79759.69870301243,0,1
1372568220000,1372568279999,79759.69870301243,79759.69870301243,79759.69870301243,79759.69870301243,0,1
1372568280000,1372568339999,79759.69870301243,79759.69870301243,79759.69870301243,79759.69870301243,0,1
1372568340000,1372568399999,79759.69870301243,79759.69870301243,79759.69870301243,79759.69870301243,0,1
1372568400000,1372568459999,79759.69870301243,79759.69870301243,79759.69870301243,79759.69870301243,0,1
1372568460000,1372568519999,79759.69870301243,79759.69870301243,79759.69870301243,79759.69870301243,0,1
1372568520000,1372568579999,79759.69870301243,79759.69870301243,79759.69870301243,79759.69870301243,0,1
1372568580000,1372568639999,79759.69870301243,79759.69870301243,79759.69870301243,79759.69870301243,0,1
1372568640000,1372568699999,79759.69870301243,79759.69870301243,79759.69870301243,79759.69870301243,0,1
1372568700000,1372568759999,79759.69870301243,79759.69870301243,79759.69870301243,79759.69870301243,0,1
1372568760000,1372568819999,79759.69870301243,79759.69870301243,79759.69870301243,79759.69870301243,0,1
1372568820000,1372568879999,79759.69870301243,79759.69870301243,79759.69870301243,79759.69870301243,0,1
1372568880000,1372568939999,79759.69870301243,79759.69870301243,79759.69870301243,79759.69870301243,0,1
1372568940000,1372568999999,79759.69870301243,79759.69870301243,79759.69870301243,79759.69870301243,0,1
1372569000000,1372569059999,79759.69870301243,79759.69870301243,79759.69870301243,79759.69870301243,0,1
1372569060000,1372569119999,79759.69870301243,79759.69870301243,79759.69870301243,79759.69870301243,0,1
1372569120000,1372569179999,79759.69870301243,79759.69870301243,79759.69870301243,79759.69870301243,0,1
1372569180000,1372569239999,79759.69870301243,79759.69870301243,79759.69870301243,79759.69870301243,0,1
1372569240000,1372569299999,79759.69870301243,79759.69870301243,79759.69870301243,79759.69870301243,0,1
1372569300000,1372569359999,79759.69870301243,79759.69870301243,79759.69870301243,79759.69870301243,0,1
1372569360000,1372569419999,79759.69870301243,79759.69870301243,79759.69870301243,79759.69870301243,0,1
1372569420000,1372569479999,79759.69870301243,79759.69870301243,79759.69870301243,79759.69870301243,0,1
1372569480000,1372569539999,79759.69870301243,79759.69870301243,79759.69870301243,79759.69870301243,0,1
1372569540000,1372569599999,79759.69870301243,79759.69870301243,79759.69870301243,79759.69870301243,0,1
1372569600000,1372569659999,79759.69870301243,79759.69870301243,79759.69870301243,79759.69870301243,0,1
1372569660000,1372569719999,79759.69870301243,79759.69870301243,79759.69870301243,79759.69870301243,0,1
1372569720000,1372569779999,79759.69870301243,79759.69870301243,79759.69870301243,79759.69870301243,0,1
1372569780000,1372569839999,79759.69870301243,79759.69870301243,79759.69870301243,79759.69870301243,0,1
1372569840000,1372569899999,79759.69870301243,79759.69870301243,79759.69870301243,79759.69870301243,0,1
1372569900000,1372569959999,79759.69870301243,79759.69870301243,79759.69870301243,79759.69870301243,0,1
1372569960000,1372570019999,79759.69870301243,79759.69870301243,79759.69870301243,79759.69870301243,0,1
1372570020000,1372570079999,79759.69870301243,79759.69870301243,79759.69870301243,79759.69870301243,0,1
1372570080000,1372570139999,79759.69870301243,79759.69870301243,79759.69870301243,79759.69870301243,0,1
1372570140000,1372570199999,79759.69870301243,79759.69870301243,79759.69870301243,79759.69870301243,0,1
1372570200000,1372570259999,79759.69870301243,79759.69870301243,79759.69870301243,79759.69870301243,0,1
1372570260000,1372570319999,79759.69870301243,79759.69870301243,79759.69870301243,79759.69870301243,0,1
1372570320000,1372570379999,79759.69870301243,79759.69870301243,79759.69870301243,79759.69870301243,0,1
1372570380000,1372570439999,79759.69870301243,79759.69870301243,79759.69870301243,79759.69870301243,0,1
1372570440000,1372570499999,79759.69870301243,79759.69870301243,79759.69870301243,79759.69870301243,0,1
1372570500000,1372570559999,79759.69870301243,79759.69870301243,79759.69870301243,79759.69870301243,0,1
1372570560000,1372570619999,79759.69870301243,79759.69870301243,79759.69870301243,79759.69870301243,0,1
1372570620000,1372570679999,79759.69870301243,79759.69870301243,79759.69870301243,79759.69870301243,0,1
1372570680000,1372570739999,79759.69870301243,79759.69870301243,79759.69870301243,79759.69870301243,0,1
1372570740000,1372570799999,79759.69870301243,79759.69870301243,79759.69870301243,79759.69870301243,0,1
1372570800000,1372570859999,79759.69870301243,79759.69870301243,79759.69870301243,79759.69870301243,0,1
1372570860000,1372570919999,79759.69870301243,79759.69870301243,79759.69870301243,79759.69870301243,0,1
1372570920000,1372570979999,79759.69870301243,79759.69870301243,79759.69870301243,79759.69870301243,0,1
1372570980000,1372571039999,79759.69870301243,79759.69870301243,79759.69870301243,79759.69870301243,0,1
1372571040000,1372571099999,79759.69870301243,79759.69870301243,79759.69870301243,79759.69870301243,0,1
1372571100000,1372571159999,79759.69870301243,79759.69870301243,79759.69870301243,79759.69870301243,0,1
1372571160000,1372571219999,79759.69870301243,79759.69870301243,79759.69870301243,79759.69870301243,0,1
1372571220000,1372571279999,79759.69870301243,79759.69870301243,79759.69870301243,79759.69870301243,0,1
1372571280000,1372571339999,79759.69870301243,79759.69870301243,79759.69870301243,79759.69870301243,0,1
1372571340000,1372571399999,79759.69870301243,79759.69870301243,79759.69870301243,79759.69870301243,0,1
1372571400000,1372571459999,79759.69870301243,79759.69870301243,79759.69870301243,79759.69870301243,0,1
1372571460000,1372571519999,79759.69870301243,79759.69870301243,79759.69870301243,79759.69870301243,0,1
1372571520000,1372571579999,79759.69870301243,79759.69870301243,79759.69870301243,79759.69870301243,0,1
1372571580000,1372571639999,79759.69870301243,79759.69870301243,79759.69870301243,79759.69870301243,0,1
1372571640000,1372571699999,79759.69870301243,79759.69870301243,79759.69870301243,79759.69870301243,0,1
1372571700000,1372571759999,79759.69870301243,79759.69870301243,79759.69870301243,79759.69870301243,0,1
1372571760000,1372571819999,79759.69870301243,79759.69870301243,79759.69870301243,79759.69870301243,0,1
1372571820000,1372571879999,79759.69870301243,79759.69870301243,79759.69870301243,79759.69870301243,0,1
1372571880000,1372571939999,79759.69870301243,79759.69870301243,79759.69870301243,79759.69870301243,0,1
1372571940000,1372571999999,79759.69870301243,79759.69870301243,79759.69870301243,79759.69870301243,0,1
1372572000000,1372572059999,79759.69870301243,79759.69870301243,79759.69870301243,79759.69870301243,0,1
1372572060000,1372572119999,79759.69870301243,79759.69870301243,79759.69870301243,79759.69870301243,0,1
1372572120000,1372572179999,79759.69870301243,79759.69870301243,79759.69870301243,79759.69870301243,0,1
1372572180000,1372572239999,79759.69870301243,79759.69870301243,79759.69870301243,79759.69870301243,0,1
1372572240000,1372572299999,79759.69870301243,79759.69870301243,79759.69870301243,79759.69870301243,0,1
1372572300000,1372572359999,79759.69870301243,79759.69870301243,79759.69870301243,79759.69870301243,0,1
1372572360000,1372572419999,79759.69870301243,79759.69870301243,79759.69870301243,79759.69870301243,0,1
1372572420000,1372572479999,79759.69870301243,79759.69870301243,79759.69870301243,79759.69870301243,0,1
1372572480000,1372572539999,79759.69870301243,79759.69870301243,79759.69870301243,79759.69870301243,0,1
1372572540000,1372572599999,79759.69870301243,79759.69870301243,79759.69870301243,79759.69870301243,0,1
1372572600000,1372572659999,79759.69870301243,79759.69870301243,79759.69870301243,79759.69870301243,0,1
1372572660000,1372572719999,79759.69870301243,79759.69870301243,79759.69870301243,79759.69870301243,0,1
1372572720000,1372572779999,79759.69870301243,79759.69870301243,79759.69870301243,79759.69870301243,0,1
1372572780000,1372572839999,79759.69870301243,79759.69870301243,79759.69870301243,79759.69870301243,0,1
1372572840000,1372572899999,79759.69870301243,79759.69870301243,79759.69870301243,79759.69870301243,0,1
1372572900000,1372572959999,79759.69870301243,79759.69870301243,79759.69870301243,79759.69870301243,0,1
1372572960000,1372573019999,79759.69870301243,79759.69870301243,79759.69870301243,79759.69870301243,0,1
1372573020000,1372573079999,79759.69870301243,79759.69870301243,79759.69870301243,79759.69870301243,0,1
1372573080000,1372573139999,79759.69870301243,79759.69870301243,79759.69870301243,79759.69870301243,0,1
1372573140000,1372573199999,79759.69870301243,79759.69870301243,79759.69870301243,79759.69870301243,0,1
1372573200000,1372573259999,79759.69870301243,79759.69870301243,79759.69870301243,79759.69870301243,0,1
1372573260000,1372573319999,79759.69870301243,79759.69870301243,79759.69870301243,79759.69870301243,0,1
1372573320000,1372573379999,79759.69870301243,79759.69870301243,79759.69870301243,79759.69870301243,0,1
1372573380000,1372573439999,79759.69870301243,79759.69870301243,79759.69870301243,79759.69870301243,0,1
1372573440000,1372573499999,79759.69870301243,79759.69870301243,79759.69870301243,79759.69870301243,0,1
1372573500000,1372573559999,79759.69870301243,79759.69870301243,79759.69870301243,79759.69870301243,0,1
1372573560000,1372573619999,79759.69870301243,79759.69870301243,79759.69870301243,79759.69870301243,0,1
1372573620000,1372573679999,79759.69870301243,79759.69870301243,79759.69870301243,79759.69870301243,0,1
1372573680000,1372573739999,79759.69870301243,79759.69870301243,79759.69870301243,79759.69870301243,0,1
1372573740000,1372573799999,79759.69870301243,79759.69870301243,79759.69870301243,79759.69870301243,0,1
1372573800000,1372573859999,79759.69870301243,79759.69870301243,79759.69870301243,79759.69870301243,0,1
1372573860000,1372573919999,79759.69870301243,79759.69870301243,79759.69870301243,79759.69870301243,0,1
1372573920000,1372573979999,79759.69870301243,79759.69870301243,79759.69870301243,79759.69870301243,0,1
1372573980000,1372574039999,79759.69870301243,79759.69870301243,79759.69870301243,79759.69870301243,0,1
1372574040000,1372574099999,79759.69870301243,79759.69870301243,79759.69870301243,79759.69870301243,0,1
1372574100000,1372574159999,79759.69870301243,79759.69870301243,79759.69870301243,79759.69870301243,0,1
1372574160000,1372574219999,79759.69870301243,79759.69870301243,79759.69870301243,79759.69870301243,0,1
1372574220000,1372574279999,79759.69870301243,79759.69870301243,79759.69870301243,79759.69870301243,0,1
1372574280000,1372574339999,79759.69870301243,79759.69870301243,79759.69870301243,79759.69870301243,0,1
1372574340000,1372574399999,79759.69870301243,79759.69870301243,79759.69870301243,79759.69870301243,0,1
1372574400000,1372574459999,79759.69870301243,79759.69870301243,79759.69870301243,79759.69870301243,0,1
1372574460000,1372574519999,79759.69870301243,79759.69870301243,79759.69870301243,79759.69870301243,0,1
1372574520000,1372574579999,79759.69870301243,79759.69870301243,79759.69870301243,79759.69870301243,0,1
1372574580000,1372574639999,79759.69870301243,79759.69870301243,79759.69870301243,79759.69870301243,0,1
1372574640000,1372574699999,79759.69870301243,79759.69870301243,79759.69870301243,79759.69870301243,0,1
1372574700000,1372574759999,79759.69870301243,79759.69870301243,79759.69870301243,79759.69870301243,0,1
1372574760000,1372574819999,79759.69870301243,79759.69870301243,79759.69870301243,79759.69870301243,0,1
1372574820000,1372574879999,79759.69870301243,79759.69870301243,79759.69870301243,79759.69870301243,0,1
1372574880000,1372574939999,79759.69870301243,79759.69870301243,79759.69870301243,79759.69870301243,0,1
1372574940000,1372574999999,79759.69870301243,79759.69870301243,79759.69870301243,79759.69870301243,0,1
1372575000000,1372575059999,79759.69870301243,79759.69870301243,79759.69870301243,79759.69870301243,0,1
1372575060000,1372575119999,79759.69870301243,79759.69870301243,79759.69870301243,79759.69870301243,0,1
1372575120000,1372575179999,79759.69870301243,79759.69870301243,79759.69870301243,79759.69870301243,0,1
1372575180000,1372575239999,79759.69870301243,79759.69870301243,79759.69870301243,79759.69870301243,0,1
1372575240000,1372575299999,79759.69870301243,79759.69870301243,79759.69870301243,79759.69870301243,0,1
1372575300000,1372575359999,79759.69870301243,79759.69870301243,79759.69870301243,79759.69870301243,0,1
1372575360000,1372575419999,79759.69870301243,79759.69870301243,79759.69870301243,79759.69870301243,0,1
1372575420000,1372575479999,79759.69870301243,79759.69870301243,79759.69870301243,79759.69870301243,0,1
1372575480000,1372575539999,79759.69870301243,79759.69870301243,79759.69870301243,79759.69870301243,0,1
1372575540000,1372575599999,79759.69870301243,79759.69870301243,79759.69870301243,79759.69870301243,0,1
1372575600000,1372575659999,79759.69870301243,79759.69870301243,79759.69870301243,79759.69870301243,0,1
1372575660000,1372575719999,79759.69870301243,79759.69870301243,79759.69870301243,79759.69870301243,0,1
1372575720000,1372575779999,79759.69870301243,79759.69870301243,79759.69870301243,79759.69870301243,0,1
1372575780000,1372575839999,79759.69870301243,79759.69870301243,79759.69870301243,79759.69870301243,0,1
1372575840000,1372575899999,79759.69870301243,79759.69870301243,79759.69870301243,79759.69870301243,0,1
1372575900000,1372575959999,79759.69870301243,79759.69870301243,79759.69870301243,79759.69870301243,0,1
1372575960000,1372576019999,79759.69870301243,79759.69870301243,79759.69870301243,79759.69870301243,0,1
1372576020000,1372576079999,79759.69870301243,79759.69870301243,79759.69870301243,79759.69870301243,0,1
1372576080000,1372576139999,79759.69870301243,79759.69870301243,79759.69870301243,79759.69870301243,0,1
1372576140000,1372576199999,79759.69870301243,79759.69870301243,79759.69870301243,79759.69870301243,0,1
1372576200000,1372576259999,79759.69870301243,79759.69870301243,79759.69870301243,79759.69870301243,0,1
1372576260000,1372576319999,79759.69870301243,79759.69870301243,79759.69870301243,79759.69870301243,0,1
1372576320000,1372576379999,79759.69870301243,79759.69870301243,79759.69870301243,79759.69870301243,0,1
1372576380000,1372576439999,79759.69870301243,79759.69870301243,79759.69870301243,79759.69870301243,0,1
1372576440000,1372576499999,79759.69870301243,79759.69870301243,79759.69870301243,79759.69870301243,0,1
1372576500000,1372576559999,79759.69870301243,79759.69870301243,79759.69870301243,79759.69870301243,0,1
1372576560000,1372576619999,79759.69870301243,79759.69870301243,79759.69870301243,79759.69870301243,0,1
1372576620000,1372576679999,79759.69870301243,79759.69870301243,79759.69870301243,79759.69870301243,0,1
1372576680000,1372576739999,79759.69870301243,79759.69870301243,79759.69870301243,79759.69870301243,0,1
1372576740000,1372576799999,79759.69870301243,79759.69870301243,79759.69870301243,79759.69870301243,0,1
1372576800000,1372576859999,79759.69870301243,79759.69870301243,79759.69870301243,79759.69870301243,0,1
1372576860000,1372576919999,79759.69870301243,79759.69870301243,79759.69870301243,79759.69870301243,0,1
1372576920000,1372576979999,79759.69870301243,79759.69870301243,79759.69870301243,79759.69870301243,0,1
1372576980000,1372577039999,79759.69870301243,79759.69870301243,79759.69870301243,79759.69870301243,0,1
1372577040000,1372577099999,79759.69870301243,79759.69870301243,79759.69870301243,79759.69870301243,0,1
1372577100000,1372577159999,79759.69870301243,79759.69870301243,79759.69870301243,79759.69870301243,0,1
1372577160000,1372577219999,79759.69870301243,79759.69870301243,79759.69870301243,79759.69870301243,0,1
1372577220000,1372577279999,79759.69870301243,79759.69870301243,79759.69870301243,79759.69870301243,0,1
1372577280000,1372577339999,79759.69870301243,79759.69870301243,79759.69870301243,79759.69870301243,0,1
1372577340000,1372577399999,79759.69870301243,79759.69870301243,79759.69870301243,79759.69870301243,0,1
1372577400000,1372577459999,79759.69870301243,79759.69870301243,79759.69870301243,79759.69870301243,0,1
1372577460000,1372577519999,79759.69870301243,79759.69870301243,79759.69870301243,79759.69870301243,0,1
1372577520000,1372577579999,79759.69870301243,79759.69870301243,79759.69870301243,79759.69870301243,0,1
1372577580000,1372577639999,79759.69870301243,79759.69870301243,79759.69870301243,79759.69870301243,0,1
1372577640000,1372577699999,79759.69870301243,79759.69870301243,79759.69870301243,79759.69870301243,0,1
1372577700000,1372577759999,79759.69870301243,79759.69870301243,79759.69870301243,79759.69870301243,0,1
1372577760000,1372577819999,79759.69870301243,79759.69870301243,79759.69870301243,79759.69870301243,0,1
1372577820000,1372577879999,79759.69870301243,79759.69870301243,79759.69870301243,79759.69870301243,0,1
1372577880000,1372577939999,79759.69870301243,79759.69870301243,79759.69870301243,79759.69870301243,0,1
1372577940000,1372577999999,79759.69870301243,79759.69870301243,79759.69870301243,79759.69870301243,0,1
1372578000000,1372578059999,79759.69870301243,79759.69870301243,79759.69870301243,79759.69870301243,0,1
1372578060000,1372578119999,79759.69870301243,79759.69870301243,79759.69870301243,79759.69870301243,0,1
1372578120000,1372578179999,79759.69870301243,79759.69870301243,79759.69870301243,79759.69870301243,0,1
1372578180000,1372578239999,79759.69870301243,79759.69870301243,79759.69870301243,79759.69870301243,0,1
1372578240000,1372578299999,79759.69870301243,79759.69870301243,79759.69870301243,79759.69870301243,0,1
1372578300000,1372578359999,79759.69870301243,79759.69870301243,79759.69870301243,79759.69870301243,0,1
1372578360000,1372578419999,79759.69870301243,79759.69870301243,79759.69870301243,79759.69870301243,0,1
1372578420000,1372578479999,79759.69870301243,79759.69870301243,79759.69870301243,79759.69870301243,0,1
1372578480000,1372578539999,79759.69870301243,79759.69870301243,79759.69870301243,79759.69870301243,0,1
1372578540000,1372578599999,79759.69870301243,79759.69870301243,79759.69870301243,79759.69870301243,0,1
1372578600000,1372578659999,79759.69870301243,79759.69870301243,79759.69870301243,79759.69870301243,0,1
1372578660000,1372578719999,79759.69870301243,79759.69870301243,79759.69870301243,79759.69870301243,0,1
1372578720000,1372578779999,79759.69870301243,79759.69870301243,79759.69870301243,79759.69870301243,0,1
1372578780000,1372578839999,79759.69870301243,79759.69870301243,79759.69870301243,79759.69870301243,0,1
1372578840000,1372578899999,79759.69870301243,79759.69870301243,79759.69870301243,79759.69870301243,0,1
1372578900000,1372578959999,79759.69870301243,79759.69870301243,79759.69870301243,79759.69870301243,0,1
1372578960000,1372579019999,79759.69870301243,79759.69870301243,79759.69870301243,79759.69870301243,0,1
1372579020000,1372579079999,79759.69870301243,79759.69870301243,79759.69870301243,79759.69870301243,0,1
1372579080000,1372579139999,79759.69870301243,79759.69870301243,79759.69870301243,79759.69870301243,0,1
1372579140000,1372579199999,79759.69870301243,79759.69870301243,79759.69870301243,79759.69870301243,0,1
1372579200000,1372579259999,79759.69870301243,79759.69870301243,79759.69870301243,79759.69870301243,0,1
1372579260000,1372579319999,79759.69870301243,79759.69870301243,79759.69870301243,79759.69870301243,0,1
1372579320000,1372579379999,79759.69870301243,79759.69870301243,79759.69870301243,79759.69870301243,0,1
1372579380000,1372579439999,79759.69870301243,79759.69870301243,79759.69870301243,79759.69870301243,0,1
1372579440000,1372579499999,79759.69870301243,79759.69870301243,79759.69870301243,79759.69870301243,0,1
1372579500000,1372579559999,79759.69870301243,79759.69870301243,79759.69870301243,79759.69870301243,0,1
1372579560000,1372579619999,79759.69870301243,79759.69870301243,79759.69870301243,79759.69870301243,0,1
1372579620000,1372579679999,79759.69870301243,79759.69870301243,79759.69870301243,79759.69870301243,0,1
1372579680000,1372579739999,79759.69870301243,79759.69870301243,79759.69870301243,79759.69870301243,0,1
1372579740000,1372579799999,79759.69870301243,79759.69870301243,79759.69870301243,79759.69870301243,0,1
1372579800000,1372579859999,79759.69870301243,79759.69870301243,79759.69870301243,79759.69870301243,0,1
1372579860000,1372579919999,79759.69870301243,79759.69870301243,79759.69870301243,79759.69870301243,0,1
1372579920000,1372579979999,79759.69870301243,79759.69870301243,79759.69870301243,79759.69870301243,0,1
1372579980000,1372580039999,79759.69870301243,79759.69870301243,79759.69870301243,79759.69870301243,0,1
1372580040000,1372580099999,79759.69870301243,79759.69870301243,79759.69870301243,79759.69870301243,0,1
1372580100000,1372580159999,79759.69870301243,79759.69870301243,79759.69870301243,79759.69870301243,0,1
1372580160000,1372580219999,79759.69870301243,79759.69870301243,79759.69870301243,79759.69870301243,0,1
1372580220000,1372580279999,79759.69870301243,79759.69870301243,79759.69870301243,79759.69870301243,0,1
1372580280000,1372580339999,79759.69870301243,79759.69870301243,79759.69870301243,79759.69870301243,0,1
1372580340000,1372580399999,79759.69870301243,79759.69870301243,79759.69870301243,79759.69870301243,0,1
1372580400000,1372580459999,79759.69870301243,79759.69870301243,79759.69870301243,79759.69870301243,0,1
1372580460000,1372580519999,79759.69870301243,79759.69870301243,79759.69870301243,79759.69870301243,0,1
1372580520000,1372580579999,79759.69870301243,79759.69870301243,79759.69870301243,79759.69870301243,0,1
1372580580000,1372580639999,79759.69870301243,79759.69870301243,79759.69870301243,79759.69870301243,0,1
1372580640000,1372580699999,79759.69870301243,79759.69870301243,79759.69870301243,79759.69870301243,0,1
1372580700000,1372580759999,79759.69870301243,79759.69870301243,79759.69870301243,79759.69870301243,0,1
1372580760000,1372580819999,79759.69870301243,79759.69870301243,79759.69870301243,79759.69870301243,0,1
1372580820000,1372580879999,79759.69870301243,79759.69870301243,79759.69870301243,79759.69870301243,0,1
1372580880000,1372580939999,79759.69870301243,79759.69870301243,79759.69870301243,79759.69870301243,0,1
1372580940000,1372580999999,79759.69870301243,79759.69870301243,79759.69870301243,79759.69870301243,0,1
1372581000000,1372581059999,79759.69870301243,79759.69870301243,79759.69870301243,79759.69870301243,0,1
1372581060000,1372581119999,79759.69870301243,79759.69870301243,79759.69870301243,79759.69870301243,0,1
1372581120000,1372581179999,79759.69870301243,79759.69870301243,79759.69870301243,79759.69870301243,0,1
1372581180000,1372581239999,79759.69870301243,79759.69870301243,79759.69870301243,79759.69870301243,0,1
1372581240000,1372581299999,79759.69870301243,79759.69870301243,79759.69870301243,79759.69870301243,0,1
1372581300000,1372581359999,79759.69870301243,79759.69870301243,79759.69870301243,79759.69870301243,0,1
1372581360000,1372581419999,79759.69870301243,79759.69870301243,79759.69870301243,79759.69870301243,0,1
1372581420000,1372581479999,79759.69870301243,79759.69870301243,79759.69870301243,79759.69870301243,0,1
1372581480000,1372581539999,79759.69870301243,79759.69870301243,79759.69870301243,79759.69870301243,0,1
1372581540000,1372581599999,79759.69870301243,79759.69870301243,79759.69870301243,79759.69870301243,0,1
1372581600000,1372581659999,79759.69870301243,79759.69870301243,79759.69870301243,79759.69870301243,0,1
1372581660000,1372581719999,79759.69870301243,79759.69870301243,79759.69870301243,79759.69870301243,0,1
1372581720000,1372581779999,79759.69870301243,79759.69870301243,79759.69870301243,79759.69870301243,0,1
1372581780000,1372581839999,79759.69870301243,79759.69870301243,79759.69870301243,79759.69870301243,0,1
1372581840000,1372581899999,79759.69870301243,79759.69870301243,79759.69870301243,79759.69870301243,0,1
1372581900000,1372581959999,79759.69870301243,79759.69870301243,79759.69870301243,79759.69870301243,0,1
1372581960000,1372582019999,79759.69870301243,79759.69870301243,79759.69870301243,79759.69870301243,0,1
1372582020000,1372582079999,79759.69870301243,79759.69870301243,79759.69870301243,79759.69870301243,0,1
1372582080000,1372582139999,79759.69870301243,79759.69870301243,79759.69870301243,79759.69870301243,0,1
1372582140000,1372582199999,79759.69870301243,79759.69870301243,79759.69870301243,79759.69870301243,0,1
1372582200000,1372582259999,79759.69870301243,79759.69870301243,79759.69870301243,79759.69870301243,0,1
1372582260000,1372582319999,79759.69870301243,79759.69870301243,79759.69870301243,79759.69870301243,0,1
1372582320000,1372582379999,79759.69870301243,79759.69870301243,79759.69870301243,79759.69870301243,0,1
1372582380000,1372582439999,79759.69870301243,79759.69870301243,79759.69870301243,79759.69870301243,0,1
1372582440000,1372582499999,79759.69870301243,79759.69870301243,79759.69870301243,79759.69870301243,0,1
1372582500000,1372582559999,79759.69870301243,79759.69870301243,79759.69870301243,79759.69870301243,0,1
1372582560000,1372582619999,79759.69870301243,79759.69870301243,79759.69870301243,79759.69870301243,0,1
1372582620000,1372582679999,79759.69870301243,79759.69870301243,79759.69870301243,79759.69870301243,0,1
1372582680000,1372582739999,79759.69870301243,79759.69870301243,79759.69870301243,79759.69870301243,0,1
1372582740000,1372582799999,79759.69870301243,79759.69870301243,79759.69870301243,79759.69870301243,0,1
1372582800000,1372582859999,79759.69870301243,79759.69870301243,79759.69870301243,79759.69870301243,0,1
1372582860000,1372582919999,79759.69870301243,79759.69870301243,79759.69870301243,79759.69870301243,0,1
1372582920000,1372582979999,79759.69870301243,79759.69870301243,79759.69870301243,79759.69870301243,0,1
1372582980000,1372583039999,79759.69870301243,79759.69870301243,79759.69870301243,79759.69870301243,0,1
1372583040000,1372583099999,79759.69870301243,79759.69870301243,79759.69870301243,79759.69870301243,0,1
1372583100000,1372583159999,79759.69870301243,79759.69870301243,79759.69870301243,79759.69870301243,0,1
1372583160000,1372583219999,79759.69870301243,79759.69870301243,79759.69870301243,79759.69870301243,0,1
1372583220000,1372583279999,79759.69870301243,79759.69870301243,79759.69870301243,79759.69870301243,0,1
1372583280000,1372583339999,79759.69870301243,79759.69870301243,79759.69870301243,79759.69870301243,0,1
1372583340000,1372583399999,79759.69870301243,79759.69870301243,79759.69870301243,79759.69870301243,0,1
1372583400000,1372583459999,79759.69870301243,79759.69870301243,79759.69870301243,79759.69870301243,0,1
1372583460000,1372583519999,79759.69870301243,79759.69870301243,79759.69870301243,79759.69870301243,0,1
1372583520000,1372583579999,79759.69870301243,79759.69870301243,79759.69870301243,79759.69870301243,0,1
1372583580000,1372583639999,79759.69870301243,79759.69870301243,79759.69870301243,79759.69870301243,0,1
1372583640000,1372583699999,79759.69870301243,79759.69870301243,79759.69870301243,79759.69870301243,0,1
1372583700000,1372583759999,79759.69870301243,79759.69870301243,79759.69870301243,79759.69870301243,0,1
1372583760000,1372583819999,79759.69870301243,79759.69870301243,79759.69870301243,79759.69870301243,0,1
1372583820000,1372583879999,79759.69870301243,79759.69870301243,79759.69870301243,79759.69870301243,0,1
1372583880000,1372583939999,79759.69870301243,79759.69870301243,79759.69870301243,79759.69870301243,0,1
1372583940000,1372583999999,79759.69870301243,79759.69870301243,79759.69870301243,79759.69870301243,0,1
1372584000000,1372584059999,79759.69870301243,79759.69870301243,79759.69870301243,79759.69870301243,0,1
1372584060000,1372584119999,79759.69870301243,79759.69870301243,79759.69870301243,79759.69870301243,0,1
1372584120000,1372584179999,79759.69870301243,79759.69870301243,79759.69870301243,79759.69870301243,0,1
1372584180000,1372584239999,79759.69870301243,79759.69870301243,79759.69870301243,79759.69870301243,0,1
1372584240000,1372584299999,79759.69870301243,79759.69870301243,79759.69870301243,79759.69870301243,0,1
1372584300000,1372584359999,79759.69870301243,79759.69870301243,79759.69870301243,79759.69870301243,0,1
1372584360000,1372584419999,79759.69870301243,79759.69870301243,79759.69870301243,79759.69870301243,0,1
1372584420000,1372584479999,79759.69870301243,79759.69870301243,79759.69870301243,79759.69870301243,0,1
1372584480000,1372584539999,79759.69870301243,79759.69870301243,79759.69870301243,79759.69870301243,0,1
1372584540000,1372584599999,79759.69870301243,79759.69870301243,79759.69870301243,79759.69870301243,0,1
1372584600000,1372584659999,79759.69870301243,79759.69870301243,79759.69870301243,79759.69870301243,0,1
1372584660000,1372584719999,79759.69870301243,79759.69870301243,79759.69870301243,79759.69870301243,0,1
1372584720000,1372584779999,79759.69870301243,79759.69870301243,79759.69870301243,79759.69870301243,0,1
1372584780000,1372584839999,79759.69870301243,79759.69870301243,79759.69870301243,79759.69870301243,0,1
1372584840000,1372584899999,79759.69870301243,79759.69870301243,79759.69870301243,79759.69870301243,0,1
1372584900000,1372584959999,79759.69870301243,79759.69870301243,79759.69870301243,79759.69870301243,0,1
1372584960000,1372585019999,79759.69870301243,79759.69870301243,79759.69870301243,79759.69870301243,0,1
1372585020000,1372585079999,79759.69870301243,79759.69870301243,79759.69870301243,79759.69870301243,0,1
1372585080000,1372585139999,79759.69870301243,79759.69870301243,79759.69870301243,79759.69870301243,0,1
1372585140000,1372585199999,79759.69870301243,79759.69870301243,79759.69870301243,79759.69870301243,0,1
1372585200000,1372585259999,79759.69870301243,79759.69870301243,79759.69870301243,79759.69870301243,0,1
1372585260000,1372585319999,79759.69870301243,79759.69870301243,79759.69870301243,79759.69870301243,0,1
1372585320000,1372585379999,79759.69870301243,79759.69870301243,79759.69870301243,79759.69870301243,0,1
1372585380000,1372585439999,79759.69870301243,79759.69870301243,79759.69870301243,79759.69870301243,0,1
1372585440000,1372585499999,79759.69870301243,79759.69870301243,79759.69870301243,79759.69870301243,0,1
1372585500000,1372585559999,79759.69870301243,79759.69870301243,79759.69870301243,79759.69870301243,0,1
1372585560000,1372585619999,79759.69870301243,79759.69870301243,79759.69870301243,79759.69870301243,0,1
1372585620000,1372585679999,79759.69870301243,79759.69870301243,79759.69870301243,79759.69870301243,0,1
1372585680000,1372585739999,79759.69870301243,79759.69870301243,79759.69870301243,79759.69870301243,0,1
1372585740000,1372585799999,79759.69870301243,79759.69870301243,79759.69870301243,79759.69870301243,0,1
1372585800000,1372585859999,79759.69870301243,79759.69870301243,79759.69870301243,79759.69870301243,0,1
1372585860000,1372585919999,79759.69870301243,79759.69870301243,79759.69870301243,79759.69870301243,0,1
1372585920000,1372585979999,79759.69870301243,79759.69870301243,79759.69870301243,79759.69870301243,0,1
1372585980000,1372586039999,79759.69870301243,79759.69870301243,79759.69870301243,79759.69870301243,0,1
1372586040000,1372586099999,79759.69870301243,79759.69870301243,79759.69870301243,79759.69870301243,0,1
1372586100000,1372586159999,79759.69870301243,79759.69870301243,79759.69870301243,79759.69870301243,0,1
1372586160000,1372586219999,79759.69870301243,79759.69870301243,79759.69870301243,79759.69870301243,0,1
1372586220000,1372586279999,79759.69870301243,79759.69870301243,79759.69870301243,79759.69870301243,0,1
1372586280000,1372586339999,79759.69870301243,79759.69870301243,79759.69870301243,79759.69870301243,0,1
1372586340000,1372586399999,79759.69870301243,79759.69870301243,79759.69870301243,79759.69870301243,0,1
1372586400000,1372586459999,79759.69870301243,79759.69870301243,79759.69870301243,79759.69870301243,0,1
1372586460000,1372586519999,79759.69870301243,79759.69870301243,79759.69870301243,79759.69870301243,0,1
1372586520000,1372586579999,79759.69870301243,79759.69870301243,79759.69870301243,79759.69870301243,0,1
1372586580000,1372586639999,79759.69870301243,79759.69870301243,79759.69870301243,79759.69870301243,0,1
1372586640000,1372586699999,79759.69870301243,79759.69870301243,79759.69870301243,79759.69870301243,0,1
1372586700000,1372586759999,79759.69870301243,79759.69870301243,79759.69870301243,79759.69870301243,0,1
1372586760000,1372586819999,79759.69870301243,79759.69870301243,79759.69870301243,79759.69870301243,0,1
1372586820000,1372586879999,79759.69870301243,79759.69870301243,79759.69870301243,79759.69870301243,0,1
1372586880000,1372586939999,79759.69870301243,79759.69870301243,79759.69870301243,79759.69870301243,0,1
1372586940000,1372586999999,79759.69870301243,79759.69870301243,79759.69870301243,79759.69870301243,0,1
1372587000000,1372587059999,79759.69870301243,79759.69870301243,79759.69870301243,79759.69870301243,0,1
1372587060000,1372587119999,79759.69870301243,79759.69870301243,79759.69870301243,79759.69870301243,0,1
1372587120000,1372587179999,79759.69870301243,79759.69870301243,79759.69870301243,79759.69870301243,0,1
1372587180000,1372587239999,79759.69870301243,79759.69870301243,79759.69870301243,79759.69870301243,0,1
1372587240000,1372587299999,79759.69870301243,79759.69870301243,79759.69870301243,79759.69870301243,0,1
1372587300000,1372587359999,79759.69870301243,79759.69870301243,79759.69870301243,79759.69870301243,0,1
1372587360000,1372587419999,79759.69870301243,79759.69870301243,79759.69870301243,79759.69870301243,0,1
1372587420000,1372587479999,79759.69870301243,79759.69870301243,79759.69870301243,79759.69870301243,0,1
1372587480000,1372587539999,79759.69870301243,79759.69870301243,79759.69870301243,79759.69870301243,0,1
1372587540000,1372587599999,79759.69870301243,79759.69870301243,79759.69870301243,79759.69870301243,0,1
1372587600000,1372587659999,79759.69870301243,79759.69870301243,79759.69870301243,79759.69870301243,0,1
1372587660000,1372587719999,79759.69870301243,79759.69870301243,79759.69870301243,79759.69870301243,0,1
1372587720000,1372587779999,79759.69870301243,79759.69870301243,79759.69870301243,79759.69870301243,0,1
1372587780000,1372587839999,79759.69870301243,79759.69870301243,79759.69870301243,79759.69870301243,0,1
1372587840000,1372587899999,79759.69870301243,79759.69870301243,79759.69870301243,79759.69870301243,0,1
1372587900000,1372587959999,79759.69870301243,79759.69870301243,79759.69870301243,79759.69870301243,0,1
1372587960000,1372588019999,79759.69870301243,79759.69870301243,79759.69870301243,79759.69870301243,0,1
1372588020000,1372588079999,79759.69870301243,79759.69870301243,79759.69870301243,79759.69870301243,0,1
1372588080000,1372588139999,79759.69870301243,79759.69870301243,79759.69870301243,79759.69870301243,0,1
1372588140000,1372588199999,79759.69870301243,79759.69870301243,79759.69870301243,79759.69870301243,0,1
1372588200000,1372588259999,79759.69870301243,79759.69870301243,79759.69870301243,79759.69870301243,0,1
1372588260000,1372588319999,79759.69870301243,79759.69870301243,79759.69870301243,79759.69870301243,0,1
1372588320000,1372588379999,79759.69870301243,79759.69870301243,79759.69870301243,79759.69870301243,0,1
1372588380000,1372588439999,79759.69870301243,79759.69870301243,79759.69870301243,79759.69870301243,0,1
1372588440000,1372588499999,79759.69870301243,79759.69870301243,79759.69870301243,79759.69870301243,0,1
1372588500000,1372588559999,79759.69870301243,79759.69870301243,79759.69870301243,79759.69870301243,0,1
1372588560000,1372588619999,79759.69870301243,79759.69870301243,79759.69870301243,79759.69870301243,0,1
1372588620000,1372588679999,79759.69870301243,79759.69870301243,79759.69870301243,79759.69870301243,0,1
1372588680000,1372588739999,79759.69870301243,79759.69870301243,79759.69870301243,79759.69870301243,0,1
1372588740000,1372588799999,79759.69870301243,79759.69870301243,79759.69870301243,79759.69870301243,0,1
1372588800000,1372588859999,79759.69870301243,79759.69870301243,79759.69870301243,79759.69870301243,0,1
1372588860000,1372588919999,79759.69870301243,79759.69870301243,79759.69870301243,79759.69870301243,0,1
1372588920000,1372588979999,79759.69870301243,79759.69870301243,79759.69870301243,79759.69870301243,0,1
1372588980000,1372589039999,79759.69870301243,79759.69870301243,79759.69870301243,79759.69870301243,0,1
1372589040000,1372589099999,79759.69870301243,79759.69870301243,79759.69870301243,79759.69870301243,0,1
1372589100000,1372589159999,79759.69870301243,79759.69870301243,79759.69870301243,79759.69870301243,0,1
1372589160000,1372589219999,79759.69870301243,79759.69870301243,79759.69870301243,79759.69870301243,0,1
1372589220000,1372589279999,79759.69870301243,79759.69870301243,79759.69870301243,79759.69870301243,0,1
1372589280000,1372589339999,79759.69870301243,79759.69870301243,79759.69870301243,79759.69870301243,0,1
1372589340000,1372589399999,79759.69870301243,79759.69870301243,79759.69870301243,79759.69870301243,0,1
1372589400000,1372589459999,79759.69870301243,79759.69870301243,79759.69870301243,79759.69870301243,0,1
1372589460000,1372589519999,79759.69870301243,79759.69870301243,79759.69870301243,79759.69870301243,0,1
1372589520000,1372589579999,79759.69870301243,79759.69870301243,79759.69870301243,79759.69870301243,0,1
1372589580000,1372589639999,79759.69870301243,79759.69870301243,79759.69870301243,79759.69870301243,0,1
1372589640000,1372589699999,79759.69870301243,79759.69870301243,79759.69870301243,79759.69870301243,0,1
1372589700000,1372589759999,79759.69870301243,79759.69870301243,79759.69870301243,79759.69870301243,0,1
1372589760000,1372589819999,79759.69870301243,79759.69870301243,79759.69870301243,79759.69870301243,0,1
1372589820000,1372589879999,79759.69870301243,79759.69870301243,79759.69870301243,79759.69870301243,0,1
1372589880000,1372589939999,79759.69870301243,79759.69870301243,79759.69870301243,79759.69870301243,0,1
1372589940000,1372589999999,79759.69870301243,79759.69870301243,79759.69870301243,79759.69870301243,0,1
1372590000000,1372590059999,79759.69870301243,79759.69870301243,79759.69870301243,79759.69870301243,0,1
1372590060000,1372590119999,79759.69870301243,79759.69870301243,79759.69870301243,79759.69870301243,0,1
1372590120000,1372590179999,79759.69870301243,79759.69870301243,79759.69870301243,79759.69870301243,0,1
1372590180000,1372590239999,79759.69870301243,79759.69870301243,79759.69870301243,79759.69870301243,0,1
1372590240000,1372590299999,79759.69870301243,79759.69870301243,79759.69870301243,79759.69870301243,0,1
1372590300000,1372590359999,79759.69870301243,79759.69870301243,79759.69870301243,79759.69870301243,0,1
1372590360000,1372590419999,79759.69870301243,79759.69870301243,79759.69870301243,79759.69870301243,0,1
1372590420000,1372590479999,79759.69870301243,79759.69870301243,79759.69870301243,79759.69870301243,0,1
1372590480000,1372590539999,79759.69870301243,79759.69870301243,79759.69870301243,79759.69870301243,0,1
1372590540000,1372590599999,79759.69870301243,79759.69870301243,79759.69870301243,79759.69870301243,0,1
1372590600000,1372590659999,79759.69870301243,79759.69870301243,79759.69870301243,79759.69870301243,0,1
1372590660000,1372590719999,79759.69870301243,79759.69870301243,79759.69870301243,79759.69870301243,0,1
1372590720000,1372590779999,79759.69870301243,79759.69870301243,79759.69870301243,79759.69870301243,0,1
1372590780000,1372590839999,79759.69870301243,79759.69870301243,79759.69870301243,79759.69870301243,0,1
1372590840000,1372590899999,79759.69870301243,79759.69870301243,79759.69870301243,79759.69870301243,0,1
1372590900000,1372590959999,79759.69870301243,79759.69870301243,79759.69870301243,79759.69870301243,0,1
1372590960000,1372591019999,79759.69870301243,79759.69870301243,79759.69870301243,79759.69870301243,0,1
1372591020000,1372591079999,79759.69870301243,79759.69870301243,79759.69870301243,79759.69870301243,0,1
1372591080000,1372591139999,79759.69870301243,79759.69870301243,79759.69870301243,79759.69870301243,0,1
1372591140000,1372591199999,79759.69870301243,79759.69870301243,79759.69870301243,79759.69870301243,0,1
1372591200000,1372591259999,79759.69870301243,79759.69870301243,79759.69870301243,79759.69870301243,0,1
1372591260000,1372591319999,79759.69870301243,79759.69870301243,79759.69870301243,79759.69870301243,0,1
1372591320000,1372591379999,79759.69870301243,79759.69870301243,79759.69870301243,79759.69870301243,0,1
1372591380000,1372591439999,79759.69870301243,79759.69870301243,79759.69870301243,79759.69870301243,0,1
1372591440000,1372591499999,79759.69870301243,79759.69870301243,79759.69870301243,79759.69870301243,0,1
1372591500000,1372591559999,79759.69870301243,79759.69870301243,79759.69870301243,79759.69870301243,0,1
1372591560000,1372591619999,79759.69870301243,79759.69870301243,79759.69870301243,79759.69870301243,0,1
1372591620000,1372591679999,79759.69870301243,79759.69870301243,79759.69870301243,79759.69870301243,0,1
1372591680000,1372591739999,79759.69870301243,79759.69870301243,79759.69870301243,79759.69870301243,0,1
1372591740000,1372591799999,79759.69870301243,79759.69870301243,79759.69870301243,79759.69870301243,0,1
1372591800000,1372591859999,79759.69870301243,79759.69870301243,79759.69870301243,79759.69870301243,0,1
1372591860000,1372591919999,79759.69870301243,79759.69870301243,79759.69870301243,79759.69870301243,0,1
1372591920000,1372591979999,79759.69870301243,79759.69870301243,79759.69870301243,79759.69870301243,0,1
1372591980000,1372592039999,79759.69870301243,79759.69870301243,79759.69870301243,79759.69870301243,0,1
1372592040000,1372592099999,79759.69870301243,79759.69870301243,79759.69870301243,79759.69870301243,0,1
1372592100000,1372592159999,79759.69870301243,79759.69870301243,79759.69870301243,79759.69870301243,0,1
1372592160000,1372592219999,79759.69870301243,79759.69870301243,79759.69870301243,79759.69870301243,0,1
1372592220000,1372592279999,79759.69870301243,79759.69870301243,79759.69870301243,79759.69870301243,0,1
1372592280000,1372592339999,79759.69870301243,79759.69870301243,79759.69870301243,79759.69870301243,0,1
1372592340000,1372592399999,79759.69870301243,79759.69870301243,79759.69870301243,79759.69870301243,0,1
1372592400000,1372592459999,79759.69870301243,79759.69870301243,79759.69870301243,79759.69870301243,0,1
1372592460000,1372592519999,79759.69870301243,79759.69870301243,79759.69870301243,79759.69870301243,0,1
1372592520000,1372592579999,79759.69870301243,79759.69870301243,79759.69870301243,79759.69870301243,0,1
1372592580000,1372592639999,79759.69870301243,79759.69870301243,79759.69870301243,79759.69870301243,0,1
1372592640000,1372592699999,79759.69870301243,79759.69870301243,79759.69870301243,79759.69870301243,0,1
1372592700000,1372592759999,79759.69870301243,79759.69870301243,79759.69870301243,79759.69870301243,0,1
1372592760000,1372592819999,79759.69870301243,79759.69870301243,79759.69870301243,79759.69870301243,0,1
1372592820000,1372592879999,79759.69870301243,79759.69870301243,79759.69870301243,79759.69870301243,0,1
1372592880000,1372592939999,79759.69870301243,79759.69870301243,79759.69870301243,79759.69870301243,0,1
1372592940000,1372592999999,79759.69870301243,79759.69870301243,79759.69870301243,79759.69870301243,0,1
1372593000000,1372593059999,79759.69870301243,79759.69870301243,79759.69870301243,79759.69870301243,0,1
1372593060000,1372593119999,79759.69870301243,79759.69870301243,79759.69870301243,79759.69870301243,0,1
1372593120000,1372593179999,79759.69870301243,79759.69870301243,79759.69870301243,79759.69870301243,0,1
1372593180000,1372593239999,79759.69870301243,79759.69870301243,79759.69870301243,79759.69870301243,0,1
1372593240000,1372593299999,79759.69870301243,79759.69870301243,79759.69870301243,79759.69870301243,0,1
1372593300000,1372593359999,79759.69870301243,79759.69870301243,79759.69870301243,79759.69870301243,0,1
1372593360000,1372593419999,79759.69870301243,79759.69870301243,79759.69870301243,79759.69870301243,0,1
1372593420000,1372593479999,79759.69870301243,79759.69870301243,79759.69870301243,79759.69870301243,0,1
1372593480000,1372593539999,79759.69870301243,79759.69870301243,79759.69870301243,79759.69870301243,0,1
1372593540000,1372593599999,79759.69870301243,79759.69870301243,79759.69870301243,79759.69870301243,0,1
1372593600000,1372593659999,79759.69870301243,79759.69870301243,79759.69870301243,79759.69870301243,0,1
1372593660000,1372593719999,79759.69870301243,79759.69870301243,79759.69870301243,79759.69870301243,0,1
1372593720000,1372593779999,79759.69870301243,79759.69870301243,79759.69870301243,79759.69870301243,0,1
1372593780000,1372593839999,79759.69870301243,79759.69870301243,79759.69870301243,79759.69870301243,0,1
1372593840000,1372593899999,79759.69870301243,79759.69870301243,79759.69870301243,79759.69870301243,0,1
1372593900000,1372593959999,79759.69870301243,79759.69870301243,79759.69870301243,79759.69870301243,0,1
1372593960000,1372594019999,79759.69870301243,79759.69870301243,79759.69870301243,79759.69870301243,0,1
1372594020000,1372594079999,79759.69870301243,79759.69870301243,79759.69870301243,79759.69870301243,0,1
1372594080000,1372594139999,79759.69870301243,79759.69870301243,79759.69870301243,79759.69870301243,0,1
1372594140000,1372594199999,79759.69870301243,79759.69870301243,79759.69870301243,79759.69870301243,0,1
1372594200000,1372594259999,79759.69870301243,79759.69870301243,79759.69870301243,79759.69870301243,0,1
1372594260000,1372594319999,79759.69870301243,79759.69870301243,79759.69870301243,79759.69870301243,0,1
1372594320000,1372594379999,79759.69870301243,79759.69870301243,79759.69870301243,79759.69870301243,0,1
1372594380000,1372594439999,79759.69870301243,79759.69870301243,79759.69870301243,79759.69870301243,0,1
1372594440000,1372594499999,79759.69870301243,79759.69870301243,79759.69870301243,79759.69870301243,0,1
1372594500000,1372594559999,79759.69870301243,79759.69870301243,79759.69870301243,79759.69870301243,0,1
1372594560000,1372594619999,79759.69870301243,79759.69870301243,79759.69870301243,79759.69870301243,0,1
1372594620000,1372594679999,79759.69870301243,79759.69870301243,79759.69870301243,79759.69870301243,0,1
1372594680000,1372594739999,79759.69870301243,79759.69870301243,79759.69870301243,79759.69870301243,0,1
1372594740000,1372594799999,79759.69870301243,79759.69870301243,79759.69870301243,79759.69870301243,0,1
1372594800000,1372594859999,79759.69870301243,79759.69870301243,79759.69870301243,79759.69870301243,0,1
1372594860000,1372594919999,79759.69870301243,79759.69870301243,79759.69870301243,79759.69870301243,0,1
1372594920000,1372594979999,79759.69870301243,79759.69870301243,79759.69870301243,79759.69870301243,0,1
1372594980000,1372595039999,79759.69870301243,79759.69870301243,79759.69870301243,79759.69870301243,0,1
1372595040000,1372595099999,79759.69870301243,79759.69870301243,79759.69870301243,79759.69870301243,0,1
1372595100000,1372595159999,79759.69870301243,79759.69870301243,79759.69870301243,79759.69870301243,0,1
1372595160000,1372595219999,79759.69870301243,79759.69870301243,79759.69870301243,79759.69870301243,0,1
1372595220000,1372595279999,79759.69870301243,79759.69870301243,79759.69870301243,79759.69870301243,0,1
1372595280000,1372595339999,79759.69870301243,79759.69870301243,79759.69870301243,79759.69870301243,0,1
1372595340000,1372595399999,79759.69870301243,79759.69870301243,79759.69870301243,79759.69870301243,0,1
1372595400000,1372595459999,79759.69870301243,79759.69870301243,79759.69870301243,79759.69870301243,0,1
1372595460000,1372595519999,79759.69870301243,79759.69870301243,79759.69870301243,79759.69870301243,0,1
1372595520000,1372595579999,79759.69870301243,79759.69870301243,79759.69870301243,79759.69870301243,0,1
1372595580000,1372595639999,79759.69870301243,79759.69870301243,79759.69870301243,79759.69870301243,0,1
1372595640000,1372595699999,79759.69870301243,79759.69870301243,79759.69870301243,79759.69870301243,0,1
1372595700000,1372595759999,79759.69870301243,79759.69870301243,79759.69870301243,79759.69870301243,0,1
1372595760000,1372595819999,79759.69870301243,79759.69870301243,79759.69870301243,79759.69870301243,0,1
1372595820000,1372595879999,79759.69870301243,79759.69870301243,79759.69870301243,79759.69870301243,0,1
1372595880000,1372595939999,79759.69870301243,79759.69870301243,79759.69870301243,79759.69870301243,0,1
1372595940000,1372595999999,79759.69870301243,79759.69870301243,79759.69870301243,79759.69870301243,0,1
1372596000000,1372596059999,79759.69870301243,79759.69870301243,79759.69870301243,79759.69870301243,0,1
1372596060000,1372596119999,79759.69870301243,79759.69870301243,79759.69870301243,79759.69870301243,0,1
1372596120000,1372596179999,79759.69870301243,79759.69870301243,79759.69870301243,79759.69870301243,0,1
1372596180000,1372596239999,79759.69870301243,79759.69870301243,79759.69870301243,79759.69870301243,0,1
1372596240000,1372596299999,79759.69870301243,79759.69870301243,79759.69870301243,79759.69870301243,0,1
1372596300000,1372596359999,79759.69870301243,79759.69870301243,79759.69870301243,79759.69870301243,0,1
1372596360000,1372596419999,79759.69870301243,79759.69870301243,79759.69870301243,79759.69870301243,0,1
1372596420000,1372596479999,79759.69870301243,79759.69870301243,79759.69870301243,79759.69870301243,0,1
1372596480000,1372596539999,79759.69870301243,79759.69870301243,79759.69870301243,79759.69870301243,0,1
1372596540000,1372596599999,79759.69870301243,79759.69870301243,79759.69870301243,79759.69870301243,0,1
1372596600000,1372596659999,79759.69870301243,79759.69870301243,79759.69870301243,79759.69870301243,0,1
1372596660000,1372596719999,79759.69870301243,79759.69870301243,79759.69870301243,79759.69870301243,0,1
1372596720000,1372596779999,79759.69870301243,79759.69870301243,79759.69870301243,79759.69870301243,0,1
1372596780000,1372596839999,79759.69870301243,79759.69870301243,79759.69870301243,79759.69870301243,0,1
1372596840000,1372596899999,79759.69870301243,79759.69870301243,79759.69870301243,79759.69870301243,0,1
1372596900000,1372596959999,79759.69870301243,79759.69870301243,79759.69870301243,79759.69870301243,0,1
1372596960000,1372597019999,79759.69870301243,79759.69870301243,79759.69870301243,79759.69870301243,0,1
1372597020000,1372597079999,79759.69870301243,79759.69870301243,79759.69870301243,79759.69870301243,0,1
1372597080000,1372597139999,79759.69870301243,79759.69870301243,79759.69870301243,79759.69870301243,0,1
1372597140000,1372597199999,79759.69870301243,79759.69870301243,79759.69870301243,79759.69870301243,0,1
1372597200000,1372597259999,79759.69870301243,79759.69870301243,79759.69870301243,79759.69870301243,0,1
1372597260000,1372597319999,79759.69870301243,79759.69870301243,79759.69870301243,79759.69870301243,0,1
1372597320000,1372597379999,79759.69870301243,79759.69870301243,79759.69870301243,79759.69870301243,0,1
1372597380000,1372597439999,79759.69870301243,79759.69870301243,79759.69870301243,79759.69870301243,0,1
1372597440000,1372597499999,79759.69870301243,79759.69870301243,79759.69870301243,79759.69870301243,0,1
1372597500000,1372597559999,79759.69870301243,79759.69870301243,79759.69870301243,79759.69870301243,0,1
1372597560000,1372597619999,79759.69870301243,79759.69870301243,79759.69870301243,79759.69870301243,0,1
1372597620000,1372597679999,79759.69870301243,79759.69870301243,79759.69870301243,79759.69870301243,0,1
1372597680000,1372597739999,79759.69870301243,79759.69870301243,79759.69870301243,79759.69870301243,0,1
1372597740000,1372597799999,79759.69870301243,79759.69870301243,79759.69870301243,79759.69870301243,0,1
1372597800000,1372597859999,79759.69870301243,79759.69870301243,79759.69870301243,79759.69870301243,0,1
1372597860000,1372597919999,79759.69870301243,79759.69870301243,79759.69870301243,79759.69870301243,0,1
1372597920000,1372597979999,79759.69870301243,79759.69870301243,79759.69870301243,79759.69870301243,0,1
1372597980000,1372598039999,79759.69870301243,79759.69870301243,79759.69870301243,79759.69870301243,0,1
1372598040000,1372598099999,79759.69870301243,79759.69870301243,79759.69870301243,79759.69870301243,0,1
1372598100000,1372598159999,79759.69870301243,79759.69870301243,79759.69870301243,79759.69870301243,0,1
1372598160000,1372598219999,79759.69870301243,79759.69870301243,79759.69870301243,79759.69870301243,0,1
1372598220000,1372598279999,79759.69870301243,79759.69870301243,79759.69870301243,79759.69870301243,0,1
1372598280000,1372598339999,79759.69870301243,79759.69870301243,79759.69870301243,79759.69870301243,0,1
1372598340000,1372598399999,79759.69870301243,79759.69870301243,79759.69870301243,79759.69870301243,0,1
1372598400000,1372598459999,79759.69870301243,79759.69870301243,79759.69870301243,79759.69870301243,0,1
1372598460000,1372598519999,79759.69870301243,79759.69870301243,79759.69870301243,79759.69870301243,0,1
1372598520000,1372598579999,79759.69870301243,79759.69870301243,79759.69870301243,79759.69870301243,0,1
1372598580000,1372598639999,79759.69870301243,79759.69870301243,79759.69870301243,79759.69870301243,0,1
1372598640000,1372598699999,79759.69870301243,79759.69870301243,79759.69870301243,79759.69870301243,0,1
1372598700000,1372598759999,79759.69870301243,79759.69870301243,79759.69870301243,79759.69870301243,0,1
1372598760000,1372598819999,79759.69870301243,79759.69870301243,79759.69870301243,79759.69870301243,0,1
1372598820000,1372598879999,79759.69870301243,79759.69870301243,79759.69870301243,79759.69870301243,0,1
1372598880000,1372598939999,79759.69870301243,79759.69870301243,79759.69870301243,79759.69870301243,0,1
1372598940000,1372598999999,79759.69870301243,79759.69870301243,79759.69870301243,79759.69870301243,0,1
1372599000000,1372599059999,79759.69870301243,79759.69870301243,79759.69870301243,79759.69870301243,0,1
1372599060000,1372599119999,79759.69870301243,79759.69870301243,79759.69870301243,79759.69870301243,0,1
1372599120000,1372599179999,79759.69870301243,79759.69870301243,79759.69870301243,79759.69870301243,0,1
1372599180000,1372599239999,79759.69870301243,79759.69870301243,79759.69870301243,79759.69870301243,0,1
1372599240000,1372599299999,79759.69870301243,79759.69870301243,79759.69870301243,79759.69870301243,0,1
1372599300000,1372599359999,79759.69870301243,79759.69870301243,79759.69870301243,79759.69870301243,0,1
1372599360000,1372599419999,79759.69870301243,79759.69870301243,79759.69870301243,79759.69870301243,0,1
1372599420000,1372599479999,79759.69870301243,79759.69870301243,79759.69870301243,79759.69870301243,0,1
1372599480000,1372599539999,79759.69870301243,79759.69870301243,79759.69870301243,79759.69870301243,0,1
1372599540000,1372599599999,79759.69870301243,79759.69870301243,79759.69870301243,79759.69870301243,0,1
1372599600000,1372599659999,79759.69870301243,79759.69870301243,79759.69870301243,79759.69870301243,0,1
1372599660000,1372599719999,79759.69870301243,79759.69870301243,79759.69870301243,79759.69870301243,0,1
1372599720000,1372599779999,79759.69870301243,79759.69870301243,79759.69870301243,79759.69870301243,0,1
1372599780000,1372599839999,79759.69870301243,79759.69870301243,79759.69870301243,79759.69870301243,0,1
1372599840000,1372599899999,79759.69870301243,79759.69870301243,79759.69870301243,79759.69870301243,0,1
1372599900000,1372599959999,79759.69870301243,79759.69870301243,79759.69870301243,79759.69870301243,0,1
1372599960000,1372600019999,79759.69870301243,79759.69870301243,79759.69870301243,79759.69870301243,0,1
1372600020000,1372600079999,79759.69870301243,79759.69870301243,79759.69870301243,79759.69870301243,0,1
1372600080000,1372600139999,79759.69870301243,79759.69870301243,79759.69870301243,79759.69870301243,0,1
1372600140000,1372600199999,79759.69870301243,79759.69870301243,79759.69870301243,79759.69870301243,0,1
1372600200000,1372600259999,79759.69870301243,79759.69870301243,79759.69870301243,79759.69870301243,0,1
1372600260000,1372600319999,79759.69870301243,79759.69870301243,79759.69870301243,79759.69870301243,0,1
1372600320000,1372600379999,79759.69870301243,79759.69870301243,79759.69870301243,79759.69870301243,0,1
1372600380000,1372600439999,79759.69870301243,79759.69870301243,79759.69870301243,79759.69870301243,0,1
1372600440000,1372600499999,79759.69870301243,79759.69870301243,79759.69870301243,79759.69870301243,0,1
1372600500000,1372600559999,79759.69870301243,79759.69870301243,79759.69870301243,79759.69870301243,0,1
1372600560000,1372600619999,79759.69870301243,79759.69870301243,79759.69870301243,79759.69870301243,0,1
1372600620000,1372600679999,79759.69870301243,79759.69870301243,79759.69870301243,79759.69870301243,0,1
1372600680000,1372600739999,79759.69870301243,79759.69870301243,79759.69870301243,79759.69870301243,0,1
1372600740000,1372600799999,79759.69870301243,79759.69870301243,79759.69870301243,79759.69870301243,0,1
1372600800000,1372600859999,79759.69870301243,79759.69870301243,79759.69870301243,79759.69870301243,0,1
1372600860000,1372600919999,79759.69870301243,79759.69870301243,79759.69870301243,79759.69870301243,0,1
1372600920000,1372600979999,79759.69870301243,79759.69870301243,79759.69870301243,79759.69870301243,0,1
1372600980000,1372601039999,79759.69870301243,79759.69870301243,79759.69870301243,79759.69870301243,0,1
1372601040000,1372601099999,79759.69870301243,79759.69870301243,79759.69870301243,79759.69870301243,0,1
1372601100000,1372601159999,79759.69870301243,79759.69870301243,79759.69870301243,79759.69870301243,0,1
1372601160000,1372601219999,79759.69870301243,79759.69870301243,79759.69870301243,79759.69870301243,0,1
1372601220000,1372601279999,79759.69870301243,79759.69870301243,79759.69870301243,79759.69870301243,0,1
1372601280000,1372601339999,79759.69870301243,79759.69870301243,79759.69870301243,79759.69870301243,0,1
1372601340000,1372601399999,79759.69870301243,79759.69870301243,79759.69870301243,79759.69870301243,0,1
1372601400000,1372601459999,79759.69870301243,79759.69870301243,79759.69870301243,79759.69870301243,0,1
1372601460000,1372601519999,79759.69870301243,79759.69870301243,79759.69870301243,79759.69870301243,0,1
1372601520000,1372601579999,79759.69870301243,79759.69870301243,79759.69870301243,79759.69870301243,0,1
1372601580000,1372601639999,79759.69870301243,79759.69870301243,79759.69870301243,79759.69870301243,0,1
1372601640000,1372601699999,79759.69870301243,79759.69870301243,79759.69870301243,79759.69870301243,0,1
1372601700000,1372601759999,79759.69870301243,79759.69870301243,79759.69870301243,79759.69870301243,0,1
1372601760000,1372601819999,79759.69870301243,79759.69870301243,79759.69870301243,79759.69870301243,0,1
1372601820000,1372601879999,79759.69870301243,79759.69870301243,79759.69870301243,79759.69870301243,0,1
1372601880000,1372601939999,79759.69870301243,79759.69870301243,79759.69870301243,79759.69870301243,0,1
1372601940000,1372601999999,79759.69870301243,79759.69870301243,79759.69870301243,79759.69870301243,0,1
1372602000000,1372602059999,79759.69870301243,79759.69870301243,79759.69870301243,79759.69870301243,0,1
1372602060000,1372602119999,79759.69870301243,79759.69870301243,79759.69870301243,79759.69870301243,0,1
1372602120000,1372602179999,79759.69870301243,79759.69870301243,79759.69870301243,79759.69870301243,0,1
1372602180000,1372602239999,79759.69870301243,79759.69870301243,79759.69870301243,79759.69870301243,0,1
1372602240000,1372602299999,79759.69870301243,79759.69870301243,79759.69870301243,79759.69870301243,0,1
1372602300000,1372602359999,79759.69870301243,79759.69870301243,79759.69870301243,79759.69870301243,0,1
1372602360000,1372602419999,79759.69870301243,79759.69870301243,79759.69870301243,79759.69870301243,0,1
1372602420000,1372602479999,79759.69870301243,79759.69870301243,79759.69870301243,79759.69870301243,0,1
1372602480000,1372602539999,79759.69870301243,79759.69870301243,79759.69870301243,79759.69870301243,0,1
1372602540000,1372602599999,79759.69870301243,79759.69870301243,79759.69870301243,79759.69870301243,0,1
1372602600000,1372602659999,79759.69870301243,79759.69870301243,79759.69870301243,79759.69870301243,0,1
1372602660000,1372602719999,79759.69870301243,79759.69870301243,79759.69870301243,79759.69870301243,0,1
1372602720000,1372602779999,79759.69870301243,79759.69870301243,79759.69870301243,79759.69870301243,0,1
1372602780000,1372602839999,79759.69870301243,79759.69870301243,79759.69870301243,79759.69870301243,0,1
1372602840000,1372602899999,79759.69870301243,79759.69870301243,79759.69870301243,79759.69870301243,0,1
1372602900000,1372602959999,79759.69870301243,79759.69870301243,79759.69870301243,79759.69870301243,0,1
1372602960000,1372603019999,79759.69870301243,79759.69870301243,79759.69870301243,79759.69870301243,0,1
1372603020000,1372603079999,79759.69870301243,79759.69870301243,79759.69870301243,79759.69870301243,0,1
1372603080000,1372603139999,79759.69870301243,79759.69870301243,79759.69870301243,79759.69870301243,0,1
1372603140000,1372603199999,79759.69870301243,79759.69870301243,79759.69870301243,79759.69870301243,0,1
1372603200000,1372603259999,79759.69870301243,79759.69870301243,79759.69870301243,79759.69870301243,0,1
1372603260000,1372603319999,79759.69870301243,79759.69870301243,79759.69870301243,79759.69870301243,0,1
1372603320000,1372603379999,79759.69870301243,79759.69870301243,79759.69870301243,79759.69870301243,0,1
1372603380000,1372603439999,79759.69870301243,79759.69870301243,79759.69870301243,79759.69870301243,0,1
1372603440000,1372603499999,79759.69870301243,79759.69870301243,79759.69870301243,79759.69870301243,0,1
1372603500000,1372603559999,79759.69870301243,79759.69870301243,79759.69870301243,79759.69870301243,0,1
1372603560000,1372603619999,79759.69870301243,79759.69870301243,79759.69870301243,79759.69870301243,0,1
1372603620000,1372603679999,79759.69870301243,79759.69870301243,79759.69870301243,79759.69870301243,0,1
1372603680000,1372603739999,79759.69870301243,79759.69870301243,79759.69870301243,79759.69870301243,0,1
1372603740000,1372603799999,79759.69870301243,79759.69870301243,79759.69870301243,79759.69870301243,0,1
1372603800000,1372603859999,79759.69870301243,79759.69870301243,79759.69870301243,79759.69870301243,0,1
1372603860000,1372603919999,79759.69870301243,79759.69870301243,79759.69870301243,79759.69870301243,0,1
1372603920000,1372603979999,79759.69870301243,79759.69870301243,79759.69870301243,79759.69870301243,0,1
1372603980000,1372604039999,79759.69870301243,79759.69870301243,79759.69870301243,79759.69870301243,0,1
1372604040000,1372604099999,79759.69870301243,79759.69870301243,79759.69870301243,79759.69870301243,0,1
1372604100000,1372604159999,79759.69870301243,79759.69870301243,79759.69870301243,79759.69870301243,0,1
1372604160000,1372604219999,79759.69870301243,79759.69870301243,79759.69870301243,79759.69870301243,0,1
1372604220000,1372604279999,79759.69870301243,79759.69870301243,79759.69870301243,79759.69870301243,0,1
1372604280000,1372604339999,79759.69870301243,79759.69870301243,79759.69870301243,79759.69870301243,0,1
1372604340000,1372604399999,79759.69870301243,79759.69870301243,79759.69870301243,79759.69870301243,0,1
1372604400000,1372604459999,79759.69870301243,79759.69870301243,79759.69870301243,79759.69870301243,0,1
1372604460000,1372604519999,79759.69870301243,79759.69870301243,79759.69870301243,79759.69870301243,0,1
1372604520000,1372604579999,79759.69870301243,79759.69870301243,79759.69870301243,79759.69870301243,0,1
1372604580000,1372604639999,79759.69870301243,79759.69870301243,79759.69870301243,79759.69870301243,0,1
1372604640000,1372604699999,79759.69870301243,79759.69870301243,79759.69870301243,79759.69870301243,0,1
1372604700000,1372604759999,79759.69870301243,79759.69870301243,79759.69870301243,79759.69870301243,0,1
1372604760000,1372604819999,79759.69870301243,79759.69870301243,79759.69870301243,79759.69870301243,0,1
1372604820000,1372604879999,79759.69870301243,79759.69870301243,79759.69870301243,79759.69870301243,0,1
1372604880000,1372604939999,79759.69870301243,79759.69870301243,79759.69870301243,79759.69870301243,0,1
1372604940000,1372604999999,79759.69870301243,79759.69870301243,79759.69870301243,79759.69870301243,0,1
1372605000000,1372605059999,79759.69870301243,79759.69870301243,79759.69870301243,79759.69870301243,0,1
1372605060000,1372605119999,79759.69870301243,79759.69870301243,79759.69870301243,79759.69870301243,0,1
1372605120000,1372605179999,79759.69870301243,79759.69870301243,79759.69870301243,79759.69870301243,0,1
1372605180000,1372605239999,79759.69870301243,79759.69870301243,79759.69870301243,79759.69870301243,0,1
1372605240000,1372605299999,79759.69870301243,79759.69870301243,79759.69870301243,79759.69870301243,0,1
1372605300000,1372605359999,79759.69870301243,79759.69870301243,79759.69870301243,79759.69870301243,0,1
1372605360000,1372605419999,79759.69870301243,79759.69870301243,79759.69870301243,79759.69870301243,0,1
1372605420000,1372605479999,79759.69870301243,79759.69870301243,79759.69870301243,79759.69870301243,0,1
1372605480000,1372605539999,79759.69870301243,79759.69870301243,79759.69870301243,79759.69870301243,0,1
1372605540000,1372605599999,79759.69870301243,79759.69870301243,79759.69870301243,79759.69870301243,0,1
1372605600000,1372605659999,79759.69870301243,79759.69870301243,79759.69870301243,79759.69870301243,0,1
1372605660000,1372605719999,79759.69870301243,79759.69870301243,79759.69870301243,79759.69870301243,0,1
1372605720000,1372605779999,79759.69870301243,79759.69870301243,79759.69870301243,79759.69870301243,0,1
1372605780000,1372605839999,79759.69870301243,79759.69870301243,79759.69870301243,79759.69870301243,0,1
1372605840000,1372605899999,79759.69870301243,79759.69870301243,79759.69870301243,79759.69870301243,0,1
1372605900000,1372605959999,79759.69870301243,79759.69870301243,79759.69870301243,79759.69870301243,0,1
1372605960000,1372606019999,79759.69870301243,79759.69870301243,79759.69870301243,79759.69870301243,0,1
1372606020000,1372606079999,79759.69870301243,79759.69870301243,79759.69870301243,79759.69870301243,0,1
1372606080000,1372606139999,79759.69870301243,79759.69870301243,79759.69870301243,79759.69870301243,0,1
1372606140000,1372606199999,79759.69870301243,79759.69870301243,79759.69870301243,79759.69870301243,0,1
1372606200000,1372606259999,79759.69870301243,79759.69870301243,79759.69870301243,79759.69870301243,0,1
1372606260000,1372606319999,79759.69870301243,79759.69870301243,79759.69870301243,79759.69870301243,0,1
1372606320000,1372606379999,79759.69870301243,79759.69870301243,79759.69870301243,79759.69870301243,0,1
1372606380000,1372606439999,79759.69870301243,79759.69870301243,79759.69870301243,79759.69870301243,0,1
1372606440000,1372606499999,79759.69870301243,79759.69870301243,79759.69870301243,79759.69870301243,0,1
1372606500000,1372606559999,79759.69870301243,79759.69870301243,79759.69870301243,79759.69870301243,0,1
1372606560000,1372606619999,79759.69870301243,79759.69870301243,79759.69870301243,79759.69870301243,0,1
1372606620000,1372606679999,79759.69870301243,79759.69870301243,79759.69870301243,79759.69870301243,0,1
1372606680000,1372606739999,79759.69870301243,79759.69870301243,79759.69870301243,79759.69870301243,0,1
1372606740000,1372606799999,79759.69870301243,79759.69870301243,79759.69870301243,79759.69870301243,0,1
1372606800000,1372606859999,79759.69870301243,79759.69870301243,79759.69870301243,79759.69870301243,0,1
1372606860000,1372606919999,79759.69870301243,79759.69870301243,79759.69870301243,79759.69870301243,0,1
1372606920000,1372606979999,79759.69870301243,79759.69870301243,79759.69870301243,79759.69870301243,0,1
1372606980000,1372607039999,79759.69870301243,79759.69870301243,79759.69870301243,79759.69870301243,0,1
1372607040000,1372607099999,79759.69870301243,79759.69870301243,79759.69870301243,79759.69870301243,0,1
1372607100000,1372607159999,79759.69870301243,79759.69870301243,79759.69870301243,79759.69870301243,0,1
1372607160000,1372607219999,79759.69870301243,79759.69870301243,79759.69870301243,79759.69870301243,0,1
1372607220000,1372607279999,79759.69870301243,79759.69870301243,79759.69870301243,79759.69870301243,0,1
1372607280000,1372607339999,79759.69870301243,79759.69870301243,79759.69870301243,79759.69870301243,0,1
1372607340000,1372607399999,79759.69870301243,79759.69870301243,79759.69870301243,79759.69870301243,0,1
1372607400000,1372607459999,79759.69870301243,79759.69870301243,79759.69870301243,79759.69870301243,0,1
1372607460000,1372607519999,79759.69870301243,79759.69870301243,79759.69870301243,79759.69870301243,0,1
1372607520000,1372607579999,79759.69870301243,79759.69870301243,79759.69870301243,79759.69870301243,0,1
1372607580000,1372607639999,79759.69870301243,79759.69870301243,79759.69870301243,79759.69870301243,0,1
1372607640000,1372607699999,79759.69870301243,79759.69870301243,79759.69870301243,79759.69870301243,0,1
1372607700000,1372607759999,79759.69870301243,79759.69870301243,79759.69870301243,79759.69870301243,0,1
1372607760000,1372607819999,79759.69870301243,79759.69870301243,79759.69870301243,79759.69870301243,0,1
1372607820000,1372607879999,79759.69870301243,79759.69870301243,79759.69870301243,79759.69870301243,0,1
1372607880000,1372607939999,79759.69870301243,79759.69870301243,79759.69870301243,79759.69870301243,0,1
1372607940000,1372607999999,79759.69870301243,79759.69870301243,79759.69870301243,79759.69870301243,0,1
1372608000000,1372608059999,79759.69870301243,79759.69870301243,79759.69870301243,79759.69870301243,0,1
1372608060000,1372608119999,79759.69870301243,79759.69870301243,79759.69870301243,79759.69870301243,0,1
1372608120000,1372608179999,79759.69870301243,79759.69870301243,79759.69870301243,79759.69870301243,0,1
1372608180000,1372608239999,79759.69870301243,79759.69870301243,79759.69870301243,79759.69870301243,0,1
1372608240000,1372608299999,79759.69870301243,79759.69870301243,79759.69870301243,79759.69870301243,0,1
1372608300000,1372608359999,79759.69870301243,79759.69870301243,79759.69870301243,79759.69870301243,0,1
1372608360000,1372608419999,79759.69870301243,79759.69870301243,79759.69870301243,79759.69870301243,0,1
1372608420000,1372608479999,79759.69870301243,79759.69870301243,79759.69870301243,79759.69870301243,0,1
1372608480000,1372608539999,79759.69870301243,79759.69870301243,79759.69870301243,79759.69870301243,0,1
1372608540000,1372608599999,79759.69870301243,79759.69870301243,79759.69870301243,79759.69870301243,0,1
1372608600000,1372608659999,79759.69870301243,79759.69870301243,79759.69870301243,79759.69870301243,0,1
1372608660000,1372608719999,79759.69870301243,79759.69870301243,79759.69870301243,79759.69870301243,0,1
1372608720000,1372608779999,79759.69870301243,79759.69870301243,79759.69870301243,79759.69870301243,0,1
1372608780000,1372608839999,79759.69870301243,79759.69870301243,79759.69870301243,79759.69870301243,0,1
1372608840000,1372608899999,79759.69870301243,79759.69870301243,79759.69870301243,79759.69870301243,0,1
1372608900000,1372608959999,79759.69870301243,79759.69870301243,79759.69870301243,79759.69870301243,0,1
1372608960000,1372609019999,79759.69870301243,79759.69870301243,79759.69870301243,79759.69870301243,0,1
1372609020000,1372609079999,79759.69870301243,79759.69870301243,79759.69870301243,79759.69870301243,0,1
1372609080000,1372609139999,79759.69870301243,79759.69870301243,79759.69870301243,79759.69870301243,0,1
1372609140000,1372609199999,79759.69870301243,79759.69870301243,79759.69870301243,79759.69870301243,0,1
1372609200000,1372609259999,79759.69870301243,79759.69870301243,79759.69870301243,79759.69870301243,0,1
1372609260000,1372609319999,79759.69870301243,79759.69870301243,79759.69870301243,79759.69870301243,0,1
1372609320000,1372609379999,79759.69870301243,79759.69870301243,79759.69870301243,79759.69870301243,0,1
1372609380000,1372609439999,79759.69870301243,79759.69870301243,79759.69870301243,79759.69870301243,0,1
1372609440000,1372609499999,79759.69870301243,79759.69870301243,79759.69870301243,79759.69870301243,0,1
1372609500000,1372609559999,79759.69870301243,79759.69870301243,79759.69870301243,79759.69870301243,0,1
1372609560000,1372609619999,79759.69870301243,79759.69870301243,79759.69870301243,79759.69870301243,0,1
1372609620000,1372609679999,79759.69870301243,79759.69870301243,79759.69870301243,79759.69870301243,0,1
1372609680000,1372609739999,79759.69870301243,79759.69870301243,79759.69870301243,79759.69870301243,0,1
1372609740000,1372609799999,79759.69870301243,79759.69870301243,79759.69870301243,79759.69870301243,0,1
1372609800000,1372609859999,79759.69870301243,79759.69870301243,79759.69870301243,79759.69870301243,0,1
1372609860000,1372609919999,79759.69870301243,79759.69870301243,79759.69870301243,79759.69870301243,0,1
1372609920000,1372609979999,79759.69870301243,79759.69870301243,79759.69870301243,79759.69870301243,0,1
1372609980000,1372610039999,79759.69870301243,79759.69870301243,79759.69870301243,79759.69870301243,0,1
1372610040000,1372610099999,79759.69870301243,79759.69870301243,79759.69870301243,79759.69870301243,0,1
1372610100000,1372610159999,79759.69870301243,79759.69870301243,79759.69870301243,79759.69870301243,0,1
1372610160000,1372610219999,79759.69870301243,79759.69870301243,79759.69870301243,79759.69870301243,0,1
1372610220000,1372610279999,79759.69870301243,79759.69870301243,79759.69870301243,79759.69870301243,0,1
1372610280000,1372610339999,79759.69870301243,79759.69870301243,79759.69870301243,79759.69870301243,0,1
1372610340000,1372610399999,79759.69870301243,79759.69870301243,79759.69870301243,79759.69870301243,0,1
1372610400000,1372610459999,79759.69870301243,79759.69870301243,79759.69870301243,79759.69870301243,0,1
1372610460000,1372610519999,79759.69870301243,79759.69870301243,79759.69870301243,79759.69870301243,0,1
1372610520000,1372610579999,79759.69870301243,79759.69870301243,79759.69870301243,79759.69870301243,0,1
1372610580000,1372610639999,79759.69870301243,79759.69870301243,79759.69870301243,79759.69870301243,0,1
1372610640000,1372610699999,79759.69870301243,79759.69870301243,79759.69870301243,79759.69870301243,0,1
1372610700000,1372610759999,79759.69870301243,79759.69870301243,79759.69870301243,79759.69870301243,0,1
1372610760000,1372610819999,79759.69870301243,79759.69870301243,79759.69870301243,79759.69870301243,0,1
1372610820000,1372610879999,79759.69870301243,79759.69870301243,79759.69870301243,79759.69870301243,0,1
1372610880000,1372610939999,79759.69870301243,79759.69870301243,79759.69870301243,79759.69870301243,0,1
1372610940000,1372610999999,79759.69870301243,79759.69870301243,79759.69870301243,79759.69870301243,0,1
1372611000000,1372611059999,79759.69870301243,79759.69870301243,79759.69870301243,79759.69870301243,0,1
1372611060000,1372611119999,79759.69870301243,79759.69870301243,79759.69870301243,79759.69870301243,0,1
1372611120000,1372611179999,79759.69870301243,79759.69870301243,79759.69870301243,79759.69870301243,0,1
1372611180000,1372611239999,79759.69870301243,79759.69870301243,79759.69870301243,79759.69870301243,0,1
1372611240000,1372611299999,79759.69870301243,79759.69870301243,79759.69870301243,79759.69870301243,0,1
1372611300000,1372611359999,79759.69870301243,79759.69870301243,79759.69870301243,79759.69870301243,0,1
1372611360000,1372611419999,79759.69870301243,79759.69870301243,79759.69870301243,79759.69870301243,0,1
1372611420000,1372611479999,79759.69870301243,79759.69870301243,79759.69870301243,79759.69870301243,0,1
1372611480000,1372611539999,79759.69870301243,79759.69870301243,79759.69870301243,79759.69870301243,0,1
1372611540000,1372611599999,79759.69870301243,79759.69870301243,79759.69870301243,79759.69870301243,0,1
1372611600000,1372611659999,79759.69870301243,79759.69870301243,79759.69870301243,79759.69870301243,0,1
1372611660000,1372611719999,79759.69870301243,79759.69870301243,79759.69870301243,79759.69870301243,0,1
1372611720000,1372611779999,79759.69870301243,79759.69870301243,79759.69870301243,79759.69870301243,0,1
1372611780000,1372611839999,79759.69870301243,79759.69870301243,79759.69870301243,79759.69870301243,0,1
1372611840000,1372611899999,79759.69870301243,79759.69870301243,79759.69870301243,79759.69870301243,0,1
1372611900000,1372611959999,79759.69870301243,79759.69870301243,79759.69870301243,79759.69870301243,0,1
1372611960000,1372612019999,79759.69870301243,79759.69870301243,79759.69870301243,79759.69870301243,0,1
1372612020000,1372612079999,79759.69870301243,79759.69870301243,79759.69870301243,79759.69870301243,0,1
1372612080000,1372612139999,79759.69870301243,79759.69870301243,79759.69870301243,79759.69870301243,0,1
1372612140000,1372612199999,79759.69870301243,79759.69870301243,79759.69870301243,79759.69870301243,0,1
1372612200000,1372612259999,79759.69870301243,79759.69870301243,79759.69870301243,79759.69870301243,0,1
1372612260000,1372612319999,79759.69870301243,79759.69870301243,79759.69870301243,79759.69870301243,0,1
1372612320000,1372612379999,79759.69870301243,79759.69870301243,79759.69870301243,79759.69870301243,0,1
1372612380000,1372612439999,79759.69870301243,79759.69870301243,79759.69870301243,79759.69870301243,0,1
1372612440000,1372612499999,79759.69870301243,79759.69870301243,79759.69870301243,79759.69870301243,0,1
1372612500000,1372612559999,79759.69870301243,79759.69870301243,79759.69870301243,79759.69870301243,0,1
1372612560000,1372612619999,79759.69870301243,79759.69870301243,79759.69870301243,79759.69870301243,0,1
1372612620000,1372612679999,79759.69870301243,79759.69870301243,79759.69870301243,79759.69870301243,0,1
1372612680000,1372612739999,79759.69870301243,79759.69870301243,79759.69870301243,79759.69870301243,0,1
1372612740000,1372612799999,79759.69870301243,79759.69870301243,79759.69870301243,79759.69870301243,0,1
1372612800000,1372612859999,79759.69870301243,79759.69870301243,79759.69870301243,79759.69870301243,0,1
1372612860000,1372612919999,79759.69870301243,79759.69870301243,79759.69870301243,79759.69870301243,0,1
1372612920000,1372612979999,79759.69870301243,79759.69870301243,79759.69870301243,79759.69870301243,0,1
1372612980000,1372613039999,79759.69870301243,79759.69870301243,79759.69870301243,79759.69870301243,0,1
1372613040000,1372613099999,79759.69870301243,79759.69870301243,79759.69870301243,79759.69870301243,0,1
1372613100000,1372613159999,79759.69870301243,79759.69870301243,79759.69870301243,79759.69870301243,0,1
1372613160000,1372613219999,79759.69870301243,79759.69870301243,79759.69870301243,79759.69870301243,0,1
1372613220000,1372613279999,79759.69870301243,79759.69870301243,79759.69870301243,79759.69870301243,0,1
1372613280000,1372613339999,79759.69870301243,79759.69870301243,79759.69870301243,79759.69870301243,0,1
1372613340000,1372613399999,79759.69870301243,79759.69870301243,79759.69870301243,79759.69870301243,0,1
1372613400000,1372613459999,79759.69870301243,79759.69870301243,79759.69870301243,79759.69870301243,0,1
1372613460000,1372613519999,79759.69870301243,79759.69870301243,79759.69870301243,79759.69870301243,0,1
1372613520000,1372613579999,79759.69870301243,79759.69870301243,79759.69870301243,79759.69870301243,0,1
1372613580000,1372613639999,79759.69870301243,79759.69870301243,79759.69870301243,79759.69870301243,0,1
1372613640000,1372613699999,79759.69870301243,79759.69870301243,79759.69870301243,79759.69870301243,0,1
1372613700000,1372613759999,79759.69870301243,79759.69870301243,79759.69870301243,79759.69870301243,0,1
1372613760000,1372613819999,79759.69870301243,79759.69870301243,79759.69870301243,79759.69870301243,0,1
1372613820000,1372613879999,79759.69870301243,79759.69870301243,79759.69870301243,79759.69870301243,0,1
1372613880000,1372613939999,79759.69870301243,79759.69870301243,79759.69870301243,79759.69870301243,0,1
1372613940000,1372613999999,79759.69870301243,79759.69870301243,79759.69870301243,79759.69870301243,0,1
1372614000000,1372614059999,79759.69870301243,79759.69870301243,79759.69870301243,79759.69870301243,0,1
1372614060000,1372614119999,79759.69870301243,79759.69870301243,79759.69870301243,79759.69870301243,0,1
1372614120000,1372614179999,79759.69870301243,79759.69870301243,79759.69870301243,79759.69870301243,0,1
1372614180000,1372614239999,79759.69870301243,79759.69870301243,79759.69870301243,79759.69870301243,0,1
1372614240000,1372614299999,79759.69870301243,79759.69870301243,79759.69870301243,79759.69870301243,0,1
1372614300000,1372614359999,79759.69870301243,79759.69870301243,79759.69870301243,79759.69870301243,0,1
1372614360000,1372614419999,79759.69870301243,79759.69870301243,79759.69870301243,79759.69870301243,0,1
1372614420000,1372614479999,79759.69870301243,79759.69870301243,79759.69870301243,79759.69870301243,0,1
1372614480000,1372614539999,79759.69870301243,79759.69870301243,79759.69870301243,79759.69870301243,0,1
1372614540000,1372614599999,79759.69870301243,79759.69870301243,79759.69870301243,79759.69870301243,0,1
1372614600000,1372614659999,79759.69870301243,79759.69870301243,79759.69870301243,79759.69870301243,0,1
1372614660000,1372614719999,79759.69870301243,79759.69870301243,79759.69870301243,79759.69870301243,0,1
1372614720000,1372614779999,79759.69870301243,79759.69870301243,79759.69870301243,79759.69870301243,0,1
1372614780000,1372614839999,79759.69870301243,79759.69870301243,79759.69870301243,79759.69870301243,0,1
1372614840000,1372614899999,79759.69870301243,79759.69870301243,79759.69870301243,79759.69870301243,0,1
1372614900000,1372614959999,79759.69870301243,79759.69870301243,79759.69870301243,79759.69870301243,0,1
1372614960000,1372615019999,79759.69870301243,79759.69870301243,79759.69870301243,79759.69870301243,0,1
1372615020000,1372615079999,79759.69870301243,79759.69870301243,79759.69870301243,79759.69870301243,0,1
1372615080000,1372615139999,79759.69870301243,79759.69870301243,79759.69870301243,79759.69870301243,0,1
1372615140000,1372615199999,79759.69870301243,79759.69870301243,79759.69870301243,79759.69870301243,0,1
1372615200000,1372615259999,79759.69870301243,79759.69870301243,79759.69870301243,79759.69870301243,0,1
1372615260000,1372615319999,79759.69870301243,79759.69870301243,79759.69870301243,79759.69870301243,0,1
1372615320000,1372615379999,79759.69870301243,79759.69870301243,79759.69870301243,79759.69870301243,0,1
1372615380000,1372615439999,79759.69870301243,79759.69870301243,79759.69870301243,79759.69870301243,0,1
1372615440000,1372615499999,79759.69870301243,79759.69870301243,79759.69870301243,79759.69870301243,0,1
1372615500000,1372615559999,79759.69870301243,79759.69870301243,79759.69870301243,79759.69870301243,0,1
1372615560000,1372615619999,79759.69870301243,79759.69870301243,79759.69870301243,79759.69870301243,0,1
1372615620000,1372615679999,79759.69870301243,79759.69870301243,79759.69870301243,79759.69870301243,0,1
1372615680000,1372615739999,79759.69870301243,79759.69870301243,79759.69870301243,79759.69870301243,0,1
1372615740000,1372615799999,79759.69870301243,79759.69870301243,79759.69870301243,79759.69870301243,0,1
1372615800000,1372615859999,79759.69870301243,79759.69870301243,79759.69870301243,79759.69870301243,0,1
1372615860000,1372615919999,79759.69870301243,79759.69870301243,79759.69870301243,79759.69870301243,0,1
1372615920000,1372615979999,79759.69870301243,79759.69870301243,79759.69870301243,79759.69870301243,0,1
1372615980000,1372616039999,79759.69870301243,79759.69870301243,79759.69870301243,79759.69870301243,0,1
1372616040000,1372616099999,79759.69870301243,79759.69870301243,79759.69870301243,79759.69870301243,0,1
1372616100000,1372616159999,79759.69870301243,79759.69870301243,79759.69870301243,79759.69870301243,0,1
1372616160000,1372616219999,79759.69870301243,79759.69870301243,79759.69870301243,79759.69870301243,0,1
1372616220000,1372616279999,79759.69870301243,79759.69870301243,79759.69870301243,79759.69870301243,0,1
1372616280000,1372616339999,79759.69870301243,79759.69870301243,79759.69870301243,79759.69870301243,0,1
1372616340000,1372616399999,79759.69870301243,79759.69870301243,79759.69870301243,79759.69870301243,0,1
1372616400000,1372616459999,79759.69870301243,79759.69870301243,79759.69870301243,79759.69870301243,0,1
1372616460000,1372616519999,79759.69870301243,79759.69870301243,79759.69870301243,79759.69870301243,0,1
1372616520000,1372616579999,79759.69870301243,79759.69870301243,79759.69870301243,79759.69870301243,0,1
1372616580000,1372616639999,79759.69870301243,79759.69870301243,79759.69870301243,79759.69870301243,0,1
1372616640000,1372616699999,79759.69870301243,79759.69870301243,79759.69870301243,79759.69870301243,0,1
1372616700000,1372616759999,79759.69870301243,79759.69870301243,79759.69870301243,79759.69870301243,0,1
1372616760000,1372616819999,79759.69870301243,79759.69870301243,79759.69870301243,79759.69870301243,0,1
1372616820000,1372616879999,79759.69870301243,79759.69870301243,79759.69870301243,79759.69870301243,0,1
1372616880000,1372616939999,79759.69870301243,79759.69870301243,79759.69870301243,79759.69870301243,0,1
1372616940000,1372616999999,79759.69870301243,79759.69870301243,79759.69870301243,79759.69870301243,0,1
1372617000000,1372617059999,79759.69870301243,79759.69870301243,79759.69870301243,79759.69870301243,0,1
1372617060000,1372617119999,79759.69870301243,79759.69870301243,79759.69870301243,79759.69870301243,0,1
1372617120000,1372617179999,79759.69870301243,79759.69870301243,79759.69870301243,79759.69870301243,0,1
1372617180000,1372617239999,79759.69870301243,79759.69870301243,79759.69870301243,79759.69870301243,0,1
1372617240000,1372617299999,79759.69870301243,79759.69870301243,79759.69870301243,79759.69870301243,0,1
1372617300000,1372617359999,79759.69870301243,79759.69870301243,79759.69870301243,79759.69870301243,0,1
1372617360000,1372617419999,79759.69870301243,79759.69870301243,79759.69870301243,79759.69870301243,0,1
1372617420000,1372617479999,79759.69870301243,79759.69870301243,79759.69870301243,79759.69870301243,0,1
1372617480000,1372617539999,79759.69870301243,79759.69870301243,79759.69870301243,79759.69870301243,0,1
1372617540000,1372617599999,79759.69870301243,79759.69870301243,79759.69870301243,79759.69870301243,0,1
1372617600000,1372617659999,79759.69870301243,79759.69870301243,79759.69870301243,79759.69870301243,0,1
1372617660000,1372617719999,79759.69870301243,79759.69870301243,79759.69870301243,79759.69870301243,0,1
1372617720000,1372617779999,79759.69870301243,79759.69870301243,79759.69870301243,79759.69870301243,0,1
1372617780000,1372617839999,79759.69870301243,79759.69870301243,79759.69870301243,79759.69870301243,0,1
1372617840000,1372617899999,79759.69870301243,79759.69870301243,79759.69870301243,79759.69870301243,0,1
1372617900000,1372617959999,79759.69870301243,79759.69870301243,79759.69870301243,79759.69870301243,0,1
1372617960000,1372618019999,79759.69870301243,79759.69870301243,79759.69870301243,79759.69870301243,0,1
1372618020000,1372618079999,79759.69870301243,79759.69870301243,79759.69870301243,79759.69870301243,0,1
1372618080000,1372618139999,79759.69870301243,79759.69870301243,79759.69870301243,79759.69870301243,0,1
1372618140000,1372618199999,79759.69870301243,79759.69870301243,79759.69870301243,79759.69870301243,0,1
1372618200000,1372618259999,79759.69870301243,79759.69870301243,79759.69870301243,79759.69870301243,0,1
1372618260000,1372618319999,79759.69870301243,79759.69870301243,79759.69870301243,79759.69870301243,0,1
1372618320000,1372618379999,79759.69870301243,79759.69870301243,79759.69870301243,79759.69870301243,0,1
1372618380000,1372618439999,79759.69870301243,79759.69870301243,79759.69870301243,79759.69870301243,0,1
1372618440000,1372618499999,79759.69870301243,79759.69870301243,79759.69870301243,79759.69870301243,0,1
1372618500000,1372618559999,79759.69870301243,79759.69870301243,79759.69870301243,79759.69870301243,0,1
1372618560000,1372618619999,79759.69870301243,79759.69870301243,79759.69870301243,79759.69870301243,0,1
1372618620000,1372618679999,79759.69870301243,79759.69870301243,79759.69870301243,79759.69870301243,0,1
1372618680000,1372618739999,79759.69870301243,79759.69870301243,79759.69870301243,79759.69870301243,0,1
1372618740000,1372618799999,79759.69870301243,79759.69870301243,79759.69870301243,79759.69870301243,0,1
1372618800000,1372618859999,79759.69870301243,79759.69870301243,79759.69870301243,79759.69870301243,0,1
1372618860000,1372618919999,79759.69870301243,79759.69870301243,79759.69870301243,79759.69870301243,0,1
1372618920000,1372618979999,79759.69870301243,79759.69870301243,79759.69870301243,79759.69870301243,0,1
1372618980000,1372619039999,79759.69870301243,79759.69870301243,79759.69870301243,79759.69870301243,0,1
1372619040000,1372619099999,79759.69870301243,79759.69870301243,79759.69870301243,79759.69870301243,0,1
1372619100000,1372619159999,79759.69870301243,79759.69870301243,79759.69870301243,79759.69870301243,0,1
1372619160000,1372619219999,79759.69870301243,79759.69870301243,79759.69870301243,79759.69870301243,0,1
1372619220000,1372619279999,79759.69870301243,79759.69870301243,79759.69870301243,79759.69870301243,0,1
1372619280000,1372619339999,79759.69870301243,79759.69870301243,79759.69870301243,79759.69870301243,0,1
1372619340000,1372619399999,79759.69870301243,79759.69870301243,79759.69870301243,79759.69870301243,0,1
1372619400000,1372619459999,79759.69870301243,79759.69870301243,79759.69870301243,79759.69870301243,0,1
1372619460000,1372619519999,79759.69870301243,79759.69870301243,79759.69870301243,79759.69870301243,0,1
1372619520000,1372619579999,79759.69870301243,79759.69870301243,79759.69870301243,79759.69870301243,0,1
1372619580000,1372619639999,79759.69870301243,79759.69870301243,79759.69870301243,79759.69870301243,0,1
1372619640000,1372619699999,79759.69870301243,79759.69870301243,79759.69870301243,79759.69870301243,0,1
1372619700000,1372619759999,79759.69870301243,79759.69870301243,79759.69870301243,79759.69870301243,0,1
1372619760000,1372619819999,79759.69870301243,79759.69870301243,79759.69870301243,79759.69870301243,0,1
1372619820000,1372619879999,79759.69870301243,79759.69870301243,79759.69870301243,79759.69870301243,0,1
1372619880000,1372619939999,79759.69870301243,79759.69870301243,79759.69870301243,79759.69870301243,0,1
1372619940000,1372619999999,79759.69870301243,79759.69870301243,79759.69870301243,79759.69870301243,0,1
1372620000000,1372620059999,79759.69870301243,79759.69870301243,79759.69870301243,79759.69870301243,0,1
1372620060000,1372620119999,79759.69870301243,79759.69870301243,79759.69870301243,79759.69870301243,0,1
1372620120000,1372620179999,79759.69870301243,79759.69870301243,79759.69870301243,79759.69870301243,0,1
1372620180000,1372620239999,79759.69870301243,79759.69870301243,79759.69870301243,79759.69870301243,0,1
1372620240000,1372620299999,79759.69870301243,79759.69870301243,79759.69870301243,79759.69870301243,0,1
1372620300000,1372620359999,79759.69870301243,79759.69870301243,79759.69870301243,79759.69870301243,0,1
1372620360000,1372620419999,79759.69870301243,79759.69870301243,79759.69870301243,79759.69870301243,0,1
1372620420000,1372620479999,79759.69870301243,79759.69870301243,79759.69870301243,79759.69870301243,0,1
1372620480000,1372620539999,79759.69870301243,79759.69870301243,79759.69870301243,79759.69870301243,0,1
1372620540000,1372620599999,79759.69870301243,79759.69870301243,79759.69870301243,79759.69870301243,0,1
1372620600000,1372620659999,79759.69870301243,79759.69870301243,79759.69870301243,79759.69870301243,0,1
1372620660000,1372620719999,79759.69870301243,79759.69870301243,79759.69870301243,79759.69870301243,0,1
1372620720000,1372620779999,79759.69870301243,79759.69870301243,79759.69870301243,79759.69870301243,0,1
1372620780000,1372620839999,79759.69870301243,79759.69870301243,79759.69870301243,79759.69870301243,0,1
1372620840000,1372620899999,79759.69870301243,79759.69870301243,79759.69870301243,79759.69870301243,0,1
1372620900000,1372620959999,79759.69870301243,79759.69870301243,79759.69870301243,79759.69870301243,0,1
1372620960000,1372621019999,79759.69870301243,79759.69870301243,79759.69870301243,79759.69870301243,0,1
1372621020000,1372621079999,79759.69870301243,79759.69870301243,79759.69870301243,79759.69870301243,0,1
1372621080000,1372621139999,79759.69870301243,79759.69870301243,79759.69870301243,79759.69870301243,0,1
1372621140000,1372621199999,79759.69870301243,79759.69870301243,79759.69870301243,79759.69870301243,0,1
1372621200000,1372621259999,79759.69870301243,79759.69870301243,79759.69870301243,79759.69870301243,0,1
1372621260000,1372621319999,79759.69870301243,79759.69870301243,79759.69870301243,79759.69870301243,0,1
1372621320000,1372621379999,79759.69870301243,79759.69870301243,79759.69870301243,79759.69870301243,0,1
1372621380000,1372621439999,79759.69870301243,79759.69870301243,79759.69870301243,79759.69870301243,0,1
1372621440000,1372621499999,79759.69870301243,79759.69870301243,79759.69870301243,79759.69870301243,0,1
1372621500000,1372621559999,79759.69870301243,79759.69870301243,79759.69870301243,79759.69870301243,0,1
1372621560000,1372621619999,79759.69870301243,79759.69870301243,79759.69870301243,79759.69870301243,0,1
1372621620000,1372621679999,79759.69870301243,79759.69870301243,79759.69870301243,79759.69870301243,0,1
1372621680000,1372621739999,79759.69870301243,79759.69870301243,79759.69870301243,79759.69870301243,0,1
1372621740000,1372621799999,79759.69870301243,79759.69870301243,79759.69870301243,79759.69870301243,0,1
1372621800000,1372621859999,79759.69870301243,79759.69870301243,79759.69870301243,79759.69870301243,0,1
1372621860000,1372621919999,79759.69870301243,79759.69870301243,79759.69870301243,79759.69870301243,0,1
1372621920000,1372621979999,79759.69870301243,79759.69870301243,79759.69870301243,79759.69870301243,0,1
1372621980000,1372622039999,79759.69870301243,79759.69870301243,79759.69870301243,79759.69870301243,0,1
1372622040000,1372622099999,79759.69870301243,79759.69870301243,79759.69870301243,79759.69870301243,0,1
1372622100000,1372622159999,79759.69870301243,79759.69870301243,79759.69870301243,79759.69870301243,0,1
1372622160000,1372622219999,79759.69870301243,79759.69870301243,79759.69870301243,79759.69870301243,0,1
1372622220000,1372622279999,79759.69870301243,79759.69870301243,79759.69870301243,79759.69870301243,0,1
1372622280000,1372622339999,79759.69870301243,79759.69870301243,79759.69870301243,79759.69870301243,0,1
1372622340000,1372622399999,79759.69870301243,79759.69870301243,79759.69870301243,79759.69870301243,0,1
1372622400000,1372622459999,79759.69870301243,79759.69870301243,79759.69870301243,79759.69870301243,0,1
1372622460000,1372622519999,79759.69870301243,79759.69870301243,79759.69870301243,79759.69870301243,0,1
1372622520000,1372622579999,79759.69870301243,79759.69870301243,79759.69870301243,79759.69870301243,0,1
1372622580000,1372622639999,79759.69870301243,79759.69870301243,79759.69870301243,79759.69870301243,0,1
1372622640000,1372622699999,79759.69870301243,79759.69870301243,79759.69870301243,79759.69870301243,0,1
1372622700000,1372622759999,79759.69870301243,79759.69870301243,79759.69870301243,79759.69870301243,0,1
1372622760000,1372622819999,79759.69870301243,79759.69870301243,79759.69870301243,79759.69870301243,0,1
1372622820000,1372622879999,79759.69870301243,79759.69870301243,79759.69870301243,79759.69870301243,0,1
1372622880000,1372622939999,79759.69870301243,79759.69870301243,79759.69870301243,79759.69870301243,0,1
1372622940000,1372622999999,79759.69870301243,79759.69870301243,79759.69870301243,79759.69870301243,0,1
1372623000000,1372623059999,79759.69870301243,79759.69870301243,79759.69870301243,79759.69870301243,0,1
1372623060000,1372623119999,79759.69870301243,79759.69870301243,79759.69870301243,79759.69870301243,0,1
1372623120000,1372623179999,79759.69870301243,79759.69870301243,79759.69870301243,79759.69870301243,0,1
1372623180000,1372623239999,79759.69870301243,79759.69870301243,79759.69870301243,79759.69870301243,0,1
1372623240000,1372623299999,79759.69870301243,79759.69870301243,79759.69870301243,79759.69870301243,0,1
1372623300000,1372623359999,79759.69870301243,79759.69870301243,79759.69870301243,79759.69870301243,0,1
1372623360000,1372623419999,79759.69870301243,79759.69870301243,79759.69870301243,79759.69870301243,0,1
1372623420000,1372623479999,79759.69870301243,79759.69870301243,79759.69870301243,79759.69870301243,0,1
1372623480000,1372623539999,79759.69870301243,79759.69870301243,79759.69870301243,79759.69870301243,0,1
1372623540000,1372623599999,79759.69870301243,79759.69870301243,79759.69870301243,79759.69870301243,0,1
1372623600000,1372623659999,79759.69870301243,79759.69870301243,79759.69870301243,79759.69870301243,0,1
1372623660000,1372623719999,79759.69870301243,79759.69870301243,79759.69870301243,79759.69870301243,0,1
1372623720000,1372623779999,79759.69870301243,79759.69870301243,79759.69870301243,79759.69870301243,0,1
1372623780000,1372623839999,79759.69870301243,79759.69870301243,79759.69870301243,79759.69870301243,0,1
1372623840000,1372623899999,79759.69870301243,79759.69870301243,79759.69870301243,79759.69870301243,0,1
1372623900000,1372623959999,79759.69870301243,79759.69870301243,79759.69870301243,79759.69870301243,0,1
1372623960000,1372624019999,79759.69870301243,79759.69870301243,79759.69870301243,79759.69870301243,0,1
1372624020000,1372624079999,79759.69870301243,79759.69870301243,79759.69870301243,79759.69870301243,0,1
1372624080000,1372624139999,79759.69870301243,79759.69870301243,79759.69870301243,79759.69870301243,0,1
1372624140000,1372624199999,79759.69870301243,79759.69870301243,79759.69870301243,79759.69870301243,0,1
1372624200000,1372624259999,79759.69870301243,79759.69870301243,79759.69870301243,79759.69870301243,0,1
1372624260000,1372624319999,79759.69870301243,79759.69870301243,79759.69870301243,79759.69870301243,0,1
1372624320000,1372624379999,79759.69870301243,79759.69870301243,79759.69870301243,79759.69870301243,0,1
1372624380000,1372624439999,79759.69870301243,79759.69870301243,79759.69870301243,79759.69870301243,0,1
1372624440000,1372624499999,79759.69870301243,79759.69870301243,79759.69870301243,79759.69870301243,0,1
1372624500000,1372624559999,79759.69870301243,79759.69870301243,79759.69870301243,79759.69870301243,0,1
1372624560000,1372624619999,79759.69870301243,79759.69870301243,79759.69870301243,79759.69870301243,0,1
1372624620000,1372624679999,79759.69870301243,79759.69870301243,79759.69870301243,79759.69870301243,0,1
1372624680000,1372624739999,79759.69870301243,79759.69870301243,79759.69870301243,79759.69870301243,0,1
1372624740000,1372624799999,79759.69870301243,79759.69870301243,79759.69870301243,79759.69870301243,0,1
1372624800000,1372624859999,79759.69870301243,79759.69870301243,79759.69870301243,79759.69870301243,0,1
1372624860000,1372624919999,79759.69870301243,79759.69870301243,79759.69870301243,79759.69870301243,0,1
1372624920000,1372624979999,79759.69870301243,79759.69870301243,79759.69870301243,79759.69870301243,0,1
1372624980000,1372625039999,79759.69870301243,79759.69870301243,79759.69870301243,79759.69870301243,0,1
1372625040000,1372625099999,79759.69870301243,79759.69870301243,79759.69870301243,79759.69870301243,0,1
1372625100000,1372625159999,79759.69870301243,79759.69870301243,79759.69870301243,79759.69870301243,0,1
1372625160000,1372625219999,79759.69870301243,79759.69870301243,79759.69870301243,79759.69870301243,0,1
1372625220000,1372625279999,79759.69870301243,79759.69870301243,79759.69870301243,79759.69870301243,0,1
1372625280000,1372625339999,79759.69870301243,79759.69870301243,79759.69870301243,79759.69870301243,0,1
1372625340000,1372625399999,79759.69870301243,79759.69870301243,79759.69870301243,79759.69870301243,0,1
1372625400000,1372625459999,79759.69870301243,79759.69870301243,79759.69870301243,79759.69870301243,0,1
1372625460000,1372625519999,79759.69870301243,79759.69870301243,79759.69870301243,79759.69870301243,0,1
1372625520000,1372625579999,79759.69870301243,79759.69870301243,79759.69870301243,79759.69870301243,0,1
1372625580000,1372625639999,79759.69870301243,79759.69870301243,79759.69870301243,79759.69870301243,0,1
1372625640000,1372625699999,79759.69870301243,79759.69870301243,79759.69870301243,79759.69870301243,0,1
1372625700000,1372625759999,79759.69870301243,79759.69870301243,79759.69870301243,79759.69870301243,0,1
1372625760000,1372625819999,79759.69870301243,79759.69870301243,79759.69870301243,79759.69870301243,0,1
1372625820000,1372625879999,79759.69870301243,79759.69870301243,79759.69870301243,79759.69870301243,0,1
1372625880000,1372625939999,79759.69870301243,79759.69870301243,79759.69870301243,79759.69870301243,0,1
1372625940000,1372625999999,79759.69870301243,79759.69870301243,79759.69870301243,79759.69870301243,0,1
1372626000000,1372626059999,79759.69870301243,79759.69870301243,79759.69870301243,79759.69870301243,0,1
1372626060000,1372626119999,79759.69870301243,79759.69870301243,79759.69870301243,79759.69870301243,0,1
1372626120000,1372626179999,79759.69870301243,79759.69870301243,79759.69870301243,79759.69870301243,0,1
1372626180000,1372626239999,79759.69870301243,79759.69870301243,79759.69870301243,79759.69870301243,0,1
1372626240000,1372626299999,79759.69870301243,79759.69870301243,79759.69870301243,79759.69870301243,0,1
1372626300000,1372626359999,79759.69870301243,79759.69870301243,79759.69870301243,79759.69870301243,0,1
1372626360000,1372626419999,79759.69870301243,79759.69870301243,79759.69870301243,79759.69870301243,0,1
1372626420000,1372626479999,79759.69870301243,79759.69870301243,79759.69870301243,79759.69870301243,0,1
1372626480000,1372626539999,79759.69870301243,79759.69870301243,79759.69870301243,79759.69870301243,0,1
1372626540000,1372626599999,79759.69870301243,79759.69870301243,79759.69870301243,79759.69870301243,0,1
1372626600000,1372626659999,79759.69870301243,79759.69870301243,79759.69870301243,79759.69870301243,0,1
1372626660000,1372626719999,79759.69870301243,79759.69870301243,79759.69870301243,79759.69870301243,0,1
1372626720000,1372626779999,79759.69870301243,79759.69870301243,79759.69870301243,79759.69870301243,0,1
1372626780000,1372626839999,79759.69870301243,79759.69870301243,79759.69870301243,79759.69870301243,0,1
1372626840000,1372626899999,79759.69870301243,79759.69870301243,79759.69870301243,79759.69870301243,0,1
1372626900000,1372626959999,79759.69870301243,79759.69870301243,79759.69870301243,79759.69870301243,0,1
1372626960000,1372627019999,79759.69870301243,79759.69870301243,79759.69870301243,79759.69870301243,0,1
1372627020000,1372627079999,79759.69870301243,79759.69870301243,79759.69870301243,79759.69870301243,0,1
1372627080000,1372627139999,79759.69870301243,79759.69870301243,79759.69870301243,79759.69870301243,0,1
1372627140000,1372627199999,79759.69870301243,79759.69870301243,79759.69870301243,79759.69870301243,0,1
1372627200000,1372627259999,79759.69870301243,79759.69870301243,79759.69870301243,79759.69870301243,0,1
1372627260000,1372627319999,79759.69870301243,79759.69870301243,79759.69870301243,79759.69870301243,0,1
1372627320000,1372627379999,79759.69870301243,79759.69870301243,79759.69870301243,79759.69870301243,0,1
1372627380000,1372627439999,79759.69870301243,79759.69870301243,79759.69870301243,79759.69870301243,0,1
1372627440000,1372627499999,79759.69870301243,79759.69870301243,79759.69870301243,79759.69870301243,0,1
1372627500000,1372627559999,79759.69870301243,79759.69870301243,79759.69870301243,79759.69870301243,0,1
1372627560000,1372627619999,79759.69870301243,79759.69870301243,79759.69870301243,79759.69870301243,0,1
1372627620000,1372627679999,79759.69870301243,79759.69870301243,79759.69870301243,79759.69870301243,0,1
1372627680000,1372627739999,79759.69870301243,79759.69870301243,79759.69870301243,79759.69870301243,0,1
1372627740000,1372627799999,79759.69870301243,79759.69870301243,79759.69870301243,79759.69870301243,0,1
1372627800000,1372627859999,79759.69870301243,79759.69870301243,79759.69870301243,79759.69870301243,0,1
1372627860000,1372627919999,79759.69870301243,79759.69870301243,79759.69870301243,79759.69870301243,0,1
1372627920000,1372627979999,79759.69870301243,79759.69870301243,79759.69870301243,79759.69870301243,0,1
1372627980000,1372628039999,79759.69870301243,79759.69870301243,79759.69870301243,79759.69870301243,0,1
1372628040000,1372628099999,79759.69870301243,79759.69870301243,79759.69870301243,79759.69870301243,0,1
1372628100000,1372628159999,79759.69870301243,79759.69870301243,79759.69870301243,79759.69870301243,0,1
1372628160000,1372628219999,79759.69870301243,79759.69870301243,79759.69870301243,79759.69870301243,0,1
1372628220000,1372628279999,79759.69870301243,79759.69870301243,79759.69870301243,79759.69870301243,0,1
1372628280000,1372628339999,79759.69870301243,79759.69870301243,79759.69870301243,79759.69870301243,0,1
1372628340000,1372628399999,79759.69870301243,79759.69870301243,79759.69870301243,79759.69870301243,0,1
1372628400000,1372628459999,79759.69870301243,79759.69870301243,79759.69870301243,79759.69870301243,0,1
1372628460000,1372628519999,79759.69870301243,79759.69870301243,79759.69870301243,79759.69870301243,0,1
1372628520000,1372628579999,79759.69870301243,79759.69870301243,79759.69870301243,79759.69870301243,0,1
1372628580000,1372628639999,79759.69870301243,79759.69870301243,79759.69870301243,79759.69870301243,0,1
1372628640000,1372628699999,79759.69870301243,79759.69870301243,79759.69870301243,79759.69870301243,0,1
1372628700000,1372628759999,79759.69870301243,79759.69870301243,79759.69870301243,79759.69870301243,0,1
1372628760000,1372628819999,79759.69870301243,79759.69870301243,79759.69870301243,79759.69870301243,0,1
1372628820000,1372628879999,79759.69870301243,79759.69870301243,79759.69870301243,79759.69870301243,0,1
1372628880000,1372628939999,79759.69870301243,79759.69870301243,79759.69870301243,79759.69870301243,0,1
1372628940000,1372628999999,79759.69870301243,79759.69870301243,79759.69870301243,79759.69870301243,0,1
1372629000000,1372629059999,79759.69870301243,79759.69870301243,79759.69870301243,79759.69870301243,0,1
1372629060000,1372629119999,79759.69870301243,79759.69870301243,79759.69870301243,79759.69870301243,0,1
1372629120000,1372629179999,79759.69870301243,79759.69870301243,79759.69870301243,79759.69870301243,0,1
1372629180000,1372629239999,79759.69870301243,79759.69870301243,79759.69870301243,79759.69870301243,0,1
1372629240000,1372629299999,79759.69870301243,79759.69870301243,79759.69870301243,79759.69870301243,0,1
1372629300000,1372629359999,79759.69870301243,79759.69870301243,79759.69870301243,79759.69870301243,0,1
1372629360000,1372629419999,79759.69870301243,79759.69870301243,79759.69870301243,79759.69870301243,0,1
1372629420000,1372629479999,79759.69870301243,79759.69870301243,79759.69870301243,79759.69870301243,0,1
1372629480000,1372629539999,79759.69870301243,79759.69870301243,79759.69870301243,79759.69870301243,0,1
1372629540000,1372629599999,79759.69870301243,79759.69870301243,79759.69870301243,79759.69870301243,0,1
1372629600000,1372629659999,79744.4440250431,79764.27812855491,79744.4440250431,79759.69870301243,0,1
1372629660000,1372629719999,79759.65746835043,79760.09729597931,79758.08355165205,79758.36536280422,0,1
1372629720000,1372629779999,79758.49595552334,79760.45807763857,79758.23820509687,79760.06637123141,0,1
1372629780000,1372629839999,79759.82240597824,79761.17960191045,79759.82240597824,79760.2862784718,0,1
1372629840000,1372629899999,79759.98734088565,79760.11447635347,79756.43032873145,79756.55407213439,0,1
1372629900000,1372629959999,79756.28252210445,79756.28252210445,79755.72908718989,79756.13815073179,0,1
1372629960000,1372630019999,79755.77033805358,79756.49907525546,79755.74971264301,79756.31002117723,0,1
1372630020000,1372630079999,79755.62939690013,79759.70901165136,79755.62939690013,79759.70901165136,0,1
1372630080000,1372630139999,79759.22793051074,79759.22793051074,79757.93920627894,79758.09386195612,0,1
1372630140000,1372630199999,79758.29319241199,79758.50626540222,79756.74999605748,79757.72612120573,0,1
1372630200000,1372630259999,79758.15572355728,79758.77088198911,79757.76736383233,79757.76736383233,0,1
1372630260000,1372630319999,79757.91514851418,79759.45129248998,79757.80516942395,79759.37225728306,0,1
1372630320000,1372630379999,79758.97019895051,79760.57146347185,79758.21414805144,79760.26222635292,0,1
1372630380000,1372630439999,79760.08355165871,79760.08355165871,79759.64028719108,79759.65059589023,0,1
1372630440000,1372630499999,79759.36194829697,79760.14196489076,79759.1179658575,79759.1179658575,0,1
1372630500000,1372630559999,79759.76399087951,79759.76399087951,79758.61623678217,79758.61623678217,0,1
1372630560000,1372630619999,79758.29662910914,79758.60592701667,79758.29662910914,79758.37223614776,0,1
1372630620000,1372630679999,79757.92545899187,79759.26916694395,79757.92545899187,79759.26916694395,0,1
1372630680000,1372630739999,79759.6024885366,79759.69183058057,79759.2622942169,79759.2622942169,0,1
1372630740000,1372630799999,79759.98734088565,79759.98734088565,79759.21418499522,79759.21418499522,0,1
1372630800000,1372630859999,79759.70901165136,79759.70901165136,79759.43067467013,79759.43067467013,0,1
1372630860000,1372630919999,79759.59561603864,79760.05262686832,79759.24854874861,79760.05262686832,0,1
1372630920000,1372630979999,79759.63685095568,79760.45464168416,79759.63685095568,79759.8189698054,0,1
1372630980000,1372631039999,79759.95641579773,79760.4340259329,79759.78117182633,79760.43058997023,0,1
1372631040000,1372631099999,79759.8189698054,79760.35156250287,79759.22793051074,79759.69526679709,0,1
1372631100000,1372631159999,79759.32758493326,79759.32758493326,79758.01481601995,79758.01481601995,0,1
1372631160000,1372631219999,79757.73643187834,79757.89796436107,79757.59208149459,79757.59208149459,0,1
1372631220000,1372631279999,79757.95639036119,79757.95639036119,79757.37211499823,79757.37211499823,0,1
1372631280000,1372631339999,79757.87390649709,79757.87390649709,79756.52657373273,79756.52657373273,0,1
1372631340000,1372631399999,79756.87717268984,79756.87717268984,79754.23019038887,79754.38146539652,0,1
1372631400000,1372631459999,79754.59805971899,79754.59805971899,79752.96833014734,79753.53567121076,0,1
1372631460000,1372631519999,79753.56661616125,79755.45063940906,79752.72763027462,79755.45063940906,0,1
1372631520000,1372631579999,79754.31958044272,79754.31958044272,79753.04397748222,79753.04397748222,0,1
1372631580000,1372631639999,79753.05773148162,79753.16088587418,79753.0302234639,79753.16088587418,0,1
1372631640000,1372631699999,79752.32530469517,79752.32530469517,79750.69520465363,79750.69520465363,0,1
1372631700000,1372631759999,79750.68144740442,79751.19733129765,79749.72871185746,79749.72871185746,0,1
1372631760000,1372631819999,79750.07954922374,79750.07954922374,79748.66580588184,79749.03731984255,0,1
1372631820000,1372631879999,79749.23683090287,79750.45445005993,79749.23683090287,79750.45445005993,0,1
1372631880000,1372631939999,79750.40285903573,79750.96002801217,79750.29279729453,79750.67456877271,0,1
1372631940000,1372631999999,79751.24203998188,79751.52404399872,79750.94627112728,79751.42775083832,0,1
1372632000000,1372632059999,79751.40367740334,79752.56945291792,79751.40367740334,79752.56945291792,0,1
1372632060000,1372632119999,79752.52475016798,79752.67261234738,79752.45597631636,79752.67261234738,0,1
1372632120000,1372632179999,79752.88924368538,79752.88924368538,79752.38720199175,79752.63822598913,0,1
1372632180000,1372632239999,79752.63822598913,79752.63822598913,79752.63822598913,79752.63822598913,0,1
1372632240000,1372632299999,79753.07492395428,79753.42564394462,79753.0405389794,79753.0405389794,0,1
1372632300000,1372632359999,79753.5219178687,79753.5219178687,79752.97520720142,79752.97520720142,0,1
1372632360000,1372632419999,79753.36719146708,79753.38782179229,79753.36719146708,79753.38782179229,0,1
1372632420000,1372632479999,79752.64854190902,79753.19527043523,79752.42846664326,79752.65198054662,0,1
1372632480000,1372632539999,79753.51160284974,79754.39177951826,79753.51160284974,79754.39177951826,0,1
1372632540000,1372632599999,79753.71446293629,79753.71446293629,79752.68980548215,79752.98208425079,0,1
1372632600000,1372632659999,79753.36375307542,79753.36375307542,79753.05429298354,79753.05429298354,0,1
1372632660000,1372632719999,79753.35343789331,79753.35343789331,79752.97520720142,79753.33968430062,0,1
1372632720000,1372632779999,79754.2129999023,79754.2129999023,79753.43595905225,79753.43595905225,0,1
1372632780000,1372632839999,79752.74482331482,79753.06804696876,79752.74482331482,79753.06804696876,0,1
1372632840000,1372632899999,79752.72763027462,79752.72763027462,79750.75367275163,79750.96690644752,0,1
1372632900000,1372632959999,79751.26611380598,79751.26611380598,79751.26611380598,79751.26611380598,0,1
1372632960000,1372633019999,79751.52060497325,79751.52060497325,79749.78718560662,79750.50260144238,0,1
1372633020000,1372633079999,79749.90069249658,79749.91101124087,79748.83780480169,79748.83780480169,0,1
1372633080000,1372633139999,79749.20587255097,79750.1242629057,79749.20587255097,79749.35034403986,0,1
1372633140000,1372633199999,79749.17147426978,79749.31594625564,79749.14395555964,79749.14395555964,0,1
1372633200000,1372633259999,79749.18523359646,79749.18523359646,79748.90316361557,79748.90316361557,0,1
1372633260000,1372633319999,79748.93068298834,79749.26434935743,79748.93068298834,79749.18523359646,0,1
1372633320000,1372633379999,79748.80684521445,79750.17241587806,79748.80684521445,79750.17241587806,0,1
1372633380000,1372633439999,79750.91187883224,79750.91531806707,79750.10706535938,79750.10706535938,0,1
1372633440000,1372633499999,79749.60488396585,79749.60488396585,79748.81372513101,79749.41225975333,0,1
1372633500000,1372633559999,79749.37442241843,79749.37442241843,79748.78620543638,79749.12675632734,0,1
1372633560000,1372633619999,79749.21963183032,79749.21963183032,79746.58438445271,79746.58438445271,0,1
1372633620000,1372633679999,79746.06826252396,79746.06826252396,79745.37661737343,79745.37661737343,0,1
1372633680000,1372633739999,79745.89965692154,79746.00976702476,79745.34564706862,79746.00976702476,0,1
1372633740000,1372633799999,79745.82051453595,79745.99256240105,79745.48673323597,79745.99256240105,0,1
1372633800000,1372633859999,79745.38349965036,79745.87557017485,79745.38349965036,79745.48673323597,0,1
1372633860000,1372633919999,79745.97191681353,79745.97191681353,79744.5507097521,79744.5507097521,0,1
1372633920000,1372633979999,79744.89484621739,79744.89828752224,79744.34422218816,79744.89828752224,0,1
1372633980000,1372634039999,79744.90861142967,79744.98087848329,79744.37519559456,79744.46123233122,0,1
1372634040000,1372634099999,79744.38896152217,79744.97743720685,79741.8453846853,79742.04848156855,0,1
1372634100000,1372634159999,79742.44433651977,79745.2630591202,79742.44433651977,79744.8707570503,0,1
1372634160000,1372634219999,79744.34766368249,79746.01320794596,79744.12396408695,79746.01320794596,0,1
1372634220000,1372634279999,79745.5280263718,79746.17492990634,79745.35597051423,79746.17492990634,0,1
1372634280000,1372634339999,79746.05105800088,79746.57062154698,79746.05105800088,79746.16804817406,0,1
1372634340000,1372634399999,79746.5947066196,79746.5947066196,79746.54653641637,79746.54653641637,0,1
1372634400000,1372634459999,79746.20589764294,79746.49836598111,79746.20589764294,79746.49836598111,0,1
1372634460000,1372634519999,79746.02697161886,79746.91124789695,79746.02697161886,79746.71857179097,0,1
1372634520000,1372634579999,79747.10047974467,79747.32067229619,79746.23686528364,79746.23686528364,0,1
1372634580000,1372634639999,79746.25062864873,79746.25062864873,79746.25062864873,79746.25062864873,0,1
1372634640000,1372634699999,79746.8355541552,79746.8355541552,79746.8355541552,79746.8355541552,0,1
1372634700000,1372634759999,79747.16240938984,79749.36754288762,79747.1417662174,79749.29874731915,0,1
1372634760000,1372634819999,79749.42945849457,79749.42945849457,79749.20931237258,79749.33658494038,0,1
1372634820000,1372634879999,79749.27810855632,79750.07610970146,79748.71740586843,79748.71740586843,0,1
1372634880000,1372634939999,79748.3149189118,79748.3149189118,79748.3149189118,79748.3149189118,0,1
1372634940000,1372634999999,79747.71287826906,79748.3734009285,79747.71287826906,79748.34243990343,0,1
1372635000000,1372635059999,79747.5546215698,79747.87801302418,79747.5546215698,79747.78512505995,0,1
1372635060000,1372635119999,79747.88833385582,79747.88833385582,79747.41012413532,79747.41012413532,0,1
1372635120000,1372635179999,79748.36996081933,79748.76556561569,79747.98810134598,79748.64172579699,0,1
1372635180000,1372635239999,79748.75524568938,79749.98324215277,79748.22891532475,79749.65303943923,0,1
1372635240000,1372635299999,79749.65647910703,79749.65647910703,79749.19211325269,79749.19211325269,0,1
1372635300000,1372635359999,79749.98324215277,79749.98324215277,79749.19555307903,79749.32626560333,0,1
1372635360000,1372635419999,79749.48105454087,79749.74247041743,79749.48105454087,79749.7252722145,0,1
1372635420000,1372635479999,79749.4363379828,79749.56016796149,79749.4363379828,79749.56016796149,0,1
1372635480000,1372635539999,79749.49825316382,79749.95572567642,79749.34690426677,79749.34690426677,0,1
1372635540000,1372635599999,79750.08642826475,79751.49997079556,79750.08642826475,79751.22484435776,0,1
1372635600000,1372635659999,79751.17669645288,79751.84042928313,79750.92219653318,79750.92219653318,0,1
1372635660000,1372635719999,79750.6917653431,79751.3142612803,79750.6917653431,79751.3142612803,0,1
1372635720000,1372635779999,79751.31770037675,79751.84386819862,79751.24203998188,79751.34865219149,0,1
1372635780000,1372635839999,79751.68911583077,79751.76477284315,79751.68911583077,79751.76477284315,0,1
1372635840000,1372635899999,79752.33905968307,79752.9855227737,79752.2977946626,79752.2977946626,0,1
1372635900000,1372635959999,79752.81359517996,79752.92362918047,79752.32874344391,79752.90643644771,0,1
1372635960000,1372636019999,79753.19870888484,79753.19870888484,79751.52060497325,79751.77508966412,0,1
1372636020000,1372636079999,79752.22558046706,79752.28060085382,79751.29706578038,79751.29706578038,0,1
1372636080000,1372636139999,79751.44150706087,79751.80604006318,79751.24891822324,79751.24891822324,0,1
1372636140000,1372636199999,79750.88436491106,79751.33833493055,79750.88436491106,79751.33833493055,0,1
1372636200000,1372636259999,79751.37960391042,79751.51028788973,79749.57392675335,79751.51028788973,0,1
1372636260000,1372636319999,79751.31082218268,79751.31082218268,79750.60922153556,79750.68144740442,0,1
1372636320000,1372636379999,79751.41743365901,79751.41743365901,79750.89812188112,79750.89812188112,0,1
1372636380000,1372636439999,79750.66769013628,79751.08727830024,79750.66769013628,79750.74335487682,0,1
1372636440000,1372636499999,79750.18273434197,79750.18273434197,79749.24027071382,79749.25402994585,0,1
1372636500000,1372636559999,79749.11299692022,79750.79838341945,79747.82984900229,79750.79150486818,0,1
1372636560000,1372636619999,79751.78540647446,79752.61759411743,79749.36066335207,79749.36066335207,0,1
1372636620000,1372636679999,79748.93068298834,79750.56451002198,79748.93068298834,79750.56451002198,0,1
1372636680000,1372636739999,79750.57826743207,79750.57826743207,79748.89972368865,79749.34346449249,0,1
1372636740000,1372636799999,79749.4432174663,79751.04256892408,79747.07983644438,79750.5885854772,0,1
