openEpochMillis,closeEpochMillis,open,high,low,close,volume,sourceBars
1288569600000,1288569659000,1.62639,1.6303,1.62497,1.62915,364500000,1
1288569660000,1288569719000,1.62906,1.62947,1.62829,1.62847,277200000,1
1288569720000,1288569779000,1.62848,1.63013,1.62752,1.62838,299900000,1
1288569780000,1288569839000,1.62847,1.62857,1.62689,1.62741,214000000,1
1288569840000,1288569899000,1.6273,1.62876,1.6273,1.62782,183600000,1
1288569900000,1288569959000,1.62779,1.62852,1.62744,1.62852,206100000,1
1288569960000,1288570019000,1.62843,1.62871,1.62798,1.62871,140100000,1
1288570020000,1288570079000,1.6289,1.6299,1.62872,1.62972,152800000,1
1288570080000,1288570139000,1.62979,1.63002,1.629,1.62939,158900000,1
1288570140000,1288570199000,1.62937,1.63044,1.629,1.62927,196500000,1
1288570200000,1288570259000,1.62927,1.6299,1.6291,1.62975,172500000,1
1288570260000,1288570319000,1.62966,1.63111,1.62966,1.63111,175900000,1
1288570320000,1288570379000,1.63104,1.63137,1.63,1.6303,159000000,1
1288570380000,1288570439000,1.63022,1.63057,1.62919,1.62975,150700000,1
1288570440000,1288570499000,1.62969,1.62986,1.62875,1.62897,138900000,1
1288570500000,1288570559000,1.62889,1.62924,1.62887,1.62907,137900000,1
1288570560000,1288570619000,1.62907,1.6292,1.62871,1.62879,132300000,1
1288570620000,1288570679000,1.62881,1.62899,1.6286,1.62869,73600000,1
1288570680000,1288570739000,1.62869,1.62893,1.62828,1.62883,172800000,1
1288570740000,1288570799000,1.62872,1.62931,1.62798,1.62921,180100000,1
1288570800000,1288570859000,1.62921,1.62997,1.62921,1.62992,173500000,1
1288570860000,1288570919000,1.62992,1.63031,1.62985,1.62989,131500000,1
1288570920000,1288570979000,1.62995,1.63094,1.62957,1.63013,163000000,1
1288570980000,1288571039000,1.63006,1.63011,1.62939,1.62939,138600000,1
1288571040000,1288571099000,1.62932,1.63022,1.62834,1.63022,181200000,1
1288571100000,1288571159000,1.63037,1.63039,1.62966,1.62982,93800000,1
1288571160000,1288571219000,1.62982,1.63019,1.62937,1.62987,128900000,1
1288571220000,1288571279000,1.62992,1.63023,1.62967,1.63004,106300000,1
1288571280000,1288571339000,1.63012,1.63035,1.62992,1.62995,86400000,1
1288571340000,1288571399000,1.62994,1.62994,1.62914,1.62918,82300000,1
1288571400000,1288571459000,1.62922,1.62967,1.62886,1.62964,149500000,1
1288571460000,1288571519000,1.62964,1.62978,1.62951,1.62961,59300000,1
1288571520000,1288571579000,1.62971,1.6298,1.62938,1.6298,69000000,1
1288571580000,1288571639000,1.62971,1.62971,1.62869,1.62903,102700000,1
1288571640000,1288571699000,1.62911,1.62928,1.62876,1.62876,54400000,1
1288571700000,1288571759000,1.62876,1.62892,1.62876,1.62889,47600000,1
1288571760000,1288571819000,1.62889,1.62889,1.62823,1.62863,75400000,1
1288571820000,1288571879000,1.62865,1.62894,1.62853,1.62853,67200000,1
1288571880000,1288571939000,1.62858,1.62876,1.62814,1.62828,83100000,1
1288571940000,1288571999000,1.62828,1.62836,1.62787,1.62799,58600000,1
1288572000000,1288572059000,1.62797,1.62817,1.62769,1.62792,86200000,1
1288572060000,1288572119000,1.62792,1.62803,1.6277,1.62803,72000000,1
1288572120000,1288572179000,1.62826,1.62862,1.62819,1.62828,78800000,1
1288572180000,1288572239000,1.62829,1.62842,1.62808,1.62808,75200000,1
1288572240000,1288572299000,1.62808,1.62808,1.62808,1.62808,60000000,1
1288572300000,1288572359000,1.62808,1.62878,1.62807,1.62857,96300000,1
1288572360000,1288572419000,1.62861,1.6288,1.62841,1.62847,78400000,1
1288572420000,1288572479000,1.62847,1.62911,1.6282,1.62909,98400000,1
1288572480000,1288572539000,1.62911,1.62963,1.62874,1.62945,93300000,1
1288572540000,1288572599000,1.62945,1.62971,1.62938,1.62971,67300000,1
1288572600000,1288572659000,1.62971,1.62986,1.62963,1.62978,66000000,1
1288572660000,1288572719000,1.62978,1.63007,1.62968,1.62975,79200000,1
1288572720000,1288572779000,1.62974,1.63002,1.62974,1.63001,67600000,1
1288572780000,1288572839000,1.63001,1.63026,1.62986,1.63005,88200000,1
1288572840000,1288572899000,1.63005,1.6303,1.62973,1.62973,86000000,1
1288572900000,1288572959000,1.62968,1.62973,1.62897,1.62928,132000000,1
1288572960000,1288573019000,1.62928,1.62934,1.62903,1.62921,71000000,1
1288573020000,1288573079000,1.62918,1.63027,1.62892,1.62973,150700000,1
1288573080000,1288573139000,1.62965,1.62981,1.62932,1.62944,102400000,1
1288573140000,1288573199000,1.62956,1.62995,1.62787,1.62865,178800000,1
1288573200000,1288573259000,1.6286,1.6288,1.62802,1.62816,102000000,1
1288573260000,1288573319000,1.6282,1.62866,1.62773,1.62796,130900000,1
1288573320000,1288573379000,1.62796,1.62809,1.62708,1.62714,90000000,1
1288573380000,1288573439000,1.62712,1.6273,1.62697,1.62707,88300000,1
1288573440000,1288573499000,1.62717,1.62758,1.62717,1.62753,96600000,1
1288573500000,1288573559000,1.62754,1.62766,1.62703,1.62755,132700000,1
1288573560000,1288573619000,1.62755,1.62832,1.6275,1.62832,132000000,1
1288573620000,1288573679000,1.62829,1.62847,1.62783,1.62786,99100000,1
1288573680000,1288573739000,1.62783,1.62882,1.62753,1.62819,156600000,1
1288573740000,1288573799000,1.62827,1.62853,1.62768,1.62837,155500000,1
1288573800000,1288573859000,1.6285,1.6285,1.62753,1.62817,140100000,1
1288573860000,1288573919000,1.6282,1.62876,1.62787,1.62876,124200000,1
1288573920000,1288573979000,1.6288,1.62887,1.62864,1.62871,84000000,1
1288573980000,1288574039000,1.62852,1.62892,1.62831,1.62863,97100000,1
1288574040000,1288574099000,1.62863,1.62875,1.62841,1.62856,88300000,1
1288574100000,1288574159000,1.62856,1.62861,1.62835,1.62842,132300000,1
1288574160000,1288574219000,1.62842,1.62967,1.62841,1.6296,123800000,1
1288574220000,1288574279000,1.6296,1.62968,1.62909,1.62932,135800000,1
1288574280000,1288574339000,1.62932,1.62941,1.62912,1.62941,117800000,1
1288574340000,1288574399000,1.62931,1.6294,1.6292,1.6294,109000000,1
1288574400000,1288574459000,1.62932,1.63001,1.62925,1.62983,148000000,1
1288574460000,1288574519000,1.62983,1.62988,1.62935,1.62949,114200000,1
1288574520000,1288574579000,1.62949,1.62964,1.62928,1.62954,123500000,1
1288574580000,1288574639000,1.62948,1.6295,1.62933,1.62933,42800000,1
1288574640000,1288574699000,1.62933,1.6295,1.62923,1.6295,52400000,1
1288574700000,1288574759000,1.6295,1.62998,1.62942,1.62949,93700000,1
1288574760000,1288574819000,1.62953,1.62989,1.6292,1.62989,136900000,1
1288574820000,1288574879000,1.62989,1.62989,1.62941,1.6295,102200000,1
1288574880000,1288574939000,1.6295,1.62958,1.62938,1.62946,77200000,1
1288574940000,1288574999000,1.62946,1.6299,1.62946,1.62972,72400000,1
1288575000000,1288575059000,1.62975,1.63038,1.62953,1.62968,125100000,1
1288575060000,1288575119000,1.62968,1.62994,1.62956,1.62994,82100000,1
1288575120000,1288575179000,1.62991,1.63001,1.62972,1.62972,103900000,1
1288575180000,1288575239000,1.6296,1.63003,1.6296,1.63003,128700000,1
1288575240000,1288575299000,1.63003,1.63003,1.62966,1.62984,128100000,1
1288575300000,1288575359000,1.62999,1.63,1.62976,1.62993,123700000,1
1288575360000,1288575419000,1.62993,1.63007,1.62961,1.63003,127200000,1
1288575420000,1288575479000,1.63007,1.63007,1.62908,1.62927,174800000,1
1288575480000,1288575539000,1.62927,1.62944,1.62893,1.62901,147500000,1
1288575540000,1288575599000,1.62893,1.62918,1.62869,1.62869,128600000,1
1288575600000,1288575659000,1.6286,1.62908,1.62842,1.62908,118000000,1
1288575660000,1288575719000,1.62908,1.62924,1.62857,1.6288,104400000,1
1288575720000,1288575779000,1.6288,1.62883,1.62843,1.6285,133800000,1
1288575780000,1288575839000,1.6285,1.62867,1.62742,1.62801,160000000,1
1288575840000,1288575899000,1.628,1.62808,1.62716,1.62733,137200000,1
1288575900000,1288575959000,1.62741,1.62772,1.62708,1.62723,92200000,1
1288575960000,1288576019000,1.62731,1.62731,1.62707,1.6272,70600000,1
1288576020000,1288576079000,1.62723,1.62727,1.62673,1.62675,80200000,1
1288576080000,1288576139000,1.62677,1.62677,1.6252,1.62537,104000000,1
1288576140000,1288576199000,1.62542,1.62572,1.62515,1.62517,100400000,1
1288576200000,1288576259000,1.62517,1.62561,1.62503,1.62551,87200000,1
1288576260000,1288576319000,1.62548,1.62559,1.6251,1.62533,74400000,1
1288576320000,1288576379000,1.62533,1.62564,1.62513,1.62542,65700000,1
1288576380000,1288576439000,1.62547,1.62576,1.62528,1.62547,127600000,1
1288576440000,1288576499000,1.62538,1.62544,1.62505,1.62522,100100000,1
1288576500000,1288576559000,1.62522,1.62523,1.62485,1.62523,129600000,1
1288576560000,1288576619000,1.62527,1.62549,1.62481,1.62486,105600000,1
1288576620000,1288576679000,1.62488,1.62527,1.62488,1.62497,55800000,1
1288576680000,1288576739000,1.62504,1.62542,1.62502,1.62515,74100000,1
1288576740000,1288576799000,1.62519,1.62532,1.62481,1.62496,120400000,1
1288576800000,1288576859000,1.62498,1.62531,1.62498,1.62501,87700000,1
1288576860000,1288576919000,1.62508,1.62517,1.6242,1.62468,101700000,1
1288576920000,1288576979000,1.62473,1.62488,1.62442,1.6248,119900000,1
1288576980000,1288577039000,1.62493,1.62538,1.62493,1.62519,76500000,1
1288577040000,1288577099000,1.62519,1.62533,1.62493,1.62517,105800000,1
1288577100000,1288577159000,1.62517,1.6253,1.62483,1.62507,106600000,1
1288577160000,1288577219000,1.6251,1.62535,1.6251,1.62532,81000000,1
1288577220000,1288577279000,1.62527,1.6255,1.62517,1.62529,79200000,1
1288577280000,1288577339000,1.62533,1.6257,1.62523,1.62548,99000000,1
1288577340000,1288577399000,1.62549,1.62556,1.62537,1.62552,65900000,1
1288577400000,1288577459000,1.62554,1.62561,1.6249,1.62512,68500000,1
1288577460000,1288577519000,1.62513,1.62513,1.62451,1.62466,81900000,1
1288577520000,1288577579000,1.62469,1.62469,1.62428,1.62436,67900000,1
1288577580000,1288577639000,1.6244,1.62471,1.6244,1.62471,70600000,1
1288577640000,1288577699000,1.62477,1.62493,1.62453,1.62472,101100000,1
1288577700000,1288577759000,1.6248,1.62484,1.62458,1.62461,73400000,1
1288577760000,1288577819000,1.62461,1.62494,1.62445,1.62487,80900000,1
1288577820000,1288577879000,1.62481,1.62503,1.62473,1.62482,54800000,1
1288577880000,1288577939000,1.62481,1.62505,1.62455,1.62466,64500000,1
1288577940000,1288577999000,1.62468,1.62484,1.62456,1.62465,78900000,1
1288578000000,1288578059000,1.62465,1.62502,1.62464,1.62485,58400000,1
1288578060000,1288578119000,1.62485,1.62502,1.62482,1.62497,99300000,1
1288578120000,1288578179000,1.62497,1.6252,1.62495,1.62515,60400000,1
1288578180000,1288578239000,1.62515,1.62529,1.62512,1.62522,39600000,1
1288578240000,1288578299000,1.62522,1.62543,1.62513,1.62538,47100000,1
1288578300000,1288578359000,1.62538,1.62547,1.62509,1.62517,54500000,1
1288578360000,1288578419000,1.62517,1.62543,1.62517,1.62533,51300000,1
1288578420000,1288578479000,1.62533,1.62533,1.62502,1.62507,41200000,1
1288578480000,1288578539000,1.62507,1.6252,1.62499,1.62518,76800000,1
1288578540000,1288578599000,1.62512,1.62566,1.62512,1.62541,78300000,1
1288578600000,1288578659000,1.6253,1.62533,1.62481,1.62501,72500000,1
1288578660000,1288578719000,1.62497,1.62514,1.62491,1.62509,51100000,1
1288578720000,1288578779000,1.62509,1.62513,1.62481,1.62481,81000000,1
1288578780000,1288578839000,1.62481,1.62511,1.62481,1.62493,103500000,1
1288578840000,1288578899000,1.62493,1.62503,1.62452,1.62474,94300000,1
1288578900000,1288578959000,1.62474,1.62488,1.62453,1.62468,84100000,1
1288578960000,1288579019000,1.62465,1.62481,1.62456,1.62456,123600000,1
1288579020000,1288579079000,1.62456,1.62479,1.6245,1.62468,107500000,1
1288579080000,1288579139000,1.62468,1.62487,1.62461,1.6247,114500000,1
1288579140000,1288579199000,1.6247,1.62482,1.62469,1.62478,60100000,1
1288579200000,1288579259000,1.6247,1.62478,1.62445,1.62458,110400000,1
1288579260000,1288579319000,1.62458,1.62458,1.62399,1.62399,96300000,1
1288579320000,1288579379000,1.62394,1.62449,1.62394,1.62417,85800000,1
1288579380000,1288579439000,1.62417,1.62431,1.62387,1.62389,89600000,1
1288579440000,1288579499000,1.62392,1.62442,1.62382,1.62427,69100000,1
1288579500000,1288579559000,1.62425,1.62425,1.62396,1.62408,94600000,1
1288579560000,1288579619000,1.62408,1.62408,1.62377,1.62383,58200000,1
1288579620000,1288579679000,1.62382,1.62393,1.62317,1.62333,117700000,1
1288579680000,1288579739000,1.62328,1.62367,1.62328,1.62345,101600000,1
1288579740000,1288579799000,1.62354,1.62354,1.6231,1.62343,106900000,1
1288579800000,1288579859000,1.62343,1.62347,1.6232,1.6232,79500000,1
1288579860000,1288579919000,1.62324,1.62342,1.62304,1.6232,71400000,1
1288579920000,1288579979000,1.62326,1.62342,1.6232,1.62337,65600000,1
1288579980000,1288580039000,1.62341,1.62353,1.62328,1.62331,77500000,1
1288580040000,1288580099000,1.62333,1.62368,1.62329,1.62351,85700000,1
1288580100000,1288580159000,1.6234,1.6234,1.62321,1.62326,60800000,1
1288580160000,1288580219000,1.62327,1.62337,1.62316,1.62316,44300000,1
1288580220000,1288580279000,1.62316,1.62322,1.62313,1.62322,55800000,1
1288580280000,1288580339000,1.62322,1.62343,1.6232,1.62322,65100000,1
1288580340000,1288580399000,1.62325,1.6235,1.62325,1.62333,49900000,1
1288580400000,1288580459000,1.62333,1.62374,1.62324,1.62362,68900000,1
1288580460000,1288580519000,1.62368,1.62374,1.62364,1.62364,46800000,1
1288580520000,1288580579000,1.62362,1.62372,1.62362,1.62372,44400000,1
1288580580000,1288580639000,1.62372,1.62378,1.62368,1.62372,40700000,1
1288580640000,1288580699000,1.62372,1.62441,1.62363,1.62429,96100000,1
1288580700000,1288580759000,1.62429,1.62433,1.62421,1.62426,66300000,1
1288580760000,1288580819000,1.62426,1.62432,1.62422,1.62432,39200000,1
1288580820000,1288580879000,1.62432,1.62451,1.62431,1.62437,44500000,1
1288580880000,1288580939000,1.62437,1.62446,1.62423,1.62423,69000000,1
1288580940000,1288580999000,1.62427,1.62432,1.62388,1.62401,74900000,1
1288581000000,1288581059000,1.62398,1.62458,1.62397,1.62413,87200000,1
1288581060000,1288581119000,1.62406,1.6242,1.62398,1.62417,68100000,1
1288581120000,1288581179000,1.62417,1.62418,1.62409,1.62409,61200000,1
1288581180000,1288581239000,1.62417,1.62432,1.62408,1.62423,66500000,1
1288581240000,1288581299000,1.62423,1.62437,1.62422,1.62437,64700000,1
1288581300000,1288581359000,1.62437,1.62437,1.62424,1.62424,88900000,1
1288581360000,1288581419000,1.62424,1.62446,1.62396,1.62405,111300000,1
1288581420000,1288581479000,1.62405,1.62479,1.62405,1.62472,110200000,1
1288581480000,1288581539000,1.62472,1.62531,1.62472,1.62531,80800000,1
1288581540000,1288581599000,1.62533,1.6255,1.62528,1.6253,123400000,1
1288581600000,1288581659000,1.6253,1.6255,1.6253,1.62536,97700000,1
1288581660000,1288581719000,1.62531,1.62564,1.6252,1.62533,95300000,1
1288581720000,1288581779000,1.62533,1.62533,1.62509,1.62509,61800000,1
1288581780000,1288581839000,1.62509,1.62525,1.625,1.62501,60600000,1
1288581840000,1288581899000,1.62501,1.62501,1.62495,1.62498,74400000,1
1288581900000,1288581959000,1.62498,1.62498,1.62487,1.62492,44900000,1
1288581960000,1288582019000,1.62492,1.62498,1.62457,1.62498,96600000,1
1288582020000,1288582079000,1.62498,1.62507,1.62477,1.62488,69500000,1
1288582080000,1288582139000,1.62501,1.62513,1.62488,1.62513,45400000,1
1288582140000,1288582199000,1.62513,1.62513,1.62467,1.62478,80800000,1
1288582200000,1288582259000,1.62483,1.62483,1.62461,1.62461,53100000,1
1288582260000,1288582319000,1.62468,1.62505,1.62468,1.62488,102500000,1
1288582320000,1288582379000,1.62505,1.62505,1.62482,1.6249,95700000,1
1288582380000,1288582439000,1.6249,1.62497,1.62482,1.62493,75900000,1
1288582440000,1288582499000,1.62493,1.62496,1.62476,1.62496,52700000,1
1288582500000,1288582559000,1.62496,1.62497,1.62434,1.62434,82600000,1
1288582560000,1288582619000,1.62434,1.62463,1.62434,1.62463,87900000,1
1288582620000,1288582679000,1.62463,1.62463,1.62424,1.62433,68500000,1
1288582680000,1288582739000,1.62431,1.62466,1.62424,1.62448,79800000,1
1288582740000,1288582799000,1.62448,1.62481,1.62437,1.62473,103900000,1
1288582800000,1288582859000,1.6247,1.62481,1.62463,1.62465,115800000,1
1288582860000,1288582919000,1.62462,1.6247,1.62434,1.62451,95000000,1
1288582920000,1288582979000,1.6245,1.62464,1.62448,1.62448,94800000,1
1288582980000,1288583039000,1.62448,1.62459,1.62429,1.62445,70200000,1
1288583040000,1288583099000,1.62445,1.62461,1.62428,1.62448,148300000,1
1288583100000,1288583159000,1.62443,1.62451,1.62427,1.62438,71200000,1
1288583160000,1288583219000,1.62438,1.62448,1.62438,1.62441,87200000,1
1288583220000,1288583279000,1.62443,1.62459,1.62437,1.62441,128500000,1
1288583280000,1288583339000,1.62441,1.62483,1.62441,1.62461,151800000,1
1288583340000,1288583399000,1.62461,1.62492,1.62461,1.6248,109100000,1
1288583400000,1288583459000,1.62482,1.62484,1.62433,1.62433,68400000,1
1288583460000,1288583519000,1.62433,1.6245,1.62423,1.62444,75400000,1
1288583520000,1288583579000,1.62447,1.62452,1.62446,1.6245,66200000,1
1288583580000,1288583639000,1.6245,1.62478,1.62449,1.62478,64300000,1
1288583640000,1288583699000,1.62478,1.62486,1.62465,1.62479,80500000,1
1288583700000,1288583759000,1.62479,1.62482,1.62467,1.62467,49700000,1
1288583760000,1288583819000,1.62473,1.62507,1.6247,1.62473,88700000,1
1288583820000,1288583879000,1.62476,1.62502,1.62476,1.62498,104300000,1
1288583880000,1288583939000,1.62491,1.62537,1.62491,1.62525,72600000,1
1288583940000,1288583999000,1.62525,1.62525,1.6248,1.62502,91800000,1
1288584000000,1288584059000,1.62502,1.62516,1.6247,1.62475,111400000,1
1288584060000,1288584119000,1.62475,1.62516,1.62475,1.62507,107700000,1
1288584120000,1288584179000,1.62506,1.62539,1.62489,1.6252,91200000,1
1288584180000,1288584239000,1.62515,1.62537,1.6251,1.62527,59000000,1
1288584240000,1288584299000,1.62527,1.62531,1.62491,1.62491,108500000,1
1288584300000,1288584359000,1.62493,1.6255,1.62484,1.6255,92300000,1
1288584360000,1288584419000,1.6255,1.6256,1.62549,1.6256,76400000,1
1288584420000,1288584479000,1.62562,1.62562,1.62516,1.62521,74000000,1
1288584480000,1288584539000,1.62521,1.62538,1.62513,1.62513,56400000,1
1288584540000,1288584599000,1.62513,1.62517,1.62507,1.62515,55700000,1
1288584600000,1288584659000,1.62513,1.62549,1.62496,1.62523,107100000,1
1288584660000,1288584719000,1.62523,1.62553,1.62523,1.62546,70500000,1
1288584720000,1288584779000,1.62546,1.6255,1.62469,1.62486,117800000,1
1288584780000,1288584839000,1.62488,1.62488,1.62462,1.6247,102800000,1
1288584840000,1288584899000,1.6247,1.62503,1.6246,1.62501,85900000,1
1288584900000,1288584959000,1.62501,1.62523,1.62469,1.62469,95500000,1
1288584960000,1288585019000,1.62469,1.62471,1.62457,1.62467,67100000,1
1288585020000,1288585079000,1.62463,1.62511,1.62463,1.62498,61000000,1
1288585080000,1288585139000,1.62498,1.62515,1.62496,1.6251,45900000,1
1288585140000,1288585199000,1.6251,1.62526,1.62494,1.62494,98200000,1
1288585200000,1288585259000,1.62499,1.62502,1.62475,1.62475,48200000,1
1288585260000,1288585319000,1.62474,1.62478,1.62474,1.62478,52200000,1
1288585320000,1288585379000,1.62478,1.62504,1.62477,1.62482,69800000,1
1288585380000,1288585439000,1.62478,1.62541,1.62478,1.62539,90900000,1
1288585440000,1288585499000,1.62539,1.6254,1.62539,1.62539,61800000,1
1288585500000,1288585559000,1.62539,1.62539,1.62512,1.62514,88300000,1
1288585560000,1288585619000,1.62517,1.62529,1.62513,1.62518,86500000,1
1288585620000,1288585679000,1.62518,1.62518,1.62518,1.62518,42000000,1
1288585680000,1288585739000,1.62518,1.62518,1.62518,1.62518,42000000,1
1288585740000,1288585799000,1.62518,1.62518,1.62499,1.62499,68100000,1
1288585800000,1288585859000,1.62497,1.62514,1.62489,1.62514,75300000,1
1288585860000,1288585919000,1.62514,1.62514,1.6249,1.62506,59200000,1
1288585920000,1288585979000,1.62513,1.62515,1.62457,1.62457,95900000,1
1288585980000,1288586039000,1.62457,1.62482,1.62455,1.62482,94700000,1
1288586040000,1288586099000,1.62482,1.62485,1.62469,1.62485,97100000,1
1288586100000,1288586159000,1.62485,1.62535,1.62485,1.62534,84600000,1
1288586160000,1288586219000,1.62534,1.62559,1.62522,1.62522,113400000,1
1288586220000,1288586279000,1.62522,1.62553,1.62518,1.62535,70700000,1
1288586280000,1288586339000,1.62545,1.62545,1.62516,1.62516,49800000,1
1288586340000,1288586399000,1.62513,1.62516,1.62484,1.62486,86300000,1
1288586400000,1288586459000,1.62486,1.62518,1.62485,1.62509,101200000,1
1288586460000,1288586519000,1.62509,1.62523,1.62502,1.6251,89500000,1
1288586520000,1288586579000,1.6251,1.62518,1.62505,1.62514,105300000,1
1288586580000,1288586639000,1.62514,1.62514,1.62498,1.62503,90000000,1
1288586640000,1288586699000,1.62503,1.62507,1.62476,1.62476,81000000,1
1288586700000,1288586759000,1.62476,1.62532,1.62475,1.62503,140400000,1
1288586760000,1288586819000,1.62523,1.62535,1.62514,1.62526,93400000,1
1288586820000,1288586879000,1.62526,1.62526,1.62501,1.62507,113700000,1
1288586880000,1288586939000,1.62515,1.62524,1.62495,1.62501,89600000,1
1288586940000,1288586999000,1.62501,1.62532,1.62492,1.62526,77200000,1
1288587000000,1288587059000,1.62532,1.62536,1.62512,1.62517,70500000,1
1288587060000,1288587119000,1.62518,1.62518,1.62475,1.62502,78700000,1
1288587120000,1288587179000,1.62501,1.62528,1.62485,1.62497,115000000,1
1288587180000,1288587239000,1.62502,1.62508,1.62483,1.62491,87900000,1
1288587240000,1288587299000,1.62491,1.62509,1.62489,1.625,117000000,1
1288587300000,1288587359000,1.62491,1.62516,1.62491,1.62495,96900000,1
1288587360000,1288587419000,1.62495,1.62525,1.62495,1.62505,73200000,1
1288587420000,1288587479000,1.62505,1.62523,1.62505,1.62506,99200000,1
1288587480000,1288587539000,1.62507,1.62533,1.62492,1.62502,99200000,1
1288587540000,1288587599000,1.62502,1.62508,1.62498,1.62498,89200000,1
1288587600000,1288587659000,1.62491,1.62491,1.6247,1.62483,69100000,1
1288587660000,1288587719000,1.62488,1.62497,1.62473,1.62492,52200000,1
1288587720000,1288587779000,1.62492,1.62499,1.6249,1.62497,33300000,1
1288587780000,1288587839000,1.62497,1.62519,1.62489,1.62491,73800000,1
1288587840000,1288587899000,1.62491,1.62514,1.62491,1.62504,84000000,1
1288587900000,1288587959000,1.62504,1.62504,1.62479,1.62481,64200000,1
1288587960000,1288588019000,1.62481,1.62498,1.62477,1.62498,74500000,1
1288588020000,1288588079000,1.62498,1.62508,1.62494,1.62494,90700000,1
1288588080000,1288588139000,1.625,1.62503,1.62476,1.62493,71700000,1
1288588140000,1288588199000,1.62493,1.625,1.62487,1.62493,60300000,1
1288588200000,1288588259000,1.62493,1.62512,1.62478,1.62507,135800000,1
1288588260000,1288588319000,1.62508,1.62516,1.62469,1.62493,150100000,1
1288588320000,1288588379000,1.62488,1.625,1.62428,1.62433,202500000,1
1288588380000,1288588439000,1.62442,1.62457,1.62427,1.62431,155100000,1
1288588440000,1288588499000,1.62429,1.62449,1.62413,1.6244,97500000,1
1288588500000,1288588559000,1.62438,1.62458,1.62438,1.62452,79300000,1
1288588560000,1288588619000,1.62451,1.62462,1.62422,1.62462,105500000,1
1288588620000,1288588679000,1.62458,1.62463,1.62449,1.62452,82000000,1
1288588680000,1288588739000,1.62452,1.62467,1.62439,1.62467,98100000,1
1288588740000,1288588799000,1.62467,1.62506,1.62458,1.62484,127500000,1
1288588800000,1288588859000,1.62484,1.62491,1.62477,1.62477,131000000,1
1288588860000,1288588919000,1.62477,1.62481,1.62438,1.62451,106700000,1
1288588920000,1288588979000,1.62451,1.62463,1.62422,1.62452,87100000,1
1288588980000,1288589039000,1.62451,1.62487,1.62446,1.62487,113600000,1
1288589040000,1288589099000,1.62493,1.62534,1.62493,1.62513,81700000,1
1288589100000,1288589159000,1.62513,1.62532,1.62513,1.62528,96000000,1
1288589160000,1288589219000,1.62528,1.62535,1.62452,1.62465,117500000,1
1288589220000,1288589279000,1.62465,1.6248,1.62439,1.62463,75600000,1
1288589280000,1288589339000,1.62472,1.62498,1.62471,1.62498,61400000,1
1288589340000,1288589399000,1.62498,1.62514,1.62472,1.62514,76800000,1
1288589400000,1288589459000,1.62514,1.62515,1.62496,1.62504,63300000,1
1288589460000,1288589519000,1.62504,1.62524,1.62504,1.62507,49600000,1
1288589520000,1288589579000,1.62507,1.62535,1.62506,1.62535,60700000,1
1288589580000,1288589639000,1.62535,1.62535,1.62515,1.62517,55300000,1
1288589640000,1288589699000,1.62517,1.62517,1.62502,1.62502,89400000,1
1288589700000,1288589759000,1.62502,1.62513,1.62497,1.62507,84500000,1
1288589760000,1288589819000,1.62507,1.62517,1.62498,1.62513,66600000,1
1288589820000,1288589879000,1.62518,1.62541,1.62517,1.6254,68900000,1
1288589880000,1288589939000,1.6254,1.62556,1.62537,1.62556,108100000,1
1288589940000,1288589999000,1.62556,1.62561,1.62518,1.62544,82800000,1
1288590000000,1288590059000,1.62559,1.62563,1.62544,1.62552,64900000,1
1288590060000,1288590119000,1.62552,1.6257,1.62536,1.62558,87500000,1
1288590120000,1288590179000,1.62558,1.62578,1.62558,1.62575,71200000,1
1288590180000,1288590239000,1.62575,1.62583,1.62564,1.62574,62300000,1
1288590240000,1288590299000,1.62574,1.62575,1.62556,1.62556,49700000,1
1288590300000,1288590359000,1.62546,1.62601,1.62546,1.6259,91300000,1
1288590360000,1288590419000,1.6259,1.62608,1.62558,1.62561,131000000,1
1288590420000,1288590479000,1.62565,1.62608,1.62565,1.62573,117600000,1
1288590480000,1288590539000,1.62573,1.62583,1.62573,1.62574,118800000,1
1288590540000,1288590599000,1.62574,1.62615,1.62574,1.62608,117600000,1
1288590600000,1288590659000,1.62619,1.62623,1.62574,1.62593,104300000,1
1288590660000,1288590719000,1.62593,1.62598,1.62558,1.62577,98500000,1
1288590720000,1288590779000,1.62577,1.62588,1.62555,1.62586,59500000,1
1288590780000,1288590839000,1.62586,1.62601,1.62545,1.62567,137800000,1
1288590840000,1288590899000,1.62567,1.62593,1.62549,1.62558,105000000,1
1288590900000,1288590959000,1.62558,1.62594,1.62558,1.62589,104200000,1
1288590960000,1288591019000,1.62589,1.62593,1.62562,1.62562,84100000,1
1288591020000,1288591079000,1.62566,1.62592,1.62556,1.62557,72500000,1
1288591080000,1288591139000,1.62562,1.62577,1.6254,1.62545,113900000,1
1288591140000,1288591199000,1.62548,1.62556,1.6248,1.6248,138300000,1
1288591200000,1288591259000,1.62485,1.62501,1.62443,1.62501,169400000,1
1288591260000,1288591319000,1.62499,1.62499,1.62465,1.62493,63400000,1
1288591320000,1288591379000,1.62488,1.62513,1.62482,1.62488,83700000,1
1288591380000,1288591439000,1.62485,1.6251,1.62481,1.62508,78800000,1
1288591440000,1288591499000,1.62508,1.62578,1.62508,1.62557,101200000,1
1288591500000,1288591559000,1.62557,1.62563,1.62512,1.62518,89900000,1
1288591560000,1288591619000,1.62518,1.62552,1.62517,1.62552,110000000,1
1288591620000,1288591679000,1.62552,1.62552,1.62519,1.62523,64700000,1
1288591680000,1288591739000,1.62528,1.62528,1.62472,1.62481,106600000,1
1288591740000,1288591799000,1.62481,1.62512,1.62478,1.625,83300000,1
1288591800000,1288591859000,1.62503,1.62503,1.62476,1.62492,106000000,1
1288591860000,1288591919000,1.62492,1.62492,1.62445,1.62455,99600000,1
1288591920000,1288591979000,1.62455,1.62464,1.62352,1.6236,165800000,1
1288591980000,1288592039000,1.62357,1.62378,1.62325,1.62332,109300000,1
1288592040000,1288592099000,1.62334,1.62351,1.62312,1.62312,116600000,1
1288592100000,1288592159000,1.6232,1.6232,1.62283,1.62293,82000000,1
1288592160000,1288592219000,1.62295,1.6232,1.62281,1.62318,88100000,1
1288592220000,1288592279000,1.62318,1.62341,1.62301,1.62337,68200000,1
1288592280000,1288592339000,1.62333,1.62333,1.62275,1.62286,76300000,1
1288592340000,1288592399000,1.62291,1.6232,1.62287,1.62317,73300000,1
1288592400000,1288592459000,1.62317,1.62317,1.62298,1.62315,91100000,1
1288592460000,1288592519000,1.62315,1.62442,1.62297,1.62412,153200000,1
1288592520000,1288592579000,1.62411,1.62437,1.62402,1.62416,75800000,1
1288592580000,1288592639000,1.62418,1.625,1.62418,1.6248,171600000,1
1288592640000,1288592699000,1.62478,1.62497,1.62472,1.62477,58500000,1
1288592700000,1288592759000,1.62478,1.62486,1.62408,1.62413,70500000,1
1288592760000,1288592819000,1.62413,1.62413,1.62389,1.62403,48200000,1
1288592820000,1288592879000,1.62392,1.62425,1.62369,1.62418,66900000,1
1288592880000,1288592939000,1.62417,1.62419,1.62391,1.62399,94200000,1
1288592940000,1288592999000,1.62401,1.62408,1.62363,1.62381,100800000,1
1288593000000,1288593059000,1.62381,1.62393,1.62371,1.6238,110600000,1
1288593060000,1288593119000,1.62382,1.62422,1.62382,1.62413,84500000,1
1288593120000,1288593179000,1.62408,1.6243,1.62408,1.62424,53200000,1
1288593180000,1288593239000,1.62424,1.62424,1.62378,1.62387,105300000,1
1288593240000,1288593299000,1.62393,1.62394,1.62386,1.62394,59900000,1
1288593300000,1288593359000,1.62394,1.62403,1.62381,1.62392,93300000,1
1288593360000,1288593419000,1.62397,1.62413,1.62372,1.62373,89500000,1
1288593420000,1288593479000,1.62373,1.62384,1.62356,1.62356,74200000,1
1288593480000,1288593539000,1.62356,1.62356,1.62327,1.6233,86100000,1
1288593540000,1288593599000,1.62332,1.62348,1.62318,1.62342,81100000,1
1288593600000,1288593659000,1.62333,1.62352,1.6233,1.62343,78100000,1
1288593660000,1288593719000,1.62343,1.62394,1.62343,1.62386,102800000,1
1288593720000,1288593779000,1.62386,1.62416,1.62372,1.62397,122100000,1
1288593780000,1288593839000,1.62397,1.62424,1.62393,1.62416,111700000,1
1288593840000,1288593899000,1.62417,1.62417,1.62388,1.62398,101000000,1
1288593900000,1288593959000,1.62397,1.6242,1.62395,1.6242,93700000,1
1288593960000,1288594019000,1.6242,1.62437,1.62388,1.62427,115600000,1
1288594020000,1288594079000,1.62427,1.62448,1.62418,1.62447,62700000,1
1288594080000,1288594139000,1.62447,1.62448,1.62413,1.62433,93700000,1
1288594140000,1288594199000,1.62433,1.62472,1.62428,1.62452,95800000,1
1288594200000,1288594259000,1.62453,1.62465,1.62449,1.62462,54800000,1
1288594260000,1288594319000,1.62463,1.62466,1.62442,1.62462,64700000,1
1288594320000,1288594379000,1.62452,1.6254,1.62452,1.62526,125800000,1
1288594380000,1288594439000,1.62531,1.62545,1.625,1.62504,76200000,1
1288594440000,1288594499000,1.62502,1.62515,1.62491,1.62512,45800000,1
1288594500000,1288594559000,1.62507,1.62512,1.62471,1.62472,92700000,1
1288594560000,1288594619000,1.62468,1.62471,1.62443,1.62455,56100000,1
1288594620000,1288594679000,1.62455,1.62458,1.62444,1.62445,106700000,1
1288594680000,1288594739000,1.62454,1.62472,1.62449,1.62449,69800000,1
1288594740000,1288594799000,1.62453,1.62461,1.62433,1.62436,94500000,1
1288594800000,1288594859000,1.62427,1.62466,1.62426,1.62443,88200000,1
1288594860000,1288594919000,1.62443,1.62453,1.62377,1.62378,109400000,1
1288594920000,1288594979000,1.62378,1.62383,1.62339,1.62369,126500000,1
1288594980000,1288595039000,1.62373,1.62376,1.62334,1.62351,94700000,1
1288595040000,1288595099000,1.62351,1.62364,1.6232,1.62347,157400000,1
1288595100000,1288595159000,1.62347,1.62372,1.62347,1.62368,81600000,1
1288595160000,1288595219000,1.62368,1.62395,1.62368,1.62394,89600000,1
1288595220000,1288595279000,1.62402,1.62414,1.62354,1.62354,120400000,1
1288595280000,1288595339000,1.62364,1.62389,1.62364,1.62364,96400000,1
1288595340000,1288595399000,1.62367,1.62394,1.62367,1.62387,126800000,1
1288595400000,1288595459000,1.62382,1.62445,1.62372,1.62402,146100000,1
1288595460000,1288595519000,1.62402,1.62434,1.62402,1.62418,111200000,1
1288595520000,1288595579000,1.62419,1.62433,1.62382,1.62398,146000000,1
1288595580000,1288595639000,1.624,1.62407,1.62353,1.62354,167000000,1
1288595640000,1288595699000,1.62344,1.62354,1.62269,1.62302,165000000,1
1288595700000,1288595759000,1.62302,1.62333,1.62302,1.62317,64100000,1
1288595760000,1288595819000,1.62317,1.62318,1.62291,1.62299,94200000,1
1288595820000,1288595879000,1.62299,1.6231,1.62251,1.62252,103500000,1
1288595880000,1288595939000,1.6225,1.62281,1.62238,1.62281,167000000,1
1288595940000,1288595999000,1.62272,1.62303,1.62272,1.62282,101400000,1
1288596000000,1288596059000,1.62282,1.62319,1.62274,1.62312,125500000,1
1288596060000,1288596119000,1.62307,1.62329,1.62298,1.62312,63600000,1
1288596120000,1288596179000,1.62303,1.62303,1.62285,1.6229,90200000,1
1288596180000,1288596239000,1.6229,1.62295,1.62245,1.62268,142600000,1
1288596240000,1288596299000,1.62268,1.62298,1.62219,1.62222,146900000,1
1288596300000,1288596359000,1.6222,1.62283,1.6222,1.6225,160000000,1
1288596360000,1288596419000,1.6225,1.62289,1.62243,1.62287,134200000,1
1288596420000,1288596479000,1.62287,1.62301,1.62246,1.62246,102800000,1
1288596480000,1288596539000,1.62245,1.62305,1.62245,1.62279,126200000,1
1288596540000,1288596599000,1.62279,1.62285,1.62255,1.62266,97700000,1
1288596600000,1288596659000,1.62266,1.6228,1.6225,1.62271,103900000,1
1288596660000,1288596719000,1.62273,1.62273,1.62221,1.62256,83600000,1
1288596720000,1288596779000,1.62252,1.62344,1.62242,1.62332,129900000,1
1288596780000,1288596839000,1.62331,1.62337,1.62227,1.62249,144200000,1
1288596840000,1288596899000,1.62242,1.62243,1.62206,1.62216,78700000,1
1288596900000,1288596959000,1.62216,1.6223,1.62206,1.62223,136000000,1
1288596960000,1288597019000,1.62223,1.62223,1.62164,1.62167,106300000,1
1288597020000,1288597079000,1.62172,1.62177,1.62118,1.62154,102400000,1
1288597080000,1288597139000,1.62156,1.62157,1.6212,1.62137,111300000,1
1288597140000,1288597199000,1.62134,1.62188,1.62134,1.62173,128400000,1
1288597200000,1288597259000,1.62168,1.62175,1.62122,1.62129,124500000,1
1288597260000,1288597319000,1.62121,1.62121,1.62069,1.62096,170300000,1
1288597320000,1288597379000,1.62097,1.62109,1.62053,1.62075,113500000,1
1288597380000,1288597439000,1.62075,1.62089,1.62065,1.62069,83000000,1
1288597440000,1288597499000,1.62067,1.62082,1.62025,1.62047,153800000,1
1288597500000,1288597559000,1.62047,1.62066,1.61988,1.62006,134300000,1
1288597560000,1288597619000,1.62006,1.62029,1.61999,1.62015,127500000,1
1288597620000,1288597679000,1.62017,1.6202,1.61986,1.61986,95900000,1
1288597680000,1288597739000,1.61986,1.61991,1.61913,1.61913,126000000,1
1288597740000,1288597799000,1.61913,1.61992,1.61895,1.61978,136900000,1
1288597800000,1288597859000,1.61977,1.62039,1.61977,1.62038,140200000,1
1288597860000,1288597919000,1.62038,1.62045,1.62007,1.62045,132600000,1
1288597920000,1288597979000,1.62038,1.62038,1.61996,1.62024,105700000,1
1288597980000,1288598039000,1.62024,1.62048,1.61951,1.61966,131300000,1
1288598040000,1288598099000,1.61961,1.61972,1.61888,1.61934,89900000,1
1288598100000,1288598159000,1.61938,1.62016,1.61938,1.61977,133900000,1
1288598160000,1288598219000,1.61989,1.62008,1.61957,1.62005,142100000,1
1288598220000,1288598279000,1.62008,1.62028,1.61978,1.62028,135300000,1
1288598280000,1288598339000,1.6203,1.6207,1.62018,1.62049,110800000,1
1288598340000,1288598399000,1.62045,1.6206,1.61989,1.62,93900000,1
1288598400000,1288598459000,1.62,1.62073,1.61983,1.62038,170900000,1
1288598460000,1288598519000,1.62027,1.62076,1.62001,1.62071,144000000,1
1288598520000,1288598579000,1.62068,1.62106,1.62068,1.62072,136500000,1
1288598580000,1288598639000,1.62073,1.62095,1.62062,1.6209,113900000,1
1288598640000,1288598699000,1.62089,1.62136,1.62086,1.62123,111400000,1
1288598700000,1288598759000,1.62119,1.62121,1.62096,1.62113,96800000,1
1288598760000,1288598819000,1.62113,1.62144,1.62112,1.62137,93400000,1
1288598820000,1288598879000,1.62137,1.62154,1.62124,1.62143,134100000,1
1288598880000,1288598939000,1.62143,1.6217,1.62132,1.62138,124000000,1
1288598940000,1288598999000,1.62138,1.6217,1.62126,1.6216,113300000,1
1288599000000,1288599059000,1.62164,1.62165,1.62116,1.62129,103200000,1
1288599060000,1288599119000,1.62129,1.6214,1.62055,1.62112,135400000,1
1288599120000,1288599179000,1.62113,1.62135,1.62113,1.62114,114000000,1
1288599180000,1288599239000,1.62112,1.62144,1.62112,1.62143,93200000,1
1288599240000,1288599299000,1.62128,1.62193,1.62126,1.62188,114500000,1
1288599300000,1288599359000,1.62198,1.62198,1.62142,1.62144,134300000,1
1288599360000,1288599419000,1.62147,1.62187,1.62138,1.62157,141700000,1
1288599420000,1288599479000,1.62158,1.62188,1.62121,1.62163,130900000,1
1288599480000,1288599539000,1.62158,1.62175,1.62121,1.62131,164100000,1
1288599540000,1288599599000,1.62128,1.62158,1.62122,1.62157,126600000,1
1288599600000,1288599659000,1.62145,1.62206,1.6214,1.62187,92300000,1
1288599660000,1288599719000,1.62187,1.62204,1.62177,1.62181,101900000,1
1288599720000,1288599779000,1.62174,1.62207,1.62169,1.62187,128000000,1
1288599780000,1288599839000,1.62187,1.62226,1.62173,1.62216,117300000,1
1288599840000,1288599899000,1.62209,1.62209,1.62161,1.62161,119700000,1
1288599900000,1288599959000,1.62162,1.62184,1.62148,1.62167,108100000,1
1288599960000,1288600019000,1.62167,1.62207,1.62167,1.62198,96300000,1
1288600020000,1288600079000,1.622,1.62257,1.622,1.62238,116200000,1
1288600080000,1288600139000,1.62228,1.62311,1.62226,1.62303,114400000,1
1288600140000,1288600199000,1.62303,1.62314,1.62261,1.62262,161300000,1
1288600200000,1288600259000,1.62267,1.62308,1.62242,1.62277,158600000,1
1288600260000,1288600319000,1.62287,1.62297,1.62261,1.62297,108800000,1
1288600320000,1288600379000,1.62292,1.62312,1.62243,1.62306,110300000,1
1288600380000,1288600439000,1.62296,1.62306,1.62249,1.62263,137400000,1
1288600440000,1288600499000,1.62263,1.62293,1.62257,1.62268,105200000,1
1288600500000,1288600559000,1.62268,1.62276,1.6224,1.62249,68000000,1
1288600560000,1288600619000,1.62249,1.62252,1.6223,1.62251,108100000,1
1288600620000,1288600679000,1.6225,1.6228,1.62242,1.62251,115900000,1
1288600680000,1288600739000,1.62245,1.62279,1.62238,1.62243,117400000,1
1288600740000,1288600799000,1.62243,1.62249,1.62222,1.62247,105400000,1
1288600800000,1288600859000,1.62247,1.62249,1.62236,1.62236,86100000,1
1288600860000,1288600919000,1.62235,1.62262,1.62217,1.62217,98600000,1
1288600920000,1288600979000,1.62218,1.62223,1.62175,1.62178,87300000,1
1288600980000,1288601039000,1.62181,1.62213,1.62157,1.622,151000000,1
1288601040000,1288601099000,1.62197,1.62202,1.62136,1.6214,132500000,1
1288601100000,1288601159000,1.62143,1.62168,1.62143,1.62154,91200000,1
1288601160000,1288601219000,1.6214,1.62162,1.62089,1.62092,119100000,1
1288601220000,1288601279000,1.6209,1.62127,1.6209,1.62095,89300000,1
1288601280000,1288601339000,1.62097,1.62153,1.62091,1.62143,73000000,1
1288601340000,1288601399000,1.62146,1.62154,1.62137,1.62137,78700000,1
1288601400000,1288601459000,1.62142,1.62176,1.62102,1.62103,131400000,1
1288601460000,1288601519000,1.62105,1.62146,1.62092,1.62128,119600000,1
1288601520000,1288601579000,1.62118,1.62154,1.62113,1.62153,113500000,1
1288601580000,1288601639000,1.62153,1.6216,1.62118,1.62118,146100000,1
1288601640000,1288601699000,1.62118,1.62145,1.62103,1.62143,134400000,1
1288601700000,1288601759000,1.62148,1.62158,1.62084,1.62088,147400000,1
1288601760000,1288601819000,1.62088,1.62108,1.62071,1.62085,87100000,1
1288601820000,1288601879000,1.62085,1.62139,1.62085,1.6209,94600000,1
1288601880000,1288601939000,1.621,1.62111,1.62054,1.62075,109400000,1
1288601940000,1288601999000,1.62075,1.62093,1.62017,1.62017,182800000,1
1288602000000,1288602059000,1.62031,1.62109,1.62028,1.62066,181400000,1
1288602060000,1288602119000,1.62066,1.62072,1.62033,1.62035,139400000,1
1288602120000,1288602179000,1.62035,1.62047,1.61996,1.62,138900000,1
1288602180000,1288602239000,1.62001,1.62026,1.6196,1.61961,95600000,1
1288602240000,1288602299000,1.61962,1.61989,1.61941,1.61963,145800000,1
1288602300000,1288602359000,1.61962,1.6199,1.61962,1.61974,129200000,1
1288602360000,1288602419000,1.61985,1.61985,1.61959,1.61977,137200000,1
1288602420000,1288602479000,1.61978,1.61984,1.61952,1.61963,101400000,1
1288602480000,1288602539000,1.61962,1.61979,1.61937,1.61945,149700000,1
1288602540000,1288602599000,1.61945,1.61945,1.619,1.6191,102300000,1
1288602600000,1288602659000,1.61918,1.61938,1.61905,1.61936,96700000,1
1288602660000,1288602719000,1.61936,1.61942,1.61918,1.61941,119300000,1
1288602720000,1288602779000,1.61935,1.61945,1.61887,1.61902,113700000,1
1288602780000,1288602839000,1.6189,1.61903,1.61835,1.61835,102600000,1
1288602840000,1288602899000,1.61829,1.61875,1.61818,1.61869,181300000,1
1288602900000,1288602959000,1.61869,1.61914,1.61858,1.619,114400000,1
1288602960000,1288603019000,1.61902,1.61958,1.61902,1.61933,174100000,1
1288603020000,1288603079000,1.61932,1.61972,1.6193,1.61944,127200000,1
1288603080000,1288603139000,1.61946,1.61946,1.61913,1.61932,105100000,1
1288603140000,1288603199000,1.61932,1.61958,1.61928,1.61942,129500000,1
1288603200000,1288603259000,1.61933,1.6199,1.61933,1.61963,115100000,1
1288603260000,1288603319000,1.61973,1.61998,1.61968,1.61981,129300000,1
1288603320000,1288603379000,1.61981,1.62002,1.61865,1.61865,128200000,1
1288603380000,1288603439000,1.61876,1.61876,1.61825,1.61841,191000000,1
1288603440000,1288603499000,1.61841,1.61869,1.6181,1.61838,104100000,1
1288603500000,1288603559000,1.61839,1.61882,1.61802,1.61864,154300000,1
1288603560000,1288603619000,1.61863,1.61878,1.6184,1.61873,130700000,1
1288603620000,1288603679000,1.61878,1.61888,1.61854,1.61867,87600000,1
1288603680000,1288603739000,1.61868,1.62282,1.61868,1.62282,182200000,1
1288603740000,1288603799000,1.62289,1.62414,1.62277,1.62395,139000000,1
1288603800000,1288603859000,1.62395,1.62447,1.62382,1.62386,135900000,1
1288603860000,1288603919000,1.6239,1.62447,1.62377,1.62447,157400000,1
1288603920000,1288603979000,1.62439,1.62473,1.62412,1.62412,124400000,1
1288603980000,1288604039000,1.62404,1.62423,1.62387,1.62387,106400000,1
1288604040000,1288604099000,1.62387,1.62399,1.62327,1.62332,94000000,1
1288604100000,1288604159000,1.62328,1.62373,1.62319,1.62357,103600000,1
1288604160000,1288604219000,1.62373,1.62403,1.62352,1.6238,102800000,1
1288604220000,1288604279000,1.62373,1.62415,1.62354,1.62409,106100000,1
1288604280000,1288604339000,1.6241,1.62428,1.624,1.62419,99800000,1
1288604340000,1288604399000,1.62419,1.62455,1.62415,1.62434,83900000,1
1288604400000,1288604459000,1.62436,1.62472,1.62429,1.62446,91300000,1
1288604460000,1288604519000,1.62441,1.62488,1.62433,1.62442,104000000,1
1288604520000,1288604579000,1.62441,1.62448,1.62403,1.62403,102200000,1
1288604580000,1288604639000,1.62403,1.62423,1.62392,1.62398,71900000,1
1288604640000,1288604699000,1.62402,1.62409,1.6234,1.62343,94400000,1
1288604700000,1288604759000,1.6234,1.62381,1.62332,1.62332,104000000,1
1288604760000,1288604819000,1.62338,1.62373,1.62327,1.62335,111500000,1
1288604820000,1288604879000,1.62332,1.62352,1.62311,1.62318,112100000,1
1288604880000,1288604939000,1.62332,1.62338,1.62296,1.62327,107800000,1
1288604940000,1288604999000,1.62332,1.6236,1.62298,1.62317,109200000,1
1288605000000,1288605059000,1.62311,1.62328,1.62283,1.62293,94100000,1
1288605060000,1288605119000,1.62294,1.62325,1.62294,1.62301,124500000,1
1288605120000,1288605179000,1.62296,1.62389,1.62278,1.62353,125700000,1
1288605180000,1288605239000,1.62347,1.62431,1.62347,1.6242,132600000,1
1288605240000,1288605299000,1.62426,1.62466,1.62407,1.62451,115400000,1
1288605300000,1288605359000,1.6245,1.62508,1.62445,1.62491,123100000,1
1288605360000,1288605419000,1.62488,1.62512,1.62485,1.62501,111600000,1
1288605420000,1288605479000,1.62502,1.62516,1.62468,1.62488,99800000,1
1288605480000,1288605539000,1.62489,1.62499,1.62449,1.62456,82500000,1
1288605540000,1288605599000,1.62456,1.62475,1.62434,1.62434,92200000,1
1288605600000,1288605659000,1.62439,1.62455,1.62406,1.62423,122100000,1
1288605660000,1288605719000,1.62429,1.62445,1.6241,1.62422,96200000,1
1288605720000,1288605779000,1.62422,1.62448,1.62416,1.62437,79100000,1
1288605780000,1288605839000,1.62429,1.62442,1.62421,1.62442,77000000,1
1288605840000,1288605899000,1.62442,1.62509,1.62434,1.62494,141500000,1
1288605900000,1288605959000,1.62494,1.62518,1.6249,1.62509,106600000,1
1288605960000,1288606019000,1.62501,1.62508,1.6249,1.625,82800000,1
1288606020000,1288606079000,1.62507,1.62522,1.62485,1.62522,91400000,1
1288606080000,1288606139000,1.62522,1.62535,1.62503,1.62519,110800000,1
1288606140000,1288606199000,1.62519,1.62532,1.62507,1.62521,87000000,1
1288606200000,1288606259000,1.62521,1.62526,1.62494,1.62504,79200000,1
1288606260000,1288606319000,1.62506,1.62522,1.62504,1.62512,74800000,1
1288606320000,1288606379000,1.62512,1.62544,1.62502,1.62535,114800000,1
1288606380000,1288606439000,1.62534,1.62559,1.62526,1.62541,131500000,1
1288606440000,1288606499000,1.62552,1.62586,1.62542,1.62559,123300000,1
1288606500000,1288606559000,1.62543,1.62596,1.62543,1.62574,131700000,1
1288606560000,1288606619000,1.62573,1.6258,1.62549,1.6258,97800000,1
1288606620000,1288606679000,1.6258,1.62595,1.62557,1.62562,95000000,1
1288606680000,1288606739000,1.62562,1.62571,1.6251,1.6253,86500000,1
1288606740000,1288606799000,1.6253,1.62578,1.62523,1.62542,96500000,1
1288606800000,1288606859000,1.62542,1.62567,1.62526,1.62541,134700000,1
1288606860000,1288606919000,1.6254,1.62563,1.62505,1.62505,95500000,1
1288606920000,1288606979000,1.62505,1.62509,1.62436,1.62447,97500000,1
1288606980000,1288607039000,1.6245,1.62459,1.62442,1.62447,74400000,1
1288607040000,1288607099000,1.62447,1.62458,1.62415,1.62429,94700000,1
1288607100000,1288607159000,1.62429,1.62446,1.62429,1.62444,86500000,1
1288607160000,1288607219000,1.62438,1.62462,1.62407,1.62407,92000000,1
1288607220000,1288607279000,1.62407,1.62409,1.6236,1.62393,83400000,1
1288607280000,1288607339000,1.62393,1.62473,1.62392,1.62448,87500000,1
1288607340000,1288607399000,1.62463,1.62497,1.62458,1.62491,99300000,1
1288607400000,1288607459000,1.62491,1.62544,1.62483,1.62544,118100000,1
1288607460000,1288607519000,1.62544,1.62555,1.62512,1.62519,83500000,1
1288607520000,1288607579000,1.62519,1.62523,1.6251,1.62523,69200000,1
1288607580000,1288607639000,1.62523,1.62532,1.62504,1.62507,60500000,1
1288607640000,1288607699000,1.62507,1.62519,1.62464,1.62466,94700000,1
1288607700000,1288607759000,1.62461,1.62476,1.62429,1.62429,77600000,1
1288607760000,1288607819000,1.62427,1.62444,1.62373,1.62377,102700000,1
1288607820000,1288607879000,1.62377,1.62405,1.62367,1.62398,106900000,1
1288607880000,1288607939000,1.62401,1.6242,1.62393,1.62402,110700000,1
1288607940000,1288607999000,1.62398,1.62411,1.62392,1.62392,88700000,1
1288608000000,1288608059000,1.624,1.62423,1.62362,1.62368,90200000,1
1288608060000,1288608119000,1.62365,1.624,1.62365,1.624,85200000,1
1288608120000,1288608179000,1.624,1.62412,1.62365,1.62365,91400000,1
1288608180000,1288608239000,1.62365,1.62373,1.62348,1.62348,65100000,1
1288608240000,1288608299000,1.62348,1.62362,1.62316,1.62343,120200000,1
1288608300000,1288608359000,1.62348,1.62368,1.6233,1.6233,66400000,1
1288608360000,1288608419000,1.6233,1.62399,1.6233,1.62399,149300000,1
1288608420000,1288608479000,1.62385,1.62385,1.62344,1.62351,83000000,1
1288608480000,1288608539000,1.62351,1.62363,1.62326,1.62326,128800000,1
1288608540000,1288608599000,1.62326,1.62407,1.62326,1.62387,124400000,1
1288608600000,1288608659000,1.62387,1.62413,1.62377,1.62388,113300000,1
1288608660000,1288608719000,1.62388,1.62404,1.62385,1.62389,78800000,1
1288608720000,1288608779000,1.62389,1.62422,1.62389,1.62416,80700000,1
1288608780000,1288608839000,1.62416,1.62439,1.62416,1.62422,73200000,1
1288608840000,1288608899000,1.62422,1.62435,1.62413,1.62413,86900000,1
1288608900000,1288608959000,1.62413,1.62441,1.62396,1.62431,84300000,1
1288608960000,1288609019000,1.62432,1.62441,1.62425,1.62432,71000000,1
1288609020000,1288609079000,1.62432,1.62474,1.6243,1.62474,85400000,1
1288609080000,1288609139000,1.62474,1.62496,1.62466,1.62472,104800000,1
1288609140000,1288609199000,1.62472,1.62476,1.62471,1.62474,55300000,1
1288609200000,1288609259000,1.62474,1.62507,1.6246,1.62499,119600000,1
1288609260000,1288609319000,1.62498,1.62507,1.62484,1.62484,102300000,1
1288609320000,1288609379000,1.62487,1.6252,1.62485,1.62515,117900000,1
1288609380000,1288609439000,1.62515,1.62515,1.62471,1.62488,100300000,1
1288609440000,1288609499000,1.62485,1.62502,1.62472,1.62498,129800000,1
1288609500000,1288609559000,1.62503,1.62503,1.62493,1.62497,72200000,1
1288609560000,1288609619000,1.62495,1.62509,1.62484,1.62491,121400000,1
1288609620000,1288609679000,1.62483,1.62489,1.62463,1.62473,107300000,1
1288609680000,1288609739000,1.62476,1.62489,1.62466,1.6247,116200000,1
1288609740000,1288609799000,1.62468,1.62468,1.62446,1.6246,73900000,1
1288609800000,1288609859000,1.6246,1.6246,1.62381,1.62405,133300000,1
1288609860000,1288609919000,1.62406,1.62408,1.62388,1.62391,90700000,1
1288609920000,1288609979000,1.62378,1.62393,1.62367,1.62378,88100000,1
1288609980000,1288610039000,1.62377,1.62416,1.6237,1.62416,111900000,1
1288610040000,1288610099000,1.62416,1.62464,1.62409,1.62453,77600000,1
1288610100000,1288610159000,1.62452,1.62477,1.62441,1.62441,136300000,1
1288610160000,1288610219000,1.6244,1.6247,1.62436,1.62438,107200000,1
1288610220000,1288610279000,1.62438,1.62438,1.62385,1.62385,95100000,1
1288610280000,1288610339000,1.62389,1.62406,1.62375,1.62393,112800000,1
1288610340000,1288610399000,1.62391,1.62408,1.62383,1.62386,83100000,1
1288610400000,1288610459000,1.62383,1.62395,1.62364,1.62366,89900000,1
1288610460000,1288610519000,1.62373,1.62376,1.62339,1.62376,98700000,1
1288610520000,1288610579000,1.62381,1.62384,1.62342,1.62344,114300000,1
1288610580000,1288610639000,1.62346,1.62358,1.62334,1.62341,87900000,1
1288610640000,1288610699000,1.62334,1.62343,1.62323,1.62343,90700000,1
1288610700000,1288610759000,1.62343,1.62349,1.62332,1.62338,59100000,1
1288610760000,1288610819000,1.62338,1.62343,1.62322,1.62329,72100000,1
1288610820000,1288610879000,1.62329,1.62366,1.62328,1.62363,86800000,1
1288610880000,1288610939000,1.62363,1.62385,1.62363,1.62376,57000000,1
1288610940000,1288610999000,1.62376,1.62393,1.62363,1.62393,65400000,1
1288611000000,1288611059000,1.62394,1.62434,1.6231,1.62326,134400000,1
1288611060000,1288611119000,1.62336,1.62361,1.62331,1.62361,103700000,1
1288611120000,1288611179000,1.62355,1.62373,1.62332,1.62332,92400000,1
1288611180000,1288611239000,1.62332,1.62341,1.6232,1.62334,86700000,1
1288611240000,1288611299000,1.62338,1.62369,1.62338,1.62351,136200000,1
1288611300000,1288611359000,1.62353,1.62362,1.62342,1.62343,86600000,1
1288611360000,1288611419000,1.62343,1.62367,1.62334,1.62367,69800000,1
1288611420000,1288611479000,1.62368,1.62373,1.62298,1.62298,70100000,1
1288611480000,1288611539000,1.62308,1.62404,1.62308,1.62401,124500000,1
1288611540000,1288611599000,1.62397,1.62434,1.62388,1.62417,87300000,1
1288611600000,1288611659000,1.62404,1.62501,1.62382,1.62467,118800000,1
1288611660000,1288611719000,1.62468,1.62527,1.62468,1.62516,112300000,1
1288611720000,1288611779000,1.62516,1.62521,1.62503,1.62505,83700000,1
1288611780000,1288611839000,1.62517,1.62517,1.62487,1.62487,90700000,1
1288611840000,1288611899000,1.62473,1.62473,1.62419,1.62456,76600000,1
1288611900000,1288611959000,1.62456,1.62474,1.62437,1.62472,80400000,1
1288611960000,1288612019000,1.62473,1.62485,1.62436,1.62436,134100000,1
1288612020000,1288612079000,1.62439,1.62486,1.62439,1.62476,71300000,1
1288612080000,1288612139000,1.62471,1.6248,1.62456,1.6247,64400000,1
1288612140000,1288612199000,1.6247,1.62524,1.6247,1.62484,108500000,1
1288612200000,1288612259000,1.6249,1.62516,1.62471,1.62483,74600000,1
1288612260000,1288612319000,1.62481,1.62558,1.62466,1.62544,80800000,1
1288612320000,1288612379000,1.62538,1.62544,1.62491,1.62519,55700000,1
1288612380000,1288612439000,1.62519,1.62536,1.62494,1.62499,76800000,1
1288612440000,1288612499000,1.62499,1.6253,1.62498,1.62527,68100000,1
1288612500000,1288612559000,1.62527,1.62529,1.62502,1.62517,68900000,1
1288612560000,1288612619000,1.62518,1.62549,1.62492,1.62492,85100000,1
1288612620000,1288612679000,1.62495,1.62501,1.62468,1.62468,56600000,1
1288612680000,1288612739000,1.6248,1.62505,1.62473,1.62505,48100000,1
1288612740000,1288612799000,1.62498,1.62543,1.62486,1.62519,111100000,1
1288612800000,1288612859000,1.62519,1.62568,1.62495,1.62502,114400000,1
1288612860000,1288612919000,1.62502,1.62502,1.62461,1.62478,106000000,1
1288612920000,1288612979000,1.6248,1.6248,1.62448,1.62448,69400000,1
1288612980000,1288613039000,1.62448,1.62473,1.62441,1.62461,97900000,1
1288613040000,1288613099000,1.62465,1.62476,1.62447,1.62457,87400000,1
1288613100000,1288613159000,1.6245,1.62504,1.62431,1.62468,154500000,1
1288613160000,1288613219000,1.62468,1.6249,1.62446,1.62471,85300000,1
1288613220000,1288613279000,1.62467,1.62483,1.62454,1.62456,108300000,1
1288613280000,1288613339000,1.62446,1.62491,1.62446,1.62484,107000000,1
1288613340000,1288613399000,1.62484,1.62569,1.62484,1.62549,55100000,1
1288613400000,1288613459000,1.62544,1.62588,1.62525,1.62558,105500000,1
1288613460000,1288613519000,1.62558,1.6257,1.62522,1.62523,70600000,1
1288613520000,1288613579000,1.62523,1.62542,1.62509,1.62511,87400000,1
1288613580000,1288613639000,1.62511,1.62524,1.62505,1.62524,103100000,1
1288613640000,1288613699000,1.62525,1.62556,1.62525,1.62535,113100000,1
1288613700000,1288613759000,1.62538,1.62554,1.62525,1.62538,101800000,1
1288613760000,1288613819000,1.62537,1.62573,1.62528,1.62556,165000000,1
1288613820000,1288613879000,1.62552,1.62552,1.62512,1.62516,118600000,1
1288613880000,1288613939000,1.62521,1.62521,1.62468,1.62472,97700000,1
1288613940000,1288613999000,1.62471,1.62493,1.62455,1.62457,137000000,1
1288614000000,1288614059000,1.62458,1.6248,1.62384,1.62384,115400000,1
1288614060000,1288614119000,1.62384,1.62422,1.62368,1.62382,106800000,1
1288614120000,1288614179000,1.62376,1.62494,1.62376,1.62485,114600000,1
1288614180000,1288614239000,1.62481,1.62502,1.62447,1.6245,95200000,1
1288614240000,1288614299000,1.62449,1.62482,1.62438,1.62454,109200000,1
1288614300000,1288614359000,1.62454,1.62493,1.62452,1.62488,69500000,1
1288614360000,1288614419000,1.6249,1.62581,1.6248,1.62581,111400000,1
1288614420000,1288614479000,1.62581,1.62616,1.62535,1.6256,148500000,1
1288614480000,1288614539000,1.62585,1.62608,1.62541,1.62562,132000000,1
1288614540000,1288614599000,1.62557,1.62557,1.62402,1.62402,111800000,1
1288614600000,1288614659000,1.62392,1.62518,1.62324,1.62468,145500000,1
1288614660000,1288614719000,1.6247,1.62496,1.62437,1.62496,162800000,1
1288614720000,1288614779000,1.62484,1.62509,1.62426,1.62453,172200000,1
1288614780000,1288614839000,1.62463,1.62515,1.62442,1.62483,157000000,1
1288614840000,1288614899000,1.62488,1.62534,1.62425,1.62425,115500000,1
1288614900000,1288614959000,1.62425,1.62425,1.62386,1.62413,140200000,1
1288614960000,1288615019000,1.62413,1.62504,1.62399,1.62447,108400000,1
1288615020000,1288615079000,1.62453,1.6247,1.62414,1.6245,107300000,1
1288615080000,1288615139000,1.62449,1.62449,1.62427,1.6243,118500000,1
1288615140000,1288615199000,1.62431,1.62443,1.62387,1.62415,105600000,1
1288615200000,1288615259000,1.62415,1.62429,1.6238,1.62407,125200000,1
1288615260000,1288615319000,1.62407,1.62433,1.62389,1.62408,83600000,1
1288615320000,1288615379000,1.62408,1.62469,1.62408,1.62469,91500000,1
1288615380000,1288615439000,1.62458,1.62478,1.62449,1.62464,84400000,1
1288615440000,1288615499000,1.62464,1.62489,1.62451,1.62477,85900000,1
1288615500000,1288615559000,1.62479,1.62495,1.62458,1.62458,124700000,1
1288615560000,1288615619000,1.62461,1.62477,1.62433,1.62444,117800000,1
1288615620000,1288615679000,1.62454,1.62488,1.62446,1.62488,88700000,1
1288615680000,1288615739000,1.62478,1.62499,1.62449,1.62469,81400000,1
1288615740000,1288615799000,1.62469,1.62532,1.62467,1.62532,108100000,1
1288615800000,1288615859000,1.62532,1.62546,1.62515,1.62542,91800000,1
1288615860000,1288615919000,1.62542,1.62562,1.62525,1.62561,95600000,1
1288615920000,1288615979000,1.62566,1.62566,1.62536,1.62554,79000000,1
1288615980000,1288616039000,1.62556,1.62567,1.62544,1.62564,70900000,1
1288616040000,1288616099000,1.62549,1.62549,1.62528,1.62528,77900000,1
1288616100000,1288616159000,1.62537,1.62551,1.62534,1.62534,117000000,1
1288616160000,1288616219000,1.62533,1.62534,1.62511,1.62523,82500000,1
1288616220000,1288616279000,1.62529,1.62543,1.62481,1.62491,104400000,1
1288616280000,1288616339000,1.62491,1.62502,1.6247,1.62475,113200000,1
1288616340000,1288616399000,1.62475,1.62494,1.62463,1.62469,106200000,1
1288616400000,1288616459000,1.62466,1.62489,1.62444,1.62489,93600000,1
1288616460000,1288616519000,1.62489,1.62489,1.62466,1.62466,69400000,1
1288616520000,1288616579000,1.62466,1.62489,1.62448,1.6245,116200000,1
1288616580000,1288616639000,1.6245,1.62518,1.62422,1.62518,89300000,1
1288616640000,1288616699000,1.62508,1.62508,1.6245,1.62484,132500000,1
1288616700000,1288616759000,1.62485,1.62495,1.62434,1.62475,111600000,1
1288616760000,1288616819000,1.62465,1.62475,1.62435,1.62475,100500000,1
1288616820000,1288616879000,1.62475,1.625,1.62457,1.62472,87700000,1
1288616880000,1288616939000,1.62469,1.62487,1.62445,1.62454,85000000,1
1288616940000,1288616999000,1.62447,1.62461,1.62431,1.62438,99200000,1
1288617000000,1288617059000,1.62436,1.62474,1.6243,1.62474,80300000,1
1288617060000,1288617119000,1.62464,1.62486,1.62464,1.62482,59100000,1
1288617120000,1288617179000,1.62482,1.62519,1.62481,1.62507,78500000,1
1288617180000,1288617239000,1.62504,1.62574,1.62504,1.62554,109900000,1
1288617240000,1288617299000,1.62554,1.62578,1.62543,1.62564,99900000,1
1288617300000,1288617359000,1.62566,1.62568,1.62514,1.62522,122700000,1
1288617360000,1288617419000,1.62522,1.62568,1.62517,1.62551,118300000,1
1288617420000,1288617479000,1.62542,1.62558,1.62522,1.62529,123700000,1
1288617480000,1288617539000,1.62529,1.62555,1.62528,1.62547,102400000,1
1288617540000,1288617599000,1.62547,1.62618,1.62547,1.62594,110300000,1
1288617600000,1288617659000,1.62602,1.62619,1.6258,1.62584,107000000,1
1288617660000,1288617719000,1.62592,1.62621,1.62549,1.62549,110800000,1
1288617720000,1288617779000,1.62564,1.62579,1.62545,1.62559,81500000,1
1288617780000,1288617839000,1.62559,1.62575,1.62489,1.62489,80800000,1
1288617840000,1288617899000,1.62483,1.62508,1.62472,1.62481,106800000,1
1288617900000,1288617959000,1.62481,1.62511,1.62466,1.62469,97700000,1
1288617960000,1288618019000,1.62468,1.62479,1.62466,1.62472,64700000,1
1288618020000,1288618079000,1.62472,1.6248,1.62455,1.62471,57100000,1
1288618080000,1288618139000,1.62471,1.62509,1.62467,1.62509,72900000,1
1288618140000,1288618199000,1.62509,1.62509,1.62481,1.62498,78000000,1
1288618200000,1288618259000,1.62505,1.62527,1.62444,1.62447,118000000,1
1288618260000,1288618319000,1.62455,1.62491,1.62434,1.6247,111700000,1
1288618320000,1288618379000,1.6247,1.62491,1.62458,1.62483,79400000,1
1288618380000,1288618439000,1.62483,1.62544,1.62483,1.62512,74300000,1
1288618440000,1288618499000,1.62527,1.62529,1.62501,1.62518,80000000,1
1288618500000,1288618559000,1.62518,1.62541,1.62475,1.62509,132300000,1
1288618560000,1288618619000,1.62514,1.62523,1.62476,1.62476,101300000,1
1288618620000,1288618679000,1.62483,1.62511,1.62475,1.62511,67500000,1
1288618680000,1288618739000,1.62511,1.62511,1.62474,1.62492,92400000,1
1288618740000,1288618799000,1.62493,1.62494,1.62453,1.62453,84600000,1
1288618800000,1288618859000,1.62449,1.62485,1.62423,1.62436,132700000,1
1288618860000,1288618919000,1.62443,1.62443,1.62396,1.62418,150200000,1
1288618920000,1288618979000,1.62419,1.62419,1.62376,1.62396,106500000,1
1288618980000,1288619039000,1.62407,1.62426,1.62354,1.62395,96100000,1
1288619040000,1288619099000,1.62405,1.6243,1.62349,1.62366,94700000,1
1288619100000,1288619159000,1.6235,1.6235,1.62262,1.62272,129800000,1
1288619160000,1288619219000,1.62273,1.62287,1.6224,1.62277,111000000,1
1288619220000,1288619279000,1.62272,1.62344,1.62243,1.62329,119500000,1
1288619280000,1288619339000,1.62313,1.62355,1.62313,1.62339,102900000,1
1288619340000,1288619399000,1.62339,1.62345,1.6232,1.62336,95100000,1
1288619400000,1288619459000,1.62328,1.62328,1.62299,1.62308,91500000,1
1288619460000,1288619519000,1.623,1.62357,1.62283,1.62354,98600000,1
1288619520000,1288619579000,1.62354,1.62386,1.62334,1.62334,153000000,1
1288619580000,1288619639000,1.62334,1.62353,1.62333,1.62336,87700000,1
1288619640000,1288619699000,1.62336,1.62369,1.62314,1.62361,104900000,1
1288619700000,1288619759000,1.62375,1.62385,1.62358,1.62368,69200000,1
1288619760000,1288619819000,1.62368,1.62395,1.62358,1.62395,73600000,1
1288619820000,1288619879000,1.62395,1.62453,1.62395,1.62453,70900000,1
1288619880000,1288619939000,1.62446,1.62468,1.62401,1.62426,92200000,1
1288619940000,1288619999000,1.62426,1.62435,1.6225,1.6225,130200000,1
1288620000000,1288620059000,1.62318,1.62336,1.62147,1.62259,275000000,1
1288620060000,1288620119000,1.62266,1.62289,1.62224,1.62224,150300000,1
1288620120000,1288620179000,1.62214,1.62247,1.62172,1.62238,167900000,1
1288620180000,1288620239000,1.62232,1.62309,1.62223,1.62287,170500000,1
1288620240000,1288620299000,1.62294,1.62309,1.62236,1.62244,186800000,1
1288620300000,1288620359000,1.62246,1.62256,1.62118,1.62131,163300000,1
1288620360000,1288620419000,1.62117,1.62226,1.6211,1.62215,145200000,1
1288620420000,1288620479000,1.62214,1.62234,1.62178,1.62223,137400000,1
1288620480000,1288620539000,1.62218,1.62271,1.62201,1.62258,115600000,1
1288620540000,1288620599000,1.62255,1.62285,1.62232,1.62232,139300000,1
1288620600000,1288620659000,1.62234,1.62234,1.62162,1.62166,146600000,1
1288620660000,1288620719000,1.62172,1.62191,1.62125,1.62131,132100000,1
1288620720000,1288620779000,1.6213,1.62235,1.6213,1.62221,137700000,1
1288620780000,1288620839000,1.62221,1.62221,1.62178,1.62185,148400000,1
1288620840000,1288620899000,1.62185,1.62188,1.62106,1.62126,131700000,1
1288620900000,1288620959000,1.62126,1.62179,1.62111,1.62121,140800000,1
1288620960000,1288621019000,1.62121,1.62184,1.62103,1.62181,125800000,1
1288621020000,1288621079000,1.62181,1.62206,1.62168,1.62184,147100000,1
1288621080000,1288621139000,1.62181,1.6219,1.62148,1.62158,120800000,1
1288621140000,1288621199000,1.62148,1.62195,1.62112,1.62187,132500000,1
1288621200000,1288621259000,1.62187,1.62285,1.62187,1.6224,130800000,1
1288621260000,1288621319000,1.62242,1.62302,1.62221,1.62278,135500000,1
1288621320000,1288621379000,1.62273,1.62338,1.62256,1.62324,151100000,1
1288621380000,1288621439000,1.62346,1.62346,1.62287,1.62295,96000000,1
1288621440000,1288621499000,1.623,1.623,1.62216,1.62248,150200000,1
1288621500000,1288621559000,1.62243,1.62269,1.62243,1.6226,101700000,1
1288621560000,1288621619000,1.6226,1.62318,1.62253,1.62304,116800000,1
1288621620000,1288621679000,1.62304,1.62315,1.62274,1.62306,95000000,1
1288621680000,1288621739000,1.62301,1.62336,1.62287,1.6232,95400000,1
1288621740000,1288621799000,1.62312,1.62331,1.62266,1.62277,127000000,1
1288621800000,1288621859000,1.62294,1.62294,1.62227,1.62236,144700000,1
1288621860000,1288621919000,1.62236,1.6226,1.62199,1.62228,137800000,1
1288621920000,1288621979000,1.62231,1.62234,1.62192,1.62225,104500000,1
1288621980000,1288622039000,1.62221,1.6224,1.62206,1.62238,86700000,1
1288622040000,1288622099000,1.6224,1.62308,1.62231,1.62298,104000000,1
1288622100000,1288622159000,1.623,1.62361,1.623,1.62308,123900000,1
1288622160000,1288622219000,1.62308,1.62325,1.62296,1.6231,109200000,1
1288622220000,1288622279000,1.6231,1.62317,1.62295,1.62305,89900000,1
1288622280000,1288622339000,1.62308,1.62313,1.62264,1.62285,78200000,1
1288622340000,1288622399000,1.6229,1.62307,1.62273,1.62273,122800000,1
1288622400000,1288622459000,1.62287,1.62302,1.6226,1.62285,133700000,1
1288622460000,1288622519000,1.62289,1.62318,1.62284,1.62298,125100000,1
1288622520000,1288622579000,1.62307,1.62339,1.62291,1.62291,112100000,1
1288622580000,1288622639000,1.62291,1.62306,1.62277,1.62295,94900000,1
1288622640000,1288622699000,1.62295,1.62296,1.62248,1.62248,120600000,1
1288622700000,1288622759000,1.6225,1.62258,1.62229,1.6224,102800000,1
1288622760000,1288622819000,1.62238,1.62272,1.62222,1.62232,126100000,1
1288622820000,1288622879000,1.6224,1.62272,1.62207,1.62213,114200000,1
1288622880000,1288622939000,1.62218,1.62233,1.62205,1.62221,111700000,1
1288622940000,1288622999000,1.62221,1.62233,1.62205,1.62218,88100000,1
1288623000000,1288623059000,1.6221,1.62236,1.62183,1.62215,154200000,1
1288623060000,1288623119000,1.62206,1.62218,1.62181,1.62189,95800000,1
1288623120000,1288623179000,1.6219,1.62222,1.62184,1.62209,76500000,1
1288623180000,1288623239000,1.62218,1.62248,1.62196,1.6223,88800000,1
1288623240000,1288623299000,1.6223,1.62267,1.62205,1.62263,101900000,1
1288623300000,1288623359000,1.62263,1.62298,1.62241,1.62286,98100000,1
1288623360000,1288623419000,1.62287,1.623,1.62254,1.62254,91500000,1
1288623420000,1288623479000,1.62252,1.62263,1.62218,1.62244,83800000,1
1288623480000,1288623539000,1.62253,1.62292,1.62237,1.62259,93900000,1
1288623540000,1288623599000,1.62259,1.62306,1.62257,1.62295,117400000,1
1288623600000,1288623659000,1.623,1.6237,1.62283,1.62359,116100000,1
1288623660000,1288623719000,1.62349,1.62426,1.62322,1.62386,136600000,1
1288623720000,1288623779000,1.62385,1.62385,1.6231,1.62314,131600000,1
1288623780000,1288623839000,1.62327,1.62335,1.62278,1.62282,109600000,1
1288623840000,1288623899000,1.62282,1.62314,1.62268,1.62277,83500000,1
1288623900000,1288623959000,1.62282,1.62304,1.62257,1.62268,80500000,1
1288623960000,1288624019000,1.62264,1.62288,1.62225,1.62235,84200000,1
1288624020000,1288624079000,1.62242,1.62311,1.62242,1.62276,112500000,1
1288624080000,1288624139000,1.62285,1.62285,1.6223,1.62236,91400000,1
1288624140000,1288624199000,1.62248,1.62258,1.62227,1.62235,112300000,1
1288624200000,1288624259000,1.62231,1.62263,1.62228,1.62248,84000000,1
1288624260000,1288624319000,1.62245,1.62251,1.62208,1.62216,109600000,1
1288624320000,1288624379000,1.62223,1.62262,1.62211,1.62262,97200000,1
1288624380000,1288624439000,1.62275,1.62287,1.62248,1.6227,129800000,1
1288624440000,1288624499000,1.6227,1.62322,1.6227,1.62299,110300000,1
1288624500000,1288624559000,1.62296,1.62345,1.6229,1.62332,119900000,1
1288624560000,1288624619000,1.6232,1.62373,1.62303,1.62321,163300000,1
1288624620000,1288624679000,1.62322,1.62355,1.62308,1.62324,151800000,1
1288624680000,1288624739000,1.62324,1.62354,1.62286,1.62312,138600000,1
1288624740000,1288624799000,1.62312,1.62343,1.62289,1.62299,81500000,1
1288624800000,1288624859000,1.62299,1.62308,1.62268,1.62272,115200000,1
1288624860000,1288624919000,1.62278,1.62322,1.62261,1.62297,78300000,1
1288624920000,1288624979000,1.62297,1.6232,1.62288,1.62318,100700000,1
1288624980000,1288625039000,1.62317,1.62317,1.62276,1.62288,85700000,1
1288625040000,1288625099000,1.62283,1.62426,1.6228,1.62364,148600000,1
1288625100000,1288625159000,1.62362,1.6241,1.62349,1.6241,90800000,1
1288625160000,1288625219000,1.62409,1.62409,1.62364,1.62386,87400000,1
1288625220000,1288625279000,1.62387,1.62412,1.62383,1.62395,84900000,1
1288625280000,1288625339000,1.62395,1.62422,1.62378,1.62379,78500000,1
1288625340000,1288625399000,1.62379,1.62402,1.62368,1.62382,87500000,1
1288625400000,1288625459000,1.62376,1.62435,1.62376,1.62403,125600000,1
1288625460000,1288625519000,1.62404,1.62506,1.62404,1.6249,117800000,1
1288625520000,1288625579000,1.6249,1.6249,1.62412,1.62438,133900000,1
1288625580000,1288625639000,1.62437,1.62466,1.62437,1.62455,103800000,1
1288625640000,1288625699000,1.62465,1.62497,1.62455,1.62497,108300000,1
1288625700000,1288625759000,1.62499,1.62534,1.6246,1.62534,132700000,1
1288625760000,1288625819000,1.62527,1.62557,1.62502,1.62526,108700000,1
1288625820000,1288625879000,1.62527,1.62571,1.62505,1.62538,129100000,1
1288625880000,1288625939000,1.62537,1.62569,1.62532,1.62532,93900000,1
1288625940000,1288625999000,1.62536,1.62548,1.62508,1.62542,95900000,1
1288626000000,1288626059000,1.62552,1.62583,1.6255,1.62557,147900000,1
1288626060000,1288626119000,1.62569,1.62583,1.62544,1.62544,118700000,1
1288626120000,1288626179000,1.62554,1.62561,1.62531,1.62556,106300000,1
1288626180000,1288626239000,1.62555,1.6258,1.62549,1.62549,91000000,1
1288626240000,1288626299000,1.62547,1.62559,1.62483,1.62483,112800000,1
1288626300000,1288626359000,1.62467,1.62504,1.62447,1.62456,119700000,1
1288626360000,1288626419000,1.62456,1.62475,1.62426,1.62441,113400000,1
1288626420000,1288626479000,1.62441,1.62451,1.62392,1.624,112900000,1
1288626480000,1288626539000,1.624,1.6244,1.62384,1.62388,123700000,1
1288626540000,1288626599000,1.62388,1.62427,1.62375,1.62403,128500000,1
1288626600000,1288626659000,1.62417,1.62417,1.62356,1.62366,92200000,1
1288626660000,1288626719000,1.62366,1.62434,1.62352,1.62413,113300000,1
1288626720000,1288626779000,1.62413,1.62444,1.6239,1.6239,147700000,1
1288626780000,1288626839000,1.6239,1.62417,1.6239,1.62407,104500000,1
1288626840000,1288626899000,1.62407,1.62419,1.62392,1.62402,99600000,1
1288626900000,1288626959000,1.62397,1.62397,1.62368,1.62384,89900000,1
1288626960000,1288627019000,1.62384,1.62384,1.62324,1.62326,98800000,1
1288627020000,1288627079000,1.6232,1.62369,1.62315,1.62357,89000000,1
1288627080000,1288627139000,1.62362,1.62381,1.62344,1.6238,80800000,1
1288627140000,1288627199000,1.62376,1.62454,1.62364,1.62454,79600000,1
1288627200000,1288627259000,1.62438,1.62457,1.62401,1.62432,104900000,1
1288627260000,1288627319000,1.62432,1.62468,1.62411,1.62419,127900000,1
1288627320000,1288627379000,1.62425,1.62463,1.62421,1.62444,97600000,1
1288627380000,1288627439000,1.62447,1.62468,1.62427,1.62438,78600000,1
1288627440000,1288627499000,1.62452,1.62475,1.62437,1.62437,79000000,1
1288627500000,1288627559000,1.62437,1.62494,1.62424,1.62476,95100000,1
1288627560000,1288627619000,1.62476,1.62553,1.62473,1.62537,105800000,1
1288627620000,1288627679000,1.62549,1.62549,1.62514,1.62514,108200000,1
1288627680000,1288627739000,1.62526,1.62614,1.62526,1.62598,96600000,1
1288627740000,1288627799000,1.62605,1.62605,1.62551,1.62562,98300000,1
1288627800000,1288627859000,1.62577,1.62577,1.62518,1.62518,134300000,1
1288627860000,1288627919000,1.62519,1.62533,1.62508,1.62513,76300000,1
1288627920000,1288627979000,1.62514,1.62544,1.62514,1.62536,81500000,1
1288627980000,1288628039000,1.6253,1.6255,1.62511,1.62539,78400000,1
1288628040000,1288628099000,1.62533,1.62538,1.62521,1.62532,60300000,1
1288628100000,1288628159000,1.62532,1.62556,1.62525,1.62532,90400000,1
1288628160000,1288628219000,1.62518,1.62534,1.62504,1.62513,80500000,1
1288628220000,1288628279000,1.62511,1.62522,1.62467,1.62482,89000000,1
1288628280000,1288628339000,1.62481,1.62485,1.62456,1.62475,88300000,1
1288628340000,1288628399000,1.62475,1.62523,1.62464,1.62482,99400000,1
1288628400000,1288628459000,1.62483,1.6251,1.62453,1.62463,98500000,1
1288628460000,1288628519000,1.62459,1.62469,1.62445,1.62449,90500000,1
1288628520000,1288628579000,1.62452,1.62477,1.62444,1.62469,103400000,1
1288628580000,1288628639000,1.62469,1.62496,1.62441,1.62457,125500000,1
1288628640000,1288628699000,1.62463,1.62469,1.62457,1.62463,86200000,1
1288628700000,1288628759000,1.62461,1.62483,1.62436,1.62436,106100000,1
1288628760000,1288628819000,1.62437,1.62459,1.62415,1.62451,121900000,1
1288628820000,1288628879000,1.62456,1.62488,1.62439,1.62467,173100000,1
1288628880000,1288628939000,1.62463,1.62474,1.62446,1.62457,80700000,1
1288628940000,1288628999000,1.62451,1.62513,1.62424,1.62503,137200000,1
1288629000000,1288629059000,1.62503,1.62515,1.62479,1.6249,137800000,1
1288629060000,1288629119000,1.6249,1.62507,1.6249,1.62503,99400000,1
1288629120000,1288629179000,1.62512,1.62542,1.62512,1.62515,90600000,1
1288629180000,1288629239000,1.62514,1.62538,1.62513,1.62527,65900000,1
1288629240000,1288629299000,1.62527,1.62539,1.62502,1.6251,69900000,1
1288629300000,1288629359000,1.6251,1.62567,1.6251,1.62537,104700000,1
1288629360000,1288629419000,1.62538,1.6258,1.62532,1.62575,99300000,1
1288629420000,1288629479000,1.62584,1.62603,1.62572,1.62603,81600000,1
1288629480000,1288629539000,1.62602,1.6262,1.62566,1.62608,133300000,1
1288629540000,1288629599000,1.62598,1.62598,1.62582,1.62585,80100000,1
1288629600000,1288629659000,1.62585,1.62602,1.62581,1.62602,108600000,1
1288629660000,1288629719000,1.62602,1.62607,1.62576,1.62581,106000000,1
1288629720000,1288629779000,1.62586,1.62591,1.62553,1.62573,116800000,1
1288629780000,1288629839000,1.62567,1.62585,1.62543,1.62551,151600000,1
1288629840000,1288629899000,1.62552,1.62573,1.6255,1.62568,105400000,1
1288629900000,1288629959000,1.62574,1.62574,1.62556,1.62566,98500000,1
1288629960000,1288630019000,1.62573,1.62574,1.62538,1.62563,139400000,1
1288630020000,1288630079000,1.6256,1.62582,1.62555,1.62567,78300000,1
1288630080000,1288630139000,1.62564,1.6259,1.62555,1.62555,101100000,1
1288630140000,1288630199000,1.62555,1.62564,1.62555,1.62563,56600000,1
1288630200000,1288630259000,1.62563,1.62582,1.62547,1.62553,107200000,1
1288630260000,1288630319000,1.62553,1.62616,1.62553,1.62607,115000000,1
1288630320000,1288630379000,1.62607,1.62628,1.62593,1.62593,145400000,1
1288630380000,1288630439000,1.62593,1.62643,1.62593,1.62622,114900000,1
1288630440000,1288630499000,1.62634,1.62634,1.62608,1.62608,80200000,1
1288630500000,1288630559000,1.62608,1.62628,1.62591,1.62602,133300000,1
1288630560000,1288630619000,1.62601,1.62605,1.62575,1.62593,116900000,1
1288630620000,1288630679000,1.62595,1.62595,1.62575,1.62588,103800000,1
1288630680000,1288630739000,1.62588,1.62608,1.62574,1.62578,71600000,1
1288630740000,1288630799000,1.62578,1.62619,1.62578,1.626,105400000,1
1288630800000,1288630859000,1.62601,1.6261,1.62573,1.62573,112100000,1
1288630860000,1288630919000,1.62573,1.62611,1.62563,1.62602,105200000,1
1288630920000,1288630979000,1.62606,1.62625,1.62589,1.62609,110800000,1
1288630980000,1288631039000,1.62609,1.62644,1.62604,1.62622,83500000,1
1288631040000,1288631099000,1.62611,1.62625,1.62587,1.62625,95300000,1
1288631100000,1288631159000,1.62625,1.62656,1.62617,1.6265,134000000,1
1288631160000,1288631219000,1.62651,1.62656,1.62635,1.62648,125600000,1
1288631220000,1288631279000,1.62646,1.62664,1.62597,1.62597,141000000,1
1288631280000,1288631339000,1.62597,1.62607,1.62588,1.62603,74900000,1
1288631340000,1288631399000,1.626,1.626,1.62558,1.62577,117100000,1
1288631400000,1288631459000,1.62573,1.62589,1.62568,1.62583,102700000,1
1288631460000,1288631519000,1.62584,1.62599,1.62584,1.62593,83400000,1
1288631520000,1288631579000,1.62593,1.62593,1.62567,1.62577,81900000,1
1288631580000,1288631639000,1.62583,1.62583,1.62548,1.62567,113300000,1
1288631640000,1288631699000,1.62567,1.62577,1.62548,1.6255,103900000,1
1288631700000,1288631759000,1.6255,1.62571,1.62522,1.62567,117300000,1
1288631760000,1288631819000,1.62567,1.62583,1.62542,1.62556,98500000,1
1288631820000,1288631879000,1.62556,1.62563,1.62525,1.62535,106900000,1
1288631880000,1288631939000,1.62534,1.6254,1.62512,1.62512,59100000,1
1288631940000,1288631999000,1.62512,1.62542,1.62492,1.62512,97400000,1
1288632000000,1288632059000,1.62509,1.62524,1.62503,1.62512,104600000,1
1288632060000,1288632119000,1.62524,1.62524,1.62487,1.62505,79800000,1
1288632120000,1288632179000,1.62511,1.62557,1.62507,1.62557,91900000,1
1288632180000,1288632239000,1.62557,1.6259,1.62551,1.62559,83300000,1
1288632240000,1288632299000,1.62559,1.62607,1.62543,1.62551,109000000,1
1288632300000,1288632359000,1.6256,1.62589,1.62558,1.6257,107500000,1
1288632360000,1288632419000,1.6257,1.62583,1.62563,1.62569,67500000,1
1288632420000,1288632479000,1.62569,1.62583,1.62557,1.62579,89600000,1
1288632480000,1288632539000,1.62568,1.62603,1.62565,1.62587,101700000,1
1288632540000,1288632599000,1.62587,1.62588,1.62521,1.62521,106100000,1
1288632600000,1288632659000,1.62513,1.62536,1.62503,1.62517,95000000,1
1288632660000,1288632719000,1.62518,1.62518,1.62466,1.62475,114700000,1
1288632720000,1288632779000,1.62487,1.62518,1.62487,1.62517,79400000,1
1288632780000,1288632839000,1.62517,1.62537,1.62498,1.62504,91500000,1
1288632840000,1288632899000,1.62504,1.62546,1.62482,1.62504,82900000,1
1288632900000,1288632959000,1.62503,1.62526,1.62498,1.62509,83200000,1
1288632960000,1288633019000,1.62506,1.62506,1.62456,1.6247,93100000,1
1288633020000,1288633079000,1.6247,1.6248,1.6245,1.62467,87800000,1
1288633080000,1288633139000,1.62467,1.62467,1.62418,1.62423,91300000,1
1288633140000,1288633199000,1.62423,1.62447,1.62411,1.62439,108200000,1
1288633200000,1288633259000,1.6244,1.62449,1.62422,1.62426,112500000,1
1288633260000,1288633319000,1.62417,1.62454,1.62417,1.62434,109300000,1
1288633320000,1288633379000,1.62432,1.62456,1.62422,1.62456,93000000,1
1288633380000,1288633439000,1.62456,1.62524,1.62449,1.62524,82000000,1
1288633440000,1288633499000,1.62524,1.62535,1.62508,1.62517,76200000,1
1288633500000,1288633559000,1.62524,1.62542,1.6252,1.62527,93100000,1
1288633560000,1288633619000,1.62532,1.62552,1.62503,1.62506,121000000,1
1288633620000,1288633679000,1.62504,1.62529,1.62492,1.62505,113800000,1
1288633680000,1288633739000,1.62503,1.62515,1.62498,1.62501,112000000,1
1288633740000,1288633799000,1.62503,1.62513,1.62482,1.62482,85000000,1
1288633800000,1288633859000,1.62481,1.62493,1.62462,1.62466,141500000,1
1288633860000,1288633919000,1.62466,1.62478,1.62454,1.62464,95300000,1
1288633920000,1288633979000,1.62471,1.62492,1.62471,1.6248,130100000,1
1288633980000,1288634039000,1.6248,1.62483,1.62472,1.62474,80900000,1
1288634040000,1288634099000,1.62474,1.62477,1.62474,1.62475,91600000,1
1288634100000,1288634159000,1.62475,1.62483,1.62471,1.6248,110300000,1
1288634160000,1288634219000,1.62472,1.62515,1.6247,1.62515,120600000,1
1288634220000,1288634279000,1.62519,1.62543,1.62519,1.62533,101200000,1
1288634280000,1288634339000,1.62533,1.62565,1.62533,1.62565,133100000,1
1288634340000,1288634399000,1.62565,1.62575,1.62543,1.62543,123900000,1
1288634400000,1288634459000,1.62531,1.62588,1.62531,1.62556,108500000,1
1288634460000,1288634519000,1.62556,1.62587,1.62556,1.62587,61100000,1
1288634520000,1288634579000,1.62587,1.62607,1.62587,1.62599,80800000,1
1288634580000,1288634639000,1.62606,1.62627,1.62576,1.62576,84800000,1
1288634640000,1288634699000,1.62576,1.62586,1.62547,1.62557,110200000,1
1288634700000,1288634759000,1.62557,1.62589,1.62547,1.62563,104200000,1
1288634760000,1288634819000,1.6257,1.62619,1.6257,1.62589,81200000,1
1288634820000,1288634879000,1.62596,1.62596,1.62561,1.62561,67300000,1
1288634880000,1288634939000,1.6257,1.62571,1.62562,1.62563,46400000,1
1288634940000,1288634999000,1.62563,1.62565,1.62547,1.62547,67400000,1
1288635000000,1288635059000,1.62547,1.62571,1.62537,1.62546,99600000,1
1288635060000,1288635119000,1.62546,1.62562,1.62506,1.62506,98300000,1
1288635120000,1288635179000,1.62508,1.6252,1.62504,1.62505,114300000,1
1288635180000,1288635239000,1.62513,1.62529,1.62507,1.62519,102000000,1
1288635240000,1288635299000,1.62519,1.62552,1.62519,1.62532,111300000,1
1288635300000,1288635359000,1.62533,1.62585,1.62533,1.62577,92800000,1
1288635360000,1288635419000,1.62578,1.62581,1.62565,1.62565,65900000,1
1288635420000,1288635479000,1.62566,1.62566,1.62551,1.62551,82300000,1
1288635480000,1288635539000,1.62551,1.62604,1.62551,1.62579,81400000,1
1288635540000,1288635599000,1.62579,1.62597,1.62538,1.62538,86400000,1
1288635600000,1288635659000,1.62538,1.62556,1.62516,1.6252,107600000,1
1288635660000,1288635719000,1.62521,1.6255,1.6252,1.62523,106100000,1
1288635720000,1288635779000,1.62523,1.62546,1.62522,1.62522,151600000,1
1288635780000,1288635839000,1.62527,1.62538,1.62524,1.62524,91200000,1
1288635840000,1288635899000,1.62531,1.62549,1.62523,1.62537,105100000,1
1288635900000,1288635959000,1.6254,1.626,1.62534,1.62599,131500000,1
1288635960000,1288636019000,1.62599,1.62624,1.62563,1.62577,111900000,1
1288636020000,1288636079000,1.62565,1.62593,1.62563,1.62593,76500000,1
1288636080000,1288636139000,1.62579,1.62603,1.62561,1.62575,122400000,1
1288636140000,1288636199000,1.62575,1.62599,1.62555,1.62599,65700000,1
1288636200000,1288636259000,1.62599,1.62601,1.62583,1.62599,96800000,1
1288636260000,1288636319000,1.62605,1.62607,1.6254,1.6254,112300000,1
1288636320000,1288636379000,1.6254,1.62557,1.62523,1.62529,87200000,1
1288636380000,1288636439000,1.62526,1.6254,1.62526,1.62533,133900000,1
1288636440000,1288636499000,1.62533,1.62533,1.62503,1.6251,98600000,1
1288636500000,1288636559000,1.62506,1.62509,1.62496,1.62498,75800000,1
1288636560000,1288636619000,1.62503,1.62577,1.62497,1.62567,114300000,1
1288636620000,1288636679000,1.62567,1.62589,1.62542,1.62542,86900000,1
1288636680000,1288636739000,1.62542,1.62569,1.62539,1.62556,78000000,1
1288636740000,1288636799000,1.62566,1.62592,1.62555,1.62561,91200000,1
1288636800000,1288636859000,1.62569,1.6264,1.62569,1.62621,132700000,1
1288636860000,1288636919000,1.62623,1.62695,1.62623,1.6268,92700000,1
1288636920000,1288636979000,1.62678,1.62678,1.62648,1.6265,104400000,1
1288636980000,1288637039000,1.6265,1.62663,1.6262,1.62625,122600000,1
1288637040000,1288637099000,1.6262,1.62634,1.62607,1.62628,81400000,1
1288637100000,1288637159000,1.62627,1.62648,1.62618,1.62642,71100000,1
1288637160000,1288637219000,1.62622,1.62633,1.62622,1.62633,77500000,1
1288637220000,1288637279000,1.62633,1.62645,1.62628,1.62635,70700000,1
1288637280000,1288637339000,1.62646,1.62682,1.62634,1.6265,123500000,1
1288637340000,1288637399000,1.6265,1.62675,1.62645,1.62673,93600000,1
1288637400000,1288637459000,1.62664,1.62685,1.62634,1.62671,96000000,1
1288637460000,1288637519000,1.62665,1.62688,1.62657,1.62688,65100000,1
1288637520000,1288637579000,1.62681,1.62698,1.62657,1.62698,81700000,1
1288637580000,1288637639000,1.62698,1.62698,1.62658,1.62676,76600000,1
1288637640000,1288637699000,1.6267,1.62684,1.62657,1.62673,79000000,1
1288637700000,1288637759000,1.62673,1.62757,1.62673,1.62738,115400000,1
1288637760000,1288637819000,1.62735,1.62777,1.62733,1.6276,102400000,1
1288637820000,1288637879000,1.62785,1.628,1.62746,1.62746,93200000,1
1288637880000,1288637939000,1.62746,1.62781,1.62744,1.62771,84600000,1
1288637940000,1288637999000,1.62774,1.62774,1.62681,1.62699,111700000,1
1288638000000,1288638059000,1.62709,1.62727,1.62694,1.62711,93400000,1
1288638060000,1288638119000,1.62711,1.62727,1.62697,1.62711,131000000,1
1288638120000,1288638179000,1.62717,1.62797,1.62715,1.62761,119000000,1
1288638180000,1288638239000,1.6276,1.62776,1.62747,1.62765,83900000,1
1288638240000,1288638299000,1.62765,1.62832,1.62758,1.62822,95100000,1
1288638300000,1288638359000,1.62822,1.62897,1.62822,1.62882,94400000,1
1288638360000,1288638419000,1.62878,1.62898,1.62838,1.62893,133300000,1
1288638420000,1288638479000,1.62893,1.6293,1.62885,1.62895,82500000,1
1288638480000,1288638539000,1.62896,1.62922,1.62893,1.62913,102700000,1
1288638540000,1288638599000,1.62914,1.62943,1.62903,1.62939,74200000,1
1288638600000,1288638659000,1.62939,1.62956,1.62915,1.62931,105700000,1
1288638660000,1288638719000,1.62931,1.62999,1.62931,1.62982,58600000,1
1288638720000,1288638779000,1.62982,1.62989,1.62965,1.62965,79800000,1
1288638780000,1288638839000,1.62968,1.63031,1.62949,1.62949,73900000,1
1288638840000,1288638899000,1.62952,1.62952,1.62902,1.62946,80800000,1
1288638900000,1288638959000,1.62946,1.62953,1.62896,1.62925,99300000,1
1288638960000,1288639019000,1.62914,1.62934,1.629,1.62928,69500000,1
1288639020000,1288639079000,1.62928,1.62952,1.62925,1.62925,53800000,1
1288639080000,1288639139000,1.62925,1.6295,1.62901,1.62925,92500000,1
1288639140000,1288639199000,1.62925,1.62956,1.62924,1.62956,91200000,1
1288639200000,1288639259000,1.62956,1.62962,1.62896,1.62908,131600000,1
1288639260000,1288639319000,1.62914,1.6292,1.62848,1.62848,102500000,1
1288639320000,1288639379000,1.62847,1.62851,1.62836,1.62836,99500000,1
1288639380000,1288639439000,1.62833,1.62848,1.6283,1.62837,68100000,1
1288639440000,1288639499000,1.62838,1.62838,1.62801,1.62824,83300000,1
1288639500000,1288639559000,1.62824,1.62832,1.62736,1.62772,121900000,1
1288639560000,1288639619000,1.62772,1.62812,1.62767,1.62783,120300000,1
1288639620000,1288639679000,1.62782,1.62782,1.62729,1.62744,148000000,1
1288639680000,1288639739000,1.62744,1.62761,1.62736,1.62749,62700000,1
1288639740000,1288639799000,1.62749,1.62782,1.62745,1.62782,75500000,1
1288639800000,1288639859000,1.62782,1.62782,1.62762,1.62767,58800000,1
1288639860000,1288639919000,1.62767,1.62769,1.62745,1.62763,80700000,1
1288639920000,1288639979000,1.62763,1.62763,1.62733,1.62736,77600000,1
1288639980000,1288640039000,1.62736,1.62736,1.62699,1.62714,96900000,1
1288640040000,1288640099000,1.62711,1.62753,1.62711,1.62747,75900000,1
1288640100000,1288640159000,1.62749,1.62781,1.62749,1.62774,121800000,1
1288640160000,1288640219000,1.62774,1.62782,1.62756,1.62756,113000000,1
1288640220000,1288640279000,1.62764,1.62772,1.62756,1.62756,108100000,1
1288640280000,1288640339000,1.62759,1.62782,1.6273,1.6276,158100000,1
1288640340000,1288640399000,1.6276,1.62762,1.62728,1.62731,112400000,1
1288640400000,1288640459000,1.6275,1.62793,1.62741,1.62769,114000000,1
1288640460000,1288640519000,1.62764,1.62789,1.6274,1.6274,75000000,1
1288640520000,1288640579000,1.62736,1.62775,1.62736,1.62764,101900000,1
1288640580000,1288640639000,1.62761,1.62796,1.62761,1.62779,59800000,1
1288640640000,1288640699000,1.62779,1.62787,1.62776,1.62782,47300000,1
1288640700000,1288640759000,1.62787,1.62795,1.62736,1.62788,112500000,1
1288640760000,1288640819000,1.62777,1.62782,1.62751,1.62782,137400000,1
1288640820000,1288640879000,1.62784,1.62792,1.62763,1.62778,72400000,1
1288640880000,1288640939000,1.62775,1.62787,1.62759,1.62787,73400000,1
1288640940000,1288640999000,1.62773,1.62793,1.62757,1.62757,90100000,1
1288641000000,1288641059000,1.62766,1.62772,1.62728,1.6275,81400000,1
1288641060000,1288641119000,1.62747,1.6278,1.62738,1.62747,69900000,1
1288641120000,1288641179000,1.62749,1.62749,1.62736,1.62741,73200000,1
1288641180000,1288641239000,1.62746,1.62772,1.62746,1.62768,60900000,1
1288641240000,1288641299000,1.62755,1.62761,1.62714,1.62746,79700000,1
1288641300000,1288641359000,1.62732,1.62732,1.62697,1.62709,79700000,1
1288641360000,1288641419000,1.62706,1.62723,1.62693,1.62711,76400000,1
1288641420000,1288641479000,1.62711,1.62711,1.62668,1.6268,82100000,1
1288641480000,1288641539000,1.62679,1.62704,1.62667,1.62667,69900000,1
1288641540000,1288641599000,1.62667,1.62695,1.62667,1.62682,67500000,1
1288641600000,1288641659000,1.62682,1.62682,1.62632,1.62642,57700000,1
1288641660000,1288641719000,1.62642,1.62658,1.62625,1.62628,80900000,1
1288641720000,1288641779000,1.62628,1.62637,1.62612,1.62633,78700000,1
1288641780000,1288641839000,1.62635,1.62643,1.62614,1.62614,78100000,1
1288641840000,1288641899000,1.62614,1.6265,1.62575,1.62586,132300000,1
1288641900000,1288641959000,1.62581,1.62586,1.62571,1.62581,64100000,1
1288641960000,1288642019000,1.62583,1.62604,1.62583,1.62597,82200000,1
1288642020000,1288642079000,1.62597,1.62608,1.62589,1.62592,104300000,1
1288642080000,1288642139000,1.62592,1.62635,1.6258,1.62613,66800000,1
1288642140000,1288642199000,1.62613,1.62613,1.62605,1.62605,88200000,1
1288642200000,1288642259000,1.62606,1.62633,1.62588,1.62633,83600000,1
1288642260000,1288642319000,1.62627,1.62627,1.62557,1.62563,68700000,1
1288642320000,1288642379000,1.62557,1.62607,1.62555,1.62597,95200000,1
1288642380000,1288642439000,1.62602,1.62602,1.62548,1.62562,83000000,1
1288642440000,1288642499000,1.62562,1.6257,1.6255,1.62558,110100000,1
1288642500000,1288642559000,1.62558,1.62558,1.62479,1.62517,138700000,1
1288642560000,1288642619000,1.62513,1.62569,1.62429,1.62565,100600000,1
1288642620000,1288642679000,1.62562,1.62575,1.62528,1.62557,52300000,1
1288642680000,1288642739000,1.62557,1.6263,1.62557,1.62613,76500000,1
1288642740000,1288642799000,1.62611,1.62611,1.62592,1.62604,81600000,1
1288642800000,1288642859000,1.62604,1.62609,1.62557,1.62572,87100000,1
1288642860000,1288642919000,1.62572,1.62602,1.62572,1.62598,51600000,1
1288642920000,1288642979000,1.62598,1.62622,1.62597,1.62605,63400000,1
1288642980000,1288643039000,1.62605,1.62622,1.6258,1.6258,109400000,1
1288643040000,1288643099000,1.62583,1.62583,1.62565,1.62567,56500000,1
1288643100000,1288643159000,1.62567,1.62572,1.62559,1.62567,64000000,1
1288643160000,1288643219000,1.62572,1.62583,1.62567,1.62579,36800000,1
1288643220000,1288643279000,1.62579,1.62579,1.62563,1.6257,72600000,1
1288643280000,1288643339000,1.62559,1.62585,1.62559,1.62584,85700000,1
1288643340000,1288643399000,1.62584,1.62601,1.62584,1.62601,83100000,1
1288643400000,1288643459000,1.62591,1.62596,1.62578,1.62594,80200000,1
1288643460000,1288643519000,1.62594,1.62604,1.62594,1.62603,42200000,1
1288643520000,1288643579000,1.62603,1.62607,1.62598,1.62607,63200000,1
1288643580000,1288643639000,1.62603,1.62618,1.62602,1.62603,48600000,1
1288643640000,1288643699000,1.62603,1.62604,1.62577,1.62582,64900000,1
1288643700000,1288643759000,1.62582,1.62626,1.62503,1.62503,93600000,1
1288643760000,1288643819000,1.62496,1.62542,1.62465,1.6248,124700000,1
1288643820000,1288643879000,1.6248,1.6249,1.62424,1.62462,82500000,1
1288643880000,1288643939000,1.62462,1.62486,1.62461,1.62469,87700000,1
1288643940000,1288643999000,1.62469,1.62483,1.62464,1.62483,58600000,1
1288644000000,1288644059000,1.62483,1.62522,1.62473,1.62514,87800000,1
1288644060000,1288644119000,1.62514,1.62514,1.62431,1.6244,72900000,1
1288644120000,1288644179000,1.6244,1.62449,1.6242,1.62441,83400000,1
1288644180000,1288644239000,1.62441,1.62445,1.62423,1.62431,113100000,1
1288644240000,1288644299000,1.62431,1.62478,1.62431,1.62471,70600000,1
1288644300000,1288644359000,1.62471,1.62503,1.62445,1.62481,92600000,1
1288644360000,1288644419000,1.62473,1.62493,1.62472,1.62483,68000000,1
1288644420000,1288644479000,1.62483,1.62483,1.62464,1.62465,60800000,1
1288644480000,1288644539000,1.62465,1.62481,1.62465,1.62481,36700000,1
1288644540000,1288644599000,1.62481,1.62508,1.62476,1.62496,92100000,1
1288644600000,1288644659000,1.62496,1.62514,1.62496,1.62505,40000000,1
1288644660000,1288644719000,1.62505,1.62506,1.62442,1.62461,46500000,1
1288644720000,1288644779000,1.62461,1.62481,1.62446,1.62447,91200000,1
1288644780000,1288644839000,1.62447,1.62468,1.62441,1.62462,63400000,1
1288644840000,1288644899000,1.62462,1.62462,1.62406,1.62416,55100000,1
1288644900000,1288644959000,1.62416,1.6244,1.62409,1.62423,55400000,1
1288644960000,1288645019000,1.62423,1.62425,1.62423,1.62425,57400000,1
1288645020000,1288645079000,1.62425,1.62451,1.62425,1.6244,43200000,1
1288645080000,1288645139000,1.6244,1.62441,1.62419,1.6244,49400000,1
1288645140000,1288645199000,1.62439,1.62458,1.62379,1.62412,64300000,1
1288645200000,1288645259000,1.62392,1.62443,1.62274,1.62389,57900000,1
1288645260000,1288645319000,1.62343,1.62402,1.62253,1.62355,51500000,1
1288645320000,1288645379000,1.62351,1.62373,1.62349,1.62361,82600000,1
1288645380000,1288645439000,1.62358,1.62373,1.62252,1.62355,61000000,1
1288645440000,1288645499000,1.62355,1.62393,1.62355,1.62387,40400000,1
1288645500000,1288645559000,1.62387,1.62431,1.62348,1.62418,75000000,1
1288645560000,1288645619000,1.62418,1.62418,1.62365,1.62392,44900000,1
1288645620000,1288645679000,1.62392,1.62393,1.62379,1.62387,50900000,1
1288645680000,1288645739000,1.62382,1.62388,1.62363,1.62368,46100000,1
1288645740000,1288645799000,1.62368,1.62382,1.62368,1.62382,49200000,1
1288645800000,1288645859000,1.62382,1.62422,1.62382,1.62422,45900000,1
1288645860000,1288645919000,1.62422,1.62432,1.62422,1.62422,36000000,1
1288645920000,1288645979000,1.62422,1.62422,1.62411,1.62421,41500000,1
1288645980000,1288646039000,1.62421,1.62438,1.62372,1.62377,61400000,1
1288646040000,1288646099000,1.62368,1.62397,1.62357,1.62357,89200000,1
1288646100000,1288646159000,1.62353,1.62373,1.62289,1.62368,79800000,1
1288646160000,1288646219000,1.62371,1.62401,1.62355,1.62392,57000000,1
1288646220000,1288646279000,1.62394,1.62394,1.62394,1.62394,35700000,1
1288646280000,1288646339000,1.62394,1.62397,1.62383,1.62383,45800000,1
1288646340000,1288646399000,1.62384,1.62392,1.62338,1.62364,42500000,1
1288646400000,1288646459000,1.62367,1.62378,1.62365,1.62377,36100000,1
1288646460000,1288646519000,1.62377,1.62377,1.62353,1.62365,62800000,1
1288646520000,1288646579000,1.62365,1.62369,1.62365,1.62369,35900000,1
1288646580000,1288646639000,1.62369,1.62382,1.62367,1.62378,42400000,1
1288646640000,1288646699000,1.62375,1.62382,1.6236,1.62377,43000000,1
1288646700000,1288646759000,1.62377,1.62397,1.62359,1.62384,50800000,1
1288646760000,1288646819000,1.62384,1.62395,1.62242,1.62395,60800000,1
1288646820000,1288646879000,1.62395,1.62395,1.62369,1.62369,65400000,1
1288646880000,1288646939000,1.6237,1.62378,1.6237,1.62378,43200000,1
1288646940000,1288646999000,1.62378,1.62378,1.6237,1.62371,58200000,1
1288647000000,1288647059000,1.62371,1.62418,1.62371,1.62418,45600000,1
1288647060000,1288647119000,1.62418,1.62423,1.62336,1.62337,55300000,1
1288647120000,1288647179000,1.62336,1.62431,1.62336,1.62413,62300000,1
1288647180000,1288647239000,1.62413,1.62423,1.62408,1.62419,42000000,1
1288647240000,1288647299000,1.62419,1.62423,1.62397,1.62397,47700000,1
1288647300000,1288647359000,1.62408,1.62418,1.62386,1.62386,79700000,1
1288647360000,1288647419000,1.62386,1.62451,1.62386,1.62441,47700000,1
1288647420000,1288647479000,1.62448,1.62448,1.62432,1.62443,41500000,1
1288647480000,1288647539000,1.62443,1.62443,1.62384,1.62384,53000000,1
1288647540000,1288647599000,1.62384,1.62402,1.62384,1.62395,60100000,1
1288647600000,1288647659000,1.62395,1.62398,1.62395,1.62398,50700000,1
1288647660000,1288647719000,1.62398,1.62419,1.62398,1.62408,51000000,1
1288647720000,1288647779000,1.62408,1.62408,1.62387,1.62387,42500000,1
1288647780000,1288647839000,1.62387,1.62413,1.62377,1.6241,65800000,1
1288647840000,1288647899000,1.6241,1.6241,1.62387,1.62387,54300000,1
1288647900000,1288647959000,1.62387,1.62433,1.62387,1.62428,58000000,1
1288647960000,1288648019000,1.62428,1.62428,1.62412,1.6242,59000000,1
1288648020000,1288648079000,1.6242,1.62431,1.62413,1.62427,65200000,1
1288648080000,1288648139000,1.62427,1.62432,1.62427,1.62428,64200000,1
1288648140000,1288648199000,1.62428,1.62428,1.62428,1.62428,95400000,1
1288648200000,1288648259000,1.62428,1.62428,1.62422,1.62422,44500000,1
1288648260000,1288648319000,1.62422,1.62436,1.62422,1.62428,76600000,1
1288648320000,1288648379000,1.62428,1.62435,1.62423,1.62435,47300000,1
1288648380000,1288648439000,1.62435,1.62435,1.62407,1.62407,56400000,1
1288648440000,1288648499000,1.62407,1.62491,1.62407,1.62458,106800000,1
1288648500000,1288648559000,1.62458,1.62458,1.62446,1.62451,51200000,1
1288648560000,1288648619000,1.62454,1.62455,1.62388,1.62407,55000000,1
1288648620000,1288648679000,1.62407,1.6243,1.62407,1.62415,33700000,1
1288648680000,1288648739000,1.62415,1.62415,1.62411,1.62411,36100000,1
1288648740000,1288648799000,1.62411,1.62411,1.62411,1.62411,45600000,1
1288648800000,1288648859000,1.62411,1.62421,1.62411,1.62421,42500000,1
1288648860000,1288648919000,1.62421,1.62421,1.62418,1.62421,55000000,1
1288648920000,1288648979000,1.62419,1.62441,1.62372,1.62394,82800000,1
1288648980000,1288649039000,1.62393,1.62444,1.62393,1.62411,81300000,1
1288649040000,1288649099000,1.62412,1.62413,1.62412,1.62413,38400000,1
1288649100000,1288649159000,1.62412,1.62429,1.62411,1.62429,58800000,1
1288649160000,1288649219000,1.62429,1.62429,1.6242,1.6242,70200000,1
1288649220000,1288649279000,1.6242,1.62422,1.6242,1.62422,32400000,1
1288649280000,1288649339000,1.62422,1.62423,1.62397,1.62397,43700000,1
1288649340000,1288649399000,1.62397,1.62422,1.62397,1.62407,63700000,1
1288649400000,1288649459000,1.62441,1.62465,1.62433,1.6246,74500000,1
1288649460000,1288649519000,1.6246,1.62505,1.6246,1.62467,100800000,1
1288649520000,1288649579000,1.62475,1.62475,1.6246,1.62463,84300000,1
1288649580000,1288649639000,1.62463,1.62475,1.62448,1.62455,78400000,1
1288649640000,1288649699000,1.62455,1.62455,1.6245,1.6245,58800000,1
1288649700000,1288649759000,1.6245,1.6245,1.6245,1.6245,45400000,1
1288649760000,1288649819000,1.6245,1.6245,1.62427,1.62427,105300000,1
1288649820000,1288649879000,1.62427,1.62439,1.62411,1.62411,94300000,1
1288649880000,1288649939000,1.62411,1.62444,1.62407,1.62443,90000000,1
1288649940000,1288649999000,1.62443,1.62469,1.62426,1.62459,53300000,1
1288650000000,1288650059000,1.62459,1.62463,1.62426,1.6246,50800000,1
1288650060000,1288650119000,1.6246,1.6247,1.62456,1.6247,58500000,1
1288650120000,1288650179000,1.6247,1.6247,1.62462,1.6247,41400000,1
1288650180000,1288650239000,1.6247,1.6247,1.62466,1.62466,48000000,1
1288650240000,1288650299000,1.62466,1.62466,1.62465,1.62466,62100000,1
1288650300000,1288650359000,1.62466,1.6247,1.62466,1.62466,48700000,1
1288650360000,1288650419000,1.62467,1.62481,1.62462,1.62481,65100000,1
1288650420000,1288650479000,1.6247,1.62471,1.62438,1.62469,87400000,1
1288650480000,1288650539000,1.62465,1.62475,1.62455,1.62469,50500000,1
1288650540000,1288650599000,1.62469,1.62475,1.62447,1.62471,62700000,1
1288650600000,1288650659000,1.62471,1.62474,1.62443,1.62447,92500000,1
1288650660000,1288650719000,1.62447,1.62475,1.62444,1.62447,92200000,1
1288650720000,1288650779000,1.62447,1.62448,1.6244,1.62443,39700000,1
1288650780000,1288650839000,1.62447,1.62458,1.62442,1.62458,44800000,1
1288650840000,1288650899000,1.62458,1.62473,1.62454,1.62462,62200000,1
1288650900000,1288650959000,1.62462,1.62462,1.62413,1.62414,60300000,1
1288650960000,1288651019000,1.62414,1.62465,1.62403,1.62457,75600000,1
1288651020000,1288651079000,1.6246,1.62483,1.62455,1.62481,49200000,1
1288651080000,1288651139000,1.62483,1.62486,1.62482,1.62482,35200000,1
1288651140000,1288651199000,1.62488,1.6249,1.62479,1.62483,70500000,1
1288651200000,1288651259000,1.62483,1.62486,1.62482,1.62486,34900000,1
1288651260000,1288651319000,1.62486,1.625,1.62482,1.625,33600000,1
1288651320000,1288651379000,1.62498,1.62502,1.62498,1.62499,45300000,1
1288651380000,1288651439000,1.62499,1.625,1.6249,1.625,53600000,1
1288651440000,1288651499000,1.625,1.62506,1.6249,1.6249,71700000,1
1288651500000,1288651559000,1.6249,1.62503,1.62468,1.62468,49200000,1
1288651560000,1288651619000,1.62465,1.62465,1.62447,1.62457,56400000,1
1288651620000,1288651679000,1.62457,1.62457,1.62437,1.62452,49800000,1
1288651680000,1288651739000,1.62452,1.62476,1.62448,1.62476,62400000,1
1288651740000,1288651799000,1.62476,1.62491,1.62473,1.62487,92100000,1
1288651800000,1288651859000,1.62487,1.62491,1.62473,1.62487,97400000,1
1288651860000,1288651919000,1.62487,1.6249,1.62476,1.62488,41700000,1
1288651920000,1288651979000,1.62488,1.6249,1.62488,1.62488,63200000,1
1288651980000,1288652039000,1.62488,1.62522,1.62475,1.62503,93700000,1
1288652040000,1288652099000,1.62503,1.62503,1.62474,1.62477,91300000,1
1288652100000,1288652159000,1.62477,1.62482,1.62432,1.62453,140600000,1
1288652160000,1288652219000,1.62453,1.62454,1.62438,1.6244,57600000,1
1288652220000,1288652279000,1.6244,1.62444,1.62435,1.62444,58000000,1
1288652280000,1288652339000,1.62444,1.62485,1.62444,1.62472,68500000,1
1288652340000,1288652399000,1.62469,1.62469,1.62452,1.62456,61400000,1
1288652400000,1288652459000,1.62456,1.62467,1.62452,1.62457,33900000,1
1288652460000,1288652519000,1.62457,1.62457,1.62418,1.62425,49400000,1
1288652520000,1288652579000,1.62425,1.62444,1.62425,1.6243,62200000,1
1288652580000,1288652639000,1.6243,1.62443,1.62429,1.62443,45300000,1
1288652640000,1288652699000,1.62443,1.62464,1.62427,1.62447,66000000,1
1288652700000,1288652759000,1.62447,1.62449,1.62447,1.62449,36000000,1
1288652760000,1288652819000,1.62449,1.62452,1.62434,1.62442,71400000,1
1288652820000,1288652879000,1.62442,1.62448,1.6243,1.6243,62300000,1
1288652880000,1288652939000,1.6243,1.6243,1.62353,1.62378,98700000,1
1288652940000,1288652999000,1.62386,1.62416,1.62372,1.62416,62700000,1
1288653000000,1288653059000,1.62416,1.62446,1.62416,1.62431,73300000,1
1288653060000,1288653119000,1.62431,1.6246,1.62417,1.62431,47500000,1
1288653120000,1288653179000,1.62431,1.62431,1.62407,1.62413,56400000,1
1288653180000,1288653239000,1.62413,1.62413,1.62407,1.62407,58200000,1
1288653240000,1288653299000,1.62407,1.62417,1.62383,1.62399,81200000,1
1288653300000,1288653359000,1.62399,1.62399,1.62371,1.62379,57700000,1
1288653360000,1288653419000,1.62378,1.6238,1.62354,1.62362,83600000,1
1288653420000,1288653479000,1.62362,1.62379,1.62332,1.62379,82500000,1
1288653480000,1288653539000,1.62379,1.62379,1.62367,1.62371,89300000,1
1288653540000,1288653599000,1.62374,1.62394,1.62374,1.62394,79300000,1
1288653600000,1288653659000,1.62394,1.62394,1.62389,1.62393,74300000,1
1288653660000,1288653719000,1.62393,1.62393,1.62363,1.62373,80100000,1
1288653720000,1288653779000,1.62373,1.62393,1.62373,1.6239,55300000,1
1288653780000,1288653839000,1.62389,1.62392,1.6238,1.62385,48900000,1
1288653840000,1288653899000,1.62385,1.62396,1.62377,1.62395,60300000,1
1288653900000,1288653959000,1.62394,1.62397,1.62392,1.62395,57100000,1
1288653960000,1288654019000,1.62395,1.62395,1.62389,1.62393,55400000,1
1288654020000,1288654079000,1.62393,1.62393,1.62375,1.62388,49900000,1
1288654080000,1288654139000,1.62388,1.624,1.62385,1.624,36600000,1
1288654140000,1288654199000,1.624,1.624,1.62394,1.62394,47300000,1
1288654200000,1288654259000,1.62394,1.62402,1.62387,1.62398,40800000,1
1288654260000,1288654319000,1.62403,1.62406,1.62395,1.62406,54900000,1
1288654320000,1288654379000,1.62406,1.62406,1.62389,1.62401,57000000,1
1288654380000,1288654439000,1.62401,1.62411,1.62397,1.62401,70200000,1
1288654440000,1288654499000,1.62402,1.62419,1.62389,1.62415,70100000,1
1288654500000,1288654559000,1.62415,1.62433,1.62386,1.62433,86000000,1
1288654560000,1288654619000,1.62433,1.62453,1.62394,1.62401,64100000,1
1288654620000,1288654679000,1.62403,1.62406,1.62401,1.62401,43700000,1
1288654680000,1288654739000,1.62401,1.62401,1.62341,1.62343,63900000,1
1288654740000,1288654799000,1.62343,1.6238,1.62343,1.6238,48400000,1
1288654800000,1288654859000,1.62383,1.62401,1.62369,1.6238,43700000,1
1288654860000,1288654919000,1.6238,1.62395,1.6238,1.62393,54300000,1
1288654920000,1288654979000,1.62398,1.62402,1.62389,1.62391,51900000,1
1288654980000,1288655039000,1.62391,1.62392,1.62376,1.62387,64300000,1
1288655040000,1288655099000,1.62387,1.62412,1.62387,1.62393,40600000,1
1288655100000,1288655159000,1.62393,1.62411,1.62382,1.62382,81200000,1
1288655160000,1288655219000,1.62387,1.62388,1.62356,1.62375,44000000,1
1288655220000,1288655279000,1.62375,1.62399,1.62352,1.62384,73700000,1
1288655280000,1288655339000,1.62389,1.62393,1.62383,1.62383,89100000,1
1288655340000,1288655399000,1.62383,1.62396,1.62379,1.62381,72700000,1
1288655400000,1288655459000,1.6238,1.62406,1.62378,1.62378,70200000,1
1288655460000,1288655519000,1.62384,1.62399,1.62366,1.62382,67200000,1
1288655520000,1288655579000,1.62382,1.62396,1.62372,1.62383,47600000,1
1288655580000,1288655639000,1.62383,1.6241,1.62383,1.6241,37300000,1
1288655640000,1288655699000,1.6241,1.6241,1.624,1.62402,38100000,1
1288655700000,1288655759000,1.62402,1.62403,1.62391,1.624,34200000,1
1288655760000,1288655819000,1.624,1.62417,1.62399,1.62403,62700000,1
1288655820000,1288655879000,1.62403,1.62416,1.62402,1.62415,44000000,1
1288655880000,1288655939000,1.62415,1.62417,1.62409,1.62409,59100000,1
1288655940000,1288655999000,1.62409,1.62409,1.62399,1.62403,33800000,1
1288656000000,1288656059000,1.62403,1.62442,1.62403,1.62437,67900000,1
1288656060000,1288656119000,1.6244,1.6248,1.6244,1.62463,85200000,1
1288656120000,1288656179000,1.62461,1.6247,1.62431,1.62443,84500000,1
1288656180000,1288656239000,1.62437,1.62453,1.62422,1.62452,55700000,1
1288656240000,1288656299000,1.62457,1.62457,1.62433,1.62433,49500000,1
1288656300000,1288656359000,1.62433,1.62441,1.62415,1.62416,74200000,1
1288656360000,1288656419000,1.62416,1.6246,1.62412,1.62448,63300000,1
1288656420000,1288656479000,1.62448,1.62448,1.62408,1.62409,70000000,1
1288656480000,1288656539000,1.62409,1.62425,1.62399,1.62404,83100000,1
1288656540000,1288656599000,1.62404,1.62449,1.62404,1.62442,69200000,1
1288656600000,1288656659000,1.62442,1.62471,1.62442,1.62457,48900000,1
1288656660000,1288656719000,1.62457,1.62474,1.62456,1.62473,42000000,1
1288656720000,1288656779000,1.62474,1.62474,1.62428,1.62447,67800000,1
1288656780000,1288656839000,1.62447,1.62447,1.62428,1.62433,36000000,1
1288656840000,1288656899000,1.62433,1.62447,1.62433,1.62442,43100000,1
1288656900000,1288656959000,1.62442,1.62477,1.62431,1.62477,55900000,1
1288656960000,1288657019000,1.62477,1.62493,1.62477,1.62487,48700000,1
1288657020000,1288657079000,1.62487,1.62487,1.62467,1.62475,43200000,1
1288657080000,1288657139000,1.62475,1.62484,1.62466,1.62466,49600000,1
1288657140000,1288657199000,1.62466,1.62466,1.62447,1.62458,46800000,1
1288657200000,1288657259000,1.62458,1.62459,1.62432,1.62436,52800000,1
1288657260000,1288657319000,1.62436,1.62436,1.62404,1.62408,59100000,1
1288657320000,1288657379000,1.6241,1.6243,1.62395,1.62412,70100000,1
1288657380000,1288657439000,1.62406,1.62425,1.62367,1.62381,55700000,1
1288657440000,1288657499000,1.62377,1.62399,1.62369,1.62393,51300000,1
1288657500000,1288657559000,1.62393,1.62419,1.62379,1.62402,114400000,1
1288657560000,1288657619000,1.62401,1.62418,1.62392,1.62413,74400000,1
1288657620000,1288657679000,1.62412,1.62418,1.62388,1.62388,46300000,1
1288657680000,1288657739000,1.62386,1.62397,1.62369,1.62387,70400000,1
1288657740000,1288657799000,1.62387,1.62387,1.62363,1.62372,82200000,1
1288657800000,1288657859000,1.6237,1.62397,1.62368,1.62394,78600000,1
1288657860000,1288657919000,1.62402,1.62402,1.62362,1.62387,62500000,1
1288657920000,1288657979000,1.62384,1.62384,1.62354,1.62354,68200000,1
1288657980000,1288658039000,1.62354,1.62373,1.62352,1.62373,70700000,1
1288658040000,1288658099000,1.62364,1.62381,1.62357,1.62373,52700000,1
1288658100000,1288658159000,1.62373,1.62375,1.62357,1.62364,47700000,1
1288658160000,1288658219000,1.62356,1.62388,1.62354,1.62385,54600000,1
1288658220000,1288658279000,1.62383,1.62407,1.62375,1.62391,55900000,1
1288658280000,1288658339000,1.62387,1.62417,1.62372,1.62393,62000000,1
1288658340000,1288658399000,1.62383,1.62418,1.62382,1.62407,65800000,1
1288658400000,1288658459000,1.62407,1.62412,1.62379,1.62412,67000000,1
1288658460000,1288658519000,1.62408,1.62411,1.62387,1.62387,63600000,1
1288658520000,1288658579000,1.62384,1.62396,1.62384,1.62393,51500000,1
1288658580000,1288658639000,1.62393,1.62409,1.62308,1.62358,83300000,1
1288658640000,1288658699000,1.62364,1.62391,1.62364,1.62391,54600000,1
1288658700000,1288658759000,1.62391,1.62405,1.62356,1.62402,89000000,1
1288658760000,1288658819000,1.62399,1.62422,1.62387,1.62418,97600000,1
1288658820000,1288658879000,1.6242,1.6242,1.62407,1.62415,66600000,1
1288658880000,1288658939000,1.62413,1.62425,1.62368,1.62368,104400000,1
1288658940000,1288658999000,1.6237,1.62401,1.6237,1.62396,85700000,1
1288659000000,1288659059000,1.62397,1.62422,1.62394,1.62396,65300000,1
1288659060000,1288659119000,1.62395,1.62397,1.62391,1.62391,60100000,1
1288659120000,1288659179000,1.62391,1.62391,1.62382,1.62389,88700000,1
1288659180000,1288659239000,1.62389,1.62398,1.62372,1.62376,81400000,1
1288659240000,1288659299000,1.62372,1.62385,1.62338,1.6238,104900000,1
1288659300000,1288659359000,1.6237,1.62375,1.62326,1.62342,95000000,1
1288659360000,1288659419000,1.62342,1.62383,1.62342,1.62383,42100000,1
1288659420000,1288659479000,1.62383,1.62388,1.62373,1.6238,41500000,1
1288659480000,1288659539000,1.6238,1.62403,1.6238,1.62403,50000000,1
1288659540000,1288659599000,1.62401,1.62418,1.62397,1.62403,53900000,1
1288659600000,1288659659000,1.62402,1.62427,1.62381,1.62381,48300000,1
1288659660000,1288659719000,1.62373,1.6238,1.62372,1.62372,31300000,1
1288659720000,1288659779000,1.62372,1.62403,1.62368,1.62387,39700000,1
1288659780000,1288659839000,1.62387,1.62408,1.62358,1.62398,68400000,1
1288659840000,1288659899000,1.62392,1.62429,1.62387,1.62422,59000000,1
1288659900000,1288659959000,1.62407,1.62441,1.62384,1.62441,73400000,1
1288659960000,1288660019000,1.62437,1.62467,1.62427,1.62452,90000000,1
1288660020000,1288660079000,1.62452,1.62459,1.62417,1.62437,84800000,1
1288660080000,1288660139000,1.62437,1.62437,1.62399,1.624,74700000,1
1288660140000,1288660199000,1.62404,1.62408,1.62393,1.62398,51400000,1
1288660200000,1288660259000,1.62398,1.62456,1.62398,1.62438,89800000,1
1288660260000,1288660319000,1.62437,1.62447,1.62422,1.62428,47200000,1
1288660320000,1288660379000,1.62437,1.62438,1.62413,1.6242,113000000,1
1288660380000,1288660439000,1.6241,1.62442,1.62398,1.62432,65400000,1
1288660440000,1288660499000,1.62432,1.62481,1.62427,1.6248,51300000,1
1288660500000,1288660559000,1.62482,1.62482,1.62464,1.62473,49200000,1
1288660560000,1288660619000,1.62473,1.62506,1.62473,1.62491,48700000,1
1288660620000,1288660679000,1.62487,1.62487,1.62466,1.62475,82400000,1
1288660680000,1288660739000,1.62475,1.62478,1.62449,1.62458,92800000,1
1288660740000,1288660799000,1.62463,1.62474,1.62454,1.62467,74200000,1
1288660800000,1288660859000,1.62467,1.62482,1.62455,1.62463,74200000,1
1288660860000,1288660919000,1.62457,1.62488,1.62457,1.62477,63700000,1
1288660920000,1288660979000,1.62482,1.62503,1.62472,1.62472,51900000,1
1288660980000,1288661039000,1.62473,1.62489,1.62453,1.6246,64200000,1
1288661040000,1288661099000,1.62462,1.62482,1.6246,1.62468,43100000,1
1288661100000,1288661159000,1.62468,1.62468,1.62412,1.62448,63200000,1
1288661160000,1288661219000,1.62448,1.62469,1.62427,1.62453,101300000,1
1288661220000,1288661279000,1.62453,1.62514,1.62453,1.62509,91500000,1
1288661280000,1288661339000,1.62509,1.62516,1.62486,1.62496,55600000,1
1288661340000,1288661399000,1.62496,1.62496,1.62467,1.62472,87200000,1
1288661400000,1288661459000,1.62472,1.62512,1.62444,1.62469,123500000,1
1288661460000,1288661519000,1.62469,1.62489,1.62428,1.62437,99200000,1
1288661520000,1288661579000,1.62435,1.62448,1.6242,1.62432,77600000,1
1288661580000,1288661639000,1.62457,1.62481,1.62445,1.62481,86100000,1
1288661640000,1288661699000,1.62489,1.62522,1.62482,1.62506,81300000,1
1288661700000,1288661759000,1.62506,1.62557,1.62504,1.62544,59100000,1
1288661760000,1288661819000,1.62544,1.62553,1.62525,1.62525,42400000,1
1288661820000,1288661879000,1.62526,1.62526,1.6247,1.62495,65500000,1
1288661880000,1288661939000,1.62488,1.62508,1.62481,1.62486,42900000,1
1288661940000,1288661999000,1.62486,1.62486,1.62433,1.62433,80800000,1
1288662000000,1288662059000,1.62424,1.62483,1.62422,1.6248,85400000,1
1288662060000,1288662119000,1.6248,1.62481,1.62453,1.62453,50600000,1
1288662120000,1288662179000,1.62453,1.62482,1.6245,1.62473,59900000,1
1288662180000,1288662239000,1.62475,1.62475,1.6245,1.62453,71300000,1
1288662240000,1288662299000,1.62452,1.62452,1.62416,1.62449,65900000,1
1288662300000,1288662359000,1.62449,1.62458,1.62432,1.62457,43300000,1
1288662360000,1288662419000,1.62457,1.62463,1.62452,1.62462,31300000,1
1288662420000,1288662479000,1.62462,1.62478,1.62446,1.62476,58600000,1
1288662480000,1288662539000,1.62476,1.62523,1.62451,1.62523,76200000,1
1288662540000,1288662599000,1.62526,1.62538,1.62509,1.62518,60400000,1
1288662600000,1288662659000,1.62526,1.62526,1.62482,1.62494,99400000,1
1288662660000,1288662719000,1.62494,1.62498,1.62473,1.62488,64500000,1
1288662720000,1288662779000,1.62498,1.62498,1.6244,1.62448,78100000,1
1288662780000,1288662839000,1.62445,1.62455,1.62428,1.62438,94300000,1
1288662840000,1288662899000,1.62429,1.62465,1.62399,1.62451,119000000,1
1288662900000,1288662959000,1.62447,1.62456,1.62429,1.62447,77800000,1
1288662960000,1288663019000,1.62447,1.6245,1.62412,1.62422,62400000,1
1288663020000,1288663079000,1.62421,1.62428,1.62412,1.62427,54300000,1
1288663080000,1288663139000,1.62427,1.62438,1.62425,1.62425,109800000,1
1288663140000,1288663199000,1.62424,1.62451,1.62424,1.62451,45900000,1
1288663200000,1288663259000,1.62441,1.62467,1.62441,1.62465,78000000,1
1288663260000,1288663319000,1.62465,1.62465,1.62441,1.6245,93900000,1
1288663320000,1288663379000,1.6245,1.6245,1.62402,1.62433,76100000,1
1288663380000,1288663439000,1.62427,1.62453,1.62418,1.62447,71500000,1
1288663440000,1288663499000,1.62447,1.6246,1.62447,1.62452,45900000,1
1288663500000,1288663559000,1.62452,1.62457,1.62427,1.62436,65900000,1
1288663560000,1288663619000,1.62437,1.62439,1.62424,1.62439,47900000,1
1288663620000,1288663679000,1.62447,1.62447,1.62413,1.62421,60700000,1
1288663680000,1288663739000,1.62421,1.62447,1.62421,1.62439,52100000,1
1288663740000,1288663799000,1.62439,1.6244,1.62417,1.62426,47600000,1
1288663800000,1288663859000,1.62428,1.62449,1.62422,1.62449,49600000,1
1288663860000,1288663919000,1.6245,1.62466,1.62416,1.62466,77900000,1
1288663920000,1288663979000,1.62462,1.62462,1.62445,1.62457,45500000,1
1288663980000,1288664039000,1.62457,1.6246,1.62431,1.62453,65500000,1
1288664040000,1288664099000,1.62453,1.6246,1.62443,1.62458,58400000,1
1288664100000,1288664159000,1.62458,1.62489,1.62447,1.62462,70600000,1
1288664160000,1288664219000,1.62464,1.62479,1.62449,1.62458,51000000,1
1288664220000,1288664279000,1.62458,1.62475,1.62453,1.62463,46100000,1
1288664280000,1288664339000,1.62458,1.62493,1.62457,1.62493,54000000,1
1288664340000,1288664399000,1.62493,1.62493,1.62458,1.62478,63900000,1
1288664400000,1288664459000,1.62478,1.62478,1.62421,1.62436,124300000,1
1288664460000,1288664519000,1.62436,1.62447,1.62421,1.62428,82500000,1
1288664520000,1288664579000,1.62427,1.62452,1.62427,1.62431,59500000,1
1288664580000,1288664639000,1.62429,1.6243,1.62403,1.62417,56500000,1
1288664640000,1288664699000,1.62417,1.62439,1.62414,1.62423,60000000,1
1288664700000,1288664759000,1.62423,1.62448,1.62418,1.62447,64900000,1
1288664760000,1288664819000,1.62447,1.62453,1.62435,1.62447,73800000,1
1288664820000,1288664879000,1.62447,1.62448,1.6243,1.62436,78000000,1
1288664880000,1288664939000,1.62436,1.62442,1.62409,1.62412,70900000,1
1288664940000,1288664999000,1.62412,1.62417,1.62406,1.62411,39200000,1
1288665000000,1288665059000,1.62411,1.62428,1.62404,1.62408,73100000,1
1288665060000,1288665119000,1.62408,1.62419,1.624,1.62408,68500000,1
1288665120000,1288665179000,1.62416,1.62428,1.624,1.62425,94400000,1
1288665180000,1288665239000,1.62418,1.62434,1.62413,1.62418,65200000,1
1288665240000,1288665299000,1.62412,1.62437,1.624,1.62413,98700000,1
1288665300000,1288665359000,1.62415,1.62446,1.62412,1.62429,84900000,1
1288665360000,1288665419000,1.62429,1.62432,1.62405,1.62413,98400000,1
1288665420000,1288665479000,1.62413,1.62413,1.62378,1.62388,110400000,1
1288665480000,1288665539000,1.6239,1.62393,1.62374,1.62379,66300000,1
1288665540000,1288665599000,1.62378,1.62393,1.62372,1.6239,80700000,1
1288665600000,1288665659000,1.6239,1.6239,1.62377,1.62385,47200000,1
1288665660000,1288665719000,1.62385,1.62402,1.62385,1.62402,68600000,1
1288665720000,1288665779000,1.62397,1.62397,1.62341,1.62345,71300000,1
1288665780000,1288665839000,1.62345,1.62351,1.62314,1.62314,71700000,1
1288665840000,1288665899000,1.62317,1.62348,1.62312,1.62342,56000000,1
1288665900000,1288665959000,1.62345,1.62352,1.6233,1.62337,59600000,1
1288665960000,1288666019000,1.62343,1.62357,1.6234,1.62347,38900000,1
1288666020000,1288666079000,1.62347,1.62373,1.62342,1.62352,55900000,1
1288666080000,1288666139000,1.62353,1.62363,1.62347,1.62353,52400000,1
1288666140000,1288666199000,1.62353,1.62372,1.62353,1.62372,60900000,1
1288666200000,1288666259000,1.62372,1.62407,1.62367,1.62398,72800000,1
1288666260000,1288666319000,1.62398,1.62402,1.62389,1.62391,34600000,1
1288666320000,1288666379000,1.62391,1.62403,1.62391,1.62393,70500000,1
1288666380000,1288666439000,1.62393,1.62438,1.62393,1.62415,68500000,1
1288666440000,1288666499000,1.62415,1.62431,1.62403,1.62403,61400000,1
1288666500000,1288666559000,1.62403,1.62424,1.62403,1.62424,42500000,1
1288666560000,1288666619000,1.62412,1.62413,1.62394,1.62413,49600000,1
1288666620000,1288666679000,1.62413,1.62421,1.62403,1.62415,56500000,1
1288666680000,1288666739000,1.62415,1.62437,1.62415,1.62424,68600000,1
1288666740000,1288666799000,1.62431,1.62431,1.62414,1.62423,50200000,1
1288666800000,1288666859000,1.62423,1.62423,1.62404,1.62417,57700000,1
1288666860000,1288666919000,1.62417,1.62419,1.62406,1.62407,63000000,1
1288666920000,1288666979000,1.62407,1.6245,1.62405,1.6245,121900000,1
1288666980000,1288667039000,1.6245,1.62459,1.62412,1.62423,115000000,1
1288667040000,1288667099000,1.62429,1.62442,1.62414,1.62442,114500000,1
1288667100000,1288667159000,1.62442,1.6245,1.62421,1.62443,77000000,1
1288667160000,1288667219000,1.62443,1.62443,1.62432,1.62433,100500000,1
1288667220000,1288667279000,1.62433,1.62435,1.62419,1.62419,57300000,1
1288667280000,1288667339000,1.62423,1.62423,1.62393,1.62397,60900000,1
1288667340000,1288667399000,1.62397,1.62397,1.62377,1.62385,86200000,1
1288667400000,1288667459000,1.62385,1.62388,1.62358,1.62365,73500000,1
1288667460000,1288667519000,1.62367,1.62378,1.62357,1.62373,68000000,1
1288667520000,1288667579000,1.62373,1.62382,1.6235,1.6235,82300000,1
1288667580000,1288667639000,1.62352,1.62364,1.62352,1.62358,30800000,1
1288667640000,1288667699000,1.62358,1.62358,1.62357,1.62357,106500000,1
1288667700000,1288667759000,1.62357,1.62367,1.62339,1.62339,108300000,1
1288667760000,1288667819000,1.62334,1.62337,1.62258,1.62258,127900000,1
1288667820000,1288667879000,1.62258,1.62268,1.62203,1.6222,147800000,1
1288667880000,1288667939000,1.6222,1.62222,1.62181,1.62222,75100000,1
1288667940000,1288667999000,1.62222,1.62229,1.62202,1.62217,78500000,1
1288668000000,1288668059000,1.62214,1.62223,1.62144,1.62194,103700000,1
1288668060000,1288668119000,1.62194,1.62251,1.62181,1.62251,96400000,1
1288668120000,1288668179000,1.62251,1.62327,1.62251,1.62318,143800000,1
1288668180000,1288668239000,1.62318,1.62327,1.62303,1.62323,84600000,1
1288668240000,1288668299000,1.6233,1.62342,1.62313,1.62342,125200000,1
1288668300000,1288668359000,1.62335,1.62341,1.62225,1.62258,109300000,1
1288668360000,1288668419000,1.62259,1.62342,1.62259,1.62328,111900000,1
1288668420000,1288668479000,1.62328,1.62328,1.62252,1.62298,118900000,1
1288668480000,1288668539000,1.62272,1.62372,1.6225,1.62345,148000000,1
1288668540000,1288668599000,1.62347,1.62382,1.62233,1.6225,145600000,1
1288668600000,1288668659000,1.6225,1.62328,1.60839,1.60839,311100000,1
1288668660000,1288668719000,1.60846,1.61122,1.60846,1.61007,262500000,1
1288668720000,1288668779000,1.61012,1.61034,1.60831,1.60831,254900000,1
1288668780000,1288668839000,1.60847,1.6102,1.60834,1.60969,277800000,1
1288668840000,1288668899000,1.60956,1.61048,1.60897,1.60906,228400000,1
1288668900000,1288668959000,1.60901,1.61009,1.60901,1.60965,206000000,1
1288668960000,1288669019000,1.60964,1.60977,1.60866,1.60938,156900000,1
1288669020000,1288669079000,1.60949,1.60972,1.60799,1.6084,185500000,1
1288669080000,1288669139000,1.60835,1.60858,1.60782,1.60857,150200000,1
1288669140000,1288669199000,1.60864,1.60873,1.60838,1.60838,99700000,1
1288669200000,1288669259000,1.60831,1.60856,1.60749,1.60766,125600000,1
1288669260000,1288669319000,1.60766,1.608,1.60737,1.60777,141800000,1
1288669320000,1288669379000,1.60772,1.60787,1.60712,1.60785,125400000,1
1288669380000,1288669439000,1.60784,1.60846,1.60764,1.60846,122300000,1
1288669440000,1288669499000,1.60853,1.60902,1.60842,1.60865,143100000,1
1288669500000,1288669559000,1.60858,1.60923,1.60849,1.60912,94200000,1
1288669560000,1288669619000,1.60918,1.60918,1.60852,1.60918,84400000,1
1288669620000,1288669679000,1.60915,1.60925,1.60857,1.60898,146000000,1
1288669680000,1288669739000,1.60898,1.60938,1.60893,1.60908,115600000,1
1288669740000,1288669799000,1.60917,1.60987,1.6091,1.6097,126800000,1
1288669800000,1288669859000,1.60971,1.60993,1.60934,1.60968,125800000,1
1288669860000,1288669919000,1.60967,1.61011,1.60959,1.61011,151300000,1
1288669920000,1288669979000,1.61013,1.61064,1.61004,1.61013,116200000,1
1288669980000,1288670039000,1.61013,1.61038,1.60987,1.61038,81500000,1
1288670040000,1288670099000,1.61038,1.61043,1.60967,1.61011,95700000,1
1288670100000,1288670159000,1.61011,1.61019,1.60963,1.60984,157100000,1
1288670160000,1288670219000,1.60987,1.61033,1.6098,1.61006,157900000,1
1288670220000,1288670279000,1.61008,1.61025,1.60969,1.60975,169900000,1
1288670280000,1288670339000,1.60972,1.60982,1.60919,1.60919,109600000,1
1288670340000,1288670399000,1.60919,1.60947,1.60885,1.60932,135200000,1
1288670400000,1288670459000,1.60927,1.60929,1.60879,1.60911,113600000,1
1288670460000,1288670519000,1.60911,1.60952,1.60902,1.60952,73400000,1
1288670520000,1288670579000,1.60945,1.60945,1.60904,1.60918,82400000,1
1288670580000,1288670639000,1.60922,1.60927,1.6087,1.60882,91900000,1
1288670640000,1288670699000,1.60873,1.60894,1.60826,1.60836,102400000,1
1288670700000,1288670759000,1.60839,1.60863,1.60821,1.60834,120800000,1
1288670760000,1288670819000,1.60844,1.60877,1.60826,1.60867,91900000,1
1288670820000,1288670879000,1.60854,1.60881,1.60828,1.60868,77500000,1
1288670880000,1288670939000,1.60865,1.6087,1.60798,1.60801,122300000,1
1288670940000,1288670999000,1.60807,1.60836,1.60787,1.60817,82800000,1
1288671000000,1288671059000,1.60817,1.60835,1.60774,1.60793,102800000,1
1288671060000,1288671119000,1.60793,1.60813,1.60738,1.60792,75300000,1
1288671120000,1288671179000,1.60792,1.60802,1.60769,1.60799,70800000,1
1288671180000,1288671239000,1.60799,1.60804,1.60782,1.608,64000000,1
1288671240000,1288671299000,1.608,1.608,1.60732,1.60751,111100000,1
1288671300000,1288671359000,1.60755,1.60755,1.60634,1.60702,205200000,1
1288671360000,1288671419000,1.60701,1.60727,1.60679,1.60679,102100000,1
1288671420000,1288671479000,1.60679,1.60717,1.60673,1.60709,77500000,1
1288671480000,1288671539000,1.60712,1.60888,1.60706,1.6085,156900000,1
1288671540000,1288671599000,1.60824,1.60863,1.60805,1.60843,163300000,1
1288671600000,1288671659000,1.60839,1.60998,1.60836,1.60982,181700000,1
1288671660000,1288671719000,1.60983,1.61002,1.60944,1.61,137400000,1
1288671720000,1288671779000,1.60993,1.61012,1.60962,1.60973,94200000,1
1288671780000,1288671839000,1.60973,1.60973,1.60904,1.6091,91500000,1
1288671840000,1288671899000,1.6091,1.60933,1.60885,1.60907,72600000,1
1288671900000,1288671959000,1.60902,1.60938,1.60873,1.60907,86500000,1
1288671960000,1288672019000,1.60908,1.61013,1.60899,1.61007,114900000,1
1288672020000,1288672079000,1.61012,1.61043,1.60988,1.61043,89100000,1
1288672080000,1288672139000,1.61039,1.6106,1.61003,1.61018,93000000,1
1288672140000,1288672199000,1.61018,1.61018,1.60948,1.60948,115400000,1
1288672200000,1288672259000,1.60944,1.60965,1.60927,1.60941,72700000,1
1288672260000,1288672319000,1.60942,1.60974,1.60933,1.60973,65900000,1
1288672320000,1288672379000,1.60973,1.60974,1.60932,1.60943,75600000,1
1288672380000,1288672439000,1.60938,1.61016,1.60926,1.61011,112500000,1
1288672440000,1288672499000,1.61008,1.61035,1.60972,1.61007,191000000,1
1288672500000,1288672559000,1.61002,1.61008,1.60977,1.60981,107200000,1
1288672560000,1288672619000,1.60984,1.61001,1.60975,1.60994,100800000,1
1288672620000,1288672679000,1.60989,1.61057,1.60982,1.61052,81800000,1
1288672680000,1288672739000,1.61057,1.61057,1.61039,1.61052,97900000,1
1288672740000,1288672799000,1.61048,1.61049,1.61036,1.61042,97700000,1
1288672800000,1288672859000,1.61042,1.61067,1.61039,1.61039,73500000,1
1288672860000,1288672919000,1.61037,1.61049,1.61009,1.61009,124100000,1
1288672920000,1288672979000,1.61004,1.61029,1.60882,1.60889,141600000,1
1288672980000,1288673039000,1.60893,1.60923,1.60885,1.60902,142900000,1
1288673040000,1288673099000,1.609,1.60922,1.60888,1.60916,121800000,1
1288673100000,1288673159000,1.60908,1.60938,1.60908,1.60932,50700000,1
1288673160000,1288673219000,1.60932,1.60932,1.60852,1.60863,107000000,1
1288673220000,1288673279000,1.60867,1.60867,1.60761,1.60778,149100000,1
1288673280000,1288673339000,1.60776,1.60808,1.60764,1.60792,127200000,1
1288673340000,1288673399000,1.60793,1.60816,1.60792,1.60807,53100000,1
1288673400000,1288673459000,1.60811,1.60845,1.60806,1.60819,80500000,1
1288673460000,1288673519000,1.60819,1.60833,1.60819,1.60822,57900000,1
1288673520000,1288673579000,1.60811,1.60817,1.60793,1.60803,109500000,1
1288673580000,1288673639000,1.60801,1.60803,1.60754,1.60766,221400000,1
1288673640000,1288673699000,1.60777,1.60934,1.6077,1.60901,196100000,1
1288673700000,1288673759000,1.60894,1.6098,1.60891,1.60972,122900000,1
1288673760000,1288673819000,1.60979,1.60998,1.60938,1.60938,150100000,1
1288673820000,1288673879000,1.60934,1.6094,1.60913,1.60921,94100000,1
1288673880000,1288673939000,1.60914,1.60936,1.60911,1.60926,88700000,1
1288673940000,1288673999000,1.60917,1.60963,1.60911,1.60944,89100000,1
1288674000000,1288674059000,1.60944,1.60944,1.60915,1.60915,74900000,1
1288674060000,1288674119000,1.60915,1.60972,1.60915,1.60963,64900000,1
1288674120000,1288674179000,1.60963,1.60983,1.6096,1.60963,55500000,1
1288674180000,1288674239000,1.60963,1.60965,1.60929,1.60953,71100000,1
1288674240000,1288674299000,1.60957,1.60957,1.60903,1.60922,75000000,1
1288674300000,1288674359000,1.60921,1.60927,1.60875,1.60927,109300000,1
1288674360000,1288674419000,1.60927,1.60927,1.60882,1.60927,115600000,1
1288674420000,1288674479000,1.60927,1.60929,1.60907,1.60912,70700000,1
1288674480000,1288674539000,1.60911,1.60942,1.60911,1.60917,74000000,1
1288674540000,1288674599000,1.6092,1.60927,1.60879,1.60881,76600000,1
1288674600000,1288674659000,1.60879,1.60893,1.60861,1.60863,77700000,1
1288674660000,1288674719000,1.60863,1.60868,1.60842,1.60848,105600000,1
1288674720000,1288674779000,1.60848,1.60879,1.60848,1.60864,70300000,1
1288674780000,1288674839000,1.60872,1.60873,1.60825,1.60831,59600000,1
1288674840000,1288674899000,1.60824,1.60843,1.60807,1.60818,112500000,1
1288674900000,1288674959000,1.60816,1.60833,1.60794,1.60826,101900000,1
1288674960000,1288675019000,1.60829,1.60843,1.60827,1.6084,54200000,1
1288675020000,1288675079000,1.6084,1.60846,1.60827,1.60837,43600000,1
1288675080000,1288675139000,1.6084,1.6084,1.60779,1.60783,81300000,1
1288675140000,1288675199000,1.60783,1.60802,1.60777,1.60799,50800000,1
1288675200000,1288675259000,1.60794,1.60811,1.60781,1.60789,46000000,1
1288675260000,1288675319000,1.60788,1.60798,1.60752,1.60792,80600000,1
1288675320000,1288675379000,1.60804,1.60808,1.60767,1.6079,87900000,1
1288675380000,1288675439000,1.6079,1.60794,1.60779,1.6079,45300000,1
1288675440000,1288675499000,1.6079,1.6079,1.60757,1.60765,109900000,1
1288675500000,1288675559000,1.60765,1.60803,1.60765,1.60793,143300000,1
1288675560000,1288675619000,1.60798,1.60823,1.60763,1.6081,107200000,1
1288675620000,1288675679000,1.60803,1.60844,1.60798,1.60832,96500000,1
1288675680000,1288675739000,1.60833,1.60847,1.6082,1.60828,124100000,1
1288675740000,1288675799000,1.60833,1.60848,1.60811,1.60829,98500000,1
1288675800000,1288675859000,1.60829,1.60829,1.60792,1.60809,107400000,1
1288675860000,1288675919000,1.60809,1.60815,1.60803,1.60803,127900000,1
1288675920000,1288675979000,1.60806,1.60835,1.60797,1.60835,90400000,1
1288675980000,1288676039000,1.60835,1.60838,1.60828,1.60828,40100000,1
1288676040000,1288676099000,1.60828,1.60844,1.60823,1.6084,66400000,1
1288676100000,1288676159000,1.6084,1.6084,1.60821,1.60826,88000000,1
1288676160000,1288676219000,1.60826,1.60863,1.60826,1.60842,116600000,1
1288676220000,1288676279000,1.60864,1.60864,1.60821,1.60839,92600000,1
1288676280000,1288676339000,1.60844,1.6086,1.60831,1.60841,90900000,1
1288676340000,1288676399000,1.60841,1.60869,1.60834,1.60869,90400000,1
1288676400000,1288676459000,1.60869,1.60895,1.60869,1.60875,123100000,1
1288676460000,1288676519000,1.6087,1.60902,1.6087,1.60899,121800000,1
1288676520000,1288676579000,1.60892,1.60897,1.60885,1.60885,65600000,1
1288676580000,1288676639000,1.60884,1.60896,1.60873,1.60887,71200000,1
1288676640000,1288676699000,1.60887,1.60895,1.60866,1.60892,90600000,1
1288676700000,1288676759000,1.60876,1.60931,1.60876,1.60923,103800000,1
1288676760000,1288676819000,1.60923,1.6094,1.60914,1.60917,90000000,1
1288676820000,1288676879000,1.60923,1.60934,1.60907,1.60926,71600000,1
1288676880000,1288676939000,1.60926,1.60927,1.60895,1.60923,133200000,1
1288676940000,1288676999000,1.60919,1.60922,1.60903,1.60903,46900000,1
1288677000000,1288677059000,1.60903,1.60906,1.60876,1.60878,59000000,1
1288677060000,1288677119000,1.60879,1.60903,1.60877,1.60903,66600000,1
1288677120000,1288677179000,1.60903,1.6092,1.60888,1.60904,133200000,1
1288677180000,1288677239000,1.60903,1.60903,1.60881,1.60893,94900000,1
1288677240000,1288677299000,1.6089,1.60902,1.60872,1.60872,87300000,1
1288677300000,1288677359000,1.60872,1.60897,1.60859,1.60885,108300000,1
1288677360000,1288677419000,1.60882,1.60892,1.60864,1.60875,131100000,1
1288677420000,1288677479000,1.60875,1.60877,1.60854,1.60863,62200000,1
1288677480000,1288677539000,1.60863,1.60872,1.60842,1.60847,73500000,1
1288677540000,1288677599000,1.60847,1.60854,1.60764,1.6077,167700000,1
1288677600000,1288677659000,1.6076,1.60793,1.60743,1.6079,185200000,1
1288677660000,1288677719000,1.60799,1.60815,1.60792,1.60805,111400000,1
1288677720000,1288677779000,1.60801,1.60818,1.60794,1.60816,102500000,1
1288677780000,1288677839000,1.60814,1.60847,1.60814,1.60838,107000000,1
1288677840000,1288677899000,1.60838,1.60857,1.60825,1.60836,143500000,1
1288677900000,1288677959000,1.60836,1.60836,1.60809,1.60809,104800000,1
1288677960000,1288678019000,1.60809,1.60824,1.60794,1.608,139800000,1
1288678020000,1288678079000,1.6081,1.60839,1.60805,1.60833,82700000,1
1288678080000,1288678139000,1.60842,1.60883,1.60836,1.60867,105800000,1
1288678140000,1288678199000,1.60867,1.60872,1.60805,1.60818,110200000,1
1288678200000,1288678259000,1.60818,1.60837,1.60809,1.60824,82900000,1
1288678260000,1288678319000,1.60818,1.60832,1.60817,1.60818,113800000,1
1288678320000,1288678379000,1.60818,1.60828,1.60809,1.60828,103800000,1
1288678380000,1288678439000,1.60818,1.60818,1.60801,1.60807,120800000,1
1288678440000,1288678499000,1.60807,1.60838,1.60806,1.60825,104700000,1
1288678500000,1288678559000,1.60814,1.60838,1.60809,1.60822,94800000,1
1288678560000,1288678619000,1.60822,1.60865,1.60822,1.60835,137800000,1
1288678620000,1288678679000,1.60835,1.60877,1.60835,1.60848,135700000,1
1288678680000,1288678739000,1.60852,1.60876,1.60847,1.60864,137100000,1
1288678740000,1288678799000,1.60863,1.60895,1.60856,1.60873,121400000,1
1288678800000,1288678859000,1.60873,1.60889,1.60834,1.60834,148600000,1
1288678860000,1288678919000,1.60836,1.60853,1.60762,1.60767,129700000,1
1288678920000,1288678979000,1.60782,1.60782,1.60739,1.60778,101000000,1
1288678980000,1288679039000,1.60778,1.60785,1.6075,1.60757,93000000,1
1288679040000,1288679099000,1.60757,1.60794,1.60757,1.60773,157900000,1
1288679100000,1288679159000,1.60772,1.60788,1.60748,1.60788,115800000,1
1288679160000,1288679219000,1.60791,1.60813,1.60791,1.60805,108800000,1
1288679220000,1288679279000,1.60805,1.60834,1.60782,1.60789,117800000,1
1288679280000,1288679339000,1.60789,1.60791,1.60777,1.60782,84300000,1
1288679340000,1288679399000,1.60782,1.60786,1.60728,1.60766,135800000,1
1288679400000,1288679459000,1.60766,1.6077,1.6073,1.60741,162500000,1
1288679460000,1288679519000,1.60741,1.60762,1.60727,1.60727,59300000,1
1288679520000,1288679579000,1.60733,1.60747,1.60724,1.60742,68000000,1
1288679580000,1288679639000,1.60742,1.60748,1.60736,1.60737,87600000,1
1288679640000,1288679699000,1.60729,1.60746,1.60698,1.60716,112500000,1
1288679700000,1288679759000,1.6071,1.60759,1.60688,1.60728,173900000,1
1288679760000,1288679819000,1.60727,1.60753,1.60707,1.60735,91100000,1
1288679820000,1288679879000,1.60726,1.60783,1.60721,1.60756,80900000,1
1288679880000,1288679939000,1.60756,1.60771,1.60744,1.60759,104900000,1
1288679940000,1288679999000,1.60759,1.6084,1.60758,1.60839,154200000,1
1288680000000,1288680059000,1.60832,1.60832,1.60791,1.60791,113000000,1
1288680060000,1288680119000,1.60789,1.60812,1.60777,1.60812,93500000,1
1288680120000,1288680179000,1.60827,1.60837,1.60788,1.60828,116500000,1
1288680180000,1288680239000,1.60838,1.60852,1.60818,1.60833,128100000,1
1288680240000,1288680299000,1.60827,1.60833,1.60824,1.60833,103900000,1
1288680300000,1288680359000,1.60833,1.60843,1.60808,1.60813,105300000,1
1288680360000,1288680419000,1.60814,1.60872,1.60808,1.60862,115700000,1
1288680420000,1288680479000,1.60861,1.60901,1.60851,1.60866,170100000,1
1288680480000,1288680539000,1.6087,1.60898,1.6085,1.60877,140000000,1
1288680540000,1288680599000,1.60877,1.60908,1.60876,1.60892,112800000,1
1288680600000,1288680659000,1.60892,1.60915,1.60855,1.60855,108100000,1
1288680660000,1288680719000,1.60855,1.60871,1.6084,1.6084,100300000,1
1288680720000,1288680779000,1.60844,1.60847,1.60824,1.60831,83600000,1
1288680780000,1288680839000,1.60831,1.60842,1.60786,1.60808,103300000,1
1288680840000,1288680899000,1.60803,1.60832,1.60791,1.60832,99500000,1
1288680900000,1288680959000,1.60832,1.60832,1.60799,1.60823,119300000,1
1288680960000,1288681019000,1.60818,1.60827,1.60799,1.60808,156200000,1
1288681020000,1288681079000,1.60807,1.60847,1.60807,1.60836,103000000,1
1288681080000,1288681139000,1.60836,1.60852,1.60823,1.60823,69900000,1
1288681140000,1288681199000,1.60823,1.60863,1.60818,1.60856,62700000,1
1288681200000,1288681259000,1.60856,1.60887,1.60842,1.6087,94700000,1
1288681260000,1288681319000,1.60869,1.60917,1.60862,1.60909,170700000,1
1288681320000,1288681379000,1.60907,1.60958,1.60907,1.60938,128800000,1
1288681380000,1288681439000,1.60938,1.60944,1.60905,1.6092,100100000,1
1288681440000,1288681499000,1.6092,1.6092,1.60872,1.60895,93400000,1
1288681500000,1288681559000,1.60895,1.60928,1.6088,1.60912,125700000,1
1288681560000,1288681619000,1.60912,1.60912,1.6087,1.6087,83900000,1
1288681620000,1288681679000,1.60873,1.60934,1.60863,1.60916,127700000,1
1288681680000,1288681739000,1.60925,1.60929,1.60893,1.6091,120800000,1
1288681740000,1288681799000,1.6091,1.60922,1.60879,1.60903,114600000,1
1288681800000,1288681859000,1.60894,1.60934,1.60867,1.60875,148000000,1
1288681860000,1288681919000,1.60875,1.60881,1.60848,1.6086,99000000,1
1288681920000,1288681979000,1.6086,1.60877,1.60849,1.60875,88200000,1
1288681980000,1288682039000,1.60875,1.60912,1.60859,1.60901,102800000,1
1288682040000,1288682099000,1.60901,1.60943,1.60883,1.60933,104600000,1
1288682100000,1288682159000,1.60932,1.60946,1.6092,1.6092,101000000,1
1288682160000,1288682219000,1.6092,1.6095,1.60907,1.60907,87400000,1
1288682220000,1288682279000,1.60907,1.60925,1.60885,1.60887,98600000,1
1288682280000,1288682339000,1.60863,1.60873,1.60781,1.60792,133300000,1
1288682340000,1288682399000,1.60795,1.60809,1.60745,1.60768,149000000,1
1288682400000,1288682459000,1.60773,1.6078,1.60738,1.60771,117200000,1
1288682460000,1288682519000,1.6077,1.60787,1.60701,1.60701,163600000,1
1288682520000,1288682579000,1.60718,1.60735,1.6066,1.60664,161000000,1
1288682580000,1288682639000,1.60653,1.60744,1.60622,1.60732,200600000,1
1288682640000,1288682699000,1.60731,1.60737,1.607,1.60724,177800000,1
1288682700000,1288682759000,1.60726,1.60778,1.6069,1.60705,217100000,1
1288682760000,1288682819000,1.60702,1.60714,1.60679,1.60703,139300000,1
1288682820000,1288682879000,1.60698,1.60783,1.6069,1.60745,173900000,1
1288682880000,1288682939000,1.60738,1.60757,1.60701,1.60732,146800000,1
1288682940000,1288682999000,1.60728,1.60753,1.60718,1.60728,127500000,1
1288683000000,1288683059000,1.60721,1.60721,1.60674,1.60693,152700000,1
1288683060000,1288683119000,1.60693,1.60712,1.60647,1.6067,110100000,1
1288683120000,1288683179000,1.60667,1.60693,1.60628,1.60661,134500000,1
1288683180000,1288683239000,1.60661,1.60715,1.60633,1.6071,138600000,1
1288683240000,1288683299000,1.60712,1.60744,1.6069,1.60744,154700000,1
1288683300000,1288683359000,1.6074,1.6074,1.60678,1.6068,162300000,1
1288683360000,1288683419000,1.60678,1.60725,1.60678,1.60715,106400000,1
1288683420000,1288683479000,1.60717,1.60754,1.60717,1.60751,84400000,1
1288683480000,1288683539000,1.60751,1.60787,1.60722,1.6075,159800000,1
1288683540000,1288683599000,1.6075,1.60803,1.6074,1.60766,139700000,1
1288683600000,1288683659000,1.60785,1.60843,1.60776,1.6083,157600000,1
1288683660000,1288683719000,1.60832,1.60833,1.60765,1.60771,129000000,1
1288683720000,1288683779000,1.60768,1.60802,1.60758,1.60798,140600000,1
1288683780000,1288683839000,1.60799,1.60808,1.6077,1.6077,149900000,1
1288683840000,1288683899000,1.60772,1.60846,1.60745,1.60745,144200000,1
1288683900000,1288683959000,1.60756,1.60761,1.60728,1.60735,171200000,1
1288683960000,1288684019000,1.60733,1.60735,1.60686,1.60702,133900000,1
1288684020000,1288684079000,1.60702,1.60712,1.60676,1.6068,130600000,1
1288684080000,1288684139000,1.60685,1.60694,1.60657,1.60693,97200000,1
1288684140000,1288684199000,1.60693,1.60728,1.60693,1.60728,111700000,1
1288684200000,1288684259000,1.60728,1.60735,1.60713,1.60735,114300000,1
1288684260000,1288684319000,1.6073,1.60743,1.6069,1.60702,116700000,1
1288684320000,1288684379000,1.60707,1.60755,1.60692,1.60701,125800000,1
1288684380000,1288684439000,1.6071,1.6071,1.60656,1.60689,159600000,1
1288684440000,1288684499000,1.60685,1.60695,1.60661,1.6067,171500000,1
1288684500000,1288684559000,1.60674,1.60692,1.6064,1.60642,126400000,1
1288684560000,1288684619000,1.60645,1.60665,1.60585,1.60612,208700000,1
1288684620000,1288684679000,1.60608,1.60654,1.60589,1.60607,160000000,1
1288684680000,1288684739000,1.60605,1.60625,1.60601,1.60616,200600000,1
1288684740000,1288684799000,1.60622,1.60672,1.60622,1.60637,139300000,1
1288684800000,1288684859000,1.60649,1.60649,1.60606,1.60634,125600000,1
1288684860000,1288684919000,1.60635,1.60673,1.60624,1.60639,104500000,1
1288684920000,1288684979000,1.60639,1.60649,1.60618,1.60625,107200000,1
1288684980000,1288685039000,1.60624,1.60632,1.60586,1.60613,117500000,1
1288685040000,1288685099000,1.6062,1.6062,1.60584,1.60598,162200000,1
1288685100000,1288685159000,1.60607,1.60607,1.60442,1.60497,238800000,1
1288685160000,1288685219000,1.60489,1.60551,1.60486,1.60508,167700000,1
1288685220000,1288685279000,1.60505,1.6051,1.60482,1.60507,154000000,1
1288685280000,1288685339000,1.605,1.60509,1.60442,1.60477,145400000,1
1288685340000,1288685399000,1.60487,1.60537,1.60487,1.60511,121600000,1
1288685400000,1288685459000,1.60511,1.60515,1.60423,1.60437,129200000,1
1288685460000,1288685519000,1.60432,1.60524,1.60414,1.60524,117100000,1
1288685520000,1288685579000,1.60514,1.60565,1.60505,1.60553,121300000,1
1288685580000,1288685639000,1.60552,1.60552,1.60504,1.60536,123100000,1
1288685640000,1288685699000,1.60549,1.60556,1.60492,1.60517,166400000,1
1288685700000,1288685759000,1.60514,1.60565,1.60456,1.60474,162800000,1
1288685760000,1288685819000,1.60469,1.60538,1.60469,1.60533,117400000,1
1288685820000,1288685879000,1.60521,1.60568,1.60452,1.60566,143200000,1
1288685880000,1288685939000,1.60566,1.60657,1.60537,1.6065,135800000,1
1288685940000,1288685999000,1.60643,1.60673,1.606,1.60636,178100000,1
1288686000000,1288686059000,1.60635,1.60637,1.60592,1.60624,105600000,1
1288686060000,1288686119000,1.60624,1.60624,1.60568,1.60568,117300000,1
1288686120000,1288686179000,1.60564,1.60576,1.60485,1.60487,128700000,1
1288686180000,1288686239000,1.6049,1.60537,1.60466,1.60524,142500000,1
1288686240000,1288686299000,1.6052,1.6058,1.6052,1.60543,135200000,1
1288686300000,1288686359000,1.60543,1.60564,1.60518,1.60532,104000000,1
1288686360000,1288686419000,1.60534,1.60584,1.60523,1.60538,118700000,1
1288686420000,1288686479000,1.60532,1.60569,1.60529,1.60557,105600000,1
1288686480000,1288686539000,1.60558,1.60596,1.60552,1.60592,108900000,1
1288686540000,1288686599000,1.60586,1.60601,1.60543,1.60579,125800000,1
1288686600000,1288686659000,1.60579,1.60626,1.60546,1.60603,119000000,1
1288686660000,1288686719000,1.60607,1.60624,1.60576,1.60624,100500000,1
1288686720000,1288686779000,1.60624,1.60659,1.60622,1.60642,80200000,1
1288686780000,1288686839000,1.60647,1.60695,1.60633,1.6069,96000000,1
1288686840000,1288686899000,1.60688,1.60696,1.60659,1.60673,120500000,1
1288686900000,1288686959000,1.60673,1.60698,1.60661,1.60697,110100000,1
1288686960000,1288687019000,1.60694,1.60715,1.60672,1.60704,108000000,1
1288687020000,1288687079000,1.60724,1.60724,1.60648,1.60648,124700000,1
1288687080000,1288687139000,1.60654,1.60678,1.60652,1.60666,112300000,1
1288687140000,1288687199000,1.60669,1.6067,1.60622,1.60651,93400000,1
1288687200000,1288687259000,1.60661,1.60699,1.60629,1.60691,79900000,1
1288687260000,1288687319000,1.6069,1.60748,1.6069,1.60725,101400000,1
1288687320000,1288687379000,1.60734,1.60744,1.60724,1.60724,105900000,1
1288687380000,1288687439000,1.60724,1.60724,1.60661,1.60681,83000000,1
1288687440000,1288687499000,1.60689,1.60721,1.60678,1.60721,92300000,1
1288687500000,1288687559000,1.60721,1.6073,1.60696,1.607,106600000,1
1288687560000,1288687619000,1.60693,1.60704,1.6067,1.60693,98700000,1
1288687620000,1288687679000,1.60688,1.60722,1.60649,1.60669,102800000,1
1288687680000,1288687739000,1.60679,1.60679,1.60636,1.60643,116400000,1
1288687740000,1288687799000,1.60641,1.60691,1.60634,1.60676,93900000,1
1288687800000,1288687859000,1.60654,1.60705,1.60653,1.60697,79400000,1
1288687860000,1288687919000,1.60697,1.6071,1.60654,1.60698,119200000,1
1288687920000,1288687979000,1.60696,1.60714,1.60675,1.60691,105500000,1
1288687980000,1288688039000,1.60695,1.60701,1.60667,1.60681,106900000,1
1288688040000,1288688099000,1.60678,1.60696,1.60658,1.60658,83700000,1
1288688100000,1288688159000,1.60665,1.60707,1.60643,1.60653,139900000,1
1288688160000,1288688219000,1.60653,1.60692,1.60642,1.60678,107300000,1
1288688220000,1288688279000,1.60679,1.60679,1.60632,1.60662,93900000,1
1288688280000,1288688339000,1.60684,1.60718,1.60645,1.60718,100100000,1
1288688340000,1288688399000,1.6072,1.60745,1.60703,1.60703,104900000,1
1288688400000,1288688459000,1.60694,1.60719,1.60672,1.60685,141900000,1
1288688460000,1288688519000,1.60681,1.60774,1.60681,1.60759,134900000,1
1288688520000,1288688579000,1.60769,1.60793,1.60749,1.60781,75700000,1
1288688580000,1288688639000,1.60777,1.60809,1.6073,1.60731,126200000,1
1288688640000,1288688699000,1.60731,1.60733,1.60699,1.60708,114900000,1
1288688700000,1288688759000,1.6071,1.60727,1.60687,1.60704,136400000,1
1288688760000,1288688819000,1.60704,1.60751,1.60696,1.60751,99500000,1
1288688820000,1288688879000,1.60757,1.60762,1.60692,1.60696,106700000,1
1288688880000,1288688939000,1.60689,1.60728,1.60666,1.60672,126900000,1
1288688940000,1288688999000,1.60677,1.60725,1.60672,1.60721,121900000,1
1288689000000,1288689059000,1.6073,1.60787,1.60725,1.60782,142100000,1
1288689060000,1288689119000,1.60771,1.60839,1.6077,1.60837,127800000,1
1288689120000,1288689179000,1.6082,1.60851,1.60792,1.60827,134700000,1
1288689180000,1288689239000,1.60825,1.60888,1.60818,1.60866,132900000,1
1288689240000,1288689299000,1.60878,1.6095,1.60862,1.60933,122800000,1
1288689300000,1288689359000,1.60923,1.60941,1.60867,1.60867,114200000,1
1288689360000,1288689419000,1.6086,1.60874,1.60804,1.60819,96100000,1
1288689420000,1288689479000,1.60818,1.60838,1.60791,1.60803,105000000,1
1288689480000,1288689539000,1.60787,1.60805,1.60768,1.60805,140200000,1
1288689540000,1288689599000,1.6081,1.6082,1.60758,1.60758,146800000,1
1288689600000,1288689659000,1.60759,1.60775,1.60702,1.60702,176000000,1
1288689660000,1288689719000,1.60702,1.60704,1.60677,1.60682,140800000,1
1288689720000,1288689779000,1.60687,1.60697,1.60661,1.60666,146000000,1
1288689780000,1288689839000,1.60665,1.60711,1.60661,1.60685,164400000,1
1288689840000,1288689899000,1.60688,1.60703,1.60668,1.60692,110400000,1
1288689900000,1288689959000,1.60697,1.60727,1.60691,1.60724,121300000,1
1288689960000,1288690019000,1.60724,1.6075,1.6067,1.60672,138900000,1
1288690020000,1288690079000,1.60681,1.607,1.60659,1.60664,121300000,1
1288690080000,1288690139000,1.60653,1.60704,1.60652,1.60675,127700000,1
1288690140000,1288690199000,1.6067,1.60717,1.60659,1.60669,100500000,1
1288690200000,1288690259000,1.60679,1.60679,1.60453,1.60533,247600000,1
1288690260000,1288690319000,1.60533,1.60546,1.60381,1.60421,197500000,1
1288690320000,1288690379000,1.60426,1.60436,1.60323,1.6034,133700000,1
1288690380000,1288690439000,1.60342,1.60407,1.60324,1.60358,187600000,1
1288690440000,1288690499000,1.60364,1.60391,1.60308,1.60377,145300000,1
1288690500000,1288690559000,1.60381,1.60434,1.60366,1.6042,144400000,1
1288690560000,1288690619000,1.6044,1.60456,1.60414,1.60432,131200000,1
1288690620000,1288690679000,1.60431,1.6045,1.60408,1.60408,159400000,1
1288690680000,1288690739000,1.604,1.60434,1.60392,1.60409,152000000,1
1288690740000,1288690799000,1.60409,1.60439,1.60402,1.6043,121700000,1
1288690800000,1288690859000,1.6043,1.6043,1.60354,1.60362,160800000,1
1288690860000,1288690919000,1.60362,1.60384,1.60223,1.6028,198300000,1
1288690920000,1288690979000,1.60277,1.6039,1.6027,1.60367,182500000,1
1288690980000,1288691039000,1.60372,1.60408,1.60352,1.60387,145700000,1
1288691040000,1288691099000,1.604,1.60402,1.60296,1.60322,183000000,1
1288691100000,1288691159000,1.60324,1.60334,1.60261,1.60291,127100000,1
1288691160000,1288691219000,1.60301,1.60302,1.6027,1.6027,118100000,1
1288691220000,1288691279000,1.60267,1.60282,1.60212,1.60232,157100000,1
1288691280000,1288691339000,1.60235,1.60273,1.60222,1.6023,112900000,1
1288691340000,1288691399000,1.60226,1.60263,1.60217,1.60238,153800000,1
1288691400000,1288691459000,1.60233,1.6025,1.6018,1.60195,169200000,1
1288691460000,1288691519000,1.60185,1.6019,1.60151,1.60177,128100000,1
1288691520000,1288691579000,1.6018,1.60218,1.60171,1.60172,171900000,1
1288691580000,1288691639000,1.60176,1.60195,1.60138,1.60149,95000000,1
1288691640000,1288691699000,1.60149,1.60182,1.60147,1.60181,137500000,1
1288691700000,1288691759000,1.60181,1.60182,1.60119,1.60136,115100000,1
1288691760000,1288691819000,1.6015,1.60208,1.60131,1.60186,173200000,1
1288691820000,1288691879000,1.60186,1.60196,1.60151,1.60172,125100000,1
1288691880000,1288691939000,1.60172,1.60212,1.60118,1.60195,160400000,1
1288691940000,1288691999000,1.60185,1.60205,1.60148,1.60191,146600000,1
1288692000000,1288692059000,1.60183,1.60183,1.60128,1.60152,156700000,1
1288692060000,1288692119000,1.6016,1.60203,1.60118,1.6012,147200000,1
1288692120000,1288692179000,1.60121,1.60185,1.60117,1.60185,100100000,1
1288692180000,1288692239000,1.60194,1.60208,1.60188,1.60198,118500000,1
1288692240000,1288692299000,1.60198,1.60198,1.60144,1.60178,105300000,1
1288692300000,1288692359000,1.60178,1.60205,1.60178,1.60182,115000000,1
1288692360000,1288692419000,1.60184,1.60218,1.60177,1.60203,124900000,1
1288692420000,1288692479000,1.60222,1.60222,1.60113,1.60167,127000000,1
1288692480000,1288692539000,1.60171,1.60212,1.60154,1.60201,83300000,1
1288692540000,1288692599000,1.60201,1.60249,1.60201,1.60221,113400000,1
1288692600000,1288692659000,1.60215,1.60224,1.60155,1.6017,112200000,1
1288692660000,1288692719000,1.60174,1.60186,1.60149,1.60186,108300000,1
1288692720000,1288692779000,1.60191,1.60213,1.60138,1.60143,124900000,1
1288692780000,1288692839000,1.60143,1.60209,1.60141,1.60209,127200000,1
1288692840000,1288692899000,1.60202,1.60222,1.60121,1.6015,124500000,1
1288692900000,1288692959000,1.6015,1.60168,1.60135,1.60165,85700000,1
1288692960000,1288693019000,1.60162,1.60181,1.60147,1.60147,126500000,1
1288693020000,1288693079000,1.60134,1.60199,1.60134,1.60191,121000000,1
1288693080000,1288693139000,1.60195,1.60221,1.60157,1.60169,127100000,1
1288693140000,1288693199000,1.60169,1.60208,1.60122,1.60208,105000000,1
1288693200000,1288693259000,1.60208,1.60209,1.60141,1.60175,166900000,1
1288693260000,1288693319000,1.60159,1.60167,1.60131,1.60147,134600000,1
1288693320000,1288693379000,1.60147,1.60194,1.60132,1.60184,139600000,1
1288693380000,1288693439000,1.60192,1.60203,1.60156,1.60173,110100000,1
1288693440000,1288693499000,1.60178,1.60183,1.60136,1.60158,97000000,1
1288693500000,1288693559000,1.60147,1.60188,1.60097,1.60188,125700000,1
1288693560000,1288693619000,1.6019,1.60208,1.60167,1.602,98900000,1
1288693620000,1288693679000,1.60192,1.6028,1.60185,1.60277,121100000,1
1288693680000,1288693739000,1.60282,1.60314,1.60251,1.60261,94800000,1
1288693740000,1288693799000,1.60262,1.60262,1.60234,1.60244,117500000,1
1288693800000,1288693859000,1.60246,1.60247,1.60217,1.60242,156800000,1
1288693860000,1288693919000,1.60244,1.60245,1.60182,1.60182,119700000,1
1288693920000,1288693979000,1.60182,1.60187,1.60152,1.60159,111900000,1
1288693980000,1288694039000,1.60162,1.60223,1.60162,1.60168,111600000,1
1288694040000,1288694099000,1.60161,1.60171,1.60105,1.60112,92800000,1
1288694100000,1288694159000,1.60117,1.60191,1.60117,1.6016,148300000,1
1288694160000,1288694219000,1.60161,1.60166,1.60119,1.60121,103600000,1
1288694220000,1288694279000,1.60122,1.60159,1.59961,1.59984,134700000,1
1288694280000,1288694339000,1.59993,1.60013,1.59938,1.59961,122100000,1
1288694340000,1288694399000,1.59967,1.60023,1.59967,1.60018,110500000,1
1288694400000,1288694459000,1.60007,1.60104,1.60007,1.60064,141800000,1
1288694460000,1288694519000,1.60064,1.60103,1.60064,1.60103,131200000,1
1288694520000,1288694579000,1.60102,1.6014,1.60093,1.6012,138800000,1
1288694580000,1288694639000,1.6013,1.6013,1.60063,1.60077,162700000,1
1288694640000,1288694699000,1.60071,1.60071,1.59986,1.6,142200000,1
1288694700000,1288694759000,1.59991,1.59999,1.59913,1.59923,125600000,1
1288694760000,1288694819000,1.59923,1.59953,1.59922,1.59926,108100000,1
1288694820000,1288694879000,1.59926,1.59941,1.5988,1.59941,158200000,1
1288694880000,1288694939000,1.59944,1.60019,1.59944,1.59993,114300000,1
1288694940000,1288694999000,1.60003,1.60022,1.59981,1.59988,113200000,1
1288695000000,1288695059000,1.5999,1.60017,1.59986,1.60011,116900000,1
1288695060000,1288695119000,1.6002,1.60064,1.60019,1.60057,123300000,1
1288695120000,1288695179000,1.60057,1.60057,1.60002,1.60038,85900000,1
1288695180000,1288695239000,1.6004,1.60089,1.60032,1.60064,129200000,1
1288695240000,1288695299000,1.60064,1.60092,1.60062,1.60073,93700000,1
1288695300000,1288695359000,1.60072,1.60096,1.6005,1.6006,114300000,1
1288695360000,1288695419000,1.60046,1.60075,1.60041,1.6006,116100000,1
1288695420000,1288695479000,1.6006,1.60073,1.60045,1.60046,98100000,1
1288695480000,1288695539000,1.60046,1.60108,1.6003,1.60095,118300000,1
1288695540000,1288695599000,1.60095,1.6012,1.60085,1.6012,117100000,1
1288695600000,1288695659000,1.60115,1.60117,1.60069,1.60089,129000000,1
1288695660000,1288695719000,1.60091,1.60097,1.60058,1.60097,130500000,1
1288695720000,1288695779000,1.60097,1.60102,1.60032,1.6008,98400000,1
1288695780000,1288695839000,1.60081,1.60091,1.60055,1.60085,131500000,1
1288695840000,1288695899000,1.60077,1.60093,1.60066,1.60069,105400000,1
1288695900000,1288695959000,1.60069,1.6008,1.60069,1.60076,75300000,1
1288695960000,1288696019000,1.60078,1.60078,1.60046,1.60051,94900000,1
1288696020000,1288696079000,1.60052,1.60064,1.60046,1.60058,107700000,1
1288696080000,1288696139000,1.60058,1.60061,1.60026,1.60042,138400000,1
1288696140000,1288696199000,1.60049,1.60066,1.59991,1.60006,102500000,1
1288696200000,1288696259000,1.60005,1.60032,1.60005,1.60032,181200000,1
1288696260000,1288696319000,1.60038,1.60087,1.60038,1.60076,166200000,1
1288696320000,1288696379000,1.60081,1.60103,1.60067,1.60092,99900000,1
1288696380000,1288696439000,1.60091,1.60091,1.60048,1.60057,124600000,1
1288696440000,1288696499000,1.6005,1.60082,1.60038,1.60062,113100000,1
1288696500000,1288696559000,1.60053,1.60073,1.60045,1.60061,111900000,1
1288696560000,1288696619000,1.60062,1.60075,1.60038,1.60046,91100000,1
1288696620000,1288696679000,1.60041,1.6007,1.60026,1.6005,136600000,1
1288696680000,1288696739000,1.60043,1.60065,1.60038,1.60046,86500000,1
1288696740000,1288696799000,1.60043,1.60103,1.60043,1.60087,111900000,1
1288696800000,1288696859000,1.60087,1.60119,1.60078,1.60078,128300000,1
1288696860000,1288696919000,1.60079,1.60099,1.60063,1.60077,128200000,1
1288696920000,1288696979000,1.60083,1.60086,1.60057,1.60059,95400000,1
1288696980000,1288697039000,1.60059,1.60083,1.60048,1.60059,105800000,1
1288697040000,1288697099000,1.60059,1.60084,1.60029,1.60063,103300000,1
1288697100000,1288697159000,1.60058,1.6008,1.60043,1.60059,151000000,1
1288697160000,1288697219000,1.60068,1.60094,1.60065,1.60068,87800000,1
1288697220000,1288697279000,1.60068,1.60106,1.60053,1.60102,99100000,1
1288697280000,1288697339000,1.60101,1.60112,1.60062,1.60069,97500000,1
1288697340000,1288697399000,1.60073,1.60118,1.60056,1.60115,137900000,1
1288697400000,1288697459000,1.60107,1.60197,1.60095,1.60157,195900000,1
1288697460000,1288697519000,1.60162,1.60183,1.60094,1.60113,155700000,1
1288697520000,1288697579000,1.60102,1.60102,1.60036,1.60058,98900000,1
1288697580000,1288697639000,1.60066,1.60099,1.60058,1.60097,127600000,1
1288697640000,1288697699000,1.60097,1.60103,1.60084,1.60087,91000000,1
1288697700000,1288697759000,1.60094,1.60097,1.60071,1.60092,85500000,1
1288697760000,1288697819000,1.60092,1.60099,1.60068,1.60076,99800000,1
1288697820000,1288697879000,1.60071,1.60098,1.60054,1.60074,94900000,1
1288697880000,1288697939000,1.60077,1.60093,1.60044,1.60093,70800000,1
1288697940000,1288697999000,1.60101,1.60127,1.60084,1.60117,59500000,1
1288698000000,1288698059000,1.60119,1.60122,1.60087,1.60105,73600000,1
1288698060000,1288698119000,1.60104,1.60104,1.60064,1.60072,92000000,1
1288698120000,1288698179000,1.60072,1.60072,1.60012,1.60026,87600000,1
1288698180000,1288698239000,1.60033,1.60053,1.60009,1.6004,105500000,1
1288698240000,1288698299000,1.6004,1.60054,1.60032,1.60053,80800000,1
1288698300000,1288698359000,1.60053,1.60091,1.60053,1.60091,85000000,1
1288698360000,1288698419000,1.60104,1.60119,1.60085,1.60102,123900000,1
1288698420000,1288698479000,1.60107,1.60116,1.60077,1.60089,122000000,1
1288698480000,1288698539000,1.60089,1.60141,1.60089,1.60128,109900000,1
1288698540000,1288698599000,1.60128,1.60142,1.60105,1.60105,89300000,1
1288698600000,1288698659000,1.60101,1.60119,1.60011,1.60011,116800000,1
1288698660000,1288698719000,1.60016,1.60026,1.59949,1.59954,92000000,1
1288698720000,1288698779000,1.59954,1.59958,1.59922,1.59925,86800000,1
1288698780000,1288698839000,1.59926,1.5999,1.59924,1.59947,155100000,1
1288698840000,1288698899000,1.59951,1.59963,1.59906,1.5993,105800000,1
1288698900000,1288698959000,1.59948,1.59992,1.59948,1.59963,89800000,1
1288698960000,1288699019000,1.59958,1.5997,1.5995,1.59962,90500000,1
1288699020000,1288699079000,1.59962,1.59975,1.59952,1.59975,69300000,1
1288699080000,1288699139000,1.59975,1.59976,1.5988,1.5989,131100000,1
1288699140000,1288699199000,1.59896,1.59967,1.59861,1.59876,170400000,1
1288699200000,1288699259000,1.59876,1.59929,1.59853,1.59908,163600000,1
1288699260000,1288699319000,1.59909,1.59914,1.59845,1.59869,136300000,1
1288699320000,1288699379000,1.59859,1.59888,1.59841,1.59875,147000000,1
1288699380000,1288699439000,1.59875,1.59917,1.59874,1.599,78000000,1
1288699440000,1288699499000,1.59897,1.5995,1.59897,1.59935,73800000,1
1288699500000,1288699559000,1.59942,1.6,1.59939,1.6,88800000,1
1288699560000,1288699619000,1.6,1.60001,1.59967,1.59984,98500000,1
1288699620000,1288699679000,1.59996,1.60001,1.59941,1.59941,106700000,1
1288699680000,1288699739000,1.59945,1.59965,1.59924,1.59924,138700000,1
1288699740000,1288699799000,1.59924,1.59931,1.59893,1.59915,136200000,1
1288699800000,1288699859000,1.59915,1.59916,1.59841,1.59869,176600000,1
1288699860000,1288699919000,1.59869,1.59887,1.59837,1.59863,109800000,1
1288699920000,1288699979000,1.59872,1.59942,1.59854,1.59931,79200000,1
1288699980000,1288700039000,1.59927,1.59935,1.59897,1.5992,97200000,1
1288700040000,1288700099000,1.5992,1.59942,1.59877,1.59877,111700000,1
1288700100000,1288700159000,1.59877,1.59925,1.59843,1.59866,107700000,1
1288700160000,1288700219000,1.59869,1.59926,1.59844,1.59896,108300000,1
1288700220000,1288700279000,1.5991,1.5994,1.59879,1.59885,117300000,1
1288700280000,1288700339000,1.59884,1.59938,1.59868,1.59922,109000000,1
1288700340000,1288700399000,1.5993,1.60013,1.59918,1.59975,89300000,1
1288700400000,1288700459000,1.59975,1.59991,1.59834,1.59877,191500000,1
1288700460000,1288700519000,1.59879,1.59988,1.59852,1.59977,188700000,1
1288700520000,1288700579000,1.59978,1.59978,1.59752,1.59798,183500000,1
1288700580000,1288700639000,1.59814,1.59824,1.59791,1.59795,146300000,1
1288700640000,1288700699000,1.59796,1.59917,1.59794,1.59903,145000000,1
1288700700000,1288700759000,1.59912,1.59946,1.59843,1.59856,129400000,1
1288700760000,1288700819000,1.59862,1.5988,1.59786,1.5979,177300000,1
1288700820000,1288700879000,1.59794,1.59807,1.59701,1.59773,207800000,1
1288700880000,1288700939000,1.59785,1.59845,1.59776,1.59845,176700000,1
1288700940000,1288700999000,1.59849,1.59853,1.59771,1.59807,209400000,1
1288701000000,1288701059000,1.59798,1.59833,1.5978,1.59814,218900000,1
1288701060000,1288701119000,1.59815,1.59922,1.59815,1.59922,181700000,1
1288701120000,1288701179000,1.59936,1.59978,1.5989,1.59974,120000000,1
1288701180000,1288701239000,1.59975,1.59989,1.59957,1.59972,99800000,1
1288701240000,1288701299000,1.59973,1.59994,1.59904,1.59974,145700000,1
1288701300000,1288701359000,1.59969,1.60024,1.59963,1.6001,127700000,1
1288701360000,1288701419000,1.60009,1.60043,1.5999,1.60034,105200000,1
1288701420000,1288701479000,1.60034,1.60083,1.60018,1.60066,90100000,1
1288701480000,1288701539000,1.60066,1.60082,1.6004,1.60078,77400000,1
1288701540000,1288701599000,1.60083,1.60083,1.60027,1.60027,103700000,1
1288701600000,1288701659000,1.60019,1.60062,1.60014,1.60057,97400000,1
1288701660000,1288701719000,1.60064,1.60075,1.60035,1.60038,102900000,1
1288701720000,1288701779000,1.60053,1.6006,1.59988,1.59988,108000000,1
1288701780000,1288701839000,1.59978,1.60044,1.59963,1.60029,98500000,1
1288701840000,1288701899000,1.60029,1.6005,1.59977,1.60018,124400000,1
1288701900000,1288701959000,1.60032,1.601,1.60017,1.601,122800000,1
1288701960000,1288702019000,1.601,1.60133,1.60075,1.60079,107100000,1
1288702020000,1288702079000,1.60077,1.60109,1.60044,1.60075,92400000,1
1288702080000,1288702139000,1.60075,1.60099,1.60059,1.60089,102200000,1
1288702140000,1288702199000,1.60086,1.60117,1.60072,1.60087,82400000,1
1288702200000,1288702259000,1.60087,1.60115,1.60081,1.60081,69600000,1
1288702260000,1288702319000,1.60084,1.60107,1.60057,1.60057,73600000,1
1288702320000,1288702379000,1.60063,1.60069,1.60038,1.60058,78600000,1
1288702380000,1288702439000,1.60058,1.60077,1.60047,1.60061,106400000,1
1288702440000,1288702499000,1.60046,1.60061,1.60029,1.60052,154900000,1
1288702500000,1288702559000,1.60035,1.60092,1.60035,1.60069,93400000,1
1288702560000,1288702619000,1.60068,1.60113,1.60068,1.60107,106600000,1
1288702620000,1288702679000,1.60104,1.60125,1.60095,1.60114,101000000,1
1288702680000,1288702739000,1.60114,1.60157,1.60114,1.60141,68300000,1
1288702740000,1288702799000,1.60141,1.60165,1.60123,1.60165,104100000,1
1288702800000,1288702859000,1.60158,1.60176,1.60135,1.60137,111500000,1
1288702860000,1288702919000,1.60137,1.6019,1.60137,1.60153,83700000,1
1288702920000,1288702979000,1.60153,1.60182,1.60125,1.60125,106700000,1
1288702980000,1288703039000,1.60124,1.60183,1.60122,1.60157,129500000,1
1288703040000,1288703099000,1.60148,1.60157,1.60084,1.60096,110500000,1
1288703100000,1288703159000,1.60096,1.60116,1.60085,1.60086,168900000,1
1288703160000,1288703219000,1.60082,1.60105,1.6007,1.60098,115600000,1
1288703220000,1288703279000,1.60098,1.60101,1.60064,1.60064,95700000,1
1288703280000,1288703339000,1.60064,1.60072,1.60048,1.60061,124600000,1
1288703340000,1288703399000,1.60061,1.60111,1.60049,1.60074,131600000,1
1288703400000,1288703459000,1.60076,1.60084,1.60047,1.60053,76200000,1
1288703460000,1288703519000,1.60053,1.60067,1.60037,1.60044,123100000,1
1288703520000,1288703579000,1.60049,1.60104,1.60041,1.60094,101700000,1
1288703580000,1288703639000,1.60104,1.60106,1.60071,1.60084,116800000,1
1288703640000,1288703699000,1.60077,1.60235,1.60077,1.60224,115000000,1
1288703700000,1288703759000,1.60264,1.6027,1.60202,1.60221,115700000,1
1288703760000,1288703819000,1.60216,1.60234,1.60196,1.60227,153100000,1
1288703820000,1288703879000,1.60227,1.60246,1.60192,1.60192,91100000,1
1288703880000,1288703939000,1.60192,1.60204,1.60139,1.60141,113500000,1
1288703940000,1288703999000,1.60141,1.60154,1.60127,1.60142,71400000,1
1288704000000,1288704059000,1.60145,1.6019,1.60142,1.60186,106500000,1
1288704060000,1288704119000,1.60186,1.60209,1.60184,1.60199,71000000,1
1288704120000,1288704179000,1.60196,1.60201,1.60173,1.60175,78400000,1
1288704180000,1288704239000,1.60175,1.60187,1.60154,1.60179,89300000,1
1288704240000,1288704299000,1.60175,1.60187,1.60129,1.60137,130100000,1
1288704300000,1288704359000,1.60137,1.60162,1.60119,1.60128,123700000,1
1288704360000,1288704419000,1.60123,1.60161,1.60096,1.60109,97700000,1
1288704420000,1288704479000,1.60096,1.60159,1.60092,1.60139,105200000,1
1288704480000,1288704539000,1.60155,1.60209,1.60153,1.60178,82300000,1
1288704540000,1288704599000,1.60178,1.60195,1.60156,1.60181,80500000,1
1288704600000,1288704659000,1.60181,1.60239,1.60181,1.60194,152700000,1
1288704660000,1288704719000,1.60193,1.6023,1.60189,1.60221,98400000,1
1288704720000,1288704779000,1.60224,1.60233,1.60192,1.60192,111200000,1
1288704780000,1288704839000,1.60191,1.60218,1.60171,1.60192,82300000,1
1288704840000,1288704899000,1.60197,1.60228,1.6018,1.60221,121000000,1
1288704900000,1288704959000,1.60209,1.60221,1.60165,1.60184,124800000,1
1288704960000,1288705019000,1.60201,1.60257,1.60179,1.60246,171300000,1
1288705020000,1288705079000,1.60243,1.60258,1.60194,1.60198,139900000,1
1288705080000,1288705139000,1.60197,1.60262,1.60197,1.60231,116800000,1
1288705140000,1288705199000,1.60231,1.60243,1.60187,1.60199,143400000,1
1288705200000,1288705259000,1.60207,1.6023,1.6017,1.60172,156800000,1
1288705260000,1288705319000,1.6017,1.60257,1.6017,1.60244,156600000,1
1288705320000,1288705379000,1.60245,1.60245,1.60194,1.60203,132600000,1
1288705380000,1288705439000,1.60185,1.60228,1.60169,1.60208,123300000,1
1288705440000,1288705499000,1.60208,1.60208,1.60129,1.6013,151200000,1
1288705500000,1288705559000,1.6013,1.60163,1.60124,1.6014,135500000,1
1288705560000,1288705619000,1.6014,1.60192,1.60127,1.60165,131700000,1
1288705620000,1288705679000,1.60171,1.60242,1.6017,1.60208,130400000,1
1288705680000,1288705739000,1.60204,1.60205,1.60068,1.60093,153600000,1
1288705740000,1288705799000,1.60101,1.6013,1.60071,1.60105,92800000,1
1288705800000,1288705859000,1.60101,1.60101,1.60061,1.60076,130200000,1
1288705860000,1288705919000,1.60076,1.60092,1.60036,1.60053,136500000,1
1288705920000,1288705979000,1.60056,1.60064,1.6001,1.60044,131700000,1
1288705980000,1288706039000,1.60034,1.60052,1.6,1.60006,99300000,1
1288706040000,1288706099000,1.60007,1.60077,1.60003,1.60069,110700000,1
1288706100000,1288706159000,1.60069,1.60074,1.60034,1.60061,89400000,1
1288706160000,1288706219000,1.60065,1.60077,1.60047,1.60051,100200000,1
1288706220000,1288706279000,1.60067,1.60112,1.60051,1.60103,105600000,1
1288706280000,1288706339000,1.60103,1.60118,1.6002,1.60026,92300000,1
1288706340000,1288706399000,1.60028,1.60092,1.60014,1.60057,96100000,1
1288706400000,1288706459000,1.60061,1.60091,1.60046,1.60053,97000000,1
1288706460000,1288706519000,1.60051,1.60056,1.5998,1.59988,118900000,1
1288706520000,1288706579000,1.59981,1.60028,1.59979,1.60009,103000000,1
1288706580000,1288706639000,1.6001,1.60021,1.59953,1.60003,89700000,1
1288706640000,1288706699000,1.60003,1.60027,1.59993,1.60014,93700000,1
1288706700000,1288706759000,1.60014,1.60034,1.59995,1.60004,69300000,1
1288706760000,1288706819000,1.59995,1.60058,1.59986,1.60041,83600000,1
1288706820000,1288706879000,1.60032,1.60039,1.60007,1.60031,86200000,1
1288706880000,1288706939000,1.60024,1.60035,1.59986,1.59998,122500000,1
1288706940000,1288706999000,1.59985,1.6003,1.59985,1.60017,125100000,1
1288707000000,1288707059000,1.60017,1.60035,1.59982,1.60022,93300000,1
1288707060000,1288707119000,1.60022,1.60037,1.59999,1.60037,82900000,1
1288707120000,1288707179000,1.6003,1.60056,1.60014,1.60026,92100000,1
1288707180000,1288707239000,1.60023,1.60023,1.59959,1.60002,100800000,1
1288707240000,1288707299000,1.60001,1.60128,1.60001,1.60096,115700000,1
1288707300000,1288707359000,1.60105,1.60159,1.60095,1.60148,103400000,1
1288707360000,1288707419000,1.60148,1.60169,1.60139,1.60139,92700000,1
1288707420000,1288707479000,1.60144,1.60204,1.60129,1.6018,143800000,1
1288707480000,1288707539000,1.6018,1.60195,1.60153,1.60153,126700000,1
1288707540000,1288707599000,1.60153,1.60172,1.60143,1.60149,137600000,1
1288707600000,1288707659000,1.60153,1.60175,1.60148,1.60158,79900000,1
1288707660000,1288707719000,1.60156,1.602,1.60142,1.60172,113600000,1
1288707720000,1288707779000,1.60183,1.60183,1.60153,1.60166,77600000,1
1288707780000,1288707839000,1.60174,1.60185,1.60125,1.60125,118700000,1
1288707840000,1288707899000,1.60123,1.6015,1.60106,1.6014,121200000,1
1288707900000,1288707959000,1.60137,1.60144,1.60093,1.60134,99100000,1
1288707960000,1288708019000,1.60135,1.60168,1.60118,1.60136,131500000,1
1288708020000,1288708079000,1.60132,1.60133,1.60096,1.60104,104500000,1
1288708080000,1288708139000,1.60105,1.60159,1.60096,1.60137,98900000,1
1288708140000,1288708199000,1.60137,1.60166,1.60126,1.60149,123200000,1
1288708200000,1288708259000,1.6015,1.60169,1.60136,1.60162,93800000,1
1288708260000,1288708319000,1.60153,1.60161,1.60111,1.60114,85200000,1
1288708320000,1288708379000,1.60108,1.60133,1.60107,1.60116,87300000,1
1288708380000,1288708439000,1.60116,1.60196,1.60113,1.60191,83200000,1
1288708440000,1288708499000,1.60191,1.60286,1.60183,1.60273,118300000,1
1288708500000,1288708559000,1.60275,1.60275,1.60202,1.60247,112200000,1
1288708560000,1288708619000,1.60254,1.60254,1.60176,1.6021,136200000,1
1288708620000,1288708679000,1.6021,1.60277,1.6021,1.60258,105400000,1
1288708680000,1288708739000,1.60259,1.60266,1.60198,1.60198,70600000,1
1288708740000,1288708799000,1.60199,1.60205,1.60164,1.60184,86900000,1
1288708800000,1288708859000,1.60184,1.60184,1.60157,1.60165,82800000,1
1288708860000,1288708919000,1.60163,1.60236,1.60162,1.60232,109700000,1
1288708920000,1288708979000,1.60232,1.60258,1.60213,1.60246,136100000,1
1288708980000,1288709039000,1.6025,1.60287,1.60229,1.60287,100500000,1
1288709040000,1288709099000,1.60287,1.60295,1.60218,1.60221,135000000,1
1288709100000,1288709159000,1.60208,1.60221,1.60155,1.60211,146100000,1
1288709160000,1288709219000,1.60201,1.60212,1.6018,1.60197,108600000,1
1288709220000,1288709279000,1.602,1.60206,1.60143,1.60164,118200000,1
1288709280000,1288709339000,1.60154,1.60178,1.60145,1.60155,122600000,1
1288709340000,1288709399000,1.60154,1.60154,1.6009,1.60106,148700000,1
1288709400000,1288709459000,1.60104,1.60128,1.60095,1.60095,110300000,1
1288709460000,1288709519000,1.60092,1.60168,1.60088,1.60148,119800000,1
1288709520000,1288709579000,1.6015,1.60177,1.60135,1.60137,101700000,1
1288709580000,1288709639000,1.60141,1.60173,1.60127,1.60154,76500000,1
1288709640000,1288709699000,1.60154,1.60167,1.60153,1.60155,52000000,1
1288709700000,1288709759000,1.60156,1.60235,1.60156,1.60202,98800000,1
1288709760000,1288709819000,1.602,1.60236,1.60186,1.60225,119000000,1
1288709820000,1288709879000,1.60225,1.60261,1.60214,1.6023,107500000,1
1288709880000,1288709939000,1.60229,1.60272,1.6021,1.60221,132900000,1
1288709940000,1288709999000,1.60235,1.60253,1.60211,1.6022,110400000,1
1288710000000,1288710059000,1.6022,1.6025,1.60193,1.60248,112900000,1
1288710060000,1288710119000,1.60246,1.60275,1.60217,1.60242,113400000,1
1288710120000,1288710179000,1.60239,1.60307,1.60214,1.60307,141200000,1
1288710180000,1288710239000,1.60299,1.60324,1.60293,1.603,98800000,1
1288710240000,1288710299000,1.60302,1.60353,1.6029,1.60324,120600000,1
1288710300000,1288710359000,1.6032,1.60328,1.60288,1.60294,124800000,1
1288710360000,1288710419000,1.60295,1.6033,1.60287,1.60316,88000000,1
1288710420000,1288710479000,1.60315,1.6033,1.6028,1.60313,90500000,1
1288710480000,1288710539000,1.6031,1.60356,1.60282,1.60344,85100000,1
1288710540000,1288710599000,1.60347,1.60406,1.60344,1.60369,114300000,1
1288710600000,1288710659000,1.60377,1.60395,1.60313,1.60324,109400000,1
1288710660000,1288710719000,1.6032,1.60344,1.60298,1.60344,106000000,1
1288710720000,1288710779000,1.60359,1.60359,1.60305,1.60321,80400000,1
1288710780000,1288710839000,1.60312,1.60328,1.60291,1.60297,97900000,1
1288710840000,1288710899000,1.60293,1.60313,1.60285,1.60288,79400000,1
1288710900000,1288710959000,1.60305,1.60316,1.60287,1.60297,79100000,1
1288710960000,1288711019000,1.60297,1.60336,1.60297,1.60323,110200000,1
1288711020000,1288711079000,1.60327,1.60351,1.60324,1.60327,106500000,1
1288711080000,1288711139000,1.60345,1.6036,1.6033,1.6034,108900000,1
1288711140000,1288711199000,1.60337,1.60348,1.60316,1.60316,70700000,1
1288711200000,1288711259000,1.60316,1.60369,1.60316,1.60344,105900000,1
1288711260000,1288711319000,1.60344,1.60364,1.60304,1.60317,139300000,1
1288711320000,1288711379000,1.60314,1.60323,1.60294,1.60312,148200000,1
1288711380000,1288711439000,1.60312,1.60315,1.60276,1.60285,116500000,1
1288711440000,1288711499000,1.60299,1.603,1.60269,1.60288,121700000,1
1288711500000,1288711559000,1.60289,1.60289,1.60193,1.6022,117300000,1
1288711560000,1288711619000,1.6022,1.60269,1.60196,1.60251,91700000,1
1288711620000,1288711679000,1.60247,1.60256,1.60227,1.60246,104600000,1
1288711680000,1288711739000,1.60254,1.60258,1.60222,1.60222,101900000,1
1288711740000,1288711799000,1.60221,1.60261,1.60212,1.60248,114500000,1
1288711800000,1288711859000,1.60248,1.60273,1.60222,1.60234,98000000,1
1288711860000,1288711919000,1.6023,1.60235,1.60209,1.60227,92400000,1
1288711920000,1288711979000,1.60227,1.60235,1.60192,1.60192,82000000,1
1288711980000,1288712039000,1.60189,1.60232,1.60188,1.60191,87900000,1
1288712040000,1288712099000,1.60193,1.60239,1.60191,1.60229,78700000,1
1288712100000,1288712159000,1.60232,1.60261,1.60222,1.60229,85000000,1
1288712160000,1288712219000,1.60232,1.60236,1.60189,1.60194,103000000,1
1288712220000,1288712279000,1.60197,1.6023,1.60196,1.6023,81000000,1
1288712280000,1288712339000,1.60238,1.60267,1.60225,1.60241,127700000,1
1288712340000,1288712399000,1.60242,1.60308,1.60232,1.603,119200000,1
1288712400000,1288712459000,1.60304,1.60315,1.60286,1.60304,105200000,1
1288712460000,1288712519000,1.60299,1.60301,1.6026,1.60264,101300000,1
1288712520000,1288712579000,1.60263,1.60291,1.60247,1.60252,138500000,1
1288712580000,1288712639000,1.60252,1.60253,1.60229,1.60245,102000000,1
1288712640000,1288712699000,1.60245,1.60257,1.60232,1.60256,128800000,1
1288712700000,1288712759000,1.60259,1.60269,1.6023,1.60236,111800000,1
1288712760000,1288712819000,1.60234,1.60255,1.60161,1.60176,86300000,1
1288712820000,1288712879000,1.60175,1.60211,1.60157,1.60179,86000000,1
1288712880000,1288712939000,1.60179,1.60219,1.60179,1.602,88500000,1
1288712940000,1288712999000,1.60202,1.60248,1.60202,1.60244,63700000,1
1288713000000,1288713059000,1.60244,1.60249,1.60185,1.60185,94300000,1
1288713060000,1288713119000,1.60178,1.60197,1.6016,1.60165,86400000,1
1288713120000,1288713179000,1.60172,1.6018,1.60099,1.60099,84300000,1
1288713180000,1288713239000,1.601,1.6012,1.60095,1.60107,71400000,1
1288713240000,1288713299000,1.60107,1.60155,1.60104,1.60152,67000000,1
1288713300000,1288713359000,1.60152,1.60215,1.60152,1.60194,81900000,1
1288713360000,1288713419000,1.60194,1.60238,1.60194,1.60233,73300000,1
1288713420000,1288713479000,1.6024,1.60289,1.60215,1.60279,93500000,1
1288713480000,1288713539000,1.60279,1.60317,1.6026,1.6026,104900000,1
1288713540000,1288713599000,1.60268,1.60318,1.60214,1.6022,141600000,1
1288713600000,1288713659000,1.60222,1.60267,1.60218,1.60263,168100000,1
1288713660000,1288713719000,1.60268,1.60282,1.60247,1.60258,136800000,1
1288713720000,1288713779000,1.60258,1.60299,1.60258,1.60281,92100000,1
1288713780000,1288713839000,1.60285,1.60292,1.60257,1.6027,111300000,1
1288713840000,1288713899000,1.60274,1.60299,1.60265,1.60273,90000000,1
1288713900000,1288713959000,1.60268,1.60312,1.60268,1.603,95800000,1
1288713960000,1288714019000,1.60304,1.60335,1.60299,1.60323,96500000,1
1288714020000,1288714079000,1.60326,1.60337,1.60283,1.60287,126600000,1
1288714080000,1288714139000,1.60288,1.60305,1.60243,1.60246,88000000,1
1288714140000,1288714199000,1.60246,1.60279,1.60237,1.60258,86400000,1
1288714200000,1288714259000,1.60258,1.60301,1.60243,1.60301,114000000,1
1288714260000,1288714319000,1.60292,1.60354,1.60267,1.60347,146600000,1
1288714320000,1288714379000,1.60347,1.60383,1.6034,1.60344,112700000,1
1288714380000,1288714439000,1.6034,1.6035,1.60288,1.60301,130400000,1
1288714440000,1288714499000,1.60301,1.60325,1.60289,1.60325,72500000,1
1288714500000,1288714559000,1.60325,1.60343,1.60309,1.60321,58100000,1
1288714560000,1288714619000,1.60319,1.60344,1.60319,1.60334,70900000,1
1288714620000,1288714679000,1.60334,1.60358,1.60321,1.6034,91600000,1
1288714680000,1288714739000,1.60345,1.60348,1.60295,1.60302,99800000,1
1288714740000,1288714799000,1.60301,1.60324,1.6029,1.60311,129600000,1
1288714800000,1288714859000,1.60303,1.60328,1.60302,1.60324,88200000,1
1288714860000,1288714919000,1.60334,1.60342,1.60289,1.60328,98500000,1
1288714920000,1288714979000,1.60326,1.60343,1.60304,1.60335,116200000,1
1288714980000,1288715039000,1.60344,1.60363,1.60312,1.60362,96200000,1
1288715040000,1288715099000,1.60362,1.60383,1.60349,1.60379,71500000,1
1288715100000,1288715159000,1.60374,1.60393,1.6037,1.60384,51400000,1
1288715160000,1288715219000,1.60384,1.60426,1.60378,1.60396,84100000,1
1288715220000,1288715279000,1.60388,1.60407,1.60371,1.60371,82800000,1
1288715280000,1288715339000,1.60371,1.60385,1.60359,1.60372,127600000,1
1288715340000,1288715399000,1.60372,1.60391,1.60362,1.60373,80200000,1
1288715400000,1288715459000,1.60376,1.60388,1.60365,1.60385,99400000,1
1288715460000,1288715519000,1.60385,1.60405,1.60381,1.60395,116400000,1
1288715520000,1288715579000,1.60387,1.60401,1.60379,1.60388,104200000,1
1288715580000,1288715639000,1.60388,1.60415,1.60388,1.6041,82400000,1
1288715640000,1288715699000,1.6041,1.60415,1.60396,1.6041,71100000,1
1288715700000,1288715759000,1.60396,1.60422,1.60386,1.60391,108500000,1
1288715760000,1288715819000,1.60391,1.60438,1.60384,1.60438,77300000,1
1288715820000,1288715879000,1.60417,1.60426,1.60393,1.60401,72700000,1
1288715880000,1288715939000,1.60411,1.60431,1.6041,1.60426,95200000,1
1288715940000,1288715999000,1.60444,1.60444,1.60406,1.60406,94500000,1
1288716000000,1288716059000,1.60401,1.60421,1.60373,1.60373,112100000,1
1288716060000,1288716119000,1.60375,1.60404,1.60373,1.60388,129400000,1
1288716120000,1288716179000,1.60389,1.60393,1.60382,1.60391,73200000,1
1288716180000,1288716239000,1.60391,1.60407,1.60375,1.60375,112500000,1
1288716240000,1288716299000,1.60379,1.60379,1.60349,1.60372,92700000,1
1288716300000,1288716359000,1.60372,1.60383,1.60364,1.60374,110600000,1
1288716360000,1288716419000,1.60378,1.60394,1.60346,1.6036,133800000,1
1288716420000,1288716479000,1.6036,1.60369,1.60341,1.60357,100400000,1
1288716480000,1288716539000,1.60357,1.60389,1.60355,1.60368,122100000,1
1288716540000,1288716599000,1.60369,1.60398,1.60347,1.60363,99800000,1
1288716600000,1288716659000,1.60362,1.60387,1.60357,1.60372,100200000,1
1288716660000,1288716719000,1.60372,1.60376,1.60348,1.60348,114500000,1
1288716720000,1288716779000,1.60354,1.60357,1.60339,1.60339,114600000,1
1288716780000,1288716839000,1.60333,1.60358,1.6033,1.6035,107500000,1
1288716840000,1288716899000,1.60355,1.60377,1.60345,1.60377,101200000,1
1288716900000,1288716959000,1.60377,1.60415,1.60377,1.60389,90200000,1
1288716960000,1288717019000,1.60395,1.60399,1.60369,1.60375,99000000,1
1288717020000,1288717079000,1.60373,1.60378,1.60329,1.6035,113600000,1
1288717080000,1288717139000,1.60341,1.60376,1.60341,1.60372,97200000,1
1288717140000,1288717199000,1.60372,1.60388,1.60372,1.60376,102000000,1
1288717200000,1288717259000,1.6038,1.60409,1.60362,1.60409,84700000,1
1288717260000,1288717319000,1.60419,1.60429,1.60397,1.60406,67500000,1
1288717320000,1288717379000,1.60406,1.60409,1.6035,1.6035,124200000,1
1288717380000,1288717439000,1.6035,1.60364,1.6033,1.60352,69700000,1
1288717440000,1288717499000,1.60352,1.60357,1.60304,1.60311,121400000,1
1288717500000,1288717559000,1.60311,1.60317,1.60301,1.60306,84500000,1
1288717560000,1288717619000,1.60308,1.60344,1.60298,1.60337,136800000,1
1288717620000,1288717679000,1.60336,1.60341,1.60309,1.60325,142800000,1
1288717680000,1288717739000,1.60325,1.60389,1.60323,1.60383,138600000,1
1288717740000,1288717799000,1.60374,1.60391,1.60362,1.60369,97400000,1
1288717800000,1288717859000,1.60369,1.60384,1.60361,1.60364,75000000,1
1288717860000,1288717919000,1.60367,1.60385,1.60365,1.60374,75200000,1
1288717920000,1288717979000,1.60376,1.60382,1.60361,1.60379,100200000,1
1288717980000,1288718039000,1.60379,1.60391,1.60377,1.60381,111600000,1
1288718040000,1288718099000,1.60381,1.60405,1.60378,1.60405,114600000,1
1288718100000,1288718159000,1.60413,1.60469,1.60402,1.60467,99500000,1
1288718160000,1288718219000,1.60462,1.60476,1.60441,1.60441,146500000,1
1288718220000,1288718279000,1.60441,1.60451,1.60395,1.60395,107800000,1
1288718280000,1288718339000,1.60395,1.60399,1.60387,1.60389,109900000,1
1288718340000,1288718399000,1.6039,1.60395,1.60372,1.60382,82400000,1
1288718400000,1288718459000,1.60389,1.60395,1.60365,1.60365,121200000,1
1288718460000,1288718519000,1.60373,1.60397,1.60363,1.60387,132500000,1
1288718520000,1288718579000,1.60394,1.60398,1.60376,1.60387,123800000,1
1288718580000,1288718639000,1.60389,1.60418,1.60389,1.60403,122300000,1
1288718640000,1288718699000,1.60403,1.60411,1.60378,1.60397,117900000,1
1288718700000,1288718759000,1.60397,1.60406,1.60384,1.60397,109900000,1
1288718760000,1288718819000,1.60403,1.60428,1.604,1.60419,113800000,1
1288718820000,1288718879000,1.60419,1.60436,1.60409,1.6043,122300000,1
1288718880000,1288718939000,1.6043,1.6045,1.60421,1.6044,116600000,1
1288718940000,1288718999000,1.60434,1.60439,1.60389,1.60398,123500000,1
1288719000000,1288719059000,1.60407,1.60407,1.60359,1.60371,109700000,1
1288719060000,1288719119000,1.60377,1.60409,1.60357,1.60357,106900000,1
1288719120000,1288719179000,1.60366,1.60368,1.60306,1.60307,133300000,1
1288719180000,1288719239000,1.60307,1.6032,1.60289,1.60296,151400000,1
1288719240000,1288719299000,1.60296,1.60365,1.60296,1.60365,97800000,1
1288719300000,1288719359000,1.60356,1.60397,1.60352,1.60381,94100000,1
1288719360000,1288719419000,1.60385,1.6041,1.60378,1.60378,92600000,1
1288719420000,1288719479000,1.60377,1.60389,1.6037,1.60387,85100000,1
1288719480000,1288719539000,1.60387,1.60408,1.60383,1.60397,82600000,1
1288719540000,1288719599000,1.60399,1.60415,1.60382,1.60382,97700000,1
1288719600000,1288719659000,1.60383,1.60402,1.60383,1.60387,85300000,1
1288719660000,1288719719000,1.60392,1.60402,1.60373,1.60384,154300000,1
1288719720000,1288719779000,1.60389,1.60414,1.60377,1.60409,113100000,1
1288719780000,1288719839000,1.60409,1.60419,1.60393,1.60412,107800000,1
1288719840000,1288719899000,1.60409,1.60427,1.60393,1.60416,109200000,1
1288719900000,1288719959000,1.60404,1.6042,1.60402,1.60414,91900000,1
1288719960000,1288720019000,1.60417,1.60438,1.60407,1.60438,64500000,1
1288720020000,1288720079000,1.60438,1.60463,1.60435,1.60452,80000000,1
1288720080000,1288720139000,1.60448,1.60476,1.60442,1.60448,87600000,1
1288720140000,1288720199000,1.60448,1.60459,1.6043,1.60446,85800000,1
1288720200000,1288720259000,1.60444,1.60448,1.60408,1.6041,106100000,1
1288720260000,1288720319000,1.60412,1.60428,1.60393,1.6041,104100000,1
1288720320000,1288720379000,1.60411,1.60412,1.60388,1.60407,94700000,1
1288720380000,1288720439000,1.60407,1.60417,1.60403,1.60416,62600000,1
1288720440000,1288720499000,1.6041,1.60413,1.60388,1.60396,75400000,1
1288720500000,1288720559000,1.60398,1.6041,1.60385,1.6039,95400000,1
1288720560000,1288720619000,1.6039,1.60403,1.60385,1.60402,111000000,1
1288720620000,1288720679000,1.60402,1.60416,1.60399,1.60407,92200000,1
1288720680000,1288720739000,1.60411,1.6042,1.60395,1.60398,71200000,1
1288720740000,1288720799000,1.60396,1.6041,1.60388,1.60397,113800000,1
1288720800000,1288720859000,1.60393,1.60417,1.6038,1.60387,99200000,1
1288720860000,1288720919000,1.60375,1.60398,1.6037,1.60391,91000000,1
1288720920000,1288720979000,1.60396,1.60398,1.60381,1.60398,65300000,1
1288720980000,1288721039000,1.60399,1.60399,1.60377,1.60386,63700000,1
1288721040000,1288721099000,1.60383,1.60407,1.60382,1.60407,65000000,1
1288721100000,1288721159000,1.60407,1.60413,1.60401,1.60402,90600000,1
1288721160000,1288721219000,1.60402,1.60423,1.60402,1.60418,90300000,1
1288721220000,1288721279000,1.6042,1.60444,1.60418,1.60439,67500000,1
1288721280000,1288721339000,1.60439,1.60466,1.6042,1.60462,80400000,1
1288721340000,1288721399000,1.60462,1.60462,1.60438,1.60456,92400000,1
1288721400000,1288721459000,1.60456,1.60458,1.60445,1.60445,94500000,1
1288721460000,1288721519000,1.60445,1.60464,1.60444,1.60463,69300000,1
1288721520000,1288721579000,1.60461,1.60467,1.60459,1.6046,60200000,1
1288721580000,1288721639000,1.6046,1.60463,1.6046,1.60463,34400000,1
1288721640000,1288721699000,1.60463,1.60478,1.6046,1.60465,110800000,1
1288721700000,1288721759000,1.60465,1.60473,1.60449,1.60461,105900000,1
1288721760000,1288721819000,1.60461,1.60473,1.60452,1.60468,94300000,1
1288721820000,1288721879000,1.60469,1.60486,1.60456,1.60465,75100000,1
1288721880000,1288721939000,1.60466,1.60474,1.60456,1.60467,61900000,1
1288721940000,1288721999000,1.60466,1.60467,1.60428,1.60439,94100000,1
1288722000000,1288722059000,1.60437,1.6046,1.60437,1.60444,97400000,1
1288722060000,1288722119000,1.60444,1.60446,1.60437,1.60446,61400000,1
1288722120000,1288722179000,1.60446,1.60461,1.60431,1.6044,89000000,1
1288722180000,1288722239000,1.60439,1.60457,1.6042,1.60457,103400000,1
1288722240000,1288722299000,1.60457,1.60467,1.60395,1.60395,98600000,1
1288722300000,1288722359000,1.60401,1.60421,1.60394,1.60397,91500000,1
1288722360000,1288722419000,1.60397,1.60404,1.60367,1.6039,104200000,1
1288722420000,1288722479000,1.6039,1.6039,1.60363,1.60373,135000000,1
1288722480000,1288722539000,1.60373,1.60387,1.60372,1.60383,102700000,1
1288722540000,1288722599000,1.60383,1.60403,1.60383,1.60399,125900000,1
1288722600000,1288722659000,1.60401,1.60409,1.60389,1.60396,69800000,1
1288722660000,1288722719000,1.60396,1.60411,1.6038,1.60402,103700000,1
1288722720000,1288722779000,1.60403,1.60412,1.60398,1.60401,54600000,1
1288722780000,1288722839000,1.60401,1.60433,1.60396,1.60427,98700000,1
1288722840000,1288722899000,1.60427,1.60428,1.60412,1.60417,84200000,1
1288722900000,1288722959000,1.60417,1.60449,1.60417,1.60446,78700000,1
1288722960000,1288723019000,1.60448,1.60448,1.60381,1.60381,139300000,1
1288723020000,1288723079000,1.60381,1.60388,1.60371,1.60387,82300000,1
1288723080000,1288723139000,1.60387,1.60407,1.60387,1.60403,136800000,1
1288723140000,1288723199000,1.60403,1.60444,1.60403,1.60437,99400000,1
1288723200000,1288723259000,1.60437,1.60471,1.60432,1.60471,78900000,1
1288723260000,1288723319000,1.60466,1.60469,1.60447,1.60469,112300000,1
1288723320000,1288723379000,1.60469,1.60469,1.60446,1.60448,109200000,1
1288723380000,1288723439000,1.60448,1.60484,1.60448,1.60454,120800000,1
1288723440000,1288723499000,1.60455,1.60464,1.6045,1.6046,71400000,1
1288723500000,1288723559000,1.6046,1.60503,1.60452,1.60479,123900000,1
1288723560000,1288723619000,1.60481,1.60496,1.60463,1.60464,107100000,1
1288723620000,1288723679000,1.6048,1.60485,1.60466,1.60468,108700000,1
1288723680000,1288723739000,1.60468,1.60477,1.60429,1.60429,100600000,1
1288723740000,1288723799000,1.60432,1.60461,1.60432,1.60446,112300000,1
1288723800000,1288723859000,1.60447,1.60453,1.60441,1.60451,91600000,1
1288723860000,1288723919000,1.6045,1.60451,1.6043,1.60441,149000000,1
1288723920000,1288723979000,1.60441,1.60451,1.604,1.60408,95300000,1
1288723980000,1288724039000,1.60393,1.604,1.60378,1.60387,100600000,1
1288724040000,1288724099000,1.6038,1.6038,1.60286,1.60286,135100000,1
1288724100000,1288724159000,1.60287,1.6032,1.60271,1.60276,134500000,1
1288724160000,1288724219000,1.60271,1.60307,1.60271,1.60307,176000000,1
1288724220000,1288724279000,1.60306,1.60335,1.60306,1.60327,111800000,1
1288724280000,1288724339000,1.60327,1.60327,1.60292,1.60292,118100000,1
1288724340000,1288724399000,1.60292,1.60336,1.60292,1.60323,112000000,1
1288724400000,1288724459000,1.60325,1.60348,1.6032,1.60347,149000000,1
1288724460000,1288724519000,1.60352,1.60358,1.60344,1.60351,150300000,1
1288724520000,1288724579000,1.60351,1.60357,1.60342,1.60352,67300000,1
1288724580000,1288724639000,1.60352,1.60352,1.60329,1.60338,96100000,1
1288724640000,1288724699000,1.60338,1.6036,1.60338,1.60352,86500000,1
1288724700000,1288724759000,1.60358,1.6039,1.60327,1.60366,141700000,1
1288724760000,1288724819000,1.60366,1.60375,1.60362,1.60367,74800000,1
1288724820000,1288724879000,1.60367,1.60428,1.60357,1.60415,87300000,1
1288724880000,1288724939000,1.60411,1.6045,1.60403,1.6045,59500000,1
1288724940000,1288724999000,1.60445,1.6045,1.60429,1.60433,53600000,1
1288725000000,1288725059000,1.60433,1.6045,1.60433,1.60435,59300000,1
1288725060000,1288725119000,1.60435,1.60444,1.60424,1.60424,61900000,1
1288725120000,1288725179000,1.60424,1.60424,1.60363,1.60363,58000000,1
1288725180000,1288725239000,1.60363,1.60364,1.60325,1.60337,102700000,1
1288725240000,1288725299000,1.60337,1.60357,1.60337,1.60342,80000000,1
1288725300000,1288725359000,1.60342,1.60391,1.60342,1.60388,83300000,1
1288725360000,1288725419000,1.60401,1.60412,1.60388,1.60403,75900000,1
1288725420000,1288725479000,1.60403,1.60413,1.60398,1.60399,54400000,1
1288725480000,1288725539000,1.60399,1.60418,1.60398,1.60399,52300000,1
1288725540000,1288725599000,1.60399,1.60406,1.60359,1.60374,85400000,1
1288725600000,1288725659000,1.60374,1.60374,1.60357,1.60361,153000000,1
1288725660000,1288725719000,1.60361,1.60369,1.60346,1.6036,109900000,1
1288725720000,1288725779000,1.60359,1.60363,1.60346,1.60355,114100000,1
1288725780000,1288725839000,1.60354,1.60367,1.60347,1.60367,82200000,1
1288725840000,1288725899000,1.60363,1.60368,1.60359,1.60359,61900000,1
1288725900000,1288725959000,1.60359,1.60375,1.60359,1.60375,155600000,1
1288725960000,1288726019000,1.60375,1.60379,1.60359,1.60375,139000000,1
1288726020000,1288726079000,1.60375,1.60375,1.60363,1.60371,105400000,1
1288726080000,1288726139000,1.60368,1.60371,1.60356,1.60359,65800000,1
1288726140000,1288726199000,1.60359,1.60375,1.60359,1.60372,49900000,1
1288726200000,1288726259000,1.60359,1.60379,1.60352,1.60365,84000000,1
1288726260000,1288726319000,1.60362,1.6037,1.60362,1.60364,59100000,1
1288726320000,1288726379000,1.60364,1.6039,1.60356,1.6039,67400000,1
1288726380000,1288726439000,1.6039,1.60398,1.60372,1.60391,60000000,1
1288726440000,1288726499000,1.60391,1.60398,1.60365,1.60381,67400000,1
1288726500000,1288726559000,1.60381,1.60388,1.60371,1.60388,63800000,1
1288726560000,1288726619000,1.60388,1.6041,1.60383,1.60405,50000000,1
1288726620000,1288726679000,1.60402,1.60405,1.60396,1.60405,35000000,1
1288726680000,1288726739000,1.60405,1.60422,1.604,1.60416,67200000,1
1288726740000,1288726799000,1.60416,1.60424,1.60416,1.60416,81700000,1
1288726800000,1288726859000,1.60414,1.60416,1.60394,1.60394,84000000,1
1288726860000,1288726919000,1.60394,1.60407,1.60392,1.60407,59600000,1
1288726920000,1288726979000,1.60407,1.60409,1.60401,1.60409,65700000,1
1288726980000,1288727039000,1.60409,1.60431,1.60409,1.60431,70400000,1
1288727040000,1288727099000,1.60431,1.60431,1.60407,1.60423,84800000,1
1288727100000,1288727159000,1.60423,1.60423,1.60392,1.60399,117200000,1
1288727160000,1288727219000,1.60399,1.60414,1.60381,1.60381,75600000,1
1288727220000,1288727279000,1.60381,1.60381,1.60363,1.60363,72900000,1
1288727280000,1288727339000,1.60373,1.60381,1.60373,1.60373,82000000,1
1288727340000,1288727399000,1.60373,1.60381,1.60368,1.60381,81900000,1
1288727400000,1288727459000,1.60375,1.60381,1.60357,1.60357,118500000,1
1288727460000,1288727519000,1.60358,1.60411,1.60358,1.60375,141500000,1
1288727520000,1288727579000,1.60367,1.60384,1.60367,1.60368,98100000,1
1288727580000,1288727639000,1.60368,1.60385,1.60368,1.60377,95100000,1
1288727640000,1288727699000,1.60377,1.60385,1.60365,1.60377,80600000,1
1288727700000,1288727759000,1.60377,1.60401,1.60366,1.6038,85800000,1
1288727760000,1288727819000,1.6038,1.60399,1.60365,1.60387,91400000,1
1288727820000,1288727879000,1.60387,1.60411,1.60377,1.60396,88700000,1
1288727880000,1288727939000,1.60397,1.60411,1.60384,1.60391,95200000,1
1288727940000,1288727999000,1.60397,1.60444,1.60317,1.60381,117000000,1
1288728000000,1288728059000,1.60381,1.60385,1.60328,1.60353,136100000,1
1288728060000,1288728119000,1.60344,1.60347,1.603,1.60323,153300000,1
1288728120000,1288728179000,1.60319,1.60335,1.60319,1.60319,86600000,1
1288728180000,1288728239000,1.60323,1.60339,1.60306,1.60306,112700000,1
1288728240000,1288728299000,1.60306,1.60343,1.60297,1.60304,119700000,1
1288728300000,1288728359000,1.60304,1.60307,1.603,1.603,77000000,1
1288728360000,1288728419000,1.603,1.60309,1.60272,1.60282,118700000,1
1288728420000,1288728479000,1.60297,1.60334,1.60284,1.60334,123600000,1
1288728480000,1288728539000,1.60333,1.60343,1.60301,1.60336,86100000,1
1288728540000,1288728599000,1.60342,1.60355,1.60316,1.60355,64200000,1
1288728600000,1288728659000,1.60355,1.60368,1.60336,1.60368,121100000,1
1288728660000,1288728719000,1.60368,1.60368,1.60359,1.60359,95100000,1
1288728720000,1288728779000,1.60359,1.60434,1.60359,1.60434,104700000,1
1288728780000,1288728839000,1.60434,1.60442,1.60383,1.60388,116700000,1
1288728840000,1288728899000,1.60388,1.60413,1.60371,1.60383,92200000,1
1288728900000,1288728959000,1.60383,1.60413,1.60383,1.60413,64000000,1
1288728960000,1288729019000,1.60413,1.60432,1.60388,1.60415,83000000,1
1288729020000,1288729079000,1.60415,1.60429,1.60415,1.60429,94600000,1
1288729080000,1288729139000,1.60429,1.60446,1.60413,1.60423,85500000,1
1288729140000,1288729199000,1.60423,1.60423,1.60397,1.60397,69300000,1
1288729200000,1288729259000,1.60397,1.60407,1.60381,1.60391,72700000,1
1288729260000,1288729319000,1.60391,1.60395,1.60367,1.60382,97000000,1
1288729320000,1288729379000,1.60382,1.60407,1.60379,1.60385,72100000,1
1288729380000,1288729439000,1.60385,1.60423,1.60377,1.60419,102800000,1
1288729440000,1288729499000,1.60419,1.6043,1.60411,1.60423,121700000,1
1288729500000,1288729559000,1.60414,1.60439,1.60411,1.60427,114600000,1
1288729560000,1288729619000,1.60427,1.60427,1.60427,1.60427,95600000,1
1288729620000,1288729679000,1.60427,1.60427,1.60427,1.60427,77700000,1
1288729680000,1288729739000,1.60427,1.60427,1.60427,1.60427,36600000,1
1288729740000,1288729799000,1.60427,1.60443,1.60398,1.60409,94500000,1
1288729800000,1288729859000,1.60411,1.60438,1.60411,1.60437,68000000,1
1288729860000,1288729919000,1.60446,1.60453,1.60437,1.60443,60700000,1
1288729920000,1288729979000,1.60443,1.60457,1.60431,1.60431,95900000,1
1288729980000,1288730039000,1.60447,1.60463,1.60447,1.60447,66100000,1
1288730040000,1288730099000,1.60447,1.60447,1.60431,1.60447,78600000,1
1288730100000,1288730159000,1.60447,1.60447,1.60431,1.60447,67400000,1
1288730160000,1288730219000,1.60447,1.60447,1.60411,1.60421,97600000,1
1288730220000,1288730279000,1.60421,1.60425,1.60421,1.60421,126100000,1
1288730280000,1288730339000,1.60421,1.60423,1.60421,1.60423,99400000,1
1288730340000,1288730399000,1.60423,1.60431,1.60401,1.60431,90300000,1
1288730400000,1288730459000,1.60431,1.60431,1.60413,1.60415,89400000,1
1288730460000,1288730519000,1.60415,1.60429,1.60408,1.60415,48700000,1
1288730520000,1288730579000,1.60415,1.60454,1.60408,1.60441,48400000,1
1288730580000,1288730639000,1.60441,1.60467,1.60441,1.60446,46400000,1
1288730640000,1288730699000,1.60446,1.60446,1.60395,1.60413,61100000,1
1288730700000,1288730759000,1.60413,1.60431,1.60405,1.60413,83300000,1
1288730760000,1288730819000,1.60413,1.60413,1.60411,1.60411,52500000,1
1288730820000,1288730879000,1.60411,1.60429,1.60411,1.60429,58900000,1
1288730880000,1288730939000,1.60429,1.60437,1.60414,1.60426,89200000,1
1288730940000,1288730999000,1.60426,1.60434,1.60394,1.60403,117200000,1
1288731000000,1288731059000,1.60409,1.60418,1.604,1.60412,90800000,1
1288731060000,1288731119000,1.60418,1.60418,1.60418,1.60418,27500000,1
1288731120000,1288731179000,1.60416,1.60417,1.60416,1.60417,48400000,1
1288731180000,1288731239000,1.60417,1.60437,1.60415,1.60437,47400000,1
1288731240000,1288731299000,1.60437,1.60437,1.6042,1.60424,59600000,1
1288731300000,1288731359000,1.60424,1.60436,1.60378,1.60378,79800000,1
1288731360000,1288731419000,1.60378,1.60426,1.60375,1.60426,57600000,1
1288731420000,1288731479000,1.60426,1.6045,1.60426,1.60436,69400000,1
1288731480000,1288731539000,1.60436,1.6047,1.60431,1.60458,78500000,1
1288731540000,1288731599000,1.60468,1.60468,1.60407,1.60418,89200000,1
1288731600000,1288731659000,1.60438,1.60464,1.60428,1.60433,38100000,1
1288731660000,1288731719000,1.60433,1.60433,1.60352,1.60364,43800000,1
1288731720000,1288731779000,1.60364,1.60398,1.60364,1.60394,64600000,1
1288731780000,1288731839000,1.60394,1.60457,1.60384,1.60428,85600000,1
1288731840000,1288731899000,1.60428,1.60472,1.6039,1.60448,106700000,1
1288731900000,1288731959000,1.60443,1.60457,1.60433,1.60457,44900000,1
1288731960000,1288732019000,1.60457,1.60457,1.60436,1.60449,44600000,1
1288732020000,1288732079000,1.60457,1.60478,1.60452,1.60453,59600000,1
1288732080000,1288732139000,1.60453,1.60462,1.60453,1.60459,43400000,1
1288732140000,1288732199000,1.60459,1.60473,1.60457,1.60464,59600000,1
1288732200000,1288732259000,1.60464,1.60473,1.60464,1.60473,64400000,1
1288732260000,1288732319000,1.60473,1.60528,1.60464,1.60528,71900000,1
1288732320000,1288732379000,1.60528,1.60544,1.60496,1.60512,59600000,1
1288732380000,1288732439000,1.60512,1.60512,1.60472,1.60472,39600000,1
1288732440000,1288732499000,1.60468,1.60477,1.60457,1.6047,70200000,1
1288732500000,1288732559000,1.6047,1.60477,1.60448,1.60448,55200000,1
1288732560000,1288732619000,1.60448,1.60482,1.60443,1.60482,70100000,1
1288732620000,1288732679000,1.60482,1.60489,1.60482,1.60488,92000000,1
1288732680000,1288732739000,1.60488,1.60488,1.60483,1.60483,54600000,1
1288732740000,1288732799000,1.60483,1.60483,1.60451,1.60451,73900000,1
1288732800000,1288732859000,1.60451,1.60475,1.60451,1.60467,57100000,1
1288732860000,1288732919000,1.60467,1.60467,1.60449,1.6045,50900000,1
1288732920000,1288732979000,1.60452,1.60472,1.6044,1.60472,77700000,1
1288732980000,1288733039000,1.60472,1.60473,1.6046,1.60463,58400000,1
1288733040000,1288733099000,1.60463,1.60467,1.60463,1.60463,64800000,1
1288733100000,1288733159000,1.60463,1.60468,1.6046,1.60463,56100000,1
1288733160000,1288733219000,1.60463,1.60473,1.60463,1.60467,52200000,1
1288733220000,1288733279000,1.60467,1.60477,1.60438,1.60477,54300000,1
1288733280000,1288733339000,1.60478,1.60483,1.60477,1.60483,35400000,1
1288733340000,1288733399000,1.60483,1.60506,1.60483,1.60506,62900000,1
1288733400000,1288733459000,1.60512,1.60527,1.6048,1.6048,62800000,1
1288733460000,1288733519000,1.6048,1.60487,1.6047,1.60487,50400000,1
1288733520000,1288733579000,1.60487,1.60492,1.60458,1.60466,47300000,1
1288733580000,1288733639000,1.60476,1.60523,1.60476,1.60523,63100000,1
1288733640000,1288733699000,1.60523,1.60594,1.60517,1.60583,56900000,1
1288733700000,1288733759000,1.60582,1.60582,1.60544,1.60552,71700000,1
1288733760000,1288733819000,1.60548,1.60596,1.60547,1.60547,60100000,1
1288733820000,1288733879000,1.60547,1.60565,1.60547,1.60553,42300000,1
1288733880000,1288733939000,1.60553,1.60553,1.60549,1.60553,42400000,1
1288733940000,1288733999000,1.60563,1.60576,1.60544,1.60544,64300000,1
1288734000000,1288734059000,1.60544,1.60558,1.60544,1.60552,52600000,1
1288734060000,1288734119000,1.60552,1.60571,1.60542,1.60542,42300000,1
1288734120000,1288734179000,1.60542,1.60542,1.60524,1.60528,33600000,1
1288734180000,1288734239000,1.60528,1.60571,1.60524,1.60544,47500000,1
1288734240000,1288734299000,1.60544,1.60593,1.60528,1.60559,60600000,1
1288734300000,1288734359000,1.60559,1.60562,1.60553,1.60553,73800000,1
1288734360000,1288734419000,1.6055,1.60577,1.6055,1.60577,56900000,1
1288734420000,1288734479000,1.60577,1.60589,1.60557,1.60557,67200000,1
1288734480000,1288734539000,1.60554,1.6058,1.60535,1.60552,80300000,1
1288734540000,1288734599000,1.60548,1.60552,1.60538,1.60551,63200000,1
1288734600000,1288734659000,1.6055,1.6055,1.60543,1.60547,65800000,1
1288734660000,1288734719000,1.60547,1.60547,1.60547,1.60547,53100000,1
1288734720000,1288734779000,1.60547,1.60547,1.6054,1.60547,33000000,1
1288734780000,1288734839000,1.60547,1.60547,1.60547,1.60547,49500000,1
1288734840000,1288734899000,1.60547,1.60563,1.60538,1.60538,57400000,1
1288734900000,1288734959000,1.60538,1.60538,1.60476,1.60476,65200000,1
1288734960000,1288735019000,1.60476,1.60501,1.60476,1.60494,49800000,1
1288735020000,1288735079000,1.60494,1.60494,1.60492,1.60492,34200000,1
1288735080000,1288735139000,1.60492,1.60492,1.60492,1.60492,29400000,1
1288735140000,1288735199000,1.605,1.60523,1.60479,1.60507,52600000,1
1288735200000,1288735259000,1.60507,1.60509,1.60476,1.60509,42700000,1
1288735260000,1288735319000,1.60509,1.60509,1.60478,1.60492,41400000,1
1288735320000,1288735379000,1.60492,1.60523,1.60492,1.60512,48000000,1
1288735380000,1288735439000,1.60507,1.60513,1.60504,1.60506,40900000,1
1288735440000,1288735499000,1.60504,1.60541,1.60483,1.60534,101400000,1
1288735500000,1288735559000,1.60539,1.60558,1.60529,1.60533,55900000,1
1288735560000,1288735619000,1.60533,1.60544,1.60507,1.60507,54500000,1
1288735620000,1288735679000,1.60507,1.60522,1.60495,1.60507,46700000,1
1288735680000,1288735739000,1.60507,1.60518,1.60507,1.60512,35600000,1
1288735740000,1288735799000,1.60512,1.60512,1.60497,1.60507,43400000,1
1288735800000,1288735859000,1.60507,1.60517,1.60507,1.60517,41700000,1
1288735860000,1288735919000,1.60517,1.60557,1.60502,1.60512,69100000,1
1288735920000,1288735979000,1.60512,1.60522,1.60512,1.60522,44600000,1
1288735980000,1288736039000,1.60522,1.60536,1.60517,1.60533,45900000,1
1288736040000,1288736099000,1.60533,1.60538,1.60498,1.60526,69600000,1
1288736100000,1288736159000,1.60526,1.60539,1.60507,1.60507,71000000,1
1288736160000,1288736219000,1.60507,1.60536,1.60507,1.60536,43300000,1
1288736220000,1288736279000,1.60538,1.60539,1.60509,1.60523,50300000,1
1288736280000,1288736339000,1.60527,1.60528,1.60482,1.60482,46100000,1
1288736340000,1288736399000,1.60482,1.60569,1.60482,1.60542,69400000,1
1288736400000,1288736459000,1.60542,1.60543,1.60542,1.60543,45600000,1
1288736460000,1288736519000,1.60543,1.60604,1.60535,1.60596,74300000,1
1288736520000,1288736579000,1.60603,1.60612,1.60562,1.60592,66500000,1
1288736580000,1288736639000,1.60588,1.60593,1.60562,1.60563,63900000,1
1288736640000,1288736699000,1.60563,1.60563,1.60563,1.60563,58000000,1
1288736700000,1288736759000,1.60563,1.60572,1.60552,1.6057,54000000,1
1288736760000,1288736819000,1.6057,1.6057,1.60547,1.60558,56900000,1
1288736820000,1288736879000,1.60553,1.60553,1.60529,1.60532,59000000,1
1288736880000,1288736939000,1.60528,1.60543,1.60486,1.60486,42100000,1
1288736940000,1288736999000,1.60486,1.60527,1.60481,1.60517,87500000,1
1288737000000,1288737059000,1.60515,1.60528,1.60513,1.60526,66800000,1
1288737060000,1288737119000,1.60526,1.60526,1.60512,1.60518,89400000,1
1288737120000,1288737179000,1.60518,1.60524,1.60508,1.60508,50400000,1
1288737180000,1288737239000,1.60507,1.60513,1.60488,1.60495,71600000,1
1288737240000,1288737299000,1.60495,1.60508,1.60483,1.60503,61200000,1
1288737300000,1288737359000,1.60508,1.60527,1.60503,1.60513,60700000,1
1288737360000,1288737419000,1.60512,1.60513,1.60501,1.60501,48300000,1
1288737420000,1288737479000,1.60501,1.60508,1.60501,1.60501,55600000,1
1288737480000,1288737539000,1.60501,1.60501,1.60454,1.60466,81900000,1
1288737540000,1288737599000,1.60466,1.60466,1.60452,1.60455,123700000,1
1288737600000,1288737659000,1.60455,1.60466,1.60455,1.60466,100200000,1
1288737660000,1288737719000,1.60466,1.60497,1.60466,1.60492,51700000,1
1288737720000,1288737779000,1.60488,1.60527,1.60488,1.60527,38900000,1
1288737780000,1288737839000,1.60527,1.6054,1.60498,1.60498,49900000,1
1288737840000,1288737899000,1.60498,1.60514,1.60488,1.60512,52300000,1
1288737900000,1288737959000,1.60512,1.60515,1.60471,1.60482,56400000,1
1288737960000,1288738019000,1.60482,1.60498,1.60472,1.60488,47500000,1
1288738020000,1288738079000,1.60488,1.60511,1.60463,1.60497,57800000,1
1288738080000,1288738139000,1.60497,1.60506,1.60488,1.60492,52900000,1
1288738140000,1288738199000,1.60492,1.60507,1.60492,1.60492,49100000,1
1288738200000,1288738259000,1.60492,1.60503,1.60464,1.60503,40700000,1
1288738260000,1288738319000,1.60503,1.60503,1.6047,1.60478,59100000,1
1288738320000,1288738379000,1.60473,1.60473,1.6043,1.60458,86000000,1
1288738380000,1288738439000,1.60458,1.60458,1.60437,1.60443,45800000,1
1288738440000,1288738499000,1.60443,1.60443,1.60422,1.6044,58400000,1
1288738500000,1288738559000,1.6044,1.6045,1.6044,1.6045,52000000,1
1288738560000,1288738619000,1.6045,1.60456,1.60449,1.60449,52400000,1
1288738620000,1288738679000,1.60449,1.60449,1.60433,1.60433,38000000,1
1288738680000,1288738739000,1.60433,1.60433,1.60433,1.60433,34500000,1
1288738740000,1288738799000,1.60433,1.6044,1.6041,1.60425,70600000,1
1288738800000,1288738859000,1.60425,1.60437,1.6042,1.6043,48800000,1
1288738860000,1288738919000,1.6043,1.60444,1.60416,1.60428,63000000,1
1288738920000,1288738979000,1.60428,1.60431,1.60418,1.6042,63900000,1
1288738980000,1288739039000,1.6042,1.60452,1.6042,1.6045,56000000,1
1288739040000,1288739099000,1.6045,1.60464,1.60438,1.60453,54200000,1
1288739100000,1288739159000,1.60463,1.60476,1.60441,1.60446,47100000,1
1288739160000,1288739219000,1.60446,1.60471,1.60441,1.60471,49300000,1
1288739220000,1288739279000,1.60471,1.60488,1.60457,1.60484,50400000,1
1288739280000,1288739339000,1.60484,1.605,1.60438,1.60438,87600000,1
1288739340000,1288739399000,1.60443,1.60458,1.60437,1.60448,90700000,1
1288739400000,1288739459000,1.60448,1.60448,1.6041,1.60433,58300000,1
1288739460000,1288739519000,1.60433,1.60466,1.60433,1.60458,97400000,1
1288739520000,1288739579000,1.60458,1.60469,1.60454,1.6046,57800000,1
1288739580000,1288739639000,1.60457,1.60471,1.60457,1.60468,65400000,1
1288739640000,1288739699000,1.60468,1.60522,1.60467,1.60482,93100000,1
1288739700000,1288739759000,1.60477,1.60502,1.60477,1.60487,106800000,1
1288739760000,1288739819000,1.60491,1.60491,1.60473,1.60481,73300000,1
1288739820000,1288739879000,1.60481,1.60489,1.60473,1.60473,106800000,1
1288739880000,1288739939000,1.60473,1.6048,1.60473,1.6048,102300000,1
1288739940000,1288739999000,1.6048,1.60486,1.60472,1.60472,77200000,1
1288740000000,1288740059000,1.60472,1.6052,1.60472,1.60504,75500000,1
1288740060000,1288740119000,1.60504,1.60552,1.60504,1.6051,111000000,1
1288740120000,1288740179000,1.6051,1.60533,1.6051,1.60517,98000000,1
1288740180000,1288740239000,1.60517,1.60522,1.6051,1.60515,55200000,1
1288740240000,1288740299000,1.60515,1.60528,1.60515,1.60526,87200000,1
1288740300000,1288740359000,1.60526,1.60537,1.60526,1.60532,98800000,1
1288740360000,1288740419000,1.60532,1.60547,1.60523,1.6054,89800000,1
1288740420000,1288740479000,1.6054,1.60552,1.6054,1.60552,104900000,1
1288740480000,1288740539000,1.60552,1.60572,1.60548,1.60555,93600000,1
1288740540000,1288740599000,1.60555,1.60558,1.60544,1.60558,74000000,1
1288740600000,1288740659000,1.60558,1.60566,1.60516,1.60528,111800000,1
1288740660000,1288740719000,1.60528,1.60529,1.60491,1.605,108500000,1
1288740720000,1288740779000,1.605,1.60511,1.60443,1.60447,127400000,1
1288740780000,1288740839000,1.6043,1.60463,1.60428,1.60457,65300000,1
1288740840000,1288740899000,1.60457,1.60462,1.60449,1.60452,54200000,1
1288740900000,1288740959000,1.60452,1.60468,1.60447,1.60467,51700000,1
1288740960000,1288741019000,1.60467,1.60487,1.60463,1.60487,59400000,1
1288741020000,1288741079000,1.60485,1.60519,1.60476,1.60476,62300000,1
1288741080000,1288741139000,1.60477,1.60517,1.60477,1.60513,76800000,1
1288741140000,1288741199000,1.60513,1.60513,1.60489,1.60492,67900000,1
1288741200000,1288741259000,1.60495,1.60522,1.60484,1.60484,96100000,1
1288741260000,1288741319000,1.60484,1.6049,1.60472,1.6048,114300000,1
1288741320000,1288741379000,1.6048,1.60486,1.60475,1.60486,100300000,1
1288741380000,1288741439000,1.60486,1.60502,1.60486,1.60493,86100000,1
1288741440000,1288741499000,1.60493,1.60506,1.60491,1.60491,46400000,1
1288741500000,1288741559000,1.60491,1.60499,1.60491,1.60494,89400000,1
1288741560000,1288741619000,1.60494,1.60494,1.60458,1.60462,87100000,1
1288741620000,1288741679000,1.60462,1.60462,1.60455,1.60462,84200000,1
1288741680000,1288741739000,1.60462,1.60474,1.60461,1.60474,79600000,1
1288741740000,1288741799000,1.60474,1.605,1.60466,1.60472,76300000,1
1288741800000,1288741859000,1.60472,1.60506,1.60467,1.60502,88300000,1
1288741860000,1288741919000,1.60501,1.60558,1.60499,1.60532,62100000,1
1288741920000,1288741979000,1.60531,1.60536,1.60528,1.60532,46300000,1
1288741980000,1288742039000,1.60532,1.60533,1.60524,1.60533,35000000,1
1288742040000,1288742099000,1.60533,1.60533,1.60497,1.60499,32100000,1
1288742100000,1288742159000,1.60499,1.60513,1.60499,1.60508,36600000,1
1288742160000,1288742219000,1.60512,1.60516,1.60493,1.60498,73400000,1
1288742220000,1288742279000,1.60498,1.60502,1.6047,1.6047,73200000,1
1288742280000,1288742339000,1.60467,1.60471,1.60443,1.60454,52500000,1
1288742340000,1288742399000,1.60447,1.6046,1.60445,1.60453,47800000,1
1288742400000,1288742459000,1.60453,1.60488,1.60438,1.60473,123100000,1
1288742460000,1288742519000,1.60473,1.60538,1.60473,1.60522,100800000,1
1288742520000,1288742579000,1.60517,1.60518,1.60488,1.60499,59100000,1
1288742580000,1288742639000,1.60499,1.60508,1.60493,1.60502,109900000,1
1288742640000,1288742699000,1.60502,1.60534,1.60502,1.60533,54700000,1
1288742700000,1288742759000,1.60528,1.60529,1.60514,1.60516,55500000,1
1288742760000,1288742819000,1.60516,1.60533,1.60502,1.60517,83200000,1
1288742820000,1288742879000,1.60518,1.60531,1.6051,1.60513,56100000,1
1288742880000,1288742939000,1.6051,1.60515,1.60469,1.60478,62800000,1
1288742940000,1288742999000,1.60478,1.60483,1.60451,1.60482,69600000,1
1288743000000,1288743059000,1.60482,1.60488,1.6044,1.60466,91600000,1
1288743060000,1288743119000,1.60467,1.60493,1.60467,1.60482,94700000,1
1288743120000,1288743179000,1.60482,1.60503,1.60476,1.60481,110100000,1
1288743180000,1288743239000,1.60479,1.60484,1.60383,1.60415,77400000,1
1288743240000,1288743299000,1.60415,1.60432,1.60396,1.60409,88900000,1
1288743300000,1288743359000,1.60409,1.60409,1.60378,1.60387,132000000,1
1288743360000,1288743419000,1.60384,1.60394,1.60359,1.60382,106000000,1
1288743420000,1288743479000,1.60383,1.60427,1.60383,1.60392,78600000,1
1288743480000,1288743539000,1.60393,1.60412,1.60381,1.60388,67500000,1
1288743540000,1288743599000,1.60385,1.60385,1.60368,1.60383,57600000,1
1288743600000,1288743659000,1.60384,1.60394,1.60327,1.60327,106500000,1
1288743660000,1288743719000,1.60332,1.60379,1.60322,1.60343,84200000,1
1288743720000,1288743779000,1.60343,1.60343,1.60314,1.60314,76000000,1
1288743780000,1288743839000,1.60319,1.60368,1.60302,1.60337,96900000,1
1288743840000,1288743899000,1.60339,1.60367,1.6033,1.60357,90500000,1
1288743900000,1288743959000,1.60364,1.60366,1.60335,1.60344,84300000,1
1288743960000,1288744019000,1.60351,1.60363,1.60333,1.60356,101000000,1
1288744020000,1288744079000,1.60358,1.60379,1.60352,1.6036,50400000,1
1288744080000,1288744139000,1.60371,1.60371,1.60339,1.60342,85000000,1
1288744140000,1288744199000,1.60342,1.60377,1.60333,1.60341,94300000,1
1288744200000,1288744259000,1.60339,1.60541,1.60339,1.60495,168200000,1
1288744260000,1288744319000,1.60488,1.60517,1.6045,1.60495,176400000,1
1288744320000,1288744379000,1.60505,1.60505,1.60476,1.60487,108400000,1
1288744380000,1288744439000,1.60487,1.60496,1.60467,1.6049,113300000,1
1288744440000,1288744499000,1.60493,1.60511,1.60478,1.60505,138400000,1
1288744500000,1288744559000,1.60515,1.60532,1.6049,1.60508,130000000,1
1288744560000,1288744619000,1.60508,1.60573,1.60508,1.60568,129500000,1
1288744620000,1288744679000,1.60568,1.60596,1.60545,1.60563,111500000,1
1288744680000,1288744739000,1.60565,1.60569,1.60553,1.60567,58200000,1
1288744740000,1288744799000,1.60567,1.60588,1.60554,1.60577,124500000,1
1288744800000,1288744859000,1.60573,1.60582,1.60541,1.60559,115100000,1
1288744860000,1288744919000,1.6056,1.60576,1.6056,1.60575,53500000,1
1288744920000,1288744979000,1.60575,1.60575,1.60518,1.60545,112200000,1
1288744980000,1288745039000,1.60545,1.60549,1.60525,1.60549,141000000,1
1288745040000,1288745099000,1.60541,1.60562,1.60505,1.6053,172700000,1
1288745100000,1288745159000,1.60532,1.60576,1.60532,1.60556,120900000,1
1288745160000,1288745219000,1.60557,1.60603,1.60537,1.60569,122500000,1
1288745220000,1288745279000,1.60583,1.60623,1.6057,1.60607,108400000,1
1288745280000,1288745339000,1.60607,1.60613,1.60603,1.60606,42300000,1
1288745340000,1288745399000,1.6061,1.60613,1.60582,1.60582,115400000,1
1288745400000,1288745459000,1.60582,1.60591,1.60559,1.60559,108200000,1
1288745460000,1288745519000,1.60562,1.60581,1.60546,1.60577,77700000,1
1288745520000,1288745579000,1.60577,1.6058,1.60558,1.60563,49000000,1
1288745580000,1288745639000,1.60563,1.60578,1.60554,1.60577,55700000,1
1288745640000,1288745699000,1.60577,1.60583,1.60564,1.60568,77600000,1
1288745700000,1288745759000,1.60568,1.60597,1.6056,1.60575,85800000,1
1288745760000,1288745819000,1.60575,1.60613,1.60575,1.60597,94800000,1
1288745820000,1288745879000,1.60609,1.60648,1.60607,1.60638,83000000,1
1288745880000,1288745939000,1.60638,1.60657,1.60637,1.60643,73100000,1
1288745940000,1288745999000,1.60655,1.6066,1.60626,1.60638,110500000,1
1288746000000,1288746059000,1.60637,1.60659,1.60637,1.60657,46900000,1
1288746060000,1288746119000,1.60647,1.60654,1.60637,1.60645,37500000,1
1288746120000,1288746179000,1.60653,1.60668,1.60642,1.60663,88300000,1
1288746180000,1288746239000,1.60663,1.60678,1.6064,1.60668,125500000,1
1288746240000,1288746299000,1.60669,1.60719,1.6066,1.60719,135400000,1
1288746300000,1288746359000,1.60713,1.60718,1.60655,1.60665,105800000,1
1288746360000,1288746419000,1.60665,1.60682,1.60653,1.60664,99000000,1
1288746420000,1288746479000,1.60664,1.60667,1.60634,1.60642,118000000,1
1288746480000,1288746539000,1.60642,1.60666,1.60636,1.60666,70600000,1
1288746540000,1288746599000,1.60663,1.6071,1.60658,1.60702,80500000,1
1288746600000,1288746659000,1.60702,1.60748,1.607,1.60728,111700000,1
1288746660000,1288746719000,1.60726,1.60734,1.60703,1.60708,96100000,1
1288746720000,1288746779000,1.60713,1.60736,1.60712,1.6072,83100000,1
1288746780000,1288746839000,1.6072,1.60772,1.6072,1.60765,104100000,1
1288746840000,1288746899000,1.60767,1.60788,1.60762,1.60788,81700000,1
1288746900000,1288746959000,1.60788,1.60795,1.60762,1.60789,71300000,1
1288746960000,1288747019000,1.60793,1.60793,1.60752,1.60774,149500000,1
1288747020000,1288747079000,1.60769,1.60773,1.60737,1.60762,71400000,1
1288747080000,1288747139000,1.60762,1.60782,1.60757,1.60773,65400000,1
1288747140000,1288747199000,1.60776,1.60776,1.60721,1.60735,69300000,1
1288747200000,1288747259000,1.60735,1.6075,1.60729,1.6075,66800000,1
1288747260000,1288747319000,1.6075,1.6075,1.60716,1.60716,109800000,1
1288747320000,1288747379000,1.60711,1.60711,1.60662,1.60667,115900000,1
1288747380000,1288747439000,1.60665,1.60688,1.60638,1.60673,119600000,1
1288747440000,1288747499000,1.60672,1.60677,1.60643,1.60648,65400000,1
1288747500000,1288747559000,1.60667,1.60673,1.60628,1.60628,111400000,1
1288747560000,1288747619000,1.60628,1.60709,1.60628,1.60694,64400000,1
1288747620000,1288747679000,1.60694,1.60694,1.60675,1.60675,35500000,1
1288747680000,1288747739000,1.60675,1.60743,1.60663,1.60741,68900000,1
1288747740000,1288747799000,1.60735,1.60754,1.60702,1.60731,121200000,1
1288747800000,1288747859000,1.60736,1.60741,1.60704,1.60732,88000000,1
1288747860000,1288747919000,1.60731,1.60757,1.60729,1.60747,112400000,1
1288747920000,1288747979000,1.6074,1.60757,1.60722,1.60747,132900000,1
1288747980000,1288748039000,1.60747,1.60797,1.60739,1.60766,116600000,1
1288748040000,1288748099000,1.60781,1.60789,1.60762,1.60782,174400000,1
1288748100000,1288748159000,1.60793,1.60793,1.60748,1.60756,130600000,1
1288748160000,1288748219000,1.60761,1.6078,1.60752,1.6078,89600000,1
1288748220000,1288748279000,1.60781,1.60785,1.60769,1.60782,68700000,1
1288748280000,1288748339000,1.60782,1.6079,1.60761,1.60769,99100000,1
1288748340000,1288748399000,1.60769,1.60793,1.60767,1.60793,44600000,1
1288748400000,1288748459000,1.608,1.608,1.60758,1.60769,90300000,1
1288748460000,1288748519000,1.60774,1.60789,1.60763,1.60788,80900000,1
1288748520000,1288748579000,1.60783,1.60787,1.60777,1.60785,56600000,1
1288748580000,1288748639000,1.60785,1.60809,1.60758,1.60775,83000000,1
1288748640000,1288748699000,1.60775,1.60782,1.60743,1.60748,63300000,1
1288748700000,1288748759000,1.60743,1.60754,1.60727,1.60739,86500000,1
1288748760000,1288748819000,1.60739,1.60769,1.60729,1.60769,144100000,1
1288748820000,1288748879000,1.60769,1.60794,1.60754,1.60793,113200000,1
1288748880000,1288748939000,1.60798,1.60805,1.6079,1.6079,36700000,1
1288748940000,1288748999000,1.6079,1.60821,1.60789,1.60793,75100000,1
1288749000000,1288749059000,1.60798,1.60813,1.60781,1.6079,125600000,1
1288749060000,1288749119000,1.6079,1.60807,1.60755,1.60763,154400000,1
1288749120000,1288749179000,1.60779,1.60798,1.60762,1.60793,105900000,1
1288749180000,1288749239000,1.60793,1.60817,1.60781,1.60805,129400000,1
1288749240000,1288749299000,1.60805,1.60805,1.60792,1.60792,111100000,1
1288749300000,1288749359000,1.60792,1.60802,1.60768,1.60788,165500000,1
1288749360000,1288749419000,1.60788,1.60806,1.60776,1.60776,66400000,1
1288749420000,1288749479000,1.60774,1.60793,1.60759,1.60765,87500000,1
1288749480000,1288749539000,1.60765,1.60818,1.60749,1.60805,114600000,1
1288749540000,1288749599000,1.60807,1.60821,1.60785,1.60798,109900000,1
1288749600000,1288749659000,1.60798,1.60879,1.60798,1.60848,165300000,1
1288749660000,1288749719000,1.60843,1.60857,1.60832,1.60853,74500000,1
1288749720000,1288749779000,1.60851,1.60863,1.60832,1.60844,69000000,1
1288749780000,1288749839000,1.60844,1.60858,1.60836,1.60852,63800000,1
1288749840000,1288749899000,1.60855,1.60863,1.6083,1.60862,93500000,1
1288749900000,1288749959000,1.60862,1.60872,1.60835,1.60869,51300000,1
1288749960000,1288750019000,1.60869,1.60881,1.60839,1.60846,108300000,1
1288750020000,1288750079000,1.60846,1.60858,1.60837,1.60837,75200000,1
1288750080000,1288750139000,1.60845,1.60874,1.60837,1.60853,127100000,1
1288750140000,1288750199000,1.60856,1.60884,1.60853,1.60884,88400000,1
1288750200000,1288750259000,1.60882,1.60904,1.60871,1.60899,92000000,1
1288750260000,1288750319000,1.609,1.60938,1.60898,1.60904,105400000,1
1288750320000,1288750379000,1.60904,1.60919,1.60897,1.60909,95800000,1
1288750380000,1288750439000,1.60909,1.60922,1.60901,1.60906,56200000,1
1288750440000,1288750499000,1.60914,1.60914,1.60869,1.60878,97100000,1
1288750500000,1288750559000,1.60877,1.60891,1.60852,1.60864,130600000,1
1288750560000,1288750619000,1.60864,1.60872,1.60803,1.60803,131900000,1
1288750620000,1288750679000,1.60808,1.60866,1.60799,1.60845,109700000,1
1288750680000,1288750739000,1.60844,1.60859,1.60813,1.60859,80300000,1
1288750740000,1288750799000,1.60847,1.60847,1.60812,1.6083,56100000,1
1288750800000,1288750859000,1.6083,1.60841,1.60822,1.60839,62000000,1
1288750860000,1288750919000,1.60841,1.6085,1.60836,1.60846,59800000,1
1288750920000,1288750979000,1.60837,1.60864,1.60837,1.60837,93300000,1
1288750980000,1288751039000,1.60829,1.60852,1.60823,1.60834,65000000,1
1288751040000,1288751099000,1.60834,1.60861,1.60829,1.60842,94000000,1
1288751100000,1288751159000,1.60842,1.60842,1.6083,1.60832,116300000,1
1288751160000,1288751219000,1.60832,1.60833,1.60802,1.60804,88400000,1
1288751220000,1288751279000,1.60805,1.60813,1.60778,1.60812,91600000,1
1288751280000,1288751339000,1.60808,1.60812,1.60791,1.60794,68400000,1
1288751340000,1288751399000,1.60797,1.60797,1.60759,1.60772,76000000,1
1288751400000,1288751459000,1.60784,1.60784,1.60736,1.60741,103600000,1
1288751460000,1288751519000,1.60741,1.60784,1.60741,1.60779,82000000,1
1288751520000,1288751579000,1.60772,1.60772,1.60728,1.60763,123900000,1
1288751580000,1288751639000,1.60763,1.60775,1.60707,1.60726,112700000,1
1288751640000,1288751699000,1.60726,1.60726,1.60689,1.60713,133700000,1
1288751700000,1288751759000,1.60713,1.60721,1.60707,1.60711,69300000,1
1288751760000,1288751819000,1.60711,1.60722,1.607,1.607,95100000,1
1288751820000,1288751879000,1.60707,1.60727,1.60694,1.60705,103900000,1
1288751880000,1288751939000,1.60707,1.60718,1.60687,1.60687,108100000,1
1288751940000,1288751999000,1.60685,1.60698,1.6067,1.60698,102800000,1
1288752000000,1288752059000,1.60695,1.60697,1.60683,1.60697,46600000,1
1288752060000,1288752119000,1.60692,1.60702,1.60683,1.60689,103000000,1
1288752120000,1288752179000,1.60683,1.60696,1.60665,1.60673,113600000,1
1288752180000,1288752239000,1.60671,1.60695,1.60671,1.60683,72400000,1
1288752240000,1288752299000,1.60683,1.60688,1.60674,1.60688,59400000,1
1288752300000,1288752359000,1.60687,1.60742,1.60687,1.60742,94000000,1
1288752360000,1288752419000,1.60738,1.60761,1.60738,1.60759,107400000,1
1288752420000,1288752479000,1.60759,1.60776,1.60748,1.6075,114500000,1
1288752480000,1288752539000,1.6075,1.6079,1.60741,1.60741,110300000,1
1288752540000,1288752599000,1.60741,1.60788,1.60741,1.60784,96000000,1
1288752600000,1288752659000,1.60784,1.60787,1.60752,1.60762,103000000,1
1288752660000,1288752719000,1.60762,1.60787,1.60761,1.60783,96600000,1
1288752720000,1288752779000,1.60783,1.60783,1.60752,1.60758,89800000,1
1288752780000,1288752839000,1.60758,1.60762,1.60739,1.60749,111700000,1
1288752840000,1288752899000,1.60754,1.60769,1.60753,1.60755,49600000,1
1288752900000,1288752959000,1.60755,1.60755,1.60733,1.60737,109900000,1
1288752960000,1288753019000,1.60737,1.60743,1.60733,1.60739,82900000,1
1288753020000,1288753079000,1.60739,1.60744,1.60726,1.60728,99400000,1
1288753080000,1288753139000,1.60728,1.60729,1.60714,1.60729,63900000,1
1288753140000,1288753199000,1.60729,1.6074,1.60729,1.60734,56200000,1
1288753200000,1288753259000,1.60734,1.60739,1.60712,1.60724,72800000,1
1288753260000,1288753319000,1.60724,1.6073,1.60718,1.60729,73900000,1
1288753320000,1288753379000,1.60729,1.6073,1.60711,1.6073,76400000,1
1288753380000,1288753439000,1.60735,1.60739,1.60711,1.60733,114800000,1
1288753440000,1288753499000,1.60733,1.60743,1.60721,1.60722,111900000,1
1288753500000,1288753559000,1.60722,1.60723,1.60721,1.60723,41400000,1
1288753560000,1288753619000,1.60723,1.60729,1.60723,1.60729,89800000,1
1288753620000,1288753679000,1.60729,1.60733,1.60703,1.6072,120800000,1
1288753680000,1288753739000,1.60705,1.60723,1.6069,1.60723,107400000,1
1288753740000,1288753799000,1.60723,1.60724,1.60719,1.60723,85800000,1
1288753800000,1288753859000,1.60723,1.60725,1.60672,1.60672,87900000,1
1288753860000,1288753919000,1.60669,1.60693,1.60634,1.60644,137600000,1
1288753920000,1288753979000,1.60639,1.60679,1.60639,1.6064,118000000,1
1288753980000,1288754039000,1.6064,1.60675,1.6064,1.60651,111400000,1
1288754040000,1288754099000,1.60652,1.60673,1.60599,1.60643,118400000,1
1288754100000,1288754159000,1.60637,1.60637,1.60602,1.60615,99200000,1
1288754160000,1288754219000,1.60615,1.60627,1.60607,1.60612,97500000,1
1288754220000,1288754279000,1.60613,1.6063,1.60606,1.60623,67500000,1
1288754280000,1288754339000,1.60615,1.60625,1.60599,1.60614,105500000,1
1288754340000,1288754399000,1.60614,1.6062,1.60606,1.60611,129000000,1
1288754400000,1288754459000,1.60611,1.60648,1.60611,1.60628,108200000,1
1288754460000,1288754519000,1.60628,1.60638,1.60608,1.60608,120300000,1
1288754520000,1288754579000,1.60608,1.60651,1.60608,1.60641,124400000,1
1288754580000,1288754639000,1.60646,1.6065,1.60633,1.6065,62300000,1
1288754640000,1288754699000,1.6065,1.6065,1.6064,1.6064,157500000,1
1288754700000,1288754759000,1.6064,1.60663,1.6064,1.60663,108200000,1
1288754760000,1288754819000,1.60663,1.60672,1.60645,1.60645,122500000,1
1288754820000,1288754879000,1.60645,1.60669,1.60633,1.6066,140000000,1
1288754880000,1288754939000,1.6066,1.60673,1.60642,1.60659,95400000,1
1288754940000,1288754999000,1.60659,1.60662,1.60646,1.60654,60200000,1
1288755000000,1288755059000,1.60643,1.60643,1.60592,1.60638,115500000,1
1288755060000,1288755119000,1.60639,1.60639,1.60595,1.60602,69100000,1
1288755120000,1288755179000,1.60607,1.60618,1.60603,1.60608,59700000,1
1288755180000,1288755239000,1.60608,1.6062,1.60607,1.60617,56300000,1
1288755240000,1288755299000,1.60622,1.60625,1.60595,1.60595,58500000,1
1288755300000,1288755359000,1.60595,1.60618,1.60595,1.60601,104900000,1
1288755360000,1288755419000,1.60601,1.60612,1.60595,1.60606,112900000,1
1288755420000,1288755479000,1.60606,1.60612,1.60592,1.60594,70300000,1
1288755480000,1288755539000,1.60594,1.60603,1.60592,1.60602,73200000,1
1288755540000,1288755599000,1.60602,1.60602,1.60585,1.60589,97000000,1
1288755600000,1288755659000,1.60589,1.60612,1.60587,1.60603,66200000,1
1288755660000,1288755719000,1.60605,1.60622,1.60596,1.60614,112100000,1
1288755720000,1288755779000,1.60615,1.60615,1.60615,1.60615,46800000,1
1288755780000,1288755839000,1.60615,1.60638,1.60605,1.6062,162500000,1
1288755840000,1288755899000,1.60625,1.60626,1.60588,1.6061,137000000,1
1288755900000,1288755959000,1.6061,1.6063,1.60609,1.60625,137300000,1
1288755960000,1288756019000,1.60627,1.60642,1.606,1.60629,123700000,1
1288756020000,1288756079000,1.60629,1.60659,1.60629,1.6065,134800000,1
1288756080000,1288756139000,1.6065,1.60671,1.60632,1.60653,135900000,1
1288756140000,1288756199000,1.60653,1.60683,1.60653,1.60683,106600000,1
1288756200000,1288756259000,1.60683,1.60684,1.60644,1.60644,102800000,1
1288756260000,1288756319000,1.60644,1.60657,1.60644,1.60657,132900000,1
1288756320000,1288756379000,1.60657,1.60657,1.60639,1.60639,114700000,1
1288756380000,1288756439000,1.60639,1.60649,1.60639,1.60639,124800000,1
1288756440000,1288756499000,1.60639,1.60677,1.60636,1.60648,119700000,1
1288756500000,1288756559000,1.60648,1.60668,1.60627,1.60642,143800000,1
1288756560000,1288756619000,1.60654,1.60668,1.60642,1.60642,89100000,1
1288756620000,1288756679000,1.60642,1.60648,1.6064,1.60648,101500000,1
1288756680000,1288756739000,1.60648,1.60694,1.60642,1.60686,78500000,1
1288756740000,1288756799000,1.60686,1.60686,1.60662,1.60683,87900000,1
1288756800000,1288756859000,1.60691,1.60691,1.60674,1.60674,62800000,1
1288756860000,1288756919000,1.60674,1.60691,1.60674,1.60677,79000000,1
1288756920000,1288756979000,1.60675,1.60692,1.60675,1.60684,103600000,1
1288756980000,1288757039000,1.60684,1.60696,1.60667,1.60695,116600000,1
1288757040000,1288757099000,1.60701,1.60701,1.60677,1.60695,68600000,1
1288757100000,1288757159000,1.60698,1.607,1.60698,1.60698,68100000,1
1288757160000,1288757219000,1.60698,1.60699,1.60679,1.60699,115200000,1
1288757220000,1288757279000,1.60703,1.60707,1.60683,1.60694,79100000,1
1288757280000,1288757339000,1.60694,1.60709,1.60685,1.60709,83100000,1
1288757340000,1288757399000,1.60709,1.60723,1.60694,1.607,82700000,1
1288757400000,1288757459000,1.607,1.60729,1.607,1.60728,60700000,1
1288757460000,1288757519000,1.60728,1.60728,1.60723,1.60727,52700000,1
1288757520000,1288757579000,1.60723,1.60734,1.60723,1.60724,65500000,1
1288757580000,1288757639000,1.60724,1.60734,1.60724,1.60727,60600000,1
1288757640000,1288757699000,1.60727,1.60754,1.60718,1.60731,69700000,1
1288757700000,1288757759000,1.60731,1.60733,1.60717,1.6073,63400000,1
1288757760000,1288757819000,1.60732,1.60739,1.60724,1.60733,94900000,1
1288757820000,1288757879000,1.60734,1.60743,1.60726,1.60726,73000000,1
1288757880000,1288757939000,1.60728,1.60737,1.60717,1.60726,95400000,1
1288757940000,1288757999000,1.60726,1.60737,1.60723,1.60737,65700000,1
1288758000000,1288758059000,1.60737,1.60737,1.6072,1.6072,63800000,1
1288758060000,1288758119000,1.6072,1.60728,1.60712,1.60728,87900000,1
1288758120000,1288758179000,1.60728,1.60728,1.60718,1.60718,79900000,1
1288758180000,1288758239000,1.60718,1.60727,1.60718,1.60722,47500000,1
1288758240000,1288758299000,1.60722,1.6077,1.60707,1.60754,78000000,1
1288758300000,1288758359000,1.60754,1.60758,1.60737,1.60754,93200000,1
1288758360000,1288758419000,1.60752,1.60758,1.60732,1.60743,59700000,1
1288758420000,1288758479000,1.60743,1.60758,1.60738,1.60743,84500000,1
1288758480000,1288758539000,1.60742,1.60747,1.60722,1.60743,75100000,1
1288758540000,1288758599000,1.60743,1.60753,1.60738,1.60753,67200000,1
1288758600000,1288758659000,1.60744,1.60778,1.60744,1.60774,96000000,1
1288758660000,1288758719000,1.60773,1.60788,1.60765,1.60772,133300000,1
1288758720000,1288758779000,1.60772,1.60796,1.60764,1.60787,74600000,1
1288758780000,1288758839000,1.60792,1.60804,1.60761,1.60785,99000000,1
1288758840000,1288758899000,1.60785,1.6082,1.6078,1.6082,110300000,1
1288758900000,1288758959000,1.60817,1.6084,1.608,1.60818,107700000,1
1288758960000,1288759019000,1.60818,1.60826,1.60811,1.60818,111700000,1
1288759020000,1288759079000,1.60818,1.60826,1.6081,1.60818,110700000,1
1288759080000,1288759139000,1.60818,1.60818,1.60794,1.60804,85400000,1
1288759140000,1288759199000,1.60801,1.60807,1.60795,1.60795,87400000,1
1288759200000,1288759259000,1.60795,1.60802,1.60778,1.60791,100300000,1
1288759260000,1288759319000,1.60787,1.60814,1.60785,1.60809,90500000,1
1288759320000,1288759379000,1.60809,1.60812,1.60792,1.60795,109900000,1
1288759380000,1288759439000,1.60795,1.60802,1.60782,1.60795,102900000,1
1288759440000,1288759499000,1.60792,1.60797,1.60778,1.60791,122300000,1
1288759500000,1288759559000,1.60792,1.60804,1.60767,1.60804,82900000,1
1288759560000,1288759619000,1.60804,1.60813,1.60799,1.6081,130200000,1
1288759620000,1288759679000,1.6081,1.60815,1.60772,1.6078,89700000,1
1288759680000,1288759739000,1.60778,1.60787,1.60762,1.60764,68000000,1
1288759740000,1288759799000,1.60763,1.60785,1.60737,1.60738,108300000,1
1288759800000,1288759859000,1.60748,1.60755,1.60731,1.60733,100300000,1
1288759860000,1288759919000,1.60738,1.60747,1.60737,1.60739,48500000,1
1288759920000,1288759979000,1.60737,1.60761,1.60736,1.60753,93300000,1
1288759980000,1288760039000,1.60753,1.60765,1.60744,1.60765,110100000,1
1288760040000,1288760099000,1.60765,1.60783,1.6075,1.60759,90700000,1
1288760100000,1288760159000,1.60759,1.60784,1.60754,1.60768,98100000,1
1288760160000,1288760219000,1.60768,1.60768,1.60749,1.60753,107000000,1
1288760220000,1288760279000,1.60755,1.60765,1.60746,1.60749,135000000,1
1288760280000,1288760339000,1.60743,1.60759,1.60727,1.60728,111500000,1
1288760340000,1288760399000,1.60729,1.60764,1.60729,1.60752,124600000,1
1288760400000,1288760459000,1.60752,1.60773,1.60735,1.60764,108000000,1
1288760460000,1288760519000,1.60764,1.60789,1.60763,1.60764,93000000,1
1288760520000,1288760579000,1.60772,1.60788,1.60755,1.60779,137100000,1
1288760580000,1288760639000,1.60779,1.60789,1.60769,1.60769,89600000,1
1288760640000,1288760699000,1.60769,1.60787,1.60759,1.60777,97100000,1
1288760700000,1288760759000,1.6079,1.6079,1.60752,1.60762,101700000,1
1288760760000,1288760819000,1.60762,1.6079,1.60751,1.60756,116300000,1
1288760820000,1288760879000,1.60749,1.60776,1.6074,1.60767,93600000,1
1288760880000,1288760939000,1.60767,1.6079,1.60757,1.60789,95700000,1
1288760940000,1288760999000,1.6079,1.6079,1.60777,1.60782,91900000,1
1288761000000,1288761059000,1.60782,1.60789,1.60772,1.60784,91100000,1
1288761060000,1288761119000,1.60784,1.60784,1.60757,1.60768,76600000,1
1288761120000,1288761179000,1.60768,1.60773,1.6074,1.60752,92800000,1
1288761180000,1288761239000,1.60752,1.60768,1.60729,1.60766,99600000,1
1288761240000,1288761299000,1.60764,1.60792,1.60752,1.60784,83100000,1
1288761300000,1288761359000,1.60784,1.60791,1.6077,1.6077,71600000,1
1288761360000,1288761419000,1.60772,1.60773,1.60757,1.60762,64700000,1
1288761420000,1288761479000,1.60762,1.60764,1.60754,1.60763,97200000,1
1288761480000,1288761539000,1.60754,1.60762,1.60738,1.60745,100400000,1
1288761540000,1288761599000,1.60747,1.60757,1.60737,1.60757,87100000,1
1288761600000,1288761659000,1.60757,1.60758,1.60743,1.60758,63400000,1
1288761660000,1288761719000,1.60758,1.60769,1.60745,1.60769,65300000,1
1288761720000,1288761779000,1.60769,1.60778,1.60761,1.60761,85100000,1
1288761780000,1288761839000,1.60761,1.60777,1.60738,1.60738,114700000,1
1288761840000,1288761899000,1.60747,1.60764,1.60747,1.60749,56900000,1
1288761900000,1288761959000,1.60749,1.60757,1.60741,1.60743,47900000,1
1288761960000,1288762019000,1.60743,1.60767,1.60734,1.60767,92900000,1
1288762020000,1288762079000,1.60762,1.60768,1.60752,1.60752,74000000,1
1288762080000,1288762139000,1.60752,1.60766,1.60752,1.60756,75900000,1
1288762140000,1288762199000,1.60757,1.60767,1.60752,1.60758,116600000,1
1288762200000,1288762259000,1.60758,1.60808,1.60753,1.60777,104100000,1
1288762260000,1288762319000,1.60777,1.60788,1.60767,1.6077,50000000,1
1288762320000,1288762379000,1.6077,1.60804,1.60766,1.60791,106000000,1
1288762380000,1288762439000,1.60791,1.60803,1.6079,1.60798,48200000,1
1288762440000,1288762499000,1.60798,1.60808,1.6079,1.60793,68000000,1
1288762500000,1288762559000,1.6079,1.60793,1.60751,1.60751,86100000,1
1288762560000,1288762619000,1.60751,1.60767,1.60737,1.60767,104900000,1
1288762620000,1288762679000,1.60767,1.6078,1.60762,1.60773,97200000,1
1288762680000,1288762739000,1.60774,1.60783,1.6076,1.6077,101500000,1
1288762740000,1288762799000,1.60772,1.60772,1.60742,1.60746,70200000,1
1288762800000,1288762859000,1.60753,1.60758,1.60736,1.60752,66300000,1
1288762860000,1288762919000,1.60752,1.60752,1.60733,1.60733,68800000,1
1288762920000,1288762979000,1.60736,1.60741,1.60735,1.6074,60000000,1
1288762980000,1288763039000,1.6074,1.60748,1.6073,1.60748,83100000,1
1288763040000,1288763099000,1.60737,1.60738,1.60706,1.60711,169800000,1
1288763100000,1288763159000,1.60711,1.60717,1.60661,1.60687,119800000,1
1288763160000,1288763219000,1.60687,1.60711,1.60684,1.60701,77900000,1
1288763220000,1288763279000,1.60701,1.60701,1.6068,1.60686,52600000,1
1288763280000,1288763339000,1.60686,1.60692,1.60676,1.60681,77600000,1
1288763340000,1288763399000,1.60681,1.60718,1.60681,1.60717,48300000,1
1288763400000,1288763459000,1.60717,1.60725,1.60656,1.60656,64400000,1
1288763460000,1288763519000,1.60656,1.60673,1.60656,1.60668,86000000,1
1288763520000,1288763579000,1.60668,1.60694,1.60668,1.60694,39800000,1
1288763580000,1288763639000,1.60694,1.60694,1.60673,1.6068,73100000,1
1288763640000,1288763699000,1.60683,1.60688,1.6068,1.60684,68100000,1
1288763700000,1288763759000,1.60684,1.60688,1.60679,1.60688,71600000,1
1288763760000,1288763819000,1.60688,1.60694,1.6068,1.60691,86600000,1
1288763820000,1288763879000,1.60691,1.60699,1.60678,1.60685,56800000,1
1288763880000,1288763939000,1.60685,1.60793,1.60685,1.60793,98500000,1
1288763940000,1288763999000,1.60803,1.60855,1.60779,1.60845,153500000,1
1288764000000,1288764059000,1.6085,1.60859,1.60813,1.60813,105400000,1
1288764060000,1288764119000,1.60808,1.60833,1.60792,1.60833,76400000,1
1288764120000,1288764179000,1.60834,1.60888,1.60828,1.60883,131000000,1
1288764180000,1288764239000,1.60891,1.60891,1.60823,1.60829,142400000,1
1288764240000,1288764299000,1.60827,1.60876,1.60827,1.60876,137300000,1
1288764300000,1288764359000,1.60876,1.60876,1.60803,1.60818,105000000,1
1288764360000,1288764419000,1.60818,1.60867,1.60813,1.60867,103500000,1
1288764420000,1288764479000,1.60879,1.60879,1.60818,1.60836,117200000,1
1288764480000,1288764539000,1.60844,1.60862,1.60832,1.60832,84900000,1
1288764540000,1288764599000,1.60831,1.60854,1.60817,1.60833,125200000,1
1288764600000,1288764659000,1.60838,1.60862,1.60838,1.60853,149200000,1
1288764660000,1288764719000,1.60851,1.60884,1.6085,1.60875,82500000,1
1288764720000,1288764779000,1.60875,1.60899,1.60872,1.60883,102900000,1
1288764780000,1288764839000,1.60883,1.60892,1.60872,1.60882,82300000,1
1288764840000,1288764899000,1.60881,1.60881,1.60852,1.60852,67500000,1
1288764900000,1288764959000,1.60853,1.60884,1.60851,1.60868,116100000,1
1288764960000,1288765019000,1.60868,1.60905,1.60857,1.6088,136600000,1
1288765020000,1288765079000,1.60883,1.60909,1.60844,1.60846,118500000,1
1288765080000,1288765139000,1.60844,1.6087,1.60844,1.60864,108800000,1
1288765140000,1288765199000,1.60859,1.60867,1.60813,1.60813,66200000,1
1288765200000,1288765259000,1.60813,1.60843,1.60806,1.60832,89600000,1
1288765260000,1288765319000,1.60825,1.60834,1.60773,1.60818,121000000,1
1288765320000,1288765379000,1.60818,1.60834,1.60782,1.60782,114500000,1
1288765380000,1288765439000,1.60782,1.60797,1.60773,1.60782,92600000,1
1288765440000,1288765499000,1.60781,1.60796,1.60758,1.60772,99400000,1
1288765500000,1288765559000,1.60772,1.60807,1.60759,1.60794,98700000,1
1288765560000,1288765619000,1.60794,1.60808,1.6076,1.6076,60400000,1
1288765620000,1288765679000,1.60762,1.60763,1.60713,1.60716,86800000,1
1288765680000,1288765739000,1.60711,1.60718,1.60683,1.60689,93000000,1
1288765740000,1288765799000,1.60688,1.60751,1.60688,1.60743,94900000,1
1288765800000,1288765859000,1.60743,1.60781,1.60739,1.60739,100500000,1
1288765860000,1288765919000,1.60738,1.60756,1.60715,1.60724,88200000,1
1288765920000,1288765979000,1.6072,1.60753,1.60713,1.60753,84000000,1
1288765980000,1288766039000,1.60753,1.6079,1.60753,1.60776,76100000,1
1288766040000,1288766099000,1.60774,1.60779,1.6074,1.60748,69800000,1
1288766100000,1288766159000,1.60748,1.60772,1.60748,1.60772,74800000,1
1288766160000,1288766219000,1.60772,1.60785,1.60764,1.60778,57800000,1
1288766220000,1288766279000,1.60778,1.60781,1.60742,1.60744,93900000,1
1288766280000,1288766339000,1.60739,1.60768,1.60739,1.60764,90700000,1
1288766340000,1288766399000,1.60762,1.60765,1.6075,1.60753,55000000,1
1288766400000,1288766459000,1.60753,1.60767,1.60735,1.60747,59900000,1
1288766460000,1288766519000,1.60747,1.60749,1.60716,1.6073,60400000,1
1288766520000,1288766579000,1.60728,1.60736,1.60685,1.60697,93300000,1
1288766580000,1288766639000,1.607,1.607,1.60649,1.60656,99800000,1
1288766640000,1288766699000,1.60657,1.60692,1.60647,1.60683,121100000,1
1288766700000,1288766759000,1.60687,1.60687,1.60644,1.60658,85500000,1
1288766760000,1288766819000,1.60661,1.60661,1.60603,1.60636,84900000,1
1288766820000,1288766879000,1.60637,1.60637,1.60592,1.60622,53300000,1
1288766880000,1288766939000,1.60622,1.60629,1.60613,1.60617,49000000,1
1288766940000,1288766999000,1.60617,1.60629,1.60607,1.60624,54900000,1
1288767000000,1288767059000,1.60623,1.60628,1.60605,1.60609,62800000,1
1288767060000,1288767119000,1.60613,1.60633,1.60604,1.60609,107900000,1
1288767120000,1288767179000,1.60613,1.60637,1.60588,1.60602,112300000,1
1288767180000,1288767239000,1.60602,1.60629,1.60559,1.60608,156000000,1
1288767240000,1288767299000,1.60608,1.6064,1.60608,1.6064,122800000,1
1288767300000,1288767359000,1.6064,1.60653,1.60609,1.60638,93000000,1
1288767360000,1288767419000,1.6063,1.6063,1.6061,1.60619,82800000,1
1288767420000,1288767479000,1.60619,1.60658,1.60597,1.60658,75800000,1
1288767480000,1288767539000,1.60657,1.6066,1.60621,1.60621,64900000,1
1288767540000,1288767599000,1.60618,1.60638,1.60596,1.60608,95100000,1
1288767600000,1288767659000,1.60608,1.60608,1.60552,1.60579,155800000,1
1288767660000,1288767719000,1.60569,1.60572,1.60515,1.60515,149900000,1
1288767720000,1288767779000,1.60515,1.60566,1.60477,1.60557,130300000,1
1288767780000,1288767839000,1.60557,1.60557,1.60507,1.60546,129600000,1
1288767840000,1288767899000,1.60552,1.60552,1.60421,1.60457,185000000,1
1288767900000,1288767959000,1.60455,1.605,1.60442,1.60498,131500000,1
1288767960000,1288768019000,1.60474,1.60498,1.60431,1.60469,131600000,1
1288768020000,1288768079000,1.60473,1.60518,1.60466,1.6049,118700000,1
1288768080000,1288768139000,1.60504,1.60536,1.60492,1.60492,129600000,1
1288768140000,1288768199000,1.6049,1.60509,1.60479,1.6048,90800000,1
1288768200000,1288768259000,1.60478,1.60525,1.60461,1.60503,103800000,1
1288768260000,1288768319000,1.60508,1.60538,1.60503,1.60508,127500000,1
1288768320000,1288768379000,1.60523,1.60539,1.60506,1.60532,123400000,1
1288768380000,1288768439000,1.60532,1.6054,1.60508,1.6054,100800000,1
1288768440000,1288768499000,1.60534,1.60546,1.60524,1.60524,109600000,1
1288768500000,1288768559000,1.60524,1.60529,1.60473,1.60473,83400000,1
1288768560000,1288768619000,1.60477,1.60505,1.60468,1.60501,120400000,1
1288768620000,1288768679000,1.60503,1.60512,1.60492,1.60499,79600000,1
1288768680000,1288768739000,1.60507,1.60574,1.60483,1.60573,123800000,1
1288768740000,1288768799000,1.60578,1.6064,1.60571,1.60609,190400000,1
1288768800000,1288768859000,1.60618,1.60636,1.60575,1.60604,91900000,1
1288768860000,1288768919000,1.60604,1.60665,1.60604,1.60651,149900000,1
1288768920000,1288768979000,1.60651,1.60686,1.60643,1.60686,103500000,1
1288768980000,1288769039000,1.60685,1.60693,1.60634,1.60653,116200000,1
1288769040000,1288769099000,1.60647,1.60712,1.60647,1.60682,95200000,1
1288769100000,1288769159000,1.6068,1.60681,1.60648,1.60678,113300000,1
1288769160000,1288769219000,1.60683,1.60703,1.60663,1.60691,97700000,1
1288769220000,1288769279000,1.60684,1.60708,1.60672,1.60689,135000000,1
1288769280000,1288769339000,1.60687,1.60706,1.60679,1.60698,88600000,1
1288769340000,1288769399000,1.60692,1.60694,1.60663,1.60671,85300000,1
1288769400000,1288769459000,1.60672,1.60672,1.60611,1.60624,76300000,1
1288769460000,1288769519000,1.60624,1.60694,1.60624,1.60671,90700000,1
1288769520000,1288769579000,1.60671,1.60693,1.60627,1.60627,110700000,1
1288769580000,1288769639000,1.60622,1.60641,1.60602,1.60641,101300000,1
1288769640000,1288769699000,1.60641,1.60642,1.6058,1.6058,92900000,1
1288769700000,1288769759000,1.60566,1.60614,1.60566,1.60597,130400000,1
1288769760000,1288769819000,1.60583,1.606,1.60569,1.60578,104600000,1
1288769820000,1288769879000,1.60576,1.60663,1.60576,1.6066,110000000,1
1288769880000,1288769939000,1.60657,1.60702,1.60653,1.60702,99600000,1
1288769940000,1288769999000,1.60702,1.60702,1.6064,1.60657,125500000,1
1288770000000,1288770059000,1.60663,1.60711,1.60663,1.6069,112500000,1
1288770060000,1288770119000,1.60685,1.60713,1.60683,1.60707,131600000,1
1288770120000,1288770179000,1.60714,1.60762,1.60702,1.60726,115600000,1
1288770180000,1288770239000,1.6073,1.60757,1.60724,1.60742,138200000,1
1288770240000,1288770299000,1.60743,1.6078,1.60738,1.6074,116600000,1
1288770300000,1288770359000,1.6074,1.6078,1.60719,1.6078,134300000,1
1288770360000,1288770419000,1.60784,1.60839,1.60777,1.60813,142900000,1
1288770420000,1288770479000,1.60805,1.60837,1.60792,1.60816,118900000,1
1288770480000,1288770539000,1.60807,1.60818,1.60773,1.6078,92800000,1
1288770540000,1288770599000,1.60781,1.60782,1.60745,1.60768,128600000,1
1288770600000,1288770659000,1.60771,1.608,1.60748,1.60779,90900000,1
1288770660000,1288770719000,1.60785,1.60855,1.60782,1.60845,109000000,1
1288770720000,1288770779000,1.60843,1.60843,1.608,1.60802,115600000,1
1288770780000,1288770839000,1.60803,1.60858,1.60795,1.60858,136000000,1
1288770840000,1288770899000,1.60858,1.60861,1.60806,1.60825,125600000,1
1288770900000,1288770959000,1.6083,1.60838,1.60804,1.60812,83700000,1
1288770960000,1288771019000,1.60809,1.60814,1.60781,1.60794,114500000,1
1288771020000,1288771079000,1.60794,1.60794,1.60755,1.60755,122600000,1
1288771080000,1288771139000,1.60753,1.60794,1.60753,1.6079,115100000,1
1288771140000,1288771199000,1.6079,1.60833,1.60787,1.60821,120200000,1
1288771200000,1288771259000,1.60815,1.60828,1.60798,1.60809,153600000,1
1288771260000,1288771319000,1.60809,1.60829,1.60796,1.60801,67200000,1
1288771320000,1288771379000,1.60801,1.60842,1.60793,1.60839,163800000,1
1288771380000,1288771439000,1.60839,1.60869,1.60834,1.60848,134000000,1
1288771440000,1288771499000,1.60847,1.60878,1.60837,1.60875,123500000,1
1288771500000,1288771559000,1.60879,1.60909,1.60822,1.60828,176500000,1
1288771560000,1288771619000,1.60831,1.60831,1.60808,1.60823,91300000,1
1288771620000,1288771679000,1.60818,1.6085,1.60795,1.60824,120500000,1
1288771680000,1288771739000,1.60823,1.60857,1.608,1.60825,162300000,1
1288771740000,1288771799000,1.60814,1.60814,1.60787,1.60796,117400000,1
1288771800000,1288771859000,1.60787,1.60797,1.60754,1.60768,114600000,1
1288771860000,1288771919000,1.6077,1.60773,1.60717,1.60733,134200000,1
1288771920000,1288771979000,1.60733,1.60766,1.60733,1.60758,122100000,1
1288771980000,1288772039000,1.6075,1.60783,1.6075,1.60763,113500000,1
1288772040000,1288772099000,1.60762,1.60776,1.60729,1.60744,91500000,1
1288772100000,1288772159000,1.60743,1.60743,1.60717,1.60729,109000000,1
1288772160000,1288772219000,1.60729,1.60753,1.60726,1.60748,136100000,1
1288772220000,1288772279000,1.60753,1.60799,1.60747,1.60768,137800000,1
1288772280000,1288772339000,1.60775,1.60793,1.60765,1.60789,159300000,1
1288772340000,1288772399000,1.60784,1.60798,1.6077,1.60794,131400000,1
1288772400000,1288772459000,1.60793,1.60799,1.60785,1.60788,151600000,1
1288772460000,1288772519000,1.60792,1.60802,1.60782,1.60802,120000000,1
1288772520000,1288772579000,1.60799,1.60819,1.60796,1.60814,133600000,1
1288772580000,1288772639000,1.60816,1.60818,1.60784,1.60784,123800000,1
1288772640000,1288772699000,1.60782,1.60806,1.60782,1.60805,133000000,1
1288772700000,1288772759000,1.60805,1.60814,1.60792,1.60814,135400000,1
1288772760000,1288772819000,1.60814,1.60839,1.60803,1.60839,114200000,1
1288772820000,1288772879000,1.6084,1.60855,1.60823,1.60824,100700000,1
1288772880000,1288772939000,1.60813,1.60838,1.60813,1.60828,98900000,1
1288772940000,1288772999000,1.60828,1.60828,1.60768,1.60768,116000000,1
1288773000000,1288773059000,1.60765,1.6079,1.60753,1.60763,149800000,1
1288773060000,1288773119000,1.60762,1.60795,1.60761,1.60795,57200000,1
1288773120000,1288773179000,1.60795,1.608,1.60772,1.60794,115900000,1
1288773180000,1288773239000,1.60793,1.60818,1.60786,1.60813,120300000,1
1288773240000,1288773299000,1.60818,1.60823,1.6079,1.60805,106800000,1
1288773300000,1288773359000,1.60803,1.60838,1.60803,1.60816,96500000,1
1288773360000,1288773419000,1.60815,1.60827,1.60802,1.60813,153100000,1
1288773420000,1288773479000,1.60808,1.60833,1.60808,1.60814,143700000,1
1288773480000,1288773539000,1.60813,1.60822,1.60794,1.60811,137600000,1
1288773540000,1288773599000,1.60798,1.60801,1.6079,1.6079,108800000,1
1288773600000,1288773659000,1.6079,1.60822,1.60789,1.60822,133800000,1
1288773660000,1288773719000,1.60822,1.60822,1.60795,1.60801,130100000,1
1288773720000,1288773779000,1.60801,1.60812,1.60779,1.60795,120700000,1
1288773780000,1288773839000,1.60789,1.60801,1.60772,1.60777,109000000,1
1288773840000,1288773899000,1.60777,1.60791,1.60777,1.60782,81600000,1
1288773900000,1288773959000,1.60782,1.60977,1.60782,1.60975,174700000,1
1288773960000,1288774019000,1.60973,1.61,1.60963,1.60982,126300000,1
1288774020000,1288774079000,1.60982,1.60982,1.60887,1.60887,122800000,1
1288774080000,1288774139000,1.60887,1.60902,1.60866,1.60866,92600000,1
1288774140000,1288774199000,1.60873,1.60934,1.60873,1.60911,103300000,1
1288774200000,1288774259000,1.60916,1.60956,1.60899,1.6093,91200000,1
1288774260000,1288774319000,1.60924,1.60981,1.60924,1.60949,119400000,1
1288774320000,1288774379000,1.60952,1.60995,1.60934,1.60973,110900000,1
1288774380000,1288774439000,1.60977,1.61011,1.60949,1.60949,114200000,1
1288774440000,1288774499000,1.60951,1.60983,1.60948,1.60978,104500000,1
1288774500000,1288774559000,1.60983,1.60998,1.60947,1.6096,83800000,1
1288774560000,1288774619000,1.6096,1.6096,1.60939,1.60957,131900000,1
1288774620000,1288774679000,1.60956,1.60997,1.60955,1.60997,87600000,1
1288774680000,1288774739000,1.60998,1.60998,1.60951,1.60965,100400000,1
1288774740000,1288774799000,1.60975,1.60975,1.60947,1.60955,92900000,1
1288774800000,1288774859000,1.60957,1.60967,1.60939,1.60947,106100000,1
1288774860000,1288774919000,1.60947,1.60951,1.60915,1.60915,84800000,1
1288774920000,1288774979000,1.60915,1.6093,1.60902,1.60921,82400000,1
1288774980000,1288775039000,1.60913,1.60949,1.60899,1.60942,82700000,1
1288775040000,1288775099000,1.60947,1.60961,1.60912,1.60949,88500000,1
1288775100000,1288775159000,1.60943,1.60965,1.60922,1.60922,75500000,1
1288775160000,1288775219000,1.60922,1.60956,1.60916,1.60933,90500000,1
1288775220000,1288775279000,1.60933,1.60939,1.60913,1.60931,68100000,1
1288775280000,1288775339000,1.60931,1.60944,1.60923,1.60923,92100000,1
1288775340000,1288775399000,1.60916,1.60937,1.6091,1.60935,90900000,1
1288775400000,1288775459000,1.60935,1.60936,1.60911,1.60912,69700000,1
1288775460000,1288775519000,1.60913,1.60944,1.60906,1.60921,85300000,1
1288775520000,1288775579000,1.60918,1.60918,1.60888,1.60889,106000000,1
1288775580000,1288775639000,1.60889,1.60895,1.60861,1.60872,100400000,1
1288775640000,1288775699000,1.60868,1.60906,1.60864,1.60896,78700000,1
1288775700000,1288775759000,1.60896,1.60916,1.60872,1.6089,91900000,1
1288775760000,1288775819000,1.60883,1.6089,1.60869,1.60883,76500000,1
1288775820000,1288775879000,1.60886,1.60895,1.60866,1.60872,103500000,1
1288775880000,1288775939000,1.60882,1.60882,1.60835,1.6084,83600000,1
1288775940000,1288775999000,1.6084,1.60867,1.60831,1.60845,121200000,1
1288776000000,1288776059000,1.60845,1.60846,1.60836,1.60842,83000000,1
1288776060000,1288776119000,1.60852,1.60852,1.60833,1.60843,66100000,1
1288776120000,1288776179000,1.60843,1.60845,1.6082,1.60834,79000000,1
1288776180000,1288776239000,1.60834,1.60866,1.60813,1.60849,98700000,1
1288776240000,1288776299000,1.60849,1.60851,1.60828,1.6084,85000000,1
1288776300000,1288776359000,1.60845,1.60897,1.60825,1.60888,129600000,1
1288776360000,1288776419000,1.60888,1.60912,1.60883,1.60897,81300000,1
1288776420000,1288776479000,1.60897,1.60924,1.60877,1.60882,112300000,1
1288776480000,1288776539000,1.60901,1.61095,1.60901,1.61095,248100000,1
1288776540000,1288776599000,1.61108,1.61144,1.61107,1.61131,144000000,1
1288776600000,1288776659000,1.61128,1.61245,1.6109,1.61208,201200000,1
1288776660000,1288776719000,1.61218,1.61218,1.61157,1.61165,138500000,1
1288776720000,1288776779000,1.6116,1.6137,1.61159,1.61285,175100000,1
1288776780000,1288776839000,1.61288,1.61293,1.61243,1.61256,89100000,1
1288776840000,1288776899000,1.61256,1.6128,1.61231,1.61236,147700000,1
1288776900000,1288776959000,1.61234,1.613,1.61234,1.61237,124100000,1
1288776960000,1288777019000,1.61248,1.61284,1.61248,1.6126,98400000,1
1288777020000,1288777079000,1.6126,1.61272,1.61235,1.61246,97700000,1
1288777080000,1288777139000,1.61253,1.61278,1.61231,1.61278,109500000,1
1288777140000,1288777199000,1.61278,1.61356,1.61277,1.61339,137000000,1
1288777200000,1288777259000,1.6134,1.61428,1.61338,1.61414,134100000,1
1288777260000,1288777319000,1.61413,1.61413,1.61339,1.61371,98500000,1
1288777320000,1288777379000,1.6137,1.61379,1.61327,1.61331,90400000,1
1288777380000,1288777439000,1.61327,1.61362,1.61273,1.61362,126600000,1
1288777440000,1288777499000,1.61362,1.61426,1.61362,1.61385,119300000,1
1288777500000,1288777559000,1.61385,1.61448,1.61379,1.61387,156100000,1
1288777560000,1288777619000,1.61383,1.61424,1.61362,1.61409,145600000,1
1288777620000,1288777679000,1.61411,1.6142,1.6137,1.61384,82300000,1
1288777680000,1288777739000,1.61387,1.61406,1.61351,1.61351,118400000,1
1288777740000,1288777799000,1.61351,1.61362,1.6133,1.61343,82100000,1
1288777800000,1288777859000,1.61348,1.61354,1.61308,1.61333,110900000,1
1288777860000,1288777919000,1.61341,1.61377,1.61311,1.61317,121000000,1
1288777920000,1288777979000,1.61315,1.61348,1.61298,1.61348,81200000,1
1288777980000,1288778039000,1.61351,1.6136,1.61292,1.6131,113000000,1
1288778040000,1288778099000,1.61321,1.61324,1.6128,1.61296,88800000,1
1288778100000,1288778159000,1.61289,1.61291,1.61262,1.61285,128500000,1
1288778160000,1288778219000,1.61285,1.61309,1.61265,1.61305,105800000,1
1288778220000,1288778279000,1.61311,1.61408,1.61295,1.61369,107900000,1
1288778280000,1288778339000,1.61372,1.61373,1.6133,1.61337,138100000,1
1288778340000,1288778399000,1.61337,1.61364,1.61312,1.61358,105800000,1
1288778400000,1288778459000,1.61355,1.61363,1.61313,1.61323,118000000,1
1288778460000,1288778519000,1.6133,1.61459,1.61315,1.61441,132400000,1
1288778520000,1288778579000,1.61436,1.61436,1.61351,1.6136,101600000,1
1288778580000,1288778639000,1.61348,1.61378,1.61326,1.61336,135400000,1
1288778640000,1288778699000,1.61336,1.61364,1.61296,1.61331,116400000,1
1288778700000,1288778759000,1.61333,1.61338,1.61305,1.61305,101800000,1
1288778760000,1288778819000,1.613,1.61317,1.61298,1.61298,127800000,1
1288778820000,1288778879000,1.61297,1.61332,1.61297,1.61332,93300000,1
1288778880000,1288778939000,1.61343,1.61375,1.61332,1.61357,130100000,1
1288778940000,1288778999000,1.61357,1.61358,1.61307,1.61339,111700000,1
1288779000000,1288779059000,1.61334,1.61349,1.61312,1.61343,144900000,1
1288779060000,1288779119000,1.61343,1.61372,1.61338,1.61372,128400000,1
1288779120000,1288779179000,1.61366,1.61384,1.61341,1.61367,186900000,1
1288779180000,1288779239000,1.61369,1.61395,1.61366,1.61395,97600000,1
1288779240000,1288779299000,1.61404,1.61428,1.61395,1.61397,102400000,1
1288779300000,1288779359000,1.61397,1.6143,1.6139,1.61423,136100000,1
1288779360000,1288779419000,1.61417,1.61449,1.61417,1.61437,110900000,1
1288779420000,1288779479000,1.61437,1.6144,1.61389,1.61408,92200000,1
1288779480000,1288779539000,1.61403,1.61408,1.61363,1.61365,96800000,1
1288779540000,1288779599000,1.61365,1.61393,1.61358,1.61383,89200000,1
1288779600000,1288779659000,1.61383,1.61392,1.61363,1.61363,76600000,1
1288779660000,1288779719000,1.61363,1.61375,1.61344,1.61356,80500000,1
1288779720000,1288779779000,1.61354,1.61378,1.61348,1.61354,156300000,1
1288779780000,1288779839000,1.61343,1.61353,1.61324,1.61331,120700000,1
1288779840000,1288779899000,1.61315,1.61376,1.61315,1.61373,133200000,1
1288779900000,1288779959000,1.61373,1.61378,1.61337,1.61369,118700000,1
1288779960000,1288780019000,1.61362,1.61372,1.61324,1.61372,92600000,1
1288780020000,1288780079000,1.6136,1.61429,1.6136,1.61403,97600000,1
1288780080000,1288780139000,1.61394,1.61403,1.61338,1.61362,107400000,1
1288780140000,1288780199000,1.61358,1.61374,1.61336,1.61336,150300000,1
1288780200000,1288780259000,1.61335,1.61372,1.61328,1.61372,167400000,1
1288780260000,1288780319000,1.61378,1.61398,1.61376,1.61381,100000000,1
1288780320000,1288780379000,1.61381,1.61402,1.61368,1.61373,94300000,1
1288780380000,1288780439000,1.61376,1.61379,1.61357,1.61362,88500000,1
1288780440000,1288780499000,1.61362,1.61435,1.61361,1.6143,111400000,1
1288780500000,1288780559000,1.61432,1.61478,1.61418,1.61468,110800000,1
1288780560000,1288780619000,1.61477,1.61489,1.6146,1.61464,135900000,1
1288780620000,1288780679000,1.61474,1.61499,1.61468,1.61497,125400000,1
1288780680000,1288780739000,1.61497,1.61502,1.61478,1.61487,112900000,1
1288780740000,1288780799000,1.61487,1.61487,1.61474,1.61476,72500000,1
1288780800000,1288780859000,1.61477,1.61496,1.61476,1.61477,72600000,1
1288780860000,1288780919000,1.61478,1.61494,1.61478,1.61494,76000000,1
1288780920000,1288780979000,1.61493,1.61514,1.61492,1.61506,134800000,1
1288780980000,1288781039000,1.61509,1.61514,1.61504,1.61509,94200000,1
1288781040000,1288781099000,1.61509,1.61511,1.61461,1.61489,79800000,1
1288781100000,1288781159000,1.6148,1.61486,1.6146,1.61484,73400000,1
1288781160000,1288781219000,1.61485,1.615,1.61485,1.61496,89700000,1
1288781220000,1288781279000,1.61497,1.61518,1.61472,1.61472,129300000,1
1288781280000,1288781339000,1.61471,1.61492,1.61449,1.61449,124100000,1
1288781340000,1288781399000,1.61453,1.61492,1.61446,1.61483,81300000,1
1288781400000,1288781459000,1.61475,1.61495,1.6147,1.61495,98400000,1
1288781460000,1288781519000,1.61497,1.61497,1.61454,1.61462,102500000,1
1288781520000,1288781579000,1.61462,1.61462,1.61449,1.61449,166400000,1
1288781580000,1288781639000,1.61454,1.61456,1.61428,1.61448,145900000,1
1288781640000,1288781699000,1.61441,1.61452,1.61429,1.61431,141700000,1
1288781700000,1288781759000,1.61421,1.61435,1.61402,1.61413,126400000,1
1288781760000,1288781819000,1.61416,1.61445,1.61416,1.61432,125900000,1
1288781820000,1288781879000,1.61443,1.61443,1.61421,1.61421,112500000,1
1288781880000,1288781939000,1.61425,1.61441,1.6142,1.61422,75300000,1
1288781940000,1288781999000,1.61422,1.61431,1.61357,1.61363,110500000,1
1288782000000,1288782059000,1.61363,1.61409,1.61363,1.61396,118500000,1
1288782060000,1288782119000,1.61396,1.61399,1.61369,1.61371,94100000,1
1288782120000,1288782179000,1.61371,1.61374,1.61349,1.61356,92200000,1
1288782180000,1288782239000,1.61354,1.61355,1.61298,1.61329,117100000,1
1288782240000,1288782299000,1.61322,1.61331,1.613,1.613,119800000,1
1288782300000,1288782359000,1.613,1.61328,1.61297,1.61323,106600000,1
1288782360000,1288782419000,1.61324,1.61388,1.61304,1.6138,144100000,1
1288782420000,1288782479000,1.61371,1.61417,1.61369,1.61417,84500000,1
1288782480000,1288782539000,1.61416,1.61496,1.61416,1.61483,106100000,1
1288782540000,1288782599000,1.61486,1.61486,1.61433,1.61447,63800000,1
1288782600000,1288782659000,1.61451,1.61451,1.614,1.6142,112800000,1
1288782660000,1288782719000,1.6142,1.6143,1.61398,1.6143,136800000,1
1288782720000,1288782779000,1.6143,1.61443,1.61406,1.61407,129200000,1
1288782780000,1288782839000,1.61412,1.61433,1.61401,1.61421,110000000,1
1288782840000,1288782899000,1.61421,1.61423,1.61406,1.61407,92500000,1
1288782900000,1288782959000,1.61404,1.61412,1.6139,1.61412,82600000,1
1288782960000,1288783019000,1.61412,1.61416,1.61397,1.61408,76100000,1
1288783020000,1288783079000,1.61408,1.61422,1.61394,1.6141,82600000,1
1288783080000,1288783139000,1.6141,1.61471,1.61407,1.61462,90000000,1
1288783140000,1288783199000,1.61462,1.61482,1.61456,1.6146,81400000,1
1288783200000,1288783259000,1.6146,1.61475,1.61459,1.61465,78500000,1
1288783260000,1288783319000,1.61465,1.6147,1.61453,1.6147,98600000,1
1288783320000,1288783379000,1.6147,1.61484,1.61443,1.6146,102000000,1
1288783380000,1288783439000,1.61459,1.61464,1.61436,1.61456,114000000,1
1288783440000,1288783499000,1.61456,1.61468,1.6144,1.61447,117900000,1
1288783500000,1288783559000,1.61448,1.61451,1.61424,1.61448,123400000,1
1288783560000,1288783619000,1.61448,1.61469,1.61434,1.61446,108700000,1
1288783620000,1288783679000,1.61448,1.61462,1.61426,1.6146,127000000,1
1288783680000,1288783739000,1.6146,1.6146,1.61444,1.61444,119000000,1
1288783740000,1288783799000,1.61444,1.61469,1.61444,1.6146,127000000,1
1288783800000,1288783859000,1.61477,1.61477,1.61436,1.61437,119600000,1
1288783860000,1288783919000,1.6144,1.61482,1.6144,1.6146,100400000,1
1288783920000,1288783979000,1.6146,1.61471,1.61448,1.61454,91200000,1
1288783980000,1288784039000,1.61468,1.61477,1.61441,1.61468,107900000,1
1288784040000,1288784099000,1.61468,1.61478,1.6146,1.61478,82400000,1
1288784100000,1288784159000,1.61478,1.61479,1.61456,1.61456,89800000,1
1288784160000,1288784219000,1.61467,1.61484,1.61457,1.61484,75600000,1
1288784220000,1288784279000,1.61479,1.61484,1.61459,1.61476,56900000,1
1288784280000,1288784339000,1.61476,1.61491,1.61381,1.61391,112600000,1
1288784340000,1288784399000,1.61392,1.61417,1.61381,1.61417,84200000,1
1288784400000,1288784459000,1.61425,1.61469,1.61425,1.61469,95200000,1
1288784460000,1288784519000,1.6147,1.61487,1.61454,1.61458,76100000,1
1288784520000,1288784579000,1.61468,1.61513,1.61468,1.61501,108500000,1
1288784580000,1288784639000,1.61499,1.61505,1.61472,1.6149,115100000,1
1288784640000,1288784699000,1.61493,1.61509,1.61457,1.61467,114600000,1
1288784700000,1288784759000,1.61463,1.61498,1.61463,1.61489,109600000,1
1288784760000,1288784819000,1.61493,1.61496,1.61468,1.61477,65900000,1
1288784820000,1288784879000,1.6147,1.61473,1.61447,1.61447,119300000,1
1288784880000,1288784939000,1.61454,1.61483,1.61452,1.61478,67700000,1
1288784940000,1288784999000,1.61477,1.615,1.61473,1.61487,79400000,1
1288785000000,1288785059000,1.61491,1.61509,1.61488,1.61497,91500000,1
1288785060000,1288785119000,1.61497,1.61525,1.61471,1.6151,102700000,1
1288785120000,1288785179000,1.61512,1.61579,1.6151,1.61579,98000000,1
1288785180000,1288785239000,1.61579,1.61579,1.61466,1.61478,109300000,1
1288785240000,1288785299000,1.61478,1.61519,1.61472,1.61511,103300000,1
1288785300000,1288785359000,1.61515,1.61606,1.61515,1.61593,97600000,1
1288785360000,1288785419000,1.61598,1.61624,1.61521,1.61575,109900000,1
1288785420000,1288785479000,1.61575,1.6159,1.61545,1.61561,90600000,1
1288785480000,1288785539000,1.61561,1.61578,1.61518,1.61534,87100000,1
1288785540000,1288785599000,1.61528,1.61538,1.61496,1.61496,67500000,1
1288785600000,1288785659000,1.61496,1.61528,1.61468,1.61486,140600000,1
1288785660000,1288785719000,1.61483,1.61508,1.61467,1.61494,109700000,1
1288785720000,1288785779000,1.61504,1.61514,1.61472,1.6148,98900000,1
1288785780000,1288785839000,1.6148,1.61516,1.6148,1.61511,89300000,1
1288785840000,1288785899000,1.61511,1.6155,1.61511,1.6153,110800000,1
1288785900000,1288785959000,1.6153,1.61558,1.615,1.61537,80100000,1
1288785960000,1288786019000,1.61537,1.61538,1.61464,1.61473,87800000,1
1288786020000,1288786079000,1.61473,1.61479,1.61441,1.61462,94500000,1
1288786080000,1288786139000,1.61452,1.61463,1.61411,1.61412,96600000,1
1288786140000,1288786199000,1.61412,1.61431,1.61402,1.61424,86100000,1
1288786200000,1288786259000,1.61424,1.6145,1.61415,1.61434,72000000,1
1288786260000,1288786319000,1.61434,1.61444,1.61417,1.6142,78700000,1
1288786320000,1288786379000,1.6142,1.61424,1.61409,1.61417,83100000,1
1288786380000,1288786439000,1.61419,1.61462,1.6141,1.61462,84800000,1
1288786440000,1288786499000,1.61462,1.61482,1.61422,1.61423,126300000,1
1288786500000,1288786559000,1.61423,1.61544,1.61245,1.61459,173300000,1
1288786560000,1288786619000,1.61466,1.61512,1.61444,1.61447,123200000,1
1288786620000,1288786679000,1.61447,1.61454,1.61403,1.61432,126100000,1
1288786680000,1288786739000,1.61432,1.61433,1.61399,1.61405,97800000,1
1288786740000,1288786799000,1.61401,1.61431,1.61391,1.61391,116500000,1
1288786800000,1288786859000,1.61403,1.61473,1.61394,1.6144,106700000,1
1288786860000,1288786919000,1.61441,1.61486,1.61358,1.61368,141500000,1
1288786920000,1288786979000,1.61378,1.61378,1.61315,1.61315,105800000,1
1288786980000,1288787039000,1.61324,1.61326,1.61271,1.61278,73700000,1
1288787040000,1288787099000,1.61278,1.61355,1.61268,1.61343,120200000,1
1288787100000,1288787159000,1.61344,1.61373,1.61319,1.61373,110400000,1
1288787160000,1288787219000,1.61371,1.61377,1.61346,1.61346,98500000,1
1288787220000,1288787279000,1.61351,1.61376,1.61342,1.6135,102900000,1
1288787280000,1288787339000,1.61351,1.61368,1.61314,1.6132,134700000,1
1288787340000,1288787399000,1.61324,1.6136,1.61312,1.61353,97400000,1
1288787400000,1288787459000,1.61354,1.6136,1.61299,1.61325,108800000,1
1288787460000,1288787519000,1.61337,1.61359,1.61316,1.61328,79200000,1
1288787520000,1288787579000,1.61327,1.61348,1.61317,1.61321,96100000,1
1288787580000,1288787639000,1.61314,1.61345,1.61307,1.61335,111200000,1
1288787640000,1288787699000,1.6134,1.61357,1.61329,1.61347,99000000,1
1288787700000,1288787759000,1.61346,1.614,1.61346,1.61373,86100000,1
1288787760000,1288787819000,1.61381,1.61388,1.61344,1.61381,112900000,1
1288787820000,1288787879000,1.61381,1.6139,1.61333,1.61358,94400000,1
1288787880000,1288787939000,1.61351,1.61423,1.61348,1.61421,136400000,1
1288787940000,1288787999000,1.61422,1.61427,1.61405,1.61405,66000000,1
1288788000000,1288788059000,1.61405,1.61426,1.61385,1.61415,123900000,1
1288788060000,1288788119000,1.6143,1.61448,1.61411,1.61412,116000000,1
1288788120000,1288788179000,1.61436,1.61451,1.61402,1.61439,129200000,1
1288788180000,1288788239000,1.61443,1.61443,1.61385,1.61385,141700000,1
1288788240000,1288788299000,1.61376,1.61445,1.6137,1.61424,179500000,1
1288788300000,1288788359000,1.61428,1.6143,1.61389,1.61417,177900000,1
1288788360000,1288788419000,1.61427,1.61427,1.61403,1.61414,125200000,1
1288788420000,1288788479000,1.61414,1.61471,1.61414,1.61464,109400000,1
1288788480000,1288788539000,1.61458,1.61482,1.61447,1.61464,116000000,1
1288788540000,1288788599000,1.61457,1.6151,1.61454,1.61489,144300000,1
1288788600000,1288788659000,1.61486,1.61502,1.61468,1.61468,132000000,1
1288788660000,1288788719000,1.61467,1.61483,1.61461,1.61475,148800000,1
1288788720000,1288788779000,1.61485,1.6149,1.61457,1.61477,84500000,1
1288788780000,1288788839000,1.61476,1.61499,1.61476,1.61487,91900000,1
1288788840000,1288788899000,1.61487,1.61487,1.61462,1.61472,96200000,1
1288788900000,1288788959000,1.61467,1.61487,1.61458,1.61458,122300000,1
1288788960000,1288789019000,1.61458,1.61492,1.61447,1.61461,118000000,1
1288789020000,1288789079000,1.61456,1.61456,1.61418,1.61428,137600000,1
1288789080000,1288789139000,1.61425,1.61442,1.61419,1.61442,117600000,1
1288789140000,1288789199000,1.61442,1.61448,1.61406,1.61412,168600000,1
1288789200000,1288789259000,1.61417,1.61417,1.6138,1.61392,161600000,1
1288789260000,1288789319000,1.61389,1.61393,1.61367,1.61367,138200000,1
1288789320000,1288789379000,1.61368,1.61387,1.61334,1.61365,164200000,1
1288789380000,1288789439000,1.61365,1.6137,1.61335,1.6135,144600000,1
1288789440000,1288789499000,1.61354,1.6137,1.6134,1.61344,116500000,1
1288789500000,1288789559000,1.61341,1.61345,1.61292,1.61292,120700000,1
1288789560000,1288789619000,1.61294,1.6134,1.61294,1.61328,99500000,1
1288789620000,1288789679000,1.61328,1.61351,1.61321,1.6134,64400000,1
1288789680000,1288789739000,1.61335,1.61416,1.61335,1.614,112900000,1
1288789740000,1288789799000,1.61404,1.61438,1.61393,1.61435,91100000,1
1288789800000,1288789859000,1.61429,1.61443,1.61421,1.6143,122300000,1
1288789860000,1288789919000,1.61434,1.61451,1.61423,1.61444,102100000,1
1288789920000,1288789979000,1.61448,1.61482,1.61442,1.61443,137800000,1
1288789980000,1288790039000,1.61443,1.6151,1.61443,1.61467,124900000,1
1288790040000,1288790099000,1.61483,1.61521,1.61477,1.61511,121000000,1
1288790100000,1288790159000,1.61516,1.61527,1.61485,1.61492,111500000,1
1288790160000,1288790219000,1.61497,1.61515,1.61479,1.61504,100700000,1
1288790220000,1288790279000,1.61504,1.61518,1.61489,1.61508,99300000,1
1288790280000,1288790339000,1.61508,1.61543,1.61498,1.61498,145000000,1
1288790340000,1288790399000,1.61494,1.61513,1.61483,1.61484,146300000,1
1288790400000,1288790459000,1.61479,1.61488,1.61438,1.61446,113600000,1
1288790460000,1288790519000,1.61447,1.61476,1.61433,1.61446,109600000,1
1288790520000,1288790579000,1.6145,1.61459,1.61402,1.61425,120800000,1
1288790580000,1288790639000,1.61416,1.61436,1.61412,1.61425,117700000,1
1288790640000,1288790699000,1.61426,1.61478,1.61424,1.61468,95400000,1
1288790700000,1288790759000,1.6147,1.61482,1.61452,1.61467,85000000,1
1288790760000,1288790819000,1.61475,1.6149,1.61456,1.61483,77300000,1
1288790820000,1288790879000,1.61483,1.61483,1.61434,1.61434,91200000,1
1288790880000,1288790939000,1.61443,1.6148,1.61433,1.6148,85800000,1
1288790940000,1288790999000,1.61482,1.61482,1.61432,1.61455,101100000,1
1288791000000,1288791059000,1.61455,1.61501,1.61447,1.61476,143100000,1
1288791060000,1288791119000,1.61488,1.61516,1.61456,1.6148,133200000,1
1288791120000,1288791179000,1.6148,1.61532,1.61466,1.61532,126500000,1
1288791180000,1288791239000,1.61532,1.61541,1.61482,1.61482,116400000,1
1288791240000,1288791299000,1.61483,1.61483,1.61419,1.61419,159800000,1
1288791300000,1288791359000,1.61428,1.61429,1.61372,1.61404,123600000,1
1288791360000,1288791419000,1.61399,1.61424,1.61375,1.61424,147100000,1
1288791420000,1288791479000,1.61424,1.61517,1.61424,1.61486,146600000,1
1288791480000,1288791539000,1.61492,1.61498,1.61439,1.61443,134000000,1
1288791540000,1288791599000,1.61454,1.61471,1.61435,1.61453,155700000,1
1288791600000,1288791659000,1.61455,1.61461,1.61411,1.61429,126700000,1
1288791660000,1288791719000,1.61436,1.61516,1.61436,1.61512,156700000,1
1288791720000,1288791779000,1.61498,1.61523,1.61471,1.61476,166200000,1
1288791780000,1288791839000,1.61493,1.61512,1.61445,1.61488,120800000,1
1288791840000,1288791899000,1.61488,1.61498,1.61455,1.61464,151100000,1
1288791900000,1288791959000,1.6147,1.615,1.61453,1.61478,119600000,1
1288791960000,1288792019000,1.61482,1.61536,1.61481,1.61536,107800000,1
1288792020000,1288792079000,1.61536,1.61543,1.61459,1.61459,116600000,1
1288792080000,1288792139000,1.61465,1.61468,1.61419,1.61428,98100000,1
1288792140000,1288792199000,1.61427,1.61449,1.6141,1.61416,93200000,1
1288792200000,1288792259000,1.61416,1.61431,1.61381,1.61417,130100000,1
1288792260000,1288792319000,1.61417,1.61455,1.61405,1.61405,118300000,1
1288792320000,1288792379000,1.61398,1.61445,1.61384,1.61438,99700000,1
1288792380000,1288792439000,1.61438,1.61459,1.61389,1.61389,90600000,1
1288792440000,1288792499000,1.61387,1.61466,1.61356,1.61447,109400000,1
1288792500000,1288792559000,1.61448,1.61462,1.61427,1.61433,136700000,1
1288792560000,1288792619000,1.61448,1.61484,1.61424,1.61433,123600000,1
1288792620000,1288792679000,1.61433,1.61444,1.61402,1.61426,104400000,1
1288792680000,1288792739000,1.61426,1.61465,1.61416,1.61419,97200000,1
1288792740000,1288792799000,1.61419,1.61487,1.61325,1.61388,114300000,1
1288792800000,1288792859000,1.61352,1.6153,1.61324,1.61472,244700000,1
1288792860000,1288792919000,1.61472,1.61572,1.61472,1.6153,141000000,1
1288792920000,1288792979000,1.6153,1.61595,1.615,1.61556,188000000,1
1288792980000,1288793039000,1.61554,1.61575,1.61506,1.6152,185000000,1
1288793040000,1288793099000,1.6152,1.61523,1.61451,1.61488,165900000,1
1288793100000,1288793159000,1.61488,1.61557,1.61478,1.61541,194300000,1
1288793160000,1288793219000,1.61551,1.61597,1.61517,1.61529,163000000,1
1288793220000,1288793279000,1.61529,1.61587,1.61525,1.61568,185300000,1
1288793280000,1288793339000,1.61566,1.61578,1.61541,1.6156,174300000,1
1288793340000,1288793399000,1.61567,1.61592,1.61509,1.61532,133400000,1
1288793400000,1288793459000,1.61536,1.61571,1.61492,1.61492,122000000,1
1288793460000,1288793519000,1.61496,1.61558,1.61473,1.6153,125900000,1
1288793520000,1288793579000,1.6153,1.61587,1.61503,1.61567,117800000,1
1288793580000,1288793639000,1.61566,1.61591,1.61531,1.61549,131100000,1
1288793640000,1288793699000,1.61539,1.61573,1.6153,1.61572,126800000,1
1288793700000,1288793759000,1.6157,1.61582,1.61551,1.61578,124100000,1
1288793760000,1288793819000,1.61581,1.61581,1.61549,1.61557,121400000,1
1288793820000,1288793879000,1.61557,1.61587,1.61557,1.61576,135600000,1
1288793880000,1288793939000,1.61572,1.61608,1.61567,1.61577,114900000,1
1288793940000,1288793999000,1.6159,1.61602,1.61547,1.61561,156600000,1
1288794000000,1288794059000,1.61556,1.61571,1.61529,1.61537,129800000,1
1288794060000,1288794119000,1.61537,1.6158,1.61532,1.61549,137300000,1
1288794120000,1288794179000,1.61552,1.61566,1.61508,1.61528,123600000,1
1288794180000,1288794239000,1.61531,1.61538,1.61488,1.61518,147700000,1
1288794240000,1288794299000,1.61523,1.61565,1.61509,1.61551,103600000,1
1288794300000,1288794359000,1.61561,1.61566,1.6152,1.61566,138200000,1
1288794360000,1288794419000,1.61575,1.61596,1.6149,1.6149,127900000,1
1288794420000,1288794479000,1.61492,1.61493,1.61427,1.6143,138000000,1
1288794480000,1288794539000,1.61429,1.61462,1.61396,1.61445,138400000,1
1288794540000,1288794599000,1.61438,1.61463,1.61436,1.61451,104300000,1
1288794600000,1288794659000,1.61452,1.61471,1.61438,1.6144,133400000,1
1288794660000,1288794719000,1.6144,1.61449,1.61345,1.61372,192400000,1
1288794720000,1288794779000,1.61369,1.6141,1.61358,1.6138,224000000,1
1288794780000,1288794839000,1.61391,1.61456,1.6138,1.61442,121200000,1
1288794840000,1288794899000,1.61442,1.61463,1.61414,1.61419,202500000,1
1288794900000,1288794959000,1.61419,1.61452,1.61414,1.61452,127200000,1
1288794960000,1288795019000,1.61452,1.61477,1.61413,1.61413,130000000,1
1288795020000,1288795079000,1.61409,1.61435,1.61403,1.61418,116900000,1
1288795080000,1288795139000,1.61412,1.61459,1.61405,1.61453,110700000,1
1288795140000,1288795199000,1.61453,1.61464,1.61424,1.61428,118400000,1
1288795200000,1288795259000,1.61437,1.61487,1.61435,1.61467,90000000,1
1288795260000,1288795319000,1.61467,1.61467,1.61416,1.61431,108000000,1
1288795320000,1288795379000,1.61431,1.6146,1.61425,1.6146,99700000,1
1288795380000,1288795439000,1.61468,1.61529,1.61468,1.61495,134900000,1
1288795440000,1288795499000,1.61507,1.6156,1.6149,1.6156,149600000,1
1288795500000,1288795559000,1.61551,1.61616,1.61544,1.61614,95700000,1
1288795560000,1288795619000,1.61612,1.61612,1.61563,1.61578,133400000,1
1288795620000,1288795679000,1.61573,1.61665,1.6157,1.61609,156000000,1
1288795680000,1288795739000,1.61605,1.61615,1.61555,1.61559,150800000,1
1288795740000,1288795799000,1.61574,1.61642,1.61574,1.61618,123400000,1
1288795800000,1288795859000,1.61617,1.61635,1.61532,1.61532,175000000,1
1288795860000,1288795919000,1.61532,1.61551,1.61512,1.61516,140600000,1
1288795920000,1288795979000,1.61512,1.61558,1.61502,1.61545,133400000,1
1288795980000,1288796039000,1.61551,1.61558,1.61526,1.61539,121900000,1
1288796040000,1288796099000,1.61544,1.61556,1.61501,1.61523,131800000,1
1288796100000,1288796159000,1.61517,1.61545,1.61463,1.61464,152200000,1
1288796160000,1288796219000,1.61464,1.61508,1.61454,1.61482,123200000,1
1288796220000,1288796279000,1.6148,1.61509,1.61473,1.61473,106800000,1
1288796280000,1288796339000,1.6147,1.61531,1.61463,1.61517,130000000,1
1288796340000,1288796399000,1.61519,1.61563,1.61513,1.61551,113700000,1
1288796400000,1288796459000,1.61553,1.61581,1.61521,1.61563,91100000,1
1288796460000,1288796519000,1.61563,1.61622,1.61549,1.61601,117000000,1
1288796520000,1288796579000,1.61622,1.61622,1.61556,1.61597,164200000,1
1288796580000,1288796639000,1.61594,1.61621,1.6157,1.61572,117100000,1
1288796640000,1288796699000,1.61577,1.61577,1.61542,1.61545,120400000,1
1288796700000,1288796759000,1.61553,1.61579,1.61536,1.61537,112800000,1
1288796760000,1288796819000,1.61527,1.61537,1.61502,1.6151,76900000,1
1288796820000,1288796879000,1.61516,1.61662,1.61506,1.61592,166400000,1
1288796880000,1288796939000,1.61601,1.61606,1.61545,1.61587,123800000,1
1288796940000,1288796999000,1.61592,1.61602,1.61559,1.61577,111700000,1
1288797000000,1288797059000,1.61572,1.61668,1.61572,1.61616,157200000,1
1288797060000,1288797119000,1.6162,1.61641,1.61569,1.61586,131000000,1
1288797120000,1288797179000,1.61588,1.6163,1.61574,1.61603,141200000,1
1288797180000,1288797239000,1.61613,1.6164,1.61558,1.61579,117600000,1
1288797240000,1288797299000,1.61571,1.61606,1.61526,1.61536,155000000,1
1288797300000,1288797359000,1.61514,1.61571,1.61498,1.61498,119600000,1
1288797360000,1288797419000,1.61504,1.61546,1.61467,1.61528,106400000,1
1288797420000,1288797479000,1.61528,1.61545,1.61499,1.61526,106000000,1
1288797480000,1288797539000,1.61524,1.61553,1.61513,1.61527,103100000,1
1288797540000,1288797599000,1.61535,1.6156,1.61511,1.6155,145200000,1
1288797600000,1288797659000,1.6155,1.61577,1.61539,1.61563,192900000,1
1288797660000,1288797719000,1.61563,1.61583,1.61516,1.61518,115800000,1
1288797720000,1288797779000,1.61521,1.61573,1.61484,1.61503,110100000,1
1288797780000,1288797839000,1.61494,1.61544,1.61486,1.61544,109700000,1
1288797840000,1288797899000,1.61544,1.61544,1.6147,1.6147,119800000,1
1288797900000,1288797959000,1.61471,1.61506,1.61449,1.61492,129400000,1
1288797960000,1288798019000,1.61492,1.61506,1.61468,1.61475,225900000,1
1288798020000,1288798079000,1.61473,1.61489,1.6145,1.61458,283200000,1
1288798080000,1288798139000,1.61458,1.61499,1.61458,1.61464,118300000,1
1288798140000,1288798199000,1.61473,1.61518,1.61457,1.61518,91500000,1
1288798200000,1288798259000,1.61511,1.61535,1.61496,1.61505,96700000,1
1288798260000,1288798319000,1.61495,1.61521,1.61488,1.61511,126400000,1
1288798320000,1288798379000,1.61507,1.61557,1.61505,1.61557,93000000,1
1288798380000,1288798439000,1.61549,1.61549,1.61517,1.61522,76200000,1
1288798440000,1288798499000,1.6152,1.61532,1.6148,1.61489,94300000,1
1288798500000,1288798559000,1.61486,1.61507,1.6147,1.61477,87200000,1
1288798560000,1288798619000,1.61478,1.61484,1.61448,1.61448,95900000,1
1288798620000,1288798679000,1.61448,1.61449,1.61414,1.61425,93700000,1
1288798680000,1288798739000,1.61425,1.61435,1.61389,1.61389,78100000,1
1288798740000,1288798799000,1.6139,1.61409,1.61377,1.61386,99800000,1
1288798800000,1288798859000,1.61391,1.61391,1.61351,1.61378,104600000,1
1288798860000,1288798919000,1.61387,1.61442,1.61378,1.61416,61700000,1
1288798920000,1288798979000,1.61424,1.6144,1.61416,1.61428,91200000,1
1288798980000,1288799039000,1.61427,1.61456,1.61411,1.61422,101000000,1
1288799040000,1288799099000,1.6142,1.61442,1.61403,1.61407,111700000,1
1288799100000,1288799159000,1.61414,1.61443,1.6141,1.61427,120800000,1
1288799160000,1288799219000,1.61424,1.61458,1.61388,1.61428,101200000,1
1288799220000,1288799279000,1.61421,1.61454,1.61388,1.61398,109000000,1
1288799280000,1288799339000,1.61403,1.61416,1.61363,1.61367,101400000,1
1288799340000,1288799399000,1.61355,1.61367,1.61332,1.61359,114300000,1
1288799400000,1288799459000,1.61359,1.6138,1.61333,1.61352,106200000,1
1288799460000,1288799519000,1.61346,1.61378,1.61338,1.61342,90600000,1
1288799520000,1288799579000,1.6134,1.61386,1.61322,1.61368,113100000,1
1288799580000,1288799639000,1.61369,1.61427,1.61369,1.61395,126700000,1
1288799640000,1288799699000,1.61395,1.61406,1.61384,1.61393,94800000,1
1288799700000,1288799759000,1.61392,1.61404,1.61369,1.61397,111500000,1
1288799760000,1288799819000,1.61392,1.61413,1.61384,1.61392,89100000,1
1288799820000,1288799879000,1.61392,1.61394,1.61348,1.61394,94100000,1
1288799880000,1288799939000,1.61394,1.61421,1.61387,1.61414,118800000,1
1288799940000,1288799999000,1.61414,1.61444,1.61299,1.61315,147400000,1
1288800000000,1288800059000,1.61315,1.61344,1.61301,1.61321,179900000,1
1288800060000,1288800119000,1.6132,1.61327,1.61277,1.61294,181100000,1
1288800120000,1288800179000,1.61299,1.61324,1.61277,1.61307,118600000,1
1288800180000,1288800239000,1.61307,1.61331,1.61301,1.61325,129400000,1
1288800240000,1288800299000,1.61327,1.61336,1.6129,1.61324,150000000,1
1288800300000,1288800359000,1.61311,1.61366,1.61304,1.61363,130800000,1
1288800360000,1288800419000,1.61356,1.61387,1.61339,1.6134,132100000,1
1288800420000,1288800479000,1.61341,1.61357,1.61321,1.61328,149400000,1
1288800480000,1288800539000,1.61326,1.61349,1.61313,1.61336,121300000,1
1288800540000,1288800599000,1.61332,1.61353,1.61328,1.61328,100700000,1
1288800600000,1288800659000,1.61337,1.61341,1.61312,1.61312,133200000,1
1288800660000,1288800719000,1.61312,1.61337,1.6131,1.6133,111200000,1
1288800720000,1288800779000,1.61331,1.61359,1.6132,1.6132,101800000,1
1288800780000,1288800839000,1.61325,1.61336,1.61303,1.61313,147900000,1
1288800840000,1288800899000,1.61313,1.61382,1.61313,1.61362,123100000,1
1288800900000,1288800959000,1.61378,1.614,1.61369,1.61382,108300000,1
1288800960000,1288801019000,1.61382,1.61387,1.61357,1.61363,105900000,1
1288801020000,1288801079000,1.61361,1.61409,1.61361,1.61405,117700000,1
1288801080000,1288801139000,1.61399,1.61406,1.61387,1.61398,86300000,1
1288801140000,1288801199000,1.61398,1.61398,1.61355,1.61377,113700000,1
1288801200000,1288801259000,1.61377,1.61384,1.61343,1.61372,109400000,1
1288801260000,1288801319000,1.61368,1.6138,1.61349,1.61376,90500000,1
1288801320000,1288801379000,1.61378,1.61403,1.61368,1.61399,115400000,1
1288801380000,1288801439000,1.614,1.61403,1.61381,1.6139,84200000,1
1288801440000,1288801499000,1.61385,1.6139,1.61365,1.61367,76200000,1
1288801500000,1288801559000,1.61367,1.61394,1.61367,1.61369,107000000,1
1288801560000,1288801619000,1.61371,1.61382,1.61349,1.61355,93200000,1
1288801620000,1288801679000,1.61353,1.61402,1.61349,1.61401,110500000,1
1288801680000,1288801739000,1.61401,1.61402,1.61373,1.61388,90400000,1
1288801740000,1288801799000,1.61388,1.614,1.61373,1.61386,71400000,1
1288801800000,1288801859000,1.61389,1.61405,1.61376,1.614,108700000,1
1288801860000,1288801919000,1.61402,1.61434,1.61381,1.61431,114100000,1
1288801920000,1288801979000,1.61436,1.61442,1.61384,1.6141,104600000,1
1288801980000,1288802039000,1.61405,1.61413,1.61341,1.61366,117000000,1
1288802040000,1288802099000,1.61363,1.61364,1.61305,1.61332,97900000,1
1288802100000,1288802159000,1.61339,1.61372,1.61318,1.61345,137200000,1
1288802160000,1288802219000,1.61345,1.6142,1.61345,1.61406,142500000,1
1288802220000,1288802279000,1.61411,1.61445,1.61373,1.61432,130800000,1
1288802280000,1288802339000,1.61431,1.61432,1.61385,1.61392,122500000,1
1288802340000,1288802399000,1.61397,1.61426,1.6139,1.61411,130600000,1
1288802400000,1288802459000,1.61416,1.6142,1.61379,1.61385,160700000,1
1288802460000,1288802519000,1.61385,1.61446,1.61385,1.61416,155700000,1
1288802520000,1288802579000,1.61421,1.61424,1.61363,1.61393,87600000,1
1288802580000,1288802639000,1.61392,1.61397,1.61367,1.61385,123100000,1
1288802640000,1288802699000,1.61381,1.61394,1.61374,1.61382,70700000,1
1288802700000,1288802759000,1.61382,1.61388,1.61361,1.61365,72300000,1
1288802760000,1288802819000,1.61364,1.61389,1.61361,1.61382,99600000,1
1288802820000,1288802879000,1.61382,1.61389,1.61364,1.61386,95400000,1
1288802880000,1288802939000,1.6138,1.61386,1.61367,1.61377,86000000,1
1288802940000,1288802999000,1.61377,1.61406,1.61376,1.61394,116300000,1
1288803000000,1288803059000,1.61394,1.61419,1.61389,1.61399,107100000,1
1288803060000,1288803119000,1.61395,1.61403,1.6136,1.61384,93800000,1
1288803120000,1288803179000,1.6138,1.61402,1.61339,1.61344,116300000,1
1288803180000,1288803239000,1.61348,1.61365,1.61312,1.61312,131100000,1
1288803240000,1288803299000,1.61312,1.61361,1.61312,1.61361,104600000,1
1288803300000,1288803359000,1.61359,1.6136,1.61333,1.61333,118800000,1
1288803360000,1288803419000,1.61345,1.61359,1.61337,1.61343,109900000,1
1288803420000,1288803479000,1.61347,1.61354,1.61323,1.61341,112900000,1
1288803480000,1288803539000,1.61335,1.61343,1.61318,1.61338,99400000,1
1288803540000,1288803599000,1.6133,1.61335,1.61317,1.61317,96300000,1
1288803600000,1288803659000,1.61317,1.61343,1.61311,1.61342,97400000,1
1288803660000,1288803719000,1.61353,1.61357,1.61327,1.61339,110800000,1
1288803720000,1288803779000,1.6134,1.6134,1.61271,1.61271,157200000,1
1288803780000,1288803839000,1.61256,1.61319,1.61256,1.61319,138800000,1
1288803840000,1288803899000,1.61327,1.61339,1.61317,1.61329,113400000,1
1288803900000,1288803959000,1.6133,1.61339,1.61293,1.61296,121800000,1
1288803960000,1288804019000,1.61298,1.6135,1.61289,1.61335,163700000,1
1288804020000,1288804079000,1.61346,1.61362,1.61313,1.61313,97100000,1
1288804080000,1288804139000,1.61322,1.6137,1.61322,1.61341,124100000,1
1288804140000,1288804199000,1.61353,1.61399,1.61341,1.61369,125000000,1
1288804200000,1288804259000,1.61378,1.61395,1.61365,1.61394,131600000,1
1288804260000,1288804319000,1.61401,1.61446,1.61401,1.61446,144300000,1
1288804320000,1288804379000,1.61446,1.61446,1.61392,1.61408,121300000,1
1288804380000,1288804439000,1.61401,1.61421,1.61388,1.61397,107300000,1
1288804440000,1288804499000,1.61399,1.61399,1.61362,1.61373,126100000,1
1288804500000,1288804559000,1.61366,1.61395,1.61263,1.6127,164200000,1
1288804560000,1288804619000,1.61256,1.6135,1.61253,1.6131,140300000,1
1288804620000,1288804679000,1.61302,1.61309,1.61235,1.61255,105100000,1
1288804680000,1288804739000,1.61248,1.61257,1.61239,1.61249,84800000,1
1288804740000,1288804799000,1.61249,1.61263,1.61239,1.61239,109600000,1
1288804800000,1288804859000,1.61238,1.61266,1.61238,1.61252,79200000,1
1288804860000,1288804919000,1.61242,1.61266,1.61233,1.61252,121000000,1
1288804920000,1288804979000,1.61252,1.61269,1.61241,1.61253,103700000,1
1288804980000,1288805039000,1.61253,1.61276,1.61253,1.61273,114400000,1
1288805040000,1288805099000,1.61273,1.6128,1.6124,1.6124,147300000,1
1288805100000,1288805159000,1.61243,1.61257,1.61233,1.61252,80500000,1
1288805160000,1288805219000,1.61252,1.61266,1.61227,1.6124,123800000,1
1288805220000,1288805279000,1.61247,1.61254,1.6123,1.61237,74300000,1
1288805280000,1288805339000,1.61232,1.61239,1.61208,1.6121,81000000,1
1288805340000,1288805399000,1.61205,1.61253,1.61182,1.61238,83700000,1
1288805400000,1288805459000,1.61253,1.61272,1.61222,1.61222,116200000,1
1288805460000,1288805519000,1.6122,1.61221,1.61181,1.61183,86300000,1
1288805520000,1288805579000,1.61192,1.61192,1.61147,1.61147,117700000,1
1288805580000,1288805639000,1.61147,1.61162,1.61143,1.61145,84200000,1
1288805640000,1288805699000,1.61145,1.61153,1.61132,1.61147,65300000,1
1288805700000,1288805759000,1.61157,1.61197,1.61157,1.61181,99100000,1
1288805760000,1288805819000,1.61183,1.61219,1.61183,1.61191,79100000,1
1288805820000,1288805879000,1.61191,1.61208,1.61147,1.61152,94600000,1
1288805880000,1288805939000,1.6116,1.61193,1.61148,1.61182,92700000,1
1288805940000,1288805999000,1.61186,1.61213,1.61183,1.61203,123200000,1
1288806000000,1288806059000,1.61205,1.61252,1.61187,1.61244,92200000,1
1288806060000,1288806119000,1.61247,1.61268,1.61232,1.61255,100400000,1
1288806120000,1288806179000,1.61262,1.61276,1.61256,1.61272,58200000,1
1288806180000,1288806239000,1.61275,1.61302,1.61274,1.61296,64500000,1
1288806240000,1288806299000,1.61296,1.61296,1.61274,1.61287,64100000,1
1288806300000,1288806359000,1.61287,1.61312,1.61275,1.61312,81900000,1
1288806360000,1288806419000,1.61307,1.61368,1.61307,1.61331,132200000,1
1288806420000,1288806479000,1.61332,1.61386,1.61332,1.61353,118000000,1
1288806480000,1288806539000,1.61352,1.61352,1.61314,1.61341,115100000,1
1288806540000,1288806599000,1.61341,1.61375,1.61318,1.61373,147600000,1
1288806600000,1288806659000,1.61373,1.61373,1.61338,1.61349,185700000,1
1288806660000,1288806719000,1.61349,1.61362,1.61319,1.61347,147600000,1
1288806720000,1288806779000,1.61349,1.61369,1.61333,1.61337,139000000,1
1288806780000,1288806839000,1.61349,1.61355,1.61333,1.61338,103500000,1
1288806840000,1288806899000,1.61338,1.61349,1.61319,1.61335,137400000,1
1288806900000,1288806959000,1.61335,1.61335,1.61306,1.61315,143800000,1
1288806960000,1288807019000,1.61315,1.61333,1.61308,1.61328,152100000,1
1288807020000,1288807079000,1.61328,1.61379,1.61328,1.61361,153600000,1
1288807080000,1288807139000,1.6136,1.61376,1.61318,1.61338,152900000,1
1288807140000,1288807199000,1.61338,1.61366,1.61308,1.61308,151200000,1
1288807200000,1288807259000,1.61301,1.61337,1.61282,1.61327,173000000,1
1288807260000,1288807319000,1.61319,1.61319,1.61272,1.61293,136400000,1
1288807320000,1288807379000,1.61283,1.6131,1.61271,1.61279,122800000,1
1288807380000,1288807439000,1.61274,1.61282,1.61246,1.61279,119000000,1
1288807440000,1288807499000,1.61275,1.61288,1.6125,1.61253,229300000,1
1288807500000,1288807559000,1.61263,1.61263,1.61215,1.61262,153700000,1
1288807560000,1288807619000,1.61262,1.61286,1.61258,1.61271,132000000,1
1288807620000,1288807679000,1.61278,1.61297,1.6125,1.61282,212700000,1
1288807680000,1288807739000,1.61282,1.61382,1.61282,1.61382,173100000,1
1288807740000,1288807799000,1.61386,1.61397,1.61263,1.61263,195600000,1
1288807800000,1288807859000,1.61263,1.61377,1.61227,1.61351,171500000,1
1288807860000,1288807919000,1.61367,1.61395,1.61316,1.61355,209600000,1
1288807920000,1288807979000,1.61352,1.61424,1.61317,1.61358,187100000,1
1288807980000,1288808039000,1.61374,1.61374,1.61234,1.61291,248200000,1
1288808040000,1288808099000,1.61308,1.61448,1.61125,1.61377,141400000,1
1288808100000,1288808159000,1.61189,1.61426,1.61064,1.61426,81200000,1
1288808160000,1288808219000,1.61562,1.61562,1.61277,1.61277,25900000,1
1288808220000,1288808279000,1.61261,1.61473,1.60913,1.61009,223200000,1
1288808280000,1288808339000,1.60827,1.61722,1.60827,1.6148,277600000,1
1288808340000,1288808399000,1.61447,1.61447,1.61192,1.61251,272400000,1
1288808400000,1288808459000,1.61233,1.61312,1.60984,1.60984,248700000,1
1288808460000,1288808519000,1.60969,1.61061,1.60857,1.60974,261000000,1
1288808520000,1288808579000,1.60984,1.61529,1.60984,1.61466,281900000,1
1288808580000,1288808639000,1.61466,1.61649,1.61273,1.61524,300000000,1
1288808640000,1288808699000,1.61517,1.61518,1.61254,1.61274,265700000,1
1288808700000,1288808759000,1.61268,1.615,1.61268,1.61461,279700000,1
1288808760000,1288808819000,1.61478,1.616,1.61367,1.61511,232700000,1
1288808820000,1288808879000,1.6151,1.61902,1.61475,1.61703,292800000,1
1288808880000,1288808939000,1.61708,1.62083,1.61708,1.62073,218000000,1
1288808940000,1288808999000,1.62072,1.62228,1.61812,1.61838,302700000,1
1288809000000,1288809059000,1.61797,1.61905,1.6171,1.61847,254700000,1
1288809060000,1288809119000,1.61837,1.61866,1.6175,1.61837,248900000,1
1288809120000,1288809179000,1.61815,1.61872,1.6164,1.61791,258400000,1
1288809180000,1288809239000,1.61798,1.61798,1.61572,1.61607,231300000,1
1288809240000,1288809299000,1.61607,1.61793,1.61594,1.61738,210800000,1
1288809300000,1288809359000,1.61741,1.61763,1.616,1.61693,282100000,1
1288809360000,1288809419000,1.61677,1.61742,1.6154,1.61583,283800000,1
1288809420000,1288809479000,1.61592,1.6167,1.61535,1.61561,253500000,1
1288809480000,1288809539000,1.61578,1.61633,1.61438,1.61481,209500000,1
1288809540000,1288809599000,1.61517,1.61631,1.61479,1.61533,244600000,1
1288809600000,1288809659000,1.61529,1.61682,1.61526,1.61579,229200000,1
1288809660000,1288809719000,1.61579,1.61597,1.61317,1.61379,247900000,1
1288809720000,1288809779000,1.61392,1.61606,1.61392,1.61548,216300000,1
1288809780000,1288809839000,1.61533,1.61533,1.61431,1.61478,230500000,1
1288809840000,1288809899000,1.61485,1.61518,1.61331,1.61337,222200000,1
1288809900000,1288809959000,1.61337,1.61426,1.61157,1.61347,307800000,1
1288809960000,1288810019000,1.61338,1.61391,1.61205,1.61314,201100000,1
1288810020000,1288810079000,1.61314,1.6132,1.61138,1.61195,250300000,1
1288810080000,1288810139000,1.61196,1.6129,1.61159,1.61257,202800000,1
1288810140000,1288810199000,1.61254,1.61296,1.61092,1.61134,267900000,1
1288810200000,1288810259000,1.61108,1.6111,1.61021,1.61021,276000000,1
1288810260000,1288810319000,1.61022,1.61102,1.61022,1.61077,246100000,1
1288810320000,1288810379000,1.61076,1.61151,1.61054,1.61145,228400000,1
1288810380000,1288810439000,1.61136,1.61235,1.61125,1.61214,176200000,1
1288810440000,1288810499000,1.61221,1.61221,1.61073,1.61123,254800000,1
1288810500000,1288810559000,1.61123,1.61123,1.61057,1.61059,216000000,1
1288810560000,1288810619000,1.61058,1.61071,1.6096,1.61029,201900000,1
1288810620000,1288810679000,1.61029,1.61048,1.60908,1.60928,232600000,1
1288810680000,1288810739000,1.60949,1.61103,1.60928,1.61103,259400000,1
1288810740000,1288810799000,1.61075,1.61139,1.61034,1.61044,250900000,1
1288810800000,1288810859000,1.61043,1.61141,1.60952,1.61119,237500000,1
1288810860000,1288810919000,1.61118,1.61121,1.61032,1.61049,210200000,1
1288810920000,1288810979000,1.61055,1.61089,1.60998,1.6102,153600000,1
1288810980000,1288811039000,1.61029,1.61068,1.60961,1.60966,183100000,1
1288811040000,1288811099000,1.60968,1.60995,1.60853,1.60876,215900000,1
1288811100000,1288811159000,1.60876,1.60884,1.60647,1.60647,185800000,1
1288811160000,1288811219000,1.60634,1.60904,1.60634,1.60904,236700000,1
1288811220000,1288811279000,1.60898,1.60907,1.60854,1.6088,180700000,1
1288811280000,1288811339000,1.60868,1.60891,1.60715,1.6078,244500000,1
1288811340000,1288811399000,1.60787,1.60855,1.60786,1.60803,151400000,1
1288811400000,1288811459000,1.60783,1.60792,1.60596,1.60672,161700000,1
1288811460000,1288811519000,1.60657,1.60747,1.60645,1.6068,167800000,1
1288811520000,1288811579000,1.60672,1.60763,1.60652,1.60691,183700000,1
1288811580000,1288811639000,1.60678,1.60747,1.60653,1.60743,170400000,1
1288811640000,1288811699000,1.60745,1.6078,1.60705,1.60766,140700000,1
1288811700000,1288811759000,1.60768,1.60787,1.60687,1.60754,177900000,1
1288811760000,1288811819000,1.60752,1.60815,1.60706,1.60791,179000000,1
1288811820000,1288811879000,1.60791,1.60803,1.6073,1.60753,157600000,1
1288811880000,1288811939000,1.60742,1.608,1.60715,1.60761,181700000,1
1288811940000,1288811999000,1.60771,1.60845,1.60727,1.60824,158500000,1
1288812000000,1288812059000,1.60797,1.60816,1.60728,1.60805,200600000,1
1288812060000,1288812119000,1.60806,1.60813,1.60721,1.6074,144700000,1
1288812120000,1288812179000,1.60745,1.60798,1.60732,1.60794,165000000,1
1288812180000,1288812239000,1.60782,1.60815,1.60748,1.60795,114700000,1
1288812240000,1288812299000,1.60795,1.60814,1.60648,1.60657,221600000,1
1288812300000,1288812359000,1.60679,1.60703,1.60517,1.60518,182700000,1
1288812360000,1288812419000,1.60508,1.60525,1.60423,1.6051,165900000,1
1288812420000,1288812479000,1.60474,1.60479,1.60347,1.60393,188800000,1
1288812480000,1288812539000,1.60393,1.6046,1.60366,1.60414,146100000,1
1288812540000,1288812599000,1.60435,1.60487,1.60429,1.60433,151100000,1
1288812600000,1288812659000,1.60429,1.60439,1.60367,1.60417,127000000,1
1288812660000,1288812719000,1.60402,1.60451,1.60386,1.60451,121300000,1
1288812720000,1288812779000,1.60441,1.60473,1.60412,1.60416,113600000,1
1288812780000,1288812839000,1.6042,1.60478,1.6041,1.60458,165800000,1
1288812840000,1288812899000,1.60452,1.60523,1.60422,1.60482,148400000,1
1288812900000,1288812959000,1.60479,1.60525,1.60444,1.60499,133900000,1
1288812960000,1288813019000,1.605,1.60602,1.605,1.60591,121500000,1
1288813020000,1288813079000,1.60585,1.60596,1.60514,1.60535,121200000,1
1288813080000,1288813139000,1.60535,1.60559,1.60497,1.60513,137300000,1
1288813140000,1288813199000,1.60519,1.60519,1.60429,1.60444,126100000,1
1288813200000,1288813259000,1.60427,1.60452,1.60417,1.60452,120000000,1
1288813260000,1288813319000,1.60457,1.60504,1.60437,1.6047,144100000,1
1288813320000,1288813379000,1.6047,1.60473,1.60419,1.6043,101600000,1
1288813380000,1288813439000,1.60425,1.60437,1.60415,1.60419,107800000,1
1288813440000,1288813499000,1.60419,1.60454,1.60419,1.60447,103800000,1
1288813500000,1288813559000,1.60429,1.60454,1.60389,1.60433,122300000,1
1288813560000,1288813619000,1.60433,1.60481,1.60408,1.60429,137200000,1
1288813620000,1288813679000,1.60414,1.60479,1.60414,1.60435,122200000,1
1288813680000,1288813739000,1.60444,1.60461,1.60398,1.6043,92900000,1
1288813740000,1288813799000,1.6043,1.60484,1.60426,1.60446,95800000,1
1288813800000,1288813859000,1.6045,1.60493,1.6045,1.60486,75500000,1
1288813860000,1288813919000,1.60486,1.60497,1.60448,1.60461,67900000,1
1288813920000,1288813979000,1.60461,1.60466,1.60444,1.60464,74100000,1
1288813980000,1288814039000,1.60471,1.60483,1.60426,1.60446,137600000,1
1288814040000,1288814099000,1.60446,1.60484,1.6043,1.60435,120000000,1
1288814100000,1288814159000,1.60443,1.60476,1.60435,1.6046,111600000,1
1288814160000,1288814219000,1.6046,1.60465,1.60366,1.60366,99300000,1
1288814220000,1288814279000,1.60366,1.60415,1.60335,1.60357,112300000,1
1288814280000,1288814339000,1.6035,1.60372,1.60315,1.6033,129000000,1
1288814340000,1288814399000,1.6033,1.60349,1.60292,1.60344,100500000,1
1288814400000,1288814459000,1.6035,1.60363,1.60311,1.60357,111000000,1
1288814460000,1288814519000,1.60357,1.60411,1.60339,1.6035,130000000,1
1288814520000,1288814579000,1.60348,1.60417,1.60343,1.60407,168300000,1
1288814580000,1288814639000,1.6041,1.6041,1.6033,1.60343,158600000,1
1288814640000,1288814699000,1.60343,1.60372,1.60323,1.60323,125000000,1
1288814700000,1288814759000,1.60333,1.60343,1.60323,1.60328,99600000,1
1288814760000,1288814819000,1.60328,1.60333,1.60261,1.60262,106600000,1
1288814820000,1288814879000,1.60268,1.603,1.60248,1.60264,216800000,1
1288814880000,1288814939000,1.60269,1.60298,1.60246,1.60257,187700000,1
1288814940000,1288814999000,1.60267,1.60306,1.60228,1.603,161000000,1
1288815000000,1288815059000,1.603,1.603,1.60233,1.60277,129300000,1
1288815060000,1288815119000,1.60304,1.60304,1.60232,1.60267,86500000,1
1288815120000,1288815179000,1.60249,1.60318,1.60249,1.60284,94900000,1
1288815180000,1288815239000,1.60283,1.60306,1.60234,1.6024,116800000,1
1288815240000,1288815299000,1.60245,1.60313,1.60245,1.603,108100000,1
1288815300000,1288815359000,1.603,1.60313,1.60291,1.60303,78000000,1
1288815360000,1288815419000,1.60303,1.60304,1.60255,1.60264,121600000,1
1288815420000,1288815479000,1.60264,1.60284,1.60216,1.60241,96900000,1
1288815480000,1288815539000,1.60242,1.60249,1.60198,1.60198,128800000,1
1288815540000,1288815599000,1.60204,1.60207,1.60161,1.6018,97100000,1
1288815600000,1288815659000,1.6018,1.60192,1.60099,1.60114,109000000,1
1288815660000,1288815719000,1.60114,1.60155,1.60114,1.6014,106600000,1
1288815720000,1288815779000,1.60145,1.60162,1.60145,1.60154,76300000,1
1288815780000,1288815839000,1.60157,1.60162,1.60124,1.60135,105200000,1
1288815840000,1288815899000,1.60135,1.60136,1.59968,1.60066,131900000,1
1288815900000,1288815959000,1.60047,1.60064,1.59977,1.60015,148800000,1
1288815960000,1288816019000,1.6,1.60035,1.59982,1.6001,123500000,1
1288816020000,1288816079000,1.6001,1.60094,1.6001,1.60094,122100000,1
1288816080000,1288816139000,1.60094,1.60136,1.60068,1.60091,135900000,1
1288816140000,1288816199000,1.60091,1.60113,1.60077,1.60088,98100000,1
1288816200000,1288816259000,1.60088,1.60107,1.60061,1.60086,104100000,1
1288816260000,1288816319000,1.60086,1.6011,1.60071,1.60071,91600000,1
1288816320000,1288816379000,1.60071,1.60105,1.60069,1.60082,124800000,1
1288816380000,1288816439000,1.60082,1.60098,1.6005,1.60087,108300000,1
1288816440000,1288816499000,1.60066,1.60109,1.60057,1.60087,102900000,1
1288816500000,1288816559000,1.60087,1.60098,1.60005,1.60005,108000000,1
1288816560000,1288816619000,1.60022,1.60028,1.59969,1.59991,140500000,1
1288816620000,1288816679000,1.59991,1.60009,1.59944,1.59967,250300000,1
1288816680000,1288816739000,1.59988,1.6002,1.59949,1.6001,135400000,1
1288816740000,1288816799000,1.6001,1.60038,1.59996,1.59996,67600000,1
1288816800000,1288816859000,1.59996,1.6003,1.59986,1.59986,96100000,1
1288816860000,1288816919000,1.59986,1.60048,1.59986,1.60029,97300000,1
1288816920000,1288816979000,1.60029,1.60029,1.60002,1.60006,113900000,1
1288816980000,1288817039000,1.60007,1.6006,1.60003,1.60058,79600000,1
1288817040000,1288817099000,1.60062,1.60071,1.59989,1.59989,132000000,1
1288817100000,1288817159000,1.59983,1.59984,1.59959,1.59962,103500000,1
1288817160000,1288817219000,1.5996,1.59963,1.5993,1.59935,152100000,1
1288817220000,1288817279000,1.59942,1.59948,1.59921,1.59941,115000000,1
1288817280000,1288817339000,1.59939,1.59942,1.59886,1.59909,113600000,1
1288817340000,1288817399000,1.5989,1.59917,1.59887,1.59907,120800000,1
1288817400000,1288817459000,1.59907,1.59935,1.59879,1.59898,158600000,1
1288817460000,1288817519000,1.59891,1.5991,1.59859,1.59865,156900000,1
1288817520000,1288817579000,1.59863,1.599,1.59848,1.59889,123300000,1
1288817580000,1288817639000,1.59882,1.59888,1.59867,1.59878,129900000,1
1288817640000,1288817699000,1.59872,1.59873,1.59812,1.59812,137000000,1
1288817700000,1288817759000,1.59813,1.59852,1.59805,1.59818,101100000,1
1288817760000,1288817819000,1.59803,1.59843,1.59803,1.59833,115500000,1
1288817820000,1288817879000,1.5984,1.59843,1.59819,1.59819,114300000,1
1288817880000,1288817939000,1.59819,1.59838,1.59801,1.59813,67500000,1
1288817940000,1288817999000,1.59813,1.59813,1.59789,1.59789,125100000,1
1288818000000,1288818059000,1.59767,1.59842,1.59767,1.59812,88800000,1
1288818060000,1288818119000,1.59812,1.59843,1.59796,1.59825,78000000,1
1288818120000,1288818179000,1.59833,1.59873,1.59817,1.59823,80700000,1
1288818180000,1288818239000,1.59822,1.5987,1.59797,1.59858,99000000,1
1288818240000,1288818299000,1.59844,1.59887,1.59813,1.59828,141900000,1
1288818300000,1288818359000,1.59828,1.59867,1.59828,1.59858,92600000,1
1288818360000,1288818419000,1.59858,1.59887,1.59844,1.59864,112800000,1
1288818420000,1288818479000,1.59867,1.59873,1.59834,1.59867,76100000,1
1288818480000,1288818539000,1.59867,1.59868,1.59853,1.59853,48600000,1
1288818540000,1288818599000,1.59853,1.59888,1.59853,1.59888,94500000,1
1288818600000,1288818659000,1.59897,1.59947,1.59888,1.59927,103200000,1
1288818660000,1288818719000,1.59936,1.59992,1.59919,1.59976,156200000,1
1288818720000,1288818779000,1.59998,1.59998,1.59944,1.59987,113100000,1
1288818780000,1288818839000,1.59987,1.60042,1.59985,1.60036,77500000,1
1288818840000,1288818899000,1.60067,1.60087,1.60006,1.60006,111100000,1
1288818900000,1288818959000,1.60006,1.60006,1.59975,1.59976,77800000,1
1288818960000,1288819019000,1.59976,1.60023,1.59976,1.60008,110400000,1
1288819020000,1288819079000,1.60006,1.60013,1.59981,1.59982,60900000,1
1288819080000,1288819139000,1.59982,1.60047,1.59974,1.59975,111200000,1
1288819140000,1288819199000,1.59975,1.60003,1.59975,1.59981,79100000,1
1288819200000,1288819259000,1.59981,1.59982,1.59958,1.59958,45200000,1
1288819260000,1288819319000,1.59958,1.59989,1.59954,1.59989,53500000,1
1288819320000,1288819379000,1.59987,1.60007,1.59976,1.60005,81600000,1
1288819380000,1288819439000,1.60005,1.60016,1.60005,1.60008,49200000,1
1288819440000,1288819499000,1.60008,1.6004,1.60008,1.6004,66800000,1
1288819500000,1288819559000,1.60033,1.60037,1.60033,1.60034,92500000,1
1288819560000,1288819619000,1.60034,1.60109,1.60034,1.60084,110900000,1
1288819620000,1288819679000,1.60084,1.6011,1.60081,1.60085,110200000,1
1288819680000,1288819739000,1.60085,1.60104,1.60077,1.60104,93300000,1
1288819740000,1288819799000,1.60104,1.60116,1.6006,1.60108,80700000,1
1288819800000,1288819859000,1.60096,1.60097,1.60075,1.60096,94300000,1
1288819860000,1288819919000,1.60096,1.60096,1.60069,1.60077,86400000,1
1288819920000,1288819979000,1.60073,1.60077,1.60072,1.60072,31300000,1
1288819980000,1288820039000,1.60071,1.60078,1.60031,1.60037,77800000,1
1288820040000,1288820099000,1.60037,1.60072,1.60037,1.60064,84000000,1
1288820100000,1288820159000,1.60064,1.60119,1.60064,1.60119,132800000,1
1288820160000,1288820219000,1.6012,1.60215,1.60107,1.60215,108700000,1
1288820220000,1288820279000,1.60218,1.60218,1.60117,1.60168,80100000,1
1288820280000,1288820339000,1.60154,1.60183,1.6015,1.60168,117300000,1
1288820340000,1288820399000,1.60169,1.60217,1.60165,1.60183,153600000,1
1288820400000,1288820459000,1.60178,1.60188,1.6016,1.60161,95900000,1
1288820460000,1288820519000,1.60161,1.60198,1.60151,1.60198,97900000,1
1288820520000,1288820579000,1.60202,1.60232,1.60166,1.60213,69900000,1
1288820580000,1288820639000,1.60212,1.6022,1.60207,1.60217,89800000,1
1288820640000,1288820699000,1.60207,1.60207,1.60185,1.60188,43600000,1
1288820700000,1288820759000,1.60187,1.60187,1.60093,1.60147,52400000,1
1288820760000,1288820819000,1.60147,1.60188,1.60093,1.60135,109800000,1
1288820820000,1288820879000,1.60162,1.60197,1.60015,1.60178,163300000,1
1288820880000,1288820939000,1.60136,1.60173,1.59963,1.60012,133200000,1
1288820940000,1288820999000,1.60012,1.60036,1.59962,1.60036,140800000,1
1288821000000,1288821059000,1.60053,1.60197,1.6004,1.60197,126200000,1
1288821060000,1288821119000,1.60217,1.60228,1.60055,1.60138,79500000,1
1288821120000,1288821179000,1.60138,1.60203,1.59998,1.59998,99200000,1
1288821180000,1288821239000,1.59997,1.60037,1.59926,1.59984,150100000,1
1288821240000,1288821299000,1.59984,1.60017,1.59953,1.59973,96900000,1
1288821300000,1288821359000,1.59973,1.59982,1.59966,1.59966,47200000,1
1288821360000,1288821419000,1.59976,1.60058,1.59958,1.59958,105700000,1
1288821420000,1288821479000,1.59958,1.59998,1.5994,1.59982,96200000,1
1288821480000,1288821539000,1.59956,1.60033,1.5993,1.59977,151500000,1
1288821540000,1288821599000,1.59971,1.60059,1.59971,1.60059,150600000,1
1288821600000,1288821659000,1.60056,1.60073,1.60038,1.60048,104800000,1
1288821660000,1288821719000,1.60042,1.60048,1.59966,1.59967,75500000,1
1288821720000,1288821779000,1.59967,1.60075,1.59967,1.60037,94400000,1
1288821780000,1288821839000,1.60037,1.60143,1.60037,1.60133,104000000,1
1288821840000,1288821899000,1.6016,1.60179,1.60128,1.60179,51600000,1
1288821900000,1288821959000,1.60179,1.60253,1.6015,1.60179,69500000,1
1288821960000,1288822019000,1.60179,1.60179,1.60153,1.60158,62200000,1
1288822020000,1288822079000,1.6017,1.60178,1.60132,1.60149,80500000,1
1288822080000,1288822139000,1.6015,1.6015,1.60119,1.60142,61000000,1
1288822140000,1288822199000,1.60144,1.60144,1.60131,1.60131,57100000,1
1288822200000,1288822259000,1.60131,1.6018,1.60131,1.60144,68500000,1
1288822260000,1288822319000,1.60144,1.60209,1.60144,1.60208,76800000,1
1288822320000,1288822379000,1.60198,1.60226,1.60188,1.60226,81300000,1
1288822380000,1288822439000,1.60212,1.60254,1.60207,1.60217,86900000,1
1288822440000,1288822499000,1.60204,1.60212,1.60159,1.60188,102400000,1
1288822500000,1288822559000,1.60199,1.60228,1.60171,1.60212,136400000,1
1288822560000,1288822619000,1.602,1.60216,1.60173,1.60195,90400000,1
1288822620000,1288822679000,1.60195,1.60195,1.60151,1.60172,67800000,1
1288822680000,1288822739000,1.60177,1.60177,1.60153,1.60158,45700000,1
1288822740000,1288822799000,1.60149,1.60197,1.60148,1.60193,79200000,1
1288822800000,1288822859000,1.60188,1.60188,1.60158,1.60172,94200000,1
1288822860000,1288822919000,1.60167,1.60185,1.60152,1.60179,59200000,1
1288822920000,1288822979000,1.60179,1.60183,1.60137,1.60183,64300000,1
1288822980000,1288823039000,1.60179,1.60185,1.60179,1.60185,36500000,1
1288823040000,1288823099000,1.60185,1.60185,1.6015,1.60174,93800000,1
1288823100000,1288823159000,1.60168,1.60181,1.60161,1.60174,119300000,1
1288823160000,1288823219000,1.60174,1.60178,1.60163,1.60163,127000000,1
1288823220000,1288823279000,1.60163,1.60165,1.60119,1.60158,64100000,1
1288823280000,1288823339000,1.60158,1.60189,1.60133,1.60152,134400000,1
1288823340000,1288823399000,1.60152,1.60213,1.60152,1.6021,92500000,1
1288823400000,1288823459000,1.60209,1.60256,1.60196,1.6023,104300000,1
1288823460000,1288823519000,1.60233,1.60253,1.60233,1.60249,63600000,1
1288823520000,1288823579000,1.60249,1.60257,1.60221,1.60257,93400000,1
1288823580000,1288823639000,1.60257,1.60257,1.60216,1.60216,74800000,1
1288823640000,1288823699000,1.60203,1.60213,1.60187,1.60212,56800000,1
1288823700000,1288823759000,1.60212,1.60217,1.60178,1.60195,92800000,1
1288823760000,1288823819000,1.60204,1.60225,1.60199,1.60208,85300000,1
1288823820000,1288823879000,1.6022,1.6022,1.60208,1.60208,75500000,1
1288823880000,1288823939000,1.60208,1.60208,1.60187,1.60193,64000000,1
1288823940000,1288823999000,1.60183,1.60183,1.60127,1.60128,76700000,1
1288824000000,1288824059000,1.60127,1.60187,1.60122,1.6018,96600000,1
1288824060000,1288824119000,1.6018,1.6021,1.60172,1.60194,55800000,1
1288824120000,1288824179000,1.60189,1.60192,1.60173,1.60176,39300000,1
1288824180000,1288824239000,1.60176,1.60207,1.60176,1.60199,55100000,1
1288824240000,1288824299000,1.60199,1.60215,1.60193,1.60195,60700000,1
1288824300000,1288824359000,1.60195,1.60202,1.60156,1.60172,76000000,1
1288824360000,1288824419000,1.60172,1.60177,1.6014,1.60173,75200000,1
1288824420000,1288824479000,1.60173,1.60176,1.60146,1.60168,61800000,1
1288824480000,1288824539000,1.60162,1.60185,1.60161,1.6018,77500000,1
1288824540000,1288824599000,1.60182,1.60182,1.60129,1.60172,70300000,1
1288824600000,1288824659000,1.60171,1.60199,1.60162,1.60187,94000000,1
1288824660000,1288824719000,1.60184,1.60188,1.60177,1.60178,52000000,1
1288824720000,1288824779000,1.60178,1.60186,1.60178,1.60186,55000000,1
1288824780000,1288824839000,1.60186,1.6021,1.6018,1.6018,70900000,1
1288824840000,1288824899000,1.6018,1.60185,1.60168,1.60183,50700000,1
1288824900000,1288824959000,1.60182,1.60216,1.60179,1.60211,61900000,1
1288824960000,1288825019000,1.60211,1.60211,1.60183,1.60183,40700000,1
1288825020000,1288825079000,1.60187,1.60224,1.60176,1.60217,50200000,1
1288825080000,1288825139000,1.60217,1.60225,1.60206,1.60216,68500000,1
1288825140000,1288825199000,1.60216,1.60263,1.60208,1.60263,64800000,1
1288825200000,1288825259000,1.60263,1.60263,1.60209,1.60224,63800000,1
1288825260000,1288825319000,1.60224,1.6023,1.60201,1.60201,54700000,1
1288825320000,1288825379000,1.60193,1.60221,1.60187,1.60194,50400000,1
1288825380000,1288825439000,1.60207,1.60235,1.60207,1.6022,55600000,1
1288825440000,1288825499000,1.60221,1.60247,1.60221,1.60243,76600000,1
1288825500000,1288825559000,1.60253,1.60294,1.60253,1.60265,64000000,1
1288825560000,1288825619000,1.60265,1.60272,1.60208,1.60224,105200000,1
1288825620000,1288825679000,1.60229,1.60268,1.60228,1.60268,78100000,1
1288825680000,1288825739000,1.60273,1.60296,1.6025,1.60264,69500000,1
1288825740000,1288825799000,1.60267,1.60277,1.6025,1.6025,52300000,1
1288825800000,1288825859000,1.60227,1.60249,1.60227,1.60236,71100000,1
1288825860000,1288825919000,1.60235,1.60238,1.60227,1.60238,67200000,1
1288825920000,1288825979000,1.60236,1.60258,1.60236,1.60258,62200000,1
1288825980000,1288826039000,1.60258,1.60258,1.6025,1.6025,45100000,1
1288826040000,1288826099000,1.6025,1.6025,1.60246,1.6025,40500000,1
1288826100000,1288826159000,1.6025,1.60284,1.6025,1.60284,41600000,1
1288826160000,1288826219000,1.60284,1.60337,1.60282,1.60285,71700000,1
1288826220000,1288826279000,1.60296,1.60314,1.60281,1.60296,91300000,1
1288826280000,1288826339000,1.60282,1.60342,1.60282,1.60323,107100000,1
1288826340000,1288826399000,1.60327,1.60327,1.60292,1.60307,46000000,1
1288826400000,1288826459000,1.60316,1.60327,1.60294,1.60302,132700000,1
1288826460000,1288826519000,1.60298,1.60309,1.60282,1.60309,123200000,1
1288826520000,1288826579000,1.60323,1.60323,1.60266,1.60268,107600000,1
1288826580000,1288826639000,1.60268,1.60292,1.60266,1.60272,52200000,1
1288826640000,1288826699000,1.60277,1.60324,1.6026,1.60307,62000000,1
1288826700000,1288826759000,1.60312,1.60318,1.60268,1.60268,127500000,1
1288826760000,1288826819000,1.60272,1.60327,1.60267,1.60323,80700000,1
1288826820000,1288826879000,1.60323,1.60372,1.60319,1.60357,98100000,1
1288826880000,1288826939000,1.60364,1.60443,1.60362,1.60432,122600000,1
1288826940000,1288826999000,1.60426,1.60431,1.60402,1.60402,81500000,1
1288827000000,1288827059000,1.60402,1.60441,1.60366,1.60397,127600000,1
1288827060000,1288827119000,1.60399,1.60399,1.60309,1.60373,143100000,1
1288827120000,1288827179000,1.60376,1.60388,1.60331,1.60349,141700000,1
1288827180000,1288827239000,1.60357,1.60362,1.60325,1.60351,102100000,1
1288827240000,1288827299000,1.60356,1.60356,1.60316,1.60345,106700000,1
1288827300000,1288827359000,1.60345,1.60365,1.60334,1.60359,77300000,1
1288827360000,1288827419000,1.60354,1.60357,1.60342,1.60347,90900000,1
1288827420000,1288827479000,1.60352,1.60367,1.60331,1.60367,109000000,1
1288827480000,1288827539000,1.60367,1.60381,1.60354,1.60365,62900000,1
1288827540000,1288827599000,1.60365,1.60403,1.60331,1.60403,148000000,1
1288827600000,1288827659000,1.60401,1.60403,1.60389,1.60396,51000000,1
1288827660000,1288827719000,1.60399,1.60424,1.60399,1.60399,84400000,1
1288827720000,1288827779000,1.60416,1.60437,1.60401,1.60427,125400000,1
1288827780000,1288827839000,1.60427,1.60461,1.60427,1.60442,99300000,1
1288827840000,1288827899000,1.60439,1.60453,1.60395,1.60445,131900000,1
1288827900000,1288827959000,1.60445,1.60458,1.60397,1.60397,119500000,1
1288827960000,1288828019000,1.60391,1.60424,1.60382,1.60411,76200000,1
1288828020000,1288828079000,1.60413,1.60439,1.60366,1.6043,160100000,1
1288828080000,1288828139000,1.6043,1.6044,1.60367,1.60378,162100000,1
1288828140000,1288828199000,1.60391,1.60417,1.60362,1.60409,111400000,1
1288828200000,1288828259000,1.60407,1.60424,1.60373,1.60413,97500000,1
1288828260000,1288828319000,1.60413,1.60418,1.60405,1.60414,80900000,1
1288828320000,1288828379000,1.60414,1.60426,1.60409,1.60419,107600000,1
1288828380000,1288828439000,1.60419,1.60432,1.60408,1.60431,84500000,1
1288828440000,1288828499000,1.60432,1.60513,1.60415,1.60487,79900000,1
1288828500000,1288828559000,1.60486,1.60487,1.60409,1.60425,79800000,1
1288828560000,1288828619000,1.60425,1.60439,1.60375,1.60405,99000000,1
1288828620000,1288828679000,1.60412,1.60441,1.60404,1.60441,124600000,1
1288828680000,1288828739000,1.60441,1.60448,1.60421,1.60445,81700000,1
1288828740000,1288828799000,1.60447,1.60465,1.60408,1.60438,118800000,1
1288828800000,1288828859000,1.60438,1.60453,1.60418,1.60439,106100000,1
1288828860000,1288828919000,1.60442,1.60464,1.60405,1.60405,104500000,1
1288828920000,1288828979000,1.60405,1.60408,1.60315,1.60363,119300000,1
1288828980000,1288829039000,1.60367,1.60379,1.60355,1.60379,68000000,1
1288829040000,1288829099000,1.60379,1.60391,1.60364,1.60373,123800000,1
1288829100000,1288829159000,1.6037,1.60397,1.6036,1.60389,94900000,1
1288829160000,1288829219000,1.60378,1.60403,1.60356,1.60394,108900000,1
1288829220000,1288829279000,1.60394,1.60397,1.60362,1.60382,71200000,1
1288829280000,1288829339000,1.60383,1.60398,1.60367,1.60375,144700000,1
1288829340000,1288829399000,1.60374,1.60393,1.60368,1.60384,90200000,1
1288829400000,1288829459000,1.60387,1.60424,1.60348,1.60424,123800000,1
1288829460000,1288829519000,1.60417,1.60423,1.60383,1.60401,98300000,1
1288829520000,1288829579000,1.60409,1.60421,1.60398,1.60411,76200000,1
1288829580000,1288829639000,1.60412,1.60433,1.60412,1.60428,48600000,1
1288829640000,1288829699000,1.60433,1.60439,1.6038,1.60414,103800000,1
1288829700000,1288829759000,1.60414,1.60439,1.60395,1.60439,73800000,1
1288829760000,1288829819000,1.60439,1.60443,1.60414,1.60426,62100000,1
1288829820000,1288829879000,1.60426,1.60446,1.60408,1.60437,94500000,1
1288829880000,1288829939000,1.60435,1.60445,1.60402,1.60405,75600000,1
1288829940000,1288829999000,1.60404,1.60422,1.60382,1.60394,110600000,1
1288830000000,1288830059000,1.60394,1.60401,1.6035,1.60377,150200000,1
1288830060000,1288830119000,1.60372,1.6039,1.60363,1.6039,85000000,1
1288830120000,1288830179000,1.6039,1.6042,1.60382,1.6042,69300000,1
1288830180000,1288830239000,1.60423,1.60427,1.60389,1.60389,80200000,1
1288830240000,1288830299000,1.60393,1.60397,1.60369,1.60378,66200000,1
1288830300000,1288830359000,1.60378,1.60378,1.60357,1.60363,60900000,1
1288830360000,1288830419000,1.60367,1.60373,1.60318,1.60344,105300000,1
1288830420000,1288830479000,1.60344,1.60372,1.60316,1.60324,134400000,1
1288830480000,1288830539000,1.60332,1.60355,1.60332,1.60335,65600000,1
1288830540000,1288830599000,1.6034,1.6035,1.60198,1.60267,125000000,1
1288830600000,1288830659000,1.60277,1.60548,1.60272,1.60455,209000000,1
1288830660000,1288830719000,1.60455,1.60605,1.60454,1.60537,147300000,1
1288830720000,1288830779000,1.60532,1.60535,1.60385,1.60387,121100000,1
1288830780000,1288830839000,1.60392,1.60469,1.60392,1.60432,151100000,1
1288830840000,1288830899000,1.60441,1.60481,1.60402,1.60449,138000000,1
1288830900000,1288830959000,1.60446,1.60497,1.60394,1.60447,162600000,1
1288830960000,1288831019000,1.60463,1.60473,1.60455,1.60455,88200000,1
1288831020000,1288831079000,1.60453,1.60463,1.60429,1.6045,125300000,1
1288831080000,1288831139000,1.60449,1.60461,1.6043,1.60443,91000000,1
1288831140000,1288831199000,1.60443,1.6047,1.60418,1.60418,82400000,1
1288831200000,1288831259000,1.60421,1.60447,1.60393,1.6043,97900000,1
1288831260000,1288831319000,1.60435,1.60453,1.60425,1.60434,67500000,1
1288831320000,1288831379000,1.60434,1.60479,1.60434,1.6046,62300000,1
1288831380000,1288831439000,1.6046,1.60476,1.6043,1.60434,109200000,1
1288831440000,1288831499000,1.60437,1.60453,1.6042,1.60435,72100000,1
1288831500000,1288831559000,1.60435,1.60472,1.60433,1.60457,76900000,1
1288831560000,1288831619000,1.60453,1.60456,1.6044,1.60447,57200000,1
1288831620000,1288831679000,1.60438,1.60501,1.60438,1.60483,96800000,1
1288831680000,1288831739000,1.60491,1.60497,1.60476,1.60493,69300000,1
1288831740000,1288831799000,1.60498,1.60521,1.60497,1.60518,60700000,1
1288831800000,1288831859000,1.60508,1.60516,1.60483,1.60485,67300000,1
1288831860000,1288831919000,1.60489,1.60489,1.60447,1.60477,104000000,1
1288831920000,1288831979000,1.60473,1.60482,1.60455,1.60455,85600000,1
1288831980000,1288832039000,1.60444,1.60488,1.60444,1.60487,79500000,1
1288832040000,1288832099000,1.60475,1.60504,1.60475,1.60501,59400000,1
1288832100000,1288832159000,1.60502,1.60527,1.60497,1.60498,71200000,1
1288832160000,1288832219000,1.60487,1.60509,1.60465,1.60477,82600000,1
1288832220000,1288832279000,1.60478,1.6049,1.60414,1.60424,71100000,1
1288832280000,1288832339000,1.60425,1.60448,1.60421,1.60438,60300000,1
1288832340000,1288832399000,1.6044,1.60461,1.60414,1.60446,127500000,1
1288832400000,1288832459000,1.60446,1.60464,1.60407,1.60408,101500000,1
1288832460000,1288832519000,1.60419,1.6044,1.60385,1.60424,152800000,1
1288832520000,1288832579000,1.60415,1.60415,1.60385,1.60394,78800000,1
1288832580000,1288832639000,1.60394,1.60408,1.60383,1.60391,72600000,1
1288832640000,1288832699000,1.60399,1.60403,1.60378,1.60401,105000000,1
1288832700000,1288832759000,1.60409,1.60428,1.60397,1.60404,82400000,1
1288832760000,1288832819000,1.60416,1.60438,1.6041,1.60438,71500000,1
1288832820000,1288832879000,1.60431,1.60431,1.60401,1.6041,65000000,1
1288832880000,1288832939000,1.6041,1.60421,1.60381,1.60393,67200000,1
1288832940000,1288832999000,1.60397,1.604,1.60387,1.60393,48900000,1
1288833000000,1288833059000,1.60398,1.60426,1.6038,1.60418,83800000,1
1288833060000,1288833119000,1.60422,1.60449,1.6042,1.60421,81000000,1
1288833120000,1288833179000,1.60421,1.60437,1.60407,1.6043,63900000,1
1288833180000,1288833239000,1.6043,1.60529,1.60423,1.60524,121300000,1
1288833240000,1288833299000,1.60524,1.60582,1.60493,1.60493,116400000,1
1288833300000,1288833359000,1.60488,1.60488,1.60444,1.60479,107700000,1
1288833360000,1288833419000,1.60479,1.6049,1.60459,1.60459,97000000,1
1288833420000,1288833479000,1.60463,1.60488,1.6044,1.6044,97900000,1
1288833480000,1288833539000,1.6044,1.60464,1.6044,1.60459,66300000,1
1288833540000,1288833599000,1.60459,1.60459,1.60412,1.60417,54400000,1
1288833600000,1288833659000,1.60412,1.60463,1.6041,1.60437,87100000,1
1288833660000,1288833719000,1.60439,1.60448,1.6043,1.60442,44800000,1
1288833720000,1288833779000,1.60442,1.60453,1.60413,1.60417,60500000,1
1288833780000,1288833839000,1.60413,1.60429,1.60408,1.60429,69500000,1
1288833840000,1288833899000,1.60431,1.60445,1.6041,1.60419,49900000,1
1288833900000,1288833959000,1.60424,1.60442,1.60387,1.60392,80600000,1
1288833960000,1288834019000,1.60392,1.60415,1.60371,1.60378,80800000,1
1288834020000,1288834079000,1.6038,1.60422,1.6038,1.60401,64500000,1
1288834080000,1288834139000,1.60401,1.60404,1.60382,1.60397,64500000,1
1288834140000,1288834199000,1.60397,1.60413,1.60386,1.60412,73900000,1
1288834200000,1288834259000,1.6041,1.6041,1.60392,1.60394,79500000,1
1288834260000,1288834319000,1.60394,1.60394,1.60332,1.60362,94400000,1
1288834320000,1288834379000,1.60375,1.60392,1.60363,1.60383,73500000,1
1288834380000,1288834439000,1.60377,1.60389,1.60362,1.60362,67200000,1
1288834440000,1288834499000,1.60362,1.60386,1.60353,1.60386,70400000,1
1288834500000,1288834559000,1.60372,1.60372,1.60341,1.60351,61900000,1
1288834560000,1288834619000,1.60351,1.60365,1.60351,1.60365,46200000,1
1288834620000,1288834679000,1.60365,1.60365,1.60332,1.60353,55900000,1
1288834680000,1288834739000,1.60356,1.60357,1.60322,1.60337,70700000,1
1288834740000,1288834799000,1.60337,1.60344,1.60307,1.60313,126800000,1
1288834800000,1288834859000,1.60314,1.60331,1.60302,1.60323,77300000,1
1288834860000,1288834919000,1.60318,1.6032,1.60251,1.60279,126500000,1
1288834920000,1288834979000,1.60258,1.6029,1.60254,1.60261,72100000,1
1288834980000,1288835039000,1.60259,1.60277,1.60243,1.60267,84000000,1
1288835040000,1288835099000,1.60272,1.60302,1.60272,1.60298,103200000,1
1288835100000,1288835159000,1.60304,1.60327,1.60302,1.60303,50800000,1
1288835160000,1288835219000,1.60308,1.60336,1.603,1.60312,97700000,1
1288835220000,1288835279000,1.60304,1.60313,1.60287,1.60288,60600000,1
1288835280000,1288835339000,1.60288,1.60294,1.60278,1.60282,63300000,1
1288835340000,1288835399000,1.60276,1.60331,1.60264,1.60318,90900000,1
1288835400000,1288835459000,1.60316,1.60331,1.60309,1.60329,88100000,1
1288835460000,1288835519000,1.60332,1.6035,1.60304,1.60323,66600000,1
1288835520000,1288835579000,1.6032,1.60335,1.60305,1.6033,57200000,1
1288835580000,1288835639000,1.60332,1.60339,1.60328,1.60328,43900000,1
1288835640000,1288835699000,1.60328,1.60345,1.60328,1.60339,65700000,1
1288835700000,1288835759000,1.60339,1.60353,1.60278,1.60288,108100000,1
1288835760000,1288835819000,1.60288,1.60288,1.60262,1.60269,85800000,1
1288835820000,1288835879000,1.60269,1.6031,1.60269,1.60303,56000000,1
1288835880000,1288835939000,1.60307,1.60326,1.60294,1.603,55000000,1
1288835940000,1288835999000,1.603,1.60335,1.60292,1.60301,92300000,1
1288836000000,1288836059000,1.60296,1.60315,1.60293,1.6031,100100000,1
1288836060000,1288836119000,1.6031,1.60311,1.60296,1.603,65700000,1
1288836120000,1288836179000,1.60311,1.60317,1.60299,1.60317,46000000,1
1288836180000,1288836239000,1.60309,1.60309,1.60268,1.60268,61000000,1
1288836240000,1288836299000,1.60268,1.60273,1.60249,1.60259,75800000,1
1288836300000,1288836359000,1.60259,1.6027,1.60245,1.60268,46400000,1
1288836360000,1288836419000,1.6027,1.60277,1.60254,1.60277,60900000,1
1288836420000,1288836479000,1.60277,1.60287,1.60277,1.60278,58700000,1
1288836480000,1288836539000,1.60278,1.60278,1.60267,1.60272,67200000,1
1288836540000,1288836599000,1.60272,1.60285,1.60246,1.60278,91200000,1
1288836600000,1288836659000,1.60278,1.60292,1.60278,1.60292,54200000,1
1288836660000,1288836719000,1.60292,1.60307,1.60275,1.60275,90800000,1
1288836720000,1288836779000,1.60275,1.60349,1.60274,1.6033,90300000,1
1288836780000,1288836839000,1.6033,1.6033,1.60288,1.60327,63500000,1
1288836840000,1288836899000,1.60328,1.60333,1.60316,1.60328,69000000,1
1288836900000,1288836959000,1.60328,1.60329,1.60307,1.60329,55500000,1
1288836960000,1288837019000,1.60334,1.60342,1.60334,1.60342,52300000,1
1288837020000,1288837079000,1.60342,1.60347,1.60324,1.60342,73700000,1
1288837080000,1288837139000,1.60349,1.60349,1.60309,1.60316,128400000,1
1288837140000,1288837199000,1.60318,1.60325,1.60306,1.60325,60700000,1
1288837200000,1288837259000,1.60334,1.60345,1.60323,1.60335,49700000,1
1288837260000,1288837319000,1.60337,1.60337,1.60305,1.60313,53900000,1
1288837320000,1288837379000,1.60313,1.6035,1.60313,1.60317,94400000,1
1288837380000,1288837439000,1.60317,1.60333,1.60316,1.60331,65800000,1
1288837440000,1288837499000,1.60334,1.6034,1.60316,1.60316,73000000,1
1288837500000,1288837559000,1.60316,1.60333,1.60296,1.60333,83700000,1
1288837560000,1288837619000,1.60327,1.60358,1.60327,1.60358,103800000,1
1288837620000,1288837679000,1.60366,1.60366,1.60361,1.60361,120300000,1
1288837680000,1288837739000,1.60359,1.60363,1.60307,1.60346,86000000,1
1288837740000,1288837799000,1.60345,1.6037,1.60341,1.6037,88300000,1
1288837800000,1288837859000,1.6037,1.60398,1.60369,1.6039,108100000,1
1288837860000,1288837919000,1.60383,1.60404,1.60348,1.60369,116500000,1
1288837920000,1288837979000,1.60368,1.60373,1.60334,1.60346,109600000,1
1288837980000,1288838039000,1.60348,1.60373,1.60342,1.60373,64100000,1
1288838040000,1288838099000,1.60373,1.60392,1.60371,1.60374,64800000,1
1288838100000,1288838159000,1.60374,1.6039,1.60372,1.60375,59500000,1
1288838160000,1288838219000,1.60375,1.60407,1.60369,1.60398,71900000,1
1288838220000,1288838279000,1.60391,1.60408,1.6039,1.60399,79500000,1
1288838280000,1288838339000,1.60399,1.60433,1.60394,1.60411,74600000,1
1288838340000,1288838399000,1.60413,1.60428,1.60394,1.60409,103000000,1
1288838400000,1288838459000,1.60418,1.60418,1.60382,1.60387,62400000,1
1288838460000,1288838519000,1.60387,1.60416,1.60387,1.60414,103200000,1
1288838520000,1288838579000,1.60408,1.60417,1.60377,1.60377,82100000,1
1288838580000,1288838639000,1.60378,1.60387,1.60376,1.60385,68600000,1
1288838640000,1288838699000,1.60392,1.60392,1.60383,1.60383,41000000,1
1288838700000,1288838759000,1.60383,1.6041,1.6038,1.60391,81500000,1
1288838760000,1288838819000,1.60391,1.60406,1.60386,1.60395,70300000,1
1288838820000,1288838879000,1.604,1.60403,1.60386,1.60395,77300000,1
1288838880000,1288838939000,1.60389,1.6042,1.60389,1.60409,88400000,1
1288838940000,1288838999000,1.60403,1.60413,1.60398,1.60412,117400000,1
1288839000000,1288839059000,1.60412,1.60436,1.60408,1.60419,63200000,1
1288839060000,1288839119000,1.60419,1.60434,1.60411,1.60426,68300000,1
1288839120000,1288839179000,1.60425,1.60442,1.60422,1.60422,60400000,1
1288839180000,1288839239000,1.60422,1.60441,1.60411,1.60417,58400000,1
1288839240000,1288839299000,1.60417,1.60433,1.60413,1.60433,65900000,1
1288839300000,1288839359000,1.60433,1.60433,1.60404,1.60405,79400000,1
1288839360000,1288839419000,1.60405,1.6043,1.60405,1.60421,72900000,1
1288839420000,1288839479000,1.60421,1.60423,1.60404,1.60414,49100000,1
1288839480000,1288839539000,1.60414,1.60441,1.60412,1.60441,57600000,1
1288839540000,1288839599000,1.60443,1.60443,1.60411,1.60416,52000000,1
1288839600000,1288839659000,1.60427,1.60433,1.60388,1.60398,109100000,1
1288839660000,1288839719000,1.60399,1.60423,1.60399,1.60413,64900000,1
1288839720000,1288839779000,1.60413,1.60413,1.60396,1.60396,71500000,1
1288839780000,1288839839000,1.60396,1.60414,1.60388,1.60414,72300000,1
1288839840000,1288839899000,1.60414,1.60414,1.60369,1.60391,76500000,1
1288839900000,1288839959000,1.60391,1.60403,1.60373,1.604,56400000,1
1288839960000,1288840019000,1.604,1.60419,1.60259,1.60275,157700000,1
1288840020000,1288840079000,1.60271,1.60312,1.60271,1.60312,131300000,1
1288840080000,1288840139000,1.60308,1.60326,1.60276,1.60276,124800000,1
1288840140000,1288840199000,1.60287,1.60287,1.60208,1.60234,129800000,1
1288840200000,1288840259000,1.60239,1.60278,1.60233,1.60278,79700000,1
1288840260000,1288840319000,1.60278,1.60292,1.6021,1.6021,134100000,1
1288840320000,1288840379000,1.60203,1.6025,1.60203,1.60229,100200000,1
1288840380000,1288840439000,1.60229,1.60244,1.60211,1.60244,101700000,1
1288840440000,1288840499000,1.60244,1.60285,1.60229,1.60269,86900000,1
1288840500000,1288840559000,1.60282,1.60407,1.6028,1.60398,132700000,1
1288840560000,1288840619000,1.60398,1.60399,1.60339,1.60399,128800000,1
1288840620000,1288840679000,1.60404,1.60442,1.60363,1.60387,140900000,1
1288840680000,1288840739000,1.60387,1.60398,1.60337,1.6035,94500000,1
1288840740000,1288840799000,1.60357,1.60427,1.60339,1.60427,84800000,1
1288840800000,1288840859000,1.60417,1.60446,1.60406,1.60435,81200000,1
1288840860000,1288840919000,1.60436,1.60452,1.60429,1.60434,67900000,1
1288840920000,1288840979000,1.60433,1.60443,1.60416,1.60418,72800000,1
1288840980000,1288841039000,1.60418,1.60472,1.60416,1.60472,77100000,1
1288841040000,1288841099000,1.60479,1.60572,1.60468,1.60572,157600000,1
1288841100000,1288841159000,1.6057,1.60671,1.6057,1.60574,155700000,1
1288841160000,1288841219000,1.60574,1.60629,1.6055,1.60578,154700000,1
1288841220000,1288841279000,1.60578,1.60602,1.60563,1.60574,119400000,1
1288841280000,1288841339000,1.6059,1.60599,1.60411,1.60491,204100000,1
1288841340000,1288841399000,1.60499,1.60499,1.60436,1.60445,113000000,1
1288841400000,1288841459000,1.60441,1.60453,1.60409,1.60423,124200000,1
1288841460000,1288841519000,1.60428,1.60483,1.60428,1.60461,141000000,1
1288841520000,1288841579000,1.60452,1.60458,1.60406,1.60406,63600000,1
1288841580000,1288841639000,1.60406,1.6041,1.60363,1.60399,131000000,1
1288841640000,1288841699000,1.60395,1.604,1.60356,1.6036,126000000,1
1288841700000,1288841759000,1.6036,1.6039,1.60356,1.6037,111400000,1
1288841760000,1288841819000,1.60372,1.60393,1.60361,1.60383,129300000,1
1288841820000,1288841879000,1.60383,1.60399,1.60367,1.60367,105700000,1
1288841880000,1288841939000,1.60368,1.60384,1.6035,1.60361,81800000,1
1288841940000,1288841999000,1.60361,1.60379,1.6036,1.60364,110900000,1
1288842000000,1288842059000,1.60364,1.60374,1.60357,1.6036,70100000,1
1288842060000,1288842119000,1.6036,1.60386,1.6036,1.6037,94400000,1
1288842120000,1288842179000,1.60376,1.60397,1.60353,1.60353,118700000,1
1288842180000,1288842239000,1.60353,1.60371,1.60353,1.60364,70900000,1
1288842240000,1288842299000,1.60365,1.60385,1.60351,1.60366,85600000,1
1288842300000,1288842359000,1.60366,1.60386,1.60355,1.60372,98000000,1
1288842360000,1288842419000,1.60372,1.60376,1.60356,1.60364,66100000,1
1288842420000,1288842479000,1.60372,1.60383,1.60363,1.6038,111000000,1
1288842480000,1288842539000,1.6038,1.60403,1.60376,1.60399,63500000,1
1288842540000,1288842599000,1.60398,1.60424,1.60398,1.60414,91100000,1
1288842600000,1288842659000,1.60407,1.60422,1.60396,1.60401,106600000,1
1288842660000,1288842719000,1.60401,1.60408,1.60376,1.604,101000000,1
1288842720000,1288842779000,1.60394,1.60422,1.60375,1.60407,111500000,1
1288842780000,1288842839000,1.60414,1.60418,1.60402,1.60415,126400000,1
1288842840000,1288842899000,1.60415,1.6042,1.60413,1.60415,74500000,1
1288842900000,1288842959000,1.60415,1.60422,1.60415,1.60422,146200000,1
1288842960000,1288843019000,1.60422,1.60442,1.60415,1.60426,91200000,1
1288843020000,1288843079000,1.60426,1.60427,1.60421,1.60421,74000000,1
1288843080000,1288843139000,1.60421,1.60426,1.60395,1.6041,111200000,1
1288843140000,1288843199000,1.6041,1.6041,1.60376,1.60378,98200000,1
1288843200000,1288843259000,1.60378,1.60378,1.60348,1.60367,88300000,1
1288843260000,1288843319000,1.60367,1.60367,1.60334,1.60358,109300000,1
1288843320000,1288843379000,1.60358,1.60365,1.60346,1.60355,89400000,1
1288843380000,1288843439000,1.60355,1.60367,1.60326,1.60326,155000000,1
1288843440000,1288843499000,1.60319,1.60345,1.6029,1.6029,119200000,1
1288843500000,1288843559000,1.6029,1.60308,1.60249,1.60264,88800000,1
1288843560000,1288843619000,1.60264,1.60279,1.60256,1.60277,76100000,1
1288843620000,1288843679000,1.60273,1.6029,1.60273,1.60284,72600000,1
1288843680000,1288843739000,1.60284,1.60284,1.60236,1.60244,70000000,1
1288843740000,1288843799000,1.60247,1.60288,1.60246,1.60288,93600000,1
1288843800000,1288843859000,1.60287,1.60326,1.60287,1.60322,88300000,1
1288843860000,1288843919000,1.60322,1.60329,1.60311,1.60313,105400000,1
1288843920000,1288843979000,1.60312,1.60325,1.60312,1.60324,70700000,1
1288843980000,1288844039000,1.60324,1.60324,1.60324,1.60324,49300000,1
1288844040000,1288844099000,1.60324,1.60324,1.60311,1.60321,77700000,1
1288844100000,1288844159000,1.60304,1.60304,1.60294,1.60299,54400000,1
1288844160000,1288844219000,1.60299,1.60306,1.60288,1.60305,79500000,1
1288844220000,1288844279000,1.60305,1.60305,1.60282,1.60282,84600000,1
1288844280000,1288844339000,1.60282,1.6031,1.60282,1.60301,52600000,1
1288844340000,1288844399000,1.60301,1.60301,1.60297,1.60301,56400000,1
1288844400000,1288844459000,1.60301,1.60323,1.60301,1.60314,105900000,1
1288844460000,1288844519000,1.60314,1.60314,1.60286,1.60298,84500000,1
1288844520000,1288844579000,1.60297,1.60298,1.60277,1.60289,65000000,1
1288844580000,1288844639000,1.60289,1.60333,1.60289,1.60324,112800000,1
1288844640000,1288844699000,1.60332,1.60344,1.60325,1.60344,88500000,1
1288844700000,1288844759000,1.60344,1.60353,1.60344,1.60349,46800000,1
1288844760000,1288844819000,1.60339,1.60351,1.60329,1.60333,89500000,1
1288844820000,1288844879000,1.60325,1.60353,1.6031,1.60344,107900000,1
1288844880000,1288844939000,1.60342,1.60354,1.60336,1.60343,85000000,1
1288844940000,1288844999000,1.60343,1.60353,1.60343,1.60348,67600000,1
1288845000000,1288845059000,1.60352,1.60393,1.60348,1.60368,93500000,1
1288845060000,1288845119000,1.60368,1.60368,1.60368,1.60368,109100000,1
1288845120000,1288845179000,1.60368,1.60376,1.60347,1.6036,98500000,1
1288845180000,1288845239000,1.60359,1.60402,1.60353,1.60402,86800000,1
1288845240000,1288845299000,1.60402,1.60403,1.60346,1.60363,127600000,1
1288845300000,1288845359000,1.60366,1.60367,1.6035,1.60351,110200000,1
1288845360000,1288845419000,1.60351,1.60351,1.6033,1.60343,73900000,1
1288845420000,1288845479000,1.6035,1.60367,1.60343,1.60347,77400000,1
1288845480000,1288845539000,1.60352,1.60354,1.60339,1.60341,71000000,1
1288845540000,1288845599000,1.6034,1.60356,1.60323,1.60341,137900000,1
1288845600000,1288845659000,1.60341,1.60345,1.60308,1.60345,139700000,1
1288845660000,1288845719000,1.60345,1.60347,1.60302,1.6032,134400000,1
1288845720000,1288845779000,1.6032,1.6032,1.60287,1.603,79700000,1
1288845780000,1288845839000,1.603,1.60308,1.60298,1.60308,56700000,1
1288845840000,1288845899000,1.60308,1.60308,1.60284,1.60287,58400000,1
1288845900000,1288845959000,1.60287,1.60295,1.60284,1.60295,51900000,1
1288845960000,1288846019000,1.60288,1.60293,1.60269,1.60292,74900000,1
1288846020000,1288846079000,1.60292,1.60297,1.60259,1.6028,127100000,1
1288846080000,1288846139000,1.60274,1.60281,1.60267,1.60267,100000000,1
1288846140000,1288846199000,1.60267,1.60277,1.60254,1.60254,48900000,1
1288846200000,1288846259000,1.60254,1.6027,1.60254,1.60267,80400000,1
1288846260000,1288846319000,1.6027,1.60273,1.60259,1.6027,69300000,1
1288846320000,1288846379000,1.6027,1.6028,1.60263,1.60263,99900000,1
1288846380000,1288846439000,1.6026,1.60276,1.60259,1.60259,105100000,1
1288846440000,1288846499000,1.60259,1.60268,1.60252,1.6026,99100000,1
1288846500000,1288846559000,1.60262,1.60263,1.60262,1.60263,26400000,1
1288846560000,1288846619000,1.60263,1.60282,1.6026,1.60268,83300000,1
1288846620000,1288846679000,1.60268,1.60271,1.6026,1.60267,68600000,1
1288846680000,1288846739000,1.60267,1.60273,1.60262,1.60262,40500000,1
1288846740000,1288846799000,1.60262,1.60271,1.60254,1.60271,95700000,1
1288846800000,1288846859000,1.60272,1.60272,1.60252,1.60253,69000000,1
1288846860000,1288846919000,1.60253,1.60259,1.6024,1.6024,80500000,1
1288846920000,1288846979000,1.60241,1.60254,1.60237,1.60239,75300000,1
1288846980000,1288847039000,1.60238,1.60254,1.60237,1.60243,100800000,1
1288847040000,1288847099000,1.60243,1.60257,1.60237,1.60253,70100000,1
1288847100000,1288847159000,1.60252,1.60277,1.60247,1.60272,72300000,1
1288847160000,1288847219000,1.60272,1.60276,1.60247,1.60276,56400000,1
1288847220000,1288847279000,1.60277,1.60285,1.60263,1.60263,57300000,1
1288847280000,1288847339000,1.60263,1.60312,1.60263,1.60304,84600000,1
1288847340000,1288847399000,1.60304,1.60304,1.60285,1.6029,71800000,1
1288847400000,1288847459000,1.60295,1.6031,1.60271,1.60283,69200000,1
1288847460000,1288847519000,1.60283,1.60309,1.60282,1.60304,90200000,1
1288847520000,1288847579000,1.60304,1.60324,1.60304,1.60318,87700000,1
1288847580000,1288847639000,1.60318,1.60362,1.60309,1.60362,74300000,1
1288847640000,1288847699000,1.6036,1.6036,1.60333,1.60351,92000000,1
1288847700000,1288847759000,1.60353,1.60393,1.60353,1.60378,119100000,1
1288847760000,1288847819000,1.60381,1.60382,1.60361,1.60382,51200000,1
1288847820000,1288847879000,1.60382,1.60392,1.60359,1.60378,61800000,1
1288847880000,1288847939000,1.60378,1.60378,1.60292,1.60304,98300000,1
1288847940000,1288847999000,1.60312,1.60318,1.60286,1.60311,99200000,1
1288848000000,1288848059000,1.60311,1.60312,1.60282,1.60309,93700000,1
1288848060000,1288848119000,1.60316,1.60355,1.60298,1.60331,79400000,1
1288848120000,1288848179000,1.60331,1.60353,1.60329,1.60347,84300000,1
1288848180000,1288848239000,1.60347,1.60371,1.60346,1.60354,108100000,1
1288848240000,1288848299000,1.60357,1.60361,1.60331,1.60361,50700000,1
1288848300000,1288848359000,1.60361,1.60361,1.60353,1.60353,51900000,1
1288848360000,1288848419000,1.60353,1.60361,1.60322,1.60322,121300000,1
1288848420000,1288848479000,1.60327,1.60333,1.60313,1.60313,72700000,1
1288848480000,1288848539000,1.60314,1.60345,1.60303,1.60311,84700000,1
1288848540000,1288848599000,1.60315,1.60323,1.60299,1.6031,66400000,1
1288848600000,1288848659000,1.6031,1.60313,1.60299,1.60303,95400000,1
1288848660000,1288848719000,1.60303,1.60327,1.60287,1.60309,116600000,1
1288848720000,1288848779000,1.60308,1.60324,1.60282,1.60296,91200000,1
1288848780000,1288848839000,1.60291,1.60303,1.60289,1.60302,53500000,1
1288848840000,1288848899000,1.60297,1.60323,1.60284,1.60323,94600000,1
1288848900000,1288848959000,1.60324,1.60333,1.60295,1.60307,134200000,1
1288848960000,1288849019000,1.60307,1.60352,1.60307,1.60335,99100000,1
1288849020000,1288849079000,1.60335,1.60335,1.60277,1.60311,99100000,1
1288849080000,1288849139000,1.6032,1.60378,1.60293,1.60326,105100000,1
1288849140000,1288849199000,1.60326,1.60374,1.60319,1.60319,119800000,1
1288849200000,1288849259000,1.60323,1.60363,1.60323,1.60362,100200000,1
1288849260000,1288849319000,1.60362,1.60379,1.6035,1.6035,75100000,1
1288849320000,1288849379000,1.60336,1.60395,1.60336,1.60387,105600000,1
1288849380000,1288849439000,1.60394,1.60428,1.60379,1.60413,104200000,1
1288849440000,1288849499000,1.60417,1.60426,1.60359,1.60373,168900000,1
1288849500000,1288849559000,1.6037,1.6037,1.60345,1.60345,52900000,1
1288849560000,1288849619000,1.6035,1.60363,1.60348,1.6035,107700000,1
1288849620000,1288849679000,1.60357,1.60358,1.60355,1.60357,108700000,1
1288849680000,1288849739000,1.60357,1.60366,1.6034,1.6034,67600000,1
1288849740000,1288849799000,1.6034,1.60349,1.60312,1.60312,56700000,1
1288849800000,1288849859000,1.60309,1.60334,1.60309,1.60334,66600000,1
1288849860000,1288849919000,1.60334,1.60348,1.60317,1.60318,50500000,1
1288849920000,1288849979000,1.60318,1.60332,1.60306,1.60329,63500000,1
1288849980000,1288850039000,1.60329,1.60344,1.60309,1.60324,110600000,1
1288850040000,1288850099000,1.60324,1.60335,1.60316,1.6032,68800000,1
1288850100000,1288850159000,1.6032,1.60335,1.60312,1.60312,61100000,1
1288850160000,1288850219000,1.60312,1.60318,1.60297,1.60297,38400000,1
1288850220000,1288850279000,1.60297,1.60309,1.60283,1.60283,47600000,1
1288850280000,1288850339000,1.60288,1.60301,1.60256,1.60263,80000000,1
1288850340000,1288850399000,1.6026,1.60278,1.60256,1.60278,60300000,1
1288850400000,1288850459000,1.60278,1.60283,1.60268,1.60268,63000000,1
1288850460000,1288850519000,1.60261,1.6029,1.60249,1.6029,78200000,1
1288850520000,1288850579000,1.6029,1.60295,1.60274,1.60294,51000000,1
1288850580000,1288850639000,1.60288,1.60401,1.60288,1.60378,66300000,1
1288850640000,1288850699000,1.6038,1.60418,1.60373,1.60393,100800000,1
1288850700000,1288850759000,1.60383,1.60417,1.60379,1.60403,68500000,1
1288850760000,1288850819000,1.60408,1.60411,1.60394,1.60408,68800000,1
1288850820000,1288850879000,1.60408,1.60412,1.6039,1.6039,49400000,1
1288850880000,1288850939000,1.6039,1.60405,1.60371,1.60371,58000000,1
1288850940000,1288850999000,1.60384,1.60395,1.60378,1.60395,87700000,1
1288851000000,1288851059000,1.60395,1.60395,1.60372,1.60376,51600000,1
1288851060000,1288851119000,1.60376,1.6038,1.60349,1.60355,73300000,1
1288851120000,1288851179000,1.60355,1.60369,1.6035,1.60365,61200000,1
1288851180000,1288851239000,1.60365,1.60372,1.60346,1.60358,70800000,1
1288851240000,1288851299000,1.60358,1.60379,1.60358,1.60361,61200000,1
1288851300000,1288851359000,1.60368,1.60384,1.60361,1.60361,95600000,1
1288851360000,1288851419000,1.60361,1.60363,1.60319,1.60358,109700000,1
1288851420000,1288851479000,1.60346,1.6039,1.60335,1.60384,98200000,1
1288851480000,1288851539000,1.60376,1.60383,1.60358,1.60361,91600000,1
1288851540000,1288851599000,1.60361,1.60388,1.60356,1.60372,91000000,1
1288851600000,1288851659000,1.60372,1.60395,1.60363,1.60387,82100000,1
1288851660000,1288851719000,1.60387,1.60387,1.60338,1.60356,55900000,1
1288851720000,1288851779000,1.60353,1.60376,1.60294,1.60302,102000000,1
1288851780000,1288851839000,1.60304,1.6034,1.60301,1.60323,99200000,1
1288851840000,1288851899000,1.60323,1.60353,1.60322,1.60343,70800000,1
1288851900000,1288851959000,1.60343,1.60343,1.60324,1.60334,83700000,1
1288851960000,1288852019000,1.60334,1.60339,1.60323,1.60339,92300000,1
1288852020000,1288852079000,1.60339,1.60345,1.60333,1.60335,74800000,1
1288852080000,1288852139000,1.60333,1.60374,1.60324,1.60331,119300000,1
1288852140000,1288852199000,1.60331,1.60363,1.60331,1.60355,55400000,1
1288852200000,1288852259000,1.60355,1.60372,1.60313,1.60331,135100000,1
1288852260000,1288852319000,1.60331,1.60331,1.60277,1.6029,55700000,1
1288852320000,1288852379000,1.6029,1.6029,1.60263,1.60271,79700000,1
1288852380000,1288852439000,1.60271,1.60304,1.60271,1.60304,70300000,1
1288852440000,1288852499000,1.60304,1.60312,1.6028,1.60299,89600000,1
1288852500000,1288852559000,1.60299,1.60318,1.60298,1.60316,78300000,1
1288852560000,1288852619000,1.60316,1.60316,1.60295,1.60303,64200000,1
1288852620000,1288852679000,1.60303,1.60362,1.60303,1.60353,67600000,1
1288852680000,1288852739000,1.60353,1.60356,1.60314,1.60324,66400000,1
1288852740000,1288852799000,1.60319,1.60357,1.60302,1.60357,88200000,1
1288852800000,1288852859000,1.60357,1.60363,1.60346,1.60361,53900000,1
1288852860000,1288852919000,1.60361,1.60378,1.6034,1.60373,75400000,1
1288852920000,1288852979000,1.60377,1.60386,1.60372,1.60373,55600000,1
1288852980000,1288853039000,1.60373,1.60373,1.60353,1.60353,47200000,1
1288853040000,1288853099000,1.60353,1.60364,1.60345,1.60363,49100000,1
1288853100000,1288853159000,1.60358,1.60378,1.60353,1.60366,88000000,1
1288853160000,1288853219000,1.60365,1.60382,1.60363,1.60372,56900000,1
1288853220000,1288853279000,1.60371,1.60383,1.60352,1.60356,59200000,1
1288853280000,1288853339000,1.60356,1.60362,1.60318,1.60362,98600000,1
1288853340000,1288853399000,1.60358,1.6038,1.60351,1.60378,132000000,1
1288853400000,1288853459000,1.60373,1.60389,1.60357,1.60379,79000000,1
1288853460000,1288853519000,1.60384,1.60429,1.60378,1.60429,120800000,1
1288853520000,1288853579000,1.6043,1.6043,1.60397,1.60417,65100000,1
1288853580000,1288853639000,1.60416,1.60416,1.60388,1.60389,73600000,1
1288853640000,1288853699000,1.60388,1.60396,1.60378,1.60393,58900000,1
1288853700000,1288853759000,1.60393,1.60447,1.60389,1.60443,104600000,1
1288853760000,1288853819000,1.60443,1.60479,1.60431,1.60476,84400000,1
1288853820000,1288853879000,1.60467,1.60471,1.60426,1.60427,70000000,1
1288853880000,1288853939000,1.60427,1.60467,1.60422,1.60448,66900000,1
1288853940000,1288853999000,1.60443,1.60447,1.60368,1.60381,88200000,1
1288854000000,1288854059000,1.60379,1.60426,1.60341,1.60341,134000000,1
1288854060000,1288854119000,1.60333,1.60365,1.60327,1.60353,146700000,1
1288854120000,1288854179000,1.60353,1.60382,1.60345,1.60361,135800000,1
1288854180000,1288854239000,1.6036,1.60385,1.60325,1.60325,125600000,1
1288854240000,1288854299000,1.60323,1.60334,1.60292,1.60333,139900000,1
1288854300000,1288854359000,1.60333,1.60348,1.60314,1.60317,114200000,1
1288854360000,1288854419000,1.60317,1.60325,1.60272,1.60292,159200000,1
1288854420000,1288854479000,1.60287,1.60298,1.60257,1.60269,88200000,1
1288854480000,1288854539000,1.60267,1.60309,1.6026,1.60301,90300000,1
1288854540000,1288854599000,1.60303,1.60346,1.60286,1.60323,139700000,1
1288854600000,1288854659000,1.60329,1.60366,1.60321,1.60339,74600000,1
1288854660000,1288854719000,1.60339,1.60345,1.60316,1.6032,76500000,1
1288854720000,1288854779000,1.60323,1.60349,1.60317,1.60321,65500000,1
1288854780000,1288854839000,1.60332,1.60359,1.60316,1.60318,98800000,1
1288854840000,1288854899000,1.60316,1.60353,1.60313,1.60328,86100000,1
1288854900000,1288854959000,1.60328,1.60359,1.60324,1.60349,82700000,1
1288854960000,1288855019000,1.60349,1.60349,1.60308,1.60312,88800000,1
1288855020000,1288855079000,1.60314,1.60344,1.60299,1.60326,130500000,1
1288855080000,1288855139000,1.60321,1.60338,1.60293,1.603,101800000,1
1288855140000,1288855199000,1.60297,1.60312,1.60283,1.60302,83200000,1
1288855200000,1288855259000,1.60304,1.60304,1.60278,1.60278,90100000,1
1288855260000,1288855319000,1.60278,1.603,1.60263,1.60277,117500000,1
1288855320000,1288855379000,1.60287,1.60311,1.60287,1.60288,116800000,1
1288855380000,1288855439000,1.60288,1.60316,1.60287,1.60308,91000000,1
1288855440000,1288855499000,1.60308,1.60343,1.60281,1.60306,161400000,1
1288855500000,1288855559000,1.60306,1.60351,1.60299,1.60299,145100000,1
1288855560000,1288855619000,1.603,1.60336,1.60268,1.6028,165100000,1
1288855620000,1288855679000,1.60291,1.60355,1.60285,1.60344,130800000,1
1288855680000,1288855739000,1.60337,1.60388,1.60337,1.60351,162900000,1
1288855740000,1288855799000,1.60341,1.60392,1.60313,1.60383,147500000,1
1288855800000,1288855859000,1.60383,1.60394,1.60345,1.60388,148100000,1
1288855860000,1288855919000,1.6037,1.60446,1.6037,1.60441,111000000,1
1288855920000,1288855979000,1.60427,1.60443,1.60408,1.60442,110500000,1
1288855980000,1288856039000,1.60442,1.60442,1.6037,1.6037,116500000,1
1288856040000,1288856099000,1.6037,1.6037,1.60295,1.60297,116100000,1
1288856100000,1288856159000,1.60297,1.60304,1.6025,1.60251,178400000,1
1288856160000,1288856219000,1.60253,1.60285,1.60207,1.60265,131600000,1
1288856220000,1288856279000,1.60266,1.60279,1.60236,1.60239,140400000,1
1288856280000,1288856339000,1.60235,1.60254,1.60223,1.60232,129600000,1
1288856340000,1288856399000,1.60234,1.60279,1.6022,1.60253,117400000,1
1288856400000,1288856459000,1.60253,1.60307,1.6025,1.60299,131900000,1
1288856460000,1288856519000,1.60301,1.60332,1.60291,1.60327,112200000,1
1288856520000,1288856579000,1.60329,1.60368,1.60304,1.60304,118700000,1
1288856580000,1288856639000,1.60311,1.60343,1.6029,1.60343,81400000,1
1288856640000,1288856699000,1.60354,1.60399,1.60354,1.60388,128900000,1
1288856700000,1288856759000,1.60388,1.60395,1.60371,1.60392,90500000,1
1288856760000,1288856819000,1.60395,1.60429,1.60393,1.60412,110300000,1
1288856820000,1288856879000,1.60412,1.60438,1.60403,1.60419,88700000,1
1288856880000,1288856939000,1.6043,1.60483,1.6043,1.6045,87200000,1
1288856940000,1288856999000,1.6045,1.60473,1.60429,1.60439,70500000,1
1288857000000,1288857059000,1.60442,1.60451,1.60421,1.60429,91500000,1
1288857060000,1288857119000,1.6043,1.60433,1.60393,1.60404,126000000,1
1288857120000,1288857179000,1.60401,1.60454,1.60397,1.60432,142400000,1
1288857180000,1288857239000,1.60433,1.6047,1.6041,1.60427,105000000,1
1288857240000,1288857299000,1.60427,1.60464,1.60409,1.60442,125800000,1
1288857300000,1288857359000,1.60446,1.60472,1.60441,1.60454,127000000,1
1288857360000,1288857419000,1.60454,1.60464,1.60429,1.60464,103500000,1
1288857420000,1288857479000,1.60466,1.60466,1.60452,1.60462,145700000,1
1288857480000,1288857539000,1.60462,1.60496,1.60447,1.60447,57900000,1
1288857540000,1288857599000,1.60453,1.60491,1.60445,1.6047,87900000,1
1288857600000,1288857659000,1.60477,1.60644,1.6045,1.60609,170600000,1
1288857660000,1288857719000,1.60618,1.60629,1.60539,1.60596,173000000,1
1288857720000,1288857779000,1.6059,1.60593,1.60545,1.60563,120200000,1
1288857780000,1288857839000,1.60561,1.60623,1.60548,1.60603,136600000,1
1288857840000,1288857899000,1.60607,1.60632,1.6056,1.60605,152100000,1
1288857900000,1288857959000,1.60604,1.60632,1.60551,1.60598,118700000,1
1288857960000,1288858019000,1.60583,1.60616,1.60583,1.60601,116600000,1
1288858020000,1288858079000,1.60601,1.60626,1.60596,1.60622,158000000,1
1288858080000,1288858139000,1.60612,1.60632,1.60548,1.60552,113800000,1
1288858140000,1288858199000,1.60546,1.60623,1.60546,1.60608,119900000,1
1288858200000,1288858259000,1.60598,1.60619,1.60512,1.60512,180100000,1
1288858260000,1288858319000,1.60504,1.60583,1.60504,1.60558,170100000,1
1288858320000,1288858379000,1.60552,1.60569,1.60505,1.60566,119400000,1
1288858380000,1288858439000,1.60559,1.60578,1.60517,1.60563,143200000,1
1288858440000,1288858499000,1.60561,1.60599,1.60533,1.60574,110200000,1
1288858500000,1288858559000,1.60586,1.60586,1.60521,1.60543,129900000,1
1288858560000,1288858619000,1.6054,1.60552,1.60512,1.60535,130500000,1
1288858620000,1288858679000,1.60525,1.60525,1.60472,1.60476,87400000,1
1288858680000,1288858739000,1.60474,1.60497,1.60458,1.60472,113700000,1
1288858740000,1288858799000,1.60472,1.60511,1.6045,1.60469,127500000,1
1288858800000,1288858859000,1.60444,1.60444,1.60399,1.60415,135600000,1
1288858860000,1288858919000,1.60419,1.60436,1.60393,1.60411,121700000,1
1288858920000,1288858979000,1.60407,1.60444,1.60402,1.60405,119400000,1
1288858980000,1288859039000,1.60414,1.60433,1.60379,1.60393,124100000,1
1288859040000,1288859099000,1.60393,1.60451,1.60378,1.60402,204100000,1
1288859100000,1288859159000,1.60412,1.60457,1.60398,1.60418,123100000,1
1288859160000,1288859219000,1.6042,1.60461,1.60406,1.6046,116500000,1
1288859220000,1288859279000,1.60459,1.60497,1.60448,1.60453,131600000,1
1288859280000,1288859339000,1.60447,1.60467,1.60399,1.60442,162000000,1
1288859340000,1288859399000,1.60447,1.60473,1.60412,1.60452,170100000,1
1288859400000,1288859459000,1.60437,1.60474,1.60398,1.60427,147800000,1
1288859460000,1288859519000,1.60446,1.60478,1.60425,1.60449,209700000,1
1288859520000,1288859579000,1.60444,1.60463,1.60421,1.60463,102200000,1
1288859580000,1288859639000,1.60456,1.60456,1.60421,1.6043,93400000,1
1288859640000,1288859699000,1.60439,1.60467,1.60392,1.604,128900000,1
1288859700000,1288859759000,1.60396,1.60437,1.60331,1.60429,145500000,1
1288859760000,1288859819000,1.60439,1.60439,1.60392,1.60404,109800000,1
1288859820000,1288859879000,1.60407,1.60433,1.60393,1.60411,106500000,1
1288859880000,1288859939000,1.60411,1.60432,1.60399,1.60408,105800000,1
1288859940000,1288859999000,1.60404,1.60419,1.60355,1.60397,95200000,1
1288860000000,1288860059000,1.60397,1.60461,1.60397,1.60425,114900000,1
1288860060000,1288860119000,1.60432,1.60443,1.60389,1.60406,103900000,1
1288860120000,1288860179000,1.60412,1.60452,1.60394,1.60433,89400000,1
1288860180000,1288860239000,1.60433,1.60433,1.60395,1.60398,99500000,1
1288860240000,1288860299000,1.60419,1.6043,1.60394,1.60394,89100000,1
1288860300000,1288860359000,1.60394,1.60405,1.60372,1.60396,108700000,1
1288860360000,1288860419000,1.60397,1.60413,1.60377,1.60413,90300000,1
1288860420000,1288860479000,1.60414,1.60432,1.604,1.60417,112200000,1
1288860480000,1288860539000,1.6041,1.60454,1.6041,1.6044,103900000,1
1288860540000,1288860599000,1.6044,1.60469,1.60426,1.60427,74700000,1
1288860600000,1288860659000,1.60427,1.6046,1.60422,1.60439,58600000,1
1288860660000,1288860719000,1.60449,1.60456,1.60397,1.60421,87900000,1
1288860720000,1288860779000,1.60415,1.60417,1.60311,1.60325,109600000,1
1288860780000,1288860839000,1.60328,1.60351,1.60322,1.60351,88400000,1
1288860840000,1288860899000,1.60351,1.60351,1.60281,1.60296,115400000,1
1288860900000,1288860959000,1.60296,1.60297,1.60253,1.60295,103000000,1
1288860960000,1288861019000,1.60288,1.60295,1.60251,1.60265,120700000,1
1288861020000,1288861079000,1.60258,1.60301,1.60248,1.60281,148200000,1
1288861080000,1288861139000,1.60291,1.6032,1.60273,1.60314,113100000,1
1288861140000,1288861199000,1.60306,1.60345,1.60284,1.60325,89400000,1
1288861200000,1288861259000,1.60325,1.60353,1.60313,1.6033,143700000,1
1288861260000,1288861319000,1.6033,1.6034,1.60305,1.60312,99300000,1
1288861320000,1288861379000,1.60304,1.60332,1.60294,1.60302,127200000,1
1288861380000,1288861439000,1.60292,1.60333,1.60274,1.60302,147300000,1
1288861440000,1288861499000,1.60291,1.60338,1.60275,1.60312,139500000,1
1288861500000,1288861559000,1.6031,1.60343,1.60273,1.60286,176800000,1
1288861560000,1288861619000,1.60278,1.60306,1.60249,1.60274,209000000,1
1288861620000,1288861679000,1.60282,1.60315,1.60244,1.60288,161500000,1
1288861680000,1288861739000,1.60296,1.60342,1.60291,1.60337,156000000,1
1288861740000,1288861799000,1.60341,1.60355,1.60298,1.60315,139200000,1
1288861800000,1288861859000,1.60317,1.60322,1.60218,1.60236,165100000,1
1288861860000,1288861919000,1.60239,1.60295,1.60224,1.60266,105200000,1
1288861920000,1288861979000,1.6027,1.60306,1.60213,1.60306,123100000,1
1288861980000,1288862039000,1.60307,1.60359,1.60283,1.60283,116800000,1
1288862040000,1288862099000,1.60283,1.60315,1.60275,1.60285,105500000,1
1288862100000,1288862159000,1.60285,1.60319,1.60285,1.60319,89400000,1
1288862160000,1288862219000,1.60319,1.60328,1.60289,1.60314,97400000,1
1288862220000,1288862279000,1.60314,1.60327,1.60302,1.60316,101900000,1
1288862280000,1288862339000,1.60316,1.60326,1.60304,1.60317,99000000,1
1288862340000,1288862399000,1.60313,1.60336,1.603,1.6031,86100000,1
1288862400000,1288862459000,1.60317,1.60329,1.6029,1.60319,113000000,1
1288862460000,1288862519000,1.60318,1.60334,1.60277,1.6029,140200000,1
1288862520000,1288862579000,1.60289,1.6033,1.60275,1.60275,126100000,1
1288862580000,1288862639000,1.60274,1.60298,1.60245,1.60258,119300000,1
1288862640000,1288862699000,1.60259,1.60278,1.6023,1.6025,134900000,1
1288862700000,1288862759000,1.60253,1.60314,1.60246,1.60289,85800000,1
1288862760000,1288862819000,1.60289,1.60299,1.60259,1.60292,145900000,1
1288862820000,1288862879000,1.60295,1.60332,1.60288,1.60325,98300000,1
1288862880000,1288862939000,1.60317,1.60363,1.60315,1.60319,145800000,1
1288862940000,1288862999000,1.60324,1.60353,1.60312,1.60333,119200000,1
1288863000000,1288863059000,1.60333,1.60333,1.60333,1.60333,58500000,1
1288863060000,1288863119000,1.60333,1.60344,1.60307,1.60308,95200000,1
1288863120000,1288863179000,1.60302,1.60314,1.60287,1.60293,132000000,1
1288863180000,1288863239000,1.60285,1.60332,1.60268,1.60282,152400000,1
1288863240000,1288863299000,1.60281,1.60317,1.60266,1.60302,142700000,1
1288863300000,1288863359000,1.60311,1.60326,1.60295,1.60325,95400000,1
1288863360000,1288863419000,1.60322,1.60352,1.60303,1.60303,68200000,1
1288863420000,1288863479000,1.60307,1.60356,1.60297,1.60329,127700000,1
1288863480000,1288863539000,1.60329,1.60333,1.6029,1.60302,144000000,1
1288863540000,1288863599000,1.60302,1.60318,1.60239,1.60252,167900000,1
1288863600000,1288863659000,1.60247,1.60303,1.60128,1.60138,199000000,1
1288863660000,1288863719000,1.60136,1.60215,1.60126,1.60198,240900000,1
1288863720000,1288863779000,1.60201,1.60243,1.60199,1.60226,177600000,1
1288863780000,1288863839000,1.60233,1.60255,1.60208,1.60237,129600000,1
1288863840000,1288863899000,1.60239,1.60295,1.60187,1.60199,224100000,1
1288863900000,1288863959000,1.60202,1.60253,1.60202,1.60244,184400000,1
1288863960000,1288864019000,1.60245,1.60246,1.60192,1.60233,146300000,1
1288864020000,1288864079000,1.60234,1.60267,1.60212,1.60246,108000000,1
1288864080000,1288864139000,1.60243,1.60289,1.60198,1.60205,184200000,1
1288864140000,1288864199000,1.60207,1.60215,1.60126,1.60213,175300000,1
1288864200000,1288864259000,1.60212,1.60217,1.60176,1.60184,139400000,1
1288864260000,1288864319000,1.60182,1.60234,1.60182,1.60195,118700000,1
1288864320000,1288864379000,1.60188,1.60194,1.60165,1.60174,151800000,1
1288864380000,1288864439000,1.60175,1.60213,1.60163,1.60208,101200000,1
1288864440000,1288864499000,1.60212,1.60212,1.60168,1.60177,144800000,1
1288864500000,1288864559000,1.60181,1.6019,1.60133,1.60136,130700000,1
1288864560000,1288864619000,1.60134,1.60158,1.60131,1.60145,151200000,1
1288864620000,1288864679000,1.60148,1.60175,1.60083,1.60099,121800000,1
1288864680000,1288864739000,1.60095,1.60123,1.60053,1.6008,165900000,1
1288864740000,1288864799000,1.60075,1.6011,1.60043,1.60092,157700000,1
1288864800000,1288864859000,1.60093,1.60093,1.60006,1.60014,179000000,1
1288864860000,1288864919000,1.60017,1.60056,1.60012,1.60056,135500000,1
1288864920000,1288864979000,1.60042,1.60052,1.60012,1.60036,123700000,1
1288864980000,1288865039000,1.60022,1.60035,1.59982,1.60017,98200000,1
1288865040000,1288865099000,1.60017,1.60078,1.60017,1.60078,124700000,1
1288865100000,1288865159000,1.60099,1.60116,1.60059,1.60111,127600000,1
1288865160000,1288865219000,1.601,1.6015,1.601,1.60143,165800000,1
1288865220000,1288865279000,1.60134,1.60178,1.60118,1.60136,127200000,1
1288865280000,1288865339000,1.60136,1.60148,1.60093,1.60148,138500000,1
1288865340000,1288865399000,1.60156,1.60199,1.60156,1.60188,137900000,1
1288865400000,1288865459000,1.6019,1.60214,1.60178,1.60198,145200000,1
1288865460000,1288865519000,1.60201,1.60231,1.60182,1.60221,147600000,1
1288865520000,1288865579000,1.6022,1.60237,1.60194,1.60227,116500000,1
1288865580000,1288865639000,1.60222,1.60257,1.60211,1.6025,137800000,1
1288865640000,1288865699000,1.60258,1.60268,1.60218,1.60247,123400000,1
1288865700000,1288865759000,1.60247,1.60251,1.60213,1.60218,163700000,1
1288865760000,1288865819000,1.60212,1.60228,1.60208,1.60225,129800000,1
1288865820000,1288865879000,1.60225,1.60233,1.60125,1.60138,125000000,1
1288865880000,1288865939000,1.60137,1.60194,1.60134,1.60168,124600000,1
1288865940000,1288865999000,1.60169,1.60182,1.60162,1.60176,121500000,1
1288866000000,1288866059000,1.60172,1.6018,1.60143,1.60147,128600000,1
1288866060000,1288866119000,1.60162,1.6018,1.60139,1.60178,139500000,1
1288866120000,1288866179000,1.60178,1.60207,1.60127,1.6014,125000000,1
1288866180000,1288866239000,1.6014,1.60149,1.60127,1.60134,95500000,1
1288866240000,1288866299000,1.60131,1.6015,1.60093,1.60127,131400000,1
1288866300000,1288866359000,1.60128,1.60158,1.60115,1.60141,118600000,1
1288866360000,1288866419000,1.60133,1.6017,1.60122,1.6017,97100000,1
1288866420000,1288866479000,1.6017,1.60174,1.60133,1.60133,80300000,1
1288866480000,1288866539000,1.60127,1.60157,1.60096,1.60134,83000000,1
1288866540000,1288866599000,1.60133,1.60181,1.60128,1.60138,77900000,1
1288866600000,1288866659000,1.60133,1.60146,1.60065,1.60092,95600000,1
1288866660000,1288866719000,1.60092,1.60092,1.60039,1.60045,103400000,1
1288866720000,1288866779000,1.60038,1.60038,1.59993,1.59997,89600000,1
1288866780000,1288866839000,1.59997,1.60028,1.59994,1.60014,91000000,1
1288866840000,1288866899000,1.60013,1.60038,1.60013,1.60031,66200000,1
1288866900000,1288866959000,1.60029,1.6005,1.60022,1.6005,61500000,1
1288866960000,1288867019000,1.6005,1.60065,1.60022,1.60044,78600000,1
1288867020000,1288867079000,1.60044,1.60044,1.59995,1.6,97200000,1
1288867080000,1288867139000,1.59998,1.60003,1.59934,1.60003,101600000,1
1288867140000,1288867199000,1.60004,1.6003,1.6,1.60006,118600000,1
1288867200000,1288867259000,1.60006,1.6006,1.59998,1.6006,85600000,1
1288867260000,1288867319000,1.60049,1.60084,1.60031,1.60056,72800000,1
1288867320000,1288867379000,1.60056,1.60089,1.60047,1.60072,113400000,1
1288867380000,1288867439000,1.60072,1.60104,1.60056,1.6006,91400000,1
1288867440000,1288867499000,1.6006,1.60063,1.60032,1.60032,60700000,1
1288867500000,1288867559000,1.60031,1.60037,1.59996,1.60003,104700000,1
1288867560000,1288867619000,1.60003,1.60041,1.5999,1.60003,109800000,1
1288867620000,1288867679000,1.60003,1.60028,1.59999,1.60024,89600000,1
1288867680000,1288867739000,1.60024,1.60028,1.60003,1.60005,54400000,1
1288867740000,1288867799000,1.60005,1.60014,1.59971,1.59975,78700000,1
1288867800000,1288867859000,1.59975,1.59975,1.59918,1.59918,90100000,1
1288867860000,1288867919000,1.59918,1.59976,1.59918,1.59976,97800000,1
1288867920000,1288867979000,1.59976,1.60003,1.59967,1.59998,103900000,1
1288867980000,1288868039000,1.59988,1.60018,1.59983,1.59992,100500000,1
1288868040000,1288868099000,1.6,1.60005,1.59957,1.59973,69500000,1
1288868100000,1288868159000,1.59959,1.60028,1.59959,1.60022,119700000,1
1288868160000,1288868219000,1.60024,1.60115,1.60009,1.60115,88800000,1
1288868220000,1288868279000,1.60117,1.60133,1.60101,1.60113,82800000,1
1288868280000,1288868339000,1.60113,1.60153,1.60112,1.60125,86300000,1
1288868340000,1288868399000,1.60129,1.6016,1.60109,1.6011,66500000,1
1288868400000,1288868459000,1.60116,1.60131,1.6011,1.60129,77500000,1
1288868460000,1288868519000,1.60129,1.60164,1.60114,1.60148,90800000,1
1288868520000,1288868579000,1.60148,1.60151,1.60115,1.60118,73200000,1
1288868580000,1288868639000,1.60117,1.60123,1.60031,1.60045,118600000,1
1288868640000,1288868699000,1.60034,1.60046,1.59993,1.59999,90000000,1
1288868700000,1288868759000,1.6,1.60036,1.59924,1.59948,117800000,1
1288868760000,1288868819000,1.59963,1.60005,1.59956,1.59983,85300000,1
1288868820000,1288868879000,1.59982,1.60034,1.59966,1.6,107300000,1
1288868880000,1288868939000,1.6,1.60021,1.59984,1.59984,106300000,1
1288868940000,1288868999000,1.59983,1.59991,1.59957,1.59957,110100000,1
1288869000000,1288869059000,1.59957,1.59998,1.59957,1.59998,89900000,1
1288869060000,1288869119000,1.60002,1.60025,1.59992,1.60019,92100000,1
1288869120000,1288869179000,1.60017,1.60042,1.60007,1.60007,108700000,1
1288869180000,1288869239000,1.6001,1.6003,1.59975,1.60012,159000000,1
1288869240000,1288869299000,1.60013,1.6004,1.60007,1.60025,101900000,1
1288869300000,1288869359000,1.60025,1.60025,1.59976,1.59982,115900000,1
1288869360000,1288869419000,1.59982,1.59988,1.59972,1.59981,88900000,1
1288869420000,1288869479000,1.59981,1.59992,1.59959,1.59967,66100000,1
1288869480000,1288869539000,1.59967,1.59968,1.59949,1.59962,91000000,1
1288869540000,1288869599000,1.59962,1.60071,1.59962,1.60071,108600000,1
1288869600000,1288869659000,1.60066,1.60094,1.60045,1.60053,101400000,1
1288869660000,1288869719000,1.60053,1.60075,1.60006,1.60014,102100000,1
1288869720000,1288869779000,1.60017,1.60046,1.6,1.60046,108300000,1
1288869780000,1288869839000,1.60046,1.60116,1.60017,1.60017,114200000,1
1288869840000,1288869899000,1.60011,1.60029,1.59945,1.59964,160300000,1
1288869900000,1288869959000,1.59959,1.59963,1.59909,1.59949,104800000,1
1288869960000,1288870019000,1.59961,1.5999,1.59944,1.59969,109600000,1
1288870020000,1288870079000,1.59969,1.59993,1.59967,1.59972,102800000,1
1288870080000,1288870139000,1.59985,1.59992,1.5996,1.59981,59700000,1
1288870140000,1288870199000,1.59986,1.59986,1.5996,1.59981,49400000,1
1288870200000,1288870259000,1.59981,1.59981,1.59951,1.59964,88000000,1
1288870260000,1288870319000,1.59966,1.60032,1.59957,1.60025,114600000,1
1288870320000,1288870379000,1.60023,1.6008,1.60007,1.6004,153700000,1
1288870380000,1288870439000,1.60048,1.60068,1.6004,1.6006,96700000,1
1288870440000,1288870499000,1.60057,1.60073,1.59984,1.60037,152100000,1
1288870500000,1288870559000,1.60028,1.60038,1.59984,1.59992,166100000,1
1288870560000,1288870619000,1.59992,1.60019,1.59972,1.59997,128300000,1
1288870620000,1288870679000,1.59987,1.60021,1.59967,1.59992,167000000,1
1288870680000,1288870739000,1.59989,1.60016,1.59985,1.60015,128000000,1
1288870740000,1288870799000,1.60015,1.60047,1.6001,1.60038,83500000,1
1288870800000,1288870859000,1.60038,1.60041,1.60007,1.60008,98800000,1
1288870860000,1288870919000,1.59999,1.6002,1.5999,1.59994,105200000,1
1288870920000,1288870979000,1.59986,1.60013,1.59979,1.60005,110400000,1
1288870980000,1288871039000,1.60005,1.60029,1.59974,1.60021,102000000,1
1288871040000,1288871099000,1.60021,1.60073,1.60019,1.60057,61700000,1
1288871100000,1288871159000,1.60057,1.60057,1.60019,1.60033,125400000,1
1288871160000,1288871219000,1.6003,1.6009,1.60007,1.60063,101800000,1
1288871220000,1288871279000,1.60062,1.60127,1.60055,1.60094,148500000,1
1288871280000,1288871339000,1.60094,1.60103,1.6007,1.60103,92500000,1
1288871340000,1288871399000,1.60102,1.6011,1.60078,1.60093,115900000,1
1288871400000,1288871459000,1.60093,1.6017,1.60093,1.60123,135800000,1
1288871460000,1288871519000,1.60122,1.60157,1.59999,1.60004,150900000,1
1288871520000,1288871579000,1.6001,1.60033,1.59998,1.60002,117300000,1
1288871580000,1288871639000,1.60006,1.60024,1.5998,1.60008,146700000,1
1288871640000,1288871699000,1.60014,1.60014,1.59954,1.59979,117000000,1
1288871700000,1288871759000,1.59973,1.60069,1.59973,1.60061,105400000,1
1288871760000,1288871819000,1.60061,1.60121,1.60044,1.60097,108600000,1
1288871820000,1288871879000,1.60097,1.60128,1.60074,1.60096,128000000,1
1288871880000,1288871939000,1.60097,1.60183,1.6009,1.60135,164500000,1
1288871940000,1288871999000,1.60135,1.60194,1.6,1.60023,186300000,1
1288872000000,1288872059000,1.60006,1.60465,1.60001,1.60408,320600000,1
1288872060000,1288872119000,1.60401,1.60517,1.60401,1.60426,224000000,1
1288872120000,1288872179000,1.60415,1.60563,1.60415,1.60562,141500000,1
1288872180000,1288872239000,1.60571,1.60575,1.60484,1.60565,161900000,1
1288872240000,1288872299000,1.60558,1.60622,1.60558,1.60563,129200000,1
1288872300000,1288872359000,1.60555,1.60574,1.60529,1.60544,151600000,1
1288872360000,1288872419000,1.60544,1.60567,1.60513,1.60536,156500000,1
1288872420000,1288872479000,1.60526,1.60564,1.60502,1.6056,124200000,1
1288872480000,1288872539000,1.60531,1.60563,1.60475,1.60475,183900000,1
1288872540000,1288872599000,1.60488,1.60488,1.60356,1.60393,173400000,1
1288872600000,1288872659000,1.60384,1.6041,1.60363,1.60409,147300000,1
1288872660000,1288872719000,1.60412,1.60458,1.60388,1.60425,119200000,1
1288872720000,1288872779000,1.60432,1.60441,1.60393,1.60395,127800000,1
1288872780000,1288872839000,1.6039,1.60423,1.60372,1.60418,80000000,1
1288872840000,1288872899000,1.60418,1.6044,1.60398,1.60425,88200000,1
1288872900000,1288872959000,1.60439,1.60514,1.60428,1.60428,114500000,1
1288872960000,1288873019000,1.60423,1.60437,1.6033,1.6033,124100000,1
1288873020000,1288873079000,1.6033,1.60358,1.60301,1.60323,106400000,1
1288873080000,1288873139000,1.60317,1.60347,1.60289,1.60295,122100000,1
1288873140000,1288873199000,1.60294,1.60344,1.60273,1.60293,150900000,1
1288873200000,1288873259000,1.60316,1.60347,1.60301,1.60344,157500000,1
1288873260000,1288873319000,1.60337,1.60339,1.60237,1.60241,136300000,1
1288873320000,1288873379000,1.60247,1.60265,1.60216,1.60245,111400000,1
1288873380000,1288873439000,1.60246,1.60298,1.60246,1.60298,109300000,1
1288873440000,1288873499000,1.60309,1.60319,1.60194,1.60198,133200000,1
1288873500000,1288873559000,1.60207,1.60276,1.60207,1.60256,139200000,1
1288873560000,1288873619000,1.60241,1.6027,1.60225,1.60256,89300000,1
1288873620000,1288873679000,1.60256,1.60302,1.60243,1.60278,135100000,1
1288873680000,1288873739000,1.60292,1.6031,1.60248,1.60248,119800000,1
1288873740000,1288873799000,1.60262,1.60266,1.60102,1.60102,130500000,1
1288873800000,1288873859000,1.60102,1.6018,1.6008,1.6018,173600000,1
1288873860000,1288873919000,1.6018,1.60227,1.60151,1.60227,149000000,1
1288873920000,1288873979000,1.60227,1.60227,1.60172,1.602,129700000,1
1288873980000,1288874039000,1.60202,1.60251,1.60178,1.6023,166500000,1
1288874040000,1288874099000,1.60238,1.60292,1.60232,1.60242,134700000,1
1288874100000,1288874159000,1.60243,1.60318,1.60236,1.60288,147700000,1
1288874160000,1288874219000,1.60294,1.60323,1.60276,1.60286,139700000,1
1288874220000,1288874279000,1.60294,1.6041,1.60294,1.60395,113300000,1
1288874280000,1288874339000,1.60404,1.60439,1.60401,1.60406,104300000,1
1288874340000,1288874399000,1.60406,1.60443,1.6037,1.60422,125100000,1
1288874400000,1288874459000,1.60421,1.60453,1.60403,1.60419,122300000,1
1288874460000,1288874519000,1.60415,1.60478,1.60415,1.60465,125400000,1
1288874520000,1288874579000,1.60465,1.60496,1.60427,1.60427,141800000,1
1288874580000,1288874639000,1.60422,1.60427,1.60356,1.6042,107100000,1
1288874640000,1288874699000,1.60413,1.60438,1.60398,1.60415,112900000,1
1288874700000,1288874759000,1.60412,1.60452,1.60399,1.60422,105700000,1
1288874760000,1288874819000,1.60416,1.60431,1.60379,1.60414,102600000,1
1288874820000,1288874879000,1.60414,1.60441,1.60386,1.60412,113400000,1
1288874880000,1288874939000,1.60409,1.60417,1.60385,1.60406,85100000,1
1288874940000,1288874999000,1.60406,1.60411,1.60356,1.6037,95500000,1
1288875000000,1288875059000,1.60371,1.6039,1.60357,1.60377,104100000,1
1288875060000,1288875119000,1.60385,1.60401,1.60348,1.60362,114000000,1
1288875120000,1288875179000,1.60364,1.60396,1.60326,1.60384,106000000,1
1288875180000,1288875239000,1.60384,1.60452,1.6038,1.6045,112700000,1
1288875240000,1288875299000,1.60448,1.60461,1.60407,1.60431,114200000,1
1288875300000,1288875359000,1.60426,1.60428,1.6037,1.6037,132200000,1
1288875360000,1288875419000,1.60375,1.60407,1.60357,1.60372,109400000,1
1288875420000,1288875479000,1.60374,1.60426,1.60374,1.60388,91800000,1
1288875480000,1288875539000,1.60379,1.60395,1.60343,1.60345,117600000,1
1288875540000,1288875599000,1.60345,1.60391,1.60334,1.60382,90100000,1
1288875600000,1288875659000,1.60381,1.60381,1.60327,1.60363,149000000,1
1288875660000,1288875719000,1.60358,1.60395,1.6034,1.6038,139900000,1
1288875720000,1288875779000,1.6038,1.60407,1.60333,1.60333,112300000,1
1288875780000,1288875839000,1.60335,1.60355,1.60316,1.60328,90200000,1
1288875840000,1288875899000,1.60328,1.60395,1.60097,1.60383,161100000,1
1288875900000,1288875959000,1.6039,1.60404,1.60116,1.60354,116700000,1
1288875960000,1288876019000,1.60368,1.60422,1.60362,1.60408,112600000,1
1288876020000,1288876079000,1.60408,1.60413,1.6035,1.6036,100100000,1
1288876080000,1288876139000,1.6037,1.60394,1.60349,1.60391,131700000,1
1288876140000,1288876199000,1.60391,1.60391,1.60341,1.60341,142000000,1
1288876200000,1288876259000,1.60357,1.60357,1.60316,1.60333,115100000,1
1288876260000,1288876319000,1.60333,1.60375,1.60333,1.60335,88900000,1
1288876320000,1288876379000,1.6034,1.60382,1.60323,1.60368,127700000,1
1288876380000,1288876439000,1.60363,1.60406,1.60357,1.60388,147600000,1
1288876440000,1288876499000,1.60385,1.60425,1.60367,1.60407,168800000,1
1288876500000,1288876559000,1.60408,1.60465,1.60385,1.6043,135300000,1
1288876560000,1288876619000,1.60427,1.60433,1.60389,1.60396,158100000,1
1288876620000,1288876679000,1.60396,1.60419,1.60364,1.60364,129900000,1
1288876680000,1288876739000,1.60364,1.60429,1.60353,1.60418,96400000,1
1288876740000,1288876799000,1.60419,1.60419,1.60381,1.60402,74700000,1
1288876800000,1288876859000,1.60401,1.60413,1.60385,1.60393,114000000,1
1288876860000,1288876919000,1.60404,1.60452,1.60383,1.60451,116900000,1
1288876920000,1288876979000,1.60451,1.60455,1.60431,1.60441,99400000,1
1288876980000,1288877039000,1.60442,1.60442,1.60404,1.60407,119600000,1
1288877040000,1288877099000,1.60407,1.60432,1.60397,1.60397,98300000,1
1288877100000,1288877159000,1.60394,1.60416,1.60379,1.60402,116000000,1
1288877160000,1288877219000,1.60402,1.60488,1.60389,1.60488,117200000,1
1288877220000,1288877279000,1.60505,1.60524,1.60477,1.60524,96300000,1
1288877280000,1288877339000,1.60524,1.60565,1.60503,1.60565,113700000,1
1288877340000,1288877399000,1.60556,1.606,1.60526,1.60579,111700000,1
1288877400000,1288877459000,1.60579,1.60623,1.60563,1.60596,116600000,1
1288877460000,1288877519000,1.60606,1.6063,1.60583,1.60587,137200000,1
1288877520000,1288877579000,1.60586,1.60658,1.60586,1.6065,93500000,1
1288877580000,1288877639000,1.60662,1.6072,1.6065,1.60713,148200000,1
1288877640000,1288877699000,1.60709,1.60741,1.60689,1.60734,158200000,1
1288877700000,1288877759000,1.60732,1.60761,1.60703,1.60712,161700000,1
1288877760000,1288877819000,1.6072,1.6072,1.60643,1.60654,137400000,1
1288877820000,1288877879000,1.60647,1.60658,1.60616,1.6065,140500000,1
1288877880000,1288877939000,1.60645,1.60651,1.60603,1.60612,151400000,1
1288877940000,1288877999000,1.60619,1.60625,1.60553,1.60566,164200000,1
1288878000000,1288878059000,1.6057,1.60611,1.60561,1.606,166800000,1
1288878060000,1288878119000,1.6061,1.6061,1.60566,1.60592,150200000,1
1288878120000,1288878179000,1.60588,1.60646,1.60584,1.60631,156900000,1
1288878180000,1288878239000,1.60629,1.60653,1.60621,1.60638,125900000,1
1288878240000,1288878299000,1.6064,1.60674,1.60636,1.60655,127900000,1
1288878300000,1288878359000,1.60652,1.60703,1.60652,1.60694,141400000,1
1288878360000,1288878419000,1.60692,1.60702,1.60636,1.60636,115400000,1
1288878420000,1288878479000,1.60639,1.60644,1.60608,1.60614,143600000,1
1288878480000,1288878539000,1.60614,1.60624,1.60576,1.60583,154800000,1
1288878540000,1288878599000,1.6059,1.60612,1.60573,1.60612,189200000,1
1288878600000,1288878659000,1.60602,1.60604,1.6057,1.60583,125600000,1
1288878660000,1288878719000,1.60583,1.60599,1.6056,1.60588,119400000,1
1288878720000,1288878779000,1.60589,1.60645,1.60588,1.60609,125500000,1
1288878780000,1288878839000,1.60618,1.60629,1.60592,1.60617,128300000,1
1288878840000,1288878899000,1.60608,1.60629,1.60592,1.60607,124300000,1
1288878900000,1288878959000,1.60605,1.60658,1.60588,1.60589,179500000,1
1288878960000,1288879019000,1.60581,1.6063,1.60579,1.60601,152800000,1
1288879020000,1288879079000,1.60604,1.60638,1.60595,1.60629,115000000,1
1288879080000,1288879139000,1.60627,1.60676,1.60624,1.60659,127500000,1
1288879140000,1288879199000,1.60658,1.60738,1.60658,1.60725,187000000,1
1288879200000,1288879259000,1.60728,1.60744,1.60664,1.60733,159800000,1
1288879260000,1288879319000,1.60734,1.60761,1.60691,1.6071,143500000,1
1288879320000,1288879379000,1.60714,1.60724,1.60663,1.60689,152100000,1
1288879380000,1288879439000,1.60689,1.60705,1.60632,1.60633,195700000,1
1288879440000,1288879499000,1.60639,1.6068,1.60617,1.60651,131900000,1
1288879500000,1288879559000,1.60651,1.60678,1.60638,1.60643,126300000,1
1288879560000,1288879619000,1.60645,1.60682,1.60636,1.60666,200500000,1
1288879620000,1288879679000,1.6066,1.60721,1.60657,1.60714,147200000,1
1288879680000,1288879739000,1.60739,1.60752,1.60692,1.6075,172300000,1
1288879740000,1288879799000,1.6074,1.6074,1.60628,1.60667,142600000,1
1288879800000,1288879859000,1.60671,1.60672,1.60588,1.60596,107300000,1
1288879860000,1288879919000,1.60596,1.60608,1.60567,1.60579,95200000,1
1288879920000,1288879979000,1.60579,1.60595,1.60563,1.60571,121900000,1
1288879980000,1288880039000,1.60569,1.60607,1.60562,1.60587,105800000,1
1288880040000,1288880099000,1.60596,1.60614,1.60562,1.60578,113400000,1
1288880100000,1288880159000,1.60577,1.60584,1.60555,1.60556,113300000,1
1288880160000,1288880219000,1.60562,1.606,1.60561,1.60591,109000000,1
1288880220000,1288880279000,1.60582,1.60645,1.60576,1.60603,128000000,1
1288880280000,1288880339000,1.60604,1.60659,1.60587,1.60636,136000000,1
1288880340000,1288880399000,1.60636,1.60699,1.60623,1.6069,94900000,1
1288880400000,1288880459000,1.60691,1.60766,1.60683,1.60766,80800000,1
1288880460000,1288880519000,1.60768,1.60787,1.60751,1.60759,90300000,1
1288880520000,1288880579000,1.60771,1.60802,1.60754,1.60773,110300000,1
1288880580000,1288880639000,1.60771,1.60778,1.60757,1.60761,84200000,1
1288880640000,1288880699000,1.60766,1.60766,1.60735,1.60743,107500000,1
1288880700000,1288880759000,1.60747,1.60771,1.60718,1.60728,132700000,1
1288880760000,1288880819000,1.60732,1.60734,1.60684,1.60688,110600000,1
1288880820000,1288880879000,1.607,1.60713,1.60689,1.60701,105600000,1
1288880880000,1288880939000,1.60702,1.60702,1.6064,1.60648,139000000,1
1288880940000,1288880999000,1.60654,1.6067,1.60639,1.6066,132200000,1
1288881000000,1288881059000,1.60668,1.6068,1.60624,1.60649,96900000,1
1288881060000,1288881119000,1.60649,1.60693,1.60646,1.60674,114900000,1
1288881120000,1288881179000,1.60679,1.60722,1.60679,1.60721,104800000,1
1288881180000,1288881239000,1.60721,1.60723,1.60666,1.60672,111000000,1
1288881240000,1288881299000,1.60677,1.60705,1.60656,1.60705,93700000,1
1288881300000,1288881359000,1.60705,1.60729,1.607,1.60706,88000000,1
1288881360000,1288881419000,1.60706,1.60749,1.60702,1.60749,112500000,1
1288881420000,1288881479000,1.60755,1.60762,1.60703,1.60721,84100000,1
1288881480000,1288881539000,1.60721,1.60743,1.60693,1.60711,134200000,1
1288881540000,1288881599000,1.60717,1.60748,1.6066,1.60676,102100000,1
1288881600000,1288881659000,1.60676,1.60686,1.60636,1.60654,108000000,1
1288881660000,1288881719000,1.60654,1.60672,1.60625,1.60634,126100000,1
1288881720000,1288881779000,1.60634,1.60649,1.6057,1.60584,138200000,1
1288881780000,1288881839000,1.60584,1.6059,1.60516,1.60518,116800000,1
1288881840000,1288881899000,1.60518,1.60562,1.60518,1.60547,116000000,1
1288881900000,1288881959000,1.60557,1.60569,1.60544,1.6055,94600000,1
1288881960000,1288882019000,1.60555,1.60582,1.60545,1.60556,123700000,1
1288882020000,1288882079000,1.60555,1.60603,1.60545,1.60586,110300000,1
1288882080000,1288882139000,1.60586,1.606,1.60556,1.60557,108200000,1
1288882140000,1288882199000,1.60555,1.60572,1.60546,1.6055,89000000,1
1288882200000,1288882259000,1.60552,1.60583,1.60539,1.60553,117800000,1
1288882260000,1288882319000,1.60552,1.60589,1.60546,1.60569,107800000,1
1288882320000,1288882379000,1.60558,1.60563,1.60513,1.60522,83600000,1
1288882380000,1288882439000,1.60517,1.60524,1.60486,1.60486,57400000,1
1288882440000,1288882499000,1.60488,1.60512,1.60485,1.60487,93100000,1
1288882500000,1288882559000,1.60491,1.60515,1.60476,1.60478,114700000,1
1288882560000,1288882619000,1.6048,1.6052,1.6048,1.60512,84800000,1
1288882620000,1288882679000,1.60507,1.60547,1.60503,1.60515,103200000,1
1288882680000,1288882739000,1.60508,1.60525,1.6049,1.60524,122100000,1
1288882740000,1288882799000,1.60524,1.60559,1.60493,1.60559,86800000,1
1288882800000,1288882859000,1.60554,1.6056,1.60521,1.6053,99200000,1
1288882860000,1288882919000,1.6053,1.6056,1.60519,1.60529,116600000,1
1288882920000,1288882979000,1.60529,1.60562,1.60511,1.60552,89700000,1
1288882980000,1288883039000,1.60552,1.60553,1.60527,1.60543,113600000,1
1288883040000,1288883099000,1.60549,1.6056,1.60491,1.60499,109700000,1
1288883100000,1288883159000,1.60499,1.60501,1.60445,1.60454,142600000,1
1288883160000,1288883219000,1.60454,1.60462,1.60424,1.60427,109400000,1
1288883220000,1288883279000,1.60422,1.60431,1.60394,1.60394,99400000,1
1288883280000,1288883339000,1.60392,1.60408,1.6035,1.60393,142900000,1
1288883340000,1288883399000,1.60398,1.60416,1.6039,1.60403,111300000,1
1288883400000,1288883459000,1.60403,1.60403,1.60355,1.60372,134500000,1
1288883460000,1288883519000,1.60368,1.60379,1.60288,1.60293,104900000,1
1288883520000,1288883579000,1.60303,1.60325,1.60297,1.60304,120000000,1
1288883580000,1288883639000,1.603,1.60326,1.603,1.60308,88100000,1
1288883640000,1288883699000,1.60313,1.60361,1.60313,1.60347,128800000,1
1288883700000,1288883759000,1.60344,1.60389,1.60343,1.60378,113600000,1
1288883760000,1288883819000,1.6037,1.60414,1.60352,1.60409,132900000,1
1288883820000,1288883879000,1.60409,1.60423,1.60363,1.604,119800000,1
1288883880000,1288883939000,1.60408,1.60418,1.60356,1.60418,140600000,1
1288883940000,1288883999000,1.60417,1.60462,1.60406,1.60419,129000000,1
1288884000000,1288884059000,1.6042,1.60428,1.60384,1.60423,143700000,1
1288884060000,1288884119000,1.60433,1.60461,1.60404,1.60442,130300000,1
1288884120000,1288884179000,1.60442,1.60533,1.60432,1.60506,128000000,1
1288884180000,1288884239000,1.60505,1.60538,1.60499,1.60509,129900000,1
1288884240000,1288884299000,1.60508,1.60515,1.60462,1.60478,135800000,1
1288884300000,1288884359000,1.60483,1.60524,1.60473,1.60512,102500000,1
1288884360000,1288884419000,1.60512,1.60575,1.60512,1.60571,136400000,1
1288884420000,1288884479000,1.60579,1.60579,1.60539,1.60555,164100000,1
1288884480000,1288884539000,1.60555,1.60581,1.60528,1.60531,158000000,1
1288884540000,1288884599000,1.60532,1.60533,1.60484,1.60496,150400000,1
1288884600000,1288884659000,1.60492,1.60502,1.6047,1.60478,125400000,1
1288884660000,1288884719000,1.60478,1.6053,1.60462,1.60504,139500000,1
1288884720000,1288884779000,1.60506,1.60509,1.60486,1.6049,121300000,1
1288884780000,1288884839000,1.60495,1.60495,1.60444,1.60456,130100000,1
1288884840000,1288884899000,1.6045,1.60477,1.6045,1.60473,124400000,1
1288884900000,1288884959000,1.6047,1.60476,1.60437,1.60455,161000000,1
1288884960000,1288885019000,1.60451,1.60475,1.60442,1.60451,94500000,1
1288885020000,1288885079000,1.60446,1.60488,1.60443,1.60475,181700000,1
1288885080000,1288885139000,1.60469,1.60474,1.60454,1.60463,91200000,1
1288885140000,1288885199000,1.60463,1.60472,1.60452,1.60472,78100000,1
1288885200000,1288885259000,1.60472,1.60482,1.60428,1.60443,107800000,1
1288885260000,1288885319000,1.60447,1.60473,1.60417,1.6044,120600000,1
1288885320000,1288885379000,1.60454,1.60489,1.60404,1.60416,73600000,1
1288885380000,1288885439000,1.60416,1.60431,1.60406,1.60411,139200000,1
1288885440000,1288885499000,1.60411,1.6047,1.60403,1.60461,118600000,1
1288885500000,1288885559000,1.6047,1.60493,1.60447,1.60472,95300000,1
1288885560000,1288885619000,1.60472,1.60519,1.60468,1.60485,104900000,1
1288885620000,1288885679000,1.60503,1.60569,1.60487,1.60558,130000000,1
1288885680000,1288885739000,1.60559,1.60583,1.60533,1.60543,87500000,1
1288885740000,1288885799000,1.60539,1.60539,1.60497,1.60509,112500000,1
1288885800000,1288885859000,1.60509,1.60511,1.6047,1.60474,126400000,1
1288885860000,1288885919000,1.60471,1.60499,1.60461,1.60472,95400000,1
1288885920000,1288885979000,1.60472,1.605,1.60444,1.6046,86900000,1
1288885980000,1288886039000,1.6046,1.60473,1.60422,1.60445,127200000,1
1288886040000,1288886099000,1.60438,1.60468,1.60418,1.60465,130600000,1
1288886100000,1288886159000,1.6047,1.60499,1.60448,1.6048,128000000,1
1288886160000,1288886219000,1.6048,1.60509,1.60455,1.60501,105900000,1
1288886220000,1288886279000,1.60529,1.60572,1.60523,1.6053,123100000,1
1288886280000,1288886339000,1.60527,1.60553,1.60527,1.60539,128500000,1
1288886340000,1288886399000,1.60544,1.60581,1.60472,1.60512,160400000,1
1288886400000,1288886459000,1.60507,1.60507,1.60402,1.60448,142300000,1
1288886460000,1288886519000,1.60452,1.60486,1.60424,1.60486,73500000,1
1288886520000,1288886579000,1.60486,1.60524,1.60463,1.60474,88500000,1
1288886580000,1288886639000,1.60474,1.60482,1.6036,1.6036,105900000,1
1288886640000,1288886699000,1.60371,1.60446,1.60371,1.6044,90900000,1
1288886700000,1288886759000,1.60431,1.60467,1.60412,1.60461,80600000,1
1288886760000,1288886819000,1.60467,1.60502,1.60441,1.60442,77900000,1
1288886820000,1288886879000,1.60441,1.60525,1.6044,1.60524,123700000,1
1288886880000,1288886939000,1.60514,1.60548,1.60502,1.60531,106800000,1
1288886940000,1288886999000,1.60519,1.60527,1.6048,1.60483,85900000,1
1288887000000,1288887059000,1.60491,1.60491,1.60444,1.60457,81200000,1
1288887060000,1288887119000,1.60463,1.6047,1.60413,1.60427,106000000,1
1288887120000,1288887179000,1.60428,1.6044,1.60403,1.60425,84000000,1
1288887180000,1288887239000,1.6042,1.6042,1.60374,1.60376,68200000,1
1288887240000,1288887299000,1.60373,1.6041,1.60369,1.60391,105800000,1
1288887300000,1288887359000,1.60392,1.60394,1.60343,1.60375,78000000,1
1288887360000,1288887419000,1.6037,1.60394,1.60347,1.60375,83300000,1
1288887420000,1288887479000,1.60375,1.60409,1.60359,1.60397,96800000,1
1288887480000,1288887539000,1.60394,1.60432,1.60374,1.60418,95200000,1
1288887540000,1288887599000,1.60418,1.60427,1.60362,1.60378,74700000,1
1288887600000,1288887659000,1.60382,1.60397,1.60372,1.60387,80200000,1
1288887660000,1288887719000,1.60387,1.60395,1.60349,1.60355,80400000,1
1288887720000,1288887779000,1.60363,1.60395,1.60353,1.60369,94000000,1
1288887780000,1288887839000,1.60365,1.60365,1.60307,1.60312,80700000,1
1288887840000,1288887899000,1.60312,1.60348,1.60296,1.60341,79200000,1
1288887900000,1288887959000,1.60341,1.60355,1.60329,1.60348,65400000,1
1288887960000,1288888019000,1.6035,1.60356,1.60327,1.60356,116100000,1
1288888020000,1288888079000,1.60356,1.6039,1.60356,1.60366,77800000,1
1288888080000,1288888139000,1.60356,1.60373,1.60338,1.60352,110600000,1
1288888140000,1288888199000,1.60348,1.60363,1.60293,1.6033,110700000,1
1288888200000,1288888259000,1.6033,1.60353,1.60281,1.60288,136700000,1
1288888260000,1288888319000,1.60288,1.60347,1.60279,1.60331,135500000,1
1288888320000,1288888379000,1.6033,1.60374,1.60323,1.60351,121800000,1
1288888380000,1288888439000,1.6035,1.60352,1.60196,1.60202,159300000,1
1288888440000,1288888499000,1.60205,1.6026,1.60173,1.60213,187300000,1
1288888500000,1288888559000,1.60224,1.60277,1.60224,1.60269,108200000,1
1288888560000,1288888619000,1.60273,1.60276,1.60227,1.60227,133000000,1
1288888620000,1288888679000,1.60228,1.60237,1.60195,1.60204,104200000,1
1288888680000,1288888739000,1.60198,1.60214,1.60196,1.60209,102700000,1
1288888740000,1288888799000,1.6021,1.60252,1.6021,1.60234,116100000,1
1288888800000,1288888859000,1.6024,1.60253,1.6023,1.60235,93000000,1
1288888860000,1288888919000,1.60241,1.60256,1.60216,1.60218,124500000,1
1288888920000,1288888979000,1.60223,1.60227,1.60175,1.60181,109600000,1
1288888980000,1288889039000,1.60194,1.60225,1.60157,1.60225,105400000,1
1288889040000,1288889099000,1.60228,1.60247,1.60199,1.60247,128100000,1
1288889100000,1288889159000,1.60241,1.60257,1.60207,1.60215,114900000,1
1288889160000,1288889219000,1.60217,1.6024,1.60166,1.60173,114000000,1
1288889220000,1288889279000,1.60168,1.60204,1.60168,1.60201,137600000,1
1288889280000,1288889339000,1.60212,1.60271,1.60196,1.60264,139300000,1
1288889340000,1288889399000,1.60271,1.60314,1.60255,1.60289,170000000,1
1288889400000,1288889459000,1.60295,1.60306,1.60248,1.60257,153400000,1
1288889460000,1288889519000,1.60258,1.60293,1.60247,1.60247,130300000,1
1288889520000,1288889579000,1.60251,1.6027,1.60194,1.60251,170100000,1
1288889580000,1288889639000,1.6025,1.6025,1.60195,1.60222,124000000,1
1288889640000,1288889699000,1.60231,1.60239,1.60198,1.60238,104700000,1
1288889700000,1288889759000,1.60233,1.6025,1.60215,1.6025,74600000,1
1288889760000,1288889819000,1.60242,1.60242,1.60207,1.60231,103100000,1
1288889820000,1288889879000,1.60239,1.6025,1.60182,1.60213,101400000,1
1288889880000,1288889939000,1.60211,1.6028,1.60211,1.60273,132700000,1
1288889940000,1288889999000,1.60286,1.60302,1.60257,1.60257,107900000,1
1288890000000,1288890059000,1.60251,1.60273,1.60251,1.60258,131300000,1
1288890060000,1288890119000,1.60256,1.6027,1.60249,1.60265,145500000,1
1288890120000,1288890179000,1.6027,1.60281,1.60251,1.60273,114700000,1
1288890180000,1288890239000,1.60273,1.6031,1.60257,1.60301,175500000,1
1288890240000,1288890299000,1.60302,1.60321,1.60297,1.603,148400000,1
1288890300000,1288890359000,1.603,1.603,1.60245,1.60253,169300000,1
1288890360000,1288890419000,1.60253,1.60278,1.60248,1.60265,118000000,1
1288890420000,1288890479000,1.60265,1.60285,1.60238,1.60285,166800000,1
1288890480000,1288890539000,1.60294,1.60294,1.60228,1.60248,147500000,1
1288890540000,1288890599000,1.60248,1.60254,1.60227,1.6025,128500000,1
1288890600000,1288890659000,1.60245,1.60257,1.6022,1.60227,131700000,1
1288890660000,1288890719000,1.60227,1.60249,1.60222,1.60234,57800000,1
1288890720000,1288890779000,1.60232,1.60286,1.60231,1.60257,125300000,1
1288890780000,1288890839000,1.6025,1.60273,1.60245,1.60265,155900000,1
1288890840000,1288890899000,1.60265,1.60338,1.60248,1.60336,128600000,1
1288890900000,1288890959000,1.60337,1.60337,1.60298,1.60311,113400000,1
1288890960000,1288891019000,1.60313,1.6032,1.60302,1.60306,103100000,1
1288891020000,1288891079000,1.60306,1.60306,1.60268,1.60305,110000000,1
1288891080000,1288891139000,1.60301,1.60303,1.6027,1.60273,73400000,1
1288891140000,1288891199000,1.60272,1.60286,1.6025,1.60275,94900000,1
1288891200000,1288891259000,1.60276,1.6029,1.6027,1.60283,129300000,1
1288891260000,1288891319000,1.60283,1.60293,1.60253,1.60287,125000000,1
1288891320000,1288891379000,1.60287,1.60287,1.60266,1.60286,79500000,1
1288891380000,1288891439000,1.60286,1.60299,1.60274,1.60299,76400000,1
1288891440000,1288891499000,1.60294,1.60304,1.60292,1.60304,61600000,1
1288891500000,1288891559000,1.60304,1.60357,1.60301,1.60357,86900000,1
1288891560000,1288891619000,1.6036,1.60401,1.60359,1.60394,92100000,1
1288891620000,1288891679000,1.60387,1.60395,1.60364,1.60373,98400000,1
1288891680000,1288891739000,1.60376,1.60393,1.60362,1.60388,116600000,1
1288891740000,1288891799000,1.60377,1.60418,1.60376,1.60378,108400000,1
1288891800000,1288891859000,1.60373,1.60384,1.60323,1.60329,149700000,1
1288891860000,1288891919000,1.60336,1.60358,1.60332,1.60348,113500000,1
1288891920000,1288891979000,1.60348,1.60361,1.60325,1.60356,149000000,1
1288891980000,1288892039000,1.60344,1.6036,1.60323,1.60342,145800000,1
1288892040000,1288892099000,1.60344,1.60371,1.60328,1.60371,129100000,1
1288892100000,1288892159000,1.60378,1.60435,1.60378,1.60433,150700000,1
1288892160000,1288892219000,1.60438,1.60481,1.60438,1.60466,182400000,1
1288892220000,1288892279000,1.60466,1.60489,1.60459,1.60474,114500000,1
1288892280000,1288892339000,1.6047,1.60488,1.60459,1.60464,76500000,1
1288892340000,1288892399000,1.60456,1.60462,1.60439,1.60452,106500000,1
1288892400000,1288892459000,1.60456,1.60468,1.60446,1.60462,109100000,1
1288892460000,1288892519000,1.60463,1.60468,1.6046,1.60465,73200000,1
1288892520000,1288892579000,1.60473,1.60488,1.60467,1.60481,65100000,1
1288892580000,1288892639000,1.60482,1.60489,1.60467,1.60478,83000000,1
1288892640000,1288892699000,1.6048,1.6048,1.60462,1.60474,81600000,1
1288892700000,1288892759000,1.60473,1.60516,1.60468,1.60505,112300000,1
1288892760000,1288892819000,1.60504,1.60528,1.605,1.60516,78600000,1
1288892820000,1288892879000,1.60516,1.60519,1.60487,1.60487,104400000,1
1288892880000,1288892939000,1.60486,1.60503,1.60459,1.60459,101400000,1
1288892940000,1288892999000,1.60459,1.60484,1.60434,1.60474,131200000,1
1288893000000,1288893059000,1.60474,1.60474,1.60433,1.60433,67500000,1
1288893060000,1288893119000,1.60433,1.60453,1.60432,1.60443,72000000,1
1288893120000,1288893179000,1.60443,1.60476,1.60433,1.60474,84800000,1
1288893180000,1288893239000,1.60474,1.60481,1.60462,1.60478,56700000,1
1288893240000,1288893299000,1.60478,1.60515,1.60468,1.60515,93000000,1
1288893300000,1288893359000,1.60515,1.60543,1.60509,1.60532,136300000,1
1288893360000,1288893419000,1.60533,1.60533,1.6049,1.6049,135200000,1
1288893420000,1288893479000,1.60487,1.60493,1.60473,1.60488,95700000,1
1288893480000,1288893539000,1.60491,1.60491,1.60443,1.60461,100800000,1
1288893540000,1288893599000,1.60462,1.60467,1.60432,1.60444,137100000,1
1288893600000,1288893659000,1.60436,1.60482,1.60436,1.60452,109900000,1
1288893660000,1288893719000,1.60457,1.60477,1.60423,1.60423,107100000,1
1288893720000,1288893779000,1.60414,1.60446,1.60401,1.60417,125800000,1
1288893780000,1288893839000,1.60419,1.60432,1.60374,1.60394,124900000,1
1288893840000,1288893899000,1.60394,1.60429,1.60389,1.60428,92900000,1
1288893900000,1288893959000,1.60428,1.60428,1.60384,1.60396,112100000,1
1288893960000,1288894019000,1.60395,1.60421,1.60384,1.60415,99600000,1
1288894020000,1288894079000,1.60415,1.60431,1.604,1.60417,96300000,1
1288894080000,1288894139000,1.60416,1.60423,1.60397,1.60405,94600000,1
1288894140000,1288894199000,1.60411,1.60411,1.6037,1.60392,142100000,1
1288894200000,1288894259000,1.60392,1.60414,1.60377,1.60394,129800000,1
1288894260000,1288894319000,1.60394,1.60431,1.6039,1.6041,111500000,1
1288894320000,1288894379000,1.60409,1.60439,1.60375,1.60379,126700000,1
1288894380000,1288894439000,1.60379,1.60399,1.6037,1.60394,131700000,1
1288894440000,1288894499000,1.60394,1.60427,1.60384,1.60423,112200000,1
1288894500000,1288894559000,1.60421,1.60425,1.60394,1.604,125600000,1
1288894560000,1288894619000,1.604,1.60416,1.6039,1.60411,62500000,1
1288894620000,1288894679000,1.60411,1.60416,1.60369,1.60371,106200000,1
1288894680000,1288894739000,1.6037,1.60393,1.60364,1.60386,146000000,1
1288894740000,1288894799000,1.60386,1.60418,1.60386,1.60408,116400000,1
1288894800000,1288894859000,1.60402,1.60417,1.60394,1.60417,87200000,1
1288894860000,1288894919000,1.60415,1.60415,1.60368,1.60388,125600000,1
1288894920000,1288894979000,1.60384,1.60395,1.60348,1.60357,115000000,1
1288894980000,1288895039000,1.60357,1.60383,1.60338,1.60353,119300000,1
1288895040000,1288895099000,1.60353,1.60373,1.60343,1.60371,121300000,1
1288895100000,1288895159000,1.6037,1.6039,1.60352,1.60371,148300000,1
1288895160000,1288895219000,1.60377,1.60381,1.60357,1.60357,103000000,1
1288895220000,1288895279000,1.60362,1.60387,1.60274,1.60295,131500000,1
1288895280000,1288895339000,1.60294,1.60294,1.60267,1.60284,90700000,1
1288895340000,1288895399000,1.60292,1.60292,1.60263,1.60288,83500000,1
1288895400000,1288895459000,1.60288,1.60297,1.60272,1.60288,81800000,1
1288895460000,1288895519000,1.60281,1.60308,1.6028,1.60305,77400000,1
1288895520000,1288895579000,1.60302,1.60329,1.60302,1.60313,93600000,1
1288895580000,1288895639000,1.60313,1.60321,1.60313,1.60319,58400000,1
1288895640000,1288895699000,1.60319,1.60342,1.60319,1.60334,121900000,1
1288895700000,1288895759000,1.60325,1.6033,1.60308,1.60308,104700000,1
1288895760000,1288895819000,1.6031,1.60336,1.60295,1.60326,74500000,1
1288895820000,1288895879000,1.60318,1.60356,1.60318,1.60343,106600000,1
1288895880000,1288895939000,1.60348,1.60355,1.60331,1.60333,104000000,1
1288895940000,1288895999000,1.60337,1.60337,1.60273,1.6028,125800000,1
1288896000000,1288896059000,1.60279,1.60301,1.60268,1.60299,147900000,1
1288896060000,1288896119000,1.60301,1.60308,1.60281,1.60284,78200000,1
1288896120000,1288896179000,1.60289,1.60299,1.60256,1.60256,85100000,1
1288896180000,1288896239000,1.6026,1.60305,1.60254,1.60292,85500000,1
1288896240000,1288896299000,1.60296,1.60298,1.6021,1.60217,141300000,1
1288896300000,1288896359000,1.6022,1.60243,1.60214,1.60239,90300000,1
1288896360000,1288896419000,1.60234,1.60274,1.60229,1.60269,125700000,1
1288896420000,1288896479000,1.60265,1.60282,1.60253,1.60278,87700000,1
1288896480000,1288896539000,1.60278,1.6031,1.60278,1.60304,94900000,1
1288896540000,1288896599000,1.60298,1.60357,1.60298,1.6035,93700000,1
1288896600000,1288896659000,1.60345,1.6037,1.6032,1.60333,75600000,1
1288896660000,1288896719000,1.60339,1.60345,1.60319,1.60322,97700000,1
1288896720000,1288896779000,1.6032,1.60349,1.60312,1.60341,104800000,1
1288896780000,1288896839000,1.60342,1.60391,1.60342,1.60383,86900000,1
1288896840000,1288896899000,1.6038,1.60392,1.6036,1.60361,86300000,1
1288896900000,1288896959000,1.6037,1.6037,1.60339,1.6034,71900000,1
1288896960000,1288897019000,1.60338,1.60339,1.60301,1.6033,88200000,1
1288897020000,1288897079000,1.60323,1.60351,1.60314,1.60351,78700000,1
1288897080000,1288897139000,1.60339,1.60355,1.60298,1.60342,110300000,1
1288897140000,1288897199000,1.6034,1.60391,1.6031,1.60345,131600000,1
1288897200000,1288897259000,1.60353,1.60363,1.60333,1.60335,102700000,1
1288897260000,1288897319000,1.60335,1.60339,1.60288,1.60314,93100000,1
1288897320000,1288897379000,1.60314,1.60318,1.60271,1.603,98100000,1
1288897380000,1288897439000,1.60309,1.60375,1.60309,1.60367,121300000,1
1288897440000,1288897499000,1.60375,1.60375,1.60298,1.6031,79600000,1
1288897500000,1288897559000,1.60314,1.60314,1.60254,1.60259,104900000,1
1288897560000,1288897619000,1.60258,1.60281,1.60258,1.60265,74300000,1
1288897620000,1288897679000,1.60266,1.60296,1.60257,1.60278,108300000,1
1288897680000,1288897739000,1.60277,1.60314,1.60272,1.60314,114800000,1
1288897740000,1288897799000,1.6031,1.60327,1.60294,1.60323,91800000,1
1288897800000,1288897859000,1.60323,1.60339,1.60293,1.60338,103000000,1
1288897860000,1288897919000,1.60338,1.60379,1.60338,1.60369,92600000,1
1288897920000,1288897979000,1.60366,1.60403,1.60361,1.60403,93800000,1
1288897980000,1288898039000,1.60399,1.60411,1.6038,1.60406,63300000,1
1288898040000,1288898099000,1.60406,1.60424,1.60388,1.60388,54100000,1
1288898100000,1288898159000,1.60381,1.6039,1.6034,1.60357,86800000,1
1288898160000,1288898219000,1.60347,1.6038,1.60331,1.6038,92600000,1
1288898220000,1288898279000,1.6038,1.6038,1.60354,1.60364,84100000,1
1288898280000,1288898339000,1.60364,1.60372,1.60324,1.6033,128100000,1
1288898340000,1288898399000,1.60336,1.60403,1.60336,1.60362,129300000,1
1288898400000,1288898459000,1.60362,1.60382,1.60342,1.6035,79100000,1
1288898460000,1288898519000,1.6035,1.6036,1.60342,1.6036,90200000,1
1288898520000,1288898579000,1.60357,1.60387,1.60357,1.60379,89400000,1
1288898580000,1288898639000,1.60376,1.60379,1.60351,1.60379,88200000,1
1288898640000,1288898699000,1.60379,1.60399,1.6033,1.60342,124500000,1
1288898700000,1288898759000,1.60342,1.60379,1.6033,1.60363,127700000,1
1288898760000,1288898819000,1.60363,1.60363,1.60324,1.60346,117700000,1
1288898820000,1288898879000,1.60338,1.60359,1.60324,1.60346,99300000,1
1288898880000,1288898939000,1.60347,1.60347,1.60316,1.60331,100500000,1
1288898940000,1288898999000,1.60331,1.60347,1.60299,1.6031,116200000,1
1288899000000,1288899059000,1.60306,1.6032,1.60291,1.60317,98100000,1
1288899060000,1288899119000,1.60317,1.6036,1.60309,1.60357,98600000,1
1288899120000,1288899179000,1.60357,1.60372,1.60353,1.60365,75400000,1
1288899180000,1288899239000,1.60365,1.60372,1.60331,1.60354,73200000,1
1288899240000,1288899299000,1.60354,1.60383,1.60349,1.60367,72600000,1
1288899300000,1288899359000,1.60367,1.6038,1.60348,1.60372,116100000,1
1288899360000,1288899419000,1.60372,1.60387,1.60369,1.60383,117900000,1
1288899420000,1288899479000,1.60383,1.60383,1.60343,1.60344,94200000,1
1288899480000,1288899539000,1.60344,1.60392,1.60341,1.60384,84600000,1
1288899540000,1288899599000,1.60384,1.60424,1.60381,1.60424,108800000,1
1288899600000,1288899659000,1.60415,1.60438,1.60404,1.60438,86500000,1
1288899660000,1288899719000,1.60437,1.60437,1.60385,1.60386,110900000,1
1288899720000,1288899779000,1.60391,1.60403,1.60369,1.60388,110800000,1
1288899780000,1288899839000,1.6039,1.60401,1.60376,1.604,125700000,1
1288899840000,1288899899000,1.60398,1.60415,1.60336,1.60336,134400000,1
1288899900000,1288899959000,1.60359,1.60391,1.60352,1.60391,118400000,1
1288899960000,1288900019000,1.60377,1.60407,1.60374,1.60393,105700000,1
1288900020000,1288900079000,1.60394,1.60444,1.60382,1.60444,88100000,1
1288900080000,1288900139000,1.60444,1.60449,1.60401,1.60411,91300000,1
1288900140000,1288900199000,1.60403,1.60415,1.60377,1.60384,99700000,1
1288900200000,1288900259000,1.60384,1.60397,1.60358,1.6036,75000000,1
1288900260000,1288900319000,1.6036,1.6039,1.60359,1.60359,66900000,1
1288900320000,1288900379000,1.60359,1.60359,1.60275,1.60304,171200000,1
1288900380000,1288900439000,1.60304,1.60306,1.60257,1.60294,87700000,1
1288900440000,1288900499000,1.60294,1.60303,1.60275,1.60276,81400000,1
1288900500000,1288900559000,1.60276,1.60276,1.60253,1.60253,114800000,1
1288900560000,1288900619000,1.60246,1.60259,1.60201,1.60226,149800000,1
1288900620000,1288900679000,1.60232,1.60259,1.60226,1.60249,157800000,1
1288900680000,1288900739000,1.60257,1.60284,1.60245,1.60273,86400000,1
1288900740000,1288900799000,1.60273,1.60321,1.60262,1.60302,126600000,1
1288900800000,1288900859000,1.60307,1.60321,1.60257,1.60289,114500000,1
1288900860000,1288900919000,1.60286,1.60312,1.60249,1.60258,111300000,1
1288900920000,1288900979000,1.60256,1.6029,1.60228,1.60237,78900000,1
1288900980000,1288901039000,1.60237,1.60278,1.60237,1.6027,81700000,1
1288901040000,1288901099000,1.60269,1.60289,1.60264,1.60274,70900000,1
1288901100000,1288901159000,1.60274,1.6029,1.60237,1.60246,85500000,1
1288901160000,1288901219000,1.60245,1.6026,1.6023,1.6023,73200000,1
1288901220000,1288901279000,1.6023,1.6023,1.60174,1.60174,59200000,1
1288901280000,1288901339000,1.60174,1.60188,1.60169,1.60181,70600000,1
1288901340000,1288901399000,1.60181,1.60188,1.60167,1.60167,50300000,1
1288901400000,1288901459000,1.60167,1.60169,1.60134,1.60134,93100000,1
1288901460000,1288901519000,1.60134,1.60166,1.60109,1.6016,106500000,1
1288901520000,1288901579000,1.60165,1.60171,1.60124,1.60139,140300000,1
1288901580000,1288901639000,1.60142,1.60148,1.60111,1.60143,204600000,1
1288901640000,1288901699000,1.60143,1.60168,1.60105,1.60135,149500000,1
1288901700000,1288901759000,1.60135,1.60151,1.6007,1.60093,146600000,1
1288901760000,1288901819000,1.60092,1.60118,1.60089,1.60109,115700000,1
1288901820000,1288901879000,1.60101,1.60146,1.60081,1.60087,125600000,1
1288901880000,1288901939000,1.60087,1.60125,1.60079,1.60111,91700000,1
1288901940000,1288901999000,1.60125,1.6013,1.60074,1.60081,101300000,1
1288902000000,1288902059000,1.60081,1.60087,1.60027,1.60028,151400000,1
1288902060000,1288902119000,1.60021,1.60109,1.60021,1.60076,169200000,1
1288902120000,1288902179000,1.60076,1.60086,1.60054,1.60075,122000000,1
1288902180000,1288902239000,1.60075,1.60075,1.6004,1.60047,50100000,1
1288902240000,1288902299000,1.60052,1.60148,1.60052,1.60133,105400000,1
1288902300000,1288902359000,1.60134,1.60164,1.60114,1.60137,109400000,1
1288902360000,1288902419000,1.60132,1.60144,1.60066,1.60116,124800000,1
1288902420000,1288902479000,1.60105,1.60144,1.60088,1.60128,115700000,1
1288902480000,1288902539000,1.60128,1.6014,1.60058,1.60101,133300000,1
1288902540000,1288902599000,1.60101,1.60109,1.60052,1.60092,96700000,1
1288902600000,1288902659000,1.60084,1.60139,1.60068,1.60084,100800000,1
1288902660000,1288902719000,1.60107,1.6017,1.60088,1.60125,144900000,1
1288902720000,1288902779000,1.60131,1.60163,1.60077,1.6015,132300000,1
1288902780000,1288902839000,1.6015,1.60236,1.60135,1.60219,113400000,1
1288902840000,1288902899000,1.60218,1.60246,1.60184,1.60241,144700000,1
1288902900000,1288902959000,1.60241,1.60273,1.60215,1.60237,101700000,1
1288902960000,1288903019000,1.60237,1.60245,1.60198,1.60231,135900000,1
1288903020000,1288903079000,1.60231,1.60278,1.60231,1.60271,157000000,1
1288903080000,1288903139000,1.60271,1.60271,1.6024,1.60256,71800000,1
1288903140000,1288903199000,1.60269,1.6032,1.60245,1.60318,104400000,1
1288903200000,1288903259000,1.60305,1.60325,1.60282,1.60294,101400000,1
1288903260000,1288903319000,1.60294,1.60317,1.60273,1.60304,126400000,1
1288903320000,1288903379000,1.60302,1.60345,1.60281,1.60314,114200000,1
1288903380000,1288903439000,1.6033,1.6036,1.6028,1.60299,141000000,1
1288903440000,1288903499000,1.60293,1.60328,1.60262,1.60297,103400000,1
1288903500000,1288903559000,1.60296,1.60316,1.60285,1.60316,102700000,1
1288903560000,1288903619000,1.60316,1.60318,1.60278,1.60287,113000000,1
1288903620000,1288903679000,1.60291,1.60291,1.6028,1.6028,36100000,1
1288903680000,1288903739000,1.6028,1.60292,1.60259,1.60283,119400000,1
1288903740000,1288903799000,1.60283,1.60292,1.60278,1.60287,54000000,1
1288903800000,1288903859000,1.60286,1.60291,1.6027,1.60283,100200000,1
1288903860000,1288903919000,1.60283,1.60321,1.60281,1.60302,112200000,1
1288903920000,1288903979000,1.60302,1.60368,1.603,1.60358,87100000,1
1288903980000,1288904039000,1.60354,1.60359,1.60344,1.60348,54100000,1
1288904040000,1288904099000,1.60352,1.60352,1.60315,1.60326,61800000,1
1288904100000,1288904159000,1.60326,1.60326,1.60283,1.60285,144900000,1
1288904160000,1288904219000,1.60285,1.60285,1.60262,1.60262,81400000,1
1288904220000,1288904279000,1.60267,1.60281,1.60254,1.60279,90600000,1
1288904280000,1288904339000,1.60279,1.6028,1.60216,1.60253,104900000,1
1288904340000,1288904399000,1.60243,1.60275,1.60228,1.60275,102500000,1
1288904400000,1288904459000,1.60251,1.60366,1.60217,1.60302,155800000,1
1288904460000,1288904519000,1.60329,1.60371,1.60267,1.60356,56800000,1
1288904520000,1288904579000,1.60338,1.60367,1.60262,1.60262,81800000,1
1288904580000,1288904639000,1.60262,1.6033,1.60185,1.60221,109000000,1
1288904640000,1288904699000,1.60221,1.60235,1.60221,1.60227,86000000,1
1288904700000,1288904759000,1.60227,1.60286,1.60221,1.60248,66000000,1
1288904760000,1288904819000,1.60248,1.60289,1.60198,1.60285,117100000,1
1288904820000,1288904879000,1.60285,1.60285,1.60237,1.60267,80600000,1
1288904880000,1288904939000,1.60267,1.60273,1.60238,1.60268,56800000,1
1288904940000,1288904999000,1.60268,1.60273,1.60246,1.60272,69800000,1
1288905000000,1288905059000,1.60272,1.60315,1.60268,1.60315,94300000,1
1288905060000,1288905119000,1.60315,1.60332,1.60243,1.60261,63500000,1
1288905120000,1288905179000,1.60261,1.60271,1.60257,1.60266,93700000,1
1288905180000,1288905239000,1.60262,1.60309,1.60257,1.60263,103900000,1
1288905240000,1288905299000,1.60261,1.60382,1.60258,1.60361,118500000,1
1288905300000,1288905359000,1.60361,1.60361,1.60347,1.60353,51600000,1
1288905360000,1288905419000,1.60353,1.60353,1.60271,1.60331,115000000,1
1288905420000,1288905479000,1.6032,1.60326,1.60289,1.60294,45500000,1
1288905480000,1288905539000,1.60293,1.60293,1.60239,1.60265,67600000,1
1288905540000,1288905599000,1.60279,1.60327,1.60279,1.6031,63900000,1
1288905600000,1288905659000,1.6031,1.60312,1.60295,1.60306,50800000,1
1288905660000,1288905719000,1.60311,1.60372,1.60297,1.60372,43700000,1
1288905720000,1288905779000,1.60372,1.6038,1.60312,1.60312,64700000,1
1288905780000,1288905839000,1.60312,1.60333,1.60294,1.60313,44700000,1
1288905840000,1288905899000,1.60313,1.60327,1.60291,1.60308,77700000,1
1288905900000,1288905959000,1.60308,1.60319,1.60291,1.60319,83000000,1
1288905960000,1288906019000,1.60326,1.60326,1.60288,1.60288,58000000,1
1288906020000,1288906079000,1.60288,1.60311,1.60252,1.60252,62600000,1
1288906080000,1288906139000,1.6025,1.60274,1.60248,1.6027,63100000,1
1288906140000,1288906199000,1.6027,1.60272,1.6027,1.6027,42400000,1
1288906200000,1288906259000,1.6027,1.6027,1.60267,1.6027,35800000,1
1288906260000,1288906319000,1.6027,1.6027,1.60233,1.60257,58700000,1
1288906320000,1288906379000,1.60246,1.60246,1.60167,1.60207,72400000,1
1288906380000,1288906439000,1.60207,1.60207,1.60177,1.60198,51400000,1
1288906440000,1288906499000,1.60202,1.60276,1.60202,1.60276,68800000,1
1288906500000,1288906559000,1.60276,1.60281,1.60216,1.60216,62700000,1
1288906560000,1288906619000,1.60231,1.60294,1.60198,1.60217,86400000,1
1288906620000,1288906679000,1.60217,1.60258,1.60217,1.60258,81500000,1
1288906680000,1288906739000,1.60258,1.60267,1.60228,1.60267,87300000,1
1288906740000,1288906799000,1.60268,1.60298,1.6025,1.60274,67600000,1
1288906800000,1288906859000,1.6027,1.60302,1.60232,1.60302,74400000,1
1288906860000,1288906919000,1.60294,1.60346,1.60294,1.60319,66500000,1
1288906920000,1288906979000,1.60317,1.60317,1.60293,1.60302,31800000,1
1288906980000,1288907039000,1.60302,1.60302,1.60297,1.60297,97800000,1
1288907040000,1288907099000,1.60297,1.60327,1.60289,1.60289,51500000,1
1288907100000,1288907159000,1.60289,1.60292,1.60289,1.60292,29100000,1
1288907160000,1288907219000,1.60289,1.60294,1.60246,1.60257,44700000,1
1288907220000,1288907279000,1.60266,1.60327,1.60264,1.60296,53800000,1
1288907280000,1288907339000,1.60291,1.60299,1.60291,1.60299,38400000,1
1288907340000,1288907399000,1.60299,1.60308,1.60266,1.60266,90600000,1
1288907400000,1288907459000,1.60272,1.60331,1.60266,1.60331,87000000,1
1288907460000,1288907519000,1.60314,1.60332,1.60297,1.60332,120700000,1
1288907520000,1288907579000,1.60332,1.60337,1.60205,1.60313,160800000,1
1288907580000,1288907639000,1.60303,1.60303,1.60224,1.60287,106900000,1
1288907640000,1288907699000,1.60269,1.60288,1.60251,1.60282,92500000,1
1288907700000,1288907759000,1.60282,1.60303,1.60257,1.60265,112300000,1
1288907760000,1288907819000,1.60265,1.60288,1.60259,1.60267,125200000,1
1288907820000,1288907879000,1.60267,1.60298,1.60267,1.60285,81500000,1
1288907880000,1288907939000,1.60285,1.60303,1.60268,1.60292,74600000,1
1288907940000,1288907999000,1.60268,1.60293,1.60268,1.60277,69100000,1
1288908000000,1288908059000,1.60277,1.6028,1.60267,1.6028,114700000,1
1288908060000,1288908119000,1.60282,1.60297,1.60272,1.60288,105400000,1
1288908120000,1288908179000,1.60283,1.6029,1.6026,1.60275,118200000,1
1288908180000,1288908239000,1.60275,1.60289,1.60273,1.60282,86600000,1
1288908240000,1288908299000,1.60282,1.60283,1.60267,1.60275,82700000,1
1288908300000,1288908359000,1.60275,1.60303,1.60275,1.60303,119800000,1
1288908360000,1288908419000,1.60303,1.60315,1.60303,1.60312,75600000,1
1288908420000,1288908479000,1.60312,1.60327,1.60312,1.60327,43700000,1
1288908480000,1288908539000,1.60327,1.60337,1.60322,1.60337,33500000,1
1288908540000,1288908599000,1.60337,1.60377,1.60337,1.60371,45300000,1
1288908600000,1288908659000,1.60371,1.60371,1.60363,1.60367,31400000,1
1288908660000,1288908719000,1.60367,1.60381,1.60356,1.60376,39100000,1
1288908720000,1288908779000,1.6037,1.6037,1.60365,1.6037,45200000,1
1288908780000,1288908839000,1.6037,1.6037,1.60361,1.60361,37500000,1
1288908840000,1288908899000,1.60361,1.60373,1.60361,1.6037,50400000,1
1288908900000,1288908959000,1.6037,1.60392,1.60361,1.60392,56400000,1
1288908960000,1288909019000,1.60392,1.60392,1.60382,1.60391,39300000,1
1288909020000,1288909079000,1.60391,1.60391,1.60372,1.60386,60000000,1
1288909080000,1288909139000,1.60386,1.6039,1.60377,1.60377,39800000,1
1288909140000,1288909199000,1.60372,1.60377,1.60362,1.60363,50800000,1
1288909200000,1288909259000,1.60363,1.60373,1.60363,1.60373,53600000,1
1288909260000,1288909319000,1.60373,1.60414,1.60367,1.60407,71500000,1
1288909320000,1288909379000,1.60415,1.60437,1.60402,1.60432,74200000,1
1288909380000,1288909439000,1.60422,1.60436,1.60422,1.60427,37900000,1
1288909440000,1288909499000,1.60427,1.60427,1.60397,1.60402,45600000,1
1288909500000,1288909559000,1.60402,1.60402,1.60343,1.60355,47000000,1
1288909560000,1288909619000,1.60355,1.60358,1.60355,1.60358,45600000,1
1288909620000,1288909679000,1.60358,1.60358,1.60343,1.60343,37800000,1
1288909680000,1288909739000,1.60349,1.60353,1.60338,1.60344,64600000,1
1288909740000,1288909799000,1.60351,1.60351,1.60302,1.60315,54600000,1
1288909800000,1288909859000,1.60315,1.60316,1.60309,1.60313,47800000,1
1288909860000,1288909919000,1.60313,1.60313,1.60309,1.60309,29600000,1
1288909920000,1288909979000,1.60309,1.60317,1.60305,1.60317,51400000,1
1288909980000,1288910039000,1.6031,1.60312,1.60279,1.60282,63200000,1
1288910040000,1288910099000,1.60282,1.60297,1.60274,1.60279,68700000,1
1288910100000,1288910159000,1.60275,1.60278,1.60263,1.60263,97300000,1
1288910160000,1288910219000,1.60263,1.60263,1.60262,1.60263,39000000,1
1288910220000,1288910279000,1.60263,1.60263,1.60258,1.60258,35900000,1
1288910280000,1288910339000,1.60258,1.60258,1.60258,1.60258,37500000,1
1288910340000,1288910399000,1.60258,1.60258,1.60257,1.60257,36300000,1
1288910400000,1288910459000,1.60257,1.60262,1.60257,1.60262,35100000,1
1288910460000,1288910519000,1.60262,1.60268,1.60257,1.60268,45300000,1
1288910520000,1288910579000,1.60263,1.60263,1.60248,1.60252,49500000,1
1288910580000,1288910639000,1.60257,1.60257,1.60249,1.60249,56000000,1
1288910640000,1288910699000,1.60249,1.60249,1.60249,1.60249,56700000,1
1288910700000,1288910759000,1.60249,1.60265,1.60249,1.60265,56200000,1
1288910760000,1288910819000,1.60265,1.60272,1.60249,1.60249,72400000,1
1288910820000,1288910879000,1.60249,1.60263,1.6022,1.60222,67300000,1
1288910880000,1288910939000,1.60222,1.60247,1.60222,1.60247,38700000,1
1288910940000,1288910999000,1.60247,1.60247,1.60242,1.60247,35200000,1
1288911000000,1288911059000,1.60247,1.60247,1.60242,1.60242,32400000,1
1288911060000,1288911119000,1.60242,1.60257,1.60234,1.60253,37300000,1
1288911120000,1288911179000,1.60253,1.60262,1.60253,1.60262,30200000,1
1288911180000,1288911239000,1.60262,1.60268,1.60252,1.60259,63200000,1
1288911240000,1288911299000,1.60259,1.60259,1.60259,1.60259,36000000,1
1288911300000,1288911359000,1.60255,1.60255,1.60255,1.60255,52800000,1
1288911360000,1288911419000,1.60255,1.6026,1.60254,1.60255,50300000,1
1288911420000,1288911479000,1.60255,1.60255,1.60249,1.60249,46700000,1
1288911480000,1288911539000,1.60249,1.60258,1.60249,1.60257,41000000,1
1288911540000,1288911599000,1.60257,1.60272,1.60238,1.60261,58200000,1
1288911600000,1288911659000,1.60261,1.60261,1.60202,1.60211,58400000,1
1288911660000,1288911719000,1.60211,1.60211,1.60142,1.60183,84900000,1
1288911720000,1288911779000,1.60191,1.60243,1.60179,1.6023,96400000,1
1288911780000,1288911839000,1.60212,1.60229,1.60146,1.60159,81600000,1
1288911840000,1288911899000,1.60147,1.60203,1.60147,1.6019,138200000,1
1288911900000,1288911959000,1.6019,1.60205,1.60183,1.60192,70700000,1
1288911960000,1288912019000,1.60192,1.60223,1.60191,1.60222,91500000,1
1288912020000,1288912079000,1.60222,1.60244,1.60212,1.60228,76000000,1
1288912080000,1288912139000,1.60232,1.60264,1.60232,1.60246,92700000,1
1288912140000,1288912199000,1.60246,1.60275,1.60236,1.60245,81200000,1
1288912200000,1288912259000,1.60245,1.60245,1.60224,1.60232,92900000,1
1288912260000,1288912319000,1.60228,1.60306,1.60223,1.60291,88100000,1
1288912320000,1288912379000,1.60287,1.60287,1.6028,1.6028,57300000,1
1288912380000,1288912439000,1.6028,1.60283,1.60256,1.60259,46600000,1
1288912440000,1288912499000,1.60259,1.60259,1.60241,1.60241,60600000,1
1288912500000,1288912559000,1.60241,1.60256,1.6024,1.60245,52600000,1
1288912560000,1288912619000,1.60245,1.60245,1.60236,1.60241,80100000,1
1288912620000,1288912679000,1.60241,1.60241,1.60235,1.60236,66400000,1
1288912680000,1288912739000,1.60236,1.60292,1.60236,1.60272,87900000,1
1288912740000,1288912799000,1.60273,1.60273,1.60246,1.60255,74500000,1
1288912800000,1288912859000,1.60255,1.6029,1.60246,1.60288,65500000,1
1288912860000,1288912919000,1.60285,1.60287,1.60276,1.60285,43500000,1
1288912920000,1288912979000,1.60285,1.60294,1.60285,1.60294,36400000,1
1288912980000,1288913039000,1.60294,1.60294,1.60268,1.60275,62700000,1
1288913040000,1288913099000,1.6027,1.60308,1.6027,1.60302,93100000,1
1288913100000,1288913159000,1.60302,1.60303,1.60302,1.60303,42400000,1
1288913160000,1288913219000,1.60303,1.60303,1.60302,1.60302,79800000,1
1288913220000,1288913279000,1.60302,1.60322,1.60302,1.60305,91400000,1
1288913280000,1288913339000,1.60305,1.60305,1.60305,1.60305,57700000,1
1288913340000,1288913399000,1.60308,1.60309,1.603,1.603,118400000,1
1288913400000,1288913459000,1.603,1.603,1.60256,1.60272,122800000,1
1288913460000,1288913519000,1.60272,1.60284,1.60258,1.60276,85000000,1
1288913520000,1288913579000,1.60276,1.60372,1.60276,1.60354,177900000,1
1288913580000,1288913639000,1.60359,1.60468,1.60354,1.60406,108200000,1
1288913640000,1288913699000,1.60406,1.60423,1.60362,1.60379,138400000,1
1288913700000,1288913759000,1.60387,1.60387,1.60264,1.60317,181600000,1
1288913760000,1288913819000,1.60317,1.60329,1.60296,1.60304,126500000,1
1288913820000,1288913879000,1.60308,1.6031,1.60208,1.60242,154000000,1
1288913880000,1288913939000,1.60223,1.60259,1.60212,1.60245,101200000,1
1288913940000,1288913999000,1.6024,1.60242,1.60215,1.60216,108500000,1
1288914000000,1288914059000,1.60216,1.60232,1.602,1.602,96000000,1
1288914060000,1288914119000,1.60209,1.60216,1.60169,1.60194,73600000,1
1288914120000,1288914179000,1.60194,1.60202,1.60172,1.60172,46300000,1
1288914180000,1288914239000,1.60164,1.60203,1.60156,1.60177,100900000,1
1288914240000,1288914299000,1.60178,1.60192,1.60157,1.60157,124500000,1
1288914300000,1288914359000,1.60157,1.60196,1.60157,1.60196,79900000,1
1288914360000,1288914419000,1.60196,1.60247,1.60195,1.60207,72500000,1
1288914420000,1288914479000,1.60207,1.60215,1.60184,1.60194,102200000,1
1288914480000,1288914539000,1.60194,1.60215,1.60179,1.602,101200000,1
1288914540000,1288914599000,1.602,1.60235,1.602,1.60235,63400000,1
1288914600000,1288914659000,1.60235,1.60241,1.60215,1.60238,98900000,1
1288914660000,1288914719000,1.60238,1.60238,1.60213,1.60228,83700000,1
1288914720000,1288914779000,1.60228,1.60273,1.60222,1.60263,83400000,1
1288914780000,1288914839000,1.6027,1.6028,1.60257,1.6028,67600000,1
1288914840000,1288914899000,1.6028,1.60281,1.60255,1.60271,68600000,1
1288914900000,1288914959000,1.60271,1.60273,1.60227,1.60263,69000000,1
1288914960000,1288915019000,1.60263,1.60263,1.60225,1.60243,52900000,1
1288915020000,1288915079000,1.60243,1.60258,1.6024,1.60251,54300000,1
1288915080000,1288915139000,1.60252,1.60253,1.60236,1.60244,49400000,1
1288915140000,1288915199000,1.60248,1.60253,1.60237,1.60237,53400000,1
1288915200000,1288915259000,1.60244,1.60244,1.60182,1.60193,84800000,1
1288915260000,1288915319000,1.60193,1.60218,1.60183,1.60218,58400000,1
1288915320000,1288915379000,1.60217,1.60259,1.60203,1.60237,102300000,1
1288915380000,1288915439000,1.60237,1.60237,1.60203,1.60212,64700000,1
1288915440000,1288915499000,1.60212,1.60222,1.60204,1.60222,62600000,1
1288915500000,1288915559000,1.60217,1.60273,1.60213,1.60259,86000000,1
1288915560000,1288915619000,1.60263,1.60282,1.60242,1.60271,72000000,1
1288915620000,1288915679000,1.60271,1.60294,1.60267,1.60292,65400000,1
1288915680000,1288915739000,1.6028,1.60288,1.60252,1.60267,70600000,1
1288915740000,1288915799000,1.60267,1.60293,1.60246,1.60265,89300000,1
1288915800000,1288915859000,1.60265,1.60294,1.60265,1.60294,75300000,1
1288915860000,1288915919000,1.60301,1.60357,1.60292,1.6034,114100000,1
1288915920000,1288915979000,1.60336,1.60388,1.60329,1.60355,105600000,1
1288915980000,1288916039000,1.60354,1.60392,1.60354,1.60373,77200000,1
1288916040000,1288916099000,1.60373,1.60373,1.60264,1.60266,105700000,1
1288916100000,1288916159000,1.60266,1.60274,1.60258,1.60273,52600000,1
1288916160000,1288916219000,1.60273,1.60273,1.60234,1.60251,56300000,1
1288916220000,1288916279000,1.60253,1.60302,1.60251,1.60269,91600000,1
1288916280000,1288916339000,1.6026,1.60288,1.6026,1.60277,63200000,1
1288916340000,1288916399000,1.60258,1.6026,1.60212,1.60223,104700000,1
1288916400000,1288916459000,1.60223,1.60238,1.60223,1.60231,64700000,1
1288916460000,1288916519000,1.60231,1.60247,1.60231,1.60243,84800000,1
1288916520000,1288916579000,1.60237,1.60237,1.60211,1.60228,67800000,1
1288916580000,1288916639000,1.60223,1.60223,1.60203,1.60208,76100000,1
1288916640000,1288916699000,1.60208,1.60208,1.60162,1.60168,70900000,1
1288916700000,1288916759000,1.60168,1.60215,1.60143,1.60215,63800000,1
1288916760000,1288916819000,1.60234,1.60241,1.60165,1.60197,137300000,1
1288916820000,1288916879000,1.60197,1.60253,1.60197,1.60217,141200000,1
1288916880000,1288916939000,1.60217,1.60218,1.60157,1.60183,109000000,1
1288916940000,1288916999000,1.60167,1.60208,1.60083,1.60083,110800000,1
1288917000000,1288917059000,1.6008,1.60355,1.59988,1.60342,166600000,1
1288917060000,1288917119000,1.60355,1.60376,1.60267,1.60267,174200000,1
1288917120000,1288917179000,1.60267,1.60278,1.60253,1.60276,91600000,1
1288917180000,1288917239000,1.60276,1.60308,1.60261,1.60271,149400000,1
1288917240000,1288917299000,1.60271,1.60304,1.60271,1.60275,73300000,1
1288917300000,1288917359000,1.60275,1.60341,1.60275,1.6033,100800000,1
1288917360000,1288917419000,1.60322,1.60422,1.60315,1.60406,140000000,1
1288917420000,1288917479000,1.60402,1.60417,1.60387,1.6039,108200000,1
1288917480000,1288917539000,1.60393,1.60395,1.6037,1.60375,48700000,1
1288917540000,1288917599000,1.60369,1.60408,1.60369,1.60384,116300000,1
1288917600000,1288917659000,1.60385,1.60403,1.60372,1.60388,66100000,1
1288917660000,1288917719000,1.60386,1.60418,1.60383,1.60391,97800000,1
1288917720000,1288917779000,1.60391,1.60391,1.60362,1.60373,71600000,1
1288917780000,1288917839000,1.60373,1.60392,1.6037,1.60381,54500000,1
1288917840000,1288917899000,1.60381,1.6041,1.60369,1.604,93800000,1
1288917900000,1288917959000,1.604,1.60426,1.60392,1.60414,89900000,1
1288917960000,1288918019000,1.60409,1.6042,1.60389,1.60389,87700000,1
1288918020000,1288918079000,1.60389,1.60416,1.60377,1.60386,72500000,1
1288918080000,1288918139000,1.60394,1.60438,1.60393,1.60411,81400000,1
1288918140000,1288918199000,1.60411,1.60443,1.60389,1.60414,104400000,1
1288918200000,1288918259000,1.60409,1.60473,1.60404,1.60464,141900000,1
1288918260000,1288918319000,1.6047,1.60515,1.60462,1.60508,110500000,1
1288918320000,1288918379000,1.60508,1.60553,1.605,1.6054,110000000,1
1288918380000,1288918439000,1.60547,1.60549,1.60472,1.60504,108000000,1
1288918440000,1288918499000,1.60502,1.60561,1.60502,1.60541,123300000,1
1288918500000,1288918559000,1.60519,1.6056,1.60496,1.60533,107400000,1
1288918560000,1288918619000,1.60529,1.60577,1.60529,1.60566,109100000,1
1288918620000,1288918679000,1.60566,1.60573,1.60545,1.60557,128000000,1
1288918680000,1288918739000,1.60557,1.60582,1.60548,1.60568,79300000,1
1288918740000,1288918799000,1.60567,1.60573,1.6054,1.60544,100800000,1
1288918800000,1288918859000,1.60538,1.60563,1.60518,1.60528,101600000,1
1288918860000,1288918919000,1.60527,1.60528,1.60508,1.60516,93000000,1
1288918920000,1288918979000,1.60516,1.60523,1.60499,1.60523,82400000,1
1288918980000,1288919039000,1.60518,1.60528,1.60486,1.60507,92200000,1
1288919040000,1288919099000,1.60505,1.60535,1.60497,1.60505,67600000,1
1288919100000,1288919159000,1.60508,1.6051,1.60473,1.60473,69000000,1
1288919160000,1288919219000,1.6047,1.60494,1.60456,1.60456,64200000,1
1288919220000,1288919279000,1.60463,1.60487,1.60444,1.60454,74600000,1
1288919280000,1288919339000,1.60455,1.60472,1.60441,1.60453,98100000,1
1288919340000,1288919399000,1.60453,1.60476,1.60453,1.60476,72700000,1
1288919400000,1288919459000,1.60468,1.60477,1.60431,1.60447,144200000,1
1288919460000,1288919519000,1.60442,1.60477,1.60414,1.60414,128000000,1
1288919520000,1288919579000,1.60424,1.6048,1.60424,1.60467,132000000,1
1288919580000,1288919639000,1.60472,1.60475,1.60447,1.60447,124900000,1
1288919640000,1288919699000,1.60447,1.6047,1.60447,1.60448,136800000,1
1288919700000,1288919759000,1.60459,1.60464,1.60449,1.60463,143400000,1
1288919760000,1288919819000,1.60469,1.60482,1.60428,1.60441,140100000,1
1288919820000,1288919879000,1.60433,1.60543,1.60433,1.60508,113200000,1
1288919880000,1288919939000,1.60511,1.60511,1.60469,1.60494,127900000,1
1288919940000,1288919999000,1.60494,1.6051,1.60478,1.60482,94900000,1
1288920000000,1288920059000,1.60501,1.60505,1.60467,1.60492,99500000,1
1288920060000,1288920119000,1.60502,1.60527,1.60502,1.60518,47800000,1
1288920120000,1288920179000,1.60522,1.60537,1.60522,1.60525,41300000,1
1288920180000,1288920239000,1.60527,1.60533,1.60507,1.60533,67500000,1
1288920240000,1288920299000,1.60531,1.60537,1.60514,1.60521,79000000,1
1288920300000,1288920359000,1.60521,1.60577,1.60521,1.60547,109600000,1
1288920360000,1288920419000,1.60547,1.60564,1.60547,1.60556,73800000,1
1288920420000,1288920479000,1.60556,1.60566,1.60529,1.60566,83600000,1
1288920480000,1288920539000,1.60566,1.60566,1.60547,1.60549,48400000,1
1288920540000,1288920599000,1.60549,1.60562,1.60546,1.60562,70600000,1
1288920600000,1288920659000,1.60559,1.60562,1.60509,1.60527,117600000,1
1288920660000,1288920719000,1.60535,1.60543,1.60497,1.60508,113500000,1
1288920720000,1288920779000,1.60513,1.60523,1.60499,1.60523,99200000,1
1288920780000,1288920839000,1.60524,1.60524,1.60484,1.60503,84400000,1
1288920840000,1288920899000,1.60511,1.60513,1.60477,1.60477,68700000,1
1288920900000,1288920959000,1.60479,1.60506,1.60461,1.60473,57100000,1
1288920960000,1288921019000,1.60473,1.60481,1.60449,1.60459,84800000,1
1288921020000,1288921079000,1.60457,1.60464,1.60408,1.60435,84500000,1
1288921080000,1288921139000,1.60432,1.60432,1.60403,1.60413,72700000,1
1288921140000,1288921199000,1.60413,1.60455,1.60413,1.60438,56900000,1
1288921200000,1288921259000,1.60437,1.60442,1.60429,1.60437,55300000,1
1288921260000,1288921319000,1.60437,1.60445,1.60434,1.60438,79900000,1
1288921320000,1288921379000,1.60438,1.60457,1.60438,1.60457,76400000,1
1288921380000,1288921439000,1.60462,1.60478,1.60443,1.60459,126100000,1
1288921440000,1288921499000,1.60459,1.60463,1.60459,1.60463,51100000,1
1288921500000,1288921559000,1.60463,1.60478,1.60459,1.60468,132700000,1
1288921560000,1288921619000,1.60464,1.60527,1.60464,1.60518,113400000,1
1288921620000,1288921679000,1.60529,1.60549,1.60504,1.60517,102700000,1
1288921680000,1288921739000,1.60517,1.60524,1.60497,1.60504,73200000,1
1288921740000,1288921799000,1.60504,1.60526,1.60504,1.60526,55200000,1
1288921800000,1288921859000,1.60526,1.6054,1.60502,1.60503,56200000,1
1288921860000,1288921919000,1.60503,1.60509,1.60472,1.60489,69600000,1
1288921920000,1288921979000,1.60489,1.60501,1.60477,1.60491,99000000,1
1288921980000,1288922039000,1.60492,1.605,1.6049,1.60491,38300000,1
1288922040000,1288922099000,1.60491,1.60505,1.60471,1.60505,79000000,1
1288922100000,1288922159000,1.60505,1.60505,1.60491,1.60493,58200000,1
1288922160000,1288922219000,1.60493,1.60502,1.60482,1.60501,71400000,1
1288922220000,1288922279000,1.60501,1.60501,1.60483,1.60485,94400000,1
1288922280000,1288922339000,1.60485,1.60493,1.60424,1.60427,134500000,1
1288922340000,1288922399000,1.60427,1.60455,1.60425,1.60435,70800000,1
1288922400000,1288922459000,1.60435,1.60438,1.60425,1.60432,67900000,1
1288922460000,1288922519000,1.60425,1.60453,1.60425,1.60443,49800000,1
1288922520000,1288922579000,1.60443,1.60443,1.60424,1.60429,57900000,1
1288922580000,1288922639000,1.60437,1.60438,1.60429,1.60438,58800000,1
1288922640000,1288922699000,1.60438,1.60438,1.60438,1.60438,31300000,1
1288922700000,1288922759000,1.60438,1.60445,1.6043,1.60437,50400000,1
1288922760000,1288922819000,1.60437,1.60446,1.60437,1.60445,48800000,1
1288922820000,1288922879000,1.60445,1.60454,1.60445,1.60454,55300000,1
1288922880000,1288922939000,1.60454,1.60464,1.60447,1.60447,74900000,1
1288922940000,1288922999000,1.60447,1.60447,1.60447,1.60447,31800000,1
1288923000000,1288923059000,1.60447,1.60449,1.60425,1.60426,56700000,1
1288923060000,1288923119000,1.60426,1.6044,1.60425,1.60425,73600000,1
1288923120000,1288923179000,1.60425,1.60428,1.60401,1.60402,54300000,1
1288923180000,1288923239000,1.60402,1.60416,1.60371,1.60375,66600000,1
1288923240000,1288923299000,1.60384,1.60399,1.60374,1.6038,114000000,1
1288923300000,1288923359000,1.6038,1.60441,1.6038,1.60417,111600000,1
1288923360000,1288923419000,1.60417,1.60419,1.60417,1.60419,83600000,1
1288923420000,1288923479000,1.60419,1.60433,1.6041,1.60415,66000000,1
1288923480000,1288923539000,1.60415,1.60417,1.60398,1.60398,113700000,1
1288923540000,1288923599000,1.60398,1.60433,1.60398,1.60415,72600000,1
1288923600000,1288923659000,1.60415,1.60415,1.60406,1.60406,47000000,1
1288923660000,1288923719000,1.60406,1.60411,1.604,1.604,54500000,1
1288923720000,1288923779000,1.604,1.60416,1.60396,1.604,59000000,1
1288923780000,1288923839000,1.604,1.60407,1.60398,1.60406,45400000,1
1288923840000,1288923899000,1.60406,1.60414,1.60406,1.60414,43800000,1
1288923900000,1288923959000,1.60414,1.60415,1.60406,1.60415,58300000,1
1288923960000,1288924019000,1.60415,1.60415,1.6041,1.6041,132000000,1
1288924020000,1288924079000,1.6041,1.60412,1.60397,1.60402,80600000,1
1288924080000,1288924139000,1.60403,1.60428,1.60403,1.60411,80400000,1
1288924140000,1288924199000,1.60416,1.60417,1.60405,1.60405,117500000,1
1288924200000,1288924259000,1.60405,1.60417,1.60402,1.60412,92700000,1
1288924260000,1288924319000,1.60418,1.60434,1.60411,1.60411,64500000,1
1288924320000,1288924379000,1.60411,1.60415,1.60403,1.60412,74700000,1
1288924380000,1288924439000,1.60423,1.60423,1.60409,1.60409,83700000,1
1288924440000,1288924499000,1.60409,1.60409,1.60399,1.604,99600000,1
1288924500000,1288924559000,1.604,1.60422,1.60389,1.60406,68000000,1
1288924560000,1288924619000,1.60406,1.60418,1.60392,1.60418,59300000,1
1288924620000,1288924679000,1.60403,1.60421,1.60328,1.60345,141200000,1
1288924680000,1288924739000,1.60348,1.60365,1.60333,1.60333,80200000,1
1288924740000,1288924799000,1.60333,1.60352,1.60331,1.60352,59600000,1
1288924800000,1288924859000,1.60354,1.60368,1.60339,1.60368,110800000,1
1288924860000,1288924919000,1.60368,1.6038,1.60347,1.6038,96000000,1
1288924920000,1288924979000,1.60373,1.60391,1.60349,1.60383,105800000,1
1288924980000,1288925039000,1.60382,1.60384,1.60355,1.60355,67100000,1
1288925040000,1288925099000,1.60367,1.60372,1.6035,1.60359,76700000,1
1288925100000,1288925159000,1.6036,1.60427,1.60353,1.60424,103600000,1
1288925160000,1288925219000,1.60428,1.60428,1.60384,1.60384,97100000,1
1288925220000,1288925279000,1.60384,1.60392,1.60357,1.60365,98200000,1
1288925280000,1288925339000,1.60365,1.6038,1.60361,1.60362,60300000,1
1288925340000,1288925399000,1.60362,1.60389,1.60353,1.60353,70100000,1
1288925400000,1288925459000,1.60353,1.60353,1.60347,1.60347,50100000,1
1288925460000,1288925519000,1.60347,1.60358,1.60347,1.60358,52600000,1
1288925520000,1288925579000,1.60358,1.6038,1.60358,1.60372,46000000,1
1288925580000,1288925639000,1.60373,1.60379,1.60371,1.60379,49200000,1
1288925640000,1288925699000,1.60379,1.60388,1.60378,1.60378,42000000,1
1288925700000,1288925759000,1.60378,1.60388,1.60377,1.60388,43600000,1
1288925760000,1288925819000,1.60388,1.60388,1.60381,1.60382,26500000,1
1288925820000,1288925879000,1.60382,1.60393,1.60378,1.60393,87000000,1
1288925880000,1288925939000,1.60393,1.60399,1.60357,1.60367,62300000,1
1288925940000,1288925999000,1.60357,1.60367,1.60337,1.60345,79800000,1
1288926000000,1288926059000,1.6034,1.6035,1.60319,1.60323,85800000,1
1288926060000,1288926119000,1.60328,1.60334,1.60284,1.60302,83300000,1
1288926120000,1288926179000,1.603,1.60324,1.60288,1.6032,72600000,1
1288926180000,1288926239000,1.6031,1.60322,1.60271,1.60302,80300000,1
1288926240000,1288926299000,1.60303,1.60307,1.60286,1.60299,115600000,1
1288926300000,1288926359000,1.60298,1.6033,1.60283,1.60298,86100000,1
1288926360000,1288926419000,1.60298,1.60313,1.60292,1.60299,83800000,1
1288926420000,1288926479000,1.60299,1.60316,1.60293,1.60303,93000000,1
1288926480000,1288926539000,1.60303,1.60328,1.60292,1.60318,104100000,1
1288926540000,1288926599000,1.60311,1.60317,1.6025,1.60263,110100000,1
1288926600000,1288926659000,1.60263,1.60263,1.60227,1.60227,66400000,1
1288926660000,1288926719000,1.60231,1.60233,1.60227,1.6023,58700000,1
1288926720000,1288926779000,1.6023,1.60252,1.60226,1.60247,72200000,1
1288926780000,1288926839000,1.60247,1.60262,1.60235,1.60243,100500000,1
1288926840000,1288926899000,1.60249,1.60262,1.60211,1.60211,94300000,1
1288926900000,1288926959000,1.60211,1.60212,1.60205,1.60209,105400000,1
1288926960000,1288927019000,1.60209,1.60222,1.60192,1.60199,84500000,1
1288927020000,1288927079000,1.60199,1.602,1.60172,1.60172,74400000,1
1288927080000,1288927139000,1.6017,1.60172,1.60122,1.60137,139000000,1
1288927140000,1288927199000,1.60143,1.60183,1.60132,1.60144,105900000,1
1288927200000,1288927259000,1.60153,1.60163,1.60143,1.60159,64000000,1
1288927260000,1288927319000,1.60157,1.60162,1.60137,1.60144,72100000,1
1288927320000,1288927379000,1.60142,1.60174,1.60142,1.60174,43600000,1
1288927380000,1288927439000,1.60174,1.60186,1.60163,1.60174,107300000,1
1288927440000,1288927499000,1.60173,1.60178,1.60142,1.60147,135400000,1
1288927500000,1288927559000,1.60144,1.60154,1.60143,1.60154,98900000,1
1288927560000,1288927619000,1.60154,1.60173,1.60136,1.60138,119800000,1
1288927620000,1288927679000,1.60138,1.60144,1.60135,1.60144,114200000,1
1288927680000,1288927739000,1.60144,1.60149,1.60134,1.60149,67700000,1
1288927740000,1288927799000,1.60148,1.60153,1.60117,1.60128,89600000,1
1288927800000,1288927859000,1.60128,1.6016,1.60127,1.60147,52300000,1
1288927860000,1288927919000,1.60147,1.60173,1.60147,1.60172,79500000,1
1288927920000,1288927979000,1.60168,1.60172,1.60152,1.6016,63600000,1
1288927980000,1288928039000,1.6016,1.60168,1.60151,1.60165,85600000,1
1288928040000,1288928099000,1.60166,1.60178,1.60149,1.6016,49100000,1
1288928100000,1288928159000,1.60167,1.60187,1.60158,1.60165,72300000,1
1288928160000,1288928219000,1.60164,1.60173,1.60158,1.60166,73400000,1
1288928220000,1288928279000,1.60166,1.60196,1.60163,1.60196,104000000,1
1288928280000,1288928339000,1.60192,1.60192,1.60165,1.60165,97900000,1
1288928340000,1288928399000,1.60174,1.60192,1.60148,1.60192,126700000,1
1288928400000,1288928459000,1.60193,1.60235,1.60176,1.60229,118400000,1
1288928460000,1288928519000,1.6023,1.60254,1.6023,1.60254,66200000,1
1288928520000,1288928579000,1.60258,1.60283,1.60222,1.60222,142600000,1
1288928580000,1288928639000,1.60219,1.60221,1.60208,1.60211,73700000,1
1288928640000,1288928699000,1.60211,1.60223,1.60203,1.60208,63900000,1
1288928700000,1288928759000,1.60208,1.60221,1.60177,1.60208,85400000,1
1288928760000,1288928819000,1.60208,1.60227,1.60208,1.60222,61300000,1
1288928820000,1288928879000,1.60218,1.60233,1.60203,1.60203,62100000,1
1288928880000,1288928939000,1.60199,1.60204,1.60129,1.60141,121300000,1
1288928940000,1288928999000,1.60142,1.60158,1.6013,1.6013,79800000,1
1288929000000,1288929059000,1.6013,1.60172,1.6013,1.60163,75400000,1
1288929060000,1288929119000,1.60159,1.60164,1.60148,1.60148,74200000,1
1288929120000,1288929179000,1.60148,1.60172,1.60121,1.60128,97000000,1
1288929180000,1288929239000,1.60134,1.60176,1.60124,1.60176,125700000,1
1288929240000,1288929299000,1.60176,1.60178,1.60157,1.60178,114600000,1
1288929300000,1288929359000,1.60164,1.6018,1.60153,1.60164,95600000,1
1288929360000,1288929419000,1.60164,1.60175,1.6016,1.6016,73600000,1
1288929420000,1288929479000,1.6016,1.60172,1.60159,1.60165,96900000,1
1288929480000,1288929539000,1.60165,1.6017,1.60125,1.60142,100700000,1
1288929540000,1288929599000,1.60141,1.60169,1.60133,1.60165,108800000,1
1288929600000,1288929659000,1.60165,1.6017,1.60142,1.6015,89500000,1
1288929660000,1288929719000,1.60151,1.60159,1.60099,1.60119,82000000,1
1288929720000,1288929779000,1.60119,1.60167,1.60119,1.60151,59900000,1
1288929780000,1288929839000,1.60143,1.60166,1.60129,1.60166,62000000,1
1288929840000,1288929899000,1.60166,1.60202,1.60166,1.602,86000000,1
1288929900000,1288929959000,1.60208,1.60209,1.60201,1.60209,105400000,1
1288929960000,1288930019000,1.60202,1.60214,1.60191,1.60208,86700000,1
1288930020000,1288930079000,1.602,1.60211,1.60176,1.60176,130300000,1
1288930080000,1288930139000,1.60178,1.60201,1.60171,1.60199,64400000,1
1288930140000,1288930199000,1.60201,1.60209,1.60172,1.60172,73800000,1
1288930200000,1288930259000,1.60172,1.60183,1.6014,1.60163,105900000,1
1288930260000,1288930319000,1.60172,1.60172,1.60132,1.60148,88400000,1
1288930320000,1288930379000,1.60148,1.60175,1.60148,1.60173,65400000,1
1288930380000,1288930439000,1.60163,1.60175,1.60142,1.60142,88300000,1
1288930440000,1288930499000,1.60131,1.60147,1.60131,1.60138,61300000,1
1288930500000,1288930559000,1.60143,1.6015,1.60122,1.6014,45800000,1
1288930560000,1288930619000,1.60135,1.60159,1.60133,1.60147,65300000,1
1288930620000,1288930679000,1.60149,1.60175,1.60149,1.60152,109000000,1
1288930680000,1288930739000,1.60152,1.60183,1.60152,1.60183,119000000,1
1288930740000,1288930799000,1.60183,1.60187,1.60175,1.60187,63500000,1
1288930800000,1288930859000,1.60183,1.60183,1.60161,1.60161,85500000,1
1288930860000,1288930919000,1.60162,1.60177,1.60153,1.60177,87300000,1
1288930920000,1288930979000,1.60186,1.60186,1.60162,1.60162,85100000,1
1288930980000,1288931039000,1.60163,1.60198,1.60162,1.60183,92400000,1
1288931040000,1288931099000,1.6018,1.60183,1.60162,1.60165,96800000,1
1288931100000,1288931159000,1.6017,1.60211,1.6017,1.60204,108100000,1
1288931160000,1288931219000,1.60204,1.6025,1.60197,1.60213,133400000,1
1288931220000,1288931279000,1.60226,1.60234,1.60208,1.60211,63100000,1
1288931280000,1288931339000,1.60213,1.60244,1.60213,1.60228,62100000,1
1288931340000,1288931399000,1.60228,1.60242,1.60204,1.60208,92500000,1
1288931400000,1288931459000,1.60208,1.60229,1.60194,1.60229,59900000,1
1288931460000,1288931519000,1.60227,1.60227,1.60193,1.60211,70200000,1
1288931520000,1288931579000,1.60211,1.60219,1.60192,1.60207,72000000,1
1288931580000,1288931639000,1.60203,1.60217,1.60201,1.6021,48500000,1
1288931640000,1288931699000,1.60208,1.60208,1.60196,1.60201,72600000,1
1288931700000,1288931759000,1.60201,1.60207,1.602,1.60201,68400000,1
1288931760000,1288931819000,1.60201,1.60202,1.60164,1.60183,46700000,1
1288931820000,1288931879000,1.60179,1.602,1.60179,1.60194,64900000,1
1288931880000,1288931939000,1.60194,1.60198,1.60173,1.60187,98500000,1
1288931940000,1288931999000,1.60187,1.60222,1.60178,1.60193,68800000,1
1288932000000,1288932059000,1.60202,1.60222,1.60185,1.60214,121500000,1
1288932060000,1288932119000,1.60214,1.60243,1.60205,1.60243,73100000,1
1288932120000,1288932179000,1.60245,1.60267,1.6024,1.60262,54000000,1
1288932180000,1288932239000,1.60262,1.60278,1.60246,1.60246,97400000,1
1288932240000,1288932299000,1.60238,1.60268,1.60212,1.60221,70300000,1
1288932300000,1288932359000,1.60221,1.60274,1.60217,1.60259,93400000,1
1288932360000,1288932419000,1.60264,1.60264,1.60223,1.60224,77300000,1
1288932420000,1288932479000,1.60228,1.60228,1.6022,1.60223,56000000,1
1288932480000,1288932539000,1.60223,1.60223,1.60217,1.60223,39900000,1
1288932540000,1288932599000,1.60223,1.60233,1.60223,1.60233,84800000,1
1288932600000,1288932659000,1.60233,1.60255,1.60233,1.60247,92200000,1
1288932660000,1288932719000,1.60247,1.60253,1.60222,1.60228,90200000,1
1288932720000,1288932779000,1.6023,1.60243,1.60219,1.60232,79600000,1
1288932780000,1288932839000,1.60238,1.60263,1.60218,1.6026,72900000,1
1288932840000,1288932899000,1.60252,1.60262,1.60203,1.60235,116100000,1
1288932900000,1288932959000,1.60227,1.60227,1.60208,1.60216,77000000,1
1288932960000,1288933019000,1.60217,1.60243,1.60207,1.60238,61400000,1
1288933020000,1288933079000,1.60237,1.60237,1.60153,1.60164,172500000,1
1288933080000,1288933139000,1.60162,1.60192,1.60162,1.60168,105200000,1
1288933140000,1288933199000,1.60168,1.60168,1.60073,1.60141,119500000,1
1288933200000,1288933259000,1.6014,1.60143,1.60102,1.60111,82800000,1
1288933260000,1288933319000,1.60111,1.60111,1.60089,1.60101,82600000,1
1288933320000,1288933379000,1.60106,1.60152,1.60098,1.60146,113700000,1
1288933380000,1288933439000,1.60147,1.60186,1.60118,1.60135,97800000,1
1288933440000,1288933499000,1.60135,1.60172,1.60133,1.60133,66500000,1
1288933500000,1288933559000,1.60133,1.60173,1.60133,1.60171,61800000,1
1288933560000,1288933619000,1.60169,1.6017,1.60146,1.60146,91100000,1
1288933620000,1288933679000,1.60142,1.60156,1.60129,1.60147,127300000,1
1288933680000,1288933739000,1.60152,1.60183,1.6014,1.60166,156600000,1
1288933740000,1288933799000,1.60162,1.60162,1.60145,1.60161,77800000,1
1288933800000,1288933859000,1.60161,1.60178,1.60142,1.60178,83300000,1
1288933860000,1288933919000,1.60172,1.60198,1.60156,1.60156,79700000,1
1288933920000,1288933979000,1.60154,1.60165,1.60148,1.60152,66900000,1
1288933980000,1288934039000,1.60145,1.60192,1.60142,1.60189,76900000,1
1288934040000,1288934099000,1.60188,1.602,1.60177,1.6018,53000000,1
1288934100000,1288934159000,1.6018,1.60195,1.6018,1.6019,54400000,1
1288934160000,1288934219000,1.6019,1.60193,1.60183,1.60183,39100000,1
1288934220000,1288934279000,1.60183,1.60188,1.60163,1.60177,48100000,1
1288934280000,1288934339000,1.60178,1.60198,1.60175,1.60193,66800000,1
1288934340000,1288934399000,1.60188,1.60209,1.60185,1.60209,64600000,1
1288934400000,1288934459000,1.60212,1.60239,1.60205,1.60231,86500000,1
1288934460000,1288934519000,1.60231,1.60236,1.60199,1.60199,91200000,1
1288934520000,1288934579000,1.60191,1.60209,1.60174,1.60193,90900000,1
1288934580000,1288934639000,1.6021,1.60223,1.60193,1.60221,95900000,1
1288934640000,1288934699000,1.60223,1.60257,1.60223,1.60243,79900000,1
1288934700000,1288934759000,1.60243,1.60296,1.60243,1.60275,81000000,1
1288934760000,1288934819000,1.60291,1.60408,1.60287,1.60399,109700000,1
1288934820000,1288934879000,1.60392,1.60401,1.6036,1.60373,86800000,1
1288934880000,1288934939000,1.60372,1.60405,1.60362,1.60405,85100000,1
1288934940000,1288934999000,1.60406,1.60416,1.60387,1.60387,75400000,1
1288935000000,1288935059000,1.60396,1.60402,1.6035,1.60402,128900000,1
1288935060000,1288935119000,1.60402,1.60422,1.60377,1.60383,89100000,1
1288935120000,1288935179000,1.60383,1.60398,1.60334,1.60398,103700000,1
1288935180000,1288935239000,1.60386,1.60388,1.60367,1.60376,52600000,1
1288935240000,1288935299000,1.60376,1.60377,1.60354,1.60354,50300000,1
1288935300000,1288935359000,1.60358,1.60366,1.60353,1.60353,41200000,1
1288935360000,1288935419000,1.60349,1.60373,1.60345,1.6035,42700000,1
1288935420000,1288935479000,1.6035,1.60362,1.60335,1.60341,41400000,1
1288935480000,1288935539000,1.60336,1.60357,1.60304,1.6031,65700000,1
1288935540000,1288935599000,1.6031,1.60313,1.6025,1.60284,126200000,1
1288935600000,1288935659000,1.60284,1.60315,1.60273,1.60297,83300000,1
1288935660000,1288935719000,1.60295,1.60327,1.60285,1.60327,84000000,1
1288935720000,1288935779000,1.60327,1.6034,1.60307,1.60312,85800000,1
1288935780000,1288935839000,1.60312,1.60313,1.6031,1.6031,53200000,1
1288935840000,1288935899000,1.6031,1.6032,1.6031,1.60313,50000000,1
1288935900000,1288935959000,1.60313,1.60324,1.60313,1.60319,42000000,1
1288935960000,1288936019000,1.60324,1.60325,1.60284,1.60303,102300000,1
1288936020000,1288936079000,1.60301,1.60311,1.60285,1.603,91400000,1
1288936080000,1288936139000,1.603,1.60301,1.60286,1.60286,109100000,1
1288936140000,1288936199000,1.60304,1.60311,1.60287,1.60297,84300000,1
1288936200000,1288936259000,1.60296,1.60298,1.60248,1.60248,65100000,1
1288936260000,1288936319000,1.60247,1.60258,1.60239,1.60248,88400000,1
1288936320000,1288936379000,1.60252,1.60253,1.60206,1.60212,62300000,1
1288936380000,1288936439000,1.60212,1.60237,1.60201,1.60216,79700000,1
1288936440000,1288936499000,1.60225,1.60225,1.60205,1.60205,61500000,1
1288936500000,1288936559000,1.60205,1.60213,1.60197,1.60197,111000000,1
1288936560000,1288936619000,1.60197,1.60216,1.60183,1.602,121400000,1
1288936620000,1288936679000,1.60203,1.60224,1.60182,1.60199,126800000,1
1288936680000,1288936739000,1.60195,1.60206,1.60161,1.60174,118100000,1
1288936740000,1288936799000,1.60176,1.60176,1.60121,1.60148,103400000,1
1288936800000,1288936859000,1.60132,1.60161,1.60113,1.60132,101300000,1
1288936860000,1288936919000,1.60132,1.60194,1.60132,1.60176,119700000,1
1288936920000,1288936979000,1.60176,1.60203,1.60165,1.60202,124800000,1
1288936980000,1288937039000,1.60202,1.60208,1.6018,1.60182,85400000,1
1288937040000,1288937099000,1.60185,1.60185,1.6017,1.60172,43700000,1
1288937100000,1288937159000,1.60172,1.60181,1.60135,1.60137,52700000,1
1288937160000,1288937219000,1.60137,1.60142,1.60102,1.60118,73200000,1
1288937220000,1288937279000,1.60121,1.60133,1.60121,1.60123,66000000,1
1288937280000,1288937339000,1.60123,1.60128,1.60071,1.60073,70400000,1
1288937340000,1288937399000,1.60077,1.60097,1.60047,1.60097,71200000,1
1288937400000,1288937459000,1.60097,1.60097,1.60074,1.60078,39400000,1
1288937460000,1288937519000,1.60078,1.60078,1.60022,1.60022,108000000,1
1288937520000,1288937579000,1.60029,1.60053,1.60029,1.6004,87100000,1
1288937580000,1288937639000,1.6004,1.60047,1.60025,1.60041,92900000,1
1288937640000,1288937699000,1.60041,1.60049,1.60029,1.60029,82400000,1
1288937700000,1288937759000,1.60029,1.6003,1.60007,1.60007,62300000,1
1288937760000,1288937819000,1.60002,1.60028,1.60002,1.60017,71900000,1
1288937820000,1288937879000,1.60013,1.60027,1.60007,1.60017,69700000,1
1288937880000,1288937939000,1.60027,1.60042,1.59995,1.60005,87000000,1
1288937940000,1288937999000,1.60007,1.60016,1.59961,1.60016,77200000,1
1288938000000,1288938059000,1.60016,1.60049,1.60016,1.60041,97000000,1
1288938060000,1288938119000,1.60045,1.60053,1.60017,1.6004,103200000,1
1288938120000,1288938179000,1.60035,1.60035,1.60008,1.6001,98800000,1
1288938180000,1288938239000,1.6001,1.60026,1.60006,1.60012,62200000,1
1288938240000,1288938299000,1.60012,1.60024,1.60002,1.60011,63400000,1
1288938300000,1288938359000,1.60007,1.6003,1.59999,1.60013,76400000,1
1288938360000,1288938419000,1.60008,1.60019,1.59987,1.59993,92400000,1
1288938420000,1288938479000,1.59993,1.60043,1.59993,1.60039,69700000,1
1288938480000,1288938539000,1.60031,1.60038,1.60017,1.60017,50600000,1
1288938540000,1288938599000,1.60017,1.60052,1.60005,1.60036,89800000,1
1288938600000,1288938659000,1.60033,1.60052,1.60016,1.60042,108600000,1
1288938660000,1288938719000,1.60032,1.60048,1.60019,1.60027,67200000,1
1288938720000,1288938779000,1.6002,1.60025,1.60013,1.60013,58400000,1
1288938780000,1288938839000,1.60013,1.60017,1.60003,1.60007,54500000,1
1288938840000,1288938899000,1.60017,1.60017,1.59991,1.60007,65200000,1
1288938900000,1288938959000,1.59998,1.60017,1.59991,1.60006,80200000,1
1288938960000,1288939019000,1.60006,1.60011,1.60001,1.60002,84500000,1
1288939020000,1288939079000,1.60002,1.60008,1.59953,1.59953,62300000,1
1288939080000,1288939139000,1.59953,1.59962,1.59874,1.59874,117200000,1
1288939140000,1288939199000,1.59863,1.59912,1.59863,1.5991,88700000,1
1288939200000,1288939259000,1.59923,1.59939,1.59905,1.59917,105200000,1
1288939260000,1288939319000,1.59927,1.59942,1.59907,1.59923,74300000,1
1288939320000,1288939379000,1.59923,1.59937,1.59898,1.59915,102300000,1
1288939380000,1288939439000,1.5991,1.59923,1.59872,1.59898,65400000,1
1288939440000,1288939499000,1.59898,1.59898,1.59873,1.59897,67600000,1
1288939500000,1288939559000,1.59897,1.59935,1.59863,1.59906,126900000,1
1288939560000,1288939619000,1.59916,1.59929,1.599,1.59917,125200000,1
1288939620000,1288939679000,1.59917,1.59917,1.59872,1.59882,125300000,1
1288939680000,1288939739000,1.59883,1.5992,1.59874,1.5992,87700000,1
1288939740000,1288939799000,1.5992,1.59936,1.5992,1.5993,147000000,1
1288939800000,1288939859000,1.5993,1.59947,1.59925,1.59929,106800000,1
1288939860000,1288939919000,1.59929,1.59949,1.59928,1.59949,149700000,1
1288939920000,1288939979000,1.5996,1.5996,1.59943,1.59947,99400000,1
1288939980000,1288940039000,1.59947,1.5995,1.59913,1.59916,105300000,1
1288940040000,1288940099000,1.59904,1.59911,1.59883,1.59888,80700000,1
1288940100000,1288940159000,1.59888,1.59907,1.59886,1.59886,71200000,1
1288940160000,1288940219000,1.59894,1.59895,1.59883,1.5989,52200000,1
1288940220000,1288940279000,1.5989,1.59919,1.59889,1.59901,78100000,1
1288940280000,1288940339000,1.59897,1.59902,1.59879,1.59882,97100000,1
1288940340000,1288940399000,1.59871,1.59894,1.59846,1.59853,115900000,1
1288940400000,1288940459000,1.59853,1.5988,1.59841,1.59875,91400000,1
1288940460000,1288940519000,1.59875,1.59875,1.59803,1.59803,140900000,1
1288940520000,1288940579000,1.59819,1.59819,1.59799,1.59799,87900000,1
1288940580000,1288940639000,1.59799,1.59834,1.59799,1.59818,115800000,1
1288940640000,1288940699000,1.59826,1.59826,1.59751,1.59775,121200000,1
1288940700000,1288940759000,1.59774,1.59798,1.59758,1.5976,106400000,1
1288940760000,1288940819000,1.5976,1.59779,1.59723,1.59735,131200000,1
1288940820000,1288940879000,1.59723,1.59749,1.59684,1.59713,135200000,1
1288940880000,1288940939000,1.59706,1.59714,1.59676,1.59688,119200000,1
1288940940000,1288940999000,1.59693,1.59753,1.59693,1.59733,128200000,1
1288941000000,1288941059000,1.59733,1.59788,1.59701,1.59702,156400000,1
1288941060000,1288941119000,1.59702,1.5974,1.59702,1.59722,124300000,1
1288941120000,1288941179000,1.59722,1.59732,1.59587,1.59587,185000000,1
1288941180000,1288941239000,1.5959,1.59644,1.59574,1.59619,105000000,1
1288941240000,1288941299000,1.59609,1.59619,1.59578,1.59578,159200000,1
1288941300000,1288941359000,1.59581,1.59589,1.59432,1.59448,255400000,1
1288941360000,1288941419000,1.59434,1.59444,1.59392,1.59436,143100000,1
1288941420000,1288941479000,1.59443,1.59471,1.59417,1.59456,151600000,1
1288941480000,1288941539000,1.59456,1.59456,1.59365,1.59365,125200000,1
1288941540000,1288941599000,1.5937,1.59403,1.5936,1.59398,170900000,1
1288941600000,1288941659000,1.59392,1.59429,1.59374,1.59429,146600000,1
1288941660000,1288941719000,1.59429,1.59429,1.5936,1.59368,191800000,1
1288941720000,1288941779000,1.59361,1.59376,1.59311,1.59344,242600000,1
1288941780000,1288941839000,1.59344,1.59392,1.59314,1.59386,189500000,1
1288941840000,1288941899000,1.5939,1.59421,1.59361,1.5937,162100000,1
1288941900000,1288941959000,1.59368,1.59411,1.59367,1.59376,119100000,1
1288941960000,1288942019000,1.59376,1.59407,1.59376,1.59383,123300000,1
1288942020000,1288942079000,1.59382,1.59434,1.59378,1.59433,89600000,1
1288942080000,1288942139000,1.59437,1.5945,1.59415,1.59448,158200000,1
1288942140000,1288942199000,1.5944,1.59464,1.59418,1.59452,120200000,1
1288942200000,1288942259000,1.59456,1.59459,1.59422,1.59441,158400000,1
1288942260000,1288942319000,1.5945,1.59454,1.59411,1.59427,186500000,1
1288942320000,1288942379000,1.59431,1.59477,1.59431,1.59467,89000000,1
1288942380000,1288942439000,1.59452,1.5949,1.59445,1.59461,153900000,1
1288942440000,1288942499000,1.59475,1.59486,1.59465,1.59466,78300000,1
1288942500000,1288942559000,1.59468,1.59487,1.59445,1.59453,125200000,1
1288942560000,1288942619000,1.59453,1.59496,1.59426,1.59426,111400000,1
1288942620000,1288942679000,1.59422,1.59422,1.59374,1.59399,110000000,1
1288942680000,1288942739000,1.59386,1.59386,1.59294,1.59339,139500000,1
1288942740000,1288942799000,1.59338,1.59338,1.59271,1.5929,136600000,1
1288942800000,1288942859000,1.5929,1.59341,1.5929,1.59341,99300000,1
1288942860000,1288942919000,1.59339,1.59363,1.59205,1.59213,153300000,1
1288942920000,1288942979000,1.59206,1.5927,1.59154,1.59189,163100000,1
1288942980000,1288943039000,1.59203,1.59312,1.59203,1.5928,131600000,1
1288943040000,1288943099000,1.5928,1.59293,1.59209,1.59209,136500000,1
1288943100000,1288943159000,1.59214,1.59305,1.592,1.59291,120700000,1
1288943160000,1288943219000,1.59297,1.59308,1.59271,1.59293,101300000,1
1288943220000,1288943279000,1.59289,1.59349,1.59264,1.59349,89400000,1
1288943280000,1288943339000,1.59351,1.59415,1.59351,1.59413,88600000,1
1288943340000,1288943399000,1.59413,1.59413,1.59273,1.59312,149200000,1
1288943400000,1288943459000,1.59314,1.59362,1.59299,1.59317,107400000,1
1288943460000,1288943519000,1.59307,1.5933,1.59292,1.5933,102900000,1
1288943520000,1288943579000,1.5933,1.5933,1.59281,1.59284,107400000,1
1288943580000,1288943639000,1.59282,1.59283,1.59189,1.5921,149300000,1
1288943640000,1288943699000,1.59206,1.59244,1.59203,1.59236,105500000,1
1288943700000,1288943759000,1.59228,1.5925,1.59219,1.59226,81200000,1
1288943760000,1288943819000,1.59224,1.59261,1.59207,1.59243,117800000,1
1288943820000,1288943879000,1.59242,1.593,1.59221,1.5928,139700000,1
1288943880000,1288943939000,1.59272,1.59351,1.59262,1.59348,113100000,1
1288943940000,1288943999000,1.59355,1.59362,1.5932,1.59362,152200000,1
1288944000000,1288944059000,1.59361,1.5943,1.59334,1.59401,144000000,1
1288944060000,1288944119000,1.59417,1.59437,1.59377,1.59393,136500000,1
1288944120000,1288944179000,1.59393,1.59424,1.59369,1.59413,131000000,1
1288944180000,1288944239000,1.59403,1.59411,1.5934,1.59347,169400000,1
1288944240000,1288944299000,1.59354,1.59379,1.59276,1.59312,170800000,1
1288944300000,1288944359000,1.59304,1.59335,1.5928,1.59295,164800000,1
1288944360000,1288944419000,1.59295,1.59368,1.59295,1.59338,158500000,1
1288944420000,1288944479000,1.59338,1.59351,1.59307,1.59351,98100000,1
1288944480000,1288944539000,1.59346,1.59346,1.59308,1.59328,92500000,1
1288944540000,1288944599000,1.5933,1.59366,1.59318,1.59345,120800000,1
1288944600000,1288944659000,1.59342,1.59372,1.59336,1.59365,104700000,1
1288944660000,1288944719000,1.5937,1.59444,1.5937,1.59437,141300000,1
1288944720000,1288944779000,1.59437,1.59467,1.59393,1.59393,98700000,1
1288944780000,1288944839000,1.59381,1.59403,1.59325,1.59337,118500000,1
1288944840000,1288944899000,1.59342,1.59403,1.59327,1.59385,150500000,1
1288944900000,1288944959000,1.59377,1.59407,1.59343,1.59361,110000000,1
1288944960000,1288945019000,1.59356,1.59374,1.59305,1.59317,125100000,1
1288945020000,1288945079000,1.59317,1.59339,1.59283,1.59291,109100000,1
1288945080000,1288945139000,1.59292,1.59292,1.59236,1.59248,86700000,1
1288945140000,1288945199000,1.59245,1.593,1.59245,1.59259,103300000,1
1288945200000,1288945259000,1.59266,1.59364,1.59266,1.59329,124800000,1
1288945260000,1288945319000,1.59329,1.59329,1.59251,1.59276,125100000,1
1288945320000,1288945379000,1.59276,1.59297,1.59265,1.59272,87200000,1
1288945380000,1288945439000,1.59267,1.59282,1.5924,1.59278,143200000,1
1288945440000,1288945499000,1.59277,1.59331,1.59273,1.59323,87600000,1
1288945500000,1288945559000,1.59323,1.59399,1.59314,1.59379,98900000,1
1288945560000,1288945619000,1.59385,1.59405,1.5936,1.59382,116100000,1
1288945620000,1288945679000,1.59382,1.59401,1.59372,1.59398,100200000,1
1288945680000,1288945739000,1.59399,1.59439,1.59372,1.59439,106400000,1
1288945740000,1288945799000,1.5944,1.59484,1.59428,1.59467,107500000,1
1288945800000,1288945859000,1.59471,1.59499,1.59459,1.59463,105300000,1
1288945860000,1288945919000,1.59463,1.59499,1.59462,1.59471,90400000,1
1288945920000,1288945979000,1.5947,1.59472,1.59456,1.5946,78300000,1
1288945980000,1288946039000,1.5944,1.59478,1.59418,1.59457,117800000,1
1288946040000,1288946099000,1.59457,1.59472,1.59457,1.59461,65900000,1
1288946100000,1288946159000,1.59462,1.59466,1.5943,1.59443,99400000,1
1288946160000,1288946219000,1.5944,1.59514,1.59427,1.59499,156900000,1
1288946220000,1288946279000,1.59499,1.59522,1.59483,1.59515,104800000,1
1288946280000,1288946339000,1.59509,1.59544,1.59494,1.59502,93800000,1
1288946340000,1288946399000,1.59505,1.59515,1.59482,1.59486,104600000,1
1288946400000,1288946459000,1.59486,1.59492,1.59422,1.59436,100800000,1
1288946460000,1288946519000,1.59436,1.59479,1.5941,1.59467,120200000,1
1288946520000,1288946579000,1.59478,1.59478,1.59442,1.59453,138800000,1
1288946580000,1288946639000,1.59449,1.59498,1.59449,1.59483,131000000,1
1288946640000,1288946699000,1.59483,1.59483,1.59386,1.59405,106600000,1
1288946700000,1288946759000,1.59411,1.59495,1.59378,1.5949,113400000,1
1288946760000,1288946819000,1.59491,1.59504,1.59479,1.59479,109000000,1
1288946820000,1288946879000,1.59469,1.59516,1.59443,1.59488,149000000,1
1288946880000,1288946939000,1.59488,1.59499,1.59456,1.59466,132200000,1
1288946940000,1288946999000,1.59458,1.59609,1.59437,1.59589,154100000,1
1288947000000,1288947059000,1.59589,1.59626,1.59535,1.59608,149100000,1
1288947060000,1288947119000,1.59611,1.59632,1.59591,1.59598,181800000,1
1288947120000,1288947179000,1.59602,1.59622,1.59578,1.59596,117700000,1
1288947180000,1288947239000,1.59585,1.59604,1.59566,1.59604,122800000,1
1288947240000,1288947299000,1.59609,1.59639,1.59552,1.59577,163100000,1
1288947300000,1288947359000,1.59582,1.59639,1.59537,1.59639,160900000,1
1288947360000,1288947419000,1.59629,1.597,1.59629,1.59684,114000000,1
1288947420000,1288947479000,1.59684,1.59695,1.59674,1.59676,77500000,1
1288947480000,1288947539000,1.59674,1.59674,1.59583,1.59614,156700000,1
1288947540000,1288947599000,1.59616,1.59631,1.59586,1.59591,83200000,1
1288947600000,1288947659000,1.59578,1.59663,1.59573,1.59649,107600000,1
1288947660000,1288947719000,1.59644,1.59651,1.59532,1.59533,129500000,1
1288947720000,1288947779000,1.59537,1.59611,1.59537,1.59606,96800000,1
1288947780000,1288947839000,1.59606,1.59659,1.59605,1.59642,116300000,1
1288947840000,1288947899000,1.59642,1.59656,1.59626,1.59643,82400000,1
1288947900000,1288947959000,1.59643,1.5967,1.59625,1.59652,79400000,1
1288947960000,1288948019000,1.59652,1.59652,1.59602,1.59625,83800000,1
1288948020000,1288948079000,1.59625,1.59625,1.59567,1.59611,111200000,1
1288948080000,1288948139000,1.59604,1.59604,1.59547,1.59555,95100000,1
1288948140000,1288948199000,1.59552,1.59566,1.59537,1.59564,111400000,1
1288948200000,1288948259000,1.59564,1.5957,1.59538,1.5955,129100000,1
1288948260000,1288948319000,1.59536,1.59581,1.59536,1.59558,107700000,1
1288948320000,1288948379000,1.59558,1.59566,1.59544,1.59563,89600000,1
1288948380000,1288948439000,1.59568,1.59596,1.59568,1.59581,90500000,1
1288948440000,1288948499000,1.59587,1.59592,1.59522,1.59542,119400000,1
1288948500000,1288948559000,1.59543,1.59596,1.59539,1.59545,78400000,1
1288948560000,1288948619000,1.59545,1.59562,1.59533,1.5955,69400000,1
1288948620000,1288948679000,1.5955,1.59552,1.59518,1.59529,104000000,1
1288948680000,1288948739000,1.59536,1.59624,1.59536,1.59619,124300000,1
1288948740000,1288948799000,1.59619,1.5966,1.5961,1.59658,127700000,1
1288948800000,1288948859000,1.59675,1.59713,1.59635,1.59687,120600000,1
1288948860000,1288948919000,1.59683,1.59686,1.59651,1.59651,122600000,1
1288948920000,1288948979000,1.59651,1.59699,1.59642,1.59679,93000000,1
1288948980000,1288949039000,1.59679,1.59709,1.59658,1.59704,151600000,1
1288949040000,1288949099000,1.59703,1.59731,1.5966,1.59721,120300000,1
1288949100000,1288949159000,1.59721,1.59801,1.59721,1.59772,70500000,1
1288949160000,1288949219000,1.59784,1.59784,1.59691,1.5973,140100000,1
1288949220000,1288949279000,1.59736,1.59741,1.59665,1.59668,85900000,1
1288949280000,1288949339000,1.59674,1.59703,1.59644,1.59686,104300000,1
1288949340000,1288949399000,1.59686,1.59733,1.59683,1.59696,104700000,1
1288949400000,1288949459000,1.59702,1.59807,1.59654,1.59806,206400000,1
1288949460000,1288949519000,1.59799,1.59813,1.59748,1.59791,169900000,1
1288949520000,1288949579000,1.59791,1.59808,1.59774,1.59802,97700000,1
1288949580000,1288949639000,1.59798,1.59816,1.59778,1.59789,88700000,1
1288949640000,1288949699000,1.59789,1.59795,1.59743,1.59743,101200000,1
1288949700000,1288949759000,1.59737,1.59803,1.59719,1.59803,134400000,1
1288949760000,1288949819000,1.598,1.598,1.59738,1.59748,77300000,1
1288949820000,1288949879000,1.59753,1.59764,1.59725,1.59733,115800000,1
1288949880000,1288949939000,1.59755,1.59813,1.59755,1.59807,122800000,1
1288949940000,1288949999000,1.59804,1.59906,1.598,1.59878,124000000,1
1288950000000,1288950059000,1.59887,1.59974,1.5988,1.59974,126500000,1
1288950060000,1288950119000,1.59976,1.60063,1.59968,1.60044,145000000,1
1288950120000,1288950179000,1.60046,1.60054,1.60009,1.60044,127700000,1
1288950180000,1288950239000,1.60047,1.60088,1.6004,1.60077,107000000,1
1288950240000,1288950299000,1.60078,1.60085,1.59989,1.59991,125300000,1
1288950300000,1288950359000,1.59991,1.60028,1.59981,1.60026,95000000,1
1288950360000,1288950419000,1.60026,1.60052,1.60011,1.60032,103400000,1
1288950420000,1288950479000,1.60032,1.60032,1.5997,1.59975,96200000,1
1288950480000,1288950539000,1.5997,1.59988,1.59965,1.59988,80900000,1
1288950540000,1288950599000,1.59981,1.59999,1.59924,1.59935,141400000,1
1288950600000,1288950659000,1.59935,1.59985,1.59901,1.59914,142100000,1
1288950660000,1288950719000,1.59915,1.59951,1.59911,1.59943,87400000,1
1288950720000,1288950779000,1.59943,1.59946,1.59894,1.59904,78400000,1
1288950780000,1288950839000,1.59904,1.59968,1.59891,1.59968,94400000,1
1288950840000,1288950899000,1.59973,1.60013,1.59969,1.60002,107400000,1
1288950900000,1288950959000,1.59999,1.60054,1.59999,1.60047,141000000,1
1288950960000,1288951019000,1.60047,1.60049,1.5994,1.59949,132300000,1
1288951020000,1288951079000,1.59945,1.59945,1.59891,1.59912,102900000,1
1288951080000,1288951139000,1.59938,1.59938,1.59889,1.5991,92400000,1
1288951140000,1288951199000,1.59915,1.59919,1.59885,1.59915,114500000,1
1288951200000,1288951259000,1.59915,1.59953,1.59906,1.59924,149900000,1
1288951260000,1288951319000,1.59935,1.59975,1.59934,1.59959,121300000,1
1288951320000,1288951379000,1.59959,1.59965,1.59928,1.59955,153100000,1
1288951380000,1288951439000,1.59955,1.59988,1.59901,1.5991,113100000,1
1288951440000,1288951499000,1.59913,1.59961,1.59883,1.59958,109800000,1
1288951500000,1288951559000,1.59958,1.60041,1.59953,1.60033,144500000,1
1288951560000,1288951619000,1.60032,1.60067,1.5992,1.59927,151400000,1
1288951620000,1288951679000,1.59926,1.59981,1.59919,1.59932,160400000,1
1288951680000,1288951739000,1.59938,1.59976,1.59878,1.59919,172500000,1
1288951740000,1288951799000,1.59914,1.59922,1.59864,1.59897,127600000,1
1288951800000,1288951859000,1.59897,1.59907,1.59853,1.59892,105400000,1
1288951860000,1288951919000,1.59887,1.59914,1.59884,1.59898,136900000,1
1288951920000,1288951979000,1.59898,1.59898,1.59858,1.59866,121100000,1
1288951980000,1288952039000,1.59866,1.59924,1.59854,1.59924,96300000,1
1288952040000,1288952099000,1.59924,1.59933,1.59883,1.59888,123400000,1
1288952100000,1288952159000,1.59888,1.59948,1.59888,1.59945,96600000,1
1288952160000,1288952219000,1.59937,1.59937,1.59899,1.59899,134200000,1
1288952220000,1288952279000,1.599,1.59923,1.599,1.59904,95500000,1
1288952280000,1288952339000,1.59904,1.59905,1.59866,1.59879,107900000,1
1288952340000,1288952399000,1.59873,1.59886,1.59844,1.59877,142700000,1
1288952400000,1288952459000,1.59877,1.59899,1.59873,1.59899,153100000,1
1288952460000,1288952519000,1.59903,1.59915,1.59868,1.59915,127700000,1
1288952520000,1288952579000,1.59901,1.59913,1.59861,1.59868,100600000,1
1288952580000,1288952639000,1.59868,1.59868,1.59835,1.59835,58400000,1
1288952640000,1288952699000,1.59843,1.59843,1.59798,1.59836,106600000,1
1288952700000,1288952759000,1.5983,1.59972,1.5983,1.59969,125100000,1
1288952760000,1288952819000,1.59969,1.59991,1.59951,1.59991,113900000,1
1288952820000,1288952879000,1.59988,1.60003,1.59953,1.59954,123400000,1
1288952880000,1288952939000,1.59962,1.59962,1.59923,1.59928,87000000,1
1288952940000,1288952999000,1.5993,1.59948,1.59928,1.59942,81000000,1
1288953000000,1288953059000,1.59942,1.59968,1.59882,1.59882,105600000,1
1288953060000,1288953119000,1.59882,1.59906,1.59879,1.59898,78000000,1
1288953120000,1288953179000,1.59894,1.59898,1.59823,1.59835,84500000,1
1288953180000,1288953239000,1.59835,1.59914,1.5982,1.59872,153200000,1
1288953240000,1288953299000,1.59872,1.59874,1.59817,1.59818,151400000,1
1288953300000,1288953359000,1.59806,1.59915,1.59806,1.59912,104400000,1
1288953360000,1288953419000,1.5991,1.59942,1.59896,1.59933,115000000,1
1288953420000,1288953479000,1.59958,1.60019,1.59943,1.60008,121800000,1
1288953480000,1288953539000,1.60005,1.60044,1.59997,1.60015,107600000,1
1288953540000,1288953599000,1.60028,1.60032,1.59983,1.60015,102700000,1
1288953600000,1288953659000,1.60024,1.60028,1.60009,1.60028,88900000,1
1288953660000,1288953719000,1.60022,1.60022,1.59977,1.60017,144700000,1
1288953720000,1288953779000,1.60023,1.60025,1.59995,1.60016,152900000,1
1288953780000,1288953839000,1.60012,1.60056,1.60003,1.60042,126600000,1
1288953840000,1288953899000,1.60042,1.6005,1.60021,1.60024,129100000,1
1288953900000,1288953959000,1.60026,1.60048,1.60009,1.60019,117200000,1
1288953960000,1288954019000,1.6003,1.6003,1.59979,1.59987,99800000,1
1288954020000,1288954079000,1.59971,1.59979,1.59884,1.59887,138400000,1
1288954080000,1288954139000,1.5989,1.5999,1.59889,1.5993,121600000,1
1288954140000,1288954199000,1.59927,1.6001,1.59912,1.59995,134800000,1
1288954200000,1288954259000,1.59998,1.60096,1.59997,1.60065,141300000,1
1288954260000,1288954319000,1.60078,1.60176,1.60066,1.60168,139400000,1
1288954320000,1288954379000,1.60164,1.60222,1.60164,1.6022,164600000,1
1288954380000,1288954439000,1.60221,1.60287,1.60195,1.60286,169600000,1
1288954440000,1288954499000,1.60289,1.60295,1.60236,1.60238,134500000,1
1288954500000,1288954559000,1.60238,1.60351,1.60237,1.60315,133900000,1
1288954560000,1288954619000,1.60313,1.60335,1.60274,1.603,140900000,1
1288954620000,1288954679000,1.603,1.60362,1.60283,1.60352,113000000,1
1288954680000,1288954739000,1.60366,1.60373,1.60338,1.60357,95900000,1
1288954740000,1288954799000,1.60358,1.60399,1.60319,1.60355,143400000,1
1288954800000,1288954859000,1.6035,1.60378,1.60317,1.6033,136900000,1
1288954860000,1288954919000,1.60332,1.60332,1.60249,1.60249,142800000,1
1288954920000,1288954979000,1.60252,1.60258,1.60211,1.60234,151100000,1
1288954980000,1288955039000,1.60229,1.60251,1.60137,1.60144,150300000,1
1288955040000,1288955099000,1.60152,1.60202,1.60117,1.60173,158900000,1
1288955100000,1288955159000,1.60166,1.60234,1.60166,1.60227,108200000,1
1288955160000,1288955219000,1.60234,1.60325,1.6023,1.60294,133000000,1
1288955220000,1288955279000,1.60293,1.60391,1.60269,1.60274,208700000,1
1288955280000,1288955339000,1.60279,1.60289,1.60209,1.60209,158000000,1
1288955340000,1288955399000,1.6021,1.60231,1.60179,1.6023,139600000,1
1288955400000,1288955459000,1.60232,1.60316,1.60232,1.60316,138400000,1
1288955460000,1288955519000,1.60311,1.60349,1.60285,1.60335,135900000,1
1288955520000,1288955579000,1.60319,1.60357,1.60319,1.60339,120000000,1
1288955580000,1288955639000,1.60339,1.60355,1.60315,1.60331,128100000,1
1288955640000,1288955699000,1.60331,1.60363,1.6032,1.60359,141200000,1
1288955700000,1288955759000,1.60358,1.60358,1.60306,1.60324,84700000,1
1288955760000,1288955819000,1.60324,1.60356,1.60295,1.6031,106800000,1
1288955820000,1288955879000,1.60295,1.6033,1.60273,1.6028,106900000,1
1288955880000,1288955939000,1.60284,1.60296,1.60262,1.60262,87800000,1
1288955940000,1288955999000,1.60261,1.60283,1.60251,1.60251,99700000,1
1288956000000,1288956059000,1.6025,1.6025,1.60191,1.60192,76500000,1
1288956060000,1288956119000,1.60181,1.60188,1.6006,1.60081,138900000,1
1288956120000,1288956179000,1.60089,1.60109,1.60048,1.60074,115800000,1
1288956180000,1288956239000,1.60075,1.60081,1.59998,1.60011,137600000,1
1288956240000,1288956299000,1.60007,1.60027,1.59977,1.60004,133800000,1
1288956300000,1288956359000,1.60004,1.60052,1.59989,1.60003,129900000,1
1288956360000,1288956419000,1.60001,1.60013,1.59968,1.60013,109200000,1
1288956420000,1288956479000,1.60012,1.60025,1.59978,1.6,141600000,1
1288956480000,1288956539000,1.5999,1.6002,1.59978,1.6002,112600000,1
1288956540000,1288956599000,1.6001,1.60023,1.59994,1.60015,98100000,1
1288956600000,1288956659000,1.60016,1.60152,1.59958,1.60124,204300000,1
1288956660000,1288956719000,1.60118,1.60307,1.6011,1.60304,204300000,1
1288956720000,1288956779000,1.60311,1.60328,1.60254,1.60287,156300000,1
1288956780000,1288956839000,1.60264,1.60381,1.60238,1.60381,138700000,1
1288956840000,1288956899000,1.60387,1.60387,1.6029,1.60301,197400000,1
1288956900000,1288956959000,1.60306,1.60496,1.60306,1.60486,186500000,1
1288956960000,1288957019000,1.60489,1.60555,1.60484,1.60551,206800000,1
1288957020000,1288957079000,1.60551,1.60551,1.60456,1.60456,146200000,1
1288957080000,1288957139000,1.60457,1.60482,1.60439,1.60462,109800000,1
1288957140000,1288957199000,1.60462,1.60533,1.60462,1.60493,138600000,1
1288957200000,1288957259000,1.60496,1.605,1.60414,1.60414,109400000,1
1288957260000,1288957319000,1.60409,1.60429,1.60394,1.60419,105200000,1
1288957320000,1288957379000,1.60419,1.60436,1.60405,1.60425,69800000,1
1288957380000,1288957439000,1.60425,1.60481,1.60424,1.60455,102400000,1
1288957440000,1288957499000,1.6046,1.60464,1.60415,1.60433,88300000,1
1288957500000,1288957559000,1.60435,1.6049,1.60434,1.60471,85100000,1
1288957560000,1288957619000,1.60484,1.60485,1.60437,1.60475,116700000,1
1288957620000,1288957679000,1.60475,1.60488,1.60454,1.60468,107900000,1
1288957680000,1288957739000,1.60468,1.60482,1.60435,1.60447,64800000,1
1288957740000,1288957799000,1.60447,1.60453,1.60415,1.60415,92400000,1
1288957800000,1288957859000,1.60418,1.60447,1.60387,1.60391,67900000,1
1288957860000,1288957919000,1.60385,1.60406,1.60363,1.60386,108000000,1
1288957920000,1288957979000,1.60386,1.60464,1.60383,1.60454,100600000,1
1288957980000,1288958039000,1.60457,1.60468,1.60427,1.60433,76000000,1
1288958040000,1288958099000,1.60438,1.60464,1.60435,1.60435,76500000,1
1288958100000,1288958159000,1.60435,1.60469,1.60425,1.60432,83600000,1
1288958160000,1288958219000,1.60426,1.60429,1.60392,1.60392,80700000,1
1288958220000,1288958279000,1.60418,1.60444,1.60381,1.60393,88700000,1
1288958280000,1288958339000,1.6039,1.60432,1.60386,1.60422,86200000,1
1288958340000,1288958399000,1.6042,1.60537,1.6042,1.60537,122000000,1
1288958400000,1288958459000,1.60532,1.60532,1.60472,1.60509,103700000,1
1288958460000,1288958519000,1.60507,1.60537,1.60505,1.60527,73500000,1
1288958520000,1288958579000,1.60527,1.60533,1.60477,1.60522,79700000,1
1288958580000,1288958639000,1.60513,1.60555,1.60502,1.60544,80500000,1
1288958640000,1288958699000,1.60551,1.6061,1.60543,1.60561,80700000,1
1288958700000,1288958759000,1.60561,1.60585,1.60549,1.6057,81300000,1
1288958760000,1288958819000,1.60565,1.60574,1.6052,1.60536,102600000,1
1288958820000,1288958879000,1.60536,1.60537,1.60505,1.60518,100200000,1
1288958880000,1288958939000,1.60521,1.6054,1.60446,1.60456,90300000,1
1288958940000,1288958999000,1.60456,1.6046,1.60445,1.60448,88700000,1
1288959000000,1288959059000,1.60448,1.60485,1.60429,1.60464,101300000,1
1288959060000,1288959119000,1.60473,1.60487,1.6043,1.60432,115200000,1
1288959120000,1288959179000,1.60432,1.60494,1.60427,1.60489,91700000,1
1288959180000,1288959239000,1.60489,1.60494,1.60462,1.60476,126200000,1
1288959240000,1288959299000,1.60476,1.60478,1.60431,1.60441,107300000,1
1288959300000,1288959359000,1.60441,1.60443,1.60412,1.60412,109900000,1
1288959360000,1288959419000,1.60406,1.60409,1.60122,1.60136,241800000,1
1288959420000,1288959479000,1.60145,1.60167,1.60099,1.60148,158400000,1
1288959480000,1288959539000,1.60148,1.60215,1.60126,1.60215,151500000,1
1288959540000,1288959599000,1.60215,1.6024,1.60187,1.6024,110300000,1
1288959600000,1288959659000,1.6024,1.6032,1.60213,1.6032,186900000,1
1288959660000,1288959719000,1.60302,1.60372,1.60287,1.60297,127700000,1
1288959720000,1288959779000,1.60303,1.60311,1.60233,1.60233,138500000,1
1288959780000,1288959839000,1.60219,1.60256,1.60183,1.60193,156900000,1
1288959840000,1288959899000,1.60197,1.60248,1.60169,1.60248,214200000,1
1288959900000,1288959959000,1.60242,1.60256,1.60217,1.60247,154100000,1
1288959960000,1288960019000,1.60239,1.60253,1.6022,1.60225,110300000,1
1288960020000,1288960079000,1.60233,1.6038,1.60224,1.60377,145500000,1
1288960080000,1288960139000,1.60384,1.60439,1.60273,1.60282,157600000,1
1288960140000,1288960199000,1.60309,1.60363,1.60182,1.60293,190600000,1
1288960200000,1288960259000,1.60214,1.60243,1.60007,1.60057,220300000,1
1288960260000,1288960319000,1.60067,1.60237,1.60026,1.6003,286800000,1
1288960320000,1288960379000,1.6003,1.60041,1.59837,1.59976,294400000,1
1288960380000,1288960439000,1.59984,1.59984,1.59797,1.59837,315900000,1
1288960440000,1288960499000,1.59833,1.59874,1.59761,1.59855,331600000,1
1288960500000,1288960559000,1.59856,1.59965,1.59818,1.59923,291800000,1
1288960560000,1288960619000,1.59908,1.59963,1.59851,1.59899,226400000,1
1288960620000,1288960679000,1.59896,1.59907,1.59737,1.59737,318600000,1
1288960680000,1288960739000,1.59719,1.59764,1.59641,1.59662,256400000,1
1288960740000,1288960799000,1.59686,1.59741,1.59649,1.59716,217600000,1
1288960800000,1288960859000,1.59724,1.59779,1.59702,1.59773,224800000,1
1288960860000,1288960919000,1.5978,1.59824,1.59708,1.59819,227600000,1
1288960920000,1288960979000,1.59817,1.59843,1.59781,1.59816,179700000,1
1288960980000,1288961039000,1.59813,1.5984,1.59753,1.59792,197400000,1
1288961040000,1288961099000,1.59793,1.59804,1.59663,1.59686,203900000,1
1288961100000,1288961159000,1.59684,1.59705,1.59635,1.59635,196200000,1
1288961160000,1288961219000,1.59624,1.59702,1.59624,1.59683,171400000,1
1288961220000,1288961279000,1.59697,1.59742,1.59667,1.59735,147900000,1
1288961280000,1288961339000,1.59717,1.59842,1.59689,1.59813,202200000,1
1288961340000,1288961399000,1.59799,1.59844,1.5977,1.5977,203500000,1
1288961400000,1288961459000,1.5977,1.5979,1.59703,1.59713,190300000,1
1288961460000,1288961519000,1.597,1.59808,1.59668,1.59773,181400000,1
1288961520000,1288961579000,1.59765,1.59861,1.5975,1.59858,122700000,1
1288961580000,1288961639000,1.59871,1.59871,1.59808,1.5981,139800000,1
1288961640000,1288961699000,1.59808,1.59848,1.59797,1.59833,165800000,1
1288961700000,1288961759000,1.59833,1.59846,1.59757,1.59781,124900000,1
1288961760000,1288961819000,1.59781,1.59804,1.59744,1.59778,141100000,1
1288961820000,1288961879000,1.59778,1.59801,1.59739,1.59739,101600000,1
1288961880000,1288961939000,1.59746,1.59804,1.59725,1.59787,145300000,1
1288961940000,1288961999000,1.59786,1.59828,1.59778,1.59803,107700000,1
1288962000000,1288962059000,1.59803,1.59834,1.59759,1.59788,139900000,1
1288962060000,1288962119000,1.5979,1.59857,1.5979,1.59815,132500000,1
1288962120000,1288962179000,1.59802,1.59802,1.59759,1.59774,129600000,1
1288962180000,1288962239000,1.59773,1.5981,1.59734,1.59743,132600000,1
1288962240000,1288962299000,1.59743,1.59808,1.59728,1.59783,129100000,1
1288962300000,1288962359000,1.59779,1.59791,1.59744,1.59766,113800000,1
1288962360000,1288962419000,1.59763,1.59778,1.59735,1.59748,99700000,1
1288962420000,1288962479000,1.59751,1.59759,1.59708,1.59758,122300000,1
1288962480000,1288962539000,1.5976,1.59804,1.59758,1.59758,94000000,1
1288962540000,1288962599000,1.59749,1.59749,1.5965,1.59654,150000000,1
1288962600000,1288962659000,1.59654,1.59723,1.59654,1.59717,148200000,1
1288962660000,1288962719000,1.59717,1.59815,1.59711,1.59765,142300000,1
1288962720000,1288962779000,1.59767,1.59795,1.59733,1.59742,108300000,1
1288962780000,1288962839000,1.59752,1.59769,1.59712,1.5974,142900000,1
1288962840000,1288962899000,1.5975,1.598,1.59732,1.59769,117100000,1
1288962900000,1288962959000,1.59751,1.59787,1.59675,1.59682,130100000,1
1288962960000,1288963019000,1.59679,1.59717,1.59679,1.59705,99300000,1
1288963020000,1288963079000,1.59696,1.59747,1.59692,1.59724,111100000,1
1288963080000,1288963139000,1.59724,1.59778,1.59721,1.59774,92300000,1
1288963140000,1288963199000,1.59773,1.59798,1.59727,1.59751,92200000,1
1288963200000,1288963259000,1.59747,1.59781,1.59724,1.59764,119100000,1
1288963260000,1288963319000,1.59764,1.59765,1.5974,1.59755,79300000,1
1288963320000,1288963379000,1.59769,1.59775,1.59725,1.59736,73900000,1
1288963380000,1288963439000,1.59729,1.59785,1.59717,1.59785,108500000,1
1288963440000,1288963499000,1.59774,1.5979,1.59713,1.59781,104600000,1
1288963500000,1288963559000,1.59773,1.59804,1.59703,1.59724,144500000,1
1288963560000,1288963619000,1.59719,1.59745,1.59692,1.59692,117300000,1
1288963620000,1288963679000,1.59691,1.59706,1.59651,1.59659,115800000,1
1288963680000,1288963739000,1.59661,1.59691,1.59635,1.59689,98900000,1
1288963740000,1288963799000,1.59689,1.59697,1.59633,1.59653,112400000,1
1288963800000,1288963859000,1.59644,1.59696,1.59626,1.59678,108300000,1
1288963860000,1288963919000,1.59679,1.5971,1.5965,1.5965,81600000,1
1288963920000,1288963979000,1.59643,1.59683,1.59614,1.59617,108200000,1
1288963980000,1288964039000,1.59616,1.59653,1.5959,1.59645,114000000,1
1288964040000,1288964099000,1.59645,1.59712,1.59644,1.59698,130500000,1
1288964100000,1288964159000,1.59698,1.59698,1.59647,1.59657,120200000,1
1288964160000,1288964219000,1.59656,1.59656,1.59589,1.59589,98800000,1
1288964220000,1288964279000,1.59592,1.59628,1.59569,1.59623,133800000,1
1288964280000,1288964339000,1.59615,1.59634,1.59602,1.59621,111500000,1
1288964340000,1288964399000,1.59621,1.59621,1.59546,1.59548,86900000,1
1288964400000,1288964459000,1.5957,1.59631,1.59558,1.59627,123600000,1
1288964460000,1288964519000,1.59627,1.59652,1.59615,1.59649,150000000,1
1288964520000,1288964579000,1.59668,1.59699,1.5961,1.59671,150100000,1
1288964580000,1288964639000,1.59666,1.59721,1.59658,1.5967,104800000,1
1288964640000,1288964699000,1.59669,1.59759,1.59655,1.59723,92400000,1
1288964700000,1288964759000,1.59728,1.5976,1.59688,1.59733,109700000,1
1288964760000,1288964819000,1.59747,1.59751,1.59704,1.59721,121700000,1
1288964820000,1288964879000,1.59714,1.59852,1.59706,1.59827,160400000,1
1288964880000,1288964939000,1.5984,1.59887,1.598,1.59824,165200000,1
1288964940000,1288964999000,1.59824,1.59873,1.59817,1.59847,88400000,1
1288965000000,1288965059000,1.59841,1.59925,1.59838,1.59909,105300000,1
1288965060000,1288965119000,1.59908,1.59916,1.59843,1.59855,133100000,1
1288965120000,1288965179000,1.59856,1.59926,1.59849,1.59868,115500000,1
1288965180000,1288965239000,1.59849,1.59898,1.59825,1.59851,102400000,1
1288965240000,1288965299000,1.59859,1.59877,1.59837,1.59837,119300000,1
1288965300000,1288965359000,1.59831,1.59889,1.59816,1.59881,110600000,1
1288965360000,1288965419000,1.59879,1.59906,1.59845,1.5988,103000000,1
1288965420000,1288965479000,1.5988,1.59887,1.59845,1.59867,88500000,1
1288965480000,1288965539000,1.59863,1.5987,1.59831,1.59844,84400000,1
1288965540000,1288965599000,1.59848,1.59877,1.59817,1.59827,104700000,1
1288965600000,1288965659000,1.59851,1.59963,1.59851,1.59915,175000000,1
1288965660000,1288965719000,1.59915,1.59955,1.59906,1.59929,138800000,1
1288965720000,1288965779000,1.59929,1.59979,1.59925,1.59943,167500000,1
1288965780000,1288965839000,1.59938,1.59963,1.59889,1.59889,145200000,1
1288965840000,1288965899000,1.59873,1.59894,1.59859,1.59879,136000000,1
1288965900000,1288965959000,1.59878,1.59893,1.59838,1.59838,114500000,1
1288965960000,1288966019000,1.59839,1.59867,1.59833,1.5984,160100000,1
1288966020000,1288966079000,1.5984,1.59876,1.59802,1.59838,200000000,1
1288966080000,1288966139000,1.59845,1.59845,1.59736,1.59765,134100000,1
1288966140000,1288966199000,1.5976,1.59799,1.5976,1.59783,140000000,1
1288966200000,1288966259000,1.59774,1.59777,1.59732,1.59735,125400000,1
1288966260000,1288966319000,1.59743,1.59765,1.59723,1.5976,113400000,1
1288966320000,1288966379000,1.59763,1.59795,1.59744,1.5975,113500000,1
1288966380000,1288966439000,1.59752,1.59756,1.59679,1.59727,134000000,1
1288966440000,1288966499000,1.5973,1.59774,1.59714,1.59774,128000000,1
1288966500000,1288966559000,1.59774,1.59777,1.59719,1.59724,115400000,1
1288966560000,1288966619000,1.59723,1.59758,1.59714,1.59749,115000000,1
1288966620000,1288966679000,1.59749,1.59749,1.59717,1.59731,147500000,1
1288966680000,1288966739000,1.59727,1.59776,1.59719,1.59759,109300000,1
1288966740000,1288966799000,1.59754,1.59754,1.59705,1.59722,111100000,1
1288966800000,1288966859000,1.59726,1.5976,1.59713,1.59748,116400000,1
1288966860000,1288966919000,1.59745,1.59782,1.59721,1.59739,131800000,1
1288966920000,1288966979000,1.59744,1.59766,1.59704,1.59766,121300000,1
1288966980000,1288967039000,1.59766,1.59798,1.59719,1.59731,136100000,1
1288967040000,1288967099000,1.59735,1.59767,1.59726,1.59751,145900000,1
1288967100000,1288967159000,1.59744,1.59797,1.59743,1.59754,131000000,1
1288967160000,1288967219000,1.59757,1.59797,1.59757,1.5979,107300000,1
1288967220000,1288967279000,1.5979,1.59808,1.59764,1.59768,118300000,1
1288967280000,1288967339000,1.59771,1.59811,1.59771,1.59773,116000000,1
1288967340000,1288967399000,1.59786,1.59833,1.59777,1.598,125200000,1
1288967400000,1288967459000,1.59818,1.59833,1.59774,1.59781,120700000,1
1288967460000,1288967519000,1.5978,1.59798,1.59709,1.59713,118700000,1
1288967520000,1288967579000,1.59713,1.59747,1.59701,1.59736,121500000,1
1288967580000,1288967639000,1.59736,1.59746,1.59674,1.59702,130400000,1
1288967640000,1288967699000,1.59699,1.5971,1.59676,1.59686,100100000,1
1288967700000,1288967759000,1.59696,1.59703,1.59655,1.59697,110500000,1
1288967760000,1288967819000,1.597,1.59731,1.59679,1.5971,100100000,1
1288967820000,1288967879000,1.59706,1.59732,1.59691,1.59704,115900000,1
1288967880000,1288967939000,1.59704,1.59741,1.59694,1.59709,86400000,1
1288967940000,1288967999000,1.59706,1.59753,1.59702,1.59741,97800000,1
1288968000000,1288968059000,1.59735,1.59771,1.59714,1.59715,95800000,1
1288968060000,1288968119000,1.59723,1.59738,1.59708,1.59722,97300000,1
1288968120000,1288968179000,1.59719,1.59755,1.59719,1.59751,145700000,1
1288968180000,1288968239000,1.59756,1.59768,1.59718,1.59744,121100000,1
1288968240000,1288968299000,1.59744,1.59744,1.59669,1.59677,112100000,1
1288968300000,1288968359000,1.59698,1.59698,1.59656,1.59669,98000000,1
1288968360000,1288968419000,1.59665,1.59709,1.59634,1.59699,90900000,1
1288968420000,1288968479000,1.59699,1.59728,1.59671,1.59711,125300000,1
1288968480000,1288968539000,1.59705,1.59735,1.59692,1.5973,116500000,1
1288968540000,1288968599000,1.59727,1.59767,1.5971,1.59756,75500000,1
1288968600000,1288968659000,1.59756,1.59756,1.59678,1.59692,127100000,1
1288968660000,1288968719000,1.59696,1.59696,1.5964,1.59653,94100000,1
1288968720000,1288968779000,1.59655,1.5966,1.59629,1.59641,106100000,1
1288968780000,1288968839000,1.59645,1.59691,1.59643,1.59645,113600000,1
1288968840000,1288968899000,1.59647,1.59745,1.59647,1.5973,121700000,1
1288968900000,1288968959000,1.59736,1.59772,1.59719,1.59772,135700000,1
1288968960000,1288969019000,1.59764,1.59808,1.59748,1.59806,134200000,1
1288969020000,1288969079000,1.59803,1.59832,1.59777,1.59791,122400000,1
1288969080000,1288969139000,1.59802,1.59844,1.59797,1.59826,130600000,1
1288969140000,1288969199000,1.5984,1.59863,1.59812,1.59859,109700000,1
1288969200000,1288969259000,1.59864,1.59873,1.59801,1.59801,121700000,1
1288969260000,1288969319000,1.5981,1.59839,1.59798,1.59809,122200000,1
1288969320000,1288969379000,1.59803,1.59828,1.59782,1.59828,112600000,1
1288969380000,1288969439000,1.59823,1.59846,1.59808,1.59846,75900000,1
1288969440000,1288969499000,1.59846,1.59864,1.5983,1.59864,95700000,1
1288969500000,1288969559000,1.59873,1.59879,1.59829,1.5983,92600000,1
1288969560000,1288969619000,1.59838,1.59838,1.5979,1.59801,115800000,1
1288969620000,1288969679000,1.59811,1.59815,1.59775,1.59783,133700000,1
1288969680000,1288969739000,1.59776,1.59815,1.59774,1.59799,112900000,1
1288969740000,1288969799000,1.59799,1.59802,1.5977,1.59792,97800000,1
1288969800000,1288969859000,1.59783,1.5987,1.59782,1.59857,137300000,1
1288969860000,1288969919000,1.59857,1.59887,1.59818,1.59825,100100000,1
1288969920000,1288969979000,1.59815,1.59839,1.59807,1.59839,104900000,1
1288969980000,1288970039000,1.59835,1.5986,1.59812,1.59819,86500000,1
1288970040000,1288970099000,1.59819,1.59835,1.5978,1.59799,101200000,1
1288970100000,1288970159000,1.59789,1.59794,1.59766,1.59794,57900000,1
1288970160000,1288970219000,1.59784,1.59822,1.59769,1.59814,102100000,1
1288970220000,1288970279000,1.59806,1.59845,1.59793,1.59843,78600000,1
1288970280000,1288970339000,1.59843,1.59849,1.59827,1.59839,90700000,1
1288970340000,1288970399000,1.59833,1.59868,1.59809,1.59868,97100000,1
1288970400000,1288970459000,1.59883,1.59909,1.59872,1.59895,106100000,1
1288970460000,1288970519000,1.59888,1.59948,1.59884,1.5994,81200000,1
1288970520000,1288970579000,1.59926,1.5999,1.59918,1.5999,80300000,1
1288970580000,1288970639000,1.59979,1.59983,1.59926,1.59936,140200000,1
1288970640000,1288970699000,1.59937,1.59937,1.59863,1.59893,137900000,1
1288970700000,1288970759000,1.59893,1.59903,1.59861,1.59863,122700000,1
1288970760000,1288970819000,1.5986,1.59872,1.59797,1.59806,92300000,1
1288970820000,1288970879000,1.59806,1.59806,1.59762,1.59779,97400000,1
1288970880000,1288970939000,1.59768,1.59845,1.59768,1.59843,113100000,1
1288970940000,1288970999000,1.59842,1.59858,1.59804,1.59853,114500000,1
1288971000000,1288971059000,1.59853,1.59889,1.59797,1.59813,137500000,1
1288971060000,1288971119000,1.59804,1.59837,1.59789,1.59813,141100000,1
1288971120000,1288971179000,1.59806,1.59809,1.59763,1.59786,127900000,1
1288971180000,1288971239000,1.59794,1.59811,1.59782,1.59799,101600000,1
1288971240000,1288971299000,1.59796,1.59809,1.59753,1.59809,128000000,1
1288971300000,1288971359000,1.59797,1.59835,1.59778,1.59783,116600000,1
1288971360000,1288971419000,1.59784,1.59814,1.5977,1.59794,114000000,1
1288971420000,1288971479000,1.59793,1.59797,1.59738,1.59777,137600000,1
1288971480000,1288971539000,1.5978,1.59814,1.59778,1.59814,130000000,1
1288971540000,1288971599000,1.59809,1.59809,1.59761,1.59763,111300000,1
1288971600000,1288971659000,1.59763,1.59767,1.59705,1.59711,136800000,1
1288971660000,1288971719000,1.59716,1.59734,1.59689,1.59729,125800000,1
1288971720000,1288971779000,1.59728,1.59738,1.59703,1.59713,120200000,1
1288971780000,1288971839000,1.59709,1.59731,1.59687,1.59687,128700000,1
1288971840000,1288971899000,1.59689,1.59768,1.59689,1.59725,94100000,1
1288971900000,1288971959000,1.59733,1.59768,1.59698,1.59729,139300000,1
1288971960000,1288972019000,1.59729,1.5974,1.59673,1.59723,116100000,1
1288972020000,1288972079000,1.59717,1.59719,1.59644,1.59667,189600000,1
1288972080000,1288972139000,1.59664,1.59694,1.59627,1.59659,161300000,1
1288972140000,1288972199000,1.59657,1.59711,1.59655,1.59708,114300000,1
1288972200000,1288972259000,1.59718,1.5973,1.59662,1.59662,168900000,1
1288972260000,1288972319000,1.59666,1.59707,1.5963,1.59663,160400000,1
1288972320000,1288972379000,1.5964,1.59698,1.5964,1.59671,185000000,1
1288972380000,1288972439000,1.59671,1.59684,1.59612,1.59634,160500000,1
1288972440000,1288972499000,1.59638,1.59702,1.59631,1.59683,104800000,1
1288972500000,1288972559000,1.59683,1.59753,1.59683,1.59748,140900000,1
1288972560000,1288972619000,1.59739,1.59761,1.5972,1.59744,139900000,1
1288972620000,1288972679000,1.59744,1.59781,1.59742,1.59773,127900000,1
1288972680000,1288972739000,1.59775,1.59801,1.59769,1.59773,161400000,1
1288972740000,1288972799000,1.59781,1.59894,1.59781,1.59885,176800000,1
1288972800000,1288972859000,1.59865,1.59875,1.59815,1.59845,107300000,1
1288972860000,1288972919000,1.59855,1.59882,1.59844,1.59865,104000000,1
1288972920000,1288972979000,1.59861,1.59902,1.59854,1.59894,117700000,1
1288972980000,1288973039000,1.59904,1.59904,1.59812,1.59838,152100000,1
1288973040000,1288973099000,1.59832,1.59853,1.59792,1.59802,112400000,1
1288973100000,1288973159000,1.598,1.59833,1.59774,1.59774,142200000,1
1288973160000,1288973219000,1.59803,1.59812,1.59754,1.59776,150200000,1
1288973220000,1288973279000,1.5978,1.59802,1.59759,1.59788,97100000,1
1288973280000,1288973339000,1.59804,1.59839,1.59801,1.59817,94900000,1
1288973340000,1288973399000,1.59817,1.59817,1.59753,1.59759,114900000,1
1288973400000,1288973459000,1.5976,1.5978,1.59721,1.59728,147000000,1
1288973460000,1288973519000,1.59734,1.59748,1.59721,1.5973,122200000,1
1288973520000,1288973579000,1.59731,1.5975,1.59722,1.59735,125000000,1
1288973580000,1288973639000,1.59737,1.59748,1.59682,1.59691,91500000,1
1288973640000,1288973699000,1.59691,1.5974,1.59688,1.59736,135200000,1
1288973700000,1288973759000,1.59736,1.59749,1.59676,1.59704,115900000,1
1288973760000,1288973819000,1.59707,1.59745,1.59702,1.59706,146700000,1
1288973820000,1288973879000,1.59716,1.59734,1.59683,1.59696,82400000,1
1288973880000,1288973939000,1.59696,1.59777,1.59688,1.59748,94100000,1
1288973940000,1288973999000,1.59748,1.59826,1.59748,1.59811,86800000,1
1288974000000,1288974059000,1.59804,1.59816,1.59767,1.59796,89500000,1
1288974060000,1288974119000,1.59795,1.59839,1.59787,1.59832,147200000,1
1288974120000,1288974179000,1.59832,1.59876,1.59832,1.59856,109900000,1
1288974180000,1288974239000,1.59854,1.59865,1.59817,1.59847,112300000,1
1288974240000,1288974299000,1.59859,1.59865,1.59812,1.59833,113200000,1
1288974300000,1288974359000,1.59824,1.59852,1.5979,1.5979,130600000,1
1288974360000,1288974419000,1.5979,1.59837,1.5979,1.59811,86900000,1
1288974420000,1288974479000,1.59803,1.59834,1.59783,1.59783,121400000,1
1288974480000,1288974539000,1.59782,1.59819,1.59763,1.59819,117600000,1
1288974540000,1288974599000,1.59818,1.59888,1.59812,1.59857,156900000,1
1288974600000,1288974659000,1.59857,1.59915,1.59836,1.59853,188200000,1
1288974660000,1288974719000,1.59838,1.59867,1.59794,1.59798,120200000,1
1288974720000,1288974779000,1.59796,1.5981,1.59778,1.59801,135400000,1
1288974780000,1288974839000,1.59812,1.59846,1.59786,1.59806,146200000,1
1288974840000,1288974899000,1.59808,1.59827,1.59791,1.59796,117500000,1
1288974900000,1288974959000,1.59791,1.59811,1.59778,1.5978,96800000,1
1288974960000,1288975019000,1.59779,1.59785,1.59752,1.59755,114900000,1
1288975020000,1288975079000,1.59755,1.59788,1.59754,1.59775,103300000,1
1288975080000,1288975139000,1.59775,1.59798,1.59729,1.5973,115600000,1
1288975140000,1288975199000,1.59724,1.59784,1.59719,1.59775,112200000,1
1288975200000,1288975259000,1.59779,1.59791,1.59702,1.59765,125800000,1
1288975260000,1288975319000,1.59767,1.59777,1.59738,1.59742,173300000,1
1288975320000,1288975379000,1.59747,1.59777,1.59722,1.59754,138000000,1
1288975380000,1288975439000,1.59767,1.59768,1.59701,1.59707,118400000,1
1288975440000,1288975499000,1.59706,1.59735,1.59694,1.59735,118200000,1
1288975500000,1288975559000,1.5972,1.59737,1.59688,1.59699,98900000,1
1288975560000,1288975619000,1.59708,1.59765,1.59708,1.59752,101100000,1
1288975620000,1288975679000,1.59752,1.59771,1.59738,1.59767,94500000,1
1288975680000,1288975739000,1.59763,1.59827,1.59763,1.59811,107600000,1
1288975740000,1288975799000,1.59812,1.59827,1.59782,1.59796,93000000,1
1288975800000,1288975859000,1.59797,1.59829,1.59797,1.59808,104900000,1
1288975860000,1288975919000,1.598,1.59841,1.59783,1.59783,97900000,1
1288975920000,1288975979000,1.59785,1.59823,1.59785,1.59801,100500000,1
1288975980000,1288976039000,1.59818,1.59818,1.59765,1.59798,116500000,1
1288976040000,1288976099000,1.59798,1.59798,1.59776,1.59784,86600000,1
1288976100000,1288976159000,1.59789,1.59806,1.59756,1.59787,108500000,1
1288976160000,1288976219000,1.5978,1.59813,1.59776,1.598,111700000,1
1288976220000,1288976279000,1.59783,1.59832,1.59783,1.59828,115400000,1
1288976280000,1288976339000,1.59828,1.59849,1.59816,1.5983,95900000,1
1288976340000,1288976399000,1.5983,1.59839,1.59799,1.5982,124000000,1
1288976400000,1288976459000,1.59826,1.59832,1.59791,1.59809,106700000,1
1288976460000,1288976519000,1.59795,1.59804,1.59775,1.59784,96900000,1
1288976520000,1288976579000,1.59785,1.59797,1.59774,1.59797,85700000,1
1288976580000,1288976639000,1.59806,1.59821,1.59777,1.59787,149300000,1
1288976640000,1288976699000,1.59792,1.59804,1.59763,1.59774,106600000,1
1288976700000,1288976759000,1.59776,1.59779,1.59734,1.59734,57400000,1
1288976760000,1288976819000,1.59733,1.59774,1.5972,1.5972,112600000,1
1288976820000,1288976879000,1.59722,1.59751,1.59715,1.59715,111100000,1
1288976880000,1288976939000,1.59713,1.59738,1.59694,1.59712,97600000,1
1288976940000,1288976999000,1.59723,1.59723,1.5968,1.59687,186700000,1
1288977000000,1288977059000,1.59689,1.59698,1.59651,1.59654,97200000,1
1288977060000,1288977119000,1.59654,1.59654,1.59614,1.59624,87500000,1
1288977120000,1288977179000,1.59625,1.59664,1.59625,1.59655,91600000,1
1288977180000,1288977239000,1.59657,1.59672,1.59647,1.59668,107500000,1
1288977240000,1288977299000,1.59668,1.5967,1.59646,1.59649,93700000,1
1288977300000,1288977359000,1.59648,1.59688,1.59633,1.59666,121900000,1
1288977360000,1288977419000,1.59666,1.59679,1.59633,1.59654,111300000,1
1288977420000,1288977479000,1.59656,1.5968,1.59652,1.59673,78100000,1
1288977480000,1288977539000,1.59671,1.59678,1.59644,1.59644,92900000,1
1288977540000,1288977599000,1.59639,1.59645,1.59609,1.59611,103200000,1
1288977600000,1288977659000,1.59607,1.59611,1.59593,1.59611,99600000,1
1288977660000,1288977719000,1.59609,1.59623,1.59603,1.59615,99900000,1
1288977720000,1288977779000,1.59615,1.59625,1.59595,1.59599,96600000,1
1288977780000,1288977839000,1.59599,1.59629,1.59585,1.59613,107000000,1
1288977840000,1288977899000,1.59613,1.59618,1.59572,1.59588,80600000,1
1288977900000,1288977959000,1.59588,1.59603,1.59575,1.59591,106200000,1
1288977960000,1288978019000,1.59591,1.59607,1.59583,1.59583,139300000,1
1288978020000,1288978079000,1.59583,1.59611,1.59572,1.59582,114200000,1
1288978080000,1288978139000,1.59582,1.59617,1.59572,1.59615,92900000,1
1288978140000,1288978199000,1.59619,1.59625,1.596,1.59617,77700000,1
1288978200000,1288978259000,1.59617,1.59623,1.59584,1.59611,113300000,1
1288978260000,1288978319000,1.59606,1.59619,1.5959,1.59604,108900000,1
1288978320000,1288978379000,1.59612,1.59625,1.59592,1.59614,78700000,1
1288978380000,1288978439000,1.59619,1.59624,1.59598,1.5962,101600000,1
1288978440000,1288978499000,1.59622,1.59643,1.59613,1.5964,106200000,1
1288978500000,1288978559000,1.59654,1.59654,1.59615,1.59615,74200000,1
1288978560000,1288978619000,1.59613,1.59634,1.59596,1.59601,82300000,1
1288978620000,1288978679000,1.59601,1.59618,1.59565,1.59582,112000000,1
1288978680000,1288978739000,1.59585,1.59599,1.59572,1.59577,65600000,1
1288978740000,1288978799000,1.59577,1.59585,1.59575,1.59582,68100000,1
1288978800000,1288978859000,1.59583,1.5959,1.59567,1.59582,70800000,1
1288978860000,1288978919000,1.59582,1.5959,1.59567,1.59569,55300000,1
1288978920000,1288978979000,1.59574,1.59575,1.59548,1.59552,60700000,1
1288978980000,1288979039000,1.59552,1.59607,1.59552,1.5958,77400000,1
1288979040000,1288979099000,1.59577,1.59579,1.59562,1.59576,64000000,1
1288979100000,1288979159000,1.59577,1.59584,1.59558,1.59566,83600000,1
1288979160000,1288979219000,1.59566,1.59571,1.59556,1.5957,56800000,1
1288979220000,1288979279000,1.5957,1.59579,1.59569,1.59579,87400000,1
1288979280000,1288979339000,1.59579,1.59586,1.59571,1.59579,77000000,1
1288979340000,1288979399000,1.59579,1.59598,1.59573,1.59579,97500000,1
1288979400000,1288979459000,1.59583,1.59613,1.59574,1.59613,89200000,1
1288979460000,1288979519000,1.59613,1.59621,1.59555,1.59571,89700000,1
1288979520000,1288979579000,1.59571,1.59607,1.59571,1.59594,64300000,1
1288979580000,1288979639000,1.59592,1.59605,1.59592,1.59598,89500000,1
1288979640000,1288979699000,1.596,1.59611,1.59588,1.59592,65200000,1
1288979700000,1288979759000,1.59588,1.59599,1.59585,1.59585,96600000,1
1288979760000,1288979819000,1.59586,1.59599,1.59586,1.59591,91500000,1
1288979820000,1288979879000,1.59591,1.596,1.5958,1.5958,53600000,1
1288979880000,1288979939000,1.59578,1.59592,1.59558,1.59558,89400000,1
1288979940000,1288979999000,1.59567,1.59609,1.59567,1.59593,154800000,1
1288980000000,1288980059000,1.59603,1.59603,1.59556,1.59565,80700000,1
1288980060000,1288980119000,1.59565,1.59571,1.59546,1.59558,119900000,1
1288980120000,1288980179000,1.59558,1.59593,1.59548,1.59593,104700000,1
1288980180000,1288980239000,1.59603,1.59679,1.59603,1.59678,122700000,1
1288980240000,1288980299000,1.59672,1.59691,1.59649,1.5967,92700000,1
1288980300000,1288980359000,1.59672,1.59717,1.59663,1.59717,76500000,1
1288980360000,1288980419000,1.59713,1.59737,1.59713,1.5973,52600000,1
1288980420000,1288980479000,1.59737,1.59776,1.59727,1.59769,65100000,1
1288980480000,1288980539000,1.59773,1.5978,1.59693,1.59732,85600000,1
1288980540000,1288980599000,1.59727,1.59732,1.59702,1.59715,93000000,1
1288980600000,1288980659000,1.59715,1.59746,1.59713,1.59726,106000000,1
1288980660000,1288980719000,1.59731,1.59755,1.59726,1.59754,136500000,1
1288980720000,1288980779000,1.59754,1.59755,1.59728,1.59746,87300000,1
1288980780000,1288980839000,1.59758,1.59777,1.59742,1.59743,94000000,1
1288980840000,1288980899000,1.59747,1.59783,1.59727,1.59733,123200000,1
1288980900000,1288980959000,1.59737,1.59802,1.59729,1.59798,135000000,1
1288980960000,1288981019000,1.598,1.59821,1.59772,1.59812,124300000,1
1288981020000,1288981079000,1.59814,1.59822,1.59761,1.59779,67200000,1
1288981080000,1288981139000,1.59773,1.59777,1.59757,1.59768,98200000,1
1288981140000,1288981199000,1.59759,1.59803,1.59748,1.598,96800000,1
1288981200000,1288981259000,1.59804,1.59807,1.59751,1.59757,89300000,1
1288981260000,1288981319000,1.59756,1.59763,1.59688,1.59696,121900000,1
1288981320000,1288981379000,1.59697,1.59727,1.59692,1.59727,103700000,1
1288981380000,1288981439000,1.59727,1.59796,1.5972,1.59755,91400000,1
1288981440000,1288981499000,1.59755,1.5977,1.59749,1.59762,79100000,1
1288981500000,1288981559000,1.59768,1.59778,1.59753,1.59768,70900000,1
1288981560000,1288981619000,1.59768,1.59777,1.5975,1.5975,74000000,1
1288981620000,1288981679000,1.5975,1.59817,1.5975,1.59803,63000000,1
1288981680000,1288981739000,1.59804,1.59813,1.59789,1.59805,101400000,1
1288981740000,1288981799000,1.59805,1.59806,1.59746,1.59758,138000000,1
1288981800000,1288981859000,1.59758,1.59768,1.59728,1.59728,91400000,1
1288981860000,1288981919000,1.59728,1.59733,1.59679,1.59697,97000000,1
1288981920000,1288981979000,1.59702,1.59726,1.59658,1.59663,109600000,1
1288981980000,1288982039000,1.59663,1.59683,1.59661,1.59683,77400000,1
1288982040000,1288982099000,1.59683,1.5969,1.59635,1.59648,130400000,1
1288982100000,1288982159000,1.59647,1.5967,1.59642,1.59642,85000000,1
1288982160000,1288982219000,1.59642,1.59654,1.59633,1.59643,86500000,1
1288982220000,1288982279000,1.59641,1.59652,1.59631,1.59645,105300000,1
1288982280000,1288982339000,1.59645,1.59672,1.59645,1.59658,94500000,1
1288982340000,1288982399000,1.59659,1.59675,1.59651,1.59662,90100000,1
1288982400000,1288982459000,1.59666,1.59666,1.59643,1.59665,65400000,1
1288982460000,1288982519000,1.59665,1.59675,1.59638,1.59638,100000000,1
1288982520000,1288982579000,1.59638,1.59675,1.59637,1.59641,106500000,1
1288982580000,1288982639000,1.59641,1.59664,1.59635,1.59659,82000000,1
1288982640000,1288982699000,1.5965,1.5969,1.59648,1.5968,117500000,1
1288982700000,1288982759000,1.5968,1.5968,1.59676,1.59679,76900000,1
1288982760000,1288982819000,1.59679,1.5968,1.59664,1.59664,83300000,1
1288982820000,1288982879000,1.59664,1.59678,1.59633,1.59653,99500000,1
1288982880000,1288982939000,1.59654,1.5966,1.59652,1.59658,74000000,1
1288982940000,1288982999000,1.59658,1.59658,1.59623,1.59623,79600000,1
1288983000000,1288983059000,1.59622,1.5965,1.59619,1.59647,110300000,1
1288983060000,1288983119000,1.59644,1.59654,1.5962,1.59632,135600000,1
1288983120000,1288983179000,1.59631,1.59665,1.59623,1.59628,82000000,1
1288983180000,1288983239000,1.59612,1.59648,1.59588,1.59648,71100000,1
1288983240000,1288983299000,1.59648,1.5966,1.59626,1.59635,110100000,1
1288983300000,1288983359000,1.59641,1.59655,1.59609,1.59617,75000000,1
1288983360000,1288983419000,1.59626,1.59642,1.59596,1.59608,127000000,1
1288983420000,1288983479000,1.59605,1.5963,1.59597,1.59605,129600000,1
1288983480000,1288983539000,1.59602,1.59602,1.59553,1.59579,113600000,1
1288983540000,1288983599000,1.59581,1.59607,1.5955,1.59573,132700000,1
1288983600000,1288983659000,1.59569,1.59623,1.59567,1.59571,105700000,1
1288983660000,1288983719000,1.59585,1.59585,1.59554,1.59563,88400000,1
1288983720000,1288983779000,1.59567,1.59613,1.59563,1.59608,102800000,1
1288983780000,1288983839000,1.59608,1.59634,1.59601,1.59627,89200000,1
1288983840000,1288983899000,1.59628,1.59642,1.59625,1.5963,100000000,1
1288983900000,1288983959000,1.5963,1.59636,1.59593,1.59593,86100000,1
1288983960000,1288984019000,1.59589,1.59638,1.59589,1.59636,76200000,1
1288984020000,1288984079000,1.59636,1.59638,1.59553,1.59553,144300000,1
1288984080000,1288984139000,1.59553,1.59569,1.59537,1.59565,125900000,1
1288984140000,1288984199000,1.59565,1.59582,1.59555,1.59573,67600000,1
1288984200000,1288984259000,1.59568,1.59575,1.59547,1.5956,83500000,1
1288984260000,1288984319000,1.59571,1.59572,1.5953,1.5953,106300000,1
1288984320000,1288984379000,1.5953,1.59559,1.59521,1.59547,85700000,1
1288984380000,1288984439000,1.59547,1.59589,1.5953,1.59583,78800000,1
1288984440000,1288984499000,1.59584,1.59639,1.59577,1.59634,111100000,1
1288984500000,1288984559000,1.59635,1.59678,1.59635,1.59666,88600000,1
1288984560000,1288984619000,1.59666,1.59672,1.59649,1.59653,69900000,1
1288984620000,1288984679000,1.59653,1.59691,1.59653,1.59666,84100000,1
1288984680000,1288984739000,1.59666,1.59674,1.59623,1.59633,114000000,1
1288984740000,1288984799000,1.59633,1.59635,1.59607,1.59607,122900000,1
1288984800000,1288984859000,1.59607,1.59609,1.59548,1.59589,104900000,1
1288984860000,1288984919000,1.59589,1.59605,1.5957,1.5959,156400000,1
1288984920000,1288984979000,1.5959,1.59622,1.59584,1.59584,95700000,1
1288984980000,1288985039000,1.59584,1.59599,1.59568,1.59577,88400000,1
1288985040000,1288985099000,1.59577,1.59609,1.59572,1.59595,94800000,1
1288985100000,1288985159000,1.59596,1.59611,1.59591,1.59601,76500000,1
1288985160000,1288985219000,1.59599,1.59602,1.59578,1.59578,92800000,1
1288985220000,1288985279000,1.59586,1.59588,1.59564,1.59588,99800000,1
1288985280000,1288985339000,1.59588,1.59599,1.59573,1.59594,96800000,1
1288985340000,1288985399000,1.596,1.5961,1.59558,1.59601,106500000,1
1288985400000,1288985459000,1.59605,1.59623,1.59582,1.59612,99300000,1
1288985460000,1288985519000,1.59612,1.59625,1.59579,1.59625,91600000,1
1288985520000,1288985579000,1.59624,1.59627,1.59624,1.59625,81900000,1
1288985580000,1288985639000,1.59625,1.59627,1.59564,1.59566,117400000,1
1288985640000,1288985699000,1.59558,1.59568,1.59527,1.59527,129200000,1
1288985700000,1288985759000,1.59512,1.59555,1.59512,1.59553,105300000,1
1288985760000,1288985819000,1.59553,1.59567,1.59531,1.59545,96500000,1
1288985820000,1288985879000,1.59545,1.59566,1.59534,1.59566,107300000,1
1288985880000,1288985939000,1.59566,1.59582,1.59546,1.59582,100600000,1
1288985940000,1288985999000,1.59583,1.59592,1.59571,1.59579,136200000,1
1288986000000,1288986059000,1.59579,1.59587,1.59561,1.59582,122500000,1
1288986060000,1288986119000,1.59599,1.59614,1.59568,1.59577,87200000,1
1288986120000,1288986179000,1.59575,1.59591,1.59536,1.59557,125600000,1
1288986180000,1288986239000,1.59552,1.59575,1.59547,1.59575,140100000,1
1288986240000,1288986299000,1.59575,1.59592,1.59567,1.59581,60300000,1
1288986300000,1288986359000,1.59581,1.59581,1.59502,1.59506,160800000,1
1288986360000,1288986419000,1.5952,1.59563,1.59514,1.59548,117100000,1
1288986420000,1288986479000,1.59548,1.59551,1.59521,1.59535,119500000,1
1288986480000,1288986539000,1.59537,1.59546,1.59512,1.59521,107200000,1
1288986540000,1288986599000,1.59521,1.59523,1.59481,1.59493,81200000,1
1288986600000,1288986659000,1.59493,1.59493,1.59443,1.59459,118300000,1
1288986660000,1288986719000,1.59451,1.59456,1.59383,1.59388,129800000,1
1288986720000,1288986779000,1.59388,1.59402,1.59357,1.59367,117300000,1
1288986780000,1288986839000,1.59374,1.59414,1.59351,1.594,159900000,1
1288986840000,1288986899000,1.594,1.59417,1.59385,1.59415,98300000,1
1288986900000,1288986959000,1.59415,1.59445,1.59414,1.5944,98100000,1
1288986960000,1288987019000,1.5944,1.5944,1.59415,1.5942,69900000,1
1288987020000,1288987079000,1.5942,1.59468,1.5942,1.59423,116200000,1
1288987080000,1288987139000,1.59426,1.59449,1.59392,1.59436,95600000,1
1288987140000,1288987199000,1.59436,1.5946,1.59416,1.59429,87400000,1
1288987200000,1288987259000,1.59431,1.59451,1.59423,1.59426,93900000,1
1288987260000,1288987319000,1.59426,1.59427,1.59379,1.59398,79700000,1
1288987320000,1288987379000,1.59405,1.59414,1.59377,1.59396,101100000,1
1288987380000,1288987439000,1.59396,1.594,1.59378,1.59396,115200000,1
1288987440000,1288987499000,1.59396,1.59456,1.59396,1.59428,68000000,1
1288987500000,1288987559000,1.59428,1.5945,1.59424,1.59424,48700000,1
1288987560000,1288987619000,1.59424,1.59424,1.59408,1.59408,96700000,1
1288987620000,1288987679000,1.59408,1.59448,1.59408,1.59448,139500000,1
1288987680000,1288987739000,1.59448,1.59493,1.59448,1.59489,72800000,1
1288987740000,1288987799000,1.59489,1.59532,1.59489,1.59499,48500000,1
1288987800000,1288987859000,1.59491,1.59493,1.59476,1.59493,58100000,1
1288987860000,1288987919000,1.59493,1.59499,1.59478,1.59494,55600000,1
1288987920000,1288987979000,1.59494,1.59518,1.59474,1.59507,72700000,1
1288987980000,1288988039000,1.59507,1.59532,1.59507,1.59522,70900000,1
1288988040000,1288988099000,1.59522,1.59522,1.59456,1.59456,96000000,1
1288988100000,1288988159000,1.59472,1.59487,1.59448,1.59448,104300000,1
1288988160000,1288988219000,1.5944,1.59458,1.59436,1.5945,88900000,1
1288988220000,1288988279000,1.59443,1.59458,1.59416,1.59443,89500000,1
1288988280000,1288988339000,1.59443,1.59479,1.5942,1.59455,64200000,1
1288988340000,1288988399000,1.59455,1.59463,1.59448,1.59457,82400000,1
1288988400000,1288988459000,1.59457,1.59457,1.59448,1.59454,48400000,1
1288988460000,1288988519000,1.59477,1.59495,1.59463,1.59472,44700000,1
1288988520000,1288988579000,1.59479,1.59487,1.59478,1.59487,88500000,1
1288988580000,1288988639000,1.59499,1.59524,1.5948,1.59524,70100000,1
1288988640000,1288988699000,1.59524,1.5957,1.59524,1.59531,60400000,1
1288988700000,1288988759000,1.59526,1.59577,1.59503,1.59558,84400000,1
1288988760000,1288988819000,1.59558,1.59593,1.59545,1.59593,103500000,1
1288988820000,1288988879000,1.59603,1.59608,1.59593,1.59602,72200000,1
1288988880000,1288988939000,1.59602,1.59602,1.59573,1.59573,79000000,1
1288988940000,1288988999000,1.59559,1.59566,1.59532,1.5954,99400000,1
1288989000000,1288989059000,1.59543,1.59545,1.59473,1.59486,87500000,1
1288989060000,1288989119000,1.59486,1.59503,1.59416,1.59447,67000000,1
1288989120000,1288989179000,1.59447,1.59506,1.59447,1.59447,85000000,1
1288989180000,1288989239000,1.59447,1.59492,1.59447,1.59462,113500000,1
1288989240000,1288989299000,1.59462,1.59468,1.59447,1.59462,66300000,1
1288989300000,1288989359000,1.59462,1.59478,1.59458,1.59463,68200000,1
1288989360000,1288989419000,1.59463,1.59484,1.59458,1.59474,86100000,1
1288989420000,1288989479000,1.59474,1.59477,1.59456,1.59456,112500000,1
1288989480000,1288989539000,1.59456,1.59472,1.59442,1.59442,98700000,1
1288989540000,1288989599000,1.59433,1.59447,1.59402,1.59443,99900000,1
1288989600000,1288989659000,1.59443,1.59443,1.59393,1.59408,42500000,1
1288989660000,1288989719000,1.59408,1.59419,1.59365,1.59365,144700000,1
1288989720000,1288989779000,1.59365,1.594,1.59365,1.59365,76700000,1
1288989780000,1288989839000,1.59365,1.59382,1.59292,1.59357,77300000,1
1288989840000,1288989899000,1.59369,1.59378,1.59354,1.59355,85800000,1
1288989900000,1288989959000,1.59358,1.59378,1.59355,1.59373,118900000,1
1288989960000,1288990019000,1.59373,1.5943,1.59372,1.59372,61800000,1
1288990020000,1288990079000,1.59372,1.59373,1.59312,1.59312,40700000,1
1288990080000,1288990139000,1.59312,1.59343,1.59255,1.59343,54800000,1
1288990140000,1288990199000,1.59343,1.59343,1.59311,1.59323,49900000,1
1288990200000,1288990259000,1.59323,1.59328,1.59304,1.59305,64200000,1
1288990260000,1288990319000,1.59305,1.59305,1.5912,1.59245,73200000,1
1288990320000,1288990379000,1.59245,1.59368,1.59245,1.59272,83800000,1
1288990380000,1288990439000,1.59242,1.59302,1.59184,1.59302,62900000,1
1288990440000,1288990499000,1.59302,1.59308,1.5913,1.5922,88900000,1
1288990500000,1288990559000,1.5925,1.59342,1.5925,1.59267,59800000,1
1288990560000,1288990619000,1.59267,1.59277,1.59215,1.59223,60300000,1
1288990620000,1288990679000,1.59225,1.59252,1.5922,1.59252,92900000,1
1288990680000,1288990739000,1.59271,1.59323,1.59266,1.59268,102700000,1
1288990740000,1288990799000,1.59268,1.59268,1.59113,1.59268,57900000,1
1288990800000,1288990859000,1.59268,1.59268,1.59268,1.59268,0,1
1288990860000,1288990919000,1.59268,1.59268,1.59268,1.59268,0,1
1288990920000,1288990979000,1.59268,1.59268,1.59268,1.59268,0,1
1288990980000,1288991039000,1.59268,1.59268,1.59268,1.59268,0,1
1288991040000,1288991099000,1.59268,1.59268,1.59268,1.59268,0,1
1288991100000,1288991159000,1.59268,1.59268,1.59268,1.59268,0,1
1288991160000,1288991219000,1.59268,1.59268,1.59268,1.59268,0,1
1288991220000,1288991279000,1.59268,1.59268,1.59268,1.59268,0,1
1288991280000,1288991339000,1.59268,1.59268,1.59268,1.59268,0,1
1288991340000,1288991399000,1.59268,1.59268,1.59268,1.59268,0,1
1288991400000,1288991459000,1.59268,1.59268,1.59268,1.59268,0,1
1288991460000,1288991519000,1.59268,1.59268,1.59268,1.59268,0,1
1288991520000,1288991579000,1.59268,1.59268,1.59268,1.59268,0,1
1288991580000,1288991639000,1.59268,1.59268,1.59268,1.59268,0,1
1288991640000,1288991699000,1.59268,1.59268,1.59268,1.59268,0,1
1288991700000,1288991759000,1.59268,1.59268,1.59268,1.59268,0,1
1288991760000,1288991819000,1.59268,1.59268,1.59268,1.59268,0,1
1288991820000,1288991879000,1.59268,1.59268,1.59268,1.59268,0,1
1288991880000,1288991939000,1.59268,1.59268,1.59268,1.59268,0,1
1288991940000,1288991999000,1.59268,1.59268,1.59268,1.59268,0,1
1288992000000,1288992059000,1.59268,1.59268,1.59268,1.59268,0,1
1288992060000,1288992119000,1.59268,1.59268,1.59268,1.59268,0,1
1288992120000,1288992179000,1.59268,1.59268,1.59268,1.59268,0,1
1288992180000,1288992239000,1.59268,1.59268,1.59268,1.59268,0,1
1288992240000,1288992299000,1.59268,1.59268,1.59268,1.59268,0,1
1288992300000,1288992359000,1.59268,1.59268,1.59268,1.59268,0,1
1288992360000,1288992419000,1.59268,1.59268,1.59268,1.59268,0,1
1288992420000,1288992479000,1.59268,1.59268,1.59268,1.59268,0,1
1288992480000,1288992539000,1.59268,1.59268,1.59268,1.59268,0,1
1288992540000,1288992599000,1.59268,1.59268,1.59268,1.59268,0,1
1288992600000,1288992659000,1.59268,1.59268,1.59268,1.59268,0,1
1288992660000,1288992719000,1.59268,1.59268,1.59268,1.59268,0,1
1288992720000,1288992779000,1.59268,1.59268,1.59268,1.59268,0,1
1288992780000,1288992839000,1.59268,1.59268,1.59268,1.59268,0,1
1288992840000,1288992899000,1.59268,1.59268,1.59268,1.59268,0,1
1288992900000,1288992959000,1.59268,1.59268,1.59268,1.59268,0,1
1288992960000,1288993019000,1.59268,1.59268,1.59268,1.59268,0,1
1288993020000,1288993079000,1.59268,1.59268,1.59268,1.59268,0,1
1288993080000,1288993139000,1.59268,1.59268,1.59268,1.59268,0,1
1288993140000,1288993199000,1.59268,1.59268,1.59268,1.59268,0,1
1288993200000,1288993259000,1.59268,1.59268,1.59268,1.59268,0,1
1288993260000,1288993319000,1.59268,1.59268,1.59268,1.59268,0,1
1288993320000,1288993379000,1.59268,1.59268,1.59268,1.59268,0,1
1288993380000,1288993439000,1.59268,1.59268,1.59268,1.59268,0,1
1288993440000,1288993499000,1.59268,1.59268,1.59268,1.59268,0,1
1288993500000,1288993559000,1.59268,1.59268,1.59268,1.59268,0,1
1288993560000,1288993619000,1.59268,1.59268,1.59268,1.59268,0,1
1288993620000,1288993679000,1.59268,1.59268,1.59268,1.59268,0,1
1288993680000,1288993739000,1.59268,1.59268,1.59268,1.59268,0,1
1288993740000,1288993799000,1.59268,1.59268,1.59268,1.59268,0,1
1288993800000,1288993859000,1.59268,1.59268,1.59268,1.59268,0,1
1288993860000,1288993919000,1.59268,1.59268,1.59268,1.59268,0,1
1288993920000,1288993979000,1.59268,1.59268,1.59268,1.59268,0,1
1288993980000,1288994039000,1.59268,1.59268,1.59268,1.59268,0,1
1288994040000,1288994099000,1.59268,1.59268,1.59268,1.59268,0,1
1288994100000,1288994159000,1.59268,1.59268,1.59268,1.59268,0,1
1288994160000,1288994219000,1.59268,1.59268,1.59268,1.59268,0,1
1288994220000,1288994279000,1.59268,1.59268,1.59268,1.59268,0,1
1288994280000,1288994339000,1.59268,1.59268,1.59268,1.59268,0,1
1288994340000,1288994399000,1.59268,1.59268,1.59268,1.59268,0,1
1288994400000,1288994459000,1.59268,1.59268,1.59268,1.59268,0,1
1288994460000,1288994519000,1.59268,1.59268,1.59268,1.59268,0,1
1288994520000,1288994579000,1.59268,1.59268,1.59268,1.59268,0,1
1288994580000,1288994639000,1.59268,1.59268,1.59268,1.59268,0,1
1288994640000,1288994699000,1.59268,1.59268,1.59268,1.59268,0,1
1288994700000,1288994759000,1.59268,1.59268,1.59268,1.59268,0,1
1288994760000,1288994819000,1.59268,1.59268,1.59268,1.59268,0,1
1288994820000,1288994879000,1.59268,1.59268,1.59268,1.59268,0,1
1288994880000,1288994939000,1.59268,1.59268,1.59268,1.59268,0,1
1288994940000,1288994999000,1.59268,1.59268,1.59268,1.59268,0,1
1288995000000,1288995059000,1.59268,1.59268,1.59268,1.59268,0,1
1288995060000,1288995119000,1.59268,1.59268,1.59268,1.59268,0,1
1288995120000,1288995179000,1.59268,1.59268,1.59268,1.59268,0,1
1288995180000,1288995239000,1.59268,1.59268,1.59268,1.59268,0,1
1288995240000,1288995299000,1.59268,1.59268,1.59268,1.59268,0,1
1288995300000,1288995359000,1.59268,1.59268,1.59268,1.59268,0,1
1288995360000,1288995419000,1.59268,1.59268,1.59268,1.59268,0,1
1288995420000,1288995479000,1.59268,1.59268,1.59268,1.59268,0,1
1288995480000,1288995539000,1.59268,1.59268,1.59268,1.59268,0,1
1288995540000,1288995599000,1.59268,1.59268,1.59268,1.59268,0,1
1288995600000,1288995659000,1.59268,1.59268,1.59268,1.59268,0,1
1288995660000,1288995719000,1.59268,1.59268,1.59268,1.59268,0,1
1288995720000,1288995779000,1.59268,1.59268,1.59268,1.59268,0,1
1288995780000,1288995839000,1.59268,1.59268,1.59268,1.59268,0,1
1288995840000,1288995899000,1.59268,1.59268,1.59268,1.59268,0,1
1288995900000,1288995959000,1.59268,1.59268,1.59268,1.59268,0,1
1288995960000,1288996019000,1.59268,1.59268,1.59268,1.59268,0,1
1288996020000,1288996079000,1.59268,1.59268,1.59268,1.59268,0,1
1288996080000,1288996139000,1.59268,1.59268,1.59268,1.59268,0,1
1288996140000,1288996199000,1.59268,1.59268,1.59268,1.59268,0,1
1288996200000,1288996259000,1.59268,1.59268,1.59268,1.59268,0,1
1288996260000,1288996319000,1.59268,1.59268,1.59268,1.59268,0,1
1288996320000,1288996379000,1.59268,1.59268,1.59268,1.59268,0,1
1288996380000,1288996439000,1.59268,1.59268,1.59268,1.59268,0,1
1288996440000,1288996499000,1.59268,1.59268,1.59268,1.59268,0,1
1288996500000,1288996559000,1.59268,1.59268,1.59268,1.59268,0,1
1288996560000,1288996619000,1.59268,1.59268,1.59268,1.59268,0,1
1288996620000,1288996679000,1.59268,1.59268,1.59268,1.59268,0,1
1288996680000,1288996739000,1.59268,1.59268,1.59268,1.59268,0,1
1288996740000,1288996799000,1.59268,1.59268,1.59268,1.59268,0,1
1288996800000,1288996859000,1.59268,1.59268,1.59268,1.59268,0,1
1288996860000,1288996919000,1.59268,1.59268,1.59268,1.59268,0,1
1288996920000,1288996979000,1.59268,1.59268,1.59268,1.59268,0,1
1288996980000,1288997039000,1.59268,1.59268,1.59268,1.59268,0,1
1288997040000,1288997099000,1.59268,1.59268,1.59268,1.59268,0,1
1288997100000,1288997159000,1.59268,1.59268,1.59268,1.59268,0,1
1288997160000,1288997219000,1.59268,1.59268,1.59268,1.59268,0,1
1288997220000,1288997279000,1.59268,1.59268,1.59268,1.59268,0,1
1288997280000,1288997339000,1.59268,1.59268,1.59268,1.59268,0,1
1288997340000,1288997399000,1.59268,1.59268,1.59268,1.59268,0,1
1288997400000,1288997459000,1.59268,1.59268,1.59268,1.59268,0,1
1288997460000,1288997519000,1.59268,1.59268,1.59268,1.59268,0,1
1288997520000,1288997579000,1.59268,1.59268,1.59268,1.59268,0,1
1288997580000,1288997639000,1.59268,1.59268,1.59268,1.59268,0,1
1288997640000,1288997699000,1.59268,1.59268,1.59268,1.59268,0,1
1288997700000,1288997759000,1.59268,1.59268,1.59268,1.59268,0,1
1288997760000,1288997819000,1.59268,1.59268,1.59268,1.59268,0,1
1288997820000,1288997879000,1.59268,1.59268,1.59268,1.59268,0,1
1288997880000,1288997939000,1.59268,1.59268,1.59268,1.59268,0,1
1288997940000,1288997999000,1.59268,1.59268,1.59268,1.59268,0,1
1288998000000,1288998059000,1.59268,1.59268,1.59268,1.59268,0,1
1288998060000,1288998119000,1.59268,1.59268,1.59268,1.59268,0,1
1288998120000,1288998179000,1.59268,1.59268,1.59268,1.59268,0,1
1288998180000,1288998239000,1.59268,1.59268,1.59268,1.59268,0,1
1288998240000,1288998299000,1.59268,1.59268,1.59268,1.59268,0,1
1288998300000,1288998359000,1.59268,1.59268,1.59268,1.59268,0,1
1288998360000,1288998419000,1.59268,1.59268,1.59268,1.59268,0,1
1288998420000,1288998479000,1.59268,1.59268,1.59268,1.59268,0,1
1288998480000,1288998539000,1.59268,1.59268,1.59268,1.59268,0,1
1288998540000,1288998599000,1.59268,1.59268,1.59268,1.59268,0,1
1288998600000,1288998659000,1.59268,1.59268,1.59268,1.59268,0,1
1288998660000,1288998719000,1.59268,1.59268,1.59268,1.59268,0,1
1288998720000,1288998779000,1.59268,1.59268,1.59268,1.59268,0,1
1288998780000,1288998839000,1.59268,1.59268,1.59268,1.59268,0,1
1288998840000,1288998899000,1.59268,1.59268,1.59268,1.59268,0,1
1288998900000,1288998959000,1.59268,1.59268,1.59268,1.59268,0,1
1288998960000,1288999019000,1.59268,1.59268,1.59268,1.59268,0,1
1288999020000,1288999079000,1.59268,1.59268,1.59268,1.59268,0,1
1288999080000,1288999139000,1.59268,1.59268,1.59268,1.59268,0,1
1288999140000,1288999199000,1.59268,1.59268,1.59268,1.59268,0,1
1288999200000,1288999259000,1.59268,1.59268,1.59268,1.59268,0,1
1288999260000,1288999319000,1.59268,1.59268,1.59268,1.59268,0,1
1288999320000,1288999379000,1.59268,1.59268,1.59268,1.59268,0,1
1288999380000,1288999439000,1.59268,1.59268,1.59268,1.59268,0,1
1288999440000,1288999499000,1.59268,1.59268,1.59268,1.59268,0,1
1288999500000,1288999559000,1.59268,1.59268,1.59268,1.59268,0,1
1288999560000,1288999619000,1.59268,1.59268,1.59268,1.59268,0,1
1288999620000,1288999679000,1.59268,1.59268,1.59268,1.59268,0,1
1288999680000,1288999739000,1.59268,1.59268,1.59268,1.59268,0,1
1288999740000,1288999799000,1.59268,1.59268,1.59268,1.59268,0,1
1288999800000,1288999859000,1.59268,1.59268,1.59268,1.59268,0,1
1288999860000,1288999919000,1.59268,1.59268,1.59268,1.59268,0,1
1288999920000,1288999979000,1.59268,1.59268,1.59268,1.59268,0,1
1288999980000,1289000039000,1.59268,1.59268,1.59268,1.59268,0,1
1289000040000,1289000099000,1.59268,1.59268,1.59268,1.59268,0,1
1289000100000,1289000159000,1.59268,1.59268,1.59268,1.59268,0,1
1289000160000,1289000219000,1.59268,1.59268,1.59268,1.59268,0,1
1289000220000,1289000279000,1.59268,1.59268,1.59268,1.59268,0,1
1289000280000,1289000339000,1.59268,1.59268,1.59268,1.59268,0,1
1289000340000,1289000399000,1.59268,1.59268,1.59268,1.59268,0,1
1289000400000,1289000459000,1.59268,1.59268,1.59268,1.59268,0,1
1289000460000,1289000519000,1.59268,1.59268,1.59268,1.59268,0,1
1289000520000,1289000579000,1.59268,1.59268,1.59268,1.59268,0,1
1289000580000,1289000639000,1.59268,1.59268,1.59268,1.59268,0,1
1289000640000,1289000699000,1.59268,1.59268,1.59268,1.59268,0,1
1289000700000,1289000759000,1.59268,1.59268,1.59268,1.59268,0,1
1289000760000,1289000819000,1.59268,1.59268,1.59268,1.59268,0,1
1289000820000,1289000879000,1.59268,1.59268,1.59268,1.59268,0,1
1289000880000,1289000939000,1.59268,1.59268,1.59268,1.59268,0,1
1289000940000,1289000999000,1.59268,1.59268,1.59268,1.59268,0,1
1289001000000,1289001059000,1.59268,1.59268,1.59268,1.59268,0,1
1289001060000,1289001119000,1.59268,1.59268,1.59268,1.59268,0,1
1289001120000,1289001179000,1.59268,1.59268,1.59268,1.59268,0,1
1289001180000,1289001239000,1.59268,1.59268,1.59268,1.59268,0,1
1289001240000,1289001299000,1.59268,1.59268,1.59268,1.59268,0,1
1289001300000,1289001359000,1.59268,1.59268,1.59268,1.59268,0,1
1289001360000,1289001419000,1.59268,1.59268,1.59268,1.59268,0,1
1289001420000,1289001479000,1.59268,1.59268,1.59268,1.59268,0,1
1289001480000,1289001539000,1.59268,1.59268,1.59268,1.59268,0,1
1289001540000,1289001599000,1.59268,1.59268,1.59268,1.59268,0,1
1289167200000,1289167259000,1.59458,1.59467,1.59203,1.59203,52400000,1
1289167260000,1289167319000,1.59198,1.59372,1.59198,1.59348,19800000,1
1289167320000,1289167379000,1.59343,1.59343,1.5926,1.59267,86300000,1
1289167380000,1289167439000,1.59267,1.59368,1.59267,1.59357,79900000,1
1289167440000,1289167499000,1.59313,1.59398,1.59312,1.59313,85100000,1
1289167500000,1289167559000,1.59313,1.59398,1.59313,1.59393,106600000,1
1289167560000,1289167619000,1.59393,1.59423,1.59311,1.59324,141800000,1
1289167620000,1289167679000,1.59324,1.59407,1.59324,1.59378,68300000,1
1289167680000,1289167739000,1.59378,1.59442,1.59373,1.5939,69400000,1
1289167740000,1289167799000,1.59413,1.59419,1.59358,1.59373,64600000,1
1289167800000,1289167859000,1.59373,1.59393,1.59372,1.59393,63200000,1
1289167860000,1289167919000,1.59374,1.59398,1.59374,1.59389,64100000,1
1289167920000,1289167979000,1.59389,1.59393,1.59389,1.59389,77600000,1
1289167980000,1289168039000,1.59389,1.59398,1.59389,1.59397,51000000,1
1289168040000,1289168099000,1.59392,1.59413,1.59379,1.59379,70800000,1
1289168100000,1289168159000,1.59379,1.59425,1.59379,1.59425,63300000,1
1289168160000,1289168219000,1.59425,1.59463,1.59425,1.59452,65600000,1
1289168220000,1289168279000,1.59457,1.59458,1.59452,1.59452,50900000,1
1289168280000,1289168339000,1.59457,1.59502,1.59452,1.59472,68700000,1
1289168340000,1289168399000,1.59453,1.59523,1.59453,1.59523,99500000,1
1289168400000,1289168459000,1.59523,1.59523,1.59521,1.59521,60000000,1
1289168460000,1289168519000,1.59521,1.59526,1.59521,1.59526,53700000,1
1289168520000,1289168579000,1.59526,1.59532,1.59523,1.59523,42000000,1
1289168580000,1289168639000,1.59523,1.59526,1.59521,1.59526,47800000,1
1289168640000,1289168699000,1.59526,1.59526,1.59526,1.59526,36600000,1
1289168700000,1289168759000,1.59526,1.59531,1.59521,1.59531,40800000,1
1289168760000,1289168819000,1.59531,1.59562,1.59461,1.59521,90900000,1
1289168820000,1289168879000,1.59521,1.59548,1.59464,1.59548,68600000,1
1289168880000,1289168939000,1.59548,1.59548,1.59495,1.59523,41000000,1
1289168940000,1289168999000,1.59523,1.59538,1.59505,1.59533,56400000,1
1289169000000,1289169059000,1.59533,1.59533,1.59505,1.59514,58300000,1
1289169060000,1289169119000,1.59523,1.59525,1.59505,1.59525,74700000,1
1289169120000,1289169179000,1.59525,1.59525,1.59525,1.59525,52500000,1
1289169180000,1289169239000,1.59525,1.59525,1.59525,1.59525,52500000,1
1289169240000,1289169299000,1.59525,1.59525,1.59525,1.59525,54000000,1
1289169300000,1289169359000,1.59525,1.59553,1.59525,1.59553,62000000,1
1289169360000,1289169419000,1.59554,1.59578,1.59525,1.59563,47200000,1
1289169420000,1289169479000,1.59553,1.59553,1.59497,1.59545,49900000,1
1289169480000,1289169539000,1.59545,1.59545,1.59516,1.59545,32200000,1
1289169540000,1289169599000,1.59545,1.5955,1.59545,1.59545,55200000,1
1289169600000,1289169659000,1.59545,1.59561,1.59537,1.59561,57200000,1
1289169660000,1289169719000,1.59561,1.59563,1.59507,1.59537,39600000,1
1289169720000,1289169779000,1.59537,1.59537,1.59523,1.59523,29400000,1
1289169780000,1289169839000,1.59523,1.59542,1.59523,1.59542,33700000,1
1289169840000,1289169899000,1.59542,1.59542,1.59533,1.59537,30700000,1
1289169900000,1289169959000,1.59537,1.5954,1.59484,1.59484,61600000,1
1289169960000,1289170019000,1.59484,1.59497,1.59484,1.59484,37200000,1
1289170020000,1289170079000,1.59484,1.59493,1.59484,1.59493,32200000,1
1289170080000,1289170139000,1.59493,1.59496,1.5949,1.59493,25500000,1
1289170140000,1289170199000,1.59493,1.59494,1.5949,1.59494,34500000,1
1289170200000,1289170259000,1.59494,1.59516,1.59487,1.59497,64300000,1
1289170260000,1289170319000,1.59497,1.59513,1.59497,1.59513,60900000,1
1289170320000,1289170379000,1.59513,1.59537,1.59507,1.59518,86600000,1
1289170380000,1289170439000,1.59521,1.59532,1.59517,1.59521,52200000,1
1289170440000,1289170499000,1.59521,1.59521,1.59515,1.59521,42000000,1
1289170500000,1289170559000,1.59521,1.59521,1.59502,1.59515,50500000,1
1289170560000,1289170619000,1.59518,1.59521,1.59503,1.59516,70000000,1
1289170620000,1289170679000,1.59516,1.59531,1.59516,1.59517,65900000,1
1289170680000,1289170739000,1.59517,1.59578,1.59517,1.59578,48700000,1
1289170740000,1289170799000,1.59584,1.59612,1.5955,1.59554,74500000,1
1289170800000,1289170859000,1.59554,1.59554,1.59523,1.59539,74000000,1
1289170860000,1289170919000,1.59539,1.59543,1.59495,1.59495,72300000,1
1289170920000,1289170979000,1.59495,1.59495,1.59473,1.59487,55700000,1
1289170980000,1289171039000,1.59487,1.59506,1.59482,1.59482,41600000,1
1289171040000,1289171099000,1.59482,1.59488,1.59432,1.59443,59200000,1
1289171100000,1289171159000,1.59443,1.59456,1.59434,1.59453,75600000,1
1289171160000,1289171219000,1.59458,1.59493,1.59448,1.59488,52500000,1
1289171220000,1289171279000,1.59492,1.59503,1.59461,1.59465,57400000,1
1289171280000,1289171339000,1.59465,1.59492,1.59462,1.59487,52300000,1
1289171340000,1289171399000,1.59488,1.59488,1.5947,1.59478,47100000,1
1289171400000,1289171459000,1.59478,1.59496,1.59468,1.59482,48500000,1
1289171460000,1289171519000,1.59477,1.59494,1.5947,1.59484,47600000,1
1289171520000,1289171579000,1.59485,1.59502,1.5948,1.59495,43100000,1
1289171580000,1289171639000,1.59495,1.59518,1.59495,1.59517,53100000,1
1289171640000,1289171699000,1.59517,1.59518,1.59506,1.59512,34000000,1
1289171700000,1289171759000,1.59512,1.59543,1.59507,1.59543,57500000,1
1289171760000,1289171819000,1.59543,1.59578,1.59525,1.59534,71100000,1
1289171820000,1289171879000,1.59531,1.59532,1.59526,1.59532,47100000,1
1289171880000,1289171939000,1.59532,1.59533,1.5946,1.59487,48300000,1
1289171940000,1289171999000,1.59487,1.59523,1.59483,1.59495,85000000,1
1289172000000,1289172059000,1.59495,1.59517,1.59435,1.59486,85300000,1
1289172060000,1289172119000,1.59482,1.59483,1.59459,1.59459,58700000,1
1289172120000,1289172179000,1.59459,1.59462,1.59438,1.59442,65300000,1
1289172180000,1289172239000,1.59442,1.59448,1.59438,1.59447,56800000,1
1289172240000,1289172299000,1.59447,1.59463,1.59426,1.5945,68000000,1
1289172300000,1289172359000,1.59443,1.59448,1.59439,1.59442,45800000,1
1289172360000,1289172419000,1.59443,1.59453,1.59435,1.59451,55400000,1
1289172420000,1289172479000,1.59451,1.59459,1.59427,1.59427,38600000,1
1289172480000,1289172539000,1.59427,1.59442,1.59425,1.5943,51400000,1
1289172540000,1289172599000,1.5943,1.5943,1.59425,1.59428,39000000,1
1289172600000,1289172659000,1.59427,1.59443,1.59427,1.59443,31900000,1
1289172660000,1289172719000,1.59443,1.59443,1.59426,1.59426,35100000,1
1289172720000,1289172779000,1.59426,1.59426,1.59411,1.59426,50700000,1
1289172780000,1289172839000,1.59426,1.59427,1.59415,1.59415,47300000,1
1289172840000,1289172899000,1.59415,1.59433,1.59415,1.59428,39200000,1
1289172900000,1289172959000,1.59428,1.59429,1.5942,1.59429,80800000,1
1289172960000,1289173019000,1.59429,1.59445,1.59428,1.59442,45100000,1
1289173020000,1289173079000,1.59442,1.59442,1.59417,1.59417,42700000,1
1289173080000,1289173139000,1.59409,1.59411,1.59354,1.5939,60600000,1
1289173140000,1289173199000,1.5939,1.5939,1.59337,1.59361,67500000,1
1289173200000,1289173259000,1.59361,1.59382,1.59352,1.59382,61100000,1
1289173260000,1289173319000,1.59382,1.59383,1.59357,1.59366,64800000,1
1289173320000,1289173379000,1.59366,1.59376,1.59272,1.59297,100600000,1
1289173380000,1289173439000,1.59298,1.59312,1.59282,1.59282,105500000,1
1289173440000,1289173499000,1.59282,1.59337,1.59279,1.59318,75900000,1
1289173500000,1289173559000,1.59307,1.59326,1.59307,1.59322,71900000,1
1289173560000,1289173619000,1.59328,1.59329,1.59286,1.59286,56500000,1
1289173620000,1289173679000,1.59287,1.59332,1.59285,1.59327,55700000,1
1289173680000,1289173739000,1.5932,1.59332,1.59297,1.59297,67500000,1
1289173740000,1289173799000,1.59303,1.59308,1.59297,1.59298,36300000,1
1289173800000,1289173859000,1.59297,1.59323,1.59297,1.59323,65300000,1
1289173860000,1289173919000,1.59323,1.59332,1.59267,1.59267,100600000,1
1289173920000,1289173979000,1.59262,1.59325,1.59253,1.59325,100200000,1
1289173980000,1289174039000,1.59323,1.59323,1.59282,1.59284,155600000,1
1289174040000,1289174099000,1.59284,1.59319,1.59284,1.59319,124000000,1
1289174100000,1289174159000,1.59319,1.59335,1.59318,1.59335,157600000,1
1289174160000,1289174219000,1.59334,1.59374,1.5933,1.59374,99300000,1
1289174220000,1289174279000,1.59378,1.59413,1.59355,1.59387,83700000,1
1289174280000,1289174339000,1.59406,1.59469,1.59355,1.59428,217000000,1
1289174340000,1289174399000,1.59429,1.59458,1.59395,1.59405,148400000,1
1289174400000,1289174459000,1.5942,1.59438,1.59406,1.59429,120700000,1
1289174460000,1289174519000,1.59434,1.59495,1.59426,1.59463,65500000,1
1289174520000,1289174579000,1.59478,1.59528,1.59467,1.59477,130900000,1
1289174580000,1289174639000,1.59481,1.59482,1.59437,1.59443,69800000,1
1289174640000,1289174699000,1.59448,1.59478,1.59438,1.59438,82000000,1
1289174700000,1289174759000,1.59434,1.59459,1.59408,1.59442,86500000,1
1289174760000,1289174819000,1.59432,1.59465,1.59415,1.59456,76200000,1
1289174820000,1289174879000,1.59461,1.59485,1.59461,1.59482,59100000,1
1289174880000,1289174939000,1.59472,1.59472,1.59444,1.59455,66400000,1
1289174940000,1289174999000,1.59455,1.59455,1.59428,1.59428,45100000,1
1289175000000,1289175059000,1.59429,1.59431,1.59414,1.59422,53900000,1
1289175060000,1289175119000,1.59422,1.59435,1.59408,1.59408,64100000,1
1289175120000,1289175179000,1.59393,1.594,1.59377,1.59391,69800000,1
1289175180000,1289175239000,1.59395,1.59408,1.5937,1.59376,62900000,1
1289175240000,1289175299000,1.59376,1.59385,1.59356,1.59365,152500000,1
1289175300000,1289175359000,1.59365,1.59368,1.59333,1.59358,120600000,1
1289175360000,1289175419000,1.59358,1.59369,1.59337,1.59347,67100000,1
1289175420000,1289175479000,1.59347,1.59347,1.59323,1.5933,53500000,1
1289175480000,1289175539000,1.5933,1.59345,1.59308,1.59308,64900000,1
1289175540000,1289175599000,1.5931,1.59344,1.59283,1.59344,82900000,1
1289175600000,1289175659000,1.59329,1.59358,1.59311,1.59328,90800000,1
1289175660000,1289175719000,1.59328,1.59359,1.59317,1.59323,75300000,1
1289175720000,1289175779000,1.59324,1.59324,1.59223,1.59272,92200000,1
1289175780000,1289175839000,1.59271,1.59273,1.59236,1.59246,75000000,1
1289175840000,1289175899000,1.59238,1.59256,1.59231,1.59256,72900000,1
1289175900000,1289175959000,1.59255,1.59288,1.5924,1.59288,80700000,1
1289175960000,1289176019000,1.59274,1.59282,1.59274,1.5928,54600000,1
1289176020000,1289176079000,1.5928,1.59297,1.59272,1.59286,41500000,1
1289176080000,1289176139000,1.59282,1.59296,1.59275,1.59288,53000000,1
1289176140000,1289176199000,1.59286,1.59287,1.59257,1.59257,57400000,1
1289176200000,1289176259000,1.59271,1.59271,1.59259,1.59265,58300000,1
1289176260000,1289176319000,1.5927,1.5927,1.59237,1.59246,64300000,1
1289176320000,1289176379000,1.59246,1.59246,1.59209,1.59221,109400000,1
1289176380000,1289176439000,1.59231,1.59231,1.59191,1.59208,58500000,1
1289176440000,1289176499000,1.59206,1.59218,1.59178,1.59217,55400000,1
1289176500000,1289176559000,1.59217,1.59217,1.59205,1.59216,38500000,1
1289176560000,1289176619000,1.59215,1.59248,1.59193,1.59228,66100000,1
1289176620000,1289176679000,1.59235,1.59278,1.59232,1.5925,80500000,1
1289176680000,1289176739000,1.5925,1.59256,1.59233,1.59237,47000000,1
1289176740000,1289176799000,1.59236,1.59266,1.59223,1.59266,65800000,1
1289176800000,1289176859000,1.59266,1.59273,1.59247,1.59265,65800000,1
1289176860000,1289176919000,1.59272,1.59322,1.59267,1.59318,88500000,1
1289176920000,1289176979000,1.5932,1.59342,1.593,1.59305,64800000,1
1289176980000,1289177039000,1.59296,1.59301,1.59266,1.59287,71400000,1
1289177040000,1289177099000,1.59285,1.59313,1.59285,1.59308,82400000,1
1289177100000,1289177159000,1.59315,1.5933,1.59315,1.59327,88300000,1
1289177160000,1289177219000,1.59327,1.59367,1.59327,1.59339,129200000,1
1289177220000,1289177279000,1.59337,1.59345,1.59333,1.59345,54600000,1
1289177280000,1289177339000,1.59345,1.59348,1.59324,1.59343,95000000,1
1289177340000,1289177399000,1.59353,1.59356,1.59333,1.59345,64600000,1
1289177400000,1289177459000,1.59343,1.59343,1.59303,1.59328,75100000,1
1289177460000,1289177519000,1.59319,1.59343,1.59305,1.59334,66800000,1
1289177520000,1289177579000,1.59334,1.59357,1.59331,1.5934,67400000,1
1289177580000,1289177639000,1.59337,1.59359,1.59333,1.59354,61000000,1
1289177640000,1289177699000,1.59354,1.59426,1.59351,1.59426,110100000,1
1289177700000,1289177759000,1.59443,1.59443,1.59352,1.59368,116500000,1
1289177760000,1289177819000,1.59368,1.59387,1.59362,1.59369,109300000,1
1289177820000,1289177879000,1.59382,1.59413,1.59365,1.59373,89300000,1
1289177880000,1289177939000,1.59373,1.59387,1.5937,1.59386,88500000,1
1289177940000,1289177999000,1.59386,1.5939,1.59364,1.59386,75700000,1
1289178000000,1289178059000,1.59379,1.59413,1.59377,1.5938,78000000,1
1289178060000,1289178119000,1.59375,1.59425,1.59375,1.59399,91700000,1
1289178120000,1289178179000,1.59399,1.5943,1.59393,1.59405,83700000,1
1289178180000,1289178239000,1.59405,1.59407,1.59368,1.59392,129600000,1
1289178240000,1289178299000,1.59392,1.594,1.59366,1.59378,159900000,1
1289178300000,1289178359000,1.59378,1.59425,1.59377,1.59407,115300000,1
1289178360000,1289178419000,1.59409,1.59409,1.59393,1.59403,63700000,1
1289178420000,1289178479000,1.59403,1.59423,1.59396,1.59417,60900000,1
1289178480000,1289178539000,1.59417,1.59434,1.59407,1.59429,89300000,1
1289178540000,1289178599000,1.59427,1.59447,1.59407,1.59431,81600000,1
1289178600000,1289178659000,1.59423,1.59434,1.59416,1.59416,88900000,1
1289178660000,1289178719000,1.59416,1.59427,1.59393,1.59394,62600000,1
1289178720000,1289178779000,1.59398,1.59403,1.59369,1.59392,82700000,1
1289178780000,1289178839000,1.59398,1.59422,1.59374,1.59413,101700000,1
1289178840000,1289178899000,1.59413,1.59448,1.59403,1.59437,111100000,1
1289178900000,1289178959000,1.59437,1.59492,1.59437,1.59468,97900000,1
1289178960000,1289179019000,1.59462,1.59468,1.5943,1.59455,65500000,1
1289179020000,1289179079000,1.59443,1.59487,1.59443,1.59466,74300000,1
1289179080000,1289179139000,1.59455,1.59498,1.59448,1.59448,102700000,1
1289179140000,1289179199000,1.59448,1.59518,1.59448,1.59512,98400000,1
1289179200000,1289179259000,1.59519,1.59573,1.59501,1.59568,79700000,1
1289179260000,1289179319000,1.59573,1.59612,1.59567,1.59611,80100000,1
1289179320000,1289179379000,1.59597,1.59642,1.59594,1.59594,111200000,1
1289179380000,1289179439000,1.59594,1.59601,1.59566,1.59595,94900000,1
1289179440000,1289179499000,1.59603,1.59604,1.59567,1.59594,99800000,1
1289179500000,1289179559000,1.59596,1.59598,1.59563,1.59582,79600000,1
1289179560000,1289179619000,1.59581,1.59581,1.59557,1.59561,75100000,1
1289179620000,1289179679000,1.59567,1.59568,1.5951,1.59525,95100000,1
1289179680000,1289179739000,1.59526,1.59537,1.59516,1.59516,60200000,1
1289179740000,1289179799000,1.59516,1.59537,1.59492,1.59505,124800000,1
1289179800000,1289179859000,1.59514,1.59565,1.59504,1.59552,116700000,1
1289179860000,1289179919000,1.59551,1.59577,1.59524,1.59528,121800000,1
1289179920000,1289179979000,1.59523,1.59631,1.59523,1.59618,129900000,1
1289179980000,1289180039000,1.59618,1.59647,1.59606,1.59616,94900000,1
1289180040000,1289180099000,1.59605,1.59605,1.59544,1.59559,101600000,1
1289180100000,1289180159000,1.59559,1.59583,1.59544,1.59568,79400000,1
1289180160000,1289180219000,1.59568,1.59568,1.59535,1.59548,100100000,1
1289180220000,1289180279000,1.59548,1.59569,1.59521,1.59521,94700000,1
1289180280000,1289180339000,1.59537,1.59554,1.59464,1.59554,190400000,1
1289180340000,1289180399000,1.59562,1.59622,1.59562,1.59584,145300000,1
1289180400000,1289180459000,1.59584,1.59584,1.59489,1.59499,116400000,1
1289180460000,1289180519000,1.59513,1.59523,1.59497,1.59504,98200000,1
1289180520000,1289180579000,1.59503,1.59543,1.59496,1.59543,114300000,1
1289180580000,1289180639000,1.59543,1.5955,1.59503,1.59503,85100000,1
1289180640000,1289180699000,1.59503,1.5952,1.59503,1.59508,140200000,1
1289180700000,1289180759000,1.59509,1.59537,1.595,1.59522,63100000,1
1289180760000,1289180819000,1.5952,1.59586,1.59517,1.59569,114300000,1
1289180820000,1289180879000,1.59574,1.59636,1.59561,1.59615,106800000,1
1289180880000,1289180939000,1.59622,1.59632,1.59597,1.59597,118900000,1
1289180940000,1289180999000,1.59597,1.59674,1.59597,1.59617,107900000,1
1289181000000,1289181059000,1.59632,1.59644,1.59606,1.59644,97200000,1
1289181060000,1289181119000,1.59635,1.59664,1.5949,1.59502,177400000,1
1289181120000,1289181179000,1.595,1.59518,1.59466,1.59466,123400000,1
1289181180000,1289181239000,1.59472,1.5955,1.59471,1.59532,132200000,1
1289181240000,1289181299000,1.5954,1.59567,1.59494,1.59562,116500000,1
1289181300000,1289181359000,1.59556,1.59573,1.59523,1.59573,137500000,1
1289181360000,1289181419000,1.59564,1.59589,1.59507,1.59524,127600000,1
1289181420000,1289181479000,1.59527,1.59527,1.59473,1.59473,75800000,1
1289181480000,1289181539000,1.59469,1.59469,1.59391,1.59412,130800000,1
1289181540000,1289181599000,1.59408,1.59432,1.59408,1.59424,114300000,1
1289181600000,1289181659000,1.59424,1.59424,1.59364,1.59417,114400000,1
1289181660000,1289181719000,1.5942,1.59457,1.59377,1.59405,116800000,1
1289181720000,1289181779000,1.594,1.5942,1.59388,1.594,79400000,1
1289181780000,1289181839000,1.59394,1.59408,1.59392,1.59394,55500000,1
1289181840000,1289181899000,1.59385,1.59503,1.59375,1.59469,125100000,1
1289181900000,1289181959000,1.59468,1.5953,1.59454,1.59496,172600000,1
1289181960000,1289182019000,1.5952,1.59555,1.59512,1.59534,102600000,1
1289182020000,1289182079000,1.59523,1.59543,1.59513,1.59543,94800000,1
1289182080000,1289182139000,1.59543,1.59548,1.59518,1.59532,76400000,1
1289182140000,1289182199000,1.59533,1.59547,1.59494,1.59503,88100000,1
1289182200000,1289182259000,1.59506,1.59506,1.59455,1.5949,138800000,1
1289182260000,1289182319000,1.5949,1.59523,1.59474,1.5949,104500000,1
1289182320000,1289182379000,1.59479,1.59507,1.59479,1.59507,42400000,1
1289182380000,1289182439000,1.59513,1.59522,1.59506,1.59507,48900000,1
1289182440000,1289182499000,1.59507,1.59522,1.59462,1.59465,64500000,1
1289182500000,1289182559000,1.59465,1.59482,1.59433,1.59456,92300000,1
1289182560000,1289182619000,1.59456,1.59492,1.59441,1.59441,138200000,1
1289182620000,1289182679000,1.59447,1.59504,1.59447,1.59496,119200000,1
1289182680000,1289182739000,1.59503,1.59562,1.59502,1.59538,104900000,1
1289182740000,1289182799000,1.59538,1.59585,1.59473,1.59524,182600000,1
1289182800000,1289182859000,1.59513,1.59626,1.59507,1.59602,196600000,1
1289182860000,1289182919000,1.59615,1.59664,1.59568,1.59592,159500000,1
1289182920000,1289182979000,1.59588,1.59603,1.59515,1.59528,145500000,1
1289182980000,1289183039000,1.59527,1.59587,1.59506,1.59508,169400000,1
1289183040000,1289183099000,1.59527,1.59563,1.59498,1.59503,163400000,1
1289183100000,1289183159000,1.595,1.59564,1.595,1.59538,150100000,1
1289183160000,1289183219000,1.59539,1.59592,1.59523,1.59537,133400000,1
1289183220000,1289183279000,1.59537,1.59543,1.59491,1.59513,162900000,1
1289183280000,1289183339000,1.595,1.595,1.59439,1.59454,111400000,1
1289183340000,1289183399000,1.59438,1.5945,1.59399,1.59399,168500000,1
1289183400000,1289183459000,1.59401,1.5947,1.59397,1.5946,108400000,1
1289183460000,1289183519000,1.59463,1.5948,1.59423,1.59423,93100000,1
1289183520000,1289183579000,1.59423,1.59449,1.59405,1.59449,113300000,1
1289183580000,1289183639000,1.59453,1.59463,1.59429,1.59453,88000000,1
1289183640000,1289183699000,1.59448,1.59452,1.59412,1.59431,197500000,1
1289183700000,1289183759000,1.59431,1.59431,1.59359,1.59381,116700000,1
1289183760000,1289183819000,1.59382,1.59401,1.59361,1.59383,95200000,1
1289183820000,1289183879000,1.59383,1.59408,1.59381,1.59402,83600000,1
1289183880000,1289183939000,1.59403,1.59409,1.59382,1.59405,83600000,1
1289183940000,1289183999000,1.59402,1.59408,1.59377,1.59378,70500000,1
1289184000000,1289184059000,1.59378,1.59398,1.59362,1.59398,86300000,1
1289184060000,1289184119000,1.59393,1.59438,1.59387,1.59413,85000000,1
1289184120000,1289184179000,1.59422,1.59468,1.59422,1.59468,68900000,1
1289184180000,1289184239000,1.59462,1.59479,1.59419,1.59479,132000000,1
1289184240000,1289184299000,1.59478,1.59492,1.59418,1.5946,144600000,1
1289184300000,1289184359000,1.59463,1.59483,1.59438,1.59464,70400000,1
1289184360000,1289184419000,1.59458,1.59461,1.59443,1.59461,52000000,1
1289184420000,1289184479000,1.5945,1.59505,1.59432,1.59433,124200000,1
1289184480000,1289184539000,1.59433,1.59433,1.59389,1.5942,147500000,1
1289184540000,1289184599000,1.5942,1.59551,1.59411,1.59527,152500000,1
1289184600000,1289184659000,1.59531,1.59544,1.59512,1.59527,109000000,1
1289184660000,1289184719000,1.59527,1.59547,1.59507,1.59516,94800000,1
1289184720000,1289184779000,1.59517,1.59527,1.59473,1.59474,148600000,1
1289184780000,1289184839000,1.59474,1.59483,1.59424,1.59442,132900000,1
1289184840000,1289184899000,1.59437,1.59448,1.59415,1.59415,88900000,1
1289184900000,1289184959000,1.59411,1.59411,1.59374,1.59393,108200000,1
1289184960000,1289185019000,1.59397,1.59402,1.59347,1.59366,127400000,1
1289185020000,1289185079000,1.59366,1.59426,1.59366,1.59395,88000000,1
1289185080000,1289185139000,1.59395,1.59411,1.59376,1.59388,48000000,1
1289185140000,1289185199000,1.59388,1.59408,1.59376,1.59396,54900000,1
1289185200000,1289185259000,1.59391,1.5941,1.59354,1.59359,97600000,1
1289185260000,1289185319000,1.59359,1.59368,1.59341,1.59344,63500000,1
1289185320000,1289185379000,1.59344,1.59351,1.59344,1.59351,37400000,1
1289185380000,1289185439000,1.59351,1.59351,1.5932,1.59338,58900000,1
1289185440000,1289185499000,1.59344,1.59378,1.59343,1.59343,92000000,1
1289185500000,1289185559000,1.59343,1.59361,1.59342,1.59342,62400000,1
1289185560000,1289185619000,1.59342,1.59364,1.59342,1.59364,75900000,1
1289185620000,1289185679000,1.59364,1.59373,1.59308,1.59333,71900000,1
1289185680000,1289185739000,1.59329,1.59329,1.59305,1.59317,60800000,1
1289185740000,1289185799000,1.59318,1.59318,1.593,1.59306,89100000,1
1289185800000,1289185859000,1.59306,1.59327,1.59304,1.59318,51000000,1
1289185860000,1289185919000,1.59317,1.59317,1.59303,1.59313,54500000,1
1289185920000,1289185979000,1.59313,1.59313,1.59282,1.593,66000000,1
1289185980000,1289186039000,1.59303,1.5931,1.593,1.59308,57700000,1
1289186040000,1289186099000,1.59308,1.59319,1.5926,1.5929,122200000,1
1289186100000,1289186159000,1.5929,1.5933,1.59288,1.59315,53500000,1
1289186160000,1289186219000,1.59314,1.5934,1.59314,1.5934,54900000,1
1289186220000,1289186279000,1.5934,1.59349,1.59324,1.59324,59100000,1
1289186280000,1289186339000,1.5932,1.59338,1.5931,1.5931,65900000,1
1289186340000,1289186399000,1.59309,1.59318,1.59306,1.59306,61800000,1
1289186400000,1289186459000,1.59309,1.5935,1.593,1.59323,81600000,1
1289186460000,1289186519000,1.59329,1.59349,1.59277,1.59308,127800000,1
1289186520000,1289186579000,1.59308,1.59312,1.59292,1.59312,59000000,1
1289186580000,1289186639000,1.59312,1.59326,1.59302,1.59316,105200000,1
1289186640000,1289186699000,1.59316,1.5933,1.59297,1.5931,76800000,1
1289186700000,1289186759000,1.59324,1.59329,1.593,1.59328,81200000,1
1289186760000,1289186819000,1.59328,1.59401,1.59324,1.59398,207300000,1
1289186820000,1289186879000,1.59406,1.59428,1.59371,1.59401,91200000,1
1289186880000,1289186939000,1.59402,1.59405,1.59371,1.59388,66100000,1
1289186940000,1289186999000,1.59394,1.59405,1.59376,1.59388,80800000,1
1289187000000,1289187059000,1.59388,1.59408,1.59371,1.59387,88900000,1
1289187060000,1289187119000,1.59384,1.59384,1.59357,1.59375,51800000,1
1289187120000,1289187179000,1.59375,1.594,1.59367,1.59386,73700000,1
1289187180000,1289187239000,1.59389,1.59408,1.59349,1.59356,91300000,1
1289187240000,1289187299000,1.59357,1.59362,1.59325,1.59325,74100000,1
1289187300000,1289187359000,1.59332,1.59385,1.59332,1.59365,100400000,1
1289187360000,1289187419000,1.59365,1.59383,1.59355,1.59372,117000000,1
1289187420000,1289187479000,1.59372,1.59381,1.59366,1.59378,49800000,1
1289187480000,1289187539000,1.59377,1.59391,1.59362,1.59362,97300000,1
1289187540000,1289187599000,1.59362,1.59381,1.59356,1.59371,75800000,1
1289187600000,1289187659000,1.59378,1.59391,1.59358,1.59381,76600000,1
1289187660000,1289187719000,1.59377,1.59399,1.59377,1.59387,74700000,1
1289187720000,1289187779000,1.59388,1.59416,1.59381,1.594,74500000,1
1289187780000,1289187839000,1.594,1.59409,1.59392,1.59392,73500000,1
1289187840000,1289187899000,1.59398,1.59408,1.59383,1.59392,60300000,1
1289187900000,1289187959000,1.59392,1.59418,1.59388,1.59408,76200000,1
1289187960000,1289188019000,1.59401,1.59408,1.5937,1.5939,79800000,1
1289188020000,1289188079000,1.59399,1.59406,1.59391,1.59398,90400000,1
1289188080000,1289188139000,1.59398,1.59398,1.59379,1.5938,84300000,1
1289188140000,1289188199000,1.5938,1.59412,1.59357,1.59402,79700000,1
1289188200000,1289188259000,1.5941,1.59432,1.59393,1.59417,74400000,1
1289188260000,1289188319000,1.59417,1.5943,1.59411,1.59427,58900000,1
1289188320000,1289188379000,1.59422,1.59447,1.59414,1.59443,64700000,1
1289188380000,1289188439000,1.59443,1.59444,1.59418,1.5942,52100000,1
1289188440000,1289188499000,1.59427,1.59429,1.59362,1.59372,72500000,1
1289188500000,1289188559000,1.5938,1.59392,1.59335,1.5935,79400000,1
1289188560000,1289188619000,1.5935,1.5937,1.59333,1.59352,99600000,1
1289188620000,1289188679000,1.59361,1.59361,1.59331,1.59345,60300000,1
1289188680000,1289188739000,1.59345,1.59402,1.59345,1.59378,92500000,1
1289188740000,1289188799000,1.59378,1.59403,1.59349,1.59356,102500000,1
1289188800000,1289188859000,1.59356,1.59385,1.59298,1.59298,133900000,1
1289188860000,1289188919000,1.59298,1.59342,1.59298,1.59311,65900000,1
1289188920000,1289188979000,1.59311,1.59347,1.59309,1.59329,70400000,1
1289188980000,1289189039000,1.59307,1.59324,1.59307,1.59324,67800000,1
1289189040000,1289189099000,1.59324,1.59324,1.59302,1.59317,58000000,1
1289189100000,1289189159000,1.59317,1.59332,1.59301,1.59312,56200000,1
1289189160000,1289189219000,1.59308,1.59318,1.59293,1.59293,54300000,1
1289189220000,1289189279000,1.59293,1.59307,1.59287,1.59294,63300000,1
1289189280000,1289189339000,1.59294,1.59329,1.59294,1.59321,44900000,1
1289189340000,1289189399000,1.59321,1.59327,1.59316,1.59317,73200000,1
1289189400000,1289189459000,1.59317,1.59317,1.59266,1.59284,67700000,1
1289189460000,1289189519000,1.59283,1.59311,1.59283,1.59303,52400000,1
1289189520000,1289189579000,1.59303,1.59328,1.59303,1.59318,68100000,1
1289189580000,1289189639000,1.59318,1.59318,1.59307,1.59312,46800000,1
1289189640000,1289189699000,1.59308,1.59317,1.59281,1.59281,92900000,1
1289189700000,1289189759000,1.59273,1.59289,1.5927,1.59282,56400000,1
1289189760000,1289189819000,1.59281,1.59281,1.59244,1.59257,81900000,1
1289189820000,1289189879000,1.59263,1.59279,1.59248,1.59265,101600000,1
1289189880000,1289189939000,1.59258,1.5927,1.59258,1.59258,95500000,1
1289189940000,1289189999000,1.59243,1.59265,1.59239,1.59265,67200000,1
1289190000000,1289190059000,1.59265,1.59295,1.5926,1.59292,63900000,1
1289190060000,1289190119000,1.59292,1.59314,1.59289,1.59294,79200000,1
1289190120000,1289190179000,1.59297,1.59316,1.59297,1.59298,74400000,1
1289190180000,1289190239000,1.59298,1.59308,1.59297,1.59307,53300000,1
1289190240000,1289190299000,1.59307,1.59327,1.59307,1.59317,54500000,1
1289190300000,1289190359000,1.59317,1.59326,1.59303,1.59307,60700000,1
1289190360000,1289190419000,1.59307,1.5934,1.59296,1.59296,84000000,1
1289190420000,1289190479000,1.59296,1.59305,1.59259,1.59273,99600000,1
1289190480000,1289190539000,1.59273,1.59273,1.59244,1.5927,86000000,1
1289190540000,1289190599000,1.5927,1.59281,1.59203,1.59228,81400000,1
1289190600000,1289190659000,1.59228,1.59228,1.59176,1.59211,109700000,1
1289190660000,1289190719000,1.59211,1.59226,1.59207,1.59207,87800000,1
1289190720000,1289190779000,1.5921,1.59234,1.5921,1.59228,70900000,1
1289190780000,1289190839000,1.59228,1.5925,1.59216,1.59228,94200000,1
1289190840000,1289190899000,1.59228,1.59263,1.59219,1.59248,122600000,1
1289190900000,1289190959000,1.59248,1.59258,1.59232,1.59238,72200000,1
1289190960000,1289191019000,1.59237,1.59259,1.59231,1.59247,85700000,1
1289191020000,1289191079000,1.59263,1.59272,1.59261,1.59263,71300000,1
1289191080000,1289191139000,1.59263,1.59285,1.59261,1.59273,77300000,1
1289191140000,1289191199000,1.59273,1.59282,1.59265,1.59277,76800000,1
1289191200000,1289191259000,1.59277,1.59297,1.59212,1.59219,187800000,1
1289191260000,1289191319000,1.59219,1.59228,1.59213,1.59223,80600000,1
1289191320000,1289191379000,1.59223,1.59225,1.59208,1.59209,47700000,1
1289191380000,1289191439000,1.59209,1.59232,1.59191,1.59193,67700000,1
1289191440000,1289191499000,1.59189,1.59219,1.59173,1.59173,76800000,1
1289191500000,1289191559000,1.59173,1.59229,1.59173,1.592,63700000,1
1289191560000,1289191619000,1.59191,1.59259,1.59189,1.59234,128300000,1
1289191620000,1289191679000,1.59238,1.59257,1.59217,1.59217,51300000,1
1289191680000,1289191739000,1.59217,1.59224,1.59198,1.59198,62000000,1
1289191740000,1289191799000,1.59203,1.59258,1.5919,1.59234,53200000,1
1289191800000,1289191859000,1.59228,1.5924,1.59218,1.59223,55100000,1
1289191860000,1289191919000,1.5922,1.59233,1.59209,1.59226,69400000,1
1289191920000,1289191979000,1.59226,1.59226,1.59195,1.59203,41300000,1
1289191980000,1289192039000,1.59207,1.59215,1.59185,1.59191,66700000,1
1289192040000,1289192099000,1.59191,1.59203,1.59163,1.59171,58600000,1
1289192100000,1289192159000,1.59168,1.59172,1.59136,1.59136,98900000,1
1289192160000,1289192219000,1.59136,1.59158,1.59128,1.59138,102300000,1
1289192220000,1289192279000,1.59138,1.59138,1.59115,1.59115,95900000,1
1289192280000,1289192339000,1.59114,1.5913,1.59114,1.59122,75500000,1
1289192340000,1289192399000,1.59122,1.5914,1.59113,1.5914,104800000,1
1289192400000,1289192459000,1.5914,1.59145,1.59139,1.59145,56600000,1
1289192460000,1289192519000,1.59145,1.59145,1.59092,1.59092,59100000,1
1289192520000,1289192579000,1.59098,1.59131,1.59098,1.59122,66800000,1
1289192580000,1289192639000,1.59122,1.59123,1.59098,1.59098,106100000,1
1289192640000,1289192699000,1.59098,1.59098,1.59088,1.59097,53000000,1
1289192700000,1289192759000,1.59098,1.59098,1.59057,1.59057,58000000,1
1289192760000,1289192819000,1.59057,1.59082,1.59031,1.59042,115800000,1
1289192820000,1289192879000,1.59045,1.59053,1.5903,1.59032,80400000,1
1289192880000,1289192939000,1.59032,1.59045,1.59031,1.59031,50900000,1
1289192940000,1289192999000,1.59031,1.59052,1.59029,1.5903,51400000,1
1289193000000,1289193059000,1.5903,1.59048,1.59015,1.59041,55000000,1
1289193060000,1289193119000,1.59041,1.59048,1.58991,1.58991,77600000,1
1289193120000,1289193179000,1.58987,1.59008,1.58939,1.58952,135500000,1
1289193180000,1289193239000,1.5895,1.59008,1.58933,1.5898,92200000,1
1289193240000,1289193299000,1.5898,1.59035,1.5898,1.59017,77200000,1
1289193300000,1289193359000,1.59016,1.59025,1.59011,1.59021,73500000,1
1289193360000,1289193419000,1.59013,1.59016,1.58971,1.58988,83400000,1
1289193420000,1289193479000,1.58988,1.5903,1.58983,1.59017,55400000,1
1289193480000,1289193539000,1.59017,1.59032,1.59017,1.59031,77200000,1
1289193540000,1289193599000,1.59055,1.59077,1.59038,1.59065,110400000,1
1289193600000,1289193659000,1.59065,1.59072,1.59046,1.59046,99900000,1
1289193660000,1289193719000,1.59046,1.59063,1.59034,1.59037,130400000,1
1289193720000,1289193779000,1.59037,1.59061,1.59031,1.59038,83900000,1
1289193780000,1289193839000,1.59038,1.59053,1.59033,1.59052,43600000,1
1289193840000,1289193899000,1.59058,1.59078,1.59048,1.59073,50300000,1
1289193900000,1289193959000,1.59073,1.59099,1.59072,1.59082,73400000,1
1289193960000,1289194019000,1.59087,1.59122,1.59087,1.59118,143600000,1
1289194020000,1289194079000,1.59118,1.5916,1.59105,1.5914,130400000,1
1289194080000,1289194139000,1.5914,1.59142,1.5912,1.59133,116200000,1
1289194140000,1289194199000,1.59133,1.59143,1.59123,1.59125,74100000,1
1289194200000,1289194259000,1.59125,1.59142,1.59118,1.59134,110800000,1
1289194260000,1289194319000,1.59134,1.5915,1.59123,1.5915,58700000,1
1289194320000,1289194379000,1.59149,1.5915,1.59126,1.59133,85700000,1
1289194380000,1289194439000,1.59129,1.59135,1.59119,1.59124,47000000,1
1289194440000,1289194499000,1.59126,1.59141,1.59119,1.59136,106900000,1
1289194500000,1289194559000,1.59127,1.59154,1.59112,1.59148,111700000,1
1289194560000,1289194619000,1.59147,1.59173,1.5914,1.59157,68300000,1
1289194620000,1289194679000,1.59151,1.59182,1.59146,1.59167,61700000,1
1289194680000,1289194739000,1.59172,1.5919,1.59172,1.59188,60400000,1
1289194740000,1289194799000,1.59184,1.59184,1.5915,1.59158,72700000,1
1289194800000,1289194859000,1.59158,1.59209,1.59158,1.59209,56800000,1
1289194860000,1289194919000,1.59208,1.5922,1.59194,1.5921,69300000,1
1289194920000,1289194979000,1.5921,1.5921,1.59142,1.59145,68100000,1
1289194980000,1289195039000,1.59145,1.5915,1.59115,1.59143,82700000,1
1289195040000,1289195099000,1.59136,1.59137,1.59105,1.59109,81400000,1
1289195100000,1289195159000,1.59107,1.59139,1.59097,1.59099,99400000,1
1289195160000,1289195219000,1.59105,1.59142,1.59105,1.59141,95100000,1
1289195220000,1289195279000,1.59141,1.59197,1.59132,1.59172,136700000,1
1289195280000,1289195339000,1.59196,1.59204,1.59156,1.59156,132000000,1
1289195340000,1289195399000,1.59156,1.59185,1.59147,1.59161,99600000,1
1289195400000,1289195459000,1.59162,1.59183,1.59162,1.59176,47900000,1
1289195460000,1289195519000,1.59176,1.59197,1.59165,1.59196,66500000,1
1289195520000,1289195579000,1.59196,1.59218,1.59193,1.59213,76300000,1
1289195580000,1289195639000,1.59213,1.59218,1.59212,1.59216,33200000,1
1289195640000,1289195699000,1.59216,1.59216,1.59158,1.59163,47100000,1
1289195700000,1289195759000,1.59159,1.5918,1.59136,1.59158,69200000,1
1289195760000,1289195819000,1.59155,1.59155,1.59104,1.59123,117900000,1
1289195820000,1289195879000,1.59119,1.59137,1.59095,1.59127,95000000,1
1289195880000,1289195939000,1.59123,1.59163,1.5912,1.59135,88000000,1
1289195940000,1289195999000,1.59135,1.59179,1.59098,1.59178,130200000,1
1289196000000,1289196059000,1.59174,1.59184,1.59147,1.59167,72000000,1
1289196060000,1289196119000,1.59163,1.59211,1.59127,1.59193,101700000,1
1289196120000,1289196179000,1.59194,1.59247,1.59194,1.59238,92400000,1
1289196180000,1289196239000,1.5923,1.59235,1.5922,1.59233,45400000,1
1289196240000,1289196299000,1.59235,1.59247,1.59228,1.59243,78700000,1
1289196300000,1289196359000,1.59243,1.59285,1.59239,1.59274,93500000,1
1289196360000,1289196419000,1.59274,1.59304,1.5927,1.59296,119100000,1
1289196420000,1289196479000,1.59289,1.59333,1.59282,1.59293,107500000,1
1289196480000,1289196539000,1.59292,1.59303,1.5927,1.59298,78700000,1
1289196540000,1289196599000,1.59303,1.59343,1.59287,1.59318,93900000,1
1289196600000,1289196659000,1.59318,1.5933,1.59265,1.59272,79500000,1
1289196660000,1289196719000,1.59273,1.59339,1.59273,1.59337,68100000,1
1289196720000,1289196779000,1.59337,1.59373,1.59298,1.59305,107800000,1
1289196780000,1289196839000,1.59313,1.59313,1.59302,1.59308,66300000,1
1289196840000,1289196899000,1.59308,1.59308,1.59267,1.5929,92100000,1
1289196900000,1289196959000,1.59292,1.59299,1.5926,1.5926,84200000,1
1289196960000,1289197019000,1.59257,1.59263,1.59249,1.59262,74200000,1
1289197020000,1289197079000,1.59265,1.59292,1.59265,1.59289,64900000,1
1289197080000,1289197139000,1.59288,1.59325,1.59287,1.59311,74600000,1
1289197140000,1289197199000,1.59313,1.59317,1.59311,1.59312,64600000,1
1289197200000,1289197259000,1.59312,1.59317,1.59267,1.59277,97800000,1
1289197260000,1289197319000,1.59277,1.59308,1.59271,1.59294,81300000,1
1289197320000,1289197379000,1.59292,1.59317,1.59291,1.59304,62800000,1
1289197380000,1289197439000,1.59299,1.5931,1.5928,1.59297,69400000,1
1289197440000,1289197499000,1.59299,1.59303,1.59287,1.59297,62500000,1
1289197500000,1289197559000,1.59297,1.59327,1.59297,1.59322,80300000,1
1289197560000,1289197619000,1.59317,1.59367,1.59311,1.59343,73200000,1
1289197620000,1289197679000,1.5934,1.59347,1.593,1.59307,96400000,1
1289197680000,1289197739000,1.59315,1.59326,1.59299,1.59304,106800000,1
1289197740000,1289197799000,1.59307,1.59355,1.59307,1.59337,110000000,1
1289197800000,1289197859000,1.59337,1.59368,1.59328,1.59329,88700000,1
1289197860000,1289197919000,1.59329,1.59343,1.59309,1.59333,87100000,1
1289197920000,1289197979000,1.59333,1.59393,1.59333,1.59393,76900000,1
1289197980000,1289198039000,1.59397,1.59446,1.59397,1.59426,67900000,1
1289198040000,1289198099000,1.59422,1.59453,1.59416,1.59453,72500000,1
1289198100000,1289198159000,1.59452,1.59471,1.59437,1.59443,54600000,1
1289198160000,1289198219000,1.59447,1.5947,1.59443,1.59469,71900000,1
1289198220000,1289198279000,1.59469,1.59487,1.59452,1.59463,75300000,1
1289198280000,1289198339000,1.59463,1.59497,1.59441,1.59481,85800000,1
1289198340000,1289198399000,1.59481,1.59533,1.5947,1.59533,87200000,1
1289198400000,1289198459000,1.5954,1.59558,1.59483,1.59511,159500000,1
1289198460000,1289198519000,1.59509,1.59532,1.59496,1.59526,138500000,1
1289198520000,1289198579000,1.59529,1.59541,1.59487,1.59508,141200000,1
1289198580000,1289198639000,1.59507,1.59523,1.59479,1.59481,121300000,1
1289198640000,1289198699000,1.59481,1.59522,1.5947,1.59512,90300000,1
1289198700000,1289198759000,1.59512,1.59515,1.59483,1.59495,94400000,1
1289198760000,1289198819000,1.59494,1.59514,1.5949,1.5949,70700000,1
1289198820000,1289198879000,1.59489,1.59508,1.59479,1.59485,103300000,1
1289198880000,1289198939000,1.59482,1.59518,1.59482,1.59515,101300000,1
1289198940000,1289198999000,1.59515,1.5952,1.59479,1.595,91900000,1
1289199000000,1289199059000,1.59484,1.59493,1.59469,1.59477,50400000,1
1289199060000,1289199119000,1.59477,1.59477,1.59411,1.59436,125400000,1
1289199120000,1289199179000,1.59438,1.59438,1.59389,1.59393,79500000,1
1289199180000,1289199239000,1.59395,1.59403,1.59353,1.59376,100500000,1
1289199240000,1289199299000,1.59374,1.594,1.59355,1.5936,86100000,1
1289199300000,1289199359000,1.5936,1.59414,1.59359,1.59392,82400000,1
1289199360000,1289199419000,1.59398,1.59417,1.59398,1.59403,56200000,1
1289199420000,1289199479000,1.59403,1.59411,1.594,1.59411,48400000,1
1289199480000,1289199539000,1.59411,1.59473,1.59402,1.59453,84600000,1
1289199540000,1289199599000,1.59452,1.59456,1.59383,1.59384,108700000,1
1289199600000,1289199659000,1.59402,1.59422,1.59328,1.59338,112800000,1
1289199660000,1289199719000,1.59344,1.59389,1.59318,1.59371,174000000,1
1289199720000,1289199779000,1.59366,1.5941,1.59352,1.59408,154100000,1
1289199780000,1289199839000,1.59409,1.59465,1.59393,1.59433,111500000,1
1289199840000,1289199899000,1.59427,1.59437,1.59358,1.59376,136300000,1
1289199900000,1289199959000,1.59378,1.59409,1.59377,1.59384,114800000,1
1289199960000,1289200019000,1.59389,1.59441,1.59368,1.59368,144900000,1
1289200020000,1289200079000,1.59367,1.59394,1.59333,1.59352,134500000,1
1289200080000,1289200139000,1.59349,1.5938,1.59334,1.59338,84600000,1
1289200140000,1289200199000,1.59341,1.59348,1.59331,1.59333,56200000,1
1289200200000,1289200259000,1.59342,1.59373,1.59317,1.5932,107700000,1
1289200260000,1289200319000,1.59341,1.59378,1.59332,1.5937,71100000,1
1289200320000,1289200379000,1.5937,1.59392,1.59344,1.59371,156200000,1
1289200380000,1289200439000,1.59393,1.59393,1.59319,1.59331,116400000,1
1289200440000,1289200499000,1.5933,1.5933,1.5927,1.59284,167600000,1
1289200500000,1289200559000,1.5928,1.59328,1.5928,1.59322,167300000,1
1289200560000,1289200619000,1.59322,1.5938,1.59322,1.5937,88000000,1
1289200620000,1289200679000,1.59382,1.5941,1.59353,1.59389,138000000,1
1289200680000,1289200739000,1.59401,1.59428,1.59393,1.5942,122100000,1
1289200740000,1289200799000,1.59424,1.59434,1.59389,1.59401,137600000,1
1289200800000,1289200859000,1.59406,1.59463,1.59395,1.59454,144800000,1
1289200860000,1289200919000,1.59454,1.59455,1.59422,1.59451,162700000,1
1289200920000,1289200979000,1.59442,1.59477,1.59434,1.59456,143900000,1
1289200980000,1289201039000,1.59458,1.5947,1.5943,1.59431,99300000,1
1289201040000,1289201099000,1.59431,1.59465,1.59428,1.59444,122900000,1
1289201100000,1289201159000,1.59444,1.5949,1.59444,1.59488,122100000,1
1289201160000,1289201219000,1.59487,1.5949,1.59448,1.59474,103200000,1
1289201220000,1289201279000,1.59474,1.59514,1.59464,1.59514,112500000,1
1289201280000,1289201339000,1.59502,1.59502,1.59439,1.59439,91200000,1
1289201340000,1289201399000,1.59438,1.5944,1.59397,1.59404,101300000,1
1289201400000,1289201459000,1.59404,1.59413,1.5938,1.5938,116800000,1
1289201460000,1289201519000,1.59394,1.59394,1.59358,1.59373,86900000,1
1289201520000,1289201579000,1.59373,1.59382,1.59342,1.59342,126600000,1
1289201580000,1289201639000,1.59344,1.59384,1.59328,1.59346,133700000,1
1289201640000,1289201699000,1.59331,1.59385,1.59329,1.59384,114600000,1
1289201700000,1289201759000,1.59381,1.59405,1.59369,1.59398,123100000,1
1289201760000,1289201819000,1.59397,1.5941,1.59372,1.594,118900000,1
1289201820000,1289201879000,1.594,1.59462,1.5938,1.59443,117100000,1
1289201880000,1289201939000,1.59432,1.59437,1.59394,1.59395,127700000,1
1289201940000,1289201999000,1.59414,1.59414,1.59361,1.59369,172200000,1
1289202000000,1289202059000,1.59352,1.59386,1.59318,1.59386,146000000,1
1289202060000,1289202119000,1.59381,1.59427,1.59365,1.59392,128200000,1
1289202120000,1289202179000,1.59389,1.59441,1.59374,1.59432,95600000,1
1289202180000,1289202239000,1.59418,1.59427,1.59391,1.59407,106800000,1
1289202240000,1289202299000,1.59398,1.59405,1.59383,1.59402,106700000,1
1289202300000,1289202359000,1.59402,1.59445,1.59402,1.59431,112200000,1
1289202360000,1289202419000,1.59431,1.59439,1.59394,1.59394,136100000,1
1289202420000,1289202479000,1.59394,1.59403,1.59377,1.59381,91200000,1
1289202480000,1289202539000,1.59381,1.59387,1.59358,1.59387,87600000,1
1289202540000,1289202599000,1.59377,1.59377,1.59333,1.59333,90800000,1
1289202600000,1289202659000,1.59341,1.59363,1.59337,1.59356,91200000,1
1289202660000,1289202719000,1.59356,1.59386,1.59336,1.59348,110100000,1
1289202720000,1289202779000,1.59348,1.59363,1.59272,1.5928,116300000,1
1289202780000,1289202839000,1.5928,1.59325,1.59258,1.5926,126500000,1
1289202840000,1289202899000,1.59248,1.59266,1.59227,1.59254,85200000,1
1289202900000,1289202959000,1.59256,1.59282,1.59245,1.59261,76500000,1
1289202960000,1289203019000,1.59259,1.59296,1.59249,1.5925,79600000,1
1289203020000,1289203079000,1.59251,1.59256,1.5919,1.59194,75700000,1
1289203080000,1289203139000,1.59194,1.59222,1.59194,1.59212,108300000,1
1289203140000,1289203199000,1.59212,1.59217,1.59194,1.59194,89700000,1
1289203200000,1289203259000,1.59194,1.594,1.59194,1.594,117400000,1
1289203260000,1289203319000,1.59414,1.59459,1.59383,1.59458,138600000,1
1289203320000,1289203379000,1.59453,1.59478,1.59414,1.59424,113400000,1
1289203380000,1289203439000,1.59422,1.59464,1.59422,1.59436,122400000,1
1289203440000,1289203499000,1.59436,1.59477,1.59436,1.59454,94200000,1
1289203500000,1289203559000,1.59453,1.59469,1.59442,1.59469,101300000,1
1289203560000,1289203619000,1.59462,1.59533,1.59434,1.59499,120700000,1
1289203620000,1289203679000,1.595,1.59507,1.59475,1.59504,116000000,1
1289203680000,1289203739000,1.59496,1.59497,1.59433,1.59438,112400000,1
1289203740000,1289203799000,1.59438,1.59481,1.59429,1.59442,139800000,1
1289203800000,1289203859000,1.59429,1.59455,1.59418,1.59437,117600000,1
1289203860000,1289203919000,1.59441,1.5945,1.59421,1.59421,101000000,1
1289203920000,1289203979000,1.59423,1.59445,1.59422,1.59427,111100000,1
1289203980000,1289204039000,1.5943,1.59462,1.59421,1.59459,135500000,1
1289204040000,1289204099000,1.59459,1.59515,1.59456,1.59492,112100000,1
1289204100000,1289204159000,1.59485,1.595,1.59434,1.59434,101600000,1
1289204160000,1289204219000,1.59432,1.59477,1.59432,1.59449,114800000,1
1289204220000,1289204279000,1.59444,1.59503,1.59444,1.59466,87500000,1
1289204280000,1289204339000,1.59462,1.59508,1.59462,1.59491,103300000,1
1289204340000,1289204399000,1.59481,1.59506,1.59444,1.5946,126700000,1
1289204400000,1289204459000,1.5946,1.59495,1.59447,1.59454,118000000,1
1289204460000,1289204519000,1.59453,1.59474,1.59426,1.59463,144800000,1
1289204520000,1289204579000,1.59458,1.59517,1.59455,1.5951,110600000,1
1289204580000,1289204639000,1.59506,1.59506,1.59471,1.59493,167400000,1
1289204640000,1289204699000,1.59493,1.59517,1.59493,1.59509,84400000,1
1289204700000,1289204759000,1.59509,1.59515,1.59488,1.59491,81200000,1
1289204760000,1289204819000,1.59501,1.59518,1.59487,1.59492,167000000,1
1289204820000,1289204879000,1.59491,1.59508,1.59451,1.59451,115800000,1
1289204880000,1289204939000,1.59451,1.59495,1.59451,1.59486,119500000,1
1289204940000,1289204999000,1.59482,1.59498,1.59475,1.59486,113600000,1
1289205000000,1289205059000,1.59478,1.59478,1.59449,1.59461,107300000,1
1289205060000,1289205119000,1.59452,1.59502,1.59447,1.59476,103800000,1
1289205120000,1289205179000,1.59468,1.59495,1.59457,1.59488,104000000,1
1289205180000,1289205239000,1.59481,1.59495,1.59462,1.59485,112500000,1
1289205240000,1289205299000,1.59485,1.59485,1.5946,1.59482,115000000,1
1289205300000,1289205359000,1.5948,1.59482,1.59426,1.59445,112900000,1
1289205360000,1289205419000,1.59445,1.59455,1.59426,1.5944,84900000,1
1289205420000,1289205479000,1.59438,1.59461,1.59422,1.59451,101700000,1
1289205480000,1289205539000,1.59446,1.5946,1.59407,1.59435,124100000,1
1289205540000,1289205599000,1.59437,1.5947,1.59435,1.59462,90000000,1
1289205600000,1289205659000,1.59459,1.59479,1.59425,1.59479,103500000,1
1289205660000,1289205719000,1.59477,1.59487,1.59451,1.59455,75000000,1
1289205720000,1289205779000,1.59456,1.59495,1.59454,1.59495,106100000,1
1289205780000,1289205839000,1.59494,1.59503,1.59481,1.59488,86200000,1
1289205840000,1289205899000,1.59491,1.59493,1.59481,1.59487,73300000,1
1289205900000,1289205959000,1.59487,1.59507,1.5948,1.5948,98300000,1
1289205960000,1289206019000,1.59473,1.59484,1.59417,1.59424,110900000,1
1289206020000,1289206079000,1.59427,1.59434,1.59416,1.59433,113300000,1
1289206080000,1289206139000,1.59424,1.59435,1.59413,1.59424,83600000,1
1289206140000,1289206199000,1.59427,1.59447,1.59424,1.59437,106300000,1
1289206200000,1289206259000,1.59442,1.59468,1.59438,1.59455,100600000,1
1289206260000,1289206319000,1.59458,1.59495,1.59449,1.59483,80800000,1
1289206320000,1289206379000,1.59484,1.59507,1.5948,1.59507,91000000,1
1289206380000,1289206439000,1.59504,1.59507,1.59445,1.59456,100000000,1
1289206440000,1289206499000,1.59454,1.59454,1.59425,1.59425,101600000,1
1289206500000,1289206559000,1.59427,1.59484,1.59427,1.59455,111000000,1
1289206560000,1289206619000,1.59474,1.59489,1.59452,1.59478,91900000,1
1289206620000,1289206679000,1.59479,1.59495,1.59469,1.59469,93200000,1
1289206680000,1289206739000,1.59473,1.59549,1.59455,1.59549,131100000,1
1289206740000,1289206799000,1.59549,1.59607,1.59525,1.5959,129200000,1
1289206800000,1289206859000,1.59589,1.59596,1.59527,1.59542,126400000,1
1289206860000,1289206919000,1.59544,1.59548,1.59507,1.59518,118100000,1
1289206920000,1289206979000,1.59517,1.59529,1.59477,1.59514,140100000,1
1289206980000,1289207039000,1.59514,1.59532,1.59478,1.59503,98500000,1
1289207040000,1289207099000,1.59512,1.59616,1.59508,1.59578,127200000,1
1289207100000,1289207159000,1.59579,1.59665,1.59579,1.59649,119500000,1
1289207160000,1289207219000,1.59647,1.59698,1.59636,1.5967,159000000,1
1289207220000,1289207279000,1.5967,1.59691,1.59647,1.59691,112500000,1
1289207280000,1289207339000,1.59691,1.5974,1.59684,1.59715,107200000,1
1289207340000,1289207399000,1.59713,1.59738,1.59681,1.59681,139900000,1
1289207400000,1289207459000,1.59682,1.59713,1.59672,1.59696,108400000,1
1289207460000,1289207519000,1.59696,1.59711,1.59663,1.59673,108400000,1
1289207520000,1289207579000,1.59678,1.59732,1.59658,1.59732,119900000,1
1289207580000,1289207639000,1.59725,1.59729,1.59685,1.59706,127300000,1
1289207640000,1289207699000,1.59706,1.59728,1.59658,1.5967,131800000,1
1289207700000,1289207759000,1.59678,1.59687,1.59593,1.59598,153000000,1
1289207760000,1289207819000,1.59605,1.59622,1.5955,1.59569,154100000,1
1289207820000,1289207879000,1.59568,1.59592,1.59545,1.59567,161500000,1
1289207880000,1289207939000,1.59559,1.59607,1.59531,1.59607,110200000,1
1289207940000,1289207999000,1.59598,1.59625,1.59503,1.59523,150200000,1
1289208000000,1289208059000,1.59517,1.59607,1.59513,1.59607,115400000,1
1289208060000,1289208119000,1.59607,1.59639,1.59599,1.59609,128100000,1
1289208120000,1289208179000,1.59621,1.59691,1.596,1.59603,138400000,1
1289208180000,1289208239000,1.59602,1.59602,1.59524,1.59526,123900000,1
1289208240000,1289208299000,1.59529,1.59548,1.59487,1.59524,182100000,1
1289208300000,1289208359000,1.59518,1.59574,1.59518,1.59538,101200000,1
1289208360000,1289208419000,1.5954,1.5954,1.59489,1.59489,88700000,1
1289208420000,1289208479000,1.5949,1.59494,1.59444,1.59488,99800000,1
1289208480000,1289208539000,1.59488,1.59502,1.59473,1.59488,122000000,1
1289208540000,1289208599000,1.59484,1.59494,1.59443,1.59444,116300000,1
1289208600000,1289208659000,1.59443,1.5949,1.59442,1.59486,145200000,1
1289208660000,1289208719000,1.5949,1.59527,1.59489,1.59519,152600000,1
1289208720000,1289208779000,1.59514,1.59562,1.59514,1.5956,91700000,1
1289208780000,1289208839000,1.59562,1.5961,1.5953,1.59609,132700000,1
1289208840000,1289208899000,1.59595,1.59639,1.59583,1.59628,148100000,1
1289208900000,1289208959000,1.59641,1.59646,1.59604,1.59604,77500000,1
1289208960000,1289209019000,1.59608,1.59641,1.59604,1.59618,93400000,1
1289209020000,1289209079000,1.59623,1.59623,1.59586,1.59592,87100000,1
1289209080000,1289209139000,1.59596,1.59657,1.59588,1.59628,129800000,1
1289209140000,1289209199000,1.59628,1.59632,1.59603,1.59623,79800000,1
1289209200000,1289209259000,1.59622,1.5963,1.59611,1.59617,72300000,1
1289209260000,1289209319000,1.59608,1.59623,1.59597,1.59597,109100000,1
1289209320000,1289209379000,1.5959,1.59604,1.59584,1.59595,103400000,1
1289209380000,1289209439000,1.59595,1.59625,1.59585,1.59625,85600000,1
1289209440000,1289209499000,1.5964,1.59662,1.59612,1.59662,150100000,1
1289209500000,1289209559000,1.59663,1.59683,1.59638,1.59654,108900000,1
1289209560000,1289209619000,1.59649,1.59675,1.59633,1.59652,157500000,1
1289209620000,1289209679000,1.59656,1.59661,1.59584,1.59587,93900000,1
1289209680000,1289209739000,1.59588,1.5959,1.59508,1.59508,122000000,1
1289209740000,1289209799000,1.59506,1.59506,1.59461,1.59462,98700000,1
1289209800000,1289209859000,1.59483,1.5949,1.59449,1.59468,109500000,1
1289209860000,1289209919000,1.59464,1.59473,1.59444,1.5946,92900000,1
1289209920000,1289209979000,1.59452,1.5947,1.59432,1.59461,118900000,1
1289209980000,1289210039000,1.59461,1.59461,1.59439,1.59446,92400000,1
1289210040000,1289210099000,1.59448,1.59473,1.59436,1.59438,154300000,1
1289210100000,1289210159000,1.59438,1.59471,1.59437,1.59468,132700000,1
1289210160000,1289210219000,1.59468,1.59472,1.59445,1.59445,88300000,1
1289210220000,1289210279000,1.59448,1.5947,1.59434,1.59451,91100000,1
1289210280000,1289210339000,1.59447,1.59478,1.59432,1.59447,106700000,1
1289210340000,1289210399000,1.59444,1.59444,1.59384,1.59392,134600000,1
1289210400000,1289210459000,1.59405,1.59438,1.59377,1.59438,125900000,1
1289210460000,1289210519000,1.59438,1.59464,1.59422,1.59429,87600000,1
1289210520000,1289210579000,1.59436,1.59444,1.59417,1.59419,94300000,1
1289210580000,1289210639000,1.59419,1.59435,1.59383,1.59409,97100000,1
1289210640000,1289210699000,1.59404,1.59418,1.59385,1.59403,102000000,1
1289210700000,1289210759000,1.59409,1.5946,1.59397,1.59435,112300000,1
1289210760000,1289210819000,1.59439,1.59501,1.59427,1.59428,127600000,1
1289210820000,1289210879000,1.59412,1.59442,1.59411,1.59442,103200000,1
1289210880000,1289210939000,1.59443,1.59477,1.59439,1.5947,100400000,1
1289210940000,1289210999000,1.59474,1.595,1.59467,1.59474,114600000,1
1289211000000,1289211059000,1.59471,1.59484,1.59466,1.59468,93200000,1
1289211060000,1289211119000,1.59468,1.59477,1.59429,1.5944,95100000,1
1289211120000,1289211179000,1.59442,1.59488,1.59426,1.59455,127600000,1
1289211180000,1289211239000,1.5945,1.59499,1.59449,1.59478,106600000,1
1289211240000,1289211299000,1.59476,1.59489,1.5946,1.59476,104500000,1
1289211300000,1289211359000,1.59474,1.59487,1.59458,1.59462,84300000,1
1289211360000,1289211419000,1.59458,1.59493,1.59452,1.59465,99600000,1
1289211420000,1289211479000,1.59465,1.59474,1.59449,1.59474,95700000,1
1289211480000,1289211539000,1.59464,1.59498,1.59451,1.59452,115600000,1
1289211540000,1289211599000,1.59451,1.59465,1.59442,1.59465,93500000,1
1289211600000,1289211659000,1.59466,1.59514,1.59466,1.59514,52200000,1
1289211660000,1289211719000,1.59516,1.5958,1.59502,1.5958,114300000,1
1289211720000,1289211779000,1.59573,1.59641,1.59549,1.59641,112200000,1
1289211780000,1289211839000,1.5965,1.59668,1.59633,1.59644,106200000,1
1289211840000,1289211899000,1.59644,1.59667,1.59625,1.59625,114500000,1
1289211900000,1289211959000,1.59636,1.59703,1.59631,1.59645,125400000,1
1289211960000,1289212019000,1.59645,1.5966,1.59626,1.59631,145600000,1
1289212020000,1289212079000,1.59637,1.5967,1.59635,1.59657,119400000,1
1289212080000,1289212139000,1.59659,1.59673,1.59638,1.59666,86500000,1
1289212140000,1289212199000,1.59683,1.59683,1.59641,1.59648,110900000,1
1289212200000,1289212259000,1.59649,1.59725,1.59649,1.59725,92100000,1
1289212260000,1289212319000,1.59726,1.59752,1.59639,1.59639,139700000,1
1289212320000,1289212379000,1.59639,1.59655,1.59563,1.59565,144700000,1
1289212380000,1289212439000,1.59563,1.59569,1.59529,1.59548,92200000,1
1289212440000,1289212499000,1.59548,1.59609,1.59513,1.59604,152800000,1
1289212500000,1289212559000,1.59618,1.59665,1.59616,1.59653,121900000,1
1289212560000,1289212619000,1.59657,1.59664,1.59611,1.59626,112100000,1
1289212620000,1289212679000,1.59627,1.59636,1.59567,1.59577,106600000,1
1289212680000,1289212739000,1.5958,1.59606,1.5957,1.59583,126300000,1
1289212740000,1289212799000,1.59583,1.59596,1.59571,1.59579,78100000,1
1289212800000,1289212859000,1.59579,1.59584,1.5949,1.59505,104800000,1
1289212860000,1289212919000,1.59503,1.59534,1.59501,1.59534,91800000,1
1289212920000,1289212979000,1.59534,1.59549,1.59514,1.59519,92500000,1
1289212980000,1289213039000,1.59518,1.59524,1.59486,1.59498,87100000,1
1289213040000,1289213099000,1.59499,1.59524,1.59498,1.59503,75100000,1
1289213100000,1289213159000,1.59505,1.5951,1.59453,1.59476,99000000,1
1289213160000,1289213219000,1.5947,1.59489,1.59451,1.5947,117500000,1
1289213220000,1289213279000,1.59468,1.59508,1.59452,1.59488,101300000,1
1289213280000,1289213339000,1.59497,1.59519,1.59493,1.59508,142500000,1
1289213340000,1289213399000,1.59508,1.59537,1.59485,1.59536,76000000,1
1289213400000,1289213459000,1.59536,1.59536,1.59503,1.59534,97200000,1
1289213460000,1289213519000,1.59534,1.59619,1.59528,1.59603,108100000,1
1289213520000,1289213579000,1.59603,1.59611,1.59592,1.59602,94000000,1
1289213580000,1289213639000,1.59605,1.59641,1.59601,1.59618,116200000,1
1289213640000,1289213699000,1.59619,1.59645,1.59597,1.59624,124300000,1
1289213700000,1289213759000,1.59632,1.59665,1.59627,1.59627,129200000,1
1289213760000,1289213819000,1.59627,1.59636,1.5959,1.59594,151700000,1
1289213820000,1289213879000,1.59594,1.59692,1.5959,1.5965,159000000,1
1289213880000,1289213939000,1.59653,1.5967,1.59588,1.596,153800000,1
1289213940000,1289213999000,1.59607,1.59641,1.59607,1.59636,140300000,1
1289214000000,1289214059000,1.59642,1.59842,1.59631,1.59733,210600000,1
1289214060000,1289214119000,1.59731,1.59747,1.59647,1.59685,145700000,1
1289214120000,1289214179000,1.59682,1.59756,1.5967,1.59731,115000000,1
1289214180000,1289214239000,1.59734,1.59734,1.59689,1.59691,100200000,1
1289214240000,1289214299000,1.59686,1.59686,1.5951,1.59522,162500000,1
1289214300000,1289214359000,1.59521,1.59598,1.59521,1.59598,135900000,1
1289214360000,1289214419000,1.59584,1.59604,1.59554,1.59602,142300000,1
1289214420000,1289214479000,1.59593,1.5963,1.59583,1.59606,158700000,1
1289214480000,1289214539000,1.5961,1.59647,1.59602,1.59647,126700000,1
1289214540000,1289214599000,1.59647,1.59693,1.59645,1.59667,100800000,1
1289214600000,1289214659000,1.59668,1.59692,1.59634,1.59634,88400000,1
1289214660000,1289214719000,1.59634,1.59639,1.5961,1.59623,79800000,1
1289214720000,1289214779000,1.59617,1.59686,1.59612,1.59686,89300000,1
1289214780000,1289214839000,1.59686,1.59744,1.59655,1.59716,133100000,1
1289214840000,1289214899000,1.59727,1.5975,1.59698,1.59719,108000000,1
1289214900000,1289214959000,1.59713,1.59734,1.59706,1.59733,105900000,1
1289214960000,1289215019000,1.59737,1.59737,1.59677,1.59703,124500000,1
1289215020000,1289215079000,1.59695,1.59767,1.59695,1.59713,103800000,1
1289215080000,1289215139000,1.59716,1.59737,1.59678,1.5972,108600000,1
1289215140000,1289215199000,1.59721,1.59721,1.59637,1.59642,115700000,1
1289215200000,1289215259000,1.59633,1.59659,1.5962,1.59638,107900000,1
1289215260000,1289215319000,1.59645,1.59666,1.59535,1.59535,110000000,1
1289215320000,1289215379000,1.5954,1.59556,1.59499,1.59542,141800000,1
1289215380000,1289215439000,1.5955,1.59553,1.59492,1.59552,134600000,1
1289215440000,1289215499000,1.59551,1.59551,1.59401,1.59409,161400000,1
1289215500000,1289215559000,1.59401,1.59422,1.59379,1.59405,100300000,1
1289215560000,1289215619000,1.59402,1.59477,1.59396,1.5945,86700000,1
1289215620000,1289215679000,1.5945,1.5953,1.5945,1.59489,83800000,1
1289215680000,1289215739000,1.59487,1.59545,1.5947,1.59511,70300000,1
1289215740000,1289215799000,1.59502,1.59552,1.59499,1.59535,76800000,1
1289215800000,1289215859000,1.59535,1.59535,1.59504,1.59507,63200000,1
1289215860000,1289215919000,1.59506,1.59524,1.59496,1.59507,74300000,1
1289215920000,1289215979000,1.59507,1.5952,1.59501,1.5951,60200000,1
1289215980000,1289216039000,1.5951,1.59589,1.5951,1.59589,105900000,1
1289216040000,1289216099000,1.59588,1.59661,1.59588,1.59649,101100000,1
1289216100000,1289216159000,1.59649,1.59663,1.59633,1.59644,76700000,1
1289216160000,1289216219000,1.59644,1.59673,1.59621,1.59673,113800000,1
1289216220000,1289216279000,1.59673,1.59677,1.59648,1.59648,84800000,1
1289216280000,1289216339000,1.59646,1.59673,1.59646,1.59666,79300000,1
1289216340000,1289216399000,1.59667,1.59695,1.59667,1.59682,75100000,1
1289216400000,1289216459000,1.59689,1.59689,1.59642,1.59642,93300000,1
1289216460000,1289216519000,1.59642,1.59647,1.59602,1.59602,97400000,1
1289216520000,1289216579000,1.59602,1.59618,1.59602,1.59611,61900000,1
1289216580000,1289216639000,1.59616,1.59635,1.59593,1.59629,96100000,1
1289216640000,1289216699000,1.59629,1.59658,1.59608,1.59634,82900000,1
1289216700000,1289216759000,1.59625,1.59666,1.59624,1.59649,97800000,1
1289216760000,1289216819000,1.59672,1.59699,1.59662,1.59677,105600000,1
1289216820000,1289216879000,1.59677,1.59715,1.59671,1.59688,95600000,1
1289216880000,1289216939000,1.59688,1.59691,1.59636,1.59683,97200000,1
1289216940000,1289216999000,1.5969,1.59691,1.59622,1.5964,108800000,1
1289217000000,1289217059000,1.59644,1.5968,1.59638,1.59642,105700000,1
1289217060000,1289217119000,1.59645,1.59653,1.59622,1.59628,95800000,1
1289217120000,1289217179000,1.59628,1.59628,1.59598,1.59599,90100000,1
1289217180000,1289217239000,1.59599,1.59619,1.59589,1.59611,99500000,1
1289217240000,1289217299000,1.59611,1.59619,1.59574,1.59598,116200000,1
1289217300000,1289217359000,1.59593,1.59615,1.59582,1.59604,95800000,1
1289217360000,1289217419000,1.59604,1.59629,1.596,1.596,87600000,1
1289217420000,1289217479000,1.59595,1.59625,1.59595,1.59616,93200000,1
1289217480000,1289217539000,1.59616,1.5967,1.59606,1.59662,112600000,1
1289217540000,1289217599000,1.59668,1.59691,1.59653,1.59667,130900000,1
1289217600000,1289217659000,1.59667,1.59735,1.59667,1.59735,120300000,1
1289217660000,1289217719000,1.59724,1.59758,1.59718,1.59726,101100000,1
1289217720000,1289217779000,1.59731,1.59767,1.59706,1.59725,106500000,1
1289217780000,1289217839000,1.59725,1.59732,1.59685,1.59691,87400000,1
1289217840000,1289217899000,1.59693,1.59711,1.59655,1.59661,89200000,1
1289217900000,1289217959000,1.59659,1.59694,1.59642,1.59677,100400000,1
1289217960000,1289218019000,1.59687,1.59694,1.59676,1.59681,71600000,1
1289218020000,1289218079000,1.59681,1.59702,1.59681,1.59682,88900000,1
1289218080000,1289218139000,1.59682,1.59693,1.59662,1.59687,74900000,1
1289218140000,1289218199000,1.59676,1.59688,1.59653,1.59668,117800000,1
1289218200000,1289218259000,1.59669,1.59684,1.59632,1.59637,106500000,1
1289218260000,1289218319000,1.5964,1.59648,1.59629,1.59643,97300000,1
1289218320000,1289218379000,1.59644,1.59644,1.59599,1.59612,73200000,1
1289218380000,1289218439000,1.59613,1.59613,1.59557,1.59557,111000000,1
1289218440000,1289218499000,1.5956,1.59566,1.59546,1.59566,123500000,1
1289218500000,1289218559000,1.59565,1.59581,1.59528,1.59543,102800000,1
1289218560000,1289218619000,1.59542,1.59547,1.59502,1.59508,113300000,1
1289218620000,1289218679000,1.59508,1.59526,1.59503,1.59517,94500000,1
1289218680000,1289218739000,1.59519,1.59538,1.59514,1.59531,128200000,1
1289218740000,1289218799000,1.59533,1.59533,1.59484,1.59486,104500000,1
1289218800000,1289218859000,1.59484,1.59504,1.59482,1.595,79800000,1
1289218860000,1289218919000,1.595,1.59514,1.59481,1.59481,77900000,1
1289218920000,1289218979000,1.59482,1.59506,1.5948,1.5949,86500000,1
1289218980000,1289219039000,1.59495,1.59495,1.59467,1.59483,71100000,1
1289219040000,1289219099000,1.59483,1.59508,1.59476,1.59494,65600000,1
1289219100000,1289219159000,1.59491,1.5952,1.59472,1.59495,108700000,1
1289219160000,1289219219000,1.59503,1.59535,1.59478,1.59526,88700000,1
1289219220000,1289219279000,1.59526,1.59531,1.595,1.59527,72300000,1
1289219280000,1289219339000,1.59527,1.59539,1.59503,1.5953,105400000,1
1289219340000,1289219399000,1.5953,1.59583,1.59518,1.59562,99000000,1
1289219400000,1289219459000,1.59559,1.59612,1.59546,1.59603,94100000,1
1289219460000,1289219519000,1.5961,1.59659,1.59588,1.59627,138300000,1
1289219520000,1289219579000,1.59617,1.59637,1.59611,1.59637,123500000,1
1289219580000,1289219639000,1.59637,1.59656,1.59633,1.59644,85000000,1
1289219640000,1289219699000,1.59644,1.5968,1.59626,1.59666,90700000,1
1289219700000,1289219759000,1.59665,1.59678,1.59626,1.59626,85200000,1
1289219760000,1289219819000,1.59629,1.59656,1.59625,1.59631,72900000,1
1289219820000,1289219879000,1.59631,1.59691,1.59627,1.59682,125500000,1
1289219880000,1289219939000,1.59682,1.59708,1.5967,1.59678,111300000,1
1289219940000,1289219999000,1.59678,1.59719,1.59652,1.59667,100300000,1
1289220000000,1289220059000,1.59672,1.5968,1.59639,1.59658,74200000,1
1289220060000,1289220119000,1.59657,1.59689,1.59654,1.59658,67900000,1
1289220120000,1289220179000,1.59645,1.59679,1.59644,1.59679,89700000,1
1289220180000,1289220239000,1.59679,1.59679,1.59623,1.59634,88400000,1
1289220240000,1289220299000,1.59634,1.59677,1.59629,1.59677,107900000,1
1289220300000,1289220359000,1.59677,1.59778,1.59653,1.59756,100400000,1
1289220360000,1289220419000,1.59771,1.59771,1.5971,1.59728,62500000,1
1289220420000,1289220479000,1.59726,1.59787,1.59724,1.59778,79700000,1
1289220480000,1289220539000,1.59764,1.59825,1.59731,1.59801,115000000,1
1289220540000,1289220599000,1.59801,1.59814,1.59782,1.59803,57400000,1
1289220600000,1289220659000,1.59803,1.59806,1.59763,1.59774,55000000,1
1289220660000,1289220719000,1.59764,1.59776,1.59746,1.59752,72400000,1
1289220720000,1289220779000,1.59748,1.59756,1.59727,1.59746,78900000,1
1289220780000,1289220839000,1.59749,1.59794,1.59737,1.59794,111500000,1
1289220840000,1289220899000,1.59794,1.59818,1.59788,1.59818,74900000,1
1289220900000,1289220959000,1.59813,1.5983,1.59781,1.59781,78600000,1
1289220960000,1289221019000,1.59781,1.59785,1.59746,1.59747,78100000,1
1289221020000,1289221079000,1.59747,1.59747,1.59703,1.59703,103200000,1
1289221080000,1289221139000,1.59703,1.59714,1.59658,1.59681,130500000,1
1289221140000,1289221199000,1.59686,1.59781,1.59686,1.59742,169100000,1
1289221200000,1289221259000,1.5976,1.59791,1.59747,1.59755,126500000,1
1289221260000,1289221319000,1.59755,1.59803,1.59735,1.59794,117400000,1
1289221320000,1289221379000,1.59794,1.59799,1.59787,1.59792,70500000,1
1289221380000,1289221439000,1.59795,1.59823,1.59758,1.59763,113500000,1
1289221440000,1289221499000,1.59763,1.59782,1.59755,1.59766,111200000,1
1289221500000,1289221559000,1.59766,1.59769,1.59732,1.59745,113400000,1
1289221560000,1289221619000,1.59737,1.59737,1.59642,1.59642,112600000,1
1289221620000,1289221679000,1.59642,1.59672,1.59642,1.59652,85000000,1
1289221680000,1289221739000,1.59646,1.59658,1.59626,1.59653,120600000,1
1289221740000,1289221799000,1.59647,1.59677,1.59634,1.59677,103200000,1
1289221800000,1289221859000,1.59682,1.59693,1.5966,1.59666,101400000,1
1289221860000,1289221919000,1.59666,1.59673,1.59665,1.59672,129800000,1
1289221920000,1289221979000,1.59672,1.5968,1.59658,1.59662,68700000,1
1289221980000,1289222039000,1.59648,1.59652,1.59616,1.59616,90300000,1
1289222040000,1289222099000,1.59612,1.59628,1.59597,1.59606,107600000,1
1289222100000,1289222159000,1.59612,1.59642,1.59603,1.59637,96800000,1
1289222160000,1289222219000,1.59637,1.59666,1.59625,1.59633,108500000,1
1289222220000,1289222279000,1.59633,1.59648,1.59611,1.59616,109500000,1
1289222280000,1289222339000,1.59618,1.59629,1.5961,1.59626,151600000,1
1289222340000,1289222399000,1.59626,1.59632,1.59618,1.59625,138600000,1
1289222400000,1289222459000,1.59614,1.59614,1.59559,1.59603,121000000,1
1289222460000,1289222519000,1.59603,1.59646,1.59599,1.59599,121300000,1
1289222520000,1289222579000,1.59616,1.59635,1.5961,1.59629,108600000,1
1289222580000,1289222639000,1.59632,1.59654,1.59614,1.59653,88100000,1
1289222640000,1289222699000,1.59653,1.59729,1.59643,1.59709,106300000,1
1289222700000,1289222759000,1.59709,1.59719,1.5969,1.59694,91800000,1
1289222760000,1289222819000,1.59694,1.59711,1.59688,1.59693,93800000,1
1289222820000,1289222879000,1.59693,1.59706,1.59693,1.59694,110100000,1
1289222880000,1289222939000,1.597,1.59708,1.59694,1.59695,136900000,1
1289222940000,1289222999000,1.59716,1.59768,1.59716,1.59755,125000000,1
1289223000000,1289223059000,1.59745,1.59836,1.59745,1.59806,123900000,1
1289223060000,1289223119000,1.59805,1.59843,1.59793,1.59829,109400000,1
1289223120000,1289223179000,1.59834,1.59873,1.59828,1.59828,82700000,1
1289223180000,1289223239000,1.59828,1.59897,1.59816,1.59893,122100000,1
1289223240000,1289223299000,1.59886,1.59886,1.59838,1.59838,120300000,1
1289223300000,1289223359000,1.59844,1.59888,1.59829,1.59886,90300000,1
1289223360000,1289223419000,1.59886,1.59901,1.59858,1.59858,88200000,1
1289223420000,1289223479000,1.59867,1.59898,1.59864,1.59873,109700000,1
1289223480000,1289223539000,1.59875,1.59898,1.59862,1.59898,96900000,1
1289223540000,1289223599000,1.59893,1.5993,1.59884,1.59886,144400000,1
1289223600000,1289223659000,1.59908,1.59941,1.59891,1.59932,117100000,1
1289223660000,1289223719000,1.59933,1.60049,1.59933,1.60021,131300000,1
1289223720000,1289223779000,1.60021,1.60035,1.59952,1.59959,148400000,1
1289223780000,1289223839000,1.59959,1.59959,1.59893,1.59901,196600000,1
1289223840000,1289223899000,1.59896,1.59945,1.59896,1.59943,157800000,1
1289223900000,1289223959000,1.59944,1.59955,1.59928,1.59942,122400000,1
1289223960000,1289224019000,1.59944,1.59955,1.59908,1.59944,113000000,1
1289224020000,1289224079000,1.59945,1.59948,1.5989,1.59912,116900000,1
1289224080000,1289224139000,1.59903,1.59915,1.59864,1.59893,109000000,1
1289224140000,1289224199000,1.59888,1.59922,1.59885,1.59897,134000000,1
1289224200000,1289224259000,1.59908,1.59919,1.59846,1.59856,88500000,1
1289224260000,1289224319000,1.5988,1.5988,1.59843,1.59851,89400000,1
1289224320000,1289224379000,1.59857,1.59877,1.5985,1.59868,104900000,1
1289224380000,1289224439000,1.59867,1.59878,1.5981,1.5983,103900000,1
1289224440000,1289224499000,1.5983,1.5984,1.59792,1.59822,116700000,1
1289224500000,1289224559000,1.59822,1.59857,1.59818,1.59837,100200000,1
1289224560000,1289224619000,1.59836,1.59852,1.59815,1.59834,106700000,1
1289224620000,1289224679000,1.59841,1.59855,1.59829,1.59852,107600000,1
1289224680000,1289224739000,1.59847,1.5989,1.59846,1.59886,99700000,1
1289224740000,1289224799000,1.5989,1.59902,1.59805,1.59806,138600000,1
1289224800000,1289224859000,1.59806,1.59855,1.59792,1.59833,88400000,1
1289224860000,1289224919000,1.59833,1.59874,1.59833,1.59874,86300000,1
1289224920000,1289224979000,1.59878,1.59879,1.59844,1.59865,92100000,1
1289224980000,1289225039000,1.59868,1.59902,1.59843,1.59877,106600000,1
1289225040000,1289225099000,1.59877,1.59918,1.59848,1.59898,112300000,1
1289225100000,1289225159000,1.59896,1.59902,1.5982,1.59821,140900000,1
1289225160000,1289225219000,1.59821,1.59892,1.59821,1.59888,96200000,1
1289225220000,1289225279000,1.59892,1.59932,1.59892,1.59924,102300000,1
1289225280000,1289225339000,1.59923,1.59962,1.59913,1.59957,103100000,1
1289225340000,1289225399000,1.59957,1.59957,1.59901,1.59914,180200000,1
1289225400000,1289225459000,1.599,1.59914,1.59882,1.59882,118800000,1
1289225460000,1289225519000,1.59886,1.59913,1.59852,1.59871,89100000,1
1289225520000,1289225579000,1.59881,1.59913,1.59868,1.59888,112500000,1
1289225580000,1289225639000,1.59888,1.59901,1.59876,1.59896,62600000,1
1289225640000,1289225699000,1.59888,1.59893,1.59866,1.59871,112100000,1
1289225700000,1289225759000,1.59874,1.59879,1.59845,1.5986,87300000,1
1289225760000,1289225819000,1.59868,1.59885,1.59846,1.59858,112800000,1
1289225820000,1289225879000,1.59858,1.5986,1.59838,1.59838,95100000,1
1289225880000,1289225939000,1.59838,1.59845,1.59809,1.59809,163800000,1
1289225940000,1289225999000,1.59809,1.5982,1.59773,1.59786,147200000,1
1289226000000,1289226059000,1.59788,1.59813,1.59778,1.59806,76900000,1
1289226060000,1289226119000,1.59808,1.59827,1.59787,1.59793,99700000,1
1289226120000,1289226179000,1.59794,1.59834,1.59781,1.59834,121600000,1
1289226180000,1289226239000,1.59833,1.59833,1.59814,1.59819,129600000,1
1289226240000,1289226299000,1.59828,1.59832,1.59812,1.59832,90800000,1
1289226300000,1289226359000,1.59826,1.59826,1.59799,1.59799,129600000,1
1289226360000,1289226419000,1.5979,1.59804,1.59771,1.59771,85000000,1
1289226420000,1289226479000,1.59778,1.59785,1.59752,1.59757,87900000,1
1289226480000,1289226539000,1.59759,1.59783,1.59735,1.59783,107300000,1
1289226540000,1289226599000,1.59772,1.59787,1.59707,1.59719,104000000,1
1289226600000,1289226659000,1.59712,1.59811,1.59706,1.59806,112200000,1
1289226660000,1289226719000,1.59802,1.59844,1.59802,1.59842,111400000,1
1289226720000,1289226779000,1.59841,1.59841,1.59772,1.59804,117500000,1
1289226780000,1289226839000,1.59804,1.59824,1.59797,1.5982,115000000,1
1289226840000,1289226899000,1.59817,1.59843,1.59805,1.59822,97100000,1
1289226900000,1289226959000,1.59822,1.59822,1.59755,1.59771,105200000,1
1289226960000,1289227019000,1.5976,1.59794,1.59755,1.59774,139900000,1
1289227020000,1289227079000,1.59764,1.59785,1.59734,1.5974,121200000,1
1289227080000,1289227139000,1.59746,1.59755,1.59706,1.59716,110000000,1
1289227140000,1289227199000,1.59726,1.5973,1.59698,1.59725,89100000,1
1289227200000,1289227259000,1.59725,1.59726,1.59671,1.59696,140100000,1
1289227260000,1289227319000,1.59697,1.59712,1.59676,1.59697,108400000,1
1289227320000,1289227379000,1.59714,1.59737,1.59695,1.59737,136400000,1
1289227380000,1289227439000,1.59737,1.59758,1.59707,1.59741,100500000,1
1289227440000,1289227499000,1.59741,1.59785,1.59719,1.59774,121800000,1
1289227500000,1289227559000,1.59774,1.59815,1.59763,1.59808,121000000,1
1289227560000,1289227619000,1.59808,1.59835,1.59759,1.59829,121200000,1
1289227620000,1289227679000,1.59829,1.5987,1.59785,1.5987,130900000,1
1289227680000,1289227739000,1.5987,1.5988,1.59832,1.59868,122300000,1
1289227740000,1289227799000,1.59876,1.59878,1.59843,1.59869,116400000,1
1289227800000,1289227859000,1.59875,1.59893,1.59846,1.59858,129300000,1
1289227860000,1289227919000,1.59856,1.59878,1.59833,1.59867,104700000,1
1289227920000,1289227979000,1.59862,1.59889,1.59861,1.59872,122300000,1
1289227980000,1289228039000,1.59875,1.59891,1.59815,1.59815,94300000,1
1289228040000,1289228099000,1.59813,1.59854,1.59806,1.59818,107300000,1
1289228100000,1289228159000,1.59817,1.59869,1.59813,1.59834,105900000,1
1289228160000,1289228219000,1.59833,1.59839,1.5976,1.59804,134300000,1
1289228220000,1289228279000,1.59802,1.59822,1.59769,1.59789,139700000,1
1289228280000,1289228339000,1.59784,1.59802,1.59757,1.59802,157100000,1
1289228340000,1289228399000,1.59801,1.59901,1.59793,1.59882,154100000,1
1289228400000,1289228459000,1.59894,1.59898,1.5983,1.59831,149900000,1
1289228460000,1289228519000,1.5984,1.59847,1.59815,1.59834,147300000,1
1289228520000,1289228579000,1.59832,1.59834,1.59739,1.59751,140300000,1
1289228580000,1289228639000,1.59756,1.59812,1.59739,1.59802,134400000,1
1289228640000,1289228699000,1.59802,1.59818,1.59759,1.59767,108500000,1
1289228700000,1289228759000,1.59756,1.59763,1.59689,1.59702,150000000,1
1289228760000,1289228819000,1.59697,1.59783,1.59697,1.59775,116400000,1
1289228820000,1289228879000,1.59773,1.59848,1.59762,1.59819,117200000,1
1289228880000,1289228939000,1.59827,1.59916,1.59818,1.59879,124500000,1
1289228940000,1289228999000,1.59885,1.59892,1.59844,1.59844,164800000,1
1289229000000,1289229059000,1.5985,1.59864,1.59818,1.59864,123000000,1
1289229060000,1289229119000,1.59869,1.59897,1.59855,1.5989,175900000,1
1289229120000,1289229179000,1.59879,1.59903,1.59872,1.59872,124500000,1
1289229180000,1289229239000,1.59868,1.5989,1.5985,1.59883,121900000,1
1289229240000,1289229299000,1.59887,1.59888,1.59851,1.59868,114700000,1
1289229300000,1289229359000,1.59868,1.5987,1.59808,1.59826,165400000,1
1289229360000,1289229419000,1.5983,1.59836,1.59748,1.59752,103100000,1
1289229420000,1289229479000,1.59751,1.59806,1.59748,1.59785,102200000,1
1289229480000,1289229539000,1.59792,1.59792,1.59728,1.59739,113600000,1
1289229540000,1289229599000,1.59736,1.59749,1.59727,1.59743,166900000,1
1289229600000,1289229659000,1.59735,1.59778,1.59728,1.59771,119300000,1
1289229660000,1289229719000,1.59772,1.59802,1.59764,1.59802,114100000,1
1289229720000,1289229779000,1.59811,1.59811,1.59782,1.59782,116000000,1
1289229780000,1289229839000,1.59782,1.59798,1.59737,1.59761,121400000,1
1289229840000,1289229899000,1.59757,1.59779,1.59739,1.59753,109200000,1
1289229900000,1289229959000,1.59756,1.59771,1.59725,1.59766,91600000,1
1289229960000,1289230019000,1.59759,1.59778,1.59741,1.59755,102200000,1
1289230020000,1289230079000,1.59755,1.59768,1.59738,1.59761,107000000,1
1289230080000,1289230139000,1.59761,1.59784,1.59714,1.5972,154400000,1
1289230140000,1289230199000,1.59732,1.59753,1.59683,1.59688,130200000,1
1289230200000,1289230259000,1.59686,1.59695,1.59649,1.59657,136300000,1
1289230260000,1289230319000,1.59661,1.59696,1.59656,1.59676,132600000,1
1289230320000,1289230379000,1.59678,1.59694,1.59618,1.59618,149100000,1
1289230380000,1289230439000,1.59611,1.5966,1.59587,1.59648,148200000,1
1289230440000,1289230499000,1.59645,1.59694,1.59641,1.59685,95300000,1
1289230500000,1289230559000,1.59678,1.5972,1.59678,1.5969,151700000,1
1289230560000,1289230619000,1.59693,1.59733,1.59686,1.59733,94200000,1
1289230620000,1289230679000,1.59734,1.59744,1.59719,1.59743,96600000,1
1289230680000,1289230739000,1.59718,1.59733,1.59718,1.59718,139600000,1
1289230740000,1289230799000,1.59724,1.59769,1.59718,1.59765,118300000,1
1289230800000,1289230859000,1.59762,1.59797,1.59727,1.59793,141100000,1
1289230860000,1289230919000,1.59793,1.59829,1.59783,1.59823,113100000,1
1289230920000,1289230979000,1.59823,1.59854,1.59822,1.59823,121200000,1
1289230980000,1289231039000,1.59816,1.59837,1.59797,1.59823,105200000,1
1289231040000,1289231099000,1.59823,1.5987,1.59797,1.59858,133600000,1
1289231100000,1289231159000,1.59855,1.59859,1.59823,1.59839,123800000,1
1289231160000,1289231219000,1.59831,1.59866,1.5982,1.59853,122600000,1
1289231220000,1289231279000,1.59853,1.59857,1.59763,1.59763,110800000,1
1289231280000,1289231339000,1.59767,1.59794,1.59758,1.59793,137300000,1
1289231340000,1289231399000,1.59787,1.59805,1.59769,1.59777,121100000,1
1289231400000,1289231459000,1.59785,1.59799,1.5974,1.59767,106800000,1
1289231460000,1289231519000,1.59773,1.59798,1.59754,1.59797,106000000,1
1289231520000,1289231579000,1.59798,1.5987,1.59788,1.59863,108000000,1
1289231580000,1289231639000,1.59864,1.59864,1.59823,1.59832,122500000,1
1289231640000,1289231699000,1.59824,1.59868,1.59822,1.59844,97200000,1
1289231700000,1289231759000,1.59847,1.59871,1.59847,1.59862,111400000,1
1289231760000,1289231819000,1.59866,1.5987,1.59825,1.59843,122000000,1
1289231820000,1289231879000,1.59843,1.59843,1.59813,1.59826,157300000,1
1289231880000,1289231939000,1.59827,1.59847,1.59815,1.59833,135400000,1
1289231940000,1289231999000,1.59832,1.59836,1.59753,1.59782,147100000,1
1289232000000,1289232059000,1.59782,1.5979,1.59739,1.59741,158000000,1
1289232060000,1289232119000,1.5975,1.59766,1.59709,1.59718,131600000,1
1289232120000,1289232179000,1.59732,1.59775,1.59716,1.59775,130600000,1
1289232180000,1289232239000,1.59779,1.59824,1.59754,1.59792,115200000,1
1289232240000,1289232299000,1.598,1.59835,1.59758,1.5977,135800000,1
1289232300000,1289232359000,1.5977,1.59822,1.59736,1.59822,109800000,1
1289232360000,1289232419000,1.59812,1.59821,1.59772,1.59784,109100000,1
1289232420000,1289232479000,1.59797,1.59851,1.59782,1.59799,106100000,1
1289232480000,1289232539000,1.59795,1.59819,1.59777,1.59781,93000000,1
1289232540000,1289232599000,1.59783,1.59792,1.59752,1.59752,114800000,1
1289232600000,1289232659000,1.5976,1.59799,1.59751,1.59779,97600000,1
1289232660000,1289232719000,1.59779,1.5978,1.59743,1.59745,113700000,1
1289232720000,1289232779000,1.59749,1.59754,1.59697,1.59706,117900000,1
1289232780000,1289232839000,1.59709,1.59754,1.59694,1.59749,119100000,1
1289232840000,1289232899000,1.59762,1.59762,1.59723,1.59744,110600000,1
1289232900000,1289232959000,1.59744,1.59744,1.59709,1.59721,99700000,1
1289232960000,1289233019000,1.59722,1.59725,1.59676,1.59706,85300000,1
1289233020000,1289233079000,1.59711,1.59712,1.59673,1.5968,90000000,1
1289233080000,1289233139000,1.59683,1.59683,1.59642,1.59648,103300000,1
1289233140000,1289233199000,1.59648,1.59682,1.59636,1.59676,111700000,1
1289233200000,1289233259000,1.59676,1.59708,1.59632,1.59664,129700000,1
1289233260000,1289233319000,1.59667,1.59692,1.59648,1.59672,120300000,1
1289233320000,1289233379000,1.59684,1.59763,1.59663,1.59753,123400000,1
1289233380000,1289233439000,1.59753,1.59795,1.59753,1.5976,88900000,1
1289233440000,1289233499000,1.59766,1.59772,1.59705,1.5973,121600000,1
1289233500000,1289233559000,1.5973,1.5973,1.59654,1.59654,187300000,1
1289233560000,1289233619000,1.59649,1.59683,1.59649,1.59674,127600000,1
1289233620000,1289233679000,1.59671,1.59692,1.59655,1.59676,120500000,1
1289233680000,1289233739000,1.59676,1.59693,1.59665,1.59685,82600000,1
1289233740000,1289233799000,1.5968,1.59691,1.59634,1.59655,121800000,1
1289233800000,1289233859000,1.59648,1.59674,1.59643,1.59674,122600000,1
1289233860000,1289233919000,1.59663,1.5968,1.59621,1.59621,96300000,1
1289233920000,1289233979000,1.59621,1.59632,1.59616,1.59621,84400000,1
1289233980000,1289234039000,1.5962,1.59655,1.59601,1.59605,104200000,1
1289234040000,1289234099000,1.59618,1.59636,1.59583,1.59636,127700000,1
1289234100000,1289234159000,1.59642,1.59665,1.59616,1.5963,113000000,1
1289234160000,1289234219000,1.59632,1.597,1.59621,1.59674,119800000,1
1289234220000,1289234279000,1.59674,1.59676,1.59647,1.59658,115500000,1
1289234280000,1289234339000,1.59656,1.59677,1.59649,1.59649,107400000,1
1289234340000,1289234399000,1.59654,1.59655,1.596,1.59612,139300000,1
1289234400000,1289234459000,1.59613,1.59615,1.59583,1.59593,99000000,1
1289234460000,1289234519000,1.59593,1.596,1.59554,1.59584,94100000,1
1289234520000,1289234579000,1.59585,1.59589,1.59557,1.59559,89300000,1
1289234580000,1289234639000,1.59559,1.59602,1.59558,1.59583,111900000,1
1289234640000,1289234699000,1.59576,1.59609,1.59573,1.59582,117700000,1
1289234700000,1289234759000,1.59588,1.59604,1.59584,1.59601,94900000,1
1289234760000,1289234819000,1.5961,1.59629,1.596,1.59622,75600000,1
1289234820000,1289234879000,1.59618,1.59619,1.59574,1.59574,82900000,1
1289234880000,1289234939000,1.5957,1.59577,1.59537,1.59542,116300000,1
1289234940000,1289234999000,1.59542,1.59567,1.59528,1.59547,121800000,1
1289235000000,1289235059000,1.59547,1.59554,1.59526,1.59528,102600000,1
1289235060000,1289235119000,1.59532,1.59539,1.59451,1.59453,120700000,1
1289235120000,1289235179000,1.59461,1.59461,1.59383,1.59426,117300000,1
1289235180000,1289235239000,1.59421,1.59421,1.59377,1.59387,96100000,1
1289235240000,1289235299000,1.59388,1.59411,1.59371,1.59393,99500000,1
1289235300000,1289235359000,1.59387,1.59451,1.5938,1.59416,143800000,1
1289235360000,1289235419000,1.59416,1.59426,1.59369,1.59372,98900000,1
1289235420000,1289235479000,1.59365,1.59365,1.59242,1.59302,183800000,1
1289235480000,1289235539000,1.59302,1.59342,1.59302,1.59342,168400000,1
1289235540000,1289235599000,1.59334,1.59368,1.59325,1.59354,110700000,1
1289235600000,1289235659000,1.59364,1.59371,1.59347,1.59361,137400000,1
1289235660000,1289235719000,1.59364,1.59379,1.5935,1.59361,114200000,1
1289235720000,1289235779000,1.59361,1.59364,1.59305,1.59306,161000000,1
1289235780000,1289235839000,1.59322,1.59384,1.59314,1.59349,131200000,1
1289235840000,1289235899000,1.59344,1.59364,1.59323,1.59364,143900000,1
1289235900000,1289235959000,1.59364,1.59364,1.59303,1.59328,109000000,1
1289235960000,1289236019000,1.59328,1.59367,1.59321,1.59339,128200000,1
1289236020000,1289236079000,1.59335,1.59353,1.59321,1.59336,82800000,1
1289236080000,1289236139000,1.59336,1.59357,1.59324,1.59324,96100000,1
1289236140000,1289236199000,1.59324,1.59352,1.59308,1.59322,101400000,1
1289236200000,1289236259000,1.59318,1.59322,1.59283,1.59284,174300000,1
1289236260000,1289236319000,1.59284,1.59304,1.59239,1.59242,113600000,1
1289236320000,1289236379000,1.59239,1.59263,1.59216,1.59236,102200000,1
1289236380000,1289236439000,1.59236,1.59261,1.5923,1.59243,87900000,1
1289236440000,1289236499000,1.59243,1.59276,1.5923,1.59257,124000000,1
1289236500000,1289236559000,1.59254,1.59291,1.59243,1.59265,108700000,1
1289236560000,1289236619000,1.59265,1.59307,1.59265,1.59291,102100000,1
1289236620000,1289236679000,1.59288,1.59314,1.59274,1.59297,88200000,1
1289236680000,1289236739000,1.59294,1.5931,1.59282,1.59287,91900000,1
1289236740000,1289236799000,1.59289,1.59293,1.59241,1.59241,132500000,1
1289236800000,1289236859000,1.59242,1.59277,1.59219,1.59277,112300000,1
1289236860000,1289236919000,1.59277,1.59314,1.59265,1.59293,80900000,1
1289236920000,1289236979000,1.59293,1.59302,1.59218,1.59255,93700000,1
1289236980000,1289237039000,1.59261,1.59266,1.59243,1.59259,87100000,1
1289237040000,1289237099000,1.59259,1.59273,1.59224,1.59237,107900000,1
1289237100000,1289237159000,1.59237,1.59246,1.59216,1.59226,103400000,1
1289237160000,1289237219000,1.59226,1.59238,1.59208,1.59222,80500000,1
1289237220000,1289237279000,1.59219,1.59229,1.59204,1.5922,127900000,1
1289237280000,1289237339000,1.59211,1.59217,1.59192,1.59208,82300000,1
1289237340000,1289237399000,1.59208,1.59216,1.59193,1.59208,86600000,1
1289237400000,1289237459000,1.59202,1.59249,1.59167,1.59214,103600000,1
1289237460000,1289237519000,1.59208,1.59278,1.59208,1.59278,88600000,1
1289237520000,1289237579000,1.59283,1.593,1.59259,1.59264,91800000,1
1289237580000,1289237639000,1.59264,1.59283,1.59235,1.59265,107800000,1
1289237640000,1289237699000,1.59264,1.59272,1.59229,1.59254,95100000,1
1289237700000,1289237759000,1.59245,1.59245,1.59216,1.59227,116600000,1
1289237760000,1289237819000,1.59227,1.59243,1.59199,1.59203,78700000,1
1289237820000,1289237879000,1.59214,1.59247,1.592,1.5923,113500000,1
1289237880000,1289237939000,1.59239,1.59302,1.59238,1.59289,73300000,1
1289237940000,1289237999000,1.59285,1.59285,1.59253,1.59268,90600000,1
1289238000000,1289238059000,1.59268,1.59284,1.59264,1.59269,85600000,1
1289238060000,1289238119000,1.59268,1.5928,1.59224,1.59231,99500000,1
1289238120000,1289238179000,1.5923,1.59242,1.5918,1.5918,130500000,1
1289238180000,1289238239000,1.59183,1.59209,1.59168,1.59204,132000000,1
1289238240000,1289238299000,1.59204,1.59226,1.59192,1.59226,103800000,1
1289238300000,1289238359000,1.59217,1.59261,1.59189,1.59206,107600000,1
1289238360000,1289238419000,1.59215,1.59266,1.59215,1.59237,104600000,1
1289238420000,1289238479000,1.59237,1.59271,1.59223,1.59255,127100000,1
1289238480000,1289238539000,1.59255,1.5927,1.59241,1.59245,121700000,1
1289238540000,1289238599000,1.59248,1.5929,1.59248,1.5929,66600000,1
1289238600000,1289238659000,1.5929,1.5932,1.5929,1.59301,95900000,1
1289238660000,1289238719000,1.593,1.59302,1.59262,1.59272,101900000,1
1289238720000,1289238779000,1.59264,1.59273,1.59235,1.59237,122200000,1
1289238780000,1289238839000,1.59246,1.59267,1.59234,1.59247,89800000,1
1289238840000,1289238899000,1.59252,1.59261,1.59221,1.59223,119000000,1
1289238900000,1289238959000,1.59222,1.59239,1.59215,1.59224,107400000,1
1289238960000,1289239019000,1.59216,1.59234,1.59211,1.59217,138900000,1
1289239020000,1289239079000,1.59212,1.59237,1.59191,1.59192,138900000,1
1289239080000,1289239139000,1.59192,1.59192,1.59135,1.59167,104800000,1
1289239140000,1289239199000,1.59163,1.59206,1.59142,1.59169,169500000,1
1289239200000,1289239259000,1.59166,1.59191,1.59163,1.59171,78300000,1
1289239260000,1289239319000,1.59171,1.59201,1.59163,1.59192,127900000,1
1289239320000,1289239379000,1.59173,1.59201,1.5917,1.59188,91300000,1
1289239380000,1289239439000,1.59185,1.59207,1.5916,1.59185,107500000,1
1289239440000,1289239499000,1.59185,1.5924,1.59162,1.59237,111000000,1
1289239500000,1289239559000,1.59237,1.59252,1.59228,1.59233,86900000,1
1289239560000,1289239619000,1.59235,1.59247,1.59196,1.59203,137100000,1
1289239620000,1289239679000,1.59202,1.59207,1.59187,1.59188,104400000,1
1289239680000,1289239739000,1.59188,1.59208,1.5918,1.59186,85800000,1
1289239740000,1289239799000,1.59193,1.59226,1.59193,1.59214,97000000,1
1289239800000,1289239859000,1.59217,1.59219,1.59193,1.59216,109600000,1
1289239860000,1289239919000,1.59216,1.59225,1.59212,1.59216,64900000,1
1289239920000,1289239979000,1.59216,1.59256,1.59204,1.5924,95800000,1
1289239980000,1289240039000,1.59239,1.59239,1.59205,1.5922,114100000,1
1289240040000,1289240099000,1.59226,1.59238,1.59191,1.59193,117100000,1
1289240100000,1289240159000,1.59195,1.59222,1.59191,1.59203,118700000,1
1289240160000,1289240219000,1.59203,1.59233,1.59192,1.59212,102300000,1
1289240220000,1289240279000,1.59212,1.59232,1.59178,1.59232,122500000,1
1289240280000,1289240339000,1.59232,1.59232,1.59194,1.59198,122200000,1
1289240340000,1289240399000,1.59195,1.5922,1.59179,1.59213,65800000,1
1289240400000,1289240459000,1.59218,1.59222,1.59196,1.5921,146200000,1
1289240460000,1289240519000,1.5921,1.5921,1.59161,1.59165,133700000,1
1289240520000,1289240579000,1.59168,1.59207,1.5916,1.59197,87200000,1
1289240580000,1289240639000,1.59197,1.59215,1.59178,1.59215,81300000,1
1289240640000,1289240699000,1.59219,1.59224,1.5918,1.59181,76100000,1
1289240700000,1289240759000,1.59181,1.5922,1.59181,1.59215,78000000,1
1289240760000,1289240819000,1.59215,1.59226,1.59214,1.59215,64000000,1
1289240820000,1289240879000,1.59215,1.59245,1.59207,1.59235,82100000,1
1289240880000,1289240939000,1.59237,1.59264,1.59214,1.59263,77800000,1
1289240940000,1289240999000,1.59263,1.59269,1.59257,1.59266,66500000,1
1289241000000,1289241059000,1.59266,1.59276,1.59218,1.59218,70700000,1
1289241060000,1289241119000,1.59218,1.59274,1.59218,1.59255,120700000,1
1289241120000,1289241179000,1.59256,1.59316,1.59252,1.59312,76500000,1
1289241180000,1289241239000,1.59312,1.59316,1.59288,1.59288,53900000,1
1289241240000,1289241299000,1.59283,1.59297,1.5926,1.59269,75200000,1
1289241300000,1289241359000,1.59269,1.59283,1.59262,1.59283,55000000,1
1289241360000,1289241419000,1.59282,1.59282,1.59256,1.59259,42200000,1
1289241420000,1289241479000,1.59259,1.59264,1.59244,1.59244,68200000,1
1289241480000,1289241539000,1.59244,1.59269,1.59239,1.59247,94200000,1
1289241540000,1289241599000,1.59247,1.59247,1.59221,1.59231,57400000,1
1289241600000,1289241659000,1.59222,1.59264,1.5921,1.59219,108100000,1
1289241660000,1289241719000,1.59219,1.59242,1.59204,1.5924,113500000,1
1289241720000,1289241779000,1.5924,1.59265,1.59224,1.5923,102500000,1
1289241780000,1289241839000,1.59225,1.59237,1.59219,1.59236,85000000,1
1289241840000,1289241899000,1.59236,1.59247,1.59207,1.59232,72300000,1
1289241900000,1289241959000,1.59216,1.59233,1.592,1.5921,84300000,1
1289241960000,1289242019000,1.59213,1.59225,1.5919,1.59196,81900000,1
1289242020000,1289242079000,1.5919,1.59199,1.59189,1.59193,64800000,1
1289242080000,1289242139000,1.59193,1.59194,1.59153,1.59186,98200000,1
1289242140000,1289242199000,1.59186,1.59197,1.59186,1.59197,92500000,1
1289242200000,1289242259000,1.59195,1.59198,1.59165,1.59184,97200000,1
1289242260000,1289242319000,1.59184,1.59194,1.59169,1.59175,89000000,1
1289242320000,1289242379000,1.59176,1.59208,1.59169,1.59189,85000000,1
1289242380000,1289242439000,1.59189,1.59192,1.59175,1.59184,83300000,1
1289242440000,1289242499000,1.59184,1.59197,1.59177,1.59196,56700000,1
1289242500000,1289242559000,1.59196,1.59198,1.59174,1.59179,65800000,1
1289242560000,1289242619000,1.59181,1.59183,1.59152,1.59177,85700000,1
1289242620000,1289242679000,1.59178,1.59178,1.5916,1.5916,110400000,1
1289242680000,1289242739000,1.5916,1.59211,1.5916,1.592,127900000,1
1289242740000,1289242799000,1.59205,1.59259,1.59201,1.59259,95800000,1
1289242800000,1289242859000,1.59258,1.59259,1.59196,1.59213,85000000,1
1289242860000,1289242919000,1.59213,1.59226,1.59213,1.59215,54800000,1
1289242920000,1289242979000,1.59215,1.59223,1.59208,1.59209,68700000,1
1289242980000,1289243039000,1.59209,1.59227,1.59203,1.59207,86600000,1
1289243040000,1289243099000,1.59204,1.59213,1.59177,1.59187,109800000,1
1289243100000,1289243159000,1.59187,1.59192,1.59176,1.59178,74800000,1
1289243160000,1289243219000,1.59175,1.59201,1.59171,1.59179,82900000,1
1289243220000,1289243279000,1.59176,1.59189,1.59169,1.59173,92200000,1
1289243280000,1289243339000,1.59173,1.59195,1.59168,1.5917,87400000,1
1289243340000,1289243399000,1.5917,1.59173,1.59152,1.59159,108700000,1
1289243400000,1289243459000,1.59159,1.59166,1.59149,1.59166,76800000,1
1289243460000,1289243519000,1.59166,1.59186,1.59135,1.59156,67800000,1
1289243520000,1289243579000,1.59156,1.59169,1.59119,1.59124,78600000,1
1289243580000,1289243639000,1.59124,1.59132,1.59116,1.59125,63300000,1
1289243640000,1289243699000,1.59122,1.59131,1.59115,1.59121,87400000,1
1289243700000,1289243759000,1.59121,1.59134,1.59113,1.59125,83700000,1
1289243760000,1289243819000,1.59123,1.59125,1.59073,1.59073,94000000,1
1289243820000,1289243879000,1.59075,1.59101,1.59066,1.59066,126600000,1
1289243880000,1289243939000,1.59065,1.591,1.59065,1.59087,67200000,1
1289243940000,1289243999000,1.5909,1.59109,1.59041,1.59068,117700000,1
1289244000000,1289244059000,1.59054,1.59068,1.5903,1.59037,103000000,1
1289244060000,1289244119000,1.59033,1.59047,1.59021,1.59043,99400000,1
1289244120000,1289244179000,1.59044,1.59054,1.59044,1.59048,78400000,1
1289244180000,1289244239000,1.5905,1.5905,1.5901,1.59012,66000000,1
1289244240000,1289244299000,1.59018,1.59038,1.59007,1.59024,95100000,1
1289244300000,1289244359000,1.59024,1.59033,1.59019,1.59024,121900000,1
1289244360000,1289244419000,1.59024,1.59052,1.59015,1.59015,93300000,1
1289244420000,1289244479000,1.59017,1.59042,1.59012,1.59023,119900000,1
1289244480000,1289244539000,1.59032,1.59039,1.59006,1.59027,114100000,1
1289244540000,1289244599000,1.59027,1.59039,1.59016,1.59037,82200000,1
1289244600000,1289244659000,1.59037,1.59095,1.59036,1.59084,87400000,1
1289244660000,1289244719000,1.59084,1.59127,1.59074,1.59084,122200000,1
1289244720000,1289244779000,1.59082,1.591,1.59045,1.591,108600000,1
1289244780000,1289244839000,1.591,1.59116,1.59088,1.59113,103500000,1
1289244840000,1289244899000,1.59113,1.59121,1.59095,1.59095,82000000,1
1289244900000,1289244959000,1.59094,1.59113,1.59078,1.59113,80000000,1
1289244960000,1289245019000,1.59113,1.59125,1.59103,1.59103,81100000,1
1289245020000,1289245079000,1.59104,1.59118,1.59093,1.59096,69200000,1
1289245080000,1289245139000,1.59096,1.59148,1.59096,1.59142,66400000,1
1289245140000,1289245199000,1.59142,1.59142,1.59049,1.59091,114300000,1
1289245200000,1289245259000,1.59091,1.59098,1.59058,1.59093,97200000,1
1289245260000,1289245319000,1.59097,1.59116,1.59093,1.59102,66400000,1
1289245320000,1289245379000,1.59102,1.59148,1.59091,1.59138,85700000,1
1289245380000,1289245439000,1.59137,1.59143,1.59108,1.59108,151700000,1
1289245440000,1289245499000,1.59118,1.59124,1.59101,1.59124,54100000,1
1289245500000,1289245559000,1.59124,1.59124,1.59101,1.59101,55700000,1
1289245560000,1289245619000,1.59101,1.59103,1.591,1.59101,43600000,1
1289245620000,1289245679000,1.59101,1.59105,1.59091,1.59097,72300000,1
1289245680000,1289245739000,1.59097,1.59113,1.59095,1.59107,162800000,1
1289245740000,1289245799000,1.59105,1.59124,1.59102,1.59122,79500000,1
1289245800000,1289245859000,1.59121,1.59165,1.5911,1.59146,103600000,1
1289245860000,1289245919000,1.59141,1.59164,1.59132,1.59155,78200000,1
1289245920000,1289245979000,1.59155,1.59163,1.59154,1.59163,66700000,1
1289245980000,1289246039000,1.59163,1.59164,1.59132,1.59143,66200000,1
1289246040000,1289246099000,1.59158,1.59158,1.59105,1.59106,86000000,1
1289246100000,1289246159000,1.59106,1.59121,1.59086,1.59106,91200000,1
1289246160000,1289246219000,1.59105,1.59156,1.59105,1.59122,99500000,1
1289246220000,1289246279000,1.59125,1.59176,1.59125,1.59176,94900000,1
1289246280000,1289246339000,1.59182,1.59186,1.5913,1.59131,117000000,1
1289246340000,1289246399000,1.59131,1.59131,1.59069,1.59093,84000000,1
1289246400000,1289246459000,1.59093,1.59138,1.59093,1.59118,129000000,1
1289246460000,1289246519000,1.59118,1.59146,1.59112,1.5912,104900000,1
1289246520000,1289246579000,1.59124,1.59126,1.59109,1.59124,92200000,1
1289246580000,1289246639000,1.59124,1.59141,1.59117,1.59141,106700000,1
1289246640000,1289246699000,1.59141,1.59141,1.59127,1.59138,77900000,1
1289246700000,1289246759000,1.59138,1.59147,1.5911,1.59115,99800000,1
1289246760000,1289246819000,1.59115,1.59115,1.59111,1.59111,96500000,1
1289246820000,1289246879000,1.59111,1.59156,1.59111,1.59139,119100000,1
1289246880000,1289246939000,1.59141,1.59156,1.59126,1.59155,80700000,1
1289246940000,1289246999000,1.59148,1.59161,1.59141,1.5915,93000000,1
1289247000000,1289247059000,1.5915,1.5916,1.591,1.59126,100700000,1
1289247060000,1289247119000,1.59126,1.59133,1.59091,1.59133,93400000,1
1289247120000,1289247179000,1.59133,1.59142,1.59076,1.59086,115700000,1
1289247180000,1289247239000,1.59088,1.59122,1.59033,1.59076,126600000,1
1289247240000,1289247299000,1.59075,1.59103,1.59064,1.59098,124100000,1
1289247300000,1289247359000,1.59085,1.59122,1.59085,1.59114,99000000,1
1289247360000,1289247419000,1.59108,1.59118,1.59103,1.59104,70700000,1
1289247420000,1289247479000,1.59104,1.59116,1.59092,1.59102,94900000,1
1289247480000,1289247539000,1.59102,1.59113,1.59102,1.59109,109500000,1
1289247540000,1289247599000,1.59109,1.59114,1.59087,1.59094,100500000,1
1289247600000,1289247659000,1.59093,1.5911,1.59093,1.59104,102700000,1
1289247660000,1289247719000,1.59104,1.59104,1.59062,1.59062,97300000,1
1289247720000,1289247779000,1.59062,1.59062,1.5903,1.59038,138400000,1
1289247780000,1289247839000,1.59038,1.59069,1.59034,1.59062,78800000,1
1289247840000,1289247899000,1.59062,1.59089,1.59058,1.59067,98500000,1
1289247900000,1289247959000,1.59067,1.59083,1.59062,1.59083,116600000,1
1289247960000,1289248019000,1.59083,1.59108,1.5908,1.59103,72800000,1
1289248020000,1289248079000,1.59103,1.59103,1.59084,1.59097,64900000,1
1289248080000,1289248139000,1.59098,1.59098,1.59081,1.59095,57500000,1
1289248140000,1289248199000,1.59092,1.59092,1.59079,1.59083,66800000,1
1289248200000,1289248259000,1.59083,1.59083,1.59056,1.59056,87000000,1
1289248260000,1289248319000,1.59054,1.59059,1.59029,1.59029,74800000,1
1289248320000,1289248379000,1.59025,1.59031,1.5901,1.59031,104700000,1
1289248380000,1289248439000,1.59031,1.59063,1.59027,1.59059,76900000,1
1289248440000,1289248499000,1.59059,1.59082,1.59053,1.59082,72000000,1
1289248500000,1289248559000,1.59082,1.59098,1.59067,1.59095,76800000,1
1289248560000,1289248619000,1.59095,1.59098,1.59049,1.59053,140600000,1
1289248620000,1289248679000,1.59053,1.59072,1.5905,1.5905,83700000,1
1289248680000,1289248739000,1.5905,1.59081,1.59043,1.59052,86600000,1
1289248740000,1289248799000,1.59052,1.59082,1.59043,1.59066,135700000,1
1289248800000,1289248859000,1.5907,1.59076,1.5904,1.59054,127400000,1
1289248860000,1289248919000,1.59062,1.59066,1.59048,1.59049,98600000,1
1289248920000,1289248979000,1.59049,1.5907,1.59029,1.59067,116100000,1
1289248980000,1289249039000,1.59078,1.59092,1.59063,1.59088,100700000,1
1289249040000,1289249099000,1.59088,1.591,1.59082,1.59087,59900000,1
1289249100000,1289249159000,1.59081,1.5909,1.59067,1.5909,101600000,1
1289249160000,1289249219000,1.59097,1.59127,1.59097,1.59112,126000000,1
1289249220000,1289249279000,1.59102,1.59128,1.59087,1.59119,147600000,1
1289249280000,1289249339000,1.59119,1.59167,1.59119,1.59138,82600000,1
1289249340000,1289249399000,1.59138,1.59154,1.59131,1.59136,76300000,1
1289249400000,1289249459000,1.59139,1.59144,1.59109,1.59125,78400000,1
1289249460000,1289249519000,1.59122,1.59153,1.59117,1.59143,107100000,1
1289249520000,1289249579000,1.59143,1.59164,1.5914,1.59146,60700000,1
1289249580000,1289249639000,1.59146,1.59182,1.59146,1.59171,55100000,1
1289249640000,1289249699000,1.59174,1.59177,1.59149,1.59165,88800000,1
1289249700000,1289249759000,1.59165,1.5918,1.5912,1.5912,147400000,1
1289249760000,1289249819000,1.59113,1.59146,1.5911,1.59146,111900000,1
1289249820000,1289249879000,1.59146,1.5917,1.59135,1.5917,91300000,1
1289249880000,1289249939000,1.59167,1.59167,1.59136,1.59136,63400000,1
1289249940000,1289249999000,1.59136,1.59168,1.59135,1.59135,84500000,1
1289250000000,1289250059000,1.59128,1.59151,1.59122,1.59122,98200000,1
1289250060000,1289250119000,1.59122,1.59128,1.59122,1.59128,61100000,1
1289250120000,1289250179000,1.59128,1.59138,1.59123,1.59138,44400000,1
1289250180000,1289250239000,1.59138,1.59148,1.59134,1.59148,69100000,1
1289250240000,1289250299000,1.59148,1.59163,1.59137,1.59163,93800000,1
1289250300000,1289250359000,1.59173,1.59175,1.59142,1.59162,84900000,1
1289250360000,1289250419000,1.59163,1.59163,1.5915,1.59151,83900000,1
1289250420000,1289250479000,1.59151,1.59193,1.59151,1.59174,66000000,1
1289250480000,1289250539000,1.59174,1.59189,1.59168,1.59175,85700000,1
1289250540000,1289250599000,1.59175,1.59185,1.59133,1.59134,77200000,1
1289250600000,1289250659000,1.59134,1.59162,1.59134,1.59162,64800000,1
1289250660000,1289250719000,1.59157,1.59185,1.59157,1.59178,91800000,1
1289250720000,1289250779000,1.59178,1.59188,1.59161,1.59161,66800000,1
1289250780000,1289250839000,1.59161,1.592,1.59152,1.59197,79800000,1
1289250840000,1289250899000,1.59197,1.5926,1.5918,1.5926,80900000,1
1289250900000,1289250959000,1.59268,1.59268,1.59216,1.59246,68500000,1
1289250960000,1289251019000,1.59246,1.59266,1.59228,1.59258,107700000,1
1289251020000,1289251079000,1.59247,1.59248,1.59204,1.59219,92200000,1
1289251080000,1289251139000,1.59219,1.59251,1.59219,1.59242,67000000,1
1289251140000,1289251199000,1.59242,1.59242,1.5921,1.59222,48200000,1
1289251200000,1289251259000,1.59219,1.59223,1.5919,1.5919,47600000,1
1289251260000,1289251319000,1.59193,1.59237,1.59193,1.59232,62500000,1
1289251320000,1289251379000,1.59232,1.59237,1.59168,1.59168,94300000,1
1289251380000,1289251439000,1.59168,1.59193,1.59168,1.59178,60200000,1
1289251440000,1289251499000,1.59178,1.59229,1.59167,1.59185,59200000,1
1289251500000,1289251559000,1.59185,1.59229,1.5918,1.59195,71500000,1
1289251560000,1289251619000,1.59207,1.59298,1.59192,1.59291,119200000,1
1289251620000,1289251679000,1.5928,1.59306,1.59267,1.59287,61400000,1
1289251680000,1289251739000,1.59287,1.59328,1.59258,1.59258,106200000,1
1289251740000,1289251799000,1.59258,1.59269,1.59206,1.59212,104200000,1
1289251800000,1289251859000,1.59215,1.59263,1.59215,1.59263,74900000,1
1289251860000,1289251919000,1.59263,1.59277,1.59263,1.59277,99400000,1
1289251920000,1289251979000,1.59277,1.59339,1.5927,1.59338,90600000,1
1289251980000,1289252039000,1.59338,1.59358,1.59338,1.5935,74600000,1
1289252040000,1289252099000,1.5935,1.594,1.59344,1.59345,97100000,1
1289252100000,1289252159000,1.59355,1.59355,1.59328,1.59328,54400000,1
1289252160000,1289252219000,1.59328,1.59341,1.59314,1.59341,99400000,1
1289252220000,1289252279000,1.59341,1.59383,1.59321,1.59375,75400000,1
1289252280000,1289252339000,1.59375,1.59375,1.59325,1.59326,77200000,1
1289252340000,1289252399000,1.59326,1.59346,1.59318,1.5932,89400000,1
1289252400000,1289252459000,1.5932,1.59331,1.59309,1.59309,84300000,1
1289252460000,1289252519000,1.59309,1.59314,1.59296,1.59296,66000000,1
1289252520000,1289252579000,1.59298,1.59346,1.59298,1.59315,93900000,1
1289252580000,1289252639000,1.59315,1.59338,1.59315,1.59326,92300000,1
1289252640000,1289252699000,1.59326,1.59327,1.59321,1.59321,99600000,1
1289252700000,1289252759000,1.59321,1.59324,1.59247,1.59259,97600000,1
1289252760000,1289252819000,1.59259,1.59292,1.59246,1.59254,120400000,1
1289252820000,1289252879000,1.59254,1.59292,1.59245,1.59284,87300000,1
1289252880000,1289252939000,1.59284,1.59284,1.59252,1.59252,69900000,1
1289252940000,1289252999000,1.59252,1.59293,1.5924,1.59293,74500000,1
1289253000000,1289253059000,1.59282,1.59297,1.59267,1.59268,66100000,1
1289253060000,1289253119000,1.59268,1.59283,1.59268,1.59283,48800000,1
1289253120000,1289253179000,1.59283,1.59293,1.59273,1.59277,43500000,1
1289253180000,1289253239000,1.59277,1.59319,1.59271,1.59291,64000000,1
1289253240000,1289253299000,1.59291,1.59324,1.59291,1.59324,52300000,1
1289253300000,1289253359000,1.5931,1.59346,1.59298,1.59298,98400000,1
1289253360000,1289253419000,1.59299,1.59307,1.59262,1.5927,97500000,1
1289253420000,1289253479000,1.59278,1.59278,1.59259,1.59262,93400000,1
1289253480000,1289253539000,1.59262,1.59262,1.5922,1.59231,75400000,1
1289253540000,1289253599000,1.59231,1.59245,1.59182,1.59198,67000000,1
1289253600000,1289253659000,1.59193,1.59233,1.59188,1.59227,62200000,1
1289253660000,1289253719000,1.59227,1.59227,1.59212,1.59227,46000000,1
1289253720000,1289253779000,1.59227,1.59272,1.59221,1.59268,77900000,1
1289253780000,1289253839000,1.59261,1.59289,1.59229,1.59289,70300000,1
1289253840000,1289253899000,1.59288,1.59289,1.59258,1.59289,120400000,1
1289253900000,1289253959000,1.59289,1.59293,1.59289,1.59289,141600000,1
1289253960000,1289254019000,1.59289,1.59326,1.59289,1.59326,109600000,1
1289254020000,1289254079000,1.59326,1.59333,1.59302,1.59327,108500000,1
1289254080000,1289254139000,1.59327,1.59327,1.59256,1.59267,52800000,1
1289254140000,1289254199000,1.59267,1.59272,1.59236,1.59254,101900000,1
1289254200000,1289254259000,1.59254,1.59285,1.59254,1.59285,69000000,1
1289254260000,1289254319000,1.59285,1.59327,1.59278,1.59278,80700000,1
1289254320000,1289254379000,1.59278,1.59307,1.59278,1.5929,51400000,1
1289254380000,1289254439000,1.5929,1.59313,1.5929,1.59313,111600000,1
1289254440000,1289254499000,1.59313,1.59338,1.59277,1.59337,111500000,1
1289254500000,1289254559000,1.59343,1.59343,1.59316,1.59316,54800000,1
1289254560000,1289254619000,1.59316,1.59347,1.59305,1.59332,73200000,1
1289254620000,1289254679000,1.59332,1.59367,1.59328,1.59337,103100000,1
1289254680000,1289254739000,1.59337,1.59368,1.59332,1.59337,74100000,1
1289254740000,1289254799000,1.59337,1.59362,1.59337,1.59338,49600000,1
1289254800000,1289254859000,1.59338,1.59348,1.59315,1.59324,91300000,1
1289254860000,1289254919000,1.59316,1.59358,1.59311,1.59311,53600000,1
1289254920000,1289254979000,1.59309,1.59408,1.59309,1.59389,88800000,1
1289254980000,1289255039000,1.59389,1.59417,1.59378,1.59414,78000000,1
1289255040000,1289255099000,1.59412,1.59414,1.59353,1.59369,77900000,1
1289255100000,1289255159000,1.59383,1.59388,1.59362,1.59379,43200000,1
1289255160000,1289255219000,1.59379,1.59393,1.59368,1.59368,42300000,1
1289255220000,1289255279000,1.59368,1.59387,1.59368,1.59379,56500000,1
1289255280000,1289255339000,1.59371,1.59406,1.59371,1.59381,83800000,1
1289255340000,1289255399000,1.59386,1.59386,1.59366,1.59371,74000000,1
1289255400000,1289255459000,1.59371,1.59371,1.59346,1.59356,60900000,1
1289255460000,1289255519000,1.59356,1.59358,1.59324,1.59329,61900000,1
1289255520000,1289255579000,1.59329,1.59373,1.59329,1.59373,52700000,1
1289255580000,1289255639000,1.59371,1.59412,1.59363,1.59412,97000000,1
1289255640000,1289255699000,1.59408,1.59418,1.59402,1.59403,43300000,1
1289255700000,1289255759000,1.59403,1.5941,1.59402,1.59408,27200000,1
1289255760000,1289255819000,1.59408,1.59449,1.59408,1.59449,42000000,1
1289255820000,1289255879000,1.59449,1.59449,1.59449,1.59449,36400000,1
1289255880000,1289255939000,1.59449,1.59449,1.59443,1.59449,55400000,1
1289255940000,1289255999000,1.59449,1.59449,1.59447,1.59449,34500000,1
1289256000000,1289256059000,1.59449,1.59467,1.59404,1.59412,64600000,1
1289256060000,1289256119000,1.59417,1.59443,1.5941,1.59436,69300000,1
1289256120000,1289256179000,1.59441,1.59447,1.59441,1.59443,59900000,1
1289256180000,1289256239000,1.59443,1.59498,1.59443,1.59498,94600000,1
1289256240000,1289256299000,1.59498,1.59498,1.59466,1.59487,65100000,1
1289256300000,1289256359000,1.59487,1.59487,1.59477,1.59478,53500000,1
1289256360000,1289256419000,1.59478,1.59478,1.59454,1.59463,71800000,1
1289256420000,1289256479000,1.59467,1.59494,1.59448,1.59457,101700000,1
1289256480000,1289256539000,1.59453,1.59478,1.59453,1.59463,64800000,1
1289256540000,1289256599000,1.59463,1.59473,1.59458,1.59458,54400000,1
1289256600000,1289256659000,1.59448,1.59463,1.59443,1.59454,62400000,1
1289256660000,1289256719000,1.59454,1.59462,1.59443,1.59458,84500000,1
1289256720000,1289256779000,1.59459,1.59493,1.59459,1.59476,70100000,1
1289256780000,1289256839000,1.59476,1.59476,1.59447,1.59462,96300000,1
1289256840000,1289256899000,1.59463,1.59463,1.59415,1.59439,87900000,1
1289256900000,1289256959000,1.59434,1.59444,1.59426,1.59435,71800000,1
1289256960000,1289257019000,1.59442,1.59442,1.59399,1.59415,95100000,1
1289257020000,1289257079000,1.59415,1.59446,1.59413,1.59431,80700000,1
1289257080000,1289257139000,1.59431,1.59464,1.59429,1.59432,47500000,1
1289257140000,1289257199000,1.59437,1.59453,1.59437,1.59446,44600000,1
1289257200000,1289257259000,1.59446,1.59446,1.59406,1.59413,70300000,1
1289257260000,1289257319000,1.59413,1.59438,1.59397,1.594,49100000,1
1289257320000,1289257379000,1.594,1.59413,1.594,1.59413,40100000,1
1289257380000,1289257439000,1.59413,1.59425,1.5941,1.59422,58800000,1
1289257440000,1289257499000,1.59422,1.59467,1.59422,1.59437,62200000,1
1289257500000,1289257559000,1.59442,1.59475,1.59442,1.59464,61000000,1
1289257560000,1289257619000,1.59464,1.59474,1.59463,1.59474,56600000,1
1289257620000,1289257679000,1.59474,1.59474,1.59457,1.59461,58900000,1
1289257680000,1289257739000,1.59461,1.59476,1.59457,1.59458,91200000,1
1289257740000,1289257799000,1.59458,1.59464,1.59434,1.59448,65000000,1
1289257800000,1289257859000,1.59448,1.59448,1.59415,1.59421,75900000,1
1289257860000,1289257919000,1.59421,1.59434,1.59421,1.59434,42900000,1
1289257920000,1289257979000,1.59434,1.59457,1.59409,1.59417,70600000,1
1289257980000,1289258039000,1.59417,1.59442,1.59413,1.59438,62600000,1
1289258040000,1289258099000,1.59438,1.59443,1.59395,1.59395,79600000,1
1289258100000,1289258159000,1.59404,1.59404,1.59381,1.59389,67500000,1
1289258160000,1289258219000,1.59389,1.59398,1.59387,1.59393,54200000,1
1289258220000,1289258279000,1.59393,1.59393,1.59371,1.59393,92000000,1
1289258280000,1289258339000,1.59393,1.59393,1.59377,1.59381,52600000,1
1289258340000,1289258399000,1.59372,1.59389,1.59349,1.59358,92800000,1
1289258400000,1289258459000,1.59359,1.59383,1.59352,1.59368,86700000,1
1289258460000,1289258519000,1.59368,1.59388,1.59361,1.59386,94600000,1
1289258520000,1289258579000,1.59386,1.59402,1.59368,1.59392,92800000,1
1289258580000,1289258639000,1.59392,1.59393,1.59383,1.59385,53700000,1
1289258640000,1289258699000,1.59385,1.59398,1.59385,1.59388,92100000,1
1289258700000,1289258759000,1.59388,1.59459,1.59388,1.59452,89600000,1
1289258760000,1289258819000,1.59452,1.59452,1.59447,1.59452,53100000,1
1289258820000,1289258879000,1.59452,1.59452,1.59399,1.59413,68700000,1
1289258880000,1289258939000,1.59413,1.59415,1.59363,1.594,86800000,1
1289258940000,1289258999000,1.594,1.59401,1.594,1.59401,52800000,1
1289259000000,1289259059000,1.59397,1.59413,1.59388,1.59402,87600000,1
1289259060000,1289259119000,1.59395,1.59395,1.59342,1.59367,80500000,1
1289259120000,1289259179000,1.59365,1.59369,1.59338,1.5934,54800000,1
1289259180000,1289259239000,1.59339,1.59348,1.59326,1.59348,85800000,1
1289259240000,1289259299000,1.59348,1.59352,1.59332,1.59348,63600000,1
1289259300000,1289259359000,1.59347,1.59355,1.59326,1.59332,74500000,1
1289259360000,1289259419000,1.59321,1.59347,1.59321,1.5934,75600000,1
1289259420000,1289259479000,1.5934,1.59355,1.59327,1.59327,80800000,1
1289259480000,1289259539000,1.59327,1.5934,1.5932,1.59331,59600000,1
1289259540000,1289259599000,1.59331,1.59342,1.59326,1.59339,88900000,1
1289259600000,1289259659000,1.59339,1.59339,1.59312,1.59334,55700000,1
1289259660000,1289259719000,1.59328,1.59358,1.59328,1.59358,92500000,1
1289259720000,1289259779000,1.59356,1.59357,1.5932,1.5932,60100000,1
1289259780000,1289259839000,1.5932,1.59366,1.5932,1.59357,47400000,1
1289259840000,1289259899000,1.59357,1.59365,1.59331,1.59348,60600000,1
1289259900000,1289259959000,1.59348,1.59368,1.59348,1.59354,62100000,1
1289259960000,1289260019000,1.59354,1.59358,1.59331,1.5935,67700000,1
1289260020000,1289260079000,1.5935,1.59398,1.59339,1.59341,154500000,1
1289260080000,1289260139000,1.59341,1.59343,1.59277,1.59342,93900000,1
1289260140000,1289260199000,1.59346,1.59358,1.59276,1.59292,110700000,1
1289260200000,1289260259000,1.59292,1.59321,1.59257,1.59258,104400000,1
1289260260000,1289260319000,1.59272,1.59292,1.59256,1.59261,76700000,1
1289260320000,1289260379000,1.59261,1.59283,1.59246,1.59262,133900000,1
1289260380000,1289260439000,1.59263,1.59298,1.59222,1.59295,136300000,1
1289260440000,1289260499000,1.59295,1.5934,1.59295,1.59326,98300000,1
1289260500000,1289260559000,1.59326,1.59372,1.59271,1.5937,102600000,1
1289260560000,1289260619000,1.59376,1.59418,1.59374,1.59397,143400000,1
1289260620000,1289260679000,1.59405,1.59452,1.59405,1.59446,97000000,1
1289260680000,1289260739000,1.59447,1.59511,1.5943,1.59465,209800000,1
1289260740000,1289260799000,1.59469,1.59511,1.59419,1.59473,196800000,1
1289260800000,1289260859000,1.59477,1.59563,1.59476,1.59511,148500000,1
1289260860000,1289260919000,1.59518,1.5956,1.59482,1.5952,179800000,1
1289260920000,1289260979000,1.59515,1.59586,1.59396,1.59396,147000000,1
1289260980000,1289261039000,1.59383,1.59383,1.59272,1.59272,196500000,1
1289261040000,1289261099000,1.59274,1.59308,1.59155,1.59212,172400000,1
1289261100000,1289261159000,1.59222,1.59342,1.59214,1.59239,149900000,1
1289261160000,1289261219000,1.59243,1.59278,1.59237,1.59265,135000000,1
1289261220000,1289261279000,1.59265,1.593,1.59257,1.59257,121400000,1
1289261280000,1289261339000,1.59254,1.59287,1.59202,1.59277,180500000,1
1289261340000,1289261399000,1.59277,1.59293,1.59191,1.59191,135700000,1
1289261400000,1289261459000,1.59185,1.59258,1.59185,1.59229,169600000,1
1289261460000,1289261519000,1.59229,1.59453,1.59229,1.59418,167200000,1
1289261520000,1289261579000,1.59418,1.59469,1.59406,1.59408,116600000,1
1289261580000,1289261639000,1.59412,1.59423,1.59338,1.59351,198000000,1
1289261640000,1289261699000,1.59385,1.59419,1.59306,1.59318,154100000,1
1289261700000,1289261759000,1.59316,1.59413,1.59316,1.59406,174100000,1
1289261760000,1289261819000,1.59401,1.59421,1.59355,1.59421,104100000,1
1289261820000,1289261879000,1.59422,1.59442,1.59395,1.59395,110000000,1
1289261880000,1289261939000,1.59395,1.59395,1.59362,1.59377,139100000,1
1289261940000,1289261999000,1.5938,1.5938,1.59332,1.59334,145600000,1
1289262000000,1289262059000,1.59338,1.59339,1.5929,1.5931,161500000,1
1289262060000,1289262119000,1.59317,1.59371,1.59275,1.59352,207800000,1
1289262120000,1289262179000,1.59352,1.59378,1.59329,1.59333,130200000,1
1289262180000,1289262239000,1.59331,1.59357,1.59279,1.59307,109200000,1
1289262240000,1289262299000,1.59303,1.59307,1.59286,1.59292,69500000,1
1289262300000,1289262359000,1.59291,1.59295,1.59256,1.59257,97200000,1
1289262360000,1289262419000,1.59258,1.59258,1.59219,1.59253,58100000,1
1289262420000,1289262479000,1.59265,1.59278,1.59208,1.59211,121000000,1
1289262480000,1289262539000,1.59211,1.59315,1.5921,1.59315,188600000,1
1289262540000,1289262599000,1.59315,1.59377,1.59315,1.59365,139100000,1
1289262600000,1289262659000,1.59368,1.5943,1.59368,1.5942,116200000,1
1289262660000,1289262719000,1.5942,1.59438,1.59342,1.59361,98700000,1
1289262720000,1289262779000,1.59361,1.59419,1.59361,1.59419,80300000,1
1289262780000,1289262839000,1.59412,1.59412,1.59364,1.59373,128100000,1
1289262840000,1289262899000,1.59369,1.59423,1.59367,1.59401,90000000,1
1289262900000,1289262959000,1.59394,1.59411,1.59387,1.59388,86400000,1
1289262960000,1289263019000,1.59384,1.59386,1.59373,1.59373,97100000,1
1289263020000,1289263079000,1.59373,1.59387,1.59332,1.59367,124600000,1
1289263080000,1289263139000,1.59367,1.59379,1.59321,1.59357,163800000,1
1289263140000,1289263199000,1.59352,1.59362,1.59337,1.59351,101500000,1
1289263200000,1289263259000,1.59351,1.59379,1.59311,1.59333,157300000,1
1289263260000,1289263319000,1.59324,1.59346,1.59306,1.59325,120400000,1
1289263320000,1289263379000,1.59325,1.59344,1.59303,1.59323,100200000,1
1289263380000,1289263439000,1.59323,1.59338,1.59314,1.59315,162000000,1
1289263440000,1289263499000,1.5931,1.59331,1.593,1.593,154600000,1
1289263500000,1289263559000,1.593,1.59323,1.59274,1.59306,138200000,1
1289263560000,1289263619000,1.59303,1.59303,1.59269,1.59269,80400000,1
1289263620000,1289263679000,1.59269,1.59309,1.59262,1.59302,85400000,1
1289263680000,1289263739000,1.59302,1.59315,1.59277,1.59298,111700000,1
1289263740000,1289263799000,1.59307,1.59313,1.5925,1.59269,234900000,1
1289263800000,1289263859000,1.59289,1.59312,1.59272,1.59291,103300000,1
1289263860000,1289263919000,1.59291,1.59317,1.59291,1.59313,114000000,1
1289263920000,1289263979000,1.59314,1.59323,1.59288,1.59298,90700000,1
1289263980000,1289264039000,1.59292,1.59294,1.5923,1.59243,101700000,1
1289264040000,1289264099000,1.59236,1.59238,1.5918,1.59193,124900000,1
1289264100000,1289264159000,1.59215,1.59229,1.5918,1.59219,122200000,1
1289264160000,1289264219000,1.59211,1.59241,1.5921,1.59227,125000000,1
1289264220000,1289264279000,1.59235,1.59239,1.59215,1.59233,101400000,1
1289264280000,1289264339000,1.59238,1.59268,1.59212,1.59268,121300000,1
1289264340000,1289264399000,1.59266,1.59287,1.59252,1.59276,75100000,1
1289264400000,1289264459000,1.59277,1.59277,1.59248,1.59263,89600000,1
1289264460000,1289264519000,1.59253,1.59256,1.59237,1.59246,125100000,1
1289264520000,1289264579000,1.59246,1.59284,1.59245,1.59268,80400000,1
1289264580000,1289264639000,1.59265,1.59292,1.59224,1.59231,111100000,1
1289264640000,1289264699000,1.59229,1.59248,1.59193,1.59213,87000000,1
1289264700000,1289264759000,1.59208,1.59249,1.59203,1.59244,90600000,1
1289264760000,1289264819000,1.59244,1.59262,1.59232,1.59237,54200000,1
1289264820000,1289264879000,1.59235,1.59246,1.59221,1.59223,80500000,1
1289264880000,1289264939000,1.59219,1.5926,1.59215,1.59257,85300000,1
1289264940000,1289264999000,1.59258,1.59263,1.59228,1.59233,85800000,1
1289265000000,1289265059000,1.59247,1.59258,1.59228,1.59243,85100000,1
1289265060000,1289265119000,1.59247,1.59257,1.59234,1.59257,84100000,1
1289265120000,1289265179000,1.59252,1.59255,1.59229,1.59239,84700000,1
1289265180000,1289265239000,1.59236,1.59258,1.59225,1.59242,68800000,1
1289265240000,1289265299000,1.59243,1.59262,1.59236,1.59252,87400000,1
1289265300000,1289265359000,1.59247,1.59275,1.59247,1.59254,78600000,1
1289265360000,1289265419000,1.59254,1.59286,1.59186,1.59186,81100000,1
1289265420000,1289265479000,1.59183,1.59183,1.59096,1.59101,198500000,1
1289265480000,1289265539000,1.59093,1.59152,1.59082,1.59108,142400000,1
1289265540000,1289265599000,1.59116,1.5912,1.59083,1.59095,108800000,1
1289265600000,1289265659000,1.59097,1.59123,1.59097,1.5912,64200000,1
1289265660000,1289265719000,1.5912,1.5913,1.591,1.59107,77900000,1
1289265720000,1289265779000,1.59112,1.59176,1.59112,1.59153,102900000,1
1289265780000,1289265839000,1.59142,1.59145,1.59096,1.59145,183000000,1
1289265840000,1289265899000,1.59153,1.59154,1.59123,1.59148,128900000,1
1289265900000,1289265959000,1.59146,1.59196,1.59125,1.59147,138100000,1
1289265960000,1289266019000,1.59143,1.59143,1.59101,1.59117,78000000,1
1289266020000,1289266079000,1.59117,1.59138,1.59101,1.59129,73500000,1
1289266080000,1289266139000,1.59125,1.59167,1.59114,1.59139,101700000,1
1289266140000,1289266199000,1.59138,1.59205,1.59138,1.59179,83100000,1
1289266200000,1289266259000,1.59179,1.59227,1.59174,1.59213,98500000,1
1289266260000,1289266319000,1.59211,1.59217,1.5916,1.59183,115400000,1
1289266320000,1289266379000,1.59179,1.59185,1.59156,1.59183,78200000,1
1289266380000,1289266439000,1.59175,1.59207,1.59172,1.59206,81400000,1
1289266440000,1289266499000,1.59206,1.59223,1.59197,1.59223,60800000,1
1289266500000,1289266559000,1.59223,1.59234,1.59198,1.59231,76500000,1
1289266560000,1289266619000,1.5923,1.5923,1.59189,1.59198,101100000,1
1289266620000,1289266679000,1.59198,1.59207,1.59182,1.59207,94300000,1
1289266680000,1289266739000,1.59207,1.59208,1.59185,1.59185,71100000,1
1289266740000,1289266799000,1.59184,1.59209,1.59177,1.59192,70500000,1
1289266800000,1289266859000,1.59189,1.59247,1.59177,1.59243,98500000,1
1289266860000,1289266919000,1.59243,1.59243,1.59186,1.59191,81700000,1
1289266920000,1289266979000,1.59193,1.59197,1.59172,1.59179,80200000,1
1289266980000,1289267039000,1.59182,1.59192,1.59171,1.59182,89200000,1
1289267040000,1289267099000,1.59173,1.59197,1.5915,1.59175,124100000,1
1289267100000,1289267159000,1.59173,1.59236,1.59173,1.59194,133500000,1
1289267160000,1289267219000,1.59185,1.59186,1.59121,1.59176,110000000,1
1289267220000,1289267279000,1.59175,1.5921,1.59143,1.5921,112800000,1
1289267280000,1289267339000,1.59211,1.59216,1.59197,1.59197,74900000,1
1289267340000,1289267399000,1.59198,1.59302,1.59198,1.59298,132300000,1
1289267400000,1289267459000,1.59293,1.59315,1.59248,1.5927,104200000,1
1289267460000,1289267519000,1.59277,1.59389,1.59268,1.59316,140200000,1
1289267520000,1289267579000,1.59312,1.59326,1.59285,1.59292,100000000,1
1289267580000,1289267639000,1.59312,1.59323,1.59267,1.59286,100800000,1
1289267640000,1289267699000,1.59273,1.59318,1.5926,1.59317,142300000,1
1289267700000,1289267759000,1.59317,1.59317,1.59289,1.59291,107300000,1
1289267760000,1289267819000,1.59298,1.59298,1.59276,1.59277,57000000,1
1289267820000,1289267879000,1.59277,1.59302,1.59258,1.59296,75900000,1
1289267880000,1289267939000,1.59297,1.59336,1.59289,1.59331,89600000,1
1289267940000,1289267999000,1.59337,1.59383,1.59336,1.59383,81700000,1
1289268000000,1289268059000,1.59397,1.5942,1.59332,1.59332,101200000,1
1289268060000,1289268119000,1.5933,1.59342,1.59301,1.59332,103400000,1
1289268120000,1289268179000,1.5933,1.59358,1.59324,1.59334,79900000,1
1289268180000,1289268239000,1.59337,1.59366,1.59334,1.59363,95700000,1
1289268240000,1289268299000,1.59363,1.59363,1.5934,1.59354,71700000,1
1289268300000,1289268359000,1.59353,1.59364,1.59346,1.59358,77700000,1
1289268360000,1289268419000,1.59362,1.59378,1.59358,1.59373,50700000,1
1289268420000,1289268479000,1.59373,1.59373,1.59363,1.59365,55100000,1
1289268480000,1289268539000,1.59367,1.59373,1.59346,1.59369,71100000,1
1289268540000,1289268599000,1.59362,1.59362,1.59342,1.59356,45300000,1
1289268600000,1289268659000,1.59356,1.59371,1.59352,1.59363,58300000,1
1289268660000,1289268719000,1.59363,1.59365,1.59349,1.59357,44200000,1
1289268720000,1289268779000,1.59357,1.59357,1.59293,1.59302,88300000,1
1289268780000,1289268839000,1.59302,1.5942,1.59298,1.59407,110300000,1
1289268840000,1289268899000,1.59417,1.59426,1.59401,1.59424,96400000,1
1289268900000,1289268959000,1.59424,1.59514,1.59423,1.59495,152300000,1
1289268960000,1289269019000,1.59492,1.59492,1.59443,1.59459,106400000,1
1289269020000,1289269079000,1.59462,1.59494,1.59457,1.59493,122500000,1
1289269080000,1289269139000,1.59492,1.59531,1.59483,1.59521,139000000,1
1289269140000,1289269199000,1.59512,1.59564,1.59512,1.59557,84900000,1
1289269200000,1289269259000,1.59557,1.59561,1.59536,1.59553,103000000,1
1289269260000,1289269319000,1.59547,1.59575,1.59541,1.59556,128900000,1
1289269320000,1289269379000,1.59556,1.59566,1.59503,1.59511,105000000,1
1289269380000,1289269439000,1.59516,1.59516,1.59464,1.59503,166100000,1
1289269440000,1289269499000,1.59499,1.59513,1.59468,1.59468,72900000,1
1289269500000,1289269559000,1.59469,1.59487,1.59469,1.59478,76200000,1
1289269560000,1289269619000,1.59478,1.59497,1.59465,1.5948,98500000,1
1289269620000,1289269679000,1.59482,1.59524,1.59472,1.59518,83600000,1
1289269680000,1289269739000,1.59515,1.59515,1.59478,1.59478,58700000,1
1289269740000,1289269799000,1.59477,1.59482,1.59465,1.59474,121200000,1
1289269800000,1289269859000,1.59469,1.595,1.5945,1.59493,150500000,1
1289269860000,1289269919000,1.59492,1.59507,1.5945,1.59501,93100000,1
1289269920000,1289269979000,1.59501,1.59513,1.5949,1.59501,89000000,1
1289269980000,1289270039000,1.59492,1.595,1.5947,1.5947,97200000,1
1289270040000,1289270099000,1.5947,1.59479,1.5945,1.59459,117200000,1
1289270100000,1289270159000,1.5945,1.59464,1.59417,1.59446,117300000,1
1289270160000,1289270219000,1.59441,1.59447,1.59423,1.59433,111000000,1
1289270220000,1289270279000,1.59433,1.59434,1.59389,1.59389,101200000,1
1289270280000,1289270339000,1.59388,1.5941,1.59376,1.59399,105300000,1
1289270340000,1289270399000,1.594,1.59425,1.59365,1.59365,138400000,1
1289270400000,1289270459000,1.59375,1.59432,1.59375,1.59432,130600000,1
1289270460000,1289270519000,1.59429,1.59453,1.59413,1.59435,111300000,1
1289270520000,1289270579000,1.59425,1.5943,1.59402,1.59415,93100000,1
1289270580000,1289270639000,1.59415,1.59423,1.59383,1.59407,83600000,1
1289270640000,1289270699000,1.59408,1.59429,1.59407,1.59427,52000000,1
1289270700000,1289270759000,1.59423,1.59436,1.59416,1.59432,84600000,1
1289270760000,1289270819000,1.59432,1.59438,1.59416,1.59416,96700000,1
1289270820000,1289270879000,1.59416,1.59452,1.59411,1.59452,89600000,1
1289270880000,1289270939000,1.59454,1.59532,1.59454,1.59481,111800000,1
1289270940000,1289270999000,1.59473,1.59483,1.59445,1.59455,100800000,1
1289271000000,1289271059000,1.59455,1.59477,1.59447,1.59462,123500000,1
1289271060000,1289271119000,1.59457,1.59479,1.59437,1.59456,95000000,1
1289271120000,1289271179000,1.59456,1.59456,1.59408,1.59431,72800000,1
1289271180000,1289271239000,1.59431,1.59448,1.59412,1.59435,59000000,1
1289271240000,1289271299000,1.59435,1.59451,1.59435,1.59451,84700000,1
1289271300000,1289271359000,1.59451,1.59474,1.59428,1.59474,92100000,1
1289271360000,1289271419000,1.59479,1.59489,1.59424,1.59443,85200000,1
1289271420000,1289271479000,1.59447,1.59476,1.59438,1.59459,101800000,1
1289271480000,1289271539000,1.59455,1.59473,1.59409,1.59472,117300000,1
1289271540000,1289271599000,1.59471,1.59482,1.59451,1.59482,63000000,1
1289271600000,1289271659000,1.59484,1.59485,1.59458,1.59458,60400000,1
1289271660000,1289271719000,1.59468,1.59495,1.59468,1.59493,56800000,1
1289271720000,1289271779000,1.59493,1.59493,1.59454,1.59458,90100000,1
1289271780000,1289271839000,1.59458,1.59461,1.59425,1.59443,82400000,1
1289271840000,1289271899000,1.5944,1.59452,1.59413,1.59428,61400000,1
1289271900000,1289271959000,1.59425,1.59438,1.594,1.59412,93700000,1
1289271960000,1289272019000,1.5941,1.59424,1.59366,1.59388,75400000,1
1289272020000,1289272079000,1.59388,1.59413,1.59388,1.59388,100800000,1
1289272080000,1289272139000,1.59385,1.59418,1.59382,1.59414,85000000,1
1289272140000,1289272199000,1.59412,1.59428,1.59403,1.59411,75800000,1
1289272200000,1289272259000,1.59411,1.59427,1.59399,1.59423,63400000,1
1289272260000,1289272319000,1.59419,1.59419,1.59399,1.59408,80900000,1
1289272320000,1289272379000,1.59406,1.59434,1.59406,1.59422,101200000,1
1289272380000,1289272439000,1.59422,1.59428,1.59398,1.59423,66700000,1
1289272440000,1289272499000,1.59423,1.59432,1.59388,1.59403,75300000,1
1289272500000,1289272559000,1.59402,1.59413,1.59378,1.5938,115600000,1
1289272560000,1289272619000,1.59376,1.59393,1.59372,1.59389,115200000,1
1289272620000,1289272679000,1.5939,1.59396,1.59333,1.59356,127700000,1
1289272680000,1289272739000,1.59363,1.59374,1.59341,1.59366,62700000,1
1289272740000,1289272799000,1.59366,1.59393,1.59365,1.59378,94300000,1
1289272800000,1289272859000,1.59379,1.59386,1.59362,1.59378,69600000,1
1289272860000,1289272919000,1.59382,1.59409,1.59382,1.59391,55100000,1
1289272920000,1289272979000,1.59391,1.59391,1.59367,1.59367,53100000,1
1289272980000,1289273039000,1.59366,1.59423,1.59359,1.59394,85200000,1
1289273040000,1289273099000,1.59396,1.59414,1.59394,1.59399,83500000,1
1289273100000,1289273159000,1.59399,1.59417,1.59399,1.59401,83900000,1
1289273160000,1289273219000,1.59401,1.5943,1.59394,1.59395,86300000,1
1289273220000,1289273279000,1.59396,1.59416,1.59374,1.59378,92000000,1
1289273280000,1289273339000,1.59378,1.59387,1.59353,1.59379,84700000,1
1289273340000,1289273399000,1.59382,1.59408,1.59382,1.59401,72600000,1
1289273400000,1289273459000,1.59397,1.59424,1.59397,1.59412,69100000,1
1289273460000,1289273519000,1.59415,1.59447,1.59414,1.59418,67500000,1
1289273520000,1289273579000,1.59421,1.59444,1.59421,1.59439,116200000,1
1289273580000,1289273639000,1.59439,1.59439,1.59362,1.59382,127500000,1
1289273640000,1289273699000,1.59372,1.59376,1.59348,1.59361,97900000,1
1289273700000,1289273759000,1.59362,1.5937,1.59353,1.59355,72700000,1
1289273760000,1289273819000,1.59354,1.59371,1.59338,1.59338,75600000,1
1289273820000,1289273879000,1.59338,1.59361,1.59336,1.59343,102400000,1
1289273880000,1289273939000,1.59337,1.59343,1.59314,1.59325,95800000,1
1289273940000,1289273999000,1.5932,1.5932,1.59294,1.59299,116900000,1
1289274000000,1289274059000,1.59299,1.59313,1.59288,1.59304,122800000,1
1289274060000,1289274119000,1.59315,1.59331,1.59301,1.59317,130500000,1
1289274120000,1289274179000,1.5932,1.59335,1.59305,1.59305,138100000,1
1289274180000,1289274239000,1.59305,1.59334,1.59302,1.59314,73900000,1
1289274240000,1289274299000,1.59318,1.59318,1.59255,1.59263,140000000,1
1289274300000,1289274359000,1.59267,1.5929,1.59256,1.59278,96800000,1
1289274360000,1289274419000,1.59284,1.59296,1.59277,1.59291,63600000,1
1289274420000,1289274479000,1.59291,1.59307,1.59288,1.59288,86700000,1
1289274480000,1289274539000,1.5929,1.59313,1.59278,1.59282,91000000,1
1289274540000,1289274599000,1.59282,1.59308,1.59272,1.59287,73100000,1
1289274600000,1289274659000,1.59272,1.59298,1.59259,1.59296,121100000,1
1289274660000,1289274719000,1.59289,1.59301,1.59275,1.59275,78700000,1
1289274720000,1289274779000,1.59275,1.59308,1.59268,1.59276,87900000,1
1289274780000,1289274839000,1.59276,1.59277,1.59257,1.59261,60800000,1
1289274840000,1289274899000,1.59261,1.59297,1.5926,1.59295,89500000,1
1289274900000,1289274959000,1.59295,1.59313,1.59289,1.59311,98000000,1
1289274960000,1289275019000,1.59312,1.59331,1.59312,1.59331,47800000,1
1289275020000,1289275079000,1.59333,1.59349,1.5932,1.59323,88300000,1
1289275080000,1289275139000,1.59323,1.59324,1.5931,1.59318,64000000,1
1289275140000,1289275199000,1.59325,1.59343,1.59297,1.59302,62800000,1
1289275200000,1289275259000,1.59298,1.59333,1.59275,1.59314,88100000,1
1289275260000,1289275319000,1.59316,1.59329,1.59308,1.59312,78100000,1
1289275320000,1289275379000,1.59312,1.59335,1.59312,1.59312,92900000,1
1289275380000,1289275439000,1.59312,1.5935,1.59312,1.59343,85100000,1
1289275440000,1289275499000,1.59343,1.59358,1.5934,1.59345,107800000,1
1289275500000,1289275559000,1.59348,1.59361,1.59335,1.59352,67000000,1
1289275560000,1289275619000,1.59353,1.59353,1.5933,1.59338,49600000,1
1289275620000,1289275679000,1.59343,1.59357,1.59318,1.59347,112500000,1
1289275680000,1289275739000,1.59348,1.59387,1.59348,1.59378,102700000,1
1289275740000,1289275799000,1.59391,1.594,1.59347,1.59352,118500000,1
1289275800000,1289275859000,1.59362,1.59388,1.59357,1.59367,89800000,1
1289275860000,1289275919000,1.59367,1.59378,1.59334,1.5934,116400000,1
1289275920000,1289275979000,1.59336,1.59363,1.5932,1.59347,113700000,1
1289275980000,1289276039000,1.59344,1.59354,1.59328,1.59329,93400000,1
1289276040000,1289276099000,1.59329,1.59362,1.59329,1.59356,57600000,1
1289276100000,1289276159000,1.59355,1.59365,1.59355,1.59357,68700000,1
1289276160000,1289276219000,1.59357,1.59465,1.59355,1.59457,113900000,1
1289276220000,1289276279000,1.59461,1.5949,1.59459,1.59462,153600000,1
1289276280000,1289276339000,1.59469,1.59511,1.59467,1.59499,110500000,1
1289276340000,1289276399000,1.59495,1.59512,1.59469,1.59478,118100000,1
1289276400000,1289276459000,1.59478,1.59491,1.5946,1.59465,66500000,1
1289276460000,1289276519000,1.59467,1.5947,1.59452,1.59459,57700000,1
1289276520000,1289276579000,1.59459,1.595,1.59455,1.59481,71200000,1
1289276580000,1289276639000,1.59481,1.59506,1.59481,1.59493,73800000,1
1289276640000,1289276699000,1.59505,1.59543,1.59494,1.59528,82400000,1
1289276700000,1289276759000,1.59524,1.59549,1.59521,1.59543,60500000,1
1289276760000,1289276819000,1.59543,1.59573,1.59543,1.59567,84100000,1
1289276820000,1289276879000,1.59577,1.59589,1.59541,1.59566,64500000,1
1289276880000,1289276939000,1.59566,1.59569,1.59528,1.59528,103100000,1
1289276940000,1289276999000,1.59532,1.59554,1.59516,1.59553,116800000,1
1289277000000,1289277059000,1.59547,1.59557,1.5949,1.59557,142400000,1
1289277060000,1289277119000,1.59549,1.59549,1.59514,1.59514,115100000,1
1289277120000,1289277179000,1.59517,1.59547,1.59507,1.59513,61300000,1
1289277180000,1289277239000,1.59516,1.59532,1.59507,1.5953,69500000,1
1289277240000,1289277299000,1.59534,1.59566,1.59532,1.59553,120400000,1
1289277300000,1289277359000,1.59554,1.59598,1.59549,1.59581,101900000,1
1289277360000,1289277419000,1.59579,1.59579,1.59551,1.59557,114400000,1
1289277420000,1289277479000,1.59552,1.59554,1.59513,1.59514,75500000,1
1289277480000,1289277539000,1.59517,1.59524,1.59489,1.5949,50700000,1
1289277540000,1289277599000,1.59492,1.59519,1.59484,1.59508,88500000,1
1289277600000,1289277659000,1.59508,1.59516,1.59497,1.59516,63600000,1
1289277660000,1289277719000,1.59516,1.59534,1.59503,1.5952,82000000,1
1289277720000,1289277779000,1.59507,1.5951,1.59458,1.59484,109600000,1
1289277780000,1289277839000,1.5947,1.59473,1.59454,1.59473,71500000,1
1289277840000,1289277899000,1.59476,1.59506,1.59476,1.59487,77000000,1
1289277900000,1289277959000,1.59487,1.59492,1.59462,1.59473,83600000,1
1289277960000,1289278019000,1.59469,1.59475,1.59451,1.59468,66100000,1
1289278020000,1289278079000,1.59474,1.59498,1.5946,1.59486,76500000,1
1289278080000,1289278139000,1.59486,1.59509,1.59479,1.59492,68300000,1
1289278140000,1289278199000,1.59488,1.59497,1.59477,1.59491,68400000,1
1289278200000,1289278259000,1.59492,1.59512,1.59485,1.59502,55600000,1
1289278260000,1289278319000,1.59502,1.59507,1.59494,1.59507,73700000,1
1289278320000,1289278379000,1.59507,1.59522,1.59491,1.59495,54500000,1
1289278380000,1289278439000,1.59496,1.59517,1.5949,1.5949,38000000,1
1289278440000,1289278499000,1.5949,1.59504,1.59481,1.59497,54700000,1
1289278500000,1289278559000,1.59497,1.59497,1.59464,1.59467,68600000,1
1289278560000,1289278619000,1.59464,1.5948,1.59457,1.59457,83600000,1
1289278620000,1289278679000,1.59457,1.59467,1.59455,1.59467,52500000,1
1289278680000,1289278739000,1.59467,1.59476,1.59467,1.59468,46300000,1
1289278740000,1289278799000,1.59468,1.59494,1.59468,1.5949,56600000,1
1289278800000,1289278859000,1.5949,1.5949,1.5945,1.59464,134600000,1
1289278860000,1289278919000,1.59464,1.59475,1.59422,1.59432,55400000,1
1289278920000,1289278979000,1.59443,1.5948,1.59443,1.59467,102400000,1
1289278980000,1289279039000,1.59467,1.59475,1.59453,1.59463,71500000,1
1289279040000,1289279099000,1.59463,1.59467,1.59417,1.59431,98500000,1
1289279100000,1289279159000,1.59431,1.59474,1.59422,1.59462,82900000,1
1289279160000,1289279219000,1.59462,1.59482,1.59443,1.59458,78300000,1
1289279220000,1289279279000,1.59458,1.59472,1.59425,1.59445,91400000,1
1289279280000,1289279339000,1.59446,1.59464,1.59436,1.5945,100000000,1
1289279340000,1289279399000,1.59449,1.59474,1.5943,1.59463,84000000,1
1289279400000,1289279459000,1.59463,1.59464,1.59433,1.5946,95700000,1
1289279460000,1289279519000,1.59458,1.59459,1.59395,1.59413,85200000,1
1289279520000,1289279579000,1.59413,1.59428,1.59407,1.59428,84000000,1
1289279580000,1289279639000,1.59431,1.59449,1.59397,1.59434,80600000,1
1289279640000,1289279699000,1.59435,1.59456,1.59427,1.59445,81200000,1
1289279700000,1289279759000,1.59445,1.59467,1.59445,1.59466,49200000,1
1289279760000,1289279819000,1.59466,1.59475,1.59451,1.59466,63500000,1
1289279820000,1289279879000,1.59466,1.59486,1.59436,1.59466,74200000,1
1289279880000,1289279939000,1.59468,1.59488,1.59428,1.59435,71000000,1
1289279940000,1289279999000,1.59435,1.59456,1.59427,1.59443,66300000,1
1289280000000,1289280059000,1.59446,1.59471,1.59446,1.59471,74400000,1
1289280060000,1289280119000,1.59471,1.59471,1.59423,1.59441,99800000,1
1289280120000,1289280179000,1.59457,1.59457,1.59425,1.59435,61800000,1
1289280180000,1289280239000,1.59435,1.59456,1.59435,1.59452,72600000,1
1289280240000,1289280299000,1.59456,1.59486,1.59448,1.59466,77500000,1
1289280300000,1289280359000,1.59458,1.59511,1.59449,1.59467,71300000,1
1289280360000,1289280419000,1.59468,1.59468,1.59447,1.59462,58700000,1
1289280420000,1289280479000,1.59457,1.59471,1.5945,1.59456,58300000,1
1289280480000,1289280539000,1.59456,1.59465,1.59452,1.59452,48800000,1
1289280540000,1289280599000,1.59453,1.59458,1.59446,1.59458,44900000,1
1289280600000,1289280659000,1.59459,1.59488,1.59439,1.59474,102300000,1
1289280660000,1289280719000,1.59479,1.59564,1.59479,1.59539,143400000,1
1289280720000,1289280779000,1.59539,1.59557,1.59527,1.59536,85400000,1
1289280780000,1289280839000,1.59537,1.59553,1.59517,1.59533,65100000,1
1289280840000,1289280899000,1.59533,1.59555,1.59518,1.59555,98600000,1
1289280900000,1289280959000,1.59555,1.59558,1.59527,1.59553,57800000,1
1289280960000,1289281019000,1.59553,1.59575,1.59548,1.59563,71700000,1
1289281020000,1289281079000,1.59562,1.59562,1.59509,1.59526,81800000,1
1289281080000,1289281139000,1.5953,1.59535,1.59518,1.59518,61600000,1
1289281140000,1289281199000,1.59518,1.59525,1.59484,1.59511,91100000,1
1289281200000,1289281259000,1.59506,1.59544,1.59494,1.59533,92900000,1
1289281260000,1289281319000,1.59545,1.59557,1.59532,1.59553,113800000,1
1289281320000,1289281379000,1.59557,1.59564,1.59523,1.59528,97600000,1
1289281380000,1289281439000,1.59523,1.59572,1.59513,1.59569,107900000,1
1289281440000,1289281499000,1.59564,1.59634,1.59564,1.59611,129000000,1
1289281500000,1289281559000,1.59611,1.5962,1.59561,1.59561,71000000,1
1289281560000,1289281619000,1.5957,1.59612,1.59564,1.59604,101500000,1
1289281620000,1289281679000,1.59607,1.59633,1.59607,1.59622,68000000,1
1289281680000,1289281739000,1.59619,1.5963,1.59586,1.59608,135800000,1
1289281740000,1289281799000,1.59608,1.59623,1.59599,1.59607,106100000,1
1289281800000,1289281859000,1.59607,1.59627,1.59606,1.59609,96600000,1
1289281860000,1289281919000,1.59609,1.59624,1.59597,1.59608,95000000,1
1289281920000,1289281979000,1.59597,1.59597,1.59532,1.59532,98800000,1
1289281980000,1289282039000,1.59532,1.59557,1.59525,1.5955,78500000,1
1289282040000,1289282099000,1.59549,1.59556,1.59529,1.59531,90600000,1
1289282100000,1289282159000,1.59531,1.59567,1.59531,1.5955,110500000,1
1289282160000,1289282219000,1.5955,1.59562,1.5954,1.5954,117000000,1
1289282220000,1289282279000,1.5954,1.59549,1.59535,1.59535,106300000,1
1289282280000,1289282339000,1.59535,1.59566,1.59535,1.59551,89900000,1
1289282340000,1289282399000,1.59552,1.59552,1.59519,1.59531,87200000,1
1289282400000,1289282459000,1.59529,1.59539,1.59507,1.5953,99600000,1
1289282460000,1289282519000,1.59532,1.5955,1.5953,1.5953,72200000,1
1289282520000,1289282579000,1.5953,1.59548,1.5953,1.59548,68300000,1
1289282580000,1289282639000,1.59548,1.59561,1.59548,1.59548,76000000,1
1289282640000,1289282699000,1.59548,1.59559,1.59519,1.59519,86000000,1
1289282700000,1289282759000,1.59514,1.59529,1.595,1.59527,96400000,1
1289282760000,1289282819000,1.59519,1.59528,1.59488,1.59489,108700000,1
1289282820000,1289282879000,1.59489,1.59504,1.59489,1.59497,119000000,1
1289282880000,1289282939000,1.59497,1.59504,1.59478,1.59479,106900000,1
1289282940000,1289282999000,1.59479,1.59511,1.59479,1.59493,109600000,1
1289283000000,1289283059000,1.59493,1.59523,1.59493,1.59514,71200000,1
1289283060000,1289283119000,1.59521,1.59521,1.59476,1.59487,67400000,1
1289283120000,1289283179000,1.59489,1.59523,1.59477,1.59518,85300000,1
1289283180000,1289283239000,1.59519,1.59529,1.59508,1.59525,62100000,1
1289283240000,1289283299000,1.59522,1.5958,1.59514,1.5958,117300000,1
1289283300000,1289283359000,1.59581,1.59587,1.59562,1.59573,91500000,1
1289283360000,1289283419000,1.59573,1.59587,1.59545,1.59545,80500000,1
1289283420000,1289283479000,1.59539,1.59551,1.59509,1.59535,88100000,1
1289283480000,1289283539000,1.59535,1.59535,1.59495,1.59496,68800000,1
1289283540000,1289283599000,1.59496,1.59516,1.59447,1.59462,103600000,1
1289283600000,1289283659000,1.59462,1.59493,1.59457,1.59488,100600000,1
1289283660000,1289283719000,1.59488,1.59492,1.5944,1.59442,80000000,1
1289283720000,1289283779000,1.59442,1.59471,1.59442,1.59454,89500000,1
1289283780000,1289283839000,1.59457,1.59496,1.5945,1.59492,93300000,1
1289283840000,1289283899000,1.59486,1.59486,1.59459,1.59467,99200000,1
1289283900000,1289283959000,1.59467,1.59467,1.59449,1.59457,101500000,1
1289283960000,1289284019000,1.59457,1.59467,1.59428,1.59448,80400000,1
1289284020000,1289284079000,1.59448,1.59468,1.59424,1.59424,93100000,1
1289284080000,1289284139000,1.59432,1.5945,1.59423,1.59441,82200000,1
1289284140000,1289284199000,1.59431,1.5946,1.59431,1.5946,91500000,1
1289284200000,1289284259000,1.5946,1.59462,1.59433,1.59453,83000000,1
1289284260000,1289284319000,1.59453,1.59465,1.59444,1.59449,90700000,1
1289284320000,1289284379000,1.59457,1.59457,1.59375,1.59383,102100000,1
1289284380000,1289284439000,1.59382,1.59456,1.59382,1.59449,79100000,1
1289284440000,1289284499000,1.59449,1.59462,1.59416,1.59416,64600000,1
1289284500000,1289284559000,1.59416,1.59446,1.59414,1.59446,80300000,1
1289284560000,1289284619000,1.59448,1.59483,1.59448,1.59477,86000000,1
1289284620000,1289284679000,1.59472,1.59477,1.59445,1.59471,84100000,1
1289284680000,1289284739000,1.59473,1.59499,1.59459,1.59499,93500000,1
1289284740000,1289284799000,1.59499,1.59518,1.59451,1.59478,136300000,1
1289284800000,1289284859000,1.59474,1.59529,1.59471,1.59493,74900000,1
1289284860000,1289284919000,1.59493,1.59506,1.59488,1.59492,89500000,1
1289284920000,1289284979000,1.59497,1.59503,1.59469,1.59486,77700000,1
1289284980000,1289285039000,1.59488,1.59529,1.59488,1.59519,79600000,1
1289285040000,1289285099000,1.59513,1.59577,1.59513,1.59577,101300000,1
1289285100000,1289285159000,1.59577,1.59591,1.59539,1.59573,75800000,1
1289285160000,1289285219000,1.59573,1.59602,1.59553,1.59561,77800000,1
1289285220000,1289285279000,1.59558,1.59583,1.59548,1.59559,76700000,1
1289285280000,1289285339000,1.59559,1.59571,1.59545,1.5955,84500000,1
1289285340000,1289285399000,1.59554,1.59554,1.59524,1.59525,111000000,1
1289285400000,1289285459000,1.59525,1.59538,1.59454,1.59458,98300000,1
1289285460000,1289285519000,1.59459,1.59488,1.59458,1.59472,64800000,1
1289285520000,1289285579000,1.59472,1.59481,1.59447,1.5945,77100000,1
1289285580000,1289285639000,1.59459,1.59459,1.59423,1.59434,113500000,1
1289285640000,1289285699000,1.59434,1.59487,1.5942,1.59479,106900000,1
1289285700000,1289285759000,1.59479,1.59483,1.59456,1.59476,85100000,1
1289285760000,1289285819000,1.59474,1.59504,1.5946,1.59504,90800000,1
1289285820000,1289285879000,1.59504,1.59504,1.59465,1.59482,69000000,1
1289285880000,1289285939000,1.59483,1.59496,1.59446,1.59449,93500000,1
1289285940000,1289285999000,1.59457,1.59477,1.59451,1.59455,102500000,1
1289286000000,1289286059000,1.59454,1.59573,1.59454,1.59567,96700000,1
1289286060000,1289286119000,1.59563,1.59607,1.59557,1.59607,166800000,1
1289286120000,1289286179000,1.596,1.59617,1.59561,1.59562,109100000,1
1289286180000,1289286239000,1.59572,1.59581,1.59511,1.59519,127000000,1
1289286240000,1289286299000,1.59528,1.59533,1.59497,1.59505,90900000,1
1289286300000,1289286359000,1.59505,1.59538,1.595,1.5953,127400000,1
1289286360000,1289286419000,1.59531,1.59539,1.59509,1.59516,104100000,1
1289286420000,1289286479000,1.59511,1.5952,1.59466,1.59475,70100000,1
1289286480000,1289286539000,1.59483,1.59483,1.59389,1.59409,113300000,1
1289286540000,1289286599000,1.59409,1.59453,1.59393,1.59393,157500000,1
1289286600000,1289286659000,1.59393,1.59484,1.59393,1.59484,123400000,1
1289286660000,1289286719000,1.59484,1.59496,1.59445,1.59461,130300000,1
1289286720000,1289286779000,1.59464,1.59511,1.59464,1.59511,101400000,1
1289286780000,1289286839000,1.59511,1.59511,1.59445,1.59459,101000000,1
1289286840000,1289286899000,1.59458,1.59473,1.59436,1.59466,95400000,1
1289286900000,1289286959000,1.59473,1.59483,1.59447,1.59479,103000000,1
1289286960000,1289287019000,1.59473,1.59494,1.5946,1.59494,79500000,1
1289287020000,1289287079000,1.59494,1.59507,1.59472,1.59492,81200000,1
1289287080000,1289287139000,1.59486,1.59572,1.59486,1.59561,127500000,1
1289287140000,1289287199000,1.59561,1.59643,1.59556,1.59612,129500000,1
1289287200000,1289287259000,1.59612,1.59697,1.59597,1.59685,138000000,1
1289287260000,1289287319000,1.59691,1.59707,1.59651,1.59671,167600000,1
1289287320000,1289287379000,1.59679,1.59748,1.59679,1.59746,85600000,1
1289287380000,1289287439000,1.59738,1.59749,1.59713,1.59713,142400000,1
1289287440000,1289287499000,1.59713,1.59729,1.59668,1.59671,140700000,1
1289287500000,1289287559000,1.59677,1.59727,1.5967,1.5968,151600000,1
1289287560000,1289287619000,1.59675,1.59762,1.59672,1.59762,171600000,1
1289287620000,1289287679000,1.59762,1.59787,1.59692,1.59692,134800000,1
1289287680000,1289287739000,1.59693,1.59782,1.59689,1.59771,167000000,1
1289287740000,1289287799000,1.59773,1.5979,1.59761,1.59768,98100000,1
1289287800000,1289287859000,1.5977,1.5977,1.59705,1.59707,110800000,1
1289287860000,1289287919000,1.59705,1.59712,1.59656,1.59706,117300000,1
1289287920000,1289287979000,1.59712,1.59748,1.59684,1.59701,95400000,1
1289287980000,1289288039000,1.59701,1.59708,1.59657,1.59674,114800000,1
1289288040000,1289288099000,1.59676,1.59722,1.59669,1.59669,114600000,1
1289288100000,1289288159000,1.59673,1.59728,1.59663,1.59712,176900000,1
1289288160000,1289288219000,1.59713,1.59781,1.59685,1.59762,205700000,1
1289288220000,1289288279000,1.5977,1.5979,1.59747,1.5975,198300000,1
1289288280000,1289288339000,1.5975,1.59758,1.59597,1.59613,185600000,1
1289288340000,1289288399000,1.59615,1.59632,1.59519,1.59539,184700000,1
1289288400000,1289288459000,1.59538,1.59576,1.59533,1.59576,132100000,1
1289288460000,1289288519000,1.59578,1.59591,1.59554,1.59576,73800000,1
1289288520000,1289288579000,1.59573,1.59583,1.59534,1.59563,137500000,1
1289288580000,1289288639000,1.59565,1.59593,1.59563,1.59571,101700000,1
1289288640000,1289288699000,1.59571,1.59596,1.59555,1.59556,97200000,1
1289288700000,1289288759000,1.59567,1.59594,1.59522,1.59523,91900000,1
1289288760000,1289288819000,1.59516,1.5955,1.59436,1.59531,155500000,1
1289288820000,1289288879000,1.59532,1.59565,1.59508,1.59554,107000000,1
1289288880000,1289288939000,1.59555,1.59571,1.59552,1.59559,82300000,1
1289288940000,1289288999000,1.59578,1.59587,1.59556,1.59566,116700000,1
1289289000000,1289289059000,1.59573,1.59597,1.59573,1.59575,84200000,1
1289289060000,1289289119000,1.59575,1.59601,1.59559,1.59568,102000000,1
1289289120000,1289289179000,1.59568,1.59571,1.5953,1.5957,110800000,1
1289289180000,1289289239000,1.5957,1.59583,1.59513,1.59529,143500000,1
1289289240000,1289289299000,1.5953,1.5953,1.59481,1.59488,101800000,1
1289289300000,1289289359000,1.59485,1.59598,1.59485,1.59598,135400000,1
1289289360000,1289289419000,1.59593,1.59615,1.59538,1.59545,136800000,1
1289289420000,1289289479000,1.59545,1.59606,1.59545,1.59606,99200000,1
1289289480000,1289289539000,1.59601,1.59652,1.59583,1.59599,139500000,1
1289289540000,1289289599000,1.59589,1.59594,1.59527,1.59535,102400000,1
1289289600000,1289289659000,1.59536,1.59608,1.59508,1.59582,136400000,1
1289289660000,1289289719000,1.59595,1.59652,1.59594,1.59612,106700000,1
1289289720000,1289289779000,1.59609,1.59618,1.59567,1.59572,123400000,1
1289289780000,1289289839000,1.59572,1.59572,1.59518,1.59541,122700000,1
1289289840000,1289289899000,1.59535,1.59587,1.59527,1.59569,130600000,1
1289289900000,1289289959000,1.59571,1.59599,1.59537,1.59537,140200000,1
1289289960000,1289290019000,1.59528,1.59528,1.59321,1.59386,172200000,1
1289290020000,1289290079000,1.59384,1.59436,1.59384,1.59402,124800000,1
1289290080000,1289290139000,1.59398,1.59583,1.59384,1.59449,139400000,1
1289290140000,1289290199000,1.59456,1.59457,1.59346,1.59438,124100000,1
1289290200000,1289290259000,1.59439,1.59546,1.59439,1.59543,140100000,1
1289290260000,1289290319000,1.59544,1.59623,1.59525,1.59581,162800000,1
1289290320000,1289290379000,1.5958,1.59596,1.59504,1.59505,137200000,1
1289290380000,1289290439000,1.59522,1.59564,1.5949,1.59523,162600000,1
1289290440000,1289290499000,1.59529,1.59609,1.59522,1.59591,153500000,1
1289290500000,1289290559000,1.59586,1.59632,1.5958,1.5958,120900000,1
1289290560000,1289290619000,1.59574,1.59594,1.59518,1.59579,149000000,1
1289290620000,1289290679000,1.59572,1.59646,1.59541,1.59641,144900000,1
1289290680000,1289290739000,1.59657,1.59657,1.59544,1.59544,131800000,1
1289290740000,1289290799000,1.59554,1.59562,1.59487,1.59506,108400000,1
1289290800000,1289290859000,1.59506,1.59568,1.59492,1.59547,163500000,1
1289290860000,1289290919000,1.59552,1.59624,1.59552,1.59581,108300000,1
1289290920000,1289290979000,1.59585,1.59585,1.59539,1.59539,94500000,1
1289290980000,1289291039000,1.59539,1.59545,1.59471,1.59477,103200000,1
1289291040000,1289291099000,1.59478,1.59537,1.59477,1.59537,99700000,1
1289291100000,1289291159000,1.59537,1.59706,1.59526,1.59642,183800000,1
1289291160000,1289291219000,1.5964,1.59657,1.59544,1.5955,183100000,1
1289291220000,1289291279000,1.59553,1.59609,1.5953,1.59596,161100000,1
1289291280000,1289291339000,1.59593,1.59614,1.59567,1.59567,171100000,1
1289291340000,1289291399000,1.59566,1.59579,1.59547,1.59556,97500000,1
1289291400000,1289291459000,1.59556,1.59615,1.59555,1.59603,134800000,1
1289291460000,1289291519000,1.59599,1.59599,1.59528,1.59549,117000000,1
1289291520000,1289291579000,1.59549,1.59593,1.59549,1.59593,142900000,1
1289291580000,1289291639000,1.59593,1.5962,1.59562,1.59589,122500000,1
1289291640000,1289291699000,1.59593,1.59633,1.59539,1.59621,126500000,1
1289291700000,1289291759000,1.59641,1.59688,1.59629,1.59654,127700000,1
1289291760000,1289291819000,1.59644,1.59646,1.59608,1.59632,117500000,1
1289291820000,1289291879000,1.59632,1.59632,1.59476,1.59507,116300000,1
1289291880000,1289291939000,1.59503,1.5954,1.59467,1.59534,147000000,1
1289291940000,1289291999000,1.59536,1.5958,1.59525,1.59579,114100000,1
1289292000000,1289292059000,1.59572,1.59572,1.59542,1.59556,79100000,1
1289292060000,1289292119000,1.59556,1.59584,1.59535,1.59535,105800000,1
1289292120000,1289292179000,1.59535,1.59536,1.59496,1.59503,94800000,1
1289292180000,1289292239000,1.59499,1.59591,1.59488,1.59538,126100000,1
1289292240000,1289292299000,1.59534,1.59542,1.59518,1.59518,91300000,1
1289292300000,1289292359000,1.5952,1.59522,1.59388,1.59419,127100000,1
1289292360000,1289292419000,1.59413,1.59446,1.59387,1.5939,95900000,1
1289292420000,1289292479000,1.59394,1.59395,1.59328,1.5936,109600000,1
1289292480000,1289292539000,1.59368,1.59378,1.59354,1.5937,105800000,1
1289292540000,1289292599000,1.59369,1.59384,1.59325,1.59358,132200000,1
1289292600000,1289292659000,1.59357,1.59357,1.59329,1.59329,89800000,1
1289292660000,1289292719000,1.59329,1.59345,1.5931,1.5931,104600000,1
1289292720000,1289292779000,1.5931,1.59356,1.59306,1.59309,147100000,1
1289292780000,1289292839000,1.59309,1.59324,1.59295,1.59323,81500000,1
1289292840000,1289292899000,1.59325,1.59355,1.59318,1.59355,85400000,1
1289292900000,1289292959000,1.59358,1.59374,1.59349,1.59367,108900000,1
1289292960000,1289293019000,1.59358,1.59436,1.59356,1.59426,117500000,1
1289293020000,1289293079000,1.59421,1.59474,1.59418,1.59461,110900000,1
1289293080000,1289293139000,1.59461,1.59472,1.59413,1.59441,96300000,1
1289293140000,1289293199000,1.59447,1.59451,1.59384,1.59384,117100000,1
1289293200000,1289293259000,1.59364,1.594,1.5936,1.59364,136300000,1
1289293260000,1289293319000,1.59366,1.59366,1.59287,1.59308,138400000,1
1289293320000,1289293379000,1.5932,1.5932,1.59263,1.59312,144900000,1
1289293380000,1289293439000,1.59312,1.59312,1.5917,1.5917,160000000,1
1289293440000,1289293499000,1.59169,1.59204,1.59151,1.59187,124200000,1
1289293500000,1289293559000,1.59187,1.59198,1.59139,1.59166,118700000,1
1289293560000,1289293619000,1.59165,1.59223,1.59145,1.59217,128000000,1
1289293620000,1289293679000,1.59225,1.59226,1.5918,1.59226,101000000,1
1289293680000,1289293739000,1.5923,1.59293,1.59195,1.59277,94400000,1
1289293740000,1289293799000,1.59285,1.59299,1.59241,1.59267,109000000,1
1289293800000,1289293859000,1.59267,1.59287,1.59243,1.59277,137600000,1
1289293860000,1289293919000,1.59266,1.59308,1.59256,1.59286,140700000,1
1289293920000,1289293979000,1.59288,1.59329,1.59265,1.59265,96100000,1
1289293980000,1289294039000,1.59255,1.59304,1.59255,1.59273,137500000,1
1289294040000,1289294099000,1.59281,1.59305,1.59269,1.59284,86600000,1
1289294100000,1289294159000,1.59282,1.59306,1.59273,1.5929,105500000,1
1289294160000,1289294219000,1.5929,1.5931,1.59277,1.59288,88100000,1
1289294220000,1289294279000,1.59291,1.59321,1.59278,1.59278,98700000,1
1289294280000,1289294339000,1.59278,1.59306,1.5925,1.5926,109000000,1
1289294340000,1289294399000,1.59257,1.59275,1.59205,1.59215,102800000,1
1289294400000,1289294459000,1.59215,1.59223,1.59063,1.59063,137500000,1
1289294460000,1289294519000,1.59064,1.59067,1.59002,1.5903,127900000,1
1289294520000,1289294579000,1.59026,1.59028,1.58924,1.58947,189200000,1
1289294580000,1289294639000,1.58938,1.58973,1.58924,1.58954,169400000,1
1289294640000,1289294699000,1.58963,1.58991,1.58924,1.58943,229600000,1
1289294700000,1289294759000,1.58946,1.58957,1.58901,1.58915,128900000,1
1289294760000,1289294819000,1.58907,1.58952,1.58892,1.58908,117500000,1
1289294820000,1289294879000,1.58907,1.58962,1.58888,1.58932,156100000,1
1289294880000,1289294939000,1.58938,1.58986,1.58916,1.58948,135300000,1
1289294940000,1289294999000,1.58954,1.58971,1.58746,1.58873,167300000,1
1289295000000,1289295059000,1.58863,1.59051,1.5876,1.59044,176300000,1
1289295060000,1289295119000,1.5905,1.59084,1.58988,1.5904,123400000,1
1289295120000,1289295179000,1.59026,1.59093,1.59007,1.59093,139500000,1
1289295180000,1289295239000,1.59093,1.59134,1.59042,1.59042,189000000,1
1289295240000,1289295299000,1.59068,1.59113,1.59047,1.5909,168400000,1
1289295300000,1289295359000,1.59088,1.59116,1.59073,1.59102,124000000,1
1289295360000,1289295419000,1.59102,1.59145,1.59089,1.59118,120200000,1
1289295420000,1289295479000,1.59108,1.59215,1.59067,1.59208,150700000,1
1289295480000,1289295539000,1.59203,1.59215,1.59155,1.59194,134800000,1
1289295540000,1289295599000,1.59194,1.59194,1.59089,1.59097,188300000,1
1289295600000,1289295659000,1.59084,1.59089,1.58981,1.59034,153500000,1
1289295660000,1289295719000,1.59039,1.59059,1.5901,1.59029,174000000,1
1289295720000,1289295779000,1.59024,1.59035,1.58972,1.58994,80600000,1
1289295780000,1289295839000,1.58993,1.59055,1.58956,1.58968,116400000,1
1289295840000,1289295899000,1.58963,1.5897,1.58942,1.58957,86700000,1
1289295900000,1289295959000,1.58963,1.58963,1.58927,1.58947,111500000,1
1289295960000,1289296019000,1.58943,1.58983,1.58933,1.58982,117100000,1
1289296020000,1289296079000,1.58983,1.58996,1.58865,1.58927,218600000,1
1289296080000,1289296139000,1.58931,1.5894,1.58853,1.58853,191700000,1
1289296140000,1289296199000,1.58853,1.59004,1.58828,1.58988,153100000,1
1289296200000,1289296259000,1.58983,1.59026,1.58967,1.59019,132600000,1
1289296260000,1289296319000,1.59027,1.59079,1.59027,1.59042,110500000,1
1289296320000,1289296379000,1.59045,1.59075,1.59012,1.59018,127400000,1
1289296380000,1289296439000,1.59019,1.59026,1.59003,1.59019,93500000,1
1289296440000,1289296499000,1.59015,1.59062,1.59015,1.59062,130300000,1
1289296500000,1289296559000,1.5905,1.59051,1.58972,1.58978,112900000,1
1289296560000,1289296619000,1.58978,1.59032,1.58978,1.59017,161900000,1
1289296620000,1289296679000,1.59011,1.5904,1.59011,1.59037,109400000,1
1289296680000,1289296739000,1.59027,1.59056,1.58981,1.59015,182400000,1
1289296740000,1289296799000,1.59006,1.59015,1.58971,1.58976,203500000,1
1289296800000,1289296859000,1.5899,1.59028,1.58989,1.59003,170700000,1
1289296860000,1289296919000,1.59007,1.59015,1.58963,1.58964,169500000,1
1289296920000,1289296979000,1.58964,1.58982,1.5895,1.5896,135800000,1
1289296980000,1289297039000,1.5896,1.58993,1.58947,1.58975,116800000,1
1289297040000,1289297099000,1.58975,1.58993,1.5896,1.58975,123300000,1
1289297100000,1289297159000,1.58978,1.59009,1.58971,1.59009,91600000,1
1289297160000,1289297219000,1.59009,1.59009,1.58971,1.58979,107400000,1
1289297220000,1289297279000,1.5898,1.59029,1.5898,1.59027,83200000,1
1289297280000,1289297339000,1.59028,1.5905,1.59017,1.59023,82000000,1
1289297340000,1289297399000,1.59042,1.59084,1.59018,1.59037,135900000,1
1289297400000,1289297459000,1.59037,1.59057,1.58914,1.58923,178900000,1
1289297460000,1289297519000,1.58918,1.58973,1.58901,1.5894,141400000,1
1289297520000,1289297579000,1.58931,1.58985,1.58929,1.58951,215600000,1
1289297580000,1289297639000,1.58953,1.58972,1.58894,1.58909,127300000,1
1289297640000,1289297699000,1.58906,1.58915,1.58847,1.58867,114500000,1
1289297700000,1289297759000,1.58877,1.58964,1.58877,1.5895,125000000,1
1289297760000,1289297819000,1.58944,1.5901,1.58944,1.59005,130800000,1
1289297820000,1289297879000,1.59004,1.59033,1.58964,1.58964,121200000,1
1289297880000,1289297939000,1.58977,1.58997,1.58962,1.58977,119700000,1
1289297940000,1289297999000,1.58979,1.59009,1.58972,1.59006,106800000,1
1289298000000,1289298059000,1.59006,1.59062,1.58995,1.59035,135400000,1
1289298060000,1289298119000,1.59043,1.59048,1.59011,1.59012,89800000,1
1289298120000,1289298179000,1.59012,1.5904,1.58982,1.59028,143800000,1
1289298180000,1289298239000,1.59027,1.5905,1.59009,1.59036,101600000,1
1289298240000,1289298299000,1.59039,1.59091,1.59028,1.59082,106300000,1
1289298300000,1289298359000,1.59082,1.59085,1.59037,1.59043,78500000,1
1289298360000,1289298419000,1.59043,1.59128,1.59027,1.59112,139200000,1
1289298420000,1289298479000,1.59119,1.59123,1.59055,1.59066,93200000,1
1289298480000,1289298539000,1.59069,1.59069,1.59044,1.5906,67600000,1
1289298540000,1289298599000,1.5906,1.59067,1.59007,1.5903,82800000,1
1289298600000,1289298659000,1.59037,1.59043,1.58992,1.59016,99100000,1
1289298660000,1289298719000,1.59012,1.59042,1.59004,1.59013,91400000,1
1289298720000,1289298779000,1.59013,1.59033,1.58985,1.59012,136200000,1
1289298780000,1289298839000,1.59027,1.59027,1.58983,1.59003,122400000,1
1289298840000,1289298899000,1.59017,1.59045,1.59001,1.59028,76300000,1
1289298900000,1289298959000,1.59028,1.59028,1.58953,1.58959,91500000,1
1289298960000,1289299019000,1.58968,1.59006,1.58946,1.58963,116400000,1
1289299020000,1289299079000,1.58963,1.59018,1.58956,1.58973,121100000,1
1289299080000,1289299139000,1.58965,1.58997,1.58939,1.58942,96500000,1
1289299140000,1289299199000,1.58951,1.58951,1.5889,1.5889,131800000,1
1289299200000,1289299259000,1.58905,1.58935,1.58873,1.58886,125700000,1
1289299260000,1289299319000,1.58885,1.59081,1.5887,1.59066,180400000,1
1289299320000,1289299379000,1.59059,1.591,1.59053,1.59083,115000000,1
1289299380000,1289299439000,1.59081,1.59089,1.59059,1.59067,122600000,1
1289299440000,1289299499000,1.59067,1.59082,1.59057,1.5907,95100000,1
1289299500000,1289299559000,1.59069,1.59081,1.59056,1.59069,130600000,1
1289299560000,1289299619000,1.5907,1.59126,1.59067,1.59085,122700000,1
1289299620000,1289299679000,1.59086,1.59121,1.59065,1.59069,101900000,1
1289299680000,1289299739000,1.59074,1.59104,1.59064,1.59084,88300000,1
1289299740000,1289299799000,1.59081,1.59141,1.59074,1.59136,128200000,1
1289299800000,1289299859000,1.59136,1.59136,1.59106,1.59119,122900000,1
1289299860000,1289299919000,1.59119,1.59124,1.5911,1.59121,118800000,1
1289299920000,1289299979000,1.59121,1.5913,1.5907,1.59076,92800000,1
1289299980000,1289300039000,1.59076,1.59076,1.59025,1.59031,79800000,1
1289300040000,1289300099000,1.59031,1.59076,1.59022,1.59071,82500000,1
1289300100000,1289300159000,1.59071,1.59087,1.59015,1.59015,114900000,1
1289300160000,1289300219000,1.59005,1.59021,1.58994,1.59004,115800000,1
1289300220000,1289300279000,1.59004,1.59034,1.59001,1.59027,118800000,1
1289300280000,1289300339000,1.59028,1.59048,1.59014,1.59017,113500000,1
1289300340000,1289300399000,1.59026,1.59038,1.59016,1.59022,127200000,1
1289300400000,1289300459000,1.59022,1.59064,1.59014,1.5905,121200000,1
1289300460000,1289300519000,1.59052,1.59075,1.59038,1.59066,112400000,1
1289300520000,1289300579000,1.59061,1.59064,1.59038,1.59053,102500000,1
1289300580000,1289300639000,1.59051,1.59061,1.5904,1.59056,87600000,1
1289300640000,1289300699000,1.59048,1.59083,1.59043,1.59067,102200000,1
1289300700000,1289300759000,1.59066,1.59088,1.59063,1.59077,90700000,1
1289300760000,1289300819000,1.59077,1.59106,1.59066,1.59104,99000000,1
1289300820000,1289300879000,1.59103,1.59146,1.59101,1.59112,123800000,1
1289300880000,1289300939000,1.5911,1.59121,1.59105,1.59111,96300000,1
1289300940000,1289300999000,1.59111,1.59131,1.59111,1.59122,81400000,1
1289301000000,1289301059000,1.59122,1.59126,1.59079,1.59097,122600000,1
1289301060000,1289301119000,1.59097,1.59111,1.59081,1.59092,107600000,1
1289301120000,1289301179000,1.59096,1.591,1.59047,1.59094,132900000,1
1289301180000,1289301239000,1.59089,1.59113,1.59077,1.59101,96600000,1
1289301240000,1289301299000,1.59107,1.59137,1.59082,1.59089,114100000,1
1289301300000,1289301359000,1.59089,1.59124,1.59074,1.5909,124200000,1
1289301360000,1289301419000,1.59088,1.59116,1.59045,1.59082,166800000,1
1289301420000,1289301479000,1.59082,1.59128,1.59078,1.59114,122500000,1
1289301480000,1289301539000,1.59121,1.592,1.59121,1.592,127000000,1
1289301540000,1289301599000,1.592,1.59218,1.59163,1.5917,154200000,1
1289301600000,1289301659000,1.5917,1.59213,1.59139,1.59154,100600000,1
1289301660000,1289301719000,1.59149,1.59177,1.59117,1.59164,111400000,1
1289301720000,1289301779000,1.59166,1.59223,1.59164,1.59217,113400000,1
1289301780000,1289301839000,1.59217,1.59224,1.59193,1.59193,101000000,1
1289301840000,1289301899000,1.59193,1.59278,1.59191,1.59244,105900000,1
1289301900000,1289301959000,1.59247,1.59262,1.59195,1.59199,115300000,1
1289301960000,1289302019000,1.59214,1.59215,1.59192,1.59194,49900000,1
1289302020000,1289302079000,1.59198,1.592,1.59068,1.59124,132200000,1
1289302080000,1289302139000,1.59127,1.59161,1.5909,1.59098,130800000,1
1289302140000,1289302199000,1.59098,1.59126,1.59092,1.5911,126300000,1
1289302200000,1289302259000,1.5911,1.5911,1.59039,1.59044,91100000,1
1289302260000,1289302319000,1.5906,1.5906,1.59004,1.59013,107100000,1
1289302320000,1289302379000,1.59024,1.59046,1.59009,1.59027,89000000,1
1289302380000,1289302439000,1.59027,1.59029,1.59,1.59011,71700000,1
1289302440000,1289302499000,1.59011,1.5903,1.58993,1.59014,96400000,1
1289302500000,1289302559000,1.59014,1.59023,1.58992,1.59004,63000000,1
1289302560000,1289302619000,1.59004,1.59007,1.58982,1.58982,84000000,1
1289302620000,1289302679000,1.58982,1.58982,1.58939,1.58943,90200000,1
1289302680000,1289302739000,1.58948,1.58952,1.58925,1.58941,93300000,1
1289302740000,1289302799000,1.58943,1.58965,1.58925,1.58954,96700000,1
1289302800000,1289302859000,1.58956,1.58974,1.58945,1.58951,96100000,1
1289302860000,1289302919000,1.58951,1.58991,1.58935,1.58958,78300000,1
1289302920000,1289302979000,1.58946,1.58992,1.58946,1.58982,93000000,1
1289302980000,1289303039000,1.58983,1.58996,1.5896,1.58977,117600000,1
1289303040000,1289303099000,1.58979,1.59038,1.58963,1.59038,119700000,1
1289303100000,1289303159000,1.5903,1.59086,1.59028,1.59055,121400000,1
1289303160000,1289303219000,1.59054,1.5908,1.59037,1.59057,121700000,1
1289303220000,1289303279000,1.59057,1.5913,1.59049,1.5909,127400000,1
1289303280000,1289303339000,1.59108,1.5915,1.59084,1.59084,126100000,1
1289303340000,1289303399000,1.59101,1.59106,1.59073,1.59085,105000000,1
1289303400000,1289303459000,1.59089,1.59109,1.59084,1.59096,88700000,1
1289303460000,1289303519000,1.59097,1.59127,1.59091,1.59114,96300000,1
1289303520000,1289303579000,1.59114,1.59134,1.59094,1.5913,86600000,1
1289303580000,1289303639000,1.59119,1.59159,1.59104,1.59149,141100000,1
1289303640000,1289303699000,1.59148,1.59166,1.59132,1.59134,88600000,1
1289303700000,1289303759000,1.59135,1.59151,1.59124,1.59149,91600000,1
1289303760000,1289303819000,1.59145,1.59162,1.59116,1.59131,83200000,1
1289303820000,1289303879000,1.59135,1.59141,1.59122,1.59131,83900000,1
1289303880000,1289303939000,1.59127,1.59132,1.59087,1.59092,74500000,1
1289303940000,1289303999000,1.59092,1.59097,1.59056,1.59078,105600000,1
1289304000000,1289304059000,1.59083,1.59091,1.59057,1.59078,64400000,1
1289304060000,1289304119000,1.59078,1.59078,1.59048,1.59057,127100000,1
1289304120000,1289304179000,1.59057,1.59108,1.59057,1.59074,101000000,1
1289304180000,1289304239000,1.59078,1.59126,1.59072,1.5911,130700000,1
1289304240000,1289304299000,1.59107,1.59164,1.59107,1.59151,125900000,1
1289304300000,1289304359000,1.59149,1.59158,1.59113,1.59125,118300000,1
1289304360000,1289304419000,1.59125,1.59139,1.59117,1.59122,109600000,1
1289304420000,1289304479000,1.59131,1.59154,1.59131,1.59139,119100000,1
1289304480000,1289304539000,1.59142,1.59144,1.59106,1.59126,109000000,1
1289304540000,1289304599000,1.59126,1.59204,1.59126,1.59178,111700000,1
1289304600000,1289304659000,1.59178,1.5918,1.59148,1.59153,134800000,1
1289304660000,1289304719000,1.59147,1.5915,1.59113,1.59127,99200000,1
1289304720000,1289304779000,1.59126,1.59128,1.5907,1.5907,85300000,1
1289304780000,1289304839000,1.5907,1.59078,1.59038,1.5906,128400000,1
1289304840000,1289304899000,1.59052,1.59067,1.59028,1.59033,104400000,1
1289304900000,1289304959000,1.59018,1.59036,1.59006,1.59028,148600000,1
1289304960000,1289305019000,1.59028,1.59033,1.5901,1.59016,187700000,1
1289305020000,1289305079000,1.59016,1.5904,1.59006,1.59024,120900000,1
1289305080000,1289305139000,1.59032,1.59057,1.59023,1.59034,93400000,1
1289305140000,1289305199000,1.59034,1.59061,1.5903,1.59058,81900000,1
1289305200000,1289305259000,1.59058,1.59093,1.59026,1.59071,122400000,1
1289305260000,1289305319000,1.59068,1.59086,1.59061,1.59071,96100000,1
1289305320000,1289305379000,1.59066,1.59091,1.59048,1.59048,96500000,1
1289305380000,1289305439000,1.59048,1.59048,1.59001,1.59006,62800000,1
1289305440000,1289305499000,1.59006,1.59006,1.58937,1.58948,99600000,1
1289305500000,1289305559000,1.58948,1.58963,1.58941,1.58959,105800000,1
1289305560000,1289305619000,1.58959,1.59006,1.58944,1.58989,129500000,1
1289305620000,1289305679000,1.58989,1.59001,1.58954,1.58958,89500000,1
1289305680000,1289305739000,1.5896,1.59006,1.5896,1.59005,84000000,1
1289305740000,1289305799000,1.59005,1.59063,1.59005,1.59055,102500000,1
1289305800000,1289305859000,1.59055,1.59067,1.59012,1.59067,87000000,1
1289305860000,1289305919000,1.59081,1.59081,1.59031,1.59039,98300000,1
1289305920000,1289305979000,1.59039,1.59067,1.59024,1.59059,75200000,1
1289305980000,1289306039000,1.59065,1.59098,1.59065,1.59098,113000000,1
1289306040000,1289306099000,1.59098,1.59105,1.5906,1.5906,79400000,1
1289306100000,1289306159000,1.59061,1.59061,1.59018,1.59026,72700000,1
1289306160000,1289306219000,1.59026,1.59026,1.58989,1.58989,90400000,1
1289306220000,1289306279000,1.58989,1.59,1.58963,1.58979,78000000,1
1289306280000,1289306339000,1.58978,1.58995,1.58971,1.58986,101900000,1
1289306340000,1289306399000,1.5897,1.59013,1.58949,1.58991,102900000,1
1289306400000,1289306459000,1.58994,1.59012,1.58981,1.58985,84100000,1
1289306460000,1289306519000,1.5897,1.59006,1.5897,1.5899,128000000,1
1289306520000,1289306579000,1.58989,1.59014,1.58978,1.58992,108600000,1
1289306580000,1289306639000,1.58997,1.59032,1.5898,1.58989,113000000,1
1289306640000,1289306699000,1.58985,1.59042,1.58984,1.59033,82600000,1
1289306700000,1289306759000,1.59033,1.59064,1.59018,1.59042,99800000,1
1289306760000,1289306819000,1.59038,1.59076,1.59037,1.59046,118900000,1
1289306820000,1289306879000,1.59046,1.59067,1.5904,1.5904,95300000,1
1289306880000,1289306939000,1.5904,1.59057,1.59013,1.59039,96900000,1
1289306940000,1289306999000,1.59039,1.5907,1.59034,1.59069,83100000,1
1289307000000,1289307059000,1.59076,1.59099,1.59069,1.59089,92800000,1
1289307060000,1289307119000,1.59089,1.59179,1.59089,1.59121,113900000,1
1289307120000,1289307179000,1.59121,1.5913,1.59091,1.5911,107000000,1
1289307180000,1289307239000,1.5911,1.59118,1.59084,1.59084,96000000,1
1289307240000,1289307299000,1.59085,1.59086,1.59053,1.59063,108900000,1
1289307300000,1289307359000,1.59058,1.59078,1.59041,1.59063,99700000,1
1289307360000,1289307419000,1.59061,1.59101,1.59044,1.59099,118500000,1
1289307420000,1289307479000,1.59099,1.59106,1.59067,1.59082,104000000,1
1289307480000,1289307539000,1.59082,1.59151,1.59076,1.59143,91400000,1
1289307540000,1289307599000,1.59151,1.59177,1.59115,1.59151,128800000,1
1289307600000,1289307659000,1.59149,1.59166,1.59133,1.5914,96800000,1
1289307660000,1289307719000,1.59146,1.59157,1.591,1.59108,72800000,1
1289307720000,1289307779000,1.59109,1.59165,1.59109,1.59159,103000000,1
1289307780000,1289307839000,1.5916,1.59172,1.59154,1.59168,117100000,1
1289307840000,1289307899000,1.59168,1.59168,1.59103,1.59114,179800000,1
1289307900000,1289307959000,1.59111,1.59134,1.59109,1.59127,92900000,1
1289307960000,1289308019000,1.59127,1.59153,1.59122,1.59129,103600000,1
1289308020000,1289308079000,1.59129,1.59165,1.59124,1.59145,141200000,1
1289308080000,1289308139000,1.59176,1.59176,1.59133,1.59147,89700000,1
1289308140000,1289308199000,1.59136,1.59137,1.59107,1.59118,127200000,1
1289308200000,1289308259000,1.59119,1.59142,1.59098,1.59107,116500000,1
1289308260000,1289308319000,1.59107,1.59107,1.59088,1.59088,102200000,1
1289308320000,1289308379000,1.59087,1.59107,1.59082,1.59097,132800000,1
1289308380000,1289308439000,1.59096,1.59102,1.59053,1.59053,98500000,1
1289308440000,1289308499000,1.59055,1.59157,1.59052,1.5914,113400000,1
1289308500000,1289308559000,1.5915,1.59152,1.59105,1.59118,142300000,1
1289308560000,1289308619000,1.59121,1.59159,1.59072,1.59097,116300000,1
1289308620000,1289308679000,1.59095,1.59152,1.59095,1.59142,156300000,1
1289308680000,1289308739000,1.59131,1.59158,1.59085,1.59138,125500000,1
1289308740000,1289308799000,1.59147,1.59147,1.59063,1.59063,93800000,1
1289308800000,1289308859000,1.59065,1.59086,1.59037,1.59037,105700000,1
1289308860000,1289308919000,1.59038,1.5909,1.59038,1.5909,94900000,1
1289308920000,1289308979000,1.59091,1.59113,1.5908,1.59097,115500000,1
1289308980000,1289309039000,1.59102,1.59121,1.59092,1.59121,79500000,1
1289309040000,1289309099000,1.59121,1.5913,1.59101,1.59106,101400000,1
1289309100000,1289309159000,1.59104,1.59106,1.59082,1.59106,69100000,1
1289309160000,1289309219000,1.59106,1.59115,1.59089,1.59104,104700000,1
1289309220000,1289309279000,1.59098,1.59124,1.59086,1.591,89200000,1
1289309280000,1289309339000,1.59098,1.5912,1.59087,1.5912,67000000,1
1289309340000,1289309399000,1.5912,1.59158,1.59117,1.59142,104800000,1
1289309400000,1289309459000,1.5914,1.59178,1.59123,1.59123,203900000,1
1289309460000,1289309519000,1.59122,1.59135,1.59091,1.59094,147000000,1
1289309520000,1289309579000,1.59109,1.59149,1.59103,1.59122,115000000,1
1289309580000,1289309639000,1.59115,1.59137,1.59082,1.59082,114900000,1
1289309640000,1289309699000,1.5909,1.59167,1.5909,1.59102,150300000,1
1289309700000,1289309759000,1.59104,1.59107,1.5904,1.59057,101200000,1
1289309760000,1289309819000,1.59057,1.59088,1.59037,1.59075,99500000,1
1289309820000,1289309879000,1.59091,1.59106,1.59066,1.59077,101800000,1
1289309880000,1289309939000,1.59076,1.59122,1.59073,1.5911,127100000,1
1289309940000,1289309999000,1.59124,1.59128,1.59089,1.59108,86100000,1
1289310000000,1289310059000,1.59103,1.59127,1.59072,1.5911,118200000,1
1289310060000,1289310119000,1.59111,1.59134,1.59087,1.59119,127500000,1
1289310120000,1289310179000,1.5911,1.59123,1.59094,1.59117,110200000,1
1289310180000,1289310239000,1.59118,1.59144,1.59098,1.59099,131200000,1
1289310240000,1289310299000,1.59101,1.59134,1.59101,1.59134,117700000,1
1289310300000,1289310359000,1.59124,1.59124,1.59047,1.59047,94500000,1
1289310360000,1289310419000,1.59047,1.59066,1.59027,1.59053,106100000,1
1289310420000,1289310479000,1.59053,1.59074,1.59034,1.59036,93800000,1
1289310480000,1289310539000,1.59042,1.59087,1.59042,1.59085,84000000,1
1289310540000,1289310599000,1.59078,1.59078,1.59,1.59,117600000,1
1289310600000,1289310659000,1.58996,1.59005,1.58982,1.58993,97100000,1
1289310660000,1289310719000,1.58986,1.59027,1.58978,1.59017,106300000,1
1289310720000,1289310779000,1.59017,1.59022,1.5898,1.58991,96200000,1
1289310780000,1289310839000,1.58996,1.59019,1.58968,1.5901,95800000,1
1289310840000,1289310899000,1.59025,1.59049,1.58987,1.5904,84800000,1
1289310900000,1289310959000,1.5904,1.59057,1.59032,1.59053,77400000,1
1289310960000,1289311019000,1.59053,1.59068,1.59037,1.59052,66900000,1
1289311020000,1289311079000,1.59052,1.59053,1.59023,1.59032,92300000,1
1289311080000,1289311139000,1.59031,1.59044,1.59018,1.59038,89800000,1
1289311140000,1289311199000,1.59038,1.59038,1.58966,1.58973,110300000,1
1289311200000,1289311259000,1.58978,1.59025,1.58953,1.59014,102500000,1
1289311260000,1289311319000,1.58998,1.59064,1.58982,1.59058,104700000,1
1289311320000,1289311379000,1.59063,1.59086,1.59059,1.5908,105500000,1
1289311380000,1289311439000,1.59075,1.59075,1.59032,1.59051,81400000,1
1289311440000,1289311499000,1.59051,1.59051,1.59008,1.5903,97200000,1
1289311500000,1289311559000,1.59029,1.59044,1.59001,1.59018,136300000,1
1289311560000,1289311619000,1.59011,1.59037,1.59009,1.5903,102300000,1
1289311620000,1289311679000,1.59014,1.59023,1.58983,1.58992,128100000,1
1289311680000,1289311739000,1.58992,1.59065,1.58992,1.59056,114800000,1
1289311740000,1289311799000,1.59056,1.59057,1.59029,1.59029,77400000,1
1289311800000,1289311859000,1.59029,1.59054,1.59009,1.59014,90300000,1
1289311860000,1289311919000,1.59015,1.59062,1.59005,1.5905,128100000,1
1289311920000,1289311979000,1.59058,1.59069,1.5903,1.59031,97700000,1
1289311980000,1289312039000,1.59017,1.59073,1.59017,1.59073,75400000,1
1289312040000,1289312099000,1.59075,1.59075,1.59036,1.59047,120000000,1
1289312100000,1289312159000,1.59047,1.59053,1.5902,1.59027,98900000,1
1289312160000,1289312219000,1.59023,1.59029,1.59003,1.59012,80500000,1
1289312220000,1289312279000,1.59012,1.59022,1.59007,1.59022,62800000,1
1289312280000,1289312339000,1.59029,1.59045,1.58996,1.58996,94300000,1
1289312340000,1289312399000,1.58998,1.59019,1.58995,1.5901,90800000,1
1289312400000,1289312459000,1.5901,1.59025,1.58983,1.58989,111700000,1
1289312460000,1289312519000,1.58984,1.58999,1.58963,1.5899,95100000,1
1289312520000,1289312579000,1.58989,1.59002,1.58963,1.58964,92500000,1
1289312580000,1289312639000,1.58949,1.59032,1.58941,1.58997,96700000,1
1289312640000,1289312699000,1.58998,1.59024,1.58991,1.59021,111600000,1
1289312700000,1289312759000,1.59019,1.59047,1.58986,1.59008,113100000,1
1289312760000,1289312819000,1.59001,1.59001,1.58963,1.58986,120800000,1
1289312820000,1289312879000,1.58986,1.58997,1.58968,1.58969,105400000,1
1289312880000,1289312939000,1.5897,1.58988,1.58964,1.58968,111800000,1
1289312940000,1289312999000,1.58968,1.58978,1.58952,1.58952,96500000,1
1289313000000,1289313059000,1.58956,1.58997,1.58946,1.58978,117900000,1
1289313060000,1289313119000,1.58976,1.59033,1.58976,1.58998,91700000,1
1289313120000,1289313179000,1.59009,1.59136,1.58998,1.5913,93000000,1
1289313180000,1289313239000,1.59132,1.59149,1.59103,1.59121,116000000,1
1289313240000,1289313299000,1.59121,1.59126,1.59102,1.5911,108100000,1
1289313300000,1289313359000,1.59108,1.59146,1.5909,1.59127,102400000,1
1289313360000,1289313419000,1.59128,1.59154,1.59117,1.59146,114200000,1
1289313420000,1289313479000,1.59155,1.59164,1.5911,1.5911,91600000,1
1289313480000,1289313539000,1.59106,1.59158,1.59098,1.59148,108700000,1
1289313540000,1289313599000,1.59147,1.59186,1.59137,1.59147,119100000,1
1289313600000,1289313659000,1.59148,1.59178,1.59104,1.59104,107600000,1
1289313660000,1289313719000,1.59098,1.59128,1.59083,1.59106,89200000,1
1289313720000,1289313779000,1.59106,1.59201,1.59104,1.59163,127200000,1
1289313780000,1289313839000,1.59167,1.59176,1.59138,1.59155,129700000,1
1289313840000,1289313899000,1.59165,1.59215,1.59148,1.59205,105300000,1
1289313900000,1289313959000,1.59197,1.59214,1.59178,1.59201,133700000,1
1289313960000,1289314019000,1.592,1.59228,1.59174,1.59174,88300000,1
1289314020000,1289314079000,1.59168,1.59173,1.59117,1.59125,102200000,1
1289314080000,1289314139000,1.5913,1.59132,1.59102,1.59107,104700000,1
1289314140000,1289314199000,1.59115,1.59131,1.59073,1.59091,106400000,1
1289314200000,1289314259000,1.59089,1.59132,1.59077,1.59077,110800000,1
1289314260000,1289314319000,1.59054,1.5908,1.59041,1.59045,136600000,1
1289314320000,1289314379000,1.59042,1.59052,1.58998,1.59001,103700000,1
1289314380000,1289314439000,1.59011,1.59011,1.58963,1.58997,121100000,1
1289314440000,1289314499000,1.58996,1.59056,1.58991,1.59034,147600000,1
1289314500000,1289314559000,1.59036,1.59056,1.59003,1.59003,141100000,1
1289314560000,1289314619000,1.59009,1.5904,1.58981,1.59023,120500000,1
1289314620000,1289314679000,1.59013,1.59052,1.58997,1.59052,98900000,1
1289314680000,1289314739000,1.59052,1.59053,1.58983,1.58983,112300000,1
1289314740000,1289314799000,1.58993,1.59004,1.58915,1.58959,139200000,1
1289314800000,1289314859000,1.58959,1.58961,1.58902,1.58951,135800000,1
1289314860000,1289314919000,1.58956,1.58956,1.58909,1.58948,118700000,1
1289314920000,1289314979000,1.5893,1.58964,1.58905,1.58953,125200000,1
1289314980000,1289315039000,1.58943,1.58951,1.58903,1.58904,143100000,1
1289315040000,1289315099000,1.58904,1.58912,1.58878,1.58912,105900000,1
1289315100000,1289315159000,1.58906,1.58908,1.58854,1.58879,161200000,1
1289315160000,1289315219000,1.58873,1.58938,1.58863,1.58913,138200000,1
1289315220000,1289315279000,1.58912,1.58954,1.58912,1.58926,123500000,1
1289315280000,1289315339000,1.58923,1.58936,1.5888,1.58892,102600000,1
1289315340000,1289315399000,1.58894,1.58901,1.58856,1.58884,125500000,1
1289315400000,1289315459000,1.58883,1.58897,1.58864,1.58884,98900000,1
1289315460000,1289315519000,1.58889,1.58902,1.58833,1.58874,124500000,1
1289315520000,1289315579000,1.58881,1.5892,1.58872,1.58917,116600000,1
1289315580000,1289315639000,1.58918,1.5892,1.58885,1.58895,101000000,1
1289315640000,1289315699000,1.58889,1.58913,1.58858,1.58902,148500000,1
1289315700000,1289315759000,1.58902,1.58916,1.58882,1.58909,107800000,1
1289315760000,1289315819000,1.58909,1.58927,1.58893,1.58916,128600000,1
1289315820000,1289315879000,1.58925,1.58927,1.58892,1.58923,81100000,1
1289315880000,1289315939000,1.58921,1.58973,1.58912,1.58973,104000000,1
1289315940000,1289315999000,1.58973,1.58998,1.5896,1.58974,133200000,1
1289316000000,1289316059000,1.58971,1.58981,1.58933,1.58943,98400000,1
1289316060000,1289316119000,1.58944,1.58985,1.58944,1.58964,120700000,1
1289316120000,1289316179000,1.58962,1.5898,1.58925,1.58951,134500000,1
1289316180000,1289316239000,1.58951,1.58993,1.58915,1.58934,131800000,1
1289316240000,1289316299000,1.58918,1.58959,1.58916,1.58925,90600000,1
1289316300000,1289316359000,1.5893,1.58988,1.58927,1.58928,100000000,1
1289316360000,1289316419000,1.58926,1.58967,1.58916,1.58942,117800000,1
1289316420000,1289316479000,1.58946,1.58973,1.5891,1.5891,110300000,1
1289316480000,1289316539000,1.58917,1.58969,1.58907,1.58969,101100000,1
1289316540000,1289316599000,1.58969,1.59054,1.58959,1.59024,105300000,1
1289316600000,1289316659000,1.59019,1.59034,1.58995,1.59005,133600000,1
1289316660000,1289316719000,1.59005,1.59005,1.58955,1.58978,110200000,1
1289316720000,1289316779000,1.58976,1.58992,1.58942,1.58943,147700000,1
1289316780000,1289316839000,1.58951,1.59022,1.58951,1.59015,155000000,1
1289316840000,1289316899000,1.59015,1.59069,1.59009,1.59062,165800000,1
1289316900000,1289316959000,1.59056,1.59056,1.59015,1.59031,124100000,1
1289316960000,1289317019000,1.59025,1.59037,1.5901,1.59014,124700000,1
1289317020000,1289317079000,1.59011,1.59062,1.59011,1.59035,101300000,1
1289317080000,1289317139000,1.59036,1.59061,1.59012,1.59023,132400000,1
1289317140000,1289317199000,1.59014,1.59032,1.58983,1.5903,120200000,1
1289317200000,1289317259000,1.59029,1.59032,1.58966,1.58976,125200000,1
1289317260000,1289317319000,1.58965,1.58981,1.58947,1.5896,109100000,1
1289317320000,1289317379000,1.5895,1.59003,1.58933,1.58983,105600000,1
1289317380000,1289317439000,1.58988,1.59029,1.58971,1.59007,121400000,1
1289317440000,1289317499000,1.59015,1.59036,1.58989,1.59,83800000,1
1289317500000,1289317559000,1.58995,1.59078,1.58993,1.59058,116800000,1
1289317560000,1289317619000,1.59053,1.5911,1.59043,1.59057,136800000,1
1289317620000,1289317679000,1.59052,1.59105,1.59052,1.59088,120400000,1
1289317680000,1289317739000,1.5909,1.59156,1.59082,1.59082,117900000,1
1289317740000,1289317799000,1.59082,1.59113,1.59053,1.5908,93800000,1
1289317800000,1289317859000,1.59069,1.59069,1.58933,1.58934,140800000,1
1289317860000,1289317919000,1.58939,1.59006,1.58922,1.58997,111000000,1
1289317920000,1289317979000,1.58996,1.59094,1.58992,1.59086,120000000,1
1289317980000,1289318039000,1.59086,1.59089,1.5905,1.5907,112000000,1
1289318040000,1289318099000,1.5907,1.59077,1.59011,1.59022,102100000,1
1289318100000,1289318159000,1.59007,1.59023,1.58959,1.59023,117300000,1
1289318160000,1289318219000,1.59022,1.59032,1.59003,1.59032,128200000,1
1289318220000,1289318279000,1.59032,1.59032,1.58968,1.58968,102600000,1
1289318280000,1289318339000,1.5897,1.5897,1.5888,1.58903,163000000,1
1289318340000,1289318399000,1.58909,1.58912,1.58695,1.58758,162500000,1
1289318400000,1289318459000,1.58748,1.58771,1.58681,1.58746,170100000,1
1289318460000,1289318519000,1.58746,1.58757,1.58703,1.58742,167000000,1
1289318520000,1289318579000,1.58741,1.5876,1.58642,1.58689,164800000,1
1289318580000,1289318639000,1.58673,1.5868,1.58643,1.58652,166900000,1
1289318640000,1289318699000,1.58652,1.58689,1.58602,1.58602,137700000,1
1289318700000,1289318759000,1.58614,1.58651,1.58579,1.58621,147300000,1
1289318760000,1289318819000,1.58623,1.58633,1.58612,1.58621,107500000,1
1289318820000,1289318879000,1.58619,1.58671,1.58604,1.58604,127400000,1
1289318880000,1289318939000,1.58608,1.58612,1.58506,1.5856,164700000,1
1289318940000,1289318999000,1.58564,1.58608,1.58548,1.58566,117200000,1
1289319000000,1289319059000,1.58577,1.58577,1.58431,1.58536,223400000,1
1289319060000,1289319119000,1.58513,1.58514,1.58429,1.58471,189800000,1
1289319120000,1289319179000,1.58484,1.58484,1.58429,1.58449,189800000,1
1289319180000,1289319239000,1.58438,1.58438,1.58337,1.58398,232600000,1
1289319240000,1289319299000,1.58398,1.58438,1.58378,1.58434,161800000,1
1289319300000,1289319359000,1.58443,1.58495,1.58432,1.58439,152500000,1
1289319360000,1289319419000,1.58444,1.58473,1.58423,1.58436,140100000,1
1289319420000,1289319479000,1.58425,1.58463,1.58407,1.58463,143600000,1
1289319480000,1289319539000,1.5846,1.5846,1.58422,1.58451,93900000,1
1289319540000,1289319599000,1.58445,1.58464,1.58404,1.58405,164500000,1
1289319600000,1289319659000,1.58399,1.58459,1.58399,1.58423,149700000,1
1289319660000,1289319719000,1.58417,1.58454,1.58362,1.58366,179000000,1
1289319720000,1289319779000,1.58371,1.58441,1.58364,1.5843,178800000,1
1289319780000,1289319839000,1.58433,1.58447,1.58357,1.58379,133800000,1
1289319840000,1289319899000,1.5839,1.58444,1.58374,1.58443,206600000,1
1289319900000,1289319959000,1.58445,1.58483,1.58424,1.58474,132000000,1
1289319960000,1289320019000,1.58479,1.58522,1.58454,1.58515,126700000,1
1289320020000,1289320079000,1.58516,1.58527,1.58482,1.58502,129000000,1
1289320080000,1289320139000,1.58504,1.58517,1.58478,1.58482,120200000,1
1289320140000,1289320199000,1.5849,1.5857,1.58472,1.58548,182200000,1
1289320200000,1289320259000,1.58548,1.58566,1.58464,1.58493,126300000,1
1289320260000,1289320319000,1.58493,1.58574,1.58483,1.58483,159500000,1
1289320320000,1289320379000,1.58467,1.58487,1.5844,1.58475,160700000,1
1289320380000,1289320439000,1.58472,1.58474,1.58394,1.58442,174600000,1
1289320440000,1289320499000,1.58442,1.58442,1.58393,1.58393,146900000,1
1289320500000,1289320559000,1.58385,1.58469,1.58385,1.58451,156100000,1
1289320560000,1289320619000,1.58471,1.58496,1.58455,1.58464,160000000,1
1289320620000,1289320679000,1.58471,1.58481,1.58445,1.58446,168100000,1
1289320680000,1289320739000,1.58433,1.5844,1.58399,1.58399,163600000,1
1289320740000,1289320799000,1.58391,1.58426,1.58377,1.58413,160600000,1
1289320800000,1289320859000,1.5841,1.58422,1.5837,1.58381,128300000,1
1289320860000,1289320919000,1.58386,1.58388,1.58336,1.58344,122700000,1
1289320920000,1289320979000,1.58347,1.58406,1.58347,1.58389,132000000,1
1289320980000,1289321039000,1.5838,1.58446,1.58358,1.58443,149900000,1
1289321040000,1289321099000,1.58443,1.58465,1.58421,1.58449,93600000,1
1289321100000,1289321159000,1.58439,1.58472,1.5842,1.58446,118400000,1
1289321160000,1289321219000,1.58446,1.58452,1.584,1.584,110300000,1
1289321220000,1289321279000,1.58401,1.58452,1.58401,1.58447,80000000,1
1289321280000,1289321339000,1.58452,1.5847,1.58426,1.58452,131200000,1
1289321340000,1289321399000,1.58439,1.5849,1.58436,1.5847,137100000,1
1289321400000,1289321459000,1.58474,1.58521,1.58468,1.58514,98500000,1
1289321460000,1289321519000,1.58499,1.58526,1.5849,1.58514,118100000,1
1289321520000,1289321579000,1.58494,1.58534,1.58494,1.58534,113600000,1
1289321580000,1289321639000,1.58534,1.58579,1.58524,1.58571,96200000,1
1289321640000,1289321699000,1.58569,1.58583,1.5854,1.58583,141500000,1
1289321700000,1289321759000,1.58583,1.58583,1.58503,1.58512,149900000,1
1289321760000,1289321819000,1.58508,1.58586,1.58508,1.58578,146000000,1
1289321820000,1289321879000,1.58585,1.58613,1.58573,1.58606,92900000,1
1289321880000,1289321939000,1.58606,1.58617,1.58574,1.5858,112200000,1
1289321940000,1289321999000,1.58583,1.58603,1.58562,1.58603,97500000,1
1289322000000,1289322059000,1.58613,1.58627,1.58569,1.58604,118100000,1
1289322060000,1289322119000,1.58596,1.58611,1.58577,1.58596,173100000,1
1289322120000,1289322179000,1.58596,1.58611,1.58581,1.58611,122600000,1
1289322180000,1289322239000,1.58613,1.58692,1.58613,1.58692,112000000,1
1289322240000,1289322299000,1.58692,1.58713,1.58692,1.58713,123100000,1
1289322300000,1289322359000,1.587,1.58727,1.58684,1.58708,128300000,1
1289322360000,1289322419000,1.5871,1.58711,1.5869,1.58696,97300000,1
1289322420000,1289322479000,1.58697,1.58701,1.5869,1.58701,109900000,1
1289322480000,1289322539000,1.58691,1.58829,1.58677,1.58821,167400000,1
1289322540000,1289322599000,1.58821,1.58849,1.58739,1.58776,170200000,1
1289322600000,1289322659000,1.58784,1.58819,1.58768,1.58801,171000000,1
1289322660000,1289322719000,1.58802,1.58802,1.58751,1.58757,160900000,1
1289322720000,1289322779000,1.58759,1.58761,1.58717,1.58739,108600000,1
1289322780000,1289322839000,1.5874,1.58752,1.58717,1.58717,126600000,1
1289322840000,1289322899000,1.58717,1.58722,1.5869,1.58692,104400000,1
1289322900000,1289322959000,1.5869,1.58691,1.58653,1.58684,121500000,1
1289322960000,1289323019000,1.58684,1.58684,1.58627,1.58651,88000000,1
1289323020000,1289323079000,1.58658,1.5869,1.58644,1.58676,94900000,1
1289323080000,1289323139000,1.58675,1.5874,1.58669,1.58736,81400000,1
1289323140000,1289323199000,1.58736,1.58748,1.58725,1.58747,64900000,1
1289323200000,1289323259000,1.58747,1.58749,1.58716,1.58723,100800000,1
1289323260000,1289323319000,1.58717,1.5873,1.58709,1.58712,83300000,1
1289323320000,1289323379000,1.58723,1.58738,1.58706,1.58706,92900000,1
1289323380000,1289323439000,1.58706,1.58751,1.58705,1.58722,94000000,1
1289323440000,1289323499000,1.58722,1.58745,1.58702,1.58724,125600000,1
1289323500000,1289323559000,1.58724,1.58732,1.58708,1.58708,75400000,1
1289323560000,1289323619000,1.58708,1.58708,1.5868,1.58695,108500000,1
1289323620000,1289323679000,1.58707,1.58707,1.58664,1.58674,138000000,1
1289323680000,1289323739000,1.58672,1.58672,1.58653,1.58662,81700000,1
1289323740000,1289323799000,1.58657,1.58683,1.58633,1.58676,113200000,1
1289323800000,1289323859000,1.58676,1.58676,1.58612,1.58612,114400000,1
1289323860000,1289323919000,1.58612,1.58683,1.58594,1.5868,139000000,1
1289323920000,1289323979000,1.58671,1.58671,1.58613,1.58635,123200000,1
1289323980000,1289324039000,1.5864,1.5865,1.58619,1.58642,130000000,1
1289324040000,1289324099000,1.58652,1.58654,1.58582,1.58589,133700000,1
1289324100000,1289324159000,1.58589,1.58603,1.58582,1.58582,149400000,1
1289324160000,1289324219000,1.58582,1.58587,1.58562,1.58568,110500000,1
1289324220000,1289324279000,1.58558,1.58642,1.58558,1.58642,135500000,1
1289324280000,1289324339000,1.58645,1.58652,1.58622,1.58647,121900000,1
1289324340000,1289324399000,1.58651,1.58702,1.58646,1.58696,134600000,1
1289324400000,1289324459000,1.58701,1.58727,1.58684,1.58701,95400000,1
1289324460000,1289324519000,1.58698,1.58714,1.58681,1.58702,69000000,1
1289324520000,1289324579000,1.58702,1.58747,1.58687,1.58747,110000000,1
1289324580000,1289324639000,1.58758,1.58828,1.58746,1.58828,87400000,1
1289324640000,1289324699000,1.58828,1.58828,1.58762,1.58768,149600000,1
1289324700000,1289324759000,1.58755,1.58775,1.58706,1.58743,116100000,1
1289324760000,1289324819000,1.58743,1.58784,1.58727,1.58744,137100000,1
1289324820000,1289324879000,1.58744,1.5875,1.58719,1.58719,75900000,1
1289324880000,1289324939000,1.58719,1.58728,1.58713,1.58713,63400000,1
1289324940000,1289324999000,1.58713,1.58775,1.58711,1.5876,101800000,1
1289325000000,1289325059000,1.5876,1.58781,1.5874,1.58779,101100000,1
1289325060000,1289325119000,1.58784,1.58797,1.58755,1.5878,80200000,1
1289325120000,1289325179000,1.58777,1.58817,1.58765,1.58778,125000000,1
1289325180000,1289325239000,1.58774,1.58776,1.58659,1.58672,110700000,1
1289325240000,1289325299000,1.58672,1.58706,1.58649,1.58649,102800000,1
1289325300000,1289325359000,1.58659,1.58686,1.58657,1.58675,114600000,1
1289325360000,1289325419000,1.58675,1.58731,1.58671,1.58723,121000000,1
1289325420000,1289325479000,1.58723,1.58727,1.58623,1.5863,112300000,1
1289325480000,1289325539000,1.58637,1.58644,1.58593,1.58617,112700000,1
1289325540000,1289325599000,1.58617,1.5866,1.58608,1.5866,94300000,1
1289325600000,1289325659000,1.58655,1.58655,1.58623,1.5864,138300000,1
1289325660000,1289325719000,1.5864,1.5867,1.58639,1.5864,121600000,1
1289325720000,1289325779000,1.58638,1.58638,1.58533,1.58533,129500000,1
1289325780000,1289325839000,1.58534,1.58569,1.58534,1.58569,136700000,1
1289325840000,1289325899000,1.58571,1.58586,1.58538,1.58552,107100000,1
1289325900000,1289325959000,1.58547,1.58563,1.5849,1.58511,184900000,1
1289325960000,1289326019000,1.58516,1.58518,1.58478,1.58492,97700000,1
1289326020000,1289326079000,1.58492,1.58524,1.58479,1.5851,80000000,1
1289326080000,1289326139000,1.58513,1.58553,1.58513,1.58543,79500000,1
1289326140000,1289326199000,1.58551,1.5857,1.58519,1.58519,104500000,1
1289326200000,1289326259000,1.58519,1.58535,1.58475,1.58535,108300000,1
1289326260000,1289326319000,1.58521,1.5856,1.58502,1.58506,109400000,1
1289326320000,1289326379000,1.58508,1.58539,1.58497,1.58539,149300000,1
1289326380000,1289326439000,1.58538,1.5859,1.58529,1.5859,102700000,1
1289326440000,1289326499000,1.58587,1.58589,1.58527,1.58547,121500000,1
1289326500000,1289326559000,1.58552,1.58569,1.58532,1.58538,131600000,1
1289326560000,1289326619000,1.58542,1.58599,1.58525,1.58598,141500000,1
1289326620000,1289326679000,1.58607,1.58648,1.58601,1.5861,113700000,1
1289326680000,1289326739000,1.58599,1.58682,1.58596,1.58674,127000000,1
1289326740000,1289326799000,1.58674,1.58678,1.58628,1.58649,121600000,1
1289326800000,1289326859000,1.58649,1.58694,1.58616,1.58684,108200000,1
1289326860000,1289326919000,1.58686,1.5873,1.58663,1.58728,127800000,1
1289326920000,1289326979000,1.58718,1.58761,1.58718,1.58751,140700000,1
1289326980000,1289327039000,1.58745,1.5879,1.58739,1.58766,96000000,1
1289327040000,1289327099000,1.58766,1.58768,1.58736,1.5876,132800000,1
1289327100000,1289327159000,1.58767,1.58772,1.58732,1.58749,97500000,1
1289327160000,1289327219000,1.58761,1.58761,1.58731,1.58743,123300000,1
1289327220000,1289327279000,1.58743,1.58777,1.58734,1.58761,135400000,1
1289327280000,1289327339000,1.58759,1.58778,1.58714,1.58742,116100000,1
1289327340000,1289327399000,1.58743,1.58776,1.58743,1.58762,90200000,1
1289327400000,1289327459000,1.58763,1.58786,1.58758,1.58776,99100000,1
1289327460000,1289327519000,1.58771,1.58771,1.58733,1.58742,81300000,1
1289327520000,1289327579000,1.58743,1.58771,1.58742,1.58757,67600000,1
1289327580000,1289327639000,1.58757,1.58771,1.58746,1.58762,78400000,1
1289327640000,1289327699000,1.58752,1.58765,1.58737,1.58737,113600000,1
1289327700000,1289327759000,1.58737,1.58757,1.58723,1.5875,110900000,1
1289327760000,1289327819000,1.58743,1.58767,1.58735,1.5875,102700000,1
1289327820000,1289327879000,1.5875,1.58777,1.58747,1.58757,108900000,1
1289327880000,1289327939000,1.58743,1.58803,1.58738,1.58786,136600000,1
1289327940000,1289327999000,1.58778,1.58817,1.58768,1.58815,114800000,1
1289328000000,1289328059000,1.58809,1.59062,1.58777,1.58977,191300000,1
1289328060000,1289328119000,1.5897,1.59029,1.58954,1.58981,159400000,1
1289328120000,1289328179000,1.58984,1.58994,1.58883,1.58886,193900000,1
1289328180000,1289328239000,1.58885,1.58958,1.58851,1.58947,182600000,1
1289328240000,1289328299000,1.5895,1.58994,1.58931,1.58936,193900000,1
1289328300000,1289328359000,1.58938,1.59012,1.58934,1.58997,147300000,1
1289328360000,1289328419000,1.58993,1.59043,1.5896,1.59042,119700000,1
1289328420000,1289328479000,1.59043,1.59046,1.58874,1.58907,160700000,1
1289328480000,1289328539000,1.58901,1.58935,1.58889,1.58898,159600000,1
1289328540000,1289328599000,1.58894,1.59019,1.58892,1.58978,131700000,1
1289328600000,1289328659000,1.58985,1.59009,1.58946,1.58946,175000000,1
1289328660000,1289328719000,1.58944,1.58979,1.58919,1.58974,123200000,1
1289328720000,1289328779000,1.58971,1.58971,1.58893,1.58915,155400000,1
1289328780000,1289328839000,1.58911,1.58934,1.58835,1.58855,157600000,1
1289328840000,1289328899000,1.58871,1.58888,1.58837,1.58888,121200000,1
1289328900000,1289328959000,1.58891,1.58891,1.58843,1.58878,96700000,1
1289328960000,1289329019000,1.58878,1.58949,1.58852,1.58946,120500000,1
1289329020000,1289329079000,1.58943,1.58967,1.58906,1.58931,104900000,1
1289329080000,1289329139000,1.58921,1.58921,1.58879,1.58879,111600000,1
1289329140000,1289329199000,1.58879,1.58925,1.58873,1.58905,117600000,1
1289329200000,1289329259000,1.58883,1.5893,1.5883,1.58846,121500000,1
1289329260000,1289329319000,1.58844,1.58856,1.58822,1.58843,92200000,1
1289329320000,1289329379000,1.58844,1.58855,1.58807,1.58833,106400000,1
1289329380000,1289329439000,1.5883,1.58848,1.58828,1.58832,82800000,1
1289329440000,1289329499000,1.5884,1.58868,1.58808,1.58817,98700000,1
1289329500000,1289329559000,1.58809,1.58817,1.58767,1.58773,170400000,1
1289329560000,1289329619000,1.58782,1.5885,1.58779,1.5884,87700000,1
1289329620000,1289329679000,1.5884,1.58857,1.58831,1.58837,86400000,1
1289329680000,1289329739000,1.58842,1.58849,1.58825,1.58849,74800000,1
1289329740000,1289329799000,1.58843,1.58844,1.58821,1.58836,61200000,1
1289329800000,1289329859000,1.58833,1.58854,1.58828,1.58847,65500000,1
1289329860000,1289329919000,1.58851,1.58856,1.58837,1.58837,61400000,1
1289329920000,1289329979000,1.58843,1.58854,1.58838,1.5885,67300000,1
1289329980000,1289330039000,1.5885,1.5886,1.58834,1.58834,57600000,1
1289330040000,1289330099000,1.58834,1.58866,1.5883,1.5884,99100000,1
1289330100000,1289330159000,1.5884,1.58862,1.58798,1.58837,98500000,1
1289330160000,1289330219000,1.58838,1.58868,1.58832,1.58868,71500000,1
1289330220000,1289330279000,1.58868,1.58921,1.5886,1.58913,106800000,1
1289330280000,1289330339000,1.58916,1.58972,1.58901,1.58961,138400000,1
1289330340000,1289330399000,1.58966,1.59018,1.58929,1.59007,111300000,1
1289330400000,1289330459000,1.58998,1.5904,1.58997,1.58998,98600000,1
1289330460000,1289330519000,1.58998,1.59028,1.5899,1.5901,117700000,1
1289330520000,1289330579000,1.59015,1.59051,1.58989,1.5901,101300000,1
1289330580000,1289330639000,1.59005,1.59028,1.58999,1.59028,95200000,1
1289330640000,1289330699000,1.59026,1.59037,1.59014,1.59032,77800000,1
1289330700000,1289330759000,1.59036,1.59069,1.59019,1.59019,106200000,1
1289330760000,1289330819000,1.59019,1.59038,1.59016,1.59029,79100000,1
1289330820000,1289330879000,1.59029,1.59029,1.58969,1.58975,156800000,1
1289330880000,1289330939000,1.58975,1.59026,1.58974,1.59017,96000000,1
1289330940000,1289330999000,1.59017,1.59076,1.59017,1.59076,119200000,1
1289331000000,1289331059000,1.59075,1.59096,1.59038,1.59038,119300000,1
1289331060000,1289331119000,1.59052,1.59063,1.58964,1.59005,118500000,1
1289331120000,1289331179000,1.59016,1.59038,1.58995,1.58998,95600000,1
1289331180000,1289331239000,1.58994,1.59024,1.58994,1.58995,100100000,1
1289331240000,1289331299000,1.58992,1.58997,1.58971,1.58993,111700000,1
1289331300000,1289331359000,1.58993,1.58994,1.58965,1.58968,86900000,1
1289331360000,1289331419000,1.58968,1.58989,1.58944,1.58944,77900000,1
1289331420000,1289331479000,1.58944,1.58964,1.58933,1.58961,111500000,1
1289331480000,1289331539000,1.58963,1.58972,1.58952,1.58972,93000000,1
1289331540000,1289331599000,1.58969,1.58974,1.58956,1.58958,66400000,1
1289331600000,1289331659000,1.58963,1.58989,1.58963,1.58975,97000000,1
1289331660000,1289331719000,1.58975,1.59022,1.58967,1.59018,78700000,1
1289331720000,1289331779000,1.59018,1.59024,1.58963,1.58969,81800000,1
1289331780000,1289331839000,1.58969,1.5897,1.58954,1.58967,120800000,1
1289331840000,1289331899000,1.58967,1.59002,1.58963,1.58982,101800000,1
1289331900000,1289331959000,1.58982,1.59029,1.58966,1.58998,108500000,1
1289331960000,1289332019000,1.58998,1.59005,1.58978,1.58997,105600000,1
1289332020000,1289332079000,1.58997,1.59021,1.58982,1.58982,82200000,1
1289332080000,1289332139000,1.58981,1.58982,1.5894,1.58961,92800000,1
1289332140000,1289332199000,1.58961,1.58969,1.58946,1.58968,77800000,1
1289332200000,1289332259000,1.5897,1.58987,1.58935,1.58938,152600000,1
1289332260000,1289332319000,1.58948,1.58966,1.58929,1.58934,89800000,1
1289332320000,1289332379000,1.58934,1.58997,1.58931,1.58997,89000000,1
1289332380000,1289332439000,1.58995,1.59018,1.58954,1.59011,113900000,1
1289332440000,1289332499000,1.59015,1.5908,1.59006,1.5908,102000000,1
1289332500000,1289332559000,1.59073,1.59091,1.59036,1.59069,113500000,1
1289332560000,1289332619000,1.59069,1.59087,1.5906,1.59087,87900000,1
1289332620000,1289332679000,1.59086,1.59117,1.59081,1.59089,67800000,1
1289332680000,1289332739000,1.59079,1.59088,1.5905,1.59071,126700000,1
1289332740000,1289332799000,1.59084,1.59099,1.58987,1.58998,130300000,1
1289332800000,1289332859000,1.58994,1.59065,1.58992,1.59053,117800000,1
1289332860000,1289332919000,1.59062,1.5909,1.5905,1.59056,137800000,1
1289332920000,1289332979000,1.59056,1.59126,1.59056,1.591,77100000,1
1289332980000,1289333039000,1.591,1.59154,1.59092,1.59125,102900000,1
1289333040000,1289333099000,1.59122,1.59149,1.59069,1.59074,133400000,1
1289333100000,1289333159000,1.59074,1.59101,1.59061,1.59061,76700000,1
1289333160000,1289333219000,1.59063,1.59112,1.59063,1.59105,87100000,1
1289333220000,1289333279000,1.59098,1.5916,1.59098,1.5916,91800000,1
1289333280000,1289333339000,1.59159,1.59187,1.59126,1.59138,104100000,1
1289333340000,1289333399000,1.59137,1.59165,1.59123,1.59165,124300000,1
1289333400000,1289333459000,1.59159,1.59238,1.59152,1.59226,109900000,1
1289333460000,1289333519000,1.59238,1.59238,1.59163,1.59169,126100000,1
1289333520000,1289333579000,1.59169,1.59271,1.59163,1.59263,153800000,1
1289333580000,1289333639000,1.59264,1.59272,1.59161,1.59161,210500000,1
1289333640000,1289333699000,1.59151,1.5918,1.59122,1.59122,126000000,1
1289333700000,1289333759000,1.59125,1.59202,1.59107,1.59156,126600000,1
1289333760000,1289333819000,1.59142,1.59176,1.59132,1.59135,112600000,1
1289333820000,1289333879000,1.59123,1.59142,1.59027,1.59052,173500000,1
1289333880000,1289333939000,1.5905,1.59062,1.5902,1.59033,130500000,1
1289333940000,1289333999000,1.59019,1.59066,1.59003,1.59007,121400000,1
1289334000000,1289334059000,1.59008,1.59101,1.59006,1.591,137800000,1
1289334060000,1289334119000,1.591,1.59128,1.59079,1.59126,102600000,1
1289334120000,1289334179000,1.59128,1.59171,1.59069,1.59086,176600000,1
1289334180000,1289334239000,1.5909,1.59148,1.59069,1.59148,160800000,1
1289334240000,1289334299000,1.59149,1.59277,1.59149,1.5922,165000000,1
1289334300000,1289334359000,1.59234,1.59257,1.59124,1.59217,176000000,1
1289334360000,1289334419000,1.59222,1.59246,1.59049,1.59051,201900000,1
1289334420000,1289334479000,1.59055,1.59178,1.59055,1.59152,103600000,1
1289334480000,1289334539000,1.5915,1.5919,1.59113,1.59186,152600000,1
1289334540000,1289334599000,1.59185,1.59185,1.59136,1.59136,150300000,1
1289334600000,1289334659000,1.59133,1.59352,1.59128,1.59313,184500000,1
1289334660000,1289334719000,1.59313,1.59335,1.59283,1.59308,149300000,1
1289334720000,1289334779000,1.59301,1.59301,1.59229,1.59232,128600000,1
1289334780000,1289334839000,1.59238,1.59261,1.5914,1.59167,137700000,1
1289334840000,1289334899000,1.59167,1.5925,1.59167,1.5922,125800000,1
1289334900000,1289334959000,1.5922,1.59345,1.5922,1.59322,159000000,1
1289334960000,1289335019000,1.59317,1.59325,1.59261,1.59297,161300000,1
1289335020000,1289335079000,1.59289,1.59309,1.59246,1.59303,193600000,1
1289335080000,1289335139000,1.59307,1.59376,1.593,1.59371,196900000,1
1289335140000,1289335199000,1.59376,1.59382,1.59252,1.59298,230400000,1
1289335200000,1289335259000,1.59299,1.5932,1.59261,1.59302,154600000,1
1289335260000,1289335319000,1.59302,1.59377,1.59296,1.59335,192200000,1
1289335320000,1289335379000,1.59345,1.59457,1.59341,1.5945,153700000,1
1289335380000,1289335439000,1.59471,1.59532,1.59409,1.59529,158700000,1
1289335440000,1289335499000,1.59559,1.59599,1.59493,1.59536,147000000,1
1289335500000,1289335559000,1.59532,1.59549,1.59415,1.59438,137300000,1
1289335560000,1289335619000,1.59439,1.59507,1.5938,1.59491,169700000,1
1289335620000,1289335679000,1.59492,1.59559,1.59486,1.59533,106000000,1
1289335680000,1289335739000,1.59545,1.59545,1.59351,1.59385,132300000,1
1289335740000,1289335799000,1.5938,1.5941,1.59345,1.59402,125300000,1
1289335800000,1289335859000,1.59388,1.59423,1.59349,1.59353,112300000,1
1289335860000,1289335919000,1.59353,1.59353,1.59297,1.59324,144100000,1
1289335920000,1289335979000,1.59323,1.59428,1.59296,1.59428,119100000,1
1289335980000,1289336039000,1.59419,1.59422,1.59363,1.59409,91100000,1
1289336040000,1289336099000,1.59408,1.59486,1.59392,1.59486,128700000,1
1289336100000,1289336159000,1.59494,1.59513,1.5942,1.59425,158800000,1
1289336160000,1289336219000,1.59424,1.59442,1.59371,1.59397,132700000,1
1289336220000,1289336279000,1.59408,1.59408,1.5934,1.59371,112600000,1
1289336280000,1289336339000,1.59371,1.59433,1.59349,1.59429,100000000,1
1289336340000,1289336399000,1.59429,1.5944,1.59321,1.5933,143500000,1
1289336400000,1289336459000,1.5933,1.59337,1.59282,1.593,115600000,1
1289336460000,1289336519000,1.59298,1.59318,1.59292,1.59318,90700000,1
1289336520000,1289336579000,1.59303,1.59339,1.59268,1.59319,108600000,1
1289336580000,1289336639000,1.59305,1.59377,1.59292,1.59377,99500000,1
1289336640000,1289336699000,1.59372,1.59399,1.59348,1.59353,102600000,1
1289336700000,1289336759000,1.59343,1.59367,1.59309,1.59336,94700000,1
1289336760000,1289336819000,1.59336,1.59347,1.59318,1.59331,71000000,1
1289336820000,1289336879000,1.59339,1.5935,1.59313,1.59333,58300000,1
1289336880000,1289336939000,1.59335,1.59343,1.59321,1.59321,70400000,1
1289336940000,1289336999000,1.59321,1.59327,1.59277,1.5929,56600000,1
1289337000000,1289337059000,1.5929,1.59299,1.59276,1.59284,64900000,1
1289337060000,1289337119000,1.59284,1.59303,1.59283,1.59287,43600000,1
1289337120000,1289337179000,1.59287,1.59291,1.59247,1.59258,89300000,1
1289337180000,1289337239000,1.59261,1.59293,1.59261,1.59293,48700000,1
1289337240000,1289337299000,1.59293,1.59323,1.59292,1.59312,73000000,1
1289337300000,1289337359000,1.59313,1.5932,1.5931,1.59314,101200000,1
1289337360000,1289337419000,1.59314,1.59332,1.59314,1.59332,76300000,1
1289337420000,1289337479000,1.59342,1.59363,1.59322,1.59352,53300000,1
1289337480000,1289337539000,1.59351,1.59356,1.59313,1.5935,66100000,1
1289337540000,1289337599000,1.5935,1.5935,1.59303,1.59307,63500000,1
1289337600000,1289337659000,1.59303,1.59315,1.59287,1.59292,136900000,1
1289337660000,1289337719000,1.59289,1.59302,1.59289,1.59302,41200000,1
1289337720000,1289337779000,1.59303,1.59308,1.59291,1.59296,102700000,1
1289337780000,1289337839000,1.59298,1.59306,1.59285,1.59287,87700000,1
1289337840000,1289337899000,1.59287,1.59309,1.59282,1.59298,133900000,1
1289337900000,1289337959000,1.59297,1.59329,1.59293,1.59299,112300000,1
1289337960000,1289338019000,1.59299,1.59311,1.59286,1.59286,118000000,1
1289338020000,1289338079000,1.59286,1.59301,1.59282,1.59289,114700000,1
1289338080000,1289338139000,1.59289,1.59301,1.5927,1.59291,188600000,1
1289338140000,1289338199000,1.59287,1.59334,1.59287,1.59303,114300000,1
1289338200000,1289338259000,1.59304,1.59345,1.5929,1.59319,86900000,1
1289338260000,1289338319000,1.59319,1.59343,1.59303,1.59335,53200000,1
1289338320000,1289338379000,1.59322,1.59343,1.59298,1.59329,129000000,1
1289338380000,1289338439000,1.59329,1.5934,1.59304,1.59318,119100000,1
1289338440000,1289338499000,1.59318,1.59329,1.59271,1.59323,73100000,1
1289338500000,1289338559000,1.59323,1.59335,1.59287,1.59288,84900000,1
1289338560000,1289338619000,1.59278,1.59334,1.59264,1.59291,110500000,1
1289338620000,1289338679000,1.59287,1.59335,1.59246,1.59263,134000000,1
1289338680000,1289338739000,1.59259,1.59278,1.59233,1.59256,86700000,1
1289338740000,1289338799000,1.59256,1.59259,1.59246,1.59246,89800000,1
1289338800000,1289338859000,1.59246,1.59262,1.59226,1.59226,87100000,1
1289338860000,1289338919000,1.59226,1.59231,1.59226,1.59226,121000000,1
1289338920000,1289338979000,1.59226,1.59243,1.59226,1.59235,91500000,1
1289338980000,1289339039000,1.59235,1.5927,1.59228,1.59231,105100000,1
1289339040000,1289339099000,1.59231,1.59275,1.59231,1.59274,71100000,1
1289339100000,1289339159000,1.59274,1.59275,1.59256,1.59256,87300000,1
1289339160000,1289339219000,1.59256,1.59256,1.59193,1.59237,101900000,1
1289339220000,1289339279000,1.59235,1.59252,1.59229,1.59248,81600000,1
1289339280000,1289339339000,1.59248,1.59265,1.59206,1.59242,87200000,1
1289339340000,1289339399000,1.59243,1.59267,1.59221,1.59246,113000000,1
1289339400000,1289339459000,1.59248,1.59264,1.59248,1.59251,81100000,1
1289339460000,1289339519000,1.59252,1.59252,1.59174,1.5918,104700000,1
1289339520000,1289339579000,1.59182,1.59201,1.59174,1.59201,92000000,1
1289339580000,1289339639000,1.59192,1.59195,1.5915,1.59182,118600000,1
1289339640000,1289339699000,1.59176,1.59199,1.59168,1.59168,74100000,1
1289339700000,1289339759000,1.59168,1.59168,1.59127,1.59145,84300000,1
1289339760000,1289339819000,1.59144,1.59184,1.59144,1.59166,75500000,1
1289339820000,1289339879000,1.59166,1.59176,1.59144,1.59168,64400000,1
1289339880000,1289339939000,1.59168,1.59213,1.59168,1.59213,71100000,1
1289339940000,1289339999000,1.59214,1.5926,1.59188,1.5926,98000000,1
1289340000000,1289340059000,1.59242,1.59248,1.59221,1.59221,84600000,1
1289340060000,1289340119000,1.59223,1.59233,1.59219,1.59233,62900000,1
1289340120000,1289340179000,1.59233,1.59243,1.59233,1.59243,67500000,1
1289340180000,1289340239000,1.59238,1.59257,1.5923,1.59248,105600000,1
1289340240000,1289340299000,1.59249,1.59264,1.59217,1.59258,72100000,1
1289340300000,1289340359000,1.59258,1.59264,1.59225,1.59246,99100000,1
1289340360000,1289340419000,1.59238,1.59258,1.59234,1.59249,89300000,1
1289340420000,1289340479000,1.59249,1.59278,1.59245,1.59249,79500000,1
1289340480000,1289340539000,1.5924,1.59281,1.5924,1.59263,88100000,1
1289340540000,1289340599000,1.59259,1.59288,1.59259,1.59288,75800000,1
1289340600000,1289340659000,1.59288,1.59288,1.59277,1.59277,58100000,1
1289340660000,1289340719000,1.59277,1.59309,1.59269,1.59302,61700000,1
1289340720000,1289340779000,1.59297,1.59297,1.59297,1.59297,53500000,1
1289340780000,1289340839000,1.59297,1.59298,1.59297,1.59298,58400000,1
1289340840000,1289340899000,1.59298,1.59302,1.59297,1.59299,38300000,1
1289340900000,1289340959000,1.59299,1.59328,1.59299,1.59312,39900000,1
1289340960000,1289341019000,1.59312,1.59312,1.59285,1.59285,74600000,1
1289341020000,1289341079000,1.5928,1.59323,1.59278,1.59303,70600000,1
1289341080000,1289341139000,1.59309,1.59328,1.59283,1.59292,123500000,1
1289341140000,1289341199000,1.59292,1.59298,1.59254,1.59265,73300000,1
1289341200000,1289341259000,1.59265,1.59293,1.59265,1.59283,60800000,1
1289341260000,1289341319000,1.59276,1.59297,1.59265,1.59281,87900000,1
1289341320000,1289341379000,1.59281,1.59348,1.5928,1.59345,64400000,1
1289341380000,1289341439000,1.59345,1.59417,1.59329,1.59331,112900000,1
1289341440000,1289341499000,1.59332,1.59406,1.59318,1.594,97300000,1
1289341500000,1289341559000,1.59406,1.59406,1.59364,1.59392,56100000,1
1289341560000,1289341619000,1.5939,1.59398,1.59368,1.59377,64800000,1
1289341620000,1289341679000,1.5937,1.5937,1.59315,1.59329,58100000,1
1289341680000,1289341739000,1.59329,1.59355,1.59329,1.59355,54300000,1
1289341740000,1289341799000,1.59355,1.59388,1.59345,1.59356,64600000,1
1289341800000,1289341859000,1.59356,1.59421,1.59313,1.59421,94800000,1
1289341860000,1289341919000,1.59421,1.59422,1.59388,1.59388,75100000,1
1289341920000,1289341979000,1.59388,1.59455,1.5937,1.59408,82400000,1
1289341980000,1289342039000,1.59407,1.59422,1.59396,1.59403,76500000,1
1289342040000,1289342099000,1.59408,1.59415,1.59362,1.59362,100600000,1
1289342100000,1289342159000,1.59362,1.59371,1.59331,1.59355,65100000,1
1289342160000,1289342219000,1.59355,1.59411,1.59348,1.59411,76600000,1
1289342220000,1289342279000,1.59434,1.59505,1.59358,1.59463,121200000,1
1289342280000,1289342339000,1.59462,1.59468,1.59425,1.59428,58200000,1
1289342340000,1289342399000,1.59431,1.59437,1.59399,1.59417,68400000,1
1289342400000,1289342459000,1.59412,1.59445,1.59389,1.59389,81100000,1
1289342460000,1289342519000,1.59398,1.59487,1.59385,1.59469,103200000,1
1289342520000,1289342579000,1.59473,1.5952,1.59461,1.59493,136900000,1
1289342580000,1289342639000,1.59493,1.59537,1.59477,1.59501,124400000,1
1289342640000,1289342699000,1.59508,1.59532,1.59467,1.59517,66900000,1
1289342700000,1289342759000,1.59522,1.59522,1.59461,1.59471,75000000,1
1289342760000,1289342819000,1.59432,1.59494,1.59413,1.59473,88100000,1
1289342820000,1289342879000,1.59472,1.59517,1.59463,1.59497,92500000,1
1289342880000,1289342939000,1.59488,1.59488,1.59445,1.59464,77200000,1
1289342940000,1289342999000,1.59465,1.59493,1.59449,1.5949,92000000,1
1289343000000,1289343059000,1.59494,1.59505,1.59438,1.59454,72200000,1
1289343060000,1289343119000,1.59457,1.59473,1.59434,1.59451,89500000,1
1289343120000,1289343179000,1.59451,1.59466,1.59427,1.59458,62000000,1
1289343180000,1289343239000,1.59458,1.59479,1.59436,1.59445,72100000,1
1289343240000,1289343299000,1.59445,1.59446,1.59445,1.59446,31500000,1
1289343300000,1289343359000,1.59446,1.59453,1.59412,1.59441,61300000,1
1289343360000,1289343419000,1.59442,1.59451,1.59402,1.59425,75300000,1
1289343420000,1289343479000,1.59425,1.59443,1.59425,1.59435,57800000,1
1289343480000,1289343539000,1.59435,1.59435,1.59339,1.59347,81600000,1
1289343540000,1289343599000,1.59347,1.59383,1.59337,1.59377,73000000,1
1289343600000,1289343659000,1.5937,1.59406,1.59353,1.59357,76100000,1
1289343660000,1289343719000,1.59363,1.59409,1.59358,1.59409,82700000,1
1289343720000,1289343779000,1.59409,1.59409,1.59367,1.59389,95000000,1
1289343780000,1289343839000,1.59378,1.59403,1.59375,1.59383,65200000,1
1289343840000,1289343899000,1.59383,1.59389,1.59334,1.59367,80200000,1
1289343900000,1289343959000,1.59367,1.59367,1.59341,1.59348,78600000,1
1289343960000,1289344019000,1.59348,1.59379,1.59341,1.59361,113600000,1
1289344020000,1289344079000,1.59357,1.59371,1.59316,1.59332,102100000,1
1289344080000,1289344139000,1.59342,1.59351,1.59318,1.5934,79900000,1
1289344140000,1289344199000,1.59327,1.59389,1.59316,1.59377,77100000,1
1289344200000,1289344259000,1.59381,1.59384,1.59324,1.59348,75200000,1
1289344260000,1289344319000,1.59348,1.59386,1.59348,1.59368,50400000,1
1289344320000,1289344379000,1.59368,1.59372,1.5933,1.5933,64700000,1
1289344380000,1289344439000,1.5933,1.59358,1.5933,1.59351,91400000,1
1289344440000,1289344499000,1.59358,1.59413,1.59358,1.59387,60800000,1
1289344500000,1289344559000,1.59402,1.59422,1.59362,1.59406,85200000,1
1289344560000,1289344619000,1.59412,1.59454,1.59405,1.59434,83200000,1
1289344620000,1289344679000,1.59434,1.59445,1.59412,1.59428,68200000,1
1289344680000,1289344739000,1.59428,1.59439,1.59413,1.59435,43200000,1
1289344740000,1289344799000,1.59435,1.59435,1.59387,1.59393,71200000,1
1289344800000,1289344859000,1.59394,1.59407,1.59378,1.59398,92200000,1
1289344860000,1289344919000,1.59391,1.59422,1.59367,1.59382,93700000,1
1289344920000,1289344979000,1.59398,1.59411,1.59377,1.59381,169900000,1
1289344980000,1289345039000,1.59381,1.59389,1.59371,1.59375,73600000,1
1289345040000,1289345099000,1.59373,1.59373,1.5934,1.59348,89200000,1
1289345100000,1289345159000,1.59348,1.59358,1.59326,1.59352,106100000,1
1289345160000,1289345219000,1.59352,1.59367,1.59352,1.59367,88300000,1
1289345220000,1289345279000,1.59375,1.59397,1.5935,1.59388,142800000,1
1289345280000,1289345339000,1.59393,1.59394,1.59375,1.59382,129900000,1
1289345340000,1289345399000,1.59382,1.59392,1.59362,1.59377,120900000,1
1289345400000,1289345459000,1.59377,1.59378,1.59324,1.59358,162600000,1
1289345460000,1289345519000,1.59357,1.59378,1.59338,1.59357,129900000,1
1289345520000,1289345579000,1.59357,1.59368,1.59344,1.59358,123500000,1
1289345580000,1289345639000,1.59358,1.59358,1.5928,1.5928,75300000,1
1289345640000,1289345699000,1.59281,1.59315,1.59265,1.59314,75600000,1
1289345700000,1289345759000,1.59316,1.59344,1.59311,1.59344,70200000,1
1289345760000,1289345819000,1.59338,1.5937,1.59318,1.59319,55400000,1
1289345820000,1289345879000,1.59319,1.59353,1.59319,1.59342,51200000,1
1289345880000,1289345939000,1.59342,1.59353,1.59319,1.59324,79000000,1
1289345940000,1289345999000,1.59324,1.59331,1.59276,1.59288,48700000,1
1289346000000,1289346059000,1.59293,1.59358,1.59293,1.59339,68900000,1
1289346060000,1289346119000,1.59339,1.59349,1.59327,1.59331,105700000,1
1289346120000,1289346179000,1.59331,1.59331,1.59232,1.59264,121200000,1
1289346180000,1289346239000,1.5927,1.59283,1.59236,1.59263,86800000,1
1289346240000,1289346299000,1.59265,1.59265,1.59183,1.59206,130600000,1
1289346300000,1289346359000,1.59198,1.59209,1.59181,1.5919,125100000,1
1289346360000,1289346419000,1.5919,1.5919,1.59167,1.59174,114400000,1
1289346420000,1289346479000,1.59174,1.59183,1.59142,1.59175,103900000,1
1289346480000,1289346539000,1.59186,1.59191,1.59139,1.59155,86600000,1
1289346540000,1289346599000,1.5915,1.59202,1.5915,1.59202,86800000,1
1289346600000,1289346659000,1.59199,1.59224,1.59191,1.59224,71300000,1
1289346660000,1289346719000,1.59232,1.59273,1.59224,1.59268,62600000,1
1289346720000,1289346779000,1.59267,1.59309,1.5926,1.59292,66700000,1
1289346780000,1289346839000,1.59292,1.59329,1.59291,1.59303,100600000,1
1289346840000,1289346899000,1.59306,1.5935,1.59301,1.59343,97700000,1
1289346900000,1289346959000,1.59336,1.59353,1.59294,1.59299,85100000,1
1289346960000,1289347019000,1.59299,1.59305,1.59254,1.59271,95200000,1
1289347020000,1289347079000,1.59271,1.59271,1.5924,1.59241,84800000,1
1289347080000,1289347139000,1.59241,1.59251,1.59226,1.59238,87900000,1
1289347140000,1289347199000,1.59238,1.59242,1.59218,1.59242,80000000,1
1289347200000,1289347259000,1.5925,1.59288,1.59212,1.59288,83900000,1
1289347260000,1289347319000,1.59278,1.59294,1.59245,1.59252,106700000,1
1289347320000,1289347379000,1.59252,1.59259,1.59227,1.59237,88600000,1
1289347380000,1289347439000,1.59231,1.59256,1.59225,1.5924,109300000,1
1289347440000,1289347499000,1.59239,1.59264,1.59239,1.59246,90100000,1
1289347500000,1289347559000,1.59243,1.59253,1.59193,1.592,121500000,1
1289347560000,1289347619000,1.5919,1.59211,1.59184,1.59199,84600000,1
1289347620000,1289347679000,1.59196,1.59204,1.5916,1.59188,150800000,1
1289347680000,1289347739000,1.59188,1.59193,1.59166,1.59181,87700000,1
1289347740000,1289347799000,1.59181,1.59201,1.59167,1.59187,60000000,1
1289347800000,1289347859000,1.59196,1.59208,1.59172,1.59174,67600000,1
1289347860000,1289347919000,1.59187,1.59193,1.59177,1.59192,54500000,1
1289347920000,1289347979000,1.59192,1.59199,1.59158,1.59175,57100000,1
1289347980000,1289348039000,1.59173,1.59208,1.59173,1.59204,49700000,1
1289348040000,1289348099000,1.59204,1.59251,1.59193,1.5924,93100000,1
1289348100000,1289348159000,1.59239,1.59257,1.59214,1.59219,65600000,1
1289348160000,1289348219000,1.59219,1.59235,1.59213,1.59213,56700000,1
1289348220000,1289348279000,1.59213,1.59234,1.59194,1.59213,130400000,1
1289348280000,1289348339000,1.59213,1.59222,1.59169,1.59182,99700000,1
1289348340000,1289348399000,1.59182,1.59229,1.59182,1.59218,94200000,1
1289348400000,1289348459000,1.59213,1.59233,1.59208,1.59233,107700000,1
1289348460000,1289348519000,1.59232,1.59249,1.59212,1.59212,75300000,1
1289348520000,1289348579000,1.59215,1.59231,1.59212,1.5922,58900000,1
1289348580000,1289348639000,1.59217,1.59232,1.59181,1.59201,117400000,1
1289348640000,1289348699000,1.59201,1.59228,1.59175,1.59198,175200000,1
1289348700000,1289348759000,1.59202,1.59261,1.5918,1.59221,165700000,1
1289348760000,1289348819000,1.59213,1.5928,1.59204,1.59273,154900000,1
1289348820000,1289348879000,1.59272,1.59304,1.59255,1.59276,155800000,1
1289348880000,1289348939000,1.5928,1.59322,1.5928,1.59294,92300000,1
1289348940000,1289348999000,1.59293,1.59364,1.5928,1.5928,160100000,1
1289349000000,1289349059000,1.59332,1.59333,1.59232,1.59277,104000000,1
1289349060000,1289349119000,1.59285,1.5929,1.59251,1.59272,110300000,1
1289349120000,1289349179000,1.59272,1.59272,1.59212,1.59213,104700000,1
1289349180000,1289349239000,1.59214,1.59284,1.59214,1.59261,92700000,1
1289349240000,1289349299000,1.59261,1.59273,1.59247,1.59269,81700000,1
1289349300000,1289349359000,1.59273,1.59304,1.59256,1.59287,114000000,1
1289349360000,1289349419000,1.59287,1.59301,1.59229,1.59236,119700000,1
1289349420000,1289349479000,1.59236,1.59252,1.59219,1.59231,71100000,1
1289349480000,1289349539000,1.59231,1.59253,1.59219,1.59243,71400000,1
1289349540000,1289349599000,1.59248,1.59272,1.59244,1.59263,77500000,1
1289349600000,1289349659000,1.59263,1.59288,1.59236,1.59281,55800000,1
1289349660000,1289349719000,1.5929,1.59298,1.59276,1.59298,94400000,1
1289349720000,1289349779000,1.5928,1.59298,1.59267,1.59267,82100000,1
1289349780000,1289349839000,1.5926,1.59287,1.59241,1.59264,107700000,1
1289349840000,1289349899000,1.59268,1.59277,1.59222,1.59261,116000000,1
1289349900000,1289349959000,1.59261,1.59283,1.59233,1.59279,63800000,1
1289349960000,1289350019000,1.59279,1.59279,1.59234,1.59255,104800000,1
1289350020000,1289350079000,1.59255,1.59257,1.59247,1.59256,61600000,1
1289350080000,1289350139000,1.59256,1.59319,1.59219,1.59313,110500000,1
1289350140000,1289350199000,1.59313,1.5937,1.59306,1.59339,121900000,1
1289350200000,1289350259000,1.59338,1.59365,1.59327,1.59333,122600000,1
1289350260000,1289350319000,1.59339,1.59365,1.59332,1.59356,145200000,1
1289350320000,1289350379000,1.59357,1.59377,1.59335,1.59341,101000000,1
1289350380000,1289350439000,1.59341,1.59341,1.59276,1.5929,89200000,1
1289350440000,1289350499000,1.59299,1.59368,1.59285,1.59346,158800000,1
1289350500000,1289350559000,1.59356,1.59399,1.593,1.59305,148100000,1
1289350560000,1289350619000,1.59309,1.59353,1.59293,1.59319,97300000,1
1289350620000,1289350679000,1.59308,1.59318,1.59294,1.59311,85800000,1
1289350680000,1289350739000,1.59311,1.59314,1.59303,1.59314,48400000,1
1289350740000,1289350799000,1.59314,1.59314,1.5922,1.59241,116300000,1
1289350800000,1289350859000,1.59241,1.59248,1.59213,1.59237,88500000,1
1289350860000,1289350919000,1.59228,1.59277,1.59175,1.59214,129100000,1
1289350920000,1289350979000,1.59214,1.59214,1.59189,1.59208,117600000,1
1289350980000,1289351039000,1.59211,1.59263,1.592,1.59255,150300000,1
1289351040000,1289351099000,1.59262,1.59295,1.59255,1.59282,159300000,1
1289351100000,1289351159000,1.59277,1.59304,1.59258,1.59294,123300000,1
1289351160000,1289351219000,1.5931,1.59325,1.59271,1.59294,87000000,1
1289351220000,1289351279000,1.59297,1.59297,1.59268,1.59292,121500000,1
1289351280000,1289351339000,1.59283,1.59294,1.59261,1.59293,107700000,1
1289351340000,1289351399000,1.59293,1.59293,1.59246,1.59248,95800000,1
1289351400000,1289351459000,1.59246,1.59272,1.59232,1.59263,69700000,1
1289351460000,1289351519000,1.59265,1.59265,1.59225,1.59252,60000000,1
1289351520000,1289351579000,1.59257,1.59257,1.5923,1.59233,77900000,1
1289351580000,1289351639000,1.59237,1.59243,1.59193,1.59193,81800000,1
1289351640000,1289351699000,1.59197,1.59236,1.59197,1.59219,105600000,1
1289351700000,1289351759000,1.59228,1.59243,1.59213,1.59213,97500000,1
1289351760000,1289351819000,1.59213,1.59224,1.59168,1.59173,123300000,1
1289351820000,1289351879000,1.59154,1.59154,1.59083,1.59123,142900000,1
1289351880000,1289351939000,1.59123,1.59161,1.59102,1.59132,121100000,1
1289351940000,1289351999000,1.59132,1.5915,1.59103,1.59103,96400000,1
1289352000000,1289352059000,1.59101,1.59133,1.591,1.59133,101400000,1
1289352060000,1289352119000,1.59133,1.59214,1.59102,1.59189,137600000,1
1289352120000,1289352179000,1.59188,1.59209,1.59168,1.59175,104100000,1
1289352180000,1289352239000,1.59179,1.59179,1.59148,1.59179,118700000,1
1289352240000,1289352299000,1.59173,1.59179,1.59145,1.59145,100900000,1
1289352300000,1289352359000,1.59145,1.5917,1.59139,1.59164,78600000,1
1289352360000,1289352419000,1.59169,1.59184,1.5915,1.5915,93000000,1
1289352420000,1289352479000,1.59151,1.59174,1.59093,1.59127,145700000,1
1289352480000,1289352539000,1.59127,1.59127,1.59093,1.59104,131600000,1
1289352540000,1289352599000,1.59104,1.59106,1.59063,1.59063,91200000,1
1289352600000,1289352659000,1.59061,1.59087,1.59008,1.59008,95500000,1
1289352660000,1289352719000,1.59013,1.59068,1.59013,1.59043,132700000,1
1289352720000,1289352779000,1.59045,1.5906,1.5904,1.59052,78500000,1
1289352780000,1289352839000,1.59049,1.59052,1.59034,1.59051,74000000,1
1289352840000,1289352899000,1.59051,1.59067,1.59033,1.59045,85700000,1
1289352900000,1289352959000,1.59043,1.59056,1.59028,1.59036,67900000,1
1289352960000,1289353019000,1.59034,1.59084,1.59034,1.59054,94900000,1
1289353020000,1289353079000,1.59053,1.59055,1.59036,1.59041,46900000,1
1289353080000,1289353139000,1.59043,1.59067,1.59015,1.59015,98400000,1
1289353140000,1289353199000,1.59027,1.59071,1.59017,1.59068,79800000,1
1289353200000,1289353259000,1.59063,1.59079,1.59043,1.5907,125200000,1
1289353260000,1289353319000,1.59068,1.59086,1.59045,1.59045,112500000,1
1289353320000,1289353379000,1.59045,1.59099,1.59045,1.59088,130200000,1
1289353380000,1289353439000,1.59081,1.5915,1.59078,1.59144,126900000,1
1289353440000,1289353499000,1.59142,1.5918,1.59129,1.59129,66900000,1
1289353500000,1289353559000,1.59128,1.59157,1.59115,1.59133,90700000,1
1289353560000,1289353619000,1.59133,1.59147,1.59098,1.59136,110900000,1
1289353620000,1289353679000,1.59137,1.59153,1.59129,1.59146,54700000,1
1289353680000,1289353739000,1.59146,1.59158,1.59107,1.59137,81300000,1
1289353740000,1289353799000,1.5914,1.5914,1.59096,1.59101,130300000,1
1289353800000,1289353859000,1.59092,1.59166,1.59092,1.59154,117700000,1
1289353860000,1289353919000,1.59155,1.59155,1.59123,1.59127,109800000,1
1289353920000,1289353979000,1.59133,1.59152,1.59048,1.59092,137800000,1
1289353980000,1289354039000,1.59093,1.59156,1.59093,1.59154,119500000,1
1289354040000,1289354099000,1.59159,1.59164,1.59149,1.59154,118400000,1
1289354100000,1289354159000,1.59157,1.59219,1.59157,1.59193,129000000,1
1289354160000,1289354219000,1.59195,1.59231,1.59164,1.59231,100400000,1
1289354220000,1289354279000,1.59227,1.59227,1.59175,1.59175,94600000,1
1289354280000,1289354339000,1.59183,1.59202,1.59161,1.59178,90000000,1
1289354340000,1289354399000,1.59178,1.59188,1.59155,1.59164,123600000,1
1289354400000,1289354459000,1.5917,1.5917,1.59144,1.59162,143200000,1
1289354460000,1289354519000,1.5916,1.59179,1.59157,1.59157,71800000,1
1289354520000,1289354579000,1.59159,1.59167,1.5915,1.5915,83400000,1
1289354580000,1289354639000,1.5915,1.592,1.5915,1.59188,118400000,1
1289354640000,1289354699000,1.59196,1.59204,1.59175,1.59199,120200000,1
1289354700000,1289354759000,1.59199,1.59226,1.59198,1.59212,87300000,1
1289354760000,1289354819000,1.59215,1.59216,1.59178,1.592,78500000,1
1289354820000,1289354879000,1.59204,1.59204,1.59177,1.59184,51700000,1
1289354880000,1289354939000,1.59186,1.59191,1.59168,1.59168,91000000,1
1289354940000,1289354999000,1.59168,1.59173,1.59128,1.59149,127100000,1
1289355000000,1289355059000,1.59149,1.59183,1.59138,1.59183,81500000,1
1289355060000,1289355119000,1.59183,1.59243,1.59183,1.59223,116200000,1
1289355120000,1289355179000,1.59213,1.59235,1.59201,1.5922,70200000,1
1289355180000,1289355239000,1.59216,1.59239,1.59215,1.59223,92100000,1
1289355240000,1289355299000,1.59224,1.59273,1.59223,1.59243,105400000,1
1289355300000,1289355359000,1.59247,1.59287,1.59213,1.59232,88300000,1
1289355360000,1289355419000,1.59232,1.59257,1.59213,1.59213,91000000,1
1289355420000,1289355479000,1.59213,1.59251,1.59188,1.59245,111400000,1
1289355480000,1289355539000,1.59244,1.5925,1.59205,1.59236,81400000,1
1289355540000,1289355599000,1.59236,1.59272,1.59199,1.59272,106700000,1
1289355600000,1289355659000,1.59272,1.59297,1.5927,1.59293,108200000,1
1289355660000,1289355719000,1.59298,1.59314,1.59283,1.59293,116500000,1
1289355720000,1289355779000,1.59293,1.59296,1.59263,1.59263,86800000,1
1289355780000,1289355839000,1.59254,1.59278,1.59241,1.59241,78000000,1
1289355840000,1289355899000,1.59242,1.59263,1.59236,1.5925,59400000,1
1289355900000,1289355959000,1.5925,1.5925,1.5924,1.59248,69500000,1
1289355960000,1289356019000,1.59248,1.59248,1.59209,1.59218,78800000,1
1289356020000,1289356079000,1.59218,1.59218,1.59162,1.59177,71300000,1
1289356080000,1289356139000,1.59171,1.59182,1.59157,1.59177,69800000,1
1289356140000,1289356199000,1.59182,1.59206,1.59176,1.59203,59800000,1
1289356200000,1289356259000,1.5921,1.59233,1.59179,1.59195,120600000,1
1289356260000,1289356319000,1.59199,1.59227,1.59188,1.59224,76900000,1
1289356320000,1289356379000,1.5922,1.5926,1.59202,1.59224,119400000,1
1289356380000,1289356439000,1.59237,1.59274,1.59201,1.59274,131900000,1
1289356440000,1289356499000,1.59266,1.59268,1.59224,1.59253,90100000,1
1289356500000,1289356559000,1.59251,1.5931,1.59228,1.59287,140300000,1
1289356560000,1289356619000,1.59284,1.59297,1.59243,1.59269,90100000,1
1289356620000,1289356679000,1.59267,1.59295,1.5926,1.59295,90300000,1
1289356680000,1289356739000,1.59293,1.59293,1.59242,1.59277,67200000,1
1289356740000,1289356799000,1.59277,1.59288,1.59239,1.59241,61800000,1
1289356800000,1289356859000,1.59241,1.59299,1.59239,1.59279,94600000,1
1289356860000,1289356919000,1.59296,1.59359,1.59287,1.59337,138000000,1
1289356920000,1289356979000,1.59347,1.59356,1.59336,1.59351,94000000,1
1289356980000,1289357039000,1.59351,1.59384,1.59327,1.59328,103500000,1
1289357040000,1289357099000,1.59334,1.59334,1.59264,1.59281,105300000,1
1289357100000,1289357159000,1.59281,1.59335,1.59279,1.59327,127500000,1
1289357160000,1289357219000,1.59331,1.5938,1.59322,1.5938,112700000,1
1289357220000,1289357279000,1.59388,1.59432,1.59364,1.59403,190300000,1
1289357280000,1289357339000,1.59403,1.59423,1.59378,1.59413,175500000,1
1289357340000,1289357399000,1.59414,1.59448,1.59408,1.5942,100600000,1
1289357400000,1289357459000,1.59416,1.59445,1.59413,1.59419,88900000,1
1289357460000,1289357519000,1.59433,1.59465,1.59409,1.59465,119900000,1
1289357520000,1289357579000,1.59465,1.595,1.59458,1.59458,93000000,1
1289357580000,1289357639000,1.59452,1.59517,1.59408,1.59483,110100000,1
1289357640000,1289357699000,1.59481,1.59603,1.59481,1.59561,123500000,1
1289357700000,1289357759000,1.59561,1.59567,1.59505,1.59513,116800000,1
1289357760000,1289357819000,1.59517,1.59518,1.59471,1.59498,140900000,1
1289357820000,1289357879000,1.59495,1.59507,1.59482,1.5949,130100000,1
1289357880000,1289357939000,1.5949,1.59528,1.59483,1.59502,101900000,1
1289357940000,1289357999000,1.59494,1.59511,1.59479,1.59508,70800000,1
1289358000000,1289358059000,1.59508,1.59583,1.59497,1.59553,102000000,1
1289358060000,1289358119000,1.59544,1.59544,1.59457,1.59457,145200000,1
1289358120000,1289358179000,1.59469,1.59469,1.59448,1.5945,76200000,1
1289358180000,1289358239000,1.5945,1.5945,1.59416,1.59416,87300000,1
1289358240000,1289358299000,1.59418,1.59454,1.59418,1.59429,85000000,1
1289358300000,1289358359000,1.59429,1.59447,1.59407,1.59438,118200000,1
1289358360000,1289358419000,1.59438,1.5946,1.59423,1.59447,70400000,1
1289358420000,1289358479000,1.59447,1.59466,1.59435,1.59435,94000000,1
1289358480000,1289358539000,1.59435,1.59485,1.59435,1.59458,59300000,1
1289358540000,1289358599000,1.59458,1.59474,1.59449,1.59473,58500000,1
1289358600000,1289358659000,1.59476,1.59514,1.59476,1.59494,132500000,1
1289358660000,1289358719000,1.59489,1.5954,1.59482,1.59511,131400000,1
1289358720000,1289358779000,1.59519,1.59538,1.59511,1.59522,78800000,1
1289358780000,1289358839000,1.5952,1.59537,1.59508,1.59521,69500000,1
1289358840000,1289358899000,1.59522,1.59527,1.59467,1.59467,99400000,1
1289358900000,1289358959000,1.59467,1.59523,1.59467,1.59512,86600000,1
1289358960000,1289359019000,1.59518,1.59608,1.59508,1.59608,128400000,1
1289359020000,1289359079000,1.59607,1.5962,1.59562,1.59571,103500000,1
1289359080000,1289359139000,1.59574,1.59593,1.59542,1.59587,152100000,1
1289359140000,1289359199000,1.59585,1.59614,1.59576,1.59588,171400000,1
1289359200000,1289359259000,1.59603,1.59603,1.59565,1.59594,88300000,1
1289359260000,1289359319000,1.59588,1.59608,1.5957,1.59582,154300000,1
1289359320000,1289359379000,1.59586,1.59612,1.59559,1.59604,133900000,1
1289359380000,1289359439000,1.59598,1.59606,1.59583,1.59592,94500000,1
1289359440000,1289359499000,1.59592,1.59683,1.59592,1.59669,94000000,1
1289359500000,1289359559000,1.59671,1.59678,1.59597,1.59633,151500000,1
1289359560000,1289359619000,1.59631,1.59706,1.59628,1.59706,104500000,1
1289359620000,1289359679000,1.59709,1.59722,1.59658,1.5967,115800000,1
1289359680000,1289359739000,1.59683,1.59683,1.59603,1.59615,119800000,1
1289359740000,1289359799000,1.59602,1.59614,1.59545,1.59558,106200000,1
1289359800000,1289359859000,1.5955,1.59669,1.5953,1.59666,104200000,1
1289359860000,1289359919000,1.5967,1.59713,1.59648,1.59659,168400000,1
1289359920000,1289359979000,1.59659,1.59672,1.5959,1.5959,136800000,1
1289359980000,1289360039000,1.59595,1.59595,1.59533,1.59542,141900000,1
1289360040000,1289360099000,1.59536,1.59536,1.59489,1.59532,105500000,1
1289360100000,1289360159000,1.59532,1.59554,1.59496,1.59512,123900000,1
1289360160000,1289360219000,1.59507,1.59508,1.59468,1.5948,92800000,1
1289360220000,1289360279000,1.59483,1.59502,1.59429,1.59455,108600000,1
1289360280000,1289360339000,1.59458,1.59472,1.59412,1.5944,92300000,1
1289360340000,1289360399000,1.59442,1.59512,1.59442,1.59481,100200000,1
1289360400000,1289360459000,1.59478,1.59487,1.59448,1.59448,63300000,1
1289360460000,1289360519000,1.59448,1.59494,1.59435,1.59484,114400000,1
1289360520000,1289360579000,1.59483,1.59483,1.59425,1.59428,94700000,1
1289360580000,1289360639000,1.59418,1.59436,1.59394,1.59406,114500000,1
1289360640000,1289360699000,1.59408,1.5944,1.59378,1.59401,133600000,1
1289360700000,1289360759000,1.59398,1.59442,1.59398,1.59427,112200000,1
1289360760000,1289360819000,1.59432,1.59432,1.59392,1.59413,136500000,1
1289360820000,1289360879000,1.59413,1.59486,1.59413,1.59486,125500000,1
1289360880000,1289360939000,1.59493,1.59511,1.59475,1.59503,133100000,1
1289360940000,1289360999000,1.59503,1.5956,1.59503,1.59524,116600000,1
1289361000000,1289361059000,1.59515,1.5952,1.59488,1.59505,150500000,1
1289361060000,1289361119000,1.59505,1.59539,1.59494,1.59529,138900000,1
1289361120000,1289361179000,1.59524,1.59567,1.5951,1.59552,86300000,1
1289361180000,1289361239000,1.59543,1.59553,1.59498,1.59528,89900000,1
1289361240000,1289361299000,1.59528,1.59539,1.59503,1.59519,89800000,1
1289361300000,1289361359000,1.59506,1.59543,1.59501,1.59524,81400000,1
1289361360000,1289361419000,1.59525,1.59581,1.5952,1.59572,80200000,1
1289361420000,1289361479000,1.59572,1.59573,1.59531,1.59533,71200000,1
1289361480000,1289361539000,1.59531,1.59531,1.59485,1.59501,94300000,1
1289361540000,1289361599000,1.59497,1.59541,1.59482,1.59495,137200000,1
1289361600000,1289361659000,1.59511,1.59535,1.59504,1.59509,81500000,1
1289361660000,1289361719000,1.59508,1.59527,1.59456,1.59478,139500000,1
1289361720000,1289361779000,1.59481,1.59488,1.59458,1.59486,71800000,1
1289361780000,1289361839000,1.59489,1.59508,1.59473,1.59481,59600000,1
1289361840000,1289361899000,1.59481,1.59516,1.59481,1.595,81100000,1
1289361900000,1289361959000,1.59506,1.59532,1.59502,1.59519,60100000,1
1289361960000,1289362019000,1.59524,1.59547,1.59505,1.59538,68500000,1
1289362020000,1289362079000,1.59538,1.59551,1.59524,1.59551,93900000,1
1289362080000,1289362139000,1.59544,1.59614,1.59544,1.59594,65000000,1
1289362140000,1289362199000,1.59581,1.59581,1.59539,1.59569,64100000,1
1289362200000,1289362259000,1.59569,1.59569,1.59539,1.59545,45500000,1
1289362260000,1289362319000,1.59545,1.59581,1.59536,1.59573,55800000,1
1289362320000,1289362379000,1.59573,1.59573,1.595,1.595,93400000,1
1289362380000,1289362439000,1.595,1.59516,1.59499,1.595,57100000,1
1289362440000,1289362499000,1.59499,1.59562,1.59496,1.59558,103600000,1
1289362500000,1289362559000,1.59557,1.59557,1.59514,1.59528,79500000,1
1289362560000,1289362619000,1.59528,1.5962,1.59524,1.59603,97000000,1
1289362620000,1289362679000,1.59587,1.59587,1.59519,1.59523,76300000,1
1289362680000,1289362739000,1.59519,1.59536,1.59478,1.59482,104200000,1
1289362740000,1289362799000,1.59475,1.59522,1.59475,1.59498,83900000,1
1289362800000,1289362859000,1.59494,1.5955,1.59488,1.59536,142700000,1
1289362860000,1289362919000,1.59522,1.59522,1.59443,1.59443,172100000,1
1289362920000,1289362979000,1.59448,1.59458,1.59425,1.59437,111500000,1
1289362980000,1289363039000,1.59437,1.59468,1.59414,1.59457,101900000,1
1289363040000,1289363099000,1.59457,1.59476,1.59441,1.59476,93600000,1
1289363100000,1289363159000,1.59473,1.59482,1.59446,1.59463,82400000,1
1289363160000,1289363219000,1.59467,1.59488,1.5945,1.59472,90500000,1
1289363220000,1289363279000,1.59478,1.59478,1.59445,1.5947,66800000,1
1289363280000,1289363339000,1.5947,1.59514,1.59465,1.59509,98400000,1
1289363340000,1289363399000,1.59519,1.59537,1.59515,1.59522,74800000,1
1289363400000,1289363459000,1.59522,1.59526,1.59451,1.59479,112800000,1
1289363460000,1289363519000,1.59479,1.59503,1.59449,1.59465,96300000,1
1289363520000,1289363579000,1.5949,1.5949,1.59412,1.59469,88400000,1
1289363580000,1289363639000,1.59466,1.59503,1.59462,1.59503,73900000,1
1289363640000,1289363699000,1.59498,1.59505,1.59403,1.59412,101800000,1
1289363700000,1289363759000,1.59416,1.59456,1.59416,1.59447,66700000,1
1289363760000,1289363819000,1.59447,1.59464,1.59428,1.59437,90200000,1
1289363820000,1289363879000,1.59431,1.59431,1.59416,1.59421,62100000,1
1289363880000,1289363939000,1.59415,1.59448,1.59382,1.59425,81500000,1
1289363940000,1289363999000,1.59434,1.59435,1.59359,1.59399,91100000,1
1289364000000,1289364059000,1.59399,1.59414,1.59382,1.59408,65300000,1
1289364060000,1289364119000,1.594,1.594,1.59371,1.59379,75600000,1
1289364120000,1289364179000,1.59379,1.59408,1.59377,1.59395,69900000,1
1289364180000,1289364239000,1.59395,1.59395,1.59371,1.59379,90100000,1
1289364240000,1289364299000,1.59379,1.59417,1.59379,1.59414,64500000,1
1289364300000,1289364359000,1.59414,1.59437,1.59414,1.59436,74200000,1
1289364360000,1289364419000,1.59427,1.59467,1.59427,1.59449,89200000,1
1289364420000,1289364479000,1.59458,1.59458,1.59358,1.59374,143600000,1
1289364480000,1289364539000,1.59378,1.59398,1.59362,1.59398,85600000,1
1289364540000,1289364599000,1.59401,1.59455,1.59365,1.59421,114300000,1
1289364600000,1289364659000,1.5943,1.5944,1.59408,1.5941,110500000,1
1289364660000,1289364719000,1.59409,1.59418,1.59368,1.59385,74200000,1
1289364720000,1289364779000,1.59385,1.59396,1.59385,1.59396,66500000,1
1289364780000,1289364839000,1.59396,1.59396,1.59369,1.59372,73100000,1
1289364840000,1289364899000,1.59363,1.59363,1.59322,1.59341,60900000,1
1289364900000,1289364959000,1.59341,1.59354,1.59314,1.59337,93700000,1
1289364960000,1289365019000,1.59328,1.59342,1.59269,1.59288,147600000,1
1289365020000,1289365079000,1.59287,1.59344,1.59284,1.59344,120500000,1
1289365080000,1289365139000,1.59345,1.5936,1.59345,1.59353,74400000,1
1289365140000,1289365199000,1.59353,1.59362,1.59352,1.59352,85700000,1
1289365200000,1289365259000,1.59352,1.59359,1.59335,1.59337,99200000,1
1289365260000,1289365319000,1.59337,1.59385,1.59337,1.5937,119200000,1
1289365320000,1289365379000,1.59368,1.59373,1.59368,1.59371,113100000,1
1289365380000,1289365439000,1.59371,1.59414,1.59371,1.59403,95500000,1
1289365440000,1289365499000,1.59408,1.59499,1.59408,1.59468,134200000,1
1289365500000,1289365559000,1.59468,1.59498,1.59468,1.59475,89900000,1
1289365560000,1289365619000,1.59488,1.59501,1.59474,1.59474,82400000,1
1289365620000,1289365679000,1.59474,1.59476,1.59446,1.59447,78300000,1
1289365680000,1289365739000,1.59446,1.59461,1.59427,1.59441,74500000,1
1289365740000,1289365799000,1.59437,1.59462,1.59437,1.5946,82500000,1
1289365800000,1289365859000,1.5946,1.59478,1.59458,1.59473,53200000,1
1289365860000,1289365919000,1.59473,1.59483,1.59467,1.59479,69000000,1
1289365920000,1289365979000,1.59479,1.5953,1.59479,1.59518,74800000,1
1289365980000,1289366039000,1.59518,1.59518,1.595,1.59506,90000000,1
1289366040000,1289366099000,1.59506,1.59506,1.59495,1.59495,109500000,1
1289366100000,1289366159000,1.59495,1.595,1.59433,1.59436,106800000,1
1289366160000,1289366219000,1.59436,1.59447,1.59419,1.59426,109200000,1
1289366220000,1289366279000,1.59426,1.59451,1.59414,1.59451,62200000,1
1289366280000,1289366339000,1.59444,1.59444,1.59377,1.59384,156400000,1
1289366340000,1289366399000,1.59384,1.59414,1.59378,1.59399,109800000,1
1289366400000,1289366459000,1.59399,1.5941,1.59398,1.59398,53000000,1
1289366460000,1289366519000,1.59398,1.59415,1.59377,1.59377,89000000,1
1289366520000,1289366579000,1.59377,1.59408,1.59367,1.59399,81600000,1
1289366580000,1289366639000,1.59399,1.59418,1.59385,1.59409,73300000,1
1289366640000,1289366699000,1.59409,1.59442,1.59369,1.59442,95000000,1
1289366700000,1289366759000,1.59455,1.59528,1.5942,1.59519,104000000,1
1289366760000,1289366819000,1.59525,1.59525,1.59489,1.59513,85100000,1
1289366820000,1289366879000,1.59513,1.59513,1.59486,1.59493,95400000,1
1289366880000,1289366939000,1.59493,1.59514,1.59491,1.595,68500000,1
1289366940000,1289366999000,1.595,1.595,1.59452,1.59467,82800000,1
1289367000000,1289367059000,1.59467,1.5952,1.59467,1.59488,77200000,1
1289367060000,1289367119000,1.59488,1.5952,1.59488,1.59519,77000000,1
1289367120000,1289367179000,1.59519,1.59538,1.5951,1.59517,75700000,1
1289367180000,1289367239000,1.59516,1.59541,1.59473,1.59488,100900000,1
1289367240000,1289367299000,1.59488,1.59494,1.59488,1.59489,69600000,1
1289367300000,1289367359000,1.59489,1.59501,1.59473,1.59484,80800000,1
1289367360000,1289367419000,1.59484,1.59501,1.59477,1.59495,52500000,1
1289367420000,1289367479000,1.59485,1.5949,1.59431,1.59443,88100000,1
1289367480000,1289367539000,1.59436,1.59452,1.59393,1.59406,104000000,1
1289367540000,1289367599000,1.59408,1.5945,1.59392,1.59443,111200000,1
1289367600000,1289367659000,1.5944,1.59443,1.59404,1.59418,83000000,1
1289367660000,1289367719000,1.59418,1.59452,1.59417,1.59432,58700000,1
1289367720000,1289367779000,1.59427,1.59434,1.59355,1.59375,148000000,1
1289367780000,1289367839000,1.59374,1.59381,1.59365,1.59372,113500000,1
1289367840000,1289367899000,1.5937,1.59389,1.5935,1.59379,83400000,1
1289367900000,1289367959000,1.59379,1.59394,1.59368,1.59371,102900000,1
1289367960000,1289368019000,1.59371,1.59389,1.59367,1.59378,102600000,1
1289368020000,1289368079000,1.59378,1.59388,1.59378,1.59387,68700000,1
1289368080000,1289368139000,1.59387,1.59393,1.59362,1.5937,98600000,1
1289368140000,1289368199000,1.59368,1.59407,1.59367,1.59387,80400000,1
1289368200000,1289368259000,1.59387,1.59389,1.59368,1.59377,94200000,1
1289368260000,1289368319000,1.59376,1.59391,1.59369,1.59376,85500000,1
1289368320000,1289368379000,1.59376,1.59409,1.59364,1.59389,98800000,1
1289368380000,1289368439000,1.59384,1.59384,1.59351,1.59361,86200000,1
1289368440000,1289368499000,1.59361,1.59394,1.59361,1.5939,96700000,1
1289368500000,1289368559000,1.5939,1.59435,1.59351,1.59365,119800000,1
1289368560000,1289368619000,1.59354,1.59368,1.59342,1.59342,77300000,1
1289368620000,1289368679000,1.59343,1.59378,1.59314,1.59361,104200000,1
1289368680000,1289368739000,1.59361,1.59378,1.59361,1.59372,91900000,1
1289368740000,1289368799000,1.59372,1.59408,1.59346,1.59408,131500000,1
1289368800000,1289368859000,1.59397,1.59413,1.59378,1.59413,91700000,1
1289368860000,1289368919000,1.59413,1.59414,1.59397,1.59412,80300000,1
1289368920000,1289368979000,1.59412,1.59414,1.59395,1.59395,65800000,1
1289368980000,1289369039000,1.59395,1.59411,1.59394,1.59399,64400000,1
1289369040000,1289369099000,1.59399,1.59412,1.59395,1.59402,45400000,1
1289369100000,1289369159000,1.59402,1.59432,1.5939,1.5941,73500000,1
1289369160000,1289369219000,1.59405,1.5947,1.59401,1.59463,105500000,1
1289369220000,1289369279000,1.59463,1.5949,1.59463,1.5949,79100000,1
1289369280000,1289369339000,1.59499,1.59509,1.59491,1.59494,94200000,1
1289369340000,1289369399000,1.59494,1.59494,1.59448,1.59462,96300000,1
1289369400000,1289369459000,1.59462,1.59462,1.59447,1.59456,62000000,1
1289369460000,1289369519000,1.59456,1.59456,1.59419,1.59419,86200000,1
1289369520000,1289369579000,1.59419,1.59446,1.59419,1.59436,109400000,1
1289369580000,1289369639000,1.59436,1.5946,1.59436,1.5946,75700000,1
1289369640000,1289369699000,1.59464,1.59488,1.59464,1.59485,102600000,1
1289369700000,1289369759000,1.59488,1.59497,1.59458,1.59473,75200000,1
1289369760000,1289369819000,1.59472,1.59489,1.59468,1.59488,88000000,1
1289369820000,1289369879000,1.59496,1.59496,1.59474,1.59482,56800000,1
1289369880000,1289369939000,1.59483,1.59522,1.59478,1.59518,54800000,1
1289369940000,1289369999000,1.59522,1.59523,1.59473,1.59488,90100000,1
1289370000000,1289370059000,1.59483,1.59483,1.59425,1.59458,85500000,1
1289370060000,1289370119000,1.59462,1.59462,1.59429,1.59434,68000000,1
1289370120000,1289370179000,1.59427,1.59427,1.59389,1.59397,108500000,1
1289370180000,1289370239000,1.59403,1.59403,1.5936,1.59379,71400000,1
1289370240000,1289370299000,1.59379,1.59415,1.59379,1.59407,62400000,1
1289370300000,1289370359000,1.59411,1.59423,1.59388,1.59413,114000000,1
1289370360000,1289370419000,1.59411,1.59425,1.59393,1.59399,94000000,1
1289370420000,1289370479000,1.59399,1.59404,1.59383,1.59396,73200000,1
1289370480000,1289370539000,1.59385,1.59404,1.59361,1.59375,119900000,1
1289370540000,1289370599000,1.59367,1.59433,1.59367,1.59416,96700000,1
1289370600000,1289370659000,1.59422,1.59422,1.59388,1.59389,65000000,1
1289370660000,1289370719000,1.59389,1.59412,1.59389,1.59409,82800000,1
1289370720000,1289370779000,1.59409,1.59434,1.59406,1.5942,64000000,1
1289370780000,1289370839000,1.59415,1.59424,1.59373,1.59373,97600000,1
1289370840000,1289370899000,1.59362,1.59381,1.59318,1.59321,151600000,1
1289370900000,1289370959000,1.59321,1.59354,1.59267,1.59287,165300000,1
1289370960000,1289371019000,1.59309,1.59358,1.5929,1.593,133700000,1
1289371020000,1289371079000,1.59294,1.59299,1.59249,1.59285,151900000,1
1289371080000,1289371139000,1.59285,1.59318,1.5928,1.59286,98600000,1
1289371140000,1289371199000,1.59286,1.59324,1.59286,1.59316,105300000,1
1289371200000,1289371259000,1.59316,1.59318,1.59281,1.59289,146600000,1
1289371260000,1289371319000,1.59301,1.59307,1.59256,1.59264,126400000,1
1289371320000,1289371379000,1.59265,1.59265,1.59251,1.5926,76800000,1
1289371380000,1289371439000,1.5926,1.59278,1.59252,1.59265,109100000,1
1289371440000,1289371499000,1.59272,1.59316,1.59261,1.59261,133700000,1
1289371500000,1289371559000,1.59258,1.5931,1.59255,1.59299,110900000,1
1289371560000,1289371619000,1.59309,1.59329,1.59278,1.5928,122900000,1
1289371620000,1289371679000,1.59279,1.59328,1.59279,1.59317,144000000,1
1289371680000,1289371739000,1.59317,1.59335,1.59302,1.59308,108400000,1
1289371740000,1289371799000,1.59307,1.59328,1.59301,1.59301,125100000,1
1289371800000,1289371859000,1.59302,1.59305,1.59282,1.59287,82000000,1
1289371860000,1289371919000,1.59285,1.59288,1.59249,1.59249,70500000,1
1289371920000,1289371979000,1.59249,1.59269,1.59234,1.59237,76000000,1
1289371980000,1289372039000,1.59237,1.59274,1.59235,1.59268,114700000,1
1289372040000,1289372099000,1.59268,1.59281,1.59243,1.59265,117100000,1
1289372100000,1289372159000,1.59265,1.59273,1.59256,1.59265,101100000,1
1289372160000,1289372219000,1.59258,1.59293,1.59235,1.59257,123500000,1
1289372220000,1289372279000,1.59272,1.59291,1.59231,1.59291,137900000,1
1289372280000,1289372339000,1.59278,1.59288,1.59213,1.59229,113800000,1
1289372340000,1289372399000,1.5923,1.5924,1.59193,1.59216,112500000,1
1289372400000,1289372459000,1.59227,1.59248,1.5919,1.592,167300000,1
1289372460000,1289372519000,1.592,1.59216,1.59176,1.59184,153200000,1
1289372520000,1289372579000,1.5918,1.59207,1.59094,1.59132,174700000,1
1289372580000,1289372639000,1.5913,1.59152,1.59109,1.59139,135900000,1
1289372640000,1289372699000,1.59139,1.59169,1.59128,1.59135,140600000,1
1289372700000,1289372759000,1.59135,1.59165,1.59097,1.59145,139600000,1
1289372760000,1289372819000,1.59136,1.59137,1.59082,1.59082,145300000,1
1289372820000,1289372879000,1.59085,1.59113,1.59077,1.59095,128100000,1
1289372880000,1289372939000,1.59096,1.59096,1.59036,1.59057,117600000,1
1289372940000,1289372999000,1.59061,1.59122,1.59043,1.59096,101400000,1
1289373000000,1289373059000,1.59096,1.59188,1.59096,1.59175,129300000,1
1289373060000,1289373119000,1.59182,1.59183,1.59153,1.59176,104300000,1
1289373120000,1289373179000,1.59169,1.59182,1.59129,1.59169,103800000,1
1289373180000,1289373239000,1.59161,1.592,1.59142,1.59188,141100000,1
1289373240000,1289373299000,1.59191,1.59215,1.59131,1.59159,132900000,1
1289373300000,1289373359000,1.59168,1.59227,1.59162,1.59195,134000000,1
1289373360000,1289373419000,1.59197,1.59234,1.59197,1.59222,88000000,1
1289373420000,1289373479000,1.59222,1.59222,1.59139,1.59139,117700000,1
1289373480000,1289373539000,1.59139,1.59166,1.59113,1.59133,117700000,1
1289373540000,1289373599000,1.59133,1.59162,1.59117,1.59128,134500000,1
1289373600000,1289373659000,1.59129,1.59131,1.59103,1.59124,89800000,1
1289373660000,1289373719000,1.59124,1.59142,1.59075,1.59111,121700000,1
1289373720000,1289373779000,1.59111,1.59111,1.59053,1.59066,133400000,1
1289373780000,1289373839000,1.59059,1.59066,1.59027,1.59059,113600000,1
1289373840000,1289373899000,1.59052,1.59103,1.59052,1.59093,96900000,1
1289373900000,1289373959000,1.59087,1.59096,1.59059,1.59059,125900000,1
1289373960000,1289374019000,1.59055,1.59068,1.59019,1.5902,91900000,1
1289374020000,1289374079000,1.59011,1.59052,1.59008,1.5905,109700000,1
1289374080000,1289374139000,1.59045,1.59052,1.58988,1.59005,142300000,1
1289374140000,1289374199000,1.58998,1.5906,1.58997,1.59046,122500000,1
1289374200000,1289374259000,1.59044,1.59071,1.59027,1.59052,103600000,1
1289374260000,1289374319000,1.59055,1.5909,1.59045,1.59057,103100000,1
1289374320000,1289374379000,1.59057,1.59135,1.59048,1.59118,106000000,1
1289374380000,1289374439000,1.59121,1.59132,1.59085,1.59088,107700000,1
1289374440000,1289374499000,1.59087,1.59117,1.59086,1.59097,104100000,1
1289374500000,1289374559000,1.59089,1.59096,1.59035,1.59039,78900000,1
1289374560000,1289374619000,1.59038,1.59068,1.59008,1.59052,103300000,1
1289374620000,1289374679000,1.59053,1.59108,1.5902,1.59099,117500000,1
1289374680000,1289374739000,1.59099,1.59104,1.59022,1.59022,88500000,1
1289374740000,1289374799000,1.59022,1.59057,1.58991,1.59014,106100000,1
1289374800000,1289374859000,1.5901,1.5902,1.58969,1.58978,98400000,1
1289374860000,1289374919000,1.58979,1.5902,1.5891,1.58911,136500000,1
1289374920000,1289374979000,1.58909,1.5904,1.58909,1.59028,126300000,1
1289374980000,1289375039000,1.59015,1.59035,1.59,1.59021,79700000,1
1289375040000,1289375099000,1.59004,1.59042,1.58998,1.59024,125800000,1
1289375100000,1289375159000,1.59024,1.59043,1.58994,1.59037,113000000,1
1289375160000,1289375219000,1.59032,1.59079,1.59023,1.59026,113700000,1
1289375220000,1289375279000,1.59034,1.59091,1.59027,1.59091,115100000,1
1289375280000,1289375339000,1.59089,1.5913,1.59078,1.59108,121900000,1
1289375340000,1289375399000,1.59115,1.59141,1.59106,1.59107,104900000,1
1289375400000,1289375459000,1.59107,1.59116,1.59057,1.59058,72300000,1
1289375460000,1289375519000,1.59058,1.59117,1.59056,1.59117,111200000,1
1289375520000,1289375579000,1.59109,1.59127,1.59102,1.59115,108400000,1
1289375580000,1289375639000,1.59112,1.59147,1.591,1.59115,131300000,1
1289375640000,1289375699000,1.591,1.59153,1.59092,1.59132,99100000,1
1289375700000,1289375759000,1.59138,1.59138,1.59073,1.59092,126600000,1
1289375760000,1289375819000,1.59092,1.59096,1.59057,1.59088,104500000,1
1289375820000,1289375879000,1.59096,1.59136,1.59093,1.59136,101700000,1
1289375880000,1289375939000,1.59136,1.59147,1.59124,1.59129,114800000,1
1289375940000,1289375999000,1.59123,1.59167,1.5911,1.59138,117800000,1
1289376000000,1289376059000,1.59133,1.59241,1.59119,1.59162,126600000,1
1289376060000,1289376119000,1.59172,1.59193,1.59172,1.59191,148600000,1
1289376120000,1289376179000,1.59191,1.59215,1.59166,1.59197,95100000,1
1289376180000,1289376239000,1.592,1.59227,1.59163,1.59172,118800000,1
1289376240000,1289376299000,1.59165,1.5917,1.59099,1.59106,97400000,1
1289376300000,1289376359000,1.59107,1.59133,1.59099,1.59109,125200000,1
1289376360000,1289376419000,1.59125,1.59141,1.59064,1.59078,128300000,1
1289376420000,1289376479000,1.59078,1.59088,1.5905,1.59069,112400000,1
1289376480000,1289376539000,1.59071,1.59095,1.59031,1.59094,134100000,1
1289376540000,1289376599000,1.59091,1.59139,1.59091,1.5912,113200000,1
1289376600000,1289376659000,1.59114,1.59132,1.59063,1.59083,128200000,1
1289376660000,1289376719000,1.59084,1.59105,1.59067,1.59087,121500000,1
1289376720000,1289376779000,1.59088,1.59117,1.59087,1.59088,72900000,1
1289376780000,1289376839000,1.59086,1.591,1.59033,1.59033,106300000,1
1289376840000,1289376899000,1.59034,1.59056,1.59034,1.59035,86800000,1
1289376900000,1289376959000,1.59041,1.59045,1.59007,1.59007,84000000,1
1289376960000,1289377019000,1.59009,1.59047,1.59008,1.59042,113400000,1
1289377020000,1289377079000,1.59044,1.59053,1.58951,1.58984,130000000,1
1289377080000,1289377139000,1.58976,1.59004,1.58968,1.58971,116800000,1
1289377140000,1289377199000,1.58958,1.5896,1.58876,1.58876,106500000,1
1289377200000,1289377259000,1.58868,1.58913,1.58867,1.58913,122600000,1
1289377260000,1289377319000,1.58913,1.58936,1.58868,1.589,117000000,1
1289377320000,1289377379000,1.58905,1.58951,1.58905,1.58932,113200000,1
1289377380000,1289377439000,1.58935,1.5896,1.58914,1.58914,114800000,1
1289377440000,1289377499000,1.58911,1.58956,1.5891,1.5895,137200000,1
1289377500000,1289377559000,1.58943,1.58992,1.5893,1.58969,127800000,1
1289377560000,1289377619000,1.58958,1.58979,1.58946,1.58956,68800000,1
1289377620000,1289377679000,1.58956,1.59011,1.58935,1.58992,112400000,1
1289377680000,1289377739000,1.5898,1.59009,1.5897,1.59001,103700000,1
1289377740000,1289377799000,1.59006,1.59038,1.58988,1.58991,129500000,1
1289377800000,1289377859000,1.58988,1.59011,1.58965,1.58999,155900000,1
1289377860000,1289377919000,1.58993,1.58993,1.58959,1.58974,86100000,1
1289377920000,1289377979000,1.58981,1.59026,1.58967,1.5901,105400000,1
1289377980000,1289378039000,1.59013,1.59039,1.59004,1.59031,96900000,1
1289378040000,1289378099000,1.59032,1.59046,1.59009,1.59043,55900000,1
1289378100000,1289378159000,1.59043,1.59061,1.58985,1.58985,96500000,1
1289378160000,1289378219000,1.58993,1.58993,1.58948,1.58958,109700000,1
1289378220000,1289378279000,1.58966,1.59007,1.58927,1.58945,124100000,1
1289378280000,1289378339000,1.58946,1.58959,1.58879,1.58897,138700000,1
1289378340000,1289378399000,1.58896,1.58958,1.58885,1.58931,103500000,1
1289378400000,1289378459000,1.58932,1.59026,1.58928,1.59021,178700000,1
1289378460000,1289378519000,1.59031,1.5904,1.58967,1.59004,141200000,1
1289378520000,1289378579000,1.58986,1.59017,1.58958,1.58983,87600000,1
1289378580000,1289378639000,1.58983,1.59062,1.58983,1.59062,79000000,1
1289378640000,1289378699000,1.59059,1.59059,1.59009,1.59009,112100000,1
1289378700000,1289378759000,1.59012,1.59014,1.58977,1.58985,99400000,1
1289378760000,1289378819000,1.58987,1.59093,1.58985,1.59057,119100000,1
1289378820000,1289378879000,1.59056,1.59095,1.59046,1.59067,116500000,1
1289378880000,1289378939000,1.59065,1.59104,1.59056,1.59104,115200000,1
1289378940000,1289378999000,1.59106,1.59128,1.59098,1.59107,105500000,1
1289379000000,1289379059000,1.59108,1.59174,1.59086,1.59156,122500000,1
1289379060000,1289379119000,1.59153,1.59206,1.59153,1.59206,115200000,1
1289379120000,1289379179000,1.59202,1.59216,1.59178,1.59178,74200000,1
1289379180000,1289379239000,1.59181,1.592,1.59147,1.59171,104000000,1
1289379240000,1289379299000,1.59184,1.59209,1.5915,1.5916,130200000,1
1289379300000,1289379359000,1.5916,1.59179,1.59127,1.5914,145300000,1
1289379360000,1289379419000,1.59144,1.59194,1.59117,1.59183,112800000,1
1289379420000,1289379479000,1.59182,1.59252,1.59176,1.59252,118500000,1
1289379480000,1289379539000,1.59257,1.59277,1.59232,1.59261,117500000,1
1289379540000,1289379599000,1.59264,1.59272,1.59231,1.5924,155200000,1
1289379600000,1289379659000,1.59253,1.59273,1.59165,1.59192,132500000,1
1289379660000,1289379719000,1.59185,1.59185,1.59147,1.59176,102600000,1
1289379720000,1289379779000,1.59177,1.5921,1.59158,1.59187,110700000,1
1289379780000,1289379839000,1.59192,1.59205,1.59153,1.59159,97700000,1
1289379840000,1289379899000,1.59161,1.59184,1.59132,1.59184,129800000,1
1289379900000,1289379959000,1.59177,1.59222,1.59163,1.59191,89400000,1
1289379960000,1289380019000,1.59191,1.59205,1.59158,1.59182,123600000,1
1289380020000,1289380079000,1.59193,1.59228,1.59189,1.59203,105600000,1
1289380080000,1289380139000,1.59204,1.59224,1.59185,1.59213,117100000,1
1289380140000,1289380199000,1.59208,1.59208,1.59172,1.59188,107200000,1
1289380200000,1289380259000,1.59187,1.59189,1.59159,1.59172,96900000,1
1289380260000,1289380319000,1.59173,1.5918,1.59145,1.59146,143700000,1
1289380320000,1289380379000,1.59148,1.59193,1.59142,1.59147,111300000,1
1289380380000,1289380439000,1.59151,1.59166,1.59122,1.59125,139100000,1
1289380440000,1289380499000,1.59125,1.5914,1.59098,1.59102,141400000,1
1289380500000,1289380559000,1.59091,1.59128,1.59081,1.59117,131100000,1
1289380560000,1289380619000,1.59117,1.59154,1.59108,1.59147,106000000,1
1289380620000,1289380679000,1.5915,1.5915,1.59003,1.59019,122800000,1
1289380680000,1289380739000,1.59015,1.59075,1.58984,1.59005,107200000,1
1289380740000,1289380799000,1.59005,1.59019,1.58971,1.58977,91900000,1
1289380800000,1289380859000,1.58976,1.5903,1.58972,1.59027,103200000,1
1289380860000,1289380919000,1.59023,1.5908,1.59015,1.59053,99600000,1
1289380920000,1289380979000,1.59051,1.59059,1.5904,1.59058,102600000,1
1289380980000,1289381039000,1.59063,1.59068,1.5902,1.59027,113700000,1
1289381040000,1289381099000,1.59025,1.59115,1.59025,1.5911,108100000,1
1289381100000,1289381159000,1.59107,1.59133,1.59085,1.59102,95000000,1
1289381160000,1289381219000,1.591,1.59119,1.59092,1.59103,108300000,1
1289381220000,1289381279000,1.59105,1.59143,1.59103,1.59105,82100000,1
1289381280000,1289381339000,1.59105,1.59124,1.59081,1.59094,104200000,1
1289381340000,1289381399000,1.59094,1.59094,1.59047,1.59063,100100000,1
1289381400000,1289381459000,1.59058,1.59082,1.59021,1.59037,117400000,1
1289381460000,1289381519000,1.59036,1.59051,1.59017,1.59038,97200000,1
1289381520000,1289381579000,1.59035,1.59061,1.59025,1.59054,96600000,1
1289381580000,1289381639000,1.59056,1.59076,1.59047,1.59059,92600000,1
1289381640000,1289381699000,1.59059,1.59062,1.59051,1.5906,94600000,1
1289381700000,1289381759000,1.5906,1.59119,1.59059,1.59087,103100000,1
1289381760000,1289381819000,1.59087,1.59102,1.59065,1.59065,96000000,1
1289381820000,1289381879000,1.59058,1.59058,1.58986,1.59004,83100000,1
1289381880000,1289381939000,1.59006,1.59037,1.58991,1.59013,96700000,1
1289381940000,1289381999000,1.59013,1.59081,1.59013,1.59081,82300000,1
1289382000000,1289382059000,1.59091,1.59126,1.5905,1.59126,98100000,1
1289382060000,1289382119000,1.59118,1.59126,1.59042,1.5906,105800000,1
1289382120000,1289382179000,1.59068,1.59085,1.59048,1.59048,138500000,1
1289382180000,1289382239000,1.59044,1.59069,1.59023,1.59031,97000000,1
1289382240000,1289382299000,1.59032,1.59064,1.59021,1.5904,109200000,1
1289382300000,1289382359000,1.59044,1.59056,1.58986,1.59007,121900000,1
1289382360000,1289382419000,1.58996,1.58998,1.58948,1.58954,150400000,1
1289382420000,1289382479000,1.58963,1.58982,1.58908,1.58935,159900000,1
1289382480000,1289382539000,1.58937,1.58958,1.58899,1.58899,112700000,1
1289382540000,1289382599000,1.58901,1.58905,1.58856,1.58861,93900000,1
1289382600000,1289382659000,1.58861,1.58871,1.5882,1.5883,119300000,1
1289382660000,1289382719000,1.58834,1.58886,1.58834,1.58886,135300000,1
1289382720000,1289382779000,1.58882,1.58912,1.58878,1.58898,110400000,1
1289382780000,1289382839000,1.58907,1.58938,1.5889,1.58899,99300000,1
1289382840000,1289382899000,1.58899,1.58913,1.58899,1.589,100700000,1
1289382900000,1289382959000,1.58892,1.58916,1.58867,1.58879,121000000,1
1289382960000,1289383019000,1.58883,1.58952,1.58865,1.58938,111300000,1
1289383020000,1289383079000,1.58937,1.58961,1.58898,1.58917,113800000,1
1289383080000,1289383139000,1.58923,1.58932,1.58886,1.58886,152200000,1
1289383140000,1289383199000,1.58891,1.58938,1.58891,1.58937,128300000,1
1289383200000,1289383259000,1.58942,1.58956,1.58886,1.58936,127800000,1
1289383260000,1289383319000,1.58937,1.58971,1.58913,1.58939,101700000,1
1289383320000,1289383379000,1.58939,1.58947,1.589,1.58905,114600000,1
1289383380000,1289383439000,1.58903,1.58994,1.58895,1.58962,126000000,1
1289383440000,1289383499000,1.58953,1.58977,1.58944,1.58966,106600000,1
1289383500000,1289383559000,1.58966,1.59003,1.58956,1.5898,95800000,1
1289383560000,1289383619000,1.58986,1.59003,1.58978,1.58992,114800000,1
1289383620000,1289383679000,1.58992,1.58998,1.58938,1.58971,129600000,1
1289383680000,1289383739000,1.58964,1.59027,1.58957,1.59027,132100000,1
1289383740000,1289383799000,1.59027,1.59063,1.59018,1.59049,119600000,1
1289383800000,1289383859000,1.59062,1.59075,1.59049,1.59065,78100000,1
1289383860000,1289383919000,1.59065,1.59087,1.59033,1.59066,110100000,1
1289383920000,1289383979000,1.59066,1.59089,1.5904,1.59079,123500000,1
1289383980000,1289384039000,1.59063,1.59133,1.59063,1.5908,113200000,1
1289384040000,1289384099000,1.59085,1.59106,1.59062,1.59069,128000000,1
1289384100000,1289384159000,1.59073,1.59109,1.59072,1.59098,73900000,1
1289384160000,1289384219000,1.59102,1.59107,1.59049,1.59055,107600000,1
1289384220000,1289384279000,1.59055,1.59055,1.59021,1.5904,108100000,1
1289384280000,1289384339000,1.5904,1.59065,1.59037,1.59065,99400000,1
1289384340000,1289384399000,1.59067,1.59086,1.59039,1.59082,101000000,1
1289384400000,1289384459000,1.59079,1.59089,1.59037,1.59073,106800000,1
1289384460000,1289384519000,1.59078,1.59078,1.59017,1.59033,84300000,1
1289384520000,1289384579000,1.59025,1.59054,1.59017,1.5903,131400000,1
1289384580000,1289384639000,1.5903,1.59078,1.5903,1.59063,102400000,1
1289384640000,1289384699000,1.59083,1.59087,1.59043,1.59045,112200000,1
1289384700000,1289384759000,1.59048,1.59073,1.59029,1.59053,117000000,1
1289384760000,1289384819000,1.59052,1.59058,1.59037,1.59045,96500000,1
1289384820000,1289384879000,1.59053,1.59148,1.59035,1.59116,116700000,1
1289384880000,1289384939000,1.59112,1.59175,1.59107,1.59129,101900000,1
1289384940000,1289384999000,1.59137,1.59156,1.58898,1.58953,166900000,1
1289385000000,1289385059000,1.58943,1.59618,1.58932,1.59603,180300000,1
1289385060000,1289385119000,1.59607,1.59607,1.59447,1.59593,252700000,1
1289385120000,1289385179000,1.59588,1.59609,1.59458,1.59475,259100000,1
1289385180000,1289385239000,1.59476,1.59479,1.59418,1.59468,202400000,1
1289385240000,1289385299000,1.59473,1.59491,1.59419,1.5943,164800000,1
1289385300000,1289385359000,1.59431,1.59532,1.59431,1.59532,175400000,1
1289385360000,1289385419000,1.5953,1.59613,1.5953,1.59576,158900000,1
1289385420000,1289385479000,1.59563,1.59727,1.59563,1.59719,189300000,1
1289385480000,1289385539000,1.59719,1.59847,1.59708,1.59812,199200000,1
1289385540000,1289385599000,1.59789,1.59987,1.59782,1.59897,189000000,1
1289385600000,1289385659000,1.59906,1.60021,1.59899,1.59993,170600000,1
1289385660000,1289385719000,1.59999,1.59999,1.5988,1.59884,125600000,1
1289385720000,1289385779000,1.59884,1.59964,1.59869,1.59876,177600000,1
1289385780000,1289385839000,1.59878,1.59881,1.59767,1.59805,126100000,1
1289385840000,1289385899000,1.59793,1.59883,1.59783,1.5986,165300000,1
1289385900000,1289385959000,1.59858,1.60163,1.59858,1.60083,207800000,1
1289385960000,1289386019000,1.60098,1.60104,1.59992,1.60038,226400000,1
1289386020000,1289386079000,1.60037,1.60135,1.60033,1.60057,192100000,1
1289386080000,1289386139000,1.6005,1.60088,1.6,1.60055,183600000,1
1289386140000,1289386199000,1.60061,1.60255,1.60061,1.60242,217300000,1
1289386200000,1289386259000,1.6024,1.60273,1.60185,1.60188,218600000,1
1289386260000,1289386319000,1.60188,1.602,1.60086,1.60137,178700000,1
1289386320000,1289386379000,1.60128,1.60157,1.60086,1.60114,194900000,1
1289386380000,1289386439000,1.60117,1.6014,1.60057,1.60083,161500000,1
1289386440000,1289386499000,1.60078,1.60113,1.60035,1.60104,163100000,1
1289386500000,1289386559000,1.60101,1.60172,1.60095,1.60147,165000000,1
1289386560000,1289386619000,1.60147,1.60165,1.60128,1.60165,99000000,1
1289386620000,1289386679000,1.60175,1.60229,1.60143,1.60143,134100000,1
1289386680000,1289386739000,1.60144,1.60144,1.60055,1.60095,143600000,1
1289386740000,1289386799000,1.6009,1.60206,1.60087,1.60165,155300000,1
1289386800000,1289386859000,1.60162,1.60167,1.60055,1.60056,162900000,1
1289386860000,1289386919000,1.60042,1.60123,1.60042,1.60091,197300000,1
1289386920000,1289386979000,1.60103,1.60183,1.60094,1.60154,127700000,1
1289386980000,1289387039000,1.60161,1.60163,1.6009,1.60157,180700000,1
1289387040000,1289387099000,1.60143,1.60248,1.60143,1.60217,188200000,1
1289387100000,1289387159000,1.60213,1.60294,1.6019,1.60294,133400000,1
1289387160000,1289387219000,1.60294,1.60409,1.60294,1.60405,129300000,1
1289387220000,1289387279000,1.60404,1.60404,1.60268,1.60276,116900000,1
1289387280000,1289387339000,1.60274,1.60324,1.60232,1.60311,168600000,1
1289387340000,1289387399000,1.60307,1.60356,1.60263,1.60342,125500000,1
1289387400000,1289387459000,1.60337,1.6041,1.60302,1.60367,113300000,1
1289387460000,1289387519000,1.60351,1.60372,1.6025,1.60305,156700000,1
1289387520000,1289387579000,1.60291,1.60395,1.60271,1.60395,150200000,1
1289387580000,1289387639000,1.604,1.60461,1.60379,1.60392,122400000,1
1289387640000,1289387699000,1.6039,1.60473,1.60367,1.6044,108400000,1
1289387700000,1289387759000,1.60438,1.60496,1.60415,1.60491,120800000,1
1289387760000,1289387819000,1.6049,1.60515,1.60469,1.60471,189500000,1
1289387820000,1289387879000,1.6046,1.60476,1.60387,1.60424,148900000,1
1289387880000,1289387939000,1.60424,1.60432,1.60363,1.6039,172400000,1
1289387940000,1289387999000,1.60382,1.60442,1.60361,1.60441,135300000,1
1289388000000,1289388059000,1.60442,1.605,1.60442,1.605,144600000,1
1289388060000,1289388119000,1.60516,1.60578,1.60498,1.60546,171400000,1
1289388120000,1289388179000,1.60562,1.6057,1.60485,1.60506,213300000,1
1289388180000,1289388239000,1.60506,1.60542,1.60506,1.60518,191100000,1
1289388240000,1289388299000,1.60516,1.6052,1.60403,1.60439,164000000,1
1289388300000,1289388359000,1.60439,1.60556,1.60439,1.60512,175100000,1
1289388360000,1289388419000,1.60501,1.60522,1.60461,1.60485,141500000,1
1289388420000,1289388479000,1.60478,1.6051,1.60429,1.60448,118600000,1
1289388480000,1289388539000,1.60453,1.60488,1.60432,1.60449,128900000,1
1289388540000,1289388599000,1.60449,1.60558,1.60449,1.60556,97600000,1
1289388600000,1289388659000,1.60556,1.60564,1.6051,1.60518,153000000,1
1289388660000,1289388719000,1.60499,1.60555,1.60492,1.60511,173500000,1
1289388720000,1289388779000,1.60507,1.60576,1.60507,1.6054,138400000,1
1289388780000,1289388839000,1.60541,1.60562,1.60508,1.60562,108400000,1
1289388840000,1289388899000,1.60562,1.60602,1.60541,1.60546,109900000,1
1289388900000,1289388959000,1.60547,1.60566,1.60516,1.60539,138300000,1
1289388960000,1289389019000,1.60545,1.60591,1.60537,1.60572,141500000,1
1289389020000,1289389079000,1.60586,1.60588,1.60489,1.60504,94800000,1
1289389080000,1289389139000,1.60501,1.60501,1.60435,1.60463,95400000,1
1289389140000,1289389199000,1.60463,1.60506,1.6045,1.60504,114200000,1
1289389200000,1289389259000,1.60495,1.60504,1.60471,1.60503,108300000,1
1289389260000,1289389319000,1.60504,1.60515,1.6043,1.6047,166500000,1
1289389320000,1289389379000,1.60471,1.60531,1.60444,1.6048,158400000,1
1289389380000,1289389439000,1.60486,1.60581,1.60483,1.60581,132300000,1
1289389440000,1289389499000,1.60584,1.60609,1.6057,1.6059,144300000,1
1289389500000,1289389559000,1.60594,1.60606,1.60537,1.60571,119400000,1
1289389560000,1289389619000,1.60579,1.60591,1.6056,1.60591,131900000,1
1289389620000,1289389679000,1.60592,1.6061,1.60587,1.60593,145400000,1
1289389680000,1289389739000,1.60593,1.60616,1.60566,1.60578,116600000,1
1289389740000,1289389799000,1.60573,1.60588,1.60552,1.6058,133000000,1
1289389800000,1289389859000,1.60594,1.60594,1.6053,1.60565,122800000,1
1289389860000,1289389919000,1.60557,1.60643,1.60555,1.60602,144000000,1
1289389920000,1289389979000,1.60601,1.60629,1.6059,1.60598,141600000,1
1289389980000,1289390039000,1.60605,1.60622,1.60529,1.60555,114700000,1
1289390040000,1289390099000,1.60565,1.60582,1.60557,1.60571,88300000,1
1289390100000,1289390159000,1.60566,1.60594,1.60563,1.60563,118100000,1
1289390160000,1289390219000,1.60563,1.60586,1.60533,1.60556,107400000,1
1289390220000,1289390279000,1.60557,1.60581,1.60538,1.60558,109700000,1
1289390280000,1289390339000,1.60558,1.60629,1.60545,1.60613,132900000,1
1289390340000,1289390399000,1.60616,1.60627,1.60548,1.60562,137500000,1
1289390400000,1289390459000,1.60558,1.60574,1.60536,1.60556,144300000,1
1289390460000,1289390519000,1.60548,1.60561,1.60543,1.60547,94300000,1
1289390520000,1289390579000,1.60543,1.60564,1.60538,1.60562,96200000,1
1289390580000,1289390639000,1.60562,1.60603,1.60562,1.60572,112700000,1
1289390640000,1289390699000,1.60566,1.60581,1.6052,1.60526,124300000,1
1289390700000,1289390759000,1.60521,1.60523,1.60481,1.60487,125800000,1
1289390760000,1289390819000,1.60482,1.60482,1.60457,1.60463,153700000,1
1289390820000,1289390879000,1.60466,1.60523,1.60466,1.605,91600000,1
1289390880000,1289390939000,1.605,1.60536,1.60494,1.605,131400000,1
1289390940000,1289390999000,1.60499,1.60518,1.60484,1.60496,101200000,1
1289391000000,1289391059000,1.60496,1.60517,1.60474,1.60501,74600000,1
1289391060000,1289391119000,1.60501,1.60527,1.60492,1.60517,116100000,1
1289391120000,1289391179000,1.60513,1.60546,1.60466,1.60529,98700000,1
1289391180000,1289391239000,1.60534,1.60544,1.60508,1.60538,89300000,1
1289391240000,1289391299000,1.60548,1.60574,1.60529,1.60533,106900000,1
1289391300000,1289391359000,1.60535,1.60555,1.60486,1.60492,124900000,1
1289391360000,1289391419000,1.60492,1.60553,1.60454,1.60538,135400000,1
1289391420000,1289391479000,1.60533,1.60633,1.60517,1.60611,176800000,1
1289391480000,1289391539000,1.60609,1.60686,1.60606,1.60665,171300000,1
1289391540000,1289391599000,1.60665,1.60682,1.60603,1.60672,116000000,1
1289391600000,1289391659000,1.60677,1.60716,1.60677,1.60691,115500000,1
1289391660000,1289391719000,1.60691,1.60738,1.6066,1.60694,146500000,1
1289391720000,1289391779000,1.60694,1.60747,1.60684,1.60737,148400000,1
1289391780000,1289391839000,1.60744,1.60821,1.60744,1.60804,199500000,1
1289391840000,1289391899000,1.60813,1.60883,1.60813,1.60861,128300000,1
1289391900000,1289391959000,1.60852,1.60882,1.60826,1.60826,156100000,1
1289391960000,1289392019000,1.60829,1.60831,1.60696,1.60696,130100000,1
1289392020000,1289392079000,1.60687,1.60732,1.60649,1.60672,146100000,1
1289392080000,1289392139000,1.60672,1.60691,1.60659,1.60673,100900000,1
1289392140000,1289392199000,1.60672,1.60672,1.60588,1.60615,130800000,1
1289392200000,1289392259000,1.60615,1.60652,1.60601,1.60647,104300000,1
1289392260000,1289392319000,1.60668,1.60689,1.60645,1.60649,109300000,1
1289392320000,1289392379000,1.60655,1.60679,1.60653,1.60671,94100000,1
1289392380000,1289392439000,1.60675,1.60758,1.60656,1.6072,113500000,1
1289392440000,1289392499000,1.6072,1.60751,1.6068,1.6068,76800000,1
1289392500000,1289392559000,1.60688,1.60688,1.60625,1.6063,78300000,1
1289392560000,1289392619000,1.60637,1.60702,1.60627,1.60674,107100000,1
1289392620000,1289392679000,1.60671,1.60766,1.60664,1.60766,107200000,1
1289392680000,1289392739000,1.60765,1.60779,1.60731,1.60741,99200000,1
1289392740000,1289392799000,1.60748,1.60817,1.60729,1.60799,121300000,1
1289392800000,1289392859000,1.6079,1.6083,1.60773,1.60796,93700000,1
1289392860000,1289392919000,1.60808,1.60949,1.60803,1.60949,82100000,1
1289392920000,1289392979000,1.60965,1.61025,1.60958,1.60998,128400000,1
1289392980000,1289393039000,1.61002,1.61021,1.60965,1.60979,125200000,1
1289393040000,1289393099000,1.60986,1.60989,1.60946,1.60967,106400000,1
1289393100000,1289393159000,1.60958,1.60958,1.60897,1.60918,98700000,1
1289393160000,1289393219000,1.6092,1.6094,1.60904,1.60919,69000000,1
1289393220000,1289393279000,1.6092,1.6095,1.6091,1.60911,76400000,1
1289393280000,1289393339000,1.60919,1.6093,1.60875,1.60875,77300000,1
1289393340000,1289393399000,1.6089,1.60941,1.6089,1.60912,100800000,1
1289393400000,1289393459000,1.60912,1.61026,1.60911,1.61015,107700000,1
1289393460000,1289393519000,1.61015,1.6102,1.60967,1.60971,102100000,1
1289393520000,1289393579000,1.60972,1.60972,1.60882,1.60888,120400000,1
1289393580000,1289393639000,1.60899,1.60906,1.60873,1.60876,74500000,1
1289393640000,1289393699000,1.60873,1.60908,1.6086,1.60888,76400000,1
1289393700000,1289393759000,1.60885,1.60885,1.60828,1.60829,118800000,1
1289393760000,1289393819000,1.60829,1.60851,1.60825,1.6083,80500000,1
1289393820000,1289393879000,1.60839,1.60865,1.60802,1.60803,100200000,1
1289393880000,1289393939000,1.60792,1.60844,1.60782,1.60821,109000000,1
1289393940000,1289393999000,1.60803,1.60803,1.60681,1.60695,140900000,1
1289394000000,1289394059000,1.607,1.60732,1.60684,1.60717,123600000,1
1289394060000,1289394119000,1.60717,1.60734,1.60706,1.60731,136000000,1
1289394120000,1289394179000,1.60734,1.60734,1.60673,1.60673,136300000,1
1289394180000,1289394239000,1.60669,1.60673,1.60635,1.60658,110700000,1
1289394240000,1289394299000,1.60658,1.60682,1.60586,1.60586,123200000,1
1289394300000,1289394359000,1.60586,1.60637,1.60573,1.60613,171100000,1
1289394360000,1289394419000,1.60616,1.60639,1.60583,1.60593,113700000,1
1289394420000,1289394479000,1.60595,1.60653,1.60595,1.60624,79000000,1
1289394480000,1289394539000,1.60616,1.60629,1.60581,1.60581,87100000,1
1289394540000,1289394599000,1.60585,1.60624,1.60574,1.60624,121400000,1
1289394600000,1289394659000,1.60613,1.60635,1.60592,1.60616,86800000,1
1289394660000,1289394719000,1.60618,1.60621,1.60594,1.60603,95300000,1
1289394720000,1289394779000,1.60623,1.6066,1.60608,1.60641,95200000,1
1289394780000,1289394839000,1.60641,1.60641,1.60581,1.60581,84300000,1
1289394840000,1289394899000,1.60585,1.60636,1.60582,1.60636,70900000,1
1289394900000,1289394959000,1.60636,1.60657,1.60593,1.60593,90100000,1
1289394960000,1289395019000,1.60599,1.60619,1.60589,1.6059,80500000,1
1289395020000,1289395079000,1.60593,1.60624,1.60568,1.60615,60700000,1
1289395080000,1289395139000,1.6062,1.60641,1.60605,1.60626,75200000,1
1289395140000,1289395199000,1.60627,1.60627,1.60603,1.60606,81800000,1
1289395200000,1289395259000,1.60608,1.60637,1.60593,1.6061,80200000,1
1289395260000,1289395319000,1.60601,1.60624,1.60573,1.60573,68000000,1
1289395320000,1289395379000,1.60573,1.60581,1.6053,1.6053,103900000,1
1289395380000,1289395439000,1.6053,1.60539,1.60424,1.60478,171100000,1
1289395440000,1289395499000,1.60478,1.60511,1.60472,1.60494,96400000,1
1289395500000,1289395559000,1.60489,1.60497,1.60445,1.60445,95700000,1
1289395560000,1289395619000,1.60441,1.60522,1.60427,1.60504,135700000,1
1289395620000,1289395679000,1.60504,1.60551,1.60504,1.60529,130900000,1
1289395680000,1289395739000,1.60511,1.6052,1.60462,1.60463,99100000,1
1289395740000,1289395799000,1.60463,1.60468,1.60237,1.60317,144800000,1
1289395800000,1289395859000,1.60318,1.60469,1.60246,1.60402,188800000,1
1289395860000,1289395919000,1.60394,1.60512,1.60363,1.60461,166500000,1
1289395920000,1289395979000,1.6047,1.6047,1.60371,1.60371,152000000,1
1289395980000,1289396039000,1.60377,1.60387,1.60318,1.60346,124000000,1
1289396040000,1289396099000,1.60345,1.60488,1.60345,1.60488,127400000,1
1289396100000,1289396159000,1.60485,1.60526,1.60427,1.60442,175700000,1
1289396160000,1289396219000,1.60444,1.60463,1.60417,1.60446,115800000,1
1289396220000,1289396279000,1.60447,1.60474,1.60419,1.60456,148900000,1
1289396280000,1289396339000,1.60467,1.60477,1.60413,1.60418,124100000,1
1289396340000,1289396399000,1.60418,1.60423,1.60372,1.60377,105400000,1
1289396400000,1289396459000,1.60381,1.60444,1.60372,1.60401,152000000,1
1289396460000,1289396519000,1.60405,1.60405,1.60324,1.60354,150300000,1
1289396520000,1289396579000,1.60354,1.604,1.60348,1.604,135500000,1
1289396580000,1289396639000,1.604,1.60418,1.60359,1.60415,125400000,1
1289396640000,1289396699000,1.60418,1.60482,1.60409,1.6047,115400000,1
1289396700000,1289396759000,1.60456,1.60501,1.6043,1.6043,99900000,1
1289396760000,1289396819000,1.60427,1.60448,1.60385,1.60396,128000000,1
1289396820000,1289396879000,1.60405,1.60413,1.60378,1.60397,119600000,1
1289396880000,1289396939000,1.60405,1.60427,1.60359,1.604,146600000,1
1289396940000,1289396999000,1.60395,1.604,1.60347,1.60368,145600000,1
1289397000000,1289397059000,1.60366,1.60446,1.60366,1.60406,135700000,1
1289397060000,1289397119000,1.60406,1.60423,1.60376,1.60399,124700000,1
1289397120000,1289397179000,1.604,1.60468,1.604,1.60424,174700000,1
1289397180000,1289397239000,1.60423,1.60472,1.60423,1.60447,106500000,1
1289397240000,1289397299000,1.6045,1.60464,1.6043,1.60443,117300000,1
1289397300000,1289397359000,1.6045,1.6047,1.60408,1.60465,102300000,1
1289397360000,1289397419000,1.6046,1.60492,1.60448,1.60492,77900000,1
1289397420000,1289397479000,1.60488,1.60548,1.60482,1.60544,128900000,1
1289397480000,1289397539000,1.60545,1.60549,1.6051,1.60537,101200000,1
1289397540000,1289397599000,1.60541,1.60546,1.60423,1.60444,154900000,1
1289397600000,1289397659000,1.60481,1.60486,1.60386,1.60439,145000000,1
1289397660000,1289397719000,1.60449,1.60469,1.60412,1.60453,156500000,1
1289397720000,1289397779000,1.60454,1.60461,1.6038,1.6039,143100000,1
1289397780000,1289397839000,1.60393,1.60431,1.60348,1.60387,108900000,1
1289397840000,1289397899000,1.60389,1.60425,1.60385,1.60402,139100000,1
1289397900000,1289397959000,1.60401,1.60435,1.60336,1.60387,184600000,1
1289397960000,1289398019000,1.60387,1.60447,1.60367,1.60409,155400000,1
1289398020000,1289398079000,1.60419,1.60436,1.60394,1.60403,120900000,1
1289398080000,1289398139000,1.60409,1.60461,1.60402,1.60438,125100000,1
1289398140000,1289398199000,1.60438,1.60473,1.60438,1.60473,97500000,1
1289398200000,1289398259000,1.60473,1.60493,1.60452,1.60488,125500000,1
1289398260000,1289398319000,1.6047,1.60473,1.60405,1.60427,110900000,1
1289398320000,1289398379000,1.60434,1.60476,1.60422,1.6043,124300000,1
1289398380000,1289398439000,1.60449,1.60463,1.60411,1.6046,121300000,1
1289398440000,1289398499000,1.6046,1.60523,1.6046,1.6048,107800000,1
1289398500000,1289398559000,1.60498,1.60515,1.60394,1.60394,173600000,1
1289398560000,1289398619000,1.60392,1.6041,1.6037,1.60379,114200000,1
1289398620000,1289398679000,1.60379,1.60423,1.60365,1.604,131400000,1
1289398680000,1289398739000,1.60392,1.60414,1.60377,1.60408,104300000,1
1289398740000,1289398799000,1.60413,1.6043,1.60373,1.60384,95300000,1
1289398800000,1289398859000,1.60374,1.60406,1.60356,1.60402,99800000,1
1289398860000,1289398919000,1.60406,1.60414,1.60371,1.60399,97600000,1
1289398920000,1289398979000,1.60386,1.60491,1.6038,1.60491,137200000,1
1289398980000,1289399039000,1.60486,1.60486,1.60382,1.60408,128500000,1
1289399040000,1289399099000,1.60402,1.60412,1.60383,1.60396,118300000,1
1289399100000,1289399159000,1.60398,1.60421,1.6039,1.60416,117800000,1
1289399160000,1289399219000,1.60413,1.60448,1.60413,1.60438,100100000,1
1289399220000,1289399279000,1.60447,1.6045,1.6041,1.60425,117600000,1
1289399280000,1289399339000,1.60417,1.60447,1.604,1.6043,128000000,1
1289399340000,1289399399000,1.60425,1.60429,1.60366,1.60372,153800000,1
1289399400000,1289399459000,1.6039,1.60419,1.60367,1.60377,174100000,1
1289399460000,1289399519000,1.60372,1.60508,1.60368,1.60498,146700000,1
1289399520000,1289399579000,1.60496,1.60503,1.60449,1.60482,116800000,1
1289399580000,1289399639000,1.60481,1.60549,1.60464,1.60544,158300000,1
1289399640000,1289399699000,1.60548,1.60573,1.60519,1.60532,123900000,1
1289399700000,1289399759000,1.60533,1.60592,1.60533,1.60551,138100000,1
1289399760000,1289399819000,1.60551,1.60596,1.60551,1.60555,122900000,1
1289399820000,1289399879000,1.60555,1.60575,1.60529,1.60564,86100000,1
1289399880000,1289399939000,1.60563,1.60613,1.60554,1.60558,156900000,1
1289399940000,1289399999000,1.60566,1.60624,1.60561,1.6058,169000000,1
1289400000000,1289400059000,1.60576,1.60635,1.6057,1.60591,147900000,1
1289400060000,1289400119000,1.60593,1.60632,1.6056,1.60585,132000000,1
1289400120000,1289400179000,1.60587,1.60662,1.60572,1.60619,169500000,1
1289400180000,1289400239000,1.60608,1.60621,1.60539,1.60553,206900000,1
1289400240000,1289400299000,1.6055,1.60567,1.60535,1.60548,165300000,1
1289400300000,1289400359000,1.6055,1.6055,1.60488,1.60503,120500000,1
1289400360000,1289400419000,1.60508,1.60508,1.60409,1.6046,140000000,1
1289400420000,1289400479000,1.60455,1.60468,1.60378,1.60404,129300000,1
1289400480000,1289400539000,1.60414,1.60432,1.60394,1.60397,111800000,1
1289400540000,1289400599000,1.60408,1.60427,1.60364,1.60401,137200000,1
1289400600000,1289400659000,1.6041,1.60428,1.60297,1.60297,125500000,1
1289400660000,1289400719000,1.60313,1.60363,1.60286,1.60342,155100000,1
1289400720000,1289400779000,1.60349,1.60365,1.60321,1.60337,147600000,1
1289400780000,1289400839000,1.60341,1.60384,1.60318,1.60326,150100000,1
1289400840000,1289400899000,1.6033,1.60396,1.60295,1.60328,232800000,1
1289400900000,1289400959000,1.60327,1.60367,1.60268,1.60328,172900000,1
1289400960000,1289401019000,1.60326,1.60352,1.6029,1.60337,129000000,1
1289401020000,1289401079000,1.60357,1.60521,1.60353,1.6052,164100000,1
1289401080000,1289401139000,1.60492,1.60518,1.60466,1.60506,133100000,1
1289401140000,1289401199000,1.6051,1.60522,1.60375,1.60375,172100000,1
1289401200000,1289401259000,1.60379,1.60389,1.60327,1.60336,177900000,1
1289401260000,1289401319000,1.60337,1.60342,1.60259,1.60337,127500000,1
1289401320000,1289401379000,1.60328,1.60375,1.60287,1.60366,123100000,1
1289401380000,1289401439000,1.60368,1.60398,1.60302,1.60317,185900000,1
1289401440000,1289401499000,1.60322,1.60435,1.60322,1.60435,164800000,1
1289401500000,1289401559000,1.60453,1.6052,1.60424,1.60498,145700000,1
1289401560000,1289401619000,1.60489,1.60504,1.60426,1.60501,149800000,1
1289401620000,1289401679000,1.60497,1.60497,1.60423,1.6044,201200000,1
1289401680000,1289401739000,1.60455,1.60502,1.60432,1.60485,174800000,1
1289401740000,1289401799000,1.6049,1.60491,1.60375,1.60378,128400000,1
1289401800000,1289401859000,1.60376,1.60427,1.60341,1.60352,148400000,1
1289401860000,1289401919000,1.60355,1.60355,1.60227,1.60299,199200000,1
1289401920000,1289401979000,1.60296,1.60325,1.60278,1.60278,146400000,1
1289401980000,1289402039000,1.60276,1.60357,1.60276,1.60357,113900000,1
1289402040000,1289402099000,1.60348,1.60371,1.60309,1.60314,127700000,1
1289402100000,1289402159000,1.60312,1.60339,1.60307,1.60331,143800000,1
1289402160000,1289402219000,1.60332,1.60345,1.6025,1.60272,156800000,1
1289402220000,1289402279000,1.60281,1.60362,1.60265,1.60325,133300000,1
1289402280000,1289402339000,1.60329,1.6039,1.60316,1.60354,111700000,1
1289402340000,1289402399000,1.60353,1.60393,1.60339,1.60381,128400000,1
1289402400000,1289402459000,1.60375,1.60427,1.60375,1.60405,132300000,1
1289402460000,1289402519000,1.60409,1.60527,1.60403,1.60517,133900000,1
1289402520000,1289402579000,1.6052,1.60534,1.60464,1.60472,187000000,1
1289402580000,1289402639000,1.60472,1.60483,1.60417,1.60437,169000000,1
1289402640000,1289402699000,1.60432,1.60444,1.60374,1.60382,165700000,1
1289402700000,1289402759000,1.6039,1.60405,1.60371,1.60388,128200000,1
1289402760000,1289402819000,1.60389,1.60464,1.6036,1.60464,123800000,1
1289402820000,1289402879000,1.60466,1.605,1.60452,1.60462,127300000,1
1289402880000,1289402939000,1.6046,1.60463,1.6038,1.60458,121800000,1
1289402940000,1289402999000,1.6046,1.605,1.60436,1.60461,141100000,1
1289403000000,1289403059000,1.6046,1.6046,1.60353,1.60416,164300000,1
1289403060000,1289403119000,1.60416,1.60424,1.60372,1.60372,193000000,1
1289403120000,1289403179000,1.60373,1.6041,1.60373,1.60407,167800000,1
1289403180000,1289403239000,1.60408,1.60417,1.60372,1.60407,133700000,1
1289403240000,1289403299000,1.60404,1.60447,1.60378,1.60379,143800000,1
1289403300000,1289403359000,1.60382,1.60392,1.60309,1.60319,190600000,1
1289403360000,1289403419000,1.60318,1.60447,1.60315,1.6043,160000000,1
1289403420000,1289403479000,1.60435,1.60468,1.60411,1.60468,175400000,1
1289403480000,1289403539000,1.60471,1.60472,1.60415,1.60427,115300000,1
1289403540000,1289403599000,1.60415,1.60461,1.60375,1.60405,165000000,1
1289403600000,1289403659000,1.60389,1.60423,1.60337,1.60358,172000000,1
1289403660000,1289403719000,1.60362,1.60362,1.60268,1.6027,132000000,1
1289403720000,1289403779000,1.60277,1.60348,1.60277,1.6032,113600000,1
1289403780000,1289403839000,1.60329,1.60371,1.60325,1.60346,137200000,1
1289403840000,1289403899000,1.60341,1.60352,1.60308,1.60335,124000000,1
1289403900000,1289403959000,1.60354,1.60403,1.60342,1.60374,146800000,1
1289403960000,1289404019000,1.60368,1.60379,1.60348,1.6037,98200000,1
1289404020000,1289404079000,1.60367,1.6037,1.60284,1.60291,109100000,1
1289404080000,1289404139000,1.6028,1.60307,1.60258,1.60306,110300000,1
1289404140000,1289404199000,1.60306,1.60385,1.60288,1.60361,138400000,1
1289404200000,1289404259000,1.60358,1.60418,1.60355,1.60405,134300000,1
1289404260000,1289404319000,1.60408,1.60443,1.60389,1.60412,102600000,1
1289404320000,1289404379000,1.60413,1.60441,1.60383,1.60415,150700000,1
1289404380000,1289404439000,1.6042,1.60438,1.60381,1.60383,174200000,1
1289404440000,1289404499000,1.60384,1.60418,1.60365,1.60392,164500000,1
1289404500000,1289404559000,1.60391,1.60423,1.60384,1.60394,105500000,1
1289404560000,1289404619000,1.60394,1.604,1.60325,1.60348,135000000,1
1289404620000,1289404679000,1.60347,1.60386,1.60326,1.60368,119100000,1
1289404680000,1289404739000,1.60371,1.60376,1.60305,1.60344,120600000,1
1289404740000,1289404799000,1.60342,1.60359,1.60293,1.60359,166400000,1
1289404800000,1289404859000,1.60354,1.60417,1.60342,1.60351,163500000,1
1289404860000,1289404919000,1.60351,1.60375,1.60331,1.6034,174000000,1
1289404920000,1289404979000,1.60339,1.60377,1.60338,1.60369,131400000,1
1289404980000,1289405039000,1.60357,1.60357,1.60292,1.60309,136900000,1
1289405040000,1289405099000,1.60311,1.60317,1.60281,1.60311,159800000,1
1289405100000,1289405159000,1.60313,1.60346,1.603,1.60326,113600000,1
1289405160000,1289405219000,1.6033,1.60361,1.60323,1.60343,107900000,1
1289405220000,1289405279000,1.60342,1.60393,1.60342,1.60371,121400000,1
1289405280000,1289405339000,1.60375,1.60403,1.60368,1.60403,108500000,1
1289405340000,1289405399000,1.60396,1.60428,1.60388,1.60428,121700000,1
1289405400000,1289405459000,1.60425,1.60475,1.60406,1.60469,116600000,1
1289405460000,1289405519000,1.60468,1.60498,1.60457,1.60457,142500000,1
1289405520000,1289405579000,1.60457,1.60464,1.6043,1.6044,132300000,1
1289405580000,1289405639000,1.60431,1.60471,1.60427,1.60448,137900000,1
1289405640000,1289405699000,1.60448,1.60477,1.6044,1.60458,137800000,1
1289405700000,1289405759000,1.60447,1.60505,1.60446,1.60486,146500000,1
1289405760000,1289405819000,1.60487,1.60521,1.60469,1.60504,148900000,1
1289405820000,1289405879000,1.60507,1.60607,1.6049,1.60577,177100000,1
1289405880000,1289405939000,1.60576,1.60635,1.60562,1.60604,163100000,1
1289405940000,1289405999000,1.60605,1.60642,1.60568,1.60573,101100000,1
1289406000000,1289406059000,1.60577,1.60624,1.60575,1.60615,143100000,1
1289406060000,1289406119000,1.60609,1.60673,1.6055,1.60652,115000000,1
1289406120000,1289406179000,1.60651,1.60681,1.60601,1.60664,160200000,1
1289406180000,1289406239000,1.60659,1.60659,1.60576,1.60585,125900000,1
1289406240000,1289406299000,1.60586,1.60621,1.60563,1.60583,159800000,1
1289406300000,1289406359000,1.60585,1.60603,1.60548,1.60603,171400000,1
1289406360000,1289406419000,1.606,1.60616,1.6055,1.6055,130700000,1
1289406420000,1289406479000,1.60545,1.60545,1.6051,1.60517,145100000,1
1289406480000,1289406539000,1.60509,1.60531,1.60488,1.60503,131400000,1
1289406540000,1289406599000,1.60505,1.60511,1.60439,1.60486,184300000,1
1289406600000,1289406659000,1.60486,1.60492,1.60408,1.60463,138300000,1
1289406660000,1289406719000,1.60463,1.60488,1.60446,1.60466,128100000,1
1289406720000,1289406779000,1.60456,1.60496,1.60434,1.60478,132600000,1
1289406780000,1289406839000,1.60481,1.6049,1.60455,1.60474,126900000,1
1289406840000,1289406899000,1.60473,1.60475,1.6041,1.60427,123500000,1
1289406900000,1289406959000,1.60431,1.60487,1.60424,1.60446,131600000,1
1289406960000,1289407019000,1.60445,1.60453,1.60417,1.60429,114200000,1
1289407020000,1289407079000,1.6042,1.6044,1.60352,1.60388,119600000,1
1289407080000,1289407139000,1.60388,1.60397,1.60364,1.60367,104800000,1
1289407140000,1289407199000,1.60365,1.60374,1.60298,1.60314,133700000,1
1289407200000,1289407259000,1.60311,1.6033,1.60295,1.60304,99000000,1
1289407260000,1289407319000,1.60313,1.60313,1.60249,1.6026,108600000,1
1289407320000,1289407379000,1.60264,1.60273,1.60199,1.60205,114100000,1
1289407380000,1289407439000,1.60202,1.60273,1.60202,1.6027,132700000,1
1289407440000,1289407499000,1.6027,1.60298,1.60263,1.60298,102900000,1
1289407500000,1289407559000,1.60293,1.60317,1.60281,1.60317,112700000,1
1289407560000,1289407619000,1.60312,1.60312,1.60243,1.60244,158400000,1
1289407620000,1289407679000,1.60252,1.60263,1.60215,1.60254,130400000,1
1289407680000,1289407739000,1.6025,1.60314,1.6023,1.60291,120700000,1
1289407740000,1289407799000,1.60292,1.60346,1.60292,1.60325,82500000,1
1289407800000,1289407859000,1.60325,1.60395,1.6032,1.60325,125600000,1
1289407860000,1289407919000,1.60324,1.60359,1.60308,1.60332,103000000,1
1289407920000,1289407979000,1.60332,1.60366,1.60322,1.60344,107400000,1
1289407980000,1289408039000,1.60341,1.60341,1.60272,1.6032,103300000,1
1289408040000,1289408099000,1.60318,1.60362,1.60318,1.60361,93600000,1
1289408100000,1289408159000,1.6037,1.6037,1.60249,1.60304,111700000,1
1289408160000,1289408219000,1.60305,1.60419,1.60298,1.60379,158600000,1
1289408220000,1289408279000,1.6037,1.60393,1.60358,1.6036,161100000,1
1289408280000,1289408339000,1.6036,1.6037,1.60275,1.60303,110800000,1
1289408340000,1289408399000,1.60293,1.60308,1.60258,1.60278,97300000,1
1289408400000,1289408459000,1.60278,1.60362,1.60275,1.60322,131600000,1
1289408460000,1289408519000,1.60325,1.60381,1.60293,1.60295,160100000,1
1289408520000,1289408579000,1.60295,1.60328,1.60263,1.60322,167300000,1
1289408580000,1289408639000,1.60323,1.60328,1.60282,1.60308,160900000,1
1289408640000,1289408699000,1.60308,1.60376,1.60306,1.60362,142900000,1
1289408700000,1289408759000,1.60341,1.6039,1.6032,1.60338,102300000,1
1289408760000,1289408819000,1.60336,1.60394,1.6032,1.60369,108200000,1
1289408820000,1289408879000,1.60369,1.60425,1.60369,1.6041,102600000,1
1289408880000,1289408939000,1.60419,1.60441,1.60373,1.604,113700000,1
1289408940000,1289408999000,1.60404,1.60438,1.60387,1.60424,100300000,1
1289409000000,1289409059000,1.60427,1.60464,1.60424,1.6045,91300000,1
1289409060000,1289409119000,1.60447,1.60475,1.60417,1.60466,99700000,1
1289409120000,1289409179000,1.60475,1.60496,1.60441,1.60496,92300000,1
1289409180000,1289409239000,1.60496,1.60501,1.60456,1.60456,96800000,1
1289409240000,1289409299000,1.60458,1.60502,1.60454,1.6048,110400000,1
1289409300000,1289409359000,1.6048,1.60549,1.60461,1.60514,148000000,1
1289409360000,1289409419000,1.60514,1.60535,1.60514,1.60526,110800000,1
1289409420000,1289409479000,1.60523,1.60534,1.60506,1.60527,71200000,1
1289409480000,1289409539000,1.60526,1.60548,1.60509,1.60531,134500000,1
1289409540000,1289409599000,1.6054,1.60559,1.60514,1.6054,140000000,1
1289409600000,1289409659000,1.60541,1.60557,1.60533,1.60537,106200000,1
1289409660000,1289409719000,1.60546,1.60556,1.60512,1.6054,121200000,1
1289409720000,1289409779000,1.6054,1.6056,1.60514,1.60555,121100000,1
1289409780000,1289409839000,1.60555,1.60582,1.6051,1.60554,122700000,1
1289409840000,1289409899000,1.60541,1.60549,1.60498,1.60502,110300000,1
1289409900000,1289409959000,1.60488,1.60512,1.60459,1.60467,103700000,1
1289409960000,1289410019000,1.60471,1.60476,1.60446,1.60446,98700000,1
1289410020000,1289410079000,1.60464,1.60572,1.60452,1.60572,108000000,1
1289410080000,1289410139000,1.60565,1.60592,1.60557,1.60571,97300000,1
1289410140000,1289410199000,1.6057,1.60592,1.60556,1.6056,138700000,1
1289410200000,1289410259000,1.6056,1.60578,1.60547,1.60571,83800000,1
1289410260000,1289410319000,1.60568,1.60573,1.60552,1.60559,79500000,1
1289410320000,1289410379000,1.60559,1.6056,1.60528,1.60546,104300000,1
1289410380000,1289410439000,1.60544,1.60559,1.60526,1.60559,80700000,1
1289410440000,1289410499000,1.60552,1.60558,1.60525,1.60557,130000000,1
1289410500000,1289410559000,1.60562,1.60615,1.60562,1.6059,101400000,1
1289410560000,1289410619000,1.60591,1.60662,1.6059,1.60662,215300000,1
1289410620000,1289410679000,1.60665,1.60674,1.60599,1.60607,121100000,1
1289410680000,1289410739000,1.60607,1.60627,1.60598,1.60627,118800000,1
1289410740000,1289410799000,1.60628,1.60633,1.6061,1.60612,92600000,1
1289410800000,1289410859000,1.6063,1.60692,1.60614,1.60681,103500000,1
1289410860000,1289410919000,1.6069,1.60694,1.60633,1.60656,145800000,1
1289410920000,1289410979000,1.60646,1.60731,1.60617,1.60712,132500000,1
1289410980000,1289411039000,1.60717,1.60725,1.60672,1.60714,115900000,1
1289411040000,1289411099000,1.60722,1.60767,1.60714,1.60727,103100000,1
1289411100000,1289411159000,1.60716,1.60716,1.6066,1.60668,120000000,1
1289411160000,1289411219000,1.60668,1.60714,1.60644,1.60688,101300000,1
1289411220000,1289411279000,1.60688,1.60695,1.60659,1.60689,67700000,1
1289411280000,1289411339000,1.60688,1.60746,1.60684,1.60736,86900000,1
1289411340000,1289411399000,1.60746,1.60748,1.60686,1.60686,112300000,1
1289411400000,1289411459000,1.60692,1.60723,1.60685,1.60693,104000000,1
1289411460000,1289411519000,1.607,1.60714,1.60676,1.60695,128100000,1
1289411520000,1289411579000,1.60695,1.60741,1.60682,1.60738,153200000,1
1289411580000,1289411639000,1.60738,1.60742,1.60681,1.60681,108500000,1
1289411640000,1289411699000,1.60681,1.60694,1.60638,1.60638,76900000,1
1289411700000,1289411759000,1.60638,1.60672,1.60638,1.60669,109200000,1
1289411760000,1289411819000,1.60666,1.60676,1.60612,1.60622,86600000,1
1289411820000,1289411879000,1.60622,1.60655,1.60621,1.6063,76400000,1
1289411880000,1289411939000,1.60624,1.60655,1.60616,1.60655,83000000,1
1289411940000,1289411999000,1.60644,1.60644,1.60573,1.60573,148200000,1
1289412000000,1289412059000,1.60603,1.60699,1.60603,1.6068,143900000,1
1289412060000,1289412119000,1.60684,1.60729,1.60609,1.60644,144200000,1
1289412120000,1289412179000,1.60637,1.60804,1.60636,1.60777,156500000,1
1289412180000,1289412239000,1.60777,1.60779,1.60645,1.60645,144100000,1
1289412240000,1289412299000,1.60647,1.60795,1.60633,1.60743,141200000,1
1289412300000,1289412359000,1.60743,1.60759,1.60634,1.60656,152500000,1
1289412360000,1289412419000,1.60665,1.60702,1.60616,1.60622,114300000,1
1289412420000,1289412479000,1.6063,1.60676,1.60615,1.60667,113700000,1
1289412480000,1289412539000,1.60662,1.6069,1.60565,1.60584,141600000,1
1289412540000,1289412599000,1.60574,1.60616,1.60519,1.60532,129000000,1
1289412600000,1289412659000,1.60537,1.60606,1.60506,1.60572,153200000,1
1289412660000,1289412719000,1.60575,1.60575,1.6051,1.6051,104400000,1
1289412720000,1289412779000,1.60505,1.60563,1.60504,1.60552,77300000,1
1289412780000,1289412839000,1.60554,1.60582,1.60536,1.60574,121600000,1
1289412840000,1289412899000,1.60571,1.60642,1.60564,1.60609,134000000,1
1289412900000,1289412959000,1.60598,1.60661,1.60598,1.60646,103000000,1
1289412960000,1289413019000,1.60654,1.60692,1.60638,1.60649,126300000,1
1289413020000,1289413079000,1.60655,1.60686,1.60631,1.60662,169800000,1
1289413080000,1289413139000,1.60671,1.60671,1.60549,1.60557,198000000,1
1289413140000,1289413199000,1.60556,1.60556,1.60494,1.60529,158100000,1
1289413200000,1289413259000,1.60529,1.60563,1.60522,1.60552,188800000,1
1289413260000,1289413319000,1.60549,1.60577,1.60465,1.60567,192900000,1
1289413320000,1289413379000,1.6058,1.60589,1.60524,1.60572,132300000,1
1289413380000,1289413439000,1.60572,1.60601,1.6053,1.60533,123100000,1
1289413440000,1289413499000,1.60543,1.60601,1.60539,1.60587,88000000,1
1289413500000,1289413559000,1.60593,1.60594,1.60501,1.60505,111000000,1
1289413560000,1289413619000,1.60501,1.60541,1.60499,1.60531,94600000,1
1289413620000,1289413679000,1.60518,1.60519,1.60468,1.60473,114100000,1
1289413680000,1289413739000,1.60478,1.60521,1.60463,1.60518,124000000,1
1289413740000,1289413799000,1.60518,1.60543,1.60502,1.60537,86100000,1
1289413800000,1289413859000,1.60541,1.60541,1.60446,1.60477,127600000,1
1289413860000,1289413919000,1.60477,1.60541,1.60472,1.60539,90900000,1
1289413920000,1289413979000,1.60531,1.60582,1.60494,1.60582,127300000,1
1289413980000,1289414039000,1.60577,1.60643,1.60563,1.60627,111900000,1
1289414040000,1289414099000,1.60635,1.60646,1.60608,1.60628,104100000,1
1289414100000,1289414159000,1.60623,1.6064,1.60603,1.6063,95700000,1
1289414160000,1289414219000,1.6063,1.60634,1.60542,1.60551,95800000,1
1289414220000,1289414279000,1.60554,1.60633,1.60554,1.60625,78200000,1
1289414280000,1289414339000,1.60628,1.60642,1.606,1.60636,84900000,1
1289414340000,1289414399000,1.60633,1.60653,1.60629,1.60643,82100000,1
1289414400000,1289414459000,1.60645,1.60664,1.60627,1.60658,85100000,1
1289414460000,1289414519000,1.60657,1.60657,1.60615,1.60637,100400000,1
1289414520000,1289414579000,1.60645,1.60679,1.60593,1.60593,153300000,1
1289414580000,1289414639000,1.60613,1.60651,1.60599,1.60602,90000000,1
1289414640000,1289414699000,1.60602,1.60641,1.60549,1.60602,120500000,1
1289414700000,1289414759000,1.60602,1.60615,1.60577,1.60588,116400000,1
1289414760000,1289414819000,1.60585,1.60618,1.60568,1.60573,113100000,1
1289414820000,1289414879000,1.60583,1.60599,1.6057,1.6057,84300000,1
1289414880000,1289414939000,1.6057,1.60582,1.60539,1.60573,74600000,1
1289414940000,1289414999000,1.60573,1.60586,1.60531,1.60558,98900000,1
1289415000000,1289415059000,1.60555,1.60605,1.60544,1.60574,132500000,1
1289415060000,1289415119000,1.60572,1.60611,1.60561,1.60601,91800000,1
1289415120000,1289415179000,1.60601,1.60621,1.60537,1.60553,106100000,1
1289415180000,1289415239000,1.6056,1.60578,1.60529,1.60553,122800000,1
1289415240000,1289415299000,1.60553,1.60586,1.60549,1.60586,61200000,1
1289415300000,1289415359000,1.60586,1.60586,1.60537,1.60574,89500000,1
1289415360000,1289415419000,1.60574,1.60574,1.60516,1.60525,122200000,1
1289415420000,1289415479000,1.60527,1.60551,1.60514,1.60534,75500000,1
1289415480000,1289415539000,1.60523,1.6054,1.60483,1.60497,129400000,1
1289415540000,1289415599000,1.60497,1.60544,1.60497,1.60538,82700000,1
1289415600000,1289415659000,1.60524,1.60541,1.60483,1.60515,122100000,1
1289415660000,1289415719000,1.60512,1.60532,1.60457,1.60495,132800000,1
1289415720000,1289415779000,1.60501,1.60511,1.60435,1.60465,155600000,1
1289415780000,1289415839000,1.60465,1.60465,1.60421,1.60429,147100000,1
1289415840000,1289415899000,1.60427,1.60496,1.60418,1.60455,138800000,1
1289415900000,1289415959000,1.60455,1.60455,1.60319,1.60323,175200000,1
1289415960000,1289416019000,1.60323,1.60363,1.60278,1.60361,214700000,1
1289416020000,1289416079000,1.60362,1.60368,1.60338,1.6036,113200000,1
1289416080000,1289416139000,1.60359,1.60414,1.60339,1.60414,149300000,1
1289416140000,1289416199000,1.60401,1.60415,1.60333,1.60333,122700000,1
1289416200000,1289416259000,1.60336,1.60385,1.60319,1.60375,108700000,1
1289416260000,1289416319000,1.60369,1.60392,1.60333,1.60355,159400000,1
1289416320000,1289416379000,1.60359,1.60359,1.60313,1.60331,133800000,1
1289416380000,1289416439000,1.60324,1.60355,1.60318,1.60343,159500000,1
1289416440000,1289416499000,1.60343,1.60373,1.60336,1.60357,149800000,1
1289416500000,1289416559000,1.60357,1.60395,1.60346,1.60376,152000000,1
1289416560000,1289416619000,1.60369,1.60442,1.60358,1.60433,110200000,1
1289416620000,1289416679000,1.60433,1.60433,1.60378,1.604,94200000,1
1289416680000,1289416739000,1.60394,1.60451,1.60392,1.60446,124500000,1
1289416740000,1289416799000,1.60446,1.60451,1.60416,1.60433,89400000,1
1289416800000,1289416859000,1.60437,1.60447,1.60415,1.60421,102700000,1
1289416860000,1289416919000,1.60418,1.60448,1.60393,1.60423,89300000,1
1289416920000,1289416979000,1.60429,1.60473,1.60399,1.60454,111500000,1
1289416980000,1289417039000,1.60456,1.60482,1.60414,1.60465,115600000,1
1289417040000,1289417099000,1.60465,1.60473,1.60434,1.60434,104000000,1
1289417100000,1289417159000,1.60434,1.60449,1.60386,1.60389,122300000,1
1289417160000,1289417219000,1.6039,1.60398,1.60375,1.60389,71800000,1
1289417220000,1289417279000,1.60388,1.60388,1.60363,1.60366,125700000,1
1289417280000,1289417339000,1.60361,1.60366,1.60323,1.60364,138800000,1
1289417340000,1289417399000,1.60367,1.60381,1.60343,1.60357,125100000,1
1289417400000,1289417459000,1.60356,1.60406,1.60356,1.60393,99800000,1
1289417460000,1289417519000,1.60391,1.604,1.60391,1.60393,75900000,1
1289417520000,1289417579000,1.60411,1.60415,1.60378,1.60408,105400000,1
1289417580000,1289417639000,1.60408,1.60426,1.60396,1.60422,92500000,1
1289417640000,1289417699000,1.60422,1.60428,1.60402,1.60425,62600000,1
1289417700000,1289417759000,1.60425,1.60452,1.60409,1.60452,91800000,1
1289417760000,1289417819000,1.60452,1.60452,1.60414,1.60417,68300000,1
1289417820000,1289417879000,1.60423,1.60423,1.60398,1.60418,92000000,1
1289417880000,1289417939000,1.60418,1.60426,1.60408,1.60417,54800000,1
1289417940000,1289417999000,1.60418,1.60425,1.60399,1.60421,85500000,1
1289418000000,1289418059000,1.60423,1.60509,1.60423,1.6048,138400000,1
1289418060000,1289418119000,1.60479,1.60507,1.60443,1.60455,118000000,1
1289418120000,1289418179000,1.60455,1.60461,1.60385,1.60385,97700000,1
1289418180000,1289418239000,1.60389,1.60414,1.60379,1.60402,119500000,1
1289418240000,1289418299000,1.60402,1.60435,1.60391,1.60408,113700000,1
1289418300000,1289418359000,1.60409,1.60425,1.60395,1.60395,53900000,1
1289418360000,1289418419000,1.60411,1.60434,1.60383,1.60412,107900000,1
1289418420000,1289418479000,1.60411,1.60421,1.60379,1.60404,79100000,1
1289418480000,1289418539000,1.60404,1.60413,1.60385,1.60398,63300000,1
1289418540000,1289418599000,1.60398,1.60399,1.60393,1.60394,64800000,1
1289418600000,1289418659000,1.60394,1.60398,1.60346,1.60361,114200000,1
1289418660000,1289418719000,1.6035,1.60359,1.60325,1.60335,90600000,1
1289418720000,1289418779000,1.60335,1.60355,1.60318,1.60318,113400000,1
1289418780000,1289418839000,1.60323,1.60335,1.60212,1.60212,82500000,1
1289418840000,1289418899000,1.60228,1.60233,1.60187,1.60187,146200000,1
1289418900000,1289418959000,1.60198,1.60208,1.60151,1.60187,132100000,1
1289418960000,1289419019000,1.60176,1.60193,1.60156,1.60181,88900000,1
1289419020000,1289419079000,1.60176,1.60187,1.6016,1.60164,119900000,1
1289419080000,1289419139000,1.60171,1.60195,1.6017,1.60171,89000000,1
1289419140000,1289419199000,1.60174,1.60174,1.60125,1.60156,127600000,1
1289419200000,1289419259000,1.60156,1.60193,1.60152,1.60183,106400000,1
1289419260000,1289419319000,1.60183,1.60261,1.60183,1.60261,94300000,1
1289419320000,1289419379000,1.60269,1.60298,1.6025,1.60277,121100000,1
1289419380000,1289419439000,1.60271,1.60308,1.60266,1.60267,87500000,1
1289419440000,1289419499000,1.60273,1.60302,1.60257,1.60287,99600000,1
1289419500000,1289419559000,1.60282,1.60329,1.60282,1.60328,84200000,1
1289419560000,1289419619000,1.60332,1.60349,1.60305,1.60343,73200000,1
1289419620000,1289419679000,1.60343,1.60343,1.60303,1.60309,113200000,1
1289419680000,1289419739000,1.60309,1.60379,1.60305,1.60367,86800000,1
1289419740000,1289419799000,1.60371,1.60401,1.60355,1.60361,115300000,1
1289419800000,1289419859000,1.60362,1.60385,1.60353,1.60361,77600000,1
1289419860000,1289419919000,1.60361,1.60361,1.60308,1.60316,97500000,1
1289419920000,1289419979000,1.60308,1.60308,1.60297,1.60303,53200000,1
1289419980000,1289420039000,1.60305,1.60305,1.60262,1.60271,73800000,1
1289420040000,1289420099000,1.60268,1.60285,1.60257,1.60278,109700000,1
1289420100000,1289420159000,1.60274,1.60319,1.60269,1.60303,84700000,1
1289420160000,1289420219000,1.60303,1.60323,1.60302,1.60316,59900000,1
1289420220000,1289420279000,1.60316,1.60339,1.60314,1.60339,57000000,1
1289420280000,1289420339000,1.60342,1.60387,1.60339,1.60368,103200000,1
1289420340000,1289420399000,1.60374,1.60384,1.60322,1.60322,84700000,1
1289420400000,1289420459000,1.60322,1.60344,1.60318,1.60336,88600000,1
1289420460000,1289420519000,1.60339,1.60398,1.60318,1.60364,98700000,1
1289420520000,1289420579000,1.60363,1.60363,1.60337,1.60351,64800000,1
1289420580000,1289420639000,1.60351,1.60362,1.60337,1.60344,80100000,1
1289420640000,1289420699000,1.60355,1.60363,1.60322,1.60322,81600000,1
1289420700000,1289420759000,1.60322,1.60337,1.60308,1.60319,105300000,1
1289420760000,1289420819000,1.60317,1.60358,1.60311,1.60357,99900000,1
1289420820000,1289420879000,1.60361,1.60361,1.60309,1.60312,118400000,1
1289420880000,1289420939000,1.60317,1.60326,1.60315,1.60318,75900000,1
1289420940000,1289420999000,1.60318,1.60332,1.60315,1.6033,61200000,1
1289421000000,1289421059000,1.6033,1.60331,1.60315,1.60322,89200000,1
1289421060000,1289421119000,1.60312,1.60337,1.60312,1.60333,80600000,1
1289421120000,1289421179000,1.60333,1.60366,1.60317,1.60349,139100000,1
1289421180000,1289421239000,1.60348,1.60348,1.60314,1.60325,134600000,1
1289421240000,1289421299000,1.60325,1.60353,1.60323,1.60344,143700000,1
1289421300000,1289421359000,1.60344,1.60363,1.60327,1.60349,87200000,1
1289421360000,1289421419000,1.60342,1.604,1.60336,1.60365,156000000,1
1289421420000,1289421479000,1.60364,1.60372,1.60339,1.60365,91100000,1
1289421480000,1289421539000,1.6037,1.6037,1.60325,1.60341,102700000,1
1289421540000,1289421599000,1.60341,1.60374,1.60341,1.60365,89800000,1
1289421600000,1289421659000,1.60389,1.60407,1.6037,1.60379,132900000,1
1289421660000,1289421719000,1.60394,1.60412,1.60382,1.60383,130900000,1
1289421720000,1289421779000,1.60383,1.60383,1.60331,1.60337,116300000,1
1289421780000,1289421839000,1.60339,1.60383,1.60339,1.60379,130700000,1
1289421840000,1289421899000,1.60379,1.60402,1.60379,1.60387,87600000,1
1289421900000,1289421959000,1.60387,1.60392,1.60335,1.60343,84200000,1
1289421960000,1289422019000,1.60345,1.60355,1.60308,1.60315,74600000,1
1289422020000,1289422079000,1.60315,1.60315,1.60269,1.60271,98900000,1
1289422080000,1289422139000,1.60279,1.60287,1.60245,1.60253,108000000,1
1289422140000,1289422199000,1.60253,1.60253,1.60226,1.60242,60600000,1
1289422200000,1289422259000,1.60242,1.60259,1.60232,1.60251,77700000,1
1289422260000,1289422319000,1.60251,1.60256,1.60224,1.6024,120200000,1
1289422320000,1289422379000,1.6024,1.60258,1.6024,1.60249,103500000,1
1289422380000,1289422439000,1.60248,1.60281,1.60246,1.60269,81200000,1
1289422440000,1289422499000,1.60269,1.60272,1.60188,1.60188,91500000,1
1289422500000,1289422559000,1.60188,1.60219,1.60188,1.60188,79200000,1
1289422560000,1289422619000,1.60185,1.60199,1.60178,1.60184,134500000,1
1289422620000,1289422679000,1.60182,1.60192,1.60156,1.60168,108500000,1
1289422680000,1289422739000,1.60168,1.60168,1.60098,1.60146,145200000,1
1289422740000,1289422799000,1.60145,1.60174,1.60139,1.6015,73500000,1
1289422800000,1289422859000,1.60149,1.60166,1.60131,1.60136,73400000,1
1289422860000,1289422919000,1.60136,1.60136,1.60081,1.60118,108700000,1
1289422920000,1289422979000,1.60119,1.60171,1.60119,1.60156,77400000,1
1289422980000,1289423039000,1.60156,1.60183,1.60154,1.60162,92600000,1
1289423040000,1289423099000,1.60162,1.60173,1.60148,1.60165,96400000,1
1289423100000,1289423159000,1.60165,1.60165,1.60165,1.60165,94400000,1
1289423160000,1289423219000,1.60163,1.60172,1.60138,1.60144,94800000,1
1289423220000,1289423279000,1.60144,1.6017,1.60141,1.6017,79600000,1
1289423280000,1289423339000,1.6017,1.6017,1.60139,1.6016,119600000,1
1289423340000,1289423399000,1.6016,1.60167,1.60146,1.6016,111100000,1
1289423400000,1289423459000,1.60154,1.60177,1.60149,1.60177,90400000,1
1289423460000,1289423519000,1.60177,1.60188,1.60163,1.60183,109200000,1
1289423520000,1289423579000,1.60183,1.60187,1.60153,1.60153,85900000,1
1289423580000,1289423639000,1.60181,1.60192,1.60141,1.60153,108700000,1
1289423640000,1289423699000,1.60143,1.60237,1.60124,1.60237,113300000,1
1289423700000,1289423759000,1.60237,1.60243,1.60227,1.60238,86700000,1
1289423760000,1289423819000,1.60232,1.60257,1.60216,1.60218,107600000,1
1289423820000,1289423879000,1.60218,1.60238,1.60193,1.60202,91800000,1
1289423880000,1289423939000,1.60202,1.60222,1.60186,1.60194,94500000,1
1289423940000,1289423999000,1.6019,1.60196,1.6018,1.6018,97100000,1
1289424000000,1289424059000,1.60186,1.60207,1.60153,1.60158,98300000,1
1289424060000,1289424119000,1.60158,1.60185,1.60154,1.6018,115700000,1
1289424120000,1289424179000,1.6018,1.60208,1.6018,1.60184,87700000,1
1289424180000,1289424239000,1.60184,1.60222,1.60171,1.60222,72400000,1
1289424240000,1289424299000,1.60228,1.60242,1.60202,1.60204,60100000,1
1289424300000,1289424359000,1.60198,1.60246,1.60198,1.60246,77200000,1
1289424360000,1289424419000,1.60204,1.60251,1.60204,1.6024,89300000,1
1289424420000,1289424479000,1.6024,1.6024,1.60208,1.60208,66000000,1
1289424480000,1289424539000,1.60208,1.60228,1.60198,1.60206,68200000,1
1289424540000,1289424599000,1.60206,1.60218,1.60206,1.60217,47100000,1
1289424600000,1289424659000,1.60213,1.60229,1.60205,1.60212,42500000,1
1289424660000,1289424719000,1.60212,1.60224,1.60204,1.60204,48000000,1
1289424720000,1289424779000,1.60204,1.60258,1.60204,1.60253,69400000,1
1289424780000,1289424839000,1.60258,1.60302,1.6023,1.60272,93400000,1
1289424840000,1289424899000,1.60272,1.60355,1.60268,1.60348,87000000,1
1289424900000,1289424959000,1.60348,1.60379,1.60227,1.60263,116800000,1
1289424960000,1289425019000,1.60264,1.60272,1.60247,1.60254,60700000,1
1289425020000,1289425079000,1.60254,1.60271,1.60253,1.60263,83000000,1
1289425080000,1289425139000,1.60263,1.60285,1.60245,1.60258,92800000,1
1289425140000,1289425199000,1.60258,1.60274,1.60233,1.60238,124600000,1
1289425200000,1289425259000,1.60238,1.60274,1.60227,1.60237,76500000,1
1289425260000,1289425319000,1.60231,1.60274,1.60231,1.60236,64100000,1
1289425320000,1289425379000,1.60236,1.60323,1.60236,1.60257,71500000,1
1289425380000,1289425439000,1.60257,1.60379,1.60257,1.60337,138100000,1
1289425440000,1289425499000,1.60347,1.60365,1.60299,1.60347,133300000,1
1289425500000,1289425559000,1.60347,1.60352,1.60303,1.60337,71400000,1
1289425560000,1289425619000,1.60337,1.60392,1.60272,1.60279,98600000,1
1289425620000,1289425679000,1.60279,1.60338,1.60279,1.60335,88700000,1
1289425680000,1289425739000,1.60329,1.60342,1.60315,1.60325,79900000,1
1289425740000,1289425799000,1.60325,1.60385,1.60297,1.60385,88200000,1
1289425800000,1289425859000,1.60317,1.60341,1.60295,1.60295,71600000,1
1289425860000,1289425919000,1.60297,1.60322,1.6029,1.60322,73800000,1
1289425920000,1289425979000,1.60322,1.60328,1.60309,1.60311,73100000,1
1289425980000,1289426039000,1.60311,1.60351,1.60311,1.60351,64900000,1
1289426040000,1289426099000,1.60343,1.60399,1.60343,1.60353,80800000,1
1289426100000,1289426159000,1.60348,1.60362,1.60337,1.60337,69000000,1
1289426160000,1289426219000,1.6033,1.60365,1.60318,1.60344,76200000,1
1289426220000,1289426279000,1.60344,1.60378,1.60339,1.60347,72500000,1
1289426280000,1289426339000,1.60347,1.60357,1.60325,1.60354,78400000,1
1289426340000,1289426399000,1.60352,1.60352,1.60312,1.60312,58800000,1
1289426400000,1289426459000,1.60318,1.60407,1.60307,1.60353,68600000,1
1289426460000,1289426519000,1.60372,1.60413,1.60353,1.60401,88600000,1
1289426520000,1289426579000,1.60401,1.60479,1.60401,1.60421,66800000,1
1289426580000,1289426639000,1.60418,1.60447,1.60406,1.60447,63800000,1
1289426640000,1289426699000,1.60447,1.60504,1.60428,1.60483,73000000,1
1289426700000,1289426759000,1.60491,1.60519,1.60423,1.60457,92700000,1
1289426760000,1289426819000,1.60523,1.60541,1.60438,1.60531,107700000,1
1289426820000,1289426879000,1.60532,1.60536,1.60443,1.60483,86200000,1
1289426880000,1289426939000,1.60483,1.60542,1.60442,1.60498,51600000,1
1289426940000,1289426999000,1.60503,1.60503,1.60454,1.60477,53400000,1
1289427000000,1289427059000,1.60513,1.60558,1.60513,1.60557,92900000,1
1289427060000,1289427119000,1.60557,1.60623,1.6054,1.60592,76500000,1
1289427120000,1289427179000,1.60585,1.60611,1.60578,1.60601,63900000,1
1289427180000,1289427239000,1.60601,1.60601,1.60568,1.60578,65300000,1
1289427240000,1289427299000,1.60578,1.60582,1.60532,1.60568,66400000,1
1289427300000,1289427359000,1.60578,1.60578,1.60536,1.60563,64700000,1
1289427360000,1289427419000,1.60563,1.60586,1.60553,1.60556,66400000,1
1289427420000,1289427479000,1.60556,1.60574,1.60556,1.60573,57800000,1
1289427480000,1289427539000,1.60574,1.60588,1.60557,1.60557,83700000,1
1289427540000,1289427599000,1.60557,1.60588,1.60556,1.60562,79200000,1
1289427600000,1289427659000,1.60562,1.60606,1.60544,1.60604,88900000,1
1289427660000,1289427719000,1.60604,1.60607,1.60588,1.60606,67100000,1
1289427720000,1289427779000,1.60603,1.6062,1.60591,1.60609,66700000,1
1289427780000,1289427839000,1.60617,1.60642,1.60595,1.60598,105400000,1
1289427840000,1289427899000,1.60598,1.60622,1.60591,1.60602,79300000,1
1289427900000,1289427959000,1.60602,1.60612,1.60574,1.60594,76000000,1
1289427960000,1289428019000,1.60594,1.60614,1.60577,1.60612,62400000,1
1289428020000,1289428079000,1.60614,1.60616,1.60598,1.60607,37200000,1
1289428080000,1289428139000,1.60607,1.60608,1.60596,1.60602,36500000,1
1289428140000,1289428199000,1.60593,1.60643,1.60593,1.60614,62400000,1
1289428200000,1289428259000,1.60614,1.60618,1.6061,1.6061,57100000,1
1289428260000,1289428319000,1.6061,1.60618,1.60596,1.60606,58800000,1
1289428320000,1289428379000,1.6061,1.60679,1.6061,1.60668,80400000,1
1289428380000,1289428439000,1.60683,1.60687,1.60672,1.60674,40900000,1
1289428440000,1289428499000,1.60674,1.60682,1.60638,1.60638,69900000,1
1289428500000,1289428559000,1.60645,1.60658,1.60626,1.60626,51500000,1
1289428560000,1289428619000,1.60628,1.6064,1.60624,1.6064,50000000,1
1289428620000,1289428679000,1.6064,1.60725,1.60629,1.60688,73500000,1
1289428680000,1289428739000,1.60675,1.60691,1.60654,1.60688,77500000,1
1289428740000,1289428799000,1.60688,1.60763,1.60688,1.60717,84600000,1
1289428800000,1289428859000,1.60717,1.60745,1.60692,1.6071,88400000,1
1289428860000,1289428919000,1.60704,1.60724,1.60688,1.60717,62400000,1
1289428920000,1289428979000,1.60717,1.60785,1.60717,1.60779,60700000,1
1289428980000,1289429039000,1.60761,1.60766,1.60726,1.60732,74700000,1
1289429040000,1289429099000,1.60724,1.6075,1.6067,1.6075,129200000,1
1289429100000,1289429159000,1.6075,1.60815,1.60741,1.60814,92500000,1
1289429160000,1289429219000,1.60814,1.60831,1.60746,1.60799,68300000,1
1289429220000,1289429279000,1.608,1.608,1.60764,1.60796,55900000,1
1289429280000,1289429339000,1.60796,1.60827,1.60787,1.60822,51800000,1
1289429340000,1289429399000,1.60816,1.60866,1.60773,1.60835,109100000,1
1289429400000,1289429459000,1.60835,1.60835,1.60723,1.60729,71800000,1
1289429460000,1289429519000,1.60734,1.60745,1.60718,1.60737,59500000,1
1289429520000,1289429579000,1.60737,1.60743,1.60707,1.60712,75600000,1
1289429580000,1289429639000,1.60712,1.6072,1.60679,1.60679,70600000,1
1289429640000,1289429699000,1.60679,1.60721,1.60673,1.60706,76900000,1
1289429700000,1289429759000,1.60706,1.60712,1.60675,1.60712,87800000,1
1289429760000,1289429819000,1.60712,1.60733,1.60695,1.60733,109600000,1
1289429820000,1289429879000,1.60733,1.60733,1.60666,1.60681,136300000,1
1289429880000,1289429939000,1.60687,1.60687,1.6066,1.60681,74800000,1
1289429940000,1289429999000,1.60673,1.6071,1.60631,1.60679,118100000,1
1289430000000,1289430059000,1.60678,1.60682,1.60603,1.60634,106300000,1
1289430060000,1289430119000,1.60634,1.60634,1.60574,1.60574,86000000,1
1289430120000,1289430179000,1.60574,1.60593,1.60546,1.60574,69900000,1
1289430180000,1289430239000,1.60573,1.60588,1.60567,1.60576,86800000,1
1289430240000,1289430299000,1.60576,1.60597,1.60576,1.60588,61000000,1
1289430300000,1289430359000,1.60588,1.60627,1.60588,1.60627,81400000,1
1289430360000,1289430419000,1.60627,1.60695,1.60627,1.60695,102100000,1
1289430420000,1289430479000,1.60687,1.60698,1.60649,1.60666,84300000,1
1289430480000,1289430539000,1.60666,1.60703,1.60666,1.6068,76800000,1
1289430540000,1289430599000,1.60685,1.60686,1.60641,1.6065,54400000,1
1289430600000,1289430659000,1.60655,1.60669,1.60624,1.6064,59300000,1
1289430660000,1289430719000,1.6064,1.60653,1.60596,1.60613,56800000,1
1289430720000,1289430779000,1.6061,1.60668,1.60585,1.60587,134900000,1
1289430780000,1289430839000,1.60577,1.60633,1.60577,1.60629,114700000,1
1289430840000,1289430899000,1.60629,1.60637,1.60581,1.60625,96300000,1
1289430900000,1289430959000,1.60623,1.60642,1.6061,1.60642,59200000,1
1289430960000,1289431019000,1.60642,1.60654,1.60622,1.60622,63600000,1
1289431020000,1289431079000,1.60622,1.60656,1.60603,1.60612,68100000,1
1289431080000,1289431139000,1.60612,1.60644,1.60602,1.60619,62000000,1
1289431140000,1289431199000,1.60619,1.60619,1.60562,1.6059,49400000,1
1289431200000,1289431259000,1.6059,1.6059,1.60573,1.60579,64300000,1
1289431260000,1289431319000,1.60579,1.60616,1.60574,1.60598,60300000,1
1289431320000,1289431379000,1.60598,1.6061,1.60598,1.60602,42200000,1
1289431380000,1289431439000,1.60602,1.60632,1.60602,1.60632,41600000,1
1289431440000,1289431499000,1.60632,1.60652,1.60632,1.60647,66200000,1
1289431500000,1289431559000,1.60636,1.60641,1.60628,1.60633,37400000,1
1289431560000,1289431619000,1.60633,1.60633,1.60589,1.60613,54500000,1
1289431620000,1289431679000,1.60612,1.60618,1.60601,1.60611,55900000,1
1289431680000,1289431739000,1.60611,1.60632,1.60611,1.60627,53500000,1
1289431740000,1289431799000,1.60624,1.60624,1.60597,1.60607,75300000,1
1289431800000,1289431859000,1.60604,1.60644,1.60604,1.60644,103700000,1
1289431860000,1289431919000,1.60644,1.60644,1.60612,1.60612,91200000,1
1289431920000,1289431979000,1.60631,1.60669,1.60619,1.60644,80900000,1
1289431980000,1289432039000,1.60647,1.60657,1.60628,1.60634,90000000,1
1289432040000,1289432099000,1.60634,1.60665,1.60622,1.60625,57500000,1
1289432100000,1289432159000,1.60625,1.6064,1.60603,1.60635,65000000,1
1289432160000,1289432219000,1.60635,1.60639,1.60598,1.60605,37800000,1
1289432220000,1289432279000,1.60605,1.60605,1.60588,1.60592,47400000,1
1289432280000,1289432339000,1.60592,1.60607,1.60577,1.60594,118700000,1
1289432340000,1289432399000,1.60594,1.60613,1.60576,1.60604,82300000,1
1289432400000,1289432459000,1.60598,1.60604,1.60571,1.60575,74100000,1
1289432460000,1289432519000,1.60572,1.60599,1.60568,1.60599,66300000,1
1289432520000,1289432579000,1.60604,1.60622,1.606,1.606,52500000,1
1289432580000,1289432639000,1.606,1.606,1.60582,1.60592,62900000,1
1289432640000,1289432699000,1.60592,1.60592,1.60566,1.60567,62300000,1
1289432700000,1289432759000,1.60572,1.60572,1.60558,1.60558,63800000,1
1289432760000,1289432819000,1.60558,1.60574,1.6052,1.60524,77300000,1
1289432820000,1289432879000,1.60523,1.6056,1.60518,1.60526,93300000,1
1289432880000,1289432939000,1.60527,1.60531,1.60495,1.60502,89200000,1
1289432940000,1289432999000,1.60502,1.60525,1.60502,1.60514,89700000,1
1289433000000,1289433059000,1.60517,1.60562,1.60517,1.60531,125500000,1
1289433060000,1289433119000,1.60518,1.60567,1.60496,1.60553,114000000,1
1289433120000,1289433179000,1.60553,1.60553,1.60526,1.60537,99200000,1
1289433180000,1289433239000,1.60537,1.60554,1.60532,1.60554,81000000,1
1289433240000,1289433299000,1.60554,1.60564,1.60532,1.60547,59500000,1
1289433300000,1289433359000,1.60547,1.60547,1.60507,1.60512,92300000,1
1289433360000,1289433419000,1.60512,1.60517,1.60494,1.60515,67100000,1
1289433420000,1289433479000,1.605,1.60515,1.60499,1.60509,60400000,1
1289433480000,1289433539000,1.60509,1.60519,1.60431,1.60449,92300000,1
1289433540000,1289433599000,1.60448,1.60449,1.60415,1.60449,67400000,1
1289433600000,1289433659000,1.60449,1.60536,1.60446,1.60526,104100000,1
1289433660000,1289433719000,1.60517,1.60614,1.60482,1.60592,137100000,1
1289433720000,1289433779000,1.60598,1.60607,1.60572,1.60607,62700000,1
1289433780000,1289433839000,1.60602,1.60602,1.60567,1.60583,66400000,1
1289433840000,1289433899000,1.60582,1.60604,1.60582,1.60595,115000000,1
1289433900000,1289433959000,1.60614,1.60662,1.60589,1.6064,101900000,1
1289433960000,1289434019000,1.6064,1.60654,1.60625,1.60654,60100000,1
1289434020000,1289434079000,1.60639,1.6067,1.60629,1.60629,70600000,1
1289434080000,1289434139000,1.60629,1.60659,1.60614,1.60626,112800000,1
1289434140000,1289434199000,1.60624,1.60639,1.60483,1.60492,152500000,1
1289434200000,1289434259000,1.60484,1.60578,1.60484,1.60518,119400000,1
1289434260000,1289434319000,1.60525,1.60561,1.60522,1.60553,101200000,1
1289434320000,1289434379000,1.60546,1.6057,1.60492,1.60505,144100000,1
1289434380000,1289434439000,1.60505,1.60505,1.60457,1.60468,111800000,1
1289434440000,1289434499000,1.60468,1.60493,1.60392,1.60406,170300000,1
1289434500000,1289434559000,1.60417,1.60454,1.60409,1.60436,168900000,1
1289434560000,1289434619000,1.60442,1.60497,1.60441,1.60473,128600000,1
1289434620000,1289434679000,1.60456,1.60487,1.60437,1.60467,109100000,1
1289434680000,1289434739000,1.6046,1.60504,1.60423,1.60481,131200000,1
1289434740000,1289434799000,1.60477,1.60507,1.60448,1.6046,115500000,1
1289434800000,1289434859000,1.60454,1.60526,1.60454,1.60509,134900000,1
1289434860000,1289434919000,1.60494,1.60507,1.6046,1.60495,133600000,1
1289434920000,1289434979000,1.60495,1.60519,1.60486,1.60506,113500000,1
1289434980000,1289435039000,1.60514,1.60531,1.60502,1.60526,103000000,1
1289435040000,1289435099000,1.60526,1.60531,1.60492,1.60499,108500000,1
1289435100000,1289435159000,1.60499,1.6055,1.60494,1.60517,91100000,1
1289435160000,1289435219000,1.60517,1.6054,1.60458,1.60458,144000000,1
1289435220000,1289435279000,1.60462,1.60493,1.60456,1.6049,132900000,1
1289435280000,1289435339000,1.60523,1.60524,1.6039,1.60399,148800000,1
1289435340000,1289435399000,1.60401,1.6044,1.59752,1.59859,159900000,1
1289435400000,1289435459000,1.59864,1.60975,1.59681,1.6067,238300000,1
1289435460000,1289435519000,1.60684,1.61034,1.60636,1.60988,284400000,1
1289435520000,1289435579000,1.61017,1.61017,1.60742,1.60834,246000000,1
1289435580000,1289435639000,1.60831,1.60928,1.60817,1.60879,152000000,1
1289435640000,1289435699000,1.60867,1.60984,1.60857,1.60857,161000000,1
1289435700000,1289435759000,1.60852,1.60919,1.60841,1.60905,147600000,1
1289435760000,1289435819000,1.60898,1.60967,1.60894,1.60958,138400000,1
1289435820000,1289435879000,1.60959,1.6116,1.60959,1.61101,170800000,1
1289435880000,1289435939000,1.61121,1.61251,1.61082,1.6114,200300000,1
1289435940000,1289435999000,1.6114,1.61156,1.61092,1.61113,122500000,1
1289436000000,1289436059000,1.61104,1.61104,1.61034,1.61088,139400000,1
1289436060000,1289436119000,1.61082,1.61082,1.61029,1.61072,154100000,1
1289436120000,1289436179000,1.61069,1.61076,1.61031,1.61052,101800000,1
1289436180000,1289436239000,1.61048,1.61183,1.61028,1.61155,167100000,1
1289436240000,1289436299000,1.61138,1.61203,1.61118,1.61177,124400000,1
1289436300000,1289436359000,1.61173,1.61238,1.6117,1.61188,106500000,1
1289436360000,1289436419000,1.61188,1.61197,1.61149,1.61172,99400000,1
1289436420000,1289436479000,1.61168,1.61226,1.61145,1.61185,85600000,1
1289436480000,1289436539000,1.61185,1.61185,1.61126,1.61167,139700000,1
1289436540000,1289436599000,1.61159,1.61196,1.61059,1.61059,153700000,1
1289436600000,1289436659000,1.61063,1.61088,1.6102,1.61041,136500000,1
1289436660000,1289436719000,1.61037,1.61044,1.61002,1.61013,89700000,1
1289436720000,1289436779000,1.60996,1.61017,1.60977,1.60997,88400000,1
1289436780000,1289436839000,1.60999,1.61008,1.60957,1.60994,88200000,1
1289436840000,1289436899000,1.60989,1.61054,1.60988,1.61038,97500000,1
1289436900000,1289436959000,1.61038,1.61045,1.60973,1.61024,176600000,1
1289436960000,1289437019000,1.61032,1.61092,1.61024,1.61027,90800000,1
1289437020000,1289437079000,1.61033,1.61098,1.61031,1.61052,113300000,1
1289437080000,1289437139000,1.61048,1.61048,1.61008,1.61011,96300000,1
1289437140000,1289437199000,1.61011,1.61011,1.60954,1.60954,81800000,1
1289437200000,1289437259000,1.6097,1.60981,1.60934,1.60945,74400000,1
1289437260000,1289437319000,1.60953,1.61002,1.60953,1.60995,57900000,1
1289437320000,1289437379000,1.60998,1.61022,1.60972,1.60988,90000000,1
1289437380000,1289437439000,1.60988,1.60988,1.60901,1.60937,82800000,1
1289437440000,1289437499000,1.60943,1.60967,1.60929,1.60967,95300000,1
1289437500000,1289437559000,1.60972,1.61008,1.60946,1.61,118000000,1
1289437560000,1289437619000,1.60996,1.61012,1.60974,1.61007,76500000,1
1289437620000,1289437679000,1.6101,1.61084,1.6101,1.6106,107400000,1
1289437680000,1289437739000,1.6106,1.61094,1.61055,1.61085,90200000,1
1289437740000,1289437799000,1.61085,1.61107,1.61077,1.61093,85600000,1
1289437800000,1289437859000,1.61093,1.611,1.61053,1.61084,133000000,1
1289437860000,1289437919000,1.61076,1.6111,1.6106,1.61106,121300000,1
1289437920000,1289437979000,1.61108,1.61183,1.61099,1.6113,104000000,1
1289437980000,1289438039000,1.61131,1.61166,1.61082,1.61082,84000000,1
1289438040000,1289438099000,1.61093,1.61186,1.61078,1.61182,106600000,1
1289438100000,1289438159000,1.61194,1.61194,1.61144,1.61164,135400000,1
1289438160000,1289438219000,1.61172,1.61183,1.60995,1.6105,129000000,1
1289438220000,1289438279000,1.61043,1.61056,1.60957,1.60957,178500000,1
1289438280000,1289438339000,1.60955,1.60988,1.60941,1.6095,126400000,1
1289438340000,1289438399000,1.60955,1.60981,1.60951,1.60973,125700000,1
1289438400000,1289438459000,1.6098,1.6098,1.60916,1.60918,128600000,1
1289438460000,1289438519000,1.60918,1.60938,1.60918,1.60924,57200000,1
1289438520000,1289438579000,1.60926,1.60975,1.60918,1.60944,87300000,1
1289438580000,1289438639000,1.60944,1.60967,1.60944,1.60952,114500000,1
1289438640000,1289438699000,1.60952,1.60996,1.60949,1.60971,118600000,1
1289438700000,1289438759000,1.60968,1.60998,1.60954,1.60993,127400000,1
1289438760000,1289438819000,1.60999,1.61006,1.60977,1.60987,112700000,1
1289438820000,1289438879000,1.60987,1.61002,1.60968,1.60981,105400000,1
1289438880000,1289438939000,1.60983,1.60986,1.60939,1.60939,78800000,1
1289438940000,1289438999000,1.60932,1.60951,1.60835,1.60842,103800000,1
1289439000000,1289439059000,1.60832,1.60875,1.60791,1.60874,99900000,1
1289439060000,1289439119000,1.60874,1.60908,1.60854,1.60894,81100000,1
1289439120000,1289439179000,1.60894,1.60937,1.60883,1.60915,75400000,1
1289439180000,1289439239000,1.60915,1.60957,1.609,1.60927,90600000,1
1289439240000,1289439299000,1.60927,1.60959,1.60927,1.60946,82500000,1
1289439300000,1289439359000,1.60947,1.60962,1.6093,1.60931,95200000,1
1289439360000,1289439419000,1.60934,1.60979,1.60934,1.60969,130300000,1
1289439420000,1289439479000,1.60965,1.60984,1.60952,1.60978,79800000,1
1289439480000,1289439539000,1.60978,1.61001,1.60964,1.60995,88800000,1
1289439540000,1289439599000,1.60999,1.61037,1.6099,1.61018,78800000,1
1289439600000,1289439659000,1.61018,1.61037,1.60999,1.61017,86100000,1
1289439660000,1289439719000,1.61017,1.61034,1.60995,1.6101,115200000,1
1289439720000,1289439779000,1.61012,1.61012,1.60993,1.60993,83100000,1
1289439780000,1289439839000,1.60993,1.61018,1.60971,1.60976,67900000,1
1289439840000,1289439899000,1.60978,1.60978,1.60894,1.60899,99100000,1
1289439900000,1289439959000,1.60902,1.60917,1.60893,1.60917,81300000,1
1289439960000,1289440019000,1.60917,1.60917,1.60883,1.60884,88500000,1
1289440020000,1289440079000,1.60884,1.60894,1.60884,1.60894,77900000,1
1289440080000,1289440139000,1.60894,1.60927,1.60883,1.60884,80000000,1
1289440140000,1289440199000,1.60884,1.60909,1.60883,1.60892,69800000,1
1289440200000,1289440259000,1.60893,1.60922,1.60883,1.60887,83600000,1
1289440260000,1289440319000,1.60887,1.60937,1.60883,1.60892,84500000,1
1289440320000,1289440379000,1.60893,1.60932,1.60892,1.60921,86800000,1
1289440380000,1289440439000,1.60921,1.60932,1.60898,1.60923,91300000,1
1289440440000,1289440499000,1.60923,1.60953,1.60921,1.60934,66100000,1
1289440500000,1289440559000,1.60937,1.60954,1.60929,1.60936,69300000,1
1289440560000,1289440619000,1.60936,1.60937,1.60926,1.60936,65200000,1
1289440620000,1289440679000,1.60936,1.60976,1.60934,1.60976,141000000,1
1289440680000,1289440739000,1.6097,1.61024,1.60908,1.60908,136600000,1
1289440740000,1289440799000,1.60917,1.60929,1.60895,1.60895,103400000,1
1289440800000,1289440859000,1.60882,1.60888,1.60829,1.60873,119400000,1
1289440860000,1289440919000,1.60868,1.60898,1.60856,1.60863,124800000,1
1289440920000,1289440979000,1.60867,1.60914,1.60857,1.60906,141800000,1
1289440980000,1289441039000,1.60897,1.60928,1.60895,1.60925,118000000,1
1289441040000,1289441099000,1.60937,1.60937,1.60862,1.60862,158800000,1
1289441100000,1289441159000,1.60862,1.60889,1.60744,1.60767,214200000,1
1289441160000,1289441219000,1.60757,1.60782,1.60732,1.60761,124300000,1
1289441220000,1289441279000,1.60759,1.60785,1.60732,1.60751,120100000,1
1289441280000,1289441339000,1.60749,1.60787,1.60737,1.60771,127200000,1
1289441340000,1289441399000,1.60763,1.60763,1.60682,1.60713,119700000,1
1289441400000,1289441459000,1.60713,1.60766,1.60713,1.60747,94700000,1
1289441460000,1289441519000,1.60745,1.60752,1.60686,1.60695,147100000,1
1289441520000,1289441579000,1.607,1.60713,1.60674,1.60678,81400000,1
1289441580000,1289441639000,1.60678,1.60732,1.60666,1.60701,126200000,1
1289441640000,1289441699000,1.60711,1.60724,1.60685,1.60686,98200000,1
1289441700000,1289441759000,1.60686,1.60728,1.60674,1.60678,158700000,1
1289441760000,1289441819000,1.60677,1.60682,1.60633,1.60668,85900000,1
1289441820000,1289441879000,1.60665,1.60691,1.60657,1.60677,56700000,1
1289441880000,1289441939000,1.60673,1.60702,1.60673,1.60682,50100000,1
1289441940000,1289441999000,1.60677,1.60742,1.60668,1.6073,98500000,1
1289442000000,1289442059000,1.60723,1.60735,1.60668,1.60672,84200000,1
1289442060000,1289442119000,1.60669,1.60683,1.60657,1.60661,76100000,1
1289442120000,1289442179000,1.60661,1.60663,1.60637,1.60651,63100000,1
1289442180000,1289442239000,1.60651,1.60662,1.6062,1.60635,82700000,1
1289442240000,1289442299000,1.60619,1.60641,1.6059,1.60629,108900000,1
1289442300000,1289442359000,1.60638,1.60647,1.60591,1.60622,88300000,1
1289442360000,1289442419000,1.60623,1.60623,1.60588,1.60602,72000000,1
1289442420000,1289442479000,1.60603,1.60684,1.60594,1.60676,101200000,1
1289442480000,1289442539000,1.60677,1.60687,1.60662,1.60681,86100000,1
1289442540000,1289442599000,1.60681,1.60696,1.60655,1.60683,99100000,1
1289442600000,1289442659000,1.60679,1.60683,1.60656,1.60656,62000000,1
1289442660000,1289442719000,1.60653,1.60692,1.60653,1.60675,96200000,1
1289442720000,1289442779000,1.60675,1.60707,1.60675,1.60707,64500000,1
1289442780000,1289442839000,1.60711,1.60727,1.60701,1.60715,117500000,1
1289442840000,1289442899000,1.60715,1.60719,1.60707,1.60719,73500000,1
1289442900000,1289442959000,1.60719,1.60723,1.60674,1.60674,108000000,1
1289442960000,1289443019000,1.60674,1.60743,1.60674,1.60704,140000000,1
1289443020000,1289443079000,1.60703,1.6074,1.60698,1.60724,126700000,1
1289443080000,1289443139000,1.60712,1.60758,1.60709,1.6073,91200000,1
1289443140000,1289443199000,1.60727,1.60735,1.60691,1.60735,155400000,1
1289443200000,1289443259000,1.60739,1.60778,1.60727,1.60778,133100000,1
1289443260000,1289443319000,1.60768,1.60777,1.60736,1.60744,111400000,1
1289443320000,1289443379000,1.60744,1.60755,1.60712,1.60737,125900000,1
1289443380000,1289443439000,1.60731,1.60737,1.60705,1.6072,122600000,1
1289443440000,1289443499000,1.6072,1.6072,1.60687,1.60688,89000000,1
1289443500000,1289443559000,1.60688,1.60694,1.60655,1.60658,115600000,1
1289443560000,1289443619000,1.60664,1.60704,1.60664,1.60671,87800000,1
1289443620000,1289443679000,1.60671,1.60679,1.60639,1.60666,93400000,1
1289443680000,1289443739000,1.60666,1.60683,1.60618,1.60629,100600000,1
1289443740000,1289443799000,1.60621,1.60674,1.6062,1.60665,94600000,1
1289443800000,1289443859000,1.60657,1.60668,1.60634,1.60646,82700000,1
1289443860000,1289443919000,1.60638,1.60642,1.60603,1.60626,108900000,1
1289443920000,1289443979000,1.60619,1.60619,1.60595,1.60606,100700000,1
1289443980000,1289444039000,1.60606,1.60616,1.6057,1.60589,107400000,1
1289444040000,1289444099000,1.60595,1.60606,1.60579,1.60599,66900000,1
1289444100000,1289444159000,1.60599,1.60609,1.60593,1.60602,82300000,1
1289444160000,1289444219000,1.60602,1.60602,1.60575,1.60575,94100000,1
1289444220000,1289444279000,1.60575,1.60592,1.60559,1.60577,62200000,1
1289444280000,1289444339000,1.60577,1.60616,1.60577,1.606,59300000,1
1289444340000,1289444399000,1.606,1.60614,1.60587,1.60599,116000000,1
1289444400000,1289444459000,1.60602,1.60631,1.60601,1.60609,83900000,1
1289444460000,1289444519000,1.60616,1.60616,1.60593,1.60602,85300000,1
1289444520000,1289444579000,1.60597,1.60602,1.6058,1.60584,82900000,1
1289444580000,1289444639000,1.60584,1.60632,1.60582,1.60632,74000000,1
1289444640000,1289444699000,1.60641,1.60668,1.60629,1.60648,74600000,1
1289444700000,1289444759000,1.60655,1.60674,1.60638,1.6064,75600000,1
1289444760000,1289444819000,1.6064,1.6065,1.60633,1.60633,51000000,1
1289444820000,1289444879000,1.60633,1.60649,1.6063,1.60633,68700000,1
1289444880000,1289444939000,1.60633,1.60633,1.606,1.60607,60300000,1
1289444940000,1289444999000,1.60607,1.60617,1.60579,1.60614,81000000,1
1289445000000,1289445059000,1.60618,1.60626,1.60609,1.60609,58600000,1
1289445060000,1289445119000,1.60609,1.60617,1.60597,1.60607,60700000,1
1289445120000,1289445179000,1.60607,1.60607,1.60589,1.60597,56400000,1
1289445180000,1289445239000,1.60603,1.60613,1.60573,1.60579,100900000,1
1289445240000,1289445299000,1.60579,1.60589,1.60574,1.60589,87900000,1
1289445300000,1289445359000,1.60589,1.60607,1.60566,1.60571,74500000,1
1289445360000,1289445419000,1.60571,1.60604,1.60538,1.60559,135300000,1
1289445420000,1289445479000,1.60539,1.60609,1.60524,1.60609,100400000,1
1289445480000,1289445539000,1.60588,1.60608,1.60588,1.60594,87500000,1
1289445540000,1289445599000,1.60594,1.60614,1.60578,1.60578,126300000,1
1289445600000,1289445659000,1.60578,1.60608,1.60578,1.60589,107900000,1
1289445660000,1289445719000,1.60594,1.60594,1.60561,1.60586,117600000,1
1289445720000,1289445779000,1.60586,1.60608,1.60568,1.60568,55900000,1
1289445780000,1289445839000,1.60568,1.60568,1.6054,1.6054,75000000,1
1289445840000,1289445899000,1.60548,1.60548,1.60527,1.60539,90600000,1
1289445900000,1289445959000,1.60547,1.6055,1.6051,1.6052,89900000,1
1289445960000,1289446019000,1.6052,1.60543,1.60517,1.60539,88100000,1
1289446020000,1289446079000,1.60539,1.60545,1.60509,1.6052,78700000,1
1289446080000,1289446139000,1.6052,1.60546,1.605,1.60513,83900000,1
1289446140000,1289446199000,1.60513,1.60528,1.60502,1.60516,73100000,1
1289446200000,1289446259000,1.60516,1.60531,1.60516,1.60526,66300000,1
1289446260000,1289446319000,1.60526,1.60537,1.60526,1.60527,41900000,1
1289446320000,1289446379000,1.60527,1.60533,1.60527,1.60531,50700000,1
1289446380000,1289446439000,1.60531,1.60549,1.60527,1.60543,73600000,1
1289446440000,1289446499000,1.60544,1.60548,1.60518,1.60533,100500000,1
1289446500000,1289446559000,1.60519,1.60533,1.60499,1.60529,119600000,1
1289446560000,1289446619000,1.60539,1.60553,1.60509,1.6052,90100000,1
1289446620000,1289446679000,1.60516,1.60516,1.60487,1.60507,93800000,1
1289446680000,1289446739000,1.60507,1.60514,1.60484,1.60498,92800000,1
1289446740000,1289446799000,1.60493,1.60508,1.60468,1.60508,139700000,1
1289446800000,1289446859000,1.60508,1.60539,1.60503,1.60522,114400000,1
1289446860000,1289446919000,1.60518,1.60522,1.60474,1.6048,71300000,1
1289446920000,1289446979000,1.60474,1.60488,1.60456,1.60481,83800000,1
1289446980000,1289447039000,1.60478,1.60503,1.60466,1.60503,44200000,1
1289447040000,1289447099000,1.60501,1.60503,1.60473,1.60483,72100000,1
1289447100000,1289447159000,1.60493,1.60521,1.60487,1.60505,51900000,1
1289447160000,1289447219000,1.60503,1.60514,1.60497,1.60512,73000000,1
1289447220000,1289447279000,1.60514,1.6052,1.60495,1.60497,43400000,1
1289447280000,1289447339000,1.60501,1.60506,1.60492,1.60492,58200000,1
1289447340000,1289447399000,1.60489,1.60509,1.60488,1.60495,65300000,1
1289447400000,1289447459000,1.60495,1.60511,1.60495,1.60511,60300000,1
1289447460000,1289447519000,1.60511,1.60512,1.60496,1.60508,81200000,1
1289447520000,1289447579000,1.60505,1.60537,1.605,1.60517,90500000,1
1289447580000,1289447639000,1.60518,1.60528,1.60516,1.60527,55900000,1
1289447640000,1289447699000,1.60527,1.6053,1.60473,1.60483,93200000,1
1289447700000,1289447759000,1.60486,1.60524,1.60486,1.60524,72300000,1
1289447760000,1289447819000,1.60517,1.60531,1.60491,1.60503,96500000,1
1289447820000,1289447879000,1.60505,1.60513,1.60503,1.60512,54200000,1
1289447880000,1289447939000,1.60512,1.60538,1.60489,1.60495,81400000,1
1289447940000,1289447999000,1.60492,1.60524,1.60492,1.60499,79300000,1
1289448000000,1289448059000,1.60504,1.6053,1.6049,1.6049,78600000,1
1289448060000,1289448119000,1.6049,1.60498,1.6048,1.60489,69100000,1
1289448120000,1289448179000,1.60489,1.60496,1.60482,1.60489,63500000,1
1289448180000,1289448239000,1.60493,1.60508,1.60493,1.60497,36300000,1
1289448240000,1289448299000,1.60505,1.60527,1.60492,1.60522,66800000,1
1289448300000,1289448359000,1.60524,1.60566,1.60522,1.60566,80400000,1
1289448360000,1289448419000,1.60566,1.60586,1.6056,1.60586,59600000,1
1289448420000,1289448479000,1.60586,1.60614,1.60553,1.60614,84100000,1
1289448480000,1289448539000,1.60614,1.60651,1.60606,1.60638,96700000,1
1289448540000,1289448599000,1.60637,1.60673,1.60631,1.60673,78900000,1
1289448600000,1289448659000,1.60673,1.60683,1.60633,1.60655,79300000,1
1289448660000,1289448719000,1.6065,1.60698,1.6065,1.60694,86600000,1
1289448720000,1289448779000,1.60694,1.607,1.60679,1.60689,73400000,1
1289448780000,1289448839000,1.60689,1.60695,1.60643,1.60657,102900000,1
1289448840000,1289448899000,1.60657,1.6066,1.60634,1.60651,82500000,1
1289448900000,1289448959000,1.60651,1.60668,1.60647,1.60668,76800000,1
1289448960000,1289449019000,1.60666,1.60686,1.60642,1.60663,95100000,1
1289449020000,1289449079000,1.60671,1.60689,1.60662,1.60684,85600000,1
1289449080000,1289449139000,1.60684,1.60684,1.60658,1.60666,86500000,1
1289449140000,1289449199000,1.60667,1.60674,1.60655,1.60667,57600000,1
1289449200000,1289449259000,1.60676,1.60681,1.60675,1.6068,42000000,1
1289449260000,1289449319000,1.6068,1.60692,1.60654,1.60692,66900000,1
1289449320000,1289449379000,1.60692,1.60703,1.60655,1.60655,80700000,1
1289449380000,1289449439000,1.60634,1.60649,1.60622,1.60633,65400000,1
1289449440000,1289449499000,1.60638,1.6065,1.60608,1.60625,67000000,1
1289449500000,1289449559000,1.60625,1.60628,1.60603,1.60614,70500000,1
1289449560000,1289449619000,1.60614,1.60633,1.60612,1.60628,65400000,1
1289449620000,1289449679000,1.6063,1.60649,1.60622,1.60643,60900000,1
1289449680000,1289449739000,1.60648,1.60657,1.60639,1.60651,57900000,1
1289449740000,1289449799000,1.60651,1.60661,1.60602,1.60639,103600000,1
1289449800000,1289449859000,1.60639,1.60647,1.60628,1.60647,97900000,1
1289449860000,1289449919000,1.60638,1.60654,1.60637,1.60653,81600000,1
1289449920000,1289449979000,1.60653,1.60654,1.60638,1.60652,80800000,1
1289449980000,1289450039000,1.60653,1.60653,1.60645,1.60645,47300000,1
1289450040000,1289450099000,1.60645,1.60645,1.60628,1.60631,72300000,1
1289450100000,1289450159000,1.60629,1.60629,1.60612,1.60621,44700000,1
1289450160000,1289450219000,1.60621,1.60643,1.60608,1.60608,89700000,1
1289450220000,1289450279000,1.60608,1.60637,1.60608,1.60622,74000000,1
1289450280000,1289450339000,1.60623,1.60627,1.60613,1.60622,53000000,1
1289450340000,1289450399000,1.60617,1.60627,1.60587,1.60587,57600000,1
1289450400000,1289450459000,1.60592,1.60602,1.60571,1.60602,71600000,1
1289450460000,1289450519000,1.60598,1.60637,1.60588,1.60608,108900000,1
1289450520000,1289450579000,1.60605,1.60624,1.60559,1.60568,111000000,1
1289450580000,1289450639000,1.60572,1.60603,1.60571,1.60583,68900000,1
1289450640000,1289450699000,1.60583,1.60628,1.6058,1.60628,88300000,1
1289450700000,1289450759000,1.60626,1.60628,1.60623,1.60623,80500000,1
1289450760000,1289450819000,1.60625,1.60641,1.60583,1.60602,98500000,1
1289450820000,1289450879000,1.60602,1.60616,1.60597,1.60609,60200000,1
1289450880000,1289450939000,1.60608,1.60635,1.60607,1.60618,64500000,1
1289450940000,1289450999000,1.60619,1.60638,1.60612,1.60638,60200000,1
1289451000000,1289451059000,1.60638,1.60638,1.60618,1.60618,75100000,1
1289451060000,1289451119000,1.60618,1.60647,1.60608,1.60634,73000000,1
1289451120000,1289451179000,1.60626,1.60626,1.60606,1.60622,72700000,1
1289451180000,1289451239000,1.60624,1.60628,1.60622,1.60624,84800000,1
1289451240000,1289451299000,1.60634,1.60661,1.60634,1.60643,63900000,1
1289451300000,1289451359000,1.60643,1.60653,1.6064,1.6064,63800000,1
1289451360000,1289451419000,1.6064,1.60659,1.60635,1.60651,75500000,1
1289451420000,1289451479000,1.60651,1.60657,1.60647,1.60652,90000000,1
1289451480000,1289451539000,1.60652,1.60673,1.60642,1.60673,80400000,1
1289451540000,1289451599000,1.60673,1.60673,1.6064,1.6064,124900000,1
1289451600000,1289451659000,1.6064,1.60654,1.60638,1.60654,50100000,1
1289451660000,1289451719000,1.60654,1.60693,1.60654,1.60676,103400000,1
1289451720000,1289451779000,1.60676,1.60687,1.60658,1.60679,97700000,1
1289451780000,1289451839000,1.60678,1.60687,1.60632,1.6065,128600000,1
1289451840000,1289451899000,1.60645,1.60655,1.60642,1.60642,67000000,1
1289451900000,1289451959000,1.60642,1.60642,1.60623,1.60636,62700000,1
1289451960000,1289452019000,1.60636,1.60675,1.60636,1.60675,98700000,1
1289452020000,1289452079000,1.60675,1.60678,1.60634,1.60641,70400000,1
1289452080000,1289452139000,1.60641,1.60676,1.60641,1.60662,75900000,1
1289452140000,1289452199000,1.60662,1.60667,1.60643,1.60645,61000000,1
1289452200000,1289452259000,1.60648,1.60669,1.60633,1.60657,69700000,1
1289452260000,1289452319000,1.6065,1.60657,1.60635,1.60635,64400000,1
1289452320000,1289452379000,1.60635,1.60661,1.60634,1.60661,72400000,1
1289452380000,1289452439000,1.60668,1.60673,1.60653,1.6066,71000000,1
1289452440000,1289452499000,1.60656,1.60661,1.60646,1.6065,58100000,1
1289452500000,1289452559000,1.6065,1.60661,1.60645,1.60657,48200000,1
1289452560000,1289452619000,1.6066,1.60668,1.60626,1.60626,73200000,1
1289452620000,1289452679000,1.60626,1.60642,1.60609,1.60619,113600000,1
1289452680000,1289452739000,1.60617,1.60642,1.60609,1.60617,84300000,1
1289452740000,1289452799000,1.60609,1.6063,1.60607,1.60618,67100000,1
1289452800000,1289452859000,1.60622,1.60638,1.60617,1.60637,86300000,1
1289452860000,1289452919000,1.6064,1.60643,1.60629,1.60637,74600000,1
1289452920000,1289452979000,1.60636,1.60636,1.60636,1.60636,94600000,1
1289452980000,1289453039000,1.60636,1.6065,1.60629,1.60635,92700000,1
1289453040000,1289453099000,1.60635,1.60654,1.60618,1.60633,64400000,1
1289453100000,1289453159000,1.60628,1.60653,1.60623,1.60653,80500000,1
1289453160000,1289453219000,1.60652,1.60657,1.60645,1.60656,70400000,1
1289453220000,1289453279000,1.60656,1.60656,1.60617,1.60617,68800000,1
1289453280000,1289453339000,1.60621,1.60646,1.60621,1.60634,46700000,1
1289453340000,1289453399000,1.60631,1.6065,1.60625,1.60639,82300000,1
1289453400000,1289453459000,1.6063,1.60646,1.60627,1.60628,55800000,1
1289453460000,1289453519000,1.60634,1.60642,1.6063,1.60633,110100000,1
1289453520000,1289453579000,1.60633,1.60648,1.60614,1.60648,71600000,1
1289453580000,1289453639000,1.60648,1.60659,1.60638,1.60659,89800000,1
1289453640000,1289453699000,1.60659,1.60659,1.60644,1.60644,93900000,1
1289453700000,1289453759000,1.60644,1.60673,1.60644,1.60673,68600000,1
1289453760000,1289453819000,1.60664,1.60737,1.60664,1.60737,116200000,1
1289453820000,1289453879000,1.60737,1.60737,1.60702,1.60708,96600000,1
1289453880000,1289453939000,1.60713,1.60725,1.60706,1.60714,71400000,1
1289453940000,1289453999000,1.60714,1.60747,1.60701,1.6072,117600000,1
1289454000000,1289454059000,1.60711,1.60712,1.60685,1.60694,69900000,1
1289454060000,1289454119000,1.60694,1.6071,1.60691,1.60693,49400000,1
1289454120000,1289454179000,1.60693,1.60703,1.60674,1.60674,76300000,1
1289454180000,1289454239000,1.60674,1.60703,1.60674,1.60701,99500000,1
1289454240000,1289454299000,1.60701,1.60718,1.60676,1.60695,86800000,1
1289454300000,1289454359000,1.60695,1.60734,1.6069,1.60709,120000000,1
1289454360000,1289454419000,1.60709,1.60709,1.60698,1.607,63000000,1
1289454420000,1289454479000,1.60709,1.60709,1.60684,1.60706,82100000,1
1289454480000,1289454539000,1.60706,1.60706,1.60673,1.60673,66700000,1
1289454540000,1289454599000,1.60674,1.60718,1.6066,1.60718,74900000,1
1289454600000,1289454659000,1.60718,1.60732,1.60713,1.60724,41600000,1
1289454660000,1289454719000,1.6073,1.60732,1.6072,1.60729,49600000,1
1289454720000,1289454779000,1.60729,1.6073,1.60709,1.60727,55500000,1
1289454780000,1289454839000,1.60728,1.60731,1.60725,1.60726,32100000,1
1289454840000,1289454899000,1.60726,1.60726,1.60699,1.60703,61300000,1
1289454900000,1289454959000,1.60703,1.60718,1.60687,1.60711,48800000,1
1289454960000,1289455019000,1.60709,1.60739,1.60704,1.60738,72500000,1
1289455020000,1289455079000,1.60738,1.60738,1.60728,1.6073,66700000,1
1289455080000,1289455139000,1.60735,1.60735,1.60697,1.60699,81000000,1
1289455140000,1289455199000,1.60677,1.60688,1.60677,1.60681,94000000,1
1289455200000,1289455259000,1.60681,1.60693,1.60677,1.60685,92800000,1
1289455260000,1289455319000,1.60685,1.60697,1.60669,1.60693,61300000,1
1289455320000,1289455379000,1.60685,1.60706,1.60674,1.60686,73300000,1
1289455380000,1289455439000,1.60687,1.60708,1.60686,1.60698,66800000,1
1289455440000,1289455499000,1.60695,1.60734,1.60693,1.60717,112300000,1
1289455500000,1289455559000,1.60713,1.60738,1.60692,1.60724,102800000,1
1289455560000,1289455619000,1.6073,1.6073,1.60704,1.60704,86300000,1
1289455620000,1289455679000,1.60704,1.60734,1.60696,1.60729,92000000,1
1289455680000,1289455739000,1.60724,1.6075,1.60697,1.60737,126300000,1
1289455740000,1289455799000,1.60743,1.60751,1.6073,1.60733,67300000,1
1289455800000,1289455859000,1.60733,1.60759,1.60727,1.60733,81900000,1
1289455860000,1289455919000,1.60733,1.60738,1.60707,1.60712,85900000,1
1289455920000,1289455979000,1.60712,1.60729,1.60699,1.60716,109000000,1
1289455980000,1289456039000,1.60712,1.60717,1.60706,1.60708,112800000,1
1289456040000,1289456099000,1.60708,1.60731,1.60708,1.60731,65200000,1
1289456100000,1289456159000,1.60726,1.60726,1.60684,1.60726,129500000,1
1289456160000,1289456219000,1.60726,1.60768,1.60718,1.60755,102700000,1
1289456220000,1289456279000,1.60755,1.60767,1.60745,1.60765,116900000,1
1289456280000,1289456339000,1.60763,1.6078,1.60759,1.6078,90300000,1
1289456340000,1289456399000,1.6078,1.608,1.60751,1.608,82200000,1
1289456400000,1289456459000,1.608,1.60801,1.60759,1.60787,92400000,1
1289456460000,1289456519000,1.60781,1.60789,1.60763,1.60787,94000000,1
1289456520000,1289456579000,1.60795,1.608,1.60783,1.60791,103400000,1
1289456580000,1289456639000,1.60791,1.60815,1.60791,1.60793,81600000,1
1289456640000,1289456699000,1.6079,1.60817,1.60784,1.60815,91400000,1
1289456700000,1289456759000,1.6082,1.60822,1.60807,1.60808,55700000,1
1289456760000,1289456819000,1.60808,1.60808,1.60755,1.60776,109600000,1
1289456820000,1289456879000,1.60767,1.60771,1.60736,1.60737,109800000,1
1289456880000,1289456939000,1.60741,1.60748,1.6069,1.60696,72000000,1
1289456940000,1289456999000,1.60696,1.60702,1.6068,1.6069,49000000,1
1289457000000,1289457059000,1.6069,1.6074,1.60688,1.6074,114900000,1
1289457060000,1289457119000,1.6074,1.60827,1.6074,1.60818,124800000,1
1289457120000,1289457179000,1.60828,1.60839,1.60767,1.60802,154100000,1
1289457180000,1289457239000,1.60813,1.60836,1.60803,1.60826,106500000,1
1289457240000,1289457299000,1.60823,1.60874,1.60821,1.60871,100900000,1
1289457300000,1289457359000,1.60872,1.6088,1.60862,1.60875,82300000,1
1289457360000,1289457419000,1.60878,1.60918,1.60876,1.60918,81300000,1
1289457420000,1289457479000,1.60917,1.60919,1.60876,1.60876,97400000,1
1289457480000,1289457539000,1.60874,1.60902,1.60872,1.60896,67700000,1
1289457540000,1289457599000,1.60896,1.609,1.60858,1.60858,88500000,1
1289457600000,1289457659000,1.60858,1.60859,1.60837,1.60852,94200000,1
1289457660000,1289457719000,1.60856,1.60865,1.60844,1.60856,72300000,1
1289457720000,1289457779000,1.6086,1.60868,1.60847,1.60847,84900000,1
1289457780000,1289457839000,1.60847,1.60868,1.60847,1.60863,80100000,1
1289457840000,1289457899000,1.60862,1.60872,1.60832,1.60842,87900000,1
1289457900000,1289457959000,1.60843,1.60844,1.60829,1.60844,92100000,1
1289457960000,1289458019000,1.60844,1.6085,1.60827,1.60847,74300000,1
1289458020000,1289458079000,1.60852,1.60855,1.60788,1.60791,66300000,1
1289458080000,1289458139000,1.60784,1.60805,1.60784,1.60797,96400000,1
1289458140000,1289458199000,1.60796,1.6084,1.60777,1.60829,102600000,1
1289458200000,1289458259000,1.60829,1.60842,1.60805,1.60817,122800000,1
1289458260000,1289458319000,1.60817,1.6083,1.60806,1.60814,113900000,1
1289458320000,1289458379000,1.60821,1.60831,1.60806,1.60827,130600000,1
1289458380000,1289458439000,1.60819,1.6086,1.60801,1.60856,120300000,1
1289458440000,1289458499000,1.60856,1.60867,1.60791,1.60808,121800000,1
1289458500000,1289458559000,1.60811,1.60817,1.60798,1.60801,99400000,1
1289458560000,1289458619000,1.60801,1.60818,1.60779,1.60818,125800000,1
1289458620000,1289458679000,1.60817,1.60828,1.60807,1.60828,64700000,1
1289458680000,1289458739000,1.60825,1.60847,1.60812,1.60832,134400000,1
1289458740000,1289458799000,1.60833,1.60834,1.60772,1.6079,121500000,1
1289458800000,1289458859000,1.6079,1.6079,1.60746,1.60755,154100000,1
1289458860000,1289458919000,1.60763,1.60782,1.60761,1.60778,110300000,1
1289458920000,1289458979000,1.60779,1.608,1.60733,1.60751,91300000,1
1289458980000,1289459039000,1.60751,1.60807,1.60744,1.60758,142400000,1
1289459040000,1289459099000,1.60757,1.60757,1.60637,1.60637,169900000,1
1289459100000,1289459159000,1.60644,1.60656,1.60608,1.60624,153900000,1
1289459160000,1289459219000,1.60624,1.6066,1.6055,1.6055,166300000,1
1289459220000,1289459279000,1.60548,1.60582,1.60542,1.60576,138000000,1
1289459280000,1289459339000,1.60579,1.60583,1.60547,1.60557,125000000,1
1289459340000,1289459399000,1.60557,1.60563,1.60497,1.60538,149700000,1
1289459400000,1289459459000,1.60529,1.60553,1.60507,1.60532,140500000,1
1289459460000,1289459519000,1.60532,1.6056,1.60527,1.6056,92800000,1
1289459520000,1289459579000,1.6056,1.60579,1.60547,1.60575,146000000,1
1289459580000,1289459639000,1.60567,1.60567,1.60518,1.60561,126500000,1
1289459640000,1289459699000,1.60546,1.60565,1.60529,1.60538,130600000,1
1289459700000,1289459759000,1.60534,1.60632,1.60524,1.60595,110800000,1
1289459760000,1289459819000,1.60602,1.60624,1.60575,1.60594,107600000,1
1289459820000,1289459879000,1.60594,1.60608,1.60586,1.60601,106500000,1
1289459880000,1289459939000,1.60601,1.60601,1.60521,1.60526,112700000,1
1289459940000,1289459999000,1.60526,1.60544,1.60522,1.60529,115500000,1
1289460000000,1289460059000,1.6053,1.6053,1.6045,1.60484,140500000,1
1289460060000,1289460119000,1.60474,1.60518,1.60471,1.60509,111400000,1
1289460120000,1289460179000,1.60509,1.60509,1.60479,1.6048,103800000,1
1289460180000,1289460239000,1.60494,1.60501,1.60434,1.60444,149600000,1
1289460240000,1289460299000,1.60453,1.60458,1.60407,1.6041,123800000,1
1289460300000,1289460359000,1.6041,1.60428,1.60392,1.6042,99300000,1
1289460360000,1289460419000,1.60425,1.60425,1.60362,1.60418,85100000,1
1289460420000,1289460479000,1.6042,1.60431,1.60337,1.6038,160900000,1
1289460480000,1289460539000,1.6038,1.60413,1.60362,1.60379,153400000,1
1289460540000,1289460599000,1.60379,1.60406,1.60362,1.60394,129400000,1
1289460600000,1289460659000,1.6039,1.60421,1.6039,1.60421,75400000,1
1289460660000,1289460719000,1.60431,1.60516,1.60423,1.60504,132200000,1
1289460720000,1289460779000,1.60504,1.60546,1.60482,1.60493,131600000,1
1289460780000,1289460839000,1.60493,1.60503,1.60471,1.60496,108200000,1
1289460840000,1289460899000,1.60492,1.60506,1.60464,1.60494,101700000,1
1289460900000,1289460959000,1.60493,1.60519,1.60493,1.60514,83100000,1
1289460960000,1289461019000,1.60514,1.6055,1.60512,1.60549,108400000,1
1289461020000,1289461079000,1.60549,1.60616,1.60549,1.60579,96300000,1
1289461080000,1289461139000,1.60579,1.60601,1.60512,1.60526,92200000,1
1289461140000,1289461199000,1.60526,1.60562,1.60514,1.60514,112400000,1
1289461200000,1289461259000,1.60514,1.60528,1.60499,1.60511,94000000,1
1289461260000,1289461319000,1.60494,1.60544,1.60485,1.60544,131900000,1
1289461320000,1289461379000,1.60536,1.60536,1.6048,1.60486,147700000,1
1289461380000,1289461439000,1.60489,1.605,1.60476,1.60499,101200000,1
1289461440000,1289461499000,1.60499,1.6061,1.60492,1.60591,89500000,1
1289461500000,1289461559000,1.60603,1.60693,1.606,1.60643,137800000,1
1289461560000,1289461619000,1.60657,1.60674,1.60632,1.60635,117300000,1
1289461620000,1289461679000,1.60634,1.60679,1.60633,1.60679,157500000,1
1289461680000,1289461739000,1.60678,1.60683,1.60608,1.60632,142900000,1
1289461740000,1289461799000,1.60624,1.60727,1.60624,1.6071,126600000,1
1289461800000,1289461859000,1.60702,1.60723,1.6067,1.60688,150900000,1
1289461860000,1289461919000,1.60677,1.60767,1.60677,1.60765,121800000,1
1289461920000,1289461979000,1.60767,1.60801,1.60719,1.60729,153300000,1
1289461980000,1289462039000,1.6074,1.6074,1.60674,1.60674,127800000,1
1289462040000,1289462099000,1.60673,1.60673,1.60628,1.60637,84100000,1
1289462100000,1289462159000,1.60636,1.60671,1.60625,1.60671,75700000,1
1289462160000,1289462219000,1.60671,1.60755,1.60668,1.60734,109700000,1
1289462220000,1289462279000,1.60748,1.60867,1.60748,1.60863,88100000,1
1289462280000,1289462339000,1.60864,1.60952,1.60848,1.6091,112900000,1
1289462340000,1289462399000,1.60917,1.60926,1.60859,1.609,94000000,1
1289462400000,1289462459000,1.60893,1.60913,1.60807,1.60828,161300000,1
1289462460000,1289462519000,1.60822,1.60839,1.60769,1.60812,157200000,1
1289462520000,1289462579000,1.60818,1.60831,1.60767,1.60831,116800000,1
1289462580000,1289462639000,1.60825,1.60845,1.60807,1.60819,114900000,1
1289462640000,1289462699000,1.60819,1.6085,1.60807,1.60839,122300000,1
1289462700000,1289462759000,1.60834,1.60909,1.60819,1.60909,127500000,1
1289462760000,1289462819000,1.60919,1.60964,1.60877,1.60877,116900000,1
1289462820000,1289462879000,1.60873,1.60979,1.60855,1.60979,125900000,1
1289462880000,1289462939000,1.60983,1.61037,1.60983,1.61026,117300000,1
1289462940000,1289462999000,1.61039,1.61052,1.61002,1.61018,129500000,1
1289463000000,1289463059000,1.61015,1.61059,1.6098,1.60992,160400000,1
1289463060000,1289463119000,1.60992,1.60995,1.60946,1.60978,127900000,1
1289463120000,1289463179000,1.60971,1.60992,1.60954,1.60957,90100000,1
1289463180000,1289463239000,1.60958,1.60968,1.6089,1.60897,123700000,1
1289463240000,1289463299000,1.60888,1.60914,1.60872,1.60906,95000000,1
1289463300000,1289463359000,1.60901,1.6092,1.60884,1.60909,84300000,1
1289463360000,1289463419000,1.60909,1.60929,1.60853,1.60899,118200000,1
1289463420000,1289463479000,1.60899,1.60899,1.60859,1.60894,90200000,1
1289463480000,1289463539000,1.60884,1.60924,1.60865,1.60868,104800000,1
1289463540000,1289463599000,1.60872,1.60883,1.6076,1.60802,111400000,1
1289463600000,1289463659000,1.60792,1.60832,1.6078,1.60821,111800000,1
1289463660000,1289463719000,1.60821,1.60914,1.60812,1.60857,121200000,1
1289463720000,1289463779000,1.60852,1.60857,1.6083,1.60837,102500000,1
1289463780000,1289463839000,1.60844,1.60885,1.60844,1.60883,108200000,1
1289463840000,1289463899000,1.60883,1.60883,1.60789,1.60799,103100000,1
1289463900000,1289463959000,1.60802,1.60804,1.60754,1.60757,104500000,1
1289463960000,1289464019000,1.60747,1.60778,1.60746,1.60778,95700000,1
1289464020000,1289464079000,1.60778,1.60883,1.60773,1.60863,119500000,1
1289464080000,1289464139000,1.60861,1.60877,1.60844,1.60875,73700000,1
1289464140000,1289464199000,1.60877,1.60894,1.60822,1.60836,92600000,1
1289464200000,1289464259000,1.60821,1.60821,1.60737,1.60746,76400000,1
1289464260000,1289464319000,1.60746,1.60867,1.60744,1.60862,144700000,1
1289464320000,1289464379000,1.60864,1.60908,1.60861,1.60882,92100000,1
1289464380000,1289464439000,1.60881,1.60902,1.60855,1.60864,108800000,1
1289464440000,1289464499000,1.6086,1.60869,1.60827,1.60846,107700000,1
1289464500000,1289464559000,1.60848,1.60861,1.60804,1.60804,88000000,1
1289464560000,1289464619000,1.60793,1.60814,1.60781,1.60797,104700000,1
1289464620000,1289464679000,1.60798,1.60853,1.60796,1.6084,79100000,1
1289464680000,1289464739000,1.6084,1.60888,1.60816,1.60877,98400000,1
1289464740000,1289464799000,1.60886,1.6093,1.6088,1.60897,115800000,1
1289464800000,1289464859000,1.60907,1.60942,1.60871,1.60918,96000000,1
1289464860000,1289464919000,1.60918,1.60918,1.60892,1.60898,91200000,1
1289464920000,1289464979000,1.60898,1.60938,1.60895,1.60927,83100000,1
1289464980000,1289465039000,1.60927,1.60939,1.60906,1.60923,92800000,1
1289465040000,1289465099000,1.60923,1.61,1.60923,1.60979,99400000,1
1289465100000,1289465159000,1.60979,1.60979,1.60927,1.60927,98100000,1
1289465160000,1289465219000,1.60927,1.60937,1.6089,1.60893,92000000,1
1289465220000,1289465279000,1.60893,1.60898,1.60856,1.6086,82400000,1
1289465280000,1289465339000,1.60856,1.60879,1.60834,1.60835,93900000,1
1289465340000,1289465399000,1.60825,1.60845,1.60816,1.60845,97500000,1
1289465400000,1289465459000,1.60836,1.60956,1.60836,1.60945,153800000,1
1289465460000,1289465519000,1.60943,1.60944,1.60879,1.60888,177400000,1
1289465520000,1289465579000,1.60898,1.61013,1.60898,1.60975,118200000,1
1289465580000,1289465639000,1.60982,1.61025,1.60976,1.60976,84000000,1
1289465640000,1289465699000,1.60968,1.60998,1.60931,1.60973,88100000,1
1289465700000,1289465759000,1.60973,1.61028,1.60972,1.60996,91100000,1
1289465760000,1289465819000,1.61005,1.61058,1.60974,1.61051,107200000,1
1289465820000,1289465879000,1.61048,1.61089,1.61038,1.61048,118500000,1
1289465880000,1289465939000,1.61058,1.61072,1.61039,1.61058,94800000,1
1289465940000,1289465999000,1.61053,1.61072,1.60976,1.60976,110000000,1
1289466000000,1289466059000,1.60984,1.60998,1.60912,1.60912,133400000,1
1289466060000,1289466119000,1.60899,1.60985,1.60899,1.60954,140300000,1
1289466120000,1289466179000,1.60954,1.60967,1.60923,1.60949,123100000,1
1289466180000,1289466239000,1.60958,1.6101,1.60941,1.6099,124200000,1
1289466240000,1289466299000,1.60994,1.61042,1.60991,1.6102,105300000,1
1289466300000,1289466359000,1.61028,1.61062,1.61009,1.61046,143700000,1
1289466360000,1289466419000,1.61049,1.61082,1.61003,1.61012,173600000,1
1289466420000,1289466479000,1.61004,1.61045,1.60972,1.61037,135900000,1
1289466480000,1289466539000,1.61037,1.61099,1.61037,1.61081,168100000,1
1289466540000,1289466599000,1.61081,1.61125,1.61081,1.61088,147400000,1
1289466600000,1289466659000,1.61078,1.61117,1.61076,1.61111,119200000,1
1289466660000,1289466719000,1.61108,1.61128,1.61105,1.61115,77800000,1
1289466720000,1289466779000,1.61123,1.61142,1.61089,1.61117,125800000,1
1289466780000,1289466839000,1.6112,1.6113,1.61106,1.61121,125100000,1
1289466840000,1289466899000,1.61117,1.61117,1.61048,1.61098,126100000,1
1289466900000,1289466959000,1.61102,1.61103,1.61049,1.61075,102900000,1
1289466960000,1289467019000,1.61066,1.6108,1.61025,1.6105,130900000,1
1289467020000,1289467079000,1.61047,1.61081,1.61034,1.61081,118200000,1
1289467080000,1289467139000,1.61064,1.6107,1.60976,1.60976,153800000,1
1289467140000,1289467199000,1.60976,1.61069,1.60976,1.61022,136500000,1
1289467200000,1289467259000,1.61017,1.61038,1.60949,1.60977,129000000,1
1289467260000,1289467319000,1.60978,1.60991,1.60852,1.60872,137200000,1
1289467320000,1289467379000,1.6087,1.60941,1.60844,1.60916,136100000,1
1289467380000,1289467439000,1.60905,1.60918,1.6088,1.60893,117900000,1
1289467440000,1289467499000,1.60901,1.60918,1.60855,1.60866,111800000,1
1289467500000,1289467559000,1.6086,1.60871,1.60774,1.6081,128300000,1
1289467560000,1289467619000,1.60807,1.60833,1.6079,1.6081,85400000,1
1289467620000,1289467679000,1.60808,1.60822,1.60795,1.60795,83800000,1
1289467680000,1289467739000,1.60788,1.60806,1.6076,1.60774,99700000,1
1289467740000,1289467799000,1.60776,1.60806,1.60742,1.60755,129900000,1
1289467800000,1289467859000,1.60766,1.60807,1.60742,1.60788,95400000,1
1289467860000,1289467919000,1.60794,1.60811,1.60755,1.60776,113400000,1
1289467920000,1289467979000,1.60793,1.60811,1.6075,1.60769,131800000,1
1289467980000,1289468039000,1.60764,1.60768,1.60723,1.60738,77900000,1
1289468040000,1289468099000,1.60738,1.60758,1.60681,1.60686,138600000,1
1289468100000,1289468159000,1.60691,1.60731,1.60639,1.60718,100100000,1
1289468160000,1289468219000,1.60716,1.60767,1.60713,1.60756,102300000,1
1289468220000,1289468279000,1.60765,1.60793,1.60735,1.60786,117000000,1
1289468280000,1289468339000,1.60777,1.60781,1.60753,1.60774,95200000,1
1289468340000,1289468399000,1.60774,1.60786,1.60725,1.60725,133500000,1
1289468400000,1289468459000,1.60725,1.60747,1.60717,1.60717,68700000,1
1289468460000,1289468519000,1.60717,1.60723,1.60693,1.607,89300000,1
1289468520000,1289468579000,1.60701,1.60752,1.60701,1.60718,119000000,1
1289468580000,1289468639000,1.60741,1.60743,1.60667,1.60687,99400000,1
1289468640000,1289468699000,1.60686,1.60694,1.60643,1.60644,116100000,1
1289468700000,1289468759000,1.60632,1.60678,1.60626,1.60671,84100000,1
1289468760000,1289468819000,1.60675,1.60675,1.60637,1.60637,91000000,1
1289468820000,1289468879000,1.60637,1.60684,1.60636,1.6067,101600000,1
1289468880000,1289468939000,1.6067,1.6074,1.60669,1.60725,101700000,1
1289468940000,1289468999000,1.60724,1.60735,1.60686,1.6069,134600000,1
1289469000000,1289469059000,1.60679,1.60706,1.60671,1.60706,91300000,1
1289469060000,1289469119000,1.6072,1.6074,1.6069,1.60718,117600000,1
1289469120000,1289469179000,1.60724,1.6074,1.60699,1.60737,101100000,1
1289469180000,1289469239000,1.60737,1.60739,1.6067,1.60678,115500000,1
1289469240000,1289469299000,1.60684,1.60715,1.60664,1.60664,146200000,1
1289469300000,1289469359000,1.60664,1.60681,1.6065,1.60681,95200000,1
1289469360000,1289469419000,1.60686,1.60731,1.60663,1.6071,110000000,1
1289469420000,1289469479000,1.60714,1.60721,1.60689,1.60699,119400000,1
1289469480000,1289469539000,1.60695,1.6072,1.60645,1.60717,117200000,1
1289469540000,1289469599000,1.60718,1.60745,1.60717,1.60728,93700000,1
1289469600000,1289469659000,1.60726,1.60748,1.60723,1.60738,93300000,1
1289469660000,1289469719000,1.60728,1.6075,1.60715,1.60719,86700000,1
1289469720000,1289469779000,1.60729,1.60753,1.60708,1.60741,153800000,1
1289469780000,1289469839000,1.60745,1.60762,1.60742,1.60758,97300000,1
1289469840000,1289469899000,1.60758,1.60813,1.60727,1.60727,164700000,1
1289469900000,1289469959000,1.60723,1.60781,1.60722,1.60768,146000000,1
1289469960000,1289470019000,1.60769,1.60789,1.60686,1.60709,115500000,1
1289470020000,1289470079000,1.60707,1.60722,1.60678,1.60678,88100000,1
1289470080000,1289470139000,1.60684,1.60714,1.60674,1.60702,108100000,1
1289470140000,1289470199000,1.60702,1.60729,1.60672,1.60672,92100000,1
1289470200000,1289470259000,1.60672,1.60692,1.60612,1.6062,107200000,1
1289470260000,1289470319000,1.6062,1.60623,1.60599,1.60604,135800000,1
1289470320000,1289470379000,1.60617,1.60623,1.60567,1.60571,116300000,1
1289470380000,1289470439000,1.60567,1.60605,1.60567,1.60588,143300000,1
1289470440000,1289470499000,1.60596,1.60628,1.60526,1.60556,109600000,1
1289470500000,1289470559000,1.60556,1.60584,1.60556,1.6058,97200000,1
1289470560000,1289470619000,1.6058,1.60645,1.6058,1.60645,81300000,1
1289470620000,1289470679000,1.60656,1.60704,1.60656,1.60704,121300000,1
1289470680000,1289470739000,1.60689,1.6069,1.60617,1.60627,142000000,1
1289470740000,1289470799000,1.60629,1.60652,1.60607,1.60628,108900000,1
1289470800000,1289470859000,1.60628,1.6065,1.60584,1.60584,141000000,1
1289470860000,1289470919000,1.60583,1.60595,1.60559,1.60595,85700000,1
1289470920000,1289470979000,1.60593,1.60606,1.60564,1.60564,127800000,1
1289470980000,1289471039000,1.6057,1.60658,1.60556,1.60658,86400000,1
1289471040000,1289471099000,1.60658,1.60715,1.6062,1.60715,139300000,1
1289471100000,1289471159000,1.60706,1.60726,1.60668,1.60683,134000000,1
1289471160000,1289471219000,1.60682,1.60689,1.60624,1.60683,103100000,1
1289471220000,1289471279000,1.60686,1.60716,1.60684,1.60695,100700000,1
1289471280000,1289471339000,1.6069,1.60715,1.60678,1.60688,84100000,1
1289471340000,1289471399000,1.60686,1.60726,1.60686,1.60704,94900000,1
1289471400000,1289471459000,1.60699,1.60736,1.60698,1.60724,101700000,1
1289471460000,1289471519000,1.60723,1.60793,1.60723,1.60781,131800000,1
1289471520000,1289471579000,1.6079,1.60844,1.60781,1.60819,111800000,1
1289471580000,1289471639000,1.60819,1.60871,1.60807,1.60871,88000000,1
1289471640000,1289471699000,1.60871,1.60898,1.60845,1.6088,141900000,1
1289471700000,1289471759000,1.60885,1.60904,1.60863,1.60874,108100000,1
1289471760000,1289471819000,1.60874,1.60878,1.60843,1.60844,125100000,1
1289471820000,1289471879000,1.60838,1.60866,1.60837,1.60848,112300000,1
1289471880000,1289471939000,1.60855,1.60894,1.60848,1.60894,131900000,1
1289471940000,1289471999000,1.60899,1.60934,1.60896,1.60896,108700000,1
1289472000000,1289472059000,1.60891,1.60891,1.60793,1.60799,104500000,1
1289472060000,1289472119000,1.60797,1.60837,1.60788,1.6082,107700000,1
1289472120000,1289472179000,1.60821,1.60835,1.60749,1.60749,96600000,1
1289472180000,1289472239000,1.60738,1.60771,1.60734,1.60762,98800000,1
1289472240000,1289472299000,1.60762,1.60775,1.6075,1.60756,109100000,1
1289472300000,1289472359000,1.6075,1.60785,1.60746,1.60746,123300000,1
1289472360000,1289472419000,1.60746,1.60753,1.60707,1.60723,116800000,1
1289472420000,1289472479000,1.60726,1.60772,1.60722,1.60768,125500000,1
1289472480000,1289472539000,1.60768,1.6081,1.60762,1.60776,95800000,1
1289472540000,1289472599000,1.60778,1.608,1.6076,1.6076,80800000,1
1289472600000,1289472659000,1.6076,1.60767,1.60665,1.60679,117400000,1
1289472660000,1289472719000,1.60679,1.60705,1.6067,1.60677,114200000,1
1289472720000,1289472779000,1.60675,1.607,1.60655,1.607,99800000,1
1289472780000,1289472839000,1.607,1.60702,1.60675,1.60678,122400000,1
1289472840000,1289472899000,1.60668,1.60724,1.60668,1.60686,100300000,1
1289472900000,1289472959000,1.60686,1.60704,1.60637,1.6064,120800000,1
1289472960000,1289473019000,1.60644,1.60663,1.6063,1.60633,92500000,1
1289473020000,1289473079000,1.60633,1.60639,1.6056,1.60587,135100000,1
1289473080000,1289473139000,1.6058,1.60644,1.60578,1.60644,127600000,1
1289473140000,1289473199000,1.60654,1.60654,1.60621,1.60649,84500000,1
1289473200000,1289473259000,1.60649,1.60664,1.60626,1.60638,88400000,1
1289473260000,1289473319000,1.60634,1.60694,1.60634,1.60678,83200000,1
1289473320000,1289473379000,1.60678,1.60774,1.60672,1.60732,93800000,1
1289473380000,1289473439000,1.60732,1.60758,1.60732,1.60749,68500000,1
1289473440000,1289473499000,1.60749,1.60749,1.60686,1.60692,74800000,1
1289473500000,1289473559000,1.60692,1.6071,1.60674,1.6071,85800000,1
1289473560000,1289473619000,1.60706,1.60781,1.60703,1.60748,74900000,1
1289473620000,1289473679000,1.6074,1.60768,1.60737,1.60743,72700000,1
1289473680000,1289473739000,1.60743,1.60765,1.60739,1.60765,56900000,1
1289473740000,1289473799000,1.60765,1.60767,1.60756,1.60759,64000000,1
1289473800000,1289473859000,1.6076,1.60766,1.6075,1.60766,92100000,1
1289473860000,1289473919000,1.60766,1.60815,1.60732,1.60732,92300000,1
1289473920000,1289473979000,1.60736,1.60788,1.6072,1.60778,90300000,1
1289473980000,1289474039000,1.60779,1.60825,1.60776,1.60824,77500000,1
1289474040000,1289474099000,1.60824,1.60837,1.60803,1.60829,81500000,1
1289474100000,1289474159000,1.60829,1.60834,1.60798,1.60828,96400000,1
1289474160000,1289474219000,1.6083,1.6084,1.60819,1.60829,76900000,1
1289474220000,1289474279000,1.60823,1.60864,1.60817,1.60825,117600000,1
1289474280000,1289474339000,1.6082,1.60847,1.60795,1.60819,102600000,1
1289474340000,1289474399000,1.6082,1.60824,1.60781,1.60824,91600000,1
1289474400000,1289474459000,1.60824,1.60849,1.60807,1.60848,82400000,1
1289474460000,1289474519000,1.60847,1.60884,1.60837,1.60845,122000000,1
1289474520000,1289474579000,1.60847,1.60913,1.60846,1.60892,93400000,1
1289474580000,1289474639000,1.60883,1.60951,1.60883,1.60951,111200000,1
1289474640000,1289474699000,1.60953,1.60953,1.60924,1.60924,106100000,1
1289474700000,1289474759000,1.60919,1.60925,1.60894,1.60912,67700000,1
1289474760000,1289474819000,1.60906,1.60918,1.60883,1.60891,78400000,1
1289474820000,1289474879000,1.60898,1.60904,1.60838,1.60838,133500000,1
1289474880000,1289474939000,1.60827,1.60944,1.60827,1.60911,154000000,1
1289474940000,1289474999000,1.60919,1.60931,1.60886,1.60892,113900000,1
1289475000000,1289475059000,1.60892,1.60892,1.60843,1.60852,99800000,1
1289475060000,1289475119000,1.60851,1.60884,1.60799,1.60854,148200000,1
1289475120000,1289475179000,1.60849,1.60944,1.60839,1.60924,139200000,1
1289475180000,1289475239000,1.60919,1.60927,1.60809,1.60812,123400000,1
1289475240000,1289475299000,1.60802,1.60834,1.60788,1.60824,159000000,1
1289475300000,1289475359000,1.60835,1.60856,1.60728,1.60755,133000000,1
1289475360000,1289475419000,1.60759,1.60764,1.60712,1.60712,113500000,1
1289475420000,1289475479000,1.60712,1.60729,1.60701,1.60704,140400000,1
1289475480000,1289475539000,1.60704,1.60731,1.60694,1.607,104700000,1
1289475540000,1289475599000,1.60705,1.60809,1.60697,1.60809,130700000,1
1289475600000,1289475659000,1.60804,1.60805,1.60754,1.60754,116400000,1
1289475660000,1289475719000,1.60747,1.60804,1.60738,1.60799,121700000,1
1289475720000,1289475779000,1.60792,1.6081,1.60771,1.6081,120300000,1
1289475780000,1289475839000,1.60825,1.60837,1.60798,1.60826,142400000,1
1289475840000,1289475899000,1.60831,1.60896,1.60831,1.60865,77700000,1
1289475900000,1289475959000,1.60869,1.60869,1.60803,1.60822,113300000,1
1289475960000,1289476019000,1.60821,1.60849,1.60813,1.60815,102000000,1
1289476020000,1289476079000,1.60813,1.60881,1.60808,1.60876,110000000,1
1289476080000,1289476139000,1.60873,1.60896,1.6085,1.60855,103000000,1
1289476140000,1289476199000,1.60855,1.60908,1.60839,1.60848,99200000,1
1289476200000,1289476259000,1.60848,1.60848,1.60784,1.60803,106800000,1
1289476260000,1289476319000,1.60804,1.60857,1.60776,1.60823,137300000,1
1289476320000,1289476379000,1.60823,1.60879,1.60814,1.60853,111800000,1
1289476380000,1289476439000,1.60853,1.60858,1.60801,1.60801,123800000,1
1289476440000,1289476499000,1.60801,1.60816,1.60734,1.60798,107600000,1
1289476500000,1289476559000,1.60798,1.60871,1.60784,1.60841,84400000,1
1289476560000,1289476619000,1.60838,1.60853,1.60794,1.60807,100300000,1
1289476620000,1289476679000,1.60807,1.60859,1.60769,1.60859,99500000,1
1289476680000,1289476739000,1.60854,1.60898,1.60854,1.60888,89600000,1
1289476740000,1289476799000,1.60888,1.60912,1.60887,1.60895,107700000,1
1289476800000,1289476859000,1.60898,1.60923,1.60888,1.60906,113500000,1
1289476860000,1289476919000,1.60902,1.60946,1.60881,1.60922,98400000,1
1289476920000,1289476979000,1.60928,1.60954,1.60899,1.60918,107200000,1
1289476980000,1289477039000,1.60929,1.60973,1.60924,1.60924,111800000,1
1289477040000,1289477099000,1.60932,1.60946,1.60922,1.60943,91300000,1
1289477100000,1289477159000,1.60943,1.60977,1.60927,1.60951,84400000,1
1289477160000,1289477219000,1.60949,1.61145,1.60949,1.61086,200500000,1
1289477220000,1289477279000,1.61086,1.61096,1.60997,1.61087,159600000,1
1289477280000,1289477339000,1.61075,1.61107,1.61047,1.61068,128200000,1
1289477340000,1289477399000,1.61065,1.61071,1.61043,1.61067,92600000,1
1289477400000,1289477459000,1.61064,1.61064,1.61017,1.61037,128000000,1
1289477460000,1289477519000,1.61032,1.61037,1.60988,1.60995,97000000,1
1289477520000,1289477579000,1.61003,1.61055,1.60976,1.61053,147300000,1
1289477580000,1289477639000,1.61054,1.61093,1.61049,1.61085,92400000,1
1289477640000,1289477699000,1.6109,1.61128,1.6109,1.61101,82300000,1
1289477700000,1289477759000,1.61099,1.61119,1.61036,1.61061,131500000,1
1289477760000,1289477819000,1.61057,1.61099,1.61045,1.61076,95800000,1
1289477820000,1289477879000,1.61059,1.61121,1.61058,1.61065,144700000,1
1289477880000,1289477939000,1.61065,1.61092,1.61038,1.61082,103600000,1
1289477940000,1289477999000,1.61082,1.61106,1.61052,1.61064,91300000,1
1289478000000,1289478059000,1.61062,1.61093,1.61021,1.61078,118900000,1
1289478060000,1289478119000,1.61086,1.61102,1.61047,1.61082,83900000,1
1289478120000,1289478179000,1.61088,1.6113,1.61088,1.61103,66800000,1
1289478180000,1289478239000,1.61107,1.61131,1.61105,1.61126,82200000,1
1289478240000,1289478299000,1.61126,1.61142,1.61096,1.6112,128700000,1
1289478300000,1289478359000,1.6111,1.61112,1.6102,1.6102,71300000,1
1289478360000,1289478419000,1.6102,1.61038,1.60945,1.61012,146000000,1
1289478420000,1289478479000,1.61011,1.61038,1.60973,1.60978,88900000,1
1289478480000,1289478539000,1.6098,1.61011,1.60952,1.60952,96600000,1
1289478540000,1289478599000,1.60944,1.60987,1.60944,1.60962,112500000,1
1289478600000,1289478659000,1.60963,1.60982,1.60941,1.60977,91600000,1
1289478660000,1289478719000,1.60977,1.61017,1.60977,1.61006,110200000,1
1289478720000,1289478779000,1.61012,1.61012,1.60978,1.60982,109000000,1
1289478780000,1289478839000,1.60982,1.60982,1.60949,1.60961,108200000,1
1289478840000,1289478899000,1.6095,1.60975,1.60939,1.60967,99400000,1
1289478900000,1289478959000,1.60959,1.60971,1.60948,1.60953,81600000,1
1289478960000,1289479019000,1.60958,1.60969,1.60925,1.60947,72900000,1
1289479020000,1289479079000,1.60946,1.60951,1.60928,1.60931,76000000,1
1289479080000,1289479139000,1.60936,1.60987,1.60936,1.60975,75100000,1
1289479140000,1289479199000,1.60972,1.60982,1.60925,1.60925,53400000,1
1289479200000,1289479259000,1.60925,1.6096,1.60907,1.60958,80500000,1
1289479260000,1289479319000,1.60958,1.6096,1.6092,1.60927,95500000,1
1289479320000,1289479379000,1.60927,1.60953,1.60916,1.60947,84300000,1
1289479380000,1289479439000,1.60947,1.60948,1.60926,1.60934,78400000,1
1289479440000,1289479499000,1.60934,1.60962,1.60922,1.60939,98000000,1
1289479500000,1289479559000,1.60941,1.60982,1.60934,1.60939,86400000,1
1289479560000,1289479619000,1.60939,1.60971,1.60924,1.60957,74900000,1
1289479620000,1289479679000,1.60955,1.60969,1.60953,1.60957,65800000,1
1289479680000,1289479739000,1.60958,1.60977,1.60958,1.60966,63700000,1
1289479740000,1289479799000,1.60961,1.60996,1.60951,1.60958,146900000,1
1289479800000,1289479859000,1.60958,1.60967,1.60939,1.60947,127200000,1
1289479860000,1289479919000,1.60947,1.60967,1.60922,1.60966,79500000,1
1289479920000,1289479979000,1.60963,1.61054,1.60962,1.61054,108000000,1
1289479980000,1289480039000,1.61049,1.61086,1.61035,1.61073,104800000,1
1289480040000,1289480099000,1.61067,1.61087,1.61043,1.61043,79300000,1
1289480100000,1289480159000,1.61043,1.61102,1.61036,1.61039,108400000,1
1289480160000,1289480219000,1.61039,1.61053,1.61007,1.61015,95100000,1
1289480220000,1289480279000,1.61023,1.61035,1.6099,1.61022,120000000,1
1289480280000,1289480339000,1.61022,1.61121,1.61007,1.61091,125900000,1
1289480340000,1289480399000,1.6108,1.61153,1.6107,1.61153,105600000,1
1289480400000,1289480459000,1.61142,1.61142,1.61092,1.61104,111000000,1
1289480460000,1289480519000,1.61099,1.61117,1.61078,1.611,95400000,1
1289480520000,1289480579000,1.61099,1.61109,1.61089,1.61094,61600000,1
1289480580000,1289480639000,1.61101,1.61122,1.61093,1.61106,78500000,1
1289480640000,1289480699000,1.6111,1.61119,1.61086,1.61104,83200000,1
1289480700000,1289480759000,1.61104,1.61104,1.61056,1.61072,69100000,1
1289480760000,1289480819000,1.61074,1.61092,1.61067,1.61077,59100000,1
1289480820000,1289480879000,1.61077,1.61125,1.61075,1.61109,73400000,1
1289480880000,1289480939000,1.61111,1.61124,1.6109,1.61098,72500000,1
1289480940000,1289480999000,1.61095,1.61136,1.61086,1.61132,77300000,1
1289481000000,1289481059000,1.61134,1.61149,1.6112,1.61149,75700000,1
1289481060000,1289481119000,1.61138,1.61158,1.6107,1.6107,107300000,1
1289481120000,1289481179000,1.61059,1.61075,1.61037,1.61065,99800000,1
1289481180000,1289481239000,1.61065,1.61106,1.61052,1.61085,102500000,1
1289481240000,1289481299000,1.61095,1.61134,1.61088,1.61098,91700000,1
1289481300000,1289481359000,1.61099,1.6115,1.61099,1.61148,115700000,1
1289481360000,1289481419000,1.61148,1.61161,1.61136,1.61146,86700000,1
1289481420000,1289481479000,1.61146,1.61163,1.61132,1.6114,66500000,1
1289481480000,1289481539000,1.6114,1.61163,1.61107,1.61117,89700000,1
1289481540000,1289481599000,1.61121,1.61136,1.61094,1.61121,83700000,1
1289481600000,1289481659000,1.61105,1.61105,1.6104,1.61047,80800000,1
1289481660000,1289481719000,1.61047,1.61055,1.61031,1.61039,55700000,1
1289481720000,1289481779000,1.61044,1.6105,1.61008,1.6105,85000000,1
1289481780000,1289481839000,1.61048,1.6107,1.61011,1.6107,78600000,1
1289481840000,1289481899000,1.61058,1.61113,1.61049,1.6111,80100000,1
1289481900000,1289481959000,1.61112,1.61136,1.61102,1.61108,70100000,1
1289481960000,1289482019000,1.61103,1.61109,1.61082,1.61082,62000000,1
1289482020000,1289482079000,1.61087,1.61094,1.61072,1.61081,78100000,1
1289482080000,1289482139000,1.61083,1.61126,1.61076,1.61126,81800000,1
1289482140000,1289482199000,1.61126,1.61174,1.61125,1.61162,82000000,1
1289482200000,1289482259000,1.61174,1.61174,1.61102,1.6111,98100000,1
1289482260000,1289482319000,1.61098,1.6111,1.61061,1.61063,128100000,1
1289482320000,1289482379000,1.6107,1.6108,1.61059,1.61061,79900000,1
1289482380000,1289482439000,1.6106,1.61109,1.61054,1.61103,76400000,1
1289482440000,1289482499000,1.6111,1.61149,1.61095,1.6111,120300000,1
1289482500000,1289482559000,1.6113,1.61133,1.61059,1.61059,118500000,1
1289482560000,1289482619000,1.61057,1.61107,1.61048,1.61078,67100000,1
1289482620000,1289482679000,1.61073,1.6109,1.61055,1.61076,76400000,1
1289482680000,1289482739000,1.61076,1.61104,1.61076,1.61101,62200000,1
1289482740000,1289482799000,1.61102,1.61206,1.61102,1.61181,116600000,1
1289482800000,1289482859000,1.61178,1.61256,1.61178,1.61256,92800000,1
1289482860000,1289482919000,1.61251,1.61263,1.61228,1.61257,92500000,1
1289482920000,1289482979000,1.61255,1.61266,1.6124,1.61243,120400000,1
1289482980000,1289483039000,1.61247,1.61255,1.61195,1.61207,107800000,1
1289483040000,1289483099000,1.61212,1.61276,1.61211,1.61276,94400000,1
1289483100000,1289483159000,1.61279,1.613,1.61255,1.61288,89500000,1
1289483160000,1289483219000,1.61284,1.61318,1.61273,1.61311,71100000,1
1289483220000,1289483279000,1.61314,1.61328,1.61277,1.61328,133900000,1
1289483280000,1289483339000,1.61328,1.61337,1.61276,1.61279,93400000,1
1289483340000,1289483399000,1.61279,1.61341,1.61279,1.61312,98200000,1
1289483400000,1289483459000,1.61312,1.6132,1.61267,1.61282,98800000,1
1289483460000,1289483519000,1.61282,1.613,1.61257,1.61274,108300000,1
1289483520000,1289483579000,1.61271,1.6131,1.61259,1.61259,91500000,1
1289483580000,1289483639000,1.61267,1.61339,1.61258,1.61313,140800000,1
1289483640000,1289483699000,1.61313,1.61324,1.61293,1.6132,100600000,1
1289483700000,1289483759000,1.6132,1.61334,1.61312,1.61327,74700000,1
1289483760000,1289483819000,1.61327,1.61346,1.61295,1.61312,57300000,1
1289483820000,1289483879000,1.61313,1.61313,1.61285,1.6131,62600000,1
1289483880000,1289483939000,1.6131,1.61342,1.61256,1.61267,94100000,1
1289483940000,1289483999000,1.61268,1.61282,1.61233,1.61241,81300000,1
1289484000000,1289484059000,1.61239,1.61239,1.61207,1.61207,79100000,1
1289484060000,1289484119000,1.61214,1.61227,1.61203,1.61225,68400000,1
1289484120000,1289484179000,1.61236,1.61349,1.61206,1.61311,102700000,1
1289484180000,1289484239000,1.61312,1.6133,1.61235,1.61251,118800000,1
1289484240000,1289484299000,1.61254,1.61268,1.61225,1.61257,96900000,1
1289484300000,1289484359000,1.61258,1.61315,1.61258,1.61304,104400000,1
1289484360000,1289484419000,1.61302,1.61325,1.61278,1.61325,111200000,1
1289484420000,1289484479000,1.61317,1.61317,1.61259,1.61282,86900000,1
1289484480000,1289484539000,1.61284,1.613,1.61251,1.61268,99200000,1
1289484540000,1289484599000,1.6127,1.61314,1.61255,1.61314,59900000,1
1289484600000,1289484659000,1.61314,1.61314,1.61273,1.61306,67300000,1
1289484660000,1289484719000,1.61306,1.61306,1.61251,1.61263,100600000,1
1289484720000,1289484779000,1.61263,1.61312,1.61254,1.61306,95400000,1
1289484780000,1289484839000,1.61306,1.61306,1.61228,1.61228,93600000,1
1289484840000,1289484899000,1.61232,1.61286,1.61221,1.61225,106500000,1
1289484900000,1289484959000,1.61225,1.61235,1.61194,1.61229,115400000,1
1289484960000,1289485019000,1.6122,1.61235,1.61219,1.6122,89200000,1
1289485020000,1289485079000,1.6122,1.61251,1.6122,1.61229,67700000,1
1289485080000,1289485139000,1.61229,1.61241,1.61193,1.61241,110200000,1
1289485140000,1289485199000,1.61246,1.61246,1.61219,1.61222,82900000,1
1289485200000,1289485259000,1.61222,1.61256,1.61222,1.6124,114400000,1
1289485260000,1289485319000,1.61239,1.61248,1.6116,1.61164,99100000,1
1289485320000,1289485379000,1.61168,1.61188,1.61131,1.61175,128600000,1
1289485380000,1289485439000,1.61174,1.61185,1.61154,1.61172,107500000,1
1289485440000,1289485499000,1.61176,1.61192,1.61164,1.61192,76500000,1
1289485500000,1289485559000,1.61193,1.61233,1.61189,1.61219,102900000,1
1289485560000,1289485619000,1.61208,1.61231,1.61202,1.6122,116600000,1
1289485620000,1289485679000,1.6122,1.61225,1.61188,1.61197,115500000,1
1289485680000,1289485739000,1.61197,1.61233,1.61194,1.61194,99400000,1
1289485740000,1289485799000,1.61194,1.61225,1.61181,1.61182,106700000,1
1289485800000,1289485859000,1.61182,1.61212,1.61157,1.6117,113600000,1
1289485860000,1289485919000,1.61166,1.61286,1.61144,1.61237,121000000,1
1289485920000,1289485979000,1.61238,1.61251,1.61208,1.6123,105900000,1
1289485980000,1289486039000,1.61232,1.61252,1.61165,1.61202,128300000,1
1289486040000,1289486099000,1.61191,1.61191,1.61091,1.6112,141500000,1
1289486100000,1289486159000,1.61119,1.61179,1.61091,1.61179,117300000,1
1289486160000,1289486219000,1.61179,1.61217,1.61159,1.61217,112600000,1
1289486220000,1289486279000,1.61219,1.61264,1.61203,1.61218,125200000,1
1289486280000,1289486339000,1.61222,1.61333,1.61222,1.61328,121300000,1
1289486340000,1289486399000,1.61314,1.61332,1.61265,1.61267,107100000,1
1289486400000,1289486459000,1.61266,1.61341,1.61266,1.61327,140800000,1
1289486460000,1289486519000,1.6133,1.61438,1.61328,1.61408,144500000,1
1289486520000,1289486579000,1.6141,1.61519,1.61404,1.61479,185400000,1
1289486580000,1289486639000,1.61481,1.61486,1.61397,1.61397,158400000,1
1289486640000,1289486699000,1.61388,1.61421,1.61374,1.61388,116100000,1
1289486700000,1289486759000,1.61393,1.61427,1.61292,1.61292,139600000,1
1289486760000,1289486819000,1.61293,1.61339,1.61287,1.61309,131300000,1
1289486820000,1289486879000,1.61305,1.6137,1.61299,1.61299,118100000,1
1289486880000,1289486939000,1.61301,1.61337,1.61247,1.61295,147100000,1
1289486940000,1289486999000,1.61293,1.6133,1.61258,1.6133,117700000,1
1289487000000,1289487059000,1.61329,1.61389,1.61303,1.6137,127100000,1
1289487060000,1289487119000,1.61371,1.61385,1.61327,1.61357,120100000,1
1289487120000,1289487179000,1.61342,1.61378,1.61324,1.61371,145500000,1
1289487180000,1289487239000,1.61382,1.61621,1.61366,1.61535,215200000,1
1289487240000,1289487299000,1.61535,1.61565,1.61504,1.61528,181200000,1
1289487300000,1289487359000,1.61556,1.61576,1.61471,1.61558,160500000,1
1289487360000,1289487419000,1.61558,1.61558,1.61465,1.61508,136300000,1
1289487420000,1289487479000,1.61516,1.61574,1.61447,1.61464,159100000,1
1289487480000,1289487539000,1.61462,1.61475,1.61435,1.61464,120400000,1
1289487540000,1289487599000,1.61459,1.61495,1.61456,1.61467,130300000,1
1289487600000,1289487659000,1.61463,1.61511,1.61453,1.6151,125400000,1
1289487660000,1289487719000,1.61511,1.61517,1.61437,1.6149,180600000,1
1289487720000,1289487779000,1.61482,1.61567,1.61479,1.61554,134000000,1
1289487780000,1289487839000,1.61541,1.61541,1.61446,1.6147,136400000,1
1289487840000,1289487899000,1.61472,1.61529,1.61462,1.61526,141100000,1
1289487900000,1289487959000,1.61523,1.61594,1.61509,1.61594,100500000,1
1289487960000,1289488019000,1.61601,1.61658,1.61558,1.61618,173600000,1
1289488020000,1289488079000,1.61622,1.61679,1.61619,1.61667,107800000,1
1289488080000,1289488139000,1.61648,1.61648,1.61573,1.61573,140000000,1
1289488140000,1289488199000,1.61569,1.61619,1.61535,1.61603,122300000,1
1289488200000,1289488259000,1.61592,1.61592,1.61542,1.61574,109000000,1
1289488260000,1289488319000,1.61568,1.61569,1.61515,1.61529,124300000,1
1289488320000,1289488379000,1.61528,1.6157,1.61525,1.61545,149700000,1
1289488380000,1289488439000,1.61545,1.61545,1.61488,1.61512,112400000,1
1289488440000,1289488499000,1.61493,1.61541,1.61493,1.61532,155500000,1
1289488500000,1289488559000,1.61525,1.61525,1.61477,1.61503,133200000,1
1289488560000,1289488619000,1.61493,1.6151,1.61482,1.61509,117900000,1
1289488620000,1289488679000,1.61511,1.61521,1.61468,1.61474,94800000,1
1289488680000,1289488739000,1.61473,1.61492,1.6144,1.61485,116100000,1
1289488740000,1289488799000,1.61485,1.61515,1.61421,1.61438,147600000,1
1289488800000,1289488859000,1.61437,1.61447,1.61409,1.61418,99600000,1
1289488860000,1289488919000,1.61419,1.61452,1.61418,1.61429,103600000,1
1289488920000,1289488979000,1.61445,1.6147,1.61442,1.61455,105100000,1
1289488980000,1289489039000,1.61455,1.61493,1.61435,1.61455,100400000,1
1289489040000,1289489099000,1.61455,1.61483,1.61435,1.61444,91000000,1
1289489100000,1289489159000,1.61444,1.61477,1.61436,1.61475,101900000,1
1289489160000,1289489219000,1.61479,1.61503,1.61459,1.61474,95800000,1
1289489220000,1289489279000,1.61475,1.61536,1.61447,1.61495,91900000,1
1289489280000,1289489339000,1.61492,1.61508,1.61464,1.61479,102200000,1
1289489340000,1289489399000,1.61478,1.61504,1.61423,1.61456,124700000,1
1289489400000,1289489459000,1.61449,1.61497,1.6143,1.61469,101500000,1
1289489460000,1289489519000,1.61469,1.61574,1.6146,1.61566,103700000,1
1289489520000,1289489579000,1.61569,1.61635,1.61536,1.61621,119100000,1
1289489580000,1289489639000,1.61621,1.6166,1.61604,1.61616,95500000,1
1289489640000,1289489699000,1.61618,1.61685,1.61594,1.61681,130800000,1
1289489700000,1289489759000,1.6168,1.61719,1.61676,1.61705,101300000,1
1289489760000,1289489819000,1.61713,1.61731,1.61678,1.61711,112200000,1
1289489820000,1289489879000,1.61716,1.61795,1.61714,1.61795,103700000,1
1289489880000,1289489939000,1.61782,1.61831,1.61766,1.61806,154500000,1
1289489940000,1289489999000,1.61791,1.61857,1.61791,1.61823,141500000,1
1289490000000,1289490059000,1.61824,1.61866,1.61809,1.61828,124600000,1
1289490060000,1289490119000,1.6184,1.61854,1.61784,1.61791,94000000,1
1289490120000,1289490179000,1.61784,1.61795,1.61765,1.61778,101500000,1
1289490180000,1289490239000,1.61777,1.61825,1.61777,1.61825,80000000,1
1289490240000,1289490299000,1.61819,1.61874,1.61786,1.61808,175300000,1
1289490300000,1289490359000,1.61805,1.61817,1.61762,1.61784,150900000,1
1289490360000,1289490419000,1.61782,1.61801,1.61753,1.61801,138000000,1
1289490420000,1289490479000,1.61801,1.6183,1.61744,1.61819,112700000,1
1289490480000,1289490539000,1.61842,1.61894,1.61837,1.61883,107300000,1
1289490540000,1289490599000,1.61883,1.61899,1.61825,1.61825,123700000,1
1289490600000,1289490659000,1.61831,1.61851,1.61789,1.61798,128800000,1
1289490660000,1289490719000,1.61804,1.61838,1.61779,1.61779,105100000,1
1289490720000,1289490779000,1.61784,1.61793,1.61744,1.6175,66600000,1
1289490780000,1289490839000,1.6175,1.61761,1.61708,1.61718,90000000,1
1289490840000,1289490899000,1.61711,1.61739,1.61703,1.61718,85100000,1
1289490900000,1289490959000,1.61718,1.61735,1.61712,1.61714,80900000,1
1289490960000,1289491019000,1.61714,1.61724,1.61672,1.61724,118100000,1
1289491020000,1289491079000,1.61724,1.61751,1.61698,1.61739,128300000,1
1289491080000,1289491139000,1.6173,1.61756,1.61699,1.61743,124500000,1
1289491140000,1289491199000,1.61745,1.61957,1.61734,1.61957,131000000,1
1289491200000,1289491259000,1.61964,1.61964,1.61852,1.61904,117100000,1
1289491260000,1289491319000,1.61902,1.61934,1.61878,1.61921,129000000,1
1289491320000,1289491379000,1.61921,1.61921,1.61854,1.61863,169100000,1
1289491380000,1289491439000,1.61846,1.61861,1.61798,1.61804,111400000,1
1289491440000,1289491499000,1.61806,1.61831,1.61788,1.61805,98700000,1
1289491500000,1289491559000,1.61806,1.61837,1.61781,1.61812,129800000,1
1289491560000,1289491619000,1.61813,1.61883,1.61812,1.61876,145300000,1
1289491620000,1289491679000,1.61882,1.61954,1.61876,1.61942,130900000,1
1289491680000,1289491739000,1.61941,1.61975,1.61884,1.61965,134100000,1
1289491740000,1289491799000,1.61965,1.6197,1.61878,1.6189,176300000,1
1289491800000,1289491859000,1.61921,1.61978,1.61901,1.61964,144600000,1
1289491860000,1289491919000,1.61965,1.62024,1.61956,1.62,129800000,1
1289491920000,1289491979000,1.61993,1.62025,1.61983,1.62023,112200000,1
1289491980000,1289492039000,1.62019,1.62031,1.61999,1.62011,79500000,1
1289492040000,1289492099000,1.62001,1.62005,1.61959,1.62002,118100000,1
1289492100000,1289492159000,1.62005,1.62006,1.61922,1.61926,123800000,1
1289492160000,1289492219000,1.61926,1.6198,1.61916,1.61948,85000000,1
1289492220000,1289492279000,1.61949,1.61962,1.61897,1.61901,106700000,1
1289492280000,1289492339000,1.61901,1.61911,1.61828,1.61843,118300000,1
1289492340000,1289492399000,1.61844,1.61857,1.61787,1.61811,137000000,1
1289492400000,1289492459000,1.61807,1.61889,1.61807,1.61889,92800000,1
1289492460000,1289492519000,1.61879,1.61906,1.61832,1.61835,104800000,1
1289492520000,1289492579000,1.61835,1.61881,1.61835,1.61877,115900000,1
1289492580000,1289492639000,1.61882,1.61899,1.61854,1.61857,89800000,1
1289492640000,1289492699000,1.61869,1.61891,1.61804,1.61888,140800000,1
1289492700000,1289492759000,1.61893,1.61951,1.61767,1.61819,183400000,1
1289492760000,1289492819000,1.61818,1.61858,1.61815,1.61826,157400000,1
1289492820000,1289492879000,1.61826,1.61862,1.61813,1.61837,142200000,1
1289492880000,1289492939000,1.61824,1.61848,1.6179,1.61808,143700000,1
1289492940000,1289492999000,1.61801,1.61859,1.61779,1.61806,151500000,1
1289493000000,1289493059000,1.61806,1.6183,1.61757,1.61757,107100000,1
1289493060000,1289493119000,1.61752,1.61768,1.6171,1.61746,165100000,1
1289493120000,1289493179000,1.61761,1.6178,1.61727,1.61754,126500000,1
1289493180000,1289493239000,1.61754,1.61809,1.61754,1.61803,161300000,1
1289493240000,1289493299000,1.61792,1.61803,1.61767,1.61791,136200000,1
1289493300000,1289493359000,1.61791,1.61811,1.61772,1.61787,155700000,1
1289493360000,1289493419000,1.61788,1.6181,1.61775,1.61793,125600000,1
1289493420000,1289493479000,1.61793,1.61799,1.6171,1.61743,110300000,1
1289493480000,1289493539000,1.6175,1.6179,1.61745,1.61745,140800000,1
1289493540000,1289493599000,1.61745,1.61783,1.61729,1.61778,151100000,1
1289493600000,1289493659000,1.61778,1.61827,1.61775,1.61808,125200000,1
1289493660000,1289493719000,1.61812,1.61828,1.61746,1.61748,124900000,1
1289493720000,1289493779000,1.6176,1.61868,1.6176,1.61844,137100000,1
1289493780000,1289493839000,1.61845,1.61919,1.61841,1.619,148100000,1
1289493840000,1289493899000,1.61906,1.6194,1.61906,1.61928,137400000,1
1289493900000,1289493959000,1.61923,1.6196,1.61916,1.61946,109800000,1
1289493960000,1289494019000,1.61956,1.61961,1.61924,1.61926,109000000,1
1289494020000,1289494079000,1.61926,1.61941,1.61904,1.61904,83600000,1
1289494080000,1289494139000,1.61904,1.61919,1.6187,1.61876,112600000,1
1289494140000,1289494199000,1.61876,1.61883,1.61846,1.61869,138900000,1
1289494200000,1289494259000,1.6187,1.61873,1.6182,1.61847,78800000,1
1289494260000,1289494319000,1.61851,1.61872,1.6183,1.61844,94700000,1
1289494320000,1289494379000,1.61838,1.61849,1.61806,1.61806,84900000,1
1289494380000,1289494439000,1.61809,1.61844,1.61784,1.61786,93600000,1
1289494440000,1289494499000,1.61786,1.61799,1.61767,1.61781,121000000,1
1289494500000,1289494559000,1.61768,1.61825,1.61767,1.6179,107100000,1
1289494560000,1289494619000,1.61782,1.61828,1.61782,1.61826,129300000,1
1289494620000,1289494679000,1.61829,1.61845,1.61788,1.61802,118400000,1
1289494680000,1289494739000,1.61807,1.61817,1.61794,1.61807,163200000,1
1289494740000,1289494799000,1.61815,1.61841,1.61797,1.61831,138000000,1
1289494800000,1289494859000,1.61834,1.61842,1.6181,1.61823,143200000,1
1289494860000,1289494919000,1.61823,1.61833,1.6179,1.61794,105600000,1
1289494920000,1289494979000,1.6179,1.61793,1.61762,1.61763,123700000,1
1289494980000,1289495039000,1.6176,1.61763,1.61738,1.61738,110800000,1
1289495040000,1289495099000,1.61731,1.61775,1.61731,1.61775,132800000,1
1289495100000,1289495159000,1.61762,1.6177,1.61665,1.61688,143300000,1
1289495160000,1289495219000,1.61693,1.61745,1.61679,1.61679,157300000,1
1289495220000,1289495279000,1.61673,1.61699,1.61651,1.61667,106100000,1
1289495280000,1289495339000,1.61667,1.61727,1.61667,1.61727,99000000,1
1289495340000,1289495399000,1.61725,1.61745,1.61719,1.61745,83100000,1
1289495400000,1289495459000,1.6175,1.61772,1.61721,1.61727,105200000,1
1289495460000,1289495519000,1.61727,1.61738,1.61696,1.61696,81000000,1
1289495520000,1289495579000,1.61686,1.61718,1.61659,1.61659,124000000,1
1289495580000,1289495639000,1.61659,1.61667,1.61585,1.61588,128600000,1
1289495640000,1289495699000,1.61585,1.61605,1.61572,1.6159,151900000,1
1289495700000,1289495759000,1.6159,1.6159,1.61524,1.61547,118700000,1
1289495760000,1289495819000,1.61547,1.61579,1.61509,1.61551,114400000,1
1289495820000,1289495879000,1.61543,1.61561,1.6151,1.61524,81000000,1
1289495880000,1289495939000,1.6152,1.61583,1.6152,1.61581,73700000,1
1289495940000,1289495999000,1.61582,1.6162,1.61567,1.61606,86900000,1
1289496000000,1289496059000,1.61606,1.61639,1.61583,1.61638,68900000,1
1289496060000,1289496119000,1.61629,1.61642,1.6159,1.61592,137200000,1
1289496120000,1289496179000,1.61583,1.61619,1.61573,1.61607,92800000,1
1289496180000,1289496239000,1.61596,1.61626,1.61578,1.6161,106600000,1
1289496240000,1289496299000,1.61605,1.6161,1.6158,1.61588,95600000,1
1289496300000,1289496359000,1.61578,1.61593,1.61565,1.6157,91300000,1
1289496360000,1289496419000,1.61571,1.6158,1.61525,1.61567,101600000,1
1289496420000,1289496479000,1.61566,1.6157,1.61537,1.61549,88400000,1
1289496480000,1289496539000,1.61549,1.61581,1.61539,1.61581,73500000,1
1289496540000,1289496599000,1.61587,1.61598,1.61554,1.61559,83900000,1
1289496600000,1289496659000,1.61549,1.61566,1.61476,1.6149,118000000,1
1289496660000,1289496719000,1.61495,1.61495,1.61472,1.61472,104500000,1
1289496720000,1289496779000,1.61478,1.61512,1.61478,1.61512,141000000,1
1289496780000,1289496839000,1.61512,1.6153,1.61497,1.615,166100000,1
1289496840000,1289496899000,1.615,1.61555,1.615,1.61555,91700000,1
1289496900000,1289496959000,1.61555,1.61595,1.61551,1.61594,103100000,1
1289496960000,1289497019000,1.61594,1.61627,1.61571,1.61575,130900000,1
1289497020000,1289497079000,1.6158,1.61612,1.61553,1.61589,112500000,1
1289497080000,1289497139000,1.61589,1.61637,1.61589,1.61637,96400000,1
1289497140000,1289497199000,1.61637,1.61637,1.61594,1.61599,88500000,1
1289497200000,1289497259000,1.61599,1.61609,1.61592,1.61605,54300000,1
1289497260000,1289497319000,1.61605,1.61611,1.61587,1.616,54400000,1
1289497320000,1289497379000,1.616,1.61608,1.61575,1.61597,68600000,1
1289497380000,1289497439000,1.61597,1.61618,1.61575,1.61577,96800000,1
1289497440000,1289497499000,1.61576,1.61602,1.61563,1.61602,104700000,1
1289497500000,1289497559000,1.61592,1.61592,1.61564,1.61577,108900000,1
1289497560000,1289497619000,1.61577,1.6159,1.61562,1.6159,88200000,1
1289497620000,1289497679000,1.6159,1.61617,1.61578,1.6158,104000000,1
1289497680000,1289497739000,1.61579,1.61645,1.6157,1.6163,128300000,1
1289497740000,1289497799000,1.61626,1.61626,1.61583,1.61599,176400000,1
1289497800000,1289497859000,1.61583,1.61583,1.61538,1.61565,118300000,1
1289497860000,1289497919000,1.61565,1.61596,1.61546,1.61559,125200000,1
1289497920000,1289497979000,1.6155,1.6162,1.61548,1.61602,107800000,1
1289497980000,1289498039000,1.61602,1.61629,1.61592,1.61619,89300000,1
1289498040000,1289498099000,1.61619,1.61637,1.61593,1.61604,96800000,1
1289498100000,1289498159000,1.61604,1.61631,1.61599,1.61608,104000000,1
1289498160000,1289498219000,1.61605,1.61605,1.61572,1.61579,72300000,1
1289498220000,1289498279000,1.61579,1.61585,1.61559,1.61567,73000000,1
1289498280000,1289498339000,1.61562,1.61565,1.61516,1.6152,71100000,1
1289498340000,1289498399000,1.61523,1.61604,1.61514,1.61598,119400000,1
1289498400000,1289498459000,1.61599,1.61614,1.61576,1.61597,104300000,1
1289498460000,1289498519000,1.61583,1.61688,1.61578,1.61641,128100000,1
1289498520000,1289498579000,1.61629,1.61661,1.61602,1.61657,121200000,1
1289498580000,1289498639000,1.61659,1.61681,1.61611,1.61643,100400000,1
1289498640000,1289498699000,1.61643,1.61644,1.61536,1.61552,121900000,1
1289498700000,1289498759000,1.61559,1.61566,1.61508,1.61566,142600000,1
1289498760000,1289498819000,1.61567,1.61583,1.61536,1.61551,98100000,1
1289498820000,1289498879000,1.61537,1.61552,1.61516,1.6153,81200000,1
1289498880000,1289498939000,1.6153,1.61545,1.6146,1.61471,107000000,1
1289498940000,1289498999000,1.61471,1.61549,1.6144,1.61547,111000000,1
1289499000000,1289499059000,1.61566,1.61566,1.61486,1.6152,116900000,1
1289499060000,1289499119000,1.6152,1.61567,1.6152,1.61557,106200000,1
1289499120000,1289499179000,1.61557,1.61561,1.61526,1.61526,103600000,1
1289499180000,1289499239000,1.61526,1.61556,1.61526,1.61542,119200000,1
1289499240000,1289499299000,1.6155,1.61558,1.61507,1.61558,135700000,1
1289499300000,1289499359000,1.61541,1.61549,1.615,1.6153,132700000,1
1289499360000,1289499419000,1.61525,1.61528,1.6141,1.61412,116200000,1
1289499420000,1289499479000,1.61412,1.61426,1.6138,1.61396,96900000,1
1289499480000,1289499539000,1.61398,1.6143,1.61379,1.6143,92200000,1
1289499540000,1289499599000,1.61424,1.61439,1.61412,1.61416,97700000,1
1289499600000,1289499659000,1.61432,1.61448,1.61369,1.6138,85800000,1
1289499660000,1289499719000,1.6138,1.61401,1.61375,1.61399,88600000,1
1289499720000,1289499779000,1.61395,1.61437,1.61393,1.61416,65200000,1
1289499780000,1289499839000,1.61417,1.61429,1.61395,1.61411,104900000,1
1289499840000,1289499899000,1.61411,1.61411,1.61389,1.61389,76200000,1
1289499900000,1289499959000,1.61389,1.61408,1.61369,1.61394,97900000,1
1289499960000,1289500019000,1.61394,1.61421,1.61394,1.61412,75700000,1
1289500020000,1289500079000,1.61415,1.61435,1.61402,1.61424,72700000,1
1289500080000,1289500139000,1.6143,1.61455,1.6143,1.61441,54200000,1
1289500140000,1289500199000,1.61441,1.61471,1.61427,1.61471,87400000,1
1289500200000,1289500259000,1.61471,1.61513,1.61449,1.6148,99500000,1
1289500260000,1289500319000,1.61473,1.61503,1.61454,1.61481,109800000,1
1289500320000,1289500379000,1.61481,1.61544,1.61481,1.61525,112800000,1
1289500380000,1289500439000,1.61525,1.6153,1.61509,1.61522,96900000,1
1289500440000,1289500499000,1.6152,1.6152,1.61473,1.61487,89700000,1
1289500500000,1289500559000,1.61487,1.61511,1.61478,1.61511,136700000,1
1289500560000,1289500619000,1.61511,1.61548,1.61507,1.61531,112900000,1
1289500620000,1289500679000,1.61532,1.61532,1.61509,1.61515,100100000,1
1289500680000,1289500739000,1.61515,1.61515,1.61477,1.61478,79700000,1
1289500740000,1289500799000,1.61478,1.61506,1.61469,1.61498,84300000,1
1289500800000,1289500859000,1.61502,1.61512,1.61453,1.61458,101100000,1
1289500860000,1289500919000,1.61455,1.61479,1.61409,1.61422,147000000,1
1289500920000,1289500979000,1.61419,1.61455,1.61419,1.61442,92400000,1
1289500980000,1289501039000,1.61437,1.61463,1.61419,1.61443,74600000,1
1289501040000,1289501099000,1.61454,1.61482,1.61439,1.61472,90300000,1
1289501100000,1289501159000,1.61471,1.61521,1.61462,1.61517,99100000,1
1289501160000,1289501219000,1.61514,1.61514,1.61485,1.61499,99200000,1
1289501220000,1289501279000,1.61499,1.61526,1.61473,1.61473,75600000,1
1289501280000,1289501339000,1.61473,1.61498,1.61453,1.61453,91700000,1
1289501340000,1289501399000,1.61453,1.61495,1.61453,1.61488,124500000,1
1289501400000,1289501459000,1.61497,1.61503,1.61455,1.61469,79700000,1
1289501460000,1289501519000,1.61466,1.61495,1.61456,1.61483,87800000,1
1289501520000,1289501579000,1.61481,1.615,1.61462,1.6149,103100000,1
1289501580000,1289501639000,1.6149,1.61517,1.6148,1.6148,122700000,1
1289501640000,1289501699000,1.6148,1.61522,1.6148,1.61522,125700000,1
1289501700000,1289501759000,1.61522,1.61534,1.61507,1.61527,54700000,1
1289501760000,1289501819000,1.61524,1.61571,1.61483,1.61547,120700000,1
1289501820000,1289501879000,1.61543,1.61567,1.6152,1.61546,102000000,1
1289501880000,1289501939000,1.61549,1.61577,1.61533,1.61569,79500000,1
1289501940000,1289501999000,1.61569,1.61569,1.61519,1.61537,108300000,1
1289502000000,1289502059000,1.61541,1.61548,1.61521,1.61528,114300000,1
1289502060000,1289502119000,1.61528,1.61554,1.61527,1.61547,73500000,1
1289502120000,1289502179000,1.61548,1.61548,1.61515,1.61544,59300000,1
1289502180000,1289502239000,1.61544,1.61544,1.61524,1.61525,80100000,1
1289502240000,1289502299000,1.61525,1.61526,1.61479,1.61479,99000000,1
1289502300000,1289502359000,1.61489,1.61522,1.61479,1.61507,116000000,1
1289502360000,1289502419000,1.61507,1.6151,1.61467,1.61475,100800000,1
1289502420000,1289502479000,1.61475,1.61497,1.61475,1.6148,104200000,1
1289502480000,1289502539000,1.61481,1.61498,1.6147,1.61487,98900000,1
1289502540000,1289502599000,1.61487,1.61493,1.61478,1.61478,56100000,1
1289502600000,1289502659000,1.61482,1.61505,1.61475,1.61475,50100000,1
1289502660000,1289502719000,1.61475,1.61485,1.61456,1.61483,105000000,1
1289502720000,1289502779000,1.61487,1.61489,1.61474,1.61478,65000000,1
1289502780000,1289502839000,1.61478,1.6149,1.61452,1.61464,96900000,1
1289502840000,1289502899000,1.61464,1.61481,1.61443,1.61481,129600000,1
1289502900000,1289502959000,1.61481,1.615,1.61466,1.61487,86000000,1
1289502960000,1289503019000,1.61487,1.61507,1.61487,1.61489,78300000,1
1289503020000,1289503079000,1.61489,1.61489,1.61448,1.61448,108500000,1
1289503080000,1289503139000,1.61448,1.61479,1.61441,1.61472,84000000,1
1289503140000,1289503199000,1.61474,1.61497,1.61467,1.61497,107900000,1
1289503200000,1289503259000,1.61504,1.61506,1.61457,1.61458,137200000,1
1289503260000,1289503319000,1.61473,1.61477,1.61456,1.61473,151900000,1
1289503320000,1289503379000,1.61473,1.61497,1.61462,1.6149,121300000,1
1289503380000,1289503439000,1.6149,1.615,1.61481,1.61487,94900000,1
1289503440000,1289503499000,1.61487,1.61514,1.61478,1.61503,87900000,1
1289503500000,1289503559000,1.61503,1.61507,1.61479,1.61479,65500000,1
1289503560000,1289503619000,1.61479,1.61516,1.61473,1.61516,97200000,1
1289503620000,1289503679000,1.61518,1.61555,1.61513,1.61548,105600000,1
1289503680000,1289503739000,1.61548,1.61562,1.61543,1.61557,50400000,1
1289503740000,1289503799000,1.61554,1.61573,1.61547,1.61558,81600000,1
1289503800000,1289503859000,1.6156,1.6156,1.61512,1.61512,83900000,1
1289503860000,1289503919000,1.61517,1.6155,1.61516,1.61537,111800000,1
1289503920000,1289503979000,1.61537,1.61537,1.61506,1.61506,120100000,1
1289503980000,1289504039000,1.6149,1.61498,1.61465,1.61494,90900000,1
1289504040000,1289504099000,1.61494,1.61518,1.61488,1.61497,100600000,1
1289504100000,1289504159000,1.6149,1.61497,1.61468,1.61472,96900000,1
1289504160000,1289504219000,1.61471,1.61484,1.61451,1.61462,106100000,1
1289504220000,1289504279000,1.61463,1.61498,1.61449,1.61493,83600000,1
1289504280000,1289504339000,1.61493,1.61493,1.61422,1.61433,61500000,1
1289504340000,1289504399000,1.61433,1.61488,1.61425,1.61488,76700000,1
1289504400000,1289504459000,1.61485,1.61485,1.61416,1.61443,115100000,1
1289504460000,1289504519000,1.61438,1.61438,1.61406,1.61412,107100000,1
1289504520000,1289504579000,1.61412,1.61427,1.61402,1.61414,63200000,1
1289504580000,1289504639000,1.61414,1.61417,1.61389,1.61389,49800000,1
1289504640000,1289504699000,1.61389,1.61389,1.61353,1.61366,108800000,1
1289504700000,1289504759000,1.6137,1.61399,1.61362,1.6138,89400000,1
1289504760000,1289504819000,1.6138,1.614,1.6138,1.6139,75600000,1
1289504820000,1289504879000,1.61392,1.61415,1.61375,1.61383,83200000,1
1289504880000,1289504939000,1.61383,1.61434,1.61363,1.61433,89800000,1
1289504940000,1289504999000,1.61433,1.61442,1.61431,1.61431,41800000,1
1289505000000,1289505059000,1.61431,1.61457,1.61415,1.61445,68700000,1
1289505060000,1289505119000,1.6145,1.61474,1.61447,1.61474,56900000,1
1289505120000,1289505179000,1.61488,1.61511,1.6147,1.6147,89300000,1
1289505180000,1289505239000,1.61465,1.61494,1.61461,1.6149,74600000,1
1289505240000,1289505299000,1.6149,1.6149,1.61449,1.61449,79800000,1
1289505300000,1289505359000,1.6145,1.61467,1.61415,1.61417,71900000,1
1289505360000,1289505419000,1.61415,1.61434,1.61405,1.61434,108700000,1
1289505420000,1289505479000,1.61426,1.61439,1.61406,1.61439,79200000,1
1289505480000,1289505539000,1.61442,1.61454,1.61416,1.61438,78800000,1
1289505540000,1289505599000,1.61432,1.61432,1.61396,1.61407,70500000,1
1289505600000,1289505659000,1.61396,1.61414,1.61382,1.61412,87100000,1
1289505660000,1289505719000,1.61406,1.61416,1.61382,1.61401,62900000,1
1289505720000,1289505779000,1.61409,1.61414,1.61398,1.61409,57200000,1
1289505780000,1289505839000,1.61415,1.61457,1.61412,1.61444,51100000,1
1289505840000,1289505899000,1.61444,1.61448,1.61442,1.61448,27600000,1
1289505900000,1289505959000,1.61447,1.61456,1.61433,1.61437,51800000,1
1289505960000,1289506019000,1.61437,1.61438,1.614,1.614,60600000,1
1289506020000,1289506079000,1.614,1.614,1.61378,1.6138,89500000,1
1289506080000,1289506139000,1.61383,1.61391,1.61338,1.61338,81900000,1
1289506140000,1289506199000,1.61335,1.61346,1.61326,1.61327,60000000,1
1289506200000,1289506259000,1.61338,1.61342,1.61311,1.61311,76200000,1
1289506260000,1289506319000,1.61311,1.61343,1.61311,1.61343,82500000,1
1289506320000,1289506379000,1.61343,1.61375,1.61307,1.61312,76300000,1
1289506380000,1289506439000,1.61313,1.61355,1.61313,1.61355,66400000,1
1289506440000,1289506499000,1.61355,1.61383,1.61348,1.6135,77400000,1
1289506500000,1289506559000,1.6135,1.61355,1.61315,1.6132,88200000,1
1289506560000,1289506619000,1.61332,1.61347,1.61326,1.6134,88900000,1
1289506620000,1289506679000,1.6134,1.6136,1.61335,1.61356,96400000,1
1289506680000,1289506739000,1.61362,1.61403,1.61307,1.61322,80700000,1
1289506740000,1289506799000,1.61323,1.61332,1.61308,1.61322,60300000,1
1289506800000,1289506859000,1.61322,1.61322,1.61286,1.61291,54800000,1
1289506860000,1289506919000,1.61291,1.61355,1.61284,1.61355,101400000,1
1289506920000,1289506979000,1.61359,1.61365,1.61333,1.61363,85000000,1
1289506980000,1289507039000,1.61356,1.61381,1.61327,1.61336,74800000,1
1289507040000,1289507099000,1.61336,1.61355,1.61324,1.61345,85200000,1
1289507100000,1289507159000,1.61347,1.61364,1.61329,1.61343,90700000,1
1289507160000,1289507219000,1.6134,1.61355,1.61324,1.61324,72600000,1
1289507220000,1289507279000,1.61324,1.61349,1.61303,1.61303,78000000,1
1289507280000,1289507339000,1.61303,1.61303,1.61279,1.61283,46000000,1
1289507340000,1289507399000,1.61283,1.61315,1.61279,1.61315,55500000,1
1289507400000,1289507459000,1.61311,1.61363,1.61311,1.61354,106200000,1
1289507460000,1289507519000,1.61358,1.61413,1.61358,1.61369,115200000,1
1289507520000,1289507579000,1.61369,1.61396,1.61363,1.6138,96000000,1
1289507580000,1289507639000,1.61381,1.61405,1.6136,1.61379,105300000,1
1289507640000,1289507699000,1.61388,1.61404,1.61363,1.61393,71500000,1
1289507700000,1289507759000,1.6139,1.61421,1.61388,1.61411,59000000,1
1289507760000,1289507819000,1.61416,1.6142,1.61368,1.61373,76500000,1
1289507820000,1289507879000,1.61373,1.61415,1.61362,1.61415,81900000,1
1289507880000,1289507939000,1.61414,1.61422,1.6138,1.6142,112300000,1
1289507940000,1289507999000,1.61429,1.61429,1.61386,1.61395,99000000,1
1289508000000,1289508059000,1.61392,1.61447,1.61391,1.61429,94200000,1
1289508060000,1289508119000,1.61429,1.61462,1.61405,1.6145,86500000,1
1289508120000,1289508179000,1.6145,1.61458,1.61412,1.61432,90800000,1
1289508180000,1289508239000,1.61433,1.61433,1.61415,1.6143,81900000,1
1289508240000,1289508299000,1.61437,1.61447,1.61407,1.61418,100700000,1
1289508300000,1289508359000,1.61415,1.61415,1.6134,1.61347,110600000,1
1289508360000,1289508419000,1.61347,1.61387,1.61327,1.61328,81000000,1
1289508420000,1289508479000,1.61328,1.61334,1.61302,1.61318,86900000,1
1289508480000,1289508539000,1.61318,1.61367,1.61316,1.6136,78900000,1
1289508540000,1289508599000,1.6136,1.61363,1.61344,1.61347,100200000,1
1289508600000,1289508659000,1.61355,1.61367,1.6134,1.61359,83800000,1
1289508660000,1289508719000,1.61354,1.61354,1.61339,1.6134,67100000,1
1289508720000,1289508779000,1.6134,1.61373,1.6134,1.61373,69300000,1
1289508780000,1289508839000,1.61373,1.61373,1.61356,1.61373,62500000,1
1289508840000,1289508899000,1.61378,1.61436,1.61378,1.61428,78100000,1
1289508900000,1289508959000,1.61427,1.61431,1.61408,1.61408,57300000,1
1289508960000,1289509019000,1.61403,1.61412,1.61347,1.61347,99500000,1
1289509020000,1289509079000,1.61347,1.61374,1.61311,1.61311,111400000,1
1289509080000,1289509139000,1.61311,1.61343,1.61311,1.61342,69200000,1
1289509140000,1289509199000,1.61347,1.6136,1.61336,1.61352,110300000,1
1289509200000,1289509259000,1.61343,1.61398,1.61343,1.61398,104600000,1
1289509260000,1289509319000,1.61398,1.61477,1.61378,1.6146,135000000,1
1289509320000,1289509379000,1.6146,1.61474,1.61446,1.61466,90100000,1
1289509380000,1289509439000,1.61467,1.61475,1.61438,1.61438,51600000,1
1289509440000,1289509499000,1.61437,1.61438,1.61409,1.61432,102400000,1
1289509500000,1289509559000,1.61427,1.61436,1.61427,1.61436,115600000,1
1289509560000,1289509619000,1.61436,1.61493,1.61432,1.61493,89000000,1
1289509620000,1289509679000,1.6149,1.6149,1.61483,1.61483,75500000,1
1289509680000,1289509739000,1.61483,1.61497,1.61475,1.61477,73600000,1
1289509740000,1289509799000,1.61477,1.61477,1.61442,1.61463,56800000,1
1289509800000,1289509859000,1.6146,1.61478,1.61445,1.61474,93900000,1
1289509860000,1289509919000,1.61474,1.61474,1.6145,1.61457,63000000,1
1289509920000,1289509979000,1.61452,1.61475,1.61452,1.61475,57200000,1
1289509980000,1289510039000,1.61475,1.61488,1.61459,1.61467,47100000,1
1289510040000,1289510099000,1.61468,1.61481,1.61457,1.61477,44200000,1
1289510100000,1289510159000,1.61477,1.61477,1.61471,1.61472,45900000,1
1289510160000,1289510219000,1.61476,1.61508,1.61473,1.61508,49700000,1
1289510220000,1289510279000,1.61508,1.61538,1.61507,1.61538,59600000,1
1289510280000,1289510339000,1.61538,1.61547,1.61538,1.61542,77500000,1
1289510340000,1289510399000,1.6154,1.61553,1.6154,1.61549,34000000,1
1289510400000,1289510459000,1.6155,1.61566,1.61538,1.6154,51000000,1
1289510460000,1289510519000,1.6154,1.61547,1.61523,1.61537,52200000,1
1289510520000,1289510579000,1.61533,1.61605,1.61532,1.61605,66700000,1
1289510580000,1289510639000,1.61605,1.61605,1.61558,1.61562,60700000,1
1289510640000,1289510699000,1.61565,1.61565,1.61511,1.61522,50900000,1
1289510700000,1289510759000,1.61522,1.61545,1.61507,1.61522,61000000,1
1289510760000,1289510819000,1.61517,1.61527,1.61507,1.61527,91700000,1
1289510820000,1289510879000,1.61527,1.61532,1.61458,1.61458,83700000,1
1289510880000,1289510939000,1.61458,1.61467,1.61454,1.61454,88900000,1
1289510940000,1289510999000,1.61454,1.61464,1.61429,1.61429,79800000,1
1289511000000,1289511059000,1.6143,1.61458,1.61428,1.61452,43300000,1
1289511060000,1289511119000,1.61448,1.6145,1.61433,1.61449,36900000,1
1289511120000,1289511179000,1.61449,1.61469,1.61441,1.61467,58600000,1
1289511180000,1289511239000,1.61465,1.61478,1.61458,1.61477,53400000,1
1289511240000,1289511299000,1.61477,1.61483,1.6147,1.61478,53900000,1
1289511300000,1289511359000,1.61478,1.61491,1.61475,1.61491,70900000,1
1289511360000,1289511419000,1.61491,1.61529,1.61491,1.61496,93700000,1
1289511420000,1289511479000,1.61505,1.61583,1.61501,1.61558,78700000,1
1289511480000,1289511539000,1.61554,1.6159,1.61539,1.61581,98600000,1
1289511540000,1289511599000,1.61581,1.61581,1.61523,1.61523,80200000,1
1289511600000,1289511659000,1.61523,1.61533,1.61518,1.61519,57700000,1
1289511660000,1289511719000,1.61519,1.61553,1.61519,1.61543,46400000,1
1289511720000,1289511779000,1.61543,1.61553,1.61537,1.61545,97900000,1
1289511780000,1289511839000,1.61545,1.61545,1.61481,1.61485,98000000,1
1289511840000,1289511899000,1.61485,1.61497,1.61481,1.61488,110000000,1
1289511900000,1289511959000,1.61488,1.61511,1.61478,1.61478,62500000,1
1289511960000,1289512019000,1.61486,1.61502,1.61473,1.61479,117400000,1
1289512020000,1289512079000,1.61473,1.61487,1.6147,1.61487,67100000,1
1289512080000,1289512139000,1.61479,1.61483,1.61469,1.61483,49300000,1
1289512140000,1289512199000,1.61483,1.61502,1.61397,1.61485,94400000,1
1289512200000,1289512259000,1.61485,1.61507,1.6148,1.615,102900000,1
1289512260000,1289512319000,1.61487,1.61497,1.61473,1.61493,62900000,1
1289512320000,1289512379000,1.61493,1.61502,1.61479,1.61493,94200000,1
1289512380000,1289512439000,1.61493,1.615,1.61493,1.615,83600000,1
1289512440000,1289512499000,1.6151,1.61517,1.61474,1.61488,109900000,1
1289512500000,1289512559000,1.61487,1.61538,1.61479,1.61538,78100000,1
1289512560000,1289512619000,1.61538,1.61538,1.61492,1.61525,96700000,1
1289512620000,1289512679000,1.61525,1.61532,1.61525,1.61525,90100000,1
1289512680000,1289512739000,1.61525,1.61528,1.61525,1.61526,101500000,1
1289512740000,1289512799000,1.61526,1.61547,1.61526,1.61542,95100000,1
1289512800000,1289512859000,1.61532,1.61537,1.61492,1.61537,47700000,1
1289512860000,1289512919000,1.61537,1.61559,1.61532,1.61537,51300000,1
1289512920000,1289512979000,1.61537,1.61561,1.61527,1.61561,58400000,1
1289512980000,1289513039000,1.61561,1.61603,1.61561,1.61591,60200000,1
1289513040000,1289513099000,1.61588,1.61616,1.61568,1.61616,49700000,1
1289513100000,1289513159000,1.61616,1.61616,1.61528,1.61566,67000000,1
1289513160000,1289513219000,1.61566,1.61573,1.61562,1.6157,50400000,1
1289513220000,1289513279000,1.6157,1.61576,1.61563,1.61567,61400000,1
1289513280000,1289513339000,1.61567,1.6157,1.61565,1.61565,54400000,1
1289513340000,1289513399000,1.61565,1.61583,1.61562,1.61575,59600000,1
1289513400000,1289513459000,1.61571,1.61583,1.61545,1.6155,102900000,1
1289513460000,1289513519000,1.6155,1.61573,1.6154,1.61573,103400000,1
1289513520000,1289513579000,1.61569,1.61616,1.61569,1.61587,94700000,1
1289513580000,1289513639000,1.61585,1.61598,1.61569,1.61596,91000000,1
1289513640000,1289513699000,1.61588,1.61612,1.61567,1.61567,69800000,1
1289513700000,1289513759000,1.61568,1.61586,1.61547,1.61577,51800000,1
1289513760000,1289513819000,1.61577,1.61583,1.61576,1.61582,87000000,1
1289513820000,1289513879000,1.61582,1.61582,1.61577,1.61577,112100000,1
1289513880000,1289513939000,1.61577,1.6159,1.61553,1.61573,110600000,1
1289513940000,1289513999000,1.61573,1.61573,1.61554,1.61567,77900000,1
1289514000000,1289514059000,1.61555,1.61568,1.61545,1.61562,64100000,1
1289514060000,1289514119000,1.61545,1.61573,1.61544,1.61554,93700000,1
1289514120000,1289514179000,1.61554,1.61592,1.6155,1.61559,100000000,1
1289514180000,1289514239000,1.61568,1.61608,1.61552,1.61584,119200000,1
1289514240000,1289514299000,1.61584,1.61618,1.61567,1.61568,56000000,1
1289514300000,1289514359000,1.61568,1.61597,1.61549,1.61567,103200000,1
1289514360000,1289514419000,1.61549,1.6159,1.61544,1.61561,63800000,1
1289514420000,1289514479000,1.61561,1.61566,1.61526,1.61526,54200000,1
1289514480000,1289514539000,1.61525,1.6157,1.61525,1.6157,74100000,1
1289514540000,1289514599000,1.61565,1.61568,1.61537,1.61552,58900000,1
1289514600000,1289514659000,1.61552,1.61583,1.61552,1.61552,65200000,1
1289514660000,1289514719000,1.61552,1.61573,1.61552,1.61568,43000000,1
1289514720000,1289514779000,1.61568,1.61568,1.61552,1.61566,44000000,1
1289514780000,1289514839000,1.61566,1.61595,1.61549,1.61595,79800000,1
1289514840000,1289514899000,1.61587,1.61587,1.61557,1.61577,68500000,1
1289514900000,1289514959000,1.61577,1.61615,1.61568,1.61608,75700000,1
1289514960000,1289515019000,1.61606,1.61615,1.6154,1.61565,137700000,1
1289515020000,1289515079000,1.61565,1.61635,1.6155,1.61635,103100000,1
1289515080000,1289515139000,1.61635,1.61635,1.61587,1.61602,65400000,1
1289515140000,1289515199000,1.61598,1.61603,1.61598,1.61603,82100000,1
1289515200000,1289515259000,1.61603,1.61701,1.61602,1.61693,123300000,1
1289515260000,1289515319000,1.61697,1.61708,1.61635,1.61702,64100000,1
1289515320000,1289515379000,1.61698,1.61732,1.61663,1.61672,91400000,1
1289515380000,1289515439000,1.61672,1.61751,1.61672,1.61751,67500000,1
1289515440000,1289515499000,1.61751,1.61754,1.61727,1.61754,61600000,1
1289515500000,1289515559000,1.61754,1.61754,1.61689,1.61689,97100000,1
1289515560000,1289515619000,1.61689,1.61739,1.61685,1.61739,51400000,1
1289515620000,1289515679000,1.61739,1.61752,1.61738,1.61738,34400000,1
1289515680000,1289515739000,1.61738,1.61738,1.61676,1.61676,86600000,1
1289515740000,1289515799000,1.61676,1.61676,1.61654,1.61662,53900000,1
1289515800000,1289515859000,1.61662,1.61662,1.6166,1.6166,57300000,1
1289515860000,1289515919000,1.6166,1.61672,1.6166,1.61662,51300000,1
1289515920000,1289515979000,1.61662,1.61663,1.61653,1.61662,45200000,1
1289515980000,1289516039000,1.61662,1.61681,1.6166,1.61681,46600000,1
1289516040000,1289516099000,1.61681,1.61681,1.6162,1.61631,97200000,1
1289516100000,1289516159000,1.61628,1.61643,1.61608,1.61627,67800000,1
1289516160000,1289516219000,1.61631,1.61662,1.61627,1.61657,65900000,1
1289516220000,1289516279000,1.61657,1.61662,1.61629,1.61633,42200000,1
1289516280000,1289516339000,1.6163,1.61638,1.61613,1.61638,50500000,1
1289516340000,1289516399000,1.61642,1.61642,1.61629,1.61637,62500000,1
1289516400000,1289516459000,1.61629,1.61629,1.61567,1.61567,69400000,1
1289516460000,1289516519000,1.61567,1.61604,1.61567,1.61604,72400000,1
1289516520000,1289516579000,1.61604,1.61604,1.61588,1.6159,63100000,1
1289516580000,1289516639000,1.6159,1.6162,1.61587,1.61616,73900000,1
1289516640000,1289516699000,1.61616,1.61644,1.61596,1.61628,80700000,1
1289516700000,1289516759000,1.61628,1.61697,1.61622,1.61683,55500000,1
1289516760000,1289516819000,1.61678,1.61704,1.61655,1.61683,87200000,1
1289516820000,1289516879000,1.61679,1.6168,1.61637,1.61656,63900000,1
1289516880000,1289516939000,1.61656,1.61668,1.6165,1.61661,42200000,1
1289516940000,1289516999000,1.61661,1.61661,1.61653,1.6166,36700000,1
1289517000000,1289517059000,1.6166,1.6166,1.61647,1.61655,34300000,1
1289517060000,1289517119000,1.61655,1.61655,1.61601,1.61621,51700000,1
1289517120000,1289517179000,1.61621,1.61634,1.61584,1.61584,61100000,1
1289517180000,1289517239000,1.61584,1.61589,1.61534,1.61539,49500000,1
1289517240000,1289517299000,1.61539,1.61557,1.61537,1.61557,49400000,1
1289517300000,1289517359000,1.61557,1.61562,1.61537,1.61553,38000000,1
1289517360000,1289517419000,1.61553,1.61569,1.61553,1.61569,31900000,1
1289517420000,1289517479000,1.61569,1.61569,1.61538,1.61549,36400000,1
1289517480000,1289517539000,1.61549,1.6157,1.61542,1.6157,55300000,1
1289517540000,1289517599000,1.6157,1.61608,1.61544,1.61584,78500000,1
1289517600000,1289517659000,1.61584,1.61602,1.61549,1.6155,60300000,1
1289517660000,1289517719000,1.6155,1.61551,1.6149,1.61549,80100000,1
1289517720000,1289517779000,1.6155,1.6156,1.61533,1.6156,75300000,1
1289517780000,1289517839000,1.6156,1.61625,1.6156,1.6161,94400000,1
1289517840000,1289517899000,1.61634,1.61665,1.61606,1.61663,90000000,1
1289517900000,1289517959000,1.61657,1.61688,1.6161,1.61627,77200000,1
1289517960000,1289518019000,1.6161,1.61622,1.61599,1.61622,72600000,1
1289518020000,1289518079000,1.61618,1.61634,1.61576,1.61597,71100000,1
1289518080000,1289518139000,1.61597,1.6166,1.61588,1.6166,154700000,1
1289518140000,1289518199000,1.6166,1.6167,1.61639,1.61668,74500000,1
1289518200000,1289518259000,1.61673,1.6168,1.61622,1.61665,119200000,1
1289518260000,1289518319000,1.61665,1.61669,1.6163,1.61634,63600000,1
1289518320000,1289518379000,1.61642,1.61674,1.61642,1.61647,54300000,1
1289518380000,1289518439000,1.61647,1.61659,1.61642,1.61642,60600000,1
1289518440000,1289518499000,1.61642,1.61642,1.61582,1.61597,84200000,1
1289518500000,1289518559000,1.61597,1.61607,1.61559,1.61575,117200000,1
1289518560000,1289518619000,1.61573,1.61639,1.61569,1.61627,73100000,1
1289518620000,1289518679000,1.61642,1.6165,1.61598,1.6162,57000000,1
1289518680000,1289518739000,1.61623,1.61635,1.61607,1.61627,75600000,1
1289518740000,1289518799000,1.61627,1.61665,1.61625,1.61646,65300000,1
1289518800000,1289518859000,1.61646,1.61706,1.61627,1.61699,100700000,1
1289518860000,1289518919000,1.61701,1.61707,1.61661,1.61683,102500000,1
1289518920000,1289518979000,1.61681,1.61708,1.61672,1.61705,64900000,1
1289518980000,1289519039000,1.617,1.61722,1.61698,1.6172,84100000,1
1289519040000,1289519099000,1.6172,1.6172,1.61669,1.61687,111200000,1
1289519100000,1289519159000,1.61691,1.61718,1.61686,1.61698,84200000,1
1289519160000,1289519219000,1.61702,1.61742,1.61697,1.61709,68200000,1
1289519220000,1289519279000,1.61709,1.6177,1.61693,1.61747,92300000,1
1289519280000,1289519339000,1.61743,1.61805,1.61715,1.61761,143800000,1
1289519340000,1289519399000,1.61763,1.61797,1.61744,1.61766,107200000,1
1289519400000,1289519459000,1.61754,1.61789,1.61713,1.61741,76700000,1
1289519460000,1289519519000,1.61741,1.61772,1.61713,1.61755,105300000,1
1289519520000,1289519579000,1.61755,1.6177,1.61649,1.61681,158100000,1
1289519580000,1289519639000,1.6166,1.61697,1.6157,1.61603,118900000,1
1289519640000,1289519699000,1.61597,1.61629,1.61548,1.61603,92900000,1
1289519700000,1289519759000,1.61603,1.61611,1.61542,1.61558,112500000,1
1289519760000,1289519819000,1.6155,1.6155,1.61505,1.61527,153900000,1
1289519820000,1289519879000,1.61527,1.61602,1.61523,1.61569,101000000,1
1289519880000,1289519939000,1.61569,1.61611,1.61562,1.61572,103200000,1
1289519940000,1289519999000,1.61574,1.61613,1.61556,1.61574,88100000,1
1289520000000,1289520059000,1.61582,1.61619,1.61565,1.61581,169200000,1
1289520060000,1289520119000,1.61582,1.61695,1.61582,1.61613,149100000,1
1289520120000,1289520179000,1.61613,1.61622,1.61528,1.61539,138700000,1
1289520180000,1289520239000,1.61539,1.61558,1.61527,1.61527,67100000,1
1289520240000,1289520299000,1.61527,1.61557,1.61522,1.61532,75500000,1
1289520300000,1289520359000,1.61532,1.61545,1.61523,1.61545,48200000,1
1289520360000,1289520419000,1.61545,1.61545,1.61513,1.61518,53900000,1
1289520420000,1289520479000,1.61534,1.61564,1.61502,1.61508,97800000,1
1289520480000,1289520539000,1.61507,1.61512,1.61453,1.61456,78800000,1
1289520540000,1289520599000,1.61456,1.61472,1.61422,1.61437,88600000,1
1289520600000,1289520659000,1.61437,1.61442,1.61297,1.614,147700000,1
1289520660000,1289520719000,1.61386,1.61415,1.61363,1.61391,96000000,1
1289520720000,1289520779000,1.6139,1.6139,1.61268,1.6131,116400000,1
1289520780000,1289520839000,1.61318,1.61347,1.61262,1.61338,153900000,1
1289520840000,1289520899000,1.61338,1.61366,1.61301,1.61309,69600000,1
1289520900000,1289520959000,1.61303,1.61372,1.61276,1.61363,98900000,1
1289520960000,1289521019000,1.61354,1.61373,1.61346,1.61365,81800000,1
1289521020000,1289521079000,1.61352,1.61385,1.6132,1.6133,93700000,1
1289521080000,1289521139000,1.61317,1.61354,1.61316,1.61316,67500000,1
1289521140000,1289521199000,1.61313,1.61313,1.61236,1.61257,165600000,1
1289521200000,1289521259000,1.61277,1.61295,1.61233,1.61289,149200000,1
1289521260000,1289521319000,1.613,1.61341,1.61286,1.61311,105100000,1
1289521320000,1289521379000,1.61315,1.61393,1.6131,1.61384,137100000,1
1289521380000,1289521439000,1.61377,1.61385,1.61316,1.6136,111500000,1
1289521440000,1289521499000,1.6136,1.61405,1.6136,1.61398,92400000,1
1289521500000,1289521559000,1.61389,1.61408,1.61373,1.61408,67400000,1
1289521560000,1289521619000,1.614,1.61421,1.6139,1.61421,71200000,1
1289521620000,1289521679000,1.61425,1.6147,1.61408,1.61432,84400000,1
1289521680000,1289521739000,1.61438,1.61449,1.61394,1.61443,56000000,1
1289521740000,1289521799000,1.61459,1.61472,1.61424,1.61452,70600000,1
1289521800000,1289521859000,1.6145,1.6148,1.61429,1.61429,83400000,1
1289521860000,1289521919000,1.61427,1.61427,1.61371,1.6138,65300000,1
1289521920000,1289521979000,1.61388,1.61398,1.61372,1.61398,66000000,1
1289521980000,1289522039000,1.61397,1.61407,1.61391,1.61392,64600000,1
1289522040000,1289522099000,1.61391,1.61448,1.61391,1.61442,56000000,1
1289522100000,1289522159000,1.61447,1.61447,1.61423,1.61424,63000000,1
1289522160000,1289522219000,1.61424,1.61425,1.61406,1.61406,74300000,1
1289522220000,1289522279000,1.61408,1.61436,1.61408,1.61436,68900000,1
1289522280000,1289522339000,1.61436,1.61436,1.61408,1.6141,57400000,1
1289522340000,1289522399000,1.6141,1.61425,1.61398,1.61404,81700000,1
1289522400000,1289522459000,1.61404,1.61425,1.61378,1.61417,85200000,1
1289522460000,1289522519000,1.61417,1.61417,1.61376,1.61414,83600000,1
1289522520000,1289522579000,1.6141,1.6141,1.61314,1.6133,88500000,1
1289522580000,1289522639000,1.61337,1.61395,1.61315,1.61372,100800000,1
1289522640000,1289522699000,1.61372,1.61392,1.61349,1.6137,80300000,1
1289522700000,1289522759000,1.6137,1.61383,1.61312,1.61342,62900000,1
1289522760000,1289522819000,1.61342,1.61357,1.61327,1.61327,54100000,1
1289522820000,1289522879000,1.61327,1.61376,1.61291,1.61376,76700000,1
1289522880000,1289522939000,1.61372,1.61372,1.61294,1.61319,60900000,1
1289522940000,1289522999000,1.61322,1.61333,1.61269,1.61275,77100000,1
1289523000000,1289523059000,1.61275,1.61302,1.61243,1.61302,78500000,1
1289523060000,1289523119000,1.61302,1.61357,1.6124,1.61332,96800000,1
1289523120000,1289523179000,1.61326,1.61363,1.61278,1.6129,106700000,1
1289523180000,1289523239000,1.61289,1.61323,1.61277,1.61313,105600000,1
1289523240000,1289523299000,1.61313,1.61335,1.61306,1.61335,98500000,1
1289523300000,1289523359000,1.61327,1.61374,1.61311,1.6136,107700000,1
1289523360000,1289523419000,1.61359,1.61417,1.61351,1.61388,99800000,1
1289523420000,1289523479000,1.61395,1.61403,1.61383,1.61383,61400000,1
1289523480000,1289523539000,1.6139,1.61393,1.61373,1.61388,62200000,1
1289523540000,1289523599000,1.61394,1.61425,1.61378,1.61407,150600000,1
1289523600000,1289523659000,1.61411,1.6142,1.61374,1.61377,135700000,1
1289523660000,1289523719000,1.61386,1.61434,1.61386,1.61402,93600000,1
1289523720000,1289523779000,1.614,1.61423,1.61384,1.61392,75400000,1
1289523780000,1289523839000,1.61397,1.61424,1.61397,1.61418,77400000,1
1289523840000,1289523899000,1.61419,1.61419,1.61371,1.61379,84100000,1
1289523900000,1289523959000,1.61379,1.61398,1.61371,1.61388,73400000,1
1289523960000,1289524019000,1.61388,1.61415,1.61382,1.61398,71100000,1
1289524020000,1289524079000,1.61402,1.6145,1.6136,1.6137,106600000,1
1289524080000,1289524139000,1.6137,1.61384,1.61346,1.61365,83200000,1
1289524140000,1289524199000,1.61365,1.61378,1.61318,1.61326,66700000,1
1289524200000,1289524259000,1.61317,1.61342,1.61316,1.61327,62000000,1
1289524260000,1289524319000,1.61317,1.61335,1.61287,1.61317,83900000,1
1289524320000,1289524379000,1.61312,1.61328,1.61277,1.61285,97000000,1
1289524380000,1289524439000,1.61273,1.6129,1.61229,1.61242,145200000,1
1289524440000,1289524499000,1.61246,1.61283,1.61246,1.61273,105700000,1
1289524500000,1289524559000,1.61276,1.61332,1.61189,1.61236,111500000,1
1289524560000,1289524619000,1.61238,1.61307,1.61209,1.61307,156200000,1
1289524620000,1289524679000,1.61307,1.61327,1.6129,1.61323,102600000,1
1289524680000,1289524739000,1.61324,1.6136,1.61314,1.61345,75200000,1
1289524740000,1289524799000,1.61345,1.61372,1.61327,1.6135,85700000,1
1289524800000,1289524859000,1.6135,1.61362,1.61329,1.61348,59900000,1
1289524860000,1289524919000,1.61346,1.61354,1.61333,1.61338,63900000,1
1289524920000,1289524979000,1.61338,1.61338,1.61264,1.613,146500000,1
1289524980000,1289525039000,1.61315,1.61318,1.61297,1.61308,73700000,1
1289525040000,1289525099000,1.61308,1.6133,1.61294,1.6133,66100000,1
1289525100000,1289525159000,1.6133,1.61371,1.61308,1.61371,99800000,1
1289525160000,1289525219000,1.61369,1.61413,1.61362,1.614,105400000,1
1289525220000,1289525279000,1.61394,1.61415,1.61363,1.61372,98900000,1
1289525280000,1289525339000,1.61372,1.61448,1.61368,1.61401,96700000,1
1289525340000,1289525399000,1.61395,1.61478,1.61395,1.61477,129700000,1
1289525400000,1289525459000,1.61472,1.61507,1.61434,1.61451,135800000,1
1289525460000,1289525519000,1.61451,1.61457,1.61422,1.61453,90700000,1
1289525520000,1289525579000,1.61453,1.61524,1.61434,1.61514,176000000,1
1289525580000,1289525639000,1.61506,1.61597,1.61503,1.61558,158200000,1
1289525640000,1289525699000,1.61551,1.61606,1.6155,1.61587,113300000,1
1289525700000,1289525759000,1.61581,1.61642,1.61547,1.61631,126900000,1
1289525760000,1289525819000,1.61621,1.61647,1.61592,1.61626,114300000,1
1289525820000,1289525879000,1.61626,1.61626,1.61579,1.61579,107000000,1
1289525880000,1289525939000,1.61587,1.6161,1.61554,1.61554,95500000,1
1289525940000,1289525999000,1.61554,1.61594,1.61529,1.61594,96500000,1
1289526000000,1289526059000,1.61592,1.61648,1.61572,1.61623,97900000,1
1289526060000,1289526119000,1.61621,1.61634,1.61607,1.61633,84400000,1
1289526120000,1289526179000,1.61632,1.61699,1.61609,1.61698,115000000,1
1289526180000,1289526239000,1.61684,1.61717,1.61645,1.61659,122300000,1
1289526240000,1289526299000,1.61643,1.61643,1.61611,1.61613,68200000,1
1289526300000,1289526359000,1.61621,1.61622,1.61588,1.61599,113100000,1
1289526360000,1289526419000,1.61599,1.61613,1.61566,1.61577,78700000,1
1289526420000,1289526479000,1.61567,1.61575,1.61552,1.61573,60300000,1
1289526480000,1289526539000,1.61577,1.61674,1.61573,1.61645,67800000,1
1289526540000,1289526599000,1.6165,1.61666,1.61624,1.61633,82900000,1
1289526600000,1289526659000,1.61636,1.61675,1.61613,1.61631,117000000,1
1289526660000,1289526719000,1.61631,1.61662,1.61622,1.61637,87700000,1
1289526720000,1289526779000,1.61637,1.61668,1.61618,1.61628,123700000,1
1289526780000,1289526839000,1.6163,1.61634,1.61604,1.61628,121700000,1
1289526840000,1289526899000,1.61641,1.61657,1.61602,1.61615,137800000,1
1289526900000,1289526959000,1.61606,1.61632,1.61582,1.61597,88100000,1
1289526960000,1289527019000,1.61595,1.61648,1.61595,1.61636,139300000,1
1289527020000,1289527079000,1.61641,1.61654,1.6162,1.61643,111000000,1
1289527080000,1289527139000,1.61652,1.61701,1.61651,1.61701,84900000,1
1289527140000,1289527199000,1.61698,1.61775,1.61681,1.61775,136600000,1
1289527200000,1289527259000,1.61762,1.61821,1.61744,1.6175,155200000,1
1289527260000,1289527319000,1.6175,1.61804,1.61709,1.61721,153000000,1
1289527320000,1289527379000,1.6173,1.61797,1.6171,1.61742,164700000,1
1289527380000,1289527439000,1.61732,1.61747,1.61654,1.61655,121300000,1
1289527440000,1289527499000,1.61666,1.61672,1.61621,1.61641,163400000,1
1289527500000,1289527559000,1.61647,1.61674,1.61625,1.61631,133000000,1
1289527560000,1289527619000,1.61632,1.61656,1.61609,1.61647,177000000,1
1289527620000,1289527679000,1.61647,1.61664,1.61623,1.61634,128800000,1
1289527680000,1289527739000,1.61626,1.61626,1.61493,1.61522,198400000,1
1289527740000,1289527799000,1.61541,1.61545,1.61489,1.61511,146600000,1
1289527800000,1289527859000,1.61503,1.61503,1.6143,1.6147,188000000,1
1289527860000,1289527919000,1.6147,1.61479,1.61433,1.61447,112400000,1
1289527920000,1289527979000,1.61442,1.61548,1.61442,1.61522,105000000,1
1289527980000,1289528039000,1.61517,1.61594,1.61513,1.61565,108100000,1
1289528040000,1289528099000,1.61558,1.6158,1.61541,1.61578,119800000,1
1289528100000,1289528159000,1.61578,1.61629,1.61548,1.61593,126700000,1
1289528160000,1289528219000,1.61602,1.61612,1.61581,1.61611,73100000,1
1289528220000,1289528279000,1.61611,1.61611,1.61498,1.61524,186800000,1
1289528280000,1289528339000,1.61524,1.61577,1.61524,1.61572,89600000,1
1289528340000,1289528399000,1.61559,1.61589,1.61549,1.61549,91900000,1
1289528400000,1289528459000,1.61552,1.61588,1.61529,1.61572,150000000,1
1289528460000,1289528519000,1.61578,1.61591,1.61536,1.61551,110700000,1
1289528520000,1289528579000,1.61557,1.61563,1.61532,1.6154,75900000,1
1289528580000,1289528639000,1.61543,1.61559,1.61525,1.61543,93300000,1
1289528640000,1289528699000,1.61543,1.61599,1.61523,1.61599,92800000,1
1289528700000,1289528759000,1.61605,1.61608,1.6157,1.6157,90400000,1
1289528760000,1289528819000,1.61575,1.61588,1.61552,1.61572,49400000,1
1289528820000,1289528879000,1.61577,1.61586,1.61553,1.61569,75000000,1
1289528880000,1289528939000,1.61575,1.61588,1.61549,1.61557,82200000,1
1289528940000,1289528999000,1.61557,1.61558,1.61501,1.61516,99100000,1
1289529000000,1289529059000,1.61521,1.61521,1.61465,1.61487,75900000,1
1289529060000,1289529119000,1.61487,1.61494,1.61487,1.61487,92100000,1
1289529120000,1289529179000,1.61487,1.61487,1.61444,1.61464,138000000,1
1289529180000,1289529239000,1.61468,1.61497,1.61442,1.61469,117500000,1
1289529240000,1289529299000,1.61469,1.61515,1.61448,1.61472,198200000,1
1289529300000,1289529359000,1.61471,1.61492,1.61463,1.61483,93600000,1
1289529360000,1289529419000,1.61483,1.61508,1.61469,1.61469,116100000,1
1289529420000,1289529479000,1.61468,1.61492,1.61452,1.61454,55900000,1
1289529480000,1289529539000,1.61454,1.61519,1.61439,1.61464,96400000,1
1289529540000,1289529599000,1.61464,1.61474,1.6142,1.61427,146900000,1
1289529600000,1289529659000,1.61427,1.61459,1.6142,1.61459,134300000,1
1289529660000,1289529719000,1.6146,1.61473,1.6141,1.61473,92000000,1
1289529720000,1289529779000,1.61473,1.61489,1.61449,1.61449,80900000,1
1289529780000,1289529839000,1.61449,1.61518,1.61442,1.61502,94600000,1
1289529840000,1289529899000,1.61502,1.6154,1.61502,1.61528,60100000,1
1289529900000,1289529959000,1.61531,1.61548,1.61525,1.61526,54200000,1
1289529960000,1289530019000,1.61526,1.61537,1.61498,1.61498,70200000,1
1289530020000,1289530079000,1.61489,1.61505,1.61429,1.61429,118500000,1
1289530080000,1289530139000,1.61453,1.61502,1.61453,1.61502,67200000,1
1289530140000,1289530199000,1.61507,1.61527,1.61493,1.6152,89200000,1
1289530200000,1289530259000,1.61523,1.61523,1.61492,1.61492,40800000,1
1289530260000,1289530319000,1.61492,1.61557,1.61492,1.61549,49700000,1
1289530320000,1289530379000,1.61542,1.61567,1.61524,1.61557,85000000,1
1289530380000,1289530439000,1.61551,1.61551,1.61528,1.61535,53700000,1
1289530440000,1289530499000,1.61537,1.61569,1.61529,1.6156,57300000,1
1289530500000,1289530559000,1.6156,1.6156,1.61523,1.61536,77200000,1
1289530560000,1289530619000,1.61536,1.61562,1.61523,1.61535,97100000,1
1289530620000,1289530679000,1.61521,1.61567,1.61518,1.61567,106900000,1
1289530680000,1289530739000,1.61578,1.6159,1.61538,1.61564,111300000,1
1289530740000,1289530799000,1.61564,1.61569,1.6155,1.6156,72700000,1
1289530800000,1289530859000,1.61556,1.61613,1.61535,1.61597,108000000,1
1289530860000,1289530919000,1.61602,1.6162,1.61556,1.61574,119200000,1
1289530920000,1289530979000,1.61573,1.61591,1.61566,1.61591,68500000,1
1289530980000,1289531039000,1.61585,1.61587,1.61571,1.61575,66800000,1
1289531040000,1289531099000,1.61573,1.61601,1.61572,1.61593,75400000,1
1289531100000,1289531159000,1.61586,1.61603,1.61585,1.61598,102700000,1
1289531160000,1289531219000,1.61598,1.61598,1.61521,1.61559,87700000,1
1289531220000,1289531279000,1.61563,1.61612,1.61557,1.61604,90600000,1
1289531280000,1289531339000,1.61596,1.61613,1.61571,1.61597,109000000,1
1289531340000,1289531399000,1.61585,1.6162,1.61583,1.61611,99800000,1
1289531400000,1289531459000,1.61611,1.6163,1.61577,1.616,107000000,1
1289531460000,1289531519000,1.61616,1.61634,1.61608,1.61622,91200000,1
1289531520000,1289531579000,1.61618,1.61679,1.61612,1.61674,96500000,1
1289531580000,1289531639000,1.61661,1.61663,1.61638,1.61642,74700000,1
1289531640000,1289531699000,1.61642,1.61669,1.61612,1.61627,85900000,1
1289531700000,1289531759000,1.61623,1.61648,1.61615,1.61633,66700000,1
1289531760000,1289531819000,1.61632,1.61633,1.61599,1.61623,76300000,1
1289531820000,1289531879000,1.61623,1.61645,1.61603,1.61625,95200000,1
1289531880000,1289531939000,1.61644,1.61672,1.61627,1.61661,111400000,1
1289531940000,1289531999000,1.61661,1.6175,1.61657,1.61737,108700000,1
1289532000000,1289532059000,1.61735,1.6179,1.61735,1.61762,119400000,1
1289532060000,1289532119000,1.61755,1.61814,1.61748,1.61789,128800000,1
1289532120000,1289532179000,1.61789,1.61889,1.61789,1.61877,132200000,1
1289532180000,1289532239000,1.61877,1.62008,1.61877,1.61967,116600000,1
1289532240000,1289532299000,1.61964,1.61971,1.61919,1.61938,131400000,1
1289532300000,1289532359000,1.61951,1.61992,1.61941,1.61982,126800000,1
1289532360000,1289532419000,1.61974,1.61983,1.61915,1.61915,96300000,1
1289532420000,1289532479000,1.61915,1.61969,1.61907,1.61931,150800000,1
1289532480000,1289532539000,1.61931,1.61931,1.61891,1.61918,104900000,1
1289532540000,1289532599000,1.61918,1.61918,1.61861,1.61879,95200000,1
1289532600000,1289532659000,1.61878,1.61943,1.61871,1.61916,94000000,1
1289532660000,1289532719000,1.61917,1.61956,1.619,1.61949,132500000,1
1289532720000,1289532779000,1.61953,1.6196,1.61897,1.61897,83000000,1
1289532780000,1289532839000,1.61897,1.61922,1.61852,1.6188,111000000,1
1289532840000,1289532899000,1.6188,1.61897,1.61849,1.6187,86900000,1
1289532900000,1289532959000,1.61871,1.61901,1.61843,1.6187,84400000,1
1289532960000,1289533019000,1.61862,1.61867,1.61837,1.61865,60000000,1
1289533020000,1289533079000,1.61856,1.61881,1.61854,1.61866,59300000,1
1289533080000,1289533139000,1.61866,1.61867,1.61832,1.61861,66400000,1
1289533140000,1289533199000,1.61851,1.6187,1.61771,1.61797,94100000,1
1289533200000,1289533259000,1.61794,1.61911,1.61794,1.61902,90500000,1
1289533260000,1289533319000,1.61906,1.61924,1.61882,1.61882,57900000,1
1289533320000,1289533379000,1.61887,1.61896,1.61878,1.61893,71000000,1
1289533380000,1289533439000,1.61893,1.61893,1.61868,1.61869,63800000,1
1289533440000,1289533499000,1.61878,1.61888,1.6183,1.6183,65600000,1
1289533500000,1289533559000,1.6183,1.61879,1.6183,1.61866,77300000,1
1289533560000,1289533619000,1.61866,1.61875,1.61865,1.61867,64300000,1
1289533620000,1289533679000,1.61866,1.61866,1.61832,1.61833,87900000,1
1289533680000,1289533739000,1.61828,1.61828,1.61786,1.61819,98700000,1
1289533740000,1289533799000,1.61817,1.6187,1.61816,1.6187,73000000,1
1289533800000,1289533859000,1.6187,1.61929,1.61865,1.61925,84900000,1
1289533860000,1289533919000,1.6193,1.61992,1.6193,1.61979,145700000,1
1289533920000,1289533979000,1.61962,1.62021,1.61962,1.62021,112900000,1
1289533980000,1289534039000,1.62014,1.62014,1.61973,1.61973,118300000,1
1289534040000,1289534099000,1.61965,1.61976,1.61949,1.61976,73000000,1
1289534100000,1289534159000,1.61973,1.62004,1.61972,1.61999,94200000,1
1289534160000,1289534219000,1.61999,1.62012,1.61966,1.61977,61700000,1
1289534220000,1289534279000,1.61977,1.61982,1.6192,1.6196,90400000,1
1289534280000,1289534339000,1.61966,1.61977,1.61925,1.61927,71100000,1
1289534340000,1289534399000,1.61913,1.61938,1.61907,1.61922,71100000,1
1289534400000,1289534459000,1.61922,1.61998,1.61917,1.61998,85400000,1
1289534460000,1289534519000,1.61992,1.61992,1.61967,1.61977,59400000,1
1289534520000,1289534579000,1.61977,1.62045,1.61972,1.62001,116500000,1
1289534580000,1289534639000,1.61998,1.62025,1.61964,1.61989,112500000,1
1289534640000,1289534699000,1.61996,1.62006,1.61985,1.61985,91900000,1
1289534700000,1289534759000,1.61992,1.61995,1.61949,1.61979,68600000,1
1289534760000,1289534819000,1.6198,1.6198,1.6192,1.61955,110800000,1
1289534820000,1289534879000,1.61947,1.61991,1.61947,1.61973,113900000,1
1289534880000,1289534939000,1.61985,1.61995,1.6196,1.6197,93100000,1
1289534940000,1289534999000,1.61968,1.62004,1.61964,1.61985,65700000,1
1289535000000,1289535059000,1.61985,1.62001,1.61973,1.61987,81000000,1
1289535060000,1289535119000,1.61978,1.62015,1.6197,1.6199,87300000,1
1289535120000,1289535179000,1.6199,1.6205,1.61989,1.62041,151100000,1
1289535180000,1289535239000,1.62049,1.62051,1.62038,1.62051,89200000,1
1289535240000,1289535299000,1.62044,1.62054,1.6202,1.6204,123200000,1
1289535300000,1289535359000,1.6204,1.6206,1.6204,1.62046,123300000,1
1289535360000,1289535419000,1.62046,1.6205,1.61993,1.61995,136600000,1
1289535420000,1289535479000,1.61995,1.62013,1.61924,1.61924,144000000,1
1289535480000,1289535539000,1.61918,1.61928,1.61896,1.61896,78900000,1
1289535540000,1289535599000,1.61902,1.61903,1.61804,1.61816,97800000,1
1289535600000,1289535659000,1.61822,1.61837,1.61801,1.61806,99800000,1
1289535660000,1289535719000,1.61813,1.61822,1.61798,1.61809,78200000,1
1289535720000,1289535779000,1.61798,1.61815,1.6179,1.61815,81100000,1
1289535780000,1289535839000,1.61808,1.61823,1.61805,1.61813,65700000,1
1289535840000,1289535899000,1.61821,1.61827,1.61813,1.61817,39600000,1
1289535900000,1289535959000,1.61817,1.61838,1.61813,1.61838,56500000,1
1289535960000,1289536019000,1.61832,1.61832,1.61805,1.61817,88300000,1
1289536020000,1289536079000,1.61824,1.61858,1.61814,1.61839,110800000,1
1289536080000,1289536139000,1.61843,1.61843,1.61826,1.61828,54700000,1
1289536140000,1289536199000,1.61828,1.61849,1.61828,1.61845,66800000,1
1289536200000,1289536259000,1.61851,1.61865,1.61844,1.61858,82000000,1
1289536260000,1289536319000,1.61858,1.61868,1.61828,1.61854,96800000,1
1289536320000,1289536379000,1.61854,1.61864,1.61767,1.618,126900000,1
1289536380000,1289536439000,1.61807,1.61807,1.6175,1.61767,63300000,1
1289536440000,1289536499000,1.61767,1.61771,1.61742,1.61766,77700000,1
1289536500000,1289536559000,1.61772,1.61825,1.61772,1.61817,75500000,1
1289536560000,1289536619000,1.61817,1.61837,1.61817,1.61828,62400000,1
1289536620000,1289536679000,1.61828,1.61833,1.61811,1.61813,50400000,1
1289536680000,1289536739000,1.61807,1.61807,1.61776,1.61789,103500000,1
1289536740000,1289536799000,1.61789,1.61797,1.61779,1.61793,52100000,1
1289536800000,1289536859000,1.61786,1.61831,1.61782,1.61831,75600000,1
1289536860000,1289536919000,1.61831,1.61864,1.61829,1.61841,65400000,1
1289536920000,1289536979000,1.61841,1.61865,1.61818,1.61849,74800000,1
1289536980000,1289537039000,1.61849,1.61869,1.61842,1.61844,79100000,1
1289537040000,1289537099000,1.61844,1.61845,1.61814,1.61825,74900000,1
1289537100000,1289537159000,1.61825,1.61843,1.61794,1.61817,88600000,1
1289537160000,1289537219000,1.61822,1.61855,1.61819,1.61828,67000000,1
1289537220000,1289537279000,1.61828,1.61828,1.61819,1.61819,53900000,1
1289537280000,1289537339000,1.61819,1.61857,1.61793,1.6184,108900000,1
1289537340000,1289537399000,1.61829,1.61836,1.61812,1.6182,95600000,1
1289537400000,1289537459000,1.6182,1.61877,1.61817,1.61849,93500000,1
1289537460000,1289537519000,1.6185,1.61859,1.61834,1.61834,107900000,1
1289537520000,1289537579000,1.61836,1.61847,1.61831,1.61834,76400000,1
1289537580000,1289537639000,1.61834,1.61834,1.61831,1.61832,119800000,1
1289537640000,1289537699000,1.61842,1.61849,1.61784,1.61808,66700000,1
1289537700000,1289537759000,1.61808,1.61813,1.61797,1.61797,57100000,1
1289537760000,1289537819000,1.61795,1.61838,1.61795,1.61826,58800000,1
1289537820000,1289537879000,1.6184,1.61862,1.61817,1.61817,81100000,1
1289537880000,1289537939000,1.61809,1.61817,1.61787,1.61796,50100000,1
1289537940000,1289537999000,1.61796,1.61817,1.61788,1.61817,62600000,1
1289538000000,1289538059000,1.61809,1.61809,1.61776,1.61784,70500000,1
1289538060000,1289538119000,1.61784,1.61789,1.61722,1.61722,80700000,1
1289538120000,1289538179000,1.61727,1.61768,1.61727,1.61764,60300000,1
1289538180000,1289538239000,1.61764,1.61807,1.61764,1.61807,71700000,1
1289538240000,1289538299000,1.61801,1.61802,1.61742,1.61773,86600000,1
1289538300000,1289538359000,1.61773,1.61841,1.61768,1.61817,126400000,1
1289538360000,1289538419000,1.61812,1.61851,1.61812,1.61845,79300000,1
1289538420000,1289538479000,1.61845,1.61852,1.61828,1.61835,81700000,1
1289538480000,1289538539000,1.61835,1.61835,1.61814,1.61819,74900000,1
1289538540000,1289538599000,1.61821,1.61839,1.61801,1.61807,66700000,1
1289538600000,1289538659000,1.61807,1.61817,1.61799,1.61812,110100000,1
1289538660000,1289538719000,1.61812,1.61823,1.61805,1.61823,108200000,1
1289538720000,1289538779000,1.61817,1.61846,1.618,1.61822,109800000,1
1289538780000,1289538839000,1.61829,1.61832,1.61797,1.61832,66400000,1
1289538840000,1289538899000,1.61832,1.61838,1.61801,1.61837,97900000,1
1289538900000,1289538959000,1.61837,1.61857,1.6181,1.61849,85900000,1
1289538960000,1289539019000,1.61852,1.61879,1.61834,1.61879,64700000,1
1289539020000,1289539079000,1.61879,1.61879,1.61854,1.61868,102800000,1
1289539080000,1289539139000,1.61867,1.61909,1.61844,1.61909,89500000,1
1289539140000,1289539199000,1.6191,1.61945,1.61875,1.61895,132400000,1
1289539200000,1289539259000,1.61885,1.62086,1.61871,1.61996,140600000,1
1289539260000,1289539319000,1.61998,1.62038,1.61984,1.62011,131300000,1
1289539320000,1289539379000,1.62013,1.62059,1.61986,1.62041,103000000,1
1289539380000,1289539439000,1.62059,1.62107,1.62059,1.62082,97400000,1
1289539440000,1289539499000,1.62084,1.62084,1.6203,1.62037,67200000,1
1289539500000,1289539559000,1.62037,1.62043,1.62012,1.62028,79800000,1
1289539560000,1289539619000,1.62028,1.6204,1.61977,1.61981,158800000,1
1289539620000,1289539679000,1.61965,1.62021,1.61965,1.62009,97500000,1
1289539680000,1289539739000,1.62009,1.62019,1.61931,1.61943,134600000,1
1289539740000,1289539799000,1.61944,1.62009,1.61944,1.61983,97200000,1
1289539800000,1289539859000,1.61982,1.62012,1.6197,1.62008,87400000,1
1289539860000,1289539919000,1.62008,1.62037,1.62008,1.62018,86400000,1
1289539920000,1289539979000,1.62009,1.62045,1.61986,1.61986,123200000,1
1289539980000,1289540039000,1.61991,1.61997,1.61941,1.61948,101200000,1
1289540040000,1289540099000,1.61952,1.6196,1.61916,1.61946,116600000,1
1289540100000,1289540159000,1.61941,1.61941,1.61866,1.61873,71500000,1
1289540160000,1289540219000,1.61892,1.61927,1.61872,1.61923,105800000,1
1289540220000,1289540279000,1.61919,1.61924,1.619,1.619,76000000,1
1289540280000,1289540339000,1.61897,1.61939,1.61889,1.61891,110900000,1
1289540340000,1289540399000,1.61891,1.61899,1.6189,1.6189,38400000,1
1289540400000,1289540459000,1.6189,1.61921,1.61878,1.61914,69200000,1
1289540460000,1289540519000,1.61915,1.61923,1.61906,1.61912,54000000,1
1289540520000,1289540579000,1.6191,1.61924,1.61905,1.61918,79300000,1
1289540580000,1289540639000,1.61918,1.61954,1.61918,1.6195,49500000,1
1289540640000,1289540699000,1.6195,1.61965,1.61926,1.61941,79400000,1
1289540700000,1289540759000,1.61941,1.61964,1.61933,1.61935,72900000,1
1289540760000,1289540819000,1.61938,1.6197,1.61917,1.61932,116600000,1
1289540820000,1289540879000,1.61926,1.61943,1.61911,1.61911,70500000,1
1289540880000,1289540939000,1.61901,1.61929,1.61896,1.61923,56000000,1
1289540940000,1289540999000,1.61923,1.61938,1.61897,1.61911,70200000,1
1289541000000,1289541059000,1.61915,1.61915,1.61871,1.61873,89300000,1
1289541060000,1289541119000,1.61874,1.61891,1.61833,1.61884,121400000,1
1289541120000,1289541179000,1.61867,1.61918,1.61844,1.61889,134100000,1
1289541180000,1289541239000,1.61889,1.61913,1.61877,1.61892,99100000,1
1289541240000,1289541299000,1.61892,1.61937,1.61892,1.61937,125300000,1
1289541300000,1289541359000,1.61937,1.61958,1.61911,1.6195,86100000,1
1289541360000,1289541419000,1.61948,1.62017,1.61948,1.62012,102000000,1
1289541420000,1289541479000,1.62013,1.62021,1.61948,1.61954,124300000,1
1289541480000,1289541539000,1.61955,1.61974,1.61905,1.61923,135700000,1
1289541540000,1289541599000,1.61929,1.61955,1.61911,1.61946,72500000,1
1289541600000,1289541659000,1.61944,1.61974,1.61913,1.61974,129500000,1
1289541660000,1289541719000,1.61975,1.6199,1.6193,1.61987,91500000,1
1289541720000,1289541779000,1.61988,1.62042,1.61974,1.61991,134600000,1
1289541780000,1289541839000,1.61992,1.6215,1.61962,1.62127,151800000,1
1289541840000,1289541899000,1.62127,1.62162,1.62087,1.62122,174400000,1
1289541900000,1289541959000,1.62122,1.6215,1.62085,1.62085,114400000,1
1289541960000,1289542019000,1.6209,1.62168,1.62079,1.62149,98300000,1
1289542020000,1289542079000,1.62139,1.62172,1.62124,1.62159,125200000,1
1289542080000,1289542139000,1.62156,1.62255,1.6212,1.62255,122400000,1
1289542140000,1289542199000,1.62257,1.62266,1.62192,1.62193,133700000,1
1289542200000,1289542259000,1.62184,1.62231,1.62167,1.62206,120700000,1
1289542260000,1289542319000,1.62199,1.62247,1.62188,1.62236,114400000,1
1289542320000,1289542379000,1.62236,1.62359,1.62236,1.62327,120300000,1
1289542380000,1289542439000,1.62327,1.62346,1.62302,1.62304,95100000,1
1289542440000,1289542499000,1.62299,1.62299,1.6221,1.62225,115400000,1
1289542500000,1289542559000,1.62219,1.62226,1.62156,1.62182,91000000,1
1289542560000,1289542619000,1.62191,1.62222,1.62121,1.62168,108000000,1
1289542620000,1289542679000,1.62168,1.62195,1.62142,1.6219,82900000,1
1289542680000,1289542739000,1.62191,1.62233,1.62158,1.62174,102000000,1
1289542740000,1289542799000,1.62185,1.62185,1.62134,1.62152,116500000,1
1289542800000,1289542859000,1.62152,1.62152,1.62072,1.62099,108400000,1
1289542860000,1289542919000,1.62102,1.62142,1.62093,1.62138,86900000,1
1289542920000,1289542979000,1.62124,1.62147,1.62038,1.62038,103500000,1
1289542980000,1289543039000,1.62047,1.62047,1.61978,1.62,167000000,1
1289543040000,1289543099000,1.62007,1.62007,1.6193,1.6193,102900000,1
1289543100000,1289543159000,1.6193,1.61992,1.6193,1.61972,89400000,1
1289543160000,1289543219000,1.61976,1.62019,1.61976,1.62002,114400000,1
1289543220000,1289543279000,1.62003,1.62041,1.62003,1.62037,84900000,1
1289543280000,1289543339000,1.62035,1.62057,1.6203,1.62051,67200000,1
1289543340000,1289543399000,1.62053,1.62084,1.62032,1.62078,67300000,1
1289543400000,1289543459000,1.62078,1.62078,1.62014,1.62032,125200000,1
1289543460000,1289543519000,1.62032,1.62038,1.61991,1.62035,72600000,1
1289543520000,1289543579000,1.62032,1.62042,1.61953,1.61978,101500000,1
1289543580000,1289543639000,1.61978,1.62,1.61962,1.6199,89400000,1
1289543640000,1289543699000,1.6199,1.61991,1.61949,1.61965,104400000,1
1289543700000,1289543759000,1.61964,1.6203,1.61961,1.61993,118800000,1
1289543760000,1289543819000,1.61993,1.62032,1.61993,1.62002,63900000,1
1289543820000,1289543879000,1.6201,1.62023,1.61969,1.62023,98700000,1
1289543880000,1289543939000,1.62027,1.6204,1.61962,1.61985,108500000,1
1289543940000,1289543999000,1.61992,1.62065,1.61989,1.6202,130700000,1
1289544000000,1289544059000,1.62023,1.62046,1.62005,1.62033,130700000,1
1289544060000,1289544119000,1.62041,1.62072,1.62006,1.62072,106300000,1
1289544120000,1289544179000,1.62072,1.62072,1.62013,1.62029,155800000,1
1289544180000,1289544239000,1.62029,1.62054,1.62003,1.62039,111300000,1
1289544240000,1289544299000,1.62039,1.62163,1.62039,1.6211,103800000,1
1289544300000,1289544359000,1.6211,1.62126,1.62088,1.62107,98700000,1
1289544360000,1289544419000,1.62111,1.62187,1.62083,1.62083,105600000,1
1289544420000,1289544479000,1.62079,1.62122,1.62072,1.62106,102000000,1
1289544480000,1289544539000,1.62106,1.62156,1.62096,1.62142,89100000,1
1289544540000,1289544599000,1.6215,1.62164,1.62132,1.62152,71800000,1
1289544600000,1289544659000,1.62154,1.62163,1.62133,1.62133,59400000,1
1289544660000,1289544719000,1.62128,1.62159,1.62118,1.62121,124200000,1
1289544720000,1289544779000,1.62113,1.62131,1.62074,1.62094,88400000,1
1289544780000,1289544839000,1.62094,1.62136,1.62092,1.62123,115700000,1
1289544840000,1289544899000,1.62138,1.62146,1.62092,1.62115,123700000,1
1289544900000,1289544959000,1.621,1.62113,1.62049,1.62072,136800000,1
1289544960000,1289545019000,1.62074,1.62133,1.62043,1.62133,141600000,1
1289545020000,1289545079000,1.62127,1.62143,1.62013,1.62073,113700000,1
1289545080000,1289545139000,1.62055,1.6221,1.62048,1.62206,163100000,1
1289545140000,1289545199000,1.62227,1.62292,1.62215,1.62291,184800000,1
1289545200000,1289545259000,1.62291,1.62321,1.6224,1.62321,134700000,1
1289545260000,1289545319000,1.62315,1.62368,1.62253,1.6229,193700000,1
1289545320000,1289545379000,1.62284,1.62314,1.62252,1.62283,153900000,1
1289545380000,1289545439000,1.62291,1.62311,1.62195,1.6226,131200000,1
1289545440000,1289545499000,1.62267,1.62293,1.62239,1.6226,118200000,1
1289545500000,1289545559000,1.62241,1.62337,1.62229,1.62306,164100000,1
1289545560000,1289545619000,1.62306,1.62322,1.62148,1.62168,141200000,1
1289545620000,1289545679000,1.62181,1.6223,1.62147,1.62201,128400000,1
1289545680000,1289545739000,1.62212,1.6226,1.62193,1.6226,140300000,1
1289545740000,1289545799000,1.6227,1.62317,1.62244,1.6228,146200000,1
1289545800000,1289545859000,1.62294,1.62573,1.62278,1.62573,203200000,1
1289545860000,1289545919000,1.62584,1.62599,1.62511,1.6253,157500000,1
1289545920000,1289545979000,1.62542,1.6264,1.62508,1.62513,161800000,1
1289545980000,1289546039000,1.62504,1.62568,1.62492,1.62557,123100000,1
1289546040000,1289546099000,1.62546,1.62599,1.62493,1.62529,151200000,1
1289546100000,1289546159000,1.62536,1.62602,1.62497,1.62592,209900000,1
1289546160000,1289546219000,1.62578,1.6281,1.62561,1.62754,206800000,1
1289546220000,1289546279000,1.62758,1.62918,1.62731,1.62792,201200000,1
1289546280000,1289546339000,1.62795,1.62821,1.62699,1.62803,157400000,1
1289546340000,1289546399000,1.62816,1.62881,1.6276,1.6276,124400000,1
1289546400000,1289546459000,1.62758,1.62796,1.62726,1.62787,125100000,1
1289546460000,1289546519000,1.62794,1.62832,1.62746,1.62772,101800000,1
1289546520000,1289546579000,1.62787,1.62938,1.62775,1.62918,140000000,1
1289546580000,1289546639000,1.62905,1.62942,1.6282,1.62863,167900000,1
1289546640000,1289546699000,1.62876,1.62923,1.6282,1.62827,125800000,1
1289546700000,1289546759000,1.62827,1.62901,1.62819,1.62826,126300000,1
1289546760000,1289546819000,1.62822,1.62839,1.62699,1.62769,125000000,1
1289546820000,1289546879000,1.62772,1.62805,1.62726,1.62789,132100000,1
1289546880000,1289546939000,1.62782,1.62807,1.62764,1.62785,99400000,1
1289546940000,1289546999000,1.62777,1.62856,1.62712,1.62731,131600000,1
1289547000000,1289547059000,1.62727,1.62763,1.62671,1.62763,151000000,1
1289547060000,1289547119000,1.6275,1.62802,1.62727,1.62729,138800000,1
1289547120000,1289547179000,1.62738,1.62788,1.6268,1.62698,147500000,1
1289547180000,1289547239000,1.62714,1.62734,1.62667,1.62672,122300000,1
1289547240000,1289547299000,1.62664,1.62678,1.62582,1.62639,169200000,1
1289547300000,1289547359000,1.62642,1.62743,1.62633,1.62729,140100000,1
1289547360000,1289547419000,1.62731,1.62936,1.62715,1.62858,221800000,1
1289547420000,1289547479000,1.62855,1.62908,1.62835,1.6289,190700000,1
1289547480000,1289547539000,1.62889,1.63074,1.62889,1.63008,193800000,1
1289547540000,1289547599000,1.63004,1.63071,1.62991,1.62992,200800000,1
1289547600000,1289547659000,1.62982,1.63022,1.62916,1.62964,197600000,1
1289547660000,1289547719000,1.62972,1.63015,1.62871,1.62919,165600000,1
1289547720000,1289547779000,1.62919,1.63021,1.62917,1.62995,177500000,1
1289547780000,1289547839000,1.62992,1.63003,1.62922,1.62931,121600000,1
1289547840000,1289547899000,1.62931,1.62965,1.62904,1.62956,117200000,1
1289547900000,1289547959000,1.62938,1.63089,1.62938,1.63054,122900000,1
1289547960000,1289548019000,1.63048,1.63057,1.62956,1.6297,137400000,1
1289548020000,1289548079000,1.62978,1.63027,1.62965,1.62992,139500000,1
1289548080000,1289548139000,1.62995,1.6301,1.62882,1.62955,128200000,1
1289548140000,1289548199000,1.6297,1.63067,1.6293,1.63012,154900000,1
1289548200000,1289548259000,1.63025,1.63037,1.6298,1.62989,89400000,1
1289548260000,1289548319000,1.62989,1.62996,1.6288,1.62903,105500000,1
1289548320000,1289548379000,1.62895,1.62908,1.62867,1.6287,154800000,1
1289548380000,1289548439000,1.62869,1.62885,1.6275,1.6278,134500000,1
1289548440000,1289548499000,1.62783,1.62846,1.62769,1.62782,129600000,1
1289548500000,1289548559000,1.62808,1.62863,1.62793,1.6286,152800000,1
1289548560000,1289548619000,1.62854,1.62855,1.62776,1.62818,126100000,1
1289548620000,1289548679000,1.62811,1.62863,1.62805,1.62863,116700000,1
1289548680000,1289548739000,1.62878,1.62888,1.62827,1.62864,129900000,1
1289548740000,1289548799000,1.62864,1.62874,1.62788,1.62855,129600000,1
1289548800000,1289548859000,1.62859,1.62881,1.62782,1.62861,140500000,1
1289548860000,1289548919000,1.6286,1.62869,1.62771,1.62869,133500000,1
1289548920000,1289548979000,1.62889,1.62912,1.62861,1.6288,135100000,1
1289548980000,1289549039000,1.62878,1.62898,1.62828,1.62847,153300000,1
1289549040000,1289549099000,1.62847,1.62852,1.62787,1.62787,111500000,1
1289549100000,1289549159000,1.62787,1.62867,1.62767,1.62867,113800000,1
1289549160000,1289549219000,1.62869,1.6291,1.62851,1.6288,168800000,1
1289549220000,1289549279000,1.62881,1.62909,1.62835,1.6285,92200000,1
1289549280000,1289549339000,1.6286,1.62888,1.62833,1.62863,200500000,1
1289549340000,1289549399000,1.62863,1.62987,1.62841,1.62987,145900000,1
1289549400000,1289549459000,1.6297,1.63053,1.62968,1.62988,154500000,1
1289549460000,1289549519000,1.62989,1.62989,1.62876,1.62885,142100000,1
1289549520000,1289549579000,1.62885,1.62885,1.62777,1.62813,192400000,1
1289549580000,1289549639000,1.62818,1.62861,1.62804,1.6283,148400000,1
1289549640000,1289549699000,1.62832,1.62863,1.62776,1.62806,181000000,1
1289549700000,1289549759000,1.62814,1.62814,1.62663,1.62671,149100000,1
1289549760000,1289549819000,1.62663,1.62744,1.6263,1.6272,170800000,1
1289549820000,1289549879000,1.6273,1.62818,1.62713,1.62818,112300000,1
1289549880000,1289549939000,1.62803,1.62844,1.62772,1.62825,124000000,1
1289549940000,1289549999000,1.62818,1.62879,1.62818,1.62874,141000000,1
1289550000000,1289550059000,1.62864,1.62876,1.62759,1.62771,94400000,1
1289550060000,1289550119000,1.62763,1.62832,1.62763,1.62818,110000000,1
1289550120000,1289550179000,1.62818,1.62856,1.62806,1.62852,109100000,1
1289550180000,1289550239000,1.62852,1.62861,1.62769,1.62782,113100000,1
1289550240000,1289550299000,1.62782,1.62782,1.62698,1.6272,111400000,1
1289550300000,1289550359000,1.62722,1.62789,1.62709,1.62723,119400000,1
1289550360000,1289550419000,1.62731,1.62742,1.62693,1.627,155100000,1
1289550420000,1289550479000,1.62699,1.62702,1.62617,1.62689,134900000,1
1289550480000,1289550539000,1.62683,1.62699,1.62624,1.62651,99500000,1
1289550540000,1289550599000,1.62655,1.62666,1.62614,1.62616,120800000,1
1289550600000,1289550659000,1.62618,1.62674,1.62618,1.62641,108700000,1
1289550660000,1289550719000,1.62647,1.62671,1.62608,1.62623,121600000,1
1289550720000,1289550779000,1.62627,1.62657,1.62577,1.62578,103100000,1
1289550780000,1289550839000,1.62573,1.62609,1.62563,1.62586,125400000,1
1289550840000,1289550899000,1.62592,1.62657,1.62566,1.62616,118000000,1
1289550900000,1289550959000,1.62609,1.62684,1.62566,1.62572,144000000,1
1289550960000,1289551019000,1.62572,1.6259,1.62529,1.62529,175500000,1
1289551020000,1289551079000,1.62535,1.62565,1.62516,1.62516,166800000,1
1289551080000,1289551139000,1.62516,1.62565,1.62499,1.62551,158800000,1
1289551140000,1289551199000,1.62573,1.62586,1.62526,1.62541,106800000,1
1289551200000,1289551259000,1.62534,1.62625,1.62518,1.62592,130500000,1
1289551260000,1289551319000,1.62596,1.62647,1.62596,1.62646,135100000,1
1289551320000,1289551379000,1.62642,1.62658,1.62568,1.62609,168500000,1
1289551380000,1289551439000,1.62606,1.62693,1.62598,1.62693,106000000,1
1289551440000,1289551499000,1.62693,1.62746,1.62689,1.62723,149900000,1
1289551500000,1289551559000,1.62729,1.62748,1.62701,1.62718,129600000,1
1289551560000,1289551619000,1.62722,1.62737,1.62691,1.62699,92100000,1
1289551620000,1289551679000,1.62699,1.62701,1.62672,1.62691,125100000,1
1289551680000,1289551739000,1.62694,1.62694,1.62623,1.62649,93900000,1
1289551740000,1289551799000,1.6266,1.6266,1.62613,1.62624,113000000,1
1289551800000,1289551859000,1.62621,1.62706,1.62604,1.62691,125700000,1
1289551860000,1289551919000,1.62698,1.62722,1.62671,1.62718,113000000,1
1289551920000,1289551979000,1.62718,1.62742,1.6269,1.62721,149800000,1
1289551980000,1289552039000,1.62721,1.62737,1.62692,1.627,102500000,1
1289552040000,1289552099000,1.627,1.62735,1.62662,1.62667,135700000,1
1289552100000,1289552159000,1.62668,1.6271,1.62641,1.6267,150300000,1
1289552160000,1289552219000,1.6267,1.62685,1.62652,1.62678,76800000,1
1289552220000,1289552279000,1.62682,1.62758,1.62613,1.62758,151400000,1
1289552280000,1289552339000,1.62754,1.62803,1.62748,1.62795,97800000,1
1289552340000,1289552399000,1.62787,1.62824,1.62767,1.62795,105500000,1
1289552400000,1289552459000,1.62793,1.62808,1.62748,1.62806,116700000,1
1289552460000,1289552519000,1.62806,1.62852,1.62806,1.62839,154700000,1
1289552520000,1289552579000,1.62846,1.62917,1.62803,1.62911,127800000,1
1289552580000,1289552639000,1.62912,1.62912,1.62836,1.62836,115300000,1
1289552640000,1289552699000,1.62836,1.62885,1.62775,1.62869,144100000,1
1289552700000,1289552759000,1.62862,1.62922,1.62857,1.62909,146500000,1
1289552760000,1289552819000,1.62906,1.62906,1.6285,1.62902,138800000,1
1289552820000,1289552879000,1.62898,1.62989,1.6289,1.62932,144200000,1
1289552880000,1289552939000,1.62939,1.62958,1.62912,1.62935,119900000,1
1289552940000,1289552999000,1.62936,1.62985,1.62918,1.62947,124200000,1
1289553000000,1289553059000,1.62945,1.63012,1.62934,1.62992,142700000,1
1289553060000,1289553119000,1.62996,1.63033,1.62987,1.62995,105400000,1
1289553120000,1289553179000,1.62995,1.63003,1.62948,1.62956,104600000,1
1289553180000,1289553239000,1.62955,1.62961,1.62897,1.62903,160700000,1
1289553240000,1289553299000,1.62895,1.6291,1.62831,1.62831,138100000,1
1289553300000,1289553359000,1.62825,1.62901,1.62786,1.62895,135700000,1
1289553360000,1289553419000,1.62891,1.62892,1.62802,1.62808,151400000,1
1289553420000,1289553479000,1.6282,1.62858,1.62768,1.62773,136200000,1
1289553480000,1289553539000,1.62773,1.62784,1.62746,1.62765,107800000,1
1289553540000,1289553599000,1.62745,1.62748,1.62713,1.62739,124000000,1
1289553600000,1289553659000,1.62738,1.62753,1.62695,1.62748,108300000,1
1289553660000,1289553719000,1.62736,1.62795,1.62729,1.62775,89100000,1
1289553720000,1289553779000,1.62783,1.62793,1.62745,1.62753,114800000,1
1289553780000,1289553839000,1.6275,1.62797,1.6275,1.62794,96500000,1
1289553840000,1289553899000,1.628,1.62829,1.62794,1.62803,82700000,1
1289553900000,1289553959000,1.62804,1.62808,1.62758,1.62796,86200000,1
1289553960000,1289554019000,1.62796,1.62812,1.62757,1.62774,93300000,1
1289554020000,1289554079000,1.62774,1.62803,1.6276,1.62791,86000000,1
1289554080000,1289554139000,1.62793,1.62806,1.62751,1.62765,118300000,1
1289554140000,1289554199000,1.62768,1.62777,1.62638,1.62684,103900000,1
1289554200000,1289554259000,1.62697,1.62734,1.62696,1.6273,123100000,1
1289554260000,1289554319000,1.6273,1.62732,1.6266,1.62667,121700000,1
1289554320000,1289554379000,1.62667,1.62667,1.62627,1.62646,98800000,1
1289554380000,1289554439000,1.62657,1.62657,1.62548,1.62548,132400000,1
1289554440000,1289554499000,1.62537,1.626,1.62537,1.62578,86900000,1
1289554500000,1289554559000,1.62589,1.62589,1.62537,1.62553,92100000,1
1289554560000,1289554619000,1.62558,1.62558,1.62486,1.625,90900000,1
1289554620000,1289554679000,1.625,1.62523,1.62446,1.62448,96500000,1
1289554680000,1289554739000,1.62448,1.62463,1.62341,1.62391,156400000,1
1289554740000,1289554799000,1.6239,1.62441,1.62376,1.62422,130200000,1
1289554800000,1289554859000,1.62415,1.6245,1.62402,1.62415,113400000,1
1289554860000,1289554919000,1.62415,1.62442,1.62385,1.62418,118700000,1
1289554920000,1289554979000,1.62412,1.62412,1.62337,1.6234,143300000,1
1289554980000,1289555039000,1.62342,1.6238,1.62328,1.62343,117800000,1
1289555040000,1289555099000,1.62346,1.62378,1.62324,1.62351,109400000,1
1289555100000,1289555159000,1.62347,1.62347,1.62258,1.62288,134400000,1
1289555160000,1289555219000,1.62287,1.62376,1.62282,1.62353,130200000,1
1289555220000,1289555279000,1.62369,1.6239,1.62283,1.62322,205800000,1
1289555280000,1289555339000,1.62307,1.62388,1.62307,1.62365,138700000,1
1289555340000,1289555399000,1.62364,1.62401,1.62339,1.62341,123300000,1
1289555400000,1289555459000,1.62346,1.6239,1.62315,1.62354,129800000,1
1289555460000,1289555519000,1.6237,1.62419,1.62309,1.62349,141900000,1
1289555520000,1289555579000,1.62338,1.62437,1.6226,1.62408,163000000,1
1289555580000,1289555639000,1.62409,1.62467,1.62396,1.62396,123800000,1
1289555640000,1289555699000,1.62413,1.62457,1.62343,1.6237,167300000,1
1289555700000,1289555759000,1.6237,1.62378,1.6229,1.62293,153800000,1
1289555760000,1289555819000,1.62282,1.62282,1.62205,1.62232,145200000,1
1289555820000,1289555879000,1.62232,1.62236,1.62162,1.62182,166000000,1
1289555880000,1289555939000,1.62182,1.62215,1.62125,1.62172,138200000,1
1289555940000,1289555999000,1.6217,1.62264,1.62108,1.62262,159500000,1
1289556000000,1289556059000,1.62209,1.62241,1.62068,1.62182,217300000,1
1289556060000,1289556119000,1.62176,1.6225,1.62107,1.6223,174800000,1
1289556120000,1289556179000,1.62226,1.62252,1.62155,1.6221,175000000,1
1289556180000,1289556239000,1.62194,1.62201,1.62109,1.62123,189900000,1
1289556240000,1289556299000,1.62111,1.62181,1.62075,1.62159,180900000,1
1289556300000,1289556359000,1.62156,1.62219,1.6214,1.62163,146700000,1
1289556360000,1289556419000,1.62151,1.62205,1.62127,1.6213,146300000,1
1289556420000,1289556479000,1.62129,1.6219,1.62106,1.62178,127600000,1
1289556480000,1289556539000,1.62181,1.62222,1.62112,1.62134,143100000,1
1289556540000,1289556599000,1.62134,1.62189,1.62116,1.62144,141300000,1
1289556600000,1289556659000,1.62161,1.62221,1.62142,1.62177,122100000,1
1289556660000,1289556719000,1.62187,1.62187,1.62108,1.62108,149500000,1
1289556720000,1289556779000,1.62103,1.62108,1.62048,1.62071,144600000,1
1289556780000,1289556839000,1.62071,1.62088,1.62025,1.62068,160600000,1
1289556840000,1289556899000,1.62061,1.62061,1.61996,1.62027,149000000,1
1289556900000,1289556959000,1.62027,1.62061,1.61981,1.61981,140600000,1
1289556960000,1289557019000,1.61978,1.62068,1.61978,1.62068,125600000,1
1289557020000,1289557079000,1.62068,1.62068,1.6196,1.61995,146900000,1
1289557080000,1289557139000,1.62013,1.62019,1.61962,1.62005,131200000,1
1289557140000,1289557199000,1.62005,1.6203,1.61976,1.62004,112200000,1
1289557200000,1289557259000,1.62008,1.6201,1.6196,1.62007,112000000,1
1289557260000,1289557319000,1.62007,1.62021,1.61976,1.61976,124900000,1
1289557320000,1289557379000,1.61992,1.62016,1.61941,1.61974,110800000,1
1289557380000,1289557439000,1.61936,1.61958,1.61872,1.61939,134300000,1
1289557440000,1289557499000,1.61939,1.61959,1.61921,1.61933,81200000,1
1289557500000,1289557559000,1.61937,1.61958,1.61846,1.61855,147400000,1
1289557560000,1289557619000,1.61855,1.61872,1.617,1.61732,188500000,1
1289557620000,1289557679000,1.61749,1.61782,1.61557,1.61602,190700000,1
1289557680000,1289557739000,1.61602,1.61667,1.61584,1.61661,171500000,1
1289557740000,1289557799000,1.61667,1.6173,1.6156,1.61583,164500000,1
1289557800000,1289557859000,1.61588,1.61685,1.61583,1.61618,179200000,1
1289557860000,1289557919000,1.61626,1.61714,1.61626,1.6165,154900000,1
1289557920000,1289557979000,1.61649,1.61708,1.61631,1.61676,149200000,1
1289557980000,1289558039000,1.6167,1.61734,1.61643,1.61716,128100000,1
1289558040000,1289558099000,1.61715,1.61769,1.61689,1.61743,111700000,1
1289558100000,1289558159000,1.61751,1.61781,1.61698,1.61729,144900000,1
1289558160000,1289558219000,1.61729,1.61759,1.61712,1.61753,125900000,1
1289558220000,1289558279000,1.61758,1.61775,1.61713,1.61739,147500000,1
1289558280000,1289558339000,1.6173,1.6173,1.61642,1.61678,179800000,1
1289558340000,1289558399000,1.61691,1.61772,1.6167,1.61678,173300000,1
1289558400000,1289558459000,1.61693,1.61754,1.6165,1.61736,182500000,1
1289558460000,1289558519000,1.61731,1.61769,1.61703,1.61736,166600000,1
1289558520000,1289558579000,1.61726,1.61771,1.61725,1.61768,131000000,1
1289558580000,1289558639000,1.61795,1.61821,1.6175,1.61779,142200000,1
1289558640000,1289558699000,1.61773,1.61801,1.61756,1.6177,157100000,1
1289558700000,1289558759000,1.6177,1.61806,1.61683,1.61699,172600000,1
1289558760000,1289558819000,1.61693,1.61721,1.61657,1.61672,150800000,1
1289558820000,1289558879000,1.61662,1.61693,1.61572,1.61606,158500000,1
1289558880000,1289558939000,1.616,1.61663,1.61576,1.61657,165300000,1
1289558940000,1289558999000,1.61654,1.61684,1.61523,1.61581,179600000,1
1289559000000,1289559059000,1.61583,1.61584,1.61468,1.61501,179200000,1
1289559060000,1289559119000,1.61507,1.61591,1.61496,1.61548,182700000,1
1289559120000,1289559179000,1.61566,1.61566,1.61482,1.61486,137100000,1
1289559180000,1289559239000,1.61476,1.61564,1.61476,1.61525,132100000,1
1289559240000,1289559299000,1.61525,1.61643,1.61525,1.61617,144500000,1
1289559300000,1289559359000,1.61617,1.61726,1.61617,1.61643,188600000,1
1289559360000,1289559419000,1.61656,1.61749,1.61653,1.61713,164800000,1
1289559420000,1289559479000,1.61708,1.61803,1.61693,1.61779,145900000,1
1289559480000,1289559539000,1.61777,1.61838,1.61757,1.61824,150300000,1
1289559540000,1289559599000,1.61828,1.6185,1.61802,1.61825,139300000,1
1289559600000,1289559659000,1.61846,1.6187,1.6181,1.61817,163900000,1
1289559660000,1289559719000,1.61799,1.61837,1.61772,1.61828,175900000,1
1289559720000,1289559779000,1.61826,1.61886,1.61758,1.61758,169100000,1
1289559780000,1289559839000,1.61744,1.61753,1.61677,1.61751,129400000,1
1289559840000,1289559899000,1.61758,1.61809,1.61758,1.61807,94900000,1
1289559900000,1289559959000,1.61805,1.61845,1.61774,1.6182,123600000,1
1289559960000,1289560019000,1.6182,1.61828,1.61778,1.61804,145400000,1
1289560020000,1289560079000,1.6181,1.61831,1.61792,1.61801,99200000,1
1289560080000,1289560139000,1.61801,1.62067,1.61792,1.61945,163800000,1
1289560140000,1289560199000,1.61949,1.62063,1.61935,1.62051,226400000,1
1289560200000,1289560259000,1.62029,1.6209,1.62008,1.62081,159100000,1
1289560260000,1289560319000,1.62076,1.62222,1.62036,1.62036,213100000,1
1289560320000,1289560379000,1.62031,1.62032,1.61934,1.61961,171300000,1
1289560380000,1289560439000,1.61948,1.6202,1.61854,1.62006,150900000,1
1289560440000,1289560499000,1.61992,1.61992,1.6185,1.61909,158700000,1
1289560500000,1289560559000,1.61906,1.62046,1.61906,1.62036,156800000,1
1289560560000,1289560619000,1.62039,1.62081,1.6201,1.62068,142700000,1
1289560620000,1289560679000,1.62068,1.62161,1.62062,1.62106,144100000,1
1289560680000,1289560739000,1.62108,1.62122,1.62044,1.62048,121900000,1
1289560740000,1289560799000,1.62053,1.62067,1.62015,1.62033,151400000,1
1289560800000,1289560859000,1.62034,1.62076,1.62013,1.62042,120200000,1
1289560860000,1289560919000,1.6203,1.62056,1.61978,1.61983,108700000,1
1289560920000,1289560979000,1.61973,1.62003,1.61899,1.61925,159600000,1
1289560980000,1289561039000,1.61919,1.6199,1.61911,1.61983,124800000,1
1289561040000,1289561099000,1.61988,1.62025,1.61928,1.61984,179100000,1
1289561100000,1289561159000,1.61982,1.61983,1.61919,1.61921,123600000,1
1289561160000,1289561219000,1.61907,1.61932,1.61836,1.61932,147900000,1
1289561220000,1289561279000,1.61935,1.61998,1.61935,1.61977,115700000,1
1289561280000,1289561339000,1.61982,1.61991,1.61948,1.61969,112000000,1
1289561340000,1289561399000,1.61965,1.62098,1.61965,1.62093,131200000,1
1289561400000,1289561459000,1.62095,1.62096,1.62052,1.62068,122600000,1
1289561460000,1289561519000,1.62064,1.62123,1.62063,1.62108,106800000,1
1289561520000,1289561579000,1.62107,1.62154,1.62083,1.62145,122900000,1
1289561580000,1289561639000,1.62145,1.62166,1.62118,1.62126,100000000,1
1289561640000,1289561699000,1.62126,1.62162,1.62062,1.62108,111700000,1
1289561700000,1289561759000,1.6211,1.62111,1.6201,1.6207,137000000,1
1289561760000,1289561819000,1.62053,1.6212,1.62047,1.62094,112900000,1
1289561820000,1289561879000,1.62087,1.62111,1.62058,1.62058,146100000,1
1289561880000,1289561939000,1.62062,1.62081,1.62051,1.62064,118100000,1
1289561940000,1289561999000,1.62058,1.62067,1.61989,1.62004,114900000,1
1289562000000,1289562059000,1.62013,1.62069,1.62,1.62037,129800000,1
1289562060000,1289562119000,1.62043,1.62141,1.62038,1.62116,133000000,1
1289562120000,1289562179000,1.62116,1.6215,1.62089,1.62138,142900000,1
1289562180000,1289562239000,1.62138,1.62174,1.62111,1.62142,108300000,1
1289562240000,1289562299000,1.62145,1.62164,1.6208,1.62142,165200000,1
1289562300000,1289562359000,1.62155,1.62191,1.62134,1.62135,137900000,1
1289562360000,1289562419000,1.62142,1.62258,1.62113,1.62236,146800000,1
1289562420000,1289562479000,1.6221,1.62252,1.62195,1.62232,107800000,1
1289562480000,1289562539000,1.62232,1.62242,1.62187,1.622,83400000,1
1289562540000,1289562599000,1.62202,1.62202,1.62139,1.62162,115500000,1
1289562600000,1289562659000,1.62162,1.62204,1.62153,1.62204,146600000,1
1289562660000,1289562719000,1.62203,1.62246,1.62165,1.62226,141900000,1
1289562720000,1289562779000,1.62225,1.62247,1.6218,1.6218,106300000,1
1289562780000,1289562839000,1.62193,1.62193,1.6214,1.6214,59200000,1
1289562840000,1289562899000,1.62138,1.62162,1.62133,1.62146,62400000,1
1289562900000,1289562959000,1.62146,1.62146,1.62056,1.62071,107300000,1
1289562960000,1289563019000,1.62071,1.62113,1.6205,1.62095,112300000,1
1289563020000,1289563079000,1.62095,1.62105,1.62039,1.62046,102600000,1
1289563080000,1289563139000,1.62044,1.62051,1.62008,1.6203,94000000,1
1289563140000,1289563199000,1.6203,1.62037,1.62005,1.62007,97600000,1
1289563200000,1289563259000,1.62003,1.62026,1.61994,1.61994,113000000,1
1289563260000,1289563319000,1.61994,1.62094,1.61994,1.62083,110300000,1
1289563320000,1289563379000,1.62083,1.62092,1.62046,1.62078,111100000,1
1289563380000,1289563439000,1.6208,1.62085,1.62041,1.62057,81500000,1
1289563440000,1289563499000,1.62054,1.62122,1.62054,1.6211,75000000,1
1289563500000,1289563559000,1.62106,1.62116,1.62093,1.62095,120000000,1
1289563560000,1289563619000,1.62093,1.62113,1.62056,1.62056,82200000,1
1289563620000,1289563679000,1.62056,1.62108,1.62045,1.62092,83500000,1
1289563680000,1289563739000,1.6212,1.62131,1.62061,1.62118,114500000,1
1289563740000,1289563799000,1.62118,1.62118,1.6205,1.62051,91900000,1
1289563800000,1289563859000,1.62051,1.62087,1.62026,1.62074,91200000,1
1289563860000,1289563919000,1.62077,1.62079,1.62043,1.62043,85200000,1
1289563920000,1289563979000,1.6205,1.62064,1.62013,1.62054,96100000,1
1289563980000,1289564039000,1.62053,1.62096,1.62026,1.62052,95000000,1
1289564040000,1289564099000,1.62071,1.62095,1.6205,1.6208,93700000,1
1289564100000,1289564159000,1.62071,1.62071,1.6203,1.62035,96000000,1
1289564160000,1289564219000,1.62037,1.62187,1.62031,1.62187,127900000,1
1289564220000,1289564279000,1.6218,1.6218,1.62114,1.62131,109300000,1
1289564280000,1289564339000,1.62131,1.62142,1.62104,1.62104,104100000,1
1289564340000,1289564399000,1.62101,1.6216,1.62069,1.62152,110600000,1
1289564400000,1289564459000,1.6215,1.62253,1.62137,1.62241,115400000,1
1289564460000,1289564519000,1.62241,1.62259,1.62209,1.62226,122700000,1
1289564520000,1289564579000,1.6223,1.62277,1.62208,1.62253,110100000,1
1289564580000,1289564639000,1.62271,1.62328,1.6224,1.62301,148600000,1
1289564640000,1289564699000,1.62293,1.62304,1.62258,1.62287,113300000,1
1289564700000,1289564759000,1.62282,1.62287,1.62252,1.62252,97300000,1
1289564760000,1289564819000,1.62248,1.62275,1.62215,1.62272,103600000,1
1289564820000,1289564879000,1.62265,1.62337,1.62257,1.62278,103800000,1
1289564880000,1289564939000,1.62277,1.62289,1.62236,1.62274,118800000,1
1289564940000,1289564999000,1.62262,1.62358,1.62262,1.62358,114600000,1
1289565000000,1289565059000,1.62354,1.62416,1.62348,1.62401,94100000,1
1289565060000,1289565119000,1.62396,1.62448,1.6239,1.62424,89800000,1
1289565120000,1289565179000,1.62424,1.62424,1.62378,1.62383,102000000,1
1289565180000,1289565239000,1.62383,1.62414,1.62373,1.62375,103300000,1
1289565240000,1289565299000,1.62375,1.62381,1.62315,1.62315,120700000,1
1289565300000,1289565359000,1.62315,1.62321,1.62291,1.623,110900000,1
1289565360000,1289565419000,1.62303,1.62328,1.62299,1.62328,111200000,1
1289565420000,1289565479000,1.62334,1.62343,1.62305,1.62328,113500000,1
1289565480000,1289565539000,1.62328,1.62375,1.62318,1.6237,87600000,1
1289565540000,1289565599000,1.62367,1.62472,1.62367,1.62472,100500000,1
1289565600000,1289565659000,1.62472,1.62495,1.62424,1.62429,119600000,1
1289565660000,1289565719000,1.62429,1.62444,1.62414,1.62422,68000000,1
1289565720000,1289565779000,1.62424,1.62442,1.62376,1.62389,103300000,1
1289565780000,1289565839000,1.62389,1.62439,1.62385,1.62433,77600000,1
1289565840000,1289565899000,1.62433,1.62445,1.62416,1.62441,70300000,1
1289565900000,1289565959000,1.62435,1.62454,1.62427,1.62432,81100000,1
1289565960000,1289566019000,1.62434,1.62438,1.62408,1.62425,89900000,1
1289566020000,1289566079000,1.62423,1.62484,1.62419,1.62422,122800000,1
1289566080000,1289566139000,1.62423,1.62471,1.62383,1.62407,100000000,1
1289566140000,1289566199000,1.62406,1.62406,1.6229,1.62344,108400000,1
1289566200000,1289566259000,1.62342,1.62342,1.62282,1.62291,124000000,1
1289566260000,1289566319000,1.62277,1.62306,1.6225,1.6226,110900000,1
1289566320000,1289566379000,1.6226,1.62283,1.62251,1.62274,78200000,1
1289566380000,1289566439000,1.62269,1.62397,1.62261,1.6238,136000000,1
1289566440000,1289566499000,1.62385,1.62439,1.62385,1.62417,99000000,1
1289566500000,1289566559000,1.6241,1.62421,1.62306,1.62313,117200000,1
1289566560000,1289566619000,1.62309,1.62328,1.62291,1.6231,105000000,1
1289566620000,1289566679000,1.62308,1.62359,1.62299,1.62333,92800000,1
1289566680000,1289566739000,1.62329,1.62359,1.62278,1.62301,131700000,1
1289566740000,1289566799000,1.62297,1.62359,1.62279,1.6233,128600000,1
1289566800000,1289566859000,1.62318,1.62329,1.62255,1.62313,121600000,1
1289566860000,1289566919000,1.62318,1.62401,1.6231,1.62401,131700000,1
1289566920000,1289566979000,1.62401,1.62419,1.62372,1.62406,92600000,1
1289566980000,1289567039000,1.62406,1.62434,1.62401,1.62409,79500000,1
1289567040000,1289567099000,1.62398,1.62437,1.6239,1.62412,74100000,1
1289567100000,1289567159000,1.62407,1.62429,1.6239,1.62423,129000000,1
1289567160000,1289567219000,1.62423,1.62498,1.62413,1.62483,102800000,1
1289567220000,1289567279000,1.62485,1.62507,1.62453,1.62463,119100000,1
1289567280000,1289567339000,1.62456,1.62509,1.6244,1.62471,113300000,1
1289567340000,1289567399000,1.62467,1.62528,1.62427,1.62494,103900000,1
1289567400000,1289567459000,1.625,1.625,1.62456,1.625,100400000,1
1289567460000,1289567519000,1.625,1.62529,1.62466,1.62501,112900000,1
1289567520000,1289567579000,1.62495,1.62536,1.62473,1.62497,115200000,1
1289567580000,1289567639000,1.62485,1.62561,1.62485,1.62561,139600000,1
1289567640000,1289567699000,1.62561,1.62623,1.62539,1.62623,101600000,1
1289567700000,1289567759000,1.62609,1.62617,1.62541,1.62578,122300000,1
1289567760000,1289567819000,1.62586,1.62627,1.62586,1.62617,103100000,1
1289567820000,1289567879000,1.62623,1.62695,1.62619,1.62685,74000000,1
1289567880000,1289567939000,1.62679,1.62695,1.62667,1.62679,88300000,1
1289567940000,1289567999000,1.6268,1.62716,1.62647,1.62702,144500000,1
1289568000000,1289568059000,1.62709,1.62767,1.62686,1.62688,114100000,1
1289568060000,1289568119000,1.62707,1.62809,1.62706,1.62768,114000000,1
1289568120000,1289568179000,1.62768,1.62774,1.62683,1.6271,106700000,1
1289568180000,1289568239000,1.62703,1.62726,1.62676,1.62699,123500000,1
1289568240000,1289568299000,1.62687,1.62714,1.62672,1.62678,86000000,1
1289568300000,1289568359000,1.62682,1.62728,1.62625,1.62625,104000000,1
1289568360000,1289568419000,1.62625,1.62633,1.62562,1.62565,101100000,1
1289568420000,1289568479000,1.62557,1.62589,1.62524,1.62529,94900000,1
1289568480000,1289568539000,1.62532,1.62568,1.62522,1.62568,73200000,1
1289568540000,1289568599000,1.62568,1.62608,1.62554,1.62597,101300000,1
1289568600000,1289568659000,1.62592,1.62615,1.62557,1.6257,99300000,1
1289568660000,1289568719000,1.62574,1.62589,1.62517,1.62551,110300000,1
1289568720000,1289568779000,1.62561,1.62561,1.62437,1.62449,121200000,1
1289568780000,1289568839000,1.6246,1.62487,1.62435,1.62453,117600000,1
1289568840000,1289568899000,1.62444,1.62468,1.6239,1.62399,131400000,1
1289568900000,1289568959000,1.62399,1.62415,1.62362,1.62393,137700000,1
1289568960000,1289569019000,1.62393,1.62417,1.62358,1.62358,130400000,1
1289569020000,1289569079000,1.62357,1.62387,1.62331,1.62354,101100000,1
1289569080000,1289569139000,1.62354,1.62392,1.62344,1.62367,104800000,1
1289569140000,1289569199000,1.6237,1.62378,1.62339,1.62363,97200000,1
1289569200000,1289569259000,1.62371,1.62438,1.62363,1.62397,136100000,1
1289569260000,1289569319000,1.62397,1.62433,1.62397,1.62433,90100000,1
1289569320000,1289569379000,1.62434,1.62466,1.6242,1.62466,89000000,1
1289569380000,1289569439000,1.62466,1.62493,1.62455,1.62478,115800000,1
1289569440000,1289569499000,1.62473,1.62511,1.62464,1.62483,70200000,1
1289569500000,1289569559000,1.62483,1.6249,1.62468,1.62476,83600000,1
1289569560000,1289569619000,1.62477,1.62492,1.62443,1.62459,125500000,1
1289569620000,1289569679000,1.6245,1.6245,1.62396,1.62412,92400000,1
1289569680000,1289569739000,1.62415,1.62496,1.62413,1.62489,116200000,1
1289569740000,1289569799000,1.62475,1.62516,1.62458,1.62507,138900000,1
1289569800000,1289569859000,1.62512,1.62521,1.62423,1.62423,101400000,1
1289569860000,1289569919000,1.62426,1.62426,1.62295,1.62296,129300000,1
1289569920000,1289569979000,1.62294,1.62311,1.62219,1.62296,133100000,1
1289569980000,1289570039000,1.62292,1.62341,1.62275,1.62316,89100000,1
1289570040000,1289570099000,1.62312,1.62384,1.62312,1.62384,74200000,1
1289570100000,1289570159000,1.62392,1.62395,1.623,1.62306,122300000,1
1289570160000,1289570219000,1.62308,1.62355,1.62305,1.62346,132800000,1
1289570220000,1289570279000,1.62341,1.6241,1.62325,1.62409,136900000,1
1289570280000,1289570339000,1.62425,1.62481,1.62418,1.62466,99300000,1
1289570340000,1289570399000,1.62466,1.62488,1.62432,1.62451,131200000,1
1289570400000,1289570459000,1.62438,1.62519,1.62424,1.62466,132700000,1
1289570460000,1289570519000,1.62459,1.62474,1.62408,1.62438,105900000,1
1289570520000,1289570579000,1.62438,1.6245,1.62428,1.62434,100800000,1
1289570580000,1289570639000,1.62438,1.62485,1.62427,1.62433,69000000,1
1289570640000,1289570699000,1.62439,1.62469,1.62399,1.62419,105900000,1
1289570700000,1289570759000,1.62419,1.62429,1.62388,1.62388,74300000,1
1289570760000,1289570819000,1.62391,1.62392,1.62367,1.62392,93600000,1
1289570820000,1289570879000,1.62374,1.62374,1.6231,1.62328,92100000,1
1289570880000,1289570939000,1.62328,1.62435,1.62328,1.62401,82900000,1
1289570940000,1289570999000,1.62397,1.62407,1.62368,1.62377,92000000,1
1289571000000,1289571059000,1.62381,1.62442,1.62381,1.62414,98700000,1
1289571060000,1289571119000,1.62419,1.6245,1.62415,1.62415,91100000,1
1289571120000,1289571179000,1.62408,1.62445,1.62392,1.62424,96700000,1
1289571180000,1289571239000,1.62429,1.6246,1.62423,1.6245,119900000,1
1289571240000,1289571299000,1.6245,1.62481,1.62418,1.62427,143200000,1
1289571300000,1289571359000,1.62423,1.62459,1.62422,1.62439,126000000,1
1289571360000,1289571419000,1.62441,1.62447,1.62424,1.62434,111000000,1
1289571420000,1289571479000,1.62434,1.62443,1.62402,1.6241,91100000,1
1289571480000,1289571539000,1.62399,1.62415,1.62377,1.62408,124400000,1
1289571540000,1289571599000,1.62408,1.62456,1.62408,1.62446,194500000,1
1289571600000,1289571659000,1.62444,1.62543,1.62442,1.62537,120900000,1
1289571660000,1289571719000,1.62529,1.62542,1.62489,1.62514,87400000,1
1289571720000,1289571779000,1.62507,1.62528,1.62489,1.62519,102600000,1
1289571780000,1289571839000,1.62514,1.62537,1.62502,1.6253,104700000,1
1289571840000,1289571899000,1.62538,1.62563,1.62538,1.62548,65300000,1
1289571900000,1289571959000,1.62548,1.62574,1.62536,1.62563,95000000,1
1289571960000,1289572019000,1.62563,1.62632,1.62563,1.62579,79900000,1
1289572020000,1289572079000,1.62581,1.62626,1.62578,1.62626,76700000,1
1289572080000,1289572139000,1.6263,1.62635,1.62602,1.62611,68600000,1
1289572140000,1289572199000,1.6261,1.62631,1.6259,1.62631,112900000,1
1289572200000,1289572259000,1.62621,1.62624,1.6258,1.62598,100900000,1
1289572260000,1289572319000,1.626,1.6261,1.62575,1.62576,66300000,1
1289572320000,1289572379000,1.62581,1.62581,1.6253,1.6253,94600000,1
1289572380000,1289572439000,1.6253,1.62544,1.62483,1.62483,112300000,1
1289572440000,1289572499000,1.62481,1.62522,1.62474,1.62505,105300000,1
1289572500000,1289572559000,1.62501,1.62555,1.62501,1.62529,94200000,1
1289572560000,1289572619000,1.62527,1.62568,1.62502,1.62568,91800000,1
1289572620000,1289572679000,1.62567,1.62567,1.62527,1.62553,101400000,1
1289572680000,1289572739000,1.62574,1.62642,1.62572,1.62633,104500000,1
1289572740000,1289572799000,1.62628,1.62637,1.62586,1.62622,98900000,1
1289572800000,1289572859000,1.62618,1.62638,1.62576,1.62576,114300000,1
1289572860000,1289572919000,1.62584,1.62696,1.62574,1.62682,140600000,1
1289572920000,1289572979000,1.62683,1.62772,1.62683,1.6271,108000000,1
1289572980000,1289573039000,1.62709,1.62722,1.62654,1.6266,116800000,1
1289573040000,1289573099000,1.62661,1.62669,1.62552,1.62552,129900000,1
1289573100000,1289573159000,1.62552,1.62644,1.62551,1.62634,126900000,1
1289573160000,1289573219000,1.62627,1.6264,1.62598,1.62598,86500000,1
1289573220000,1289573279000,1.62605,1.62621,1.62563,1.6257,120000000,1
1289573280000,1289573339000,1.62567,1.62591,1.62537,1.62572,107800000,1
1289573340000,1289573399000,1.62572,1.6263,1.62566,1.62602,145300000,1
1289573400000,1289573459000,1.62602,1.62602,1.62545,1.62576,111800000,1
1289573460000,1289573519000,1.62592,1.62592,1.62526,1.62529,122000000,1
1289573520000,1289573579000,1.62528,1.62591,1.6252,1.62562,131200000,1
1289573580000,1289573639000,1.62561,1.6262,1.62547,1.62578,124100000,1
1289573640000,1289573699000,1.62572,1.6258,1.62511,1.62536,130600000,1
1289573700000,1289573759000,1.62506,1.62609,1.62466,1.62566,159700000,1
1289573760000,1289573819000,1.6257,1.62695,1.62565,1.62685,164600000,1
1289573820000,1289573879000,1.62672,1.62709,1.62631,1.62688,121600000,1
1289573880000,1289573939000,1.62691,1.62702,1.62643,1.62675,122900000,1
1289573940000,1289573999000,1.62675,1.62675,1.62603,1.62626,128100000,1
1289574000000,1289574059000,1.6263,1.62658,1.62597,1.62658,122100000,1
1289574060000,1289574119000,1.6266,1.62675,1.6261,1.62623,136000000,1
1289574120000,1289574179000,1.62613,1.6271,1.62602,1.62677,159200000,1
1289574180000,1289574239000,1.62679,1.62701,1.62644,1.62672,124700000,1
1289574240000,1289574299000,1.62664,1.62722,1.62653,1.62699,97100000,1
1289574300000,1289574359000,1.62689,1.62747,1.62689,1.62728,116000000,1
1289574360000,1289574419000,1.62719,1.6275,1.62719,1.62726,125500000,1
1289574420000,1289574479000,1.62733,1.62778,1.62718,1.62756,138600000,1
1289574480000,1289574539000,1.62752,1.62807,1.62747,1.62767,159000000,1
1289574540000,1289574599000,1.62765,1.62796,1.62765,1.62792,108800000,1
1289574600000,1289574659000,1.62792,1.62822,1.62785,1.62804,107500000,1
1289574660000,1289574719000,1.62794,1.62817,1.62758,1.62797,125900000,1
1289574720000,1289574779000,1.62797,1.62841,1.62783,1.628,163900000,1
1289574780000,1289574839000,1.628,1.62847,1.62756,1.62827,151700000,1
1289574840000,1289574899000,1.62819,1.62819,1.62725,1.62754,127200000,1
1289574900000,1289574959000,1.62754,1.62754,1.62574,1.62739,168500000,1
1289574960000,1289575019000,1.62739,1.62739,1.62652,1.62665,205600000,1
1289575020000,1289575079000,1.62655,1.62664,1.62597,1.62597,142600000,1
1289575080000,1289575139000,1.62599,1.62685,1.62599,1.6267,117000000,1
1289575140000,1289575199000,1.62696,1.62729,1.62683,1.62686,183700000,1
1289575200000,1289575259000,1.62687,1.6276,1.62678,1.62731,157300000,1
1289575260000,1289575319000,1.62731,1.62889,1.6271,1.6288,146300000,1
1289575320000,1289575379000,1.62884,1.62923,1.62848,1.62848,145500000,1
1289575380000,1289575439000,1.62848,1.62881,1.62767,1.62855,130100000,1
1289575440000,1289575499000,1.62861,1.62904,1.62844,1.6289,132800000,1
1289575500000,1289575559000,1.62894,1.62942,1.62841,1.62942,134000000,1
1289575560000,1289575619000,1.62962,1.62977,1.62846,1.62869,133600000,1
1289575620000,1289575679000,1.62872,1.6298,1.62845,1.6298,139800000,1
1289575680000,1289575739000,1.62983,1.63034,1.62978,1.63018,128300000,1
1289575740000,1289575799000,1.63014,1.6302,1.62929,1.62939,122300000,1
1289575800000,1289575859000,1.62941,1.62967,1.62846,1.62878,154200000,1
1289575860000,1289575919000,1.62886,1.62915,1.62796,1.62801,152100000,1
1289575920000,1289575979000,1.62804,1.62821,1.62769,1.62771,143600000,1
1289575980000,1289576039000,1.62771,1.62773,1.62726,1.62727,103600000,1
1289576040000,1289576099000,1.62722,1.62858,1.62717,1.62824,175800000,1
1289576100000,1289576159000,1.62827,1.62905,1.62823,1.62891,117600000,1
1289576160000,1289576219000,1.62885,1.62909,1.62835,1.62866,136200000,1
1289576220000,1289576279000,1.62871,1.62907,1.6283,1.62833,107800000,1
1289576280000,1289576339000,1.62847,1.62954,1.62847,1.62923,124500000,1
1289576340000,1289576399000,1.62924,1.62924,1.628,1.62811,119400000,1
1289576400000,1289576459000,1.62819,1.62877,1.62791,1.6286,103300000,1
1289576460000,1289576519000,1.62855,1.62855,1.62725,1.6274,113300000,1
1289576520000,1289576579000,1.62737,1.62882,1.62725,1.62874,129600000,1
1289576580000,1289576639000,1.62853,1.62872,1.6281,1.62829,119200000,1
1289576640000,1289576699000,1.62829,1.62848,1.62783,1.62816,99200000,1
1289576700000,1289576759000,1.62816,1.62841,1.62801,1.6284,87700000,1
1289576760000,1289576819000,1.62839,1.62902,1.62828,1.62833,132600000,1
1289576820000,1289576879000,1.62834,1.62894,1.62834,1.62886,158200000,1
1289576880000,1289576939000,1.62889,1.62901,1.62862,1.62862,107200000,1
1289576940000,1289576999000,1.62867,1.62929,1.6286,1.62929,141700000,1
1289577000000,1289577059000,1.62926,1.62997,1.62918,1.62989,90400000,1
1289577060000,1289577119000,1.62989,1.6299,1.62957,1.62975,89400000,1
1289577120000,1289577179000,1.62979,1.63061,1.62975,1.63041,129800000,1
1289577180000,1289577239000,1.63039,1.63105,1.63034,1.63064,153400000,1
1289577240000,1289577299000,1.63064,1.63157,1.63047,1.63144,135500000,1
1289577300000,1289577359000,1.63146,1.63273,1.6313,1.63264,149500000,1
1289577360000,1289577419000,1.63276,1.63295,1.63225,1.63288,145900000,1
1289577420000,1289577479000,1.63281,1.63351,1.63255,1.63294,203200000,1
1289577480000,1289577539000,1.63288,1.63345,1.63266,1.63341,112700000,1
1289577540000,1289577599000,1.63337,1.63445,1.63294,1.6337,160900000,1
1289577600000,1289577659000,1.63365,1.63365,1.63268,1.63314,166400000,1
1289577660000,1289577719000,1.633,1.63308,1.63189,1.63231,127900000,1
1289577720000,1289577779000,1.63231,1.63281,1.63231,1.63246,132400000,1
1289577780000,1289577839000,1.63248,1.6327,1.63209,1.63212,138000000,1
1289577840000,1289577899000,1.63201,1.63203,1.63142,1.63142,90200000,1
1289577900000,1289577959000,1.6315,1.63235,1.6315,1.63214,101200000,1
1289577960000,1289578019000,1.63212,1.63251,1.63204,1.6322,120100000,1
1289578020000,1289578079000,1.63227,1.63236,1.63194,1.63196,91700000,1
1289578080000,1289578139000,1.63195,1.63224,1.63163,1.63165,118200000,1
1289578140000,1289578199000,1.63173,1.63186,1.63116,1.63124,91100000,1
1289578200000,1289578259000,1.63131,1.63131,1.63093,1.63104,105800000,1
1289578260000,1289578319000,1.63106,1.63128,1.63061,1.63098,91200000,1
1289578320000,1289578379000,1.63109,1.63111,1.63052,1.63053,77100000,1
1289578380000,1289578439000,1.63058,1.63097,1.6305,1.63097,65500000,1
1289578440000,1289578499000,1.63093,1.63122,1.63066,1.63086,98700000,1
1289578500000,1289578559000,1.63085,1.63128,1.63085,1.63101,103200000,1
1289578560000,1289578619000,1.63095,1.63114,1.63085,1.63108,93400000,1
1289578620000,1289578679000,1.63116,1.63122,1.63042,1.63075,113300000,1
1289578680000,1289578739000,1.63077,1.63091,1.63041,1.63063,124200000,1
1289578740000,1289578799000,1.63062,1.63119,1.63062,1.631,134300000,1
1289578800000,1289578859000,1.63098,1.63098,1.63031,1.63055,93600000,1
1289578860000,1289578919000,1.63054,1.63068,1.63018,1.63023,109600000,1
1289578920000,1289578979000,1.63023,1.63042,1.62993,1.63018,113100000,1
1289578980000,1289579039000,1.63014,1.63027,1.62988,1.62989,99100000,1
1289579040000,1289579099000,1.62985,1.63043,1.62985,1.63017,108700000,1
1289579100000,1289579159000,1.63018,1.63018,1.62967,1.62988,104400000,1
1289579160000,1289579219000,1.62988,1.63005,1.62956,1.62969,137500000,1
1289579220000,1289579279000,1.62962,1.63069,1.62952,1.63058,114400000,1
1289579280000,1289579339000,1.6306,1.63069,1.62961,1.62987,114900000,1
1289579340000,1289579399000,1.62967,1.62974,1.62925,1.62936,102400000,1
1289579400000,1289579459000,1.62938,1.62962,1.62884,1.6295,183200000,1
1289579460000,1289579519000,1.62953,1.62963,1.62927,1.62951,128600000,1
1289579520000,1289579579000,1.62953,1.62969,1.62932,1.62933,83500000,1
1289579580000,1289579639000,1.62936,1.62953,1.6293,1.62951,79200000,1
1289579640000,1289579699000,1.62949,1.62969,1.62941,1.62953,100400000,1
1289579700000,1289579759000,1.62943,1.62956,1.62911,1.62946,100000000,1
1289579760000,1289579819000,1.62946,1.62985,1.6294,1.62977,107800000,1
1289579820000,1289579879000,1.62977,1.6298,1.62948,1.62969,91600000,1
1289579880000,1289579939000,1.62985,1.63068,1.62971,1.6306,120500000,1
1289579940000,1289579999000,1.6306,1.63084,1.63041,1.63066,135500000,1
1289580000000,1289580059000,1.63066,1.63091,1.63053,1.63091,95600000,1
1289580060000,1289580119000,1.63089,1.63089,1.63044,1.63044,88900000,1
1289580120000,1289580179000,1.63044,1.63056,1.62986,1.62996,96900000,1
1289580180000,1289580239000,1.63006,1.63037,1.63006,1.63032,82400000,1
1289580240000,1289580299000,1.63032,1.63103,1.63032,1.63076,125700000,1
1289580300000,1289580359000,1.63067,1.63101,1.63058,1.63061,90200000,1
1289580360000,1289580419000,1.63066,1.63085,1.6304,1.63079,118400000,1
1289580420000,1289580479000,1.63079,1.63182,1.63071,1.63182,156300000,1
1289580480000,1289580539000,1.63183,1.63213,1.63113,1.6316,159300000,1
1289580540000,1289580599000,1.6316,1.63192,1.63149,1.63166,136200000,1
1289580600000,1289580659000,1.63184,1.63293,1.63178,1.63227,114200000,1
1289580660000,1289580719000,1.63227,1.63274,1.63222,1.6323,114700000,1
1289580720000,1289580779000,1.6323,1.63252,1.63204,1.63246,114400000,1
1289580780000,1289580839000,1.63239,1.63244,1.63158,1.63172,127300000,1
1289580840000,1289580899000,1.63172,1.63204,1.63138,1.63145,121400000,1
1289580900000,1289580959000,1.63154,1.63225,1.63129,1.63193,150800000,1
1289580960000,1289581019000,1.63185,1.63205,1.63172,1.63183,96400000,1
1289581020000,1289581079000,1.63189,1.63253,1.63182,1.63231,128200000,1
1289581080000,1289581139000,1.6323,1.63271,1.63205,1.63217,128900000,1
1289581140000,1289581199000,1.63217,1.6324,1.63188,1.63222,120200000,1
1289581200000,1289581259000,1.63207,1.6324,1.63197,1.63223,103300000,1
1289581260000,1289581319000,1.63219,1.63274,1.63218,1.63246,100900000,1
1289581320000,1289581379000,1.63251,1.63334,1.63193,1.63331,148700000,1
1289581380000,1289581439000,1.63331,1.63378,1.633,1.63329,122100000,1
1289581440000,1289581499000,1.63325,1.63377,1.63308,1.63356,127100000,1
1289581500000,1289581559000,1.63359,1.63359,1.63288,1.63292,101700000,1
1289581560000,1289581619000,1.63292,1.63308,1.63263,1.63274,123000000,1
1289581620000,1289581679000,1.63279,1.63326,1.63266,1.63287,143400000,1
1289581680000,1289581739000,1.63282,1.63305,1.63258,1.63258,112900000,1
1289581740000,1289581799000,1.63258,1.63322,1.63258,1.63313,104800000,1
1289581800000,1289581859000,1.6332,1.63415,1.633,1.6341,118300000,1
1289581860000,1289581919000,1.63404,1.6341,1.63295,1.63343,131200000,1
1289581920000,1289581979000,1.63347,1.63412,1.63347,1.63366,129200000,1
1289581980000,1289582039000,1.63367,1.63434,1.63367,1.63396,109300000,1
1289582040000,1289582099000,1.63386,1.63467,1.63386,1.63454,119100000,1
1289582100000,1289582159000,1.63463,1.63529,1.63444,1.63503,152100000,1
1289582160000,1289582219000,1.6349,1.63604,1.6349,1.6356,131200000,1
1289582220000,1289582279000,1.63558,1.6358,1.63517,1.63539,136600000,1
1289582280000,1289582339000,1.63543,1.63644,1.63536,1.63643,132700000,1
1289582340000,1289582399000,1.63652,1.63652,1.63583,1.63628,145400000,1
1289582400000,1289582459000,1.63614,1.63679,1.63573,1.6366,137200000,1
1289582460000,1289582519000,1.63661,1.63717,1.63648,1.63659,136300000,1
1289582520000,1289582579000,1.63649,1.63737,1.63649,1.63715,89500000,1
1289582580000,1289582639000,1.63727,1.63756,1.63684,1.63752,109900000,1
1289582640000,1289582699000,1.63754,1.63797,1.63663,1.63665,162100000,1
1289582700000,1289582759000,1.63665,1.63688,1.6365,1.63656,102000000,1
1289582760000,1289582819000,1.63656,1.63676,1.63623,1.63623,102100000,1
1289582820000,1289582879000,1.63633,1.63633,1.6358,1.63613,102000000,1
1289582880000,1289582939000,1.63622,1.63659,1.63603,1.63639,103100000,1
1289582940000,1289582999000,1.63639,1.63692,1.63632,1.63672,117200000,1
1289583000000,1289583059000,1.63678,1.63749,1.63656,1.63735,179700000,1
1289583060000,1289583119000,1.63739,1.63751,1.63714,1.63731,114700000,1
1289583120000,1289583179000,1.63741,1.63772,1.63741,1.63764,86300000,1
1289583180000,1289583239000,1.63761,1.63773,1.63717,1.63764,75000000,1
1289583240000,1289583299000,1.63759,1.63949,1.63759,1.63949,133800000,1
1289583300000,1289583359000,1.63949,1.64034,1.63896,1.64024,183100000,1
1289583360000,1289583419000,1.64017,1.64019,1.63898,1.63913,108200000,1
1289583420000,1289583479000,1.6391,1.6391,1.63828,1.6383,124500000,1
1289583480000,1289583539000,1.63823,1.6385,1.63731,1.63799,105600000,1
1289583540000,1289583599000,1.63788,1.63813,1.63761,1.63765,124300000,1
1289583600000,1289583659000,1.63764,1.63812,1.6373,1.63755,153500000,1
1289583660000,1289583719000,1.63755,1.63755,1.63689,1.63705,112000000,1
1289583720000,1289583779000,1.63705,1.63833,1.63692,1.63767,128500000,1
1289583780000,1289583839000,1.63773,1.63774,1.63737,1.63758,79700000,1
1289583840000,1289583899000,1.63758,1.6378,1.63731,1.63743,78700000,1
1289583900000,1289583959000,1.63743,1.63756,1.6371,1.63739,130900000,1
1289583960000,1289584019000,1.63738,1.63752,1.63705,1.63718,99000000,1
1289584020000,1289584079000,1.63723,1.63748,1.63701,1.63706,95500000,1
1289584080000,1289584139000,1.63699,1.63764,1.63699,1.63713,110600000,1
1289584140000,1289584199000,1.63729,1.63875,1.6372,1.63862,137100000,1
1289584200000,1289584259000,1.63857,1.6392,1.63852,1.63901,124500000,1
1289584260000,1289584319000,1.63891,1.63943,1.63858,1.63907,123500000,1
1289584320000,1289584379000,1.6389,1.63897,1.63817,1.63826,98200000,1
1289584380000,1289584439000,1.63824,1.63824,1.63737,1.63737,112800000,1
1289584440000,1289584499000,1.6374,1.63777,1.63731,1.63766,95300000,1
1289584500000,1289584559000,1.63756,1.63766,1.63687,1.63744,103000000,1
1289584560000,1289584619000,1.63737,1.63793,1.63714,1.63758,127700000,1
1289584620000,1289584679000,1.63763,1.63811,1.63746,1.63806,108400000,1
1289584680000,1289584739000,1.63807,1.63841,1.63752,1.63841,135500000,1
1289584740000,1289584799000,1.63828,1.63832,1.63768,1.63778,151800000,1
1289584800000,1289584859000,1.63783,1.63815,1.63754,1.63798,106200000,1
1289584860000,1289584919000,1.63798,1.63798,1.63703,1.63749,115000000,1
1289584920000,1289584979000,1.63745,1.63764,1.63701,1.63701,98500000,1
1289584980000,1289585039000,1.63698,1.63754,1.63691,1.63695,142300000,1
1289585040000,1289585099000,1.63697,1.63739,1.63693,1.63693,118200000,1
1289585100000,1289585159000,1.6367,1.63671,1.63591,1.63597,113200000,1
1289585160000,1289585219000,1.63597,1.63669,1.63595,1.6365,121500000,1
1289585220000,1289585279000,1.63653,1.63675,1.63628,1.63675,100900000,1
1289585280000,1289585339000,1.63675,1.63718,1.63656,1.63691,121800000,1
1289585340000,1289585399000,1.6369,1.6373,1.63681,1.63712,122600000,1
1289585400000,1289585459000,1.63718,1.63728,1.63692,1.63717,114900000,1
1289585460000,1289585519000,1.63717,1.63746,1.637,1.6374,70900000,1
1289585520000,1289585579000,1.6374,1.6374,1.63673,1.63673,64700000,1
1289585580000,1289585639000,1.63673,1.63677,1.6365,1.6365,93500000,1
1289585640000,1289585699000,1.6365,1.63702,1.63647,1.63702,65900000,1
1289585700000,1289585759000,1.63702,1.63712,1.6367,1.63711,72400000,1
1289585760000,1289585819000,1.6372,1.63747,1.63719,1.63746,56100000,1
1289585820000,1289585879000,1.63746,1.63781,1.63741,1.63775,71200000,1
1289585880000,1289585939000,1.63775,1.63801,1.63764,1.63797,101200000,1
1289585940000,1289585999000,1.6381,1.63814,1.63751,1.63799,97700000,1
1289586000000,1289586059000,1.63803,1.6386,1.63802,1.6386,108700000,1
1289586060000,1289586119000,1.63865,1.63869,1.63846,1.63863,82700000,1
1289586120000,1289586179000,1.63863,1.63888,1.63826,1.63879,117500000,1
1289586180000,1289586239000,1.63872,1.63872,1.63836,1.63852,67000000,1
1289586240000,1289586299000,1.63852,1.63854,1.63788,1.63788,107300000,1
1289586300000,1289586359000,1.63792,1.63827,1.63763,1.6379,110100000,1
1289586360000,1289586419000,1.6379,1.63791,1.63692,1.63699,103900000,1
1289586420000,1289586479000,1.63699,1.63705,1.63673,1.63677,102600000,1
1289586480000,1289586539000,1.6368,1.63726,1.63644,1.63658,119900000,1
1289586540000,1289586599000,1.63653,1.63684,1.63632,1.6366,139100000,1
1289586600000,1289586659000,1.6366,1.63753,1.63619,1.63664,119900000,1
1289586660000,1289586719000,1.63668,1.6374,1.63635,1.63635,139600000,1
1289586720000,1289586779000,1.63635,1.63702,1.63614,1.63639,91400000,1
1289586780000,1289586839000,1.63644,1.63712,1.63619,1.63632,96500000,1
1289586840000,1289586899000,1.63647,1.63679,1.63633,1.63679,106000000,1
1289586900000,1289586959000,1.63679,1.63692,1.63647,1.63647,72100000,1
1289586960000,1289587019000,1.63647,1.63647,1.63613,1.63626,82600000,1
1289587020000,1289587079000,1.63625,1.63625,1.63586,1.636,74000000,1
1289587080000,1289587139000,1.636,1.63606,1.6355,1.63606,94700000,1
1289587140000,1289587199000,1.63599,1.63638,1.63577,1.63622,102100000,1
1289587200000,1289587259000,1.63622,1.63658,1.63599,1.636,77000000,1
1289587260000,1289587319000,1.63592,1.63613,1.63573,1.63608,86500000,1
1289587320000,1289587379000,1.63609,1.63625,1.63594,1.63605,83500000,1
1289587380000,1289587439000,1.636,1.6363,1.63583,1.63616,68700000,1
1289587440000,1289587499000,1.63626,1.63633,1.63586,1.63615,88200000,1
1289587500000,1289587559000,1.63615,1.63625,1.63594,1.63594,48400000,1
1289587560000,1289587619000,1.63594,1.63621,1.63584,1.63611,74100000,1
1289587620000,1289587679000,1.63611,1.63632,1.63602,1.63613,77700000,1
1289587680000,1289587739000,1.63613,1.63664,1.63604,1.63646,77400000,1
1289587740000,1289587799000,1.63646,1.63646,1.63609,1.63616,66000000,1
1289587800000,1289587859000,1.63612,1.63625,1.63595,1.63602,77700000,1
1289587860000,1289587919000,1.63602,1.63667,1.63575,1.63657,93200000,1
1289587920000,1289587979000,1.63657,1.63698,1.6365,1.63698,75600000,1
1289587980000,1289588039000,1.63698,1.63708,1.63683,1.63696,66700000,1
1289588040000,1289588099000,1.63696,1.63696,1.63667,1.63683,59400000,1
1289588100000,1289588159000,1.63682,1.63699,1.63682,1.63698,46000000,1
1289588160000,1289588219000,1.63698,1.63721,1.63695,1.63705,59000000,1
1289588220000,1289588279000,1.63705,1.63721,1.63676,1.63679,73500000,1
1289588280000,1289588339000,1.63677,1.63717,1.63662,1.63717,72800000,1
1289588340000,1289588399000,1.63717,1.63742,1.63695,1.63697,73100000,1
1289588400000,1289588459000,1.63701,1.63716,1.63672,1.63672,64300000,1
1289588460000,1289588519000,1.63671,1.6368,1.63642,1.63642,69200000,1
1289588520000,1289588579000,1.6364,1.63648,1.63611,1.6362,69800000,1
1289588580000,1289588639000,1.63619,1.63669,1.63589,1.63659,68400000,1
1289588640000,1289588699000,1.63659,1.63659,1.6357,1.63573,84100000,1
1289588700000,1289588759000,1.63576,1.63601,1.63558,1.63558,69400000,1
1289588760000,1289588819000,1.63564,1.63611,1.63564,1.63576,60300000,1
1289588820000,1289588879000,1.63576,1.63607,1.63572,1.63607,44700000,1
1289588880000,1289588939000,1.63606,1.63656,1.63606,1.63656,49400000,1
1289588940000,1289588999000,1.63656,1.63656,1.63544,1.63544,72600000,1
1289589000000,1289589059000,1.63554,1.63578,1.63487,1.63535,117800000,1
1289589060000,1289589119000,1.63535,1.63553,1.63502,1.63539,60800000,1
1289589120000,1289589179000,1.63539,1.63581,1.63539,1.63581,55900000,1
1289589180000,1289589239000,1.63581,1.63601,1.63572,1.63594,76200000,1
1289589240000,1289589299000,1.63599,1.63605,1.63549,1.6357,113900000,1
1289589300000,1289589359000,1.63578,1.63624,1.63566,1.63567,75700000,1
1289589360000,1289589419000,1.63567,1.6359,1.63559,1.63574,94600000,1
1289589420000,1289589479000,1.63574,1.63586,1.6354,1.6357,123200000,1
1289589480000,1289589539000,1.63561,1.63611,1.63535,1.63602,99400000,1
1289589540000,1289589599000,1.63606,1.63655,1.636,1.63625,112300000,1
1289589600000,1289589659000,1.63606,1.6364,1.63595,1.63613,112900000,1
1289589660000,1289589719000,1.63613,1.63614,1.63556,1.63569,88000000,1
1289589720000,1289589779000,1.63566,1.63643,1.63566,1.63627,96000000,1
1289589780000,1289589839000,1.6363,1.63647,1.63614,1.63614,59800000,1
1289589840000,1289589899000,1.63617,1.63666,1.63617,1.63657,77100000,1
1289589900000,1289589959000,1.63657,1.63661,1.63603,1.63603,88600000,1
1289589960000,1289590019000,1.636,1.636,1.63563,1.63568,76300000,1
1289590020000,1289590079000,1.6357,1.6367,1.6357,1.63646,88000000,1
1289590080000,1289590139000,1.63653,1.63698,1.63648,1.6368,93500000,1
1289590140000,1289590199000,1.6368,1.6368,1.63662,1.63673,89500000,1
1289590200000,1289590259000,1.63673,1.63681,1.63658,1.63673,67300000,1
1289590260000,1289590319000,1.63676,1.6372,1.63676,1.63699,120900000,1
1289590320000,1289590379000,1.63692,1.63718,1.63648,1.63657,139900000,1
1289590380000,1289590439000,1.63657,1.63683,1.63637,1.63679,165100000,1
1289590440000,1289590499000,1.63671,1.63725,1.63665,1.63705,122200000,1
1289590500000,1289590559000,1.63701,1.63748,1.63698,1.63743,92100000,1
1289590560000,1289590619000,1.63738,1.63738,1.63715,1.63728,79900000,1
1289590620000,1289590679000,1.63728,1.6373,1.63705,1.63711,91700000,1
1289590680000,1289590739000,1.6371,1.6371,1.63688,1.63703,105200000,1
1289590740000,1289590799000,1.63701,1.63702,1.63676,1.63691,84700000,1
1289590800000,1289590859000,1.63691,1.63703,1.63646,1.63667,90800000,1
1289590860000,1289590919000,1.63667,1.63683,1.63664,1.63677,58400000,1
1289590920000,1289590979000,1.63675,1.63688,1.63658,1.63662,64500000,1
1289590980000,1289591039000,1.63667,1.63696,1.63667,1.63696,63400000,1
1289591040000,1289591099000,1.63696,1.63717,1.63684,1.6371,66600000,1
1289591100000,1289591159000,1.6371,1.63736,1.6369,1.63715,70700000,1
1289591160000,1289591219000,1.63715,1.63715,1.6365,1.6365,75600000,1
1289591220000,1289591279000,1.63646,1.63674,1.63637,1.63637,110100000,1
1289591280000,1289591339000,1.6364,1.63679,1.6364,1.63657,61500000,1
1289591340000,1289591399000,1.63657,1.63693,1.63652,1.63682,56900000,1
1289591400000,1289591459000,1.63681,1.63707,1.63667,1.63697,101700000,1
1289591460000,1289591519000,1.63692,1.63692,1.63638,1.63638,103400000,1
1289591520000,1289591579000,1.63627,1.63628,1.63583,1.63606,92600000,1
1289591580000,1289591639000,1.63606,1.63638,1.63577,1.63638,90700000,1
1289591640000,1289591699000,1.63639,1.63671,1.63634,1.63641,108500000,1
1289591700000,1289591759000,1.63641,1.63669,1.63641,1.63654,73200000,1
1289591760000,1289591819000,1.63651,1.63681,1.63647,1.63676,80000000,1
1289591820000,1289591879000,1.63668,1.63689,1.63668,1.6368,61800000,1
1289591880000,1289591939000,1.6368,1.63813,1.63671,1.63775,128000000,1
1289591940000,1289591999000,1.63775,1.63825,1.63767,1.63791,117200000,1
1289592000000,1289592059000,1.63791,1.63791,1.63688,1.63717,95900000,1
1289592060000,1289592119000,1.63718,1.63723,1.63681,1.63707,82800000,1
1289592120000,1289592179000,1.63713,1.63713,1.63673,1.63673,66400000,1
1289592180000,1289592239000,1.63673,1.637,1.63654,1.63662,89600000,1
1289592240000,1289592299000,1.63662,1.63665,1.63613,1.63655,110400000,1
1289592300000,1289592359000,1.63655,1.63661,1.63623,1.63651,48000000,1
1289592360000,1289592419000,1.63648,1.63678,1.63633,1.6365,84000000,1
1289592420000,1289592479000,1.6365,1.63658,1.63637,1.63637,77900000,1
1289592480000,1289592539000,1.63633,1.63671,1.63605,1.63619,107400000,1
1289592540000,1289592599000,1.63619,1.63636,1.63596,1.63619,80000000,1
1289592600000,1289592659000,1.63619,1.63645,1.63617,1.63643,100200000,1
1289592660000,1289592719000,1.63643,1.63643,1.63634,1.63639,65400000,1
1289592720000,1289592779000,1.63639,1.6367,1.63619,1.63639,82200000,1
1289592780000,1289592839000,1.63644,1.63644,1.63612,1.63623,69700000,1
1289592840000,1289592899000,1.63623,1.63657,1.63622,1.63657,62100000,1
1289592900000,1289592959000,1.63648,1.63695,1.63648,1.63695,72700000,1
1289592960000,1289593019000,1.63695,1.63708,1.63678,1.63684,74700000,1
1289593020000,1289593079000,1.63683,1.63715,1.63679,1.637,70800000,1
1289593080000,1289593139000,1.637,1.63704,1.63668,1.63668,83100000,1
1289593140000,1289593199000,1.63668,1.63675,1.63633,1.63651,96800000,1
1289593200000,1289593259000,1.6364,1.63694,1.63612,1.6367,98400000,1
1289593260000,1289593319000,1.6367,1.63676,1.63599,1.63645,93100000,1
1289593320000,1289593379000,1.63645,1.63646,1.63609,1.63627,116500000,1
1289593380000,1289593439000,1.63625,1.63642,1.63589,1.63601,117600000,1
1289593440000,1289593499000,1.63592,1.63604,1.63592,1.63601,84800000,1
1289593500000,1289593559000,1.63601,1.63622,1.63591,1.63617,75600000,1
1289593560000,1289593619000,1.63617,1.63665,1.63617,1.63648,67400000,1
1289593620000,1289593679000,1.63648,1.63694,1.63586,1.63586,91800000,1
1289593680000,1289593739000,1.63583,1.63602,1.63577,1.63599,53400000,1
1289593740000,1289593799000,1.63599,1.63623,1.63578,1.63581,101300000,1
1289593800000,1289593859000,1.6359,1.63647,1.6358,1.63602,110100000,1
1289593860000,1289593919000,1.63602,1.63602,1.63566,1.63585,106200000,1
1289593920000,1289593979000,1.63585,1.63586,1.63553,1.63565,87300000,1
1289593980000,1289594039000,1.63572,1.63582,1.63565,1.63566,100500000,1
1289594040000,1289594099000,1.6357,1.63582,1.63562,1.63582,133300000,1
1289594100000,1289594159000,1.63582,1.63594,1.63572,1.6358,131200000,1
1289594160000,1289594219000,1.6358,1.63588,1.63568,1.63572,73300000,1
1289594220000,1289594279000,1.63572,1.63599,1.63558,1.63572,119400000,1
1289594280000,1289594339000,1.63572,1.63589,1.63554,1.63561,100400000,1
1289594340000,1289594399000,1.63561,1.63564,1.63546,1.63546,103300000,1
1289594400000,1289594459000,1.63558,1.63558,1.63493,1.63539,130500000,1
1289594460000,1289594519000,1.63533,1.63554,1.63508,1.63539,107500000,1
1289594520000,1289594579000,1.63539,1.63548,1.63519,1.6354,78600000,1
1289594580000,1289594639000,1.6354,1.63582,1.6354,1.63562,75300000,1
1289594640000,1289594699000,1.6356,1.63584,1.63554,1.63568,69700000,1
1289594700000,1289594759000,1.63567,1.63567,1.63513,1.63513,83200000,1
1289594760000,1289594819000,1.63516,1.63551,1.63503,1.63544,72400000,1
1289594820000,1289594879000,1.63535,1.63564,1.63523,1.63539,43600000,1
1289594880000,1289594939000,1.63535,1.63538,1.63511,1.63515,75000000,1
1289594940000,1289594999000,1.63515,1.63525,1.63493,1.63493,67400000,1
1289595000000,1289595059000,1.63498,1.63512,1.63483,1.63502,59800000,1
1289595060000,1289595119000,1.63502,1.63531,1.63498,1.63523,75900000,1
1289595120000,1289595179000,1.63532,1.63548,1.63505,1.63526,76100000,1
1289595180000,1289595239000,1.63526,1.63565,1.63521,1.63554,82900000,1
1289595240000,1289595299000,1.63554,1.63554,1.6349,1.6349,88400000,1
1289595300000,1289595359000,1.63488,1.63494,1.63474,1.63494,63700000,1
1289595360000,1289595419000,1.63492,1.63531,1.63478,1.63515,79300000,1
1289595420000,1289595479000,1.63515,1.63531,1.63445,1.63449,85700000,1
1289595480000,1289595539000,1.63449,1.63505,1.63449,1.63487,72400000,1
1289595540000,1289595599000,1.63487,1.63519,1.63487,1.63505,74400000,1
1289595600000,1289595659000,1.63492,1.6354,1.63481,1.63518,85700000,1
1289595660000,1289595719000,1.63534,1.63536,1.63519,1.63536,53000000,1
1289595720000,1289595779000,1.63536,1.63593,1.63482,1.63501,152800000,1
1289595780000,1289595839000,1.63511,1.63513,1.63469,1.63495,52100000,1
1289595840000,1289595899000,1.63495,1.63653,1.63495,1.63622,112800000,1
1289595900000,1289595959000,1.63622,1.63623,1.63568,1.636,41900000,1
1289595960000,1289596019000,1.63591,1.63599,1.63591,1.63598,46000000,1
1289596020000,1289596079000,1.63598,1.63644,1.63585,1.63623,67400000,1
1289596080000,1289596139000,1.63636,1.6367,1.63621,1.63637,70600000,1
1289596140000,1289596199000,1.63643,1.63662,1.6361,1.63653,64100000,1
1289596200000,1289596259000,1.63653,1.63653,1.63611,1.63614,44000000,1
1289596260000,1289596319000,1.63614,1.6365,1.63607,1.6365,51600000,1
1289596320000,1289596379000,1.6365,1.63661,1.63613,1.63613,60000000,1
1289596380000,1289596439000,1.63607,1.63619,1.63487,1.63493,56100000,1
1289596440000,1289596499000,1.63493,1.63493,1.63453,1.63488,48900000,1
1289596500000,1289596559000,1.63482,1.63482,1.63463,1.63471,30700000,1
1289596560000,1289596619000,1.63468,1.63522,1.63464,1.63508,83300000,1
1289596620000,1289596679000,1.63519,1.63519,1.63485,1.63485,49200000,1
1289596680000,1289596739000,1.63472,1.63534,1.63466,1.63497,51900000,1
1289596740000,1289596799000,1.63497,1.63543,1.63487,1.63494,59600000,1
1289596800000,1289596859000,1.63497,1.63611,1.63497,1.63611,56200000,1
1289596860000,1289596919000,1.63613,1.63653,1.63602,1.63602,76400000,1
1289596920000,1289596979000,1.63591,1.63621,1.63587,1.63621,40900000,1
1289596980000,1289597039000,1.63621,1.63621,1.63582,1.63582,25900000,1
1289597040000,1289597099000,1.63582,1.63629,1.6358,1.63619,34100000,1
1289597100000,1289597159000,1.63619,1.63619,1.63598,1.63598,45700000,1
1289597160000,1289597219000,1.63598,1.63624,1.63583,1.63601,76300000,1
1289597220000,1289597279000,1.63608,1.63608,1.63595,1.63608,69700000,1
1289597280000,1289597339000,1.63608,1.63615,1.63606,1.63615,35700000,1
1289597340000,1289597399000,1.63615,1.63615,1.63609,1.63609,40300000,1
1289597400000,1289597459000,1.63609,1.63614,1.6355,1.6355,42100000,1
1289597460000,1289597519000,1.6355,1.6355,1.6355,1.6355,58000000,1
1289597520000,1289597579000,1.6355,1.63557,1.63512,1.63512,72800000,1
1289597580000,1289597639000,1.63512,1.63528,1.63512,1.63519,68100000,1
1289597640000,1289597699000,1.63519,1.63533,1.63519,1.63533,57100000,1
1289597700000,1289597759000,1.63533,1.63537,1.6348,1.6348,64800000,1
1289597760000,1289597819000,1.6348,1.63527,1.6348,1.63525,59400000,1
1289597820000,1289597879000,1.63528,1.63528,1.63472,1.63472,58200000,1
1289597880000,1289597939000,1.63472,1.63536,1.63472,1.63536,48200000,1
1289597940000,1289597999000,1.63536,1.63538,1.63512,1.63518,47000000,1
1289598000000,1289598059000,1.63518,1.63518,1.63486,1.63496,35900000,1
1289598060000,1289598119000,1.63496,1.63509,1.63496,1.63509,31800000,1
1289598120000,1289598179000,1.63509,1.63516,1.63505,1.63516,42200000,1
1289598180000,1289598239000,1.63513,1.63514,1.6348,1.63488,51900000,1
1289598240000,1289598299000,1.63488,1.63578,1.63481,1.63572,58300000,1
1289598300000,1289598359000,1.63572,1.63609,1.63562,1.63582,83900000,1
1289598360000,1289598419000,1.63582,1.63609,1.63582,1.63582,62200000,1
1289598420000,1289598479000,1.63582,1.63614,1.63558,1.63587,81500000,1
1289598480000,1289598539000,1.63602,1.63616,1.63574,1.63586,59300000,1
1289598540000,1289598599000,1.63576,1.63603,1.63576,1.63576,37200000,1
1289598600000,1289598659000,1.6358,1.63608,1.63567,1.63574,71000000,1
1289598660000,1289598719000,1.63572,1.63607,1.63549,1.63578,66500000,1
1289598720000,1289598779000,1.63579,1.63579,1.63458,1.63458,63900000,1
1289598780000,1289598839000,1.63458,1.63515,1.63458,1.63458,70200000,1
1289598840000,1289598899000,1.63458,1.63541,1.63452,1.63541,78300000,1
1289598900000,1289598959000,1.63475,1.63595,1.63434,1.63573,88600000,1
1289598960000,1289599019000,1.63573,1.63582,1.63509,1.63582,49100000,1
1289599020000,1289599079000,1.63559,1.63585,1.63537,1.63537,60200000,1
1289599080000,1289599139000,1.63537,1.63548,1.63516,1.63533,66500000,1
1289599140000,1289599199000,1.63532,1.63633,1.63527,1.63582,98500000,1
1289599200000,1289599259000,1.63582,1.63582,1.63582,1.63582,0,1
1289599260000,1289599319000,1.63582,1.63582,1.63582,1.63582,0,1
1289599320000,1289599379000,1.63582,1.63582,1.63582,1.63582,0,1
1289599380000,1289599439000,1.63582,1.63582,1.63582,1.63582,0,1
1289599440000,1289599499000,1.63582,1.63582,1.63582,1.63582,0,1
1289599500000,1289599559000,1.63582,1.63582,1.63582,1.63582,0,1
1289599560000,1289599619000,1.63582,1.63582,1.63582,1.63582,0,1
1289599620000,1289599679000,1.63582,1.63582,1.63582,1.63582,0,1
1289599680000,1289599739000,1.63582,1.63582,1.63582,1.63582,0,1
1289599740000,1289599799000,1.63582,1.63582,1.63582,1.63582,0,1
1289599800000,1289599859000,1.63582,1.63582,1.63582,1.63582,0,1
1289599860000,1289599919000,1.63582,1.63582,1.63582,1.63582,0,1
1289599920000,1289599979000,1.63582,1.63582,1.63582,1.63582,0,1
1289599980000,1289600039000,1.63582,1.63582,1.63582,1.63582,0,1
1289600040000,1289600099000,1.63582,1.63582,1.63582,1.63582,0,1
1289600100000,1289600159000,1.63582,1.63582,1.63582,1.63582,0,1
1289600160000,1289600219000,1.63582,1.63582,1.63582,1.63582,0,1
1289600220000,1289600279000,1.63582,1.63582,1.63582,1.63582,0,1
1289600280000,1289600339000,1.63582,1.63582,1.63582,1.63582,0,1
1289600340000,1289600399000,1.63582,1.63582,1.63582,1.63582,0,1
1289600400000,1289600459000,1.63582,1.63582,1.63582,1.63582,0,1
1289600460000,1289600519000,1.63582,1.63582,1.63582,1.63582,0,1
1289600520000,1289600579000,1.63582,1.63582,1.63582,1.63582,0,1
1289600580000,1289600639000,1.63582,1.63582,1.63582,1.63582,0,1
1289600640000,1289600699000,1.63582,1.63582,1.63582,1.63582,0,1
1289600700000,1289600759000,1.63582,1.63582,1.63582,1.63582,0,1
1289600760000,1289600819000,1.63582,1.63582,1.63582,1.63582,0,1
1289600820000,1289600879000,1.63582,1.63582,1.63582,1.63582,0,1
1289600880000,1289600939000,1.63582,1.63582,1.63582,1.63582,0,1
1289600940000,1289600999000,1.63582,1.63582,1.63582,1.63582,0,1
1289601000000,1289601059000,1.63582,1.63582,1.63582,1.63582,0,1
1289601060000,1289601119000,1.63582,1.63582,1.63582,1.63582,0,1
1289601120000,1289601179000,1.63582,1.63582,1.63582,1.63582,0,1
1289601180000,1289601239000,1.63582,1.63582,1.63582,1.63582,0,1
1289601240000,1289601299000,1.63582,1.63582,1.63582,1.63582,0,1
1289601300000,1289601359000,1.63582,1.63582,1.63582,1.63582,0,1
1289601360000,1289601419000,1.63582,1.63582,1.63582,1.63582,0,1
1289601420000,1289601479000,1.63582,1.63582,1.63582,1.63582,0,1
1289601480000,1289601539000,1.63582,1.63582,1.63582,1.63582,0,1
1289601540000,1289601599000,1.63582,1.63582,1.63582,1.63582,0,1
1289601600000,1289601659000,1.63582,1.63582,1.63582,1.63582,0,1
1289601660000,1289601719000,1.63582,1.63582,1.63582,1.63582,0,1
1289601720000,1289601779000,1.63582,1.63582,1.63582,1.63582,0,1
1289601780000,1289601839000,1.63582,1.63582,1.63582,1.63582,0,1
1289601840000,1289601899000,1.63582,1.63582,1.63582,1.63582,0,1
1289601900000,1289601959000,1.63582,1.63582,1.63582,1.63582,0,1
1289601960000,1289602019000,1.63582,1.63582,1.63582,1.63582,0,1
1289602020000,1289602079000,1.63582,1.63582,1.63582,1.63582,0,1
1289602080000,1289602139000,1.63582,1.63582,1.63582,1.63582,0,1
1289602140000,1289602199000,1.63582,1.63582,1.63582,1.63582,0,1
1289602200000,1289602259000,1.63582,1.63582,1.63582,1.63582,0,1
1289602260000,1289602319000,1.63582,1.63582,1.63582,1.63582,0,1
1289602320000,1289602379000,1.63582,1.63582,1.63582,1.63582,0,1
1289602380000,1289602439000,1.63582,1.63582,1.63582,1.63582,0,1
1289602440000,1289602499000,1.63582,1.63582,1.63582,1.63582,0,1
1289602500000,1289602559000,1.63582,1.63582,1.63582,1.63582,0,1
1289602560000,1289602619000,1.63582,1.63582,1.63582,1.63582,0,1
1289602620000,1289602679000,1.63582,1.63582,1.63582,1.63582,0,1
1289602680000,1289602739000,1.63582,1.63582,1.63582,1.63582,0,1
1289602740000,1289602799000,1.63582,1.63582,1.63582,1.63582,0,1
1289602800000,1289602859000,1.63582,1.63582,1.63582,1.63582,0,1
1289602860000,1289602919000,1.63582,1.63582,1.63582,1.63582,0,1
1289602920000,1289602979000,1.63582,1.63582,1.63582,1.63582,0,1
1289602980000,1289603039000,1.63582,1.63582,1.63582,1.63582,0,1
1289603040000,1289603099000,1.63582,1.63582,1.63582,1.63582,0,1
1289603100000,1289603159000,1.63582,1.63582,1.63582,1.63582,0,1
1289603160000,1289603219000,1.63582,1.63582,1.63582,1.63582,0,1
1289603220000,1289603279000,1.63582,1.63582,1.63582,1.63582,0,1
1289603280000,1289603339000,1.63582,1.63582,1.63582,1.63582,0,1
1289603340000,1289603399000,1.63582,1.63582,1.63582,1.63582,0,1
1289603400000,1289603459000,1.63582,1.63582,1.63582,1.63582,0,1
1289603460000,1289603519000,1.63582,1.63582,1.63582,1.63582,0,1
1289603520000,1289603579000,1.63582,1.63582,1.63582,1.63582,0,1
1289603580000,1289603639000,1.63582,1.63582,1.63582,1.63582,0,1
1289603640000,1289603699000,1.63582,1.63582,1.63582,1.63582,0,1
1289603700000,1289603759000,1.63582,1.63582,1.63582,1.63582,0,1
1289603760000,1289603819000,1.63582,1.63582,1.63582,1.63582,0,1
1289603820000,1289603879000,1.63582,1.63582,1.63582,1.63582,0,1
1289603880000,1289603939000,1.63582,1.63582,1.63582,1.63582,0,1
1289603940000,1289603999000,1.63582,1.63582,1.63582,1.63582,0,1
1289604000000,1289604059000,1.63582,1.63582,1.63582,1.63582,0,1
1289604060000,1289604119000,1.63582,1.63582,1.63582,1.63582,0,1
1289604120000,1289604179000,1.63582,1.63582,1.63582,1.63582,0,1
1289604180000,1289604239000,1.63582,1.63582,1.63582,1.63582,0,1
1289604240000,1289604299000,1.63582,1.63582,1.63582,1.63582,0,1
1289604300000,1289604359000,1.63582,1.63582,1.63582,1.63582,0,1
1289604360000,1289604419000,1.63582,1.63582,1.63582,1.63582,0,1
1289604420000,1289604479000,1.63582,1.63582,1.63582,1.63582,0,1
1289604480000,1289604539000,1.63582,1.63582,1.63582,1.63582,0,1
1289604540000,1289604599000,1.63582,1.63582,1.63582,1.63582,0,1
1289604600000,1289604659000,1.63582,1.63582,1.63582,1.63582,0,1
1289604660000,1289604719000,1.63582,1.63582,1.63582,1.63582,0,1
1289604720000,1289604779000,1.63582,1.63582,1.63582,1.63582,0,1
1289604780000,1289604839000,1.63582,1.63582,1.63582,1.63582,0,1
1289604840000,1289604899000,1.63582,1.63582,1.63582,1.63582,0,1
1289604900000,1289604959000,1.63582,1.63582,1.63582,1.63582,0,1
1289604960000,1289605019000,1.63582,1.63582,1.63582,1.63582,0,1
1289605020000,1289605079000,1.63582,1.63582,1.63582,1.63582,0,1
1289605080000,1289605139000,1.63582,1.63582,1.63582,1.63582,0,1
1289605140000,1289605199000,1.63582,1.63582,1.63582,1.63582,0,1
1289605200000,1289605259000,1.63582,1.63582,1.63582,1.63582,0,1
1289605260000,1289605319000,1.63582,1.63582,1.63582,1.63582,0,1
1289605320000,1289605379000,1.63582,1.63582,1.63582,1.63582,0,1
1289605380000,1289605439000,1.63582,1.63582,1.63582,1.63582,0,1
1289605440000,1289605499000,1.63582,1.63582,1.63582,1.63582,0,1
1289605500000,1289605559000,1.63582,1.63582,1.63582,1.63582,0,1
1289605560000,1289605619000,1.63582,1.63582,1.63582,1.63582,0,1
1289605620000,1289605679000,1.63582,1.63582,1.63582,1.63582,0,1
1289605680000,1289605739000,1.63582,1.63582,1.63582,1.63582,0,1
1289605740000,1289605799000,1.63582,1.63582,1.63582,1.63582,0,1
1289605800000,1289605859000,1.63582,1.63582,1.63582,1.63582,0,1
1289605860000,1289605919000,1.63582,1.63582,1.63582,1.63582,0,1
1289605920000,1289605979000,1.63582,1.63582,1.63582,1.63582,0,1
1289605980000,1289606039000,1.63582,1.63582,1.63582,1.63582,0,1
1289606040000,1289606099000,1.63582,1.63582,1.63582,1.63582,0,1
1289606100000,1289606159000,1.63582,1.63582,1.63582,1.63582,0,1
1289606160000,1289606219000,1.63582,1.63582,1.63582,1.63582,0,1
1289606220000,1289606279000,1.63582,1.63582,1.63582,1.63582,0,1
1289606280000,1289606339000,1.63582,1.63582,1.63582,1.63582,0,1
1289606340000,1289606399000,1.63582,1.63582,1.63582,1.63582,0,1
1289772000000,1289772059000,1.63232,1.63237,1.63126,1.63228,39000000,1
1289772060000,1289772119000,1.6314,1.63227,1.6314,1.6314,7600000,1
1289772120000,1289772179000,1.63213,1.63283,1.63213,1.63283,28400000,1
1289772180000,1289772239000,1.63288,1.63376,1.63283,1.63373,39700000,1
1289772240000,1289772299000,1.63373,1.63374,1.6334,1.6334,21000000,1
1289772300000,1289772359000,1.63351,1.63375,1.63351,1.6337,21000000,1
1289772360000,1289772419000,1.63365,1.63365,1.63349,1.63359,13600000,1
1289772420000,1289772479000,1.63358,1.63364,1.63338,1.63353,15400000,1
1289772480000,1289772539000,1.63363,1.63425,1.63363,1.63425,21200000,1
1289772540000,1289772599000,1.63425,1.63425,1.63383,1.63398,23700000,1
1289772600000,1289772659000,1.63402,1.63412,1.63345,1.63373,19900000,1
1289772660000,1289772719000,1.63377,1.63428,1.6337,1.63428,23200000,1
1289772720000,1289772779000,1.63421,1.63421,1.63404,1.63404,4500000,1
1289772780000,1289772839000,1.63387,1.63428,1.63387,1.63427,34700000,1
1289772840000,1289772899000,1.63413,1.63453,1.63371,1.63437,37100000,1
1289772900000,1289772959000,1.63432,1.63463,1.63413,1.63436,38000000,1
1289772960000,1289773019000,1.63457,1.63478,1.63451,1.63464,8700000,1
1289773020000,1289773079000,1.63457,1.63478,1.63457,1.63469,5000000,1
1289773080000,1289773139000,1.63457,1.63494,1.63457,1.63494,6700000,1
1289773140000,1289773199000,1.63494,1.63552,1.63485,1.635,37400000,1
1289773200000,1289773259000,1.63502,1.63512,1.63367,1.63438,26800000,1
1289773260000,1289773319000,1.63464,1.63492,1.63434,1.63477,29600000,1
1289773320000,1289773379000,1.63476,1.63495,1.63476,1.63489,8900000,1
1289773380000,1289773439000,1.63489,1.63489,1.63489,1.63489,1500000,1
1289773440000,1289773499000,1.63489,1.63513,1.63453,1.63453,20400000,1
1289773500000,1289773559000,1.63442,1.6347,1.63436,1.63436,17700000,1
1289773560000,1289773619000,1.63432,1.63448,1.6343,1.6343,8800000,1
1289773620000,1289773679000,1.63415,1.6344,1.63415,1.6344,7500000,1
1289773680000,1289773739000,1.63421,1.63421,1.63421,1.63421,4200000,1
1289773740000,1289773799000,1.63395,1.63435,1.63395,1.63418,158200000,1
1289773800000,1289773859000,1.63427,1.63451,1.63427,1.63451,8600000,1
1289773860000,1289773919000,1.63438,1.63445,1.63438,1.63445,9800000,1
1289773920000,1289773979000,1.63432,1.63432,1.63432,1.63432,2100000,1
1289773980000,1289774039000,1.63452,1.63469,1.63452,1.63469,8700000,1
1289774040000,1289774099000,1.63469,1.63469,1.63458,1.63458,3200000,1
1289774100000,1289774159000,1.63446,1.63446,1.63446,1.63446,2100000,1
1289774160000,1289774219000,1.63453,1.63453,1.63442,1.63442,5000000,1
1289774220000,1289774279000,1.6345,1.6345,1.6345,1.6345,2400000,1
1289774280000,1289774339000,1.63452,1.63452,1.63452,1.63452,1200000,1
1289774340000,1289774399000,1.63453,1.63453,1.63437,1.63437,5700000,1
1289774400000,1289774459000,1.6344,1.6344,1.6339,1.6339,10700000,1
1289774460000,1289774519000,1.63398,1.6343,1.63355,1.63423,22900000,1
1289774520000,1289774579000,1.63429,1.63429,1.63429,1.63429,1500000,1
1289774580000,1289774639000,1.63433,1.63445,1.63433,1.63439,12000000,1
1289774640000,1289774699000,1.63439,1.63456,1.63439,1.63456,7100000,1
1289774700000,1289774759000,1.63442,1.63442,1.63442,1.63442,1200000,1
1289774760000,1289774819000,1.63456,1.63494,1.63456,1.63489,25700000,1
1289774820000,1289774879000,1.63476,1.63476,1.63452,1.63452,16700000,1
1289774880000,1289774939000,1.63452,1.63452,1.63427,1.63432,11900000,1
1289774940000,1289774999000,1.63435,1.63449,1.63435,1.63449,13800000,1
1289775000000,1289775059000,1.63447,1.63447,1.63447,1.63447,1200000,1
1289775060000,1289775119000,1.63447,1.63447,1.63419,1.63419,9100000,1
1289775120000,1289775179000,1.63419,1.63419,1.63386,1.63386,25600000,1
1289775180000,1289775239000,1.63383,1.63383,1.63353,1.63353,11700000,1
1289775240000,1289775299000,1.63353,1.63353,1.63326,1.63331,21400000,1
1289775300000,1289775359000,1.63322,1.63322,1.63322,1.63322,1600000,1
1289775360000,1289775419000,1.63331,1.63331,1.63329,1.63329,7500000,1
1289775420000,1289775479000,1.63338,1.63348,1.63338,1.63348,5500000,1
1289775480000,1289775539000,1.63342,1.63342,1.63302,1.63309,25500000,1
1289775540000,1289775599000,1.63309,1.63322,1.63298,1.63322,21400000,1
1289775600000,1289775659000,1.63322,1.63351,1.63322,1.63346,31800000,1
1289775660000,1289775719000,1.63351,1.63366,1.63341,1.63366,45000000,1
1289775720000,1289775779000,1.63371,1.63371,1.63354,1.63355,28800000,1
1289775780000,1289775839000,1.63354,1.63354,1.63332,1.63333,13300000,1
1289775840000,1289775899000,1.63332,1.63332,1.63297,1.63308,46400000,1
1289775900000,1289775959000,1.63303,1.63317,1.6329,1.63304,47700000,1
1289775960000,1289776019000,1.63304,1.63375,1.63301,1.63375,36100000,1
1289776020000,1289776079000,1.63362,1.63368,1.63309,1.63343,49200000,1
1289776080000,1289776139000,1.63347,1.63397,1.63298,1.63298,50700000,1
1289776140000,1289776199000,1.63308,1.63328,1.63286,1.63313,39100000,1
1289776200000,1289776259000,1.63286,1.63328,1.63286,1.63322,58900000,1
1289776260000,1289776319000,1.63328,1.63328,1.6321,1.63247,82400000,1
1289776320000,1289776379000,1.63261,1.63284,1.63223,1.63284,76700000,1
1289776380000,1289776439000,1.63284,1.63318,1.63284,1.63301,50800000,1
1289776440000,1289776499000,1.63307,1.63313,1.63301,1.63313,28500000,1
1289776500000,1289776559000,1.63313,1.63353,1.63307,1.63347,45300000,1
1289776560000,1289776619000,1.6334,1.63347,1.63331,1.63336,23600000,1
1289776620000,1289776679000,1.63331,1.63331,1.63245,1.63245,34800000,1
1289776680000,1289776739000,1.6324,1.63266,1.63229,1.63247,79600000,1
1289776740000,1289776799000,1.63247,1.63253,1.63247,1.63247,13800000,1
1289776800000,1289776859000,1.63253,1.63273,1.63239,1.63239,31600000,1
1289776860000,1289776919000,1.63247,1.63282,1.63247,1.63269,46900000,1
1289776920000,1289776979000,1.63282,1.6332,1.63262,1.63312,68600000,1
1289776980000,1289777039000,1.63313,1.63328,1.63287,1.6329,64000000,1
1289777040000,1289777099000,1.63298,1.63298,1.63257,1.63263,52100000,1
1289777100000,1289777159000,1.63262,1.63293,1.63228,1.63228,103100000,1
1289777160000,1289777219000,1.63225,1.63225,1.6315,1.6315,65700000,1
1289777220000,1289777279000,1.63169,1.6319,1.63169,1.63177,60600000,1
1289777280000,1289777339000,1.63177,1.63183,1.63169,1.63173,49800000,1
1289777340000,1289777399000,1.63172,1.63172,1.63136,1.63156,44500000,1
1289777400000,1289777459000,1.63152,1.63168,1.63143,1.63143,32200000,1
1289777460000,1289777519000,1.63152,1.63225,1.63143,1.63193,75700000,1
1289777520000,1289777579000,1.63186,1.63201,1.6315,1.63151,52400000,1
1289777580000,1289777639000,1.6316,1.6318,1.6316,1.6316,18600000,1
1289777640000,1289777699000,1.63159,1.63178,1.63147,1.63153,67900000,1
1289777700000,1289777759000,1.63161,1.63173,1.63156,1.63156,52100000,1
1289777760000,1289777819000,1.63182,1.63199,1.63152,1.63157,41100000,1
1289777820000,1289777879000,1.63163,1.63166,1.6315,1.63157,19700000,1
1289777880000,1289777939000,1.63163,1.63163,1.63149,1.63149,24900000,1
1289777940000,1289777999000,1.63144,1.63144,1.63099,1.63099,38200000,1
1289778000000,1289778059000,1.63118,1.63124,1.63104,1.63122,21200000,1
1289778060000,1289778119000,1.6312,1.63125,1.6312,1.63125,16100000,1
1289778120000,1289778179000,1.63119,1.6312,1.63119,1.6312,15900000,1
1289778180000,1289778239000,1.6312,1.6312,1.6309,1.63092,32500000,1
1289778240000,1289778299000,1.63088,1.63123,1.63076,1.63078,71400000,1
1289778300000,1289778359000,1.63098,1.63113,1.63098,1.63113,15500000,1
1289778360000,1289778419000,1.63113,1.63113,1.63074,1.63099,45600000,1
1289778420000,1289778479000,1.631,1.63118,1.631,1.63109,27600000,1
1289778480000,1289778539000,1.63115,1.63129,1.63105,1.63127,70000000,1
1289778540000,1289778599000,1.63127,1.63144,1.6312,1.63127,90800000,1
1289778600000,1289778659000,1.63112,1.63115,1.63104,1.63107,39100000,1
1289778660000,1289778719000,1.63108,1.63146,1.63105,1.63132,28500000,1
1289778720000,1289778779000,1.63117,1.63118,1.63091,1.63091,43900000,1
1289778780000,1289778839000,1.63086,1.63093,1.63057,1.6306,65400000,1
1289778840000,1289778899000,1.63057,1.6306,1.63057,1.63057,21600000,1
1289778900000,1289778959000,1.63057,1.63083,1.63057,1.63071,31000000,1
1289778960000,1289779019000,1.63071,1.63089,1.63022,1.63022,54800000,1
1289779020000,1289779079000,1.63027,1.63064,1.63027,1.63059,110900000,1
1289779080000,1289779139000,1.63059,1.63071,1.63059,1.63065,47700000,1
1289779140000,1289779199000,1.63071,1.63088,1.63059,1.63064,106500000,1
1289779200000,1289779259000,1.63053,1.63105,1.63044,1.63057,111400000,1
1289779260000,1289779319000,1.63057,1.63057,1.62967,1.62967,173700000,1
1289779320000,1289779379000,1.62963,1.6303,1.62963,1.62995,98900000,1
1289779380000,1289779439000,1.62998,1.63033,1.62991,1.63021,57100000,1
1289779440000,1289779499000,1.63025,1.63109,1.63025,1.63091,93600000,1
1289779500000,1289779559000,1.63091,1.63143,1.63079,1.63082,115700000,1
1289779560000,1289779619000,1.63082,1.63123,1.63069,1.63075,181600000,1
1289779620000,1289779679000,1.6309,1.63092,1.63051,1.63051,124100000,1
1289779680000,1289779739000,1.63043,1.63068,1.63039,1.6306,97700000,1
1289779740000,1289779799000,1.6306,1.63102,1.6306,1.63085,128400000,1
1289779800000,1289779859000,1.63085,1.63158,1.63085,1.63142,142200000,1
1289779860000,1289779919000,1.63141,1.63166,1.6313,1.63144,106400000,1
1289779920000,1289779979000,1.63144,1.63177,1.63137,1.63177,48200000,1
1289779980000,1289780039000,1.63157,1.63171,1.63134,1.63136,92600000,1
1289780040000,1289780099000,1.63133,1.63181,1.63121,1.63157,114900000,1
1289780100000,1289780159000,1.63157,1.63222,1.63142,1.632,183300000,1
1289780160000,1289780219000,1.632,1.63229,1.63199,1.63219,117700000,1
1289780220000,1289780279000,1.63219,1.63225,1.63175,1.63199,98300000,1
1289780280000,1289780339000,1.63208,1.63235,1.63201,1.6321,76300000,1
1289780340000,1289780399000,1.6321,1.63222,1.63188,1.63191,74800000,1
1289780400000,1289780459000,1.63191,1.63197,1.6318,1.63188,76100000,1
1289780460000,1289780519000,1.63194,1.63213,1.6319,1.63197,60600000,1
1289780520000,1289780579000,1.63197,1.63243,1.63192,1.63205,97600000,1
1289780580000,1289780639000,1.63206,1.63239,1.63182,1.63239,137000000,1
1289780640000,1289780699000,1.63239,1.63257,1.63228,1.63235,73100000,1
1289780700000,1289780759000,1.63235,1.63299,1.63235,1.63278,61500000,1
1289780760000,1289780819000,1.63286,1.63288,1.6328,1.63285,28800000,1
1289780820000,1289780879000,1.63285,1.63309,1.63271,1.63309,100700000,1
1289780880000,1289780939000,1.63317,1.63317,1.6323,1.63245,124200000,1
1289780940000,1289780999000,1.63245,1.63254,1.63229,1.63243,61600000,1
1289781000000,1289781059000,1.63248,1.6328,1.63218,1.63252,61500000,1
1289781060000,1289781119000,1.63252,1.63253,1.63205,1.63212,36900000,1
1289781120000,1289781179000,1.63224,1.63224,1.6317,1.63188,33400000,1
1289781180000,1289781239000,1.63188,1.63188,1.63124,1.63144,52000000,1
1289781240000,1289781299000,1.63135,1.63163,1.63135,1.63136,78300000,1
1289781300000,1289781359000,1.63138,1.63184,1.6312,1.63184,57700000,1
1289781360000,1289781419000,1.63179,1.63188,1.63152,1.63182,132700000,1
1289781420000,1289781479000,1.63183,1.63195,1.63146,1.63168,114600000,1
1289781480000,1289781539000,1.63175,1.63175,1.63156,1.63162,50500000,1
1289781540000,1289781599000,1.63158,1.63167,1.63131,1.63156,59500000,1
1289781600000,1289781659000,1.63152,1.63183,1.63141,1.63148,69100000,1
1289781660000,1289781719000,1.6315,1.63215,1.6315,1.63207,47200000,1
1289781720000,1289781779000,1.63207,1.63257,1.63207,1.63256,36000000,1
1289781780000,1289781839000,1.63256,1.63258,1.63247,1.63247,30500000,1
1289781840000,1289781899000,1.63254,1.63259,1.63168,1.63177,67100000,1
1289781900000,1289781959000,1.63179,1.63184,1.63174,1.63177,26900000,1
1289781960000,1289782019000,1.63177,1.63177,1.6314,1.6315,47000000,1
1289782020000,1289782079000,1.6315,1.6315,1.63124,1.63145,71700000,1
1289782080000,1289782139000,1.63136,1.63137,1.63117,1.63122,82100000,1
1289782140000,1289782199000,1.63128,1.63138,1.63128,1.63138,23200000,1
1289782200000,1289782259000,1.63138,1.63187,1.63138,1.63163,74600000,1
1289782260000,1289782319000,1.63163,1.63211,1.63153,1.6317,79400000,1
1289782320000,1289782379000,1.6317,1.63212,1.63169,1.63175,71200000,1
1289782380000,1289782439000,1.63175,1.63207,1.63172,1.63204,49100000,1
1289782440000,1289782499000,1.63204,1.63222,1.63178,1.6319,69600000,1
1289782500000,1289782559000,1.63195,1.63253,1.63193,1.63206,99700000,1
1289782560000,1289782619000,1.63206,1.63233,1.6318,1.6323,69100000,1
1289782620000,1289782679000,1.63222,1.63251,1.63218,1.63238,58800000,1
1289782680000,1289782739000,1.63233,1.63248,1.63215,1.63224,58700000,1
1289782740000,1289782799000,1.63234,1.63238,1.63187,1.63197,98200000,1
1289782800000,1289782859000,1.63201,1.63289,1.63201,1.63288,64100000,1
1289782860000,1289782919000,1.63282,1.63332,1.63272,1.6329,106000000,1
1289782920000,1289782979000,1.63291,1.63313,1.63285,1.63305,71800000,1
1289782980000,1289783039000,1.63317,1.63317,1.63303,1.63303,6500000,1
1289783040000,1289783099000,1.63306,1.63306,1.6327,1.63277,50600000,1
1289783100000,1289783159000,1.63272,1.63294,1.63272,1.63293,56800000,1
1289783160000,1289783219000,1.6331,1.63324,1.63287,1.63294,44000000,1
1289783220000,1289783279000,1.63302,1.63318,1.63278,1.63309,83900000,1
1289783280000,1289783339000,1.63309,1.63317,1.63283,1.63288,43200000,1
1289783340000,1289783399000,1.63283,1.63304,1.63283,1.63294,22300000,1
1289783400000,1289783459000,1.63294,1.63295,1.63262,1.63262,69300000,1
1289783460000,1289783519000,1.63248,1.63256,1.63182,1.63182,101700000,1
1289783520000,1289783579000,1.63194,1.63246,1.63149,1.63203,118800000,1
1289783580000,1289783639000,1.63196,1.63225,1.63169,1.63194,96700000,1
1289783640000,1289783699000,1.63194,1.63194,1.63175,1.63184,69800000,1
1289783700000,1289783759000,1.63183,1.63207,1.63174,1.63174,44700000,1
1289783760000,1289783819000,1.63174,1.63227,1.63168,1.63227,41600000,1
1289783820000,1289783879000,1.63234,1.63242,1.63203,1.63219,58100000,1
1289783880000,1289783939000,1.63226,1.6324,1.63182,1.63219,85800000,1
1289783940000,1289783999000,1.63219,1.6326,1.63219,1.6326,59400000,1
1289784000000,1289784059000,1.6326,1.63296,1.63246,1.63265,62700000,1
1289784060000,1289784119000,1.63246,1.63258,1.6322,1.63234,46400000,1
1289784120000,1289784179000,1.63231,1.63251,1.63193,1.63193,95400000,1
1289784180000,1289784239000,1.63193,1.63209,1.6318,1.63196,51700000,1
1289784240000,1289784299000,1.63191,1.63219,1.63175,1.63179,54300000,1
1289784300000,1289784359000,1.63187,1.63203,1.63187,1.63201,64600000,1
1289784360000,1289784419000,1.63219,1.63239,1.632,1.632,124200000,1
1289784420000,1289784479000,1.63197,1.63197,1.63108,1.63165,83700000,1
1289784480000,1289784539000,1.63165,1.63165,1.63114,1.63123,61600000,1
1289784540000,1289784599000,1.63123,1.63202,1.63123,1.63148,81000000,1
1289784600000,1289784659000,1.63148,1.63196,1.63117,1.63144,169400000,1
1289784660000,1289784719000,1.63139,1.6317,1.63108,1.63146,76400000,1
1289784720000,1289784779000,1.6313,1.63162,1.63101,1.63104,88200000,1
1289784780000,1289784839000,1.63112,1.63147,1.63081,1.63106,168700000,1
1289784840000,1289784899000,1.63121,1.63121,1.63074,1.63095,133000000,1
1289784900000,1289784959000,1.6309,1.63224,1.63085,1.63213,142100000,1
1289784960000,1289785019000,1.63202,1.63252,1.63173,1.63195,122500000,1
1289785020000,1289785079000,1.63199,1.63233,1.63182,1.63233,102400000,1
1289785080000,1289785139000,1.63235,1.63244,1.63178,1.63187,126300000,1
1289785140000,1289785199000,1.63187,1.63192,1.63167,1.63185,64900000,1
1289785200000,1289785259000,1.63182,1.63209,1.63167,1.63204,121700000,1
1289785260000,1289785319000,1.63207,1.63257,1.63205,1.63249,127000000,1
1289785320000,1289785379000,1.63244,1.63296,1.63229,1.6324,105900000,1
1289785380000,1289785439000,1.6324,1.6324,1.63167,1.63167,108400000,1
1289785440000,1289785499000,1.63167,1.63221,1.63165,1.63203,88400000,1
1289785500000,1289785559000,1.63214,1.63267,1.632,1.63232,142800000,1
1289785560000,1289785619000,1.63238,1.63249,1.63219,1.63242,99500000,1
1289785620000,1289785679000,1.63248,1.63267,1.63245,1.63247,61500000,1
1289785680000,1289785739000,1.63245,1.63265,1.63232,1.63253,118900000,1
1289785740000,1289785799000,1.63259,1.6326,1.63236,1.63248,85300000,1
1289785800000,1289785859000,1.63254,1.63254,1.63206,1.63206,73300000,1
1289785860000,1289785919000,1.63206,1.63241,1.63202,1.63232,82800000,1
1289785920000,1289785979000,1.63238,1.63285,1.63231,1.63274,69500000,1
1289785980000,1289786039000,1.63276,1.63332,1.63265,1.63303,98700000,1
1289786040000,1289786099000,1.63326,1.63335,1.63286,1.63315,130100000,1
1289786100000,1289786159000,1.63315,1.63365,1.6329,1.63348,103400000,1
1289786160000,1289786219000,1.63344,1.63344,1.63283,1.63283,100100000,1
1289786220000,1289786279000,1.63283,1.63288,1.63205,1.63226,120800000,1
1289786280000,1289786339000,1.63228,1.63229,1.63205,1.63207,63200000,1
1289786340000,1289786399000,1.63207,1.63216,1.6316,1.63183,112200000,1
1289786400000,1289786459000,1.63197,1.63208,1.63145,1.63174,131100000,1
1289786460000,1289786519000,1.63174,1.63178,1.63142,1.63156,53800000,1
1289786520000,1289786579000,1.63158,1.63273,1.63158,1.63238,96700000,1
1289786580000,1289786639000,1.63233,1.63254,1.63206,1.63226,102100000,1
1289786640000,1289786699000,1.63226,1.63254,1.63221,1.63234,113100000,1
1289786700000,1289786759000,1.63232,1.63264,1.63219,1.63252,87200000,1
1289786760000,1289786819000,1.63249,1.63285,1.63243,1.63278,106800000,1
1289786820000,1289786879000,1.63282,1.63306,1.63274,1.63295,104400000,1
1289786880000,1289786939000,1.63295,1.63325,1.63289,1.63314,79700000,1
1289786940000,1289786999000,1.63314,1.63333,1.63303,1.63315,96400000,1
1289787000000,1289787059000,1.6333,1.63368,1.63311,1.63324,113100000,1
1289787060000,1289787119000,1.63328,1.63335,1.63295,1.63295,129500000,1
1289787120000,1289787179000,1.63289,1.63325,1.63271,1.63304,126300000,1
1289787180000,1289787239000,1.63304,1.63312,1.63264,1.63302,99500000,1
1289787240000,1289787299000,1.63302,1.6335,1.63273,1.63323,104800000,1
1289787300000,1289787359000,1.6332,1.63378,1.63312,1.63374,113600000,1
1289787360000,1289787419000,1.63369,1.63385,1.63337,1.63355,100100000,1
1289787420000,1289787479000,1.6335,1.63386,1.63349,1.63368,57700000,1
1289787480000,1289787539000,1.63365,1.63368,1.63325,1.6334,57500000,1
1289787540000,1289787599000,1.63339,1.63404,1.63332,1.63362,95100000,1
1289787600000,1289787659000,1.63373,1.63376,1.63336,1.63345,90800000,1
1289787660000,1289787719000,1.63363,1.63409,1.63354,1.63362,77200000,1
1289787720000,1289787779000,1.63357,1.63392,1.63341,1.63368,58800000,1
1289787780000,1289787839000,1.63368,1.63418,1.63367,1.63418,62300000,1
1289787840000,1289787899000,1.63423,1.63493,1.6341,1.63439,143400000,1
1289787900000,1289787959000,1.63424,1.63483,1.63416,1.63458,92000000,1
1289787960000,1289788019000,1.63458,1.6349,1.63451,1.6349,83400000,1
1289788020000,1289788079000,1.6349,1.6349,1.6347,1.63487,42800000,1
1289788080000,1289788139000,1.63487,1.63563,1.63472,1.63563,91500000,1
1289788140000,1289788199000,1.63548,1.63573,1.63502,1.63523,103700000,1
1289788200000,1289788259000,1.63535,1.63541,1.63498,1.6352,87300000,1
1289788260000,1289788319000,1.6352,1.6352,1.63507,1.63507,24700000,1
1289788320000,1289788379000,1.63507,1.63516,1.63457,1.63459,92400000,1
1289788380000,1289788439000,1.63468,1.63506,1.63468,1.63493,51300000,1
1289788440000,1289788499000,1.63493,1.63493,1.63457,1.63475,42100000,1
1289788500000,1289788559000,1.6348,1.63499,1.63441,1.63454,77700000,1
1289788560000,1289788619000,1.63458,1.63469,1.63444,1.63445,86500000,1
1289788620000,1289788679000,1.6344,1.63465,1.63439,1.63443,40200000,1
1289788680000,1289788739000,1.63443,1.63447,1.63437,1.63438,33500000,1
1289788740000,1289788799000,1.63442,1.63447,1.63357,1.63387,99300000,1
1289788800000,1289788859000,1.63378,1.63398,1.63377,1.63377,57200000,1
1289788860000,1289788919000,1.63376,1.63376,1.63342,1.63351,52000000,1
1289788920000,1289788979000,1.6335,1.63369,1.63343,1.63346,59500000,1
1289788980000,1289789039000,1.63348,1.63388,1.63336,1.63336,109500000,1
1289789040000,1289789099000,1.63338,1.63364,1.63313,1.63322,65500000,1
1289789100000,1289789159000,1.63338,1.63351,1.63321,1.63342,56200000,1
1289789160000,1289789219000,1.63342,1.63346,1.6332,1.63333,40300000,1
1289789220000,1289789279000,1.63333,1.63333,1.63296,1.63321,76800000,1
1289789280000,1289789339000,1.63321,1.63326,1.63282,1.63292,90100000,1
1289789340000,1289789399000,1.63292,1.63359,1.63292,1.63345,64400000,1
1289789400000,1289789459000,1.63338,1.63425,1.63338,1.63424,92600000,1
1289789460000,1289789519000,1.63424,1.63454,1.63397,1.63397,107600000,1
1289789520000,1289789579000,1.63405,1.63414,1.63358,1.63392,94600000,1
1289789580000,1289789639000,1.63392,1.63392,1.63364,1.63388,67800000,1
1289789640000,1289789699000,1.63388,1.63424,1.6338,1.63418,85900000,1
1289789700000,1289789759000,1.63428,1.63428,1.63386,1.63411,49400000,1
1289789760000,1289789819000,1.63411,1.63411,1.63398,1.63407,34000000,1
1289789820000,1289789879000,1.63406,1.63407,1.63337,1.63358,64900000,1
1289789880000,1289789939000,1.6335,1.63373,1.6335,1.63368,70900000,1
1289789940000,1289789999000,1.63362,1.63406,1.6333,1.63397,109900000,1
1289790000000,1289790059000,1.63421,1.63421,1.63336,1.63366,98400000,1
1289790060000,1289790119000,1.63376,1.63387,1.63368,1.63383,53800000,1
1289790120000,1289790179000,1.63383,1.63392,1.63357,1.63361,123600000,1
1289790180000,1289790239000,1.63366,1.63375,1.63335,1.63349,71000000,1
1289790240000,1289790299000,1.63349,1.63362,1.63306,1.63336,70400000,1
1289790300000,1289790359000,1.63324,1.63363,1.63307,1.63349,63500000,1
1289790360000,1289790419000,1.63357,1.63379,1.63349,1.63374,39000000,1
1289790420000,1289790479000,1.63374,1.63381,1.63351,1.63352,66700000,1
1289790480000,1289790539000,1.63355,1.63396,1.63355,1.63396,59100000,1
1289790540000,1289790599000,1.6339,1.63417,1.63363,1.63376,61900000,1
1289790600000,1289790659000,1.6337,1.6338,1.6336,1.63367,58300000,1
1289790660000,1289790719000,1.63367,1.6338,1.63347,1.6338,81200000,1
1289790720000,1289790779000,1.6338,1.6338,1.63331,1.63331,53300000,1
1289790780000,1289790839000,1.63331,1.63392,1.63319,1.63392,74900000,1
1289790840000,1289790899000,1.63399,1.63416,1.63374,1.63393,84000000,1
1289790900000,1289790959000,1.63389,1.63394,1.63368,1.6339,27400000,1
1289790960000,1289791019000,1.63401,1.63424,1.63395,1.63424,62200000,1
1289791020000,1289791079000,1.63421,1.63421,1.63381,1.634,55700000,1
1289791080000,1289791139000,1.63398,1.63414,1.63377,1.63377,41300000,1
1289791140000,1289791199000,1.6338,1.63417,1.63376,1.634,45500000,1
1289791200000,1289791259000,1.634,1.63455,1.63382,1.63451,92100000,1
1289791260000,1289791319000,1.63455,1.63456,1.63414,1.63456,53800000,1
1289791320000,1289791379000,1.63451,1.63466,1.63446,1.63449,46400000,1
1289791380000,1289791439000,1.63446,1.63495,1.6344,1.63484,73500000,1
1289791440000,1289791499000,1.63483,1.63495,1.63469,1.63478,69400000,1
1289791500000,1289791559000,1.63482,1.63513,1.63463,1.6348,98900000,1
1289791560000,1289791619000,1.63493,1.63582,1.6347,1.63582,102900000,1
1289791620000,1289791679000,1.63582,1.63609,1.63557,1.63561,112100000,1
1289791680000,1289791739000,1.63566,1.63674,1.63559,1.63656,93500000,1
1289791740000,1289791799000,1.63653,1.63653,1.63606,1.63634,63200000,1
1289791800000,1289791859000,1.63637,1.63708,1.63637,1.63664,127400000,1
1289791860000,1289791919000,1.63666,1.63666,1.63604,1.6363,126900000,1
1289791920000,1289791979000,1.63642,1.63652,1.63606,1.63628,120500000,1
1289791980000,1289792039000,1.63628,1.63647,1.63581,1.63632,109000000,1
1289792040000,1289792099000,1.63634,1.63676,1.63595,1.63646,144500000,1
1289792100000,1289792159000,1.63638,1.6378,1.63638,1.63711,137500000,1
1289792160000,1289792219000,1.6373,1.63773,1.63705,1.6375,129000000,1
1289792220000,1289792279000,1.63758,1.6381,1.63715,1.63715,140700000,1
1289792280000,1289792339000,1.63717,1.63733,1.63687,1.63718,117100000,1
1289792340000,1289792399000,1.63724,1.63779,1.63707,1.63751,146100000,1
1289792400000,1289792459000,1.63757,1.63782,1.63754,1.63755,120100000,1
1289792460000,1289792519000,1.63755,1.63784,1.63752,1.6376,101700000,1
1289792520000,1289792579000,1.63762,1.63763,1.637,1.63702,94700000,1
1289792580000,1289792639000,1.63702,1.63702,1.63638,1.63655,103300000,1
1289792640000,1289792699000,1.63653,1.63672,1.63631,1.6367,92900000,1
1289792700000,1289792759000,1.63671,1.63734,1.63666,1.63715,92100000,1
1289792760000,1289792819000,1.63705,1.63786,1.63702,1.63785,86800000,1
1289792820000,1289792879000,1.63773,1.6385,1.63755,1.63841,104500000,1
1289792880000,1289792939000,1.6383,1.63849,1.63797,1.63844,75200000,1
1289792940000,1289792999000,1.63837,1.63848,1.63804,1.63822,65100000,1
1289793000000,1289793059000,1.63813,1.63883,1.63783,1.63783,167800000,1
1289793060000,1289793119000,1.63787,1.63893,1.63783,1.6386,161100000,1
1289793120000,1289793179000,1.63863,1.63882,1.63812,1.63812,141400000,1
1289793180000,1289793239000,1.63813,1.63831,1.63761,1.63799,172400000,1
1289793240000,1289793299000,1.63808,1.63821,1.63773,1.63793,99500000,1
1289793300000,1289793359000,1.6379,1.63813,1.63765,1.63797,94200000,1
1289793360000,1289793419000,1.63797,1.63831,1.63789,1.63813,67800000,1
1289793420000,1289793479000,1.63807,1.63831,1.6377,1.63813,115800000,1
1289793480000,1289793539000,1.63816,1.63824,1.63773,1.63789,104100000,1
1289793540000,1289793599000,1.63785,1.63791,1.63725,1.63727,143000000,1
1289793600000,1289793659000,1.63727,1.63771,1.63725,1.63771,88700000,1
1289793660000,1289793719000,1.63773,1.63805,1.63743,1.63765,118600000,1
1289793720000,1289793779000,1.63759,1.63764,1.63704,1.63706,111300000,1
1289793780000,1289793839000,1.63709,1.63722,1.63686,1.6369,60900000,1
1289793840000,1289793899000,1.63694,1.63731,1.63687,1.63695,87300000,1
1289793900000,1289793959000,1.63703,1.63712,1.63638,1.6368,118400000,1
1289793960000,1289794019000,1.63673,1.63673,1.63621,1.63642,107800000,1
1289794020000,1289794079000,1.63637,1.63662,1.63633,1.63659,97400000,1
1289794080000,1289794139000,1.6366,1.63698,1.63657,1.63679,83600000,1
1289794140000,1289794199000,1.6367,1.63677,1.63619,1.63659,124200000,1
1289794200000,1289794259000,1.63659,1.6372,1.63639,1.637,79300000,1
1289794260000,1289794319000,1.63718,1.63797,1.63704,1.63762,129000000,1
1289794320000,1289794379000,1.63766,1.63807,1.63741,1.63766,114000000,1
1289794380000,1289794439000,1.63778,1.63839,1.63771,1.63839,130300000,1
1289794440000,1289794499000,1.63832,1.6385,1.63766,1.63772,72300000,1
1289794500000,1289794559000,1.63764,1.63774,1.63737,1.63737,58300000,1
1289794560000,1289794619000,1.63737,1.63747,1.63685,1.63687,82600000,1
1289794620000,1289794679000,1.63696,1.63696,1.63632,1.63645,70500000,1
1289794680000,1289794739000,1.63646,1.63673,1.63644,1.63654,68700000,1
1289794740000,1289794799000,1.63654,1.63695,1.63654,1.63673,72600000,1
1289794800000,1289794859000,1.63663,1.63707,1.63663,1.6368,87300000,1
1289794860000,1289794919000,1.6368,1.63704,1.63662,1.63689,108500000,1
1289794920000,1289794979000,1.63688,1.63688,1.63665,1.63668,29600000,1
1289794980000,1289795039000,1.63667,1.63667,1.63656,1.63656,19800000,1
1289795040000,1289795099000,1.63656,1.63663,1.63656,1.63657,22000000,1
1289795100000,1289795159000,1.63657,1.63672,1.63656,1.63657,52700000,1
1289795160000,1289795219000,1.63657,1.63662,1.63628,1.63628,28000000,1
1289795220000,1289795279000,1.63621,1.63621,1.63568,1.63568,68800000,1
1289795280000,1289795339000,1.63567,1.63583,1.63548,1.63557,54100000,1
1289795340000,1289795399000,1.63556,1.63615,1.63516,1.63608,83600000,1
1289795400000,1289795459000,1.6361,1.63638,1.63597,1.63597,76900000,1
1289795460000,1289795519000,1.63618,1.63621,1.63582,1.63615,53400000,1
1289795520000,1289795579000,1.63615,1.63636,1.63577,1.63636,78800000,1
1289795580000,1289795639000,1.63636,1.63662,1.63632,1.63662,45300000,1
1289795640000,1289795699000,1.63662,1.63662,1.63629,1.63631,34200000,1
1289795700000,1289795759000,1.63631,1.63631,1.63629,1.63631,26900000,1
1289795760000,1289795819000,1.63631,1.63641,1.6362,1.63625,87100000,1
1289795820000,1289795879000,1.63624,1.63635,1.6361,1.63619,79400000,1
1289795880000,1289795939000,1.63618,1.63627,1.63611,1.63618,22600000,1
1289795940000,1289795999000,1.63618,1.63631,1.6361,1.63622,45100000,1
1289796000000,1289796059000,1.63622,1.63634,1.63598,1.63634,72200000,1
1289796060000,1289796119000,1.63634,1.63638,1.63618,1.6363,69300000,1
1289796120000,1289796179000,1.6363,1.63664,1.63628,1.63651,69400000,1
1289796180000,1289796239000,1.63651,1.63662,1.63644,1.63647,68400000,1
1289796240000,1289796299000,1.63647,1.63651,1.63625,1.6364,122100000,1
1289796300000,1289796359000,1.63635,1.63645,1.63583,1.63593,48800000,1
1289796360000,1289796419000,1.63584,1.63626,1.63584,1.63606,123300000,1
1289796420000,1289796479000,1.63606,1.63634,1.63589,1.63626,106900000,1
1289796480000,1289796539000,1.63626,1.63634,1.63585,1.63604,87800000,1
1289796540000,1289796599000,1.63602,1.63616,1.63591,1.63603,38600000,1
1289796600000,1289796659000,1.63603,1.6362,1.63603,1.63603,18800000,1
1289796660000,1289796719000,1.63598,1.63598,1.63586,1.63587,42300000,1
1289796720000,1289796779000,1.63587,1.63596,1.6358,1.63587,30000000,1
1289796780000,1289796839000,1.63586,1.63593,1.63584,1.63593,10900000,1
1289796840000,1289796899000,1.63603,1.63608,1.63572,1.6358,48200000,1
1289796900000,1289796959000,1.6358,1.6358,1.63545,1.63561,73700000,1
1289796960000,1289797019000,1.63562,1.63564,1.63519,1.6352,63200000,1
1289797020000,1289797079000,1.63529,1.63532,1.6351,1.63512,23300000,1
1289797080000,1289797139000,1.63511,1.63551,1.63498,1.63529,69200000,1
1289797140000,1289797199000,1.63536,1.63547,1.63495,1.63513,68200000,1
1289797200000,1289797259000,1.63513,1.63554,1.63508,1.63533,58800000,1
1289797260000,1289797319000,1.63551,1.63557,1.6354,1.63557,26000000,1
1289797320000,1289797379000,1.63557,1.63566,1.6354,1.63556,77900000,1
1289797380000,1289797439000,1.63556,1.63556,1.63538,1.63541,27200000,1
1289797440000,1289797499000,1.63539,1.63567,1.63507,1.6353,74200000,1
1289797500000,1289797559000,1.6353,1.6354,1.63502,1.63537,67500000,1
1289797560000,1289797619000,1.63537,1.6358,1.63529,1.6358,42700000,1
1289797620000,1289797679000,1.6358,1.6362,1.63557,1.63603,115800000,1
1289797680000,1289797739000,1.63602,1.63635,1.63597,1.63627,82300000,1
1289797740000,1289797799000,1.63616,1.63696,1.63599,1.63646,129900000,1
1289797800000,1289797859000,1.63642,1.63693,1.63622,1.6365,103800000,1
1289797860000,1289797919000,1.63654,1.63673,1.63613,1.63672,67600000,1
1289797920000,1289797979000,1.63661,1.63672,1.63654,1.63663,66800000,1
1289797980000,1289798039000,1.63665,1.63685,1.63663,1.63682,33500000,1
1289798040000,1289798099000,1.63682,1.63685,1.63647,1.63647,44800000,1
1289798100000,1289798159000,1.63648,1.63658,1.63632,1.63632,37400000,1
1289798160000,1289798219000,1.63636,1.63636,1.63635,1.63635,8100000,1
1289798220000,1289798279000,1.63643,1.6366,1.63634,1.63638,38000000,1
1289798280000,1289798339000,1.63638,1.63638,1.63638,1.63638,1200000,1
1289798340000,1289798399000,1.63635,1.63635,1.63622,1.63629,15300000,1
1289798400000,1289798459000,1.63622,1.63623,1.63622,1.63623,2400000,1
1289798460000,1289798519000,1.63623,1.63643,1.63614,1.63643,16700000,1
1289798520000,1289798579000,1.63643,1.63648,1.63609,1.6361,46900000,1
1289798580000,1289798639000,1.63611,1.63623,1.63546,1.63549,90000000,1
1289798640000,1289798699000,1.63549,1.63635,1.63542,1.63633,138600000,1
1289798700000,1289798759000,1.63628,1.63629,1.63597,1.63612,50600000,1
1289798760000,1289798819000,1.63611,1.63637,1.63608,1.63636,53300000,1
1289798820000,1289798879000,1.63632,1.63632,1.63603,1.63613,42100000,1
1289798880000,1289798939000,1.63609,1.63619,1.63609,1.63619,12400000,1
1289798940000,1289798999000,1.63618,1.63618,1.63566,1.63566,60600000,1
1289799000000,1289799059000,1.63569,1.63588,1.63569,1.63588,24600000,1
1289799060000,1289799119000,1.63588,1.63625,1.63587,1.63605,58900000,1
1289799120000,1289799179000,1.63609,1.63661,1.6358,1.63659,143900000,1
1289799180000,1289799239000,1.63663,1.63668,1.63633,1.63665,151300000,1
1289799240000,1289799299000,1.63646,1.637,1.63641,1.63685,97600000,1
1289799300000,1289799359000,1.63683,1.63698,1.63637,1.63679,76200000,1
1289799360000,1289799419000,1.63688,1.63695,1.63655,1.63672,99300000,1
1289799420000,1289799479000,1.63687,1.63696,1.63676,1.63688,42200000,1
1289799480000,1289799539000,1.63688,1.63697,1.63646,1.63653,56600000,1
1289799540000,1289799599000,1.63653,1.6367,1.63647,1.63647,37400000,1
1289799600000,1289799659000,1.63647,1.6368,1.63645,1.63654,60800000,1
1289799660000,1289799719000,1.63653,1.63702,1.63633,1.63691,75200000,1
1289799720000,1289799779000,1.63691,1.63714,1.63687,1.63706,52500000,1
1289799780000,1289799839000,1.63706,1.63735,1.63706,1.63735,39900000,1
1289799840000,1289799899000,1.63735,1.63783,1.6372,1.63783,89400000,1
1289799900000,1289799959000,1.63767,1.63826,1.63762,1.63812,49700000,1
1289799960000,1289800019000,1.63817,1.63824,1.63762,1.63789,71100000,1
1289800020000,1289800079000,1.63789,1.63817,1.63766,1.63805,87600000,1
1289800080000,1289800139000,1.63805,1.63805,1.63742,1.63764,62000000,1
1289800140000,1289800199000,1.63767,1.63774,1.63742,1.63751,58500000,1
1289800200000,1289800259000,1.63753,1.63819,1.63737,1.63812,137000000,1
1289800260000,1289800319000,1.63811,1.63845,1.63806,1.63823,82100000,1
1289800320000,1289800379000,1.63827,1.63836,1.63802,1.63807,57300000,1
1289800380000,1289800439000,1.63802,1.63859,1.63802,1.63837,97900000,1
1289800440000,1289800499000,1.63843,1.64026,1.63828,1.64015,174700000,1
1289800500000,1289800559000,1.64024,1.64115,1.64015,1.6409,125700000,1
1289800560000,1289800619000,1.64107,1.6413,1.64072,1.64106,110700000,1
1289800620000,1289800679000,1.64107,1.64125,1.64081,1.6412,189900000,1
1289800680000,1289800739000,1.64108,1.64142,1.64078,1.64124,144000000,1
1289800740000,1289800799000,1.6413,1.64178,1.64087,1.64141,171400000,1
1289800800000,1289800859000,1.64156,1.6417,1.64106,1.64146,188100000,1
1289800860000,1289800919000,1.6413,1.64209,1.64127,1.64198,169800000,1
1289800920000,1289800979000,1.64187,1.64214,1.64124,1.64169,157500000,1
1289800980000,1289801039000,1.64169,1.64187,1.64131,1.6417,135100000,1
1289801040000,1289801099000,1.6417,1.6421,1.64147,1.64188,140700000,1
1289801100000,1289801159000,1.64187,1.64231,1.6418,1.64191,96800000,1
1289801160000,1289801219000,1.64179,1.64192,1.64154,1.64192,86500000,1
1289801220000,1289801279000,1.64191,1.64191,1.6413,1.64152,92500000,1
1289801280000,1289801339000,1.64138,1.64214,1.64138,1.6415,127100000,1
1289801340000,1289801399000,1.64143,1.64157,1.64087,1.64157,145800000,1
1289801400000,1289801459000,1.64157,1.64157,1.64048,1.64048,97000000,1
1289801460000,1289801519000,1.64058,1.64082,1.64057,1.64072,79100000,1
1289801520000,1289801579000,1.64068,1.64107,1.64045,1.64103,87600000,1
1289801580000,1289801639000,1.64098,1.64116,1.64081,1.64087,57200000,1
1289801640000,1289801699000,1.64082,1.64082,1.64036,1.64036,80900000,1
1289801700000,1289801759000,1.64026,1.64047,1.64008,1.64012,65500000,1
1289801760000,1289801819000,1.64014,1.64039,1.64007,1.64039,44800000,1
1289801820000,1289801879000,1.64038,1.64052,1.64023,1.6404,51900000,1
1289801880000,1289801939000,1.64037,1.64074,1.64021,1.64058,68800000,1
1289801940000,1289801999000,1.64051,1.64061,1.64036,1.64043,105600000,1
1289802000000,1289802059000,1.64042,1.64054,1.64013,1.64013,49600000,1
1289802060000,1289802119000,1.64013,1.64013,1.63959,1.63975,56800000,1
1289802120000,1289802179000,1.63975,1.64006,1.63965,1.63992,97700000,1
1289802180000,1289802239000,1.63991,1.6404,1.63986,1.64037,131200000,1
1289802240000,1289802299000,1.64038,1.64081,1.64021,1.64059,165600000,1
1289802300000,1289802359000,1.64058,1.64075,1.64008,1.64032,117100000,1
1289802360000,1289802419000,1.64034,1.64057,1.64003,1.64057,119000000,1
1289802420000,1289802479000,1.64053,1.64093,1.64051,1.64051,80800000,1
1289802480000,1289802539000,1.64055,1.64061,1.64013,1.64013,73800000,1
1289802540000,1289802599000,1.64003,1.64003,1.63953,1.63953,61500000,1
1289802600000,1289802659000,1.63944,1.6395,1.63843,1.63843,121100000,1
1289802660000,1289802719000,1.63835,1.63866,1.6383,1.63848,102700000,1
1289802720000,1289802779000,1.63843,1.63857,1.63739,1.63762,274500000,1
1289802780000,1289802839000,1.63753,1.63799,1.63738,1.63759,197500000,1
1289802840000,1289802899000,1.63765,1.63821,1.63735,1.63803,142800000,1
1289802900000,1289802959000,1.63803,1.63814,1.63754,1.63791,81700000,1
1289802960000,1289803019000,1.6379,1.63798,1.63779,1.63792,57400000,1
1289803020000,1289803079000,1.63792,1.63792,1.63759,1.63764,61200000,1
1289803080000,1289803139000,1.63758,1.63779,1.63747,1.63779,87600000,1
1289803140000,1289803199000,1.63799,1.63799,1.63742,1.63752,90100000,1
1289803200000,1289803259000,1.63765,1.6378,1.6375,1.6378,111800000,1
1289803260000,1289803319000,1.6378,1.6378,1.63738,1.63758,103800000,1
1289803320000,1289803379000,1.63749,1.63797,1.63749,1.63794,126100000,1
1289803380000,1289803439000,1.63783,1.63797,1.63758,1.63758,93900000,1
1289803440000,1289803499000,1.63758,1.63763,1.63719,1.63732,98600000,1
1289803500000,1289803559000,1.63745,1.63763,1.63737,1.63752,58900000,1
1289803560000,1289803619000,1.63747,1.63774,1.63729,1.63747,66100000,1
1289803620000,1289803679000,1.63738,1.63787,1.6373,1.63747,81500000,1
1289803680000,1289803739000,1.63747,1.63747,1.63711,1.6372,231000000,1
1289803740000,1289803799000,1.6372,1.63728,1.63703,1.6372,87200000,1
1289803800000,1289803859000,1.6372,1.6372,1.63671,1.63672,126700000,1
1289803860000,1289803919000,1.63672,1.63711,1.63662,1.63711,85100000,1
1289803920000,1289803979000,1.6371,1.63735,1.6371,1.63725,54500000,1
1289803980000,1289804039000,1.63722,1.63746,1.63708,1.63722,49500000,1
1289804040000,1289804099000,1.63718,1.63746,1.63718,1.63736,61800000,1
1289804100000,1289804159000,1.63736,1.63792,1.63714,1.63772,143700000,1
1289804160000,1289804219000,1.63766,1.63822,1.63763,1.63812,69800000,1
1289804220000,1289804279000,1.63821,1.63834,1.63769,1.63771,81800000,1
1289804280000,1289804339000,1.63776,1.63792,1.63757,1.63757,48400000,1
1289804340000,1289804399000,1.63756,1.63806,1.63727,1.63738,60300000,1
1289804400000,1289804459000,1.63728,1.63728,1.63672,1.63672,105900000,1
1289804460000,1289804519000,1.63674,1.63685,1.63643,1.63685,106000000,1
1289804520000,1289804579000,1.63701,1.63769,1.63681,1.63714,161500000,1
1289804580000,1289804639000,1.63725,1.63784,1.63722,1.63758,148900000,1
1289804640000,1289804699000,1.63755,1.63775,1.63683,1.63711,175000000,1
1289804700000,1289804759000,1.63724,1.63761,1.63719,1.63734,105300000,1
1289804760000,1289804819000,1.63734,1.63748,1.63705,1.63741,90600000,1
1289804820000,1289804879000,1.63732,1.63754,1.63727,1.63751,64500000,1
1289804880000,1289804939000,1.63753,1.63831,1.63753,1.63796,153500000,1
1289804940000,1289804999000,1.63795,1.63815,1.63764,1.6377,117100000,1
1289805000000,1289805059000,1.63767,1.63778,1.63738,1.63743,80900000,1
1289805060000,1289805119000,1.63743,1.63763,1.63711,1.63711,87700000,1
1289805120000,1289805179000,1.63713,1.63715,1.637,1.6371,45000000,1
1289805180000,1289805239000,1.63716,1.63775,1.63711,1.63748,105500000,1
1289805240000,1289805299000,1.63738,1.63779,1.63726,1.63726,113700000,1
1289805300000,1289805359000,1.63728,1.63739,1.63686,1.63731,132700000,1
1289805360000,1289805419000,1.63731,1.63731,1.63584,1.63595,149200000,1
1289805420000,1289805479000,1.63599,1.63634,1.63574,1.63616,89200000,1
1289805480000,1289805539000,1.63617,1.63662,1.63602,1.63634,67100000,1
1289805540000,1289805599000,1.63626,1.63679,1.63593,1.63674,123200000,1
1289805600000,1289805659000,1.63668,1.63668,1.63593,1.63614,82000000,1
1289805660000,1289805719000,1.63616,1.63649,1.63616,1.63638,54700000,1
1289805720000,1289805779000,1.63638,1.6372,1.63638,1.63711,75800000,1
1289805780000,1289805839000,1.63708,1.63829,1.63708,1.63801,125000000,1
1289805840000,1289805899000,1.63804,1.63804,1.63738,1.63738,163100000,1
1289805900000,1289805959000,1.63734,1.63737,1.63697,1.63706,103800000,1
1289805960000,1289806019000,1.63704,1.63714,1.63653,1.63655,65600000,1
1289806020000,1289806079000,1.63662,1.63698,1.63651,1.63666,70000000,1
1289806080000,1289806139000,1.63664,1.63671,1.6363,1.63662,91000000,1
1289806140000,1289806199000,1.63664,1.63674,1.63599,1.63607,128600000,1
1289806200000,1289806259000,1.63617,1.63645,1.63574,1.63582,70500000,1
1289806260000,1289806319000,1.63583,1.636,1.63535,1.63544,133300000,1
1289806320000,1289806379000,1.63544,1.63592,1.63541,1.63561,110100000,1
1289806380000,1289806439000,1.63563,1.63586,1.63524,1.63572,95800000,1
1289806440000,1289806499000,1.63575,1.63581,1.63529,1.63549,100200000,1
1289806500000,1289806559000,1.63538,1.63607,1.63538,1.63607,101500000,1
1289806560000,1289806619000,1.63602,1.63697,1.63602,1.63697,69200000,1
1289806620000,1289806679000,1.637,1.637,1.63645,1.63653,92800000,1
1289806680000,1289806739000,1.6366,1.63676,1.63628,1.63671,90200000,1
1289806740000,1289806799000,1.63672,1.63717,1.63664,1.63714,121100000,1
1289806800000,1289806859000,1.63701,1.63716,1.63667,1.63688,99500000,1
1289806860000,1289806919000,1.6368,1.63736,1.6368,1.63726,133100000,1
1289806920000,1289806979000,1.63702,1.63728,1.63681,1.63691,111100000,1
1289806980000,1289807039000,1.63689,1.63736,1.63671,1.63696,114600000,1
1289807040000,1289807099000,1.63688,1.63758,1.63688,1.63748,150900000,1
1289807100000,1289807159000,1.63755,1.63765,1.63731,1.63731,56800000,1
1289807160000,1289807219000,1.63736,1.63757,1.63707,1.63753,109100000,1
1289807220000,1289807279000,1.63753,1.63808,1.63734,1.63748,141000000,1
1289807280000,1289807339000,1.63749,1.63864,1.63738,1.63833,115200000,1
1289807340000,1289807399000,1.63841,1.63846,1.63755,1.63755,91400000,1
1289807400000,1289807459000,1.63762,1.6378,1.63711,1.63736,87300000,1
1289807460000,1289807519000,1.63736,1.63753,1.63684,1.63706,118000000,1
1289807520000,1289807579000,1.63714,1.63725,1.636,1.63627,143300000,1
1289807580000,1289807639000,1.63629,1.6369,1.63618,1.63662,108300000,1
1289807640000,1289807699000,1.63672,1.63702,1.63663,1.63694,108600000,1
1289807700000,1289807759000,1.63694,1.63694,1.6362,1.63631,90200000,1
1289807760000,1289807819000,1.63629,1.63642,1.63609,1.63642,61200000,1
1289807820000,1289807879000,1.63642,1.63651,1.63632,1.6364,33900000,1
1289807880000,1289807939000,1.6364,1.63653,1.63604,1.63636,74500000,1
1289807940000,1289807999000,1.63636,1.63661,1.63604,1.63609,122300000,1
1289808000000,1289808059000,1.63609,1.63627,1.63552,1.63558,105800000,1
1289808060000,1289808119000,1.63558,1.6358,1.63543,1.6358,102600000,1
1289808120000,1289808179000,1.63582,1.63615,1.63564,1.63581,107400000,1
1289808180000,1289808239000,1.63581,1.63585,1.63542,1.63549,87800000,1
1289808240000,1289808299000,1.6356,1.63592,1.63547,1.63581,112800000,1
1289808300000,1289808359000,1.63581,1.63623,1.63543,1.6356,79200000,1
1289808360000,1289808419000,1.63544,1.63587,1.63544,1.63561,95100000,1
1289808420000,1289808479000,1.63572,1.63577,1.63537,1.63577,129100000,1
1289808480000,1289808539000,1.63602,1.63617,1.63517,1.63521,109800000,1
1289808540000,1289808599000,1.63508,1.63521,1.63471,1.63486,114400000,1
1289808600000,1289808659000,1.63486,1.63536,1.63456,1.63536,100500000,1
1289808660000,1289808719000,1.63535,1.63558,1.63527,1.63558,93600000,1
1289808720000,1289808779000,1.6356,1.6356,1.63515,1.6352,115000000,1
1289808780000,1289808839000,1.63536,1.63576,1.63533,1.63562,103500000,1
1289808840000,1289808899000,1.63562,1.63572,1.63536,1.63549,160600000,1
1289808900000,1289808959000,1.63565,1.63568,1.63542,1.63553,123300000,1
1289808960000,1289809019000,1.63553,1.6358,1.63469,1.63488,126800000,1
1289809020000,1289809079000,1.63494,1.63494,1.63422,1.63427,131100000,1
1289809080000,1289809139000,1.63423,1.63443,1.63416,1.63416,85100000,1
1289809140000,1289809199000,1.63417,1.63458,1.63417,1.63427,91400000,1
1289809200000,1289809259000,1.63427,1.63443,1.63414,1.63422,108900000,1
1289809260000,1289809319000,1.63427,1.63449,1.63389,1.63389,117900000,1
1289809320000,1289809379000,1.63392,1.63415,1.63389,1.63415,56900000,1
1289809380000,1289809439000,1.63423,1.63424,1.63377,1.63396,94100000,1
1289809440000,1289809499000,1.63396,1.63432,1.63395,1.63404,111000000,1
1289809500000,1289809559000,1.6341,1.63414,1.63378,1.63387,96400000,1
1289809560000,1289809619000,1.63387,1.63409,1.63381,1.63381,85100000,1
1289809620000,1289809679000,1.63379,1.63402,1.63366,1.63382,110100000,1
1289809680000,1289809739000,1.6339,1.63415,1.63377,1.63409,125800000,1
1289809740000,1289809799000,1.63409,1.63442,1.63406,1.63434,103500000,1
1289809800000,1289809859000,1.63438,1.63477,1.63422,1.63458,125400000,1
1289809860000,1289809919000,1.63466,1.63544,1.63454,1.63528,94200000,1
1289809920000,1289809979000,1.63527,1.63536,1.63492,1.63511,100800000,1
1289809980000,1289810039000,1.63513,1.6354,1.63503,1.63511,131300000,1
1289810040000,1289810099000,1.63508,1.63535,1.63433,1.63442,128700000,1
1289810100000,1289810159000,1.63453,1.63453,1.63392,1.63403,153400000,1
1289810160000,1289810219000,1.63403,1.63508,1.63376,1.63499,151500000,1
1289810220000,1289810279000,1.63499,1.63513,1.63419,1.63419,102400000,1
1289810280000,1289810339000,1.63419,1.63433,1.63343,1.63351,129100000,1
1289810340000,1289810399000,1.63352,1.63361,1.63315,1.63325,132000000,1
1289810400000,1289810459000,1.63327,1.6337,1.6332,1.63366,96500000,1
1289810460000,1289810519000,1.63371,1.63382,1.63331,1.63334,114300000,1
1289810520000,1289810579000,1.6334,1.63343,1.63307,1.6334,120000000,1
1289810580000,1289810639000,1.6334,1.63353,1.63318,1.6332,100100000,1
1289810640000,1289810699000,1.6332,1.63337,1.63304,1.63323,97900000,1
1289810700000,1289810759000,1.63327,1.63344,1.63301,1.6332,125400000,1
1289810760000,1289810819000,1.6332,1.63329,1.63313,1.63313,42300000,1
1289810820000,1289810879000,1.63313,1.63334,1.63292,1.63292,107200000,1
1289810880000,1289810939000,1.6329,1.63299,1.63268,1.63294,53000000,1
1289810940000,1289810999000,1.63294,1.63349,1.63287,1.63349,86400000,1
1289811000000,1289811059000,1.63355,1.63382,1.63342,1.63345,93200000,1
1289811060000,1289811119000,1.63345,1.63345,1.63288,1.63304,97000000,1
1289811120000,1289811179000,1.63305,1.63314,1.63292,1.63303,70200000,1
1289811180000,1289811239000,1.63303,1.63312,1.63248,1.63257,77800000,1
1289811240000,1289811299000,1.63256,1.63301,1.6322,1.6322,101200000,1
1289811300000,1289811359000,1.6322,1.63254,1.63107,1.63107,159000000,1
1289811360000,1289811419000,1.63106,1.63154,1.63087,1.6313,139100000,1
1289811420000,1289811479000,1.6313,1.6322,1.6313,1.63204,87900000,1
1289811480000,1289811539000,1.63204,1.63233,1.63189,1.63223,96800000,1
1289811540000,1289811599000,1.63216,1.63326,1.63216,1.63306,116300000,1
1289811600000,1289811659000,1.63307,1.63385,1.63297,1.63349,108800000,1
1289811660000,1289811719000,1.63338,1.63338,1.63248,1.63248,109700000,1
1289811720000,1289811779000,1.63248,1.63248,1.63168,1.63172,89900000,1
1289811780000,1289811839000,1.63172,1.63214,1.63158,1.63166,145300000,1
1289811840000,1289811899000,1.63161,1.63188,1.63157,1.63181,134500000,1
1289811900000,1289811959000,1.63184,1.63222,1.63173,1.63217,95200000,1
1289811960000,1289812019000,1.63221,1.63239,1.63209,1.63217,87700000,1
1289812020000,1289812079000,1.63217,1.63217,1.63162,1.63187,74000000,1
1289812080000,1289812139000,1.63188,1.63192,1.63153,1.63163,75900000,1
1289812140000,1289812199000,1.63155,1.63174,1.63126,1.63169,97900000,1
1289812200000,1289812259000,1.63179,1.63256,1.63177,1.63256,125100000,1
1289812260000,1289812319000,1.63251,1.63258,1.63229,1.63248,70900000,1
1289812320000,1289812379000,1.63256,1.63276,1.63225,1.63237,72800000,1
1289812380000,1289812439000,1.63239,1.63252,1.6323,1.63233,87300000,1
1289812440000,1289812499000,1.63233,1.63246,1.63155,1.63155,85900000,1
1289812500000,1289812559000,1.63148,1.63148,1.63057,1.63057,92700000,1
1289812560000,1289812619000,1.63057,1.63057,1.62983,1.6302,130800000,1
1289812620000,1289812679000,1.6302,1.63053,1.62956,1.62968,97800000,1
1289812680000,1289812739000,1.62968,1.62991,1.62942,1.62959,116200000,1
1289812740000,1289812799000,1.62952,1.63023,1.62939,1.6302,93400000,1
1289812800000,1289812859000,1.63021,1.63055,1.62973,1.63041,104900000,1
1289812860000,1289812919000,1.63041,1.63043,1.63005,1.63043,67600000,1
1289812920000,1289812979000,1.63037,1.63084,1.63026,1.63078,66700000,1
1289812980000,1289813039000,1.63078,1.63085,1.63045,1.63049,51500000,1
1289813040000,1289813099000,1.63049,1.63069,1.63029,1.63046,79500000,1
1289813100000,1289813159000,1.63046,1.63046,1.62984,1.62984,73300000,1
1289813160000,1289813219000,1.6297,1.6297,1.62875,1.6288,143000000,1
1289813220000,1289813279000,1.6288,1.62916,1.62829,1.62853,114400000,1
1289813280000,1289813339000,1.62853,1.62853,1.62785,1.62793,94000000,1
1289813340000,1289813399000,1.62799,1.62816,1.62765,1.62773,129400000,1
1289813400000,1289813459000,1.62784,1.62858,1.62784,1.62845,131300000,1
1289813460000,1289813519000,1.62835,1.62854,1.62824,1.62838,69800000,1
1289813520000,1289813579000,1.62837,1.62843,1.62787,1.62803,99800000,1
1289813580000,1289813639000,1.62803,1.62869,1.628,1.62866,135900000,1
1289813640000,1289813699000,1.62861,1.62888,1.62851,1.62852,144600000,1
1289813700000,1289813759000,1.62852,1.62887,1.62847,1.62887,122300000,1
1289813760000,1289813819000,1.62875,1.62886,1.62838,1.62879,120800000,1
1289813820000,1289813879000,1.6288,1.62936,1.62871,1.62936,152800000,1
1289813880000,1289813939000,1.62936,1.62949,1.62882,1.62892,104000000,1
1289813940000,1289813999000,1.62892,1.62952,1.62853,1.62952,109600000,1
1289814000000,1289814059000,1.62957,1.62957,1.62927,1.62942,83300000,1
1289814060000,1289814119000,1.62923,1.62973,1.62914,1.62955,104700000,1
1289814120000,1289814179000,1.62959,1.62979,1.62928,1.62928,90800000,1
1289814180000,1289814239000,1.62927,1.62936,1.62888,1.62918,109200000,1
1289814240000,1289814299000,1.6291,1.62932,1.62876,1.62907,119000000,1
1289814300000,1289814359000,1.62907,1.62907,1.62894,1.629,55800000,1
1289814360000,1289814419000,1.62901,1.62924,1.62886,1.62924,94200000,1
1289814420000,1289814479000,1.6292,1.62922,1.62872,1.62881,71500000,1
1289814480000,1289814539000,1.62881,1.62894,1.62848,1.62856,92500000,1
1289814540000,1289814599000,1.62865,1.62899,1.62861,1.62873,76600000,1
1289814600000,1289814659000,1.62869,1.62907,1.62861,1.62905,94200000,1
1289814660000,1289814719000,1.62907,1.62928,1.62881,1.6291,107200000,1
1289814720000,1289814779000,1.62911,1.62928,1.62875,1.62919,84000000,1
1289814780000,1289814839000,1.62927,1.62935,1.62898,1.62906,68100000,1
1289814840000,1289814899000,1.62912,1.62912,1.62868,1.62883,99500000,1
1289814900000,1289814959000,1.62868,1.62927,1.62867,1.62891,133500000,1
1289814960000,1289815019000,1.62892,1.62915,1.62863,1.62905,122800000,1
1289815020000,1289815079000,1.62936,1.62945,1.62831,1.6287,130900000,1
1289815080000,1289815139000,1.62861,1.62882,1.62826,1.62848,72000000,1
1289815140000,1289815199000,1.62848,1.62904,1.62818,1.62872,102600000,1
1289815200000,1289815259000,1.62889,1.62889,1.62756,1.62783,134000000,1
1289815260000,1289815319000,1.62796,1.62803,1.6271,1.62722,102700000,1
1289815320000,1289815379000,1.62717,1.62759,1.62698,1.62743,77600000,1
1289815380000,1289815439000,1.62736,1.62756,1.62672,1.62686,107800000,1
1289815440000,1289815499000,1.62686,1.62695,1.62626,1.62686,124900000,1
1289815500000,1289815559000,1.62692,1.62725,1.62669,1.62715,94400000,1
1289815560000,1289815619000,1.62713,1.62819,1.62703,1.62807,152400000,1
1289815620000,1289815679000,1.62798,1.62876,1.62782,1.62855,119100000,1
1289815680000,1289815739000,1.62855,1.62963,1.62855,1.62934,161100000,1
1289815740000,1289815799000,1.62933,1.62978,1.6293,1.62948,120700000,1
1289815800000,1289815859000,1.62949,1.63031,1.62927,1.63017,106000000,1
1289815860000,1289815919000,1.6303,1.63046,1.63007,1.63029,71000000,1
1289815920000,1289815979000,1.63024,1.63113,1.63024,1.63091,105700000,1
1289815980000,1289816039000,1.63094,1.63127,1.63084,1.63113,78300000,1
1289816040000,1289816099000,1.63116,1.63204,1.63111,1.63172,150900000,1
1289816100000,1289816159000,1.63167,1.63188,1.63167,1.63181,68000000,1
1289816160000,1289816219000,1.63179,1.63205,1.63161,1.63205,148300000,1
1289816220000,1289816279000,1.632,1.6334,1.632,1.63313,128100000,1
1289816280000,1289816339000,1.63313,1.63318,1.63288,1.63303,122900000,1
1289816340000,1289816399000,1.63297,1.63309,1.63274,1.6329,99700000,1
1289816400000,1289816459000,1.6329,1.63303,1.63224,1.63241,95300000,1
1289816460000,1289816519000,1.63234,1.63246,1.63233,1.63242,54500000,1
1289816520000,1289816579000,1.63249,1.63395,1.63244,1.63395,128200000,1
1289816580000,1289816639000,1.63384,1.63388,1.63337,1.63359,122700000,1
1289816640000,1289816699000,1.63363,1.63392,1.63355,1.63367,98400000,1
1289816700000,1289816759000,1.63369,1.63396,1.63364,1.63364,102100000,1
1289816760000,1289816819000,1.63364,1.63397,1.63346,1.63397,71100000,1
1289816820000,1289816879000,1.63397,1.63412,1.63383,1.63401,101600000,1
1289816880000,1289816939000,1.63401,1.63404,1.63377,1.63377,39400000,1
1289816940000,1289816999000,1.63374,1.63433,1.63348,1.63415,104300000,1
1289817000000,1289817059000,1.63411,1.63426,1.63379,1.63399,104600000,1
1289817060000,1289817119000,1.63396,1.63396,1.63361,1.63395,116400000,1
1289817120000,1289817179000,1.6339,1.63413,1.63367,1.63393,111400000,1
1289817180000,1289817239000,1.63399,1.63434,1.63379,1.63413,79200000,1
1289817240000,1289817299000,1.63413,1.63428,1.63413,1.63415,63200000,1
1289817300000,1289817359000,1.63414,1.63414,1.63399,1.63402,45900000,1
1289817360000,1289817419000,1.634,1.63415,1.63388,1.63402,71400000,1
1289817420000,1289817479000,1.63398,1.63398,1.6335,1.6336,115800000,1
1289817480000,1289817539000,1.63365,1.63399,1.6335,1.63385,116500000,1
1289817540000,1289817599000,1.63375,1.63394,1.63372,1.63376,58500000,1
1289817600000,1289817659000,1.63385,1.63398,1.6337,1.63398,84500000,1
1289817660000,1289817719000,1.63405,1.6341,1.63384,1.63404,67000000,1
1289817720000,1289817779000,1.63397,1.63462,1.63397,1.63457,99400000,1
1289817780000,1289817839000,1.63455,1.63463,1.6344,1.63443,52200000,1
1289817840000,1289817899000,1.63455,1.63461,1.63423,1.63429,63400000,1
1289817900000,1289817959000,1.63429,1.63456,1.63383,1.63397,109600000,1
1289817960000,1289818019000,1.63396,1.63422,1.6337,1.63386,115900000,1
1289818020000,1289818079000,1.63392,1.63422,1.6339,1.63399,91300000,1
1289818080000,1289818139000,1.63401,1.63404,1.63328,1.63338,65700000,1
1289818140000,1289818199000,1.63332,1.63338,1.633,1.63326,77900000,1
1289818200000,1289818259000,1.63331,1.63337,1.63271,1.63311,101800000,1
1289818260000,1289818319000,1.63307,1.63312,1.63282,1.63292,113600000,1
1289818320000,1289818379000,1.63296,1.63325,1.63246,1.63246,96000000,1
1289818380000,1289818439000,1.63246,1.63291,1.63234,1.63256,73900000,1
1289818440000,1289818499000,1.63256,1.63322,1.63253,1.63282,58000000,1
1289818500000,1289818559000,1.63272,1.63321,1.63265,1.63306,63300000,1
1289818560000,1289818619000,1.63311,1.63326,1.63286,1.63323,59300000,1
1289818620000,1289818679000,1.63325,1.63335,1.63287,1.63293,47900000,1
1289818680000,1289818739000,1.63292,1.63316,1.63241,1.63242,105500000,1
1289818740000,1289818799000,1.63254,1.63259,1.63229,1.6324,96800000,1
1289818800000,1289818859000,1.63259,1.63268,1.6322,1.63242,104000000,1
1289818860000,1289818919000,1.63245,1.63273,1.63211,1.63273,93400000,1
1289818920000,1289818979000,1.63263,1.63271,1.63244,1.63244,69700000,1
1289818980000,1289819039000,1.63244,1.63255,1.63198,1.63252,101800000,1
1289819040000,1289819099000,1.63252,1.63283,1.63209,1.63214,81100000,1
1289819100000,1289819159000,1.63214,1.63216,1.6318,1.63208,96000000,1
1289819160000,1289819219000,1.63208,1.63208,1.63121,1.63156,105500000,1
1289819220000,1289819279000,1.63166,1.63166,1.63122,1.63128,95900000,1
1289819280000,1289819339000,1.6314,1.63155,1.63007,1.63026,153600000,1
1289819340000,1289819399000,1.63029,1.63098,1.63022,1.63032,131200000,1
1289819400000,1289819459000,1.63027,1.63113,1.63022,1.63096,113100000,1
1289819460000,1289819519000,1.63096,1.63096,1.63017,1.63042,115400000,1
1289819520000,1289819579000,1.63037,1.63074,1.63036,1.63066,59700000,1
1289819580000,1289819639000,1.63062,1.63111,1.63062,1.63111,85100000,1
1289819640000,1289819699000,1.63113,1.63113,1.6308,1.63086,55500000,1
1289819700000,1289819759000,1.63086,1.631,1.63055,1.6309,67500000,1
1289819760000,1289819819000,1.6309,1.63095,1.63062,1.63077,48900000,1
1289819820000,1289819879000,1.63072,1.63072,1.62985,1.62986,96700000,1
1289819880000,1289819939000,1.6299,1.62992,1.62927,1.62933,87500000,1
1289819940000,1289819999000,1.62928,1.62952,1.62915,1.62935,76900000,1
1289820000000,1289820059000,1.62935,1.62935,1.62881,1.62892,84800000,1
1289820060000,1289820119000,1.62901,1.62904,1.62862,1.62875,71200000,1
1289820120000,1289820179000,1.62876,1.62876,1.62803,1.62821,67300000,1
1289820180000,1289820239000,1.62822,1.62881,1.62822,1.6287,85000000,1
1289820240000,1289820299000,1.62874,1.62882,1.62848,1.62874,53700000,1
1289820300000,1289820359000,1.62865,1.62926,1.62865,1.62897,68700000,1
1289820360000,1289820419000,1.62897,1.62919,1.62886,1.62891,40700000,1
1289820420000,1289820479000,1.62891,1.62952,1.62888,1.62942,61500000,1
1289820480000,1289820539000,1.62951,1.62954,1.62921,1.62944,79500000,1
1289820540000,1289820599000,1.62937,1.62974,1.62928,1.62962,77300000,1
1289820600000,1289820659000,1.62973,1.6299,1.62957,1.6299,47800000,1
1289820660000,1289820719000,1.62988,1.63002,1.62965,1.62986,48600000,1
1289820720000,1289820779000,1.62986,1.62986,1.62935,1.62941,68700000,1
1289820780000,1289820839000,1.62936,1.62948,1.62883,1.62899,88000000,1
1289820840000,1289820899000,1.629,1.62925,1.62876,1.62887,65600000,1
1289820900000,1289820959000,1.6289,1.62915,1.62879,1.62907,48700000,1
1289820960000,1289821019000,1.62906,1.62933,1.62893,1.62893,71800000,1
1289821020000,1289821079000,1.62908,1.62917,1.62869,1.62875,115800000,1
1289821080000,1289821139000,1.62869,1.62891,1.62863,1.62882,81700000,1
1289821140000,1289821199000,1.6288,1.62911,1.62843,1.6291,135600000,1
1289821200000,1289821259000,1.6291,1.62915,1.62887,1.62899,130400000,1
1289821260000,1289821319000,1.62902,1.62902,1.62843,1.62846,108800000,1
1289821320000,1289821379000,1.62846,1.62893,1.62846,1.62893,79900000,1
1289821380000,1289821439000,1.62895,1.62907,1.62886,1.62904,72000000,1
1289821440000,1289821499000,1.62904,1.62937,1.62891,1.62905,72900000,1
1289821500000,1289821559000,1.62899,1.62926,1.62889,1.62893,74200000,1
1289821560000,1289821619000,1.62896,1.62898,1.62853,1.62857,107300000,1
1289821620000,1289821679000,1.62853,1.6289,1.6285,1.6289,83300000,1
1289821680000,1289821739000,1.62884,1.62913,1.62881,1.62885,82700000,1
1289821740000,1289821799000,1.62878,1.62904,1.62878,1.62883,81800000,1
1289821800000,1289821859000,1.62878,1.62885,1.62851,1.62864,94100000,1
1289821860000,1289821919000,1.62869,1.62869,1.62841,1.62843,62400000,1
1289821920000,1289821979000,1.62848,1.62849,1.6283,1.62832,65900000,1
1289821980000,1289822039000,1.62832,1.62835,1.62795,1.62835,70800000,1
1289822040000,1289822099000,1.62825,1.62851,1.62818,1.62827,82700000,1
1289822100000,1289822159000,1.62827,1.62858,1.62827,1.62856,53400000,1
1289822160000,1289822219000,1.62856,1.62856,1.62804,1.62812,101500000,1
1289822220000,1289822279000,1.62807,1.62809,1.62758,1.6277,111200000,1
1289822280000,1289822339000,1.62776,1.62818,1.62775,1.62812,64300000,1
1289822340000,1289822399000,1.62816,1.6282,1.62789,1.62811,94700000,1
1289822400000,1289822459000,1.62812,1.62813,1.62766,1.62806,126100000,1
1289822460000,1289822519000,1.62803,1.62838,1.62803,1.62838,59600000,1
1289822520000,1289822579000,1.62844,1.62844,1.62807,1.62826,65900000,1
1289822580000,1289822639000,1.62833,1.6291,1.62827,1.62884,108700000,1
1289822640000,1289822699000,1.62887,1.62932,1.62874,1.62885,95800000,1
1289822700000,1289822759000,1.62885,1.62909,1.6287,1.62893,88500000,1
1289822760000,1289822819000,1.62893,1.62924,1.62893,1.62905,46200000,1
1289822820000,1289822879000,1.62905,1.62942,1.62903,1.62938,66700000,1
1289822880000,1289822939000,1.62939,1.62969,1.62939,1.62949,42300000,1
1289822940000,1289822999000,1.62947,1.63006,1.62917,1.62979,92700000,1
1289823000000,1289823059000,1.62975,1.62981,1.62937,1.62969,97700000,1
1289823060000,1289823119000,1.62965,1.62969,1.62922,1.62943,79500000,1
1289823120000,1289823179000,1.62943,1.62943,1.62882,1.62908,78700000,1
1289823180000,1289823239000,1.62908,1.62936,1.62899,1.62928,86700000,1
1289823240000,1289823299000,1.62928,1.62947,1.62918,1.6294,71600000,1
1289823300000,1289823359000,1.6294,1.6299,1.629,1.62961,107100000,1
1289823360000,1289823419000,1.62961,1.62961,1.6291,1.62915,99900000,1
1289823420000,1289823479000,1.62926,1.6294,1.62878,1.62882,98900000,1
1289823480000,1289823539000,1.62881,1.62933,1.62881,1.62914,62900000,1
1289823540000,1289823599000,1.62913,1.62948,1.62897,1.62948,92300000,1
1289823600000,1289823659000,1.62946,1.62976,1.62945,1.62957,82600000,1
1289823660000,1289823719000,1.62956,1.63036,1.62953,1.62996,86100000,1
1289823720000,1289823779000,1.63002,1.63002,1.62884,1.62892,125900000,1
1289823780000,1289823839000,1.62884,1.62939,1.62873,1.6288,149500000,1
1289823840000,1289823899000,1.62873,1.62901,1.62843,1.62872,123100000,1
1289823900000,1289823959000,1.62863,1.62899,1.62859,1.62889,119200000,1
1289823960000,1289824019000,1.62893,1.62893,1.62818,1.62838,112200000,1
1289824020000,1289824079000,1.62843,1.62855,1.62815,1.62826,112400000,1
1289824080000,1289824139000,1.62826,1.62857,1.62824,1.62856,104200000,1
1289824140000,1289824199000,1.62862,1.62867,1.62832,1.6284,115300000,1
1289824200000,1289824259000,1.62837,1.62859,1.62822,1.62822,121800000,1
1289824260000,1289824319000,1.6283,1.62838,1.62803,1.62824,112900000,1
1289824320000,1289824379000,1.62816,1.62843,1.62783,1.62799,114100000,1
1289824380000,1289824439000,1.62793,1.62821,1.6279,1.62811,82300000,1
1289824440000,1289824499000,1.62797,1.62884,1.62797,1.62873,76600000,1
1289824500000,1289824559000,1.62873,1.62873,1.62797,1.62825,81100000,1
1289824560000,1289824619000,1.62825,1.62842,1.6281,1.62827,119700000,1
1289824620000,1289824679000,1.62827,1.62891,1.62799,1.62866,131700000,1
1289824680000,1289824739000,1.62866,1.62877,1.62842,1.62872,120100000,1
1289824740000,1289824799000,1.62872,1.6289,1.62852,1.62881,117600000,1
1289824800000,1289824859000,1.62877,1.62877,1.62854,1.62854,37700000,1
1289824860000,1289824919000,1.62858,1.62875,1.6285,1.62867,71400000,1
1289824920000,1289824979000,1.62864,1.62902,1.62851,1.62902,93500000,1
1289824980000,1289825039000,1.62907,1.62943,1.62907,1.62931,117800000,1
1289825040000,1289825099000,1.62934,1.62964,1.62926,1.62933,90200000,1
1289825100000,1289825159000,1.62929,1.62933,1.62908,1.62918,118000000,1
1289825160000,1289825219000,1.62919,1.62948,1.62912,1.62939,85300000,1
1289825220000,1289825279000,1.62947,1.6298,1.62935,1.62963,78300000,1
1289825280000,1289825339000,1.62957,1.62957,1.62896,1.62943,108200000,1
1289825340000,1289825399000,1.62928,1.62987,1.62912,1.62972,159000000,1
1289825400000,1289825459000,1.62977,1.63013,1.62977,1.62996,93100000,1
1289825460000,1289825519000,1.62998,1.63007,1.62917,1.62917,71300000,1
1289825520000,1289825579000,1.62916,1.62965,1.62916,1.62926,74400000,1
1289825580000,1289825639000,1.62919,1.62931,1.62874,1.62875,107300000,1
1289825640000,1289825699000,1.62873,1.62895,1.62846,1.62846,121600000,1
1289825700000,1289825759000,1.62852,1.62878,1.62832,1.62878,91400000,1
1289825760000,1289825819000,1.62894,1.62904,1.62864,1.62866,77800000,1
1289825820000,1289825879000,1.62866,1.62925,1.6286,1.62908,128600000,1
1289825880000,1289825939000,1.62904,1.62945,1.62898,1.62936,136600000,1
1289825940000,1289825999000,1.62934,1.62986,1.62915,1.62986,127200000,1
1289826000000,1289826059000,1.62977,1.62977,1.62879,1.62885,89200000,1
1289826060000,1289826119000,1.62876,1.62922,1.62842,1.62892,140300000,1
1289826120000,1289826179000,1.62892,1.62931,1.62876,1.62914,113100000,1
1289826180000,1289826239000,1.62907,1.62965,1.62907,1.62921,101200000,1
1289826240000,1289826299000,1.62923,1.62923,1.62849,1.6285,138200000,1
1289826300000,1289826359000,1.62849,1.6292,1.62846,1.62903,96000000,1
1289826360000,1289826419000,1.62913,1.62946,1.62907,1.62939,94100000,1
1289826420000,1289826479000,1.62944,1.62963,1.62898,1.62898,111800000,1
1289826480000,1289826539000,1.62893,1.62913,1.62883,1.62892,87000000,1
1289826540000,1289826599000,1.62892,1.62962,1.62883,1.62945,71600000,1
1289826600000,1289826659000,1.62941,1.62961,1.62926,1.62949,114300000,1
1289826660000,1289826719000,1.62933,1.62933,1.62873,1.62905,87200000,1
1289826720000,1289826779000,1.62908,1.62925,1.62886,1.62886,72200000,1
1289826780000,1289826839000,1.62885,1.62915,1.62885,1.62885,88900000,1
1289826840000,1289826899000,1.62888,1.62987,1.62888,1.62987,104800000,1
1289826900000,1289826959000,1.63002,1.63003,1.62954,1.62967,110700000,1
1289826960000,1289827019000,1.62957,1.6297,1.62927,1.6297,94200000,1
1289827020000,1289827079000,1.62965,1.6297,1.62951,1.62951,77700000,1
1289827080000,1289827139000,1.62935,1.62984,1.62926,1.62949,126700000,1
1289827140000,1289827199000,1.62946,1.62961,1.62925,1.62946,119000000,1
1289827200000,1289827259000,1.62951,1.62971,1.62908,1.62963,167500000,1
1289827260000,1289827319000,1.62966,1.63007,1.62952,1.62952,152500000,1
1289827320000,1289827379000,1.62952,1.6299,1.62952,1.62984,74800000,1
1289827380000,1289827439000,1.62984,1.63038,1.62984,1.63025,95300000,1
1289827440000,1289827499000,1.6302,1.6304,1.62961,1.62987,106500000,1
1289827500000,1289827559000,1.62976,1.62989,1.62926,1.62926,94200000,1
1289827560000,1289827619000,1.62927,1.62927,1.62846,1.6289,103700000,1
1289827620000,1289827679000,1.6289,1.62926,1.62874,1.62914,93000000,1
1289827680000,1289827739000,1.62912,1.62974,1.62912,1.62966,51700000,1
1289827740000,1289827799000,1.62957,1.6298,1.62843,1.62903,107500000,1
1289827800000,1289827859000,1.62849,1.62973,1.62798,1.62961,259600000,1
1289827860000,1289827919000,1.62965,1.63048,1.62903,1.63043,198200000,1
1289827920000,1289827979000,1.63039,1.63042,1.6295,1.6295,231400000,1
1289827980000,1289828039000,1.62956,1.62988,1.62875,1.62899,158700000,1
1289828040000,1289828099000,1.62896,1.62916,1.62861,1.62881,108200000,1
1289828100000,1289828159000,1.62882,1.62908,1.62859,1.62884,107800000,1
1289828160000,1289828219000,1.62873,1.6296,1.62852,1.62928,172500000,1
1289828220000,1289828279000,1.62929,1.62963,1.62866,1.62934,146800000,1
1289828280000,1289828339000,1.62927,1.62935,1.62872,1.62912,114500000,1
1289828340000,1289828399000,1.62916,1.62972,1.62877,1.62902,127900000,1
1289828400000,1289828459000,1.62892,1.62939,1.62878,1.62905,128300000,1
1289828460000,1289828519000,1.62909,1.62927,1.62841,1.62841,146300000,1
1289828520000,1289828579000,1.62836,1.62888,1.62798,1.62875,173000000,1
1289828580000,1289828639000,1.6287,1.62969,1.62826,1.62964,132200000,1
1289828640000,1289828699000,1.62953,1.62992,1.62948,1.62976,118600000,1
1289828700000,1289828759000,1.62987,1.63026,1.6298,1.62988,165300000,1
1289828760000,1289828819000,1.62994,1.63023,1.62947,1.63009,166900000,1
1289828820000,1289828879000,1.63013,1.63023,1.62962,1.62976,146500000,1
1289828880000,1289828939000,1.62977,1.62988,1.62921,1.62927,116000000,1
1289828940000,1289828999000,1.6293,1.6293,1.62886,1.629,106900000,1
1289829000000,1289829059000,1.62893,1.62957,1.62893,1.62954,113100000,1
1289829060000,1289829119000,1.62979,1.62987,1.62931,1.62942,83400000,1
1289829120000,1289829179000,1.62932,1.62942,1.62903,1.62935,103000000,1
1289829180000,1289829239000,1.62935,1.62978,1.62902,1.62902,114800000,1
1289829240000,1289829299000,1.62902,1.62909,1.62873,1.62896,106500000,1
1289829300000,1289829359000,1.62889,1.62921,1.62884,1.62893,117000000,1
1289829360000,1289829419000,1.62894,1.62907,1.62873,1.629,85200000,1
1289829420000,1289829479000,1.6289,1.62957,1.62885,1.62942,71300000,1
1289829480000,1289829539000,1.62947,1.62983,1.62904,1.62904,87700000,1
1289829540000,1289829599000,1.62911,1.62939,1.62896,1.62934,111300000,1
1289829600000,1289829659000,1.62936,1.62945,1.62899,1.62901,109100000,1
1289829660000,1289829719000,1.62901,1.62931,1.62888,1.62922,170000000,1
1289829720000,1289829779000,1.62922,1.62938,1.62862,1.62886,153800000,1
1289829780000,1289829839000,1.62889,1.6301,1.62889,1.62986,159000000,1
1289829840000,1289829899000,1.62979,1.63122,1.62969,1.63122,200200000,1
1289829900000,1289829959000,1.63123,1.63162,1.63106,1.63123,159900000,1
1289829960000,1289830019000,1.63123,1.63151,1.63102,1.63126,186300000,1
1289830020000,1289830079000,1.63118,1.63223,1.63114,1.63204,142800000,1
1289830080000,1289830139000,1.63207,1.6323,1.6317,1.6317,125600000,1
1289830140000,1289830199000,1.6317,1.63188,1.63133,1.63143,112300000,1
1289830200000,1289830259000,1.63136,1.63153,1.631,1.63123,102900000,1
1289830260000,1289830319000,1.63123,1.6313,1.63073,1.63083,106600000,1
1289830320000,1289830379000,1.63095,1.63141,1.63077,1.63137,139800000,1
1289830380000,1289830439000,1.6314,1.63149,1.63068,1.63107,166400000,1
1289830440000,1289830499000,1.63105,1.6315,1.63059,1.63134,171900000,1
1289830500000,1289830559000,1.63134,1.63142,1.63099,1.63111,128800000,1
1289830560000,1289830619000,1.63111,1.63126,1.63022,1.63037,169000000,1
1289830620000,1289830679000,1.63032,1.63067,1.63003,1.63046,141100000,1
1289830680000,1289830739000,1.63045,1.6308,1.63021,1.63029,178100000,1
1289830740000,1289830799000,1.63017,1.63039,1.62948,1.62958,160000000,1
1289830800000,1289830859000,1.62946,1.62999,1.62946,1.62999,131000000,1
1289830860000,1289830919000,1.63,1.63066,1.62996,1.63046,161600000,1
1289830920000,1289830979000,1.63042,1.63053,1.6297,1.62975,128900000,1
1289830980000,1289831039000,1.62965,1.62977,1.62896,1.62904,162600000,1
1289831040000,1289831099000,1.62905,1.62914,1.62885,1.62895,142200000,1
1289831100000,1289831159000,1.62891,1.62925,1.62872,1.62897,109000000,1
1289831160000,1289831219000,1.62887,1.62919,1.62865,1.62882,101900000,1
1289831220000,1289831279000,1.62874,1.6288,1.62845,1.62862,85800000,1
1289831280000,1289831339000,1.62862,1.62889,1.62849,1.62879,56900000,1
1289831340000,1289831399000,1.62875,1.6294,1.62872,1.6294,93800000,1
1289831400000,1289831459000,1.62937,1.62958,1.62877,1.62877,152800000,1
1289831460000,1289831519000,1.62877,1.62944,1.62877,1.6294,143200000,1
1289831520000,1289831579000,1.6293,1.6294,1.62873,1.62878,167900000,1
1289831580000,1289831639000,1.62884,1.62942,1.62872,1.62922,134500000,1
1289831640000,1289831699000,1.62917,1.62966,1.62909,1.62914,146500000,1
1289831700000,1289831759000,1.62919,1.6293,1.6285,1.6286,170400000,1
1289831760000,1289831819000,1.62859,1.62892,1.62848,1.62887,142500000,1
1289831820000,1289831879000,1.62887,1.62929,1.62851,1.62851,137600000,1
1289831880000,1289831939000,1.62848,1.62889,1.6284,1.62855,156200000,1
1289831940000,1289831999000,1.62867,1.62905,1.62859,1.62896,195000000,1
1289832000000,1289832059000,1.62897,1.62897,1.62828,1.62833,139300000,1
1289832060000,1289832119000,1.62825,1.62837,1.62749,1.62792,122700000,1
1289832120000,1289832179000,1.6279,1.62832,1.62765,1.62799,113800000,1
1289832180000,1289832239000,1.628,1.62818,1.62771,1.62785,138600000,1
1289832240000,1289832299000,1.62771,1.62782,1.62732,1.62749,156700000,1
1289832300000,1289832359000,1.62749,1.62783,1.62739,1.62755,164800000,1
1289832360000,1289832419000,1.62743,1.62748,1.62707,1.62718,122900000,1
1289832420000,1289832479000,1.62759,1.62763,1.62728,1.62728,93200000,1
1289832480000,1289832539000,1.62729,1.62756,1.62711,1.62712,96100000,1
1289832540000,1289832599000,1.62704,1.62733,1.62694,1.62699,146700000,1
1289832600000,1289832659000,1.62685,1.62716,1.62683,1.62701,114500000,1
1289832660000,1289832719000,1.62706,1.62718,1.62668,1.62676,116300000,1
1289832720000,1289832779000,1.62677,1.62718,1.62661,1.62664,127600000,1
1289832780000,1289832839000,1.62653,1.6269,1.62643,1.62668,105600000,1
1289832840000,1289832899000,1.62674,1.62724,1.62667,1.62709,88300000,1
1289832900000,1289832959000,1.62705,1.62728,1.62667,1.62675,159100000,1
1289832960000,1289833019000,1.62667,1.62715,1.62658,1.62688,158700000,1
1289833020000,1289833079000,1.62689,1.62741,1.62658,1.62714,137500000,1
1289833080000,1289833139000,1.62714,1.6277,1.62674,1.62739,117900000,1
1289833140000,1289833199000,1.62756,1.62795,1.62738,1.62738,117400000,1
1289833200000,1289833259000,1.62739,1.62786,1.62726,1.62765,139700000,1
1289833260000,1289833319000,1.62764,1.62804,1.62763,1.62775,106200000,1
1289833320000,1289833379000,1.62784,1.62837,1.62783,1.62789,158300000,1
1289833380000,1289833439000,1.62789,1.62821,1.6277,1.62789,95700000,1
1289833440000,1289833499000,1.62787,1.62825,1.62749,1.62798,162800000,1
1289833500000,1289833559000,1.62801,1.6282,1.62787,1.62819,92800000,1
1289833560000,1289833619000,1.62823,1.62863,1.62791,1.62841,126900000,1
1289833620000,1289833679000,1.62841,1.62841,1.62767,1.6281,125400000,1
1289833680000,1289833739000,1.62801,1.62842,1.62801,1.62814,140600000,1
1289833740000,1289833799000,1.62804,1.62846,1.62789,1.62819,160700000,1
1289833800000,1289833859000,1.62819,1.62842,1.62779,1.62833,141500000,1
1289833860000,1289833919000,1.62835,1.62848,1.62787,1.62822,154600000,1
1289833920000,1289833979000,1.62823,1.62832,1.62744,1.62786,162700000,1
1289833980000,1289834039000,1.62779,1.62793,1.62719,1.62764,140200000,1
1289834040000,1289834099000,1.62758,1.62786,1.627,1.62706,129900000,1
1289834100000,1289834159000,1.62707,1.62713,1.62663,1.62676,118500000,1
1289834160000,1289834219000,1.62669,1.62677,1.62643,1.62658,99300000,1
1289834220000,1289834279000,1.62668,1.62708,1.62659,1.62707,80100000,1
1289834280000,1289834339000,1.62708,1.62708,1.62617,1.62636,119700000,1
1289834340000,1289834399000,1.62636,1.62662,1.62618,1.62636,126800000,1
1289834400000,1289834459000,1.62648,1.6268,1.62609,1.62651,121600000,1
1289834460000,1289834519000,1.62646,1.62676,1.62636,1.62667,112400000,1
1289834520000,1289834579000,1.6268,1.62714,1.62642,1.62651,121200000,1
1289834580000,1289834639000,1.62651,1.62672,1.62618,1.62647,105700000,1
1289834640000,1289834699000,1.62641,1.62677,1.62619,1.62674,127100000,1
1289834700000,1289834759000,1.6267,1.62698,1.62635,1.62648,137600000,1
1289834760000,1289834819000,1.62639,1.62669,1.62634,1.62643,117800000,1
1289834820000,1289834879000,1.62642,1.62661,1.62617,1.6264,130000000,1
1289834880000,1289834939000,1.62636,1.62645,1.6261,1.62628,85200000,1
1289834940000,1289834999000,1.62636,1.62656,1.62577,1.62577,121400000,1
1289835000000,1289835059000,1.62584,1.62584,1.62504,1.62504,113200000,1
1289835060000,1289835119000,1.62499,1.62509,1.62443,1.62468,98800000,1
1289835120000,1289835179000,1.62468,1.62522,1.62468,1.62522,105300000,1
1289835180000,1289835239000,1.62522,1.62585,1.62522,1.62565,107500000,1
1289835240000,1289835299000,1.62562,1.62609,1.62547,1.6259,101500000,1
1289835300000,1289835359000,1.626,1.62649,1.62592,1.62632,102600000,1
1289835360000,1289835419000,1.62632,1.62632,1.62551,1.62551,91100000,1
1289835420000,1289835479000,1.62551,1.62563,1.62531,1.62531,92200000,1
1289835480000,1289835539000,1.62532,1.62549,1.62491,1.62533,118800000,1
1289835540000,1289835599000,1.62537,1.62549,1.62504,1.62515,76900000,1
1289835600000,1289835659000,1.6252,1.62536,1.62503,1.62506,100400000,1
1289835660000,1289835719000,1.62506,1.62524,1.62487,1.62513,108400000,1
1289835720000,1289835779000,1.62501,1.62527,1.62473,1.62524,107500000,1
1289835780000,1289835839000,1.62525,1.62586,1.62509,1.6256,119200000,1
1289835840000,1289835899000,1.6256,1.62616,1.62559,1.62605,125300000,1
1289835900000,1289835959000,1.62599,1.62632,1.62586,1.62593,132600000,1
1289835960000,1289836019000,1.6259,1.62603,1.62571,1.62599,119100000,1
1289836020000,1289836079000,1.62599,1.62625,1.62569,1.62578,110400000,1
1289836080000,1289836139000,1.62578,1.62615,1.62563,1.62605,99200000,1
1289836140000,1289836199000,1.62605,1.62659,1.62605,1.62635,111600000,1
1289836200000,1289836259000,1.62642,1.62642,1.6261,1.6262,94600000,1
1289836260000,1289836319000,1.6262,1.62669,1.6262,1.62654,115100000,1
1289836320000,1289836379000,1.62654,1.6267,1.62634,1.62661,115400000,1
1289836380000,1289836439000,1.62654,1.62668,1.62626,1.62644,92300000,1
1289836440000,1289836499000,1.62635,1.62685,1.62603,1.62663,167300000,1
1289836500000,1289836559000,1.62657,1.62657,1.62618,1.62618,102600000,1
1289836560000,1289836619000,1.62613,1.62671,1.62602,1.62668,121500000,1
1289836620000,1289836679000,1.62671,1.62685,1.62639,1.62644,121500000,1
1289836680000,1289836739000,1.6265,1.62689,1.62634,1.62671,126900000,1
1289836740000,1289836799000,1.62671,1.62705,1.62632,1.6269,159600000,1
1289836800000,1289836859000,1.62675,1.62689,1.62641,1.62644,125300000,1
1289836860000,1289836919000,1.62653,1.62669,1.62595,1.62621,135400000,1
1289836920000,1289836979000,1.62621,1.62627,1.62578,1.62593,149700000,1
1289836980000,1289837039000,1.62593,1.62594,1.62546,1.62561,154800000,1
1289837040000,1289837099000,1.62553,1.62577,1.62508,1.62533,141000000,1
1289837100000,1289837159000,1.62531,1.62639,1.62531,1.62588,164700000,1
1289837160000,1289837219000,1.62584,1.6262,1.62574,1.62616,146900000,1
1289837220000,1289837279000,1.62616,1.62629,1.62561,1.62587,219200000,1
1289837280000,1289837339000,1.62588,1.62588,1.62517,1.62544,134000000,1
1289837340000,1289837399000,1.62545,1.62613,1.62538,1.62545,160600000,1
1289837400000,1289837459000,1.62546,1.62569,1.62488,1.62504,157600000,1
1289837460000,1289837519000,1.62502,1.62518,1.6248,1.62495,93100000,1
1289837520000,1289837579000,1.62501,1.62517,1.62445,1.62445,158700000,1
1289837580000,1289837639000,1.6247,1.62496,1.62461,1.62491,111000000,1
1289837640000,1289837699000,1.62491,1.62558,1.62461,1.62553,132600000,1
1289837700000,1289837759000,1.62555,1.62564,1.62526,1.62536,103000000,1
1289837760000,1289837819000,1.62533,1.62563,1.62522,1.62531,139500000,1
1289837820000,1289837879000,1.62525,1.6256,1.62522,1.62548,106500000,1
1289837880000,1289837939000,1.6255,1.62553,1.62502,1.62503,110800000,1
1289837940000,1289837999000,1.62504,1.62529,1.62491,1.62495,125600000,1
1289838000000,1289838059000,1.62498,1.62524,1.62471,1.62471,103200000,1
1289838060000,1289838119000,1.62471,1.62505,1.62458,1.62482,135800000,1
1289838120000,1289838179000,1.62478,1.62485,1.62435,1.62452,121900000,1
1289838180000,1289838239000,1.62452,1.62496,1.62446,1.62491,87400000,1
1289838240000,1289838299000,1.62495,1.62536,1.62486,1.62511,150900000,1
1289838300000,1289838359000,1.62521,1.62529,1.62477,1.62508,136100000,1
1289838360000,1289838419000,1.62499,1.62517,1.62477,1.62508,76400000,1
1289838420000,1289838479000,1.62505,1.62529,1.62493,1.62493,92500000,1
1289838480000,1289838539000,1.62495,1.62519,1.62469,1.62469,104500000,1
1289838540000,1289838599000,1.62469,1.62529,1.62464,1.62467,144800000,1
1289838600000,1289838659000,1.62468,1.62468,1.62446,1.6246,100700000,1
1289838660000,1289838719000,1.62464,1.62464,1.62395,1.62395,93200000,1
1289838720000,1289838779000,1.62395,1.62417,1.62373,1.62379,114200000,1
1289838780000,1289838839000,1.62384,1.62425,1.62376,1.62418,109200000,1
1289838840000,1289838899000,1.62426,1.62427,1.62374,1.62387,152200000,1
1289838900000,1289838959000,1.62396,1.62396,1.62309,1.62319,117900000,1
1289838960000,1289839019000,1.62319,1.62361,1.62309,1.62309,122700000,1
1289839020000,1289839079000,1.62317,1.62328,1.62284,1.62284,103400000,1
1289839080000,1289839139000,1.62291,1.62316,1.62279,1.6229,134700000,1
1289839140000,1289839199000,1.6229,1.62326,1.62282,1.62308,143500000,1
1289839200000,1289839259000,1.62307,1.6234,1.62251,1.62253,108600000,1
1289839260000,1289839319000,1.62254,1.62276,1.62239,1.62259,101600000,1
1289839320000,1289839379000,1.62259,1.62293,1.6224,1.6225,92000000,1
1289839380000,1289839439000,1.62255,1.62259,1.6218,1.6218,124000000,1
1289839440000,1289839499000,1.62172,1.62178,1.62092,1.62124,135000000,1
1289839500000,1289839559000,1.62118,1.6216,1.62085,1.62143,104200000,1
1289839560000,1289839619000,1.62148,1.62164,1.62078,1.62092,171700000,1
1289839620000,1289839679000,1.6208,1.62115,1.62071,1.62093,128900000,1
1289839680000,1289839739000,1.62097,1.62105,1.6207,1.62091,127500000,1
1289839740000,1289839799000,1.62094,1.62105,1.62052,1.62052,127100000,1
1289839800000,1289839859000,1.62056,1.62079,1.6205,1.62054,117600000,1
1289839860000,1289839919000,1.62055,1.62101,1.62042,1.62086,141900000,1
1289839920000,1289839979000,1.62083,1.62122,1.62061,1.62093,109100000,1
1289839980000,1289840039000,1.62093,1.62137,1.62086,1.62116,94200000,1
1289840040000,1289840099000,1.62123,1.62149,1.62108,1.62118,119500000,1
1289840100000,1289840159000,1.62118,1.6217,1.62118,1.62163,86100000,1
1289840160000,1289840219000,1.62153,1.62186,1.62146,1.62182,74200000,1
1289840220000,1289840279000,1.62173,1.62184,1.62137,1.62137,151900000,1
1289840280000,1289840339000,1.62134,1.62177,1.62132,1.62165,116000000,1
1289840340000,1289840399000,1.62163,1.6218,1.62158,1.62171,130900000,1
1289840400000,1289840459000,1.62183,1.62183,1.62138,1.62157,177200000,1
1289840460000,1289840519000,1.62155,1.62158,1.62117,1.62141,70900000,1
1289840520000,1289840579000,1.62148,1.62159,1.62099,1.62136,130600000,1
1289840580000,1289840639000,1.6214,1.62154,1.62107,1.62144,99500000,1
1289840640000,1289840699000,1.62145,1.62179,1.62145,1.62163,96300000,1
1289840700000,1289840759000,1.62163,1.62164,1.62125,1.62139,66700000,1
1289840760000,1289840819000,1.6213,1.62158,1.62111,1.62138,96000000,1
1289840820000,1289840879000,1.62133,1.62175,1.62132,1.62139,115200000,1
1289840880000,1289840939000,1.62133,1.62188,1.62133,1.62188,33000000,1
1289840940000,1289840999000,1.62178,1.62195,1.62167,1.62195,39300000,1
1289841000000,1289841059000,1.62201,1.6225,1.62201,1.6225,66100000,1
1289841060000,1289841119000,1.62249,1.62284,1.6224,1.62272,98600000,1
1289841120000,1289841179000,1.62272,1.62286,1.62221,1.62258,103400000,1
1289841180000,1289841239000,1.6225,1.62284,1.62241,1.62241,90700000,1
1289841240000,1289841299000,1.62244,1.62318,1.62238,1.62294,109200000,1
1289841300000,1289841359000,1.62288,1.62295,1.62236,1.62241,74200000,1
1289841360000,1289841419000,1.62246,1.62276,1.62227,1.62246,95300000,1
1289841420000,1289841479000,1.62248,1.62283,1.62244,1.62271,109000000,1
1289841480000,1289841539000,1.62273,1.62293,1.62255,1.62277,78600000,1
1289841540000,1289841599000,1.62281,1.62308,1.62256,1.62258,68600000,1
1289841600000,1289841659000,1.62254,1.62255,1.6222,1.6222,67300000,1
1289841660000,1289841719000,1.62222,1.62259,1.62215,1.62258,100200000,1
1289841720000,1289841779000,1.62267,1.62295,1.62254,1.62287,99200000,1
1289841780000,1289841839000,1.62287,1.62345,1.62277,1.62291,161800000,1
1289841840000,1289841899000,1.62299,1.62309,1.62243,1.62253,97600000,1
1289841900000,1289841959000,1.62249,1.62313,1.62244,1.62244,108500000,1
1289841960000,1289842019000,1.62244,1.62294,1.62244,1.62283,118500000,1
1289842020000,1289842079000,1.62283,1.62308,1.62228,1.62237,89700000,1
1289842080000,1289842139000,1.62237,1.6225,1.62179,1.62195,122500000,1
1289842140000,1289842199000,1.622,1.622,1.62166,1.62173,91000000,1
1289842200000,1289842259000,1.62172,1.6221,1.62164,1.62168,84000000,1
1289842260000,1289842319000,1.62168,1.62208,1.62158,1.62182,138600000,1
1289842320000,1289842379000,1.62189,1.62197,1.62149,1.6215,116200000,1
1289842380000,1289842439000,1.6215,1.62159,1.62117,1.62123,97600000,1
1289842440000,1289842499000,1.62125,1.62136,1.62106,1.62106,100300000,1
1289842500000,1289842559000,1.62106,1.62143,1.62106,1.62124,108300000,1
1289842560000,1289842619000,1.62118,1.62126,1.62112,1.62122,73800000,1
1289842620000,1289842679000,1.62123,1.62158,1.62122,1.62128,106400000,1
1289842680000,1289842739000,1.6212,1.62135,1.62106,1.62106,107600000,1
1289842740000,1289842799000,1.62103,1.62118,1.62017,1.62027,86600000,1
1289842800000,1289842859000,1.62024,1.62071,1.62024,1.62043,84800000,1
1289842860000,1289842919000,1.6205,1.6207,1.62033,1.62048,80500000,1
1289842920000,1289842979000,1.62053,1.62073,1.62046,1.62073,63900000,1
1289842980000,1289843039000,1.62072,1.62098,1.62065,1.62071,126100000,1
1289843040000,1289843099000,1.62071,1.62088,1.62059,1.62067,75000000,1
1289843100000,1289843159000,1.62063,1.62078,1.6204,1.62042,104600000,1
1289843160000,1289843219000,1.62043,1.62064,1.62013,1.62017,146300000,1
1289843220000,1289843279000,1.62003,1.62058,1.62001,1.62058,119700000,1
1289843280000,1289843339000,1.62043,1.62043,1.62004,1.62016,72300000,1
1289843340000,1289843399000,1.62011,1.62037,1.62002,1.62019,102100000,1
1289843400000,1289843459000,1.62019,1.62023,1.62003,1.62003,69800000,1
1289843460000,1289843519000,1.62003,1.62043,1.61999,1.62033,126400000,1
1289843520000,1289843579000,1.62042,1.62089,1.62042,1.62089,82400000,1
1289843580000,1289843639000,1.62084,1.62109,1.62076,1.62109,87300000,1
1289843640000,1289843699000,1.62111,1.62119,1.62094,1.62108,99800000,1
1289843700000,1289843759000,1.62112,1.62157,1.62111,1.62142,119700000,1
1289843760000,1289843819000,1.62133,1.62133,1.62093,1.62116,118400000,1
1289843820000,1289843879000,1.62115,1.6212,1.62074,1.62074,133800000,1
1289843880000,1289843939000,1.62068,1.62126,1.62068,1.62104,83300000,1
1289843940000,1289843999000,1.62112,1.62153,1.62042,1.62042,141800000,1
1289844000000,1289844059000,1.62029,1.62072,1.62015,1.62033,140400000,1
1289844060000,1289844119000,1.62033,1.62084,1.62033,1.62043,90100000,1
1289844120000,1289844179000,1.62044,1.62135,1.62044,1.62129,103500000,1
1289844180000,1289844239000,1.62127,1.62169,1.62125,1.6216,138900000,1
1289844240000,1289844299000,1.62167,1.62167,1.62133,1.6215,114800000,1
1289844300000,1289844359000,1.62149,1.62161,1.62122,1.6213,163800000,1
1289844360000,1289844419000,1.6213,1.62155,1.62122,1.62137,86800000,1
1289844420000,1289844479000,1.62133,1.62206,1.62133,1.62201,101300000,1
1289844480000,1289844539000,1.62195,1.62254,1.62157,1.62214,188300000,1
1289844540000,1289844599000,1.62217,1.62234,1.62177,1.62215,123600000,1
1289844600000,1289844659000,1.62215,1.62233,1.62204,1.62217,83300000,1
1289844660000,1289844719000,1.62221,1.62236,1.62201,1.62206,75700000,1
1289844720000,1289844779000,1.62202,1.62237,1.62199,1.6223,120800000,1
1289844780000,1289844839000,1.62212,1.6223,1.62208,1.62218,36500000,1
1289844840000,1289844899000,1.6222,1.62224,1.6219,1.62202,50100000,1
1289844900000,1289844959000,1.62211,1.62255,1.62209,1.6222,131700000,1
1289844960000,1289845019000,1.62215,1.62218,1.62175,1.62178,77800000,1
1289845020000,1289845079000,1.6218,1.62193,1.62165,1.62186,97800000,1
1289845080000,1289845139000,1.62183,1.62199,1.62178,1.62186,73300000,1
1289845140000,1289845199000,1.62185,1.62191,1.62148,1.62184,105900000,1
1289845200000,1289845259000,1.62174,1.62203,1.62164,1.62172,113700000,1
1289845260000,1289845319000,1.62177,1.62183,1.62154,1.62177,89000000,1
1289845320000,1289845379000,1.62177,1.62182,1.62155,1.62166,82900000,1
1289845380000,1289845439000,1.62167,1.62169,1.62158,1.62169,36400000,1
1289845440000,1289845499000,1.62173,1.62188,1.62164,1.62172,104600000,1
1289845500000,1289845559000,1.62172,1.62193,1.62123,1.62126,95700000,1
1289845560000,1289845619000,1.62114,1.62135,1.62096,1.62096,113900000,1
1289845620000,1289845679000,1.62096,1.6211,1.62083,1.62102,53900000,1
1289845680000,1289845739000,1.62107,1.62144,1.62102,1.62133,95100000,1
1289845740000,1289845799000,1.62129,1.62133,1.62082,1.62096,107400000,1
1289845800000,1289845859000,1.62094,1.62108,1.6207,1.62075,97800000,1
1289845860000,1289845919000,1.62075,1.62075,1.62037,1.62037,59600000,1
1289845920000,1289845979000,1.62049,1.6205,1.62021,1.62025,89700000,1
1289845980000,1289846039000,1.62028,1.6203,1.61987,1.61988,91300000,1
1289846040000,1289846099000,1.61988,1.62008,1.61982,1.61994,64400000,1
1289846100000,1289846159000,1.61994,1.62005,1.61987,1.61995,58600000,1
1289846160000,1289846219000,1.62003,1.62003,1.61982,1.62003,86600000,1
1289846220000,1289846279000,1.62006,1.62028,1.61984,1.62026,49700000,1
1289846280000,1289846339000,1.62026,1.62067,1.62015,1.62066,98300000,1
1289846340000,1289846399000,1.62068,1.62099,1.62059,1.62081,81400000,1
1289846400000,1289846459000,1.62075,1.62078,1.62041,1.62041,71500000,1
1289846460000,1289846519000,1.62046,1.62054,1.62011,1.62016,89400000,1
1289846520000,1289846579000,1.62015,1.62018,1.61992,1.61996,47400000,1
1289846580000,1289846639000,1.61998,1.6202,1.61991,1.62013,98400000,1
1289846640000,1289846699000,1.62007,1.62012,1.61979,1.61982,77400000,1
1289846700000,1289846759000,1.61985,1.61988,1.61941,1.61958,98900000,1
1289846760000,1289846819000,1.61958,1.62006,1.61958,1.62006,71400000,1
1289846820000,1289846879000,1.62006,1.62045,1.61989,1.62043,71500000,1
1289846880000,1289846939000,1.62044,1.62058,1.62018,1.62018,48900000,1
1289846940000,1289846999000,1.62024,1.62026,1.61991,1.61991,62300000,1
1289847000000,1289847059000,1.61996,1.62007,1.61996,1.62003,20900000,1
1289847060000,1289847119000,1.62023,1.62038,1.6199,1.61996,94100000,1
1289847120000,1289847179000,1.61993,1.62046,1.61993,1.62014,63100000,1
1289847180000,1289847239000,1.62017,1.62026,1.62008,1.62008,48200000,1
1289847240000,1289847299000,1.6201,1.62021,1.61989,1.62003,74700000,1
1289847300000,1289847359000,1.61998,1.62028,1.6197,1.6202,37300000,1
1289847360000,1289847419000,1.62023,1.6205,1.62018,1.6205,73500000,1
1289847420000,1289847479000,1.62052,1.62113,1.62036,1.62106,104000000,1
1289847480000,1289847539000,1.62101,1.62113,1.62077,1.62105,63400000,1
1289847540000,1289847599000,1.62106,1.62132,1.62098,1.62132,93800000,1
1289847600000,1289847659000,1.62133,1.62148,1.62131,1.62135,88500000,1
1289847660000,1289847719000,1.62135,1.62135,1.62052,1.62067,88600000,1
1289847720000,1289847779000,1.62059,1.62059,1.62031,1.62048,93400000,1
1289847780000,1289847839000,1.62048,1.62056,1.62023,1.62024,70500000,1
1289847840000,1289847899000,1.62019,1.62024,1.61994,1.62001,82600000,1
1289847900000,1289847959000,1.62001,1.62001,1.61987,1.61999,76400000,1
1289847960000,1289848019000,1.61999,1.62032,1.61988,1.62026,45700000,1
1289848020000,1289848079000,1.62028,1.62032,1.62015,1.62022,42500000,1
1289848080000,1289848139000,1.62022,1.62027,1.61998,1.62009,80500000,1
1289848140000,1289848199000,1.6201,1.6205,1.62009,1.62043,124000000,1
1289848200000,1289848259000,1.62046,1.6206,1.62039,1.62052,43300000,1
1289848260000,1289848319000,1.6206,1.62063,1.61998,1.62017,107400000,1
1289848320000,1289848379000,1.62021,1.62041,1.6201,1.62027,86400000,1
1289848380000,1289848439000,1.62026,1.6203,1.62012,1.62027,67200000,1
1289848440000,1289848499000,1.62044,1.62085,1.62033,1.62058,81900000,1
1289848500000,1289848559000,1.62058,1.62082,1.62058,1.62077,95000000,1
1289848560000,1289848619000,1.6208,1.62082,1.62052,1.62073,81300000,1
1289848620000,1289848679000,1.62077,1.62107,1.62066,1.62103,62600000,1
1289848680000,1289848739000,1.62103,1.62142,1.62076,1.62142,87400000,1
1289848740000,1289848799000,1.62143,1.62192,1.62137,1.62191,139400000,1
1289848800000,1289848859000,1.622,1.62201,1.62176,1.62192,109500000,1
1289848860000,1289848919000,1.62187,1.62192,1.62152,1.62173,64300000,1
1289848920000,1289848979000,1.62181,1.62191,1.62143,1.62163,76500000,1
1289848980000,1289849039000,1.62163,1.6219,1.62162,1.62166,91000000,1
1289849040000,1289849099000,1.62182,1.62182,1.62152,1.62162,60800000,1
1289849100000,1289849159000,1.62162,1.62203,1.62162,1.62192,127100000,1
1289849160000,1289849219000,1.62197,1.6225,1.62192,1.62245,145700000,1
1289849220000,1289849279000,1.62244,1.62322,1.62233,1.62318,101700000,1
1289849280000,1289849339000,1.62323,1.62323,1.62295,1.62322,100000000,1
1289849340000,1289849399000,1.62316,1.62323,1.62297,1.62319,53600000,1
1289849400000,1289849459000,1.62333,1.62346,1.62316,1.62317,64000000,1
1289849460000,1289849519000,1.62327,1.62358,1.62325,1.62338,70200000,1
1289849520000,1289849579000,1.62335,1.62343,1.62317,1.62317,54200000,1
1289849580000,1289849639000,1.62317,1.62363,1.62288,1.62349,92000000,1
1289849640000,1289849699000,1.62344,1.62398,1.62344,1.62353,74100000,1
1289849700000,1289849759000,1.62369,1.62412,1.62369,1.62386,86700000,1
1289849760000,1289849819000,1.62386,1.62431,1.62381,1.6242,137100000,1
1289849820000,1289849879000,1.62415,1.62467,1.62407,1.62443,102400000,1
1289849880000,1289849939000,1.62443,1.62504,1.62408,1.62504,131400000,1
1289849940000,1289849999000,1.62503,1.62561,1.62455,1.62455,153400000,1
1289850000000,1289850059000,1.62448,1.62504,1.62442,1.62498,121400000,1
1289850060000,1289850119000,1.62498,1.62505,1.6246,1.6246,109800000,1
1289850120000,1289850179000,1.6246,1.62464,1.62443,1.62455,68100000,1
1289850180000,1289850239000,1.62455,1.62463,1.62442,1.62446,70000000,1
1289850240000,1289850299000,1.62449,1.62483,1.62448,1.62455,55500000,1
1289850300000,1289850359000,1.62461,1.62482,1.62456,1.62471,58700000,1
1289850360000,1289850419000,1.62482,1.62518,1.62482,1.62518,93700000,1
1289850420000,1289850479000,1.62522,1.62525,1.62492,1.62498,90900000,1
1289850480000,1289850539000,1.62498,1.62532,1.62492,1.62515,61600000,1
1289850540000,1289850599000,1.62513,1.62564,1.62512,1.62555,124500000,1
1289850600000,1289850659000,1.62555,1.62555,1.62498,1.62498,85600000,1
1289850660000,1289850719000,1.62504,1.62511,1.62488,1.62511,46900000,1
1289850720000,1289850779000,1.62505,1.62532,1.62505,1.62508,59600000,1
1289850780000,1289850839000,1.62505,1.62505,1.62456,1.62456,95200000,1
1289850840000,1289850899000,1.62456,1.62472,1.6239,1.62393,137100000,1
1289850900000,1289850959000,1.6239,1.62421,1.62387,1.62408,62500000,1
1289850960000,1289851019000,1.62408,1.62445,1.62408,1.62439,104500000,1
1289851020000,1289851079000,1.62439,1.62465,1.62432,1.62458,108700000,1
1289851080000,1289851139000,1.62456,1.62487,1.62443,1.62466,61300000,1
1289851140000,1289851199000,1.62472,1.62598,1.62472,1.62598,137900000,1
1289851200000,1289851259000,1.62605,1.62605,1.62542,1.62558,91000000,1
1289851260000,1289851319000,1.62562,1.62637,1.62562,1.62599,146000000,1
1289851320000,1289851379000,1.62599,1.62608,1.62557,1.62569,154200000,1
1289851380000,1289851439000,1.6257,1.62582,1.62559,1.62579,39500000,1
1289851440000,1289851499000,1.62576,1.62627,1.62576,1.62601,122200000,1
1289851500000,1289851559000,1.62602,1.6265,1.62602,1.62639,135900000,1
1289851560000,1289851619000,1.62644,1.62652,1.62608,1.6261,101400000,1
1289851620000,1289851679000,1.62612,1.62663,1.62608,1.62637,99600000,1
1289851680000,1289851739000,1.62622,1.62637,1.62608,1.62621,116300000,1
1289851740000,1289851799000,1.62621,1.62645,1.62604,1.62621,62100000,1
1289851800000,1289851859000,1.62627,1.62637,1.62588,1.6259,73400000,1
1289851860000,1289851919000,1.62592,1.62651,1.62592,1.62628,80300000,1
1289851920000,1289851979000,1.62624,1.62656,1.62601,1.6265,89200000,1
1289851980000,1289852039000,1.62644,1.62701,1.62638,1.62668,105400000,1
1289852040000,1289852099000,1.62676,1.62681,1.62633,1.62681,84900000,1
1289852100000,1289852159000,1.62669,1.62798,1.62669,1.62761,127600000,1
1289852160000,1289852219000,1.62762,1.62817,1.62679,1.62798,101800000,1
1289852220000,1289852279000,1.62797,1.62805,1.62727,1.62771,97000000,1
1289852280000,1289852339000,1.6278,1.62814,1.62761,1.62774,93500000,1
1289852340000,1289852399000,1.62761,1.62774,1.6267,1.62759,123100000,1
1289852400000,1289852459000,1.6276,1.6277,1.62712,1.62732,136500000,1
1289852460000,1289852519000,1.62732,1.62775,1.62719,1.62764,122600000,1
1289852520000,1289852579000,1.62764,1.62764,1.62738,1.62752,84800000,1
1289852580000,1289852639000,1.62752,1.62752,1.62693,1.62727,123200000,1
1289852640000,1289852699000,1.6274,1.62783,1.62723,1.62757,115100000,1
1289852700000,1289852759000,1.6276,1.6284,1.62753,1.6284,115500000,1
1289852760000,1289852819000,1.62838,1.62862,1.62775,1.62798,172700000,1
1289852820000,1289852879000,1.62806,1.62806,1.6275,1.62775,106900000,1
1289852880000,1289852939000,1.62779,1.62843,1.62773,1.62778,138300000,1
1289852940000,1289852999000,1.62773,1.62811,1.62768,1.62779,79600000,1
1289853000000,1289853059000,1.62782,1.62791,1.62751,1.62767,86400000,1
1289853060000,1289853119000,1.62766,1.62878,1.62753,1.62837,150500000,1
1289853120000,1289853179000,1.62864,1.62971,1.62848,1.6296,184300000,1
1289853180000,1289853239000,1.62955,1.62986,1.62938,1.62955,151900000,1
1289853240000,1289853299000,1.62962,1.6299,1.62956,1.62968,89300000,1
1289853300000,1289853359000,1.62964,1.62974,1.62928,1.62941,119200000,1
1289853360000,1289853419000,1.62941,1.62956,1.62938,1.62951,44800000,1
1289853420000,1289853479000,1.62942,1.63016,1.62939,1.62947,133200000,1
1289853480000,1289853539000,1.62947,1.62974,1.62906,1.62943,117300000,1
1289853540000,1289853599000,1.62942,1.62942,1.62888,1.62907,136000000,1
1289853600000,1289853659000,1.62906,1.62911,1.62872,1.62882,107300000,1
1289853660000,1289853719000,1.62887,1.62912,1.62874,1.62884,73600000,1
1289853720000,1289853779000,1.62884,1.62891,1.62852,1.62876,44000000,1
1289853780000,1289853839000,1.62878,1.6298,1.62868,1.6298,115800000,1
1289853840000,1289853899000,1.62971,1.63007,1.62952,1.62978,68400000,1
1289853900000,1289853959000,1.62997,1.6307,1.62991,1.6303,106300000,1
1289853960000,1289854019000,1.6305,1.63055,1.63021,1.63021,103400000,1
1289854020000,1289854079000,1.63026,1.63046,1.63003,1.63023,137300000,1
1289854080000,1289854139000,1.63027,1.63039,1.63005,1.63031,110200000,1
1289854140000,1289854199000,1.63036,1.6305,1.62983,1.63039,117100000,1
1289854200000,1289854259000,1.63041,1.63052,1.63017,1.63025,94300000,1
1289854260000,1289854319000,1.6302,1.6302,1.62992,1.63015,97800000,1
1289854320000,1289854379000,1.63019,1.63021,1.62982,1.63017,150400000,1
1289854380000,1289854439000,1.63011,1.63068,1.62992,1.6303,101300000,1
1289854440000,1289854499000,1.63026,1.63053,1.63013,1.63044,85700000,1
1289854500000,1289854559000,1.6304,1.63058,1.62996,1.63015,65300000,1
1289854560000,1289854619000,1.63018,1.63051,1.62993,1.62994,122800000,1
1289854620000,1289854679000,1.62994,1.63079,1.62994,1.63056,174000000,1
1289854680000,1289854739000,1.63043,1.63051,1.62994,1.63033,174000000,1
1289854740000,1289854799000,1.63023,1.63112,1.62999,1.63077,118200000,1
1289854800000,1289854859000,1.63083,1.63106,1.63018,1.63034,119400000,1
1289854860000,1289854919000,1.63034,1.63078,1.63022,1.63035,127800000,1
1289854920000,1289854979000,1.63028,1.63054,1.63003,1.63036,99900000,1
1289854980000,1289855039000,1.63037,1.63066,1.63028,1.63045,63700000,1
1289855040000,1289855099000,1.63044,1.63044,1.63008,1.63032,122500000,1
1289855100000,1289855159000,1.63035,1.63051,1.63029,1.63029,48000000,1
1289855160000,1289855219000,1.63029,1.63029,1.63028,1.63029,11500000,1
1289855220000,1289855279000,1.63034,1.63052,1.6298,1.6298,103700000,1
1289855280000,1289855339000,1.62981,1.63021,1.62966,1.62993,90900000,1
1289855340000,1289855399000,1.62992,1.63,1.62959,1.62972,111800000,1
1289855400000,1289855459000,1.62972,1.63036,1.62967,1.63014,108600000,1
1289855460000,1289855519000,1.63004,1.63017,1.6296,1.62992,100000000,1
1289855520000,1289855579000,1.62987,1.62987,1.6294,1.62977,64300000,1
1289855580000,1289855639000,1.62977,1.62977,1.62949,1.62957,33800000,1
1289855640000,1289855699000,1.62954,1.62994,1.62928,1.6296,104000000,1
1289855700000,1289855759000,1.6296,1.63046,1.6296,1.63045,79400000,1
1289855760000,1289855819000,1.63045,1.63052,1.63045,1.63052,84600000,1
1289855820000,1289855879000,1.63049,1.63052,1.62985,1.63001,61300000,1
1289855880000,1289855939000,1.63004,1.63004,1.62936,1.62936,39100000,1
1289855940000,1289855999000,1.62936,1.62946,1.62922,1.62946,16600000,1
1289856000000,1289856059000,1.62941,1.62956,1.6293,1.62941,42900000,1
1289856060000,1289856119000,1.62941,1.62946,1.62941,1.62946,16800000,1
1289856120000,1289856179000,1.62945,1.62974,1.6293,1.62974,19400000,1
1289856180000,1289856239000,1.62974,1.62974,1.62947,1.62961,39600000,1
1289856240000,1289856299000,1.6296,1.62986,1.6296,1.62962,56600000,1
1289856300000,1289856359000,1.62962,1.62966,1.62926,1.62926,44600000,1
1289856360000,1289856419000,1.62924,1.62982,1.62922,1.62977,98500000,1
1289856420000,1289856479000,1.62968,1.62968,1.62959,1.62959,25900000,1
1289856480000,1289856539000,1.6297,1.62983,1.62964,1.62977,29700000,1
1289856540000,1289856599000,1.62982,1.62988,1.62978,1.62988,27600000,1
1289856600000,1289856659000,1.62986,1.6301,1.62986,1.6301,41600000,1
1289856660000,1289856719000,1.6301,1.63031,1.63002,1.63016,55400000,1
1289856720000,1289856779000,1.63018,1.63018,1.63001,1.63001,56600000,1
1289856780000,1289856839000,1.63001,1.63001,1.63,1.63,64200000,1
1289856840000,1289856899000,1.63,1.63,1.62978,1.6299,140900000,1
1289856900000,1289856959000,1.6299,1.6299,1.62957,1.62984,67600000,1
1289856960000,1289857019000,1.62987,1.63002,1.62979,1.62998,50000000,1
1289857020000,1289857079000,1.63007,1.63081,1.63007,1.6308,85500000,1
1289857080000,1289857139000,1.63086,1.63086,1.63053,1.63053,58500000,1
1289857140000,1289857199000,1.63053,1.63096,1.63052,1.63052,35400000,1
1289857200000,1289857259000,1.63054,1.63067,1.62999,1.63007,47200000,1
1289857260000,1289857319000,1.63031,1.63071,1.63031,1.63071,13500000,1
1289857320000,1289857379000,1.63071,1.63071,1.63004,1.6301,57600000,1
1289857380000,1289857439000,1.6301,1.63021,1.62988,1.62992,35800000,1
1289857440000,1289857499000,1.62996,1.63006,1.62987,1.62997,43700000,1
1289857500000,1289857559000,1.63003,1.63042,1.63003,1.63014,49200000,1
1289857560000,1289857619000,1.63006,1.6304,1.63006,1.63021,62700000,1
1289857620000,1289857679000,1.6301,1.63014,1.62984,1.62994,23900000,1
1289857680000,1289857739000,1.62984,1.63037,1.62981,1.63033,44100000,1
1289857740000,1289857799000,1.63002,1.63051,1.62939,1.62971,117300000,1
1289857800000,1289857859000,1.62963,1.62969,1.62895,1.62924,91700000,1
1289857860000,1289857919000,1.62914,1.62948,1.62866,1.62924,77600000,1
1289857920000,1289857979000,1.62924,1.62931,1.62882,1.62888,42500000,1
1289857980000,1289858039000,1.6289,1.62904,1.62881,1.62904,19700000,1
1289858040000,1289858099000,1.62901,1.62903,1.62898,1.62898,15300000,1
1289858100000,1289858159000,1.62902,1.62902,1.62872,1.62883,23700000,1
1289858160000,1289858219000,1.62887,1.62923,1.62833,1.62833,82800000,1
1289858220000,1289858279000,1.62833,1.6291,1.62824,1.62887,79300000,1
1289858280000,1289858339000,1.62887,1.62888,1.62866,1.62874,44200000,1
1289858340000,1289858399000,1.62874,1.62907,1.62874,1.62904,35800000,1
1289858400000,1289858459000,1.62882,1.62896,1.62867,1.62888,39700000,1
1289858460000,1289858519000,1.62888,1.62894,1.62888,1.62894,28400000,1
1289858520000,1289858579000,1.62882,1.6292,1.62882,1.62912,13700000,1
1289858580000,1289858639000,1.62913,1.62934,1.62912,1.62933,30300000,1
1289858640000,1289858699000,1.62928,1.62928,1.62923,1.62923,5000000,1
1289858700000,1289858759000,1.62961,1.62963,1.62916,1.62916,62300000,1
1289858760000,1289858819000,1.62933,1.62966,1.62933,1.62957,34600000,1
1289858820000,1289858879000,1.62956,1.62987,1.62956,1.6297,18700000,1
1289858880000,1289858939000,1.62966,1.62966,1.62933,1.62933,20300000,1
1289858940000,1289858999000,1.62937,1.62973,1.62937,1.62968,33200000,1
1289859000000,1289859059000,1.62968,1.62968,1.62956,1.62956,47500000,1
1289859060000,1289859119000,1.62956,1.62972,1.62936,1.62972,24200000,1
1289859120000,1289859179000,1.62972,1.62972,1.62936,1.62941,32300000,1
1289859180000,1289859239000,1.62956,1.62956,1.62946,1.62952,17800000,1
1289859240000,1289859299000,1.62952,1.62958,1.62947,1.62958,21300000,1
1289859300000,1289859359000,1.62956,1.62959,1.62956,1.62959,17400000,1
1289859360000,1289859419000,1.62959,1.62959,1.62941,1.62947,47100000,1
1289859420000,1289859479000,1.62958,1.62982,1.62956,1.62982,46700000,1
1289859480000,1289859539000,1.6298,1.6298,1.62946,1.62953,24700000,1
1289859540000,1289859599000,1.62946,1.62964,1.6294,1.62964,18800000,1
1289859600000,1289859659000,1.62964,1.62983,1.62964,1.62977,14800000,1
1289859660000,1289859719000,1.62974,1.63,1.62974,1.62998,14000000,1
1289859720000,1289859779000,1.63,1.63,1.62983,1.62988,22000000,1
1289859780000,1289859839000,1.62945,1.62945,1.62897,1.62933,58000000,1
1289859840000,1289859899000,1.62933,1.62983,1.62933,1.62958,66400000,1
1289859900000,1289859959000,1.62941,1.63008,1.62941,1.62956,105000000,1
1289859960000,1289860019000,1.62968,1.62968,1.62922,1.62933,20300000,1
1289860020000,1289860079000,1.62922,1.62957,1.62922,1.62922,19600000,1
1289860080000,1289860139000,1.62922,1.62922,1.62922,1.62922,2200000,1
1289860140000,1289860199000,1.6292,1.62923,1.62918,1.62918,7700000,1
1289860200000,1289860259000,1.6292,1.62934,1.62897,1.6292,53600000,1
1289860260000,1289860319000,1.6292,1.62947,1.6292,1.62947,22900000,1
1289860320000,1289860379000,1.62951,1.62951,1.62946,1.62949,11600000,1
1289860380000,1289860439000,1.62949,1.62949,1.62918,1.62944,50700000,1
1289860440000,1289860499000,1.62948,1.62982,1.6294,1.62957,31200000,1
1289860500000,1289860559000,1.62956,1.62956,1.62897,1.62897,47800000,1
1289860560000,1289860619000,1.62913,1.62988,1.62913,1.62982,74400000,1
1289860620000,1289860679000,1.62982,1.63001,1.62948,1.62962,85300000,1
1289860680000,1289860739000,1.62959,1.62962,1.62948,1.62955,43400000,1
1289860740000,1289860799000,1.62955,1.62968,1.62948,1.62966,47700000,1
1289860800000,1289860859000,1.6297,1.62991,1.62964,1.62979,63800000,1
1289860860000,1289860919000,1.62986,1.63,1.62961,1.62971,75000000,1
1289860920000,1289860979000,1.62971,1.62995,1.62951,1.62951,27500000,1
1289860980000,1289861039000,1.62946,1.62975,1.62946,1.62946,24800000,1
1289861040000,1289861099000,1.62941,1.62975,1.62935,1.62972,46600000,1
1289861100000,1289861159000,1.6298,1.6298,1.62931,1.6297,75100000,1
1289861160000,1289861219000,1.6297,1.62972,1.62907,1.62923,60600000,1
1289861220000,1289861279000,1.62924,1.62924,1.62915,1.62916,61500000,1
1289861280000,1289861339000,1.62916,1.62931,1.62906,1.62908,41300000,1
1289861340000,1289861399000,1.62911,1.62941,1.62905,1.62941,87200000,1
1289861400000,1289861459000,1.6294,1.62941,1.62917,1.62926,44800000,1
1289861460000,1289861519000,1.6293,1.6293,1.62883,1.6289,77900000,1
1289861520000,1289861579000,1.62904,1.62913,1.62861,1.62861,77500000,1
1289861580000,1289861639000,1.6286,1.62878,1.62848,1.62878,39000000,1
1289861640000,1289861699000,1.62885,1.62898,1.62862,1.62866,75100000,1
1289861700000,1289861759000,1.62866,1.62952,1.62859,1.62931,110500000,1
1289861760000,1289861819000,1.62939,1.63,1.62866,1.62981,159500000,1
1289861820000,1289861879000,1.62981,1.62981,1.62913,1.62913,72400000,1
1289861880000,1289861939000,1.62912,1.62913,1.62877,1.62897,41200000,1
1289861940000,1289861999000,1.62919,1.62935,1.62905,1.62927,71200000,1
1289862000000,1289862059000,1.62923,1.62943,1.62889,1.62892,62200000,1
1289862060000,1289862119000,1.62892,1.62938,1.62892,1.62933,39300000,1
1289862120000,1289862179000,1.62933,1.62946,1.62927,1.62933,59900000,1
1289862180000,1289862239000,1.62933,1.62944,1.62931,1.62944,13000000,1
1289862240000,1289862299000,1.62939,1.62962,1.62933,1.62957,26800000,1
1289862300000,1289862359000,1.62953,1.62996,1.62949,1.62949,73200000,1
1289862360000,1289862419000,1.62952,1.62995,1.62944,1.62973,104700000,1
1289862420000,1289862479000,1.62973,1.62977,1.62934,1.62939,39300000,1
1289862480000,1289862539000,1.6294,1.62985,1.62935,1.62985,50100000,1
1289862540000,1289862599000,1.62975,1.63043,1.62975,1.63043,102800000,1
1289862600000,1289862659000,1.63038,1.63084,1.63034,1.63069,79900000,1
1289862660000,1289862719000,1.63077,1.63084,1.62998,1.62998,45800000,1
1289862720000,1289862779000,1.62996,1.62996,1.62984,1.62992,12500000,1
1289862780000,1289862839000,1.62997,1.63006,1.62995,1.63006,20800000,1
1289862840000,1289862899000,1.63007,1.63019,1.63007,1.63011,21300000,1
1289862900000,1289862959000,1.63011,1.63059,1.63011,1.63042,62600000,1
1289862960000,1289863019000,1.63043,1.63085,1.63043,1.63051,44600000,1
1289863020000,1289863079000,1.63055,1.63072,1.63039,1.63042,30000000,1
1289863080000,1289863139000,1.63039,1.63042,1.63038,1.63042,6700000,1
1289863140000,1289863199000,1.63042,1.63042,1.63042,1.63042,21500000,1
1289863200000,1289863259000,1.63042,1.63045,1.6299,1.63045,96400000,1
1289863260000,1289863319000,1.63037,1.63069,1.63027,1.63053,69100000,1
1289863320000,1289863379000,1.63051,1.63057,1.63047,1.63057,9100000,1
1289863380000,1289863439000,1.63049,1.63063,1.63015,1.63017,38200000,1
1289863440000,1289863499000,1.6301,1.63027,1.62999,1.63003,60200000,1
1289863500000,1289863559000,1.63002,1.63037,1.62995,1.63011,62700000,1
1289863560000,1289863619000,1.63004,1.63031,1.62997,1.63023,47400000,1
1289863620000,1289863679000,1.63027,1.63054,1.63024,1.63054,34000000,1
1289863680000,1289863739000,1.63057,1.63064,1.62948,1.62971,95300000,1
1289863740000,1289863799000,1.62987,1.63017,1.62948,1.62952,58400000,1
1289863800000,1289863859000,1.62947,1.62967,1.62931,1.62948,59500000,1
1289863860000,1289863919000,1.62956,1.62994,1.62956,1.62971,45900000,1
1289863920000,1289863979000,1.62971,1.62979,1.62953,1.6297,34900000,1
1289863980000,1289864039000,1.62969,1.62971,1.62961,1.62971,46100000,1
1289864040000,1289864099000,1.6297,1.62978,1.62962,1.62978,29500000,1
1289864100000,1289864159000,1.62978,1.63009,1.62963,1.63002,35800000,1
1289864160000,1289864219000,1.63002,1.63017,1.62982,1.63017,54100000,1
1289864220000,1289864279000,1.63012,1.63042,1.63012,1.63033,28600000,1
1289864280000,1289864339000,1.63033,1.63095,1.63033,1.63037,78500000,1
1289864340000,1289864399000,1.63037,1.63082,1.63032,1.63062,77800000,1
1289864400000,1289864459000,1.63071,1.63096,1.63067,1.63094,46500000,1
1289864460000,1289864519000,1.63097,1.63112,1.63082,1.63112,16800000,1
1289864520000,1289864579000,1.63109,1.63128,1.63092,1.63128,34500000,1
1289864580000,1289864639000,1.63135,1.63135,1.63076,1.63076,55400000,1
1289864640000,1289864699000,1.63076,1.6309,1.63053,1.63075,84100000,1
1289864700000,1289864759000,1.63079,1.63089,1.63055,1.63089,57100000,1
1289864760000,1289864819000,1.63077,1.63077,1.63057,1.63058,28000000,1
1289864820000,1289864879000,1.63055,1.63062,1.63046,1.63062,28900000,1
1289864880000,1289864939000,1.63054,1.63063,1.63037,1.63037,65800000,1
1289864940000,1289864999000,1.63037,1.63103,1.63037,1.63103,34800000,1
1289865000000,1289865059000,1.63103,1.63129,1.63094,1.63098,86300000,1
1289865060000,1289865119000,1.63099,1.63123,1.63093,1.63093,72500000,1
1289865120000,1289865179000,1.63084,1.63122,1.63084,1.63102,64000000,1
1289865180000,1289865239000,1.63098,1.63099,1.63064,1.63064,37600000,1
1289865240000,1289865299000,1.63064,1.63096,1.6304,1.63086,55700000,1
1289865300000,1289865359000,1.63081,1.63095,1.63049,1.63095,57900000,1
1289865360000,1289865419000,1.63088,1.63088,1.63076,1.63081,11100000,1
1289865420000,1289865479000,1.63078,1.63078,1.63068,1.63072,12700000,1
1289865480000,1289865539000,1.63077,1.63086,1.63068,1.63086,21400000,1
1289865540000,1289865599000,1.63078,1.63088,1.63067,1.63083,36600000,1
1289865600000,1289865659000,1.63092,1.63112,1.63084,1.63086,54600000,1
1289865660000,1289865719000,1.63101,1.63133,1.63056,1.63118,75100000,1
1289865720000,1289865779000,1.63113,1.63115,1.63085,1.63097,67600000,1
1289865780000,1289865839000,1.63095,1.63099,1.63069,1.63085,82800000,1
1289865840000,1289865899000,1.63083,1.63089,1.63069,1.63088,44700000,1
1289865900000,1289865959000,1.63081,1.63109,1.63081,1.63089,49900000,1
1289865960000,1289866019000,1.63088,1.63093,1.6307,1.63092,53800000,1
1289866020000,1289866079000,1.63093,1.63093,1.63072,1.6308,53900000,1
1289866080000,1289866139000,1.6308,1.63101,1.63068,1.63068,39300000,1
1289866140000,1289866199000,1.63065,1.63065,1.63,1.63004,37300000,1
1289866200000,1289866259000,1.62989,1.62989,1.62953,1.62983,58300000,1
1289866260000,1289866319000,1.62983,1.62991,1.62972,1.62978,48900000,1
1289866320000,1289866379000,1.62978,1.63008,1.62957,1.62987,85500000,1
1289866380000,1289866439000,1.62991,1.63046,1.62991,1.63031,76600000,1
1289866440000,1289866499000,1.63043,1.63046,1.62973,1.62973,75700000,1
1289866500000,1289866559000,1.62972,1.62996,1.6295,1.62963,73700000,1
1289866560000,1289866619000,1.62963,1.63003,1.62944,1.62984,71300000,1
1289866620000,1289866679000,1.62998,1.63017,1.62978,1.62986,79900000,1
1289866680000,1289866739000,1.62988,1.63014,1.62985,1.6301,48900000,1
1289866740000,1289866799000,1.63012,1.63014,1.62979,1.62983,50200000,1
1289866800000,1289866859000,1.62981,1.62991,1.62966,1.62969,65400000,1
1289866860000,1289866919000,1.62983,1.63025,1.6297,1.62993,78100000,1
1289866920000,1289866979000,1.62994,1.63049,1.62994,1.63033,80800000,1
1289866980000,1289867039000,1.63034,1.63038,1.63012,1.63019,73100000,1
1289867040000,1289867099000,1.63018,1.63027,1.63011,1.63017,61500000,1
1289867100000,1289867159000,1.63013,1.6306,1.62993,1.62993,49200000,1
1289867160000,1289867219000,1.62995,1.63021,1.62977,1.62993,98000000,1
1289867220000,1289867279000,1.62995,1.63009,1.62991,1.63009,20800000,1
1289867280000,1289867339000,1.63009,1.63009,1.62987,1.62987,37500000,1
1289867340000,1289867399000,1.62984,1.62995,1.62975,1.62995,15100000,1
1289867400000,1289867459000,1.63005,1.63111,1.62895,1.63111,135000000,1
1289867460000,1289867519000,1.63102,1.63132,1.63065,1.6308,139300000,1
1289867520000,1289867579000,1.63082,1.632,1.63082,1.63181,133600000,1
1289867580000,1289867639000,1.6319,1.63238,1.63174,1.63207,89500000,1
1289867640000,1289867699000,1.632,1.63218,1.6315,1.63159,97600000,1
1289867700000,1289867759000,1.63159,1.6316,1.63102,1.63138,80100000,1
1289867760000,1289867819000,1.63138,1.63168,1.63096,1.63163,104900000,1
1289867820000,1289867879000,1.63168,1.63172,1.63087,1.63087,82400000,1
1289867880000,1289867939000,1.63096,1.63112,1.63034,1.63054,89600000,1
1289867940000,1289867999000,1.63043,1.63072,1.63028,1.63037,49000000,1
1289868000000,1289868059000,1.63048,1.63063,1.63,1.63014,93800000,1
1289868060000,1289868119000,1.63021,1.63062,1.63004,1.63062,88300000,1
1289868120000,1289868179000,1.63063,1.63137,1.63038,1.63129,111500000,1
1289868180000,1289868239000,1.63142,1.63183,1.63122,1.63147,124100000,1
1289868240000,1289868299000,1.63147,1.63158,1.63087,1.63087,87900000,1
1289868300000,1289868359000,1.63094,1.63097,1.63047,1.63058,104400000,1
1289868360000,1289868419000,1.63063,1.63078,1.63056,1.63078,56100000,1
1289868420000,1289868479000,1.63078,1.63102,1.63078,1.63085,68000000,1
1289868480000,1289868539000,1.63085,1.6313,1.63074,1.6313,86100000,1
1289868540000,1289868599000,1.63133,1.63184,1.63133,1.63178,116100000,1
1289868600000,1289868659000,1.63177,1.63217,1.6317,1.6317,128000000,1
1289868660000,1289868719000,1.63167,1.63178,1.63151,1.63178,62100000,1
1289868720000,1289868779000,1.63183,1.63189,1.63134,1.63136,97300000,1
1289868780000,1289868839000,1.63134,1.63139,1.63095,1.63095,85800000,1
1289868840000,1289868899000,1.63095,1.63157,1.63069,1.63086,129900000,1
1289868900000,1289868959000,1.63102,1.63112,1.63031,1.63035,103700000,1
1289868960000,1289869019000,1.63044,1.63044,1.62982,1.63001,56000000,1
1289869020000,1289869079000,1.63001,1.6302,1.62954,1.62973,99900000,1
1289869080000,1289869139000,1.62978,1.62998,1.62957,1.62998,90200000,1
1289869140000,1289869199000,1.62998,1.62998,1.62945,1.62955,27600000,1
1289869200000,1289869259000,1.62955,1.62978,1.62924,1.6293,68800000,1
1289869260000,1289869319000,1.62928,1.62957,1.62912,1.62932,55300000,1
1289869320000,1289869379000,1.62953,1.6298,1.62932,1.62954,87800000,1
1289869380000,1289869439000,1.62958,1.62964,1.62925,1.62932,57800000,1
1289869440000,1289869499000,1.62932,1.62952,1.62919,1.6293,110500000,1
1289869500000,1289869559000,1.62927,1.62938,1.62857,1.62857,94400000,1
1289869560000,1289869619000,1.62857,1.62893,1.62853,1.62892,71200000,1
1289869620000,1289869679000,1.62887,1.62906,1.62886,1.62891,49100000,1
1289869680000,1289869739000,1.62897,1.62899,1.6289,1.62891,60500000,1
1289869740000,1289869799000,1.62898,1.62901,1.62865,1.62889,65700000,1
1289869800000,1289869859000,1.62883,1.62889,1.62754,1.6281,163800000,1
1289869860000,1289869919000,1.62817,1.62835,1.62735,1.62775,192800000,1
1289869920000,1289869979000,1.62788,1.62825,1.62775,1.62817,103400000,1
1289869980000,1289870039000,1.62833,1.62841,1.628,1.62836,67100000,1
1289870040000,1289870099000,1.62828,1.62856,1.62813,1.62813,90700000,1
1289870100000,1289870159000,1.62819,1.62849,1.62802,1.62838,91700000,1
1289870160000,1289870219000,1.62846,1.62857,1.62811,1.62854,99300000,1
1289870220000,1289870279000,1.62848,1.62943,1.62832,1.62916,139200000,1
1289870280000,1289870339000,1.62925,1.62938,1.62904,1.62917,113300000,1
1289870340000,1289870399000,1.62919,1.63015,1.62919,1.62997,165800000,1
1289870400000,1289870459000,1.62985,1.63004,1.62957,1.62959,159100000,1
1289870460000,1289870519000,1.62943,1.62967,1.62932,1.62939,92000000,1
1289870520000,1289870579000,1.62939,1.63001,1.62939,1.62992,110000000,1
1289870580000,1289870639000,1.62995,1.63037,1.62983,1.63028,103500000,1
1289870640000,1289870699000,1.6303,1.63059,1.62989,1.63039,129500000,1
1289870700000,1289870759000,1.63034,1.63045,1.62975,1.63018,135000000,1
1289870760000,1289870819000,1.6301,1.6304,1.62994,1.6302,91000000,1
1289870820000,1289870879000,1.63017,1.63028,1.62971,1.63,75500000,1
1289870880000,1289870939000,1.63,1.63081,1.62995,1.63051,113600000,1
1289870940000,1289870999000,1.63051,1.63085,1.63047,1.63083,113300000,1
1289871000000,1289871059000,1.63072,1.63113,1.63064,1.63083,102100000,1
1289871060000,1289871119000,1.63072,1.63106,1.63058,1.63068,96100000,1
1289871120000,1289871179000,1.63068,1.63096,1.63046,1.63063,119800000,1
1289871180000,1289871239000,1.63063,1.63069,1.63013,1.63038,123800000,1
1289871240000,1289871299000,1.63035,1.63057,1.62993,1.63047,108300000,1
1289871300000,1289871359000,1.63046,1.63076,1.63038,1.63056,81600000,1
1289871360000,1289871419000,1.63056,1.6308,1.63031,1.63064,68700000,1
1289871420000,1289871479000,1.63061,1.63065,1.63031,1.63055,62600000,1
1289871480000,1289871539000,1.63056,1.63122,1.63056,1.63105,104300000,1
1289871540000,1289871599000,1.63096,1.63127,1.63086,1.63123,93700000,1
1289871600000,1289871659000,1.63123,1.63139,1.63105,1.63119,75800000,1
1289871660000,1289871719000,1.63125,1.63131,1.63051,1.63056,145700000,1
1289871720000,1289871779000,1.63055,1.63112,1.63055,1.63103,43600000,1
1289871780000,1289871839000,1.63077,1.63188,1.63075,1.63167,137400000,1
1289871840000,1289871899000,1.63167,1.63179,1.63157,1.63172,76000000,1
1289871900000,1289871959000,1.63167,1.63177,1.63157,1.63162,37300000,1
1289871960000,1289872019000,1.63162,1.63163,1.63139,1.63147,100900000,1
1289872020000,1289872079000,1.63147,1.63159,1.63095,1.63095,116200000,1
1289872080000,1289872139000,1.63095,1.63137,1.63094,1.63118,73800000,1
1289872140000,1289872199000,1.63113,1.63126,1.63088,1.63102,83600000,1
1289872200000,1289872259000,1.63102,1.63141,1.63093,1.63124,55200000,1
1289872260000,1289872319000,1.63149,1.63179,1.63132,1.6315,93200000,1
1289872320000,1289872379000,1.63151,1.63159,1.6313,1.6313,83700000,1
1289872380000,1289872439000,1.63129,1.63129,1.63083,1.63095,94300000,1
1289872440000,1289872499000,1.63107,1.63128,1.63097,1.6312,48100000,1
1289872500000,1289872559000,1.6312,1.63124,1.6309,1.63102,65100000,1
1289872560000,1289872619000,1.631,1.63115,1.63085,1.63103,51700000,1
1289872620000,1289872679000,1.63091,1.63111,1.63081,1.63108,54300000,1
1289872680000,1289872739000,1.63104,1.63124,1.63104,1.63121,62300000,1
1289872740000,1289872799000,1.63122,1.63141,1.63023,1.63023,77200000,1
1289872800000,1289872859000,1.63023,1.63123,1.63023,1.63099,109900000,1
1289872860000,1289872919000,1.63095,1.6312,1.63081,1.63095,75600000,1
1289872920000,1289872979000,1.63095,1.63159,1.63094,1.63142,113100000,1
1289872980000,1289873039000,1.63135,1.63135,1.63087,1.63105,114700000,1
1289873040000,1289873099000,1.63102,1.63102,1.63096,1.63098,20700000,1
1289873100000,1289873159000,1.63098,1.63098,1.63061,1.63072,59900000,1
1289873160000,1289873219000,1.63077,1.63077,1.63003,1.63013,120000000,1
1289873220000,1289873279000,1.63007,1.63016,1.62964,1.62999,103700000,1
1289873280000,1289873339000,1.63008,1.63036,1.63,1.63032,88100000,1
1289873340000,1289873399000,1.63034,1.63066,1.63018,1.63031,60900000,1
1289873400000,1289873459000,1.6304,1.63063,1.6304,1.63057,30800000,1
1289873460000,1289873519000,1.63058,1.63063,1.63012,1.63037,58800000,1
1289873520000,1289873579000,1.63037,1.63052,1.63014,1.63028,33100000,1
1289873580000,1289873639000,1.63034,1.63043,1.63023,1.6303,24100000,1
1289873640000,1289873699000,1.63027,1.63027,1.62978,1.62982,46600000,1
1289873700000,1289873759000,1.62983,1.63004,1.62959,1.63004,102900000,1
1289873760000,1289873819000,1.63002,1.63035,1.62997,1.63002,53900000,1
1289873820000,1289873879000,1.6301,1.63016,1.62969,1.62998,55200000,1
1289873880000,1289873939000,1.63,1.63054,1.62968,1.62968,69800000,1
1289873940000,1289873999000,1.62968,1.63012,1.62943,1.62962,109300000,1
1289874000000,1289874059000,1.62962,1.62977,1.62923,1.62964,126900000,1
1289874060000,1289874119000,1.62967,1.63014,1.62948,1.63014,104200000,1
1289874120000,1289874179000,1.63009,1.63024,1.62999,1.63015,40500000,1
1289874180000,1289874239000,1.63013,1.63031,1.63013,1.63024,23300000,1
1289874240000,1289874299000,1.63017,1.63022,1.62981,1.63022,73300000,1
1289874300000,1289874359000,1.63049,1.63062,1.63004,1.63023,114600000,1
1289874360000,1289874419000,1.63028,1.63047,1.63021,1.63037,75500000,1
1289874420000,1289874479000,1.6303,1.63038,1.63016,1.63032,31400000,1
1289874480000,1289874539000,1.63044,1.63057,1.63033,1.63041,59900000,1
1289874540000,1289874599000,1.63041,1.63051,1.63016,1.63033,63100000,1
1289874600000,1289874659000,1.63025,1.63034,1.6301,1.6301,50700000,1
1289874660000,1289874719000,1.63007,1.63018,1.62992,1.63018,49900000,1
1289874720000,1289874779000,1.63017,1.63033,1.63,1.63024,53900000,1
1289874780000,1289874839000,1.63033,1.63038,1.62998,1.63019,63100000,1
1289874840000,1289874899000,1.63013,1.63027,1.62966,1.63023,71300000,1
1289874900000,1289874959000,1.63023,1.63057,1.63012,1.63034,64600000,1
1289874960000,1289875019000,1.63029,1.63046,1.63018,1.63026,31900000,1
1289875020000,1289875079000,1.6302,1.63029,1.63007,1.63007,20200000,1
1289875080000,1289875139000,1.63,1.63008,1.62973,1.62983,70800000,1
1289875140000,1289875199000,1.62983,1.62998,1.62948,1.62982,75400000,1
1289875200000,1289875259000,1.62988,1.63007,1.62942,1.62942,101900000,1
1289875260000,1289875319000,1.6295,1.62958,1.62885,1.6289,106600000,1
1289875320000,1289875379000,1.62889,1.62972,1.62874,1.62932,84800000,1
1289875380000,1289875439000,1.62936,1.62954,1.62901,1.62913,113100000,1
1289875440000,1289875499000,1.62913,1.62953,1.62912,1.62919,99200000,1
1289875500000,1289875559000,1.62911,1.62926,1.62869,1.62871,142400000,1
1289875560000,1289875619000,1.62867,1.62894,1.62867,1.62878,104400000,1
1289875620000,1289875679000,1.62887,1.62888,1.62847,1.62856,110900000,1
1289875680000,1289875739000,1.62847,1.62912,1.62842,1.62891,112300000,1
1289875740000,1289875799000,1.62888,1.62901,1.62854,1.62871,105600000,1
1289875800000,1289875859000,1.62871,1.62908,1.62827,1.62848,133200000,1
1289875860000,1289875919000,1.62846,1.62856,1.62797,1.62806,114300000,1
1289875920000,1289875979000,1.62792,1.62867,1.62792,1.62854,66300000,1
1289875980000,1289876039000,1.62853,1.62885,1.62845,1.62885,37200000,1
1289876040000,1289876099000,1.62878,1.62898,1.62838,1.62862,56900000,1
1289876100000,1289876159000,1.62865,1.62896,1.62859,1.62884,64900000,1
1289876160000,1289876219000,1.62878,1.62912,1.62871,1.629,84500000,1
1289876220000,1289876279000,1.629,1.62913,1.62886,1.62886,41700000,1
1289876280000,1289876339000,1.62891,1.62892,1.62803,1.62808,89000000,1
1289876340000,1289876399000,1.62813,1.62853,1.62793,1.62842,97900000,1
1289876400000,1289876459000,1.62824,1.62873,1.62818,1.62862,96300000,1
1289876460000,1289876519000,1.62863,1.62865,1.62846,1.6286,47900000,1
1289876520000,1289876579000,1.62859,1.62894,1.62833,1.62843,51700000,1
1289876580000,1289876639000,1.6284,1.62861,1.62835,1.62845,62800000,1
1289876640000,1289876699000,1.62835,1.62844,1.62827,1.62827,70700000,1
1289876700000,1289876759000,1.62827,1.62834,1.62797,1.62821,106800000,1
1289876760000,1289876819000,1.62818,1.62819,1.62781,1.62781,70200000,1
1289876820000,1289876879000,1.62787,1.62814,1.62786,1.62814,39700000,1
1289876880000,1289876939000,1.62817,1.62845,1.62816,1.62825,54100000,1
1289876940000,1289876999000,1.62817,1.62845,1.62795,1.62845,81100000,1
1289877000000,1289877059000,1.62845,1.62861,1.62808,1.62857,105000000,1
1289877060000,1289877119000,1.62858,1.62861,1.62857,1.62858,13300000,1
1289877120000,1289877179000,1.62858,1.62858,1.62798,1.62803,45600000,1
1289877180000,1289877239000,1.62796,1.62827,1.62796,1.62814,45700000,1
1289877240000,1289877299000,1.62814,1.62819,1.62797,1.62808,63500000,1
1289877300000,1289877359000,1.62808,1.62832,1.62793,1.62832,53300000,1
1289877360000,1289877419000,1.62833,1.62846,1.62826,1.62828,35700000,1
1289877420000,1289877479000,1.62818,1.62824,1.62802,1.62806,58400000,1
1289877480000,1289877539000,1.62816,1.6282,1.62791,1.62791,41100000,1
1289877540000,1289877599000,1.6279,1.62812,1.62785,1.62791,63900000,1
1289877600000,1289877659000,1.62794,1.62806,1.62786,1.62786,36000000,1
1289877660000,1289877719000,1.62786,1.62796,1.62761,1.62776,44000000,1
1289877720000,1289877779000,1.62778,1.62809,1.62769,1.62781,51700000,1
1289877780000,1289877839000,1.62778,1.62778,1.62731,1.62731,65800000,1
1289877840000,1289877899000,1.62733,1.62759,1.62712,1.62715,102700000,1
1289877900000,1289877959000,1.62713,1.62739,1.62699,1.62731,52300000,1
1289877960000,1289878019000,1.6275,1.62761,1.62724,1.62747,100600000,1
1289878020000,1289878079000,1.62747,1.62788,1.62738,1.62788,59400000,1
1289878080000,1289878139000,1.62795,1.62825,1.62792,1.62798,70200000,1
1289878140000,1289878199000,1.62796,1.62796,1.62765,1.62788,94900000,1
1289878200000,1289878259000,1.62783,1.629,1.62783,1.62876,162100000,1
1289878260000,1289878319000,1.62867,1.62923,1.62861,1.62923,74900000,1
1289878320000,1289878379000,1.6292,1.62947,1.6292,1.62937,53000000,1
1289878380000,1289878439000,1.62938,1.62938,1.62902,1.62906,62100000,1
1289878440000,1289878499000,1.62906,1.62906,1.62899,1.62905,22700000,1
1289878500000,1289878559000,1.62907,1.62947,1.62907,1.62933,94300000,1
1289878560000,1289878619000,1.62936,1.62949,1.6291,1.6291,91800000,1
1289878620000,1289878679000,1.62915,1.62928,1.62885,1.62912,61500000,1
1289878680000,1289878739000,1.62915,1.6292,1.62912,1.62917,13000000,1
1289878740000,1289878799000,1.62927,1.62934,1.62858,1.62858,56700000,1
1289878800000,1289878859000,1.62858,1.62929,1.62858,1.62929,44000000,1
1289878860000,1289878919000,1.62929,1.62975,1.62896,1.6295,63400000,1
1289878920000,1289878979000,1.62958,1.62982,1.62929,1.62958,87200000,1
1289878980000,1289879039000,1.62955,1.62965,1.62952,1.62963,32600000,1
1289879040000,1289879099000,1.62959,1.62959,1.62903,1.62954,79200000,1
1289879100000,1289879159000,1.62954,1.62976,1.62918,1.6292,54300000,1
1289879160000,1289879219000,1.62923,1.62948,1.62923,1.62947,47100000,1
1289879220000,1289879279000,1.62947,1.62969,1.62937,1.62953,45300000,1
1289879280000,1289879339000,1.62953,1.62953,1.6292,1.62936,46300000,1
1289879340000,1289879399000,1.62936,1.62949,1.62921,1.62941,46700000,1
1289879400000,1289879459000,1.62941,1.62972,1.62874,1.62912,125800000,1
1289879460000,1289879519000,1.62912,1.62927,1.629,1.62915,108200000,1
1289879520000,1289879579000,1.62915,1.62915,1.62875,1.62875,70500000,1
1289879580000,1289879639000,1.62877,1.62894,1.62851,1.62893,72800000,1
1289879640000,1289879699000,1.62895,1.62907,1.62876,1.62899,70000000,1
1289879700000,1289879759000,1.6289,1.62928,1.62882,1.6292,64900000,1
1289879760000,1289879819000,1.62921,1.62933,1.62896,1.62908,105600000,1
1289879820000,1289879879000,1.62902,1.62927,1.62898,1.62927,48500000,1
1289879880000,1289879939000,1.62927,1.62927,1.62909,1.62913,51300000,1
1289879940000,1289879999000,1.62908,1.62927,1.62908,1.62915,39400000,1
1289880000000,1289880059000,1.62919,1.62922,1.62865,1.62875,58700000,1
1289880060000,1289880119000,1.62875,1.62891,1.62851,1.62866,73900000,1
1289880120000,1289880179000,1.62866,1.62866,1.62799,1.62808,71600000,1
1289880180000,1289880239000,1.62808,1.62823,1.62807,1.62818,35900000,1
1289880240000,1289880299000,1.62818,1.62818,1.62802,1.62803,27300000,1
1289880300000,1289880359000,1.62807,1.62817,1.62787,1.6279,51400000,1
1289880360000,1289880419000,1.6279,1.62793,1.62789,1.62793,20600000,1
1289880420000,1289880479000,1.62793,1.62827,1.62793,1.62808,49900000,1
1289880480000,1289880539000,1.62817,1.62835,1.62817,1.62835,28500000,1
1289880540000,1289880599000,1.62836,1.62845,1.6282,1.6282,37300000,1
1289880600000,1289880659000,1.6282,1.62842,1.6282,1.62842,28900000,1
1289880660000,1289880719000,1.62843,1.62852,1.62823,1.62832,38800000,1
1289880720000,1289880779000,1.62832,1.62832,1.62807,1.62808,18800000,1
1289880780000,1289880839000,1.62794,1.62818,1.62782,1.62818,53200000,1
1289880840000,1289880899000,1.62823,1.62827,1.62782,1.62782,34100000,1
1289880900000,1289880959000,1.62778,1.62832,1.62777,1.62815,61900000,1
1289880960000,1289881019000,1.62815,1.62843,1.628,1.62813,58000000,1
1289881020000,1289881079000,1.62813,1.6283,1.62787,1.62819,80500000,1
1289881080000,1289881139000,1.62835,1.62835,1.62819,1.62825,16400000,1
1289881140000,1289881199000,1.62821,1.62837,1.62807,1.62807,43800000,1
1289881200000,1289881259000,1.62812,1.62837,1.62806,1.62827,69400000,1
1289881260000,1289881319000,1.62822,1.62844,1.62822,1.62837,21000000,1
1289881320000,1289881379000,1.6283,1.6283,1.62802,1.62804,33700000,1
1289881380000,1289881439000,1.6279,1.62796,1.62779,1.62796,31600000,1
1289881440000,1289881499000,1.62804,1.62804,1.62788,1.62788,7700000,1
1289881500000,1289881559000,1.62792,1.62823,1.62792,1.62817,24200000,1
1289881560000,1289881619000,1.62818,1.62851,1.62818,1.62847,16000000,1
1289881620000,1289881679000,1.62847,1.62873,1.62845,1.62853,31100000,1
1289881680000,1289881739000,1.62857,1.62879,1.62849,1.62851,70800000,1
1289881740000,1289881799000,1.62849,1.62851,1.62833,1.62838,53300000,1
1289881800000,1289881859000,1.62834,1.62843,1.62832,1.62837,22600000,1
1289881860000,1289881919000,1.62838,1.62838,1.62827,1.62827,10100000,1
1289881920000,1289881979000,1.62827,1.62832,1.62805,1.62823,39200000,1
1289881980000,1289882039000,1.6282,1.62825,1.62755,1.62757,101800000,1
1289882040000,1289882099000,1.62762,1.62762,1.62708,1.62717,58800000,1
1289882100000,1289882159000,1.62722,1.62722,1.62712,1.62714,14800000,1
1289882160000,1289882219000,1.62702,1.62707,1.62686,1.62707,61900000,1
1289882220000,1289882279000,1.6271,1.62712,1.62705,1.62705,14300000,1
1289882280000,1289882339000,1.62695,1.62728,1.62695,1.62723,67300000,1
1289882340000,1289882399000,1.62723,1.62733,1.62685,1.62687,62200000,1
1289882400000,1289882459000,1.62683,1.62747,1.62681,1.62722,62300000,1
1289882460000,1289882519000,1.62722,1.62735,1.62693,1.62717,47100000,1
1289882520000,1289882579000,1.62721,1.62721,1.62712,1.62712,35400000,1
1289882580000,1289882639000,1.6272,1.62722,1.62701,1.62706,39100000,1
1289882640000,1289882699000,1.62703,1.62714,1.62682,1.62692,79600000,1
1289882700000,1289882759000,1.62695,1.62722,1.62695,1.62722,27800000,1
1289882760000,1289882819000,1.62719,1.62719,1.62719,1.62719,5400000,1
1289882820000,1289882879000,1.62719,1.62757,1.62707,1.62726,74300000,1
1289882880000,1289882939000,1.62732,1.62752,1.62729,1.62752,22200000,1
1289882940000,1289882999000,1.62748,1.62776,1.62741,1.62776,50100000,1
1289883000000,1289883059000,1.62776,1.62776,1.62772,1.62772,6200000,1
1289883060000,1289883119000,1.62774,1.62776,1.62773,1.62773,15200000,1
1289883120000,1289883179000,1.62782,1.62782,1.62767,1.62777,10500000,1
1289883180000,1289883239000,1.62773,1.62782,1.62766,1.62766,16900000,1
1289883240000,1289883299000,1.6277,1.6277,1.62763,1.62763,7800000,1
1289883300000,1289883359000,1.62762,1.62768,1.62747,1.62768,12700000,1
1289883360000,1289883419000,1.62765,1.62765,1.62744,1.62753,35800000,1
1289883420000,1289883479000,1.62758,1.62775,1.62758,1.62767,21600000,1
1289883480000,1289883539000,1.62771,1.62771,1.6277,1.62771,9200000,1
1289883540000,1289883599000,1.62771,1.62772,1.62766,1.62766,8100000,1
1289883600000,1289883659000,1.62767,1.62788,1.62732,1.62784,84100000,1
1289883660000,1289883719000,1.62784,1.62784,1.62757,1.62762,45700000,1
1289883720000,1289883779000,1.62757,1.62761,1.62683,1.62702,147300000,1
1289883780000,1289883839000,1.62707,1.62747,1.62688,1.62693,178400000,1
1289883840000,1289883899000,1.62702,1.62753,1.62697,1.62719,123200000,1
1289883900000,1289883959000,1.62711,1.62743,1.62676,1.62677,121200000,1
1289883960000,1289884019000,1.62684,1.62739,1.62662,1.627,87400000,1
1289884020000,1289884079000,1.62687,1.62693,1.62664,1.62664,54800000,1
1289884080000,1289884139000,1.62667,1.62669,1.62563,1.62563,110500000,1
1289884140000,1289884199000,1.62564,1.62634,1.62564,1.62625,96200000,1
1289884200000,1289884259000,1.62625,1.62641,1.62603,1.62641,82200000,1
1289884260000,1289884319000,1.62643,1.6266,1.62602,1.62631,127000000,1
1289884320000,1289884379000,1.62627,1.62633,1.62597,1.62608,132800000,1
1289884380000,1289884439000,1.62614,1.62621,1.62587,1.62611,131800000,1
1289884440000,1289884499000,1.62611,1.62617,1.62578,1.62593,87800000,1
1289884500000,1289884559000,1.62587,1.62598,1.62565,1.62569,73600000,1
1289884560000,1289884619000,1.6257,1.62602,1.62564,1.62574,121600000,1
1289884620000,1289884679000,1.62578,1.62606,1.62577,1.62601,97900000,1
1289884680000,1289884739000,1.62601,1.62621,1.62593,1.62593,49900000,1
1289884740000,1289884799000,1.62591,1.62592,1.62558,1.62558,51600000,1
1289884800000,1289884859000,1.62549,1.62558,1.62492,1.62529,159600000,1
1289884860000,1289884919000,1.62529,1.6254,1.62497,1.62506,166500000,1
1289884920000,1289884979000,1.62503,1.62547,1.62495,1.62536,157500000,1
1289884980000,1289885039000,1.62528,1.62553,1.62498,1.6252,107000000,1
1289885040000,1289885099000,1.62528,1.62578,1.62517,1.62527,127800000,1
1289885100000,1289885159000,1.62523,1.62555,1.62498,1.62526,126800000,1
1289885160000,1289885219000,1.62527,1.62554,1.62524,1.62554,102000000,1
1289885220000,1289885279000,1.6255,1.62592,1.62543,1.62571,118700000,1
1289885280000,1289885339000,1.62576,1.62602,1.62551,1.62602,114500000,1
1289885340000,1289885399000,1.62612,1.62647,1.62612,1.62647,124000000,1
1289885400000,1289885459000,1.62641,1.62687,1.62625,1.62665,149800000,1
1289885460000,1289885519000,1.62656,1.62678,1.62639,1.62675,111900000,1
1289885520000,1289885579000,1.62677,1.62681,1.62649,1.62677,90800000,1
1289885580000,1289885639000,1.62677,1.62683,1.62626,1.62657,93200000,1
1289885640000,1289885699000,1.62657,1.62683,1.62649,1.62671,114500000,1
1289885700000,1289885759000,1.62677,1.62686,1.62652,1.62656,77100000,1
1289885760000,1289885819000,1.62658,1.62683,1.62655,1.62673,71700000,1
1289885820000,1289885879000,1.62682,1.62713,1.62681,1.62702,77700000,1
1289885880000,1289885939000,1.62702,1.62728,1.62687,1.62717,136000000,1
1289885940000,1289885999000,1.6273,1.62758,1.62726,1.62751,108700000,1
1289886000000,1289886059000,1.62743,1.62763,1.6272,1.62763,126200000,1
1289886060000,1289886119000,1.6276,1.6276,1.62701,1.62716,98600000,1
1289886120000,1289886179000,1.62724,1.62748,1.62716,1.62737,55300000,1
1289886180000,1289886239000,1.6274,1.62785,1.6274,1.62782,65400000,1
1289886240000,1289886299000,1.62798,1.62823,1.62768,1.62768,107300000,1
1289886300000,1289886359000,1.62763,1.62768,1.62728,1.62748,101400000,1
1289886360000,1289886419000,1.62748,1.62748,1.62707,1.62717,74700000,1
1289886420000,1289886479000,1.62712,1.62742,1.62712,1.62732,44700000,1
1289886480000,1289886539000,1.62737,1.62852,1.62737,1.62843,121100000,1
1289886540000,1289886599000,1.62841,1.62876,1.62796,1.62868,138100000,1
1289886600000,1289886659000,1.62867,1.62929,1.62867,1.62901,129000000,1
1289886660000,1289886719000,1.62897,1.62912,1.62884,1.62903,89500000,1
1289886720000,1289886779000,1.62897,1.62938,1.62882,1.62904,112600000,1
1289886780000,1289886839000,1.6291,1.62969,1.62907,1.62969,113500000,1
1289886840000,1289886899000,1.62969,1.63039,1.62969,1.63008,114400000,1
1289886900000,1289886959000,1.63017,1.63096,1.63014,1.63078,186300000,1
1289886960000,1289887019000,1.63077,1.63077,1.63003,1.63003,146200000,1
1289887020000,1289887079000,1.62999,1.63026,1.6298,1.62995,130500000,1
1289887080000,1289887139000,1.62995,1.62997,1.62943,1.62951,124200000,1
1289887140000,1289887199000,1.62951,1.62971,1.62945,1.62959,77300000,1
1289887200000,1289887259000,1.62962,1.62988,1.62952,1.6297,97000000,1
1289887260000,1289887319000,1.62954,1.62986,1.62894,1.62986,162200000,1
1289887320000,1289887379000,1.62977,1.63004,1.62933,1.62963,110700000,1
1289887380000,1289887439000,1.62962,1.63013,1.62948,1.62974,105500000,1
1289887440000,1289887499000,1.62966,1.62989,1.62962,1.62978,93300000,1
1289887500000,1289887559000,1.62968,1.62973,1.62933,1.62957,89100000,1
1289887560000,1289887619000,1.62956,1.63053,1.62956,1.63041,88100000,1
1289887620000,1289887679000,1.63036,1.63064,1.63011,1.63063,115600000,1
1289887680000,1289887739000,1.63062,1.63143,1.63062,1.63133,134900000,1
1289887740000,1289887799000,1.63139,1.63139,1.63091,1.63115,107300000,1
1289887800000,1289887859000,1.6312,1.63169,1.63082,1.63082,110100000,1
1289887860000,1289887919000,1.63088,1.63117,1.63077,1.63089,123200000,1
1289887920000,1289887979000,1.63087,1.63114,1.63032,1.63045,142300000,1
1289887980000,1289888039000,1.63043,1.63043,1.62988,1.62998,89800000,1
1289888040000,1289888099000,1.62992,1.63028,1.62991,1.63028,68500000,1
1289888100000,1289888159000,1.63028,1.63046,1.62987,1.63013,84000000,1
1289888160000,1289888219000,1.63015,1.63098,1.63007,1.63052,125400000,1
1289888220000,1289888279000,1.63058,1.63087,1.63053,1.63078,122300000,1
1289888280000,1289888339000,1.63078,1.6315,1.63053,1.63086,128100000,1
1289888340000,1289888399000,1.63103,1.63105,1.63079,1.63097,99500000,1
1289888400000,1289888459000,1.63088,1.63088,1.63026,1.63037,76900000,1
1289888460000,1289888519000,1.63034,1.63044,1.62974,1.62974,105400000,1
1289888520000,1289888579000,1.62974,1.63046,1.62974,1.63046,82200000,1
1289888580000,1289888639000,1.63046,1.63102,1.63046,1.63073,92300000,1
1289888640000,1289888699000,1.63073,1.63111,1.63069,1.63096,82500000,1
1289888700000,1289888759000,1.63103,1.63111,1.63054,1.631,106600000,1
1289888760000,1289888819000,1.63102,1.63107,1.63085,1.63107,89900000,1
1289888820000,1289888879000,1.63107,1.63143,1.63074,1.63135,115400000,1
1289888880000,1289888939000,1.63129,1.63129,1.63014,1.63027,116600000,1
1289888940000,1289888999000,1.63027,1.63074,1.63027,1.63046,65800000,1
1289889000000,1289889059000,1.63046,1.63046,1.62997,1.62997,99200000,1
1289889060000,1289889119000,1.63002,1.6302,1.62978,1.62995,123500000,1
1289889120000,1289889179000,1.62993,1.63018,1.62969,1.62986,105500000,1
1289889180000,1289889239000,1.62995,1.62995,1.62975,1.62984,49900000,1
1289889240000,1289889299000,1.62983,1.63068,1.62982,1.63058,145000000,1
1289889300000,1289889359000,1.6305,1.63084,1.63005,1.63005,122700000,1
1289889360000,1289889419000,1.63003,1.63055,1.63,1.63047,67700000,1
1289889420000,1289889479000,1.63055,1.63072,1.63024,1.63059,101400000,1
1289889480000,1289889539000,1.63068,1.63173,1.63063,1.63164,122700000,1
1289889540000,1289889599000,1.63153,1.63249,1.63153,1.63249,172600000,1
1289889600000,1289889659000,1.63243,1.63256,1.63207,1.63256,138700000,1
1289889660000,1289889719000,1.63272,1.6329,1.63216,1.63231,148100000,1
1289889720000,1289889779000,1.63231,1.63251,1.63207,1.63214,95800000,1
1289889780000,1289889839000,1.6322,1.63221,1.63169,1.63203,91100000,1
1289889840000,1289889899000,1.63204,1.63212,1.63136,1.63136,102800000,1
1289889900000,1289889959000,1.63136,1.63175,1.63136,1.63162,79100000,1
1289889960000,1289890019000,1.63164,1.63215,1.63149,1.63203,125500000,1
1289890020000,1289890079000,1.6319,1.63236,1.63173,1.63229,97600000,1
1289890080000,1289890139000,1.63233,1.63284,1.6322,1.63237,122900000,1
1289890140000,1289890199000,1.63234,1.6324,1.63187,1.63213,82000000,1
1289890200000,1289890259000,1.63217,1.63246,1.63195,1.63228,103000000,1
1289890260000,1289890319000,1.63228,1.63289,1.63228,1.63277,110600000,1
1289890320000,1289890379000,1.63276,1.63301,1.63242,1.63252,146700000,1
1289890380000,1289890439000,1.63252,1.63289,1.63222,1.63267,88300000,1
1289890440000,1289890499000,1.63275,1.63281,1.63213,1.63278,105500000,1
1289890500000,1289890559000,1.63276,1.63328,1.63268,1.63317,121600000,1
1289890560000,1289890619000,1.63308,1.63339,1.63282,1.63339,97500000,1
1289890620000,1289890679000,1.63331,1.63381,1.63318,1.63364,151100000,1
1289890680000,1289890739000,1.63349,1.6339,1.63336,1.63376,83100000,1
1289890740000,1289890799000,1.63396,1.63419,1.63319,1.63355,143200000,1
1289890800000,1289890859000,1.63346,1.63409,1.63331,1.6337,207300000,1
1289890860000,1289890919000,1.6337,1.63552,1.63334,1.6342,222800000,1
1289890920000,1289890979000,1.63409,1.63426,1.63337,1.63385,141300000,1
1289890980000,1289891039000,1.63377,1.63415,1.63348,1.63376,180100000,1
1289891040000,1289891099000,1.63375,1.63385,1.63338,1.63342,84400000,1
1289891100000,1289891159000,1.63338,1.63361,1.63298,1.63357,104100000,1
1289891160000,1289891219000,1.63357,1.63365,1.63317,1.63321,121200000,1
1289891220000,1289891279000,1.63319,1.63348,1.63281,1.63336,155000000,1
1289891280000,1289891339000,1.63327,1.63361,1.6327,1.63279,130200000,1
1289891340000,1289891399000,1.63271,1.63293,1.63243,1.63246,134000000,1
1289891400000,1289891459000,1.63244,1.63264,1.63228,1.63238,115800000,1
1289891460000,1289891519000,1.6323,1.63239,1.63213,1.63229,90700000,1
1289891520000,1289891579000,1.63218,1.63237,1.63215,1.63226,56200000,1
1289891580000,1289891639000,1.63226,1.63259,1.63218,1.63248,47400000,1
1289891640000,1289891699000,1.6325,1.63265,1.6321,1.63216,96200000,1
1289891700000,1289891759000,1.63205,1.63216,1.63174,1.632,140000000,1
1289891760000,1289891819000,1.63192,1.63216,1.63164,1.63194,92600000,1
1289891820000,1289891879000,1.63194,1.6321,1.63162,1.6321,102400000,1
1289891880000,1289891939000,1.63205,1.6325,1.63169,1.63205,150600000,1
1289891940000,1289891999000,1.63213,1.63249,1.632,1.63202,140200000,1
1289892000000,1289892059000,1.63213,1.63215,1.63192,1.632,72700000,1
1289892060000,1289892119000,1.63203,1.63206,1.63108,1.63109,130800000,1
1289892120000,1289892179000,1.63103,1.63158,1.63103,1.63135,86600000,1
1289892180000,1289892239000,1.63138,1.63151,1.63128,1.63151,101200000,1
1289892240000,1289892299000,1.63154,1.63179,1.63141,1.63165,149300000,1
1289892300000,1289892359000,1.63167,1.63199,1.63144,1.63199,114100000,1
1289892360000,1289892419000,1.63198,1.63258,1.63197,1.63219,100400000,1
1289892420000,1289892479000,1.63216,1.63216,1.63137,1.63155,98400000,1
1289892480000,1289892539000,1.63158,1.63212,1.63155,1.63192,107400000,1
1289892540000,1289892599000,1.63192,1.63193,1.6308,1.6308,76300000,1
1289892600000,1289892659000,1.6308,1.63115,1.63065,1.63096,97500000,1
1289892660000,1289892719000,1.63085,1.63167,1.63064,1.6316,136300000,1
1289892720000,1289892779000,1.63158,1.6319,1.63158,1.63173,80400000,1
1289892780000,1289892839000,1.63168,1.63207,1.63165,1.63185,101100000,1
1289892840000,1289892899000,1.63177,1.63184,1.63133,1.63149,95100000,1
1289892900000,1289892959000,1.6314,1.63146,1.62992,1.63009,161600000,1
1289892960000,1289893019000,1.63021,1.63079,1.63005,1.6306,133000000,1
1289893020000,1289893079000,1.63044,1.63088,1.63016,1.63082,143600000,1
1289893080000,1289893139000,1.63081,1.63087,1.63018,1.63027,126400000,1
1289893140000,1289893199000,1.63031,1.63078,1.63031,1.63039,94200000,1
1289893200000,1289893259000,1.63051,1.63086,1.63051,1.63062,67700000,1
1289893260000,1289893319000,1.63059,1.63112,1.63052,1.63075,120400000,1
1289893320000,1289893379000,1.63064,1.63083,1.63045,1.63064,97800000,1
1289893380000,1289893439000,1.63072,1.63093,1.63003,1.63014,160300000,1
1289893440000,1289893499000,1.63014,1.63122,1.62999,1.63048,149000000,1
1289893500000,1289893559000,1.63051,1.63082,1.63026,1.63049,84800000,1
1289893560000,1289893619000,1.63049,1.63091,1.63032,1.63043,129400000,1
1289893620000,1289893679000,1.63047,1.6318,1.63038,1.63161,137800000,1
1289893680000,1289893739000,1.63158,1.63186,1.63148,1.63161,113200000,1
1289893740000,1289893799000,1.63162,1.63165,1.63132,1.63155,117700000,1
1289893800000,1289893859000,1.63158,1.63161,1.63136,1.6315,68900000,1
1289893860000,1289893919000,1.6315,1.63195,1.63142,1.63195,150600000,1
1289893920000,1289893979000,1.63198,1.63217,1.63162,1.63203,95000000,1
1289893980000,1289894039000,1.63208,1.63216,1.63187,1.63206,109500000,1
1289894040000,1289894099000,1.63213,1.63226,1.63177,1.6318,142500000,1
1289894100000,1289894159000,1.6317,1.63259,1.63152,1.63218,137600000,1
1289894160000,1289894219000,1.6321,1.6321,1.63155,1.63155,117200000,1
1289894220000,1289894279000,1.63156,1.63215,1.63156,1.63215,70900000,1
1289894280000,1289894339000,1.63202,1.63238,1.63153,1.63165,140800000,1
1289894340000,1289894399000,1.6316,1.63198,1.63112,1.63118,117300000,1
1289894400000,1289894459000,1.63117,1.63259,1.63117,1.6323,157900000,1
1289894460000,1289894519000,1.63226,1.63301,1.63213,1.63251,101200000,1
1289894520000,1289894579000,1.63244,1.63251,1.63216,1.63216,106800000,1
1289894580000,1289894639000,1.63223,1.63238,1.63182,1.63182,85600000,1
1289894640000,1289894699000,1.63182,1.6323,1.63173,1.63183,119800000,1
1289894700000,1289894759000,1.63188,1.63214,1.63041,1.63096,183400000,1
1289894760000,1289894819000,1.63101,1.6316,1.63067,1.63151,117700000,1
1289894820000,1289894879000,1.63151,1.63195,1.63141,1.63182,128400000,1
1289894880000,1289894939000,1.6319,1.6319,1.63088,1.63112,126800000,1
1289894940000,1289894999000,1.63137,1.63152,1.6305,1.63058,163900000,1
1289895000000,1289895059000,1.63081,1.63081,1.6303,1.63042,94600000,1
1289895060000,1289895119000,1.63061,1.63066,1.62974,1.62986,113900000,1
1289895120000,1289895179000,1.62991,1.63031,1.62959,1.62972,111000000,1
1289895180000,1289895239000,1.62967,1.6298,1.62901,1.62908,107500000,1
1289895240000,1289895299000,1.62896,1.62903,1.62847,1.62858,96700000,1
1289895300000,1289895359000,1.6287,1.62915,1.62869,1.6289,100000000,1
1289895360000,1289895419000,1.62888,1.62948,1.62874,1.62948,122700000,1
1289895420000,1289895479000,1.6295,1.6295,1.62864,1.62888,110300000,1
1289895480000,1289895539000,1.62887,1.62899,1.62849,1.62873,110500000,1
1289895540000,1289895599000,1.62885,1.62951,1.62874,1.62941,101800000,1
1289895600000,1289895659000,1.62934,1.62995,1.6293,1.62995,89400000,1
1289895660000,1289895719000,1.62994,1.63052,1.62984,1.63052,68300000,1
1289895720000,1289895779000,1.63052,1.63109,1.6304,1.63072,137000000,1
1289895780000,1289895839000,1.63072,1.63127,1.63071,1.63098,92600000,1
1289895840000,1289895899000,1.63095,1.63098,1.63062,1.63073,80800000,1
1289895900000,1289895959000,1.63075,1.63097,1.63066,1.63086,86500000,1
1289895960000,1289896019000,1.63094,1.63117,1.63076,1.63076,72800000,1
1289896020000,1289896079000,1.63068,1.63075,1.63031,1.63031,82600000,1
1289896080000,1289896139000,1.63045,1.63045,1.62983,1.62996,90600000,1
1289896140000,1289896199000,1.62985,1.63012,1.62936,1.62966,95700000,1
1289896200000,1289896259000,1.62966,1.62966,1.62923,1.62948,73700000,1
1289896260000,1289896319000,1.6295,1.62958,1.62923,1.62931,89500000,1
1289896320000,1289896379000,1.6293,1.62945,1.62872,1.62878,59900000,1
1289896380000,1289896439000,1.62886,1.6291,1.62877,1.62902,60800000,1
1289896440000,1289896499000,1.62898,1.62915,1.62886,1.62911,64000000,1
1289896500000,1289896559000,1.62915,1.62922,1.62898,1.62922,58300000,1
1289896560000,1289896619000,1.6293,1.62997,1.62924,1.62934,122500000,1
1289896620000,1289896679000,1.62929,1.62982,1.62929,1.62948,82900000,1
1289896680000,1289896739000,1.62948,1.62962,1.62923,1.62944,85800000,1
1289896740000,1289896799000,1.62955,1.62955,1.62918,1.62933,107600000,1
1289896800000,1289896859000,1.62938,1.62996,1.62937,1.62961,71900000,1
1289896860000,1289896919000,1.62965,1.62965,1.62922,1.62938,73400000,1
1289896920000,1289896979000,1.62937,1.62975,1.62932,1.62968,106500000,1
1289896980000,1289897039000,1.62968,1.62978,1.62925,1.62949,90300000,1
1289897040000,1289897099000,1.62947,1.62966,1.62947,1.62962,37100000,1
1289897100000,1289897159000,1.62967,1.63004,1.62965,1.62995,75400000,1
1289897160000,1289897219000,1.62997,1.63012,1.6294,1.62943,77200000,1
1289897220000,1289897279000,1.62945,1.62969,1.62939,1.62968,45500000,1
1289897280000,1289897339000,1.62968,1.63015,1.62968,1.63008,60600000,1
1289897340000,1289897399000,1.63005,1.63038,1.63001,1.63037,75200000,1
1289897400000,1289897459000,1.6304,1.63088,1.63018,1.63088,94200000,1
1289897460000,1289897519000,1.63085,1.63133,1.63085,1.63116,77800000,1
1289897520000,1289897579000,1.63122,1.63134,1.63102,1.63105,108800000,1
1289897580000,1289897639000,1.631,1.63102,1.63063,1.63093,85300000,1
1289897640000,1289897699000,1.6309,1.63194,1.63061,1.63194,92800000,1
1289897700000,1289897759000,1.63205,1.63212,1.63149,1.63167,81200000,1
1289897760000,1289897819000,1.63167,1.6317,1.63131,1.63131,73200000,1
1289897820000,1289897879000,1.63128,1.63139,1.63087,1.63131,82700000,1
1289897880000,1289897939000,1.63131,1.63171,1.63131,1.63155,90500000,1
1289897940000,1289897999000,1.63155,1.63174,1.63134,1.63174,101000000,1
1289898000000,1289898059000,1.63165,1.63174,1.63123,1.63148,90400000,1
1289898060000,1289898119000,1.63142,1.63149,1.63113,1.63131,111500000,1
1289898120000,1289898179000,1.63142,1.63155,1.63128,1.63129,88300000,1
1289898180000,1289898239000,1.63129,1.63141,1.63084,1.63092,90400000,1
1289898240000,1289898299000,1.63097,1.63103,1.6307,1.6307,106500000,1
1289898300000,1289898359000,1.6307,1.63081,1.6303,1.6308,90000000,1
1289898360000,1289898419000,1.63065,1.6311,1.63045,1.63055,157600000,1
1289898420000,1289898479000,1.6305,1.63071,1.63039,1.63043,96600000,1
1289898480000,1289898539000,1.63041,1.63044,1.63031,1.63044,72800000,1
1289898540000,1289898599000,1.63044,1.63059,1.63033,1.63039,60900000,1
1289898600000,1289898659000,1.63039,1.63056,1.63004,1.63044,118600000,1
1289898660000,1289898719000,1.63043,1.63052,1.6302,1.6302,121500000,1
1289898720000,1289898779000,1.63027,1.63066,1.63025,1.63052,118400000,1
1289898780000,1289898839000,1.63052,1.63057,1.63035,1.63041,92000000,1
1289898840000,1289898899000,1.63036,1.63054,1.63014,1.63036,91000000,1
1289898900000,1289898959000,1.63042,1.63053,1.63021,1.63029,85500000,1
1289898960000,1289899019000,1.63031,1.63038,1.63005,1.63014,58000000,1
1289899020000,1289899079000,1.6301,1.63026,1.62998,1.63018,101400000,1
1289899080000,1289899139000,1.63025,1.63059,1.63023,1.63058,59100000,1
1289899140000,1289899199000,1.6306,1.63104,1.6306,1.63081,66100000,1
1289899200000,1289899259000,1.63084,1.6312,1.63063,1.63084,72100000,1
1289899260000,1289899319000,1.63094,1.63113,1.63077,1.63101,107700000,1
1289899320000,1289899379000,1.63101,1.6315,1.63093,1.63132,84300000,1
1289899380000,1289899439000,1.63138,1.63164,1.63116,1.63163,122600000,1
1289899440000,1289899499000,1.63163,1.63163,1.63127,1.63127,125400000,1
1289899500000,1289899559000,1.63128,1.63201,1.6312,1.63177,124300000,1
1289899560000,1289899619000,1.63168,1.63224,1.63168,1.63224,151700000,1
1289899620000,1289899679000,1.63243,1.63258,1.63208,1.63258,117700000,1
1289899680000,1289899739000,1.63244,1.63277,1.63181,1.63201,229600000,1
1289899740000,1289899799000,1.63205,1.63209,1.63046,1.63047,155700000,1
1289899800000,1289899859000,1.63214,1.63516,1.63214,1.63483,182000000,1
1289899860000,1289899919000,1.63479,1.6352,1.63473,1.63507,120500000,1
1289899920000,1289899979000,1.63518,1.63592,1.63495,1.63558,220300000,1
1289899980000,1289900039000,1.63564,1.63576,1.63498,1.63502,186900000,1
1289900040000,1289900099000,1.63498,1.63581,1.63497,1.63574,126300000,1
1289900100000,1289900159000,1.63575,1.63586,1.6352,1.63548,148600000,1
1289900160000,1289900219000,1.63553,1.63558,1.63517,1.63539,89400000,1
1289900220000,1289900279000,1.63539,1.63657,1.63527,1.63657,81500000,1
1289900280000,1289900339000,1.63662,1.63692,1.63628,1.63666,140400000,1
1289900340000,1289900399000,1.63677,1.63693,1.63612,1.63618,89800000,1
1289900400000,1289900459000,1.63613,1.63711,1.63606,1.63701,104700000,1
1289900460000,1289900519000,1.63707,1.6377,1.63705,1.6377,96000000,1
1289900520000,1289900579000,1.6377,1.6381,1.63749,1.63751,103300000,1
1289900580000,1289900639000,1.63749,1.63751,1.63662,1.63662,99900000,1
1289900640000,1289900699000,1.63655,1.63704,1.63627,1.63662,143400000,1
1289900700000,1289900759000,1.63666,1.63736,1.63659,1.63718,127300000,1
1289900760000,1289900819000,1.63718,1.63809,1.63674,1.63809,145400000,1
1289900820000,1289900879000,1.63809,1.63829,1.6375,1.63786,165000000,1
1289900880000,1289900939000,1.63781,1.63828,1.63766,1.6377,115000000,1
1289900940000,1289900999000,1.63764,1.63794,1.63672,1.63687,129400000,1
1289901000000,1289901059000,1.63687,1.63687,1.63647,1.63652,64900000,1
1289901060000,1289901119000,1.63665,1.63778,1.63636,1.63697,147000000,1
1289901120000,1289901179000,1.63698,1.63764,1.63695,1.63746,97100000,1
1289901180000,1289901239000,1.6375,1.63765,1.63691,1.63729,116800000,1
1289901240000,1289901299000,1.63729,1.63734,1.63651,1.63672,123000000,1
1289901300000,1289901359000,1.63672,1.63812,1.63651,1.63757,165300000,1
1289901360000,1289901419000,1.63752,1.6376,1.63688,1.63736,86600000,1
1289901420000,1289901479000,1.63736,1.63808,1.63722,1.63783,154900000,1
1289901480000,1289901539000,1.63781,1.63795,1.63607,1.63631,165400000,1
1289901540000,1289901599000,1.63631,1.63686,1.63616,1.63632,144800000,1
1289901600000,1289901659000,1.63632,1.63701,1.63543,1.63642,244300000,1
1289901660000,1289901719000,1.63636,1.63673,1.63608,1.63667,170600000,1
1289901720000,1289901779000,1.63665,1.63708,1.63636,1.63657,172300000,1
1289901780000,1289901839000,1.63658,1.63784,1.63658,1.6376,117200000,1
1289901840000,1289901899000,1.63764,1.6381,1.63722,1.63746,101500000,1
1289901900000,1289901959000,1.63747,1.63799,1.63731,1.63799,92200000,1
1289901960000,1289902019000,1.63795,1.63817,1.63715,1.63734,150500000,1
1289902020000,1289902079000,1.63735,1.63735,1.63695,1.63711,93700000,1
1289902080000,1289902139000,1.63707,1.63708,1.63666,1.63685,75300000,1
1289902140000,1289902199000,1.63683,1.63683,1.63648,1.63648,57600000,1
1289902200000,1289902259000,1.63631,1.63649,1.63616,1.63639,107400000,1
1289902260000,1289902319000,1.63648,1.63686,1.63644,1.63662,98500000,1
1289902320000,1289902379000,1.63662,1.6369,1.63646,1.63668,93700000,1
1289902380000,1289902439000,1.63668,1.63668,1.63593,1.63614,78000000,1
1289902440000,1289902499000,1.63615,1.63641,1.63579,1.636,110100000,1
1289902500000,1289902559000,1.63608,1.63608,1.63513,1.6352,110200000,1
1289902560000,1289902619000,1.63536,1.63536,1.63488,1.63488,91500000,1
1289902620000,1289902679000,1.63495,1.63542,1.63478,1.63496,137400000,1
1289902680000,1289902739000,1.63507,1.63565,1.63472,1.63537,157300000,1
1289902740000,1289902799000,1.63547,1.63578,1.63496,1.63505,139700000,1
1289902800000,1289902859000,1.63505,1.63505,1.63395,1.63418,85400000,1
1289902860000,1289902919000,1.63419,1.63419,1.63366,1.63383,121500000,1
1289902920000,1289902979000,1.63398,1.63399,1.63348,1.63381,95600000,1
1289902980000,1289903039000,1.63381,1.63381,1.63328,1.63371,80200000,1
1289903040000,1289903099000,1.63365,1.63381,1.63338,1.63355,79200000,1
1289903100000,1289903159000,1.63357,1.63359,1.63312,1.63359,107100000,1
1289903160000,1289903219000,1.63345,1.63357,1.633,1.63308,121300000,1
1289903220000,1289903279000,1.63308,1.63393,1.63285,1.63387,93700000,1
1289903280000,1289903339000,1.63387,1.63404,1.63347,1.63359,85400000,1
1289903340000,1289903399000,1.63359,1.63386,1.6327,1.63373,101900000,1
1289903400000,1289903459000,1.63379,1.63381,1.63335,1.63367,89100000,1
1289903460000,1289903519000,1.6337,1.63404,1.63348,1.63404,110000000,1
1289903520000,1289903579000,1.63404,1.63423,1.63344,1.63346,111300000,1
1289903580000,1289903639000,1.63344,1.63398,1.63344,1.63365,88300000,1
1289903640000,1289903699000,1.63361,1.63368,1.63346,1.63351,93700000,1
1289903700000,1289903759000,1.63348,1.63348,1.63297,1.63304,92200000,1
1289903760000,1289903819000,1.63304,1.63392,1.63304,1.6335,111600000,1
1289903820000,1289903879000,1.63351,1.63443,1.6335,1.63443,84500000,1
1289903880000,1289903939000,1.63442,1.63442,1.63323,1.63325,110700000,1
1289903940000,1289903999000,1.63338,1.63347,1.63297,1.63342,103200000,1
1289904000000,1289904059000,1.63342,1.63368,1.63268,1.63303,116200000,1
1289904060000,1289904119000,1.63297,1.63343,1.63287,1.63343,128000000,1
1289904120000,1289904179000,1.63349,1.634,1.6334,1.63341,102000000,1
1289904180000,1289904239000,1.63341,1.63348,1.63256,1.63256,74100000,1
1289904240000,1289904299000,1.63247,1.63271,1.63223,1.63239,99700000,1
1289904300000,1289904359000,1.63237,1.63259,1.63222,1.63244,91000000,1
1289904360000,1289904419000,1.63244,1.63244,1.63202,1.63236,61700000,1
1289904420000,1289904479000,1.63249,1.63249,1.63206,1.63236,102900000,1
1289904480000,1289904539000,1.63237,1.63258,1.63224,1.63225,57200000,1
1289904540000,1289904599000,1.6323,1.63251,1.63222,1.63251,47000000,1
1289904600000,1289904659000,1.63249,1.63249,1.63207,1.63207,41400000,1
1289904660000,1289904719000,1.63207,1.63213,1.63182,1.63195,51100000,1
1289904720000,1289904779000,1.63202,1.63209,1.63181,1.63186,59600000,1
1289904780000,1289904839000,1.63178,1.63184,1.63138,1.63151,75800000,1
1289904840000,1289904899000,1.63133,1.63142,1.63097,1.63097,78100000,1
1289904900000,1289904959000,1.63103,1.63107,1.63057,1.63083,104600000,1
1289904960000,1289905019000,1.6307,1.63115,1.63061,1.63098,110300000,1
1289905020000,1289905079000,1.63092,1.63106,1.63023,1.6304,109100000,1
1289905080000,1289905139000,1.63045,1.6306,1.63018,1.63039,119700000,1
1289905140000,1289905199000,1.63042,1.6308,1.63027,1.63079,62700000,1
1289905200000,1289905259000,1.63092,1.63118,1.63014,1.63014,140700000,1
1289905260000,1289905319000,1.63034,1.63185,1.63023,1.63137,233600000,1
1289905320000,1289905379000,1.63137,1.63146,1.63043,1.63061,150700000,1
1289905380000,1289905439000,1.63061,1.63073,1.6304,1.63065,114300000,1
1289905440000,1289905499000,1.63064,1.63083,1.63034,1.63049,120200000,1
1289905500000,1289905559000,1.63042,1.63051,1.63002,1.63035,111400000,1
1289905560000,1289905619000,1.63028,1.6303,1.62975,1.6299,103900000,1
1289905620000,1289905679000,1.62983,1.6301,1.6297,1.63001,106800000,1
1289905680000,1289905739000,1.62989,1.63062,1.62989,1.63056,101400000,1
1289905740000,1289905799000,1.63062,1.63062,1.63023,1.63057,148300000,1
1289905800000,1289905859000,1.63058,1.63058,1.63023,1.63042,127800000,1
1289905860000,1289905919000,1.63038,1.63073,1.6301,1.6305,144900000,1
1289905920000,1289905979000,1.6305,1.6305,1.63012,1.63039,88400000,1
1289905980000,1289906039000,1.63037,1.63048,1.63012,1.63012,74000000,1
1289906040000,1289906099000,1.63013,1.63154,1.63004,1.63129,140200000,1
1289906100000,1289906159000,1.63138,1.63244,1.63133,1.63237,130900000,1
1289906160000,1289906219000,1.63232,1.63253,1.63131,1.63137,152100000,1
1289906220000,1289906279000,1.63136,1.63159,1.6311,1.63128,110100000,1
1289906280000,1289906339000,1.63141,1.63305,1.63124,1.63305,130400000,1
1289906340000,1289906399000,1.63311,1.63311,1.63263,1.6329,211900000,1
1289906400000,1289906459000,1.63288,1.63305,1.6326,1.63271,138700000,1
1289906460000,1289906519000,1.63279,1.63354,1.63259,1.63354,175000000,1
1289906520000,1289906579000,1.63362,1.63415,1.63343,1.63363,181000000,1
1289906580000,1289906639000,1.63365,1.63373,1.63321,1.63323,143300000,1
1289906640000,1289906699000,1.6332,1.63363,1.63299,1.63354,188200000,1
1289906700000,1289906759000,1.63347,1.63411,1.63347,1.63411,121900000,1
1289906760000,1289906819000,1.63411,1.63412,1.6328,1.63328,163000000,1
1289906820000,1289906879000,1.63343,1.63392,1.63332,1.6337,102800000,1
1289906880000,1289906939000,1.63376,1.634,1.63362,1.63386,113100000,1
1289906940000,1289906999000,1.63386,1.63386,1.63351,1.63365,86200000,1
1289907000000,1289907059000,1.63385,1.63385,1.63361,1.63371,77700000,1
1289907060000,1289907119000,1.63374,1.63383,1.63363,1.6337,126200000,1
1289907120000,1289907179000,1.6337,1.63385,1.63351,1.63361,143800000,1
1289907180000,1289907239000,1.63354,1.63395,1.63298,1.63388,106900000,1
1289907240000,1289907299000,1.63383,1.63396,1.63292,1.63313,110200000,1
1289907300000,1289907359000,1.63319,1.63358,1.63311,1.63313,109000000,1
1289907360000,1289907419000,1.63308,1.63351,1.63297,1.63337,95300000,1
1289907420000,1289907479000,1.63337,1.63337,1.63282,1.63314,78100000,1
1289907480000,1289907539000,1.63302,1.63302,1.63248,1.6325,74800000,1
1289907540000,1289907599000,1.6325,1.63337,1.63248,1.633,101400000,1
1289907600000,1289907659000,1.63296,1.63296,1.63258,1.63288,140000000,1
1289907660000,1289907719000,1.63294,1.63295,1.63253,1.63253,93600000,1
1289907720000,1289907779000,1.63253,1.63259,1.63184,1.63207,117900000,1
1289907780000,1289907839000,1.63198,1.63299,1.63188,1.63299,119800000,1
1289907840000,1289907899000,1.6329,1.63302,1.63255,1.63265,113100000,1
1289907900000,1289907959000,1.6326,1.63268,1.63227,1.63236,109700000,1
1289907960000,1289908019000,1.63237,1.63262,1.63221,1.63245,107900000,1
1289908020000,1289908079000,1.63244,1.63331,1.63236,1.63331,59500000,1
1289908080000,1289908139000,1.63331,1.63345,1.63278,1.63292,96300000,1
1289908140000,1289908199000,1.63283,1.63328,1.63283,1.63307,73400000,1
1289908200000,1289908259000,1.63297,1.63323,1.63297,1.63323,68000000,1
1289908260000,1289908319000,1.6332,1.63323,1.63303,1.63308,71500000,1
1289908320000,1289908379000,1.63314,1.63342,1.63307,1.6332,92800000,1
1289908380000,1289908439000,1.6332,1.63362,1.63319,1.63344,91900000,1
1289908440000,1289908499000,1.63338,1.63368,1.63317,1.63329,97200000,1
1289908500000,1289908559000,1.63322,1.63379,1.63306,1.63379,99600000,1
1289908560000,1289908619000,1.63371,1.63376,1.63266,1.63277,134000000,1
1289908620000,1289908679000,1.63288,1.63312,1.63243,1.63302,85500000,1
1289908680000,1289908739000,1.63293,1.63311,1.63235,1.63267,140500000,1
1289908740000,1289908799000,1.6327,1.6328,1.6322,1.6322,112700000,1
1289908800000,1289908859000,1.6322,1.63259,1.63213,1.63253,65900000,1
1289908860000,1289908919000,1.63254,1.63256,1.63215,1.63217,78100000,1
1289908920000,1289908979000,1.63222,1.63271,1.63213,1.63235,109500000,1
1289908980000,1289909039000,1.63237,1.63305,1.63236,1.63295,88000000,1
1289909040000,1289909099000,1.63299,1.63316,1.63262,1.63263,64400000,1
1289909100000,1289909159000,1.63263,1.63265,1.63206,1.63214,67500000,1
1289909160000,1289909219000,1.63207,1.63209,1.63157,1.63163,105900000,1
1289909220000,1289909279000,1.6317,1.63185,1.63152,1.63181,77300000,1
1289909280000,1289909339000,1.63174,1.63174,1.6307,1.63078,116700000,1
1289909340000,1289909399000,1.63075,1.63079,1.63009,1.63039,99600000,1
1289909400000,1289909459000,1.63038,1.63115,1.6303,1.63086,86600000,1
1289909460000,1289909519000,1.63078,1.63088,1.6301,1.63028,151800000,1
1289909520000,1289909579000,1.63029,1.63029,1.6296,1.62985,119400000,1
1289909580000,1289909639000,1.62981,1.6301,1.62981,1.62982,61300000,1
1289909640000,1289909699000,1.62977,1.63012,1.62977,1.62994,77800000,1
1289909700000,1289909759000,1.62983,1.63033,1.62983,1.63008,95600000,1
1289909760000,1289909819000,1.63008,1.63021,1.62983,1.63015,55500000,1
1289909820000,1289909879000,1.63015,1.63034,1.62997,1.63012,103600000,1
1289909880000,1289909939000,1.63021,1.63021,1.6292,1.62976,147500000,1
1289909940000,1289909999000,1.62983,1.63009,1.62975,1.6299,108100000,1
1289910000000,1289910059000,1.62983,1.63063,1.62983,1.63046,142900000,1
1289910060000,1289910119000,1.63036,1.63053,1.63016,1.63023,73100000,1
1289910120000,1289910179000,1.63029,1.63075,1.63021,1.63061,64200000,1
1289910180000,1289910239000,1.63073,1.63112,1.63065,1.63104,73100000,1
1289910240000,1289910299000,1.63102,1.63114,1.63086,1.63114,46800000,1
1289910300000,1289910359000,1.63114,1.63115,1.63079,1.63087,70900000,1
1289910360000,1289910419000,1.63083,1.63108,1.63038,1.63038,79600000,1
1289910420000,1289910479000,1.63042,1.63087,1.63042,1.6307,105000000,1
1289910480000,1289910539000,1.63074,1.63102,1.63054,1.63061,120800000,1
1289910540000,1289910599000,1.63055,1.63055,1.63019,1.63039,65300000,1
1289910600000,1289910659000,1.63035,1.6308,1.63029,1.63062,78100000,1
1289910660000,1289910719000,1.63073,1.631,1.63058,1.63091,76300000,1
1289910720000,1289910779000,1.63091,1.63091,1.63022,1.63023,71400000,1
1289910780000,1289910839000,1.63028,1.63064,1.63007,1.63064,78300000,1
1289910840000,1289910899000,1.63078,1.63138,1.63078,1.63117,133400000,1
1289910900000,1289910959000,1.63117,1.63135,1.63063,1.63069,83500000,1
1289910960000,1289911019000,1.6307,1.63084,1.63051,1.63079,49300000,1
1289911020000,1289911079000,1.63062,1.63103,1.6305,1.63061,90300000,1
1289911080000,1289911139000,1.6306,1.63088,1.62999,1.62999,110800000,1
1289911140000,1289911199000,1.63,1.63009,1.62956,1.63006,120400000,1
1289911200000,1289911259000,1.63006,1.63038,1.62957,1.63012,150900000,1
1289911260000,1289911319000,1.63001,1.63004,1.6295,1.62981,124400000,1
1289911320000,1289911379000,1.62966,1.62967,1.62915,1.62949,85100000,1
1289911380000,1289911439000,1.62938,1.62991,1.62938,1.62977,65200000,1
1289911440000,1289911499000,1.62985,1.63041,1.62974,1.62974,93100000,1
1289911500000,1289911559000,1.62974,1.63049,1.62932,1.63031,93700000,1
1289911560000,1289911619000,1.63031,1.63039,1.62967,1.63025,82200000,1
1289911620000,1289911679000,1.6302,1.63044,1.63,1.63003,94400000,1
1289911680000,1289911739000,1.63011,1.63029,1.62988,1.63018,122000000,1
1289911740000,1289911799000,1.63024,1.6303,1.62931,1.62938,127500000,1
1289911800000,1289911859000,1.62933,1.62968,1.62933,1.62947,65700000,1
1289911860000,1289911919000,1.62947,1.62947,1.62916,1.62927,52000000,1
1289911920000,1289911979000,1.6292,1.62956,1.6291,1.6291,72900000,1
1289911980000,1289912039000,1.62919,1.6297,1.62858,1.62959,131000000,1
1289912040000,1289912099000,1.6296,1.62987,1.6293,1.62931,99400000,1
1289912100000,1289912159000,1.62922,1.62956,1.62917,1.62939,112700000,1
1289912160000,1289912219000,1.62938,1.62959,1.62929,1.62934,110900000,1
1289912220000,1289912279000,1.62926,1.62934,1.62904,1.62904,112200000,1
1289912280000,1289912339000,1.62905,1.62922,1.62847,1.62873,139800000,1
1289912340000,1289912399000,1.62878,1.62953,1.62878,1.62925,101800000,1
1289912400000,1289912459000,1.62922,1.63022,1.62918,1.62988,118900000,1
1289912460000,1289912519000,1.6299,1.63068,1.62946,1.62965,150200000,1
1289912520000,1289912579000,1.62958,1.62967,1.62934,1.62952,139800000,1
1289912580000,1289912639000,1.62952,1.62968,1.62922,1.62932,91100000,1
1289912640000,1289912699000,1.62932,1.62965,1.62915,1.62942,93500000,1
1289912700000,1289912759000,1.62935,1.62969,1.62924,1.62929,80100000,1
1289912760000,1289912819000,1.62929,1.62979,1.62929,1.62969,105100000,1
1289912820000,1289912879000,1.62978,1.63067,1.62939,1.63044,154700000,1
1289912880000,1289912939000,1.63037,1.63106,1.63016,1.6308,139200000,1
1289912940000,1289912999000,1.63092,1.63105,1.63066,1.63095,86700000,1
1289913000000,1289913059000,1.63082,1.63115,1.63066,1.63095,129300000,1
1289913060000,1289913119000,1.63099,1.63151,1.63089,1.63126,99200000,1
1289913120000,1289913179000,1.63124,1.63128,1.63098,1.63102,75400000,1
1289913180000,1289913239000,1.63102,1.63134,1.6309,1.63134,114900000,1
1289913240000,1289913299000,1.63136,1.6314,1.62994,1.62994,168600000,1
1289913300000,1289913359000,1.62998,1.63071,1.62987,1.63067,137500000,1
1289913360000,1289913419000,1.63067,1.63073,1.63016,1.63023,94500000,1
1289913420000,1289913479000,1.63026,1.63102,1.62999,1.62999,137600000,1
1289913480000,1289913539000,1.62988,1.63044,1.62942,1.63026,162200000,1
1289913540000,1289913599000,1.63026,1.63054,1.62989,1.63045,160700000,1
1289913600000,1289913659000,1.63057,1.63152,1.63033,1.63137,169900000,1
1289913660000,1289913719000,1.63137,1.63138,1.63062,1.63064,137700000,1
1289913720000,1289913779000,1.63066,1.63106,1.63062,1.63106,178300000,1
1289913780000,1289913839000,1.63104,1.63194,1.631,1.6316,157500000,1
1289913840000,1289913899000,1.6316,1.63178,1.63084,1.63089,148800000,1
1289913900000,1289913959000,1.63098,1.63118,1.63066,1.63073,103200000,1
1289913960000,1289914019000,1.63071,1.63082,1.63046,1.6305,74200000,1
1289914020000,1289914079000,1.63052,1.6306,1.63023,1.63038,92600000,1
1289914080000,1289914139000,1.63038,1.63061,1.63022,1.63039,146400000,1
1289914140000,1289914199000,1.63043,1.63077,1.62806,1.62878,220700000,1
1289914200000,1289914259000,1.62794,1.62996,1.62792,1.62898,229900000,1
1289914260000,1289914319000,1.62881,1.62937,1.62838,1.62925,137700000,1
1289914320000,1289914379000,1.62917,1.62972,1.62896,1.62915,147000000,1
1289914380000,1289914439000,1.62913,1.63006,1.62901,1.62996,169600000,1
1289914440000,1289914499000,1.62993,1.63023,1.62968,1.63018,152300000,1
1289914500000,1289914559000,1.63016,1.63052,1.62975,1.63009,142100000,1
1289914560000,1289914619000,1.63009,1.6301,1.62904,1.62913,134800000,1
1289914620000,1289914679000,1.62911,1.6295,1.62888,1.62902,107600000,1
1289914680000,1289914739000,1.6292,1.63001,1.6292,1.62979,152000000,1
1289914740000,1289914799000,1.62978,1.62989,1.62927,1.62928,144200000,1
1289914800000,1289914859000,1.62937,1.62951,1.62906,1.62916,113400000,1
1289914860000,1289914919000,1.62924,1.62931,1.62892,1.62908,128700000,1
1289914920000,1289914979000,1.62913,1.62982,1.62908,1.62964,117500000,1
1289914980000,1289915039000,1.62962,1.62999,1.62953,1.62961,77100000,1
1289915040000,1289915099000,1.62961,1.63055,1.62934,1.63055,79200000,1
1289915100000,1289915159000,1.63039,1.63099,1.62953,1.63093,152000000,1
1289915160000,1289915219000,1.63102,1.63114,1.63065,1.63103,134900000,1
1289915220000,1289915279000,1.63085,1.63199,1.63081,1.63185,161700000,1
1289915280000,1289915339000,1.63185,1.63217,1.63133,1.63161,167800000,1
1289915340000,1289915399000,1.63179,1.63179,1.63105,1.63177,160000000,1
1289915400000,1289915459000,1.63188,1.63194,1.63129,1.63157,96900000,1
1289915460000,1289915519000,1.63148,1.63174,1.63111,1.63123,118000000,1
1289915520000,1289915579000,1.63129,1.63133,1.63096,1.6312,121000000,1
1289915580000,1289915639000,1.6312,1.63203,1.6312,1.63131,143400000,1
1289915640000,1289915699000,1.63131,1.63186,1.63131,1.63184,128800000,1
1289915700000,1289915759000,1.63192,1.63222,1.63192,1.63221,84900000,1
1289915760000,1289915819000,1.63224,1.63227,1.63137,1.63137,69800000,1
1289915820000,1289915879000,1.63125,1.63169,1.63125,1.63145,126900000,1
1289915880000,1289915939000,1.63162,1.63192,1.63131,1.6315,118200000,1
1289915940000,1289915999000,1.63144,1.63151,1.63091,1.63098,95400000,1
1289916000000,1289916059000,1.63104,1.63154,1.63104,1.63153,109400000,1
1289916060000,1289916119000,1.63145,1.632,1.63132,1.63181,157700000,1
1289916120000,1289916179000,1.63177,1.63199,1.63149,1.63166,157300000,1
1289916180000,1289916239000,1.63149,1.63214,1.63149,1.63193,88900000,1
1289916240000,1289916299000,1.63193,1.63205,1.63168,1.63175,73000000,1
1289916300000,1289916359000,1.63177,1.63226,1.63176,1.63206,70600000,1
1289916360000,1289916419000,1.63208,1.63229,1.63186,1.63188,53900000,1
1289916420000,1289916479000,1.63192,1.6323,1.63168,1.63191,68100000,1
1289916480000,1289916539000,1.63187,1.63344,1.63187,1.63303,115800000,1
1289916540000,1289916599000,1.63291,1.63334,1.63289,1.63308,89200000,1
1289916600000,1289916659000,1.63307,1.63325,1.63237,1.63249,128700000,1
1289916660000,1289916719000,1.63249,1.63278,1.63237,1.63253,124200000,1
1289916720000,1289916779000,1.63268,1.63268,1.63179,1.63203,113700000,1
1289916780000,1289916839000,1.63199,1.63254,1.63183,1.63254,85100000,1
1289916840000,1289916899000,1.63254,1.63372,1.63236,1.63249,86100000,1
1289916900000,1289916959000,1.63259,1.63259,1.63166,1.63191,141300000,1
1289916960000,1289917019000,1.63187,1.63305,1.63172,1.63285,122400000,1
1289917020000,1289917079000,1.63304,1.63344,1.63264,1.63344,137600000,1
1289917080000,1289917139000,1.63352,1.63427,1.63338,1.63377,176100000,1
1289917140000,1289917199000,1.63365,1.63369,1.6332,1.6332,143600000,1
1289917200000,1289917259000,1.63325,1.63377,1.6328,1.63307,144300000,1
1289917260000,1289917319000,1.63302,1.63404,1.63302,1.63392,137500000,1
1289917320000,1289917379000,1.63403,1.63459,1.63367,1.63382,107500000,1
1289917380000,1289917439000,1.63382,1.63439,1.63367,1.63422,131300000,1
1289917440000,1289917499000,1.63422,1.63484,1.63413,1.63444,147700000,1
1289917500000,1289917559000,1.63449,1.63475,1.63432,1.63463,94300000,1
1289917560000,1289917619000,1.63463,1.63466,1.63372,1.63374,132800000,1
1289917620000,1289917679000,1.63372,1.63385,1.6334,1.63352,53900000,1
1289917680000,1289917739000,1.63352,1.63387,1.63344,1.63351,100700000,1
1289917740000,1289917799000,1.63363,1.63381,1.63331,1.63344,65700000,1
1289917800000,1289917859000,1.63344,1.63402,1.63336,1.63385,167800000,1
1289917860000,1289917919000,1.63385,1.63455,1.63378,1.63379,133000000,1
1289917920000,1289917979000,1.63378,1.63378,1.63307,1.63307,113200000,1
1289917980000,1289918039000,1.63324,1.63381,1.63304,1.63358,170000000,1
1289918040000,1289918099000,1.63392,1.63446,1.63378,1.63402,122700000,1
1289918100000,1289918159000,1.6342,1.63428,1.63354,1.63369,112900000,1
1289918160000,1289918219000,1.63386,1.63406,1.63325,1.63325,98100000,1
1289918220000,1289918279000,1.63325,1.63347,1.63257,1.63258,122400000,1
1289918280000,1289918339000,1.63265,1.63278,1.63189,1.632,154500000,1
1289918340000,1289918399000,1.63202,1.63284,1.63199,1.63282,111400000,1
1289918400000,1289918459000,1.63286,1.63286,1.63185,1.63208,106400000,1
1289918460000,1289918519000,1.63217,1.63231,1.63165,1.63168,128700000,1
1289918520000,1289918579000,1.63166,1.63166,1.63064,1.63067,128200000,1
1289918580000,1289918639000,1.63089,1.63113,1.63053,1.6307,142400000,1
1289918640000,1289918699000,1.63076,1.63128,1.63076,1.63119,126400000,1
1289918700000,1289918759000,1.63119,1.63193,1.63093,1.63121,139300000,1
1289918760000,1289918819000,1.63121,1.6323,1.63106,1.63221,149600000,1
1289918820000,1289918879000,1.63216,1.63266,1.63216,1.63263,109800000,1
1289918880000,1289918939000,1.63263,1.63331,1.63252,1.63288,111200000,1
1289918940000,1289918999000,1.6329,1.63342,1.63272,1.63329,129800000,1
1289919000000,1289919059000,1.63332,1.63364,1.63317,1.63345,119500000,1
1289919060000,1289919119000,1.63344,1.63351,1.63275,1.63275,116900000,1
1289919120000,1289919179000,1.63275,1.63329,1.63261,1.6332,109500000,1
1289919180000,1289919239000,1.63325,1.63373,1.63272,1.63272,138000000,1
1289919240000,1289919299000,1.63272,1.63401,1.63267,1.63359,158600000,1
1289919300000,1289919359000,1.63372,1.63468,1.63362,1.63406,198000000,1
1289919360000,1289919419000,1.63406,1.63407,1.6334,1.63373,120200000,1
1289919420000,1289919479000,1.6337,1.63382,1.63297,1.63322,116200000,1
1289919480000,1289919539000,1.63329,1.63344,1.63257,1.63267,120400000,1
1289919540000,1289919599000,1.63279,1.63303,1.63251,1.63263,118900000,1
1289919600000,1289919659000,1.6325,1.63316,1.6324,1.63284,181500000,1
1289919660000,1289919719000,1.6328,1.6328,1.63175,1.63217,141800000,1
1289919720000,1289919779000,1.63225,1.63321,1.63215,1.63261,156300000,1
1289919780000,1289919839000,1.63261,1.63344,1.6325,1.63332,143200000,1
1289919840000,1289919899000,1.63331,1.63348,1.63267,1.63312,138600000,1
1289919900000,1289919959000,1.63308,1.63342,1.6329,1.63308,149500000,1
1289919960000,1289920019000,1.63303,1.63324,1.63249,1.63253,99700000,1
1289920020000,1289920079000,1.63266,1.63266,1.63095,1.63103,147400000,1
1289920080000,1289920139000,1.63105,1.6314,1.63029,1.63058,140600000,1
1289920140000,1289920199000,1.6305,1.63081,1.63044,1.63056,136800000,1
1289920200000,1289920259000,1.63056,1.63093,1.63044,1.63057,138400000,1
1289920260000,1289920319000,1.63053,1.63106,1.63052,1.63106,91500000,1
1289920320000,1289920379000,1.631,1.631,1.63073,1.63076,104500000,1
1289920380000,1289920439000,1.63069,1.63079,1.63028,1.63035,134900000,1
1289920440000,1289920499000,1.63047,1.63048,1.62937,1.62961,142500000,1
1289920500000,1289920559000,1.62963,1.62991,1.62925,1.62949,151900000,1
1289920560000,1289920619000,1.62952,1.6304,1.62952,1.63021,110200000,1
1289920620000,1289920679000,1.63011,1.63061,1.62991,1.63029,156600000,1
1289920680000,1289920739000,1.63037,1.6304,1.62948,1.62977,134100000,1
1289920740000,1289920799000,1.6298,1.63022,1.6298,1.63,122600000,1
1289920800000,1289920859000,1.63,1.63038,1.62946,1.63,137900000,1
1289920860000,1289920919000,1.63001,1.6304,1.62998,1.63027,134200000,1
1289920920000,1289920979000,1.6304,1.63081,1.63011,1.63057,141400000,1
1289920980000,1289921039000,1.6306,1.63088,1.63008,1.63008,131400000,1
1289921040000,1289921099000,1.63003,1.63034,1.62947,1.6302,185600000,1
1289921100000,1289921159000,1.63019,1.63049,1.62964,1.62991,152600000,1
1289921160000,1289921219000,1.62979,1.63042,1.62979,1.63022,180500000,1
1289921220000,1289921279000,1.63027,1.63063,1.63022,1.63052,115400000,1
1289921280000,1289921339000,1.63059,1.63128,1.63059,1.63087,192200000,1
1289921340000,1289921399000,1.63081,1.63098,1.63057,1.63094,115300000,1
1289921400000,1289921459000,1.63093,1.63151,1.63079,1.63112,170200000,1
1289921460000,1289921519000,1.63103,1.63108,1.63028,1.63034,137700000,1
1289921520000,1289921579000,1.63035,1.63106,1.62989,1.63103,153600000,1
1289921580000,1289921639000,1.63113,1.63128,1.63078,1.63088,161400000,1
1289921640000,1289921699000,1.63085,1.6325,1.63085,1.63231,245500000,1
1289921700000,1289921759000,1.63251,1.63295,1.63003,1.63092,210100000,1
1289921760000,1289921819000,1.63085,1.63118,1.62987,1.63031,209500000,1
1289921820000,1289921879000,1.63031,1.63094,1.62976,1.62983,209200000,1
1289921880000,1289921939000,1.62982,1.63043,1.62968,1.62984,164600000,1
1289921940000,1289921999000,1.62985,1.63017,1.62963,1.62994,157400000,1
1289922000000,1289922059000,1.63004,1.63048,1.62957,1.62963,151900000,1
1289922060000,1289922119000,1.62953,1.6297,1.62925,1.62943,152400000,1
1289922120000,1289922179000,1.62959,1.62979,1.62916,1.62929,145600000,1
1289922180000,1289922239000,1.62937,1.62964,1.62899,1.62951,160700000,1
1289922240000,1289922299000,1.62947,1.62972,1.62895,1.62895,189600000,1
1289922300000,1289922359000,1.62907,1.62972,1.62907,1.62952,200100000,1
1289922360000,1289922419000,1.6295,1.62953,1.62765,1.62838,234600000,1
1289922420000,1289922479000,1.62838,1.62899,1.62765,1.62802,189800000,1
1289922480000,1289922539000,1.62809,1.6286,1.62798,1.62837,187200000,1
1289922540000,1289922599000,1.62833,1.62858,1.62791,1.62841,169500000,1
1289922600000,1289922659000,1.62832,1.62888,1.62802,1.62813,203000000,1
1289922660000,1289922719000,1.62827,1.62827,1.62782,1.62805,122100000,1
1289922720000,1289922779000,1.62817,1.62839,1.6277,1.62805,186000000,1
1289922780000,1289922839000,1.6281,1.62859,1.62784,1.62859,214300000,1
1289922840000,1289922899000,1.62861,1.62927,1.6285,1.62894,196000000,1
1289922900000,1289922959000,1.62902,1.62961,1.62902,1.62945,141800000,1
1289922960000,1289923019000,1.62955,1.63009,1.62905,1.62908,188100000,1
1289923020000,1289923079000,1.62925,1.62964,1.62916,1.62924,164800000,1
1289923080000,1289923139000,1.62921,1.62962,1.62908,1.62948,162800000,1
1289923140000,1289923199000,1.62959,1.62979,1.62876,1.62878,203500000,1
1289923200000,1289923259000,1.62854,1.62873,1.62808,1.6284,173200000,1
1289923260000,1289923319000,1.62838,1.62839,1.62763,1.62763,191600000,1
1289923320000,1289923379000,1.62774,1.62795,1.62733,1.62739,181900000,1
1289923380000,1289923439000,1.62735,1.62821,1.62731,1.62818,139700000,1
1289923440000,1289923499000,1.62814,1.62827,1.62781,1.6279,133000000,1
1289923500000,1289923559000,1.62781,1.62785,1.62711,1.62785,159800000,1
1289923560000,1289923619000,1.62774,1.6285,1.62758,1.62783,180300000,1
1289923620000,1289923679000,1.62782,1.62863,1.62781,1.62832,171600000,1
1289923680000,1289923739000,1.62852,1.62911,1.62835,1.62853,164600000,1
1289923740000,1289923799000,1.62845,1.62922,1.62834,1.62905,147200000,1
1289923800000,1289923859000,1.62904,1.62917,1.62843,1.62884,153100000,1
1289923860000,1289923919000,1.62854,1.62871,1.62801,1.62801,136600000,1
1289923920000,1289923979000,1.62797,1.62861,1.62733,1.62793,170100000,1
1289923980000,1289924039000,1.62807,1.62852,1.62765,1.62809,175400000,1
1289924040000,1289924099000,1.62794,1.62818,1.62762,1.62762,115000000,1
1289924100000,1289924159000,1.62771,1.62842,1.62771,1.62833,122100000,1
1289924160000,1289924219000,1.6285,1.62884,1.62826,1.62858,121300000,1
1289924220000,1289924279000,1.6286,1.6292,1.6285,1.6291,116100000,1
1289924280000,1289924339000,1.62899,1.62974,1.62899,1.62951,141400000,1
1289924340000,1289924399000,1.62937,1.63002,1.62937,1.62981,126000000,1
1289924400000,1289924459000,1.62975,1.62975,1.62881,1.62903,122900000,1
1289924460000,1289924519000,1.62901,1.62915,1.62842,1.62843,107100000,1
1289924520000,1289924579000,1.62848,1.62885,1.62796,1.62852,132400000,1
1289924580000,1289924639000,1.62847,1.62934,1.62811,1.62922,101600000,1
1289924640000,1289924699000,1.62922,1.62957,1.62922,1.62936,126200000,1
1289924700000,1289924759000,1.62935,1.62935,1.62865,1.62869,151500000,1
1289924760000,1289924819000,1.6287,1.62933,1.62862,1.62899,120900000,1
1289924820000,1289924879000,1.62895,1.62895,1.6283,1.62844,118000000,1
1289924880000,1289924939000,1.62836,1.6294,1.62833,1.62905,145900000,1
1289924940000,1289924999000,1.62906,1.62983,1.62897,1.62983,127200000,1
1289925000000,1289925059000,1.62982,1.62982,1.62863,1.62867,112300000,1
1289925060000,1289925119000,1.62873,1.629,1.62822,1.62836,139000000,1
1289925120000,1289925179000,1.62836,1.62886,1.62825,1.6288,121400000,1
1289925180000,1289925239000,1.62878,1.62926,1.62875,1.62885,122900000,1
1289925240000,1289925299000,1.62886,1.62968,1.62846,1.62955,123300000,1
1289925300000,1289925359000,1.62969,1.62969,1.62932,1.62949,141700000,1
1289925360000,1289925419000,1.62949,1.6296,1.62888,1.62952,119800000,1
1289925420000,1289925479000,1.62956,1.63002,1.62924,1.63002,125400000,1
1289925480000,1289925539000,1.63006,1.63047,1.62989,1.6303,171900000,1
1289925540000,1289925599000,1.63023,1.63044,1.62948,1.6302,174400000,1
1289925600000,1289925659000,1.6302,1.63064,1.6299,1.63036,175600000,1
1289925660000,1289925719000,1.63031,1.63038,1.62959,1.6299,129400000,1
1289925720000,1289925779000,1.62994,1.63032,1.62989,1.63012,131900000,1
1289925780000,1289925839000,1.63016,1.63097,1.63016,1.63052,177900000,1
1289925840000,1289925899000,1.63045,1.6309,1.63004,1.63072,182200000,1
1289925900000,1289925959000,1.63063,1.6308,1.63008,1.63028,192900000,1
1289925960000,1289926019000,1.63034,1.63043,1.62943,1.6296,144500000,1
1289926020000,1289926079000,1.62965,1.62981,1.62908,1.62927,119500000,1
1289926080000,1289926139000,1.62932,1.62951,1.6287,1.62872,113100000,1
1289926140000,1289926199000,1.6288,1.62901,1.62843,1.62887,128800000,1
1289926200000,1289926259000,1.62894,1.62991,1.62894,1.62973,162700000,1
1289926260000,1289926319000,1.62964,1.62964,1.62866,1.62872,174800000,1
1289926320000,1289926379000,1.62878,1.6289,1.6282,1.62862,115000000,1
1289926380000,1289926439000,1.62866,1.62871,1.62773,1.62785,127400000,1
1289926440000,1289926499000,1.62785,1.62791,1.62748,1.62758,98900000,1
1289926500000,1289926559000,1.62752,1.62815,1.62733,1.62762,125000000,1
1289926560000,1289926619000,1.6277,1.62831,1.62752,1.62812,136400000,1
1289926620000,1289926679000,1.62827,1.62855,1.62784,1.6282,154100000,1
1289926680000,1289926739000,1.62813,1.62863,1.62813,1.62863,135700000,1
1289926740000,1289926799000,1.6286,1.6286,1.62764,1.62771,154700000,1
1289926800000,1289926859000,1.62777,1.62794,1.62718,1.62721,213900000,1
1289926860000,1289926919000,1.62721,1.6279,1.62713,1.62745,160800000,1
1289926920000,1289926979000,1.62735,1.62761,1.62696,1.62744,192900000,1
1289926980000,1289927039000,1.6274,1.62792,1.6274,1.62762,123900000,1
1289927040000,1289927099000,1.62759,1.62768,1.62721,1.62721,162400000,1
1289927100000,1289927159000,1.62751,1.62754,1.62724,1.62727,155100000,1
1289927160000,1289927219000,1.62708,1.62865,1.62708,1.62853,142300000,1
1289927220000,1289927279000,1.62822,1.62863,1.62818,1.62848,185700000,1
1289927280000,1289927339000,1.62842,1.62883,1.62812,1.62873,180700000,1
1289927340000,1289927399000,1.62873,1.62893,1.62782,1.62799,134500000,1
1289927400000,1289927459000,1.62808,1.62865,1.62798,1.62846,193100000,1
1289927460000,1289927519000,1.62813,1.62967,1.62813,1.62944,239400000,1
1289927520000,1289927579000,1.62944,1.62964,1.62871,1.62904,444600000,1
1289927580000,1289927639000,1.62904,1.62918,1.62807,1.62809,186600000,1
1289927640000,1289927699000,1.62808,1.62866,1.62778,1.62785,157800000,1
1289927700000,1289927759000,1.62783,1.62888,1.62775,1.62869,144000000,1
1289927760000,1289927819000,1.62869,1.6293,1.62866,1.62921,103400000,1
1289927820000,1289927879000,1.62908,1.62914,1.62872,1.62893,129600000,1
1289927880000,1289927939000,1.62893,1.62893,1.62827,1.62827,142400000,1
1289927940000,1289927999000,1.62817,1.62832,1.62779,1.62801,128600000,1
1289928000000,1289928059000,1.62795,1.62823,1.62775,1.62775,141000000,1
1289928060000,1289928119000,1.62775,1.62808,1.62762,1.62785,104000000,1
1289928120000,1289928179000,1.62777,1.62856,1.62771,1.62846,190600000,1
1289928180000,1289928239000,1.62843,1.62866,1.62815,1.62849,132300000,1
1289928240000,1289928299000,1.62859,1.62905,1.62837,1.62886,135000000,1
1289928300000,1289928359000,1.62877,1.6291,1.62877,1.62877,89900000,1
1289928360000,1289928419000,1.62877,1.62878,1.62811,1.62826,173300000,1
1289928420000,1289928479000,1.62833,1.6285,1.6281,1.6281,128000000,1
1289928480000,1289928539000,1.6281,1.62832,1.62783,1.62816,114800000,1
1289928540000,1289928599000,1.62817,1.62837,1.62784,1.62804,121400000,1
1289928600000,1289928659000,1.62788,1.62845,1.62788,1.62845,95100000,1
1289928660000,1289928719000,1.6285,1.62904,1.62833,1.62858,146500000,1
1289928720000,1289928779000,1.62858,1.62888,1.6282,1.62888,122400000,1
1289928780000,1289928839000,1.62884,1.62914,1.6287,1.62875,163100000,1
1289928840000,1289928899000,1.62875,1.629,1.62832,1.62862,191800000,1
1289928900000,1289928959000,1.62869,1.62874,1.6283,1.62846,126800000,1
1289928960000,1289929019000,1.62843,1.62881,1.62828,1.62865,162900000,1
1289929020000,1289929079000,1.62862,1.629,1.62835,1.62883,152400000,1
1289929080000,1289929139000,1.62897,1.62897,1.62846,1.62855,134400000,1
1289929140000,1289929199000,1.62862,1.62869,1.62827,1.62854,128500000,1
1289929200000,1289929259000,1.62848,1.62882,1.62818,1.62866,84500000,1
1289929260000,1289929319000,1.62858,1.62861,1.62815,1.62822,115700000,1
1289929320000,1289929379000,1.62822,1.62858,1.62746,1.62823,167900000,1
1289929380000,1289929439000,1.62819,1.62869,1.62799,1.62817,245500000,1
1289929440000,1289929499000,1.62822,1.62822,1.6276,1.6279,161600000,1
1289929500000,1289929559000,1.62784,1.62802,1.62761,1.62799,126800000,1
1289929560000,1289929619000,1.62805,1.6283,1.62785,1.62821,92300000,1
1289929620000,1289929679000,1.62825,1.62842,1.62803,1.62834,124500000,1
1289929680000,1289929739000,1.62834,1.62872,1.62804,1.62838,175700000,1
1289929740000,1289929799000,1.62852,1.62868,1.62814,1.62814,127900000,1
1289929800000,1289929859000,1.62814,1.62815,1.62751,1.62784,135700000,1
1289929860000,1289929919000,1.62782,1.62923,1.62782,1.62885,129000000,1
1289929920000,1289929979000,1.62883,1.62959,1.62867,1.62933,210300000,1
1289929980000,1289930039000,1.62923,1.62942,1.62811,1.62811,160900000,1
1289930040000,1289930099000,1.62821,1.62838,1.62783,1.62814,108000000,1
1289930100000,1289930159000,1.62826,1.62848,1.62778,1.62778,141600000,1
1289930160000,1289930219000,1.62777,1.62808,1.62736,1.62808,150900000,1
1289930220000,1289930279000,1.62816,1.62843,1.62802,1.62806,113700000,1
1289930280000,1289930339000,1.62811,1.62836,1.62775,1.62781,110000000,1
1289930340000,1289930399000,1.62783,1.62825,1.62751,1.62796,169600000,1
1289930400000,1289930459000,1.62796,1.62819,1.6279,1.62799,141300000,1
1289930460000,1289930519000,1.62795,1.62831,1.62795,1.62827,101300000,1
1289930520000,1289930579000,1.62836,1.62867,1.62808,1.62815,110000000,1
1289930580000,1289930639000,1.62825,1.62825,1.62775,1.62787,67800000,1
1289930640000,1289930699000,1.62787,1.62826,1.62785,1.62807,83600000,1
1289930700000,1289930759000,1.62812,1.62834,1.628,1.62822,97500000,1
1289930760000,1289930819000,1.62819,1.62901,1.62811,1.62893,63000000,1
1289930820000,1289930879000,1.62891,1.62936,1.62881,1.6293,65800000,1
1289930880000,1289930939000,1.62927,1.62931,1.62884,1.62892,73800000,1
1289930940000,1289930999000,1.62894,1.62894,1.62851,1.6286,122400000,1
1289931000000,1289931059000,1.62852,1.62886,1.62841,1.62873,87600000,1
1289931060000,1289931119000,1.62877,1.62895,1.62846,1.62851,116300000,1
1289931120000,1289931179000,1.62851,1.62883,1.62834,1.62848,133100000,1
1289931180000,1289931239000,1.62848,1.62901,1.62842,1.62901,98300000,1
1289931240000,1289931299000,1.62903,1.6293,1.62871,1.62878,121600000,1
1289931300000,1289931359000,1.62878,1.62888,1.62859,1.62869,81200000,1
1289931360000,1289931419000,1.62869,1.62913,1.6286,1.62913,119300000,1
1289931420000,1289931479000,1.62911,1.62913,1.62877,1.62877,69900000,1
1289931480000,1289931539000,1.62896,1.62896,1.62796,1.62803,141600000,1
1289931540000,1289931599000,1.62803,1.62813,1.62762,1.6277,82000000,1
1289931600000,1289931659000,1.6277,1.62822,1.62758,1.62819,111700000,1
1289931660000,1289931719000,1.62819,1.62847,1.62791,1.62834,81800000,1
1289931720000,1289931779000,1.62834,1.62834,1.62788,1.62792,100600000,1
1289931780000,1289931839000,1.62797,1.6281,1.62765,1.62778,101500000,1
1289931840000,1289931899000,1.62775,1.62809,1.62762,1.62772,121400000,1
1289931900000,1289931959000,1.62778,1.62798,1.62734,1.62756,124100000,1
1289931960000,1289932019000,1.62747,1.62775,1.62742,1.62767,79900000,1
1289932020000,1289932079000,1.62764,1.62767,1.62734,1.62736,113300000,1
1289932080000,1289932139000,1.62744,1.62754,1.62708,1.62738,145500000,1
1289932140000,1289932199000,1.62739,1.6277,1.62722,1.62739,157700000,1
1289932200000,1289932259000,1.62739,1.62757,1.62739,1.6275,88800000,1
1289932260000,1289932319000,1.62761,1.62786,1.62724,1.62751,192500000,1
1289932320000,1289932379000,1.62752,1.62754,1.62705,1.6272,132600000,1
1289932380000,1289932439000,1.62712,1.6276,1.62712,1.62758,105600000,1
1289932440000,1289932499000,1.62758,1.62763,1.62696,1.62709,96800000,1
1289932500000,1289932559000,1.62707,1.62707,1.62673,1.62682,97600000,1
1289932560000,1289932619000,1.62682,1.62691,1.62647,1.62654,98800000,1
1289932620000,1289932679000,1.6266,1.62684,1.62642,1.62644,101900000,1
1289932680000,1289932739000,1.62655,1.62656,1.62604,1.62617,90700000,1
1289932740000,1289932799000,1.6261,1.62628,1.62594,1.62601,73100000,1
1289932800000,1289932859000,1.62599,1.62616,1.62594,1.62603,58600000,1
1289932860000,1289932919000,1.62603,1.62661,1.62603,1.62639,134000000,1
1289932920000,1289932979000,1.62634,1.62654,1.62623,1.62638,149900000,1
1289932980000,1289933039000,1.62645,1.62655,1.62603,1.62617,128600000,1
1289933040000,1289933099000,1.62617,1.62638,1.6259,1.62609,95700000,1
1289933100000,1289933159000,1.62612,1.62675,1.62609,1.62656,144400000,1
1289933160000,1289933219000,1.62656,1.62713,1.62641,1.62674,124600000,1
1289933220000,1289933279000,1.62664,1.62711,1.6265,1.62696,78800000,1
1289933280000,1289933339000,1.627,1.627,1.62624,1.62662,87900000,1
1289933340000,1289933399000,1.6267,1.62687,1.62626,1.62626,125700000,1
1289933400000,1289933459000,1.62628,1.62636,1.62592,1.62597,92500000,1
1289933460000,1289933519000,1.62605,1.62618,1.62583,1.62598,103200000,1
1289933520000,1289933579000,1.62598,1.62609,1.62585,1.62591,67900000,1
1289933580000,1289933639000,1.62591,1.62618,1.62588,1.62618,65800000,1
1289933640000,1289933699000,1.62618,1.62643,1.62603,1.62637,140400000,1
1289933700000,1289933759000,1.6263,1.62631,1.62607,1.62624,115000000,1
1289933760000,1289933819000,1.62615,1.62658,1.62615,1.62633,94600000,1
1289933820000,1289933879000,1.62626,1.62657,1.62609,1.62611,84800000,1
1289933880000,1289933939000,1.62607,1.6265,1.62593,1.62609,110000000,1
1289933940000,1289933999000,1.62609,1.6261,1.62553,1.62578,124800000,1
1289934000000,1289934059000,1.62576,1.62576,1.62526,1.62528,116800000,1
1289934060000,1289934119000,1.62525,1.62551,1.62525,1.62539,62000000,1
1289934120000,1289934179000,1.62539,1.62557,1.62491,1.62491,106900000,1
1289934180000,1289934239000,1.62495,1.62548,1.6249,1.62536,101800000,1
1289934240000,1289934299000,1.62548,1.62601,1.62538,1.62579,89100000,1
1289934300000,1289934359000,1.62579,1.62596,1.62575,1.62589,55400000,1
1289934360000,1289934419000,1.62597,1.62632,1.62596,1.62632,109600000,1
1289934420000,1289934479000,1.62632,1.62666,1.6262,1.62651,83100000,1
1289934480000,1289934539000,1.62651,1.6267,1.62642,1.62644,46500000,1
1289934540000,1289934599000,1.62648,1.62649,1.62616,1.62616,51700000,1
1289934600000,1289934659000,1.62637,1.62655,1.62613,1.62616,58000000,1
1289934660000,1289934719000,1.62607,1.62617,1.62552,1.62601,79600000,1
1289934720000,1289934779000,1.62592,1.62605,1.62577,1.62583,84700000,1
1289934780000,1289934839000,1.62592,1.6261,1.62573,1.62597,56500000,1
1289934840000,1289934899000,1.626,1.6262,1.62571,1.62597,86300000,1
1289934900000,1289934959000,1.62599,1.62599,1.6255,1.62551,90800000,1
1289934960000,1289935019000,1.62549,1.62584,1.62531,1.62584,125900000,1
1289935020000,1289935079000,1.62589,1.62606,1.62575,1.62598,81300000,1
1289935080000,1289935139000,1.62598,1.6265,1.62592,1.62641,122700000,1
1289935140000,1289935199000,1.62641,1.62658,1.62613,1.62658,94900000,1
1289935200000,1289935259000,1.62666,1.62677,1.62623,1.62636,76100000,1
1289935260000,1289935319000,1.62641,1.62705,1.62641,1.62673,84800000,1
1289935320000,1289935379000,1.62665,1.62713,1.62613,1.62693,148700000,1
1289935380000,1289935439000,1.62685,1.62709,1.62637,1.62641,85100000,1
1289935440000,1289935499000,1.62653,1.62696,1.62652,1.62695,134900000,1
1289935500000,1289935559000,1.62707,1.62717,1.62692,1.62692,75300000,1
1289935560000,1289935619000,1.62689,1.62713,1.62669,1.62669,96600000,1
1289935620000,1289935679000,1.62666,1.62701,1.62643,1.62667,124800000,1
1289935680000,1289935739000,1.62664,1.62667,1.62617,1.62663,108400000,1
1289935740000,1289935799000,1.62661,1.62684,1.62634,1.6265,55200000,1
1289935800000,1289935859000,1.6265,1.62663,1.62646,1.62651,86200000,1
1289935860000,1289935919000,1.62646,1.62653,1.62551,1.62574,182000000,1
1289935920000,1289935979000,1.62574,1.62607,1.62567,1.62576,169200000,1
1289935980000,1289936039000,1.62576,1.62623,1.62569,1.62614,126600000,1
1289936040000,1289936099000,1.62609,1.62641,1.62607,1.62629,129500000,1
1289936100000,1289936159000,1.62625,1.62645,1.62613,1.62635,87300000,1
1289936160000,1289936219000,1.62642,1.62669,1.62625,1.62643,74600000,1
1289936220000,1289936279000,1.62637,1.627,1.62635,1.62695,109800000,1
1289936280000,1289936339000,1.62696,1.62729,1.62669,1.62715,181600000,1
1289936340000,1289936399000,1.62712,1.62724,1.62684,1.62724,121600000,1
1289936400000,1289936459000,1.62726,1.62754,1.62679,1.62704,127700000,1
1289936460000,1289936519000,1.62685,1.62702,1.62667,1.62677,125000000,1
1289936520000,1289936579000,1.62677,1.62694,1.62653,1.62673,109700000,1
1289936580000,1289936639000,1.62673,1.62691,1.62648,1.62689,120200000,1
1289936640000,1289936699000,1.6268,1.62698,1.6265,1.6267,119800000,1
1289936700000,1289936759000,1.62676,1.62705,1.62664,1.62681,130300000,1
1289936760000,1289936819000,1.62683,1.62698,1.6266,1.62681,93900000,1
1289936820000,1289936879000,1.62684,1.6271,1.62681,1.62705,46600000,1
1289936880000,1289936939000,1.62705,1.62716,1.62682,1.62684,101100000,1
1289936940000,1289936999000,1.62691,1.62692,1.62615,1.62615,91000000,1
1289937000000,1289937059000,1.62626,1.62689,1.62625,1.62662,119000000,1
1289937060000,1289937119000,1.62651,1.627,1.62641,1.62689,167600000,1
1289937120000,1289937179000,1.62684,1.62697,1.6265,1.62654,93900000,1
1289937180000,1289937239000,1.62654,1.62685,1.62644,1.6265,130700000,1
1289937240000,1289937299000,1.6265,1.6266,1.6262,1.6262,100000000,1
1289937300000,1289937359000,1.62633,1.62649,1.62601,1.62623,123000000,1
1289937360000,1289937419000,1.62631,1.62656,1.62631,1.62643,85600000,1
1289937420000,1289937479000,1.62647,1.62666,1.6263,1.6265,121000000,1
1289937480000,1289937539000,1.6265,1.6265,1.62585,1.62608,128300000,1
1289937540000,1289937599000,1.62608,1.62625,1.62575,1.6259,127500000,1
1289937600000,1289937659000,1.6259,1.62608,1.6256,1.62599,145700000,1
1289937660000,1289937719000,1.62599,1.62601,1.62522,1.62569,89700000,1
1289937720000,1289937779000,1.62562,1.62589,1.62542,1.62555,109900000,1
1289937780000,1289937839000,1.62554,1.62598,1.62543,1.62573,148600000,1
1289937840000,1289937899000,1.62573,1.62593,1.62558,1.62589,96200000,1
1289937900000,1289937959000,1.62586,1.6265,1.62585,1.6265,65200000,1
1289937960000,1289938019000,1.62652,1.62684,1.62632,1.62654,107400000,1
1289938020000,1289938079000,1.62656,1.62678,1.62633,1.62655,93900000,1
1289938080000,1289938139000,1.6265,1.62695,1.62639,1.62678,74400000,1
1289938140000,1289938199000,1.62671,1.62678,1.62644,1.6265,62100000,1
1289938200000,1289938259000,1.6265,1.62692,1.62645,1.62665,69400000,1
1289938260000,1289938319000,1.62665,1.62702,1.62665,1.62688,88600000,1
1289938320000,1289938379000,1.62688,1.62715,1.62688,1.62701,38700000,1
1289938380000,1289938439000,1.62701,1.62769,1.62688,1.62761,74300000,1
1289938440000,1289938499000,1.62765,1.62808,1.62758,1.62781,70300000,1
1289938500000,1289938559000,1.62781,1.62836,1.62753,1.628,89700000,1
1289938560000,1289938619000,1.62794,1.62894,1.62794,1.62864,87900000,1
1289938620000,1289938679000,1.62864,1.62892,1.62858,1.62881,56300000,1
1289938680000,1289938739000,1.62884,1.62928,1.62843,1.62846,97200000,1
1289938740000,1289938799000,1.62846,1.62909,1.62826,1.62876,102500000,1
1289938800000,1289938859000,1.62871,1.62871,1.62846,1.62854,62200000,1
1289938860000,1289938919000,1.62857,1.62873,1.62829,1.62829,82100000,1
1289938920000,1289938979000,1.62827,1.62869,1.62827,1.62858,56700000,1
1289938980000,1289939039000,1.62867,1.62875,1.62786,1.62786,71100000,1
1289939040000,1289939099000,1.62796,1.62796,1.62714,1.62714,83600000,1
1289939100000,1289939159000,1.62704,1.62754,1.62678,1.62705,116700000,1
1289939160000,1289939219000,1.62707,1.62755,1.62707,1.62736,81500000,1
1289939220000,1289939279000,1.62737,1.62738,1.62699,1.62707,148700000,1
1289939280000,1289939339000,1.62709,1.62726,1.62618,1.62622,126500000,1
1289939340000,1289939399000,1.62622,1.6267,1.62599,1.62659,112100000,1
1289939400000,1289939459000,1.62673,1.62673,1.62623,1.62645,90000000,1
1289939460000,1289939519000,1.62645,1.62645,1.62597,1.6261,114900000,1
1289939520000,1289939579000,1.62618,1.62627,1.62598,1.62598,75600000,1
1289939580000,1289939639000,1.62597,1.62623,1.62597,1.62623,61300000,1
1289939640000,1289939699000,1.62613,1.62647,1.62607,1.62633,59200000,1
1289939700000,1289939759000,1.62633,1.62643,1.62604,1.62619,62700000,1
1289939760000,1289939819000,1.62621,1.62657,1.62621,1.62657,32600000,1
1289939820000,1289939879000,1.62657,1.62665,1.62628,1.6266,109200000,1
1289939880000,1289939939000,1.62642,1.62657,1.62612,1.62631,54500000,1
1289939940000,1289939999000,1.62623,1.62686,1.62623,1.62674,95900000,1
1289940000000,1289940059000,1.62674,1.62685,1.62661,1.62667,67100000,1
1289940060000,1289940119000,1.62664,1.62694,1.6261,1.62637,87100000,1
1289940120000,1289940179000,1.62641,1.62687,1.62641,1.62661,63000000,1
1289940180000,1289940239000,1.62661,1.62661,1.6263,1.6264,44600000,1
1289940240000,1289940299000,1.62636,1.6264,1.626,1.62612,57900000,1
1289940300000,1289940359000,1.62612,1.62627,1.62589,1.62589,53800000,1
1289940360000,1289940419000,1.62589,1.62627,1.62579,1.62595,119400000,1
1289940420000,1289940479000,1.62594,1.6261,1.62575,1.6261,89900000,1
1289940480000,1289940539000,1.6261,1.62616,1.62589,1.62613,70700000,1
1289940540000,1289940599000,1.62612,1.62627,1.62593,1.62606,73700000,1
1289940600000,1289940659000,1.62611,1.62647,1.62582,1.62582,119000000,1
1289940660000,1289940719000,1.62582,1.62628,1.62582,1.62596,54500000,1
1289940720000,1289940779000,1.62589,1.62596,1.62521,1.62583,128900000,1
1289940780000,1289940839000,1.62583,1.626,1.62566,1.62566,87400000,1
1289940840000,1289940899000,1.62566,1.62566,1.62539,1.62539,63100000,1
1289940900000,1289940959000,1.62539,1.62555,1.62506,1.62513,108400000,1
1289940960000,1289941019000,1.62504,1.6256,1.62495,1.62541,92000000,1
1289941020000,1289941079000,1.62541,1.62579,1.62525,1.62579,73600000,1
1289941080000,1289941139000,1.62579,1.62633,1.62567,1.6261,81300000,1
1289941140000,1289941199000,1.62612,1.62623,1.62565,1.62593,120700000,1
1289941200000,1289941259000,1.62605,1.62607,1.62552,1.62577,118800000,1
1289941260000,1289941319000,1.62577,1.62587,1.62563,1.62572,123100000,1
1289941320000,1289941379000,1.62572,1.62619,1.62568,1.62619,93700000,1
1289941380000,1289941439000,1.62619,1.62657,1.62603,1.62614,78700000,1
1289941440000,1289941499000,1.62625,1.6263,1.62617,1.62617,71100000,1
1289941500000,1289941559000,1.62609,1.62631,1.62571,1.62631,78100000,1
1289941560000,1289941619000,1.62622,1.62671,1.62574,1.62603,103200000,1
1289941620000,1289941679000,1.62597,1.62597,1.62545,1.62569,133200000,1
1289941680000,1289941739000,1.62569,1.62621,1.62562,1.62602,98200000,1
1289941740000,1289941799000,1.62603,1.6261,1.62582,1.62582,56700000,1
1289941800000,1289941859000,1.62578,1.62586,1.62563,1.62579,101100000,1
1289941860000,1289941919000,1.62583,1.62625,1.62583,1.62625,50600000,1
1289941920000,1289941979000,1.62625,1.62651,1.6262,1.62636,54100000,1
1289941980000,1289942039000,1.62636,1.62636,1.62636,1.62636,21300000,1
1289942040000,1289942099000,1.62636,1.62668,1.62619,1.62619,55900000,1
1289942100000,1289942159000,1.62619,1.6266,1.62592,1.62603,62100000,1
1289942160000,1289942219000,1.62611,1.62633,1.62592,1.62623,65800000,1
1289942220000,1289942279000,1.62623,1.62636,1.62602,1.62605,117400000,1
1289942280000,1289942339000,1.62597,1.62636,1.62595,1.62636,45200000,1
1289942340000,1289942399000,1.62636,1.62636,1.62562,1.62562,42900000,1
1289942400000,1289942459000,1.62562,1.62563,1.62553,1.62553,61400000,1
1289942460000,1289942519000,1.62553,1.62555,1.62552,1.62553,32000000,1
1289942520000,1289942579000,1.62553,1.62553,1.62548,1.62553,36400000,1
1289942580000,1289942639000,1.62557,1.62557,1.62521,1.62523,62800000,1
1289942640000,1289942699000,1.62534,1.62559,1.62528,1.62551,112200000,1
1289942700000,1289942759000,1.62534,1.62542,1.62501,1.62501,61600000,1
1289942760000,1289942819000,1.62493,1.62523,1.62485,1.62518,77400000,1
1289942820000,1289942879000,1.6252,1.6253,1.62513,1.62522,70500000,1
1289942880000,1289942939000,1.62522,1.6253,1.62516,1.62516,41900000,1
1289942940000,1289942999000,1.62522,1.62553,1.62517,1.62553,95800000,1
1289943000000,1289943059000,1.62545,1.62562,1.62526,1.62562,100900000,1
1289943060000,1289943119000,1.62579,1.62579,1.62561,1.62564,15500000,1
1289943120000,1289943179000,1.62564,1.62583,1.62564,1.62569,26800000,1
1289943180000,1289943239000,1.62572,1.62612,1.62572,1.62597,51800000,1
1289943240000,1289943299000,1.62597,1.62597,1.62567,1.62586,48600000,1
1289943300000,1289943359000,1.62593,1.62657,1.62587,1.62657,58100000,1
1289943360000,1289943419000,1.62666,1.62666,1.62652,1.62653,39500000,1
1289943420000,1289943479000,1.62654,1.62671,1.62636,1.62666,40200000,1
1289943480000,1289943539000,1.62666,1.62711,1.62628,1.62707,73200000,1
1289943540000,1289943599000,1.62699,1.62737,1.62689,1.62733,56800000,1
1289943600000,1289943659000,1.62728,1.62728,1.62672,1.62699,84600000,1
1289943660000,1289943719000,1.62691,1.62729,1.62678,1.62706,73700000,1
1289943720000,1289943779000,1.62707,1.62717,1.62677,1.62688,75600000,1
1289943780000,1289943839000,1.62687,1.62687,1.62674,1.62674,57600000,1
1289943840000,1289943899000,1.62674,1.62689,1.62653,1.62653,45300000,1
1289943900000,1289943959000,1.62657,1.62658,1.6265,1.6265,52300000,1
1289943960000,1289944019000,1.6265,1.6265,1.62623,1.62623,32400000,1
1289944020000,1289944079000,1.62615,1.62632,1.62613,1.62624,43000000,1
1289944080000,1289944139000,1.62624,1.62624,1.6261,1.62618,51000000,1
1289944140000,1289944199000,1.62618,1.62627,1.62607,1.62609,20900000,1
1289944200000,1289944259000,1.62622,1.62623,1.62559,1.62616,127800000,1
1289944260000,1289944319000,1.62616,1.62679,1.62616,1.62635,51300000,1
1289944320000,1289944379000,1.62627,1.62676,1.62627,1.62659,47200000,1
1289944380000,1289944439000,1.62659,1.62659,1.62622,1.62626,72200000,1
1289944440000,1289944499000,1.62635,1.62661,1.62635,1.62655,19200000,1
1289944500000,1289944559000,1.62655,1.62655,1.62624,1.62639,30000000,1
1289944560000,1289944619000,1.62639,1.62653,1.62616,1.62628,91900000,1
1289944620000,1289944679000,1.62616,1.62656,1.62591,1.62608,162100000,1
1289944680000,1289944739000,1.62608,1.62647,1.62566,1.62603,106600000,1
1289944740000,1289944799000,1.62565,1.62618,1.62558,1.62578,122500000,1
1289944800000,1289944859000,1.62613,1.62628,1.62572,1.62622,60800000,1
1289944860000,1289944919000,1.62632,1.62652,1.62578,1.62608,103700000,1
1289944920000,1289944979000,1.62627,1.62627,1.6254,1.62563,150700000,1
1289944980000,1289945039000,1.62563,1.62583,1.62539,1.62579,31900000,1
1289945040000,1289945099000,1.6256,1.62563,1.62528,1.62547,62200000,1
1289945100000,1289945159000,1.62547,1.62568,1.62532,1.62568,36100000,1
1289945160000,1289945219000,1.62572,1.62583,1.62572,1.62583,4800000,1
1289945220000,1289945279000,1.62587,1.62598,1.62527,1.62538,33100000,1
1289945280000,1289945339000,1.62538,1.62548,1.62538,1.62538,52000000,1
1289945340000,1289945399000,1.62545,1.6255,1.62502,1.62502,27100000,1
1289945400000,1289945459000,1.62502,1.62537,1.62466,1.62511,93800000,1
1289945460000,1289945519000,1.62511,1.62518,1.62501,1.62511,45100000,1
1289945520000,1289945579000,1.62511,1.62511,1.62482,1.62495,42500000,1
1289945580000,1289945639000,1.62495,1.62497,1.62495,1.62495,28400000,1
1289945640000,1289945699000,1.62495,1.62502,1.62484,1.62484,66300000,1
1289945700000,1289945759000,1.62488,1.62502,1.62483,1.62495,58100000,1
1289945760000,1289945819000,1.62495,1.62544,1.62495,1.62536,44700000,1
1289945820000,1289945879000,1.6254,1.62569,1.6254,1.62569,37700000,1
1289945880000,1289945939000,1.62572,1.62572,1.62555,1.62555,34500000,1
1289945940000,1289945999000,1.62555,1.62571,1.62537,1.62538,46300000,1
1289946000000,1289946059000,1.62538,1.62559,1.62538,1.62559,22800000,1
1289946060000,1289946119000,1.62559,1.62562,1.62541,1.62541,37300000,1
1289946120000,1289946179000,1.62541,1.62541,1.62492,1.62493,77900000,1
1289946180000,1289946239000,1.62496,1.62507,1.62492,1.62507,51700000,1
1289946240000,1289946299000,1.62512,1.62523,1.6247,1.6247,45400000,1
1289946300000,1289946359000,1.62462,1.62527,1.62453,1.62497,55600000,1
1289946360000,1289946419000,1.62492,1.62493,1.62443,1.62483,35700000,1
1289946420000,1289946479000,1.62483,1.62518,1.62482,1.62488,44800000,1
1289946480000,1289946539000,1.62485,1.62502,1.62483,1.62502,31900000,1
1289946540000,1289946599000,1.62502,1.62502,1.62488,1.62492,15000000,1
1289946600000,1289946659000,1.62463,1.62492,1.62444,1.62492,106700000,1
1289946660000,1289946719000,1.62492,1.62492,1.62441,1.62456,52400000,1
1289946720000,1289946779000,1.62456,1.6247,1.62437,1.6247,44900000,1
1289946780000,1289946839000,1.62466,1.62467,1.62397,1.62457,74400000,1
1289946840000,1289946899000,1.62457,1.62462,1.62432,1.6246,63000000,1
1289946900000,1289946959000,1.62458,1.62478,1.62458,1.62478,24700000,1
1289946960000,1289947019000,1.62478,1.62493,1.62466,1.62493,47700000,1
1289947020000,1289947079000,1.62498,1.62501,1.62492,1.62495,20000000,1
1289947080000,1289947139000,1.62495,1.62498,1.62438,1.62443,40800000,1
1289947140000,1289947199000,1.62446,1.62455,1.62422,1.62432,38800000,1
1289947200000,1289947259000,1.62424,1.62476,1.62424,1.62476,26900000,1
1289947260000,1289947319000,1.62481,1.62493,1.62481,1.62492,20500000,1
1289947320000,1289947379000,1.62475,1.62475,1.62475,1.62475,1700000,1
1289947380000,1289947439000,1.6247,1.6249,1.62438,1.62475,52800000,1
1289947440000,1289947499000,1.62475,1.62487,1.62452,1.62458,31300000,1
1289947500000,1289947559000,1.62458,1.6251,1.62448,1.62493,69200000,1
1289947560000,1289947619000,1.62497,1.6251,1.62478,1.62487,61800000,1
1289947620000,1289947679000,1.62478,1.6249,1.62463,1.62478,45600000,1
1289947680000,1289947739000,1.62482,1.62492,1.62461,1.62462,30700000,1
1289947740000,1289947799000,1.62461,1.62498,1.62461,1.62496,56400000,1
1289947800000,1289947859000,1.62498,1.62552,1.62498,1.62535,46300000,1
1289947860000,1289947919000,1.62544,1.62544,1.62508,1.62512,32600000,1
1289947920000,1289947979000,1.62517,1.62535,1.62508,1.62508,41200000,1
1289947980000,1289948039000,1.62518,1.62524,1.62503,1.62512,21100000,1
1289948040000,1289948099000,1.62499,1.62518,1.62485,1.62518,21800000,1
1289948100000,1289948159000,1.62518,1.6256,1.62488,1.62522,99900000,1
1289948160000,1289948219000,1.62533,1.62579,1.62528,1.62573,58400000,1
1289948220000,1289948279000,1.62572,1.62628,1.62555,1.62607,55000000,1
1289948280000,1289948339000,1.62611,1.62623,1.62569,1.62617,80600000,1
1289948340000,1289948399000,1.62617,1.62688,1.62603,1.62648,103600000,1
1289948400000,1289948459000,1.62619,1.62658,1.62603,1.62658,120600000,1
1289948460000,1289948519000,1.62662,1.62667,1.62623,1.62643,182600000,1
1289948520000,1289948579000,1.62644,1.62683,1.62612,1.62648,166800000,1
1289948580000,1289948639000,1.62643,1.62683,1.62643,1.62658,84800000,1
1289948640000,1289948699000,1.62659,1.62668,1.62647,1.62648,58900000,1
1289948700000,1289948759000,1.62648,1.62652,1.62647,1.62647,28300000,1
1289948760000,1289948819000,1.62644,1.62662,1.62603,1.62662,56400000,1
1289948820000,1289948879000,1.62663,1.62664,1.62648,1.62663,28400000,1
1289948880000,1289948939000,1.62657,1.62683,1.62642,1.6268,37600000,1
1289948940000,1289948999000,1.62668,1.62678,1.62643,1.62662,58400000,1
1289949000000,1289949059000,1.62648,1.62672,1.62639,1.62669,28700000,1
1289949060000,1289949119000,1.62682,1.62699,1.62656,1.62667,30000000,1
1289949120000,1289949179000,1.62672,1.62696,1.62672,1.62677,30100000,1
1289949180000,1289949239000,1.62683,1.62697,1.62637,1.62652,47600000,1
1289949240000,1289949299000,1.62663,1.62692,1.62652,1.62671,75700000,1
1289949300000,1289949359000,1.6266,1.62671,1.62637,1.6266,94400000,1
1289949360000,1289949419000,1.62677,1.62677,1.62627,1.62647,84200000,1
1289949420000,1289949479000,1.62658,1.62658,1.62618,1.62618,66200000,1
1289949480000,1289949539000,1.62618,1.62652,1.62617,1.62627,90600000,1
1289949540000,1289949599000,1.62642,1.62672,1.62642,1.62666,45100000,1
1289949600000,1289949659000,1.62666,1.62682,1.62666,1.62676,19900000,1
1289949660000,1289949719000,1.62685,1.62693,1.62662,1.62675,21800000,1
1289949720000,1289949779000,1.62675,1.6268,1.62662,1.62667,35400000,1
1289949780000,1289949839000,1.62673,1.62678,1.62652,1.62667,65400000,1
1289949840000,1289949899000,1.62667,1.62669,1.62653,1.62653,36100000,1
1289949900000,1289949959000,1.62653,1.62653,1.62629,1.62647,30100000,1
1289949960000,1289950019000,1.62647,1.62668,1.62639,1.62659,48800000,1
1289950020000,1289950079000,1.62659,1.62668,1.62657,1.62668,37600000,1
1289950080000,1289950139000,1.62666,1.6269,1.6266,1.62674,39100000,1
1289950140000,1289950199000,1.62682,1.62682,1.62662,1.62671,20200000,1
1289950200000,1289950259000,1.62671,1.62693,1.62671,1.62693,10400000,1
1289950260000,1289950319000,1.62693,1.62702,1.62678,1.62678,31900000,1
1289950320000,1289950379000,1.62686,1.62686,1.62652,1.62676,65300000,1
1289950380000,1289950439000,1.62677,1.62709,1.62677,1.62683,51200000,1
1289950440000,1289950499000,1.62683,1.62698,1.62676,1.62686,24800000,1
1289950500000,1289950559000,1.62686,1.62717,1.62679,1.62717,24100000,1
1289950560000,1289950619000,1.62717,1.62717,1.62669,1.62676,78400000,1
1289950620000,1289950679000,1.62671,1.62732,1.6267,1.62693,64500000,1
1289950680000,1289950739000,1.62693,1.62694,1.62658,1.62665,83600000,1
1289950740000,1289950799000,1.62656,1.62667,1.62637,1.62653,47000000,1
1289950800000,1289950859000,1.62653,1.62681,1.62626,1.62667,82600000,1
1289950860000,1289950919000,1.62651,1.62659,1.62621,1.62646,101000000,1
1289950920000,1289950979000,1.62638,1.62694,1.62614,1.62666,132600000,1
1289950980000,1289951039000,1.62682,1.62716,1.62631,1.62704,98600000,1
1289951040000,1289951099000,1.62704,1.62747,1.62683,1.62747,49500000,1
1289951100000,1289951159000,1.62733,1.62752,1.62692,1.62708,83300000,1
1289951160000,1289951219000,1.62702,1.62735,1.62701,1.62725,58000000,1
1289951220000,1289951279000,1.62725,1.62752,1.62724,1.62728,28400000,1
1289951280000,1289951339000,1.62728,1.62768,1.627,1.62768,106400000,1
1289951340000,1289951399000,1.62768,1.62781,1.62747,1.62748,80300000,1
1289951400000,1289951459000,1.62763,1.62817,1.62755,1.62815,65300000,1
1289951460000,1289951519000,1.62803,1.62829,1.62792,1.62794,75300000,1
1289951520000,1289951579000,1.62795,1.62821,1.62756,1.62768,88800000,1
1289951580000,1289951639000,1.62768,1.62791,1.62744,1.62744,44100000,1
1289951640000,1289951699000,1.62741,1.62763,1.62722,1.62722,41700000,1
1289951700000,1289951759000,1.62727,1.62796,1.62727,1.62776,79300000,1
1289951760000,1289951819000,1.62776,1.62789,1.62776,1.62776,28000000,1
1289951820000,1289951879000,1.62779,1.6278,1.62715,1.62735,41800000,1
1289951880000,1289951939000,1.62735,1.62769,1.62729,1.62741,58500000,1
1289951940000,1289951999000,1.62745,1.62745,1.62674,1.62692,69700000,1
1289952000000,1289952059000,1.62698,1.62796,1.62689,1.62716,143400000,1
1289952060000,1289952119000,1.62716,1.62731,1.6267,1.62708,157400000,1
1289952120000,1289952179000,1.62718,1.6275,1.62678,1.62719,95500000,1
1289952180000,1289952239000,1.62719,1.62738,1.62659,1.6268,145800000,1
1289952240000,1289952299000,1.62678,1.62692,1.62675,1.62678,114100000,1
1289952300000,1289952359000,1.62678,1.62698,1.62648,1.62665,134500000,1
1289952360000,1289952419000,1.62683,1.62702,1.62641,1.62661,115200000,1
1289952420000,1289952479000,1.62662,1.62672,1.62612,1.62625,133500000,1
1289952480000,1289952539000,1.62625,1.62658,1.62599,1.62648,99400000,1
1289952540000,1289952599000,1.62659,1.62666,1.62629,1.62629,90300000,1
1289952600000,1289952659000,1.62629,1.62668,1.62614,1.62657,126000000,1
1289952660000,1289952719000,1.62679,1.62685,1.62647,1.62675,156500000,1
1289952720000,1289952779000,1.62665,1.62695,1.62647,1.62669,116900000,1
1289952780000,1289952839000,1.62669,1.627,1.62648,1.62666,105300000,1
1289952840000,1289952899000,1.62677,1.62686,1.62623,1.62633,89800000,1
1289952900000,1289952959000,1.6263,1.62643,1.62613,1.6262,71700000,1
1289952960000,1289953019000,1.62598,1.62612,1.6256,1.62587,127600000,1
1289953020000,1289953079000,1.62594,1.62615,1.62573,1.62577,89400000,1
1289953080000,1289953139000,1.62573,1.62616,1.62568,1.62596,112100000,1
1289953140000,1289953199000,1.62596,1.62603,1.62576,1.62586,106700000,1
1289953200000,1289953259000,1.62594,1.62616,1.62577,1.62602,80600000,1
1289953260000,1289953319000,1.62602,1.62617,1.62596,1.62613,47900000,1
1289953320000,1289953379000,1.62613,1.62636,1.62595,1.6262,37300000,1
1289953380000,1289953439000,1.6262,1.62644,1.626,1.62618,91400000,1
1289953440000,1289953499000,1.62612,1.6262,1.62605,1.6262,27400000,1
1289953500000,1289953559000,1.62608,1.62632,1.62608,1.62626,73900000,1
1289953560000,1289953619000,1.62622,1.62665,1.62603,1.62645,71700000,1
1289953620000,1289953679000,1.62639,1.62653,1.62627,1.62653,71400000,1
1289953680000,1289953739000,1.62648,1.62664,1.62636,1.62643,77300000,1
1289953740000,1289953799000,1.62643,1.62689,1.62643,1.62689,25100000,1
1289953800000,1289953859000,1.62689,1.62703,1.62663,1.62663,33900000,1
1289953860000,1289953919000,1.62663,1.62663,1.62627,1.62657,67900000,1
1289953920000,1289953979000,1.62645,1.62695,1.62645,1.62676,107400000,1
1289953980000,1289954039000,1.62676,1.62691,1.62636,1.62636,94600000,1
1289954040000,1289954099000,1.62636,1.6265,1.62621,1.6265,70800000,1
1289954100000,1289954159000,1.6265,1.62678,1.6265,1.62653,40300000,1
1289954160000,1289954219000,1.62653,1.62665,1.62608,1.62608,31500000,1
1289954220000,1289954279000,1.62603,1.62643,1.62603,1.62637,56200000,1
1289954280000,1289954339000,1.62627,1.62651,1.62617,1.62642,85800000,1
1289954340000,1289954399000,1.62642,1.62648,1.62628,1.62645,83400000,1
1289954400000,1289954459000,1.62638,1.62665,1.62638,1.62656,43600000,1
1289954460000,1289954519000,1.62649,1.62666,1.62616,1.62638,120900000,1
1289954520000,1289954579000,1.62638,1.62638,1.62572,1.62588,78400000,1
1289954580000,1289954639000,1.62598,1.62605,1.62582,1.62586,104900000,1
1289954640000,1289954699000,1.62593,1.62607,1.6257,1.62574,64700000,1
1289954700000,1289954759000,1.62574,1.62591,1.62574,1.62577,32200000,1
1289954760000,1289954819000,1.62572,1.62572,1.62545,1.62558,45900000,1
1289954820000,1289954879000,1.62557,1.62585,1.62548,1.62565,127900000,1
1289954880000,1289954939000,1.62565,1.62608,1.62565,1.62598,80300000,1
1289954940000,1289954999000,1.62598,1.62614,1.62585,1.62585,60600000,1
1289955000000,1289955059000,1.62588,1.6259,1.62547,1.62549,123200000,1
1289955060000,1289955119000,1.62553,1.62595,1.62546,1.62563,63600000,1
1289955120000,1289955179000,1.62563,1.62586,1.62533,1.62534,80100000,1
1289955180000,1289955239000,1.62553,1.6256,1.62527,1.62527,54200000,1
1289955240000,1289955299000,1.6254,1.6257,1.6254,1.62546,77100000,1
1289955300000,1289955359000,1.62545,1.62571,1.62545,1.62555,53600000,1
1289955360000,1289955419000,1.62557,1.62572,1.62554,1.62567,24400000,1
1289955420000,1289955479000,1.62567,1.62567,1.62529,1.62529,64200000,1
1289955480000,1289955539000,1.62524,1.62531,1.62472,1.62514,108400000,1
1289955540000,1289955599000,1.62514,1.62527,1.62479,1.62506,73000000,1
1289955600000,1289955659000,1.62506,1.62537,1.62473,1.62514,97400000,1
1289955660000,1289955719000,1.62514,1.62574,1.62514,1.62547,59300000,1
1289955720000,1289955779000,1.62547,1.62593,1.62547,1.62593,37400000,1
1289955780000,1289955839000,1.62589,1.62616,1.62576,1.62616,37400000,1
1289955840000,1289955899000,1.62615,1.62629,1.62598,1.62614,116800000,1
1289955900000,1289955959000,1.62636,1.62647,1.62612,1.62625,99000000,1
1289955960000,1289956019000,1.62625,1.6266,1.62623,1.62643,109500000,1
1289956020000,1289956079000,1.62643,1.6267,1.62643,1.62669,41500000,1
1289956080000,1289956139000,1.62669,1.62712,1.62648,1.62696,70600000,1
1289956140000,1289956199000,1.62695,1.62721,1.62687,1.62704,94200000,1
1289956200000,1289956259000,1.62711,1.62745,1.62703,1.62737,98900000,1
1289956260000,1289956319000,1.62737,1.62792,1.62737,1.62775,53500000,1
1289956320000,1289956379000,1.62775,1.62825,1.62756,1.6281,64400000,1
1289956380000,1289956439000,1.62809,1.6285,1.62797,1.62843,126300000,1
1289956440000,1289956499000,1.62847,1.62908,1.62838,1.62908,49800000,1
1289956500000,1289956559000,1.62906,1.62918,1.62848,1.62878,74100000,1
1289956560000,1289956619000,1.62869,1.62872,1.62844,1.62844,78000000,1
1289956620000,1289956679000,1.62836,1.62869,1.62836,1.62846,104500000,1
1289956680000,1289956739000,1.62829,1.62846,1.62797,1.62809,216300000,1
1289956740000,1289956799000,1.62802,1.62826,1.62759,1.62787,162600000,1
1289956800000,1289956859000,1.62798,1.62798,1.62748,1.62779,94700000,1
1289956860000,1289956919000,1.62779,1.62779,1.62753,1.62753,76300000,1
1289956920000,1289956979000,1.62748,1.62748,1.62728,1.62728,55100000,1
1289956980000,1289957039000,1.62725,1.62739,1.62721,1.6273,71400000,1
1289957040000,1289957099000,1.62738,1.62766,1.62725,1.62761,122600000,1
1289957100000,1289957159000,1.62759,1.62766,1.62743,1.62747,90700000,1
1289957160000,1289957219000,1.62747,1.62794,1.62747,1.62761,110800000,1
1289957220000,1289957279000,1.62761,1.6279,1.62752,1.62755,110600000,1
1289957280000,1289957339000,1.62761,1.62761,1.62729,1.62757,78000000,1
1289957340000,1289957399000,1.62753,1.6276,1.62738,1.62743,37200000,1
1289957400000,1289957459000,1.62747,1.62783,1.62737,1.62783,53800000,1
1289957460000,1289957519000,1.62774,1.62797,1.62747,1.62763,99600000,1
1289957520000,1289957579000,1.62773,1.62785,1.62759,1.62784,103600000,1
1289957580000,1289957639000,1.62784,1.62794,1.62766,1.62777,66600000,1
1289957640000,1289957699000,1.62777,1.62777,1.62754,1.62754,29500000,1
1289957700000,1289957759000,1.62757,1.62769,1.62757,1.62769,16200000,1
1289957760000,1289957819000,1.62769,1.62824,1.62764,1.62824,65300000,1
1289957820000,1289957879000,1.62819,1.62841,1.62801,1.62813,104300000,1
1289957880000,1289957939000,1.62817,1.6284,1.62812,1.62828,60600000,1
1289957940000,1289957999000,1.62829,1.62853,1.62803,1.62813,128600000,1
1289958000000,1289958059000,1.62804,1.62813,1.62794,1.62798,58500000,1
1289958060000,1289958119000,1.62798,1.62839,1.62793,1.62819,55200000,1
1289958120000,1289958179000,1.62825,1.62825,1.62778,1.62785,64800000,1
1289958180000,1289958239000,1.6278,1.6278,1.62753,1.62757,21000000,1
1289958240000,1289958299000,1.62765,1.62778,1.62752,1.62778,43100000,1
1289958300000,1289958359000,1.62772,1.6278,1.62753,1.62779,56900000,1
1289958360000,1289958419000,1.62773,1.62773,1.62742,1.6277,45700000,1
1289958420000,1289958479000,1.62773,1.62782,1.62733,1.62733,36500000,1
1289958480000,1289958539000,1.62733,1.62733,1.62669,1.62687,127600000,1
1289958540000,1289958599000,1.62679,1.62706,1.62641,1.62656,123300000,1
1289958600000,1289958659000,1.62638,1.6274,1.62634,1.62727,145200000,1
1289958660000,1289958719000,1.62728,1.62741,1.62686,1.62704,73100000,1
1289958720000,1289958779000,1.62704,1.62742,1.6267,1.62742,84500000,1
1289958780000,1289958839000,1.62738,1.62744,1.62694,1.6274,83000000,1
1289958840000,1289958899000,1.6274,1.6274,1.62708,1.62708,45800000,1
1289958900000,1289958959000,1.62704,1.62707,1.62664,1.62673,155400000,1
1289958960000,1289959019000,1.62671,1.62699,1.62643,1.62653,80000000,1
1289959020000,1289959079000,1.62655,1.62659,1.62631,1.62631,61400000,1
1289959080000,1289959139000,1.62631,1.6264,1.62628,1.62631,29500000,1
1289959140000,1289959199000,1.62627,1.62664,1.62621,1.62641,124200000,1
1289959200000,1289959259000,1.62633,1.62666,1.62599,1.6266,114700000,1
1289959260000,1289959319000,1.6266,1.6266,1.6259,1.62607,89100000,1
1289959320000,1289959379000,1.62611,1.62627,1.62593,1.62599,59500000,1
1289959380000,1289959439000,1.62602,1.62645,1.62602,1.62629,73500000,1
1289959440000,1289959499000,1.62629,1.62638,1.62613,1.62637,54100000,1
1289959500000,1289959559000,1.62624,1.62625,1.62589,1.62589,137700000,1
1289959560000,1289959619000,1.62594,1.62606,1.62579,1.62595,83700000,1
1289959620000,1289959679000,1.62585,1.62595,1.62532,1.62532,111600000,1
1289959680000,1289959739000,1.62534,1.62553,1.62511,1.62553,125200000,1
1289959740000,1289959799000,1.62553,1.62553,1.62523,1.62541,95500000,1
1289959800000,1289959859000,1.62541,1.62547,1.62512,1.62529,110700000,1
1289959860000,1289959919000,1.62524,1.62528,1.62483,1.62507,93700000,1
1289959920000,1289959979000,1.62505,1.6255,1.62505,1.62542,61000000,1
1289959980000,1289960039000,1.62533,1.62567,1.62528,1.62536,82400000,1
1289960040000,1289960099000,1.62527,1.62527,1.62503,1.62507,39400000,1
1289960100000,1289960159000,1.62507,1.62522,1.6246,1.62481,89600000,1
1289960160000,1289960219000,1.62481,1.62496,1.62455,1.62487,100600000,1
1289960220000,1289960279000,1.62495,1.62502,1.62477,1.62502,45400000,1
1289960280000,1289960339000,1.62497,1.62529,1.6248,1.62529,111400000,1
1289960340000,1289960399000,1.62541,1.6261,1.6252,1.62585,138700000,1
1289960400000,1289960459000,1.62585,1.62605,1.6258,1.62605,56000000,1
1289960460000,1289960519000,1.62606,1.62609,1.62561,1.62568,78500000,1
1289960520000,1289960579000,1.62567,1.62636,1.62567,1.62626,108200000,1
1289960580000,1289960639000,1.62631,1.62644,1.62597,1.62597,105100000,1
1289960640000,1289960699000,1.62597,1.6262,1.6256,1.6256,85700000,1
1289960700000,1289960759000,1.6256,1.6256,1.62535,1.62546,78700000,1
1289960760000,1289960819000,1.62538,1.62549,1.62524,1.62525,61000000,1
1289960820000,1289960879000,1.62522,1.62539,1.62522,1.6253,71200000,1
1289960880000,1289960939000,1.62526,1.62528,1.62507,1.62507,48400000,1
1289960940000,1289960999000,1.62507,1.62536,1.62481,1.62498,102900000,1
1289961000000,1289961059000,1.62498,1.62548,1.62485,1.6253,91800000,1
1289961060000,1289961119000,1.62531,1.62569,1.62523,1.6255,78600000,1
1289961120000,1289961179000,1.6255,1.62587,1.62499,1.62514,124600000,1
1289961180000,1289961239000,1.62499,1.62547,1.62475,1.62505,95400000,1
1289961240000,1289961299000,1.62505,1.62526,1.62459,1.62479,105700000,1
1289961300000,1289961359000,1.62484,1.62503,1.62455,1.62482,102800000,1
1289961360000,1289961419000,1.62487,1.62542,1.62457,1.62504,113500000,1
1289961420000,1289961479000,1.62529,1.62541,1.62495,1.62505,56900000,1
1289961480000,1289961539000,1.62513,1.62541,1.62509,1.6254,22900000,1
1289961540000,1289961599000,1.62539,1.62543,1.62496,1.62496,82800000,1
1289961600000,1289961659000,1.62507,1.62516,1.62492,1.62505,54500000,1
1289961660000,1289961719000,1.62495,1.62516,1.62484,1.62484,69300000,1
1289961720000,1289961779000,1.62475,1.62499,1.62475,1.62499,28300000,1
1289961780000,1289961839000,1.62493,1.62503,1.62448,1.62469,39700000,1
1289961840000,1289961899000,1.62469,1.62472,1.62376,1.62387,99000000,1
1289961900000,1289961959000,1.62405,1.62413,1.62383,1.62389,58400000,1
1289961960000,1289962019000,1.62399,1.62442,1.62398,1.62425,102300000,1
1289962020000,1289962079000,1.62422,1.62444,1.62392,1.62411,53300000,1
1289962080000,1289962139000,1.62403,1.62419,1.62393,1.62419,20000000,1
1289962140000,1289962199000,1.62419,1.62428,1.62407,1.62428,38900000,1
1289962200000,1289962259000,1.62428,1.62431,1.62409,1.62411,47300000,1
1289962260000,1289962319000,1.62411,1.62421,1.62411,1.62421,23000000,1
1289962320000,1289962379000,1.62421,1.62437,1.62411,1.62411,59700000,1
1289962380000,1289962439000,1.62408,1.62437,1.62408,1.62434,57100000,1
1289962440000,1289962499000,1.62435,1.62441,1.62425,1.62432,31100000,1
1289962500000,1289962559000,1.62431,1.62452,1.62423,1.62437,63400000,1
1289962560000,1289962619000,1.62437,1.62437,1.62422,1.62422,28900000,1
1289962620000,1289962679000,1.62422,1.6244,1.62422,1.6244,13100000,1
1289962680000,1289962739000,1.6244,1.62466,1.6244,1.62455,32400000,1
1289962740000,1289962799000,1.6245,1.62478,1.62421,1.62433,77500000,1
1289962800000,1289962859000,1.62425,1.62481,1.62425,1.6248,90200000,1
1289962860000,1289962919000,1.6248,1.62505,1.6248,1.62488,36400000,1
1289962920000,1289962979000,1.62488,1.62488,1.62399,1.62405,51600000,1
1289962980000,1289963039000,1.62412,1.62412,1.62388,1.62388,25100000,1
1289963040000,1289963099000,1.62388,1.62423,1.62376,1.62378,41200000,1
1289963100000,1289963159000,1.62378,1.62401,1.62338,1.62367,59800000,1
1289963160000,1289963219000,1.62367,1.62368,1.62323,1.62325,72800000,1
1289963220000,1289963279000,1.62325,1.62343,1.62309,1.62325,76000000,1
1289963280000,1289963339000,1.62326,1.62348,1.62326,1.62348,32600000,1
1289963340000,1289963399000,1.62349,1.62367,1.62349,1.6235,23800000,1
1289963400000,1289963459000,1.6235,1.62371,1.62339,1.62353,55900000,1
1289963460000,1289963519000,1.62346,1.62385,1.62346,1.62374,57100000,1
1289963520000,1289963579000,1.62373,1.62377,1.62321,1.62342,71000000,1
1289963580000,1289963639000,1.62356,1.62393,1.62334,1.62365,78200000,1
1289963640000,1289963699000,1.62365,1.62377,1.62322,1.62358,85300000,1
1289963700000,1289963759000,1.62366,1.62374,1.62314,1.62336,107300000,1
1289963760000,1289963819000,1.62336,1.62351,1.62329,1.62334,63500000,1
1289963820000,1289963879000,1.62329,1.62379,1.62329,1.62346,55900000,1
1289963880000,1289963939000,1.62335,1.62367,1.62326,1.62342,51100000,1
1289963940000,1289963999000,1.62342,1.62346,1.6233,1.6233,36600000,1
1289964000000,1289964059000,1.6233,1.62356,1.62307,1.62326,78200000,1
1289964060000,1289964119000,1.62326,1.62331,1.62297,1.62305,54500000,1
1289964120000,1289964179000,1.62311,1.62344,1.62307,1.62335,49700000,1
1289964180000,1289964239000,1.62322,1.62347,1.62315,1.62339,66900000,1
1289964240000,1289964299000,1.62342,1.6236,1.62342,1.6236,16200000,1
1289964300000,1289964359000,1.6236,1.62368,1.62338,1.62339,19400000,1
1289964360000,1289964419000,1.62338,1.6236,1.62336,1.62359,25700000,1
1289964420000,1289964479000,1.62358,1.6239,1.62344,1.62389,63100000,1
1289964480000,1289964539000,1.62389,1.6239,1.62375,1.6239,33600000,1
1289964540000,1289964599000,1.6239,1.62414,1.62389,1.624,37200000,1
1289964600000,1289964659000,1.62401,1.62431,1.62383,1.62425,55500000,1
1289964660000,1289964719000,1.62425,1.62434,1.62402,1.62432,47700000,1
1289964720000,1289964779000,1.62436,1.62436,1.62418,1.62424,18400000,1
1289964780000,1289964839000,1.62424,1.62445,1.62417,1.62429,34600000,1
1289964840000,1289964899000,1.62429,1.62432,1.62408,1.62423,37800000,1
1289964900000,1289964959000,1.62423,1.62436,1.62412,1.6243,44000000,1
1289964960000,1289965019000,1.6243,1.62447,1.62423,1.62432,39300000,1
1289965020000,1289965079000,1.62429,1.62452,1.62429,1.62447,25700000,1
1289965080000,1289965139000,1.62447,1.62473,1.62438,1.62464,34200000,1
1289965140000,1289965199000,1.62464,1.62503,1.62438,1.62475,32100000,1
1289965200000,1289965259000,1.6248,1.62579,1.6248,1.62562,89500000,1
1289965260000,1289965319000,1.62562,1.62577,1.62551,1.62572,31700000,1
1289965320000,1289965379000,1.62569,1.62582,1.62522,1.62547,69800000,1
1289965380000,1289965439000,1.62543,1.6256,1.62524,1.62538,58700000,1
1289965440000,1289965499000,1.62546,1.62546,1.62524,1.62528,27400000,1
1289965500000,1289965559000,1.62541,1.62541,1.62527,1.62527,7800000,1
1289965560000,1289965619000,1.62527,1.62529,1.62527,1.62529,12400000,1
1289965620000,1289965679000,1.62529,1.62532,1.62506,1.62531,34700000,1
1289965680000,1289965739000,1.62526,1.62553,1.62526,1.62536,37400000,1
1289965740000,1289965799000,1.62536,1.62546,1.62525,1.62525,41200000,1
1289965800000,1289965859000,1.62539,1.62584,1.62528,1.62555,64000000,1
1289965860000,1289965919000,1.62555,1.62605,1.62555,1.62585,32700000,1
1289965920000,1289965979000,1.62585,1.62611,1.62572,1.6258,54500000,1
1289965980000,1289966039000,1.62594,1.62624,1.62592,1.62616,56800000,1
1289966040000,1289966099000,1.62623,1.62652,1.62623,1.62645,50800000,1
1289966100000,1289966159000,1.62639,1.62662,1.62639,1.62655,38200000,1
1289966160000,1289966219000,1.62647,1.62665,1.62623,1.62636,41200000,1
1289966220000,1289966279000,1.62636,1.62648,1.62628,1.62628,35100000,1
1289966280000,1289966339000,1.62638,1.62696,1.62622,1.62685,80400000,1
1289966340000,1289966399000,1.62697,1.62713,1.62697,1.62703,34000000,1
1289966400000,1289966459000,1.62704,1.62704,1.62659,1.62659,50800000,1
1289966460000,1289966519000,1.6268,1.6269,1.62662,1.6268,77500000,1
1289966520000,1289966579000,1.6268,1.6269,1.62647,1.62661,54000000,1
1289966580000,1289966639000,1.62671,1.62693,1.62606,1.62614,97700000,1
1289966640000,1289966699000,1.62603,1.62628,1.62578,1.62599,45100000,1
1289966700000,1289966759000,1.62595,1.62611,1.62568,1.62592,45000000,1
1289966760000,1289966819000,1.62589,1.62591,1.62574,1.62579,43000000,1
1289966820000,1289966879000,1.62571,1.6258,1.62537,1.62558,96800000,1
1289966880000,1289966939000,1.62558,1.62578,1.62528,1.62532,65100000,1
1289966940000,1289966999000,1.62545,1.62552,1.62529,1.62541,44400000,1
1289967000000,1289967059000,1.62544,1.62566,1.62524,1.62541,57000000,1
1289967060000,1289967119000,1.62541,1.62551,1.62533,1.62542,21800000,1
1289967120000,1289967179000,1.62542,1.62569,1.62532,1.6256,42000000,1
1289967180000,1289967239000,1.6256,1.62586,1.6256,1.62562,32300000,1
1289967240000,1289967299000,1.62562,1.62586,1.62501,1.62562,87700000,1
1289967300000,1289967359000,1.62559,1.62581,1.62541,1.62556,29300000,1
1289967360000,1289967419000,1.62559,1.62564,1.6254,1.62564,50400000,1
1289967420000,1289967479000,1.62564,1.62564,1.62556,1.62556,6100000,1
1289967480000,1289967539000,1.62556,1.62556,1.62526,1.62543,31600000,1
1289967540000,1289967599000,1.62543,1.62551,1.62543,1.62551,12200000,1
1289967600000,1289967659000,1.62554,1.62591,1.62554,1.62591,30600000,1
1289967660000,1289967719000,1.62591,1.62607,1.62581,1.62591,34900000,1
1289967720000,1289967779000,1.62596,1.62604,1.62575,1.62604,39700000,1
1289967780000,1289967839000,1.6261,1.62619,1.62568,1.626,54400000,1
1289967840000,1289967899000,1.626,1.62674,1.626,1.6264,36300000,1
1289967900000,1289967959000,1.6264,1.62659,1.6264,1.62659,16400000,1
1289967960000,1289968019000,1.62653,1.62653,1.62628,1.62633,33400000,1
1289968020000,1289968079000,1.62631,1.62644,1.62631,1.62644,28800000,1
1289968080000,1289968139000,1.62643,1.62669,1.62628,1.62645,74600000,1
1289968140000,1289968199000,1.62645,1.62686,1.62645,1.62672,76300000,1
1289968200000,1289968259000,1.62672,1.62687,1.62661,1.62673,64000000,1
1289968260000,1289968319000,1.62673,1.62673,1.62625,1.62635,33500000,1
1289968320000,1289968379000,1.62635,1.62638,1.62614,1.62638,64100000,1
1289968380000,1289968439000,1.62638,1.62638,1.62599,1.62599,44100000,1
1289968440000,1289968499000,1.626,1.6263,1.62579,1.62616,61300000,1
1289968500000,1289968559000,1.62634,1.62634,1.62605,1.62615,31800000,1
1289968560000,1289968619000,1.62608,1.62627,1.626,1.62604,43600000,1
1289968620000,1289968679000,1.62611,1.62611,1.62592,1.62606,38400000,1
1289968680000,1289968739000,1.62613,1.62613,1.62577,1.62577,48200000,1
1289968740000,1289968799000,1.62567,1.62581,1.62513,1.62513,67100000,1
1289968800000,1289968859000,1.62514,1.62534,1.62507,1.62518,59100000,1
1289968860000,1289968919000,1.62518,1.62518,1.62474,1.62504,48100000,1
1289968920000,1289968979000,1.62504,1.62596,1.62496,1.62581,104100000,1
1289968980000,1289969039000,1.62589,1.62611,1.62577,1.62584,56100000,1
1289969040000,1289969099000,1.62586,1.62597,1.62567,1.62597,43300000,1
1289969100000,1289969159000,1.62589,1.62614,1.6258,1.62614,22900000,1
1289969160000,1289969219000,1.6262,1.6262,1.62597,1.62614,27800000,1
1289969220000,1289969279000,1.62609,1.62609,1.62599,1.62599,8900000,1
1289969280000,1289969339000,1.62599,1.62635,1.62585,1.62635,48800000,1
1289969340000,1289969399000,1.62635,1.62657,1.62615,1.62643,58700000,1
1289969400000,1289969459000,1.62637,1.6269,1.62626,1.62666,77800000,1
1289969460000,1289969519000,1.62666,1.62682,1.62656,1.62656,61100000,1
1289969520000,1289969579000,1.62674,1.62729,1.62654,1.62654,81700000,1
1289969580000,1289969639000,1.62657,1.62722,1.62639,1.62722,93300000,1
1289969640000,1289969699000,1.62722,1.62722,1.627,1.62713,46300000,1
1289969700000,1289969759000,1.62713,1.62753,1.62703,1.62732,71600000,1
1289969760000,1289969819000,1.62732,1.62733,1.62708,1.6271,38000000,1
1289969820000,1289969879000,1.6271,1.62719,1.62694,1.62701,75400000,1
1289969880000,1289969939000,1.62707,1.62707,1.62675,1.62694,49100000,1
1289969940000,1289969999000,1.62691,1.62708,1.62683,1.6269,46000000,1
1289970000000,1289970059000,1.62692,1.62705,1.62649,1.62649,105500000,1
1289970060000,1289970119000,1.62653,1.62663,1.62624,1.62637,146500000,1
1289970120000,1289970179000,1.62637,1.62638,1.62579,1.62614,60100000,1
1289970180000,1289970239000,1.62622,1.62651,1.62609,1.62651,90100000,1
1289970240000,1289970299000,1.62651,1.62662,1.62609,1.62662,106200000,1
1289970300000,1289970359000,1.62662,1.6269,1.62648,1.62678,78400000,1
1289970360000,1289970419000,1.62687,1.62693,1.6266,1.62677,114200000,1
1289970420000,1289970479000,1.62677,1.62693,1.62667,1.62692,90000000,1
1289970480000,1289970539000,1.62684,1.62725,1.62658,1.62659,124200000,1
1289970540000,1289970599000,1.62659,1.627,1.62648,1.62676,129100000,1
1289970600000,1289970659000,1.62682,1.62717,1.62671,1.62715,109200000,1
1289970660000,1289970719000,1.62712,1.62723,1.62694,1.62711,128000000,1
1289970720000,1289970779000,1.62711,1.62711,1.62679,1.6269,51900000,1
1289970780000,1289970839000,1.6269,1.62709,1.62659,1.6267,82600000,1
1289970840000,1289970899000,1.6267,1.6267,1.62645,1.62663,49600000,1
1289970900000,1289970959000,1.62663,1.62683,1.62651,1.62683,38600000,1
1289970960000,1289971019000,1.62674,1.62695,1.62659,1.62678,84600000,1
1289971020000,1289971079000,1.62674,1.6271,1.62667,1.6271,64000000,1
1289971080000,1289971139000,1.6271,1.6271,1.62671,1.62701,77800000,1
1289971140000,1289971199000,1.627,1.627,1.62656,1.62656,57300000,1
1289971200000,1289971259000,1.62635,1.62672,1.62635,1.62644,47200000,1
1289971260000,1289971319000,1.62644,1.62687,1.62627,1.62669,64600000,1
1289971320000,1289971379000,1.62669,1.62684,1.62656,1.62684,55000000,1
1289971380000,1289971439000,1.62675,1.62692,1.62666,1.62679,37700000,1
1289971440000,1289971499000,1.62683,1.62708,1.62668,1.6269,72500000,1
1289971500000,1289971559000,1.6269,1.627,1.62677,1.62677,64900000,1
1289971560000,1289971619000,1.62677,1.62678,1.62626,1.62656,104600000,1
1289971620000,1289971679000,1.62656,1.62678,1.62656,1.62664,48000000,1
1289971680000,1289971739000,1.6266,1.62695,1.62625,1.62695,121200000,1
1289971740000,1289971799000,1.6269,1.62692,1.62637,1.62655,105000000,1
1289971800000,1289971859000,1.62657,1.62709,1.62633,1.62669,92100000,1
1289971860000,1289971919000,1.62649,1.62684,1.62645,1.62659,70300000,1
1289971920000,1289971979000,1.62668,1.62701,1.62668,1.62693,77200000,1
1289971980000,1289972039000,1.62693,1.62701,1.62667,1.62667,74400000,1
1289972040000,1289972099000,1.62675,1.62699,1.62675,1.62695,43100000,1
1289972100000,1289972159000,1.62698,1.62792,1.62698,1.62792,60300000,1
1289972160000,1289972219000,1.62792,1.62792,1.62769,1.62785,66300000,1
1289972220000,1289972279000,1.62777,1.62798,1.62775,1.62788,40100000,1
1289972280000,1289972339000,1.62788,1.62791,1.62758,1.62771,65600000,1
1289972340000,1289972399000,1.62771,1.62799,1.62757,1.62799,54200000,1
1289972400000,1289972459000,1.62799,1.62834,1.6274,1.62763,122300000,1
1289972460000,1289972519000,1.62759,1.62774,1.62749,1.62773,94700000,1
1289972520000,1289972579000,1.62779,1.62787,1.62752,1.62758,140100000,1
1289972580000,1289972639000,1.62766,1.62783,1.62748,1.62783,87900000,1
1289972640000,1289972699000,1.62783,1.62783,1.62745,1.62745,86000000,1
1289972700000,1289972759000,1.62755,1.62771,1.62747,1.62747,72300000,1
1289972760000,1289972819000,1.62747,1.62761,1.6274,1.62745,69300000,1
1289972820000,1289972879000,1.62745,1.62773,1.62721,1.62764,127000000,1
1289972880000,1289972939000,1.62764,1.62775,1.6275,1.62765,108300000,1
1289972940000,1289972999000,1.62765,1.62765,1.62722,1.62731,103500000,1
1289973000000,1289973059000,1.62731,1.62743,1.62712,1.62737,69800000,1
1289973060000,1289973119000,1.62738,1.62739,1.62644,1.62651,175400000,1
1289973120000,1289973179000,1.62651,1.62696,1.62629,1.62662,192400000,1
1289973180000,1289973239000,1.6268,1.62714,1.62677,1.62693,94800000,1
1289973240000,1289973299000,1.62684,1.62712,1.62683,1.62702,53300000,1
1289973300000,1289973359000,1.62699,1.62706,1.6267,1.62693,124100000,1
1289973360000,1289973419000,1.62693,1.62713,1.62693,1.62701,56100000,1
1289973420000,1289973479000,1.62701,1.62709,1.62654,1.62693,132700000,1
1289973480000,1289973539000,1.62693,1.627,1.62679,1.62686,33000000,1
1289973540000,1289973599000,1.62683,1.62686,1.62634,1.62634,57000000,1
1289973600000,1289973659000,1.62649,1.62656,1.62631,1.62632,72600000,1
1289973660000,1289973719000,1.6264,1.62647,1.6261,1.62641,68500000,1
1289973720000,1289973779000,1.6263,1.62695,1.6263,1.62662,79400000,1
1289973780000,1289973839000,1.62675,1.62725,1.62656,1.62705,124900000,1
1289973840000,1289973899000,1.62708,1.62734,1.62699,1.62708,65500000,1
1289973900000,1289973959000,1.62699,1.62732,1.6269,1.62704,79400000,1
1289973960000,1289974019000,1.62708,1.62714,1.62668,1.62714,36000000,1
1289974020000,1289974079000,1.62714,1.62738,1.62699,1.62738,45400000,1
1289974080000,1289974139000,1.62733,1.62748,1.62715,1.62734,64700000,1
1289974140000,1289974199000,1.62731,1.62804,1.62731,1.62758,76800000,1
1289974200000,1289974259000,1.62758,1.62812,1.62748,1.62812,64100000,1
1289974260000,1289974319000,1.62812,1.62852,1.62799,1.6282,105600000,1
1289974320000,1289974379000,1.6282,1.6286,1.62818,1.62829,69400000,1
1289974380000,1289974439000,1.62823,1.62851,1.62804,1.62839,75000000,1
1289974440000,1289974499000,1.62831,1.62871,1.62831,1.62845,55200000,1
1289974500000,1289974559000,1.62835,1.62848,1.62794,1.628,73800000,1
1289974560000,1289974619000,1.62805,1.62825,1.62801,1.62809,32100000,1
1289974620000,1289974679000,1.62809,1.62839,1.62801,1.62801,37600000,1
1289974680000,1289974739000,1.62804,1.62873,1.62804,1.62853,30700000,1
1289974740000,1289974799000,1.62863,1.62902,1.62863,1.62896,77600000,1
1289974800000,1289974859000,1.62904,1.62913,1.62867,1.62891,94000000,1
1289974860000,1289974919000,1.62891,1.62893,1.62873,1.62884,25900000,1
1289974920000,1289974979000,1.62884,1.62884,1.62862,1.62862,60800000,1
1289974980000,1289975039000,1.62862,1.62875,1.62849,1.62851,63600000,1
1289975040000,1289975099000,1.62851,1.62892,1.62842,1.62867,59400000,1
1289975100000,1289975159000,1.62867,1.62869,1.62849,1.62849,20500000,1
1289975160000,1289975219000,1.62849,1.62874,1.62836,1.62853,54500000,1
1289975220000,1289975279000,1.62842,1.62923,1.62839,1.62919,58400000,1
1289975280000,1289975339000,1.62927,1.62972,1.62926,1.62972,98700000,1
1289975340000,1289975399000,1.62964,1.62991,1.62964,1.62985,79900000,1
1289975400000,1289975459000,1.62973,1.62999,1.62944,1.62983,68000000,1
1289975460000,1289975519000,1.62983,1.62992,1.62967,1.6297,60500000,1
1289975520000,1289975579000,1.62967,1.62967,1.62924,1.62933,60700000,1
1289975580000,1289975639000,1.62933,1.62933,1.62917,1.62924,38300000,1
1289975640000,1289975699000,1.62927,1.62966,1.62913,1.62913,31800000,1
1289975700000,1289975759000,1.62912,1.62922,1.6288,1.62896,57800000,1
1289975760000,1289975819000,1.62907,1.62907,1.62878,1.62879,46500000,1
1289975820000,1289975879000,1.62879,1.62899,1.62879,1.6289,21700000,1
1289975880000,1289975939000,1.6289,1.6289,1.62829,1.62843,58400000,1
1289975940000,1289975999000,1.62829,1.62852,1.62829,1.62844,47800000,1
1289976000000,1289976059000,1.6284,1.62843,1.62839,1.62839,42700000,1
1289976060000,1289976119000,1.62839,1.62849,1.62833,1.62843,55200000,1
1289976120000,1289976179000,1.62843,1.62865,1.62829,1.62865,78200000,1
1289976180000,1289976239000,1.62865,1.62874,1.62857,1.62857,48500000,1
1289976240000,1289976299000,1.62857,1.62924,1.62856,1.62907,70900000,1
1289976300000,1289976359000,1.62907,1.62939,1.62882,1.62928,82200000,1
1289976360000,1289976419000,1.62937,1.62945,1.62919,1.62924,31400000,1
1289976420000,1289976479000,1.62916,1.62925,1.62906,1.62916,27600000,1
1289976480000,1289976539000,1.62921,1.62921,1.62893,1.62902,33700000,1
1289976540000,1289976599000,1.62902,1.62923,1.62897,1.62914,26300000,1
1289976600000,1289976659000,1.62923,1.62925,1.62884,1.62903,81400000,1
1289976660000,1289976719000,1.62908,1.6298,1.629,1.62977,77500000,1
1289976720000,1289976779000,1.62969,1.63071,1.62969,1.63058,95000000,1
1289976780000,1289976839000,1.63054,1.63059,1.63018,1.63018,70000000,1
1289976840000,1289976899000,1.6303,1.63071,1.63008,1.63021,56500000,1
1289976900000,1289976959000,1.63016,1.63036,1.6301,1.63027,94900000,1
1289976960000,1289977019000,1.63027,1.63027,1.62968,1.62972,88500000,1
1289977020000,1289977079000,1.62972,1.62972,1.62939,1.62945,133700000,1
1289977080000,1289977139000,1.62937,1.62963,1.62928,1.62945,154000000,1
1289977140000,1289977199000,1.62945,1.62965,1.62933,1.62957,189400000,1
1289977200000,1289977259000,1.62948,1.62963,1.629,1.62917,160400000,1
1289977260000,1289977319000,1.62914,1.62922,1.62886,1.62905,68700000,1
1289977320000,1289977379000,1.62918,1.62945,1.62846,1.62945,77900000,1
1289977380000,1289977439000,1.62945,1.63013,1.6293,1.63013,43800000,1
1289977440000,1289977499000,1.6299,1.62993,1.62953,1.62991,42200000,1
1289977500000,1289977559000,1.62973,1.62983,1.6291,1.62934,83900000,1
1289977560000,1289977619000,1.62942,1.62963,1.62923,1.62937,54400000,1
1289977620000,1289977679000,1.62937,1.62987,1.62922,1.62945,74300000,1
1289977680000,1289977739000,1.62946,1.62994,1.62931,1.62955,110100000,1
1289977740000,1289977799000,1.62968,1.62968,1.62894,1.62901,66600000,1
1289977800000,1289977859000,1.62901,1.62932,1.62881,1.62907,96700000,1
1289977860000,1289977919000,1.62895,1.62912,1.62855,1.62877,63100000,1
1289977920000,1289977979000,1.62877,1.62892,1.62834,1.62834,36500000,1
1289977980000,1289978039000,1.62834,1.62853,1.62804,1.62805,62100000,1
1289978040000,1289978099000,1.62805,1.62865,1.62805,1.62829,72100000,1
1289978100000,1289978159000,1.62827,1.62851,1.62813,1.62846,40000000,1
1289978160000,1289978219000,1.62855,1.62888,1.62843,1.62876,63900000,1
1289978220000,1289978279000,1.62876,1.62888,1.6285,1.62878,56900000,1
1289978280000,1289978339000,1.62878,1.62907,1.62862,1.62902,63000000,1
1289978340000,1289978399000,1.62902,1.62922,1.62816,1.62816,69700000,1
1289978400000,1289978459000,1.62816,1.62849,1.62816,1.62835,61600000,1
1289978460000,1289978519000,1.62834,1.62897,1.6283,1.62879,75100000,1
1289978520000,1289978579000,1.62895,1.62895,1.6285,1.62875,81800000,1
1289978580000,1289978639000,1.62875,1.62875,1.62806,1.62842,76900000,1
1289978640000,1289978699000,1.62842,1.62856,1.62839,1.62847,46500000,1
1289978700000,1289978759000,1.62847,1.62881,1.62805,1.6281,88400000,1
1289978760000,1289978819000,1.62806,1.62823,1.62774,1.62796,81700000,1
1289978820000,1289978879000,1.62792,1.62816,1.62772,1.62782,86900000,1
1289978880000,1289978939000,1.62789,1.62806,1.62782,1.62805,47200000,1
1289978940000,1289978999000,1.62797,1.62829,1.62781,1.62818,85300000,1
1289979000000,1289979059000,1.62809,1.62843,1.62806,1.62829,79500000,1
1289979060000,1289979119000,1.62832,1.62902,1.6282,1.62881,102600000,1
1289979120000,1289979179000,1.62882,1.62961,1.62881,1.62924,71700000,1
1289979180000,1289979239000,1.62921,1.62921,1.62877,1.62885,45400000,1
1289979240000,1289979299000,1.62878,1.6291,1.62871,1.62871,76900000,1
1289979300000,1289979359000,1.62877,1.62889,1.62829,1.62857,80900000,1
1289979360000,1289979419000,1.62857,1.62867,1.62812,1.62821,45600000,1
1289979420000,1289979479000,1.62821,1.62842,1.62816,1.62819,60400000,1
1289979480000,1289979539000,1.62819,1.62843,1.62763,1.62778,106900000,1
1289979540000,1289979599000,1.6277,1.62795,1.62732,1.62759,75500000,1
1289979600000,1289979659000,1.62751,1.62766,1.62689,1.62716,102600000,1
1289979660000,1289979719000,1.62715,1.62731,1.62671,1.6268,115400000,1
1289979720000,1289979779000,1.62681,1.62706,1.62628,1.62642,71700000,1
1289979780000,1289979839000,1.62634,1.62718,1.62627,1.62689,62000000,1
1289979840000,1289979899000,1.6269,1.62709,1.6263,1.62644,113900000,1
1289979900000,1289979959000,1.62645,1.62772,1.6263,1.62722,126600000,1
1289979960000,1289980019000,1.62737,1.6275,1.62706,1.62738,110000000,1
1289980020000,1289980079000,1.62742,1.6277,1.62729,1.62745,69700000,1
1289980080000,1289980139000,1.62745,1.62923,1.62731,1.62923,101400000,1
1289980140000,1289980199000,1.62925,1.62971,1.62881,1.62934,109200000,1
1289980200000,1289980259000,1.62922,1.62985,1.62895,1.62938,136200000,1
1289980260000,1289980319000,1.62948,1.6299,1.62942,1.62945,92300000,1
1289980320000,1289980379000,1.62962,1.62969,1.62925,1.62946,130400000,1
1289980380000,1289980439000,1.62946,1.62975,1.62946,1.62952,74100000,1
1289980440000,1289980499000,1.62952,1.62952,1.62904,1.62938,76800000,1
1289980500000,1289980559000,1.62938,1.62956,1.62921,1.62921,61800000,1
1289980560000,1289980619000,1.62921,1.62928,1.62895,1.62904,99400000,1
1289980620000,1289980679000,1.6289,1.62901,1.62863,1.62877,70900000,1
1289980680000,1289980739000,1.62884,1.62938,1.62874,1.62889,107800000,1
1289980740000,1289980799000,1.629,1.62901,1.62877,1.62882,69000000,1
1289980800000,1289980859000,1.62873,1.62936,1.62861,1.62908,111600000,1
1289980860000,1289980919000,1.62908,1.62939,1.62902,1.62932,116200000,1
1289980920000,1289980979000,1.62928,1.62981,1.62892,1.62963,176800000,1
1289980980000,1289981039000,1.62978,1.63001,1.62952,1.62982,104500000,1
1289981040000,1289981099000,1.62974,1.62982,1.62949,1.62949,84700000,1
1289981100000,1289981159000,1.62949,1.63,1.6293,1.62957,125800000,1
1289981160000,1289981219000,1.62957,1.62988,1.6292,1.62981,119700000,1
1289981220000,1289981279000,1.62982,1.63017,1.62977,1.62984,98100000,1
1289981280000,1289981339000,1.62978,1.63061,1.6297,1.63028,118900000,1
1289981340000,1289981399000,1.63028,1.63029,1.62982,1.6299,61700000,1
1289981400000,1289981459000,1.6299,1.63029,1.62966,1.62986,93500000,1
1289981460000,1289981519000,1.62987,1.63017,1.62962,1.63005,77800000,1
1289981520000,1289981579000,1.63007,1.63063,1.63007,1.63041,85400000,1
1289981580000,1289981639000,1.63036,1.63067,1.63019,1.63057,87300000,1
1289981640000,1289981699000,1.63063,1.63129,1.63046,1.63129,93300000,1
1289981700000,1289981759000,1.63121,1.63177,1.63108,1.63164,99200000,1
1289981760000,1289981819000,1.63165,1.63192,1.63142,1.63171,104500000,1
1289981820000,1289981879000,1.63171,1.63174,1.63133,1.63159,113100000,1
1289981880000,1289981939000,1.63154,1.63201,1.63108,1.63122,123200000,1
1289981940000,1289981999000,1.63105,1.63159,1.63066,1.6313,200000000,1
1289982000000,1289982059000,1.63137,1.63211,1.63106,1.63194,132600000,1
1289982060000,1289982119000,1.63189,1.63204,1.63142,1.63162,152700000,1
1289982120000,1289982179000,1.63182,1.63182,1.63125,1.63126,101700000,1
1289982180000,1289982239000,1.63129,1.63154,1.63076,1.63098,119100000,1
1289982240000,1289982299000,1.63092,1.63138,1.63064,1.63077,149800000,1
1289982300000,1289982359000,1.63093,1.63105,1.63069,1.63095,88000000,1
1289982360000,1289982419000,1.63075,1.63105,1.63072,1.63079,63800000,1
1289982420000,1289982479000,1.63079,1.63094,1.63035,1.63063,117400000,1
1289982480000,1289982539000,1.63063,1.63081,1.63042,1.63079,113500000,1
1289982540000,1289982599000,1.63086,1.63141,1.63073,1.63118,105400000,1
1289982600000,1289982659000,1.63144,1.63169,1.63085,1.63085,115600000,1
1289982660000,1289982719000,1.6309,1.63143,1.6309,1.6311,120900000,1
1289982720000,1289982779000,1.63112,1.63161,1.63112,1.63149,130900000,1
1289982780000,1289982839000,1.63161,1.63172,1.63099,1.63104,167100000,1
1289982840000,1289982899000,1.63108,1.63173,1.63106,1.63133,128200000,1
1289982900000,1289982959000,1.63141,1.63156,1.63088,1.63105,211900000,1
1289982960000,1289983019000,1.63105,1.63142,1.63086,1.63121,117400000,1
1289983020000,1289983079000,1.6311,1.63132,1.63088,1.63109,112200000,1
1289983080000,1289983139000,1.63114,1.63122,1.63073,1.6309,111500000,1
1289983140000,1289983199000,1.63093,1.63122,1.63082,1.63109,64900000,1
1289983200000,1289983259000,1.63107,1.63122,1.63093,1.63109,58500000,1
1289983260000,1289983319000,1.63108,1.63122,1.63043,1.63081,118400000,1
1289983320000,1289983379000,1.63076,1.63112,1.63067,1.63093,120600000,1
1289983380000,1289983439000,1.63104,1.63126,1.63076,1.63119,88800000,1
1289983440000,1289983499000,1.63131,1.63151,1.63106,1.63118,131800000,1
1289983500000,1289983559000,1.63119,1.63119,1.63072,1.63088,166700000,1
1289983560000,1289983619000,1.63089,1.63108,1.63074,1.63102,153300000,1
1289983620000,1289983679000,1.63099,1.63108,1.63066,1.63091,182000000,1
1289983680000,1289983739000,1.63091,1.63099,1.63061,1.63089,105100000,1
1289983740000,1289983799000,1.6309,1.63112,1.63073,1.63097,123300000,1
1289983800000,1289983859000,1.63098,1.63112,1.63055,1.63087,155200000,1
1289983860000,1289983919000,1.63093,1.63109,1.6306,1.63104,153100000,1
1289983920000,1289983979000,1.63104,1.63118,1.63087,1.63111,83200000,1
1289983980000,1289984039000,1.63111,1.63145,1.63111,1.63123,54800000,1
1289984040000,1289984099000,1.63123,1.63144,1.63099,1.63135,88200000,1
1289984100000,1289984159000,1.63138,1.63147,1.63118,1.63126,64600000,1
1289984160000,1289984219000,1.63126,1.6314,1.6309,1.63107,89200000,1
1289984220000,1289984279000,1.63102,1.63121,1.63071,1.63071,104200000,1
1289984280000,1289984339000,1.63093,1.63151,1.63082,1.63147,89900000,1
1289984340000,1289984399000,1.63133,1.63151,1.6308,1.63098,88600000,1
1289984400000,1289984459000,1.63088,1.63114,1.62994,1.63024,122600000,1
1289984460000,1289984519000,1.63015,1.63074,1.63011,1.63036,99500000,1
1289984520000,1289984579000,1.6304,1.63092,1.63,1.63092,111100000,1
1289984580000,1289984639000,1.63097,1.63159,1.63069,1.63146,74400000,1
1289984640000,1289984699000,1.6315,1.63168,1.63098,1.63099,88600000,1
1289984700000,1289984759000,1.63099,1.63118,1.63088,1.63088,80600000,1
1289984760000,1289984819000,1.63088,1.63108,1.63068,1.63103,88800000,1
1289984820000,1289984879000,1.63086,1.63179,1.63085,1.63155,104000000,1
1289984880000,1289984939000,1.63155,1.63162,1.62949,1.62972,119200000,1
1289984940000,1289984999000,1.62973,1.63019,1.62956,1.62982,159200000,1
1289985000000,1289985059000,1.62986,1.6299,1.62935,1.62944,102800000,1
1289985060000,1289985119000,1.62944,1.6301,1.62942,1.62985,63200000,1
1289985120000,1289985179000,1.62985,1.63034,1.62985,1.63014,87100000,1
1289985180000,1289985239000,1.63014,1.63097,1.62998,1.63087,80200000,1
1289985240000,1289985299000,1.63093,1.63108,1.63066,1.63075,90700000,1
1289985300000,1289985359000,1.63082,1.63082,1.62999,1.63005,90900000,1
1289985360000,1289985419000,1.63012,1.6302,1.6297,1.62972,76200000,1
1289985420000,1289985479000,1.62986,1.63006,1.62954,1.62954,89700000,1
1289985480000,1289985539000,1.62948,1.62984,1.62929,1.62982,136400000,1
1289985540000,1289985599000,1.62983,1.63007,1.62961,1.62975,65000000,1
1289985600000,1289985659000,1.62976,1.6299,1.6291,1.62919,87000000,1
1289985660000,1289985719000,1.62915,1.62945,1.62915,1.62938,95100000,1
1289985720000,1289985779000,1.62938,1.62938,1.62894,1.62926,125100000,1
1289985780000,1289985839000,1.62926,1.62932,1.62882,1.62916,107700000,1
1289985840000,1289985899000,1.62912,1.62952,1.62851,1.62952,126000000,1
1289985900000,1289985959000,1.6293,1.62936,1.62885,1.62888,129000000,1
1289985960000,1289986019000,1.62901,1.62932,1.62873,1.62932,91100000,1
1289986020000,1289986079000,1.62918,1.62948,1.62904,1.62937,119700000,1
1289986080000,1289986139000,1.62939,1.6296,1.62916,1.62941,148200000,1
1289986140000,1289986199000,1.62957,1.62987,1.62754,1.62918,231600000,1
1289986200000,1289986259000,1.62862,1.63039,1.62808,1.63039,171600000,1
1289986260000,1289986319000,1.63055,1.63126,1.6298,1.63123,138600000,1
1289986320000,1289986379000,1.63128,1.63129,1.63081,1.63112,134700000,1
1289986380000,1289986439000,1.63111,1.63111,1.63053,1.63066,115100000,1
1289986440000,1289986499000,1.63077,1.63158,1.63072,1.63146,123200000,1
1289986500000,1289986559000,1.63152,1.63184,1.63118,1.63128,163300000,1
1289986560000,1289986619000,1.63137,1.63137,1.63052,1.63063,69400000,1
1289986620000,1289986679000,1.63059,1.63106,1.63057,1.63067,110200000,1
1289986680000,1289986739000,1.63062,1.6307,1.62999,1.63001,86700000,1
1289986740000,1289986799000,1.62998,1.63046,1.62998,1.63012,97400000,1
1289986800000,1289986859000,1.63012,1.63071,1.63003,1.63029,66300000,1
1289986860000,1289986919000,1.63014,1.63031,1.62981,1.63017,124800000,1
1289986920000,1289986979000,1.63007,1.63038,1.62996,1.63019,52800000,1
1289986980000,1289987039000,1.63019,1.6304,1.62994,1.62994,78900000,1
1289987040000,1289987099000,1.62994,1.63006,1.6295,1.63003,105700000,1
1289987100000,1289987159000,1.63003,1.63003,1.62972,1.62974,84400000,1
1289987160000,1289987219000,1.62983,1.62992,1.6297,1.62983,70000000,1
1289987220000,1289987279000,1.62983,1.62993,1.62961,1.62969,61700000,1
1289987280000,1289987339000,1.62959,1.62973,1.6291,1.62933,85500000,1
1289987340000,1289987399000,1.62933,1.62956,1.62921,1.62935,113700000,1
1289987400000,1289987459000,1.6293,1.62954,1.62866,1.62908,133000000,1
1289987460000,1289987519000,1.62901,1.62942,1.62899,1.62926,47800000,1
1289987520000,1289987579000,1.62942,1.62958,1.62872,1.62882,98700000,1
1289987580000,1289987639000,1.62892,1.62908,1.62823,1.62828,100400000,1
1289987640000,1289987699000,1.62826,1.62842,1.62744,1.62754,136000000,1
1289987700000,1289987759000,1.62765,1.62868,1.62765,1.62859,90600000,1
1289987760000,1289987819000,1.62859,1.62881,1.62793,1.62837,107700000,1
1289987820000,1289987879000,1.62841,1.62888,1.62828,1.62883,110000000,1
1289987880000,1289987939000,1.62877,1.62916,1.6287,1.6288,92000000,1
1289987940000,1289987999000,1.62884,1.62918,1.62833,1.62833,93000000,1
1289988000000,1289988059000,1.62839,1.62884,1.62833,1.62835,107600000,1
1289988060000,1289988119000,1.62842,1.62843,1.62803,1.62809,113700000,1
1289988120000,1289988179000,1.62809,1.62834,1.62792,1.628,124200000,1
1289988180000,1289988239000,1.62807,1.62866,1.62806,1.62855,132800000,1
1289988240000,1289988299000,1.62851,1.62928,1.6285,1.62891,129800000,1
1289988300000,1289988359000,1.62891,1.62921,1.6285,1.62866,208700000,1
1289988360000,1289988419000,1.62879,1.62933,1.62859,1.62926,193400000,1
1289988420000,1289988479000,1.62928,1.62939,1.6289,1.62921,118200000,1
1289988480000,1289988539000,1.62916,1.62942,1.62903,1.62917,154100000,1
1289988540000,1289988599000,1.62919,1.62994,1.62917,1.62977,88000000,1
1289988600000,1289988659000,1.62976,1.62976,1.62952,1.62956,75600000,1
1289988660000,1289988719000,1.62956,1.62988,1.62915,1.62915,83900000,1
1289988720000,1289988779000,1.62909,1.62922,1.62894,1.62908,115500000,1
1289988780000,1289988839000,1.62925,1.62925,1.62795,1.62806,139400000,1
1289988840000,1289988899000,1.62814,1.62818,1.62761,1.62771,105900000,1
1289988900000,1289988959000,1.62782,1.62794,1.62747,1.62762,142900000,1
1289988960000,1289989019000,1.62752,1.62802,1.62739,1.62762,135400000,1
1289989020000,1289989079000,1.62762,1.62766,1.62706,1.62706,64600000,1
1289989080000,1289989139000,1.62713,1.62745,1.62684,1.62687,116600000,1
1289989140000,1289989199000,1.62688,1.62727,1.62687,1.62699,101900000,1
1289989200000,1289989259000,1.62706,1.62755,1.62705,1.62744,80600000,1
1289989260000,1289989319000,1.62744,1.62783,1.62721,1.62783,77500000,1
1289989320000,1289989379000,1.62774,1.62809,1.62754,1.62785,82700000,1
1289989380000,1289989439000,1.62794,1.6283,1.62764,1.62785,90400000,1
1289989440000,1289989499000,1.62778,1.62791,1.62753,1.62767,71200000,1
1289989500000,1289989559000,1.62789,1.62794,1.62763,1.62774,96000000,1
1289989560000,1289989619000,1.62773,1.62782,1.62747,1.62747,84900000,1
1289989620000,1289989679000,1.6275,1.62773,1.62709,1.62752,98100000,1
1289989680000,1289989739000,1.62762,1.62774,1.6274,1.62774,66000000,1
1289989740000,1289989799000,1.62774,1.62774,1.62736,1.62762,40700000,1
1289989800000,1289989859000,1.62762,1.62769,1.62727,1.6273,63600000,1
1289989860000,1289989919000,1.6273,1.62767,1.62712,1.62765,69400000,1
1289989920000,1289989979000,1.62765,1.62789,1.62749,1.62789,42200000,1
1289989980000,1289990039000,1.62789,1.628,1.62739,1.62746,109900000,1
1289990040000,1289990099000,1.62755,1.62786,1.62747,1.62782,84400000,1
1289990100000,1289990159000,1.62791,1.62797,1.62744,1.62749,74400000,1
1289990160000,1289990219000,1.6275,1.628,1.62748,1.62754,78900000,1
1289990220000,1289990279000,1.62753,1.62759,1.62744,1.62751,53000000,1
1289990280000,1289990339000,1.62748,1.62761,1.62738,1.62739,68400000,1
1289990340000,1289990399000,1.62739,1.62739,1.62698,1.62712,72200000,1
1289990400000,1289990459000,1.62711,1.62715,1.62688,1.62688,75500000,1
1289990460000,1289990519000,1.62684,1.6271,1.62672,1.62699,94000000,1
1289990520000,1289990579000,1.62692,1.62756,1.62676,1.62756,94600000,1
1289990580000,1289990639000,1.62723,1.62729,1.62691,1.62691,70900000,1
1289990640000,1289990699000,1.62693,1.62713,1.62667,1.62667,76100000,1
1289990700000,1289990759000,1.62662,1.62705,1.62653,1.62705,71900000,1
1289990760000,1289990819000,1.62705,1.6271,1.62633,1.62658,105000000,1
1289990820000,1289990879000,1.62658,1.62691,1.62624,1.62624,111700000,1
1289990880000,1289990939000,1.62622,1.62664,1.62589,1.62639,117500000,1
1289990940000,1289990999000,1.62631,1.62653,1.62524,1.62549,110300000,1
1289991000000,1289991059000,1.62538,1.62545,1.62477,1.62498,98800000,1
1289991060000,1289991119000,1.62508,1.62535,1.62481,1.62535,79500000,1
1289991120000,1289991179000,1.62522,1.62551,1.62521,1.6253,60400000,1
1289991180000,1289991239000,1.62535,1.62536,1.62509,1.62535,68600000,1
1289991240000,1289991299000,1.62535,1.62576,1.62533,1.62552,62800000,1
1289991300000,1289991359000,1.62546,1.6258,1.62534,1.62537,65300000,1
1289991360000,1289991419000,1.62537,1.62554,1.62505,1.62544,68600000,1
1289991420000,1289991479000,1.62544,1.62553,1.62506,1.62511,78400000,1
1289991480000,1289991539000,1.62521,1.62532,1.62507,1.6251,61600000,1
1289991540000,1289991599000,1.6251,1.62531,1.62504,1.62504,65700000,1
1289991600000,1289991659000,1.62506,1.62523,1.62469,1.62471,69500000,1
1289991660000,1289991719000,1.62471,1.62487,1.62464,1.62473,96100000,1
1289991720000,1289991779000,1.62473,1.62492,1.62456,1.62472,58000000,1
1289991780000,1289991839000,1.62467,1.62504,1.62466,1.62503,72100000,1
1289991840000,1289991899000,1.62497,1.62513,1.62487,1.62493,53200000,1
1289991900000,1289991959000,1.62493,1.62504,1.62445,1.62456,46700000,1
1289991960000,1289992019000,1.62452,1.62492,1.62451,1.62492,57400000,1
1289992020000,1289992079000,1.62497,1.62497,1.6242,1.62461,85400000,1
1289992080000,1289992139000,1.62469,1.62562,1.6246,1.62528,95900000,1
1289992140000,1289992199000,1.62528,1.62615,1.62519,1.62605,100200000,1
1289992200000,1289992259000,1.62597,1.62658,1.62578,1.62651,99900000,1
1289992260000,1289992319000,1.62651,1.62702,1.62648,1.62679,92800000,1
1289992320000,1289992379000,1.62681,1.62691,1.62619,1.62643,107000000,1
1289992380000,1289992439000,1.62638,1.62638,1.62555,1.62568,116300000,1
1289992440000,1289992499000,1.62565,1.62611,1.62563,1.62563,76900000,1
1289992500000,1289992559000,1.62573,1.62577,1.62483,1.62509,108300000,1
1289992560000,1289992619000,1.62513,1.62594,1.62513,1.62544,131000000,1
1289992620000,1289992679000,1.62536,1.6256,1.62457,1.62483,91300000,1
1289992680000,1289992739000,1.62483,1.62529,1.62483,1.62504,68500000,1
1289992740000,1289992799000,1.62534,1.62534,1.62434,1.62454,79800000,1
1289992800000,1289992859000,1.62449,1.62479,1.62444,1.62464,58500000,1
1289992860000,1289992919000,1.62458,1.62477,1.62431,1.62431,42000000,1
1289992920000,1289992979000,1.62431,1.62459,1.62415,1.62451,58200000,1
1289992980000,1289993039000,1.62451,1.62491,1.62444,1.62491,61700000,1
1289993040000,1289993099000,1.62491,1.62526,1.62476,1.62512,58300000,1
1289993100000,1289993159000,1.62512,1.62512,1.62465,1.6248,105300000,1
1289993160000,1289993219000,1.6248,1.62527,1.6248,1.62491,62400000,1
1289993220000,1289993279000,1.62499,1.62533,1.62485,1.62485,50000000,1
1289993280000,1289993339000,1.62483,1.62531,1.62468,1.62531,72500000,1
1289993340000,1289993399000,1.62547,1.62549,1.62502,1.62549,97600000,1
1289993400000,1289993459000,1.62548,1.62618,1.62542,1.62606,81600000,1
1289993460000,1289993519000,1.62604,1.62632,1.62576,1.62585,102100000,1
1289993520000,1289993579000,1.62585,1.62636,1.6258,1.62617,78300000,1
1289993580000,1289993639000,1.62616,1.62669,1.62599,1.62666,76900000,1
1289993640000,1289993699000,1.62668,1.6269,1.62647,1.62675,63200000,1
1289993700000,1289993759000,1.62683,1.6269,1.62632,1.62664,85200000,1
1289993760000,1289993819000,1.6266,1.62699,1.6266,1.62692,57100000,1
1289993820000,1289993879000,1.62693,1.62727,1.62693,1.6272,91300000,1
1289993880000,1289993939000,1.62719,1.62772,1.62714,1.62772,70000000,1
1289993940000,1289993999000,1.62772,1.62787,1.62667,1.62677,159800000,1
1289994000000,1289994059000,1.62672,1.62682,1.62615,1.62615,162300000,1
1289994060000,1289994119000,1.62615,1.62626,1.62591,1.62614,55900000,1
1289994120000,1289994179000,1.62615,1.6265,1.62591,1.62606,81800000,1
1289994180000,1289994239000,1.6262,1.62662,1.62613,1.62631,78100000,1
1289994240000,1289994299000,1.6263,1.62653,1.62612,1.62627,77500000,1
1289994300000,1289994359000,1.62627,1.62689,1.62617,1.62674,103600000,1
1289994360000,1289994419000,1.62674,1.62691,1.62636,1.62645,71800000,1
1289994420000,1289994479000,1.62642,1.62672,1.62635,1.62663,38600000,1
1289994480000,1289994539000,1.6266,1.62686,1.6262,1.62633,66700000,1
1289994540000,1289994599000,1.62633,1.62646,1.62624,1.62643,51400000,1
1289994600000,1289994659000,1.62643,1.62643,1.62621,1.62629,53200000,1
1289994660000,1289994719000,1.62626,1.62663,1.62611,1.62655,141800000,1
1289994720000,1289994779000,1.62655,1.62696,1.62655,1.62682,116000000,1
1289994780000,1289994839000,1.62684,1.62697,1.62666,1.62672,77600000,1
1289994840000,1289994899000,1.62672,1.627,1.62655,1.62691,60400000,1
1289994900000,1289994959000,1.62681,1.62728,1.62668,1.62705,89200000,1
1289994960000,1289995019000,1.6272,1.6272,1.62664,1.62689,47800000,1
1289995020000,1289995079000,1.62689,1.62721,1.62671,1.62721,78800000,1
1289995080000,1289995139000,1.62721,1.62752,1.62687,1.62731,78000000,1
1289995140000,1289995199000,1.62748,1.62762,1.62718,1.62732,78400000,1
1289995200000,1289995259000,1.62735,1.62745,1.62714,1.62733,89200000,1
1289995260000,1289995319000,1.6274,1.62748,1.62687,1.62728,89100000,1
1289995320000,1289995379000,1.62734,1.62787,1.6271,1.62737,102500000,1
1289995380000,1289995439000,1.62747,1.62747,1.62711,1.62714,150300000,1
1289995440000,1289995499000,1.62714,1.62714,1.62686,1.62695,76600000,1
1289995500000,1289995559000,1.62697,1.62727,1.6265,1.62704,132000000,1
1289995560000,1289995619000,1.62715,1.62716,1.62689,1.62708,78800000,1
1289995620000,1289995679000,1.62713,1.62732,1.62699,1.6273,95500000,1
1289995680000,1289995739000,1.62732,1.62732,1.62692,1.62725,79200000,1
1289995740000,1289995799000,1.62725,1.62776,1.62725,1.62755,75700000,1
1289995800000,1289995859000,1.62761,1.62778,1.6275,1.62761,51900000,1
1289995860000,1289995919000,1.62761,1.62765,1.62721,1.62741,52300000,1
1289995920000,1289995979000,1.62741,1.62803,1.62721,1.62799,84500000,1
1289995980000,1289996039000,1.62799,1.62835,1.62793,1.62835,80500000,1
1289996040000,1289996099000,1.62824,1.62835,1.62794,1.62811,72600000,1
1289996100000,1289996159000,1.62811,1.62816,1.62789,1.62816,65800000,1
1289996160000,1289996219000,1.62812,1.62819,1.62758,1.62765,57400000,1
1289996220000,1289996279000,1.62755,1.62773,1.62725,1.62737,81600000,1
1289996280000,1289996339000,1.62736,1.62749,1.62729,1.6273,48400000,1
1289996340000,1289996399000,1.62732,1.62759,1.62732,1.62736,52500000,1
1289996400000,1289996459000,1.62732,1.62765,1.62732,1.62742,66300000,1
1289996460000,1289996519000,1.62733,1.62735,1.62654,1.62654,132500000,1
1289996520000,1289996579000,1.62654,1.62711,1.62633,1.62704,97800000,1
1289996580000,1289996639000,1.62707,1.62729,1.62693,1.62693,109800000,1
1289996640000,1289996699000,1.62692,1.62701,1.6266,1.62676,90600000,1
1289996700000,1289996759000,1.62676,1.62695,1.62651,1.62695,93700000,1
1289996760000,1289996819000,1.62683,1.62754,1.62668,1.62754,98800000,1
1289996820000,1289996879000,1.6275,1.62766,1.62739,1.6275,59400000,1
1289996880000,1289996939000,1.6275,1.62766,1.62713,1.62764,136300000,1
1289996940000,1289996999000,1.62756,1.62813,1.62756,1.62758,106000000,1
1289997000000,1289997059000,1.62747,1.62776,1.62702,1.62706,143800000,1
1289997060000,1289997119000,1.62709,1.62716,1.62654,1.62654,120600000,1
1289997120000,1289997179000,1.6266,1.6268,1.62644,1.62665,86400000,1
1289997180000,1289997239000,1.62663,1.62669,1.62622,1.62627,58000000,1
1289997240000,1289997299000,1.62621,1.62621,1.62568,1.62568,125700000,1
1289997300000,1289997359000,1.62568,1.62604,1.62556,1.62556,119300000,1
1289997360000,1289997419000,1.62561,1.62563,1.62504,1.62521,107400000,1
1289997420000,1289997479000,1.62531,1.62546,1.62491,1.62491,89300000,1
1289997480000,1289997539000,1.62485,1.62502,1.62463,1.62497,106700000,1
1289997540000,1289997599000,1.62501,1.62569,1.62477,1.62558,73100000,1
1289997600000,1289997659000,1.62563,1.62563,1.62527,1.62562,76200000,1
1289997660000,1289997719000,1.62558,1.62558,1.62508,1.62513,65100000,1
1289997720000,1289997779000,1.62513,1.62523,1.62478,1.62493,85400000,1
1289997780000,1289997839000,1.62494,1.62495,1.62453,1.62462,99000000,1
1289997840000,1289997899000,1.62462,1.62495,1.62452,1.62452,66700000,1
1289997900000,1289997959000,1.62452,1.62535,1.62443,1.62515,80000000,1
1289997960000,1289998019000,1.62515,1.62521,1.62498,1.62521,65400000,1
1289998020000,1289998079000,1.62523,1.62524,1.62481,1.62491,81400000,1
1289998080000,1289998139000,1.62492,1.62494,1.62443,1.62472,57000000,1
1289998140000,1289998199000,1.6247,1.62489,1.62469,1.62489,64400000,1
1289998200000,1289998259000,1.62489,1.62506,1.62434,1.62462,104800000,1
1289998260000,1289998319000,1.62461,1.62493,1.62443,1.62443,126800000,1
1289998320000,1289998379000,1.62443,1.6248,1.62443,1.62443,150500000,1
1289998380000,1289998439000,1.62438,1.62494,1.62438,1.62485,90600000,1
1289998440000,1289998499000,1.62485,1.62563,1.62485,1.62548,142800000,1
1289998500000,1289998559000,1.62551,1.62577,1.62535,1.62537,109700000,1
1289998560000,1289998619000,1.62535,1.62591,1.62535,1.62569,94700000,1
1289998620000,1289998679000,1.62566,1.62657,1.62563,1.62652,91300000,1
1289998680000,1289998739000,1.62652,1.62666,1.62638,1.62647,102700000,1
1289998740000,1289998799000,1.62659,1.62711,1.62624,1.62629,120600000,1
1289998800000,1289998859000,1.62633,1.62682,1.62616,1.62616,70700000,1
1289998860000,1289998919000,1.62616,1.62644,1.62608,1.62621,67000000,1
1289998920000,1289998979000,1.62616,1.62642,1.62616,1.6263,42200000,1
1289998980000,1289999039000,1.62631,1.62653,1.62608,1.62608,95300000,1
1289999040000,1289999099000,1.62601,1.62634,1.62568,1.62568,68300000,1
1289999100000,1289999159000,1.6257,1.62594,1.6257,1.62583,45800000,1
1289999160000,1289999219000,1.62581,1.6259,1.62531,1.62547,87800000,1
1289999220000,1289999279000,1.62547,1.62578,1.62519,1.62531,124400000,1
1289999280000,1289999339000,1.6253,1.62551,1.62472,1.62472,149800000,1
1289999340000,1289999399000,1.62472,1.62488,1.62445,1.62483,88600000,1
1289999400000,1289999459000,1.62481,1.62482,1.62458,1.62465,60100000,1
1289999460000,1289999519000,1.62465,1.62477,1.62446,1.62474,59400000,1
1289999520000,1289999579000,1.62469,1.62498,1.62468,1.62492,52400000,1
1289999580000,1289999639000,1.62492,1.62518,1.62481,1.62493,70000000,1
1289999640000,1289999699000,1.62493,1.62542,1.62482,1.62542,88900000,1
1289999700000,1289999759000,1.62516,1.62573,1.62516,1.62573,66400000,1
1289999760000,1289999819000,1.62573,1.62573,1.62538,1.62566,55800000,1
1289999820000,1289999879000,1.62556,1.62556,1.62497,1.62505,56500000,1
1289999880000,1289999939000,1.62497,1.62507,1.62467,1.62505,55800000,1
1289999940000,1289999999000,1.62505,1.62528,1.62488,1.62502,59300000,1
1290000000000,1290000059000,1.62497,1.62548,1.62487,1.62487,103900000,1
1290000060000,1290000119000,1.62491,1.62491,1.62464,1.62474,66200000,1
1290000120000,1290000179000,1.62474,1.62506,1.62463,1.62494,66500000,1
1290000180000,1290000239000,1.62494,1.62505,1.62414,1.62414,77700000,1
1290000240000,1290000299000,1.62421,1.62439,1.62393,1.6241,88100000,1
1290000300000,1290000359000,1.62413,1.62443,1.62386,1.62401,83900000,1
1290000360000,1290000419000,1.62397,1.62453,1.6239,1.62433,60800000,1
1290000420000,1290000479000,1.62433,1.62469,1.62405,1.62469,58100000,1
1290000480000,1290000539000,1.62469,1.62477,1.62429,1.62471,94200000,1
1290000540000,1290000599000,1.62467,1.62534,1.6229,1.62323,103300000,1
1290000600000,1290000659000,1.62301,1.62428,1.62273,1.623,240300000,1
1290000660000,1290000719000,1.62295,1.62402,1.62259,1.62384,156000000,1
1290000720000,1290000779000,1.62384,1.62464,1.62363,1.62447,161200000,1
1290000780000,1290000839000,1.62417,1.62482,1.62393,1.62449,170300000,1
1290000840000,1290000899000,1.62442,1.62442,1.62378,1.62406,152800000,1
1290000900000,1290000959000,1.62406,1.62473,1.62402,1.6244,138700000,1
1290000960000,1290001019000,1.62432,1.62463,1.62389,1.62419,176800000,1
1290001020000,1290001079000,1.6241,1.62442,1.62343,1.62359,156900000,1
1290001080000,1290001139000,1.62362,1.62398,1.62346,1.62378,69200000,1
1290001140000,1290001199000,1.62384,1.62456,1.62368,1.62456,136500000,1
1290001200000,1290001259000,1.62456,1.62516,1.62455,1.6249,144700000,1
1290001260000,1290001319000,1.6249,1.62513,1.62437,1.62442,99700000,1
1290001320000,1290001379000,1.62437,1.62487,1.62437,1.62462,91200000,1
1290001380000,1290001439000,1.62463,1.62489,1.62416,1.62477,128600000,1
1290001440000,1290001499000,1.62479,1.62544,1.62469,1.6253,100100000,1
1290001500000,1290001559000,1.6254,1.62543,1.62494,1.62515,123300000,1
1290001560000,1290001619000,1.62516,1.62577,1.62514,1.6253,114100000,1
1290001620000,1290001679000,1.62528,1.62646,1.62519,1.62629,139400000,1
1290001680000,1290001739000,1.62621,1.62626,1.62583,1.62587,94000000,1
1290001740000,1290001799000,1.62582,1.62596,1.62547,1.62563,85000000,1
1290001800000,1290001859000,1.62565,1.62605,1.6252,1.62581,117700000,1
1290001860000,1290001919000,1.62582,1.62584,1.62537,1.62573,118200000,1
1290001920000,1290001979000,1.6257,1.62623,1.62562,1.62603,87700000,1
1290001980000,1290002039000,1.62594,1.62664,1.62593,1.62643,146500000,1
1290002040000,1290002099000,1.62638,1.62707,1.62611,1.62685,126500000,1
1290002100000,1290002159000,1.62678,1.62685,1.62632,1.62646,105600000,1
1290002160000,1290002219000,1.62639,1.62652,1.62546,1.62585,108200000,1
1290002220000,1290002279000,1.62585,1.62608,1.62557,1.62563,115500000,1
1290002280000,1290002339000,1.62565,1.62633,1.62564,1.62622,116500000,1
1290002340000,1290002399000,1.62623,1.62685,1.62623,1.62642,94200000,1
1290002400000,1290002459000,1.62649,1.62661,1.62616,1.62652,119700000,1
1290002460000,1290002519000,1.62657,1.62697,1.62637,1.62678,91600000,1
1290002520000,1290002579000,1.62676,1.62698,1.62668,1.62693,92700000,1
1290002580000,1290002639000,1.627,1.6273,1.62685,1.62699,96200000,1
1290002640000,1290002699000,1.62704,1.62711,1.62656,1.62656,100100000,1
1290002700000,1290002759000,1.62665,1.62665,1.62615,1.6263,78600000,1
1290002760000,1290002819000,1.62628,1.62665,1.62621,1.62652,68300000,1
1290002820000,1290002879000,1.6265,1.62682,1.6265,1.62682,71000000,1
1290002880000,1290002939000,1.62677,1.62687,1.62653,1.62687,77100000,1
1290002940000,1290002999000,1.62681,1.62708,1.62671,1.62672,106200000,1
1290003000000,1290003059000,1.62677,1.6268,1.62661,1.62662,61000000,1
1290003060000,1290003119000,1.6266,1.62668,1.62621,1.62661,59100000,1
1290003120000,1290003179000,1.62656,1.62722,1.62656,1.62682,119000000,1
1290003180000,1290003239000,1.62685,1.62752,1.62678,1.62711,99700000,1
1290003240000,1290003299000,1.62712,1.62786,1.62712,1.62753,120200000,1
1290003300000,1290003359000,1.62753,1.62788,1.62753,1.62784,98700000,1
1290003360000,1290003419000,1.62784,1.62784,1.62737,1.62763,112100000,1
1290003420000,1290003479000,1.62764,1.62775,1.62728,1.62773,147600000,1
1290003480000,1290003539000,1.62777,1.62802,1.62761,1.62783,82800000,1
1290003540000,1290003599000,1.62764,1.62764,1.62681,1.62694,148400000,1
1290003600000,1290003659000,1.62694,1.62716,1.62673,1.62678,94800000,1
1290003660000,1290003719000,1.62678,1.62714,1.62675,1.62707,93700000,1
1290003720000,1290003779000,1.62706,1.62728,1.627,1.62705,94700000,1
1290003780000,1290003839000,1.62699,1.62733,1.62699,1.62726,49900000,1
1290003840000,1290003899000,1.62726,1.62739,1.62687,1.6269,124700000,1
1290003900000,1290003959000,1.62691,1.62701,1.62635,1.62658,118200000,1
1290003960000,1290004019000,1.62655,1.62655,1.62601,1.62613,121500000,1
1290004020000,1290004079000,1.62619,1.62619,1.62584,1.62613,67900000,1
1290004080000,1290004139000,1.62618,1.62624,1.62588,1.62598,57300000,1
1290004140000,1290004199000,1.62596,1.62603,1.62568,1.62583,102400000,1
1290004200000,1290004259000,1.62595,1.62604,1.62549,1.62554,114500000,1
1290004260000,1290004319000,1.62556,1.6257,1.62531,1.62554,90500000,1
1290004320000,1290004379000,1.62551,1.62593,1.62536,1.62567,126300000,1
1290004380000,1290004439000,1.62576,1.62577,1.6251,1.6251,114000000,1
1290004440000,1290004499000,1.62507,1.62547,1.62497,1.62528,101700000,1
1290004500000,1290004559000,1.62524,1.62534,1.62506,1.6253,83300000,1
1290004560000,1290004619000,1.6253,1.6253,1.62477,1.62489,102400000,1
1290004620000,1290004679000,1.62489,1.62494,1.62443,1.62447,119700000,1
1290004680000,1290004739000,1.62449,1.62474,1.6242,1.62442,97600000,1
1290004740000,1290004799000,1.6244,1.6253,1.6244,1.62516,125800000,1
1290004800000,1290004859000,1.62515,1.62535,1.62443,1.62501,184000000,1
1290004860000,1290004919000,1.62498,1.62604,1.62498,1.62589,119100000,1
1290004920000,1290004979000,1.62589,1.6265,1.62588,1.62614,122000000,1
1290004980000,1290005039000,1.62625,1.62625,1.62558,1.62558,104400000,1
1290005040000,1290005099000,1.62547,1.62637,1.62527,1.6262,143200000,1
1290005100000,1290005159000,1.62626,1.62704,1.62604,1.62605,147700000,1
1290005160000,1290005219000,1.62603,1.6263,1.62525,1.62549,139100000,1
1290005220000,1290005279000,1.6255,1.62556,1.62399,1.62423,147400000,1
1290005280000,1290005339000,1.62433,1.62469,1.62364,1.62378,203800000,1
1290005340000,1290005399000,1.62377,1.62379,1.62319,1.6232,130900000,1
1290005400000,1290005459000,1.62322,1.62339,1.62263,1.62279,123600000,1
1290005460000,1290005519000,1.62268,1.62329,1.62233,1.62313,107600000,1
1290005520000,1290005579000,1.62314,1.62343,1.62293,1.6232,102000000,1
1290005580000,1290005639000,1.62319,1.62324,1.6227,1.62314,108800000,1
1290005640000,1290005699000,1.62313,1.62319,1.62279,1.62309,111400000,1
1290005700000,1290005759000,1.62318,1.62398,1.62312,1.62377,110000000,1
1290005760000,1290005819000,1.62381,1.62444,1.6238,1.62381,146700000,1
1290005820000,1290005879000,1.62383,1.62429,1.62361,1.62421,109900000,1
1290005880000,1290005939000,1.62425,1.62425,1.62358,1.62393,97000000,1
1290005940000,1290005999000,1.62387,1.62431,1.62356,1.62383,158100000,1
1290006000000,1290006059000,1.62384,1.62389,1.62275,1.62282,185700000,1
1290006060000,1290006119000,1.62278,1.62297,1.62235,1.62284,156300000,1
1290006120000,1290006179000,1.62284,1.62354,1.62283,1.6232,99900000,1
1290006180000,1290006239000,1.6231,1.62371,1.62295,1.62353,114100000,1
1290006240000,1290006299000,1.62352,1.62353,1.62306,1.62306,77800000,1
1290006300000,1290006359000,1.62305,1.62305,1.62234,1.62252,85000000,1
1290006360000,1290006419000,1.62245,1.62256,1.62158,1.62166,137700000,1
1290006420000,1290006479000,1.62157,1.62185,1.62142,1.62146,86800000,1
1290006480000,1290006539000,1.62146,1.62171,1.62121,1.62151,106800000,1
1290006540000,1290006599000,1.6216,1.62211,1.6214,1.62194,91800000,1
1290006600000,1290006659000,1.62198,1.6224,1.62161,1.62234,112900000,1
1290006660000,1290006719000,1.62244,1.62302,1.62233,1.62296,123000000,1
1290006720000,1290006779000,1.62288,1.62308,1.62249,1.62249,114500000,1
1290006780000,1290006839000,1.62251,1.62255,1.62186,1.62203,104500000,1
1290006840000,1290006899000,1.62206,1.62268,1.62192,1.6224,121000000,1
1290006900000,1290006959000,1.62219,1.6224,1.62177,1.62187,94400000,1
1290006960000,1290007019000,1.6218,1.62238,1.62179,1.62208,95100000,1
1290007020000,1290007079000,1.62223,1.62223,1.62164,1.62164,58400000,1
1290007080000,1290007139000,1.62164,1.62205,1.62151,1.62205,100200000,1
1290007140000,1290007199000,1.62205,1.62205,1.62135,1.62147,127400000,1
1290007200000,1290007259000,1.62147,1.62147,1.62108,1.62108,151100000,1
1290007260000,1290007319000,1.62108,1.62117,1.62082,1.62094,164500000,1
1290007320000,1290007379000,1.62093,1.62165,1.62093,1.62139,117100000,1
1290007380000,1290007439000,1.62144,1.62193,1.62137,1.62177,147100000,1
1290007440000,1290007499000,1.62178,1.62228,1.62157,1.62209,106000000,1
1290007500000,1290007559000,1.62202,1.62219,1.62101,1.62109,121300000,1
1290007560000,1290007619000,1.62105,1.62207,1.62099,1.62167,166200000,1
1290007620000,1290007679000,1.62178,1.62228,1.62169,1.62228,78700000,1
1290007680000,1290007739000,1.62214,1.62248,1.62196,1.62239,134100000,1
1290007740000,1290007799000,1.62234,1.6228,1.62234,1.62239,115300000,1
1290007800000,1290007859000,1.62236,1.62241,1.62143,1.62182,173800000,1
1290007860000,1290007919000,1.62204,1.62229,1.62175,1.62182,123100000,1
1290007920000,1290007979000,1.62189,1.62226,1.62161,1.62161,125800000,1
1290007980000,1290008039000,1.62162,1.62175,1.62104,1.62137,144600000,1
1290008040000,1290008099000,1.62134,1.62192,1.62126,1.62163,107300000,1
1290008100000,1290008159000,1.62164,1.622,1.62156,1.62179,101400000,1
1290008160000,1290008219000,1.62175,1.62195,1.62158,1.62185,96900000,1
1290008220000,1290008279000,1.62189,1.62237,1.62178,1.62237,78100000,1
1290008280000,1290008339000,1.6222,1.62238,1.62199,1.62215,88300000,1
1290008340000,1290008399000,1.6221,1.62239,1.62185,1.62198,70500000,1
1290008400000,1290008459000,1.62198,1.62206,1.62152,1.62183,110800000,1
1290008460000,1290008519000,1.62199,1.62199,1.62125,1.62125,73700000,1
1290008520000,1290008579000,1.62125,1.62154,1.62092,1.62154,91800000,1
1290008580000,1290008639000,1.62136,1.62152,1.62079,1.62108,145700000,1
1290008640000,1290008699000,1.62097,1.6212,1.62037,1.62077,105600000,1
1290008700000,1290008759000,1.62075,1.62094,1.61985,1.61985,111700000,1
1290008760000,1290008819000,1.61972,1.62026,1.61964,1.6199,91600000,1
1290008820000,1290008879000,1.6199,1.62059,1.61978,1.6204,94000000,1
1290008880000,1290008939000,1.62054,1.6207,1.62031,1.62031,133000000,1
1290008940000,1290008999000,1.62031,1.62051,1.61973,1.61983,113100000,1
1290009000000,1290009059000,1.61978,1.62012,1.61962,1.61994,128900000,1
1290009060000,1290009119000,1.61996,1.62035,1.61985,1.62017,121400000,1
1290009120000,1290009179000,1.62017,1.62073,1.62017,1.62031,111700000,1
1290009180000,1290009239000,1.62029,1.62048,1.62013,1.62044,112700000,1
1290009240000,1290009299000,1.62043,1.62064,1.62033,1.62034,65600000,1
1290009300000,1290009359000,1.62034,1.62042,1.62013,1.62026,72500000,1
1290009360000,1290009419000,1.62042,1.62085,1.62029,1.62079,111300000,1
1290009420000,1290009479000,1.62085,1.62112,1.6205,1.6205,101200000,1
1290009480000,1290009539000,1.62045,1.62045,1.62006,1.62038,100400000,1
1290009540000,1290009599000,1.62039,1.62129,1.62017,1.62123,155800000,1
1290009600000,1290009659000,1.62123,1.62153,1.62107,1.6212,135200000,1
1290009660000,1290009719000,1.62115,1.6218,1.62096,1.62147,157400000,1
1290009720000,1290009779000,1.62153,1.62185,1.62146,1.62164,80500000,1
1290009780000,1290009839000,1.62168,1.62189,1.62134,1.62171,114200000,1
1290009840000,1290009899000,1.62165,1.62232,1.62162,1.62215,112600000,1
1290009900000,1290009959000,1.6221,1.62233,1.62182,1.62201,109300000,1
1290009960000,1290010019000,1.62189,1.62206,1.62157,1.62186,65100000,1
1290010020000,1290010079000,1.62185,1.62281,1.62164,1.62258,125000000,1
1290010080000,1290010139000,1.6226,1.62345,1.62259,1.62286,104800000,1
1290010140000,1290010199000,1.62297,1.62321,1.62287,1.62303,121100000,1
1290010200000,1290010259000,1.62308,1.62326,1.6226,1.62289,131000000,1
1290010260000,1290010319000,1.62289,1.62303,1.62257,1.62262,128900000,1
1290010320000,1290010379000,1.62262,1.62262,1.62224,1.6223,137900000,1
1290010380000,1290010439000,1.62233,1.62233,1.62189,1.62204,169000000,1
1290010440000,1290010499000,1.62207,1.62221,1.62172,1.62189,154300000,1
1290010500000,1290010559000,1.62201,1.62201,1.62139,1.62171,156400000,1
1290010560000,1290010619000,1.62161,1.6219,1.62157,1.62169,147100000,1
1290010620000,1290010679000,1.62169,1.62183,1.62109,1.62135,121600000,1
1290010680000,1290010739000,1.62143,1.62183,1.62125,1.62161,124500000,1
1290010740000,1290010799000,1.62168,1.62218,1.62163,1.62187,122000000,1
1290010800000,1290010859000,1.62203,1.6223,1.62186,1.62216,90200000,1
1290010860000,1290010919000,1.62213,1.62292,1.62213,1.62287,81200000,1
1290010920000,1290010979000,1.62283,1.62283,1.62217,1.6225,154500000,1
1290010980000,1290011039000,1.62236,1.62279,1.62228,1.62258,72000000,1
1290011040000,1290011099000,1.62254,1.62293,1.62244,1.62293,125800000,1
1290011100000,1290011159000,1.62293,1.623,1.62243,1.62243,132900000,1
1290011160000,1290011219000,1.62241,1.62241,1.62181,1.6222,122000000,1
1290011220000,1290011279000,1.62217,1.62237,1.62192,1.62228,150900000,1
1290011280000,1290011339000,1.62228,1.62237,1.6219,1.62214,106700000,1
1290011340000,1290011399000,1.62202,1.62228,1.62165,1.62228,113500000,1
1290011400000,1290011459000,1.62228,1.62236,1.62202,1.62234,69200000,1
1290011460000,1290011519000,1.62228,1.62264,1.62211,1.62233,94800000,1
1290011520000,1290011579000,1.62234,1.62254,1.62218,1.62242,105000000,1
1290011580000,1290011639000,1.62243,1.62326,1.62243,1.62319,117200000,1
1290011640000,1290011699000,1.62325,1.62373,1.62325,1.62349,102800000,1
1290011700000,1290011759000,1.62352,1.62358,1.62299,1.62314,115200000,1
1290011760000,1290011819000,1.62304,1.62321,1.62299,1.62301,86200000,1
1290011820000,1290011879000,1.62301,1.62342,1.62294,1.62337,62400000,1
1290011880000,1290011939000,1.62333,1.62367,1.62324,1.62351,103300000,1
1290011940000,1290011999000,1.62356,1.62381,1.62346,1.62375,70700000,1
1290012000000,1290012059000,1.62375,1.62383,1.62348,1.62362,67800000,1
1290012060000,1290012119000,1.62352,1.62358,1.62298,1.62337,146100000,1
1290012120000,1290012179000,1.62326,1.62352,1.62305,1.62352,111400000,1
1290012180000,1290012239000,1.62343,1.6238,1.62323,1.62379,121800000,1
1290012240000,1290012299000,1.62376,1.62387,1.62342,1.62379,100500000,1
1290012300000,1290012359000,1.62379,1.62422,1.62363,1.6241,130700000,1
1290012360000,1290012419000,1.62415,1.62455,1.62404,1.62414,139300000,1
1290012420000,1290012479000,1.62414,1.62442,1.62383,1.62431,143600000,1
1290012480000,1290012539000,1.62427,1.62427,1.62356,1.62376,106600000,1
1290012540000,1290012599000,1.62392,1.62421,1.62361,1.62416,151000000,1
1290012600000,1290012659000,1.62395,1.62437,1.62374,1.62407,123700000,1
1290012660000,1290012719000,1.62413,1.62413,1.6231,1.62311,131700000,1
1290012720000,1290012779000,1.62298,1.62364,1.62296,1.62344,147300000,1
1290012780000,1290012839000,1.62344,1.62378,1.6233,1.62358,141500000,1
1290012840000,1290012899000,1.62368,1.62368,1.62295,1.62318,116200000,1
1290012900000,1290012959000,1.62316,1.62334,1.62285,1.62321,155700000,1
1290012960000,1290013019000,1.62319,1.62337,1.62301,1.62337,85000000,1
1290013020000,1290013079000,1.62326,1.62339,1.623,1.62325,157500000,1
1290013080000,1290013139000,1.62325,1.6233,1.62266,1.62266,105500000,1
1290013140000,1290013199000,1.62265,1.62315,1.62265,1.62276,121800000,1
1290013200000,1290013259000,1.62293,1.62309,1.62231,1.623,135400000,1
1290013260000,1290013319000,1.62298,1.62307,1.62269,1.62287,96300000,1
1290013320000,1290013379000,1.62287,1.62315,1.62239,1.62239,93100000,1
1290013380000,1290013439000,1.62233,1.6225,1.62168,1.62221,140100000,1
1290013440000,1290013499000,1.62231,1.62231,1.6216,1.62183,133400000,1
1290013500000,1290013559000,1.62192,1.62213,1.62189,1.62196,88300000,1
1290013560000,1290013619000,1.62205,1.62205,1.62139,1.62162,98100000,1
1290013620000,1290013679000,1.6216,1.62182,1.62154,1.62154,187400000,1
1290013680000,1290013739000,1.62154,1.62161,1.62129,1.62149,140000000,1
1290013740000,1290013799000,1.62136,1.62208,1.62136,1.62202,107900000,1
1290013800000,1290013859000,1.62202,1.62203,1.62148,1.62159,84800000,1
1290013860000,1290013919000,1.62159,1.62185,1.62139,1.62175,96000000,1
1290013920000,1290013979000,1.62175,1.62175,1.62149,1.62165,62100000,1
1290013980000,1290014039000,1.62165,1.6219,1.62135,1.62184,105600000,1
1290014040000,1290014099000,1.62185,1.62215,1.62172,1.62213,101100000,1
1290014100000,1290014159000,1.62221,1.62247,1.62205,1.62247,42700000,1
1290014160000,1290014219000,1.6225,1.62276,1.62226,1.62226,76100000,1
1290014220000,1290014279000,1.62224,1.62281,1.62224,1.62268,70900000,1
1290014280000,1290014339000,1.62263,1.6233,1.62248,1.62322,101100000,1
1290014340000,1290014399000,1.6232,1.6234,1.62319,1.62321,57200000,1
1290014400000,1290014459000,1.62321,1.62346,1.62314,1.62315,74800000,1
1290014460000,1290014519000,1.62314,1.6234,1.62297,1.6234,86000000,1
1290014520000,1290014579000,1.62325,1.62331,1.62304,1.62331,45900000,1
1290014580000,1290014639000,1.62317,1.62317,1.62298,1.62304,60400000,1
1290014640000,1290014699000,1.62304,1.62314,1.62248,1.62292,93000000,1
1290014700000,1290014759000,1.62284,1.623,1.62253,1.62253,113400000,1
1290014760000,1290014819000,1.62268,1.62306,1.62262,1.62298,84900000,1
1290014820000,1290014879000,1.62298,1.62315,1.62284,1.62284,69100000,1
1290014880000,1290014939000,1.62284,1.62306,1.62226,1.62242,100300000,1
1290014940000,1290014999000,1.62243,1.62284,1.62242,1.62272,84200000,1
1290015000000,1290015059000,1.62282,1.62316,1.6227,1.62312,106100000,1
1290015060000,1290015119000,1.62323,1.62328,1.62265,1.62265,77000000,1
1290015120000,1290015179000,1.62276,1.62276,1.62239,1.62244,93300000,1
1290015180000,1290015239000,1.62239,1.6225,1.62215,1.62235,114500000,1
1290015240000,1290015299000,1.62222,1.62237,1.622,1.62234,91300000,1
1290015300000,1290015359000,1.62235,1.62247,1.62234,1.62239,73200000,1
1290015360000,1290015419000,1.62239,1.62264,1.6223,1.62264,55800000,1
1290015420000,1290015479000,1.62242,1.62268,1.62236,1.62259,66800000,1
1290015480000,1290015539000,1.62259,1.62355,1.62259,1.62328,94100000,1
1290015540000,1290015599000,1.62328,1.62364,1.62321,1.62337,90700000,1
1290015600000,1290015659000,1.62336,1.62336,1.62301,1.62311,56600000,1
1290015660000,1290015719000,1.62303,1.62317,1.62256,1.62279,103800000,1
1290015720000,1290015779000,1.62267,1.62281,1.62248,1.62248,74300000,1
1290015780000,1290015839000,1.62249,1.62291,1.6224,1.62257,53500000,1
1290015840000,1290015899000,1.62254,1.62281,1.6225,1.62279,72600000,1
1290015900000,1290015959000,1.62279,1.62298,1.62272,1.62274,61500000,1
1290015960000,1290016019000,1.62271,1.62328,1.62262,1.62313,132400000,1
1290016020000,1290016079000,1.6231,1.6231,1.62281,1.62281,33800000,1
1290016080000,1290016139000,1.62281,1.62285,1.62219,1.62221,117700000,1
1290016140000,1290016199000,1.62221,1.62231,1.62195,1.62201,61000000,1
1290016200000,1290016259000,1.62201,1.62201,1.62178,1.62184,73700000,1
1290016260000,1290016319000,1.62184,1.62211,1.62179,1.62189,84700000,1
1290016320000,1290016379000,1.62189,1.62198,1.62148,1.62148,87500000,1
1290016380000,1290016439000,1.62154,1.62189,1.6215,1.62177,122400000,1
1290016440000,1290016499000,1.62181,1.62207,1.62156,1.62196,93900000,1
1290016500000,1290016559000,1.62196,1.62196,1.62185,1.62191,48600000,1
1290016560000,1290016619000,1.6219,1.6219,1.62144,1.62153,89300000,1
1290016620000,1290016679000,1.62153,1.6218,1.62153,1.62161,46100000,1
1290016680000,1290016739000,1.62166,1.6217,1.62149,1.62157,72400000,1
1290016740000,1290016799000,1.62144,1.62164,1.62116,1.62163,120400000,1
1290016800000,1290016859000,1.62154,1.62217,1.62149,1.62204,79500000,1
1290016860000,1290016919000,1.62212,1.62236,1.62201,1.62236,66400000,1
1290016920000,1290016979000,1.62236,1.62246,1.62217,1.62241,97000000,1
1290016980000,1290017039000,1.6225,1.62322,1.62248,1.62302,120600000,1
1290017040000,1290017099000,1.62314,1.62336,1.62262,1.62266,152500000,1
1290017100000,1290017159000,1.62277,1.62284,1.62254,1.62271,85200000,1
1290017160000,1290017219000,1.62267,1.62271,1.62223,1.62223,88800000,1
1290017220000,1290017279000,1.62223,1.62223,1.62163,1.62188,80000000,1
1290017280000,1290017339000,1.62179,1.62198,1.62168,1.62198,92400000,1
1290017340000,1290017399000,1.62198,1.62291,1.62181,1.62286,168000000,1
1290017400000,1290017459000,1.62271,1.62277,1.62246,1.62254,55900000,1
1290017460000,1290017519000,1.62258,1.62262,1.62236,1.62236,45900000,1
1290017520000,1290017579000,1.62236,1.62267,1.62226,1.62244,51000000,1
1290017580000,1290017639000,1.6224,1.62249,1.6222,1.62223,98600000,1
1290017640000,1290017699000,1.62223,1.62274,1.62223,1.62263,103100000,1
1290017700000,1290017759000,1.62257,1.6228,1.62236,1.62236,89700000,1
1290017760000,1290017819000,1.62239,1.62246,1.6218,1.62182,126100000,1
1290017820000,1290017879000,1.6219,1.62209,1.62176,1.62199,72400000,1
1290017880000,1290017939000,1.62193,1.62222,1.62189,1.62193,86000000,1
1290017940000,1290017999000,1.62193,1.62208,1.62176,1.62176,91800000,1
1290018000000,1290018059000,1.62176,1.6224,1.62171,1.62226,104100000,1
1290018060000,1290018119000,1.62226,1.62226,1.62188,1.62192,120900000,1
1290018120000,1290018179000,1.62192,1.6226,1.62181,1.62241,127000000,1
1290018180000,1290018239000,1.62241,1.62262,1.62232,1.62254,100300000,1
1290018240000,1290018299000,1.62258,1.62286,1.62234,1.62284,71100000,1
1290018300000,1290018359000,1.62284,1.62284,1.62206,1.62218,59300000,1
1290018360000,1290018419000,1.62219,1.62244,1.62206,1.62231,63600000,1
1290018420000,1290018479000,1.62232,1.6225,1.62219,1.62219,89800000,1
1290018480000,1290018539000,1.62226,1.62241,1.62212,1.62241,74900000,1
1290018540000,1290018599000,1.62241,1.62248,1.62216,1.62248,49700000,1
1290018600000,1290018659000,1.62242,1.62242,1.62199,1.62225,84700000,1
1290018660000,1290018719000,1.62222,1.62236,1.62216,1.62236,32200000,1
1290018720000,1290018779000,1.62236,1.62236,1.62162,1.6217,68900000,1
1290018780000,1290018839000,1.6217,1.6221,1.6217,1.62187,109400000,1
1290018840000,1290018899000,1.62187,1.62193,1.62125,1.62125,75600000,1
1290018900000,1290018959000,1.62125,1.62141,1.62118,1.6213,44100000,1
1290018960000,1290019019000,1.6213,1.62147,1.62118,1.62141,77100000,1
1290019020000,1290019079000,1.62133,1.62158,1.62132,1.62141,80900000,1
1290019080000,1290019139000,1.62145,1.62164,1.62129,1.62163,66200000,1
1290019140000,1290019199000,1.62169,1.62189,1.62149,1.62149,57400000,1
1290019200000,1290019259000,1.62152,1.62179,1.62152,1.62163,54500000,1
1290019260000,1290019319000,1.62163,1.62215,1.62163,1.62215,98600000,1
1290019320000,1290019379000,1.62205,1.62229,1.62149,1.62225,106700000,1
1290019380000,1290019439000,1.62225,1.62225,1.62158,1.62204,111700000,1
1290019440000,1290019499000,1.62205,1.62239,1.62197,1.622,82400000,1
1290019500000,1290019559000,1.622,1.62225,1.6218,1.62188,103500000,1
1290019560000,1290019619000,1.62188,1.62207,1.62145,1.6219,105500000,1
1290019620000,1290019679000,1.62193,1.62206,1.62161,1.6217,40900000,1
1290019680000,1290019739000,1.6217,1.6223,1.62163,1.62219,72700000,1
1290019740000,1290019799000,1.62219,1.62226,1.62167,1.62187,86600000,1
1290019800000,1290019859000,1.62187,1.62187,1.62148,1.62166,108800000,1
1290019860000,1290019919000,1.62166,1.62171,1.62143,1.6216,62600000,1
1290019920000,1290019979000,1.62159,1.62168,1.62157,1.62157,58200000,1
1290019980000,1290020039000,1.62157,1.62164,1.62125,1.62161,103700000,1
1290020040000,1290020099000,1.62162,1.62189,1.62142,1.62165,94200000,1
1290020100000,1290020159000,1.6217,1.62174,1.62121,1.62135,133300000,1
1290020160000,1290020219000,1.62135,1.62152,1.6212,1.62147,108200000,1
1290020220000,1290020279000,1.62147,1.62175,1.62144,1.62144,67200000,1
1290020280000,1290020339000,1.62148,1.62172,1.6213,1.6214,65500000,1
1290020340000,1290020399000,1.6215,1.62178,1.62144,1.6217,54600000,1
1290020400000,1290020459000,1.62178,1.62178,1.62137,1.62141,103700000,1
1290020460000,1290020519000,1.6215,1.62157,1.6212,1.62157,62000000,1
1290020520000,1290020579000,1.62178,1.62178,1.62151,1.62155,90400000,1
1290020580000,1290020639000,1.62164,1.62165,1.62139,1.62144,102900000,1
1290020640000,1290020699000,1.62144,1.62159,1.62143,1.62143,50100000,1
1290020700000,1290020759000,1.62152,1.6216,1.62132,1.62133,58600000,1
1290020760000,1290020819000,1.62134,1.62154,1.62124,1.62135,139900000,1
1290020820000,1290020879000,1.62135,1.62168,1.62133,1.62157,136300000,1
1290020880000,1290020939000,1.62167,1.62171,1.62144,1.62171,90400000,1
1290020940000,1290020999000,1.62161,1.6219,1.62141,1.62149,89600000,1
1290021000000,1290021059000,1.62143,1.62163,1.62138,1.62163,107900000,1
1290021060000,1290021119000,1.62163,1.62169,1.62151,1.62168,73900000,1
1290021120000,1290021179000,1.62168,1.62223,1.62157,1.62223,54400000,1
1290021180000,1290021239000,1.62219,1.62223,1.62177,1.62207,80000000,1
1290021240000,1290021299000,1.62207,1.6225,1.62197,1.6225,123700000,1
1290021300000,1290021359000,1.6225,1.62273,1.62247,1.62248,86200000,1
1290021360000,1290021419000,1.62253,1.62263,1.6225,1.6225,71700000,1
1290021420000,1290021479000,1.62258,1.62273,1.62203,1.62222,122800000,1
1290021480000,1290021539000,1.62215,1.62227,1.62148,1.62153,137000000,1
1290021540000,1290021599000,1.62157,1.62177,1.62145,1.6217,95600000,1
1290021600000,1290021659000,1.62169,1.62193,1.62151,1.62175,92700000,1
1290021660000,1290021719000,1.62185,1.6221,1.62179,1.62202,79900000,1
1290021720000,1290021779000,1.62202,1.62204,1.62155,1.62165,129300000,1
1290021780000,1290021839000,1.62156,1.6216,1.62127,1.62149,88000000,1
1290021840000,1290021899000,1.62151,1.62179,1.62133,1.62167,52600000,1
1290021900000,1290021959000,1.62166,1.62189,1.62154,1.62154,55000000,1
1290021960000,1290022019000,1.62152,1.62159,1.62093,1.62137,126200000,1
1290022020000,1290022079000,1.62135,1.6216,1.62129,1.62153,81400000,1
1290022080000,1290022139000,1.62153,1.62179,1.62143,1.62144,69300000,1
1290022140000,1290022199000,1.62153,1.62187,1.62153,1.62168,54500000,1
1290022200000,1290022259000,1.62161,1.62174,1.62146,1.62155,60100000,1
1290022260000,1290022319000,1.62165,1.62185,1.62159,1.62184,59100000,1
1290022320000,1290022379000,1.62185,1.62185,1.62135,1.62137,43400000,1
1290022380000,1290022439000,1.62139,1.62139,1.62126,1.62131,58000000,1
1290022440000,1290022499000,1.62131,1.62131,1.62106,1.62125,33400000,1
1290022500000,1290022559000,1.62129,1.62138,1.62112,1.62124,63100000,1
1290022560000,1290022619000,1.62124,1.6214,1.62123,1.62123,32900000,1
1290022620000,1290022679000,1.62113,1.62132,1.62113,1.62117,53400000,1
1290022680000,1290022739000,1.62132,1.62152,1.62124,1.62128,105700000,1
1290022740000,1290022799000,1.62124,1.62158,1.62123,1.62157,77300000,1
1290022800000,1290022859000,1.62158,1.62178,1.62145,1.62165,33100000,1
1290022860000,1290022919000,1.62165,1.62182,1.62133,1.62136,67300000,1
1290022920000,1290022979000,1.62136,1.62157,1.62136,1.62146,53600000,1
1290022980000,1290023039000,1.62146,1.62167,1.62123,1.62129,46100000,1
1290023040000,1290023099000,1.62129,1.62153,1.62097,1.62118,95600000,1
1290023100000,1290023159000,1.62117,1.62125,1.62106,1.62119,46700000,1
1290023160000,1290023219000,1.62117,1.62132,1.62105,1.62118,43200000,1
1290023220000,1290023279000,1.62116,1.6215,1.621,1.621,63500000,1
1290023280000,1290023339000,1.62106,1.62129,1.62101,1.62129,112700000,1
1290023340000,1290023399000,1.62129,1.62132,1.62102,1.62116,64000000,1
1290023400000,1290023459000,1.62129,1.62145,1.62094,1.62094,51600000,1
1290023460000,1290023519000,1.62092,1.62116,1.62082,1.62111,46400000,1
1290023520000,1290023579000,1.62113,1.62113,1.62082,1.62082,47300000,1
1290023580000,1290023639000,1.62081,1.62098,1.62075,1.62087,34500000,1
1290023640000,1290023699000,1.62087,1.62087,1.62037,1.62058,76800000,1
1290023700000,1290023759000,1.62048,1.62132,1.62038,1.62132,105200000,1
1290023760000,1290023819000,1.62139,1.62206,1.62132,1.62197,63100000,1
1290023820000,1290023879000,1.62197,1.62209,1.62194,1.622,31700000,1
1290023880000,1290023939000,1.622,1.62222,1.62184,1.62222,37400000,1
1290023940000,1290023999000,1.62239,1.62316,1.62238,1.62278,62900000,1
1290024000000,1290024059000,1.62281,1.62284,1.62228,1.62246,70700000,1
1290024060000,1290024119000,1.62245,1.62257,1.6222,1.6222,56700000,1
1290024120000,1290024179000,1.6222,1.62253,1.6222,1.62253,74900000,1
1290024180000,1290024239000,1.62253,1.62256,1.62223,1.62237,89100000,1
1290024240000,1290024299000,1.62239,1.62258,1.62239,1.62252,92800000,1
1290024300000,1290024359000,1.62252,1.62252,1.6222,1.6222,95600000,1
1290024360000,1290024419000,1.6222,1.62262,1.62217,1.62252,96100000,1
1290024420000,1290024479000,1.62252,1.6226,1.62232,1.6225,80700000,1
1290024480000,1290024539000,1.62253,1.62319,1.6225,1.62318,146400000,1
1290024540000,1290024599000,1.62329,1.6237,1.62319,1.62352,61500000,1
1290024600000,1290024659000,1.62352,1.62371,1.62336,1.62352,67200000,1
1290024660000,1290024719000,1.62352,1.62352,1.62331,1.62336,29400000,1
1290024720000,1290024779000,1.62336,1.62373,1.62329,1.62356,55300000,1
1290024780000,1290024839000,1.62355,1.62362,1.62345,1.62356,50700000,1
1290024840000,1290024899000,1.62355,1.62358,1.62346,1.62355,81600000,1
1290024900000,1290024959000,1.62357,1.62384,1.62346,1.62359,74100000,1
1290024960000,1290025019000,1.62348,1.6238,1.62341,1.6238,70900000,1
1290025020000,1290025079000,1.62369,1.62369,1.62328,1.62343,40000000,1
1290025080000,1290025139000,1.62347,1.62354,1.62342,1.62347,42400000,1
1290025140000,1290025199000,1.62347,1.62379,1.62342,1.62365,88300000,1
1290025200000,1290025259000,1.6236,1.62372,1.62344,1.62356,82500000,1
1290025260000,1290025319000,1.6236,1.62368,1.62343,1.62364,59500000,1
1290025320000,1290025379000,1.62364,1.62383,1.62348,1.62379,125400000,1
1290025380000,1290025439000,1.6238,1.62394,1.62379,1.62385,87300000,1
1290025440000,1290025499000,1.62389,1.62424,1.62382,1.62424,97300000,1
1290025500000,1290025559000,1.62416,1.62458,1.62408,1.62439,82200000,1
1290025560000,1290025619000,1.62439,1.62459,1.62431,1.62438,110900000,1
1290025620000,1290025679000,1.62444,1.625,1.62424,1.62463,141600000,1
1290025680000,1290025739000,1.62461,1.6247,1.62425,1.62445,111800000,1
1290025740000,1290025799000,1.62462,1.62511,1.62437,1.62505,175700000,1
1290025800000,1290025859000,1.62511,1.62515,1.62461,1.62461,125000000,1
1290025860000,1290025919000,1.62466,1.62475,1.62441,1.62441,69500000,1
1290025920000,1290025979000,1.62441,1.62441,1.6242,1.62426,48600000,1
1290025980000,1290026039000,1.62426,1.62438,1.62398,1.62428,57300000,1
1290026040000,1290026099000,1.62431,1.62438,1.62406,1.62412,85900000,1
1290026100000,1290026159000,1.62412,1.62417,1.62382,1.62382,78200000,1
1290026160000,1290026219000,1.62388,1.62419,1.62376,1.62403,101600000,1
1290026220000,1290026279000,1.62397,1.62411,1.62393,1.62399,61300000,1
1290026280000,1290026339000,1.62399,1.6243,1.62394,1.6241,47300000,1
1290026340000,1290026399000,1.62411,1.62419,1.62406,1.62409,41500000,1
1290026400000,1290026459000,1.62413,1.62439,1.62411,1.62417,72300000,1
1290026460000,1290026519000,1.62417,1.62417,1.62405,1.62416,53100000,1
1290026520000,1290026579000,1.62416,1.62442,1.62416,1.62439,67600000,1
1290026580000,1290026639000,1.62439,1.62469,1.62436,1.62452,115900000,1
1290026640000,1290026699000,1.62447,1.62467,1.62447,1.62455,44300000,1
1290026700000,1290026759000,1.6245,1.62475,1.62442,1.62457,56600000,1
1290026760000,1290026819000,1.62452,1.62476,1.62413,1.62413,97800000,1
1290026820000,1290026879000,1.62411,1.62417,1.62406,1.62406,46400000,1
1290026880000,1290026939000,1.62406,1.62419,1.62403,1.62406,27000000,1
1290026940000,1290026999000,1.62406,1.62408,1.62385,1.62399,68000000,1
1290027000000,1290027059000,1.62397,1.62414,1.62375,1.62375,127000000,1
1290027060000,1290027119000,1.62375,1.62397,1.62375,1.62397,75700000,1
1290027120000,1290027179000,1.62397,1.62397,1.62361,1.62372,63600000,1
1290027180000,1290027239000,1.62372,1.62379,1.62346,1.62346,58500000,1
1290027240000,1290027299000,1.62355,1.62436,1.62354,1.62436,89900000,1
1290027300000,1290027359000,1.62451,1.62475,1.62436,1.62458,63500000,1
1290027360000,1290027419000,1.62462,1.62475,1.62452,1.62458,42700000,1
1290027420000,1290027479000,1.62458,1.62468,1.62452,1.62461,52400000,1
1290027480000,1290027539000,1.62467,1.62483,1.62467,1.6247,31800000,1
1290027540000,1290027599000,1.6247,1.62494,1.62461,1.62489,76100000,1
1290027600000,1290027659000,1.62488,1.62501,1.62457,1.62475,59500000,1
1290027660000,1290027719000,1.62475,1.62494,1.62445,1.62483,45900000,1
1290027720000,1290027779000,1.62491,1.62554,1.62488,1.62516,79600000,1
1290027780000,1290027839000,1.62507,1.62515,1.62462,1.62489,71600000,1
1290027840000,1290027899000,1.62502,1.62511,1.62469,1.62501,37800000,1
1290027900000,1290027959000,1.62507,1.6251,1.6249,1.62493,38800000,1
1290027960000,1290028019000,1.62493,1.62493,1.62447,1.62469,58300000,1
1290028020000,1290028079000,1.62469,1.62469,1.62437,1.62437,33300000,1
1290028080000,1290028139000,1.62437,1.62437,1.62411,1.62411,28000000,1
1290028140000,1290028199000,1.62411,1.62416,1.62355,1.62355,94600000,1
1290028200000,1290028259000,1.62363,1.62378,1.62362,1.62363,53400000,1
1290028260000,1290028319000,1.62363,1.62379,1.62363,1.62373,38600000,1
1290028320000,1290028379000,1.62372,1.62385,1.62372,1.62373,19400000,1
1290028380000,1290028439000,1.62377,1.6239,1.6237,1.62376,41900000,1
1290028440000,1290028499000,1.62378,1.6239,1.62361,1.6239,46300000,1
1290028500000,1290028559000,1.62381,1.62383,1.62381,1.62382,15600000,1
1290028560000,1290028619000,1.62393,1.62397,1.62393,1.62397,8100000,1
1290028620000,1290028679000,1.62402,1.62402,1.62393,1.62393,12800000,1
1290028680000,1290028739000,1.62393,1.62449,1.62392,1.62427,36600000,1
1290028740000,1290028799000,1.62427,1.62461,1.62427,1.62439,30700000,1
1290028800000,1290028859000,1.62439,1.62454,1.62434,1.62441,20600000,1
1290028860000,1290028919000,1.6244,1.6244,1.62421,1.62428,14600000,1
1290028920000,1290028979000,1.62431,1.62431,1.62431,1.62431,4100000,1
1290028980000,1290029039000,1.62433,1.62437,1.62432,1.62437,24200000,1
1290029040000,1290029099000,1.62425,1.62453,1.62425,1.62426,12300000,1
1290029100000,1290029159000,1.62452,1.62459,1.62426,1.62452,24100000,1
1290029160000,1290029219000,1.62453,1.62453,1.62453,1.62453,3200000,1
1290029220000,1290029279000,1.62453,1.62453,1.62449,1.62449,6300000,1
1290029280000,1290029339000,1.62452,1.62452,1.6241,1.62416,21400000,1
1290029340000,1290029399000,1.62426,1.62426,1.62426,1.62426,3600000,1
1290029400000,1290029459000,1.62426,1.62426,1.62421,1.62424,23900000,1
1290029460000,1290029519000,1.62421,1.62421,1.62416,1.62416,9400000,1
1290029520000,1290029579000,1.62416,1.62457,1.62416,1.62421,59800000,1
1290029580000,1290029639000,1.62421,1.62421,1.62408,1.62409,24600000,1
1290029640000,1290029699000,1.62413,1.62417,1.62409,1.62409,21900000,1
1290029700000,1290029759000,1.62409,1.62428,1.62409,1.62428,17900000,1
1290029760000,1290029819000,1.62428,1.62455,1.62428,1.62455,17400000,1
1290029820000,1290029879000,1.62455,1.6246,1.62424,1.62435,40900000,1
1290029880000,1290029939000,1.62455,1.62455,1.62455,1.62455,10000000,1
1290029940000,1290029999000,1.62455,1.62461,1.6245,1.62454,20300000,1
1290030000000,1290030059000,1.62454,1.62461,1.62429,1.62447,50000000,1
1290030060000,1290030119000,1.62447,1.62472,1.62428,1.62428,32800000,1
1290030120000,1290030179000,1.62434,1.62435,1.62379,1.62387,43100000,1
1290030180000,1290030239000,1.6238,1.62387,1.62328,1.62328,18800000,1
1290030240000,1290030299000,1.62328,1.62328,1.6227,1.62303,68500000,1
1290030300000,1290030359000,1.62291,1.62338,1.62242,1.62309,62700000,1
1290030360000,1290030419000,1.62309,1.62348,1.62273,1.62282,62500000,1
1290030420000,1290030479000,1.62282,1.62312,1.62275,1.62275,52000000,1
1290030480000,1290030539000,1.62276,1.62279,1.62275,1.62277,72400000,1
1290030540000,1290030599000,1.62277,1.62341,1.62277,1.62329,64000000,1
1290030600000,1290030659000,1.62329,1.62349,1.62269,1.62281,104500000,1
1290030660000,1290030719000,1.62281,1.6231,1.62281,1.6231,42700000,1
1290030720000,1290030779000,1.6231,1.6231,1.62292,1.62292,26800000,1
1290030780000,1290030839000,1.62292,1.62292,1.62288,1.62288,14500000,1
1290030840000,1290030899000,1.62288,1.62319,1.62288,1.62312,62200000,1
1290030900000,1290030959000,1.62313,1.62318,1.62294,1.62294,18400000,1
1290030960000,1290031019000,1.62293,1.62339,1.62291,1.62303,68100000,1
1290031020000,1290031079000,1.62302,1.62319,1.62302,1.62317,16900000,1
1290031080000,1290031139000,1.62317,1.62318,1.62312,1.62318,54400000,1
1290031140000,1290031199000,1.62318,1.62336,1.62318,1.62334,79700000,1
1290031200000,1290031259000,1.62328,1.62388,1.62328,1.62388,28800000,1
1290031260000,1290031319000,1.62383,1.62387,1.62362,1.62367,12800000,1
1290031320000,1290031379000,1.62383,1.62395,1.62367,1.62395,18400000,1
1290031380000,1290031439000,1.62395,1.62447,1.62395,1.62447,30200000,1
1290031440000,1290031499000,1.62446,1.62446,1.62404,1.62413,103000000,1
1290031500000,1290031559000,1.62413,1.62429,1.6237,1.6242,86900000,1
1290031560000,1290031619000,1.6242,1.6242,1.624,1.62418,45500000,1
1290031620000,1290031679000,1.62418,1.62433,1.62412,1.62426,26300000,1
1290031680000,1290031739000,1.62426,1.6247,1.62426,1.62454,48400000,1
1290031740000,1290031799000,1.62458,1.62463,1.62433,1.62458,77700000,1
1290031800000,1290031859000,1.62458,1.62472,1.62458,1.62472,47400000,1
1290031860000,1290031919000,1.62468,1.62472,1.62449,1.62449,14200000,1
1290031920000,1290031979000,1.62448,1.62468,1.62448,1.62466,13800000,1
1290031980000,1290032039000,1.62466,1.62467,1.62466,1.62467,3600000,1
1290032040000,1290032099000,1.62467,1.62483,1.62412,1.62418,44900000,1
1290032100000,1290032159000,1.6241,1.6241,1.62408,1.6241,10300000,1
1290032160000,1290032219000,1.6241,1.6241,1.62407,1.62407,4500000,1
1290032220000,1290032279000,1.62408,1.6241,1.62408,1.6241,10000000,1
1290032280000,1290032339000,1.6241,1.6241,1.62407,1.62408,11600000,1
1290032340000,1290032399000,1.62402,1.62402,1.62382,1.6239,14100000,1
1290032400000,1290032459000,1.62385,1.62385,1.62367,1.62367,23000000,1
1290032460000,1290032519000,1.62367,1.62367,1.62367,1.62367,10800000,1
1290032520000,1290032579000,1.62368,1.62368,1.62325,1.6234,42200000,1
1290032580000,1290032639000,1.62344,1.6237,1.62344,1.6237,24800000,1
1290032640000,1290032699000,1.6237,1.6237,1.62347,1.62355,16400000,1
1290032700000,1290032759000,1.62328,1.62355,1.62328,1.62332,19300000,1
1290032760000,1290032819000,1.6233,1.6233,1.62286,1.62288,14800000,1
1290032820000,1290032879000,1.62286,1.62293,1.62286,1.62293,20000000,1
1290032880000,1290032939000,1.62292,1.62293,1.62268,1.62277,31400000,1
1290032940000,1290032999000,1.62277,1.62282,1.62263,1.62273,41600000,1
1290033000000,1290033059000,1.62269,1.62302,1.62232,1.62268,61300000,1
1290033060000,1290033119000,1.62268,1.62289,1.62238,1.62279,56600000,1
1290033120000,1290033179000,1.62294,1.62296,1.62269,1.62269,47400000,1
1290033180000,1290033239000,1.62262,1.62262,1.62233,1.62233,12400000,1
1290033240000,1290033299000,1.62233,1.62246,1.62221,1.62238,32800000,1
1290033300000,1290033359000,1.6223,1.62238,1.62221,1.62238,29200000,1
1290033360000,1290033419000,1.62233,1.62238,1.62221,1.62232,32200000,1
1290033420000,1290033479000,1.62233,1.62233,1.6223,1.6223,14100000,1
1290033480000,1290033539000,1.62238,1.62238,1.62232,1.62232,2400000,1
1290033540000,1290033599000,1.6223,1.6223,1.62187,1.62189,28400000,1
1290033600000,1290033659000,1.62198,1.62205,1.6215,1.62173,42000000,1
1290033660000,1290033719000,1.62155,1.62172,1.62155,1.62164,45400000,1
1290033720000,1290033779000,1.62164,1.6218,1.62164,1.62168,13100000,1
1290033780000,1290033839000,1.62164,1.62191,1.62157,1.62169,43500000,1
1290033840000,1290033899000,1.62177,1.62193,1.62164,1.62182,30600000,1
1290033900000,1290033959000,1.62172,1.62172,1.62164,1.62164,17800000,1
1290033960000,1290034019000,1.62164,1.62164,1.62164,1.62164,6100000,1
1290034020000,1290034079000,1.62164,1.62164,1.62137,1.62148,23400000,1
1290034080000,1290034139000,1.62143,1.62165,1.6213,1.62165,14400000,1
1290034140000,1290034199000,1.62165,1.62177,1.62149,1.62152,21300000,1
1290034200000,1290034259000,1.62149,1.62168,1.62149,1.62152,38700000,1
1290034260000,1290034319000,1.62149,1.62159,1.62146,1.62159,15500000,1
1290034320000,1290034379000,1.62153,1.62163,1.62146,1.62163,44400000,1
1290034380000,1290034439000,1.62165,1.62165,1.62146,1.62146,39800000,1
1290034440000,1290034499000,1.62138,1.62148,1.62127,1.62148,44500000,1
1290034500000,1290034559000,1.62147,1.62163,1.62144,1.62163,18600000,1
1290034560000,1290034619000,1.6217,1.62179,1.62166,1.62166,35200000,1
1290034620000,1290034679000,1.62173,1.62188,1.6217,1.62188,51100000,1
1290034680000,1290034739000,1.62188,1.62188,1.62163,1.62163,24900000,1
1290034740000,1290034799000,1.62171,1.62178,1.62163,1.62175,27300000,1
1290034800000,1290034859000,1.6218,1.62337,1.62167,1.62242,111500000,1
1290034860000,1290034919000,1.62247,1.62256,1.6222,1.6222,76000000,1
1290034920000,1290034979000,1.62208,1.62243,1.62208,1.62243,42000000,1
1290034980000,1290035039000,1.62245,1.62264,1.62245,1.62264,21600000,1
1290035040000,1290035099000,1.62267,1.62293,1.62267,1.62293,27500000,1
1290035100000,1290035159000,1.62283,1.62283,1.62252,1.62263,20900000,1
1290035160000,1290035219000,1.62266,1.62266,1.62244,1.62259,33300000,1
1290035220000,1290035279000,1.62259,1.62264,1.62249,1.62256,38300000,1
1290035280000,1290035339000,1.62265,1.62265,1.62211,1.62246,73900000,1
1290035340000,1290035399000,1.62238,1.62267,1.62236,1.62263,178500000,1
1290035400000,1290035459000,1.6226,1.62263,1.62252,1.62252,36300000,1
1290035460000,1290035519000,1.62252,1.62252,1.62217,1.62225,55800000,1
1290035520000,1290035579000,1.62219,1.62219,1.62189,1.62211,47000000,1
1290035580000,1290035639000,1.6221,1.62222,1.62197,1.62197,43600000,1
1290035640000,1290035699000,1.62199,1.62216,1.62177,1.62216,34400000,1
1290035700000,1290035759000,1.62217,1.6223,1.62198,1.62223,30300000,1
1290035760000,1290035819000,1.62227,1.62228,1.62193,1.62193,33000000,1
1290035820000,1290035879000,1.62193,1.62204,1.62188,1.62204,38600000,1
1290035880000,1290035939000,1.62213,1.62228,1.62196,1.62208,61800000,1
1290035940000,1290035999000,1.62208,1.62224,1.62204,1.62224,35500000,1
1290036000000,1290036059000,1.62224,1.62248,1.62224,1.62233,51600000,1
1290036060000,1290036119000,1.62237,1.62243,1.62234,1.62243,5300000,1
1290036120000,1290036179000,1.62237,1.62237,1.6222,1.6222,26300000,1
1290036180000,1290036239000,1.6222,1.62253,1.62209,1.62217,109700000,1
1290036240000,1290036299000,1.62232,1.62248,1.62228,1.62232,55300000,1
1290036300000,1290036359000,1.62232,1.62255,1.62222,1.62255,61400000,1
1290036360000,1290036419000,1.62255,1.62268,1.62247,1.62268,29900000,1
1290036420000,1290036479000,1.62265,1.62287,1.62265,1.62266,15800000,1
1290036480000,1290036539000,1.6226,1.62268,1.62251,1.62265,86800000,1
1290036540000,1290036599000,1.62265,1.62273,1.62244,1.62257,38900000,1
1290036600000,1290036659000,1.62257,1.62283,1.62248,1.62272,59700000,1
1290036660000,1290036719000,1.62266,1.62272,1.6222,1.62236,133400000,1
1290036720000,1290036779000,1.62233,1.62235,1.62157,1.62177,114700000,1
1290036780000,1290036839000,1.62183,1.62237,1.62177,1.62237,75600000,1
1290036840000,1290036899000,1.62242,1.62258,1.62225,1.62231,91500000,1
1290036900000,1290036959000,1.62231,1.62274,1.62223,1.62256,78800000,1
1290036960000,1290037019000,1.62256,1.62256,1.62207,1.62207,35400000,1
1290037020000,1290037079000,1.6221,1.62253,1.6221,1.62241,71300000,1
1290037080000,1290037139000,1.62233,1.62237,1.62221,1.62234,61600000,1
1290037140000,1290037199000,1.62237,1.62253,1.62224,1.62224,46400000,1
1290037200000,1290037259000,1.62224,1.62253,1.62224,1.62253,48000000,1
1290037260000,1290037319000,1.62247,1.62278,1.62243,1.62255,85000000,1
1290037320000,1290037379000,1.62254,1.62269,1.62215,1.62223,74100000,1
1290037380000,1290037439000,1.62223,1.62237,1.62214,1.62214,84500000,1
1290037440000,1290037499000,1.62213,1.62214,1.62196,1.62196,40400000,1
1290037500000,1290037559000,1.62196,1.62198,1.62125,1.62143,102600000,1
1290037560000,1290037619000,1.62141,1.62141,1.621,1.6212,118800000,1
1290037620000,1290037679000,1.62122,1.6215,1.62117,1.62127,82000000,1
1290037680000,1290037739000,1.62133,1.62161,1.62121,1.62148,65800000,1
1290037740000,1290037799000,1.62152,1.6218,1.62151,1.62151,82400000,1
1290037800000,1290037859000,1.62151,1.62185,1.62149,1.62185,94600000,1
1290037860000,1290037919000,1.62193,1.62193,1.6211,1.62147,111200000,1
1290037920000,1290037979000,1.6215,1.6218,1.62141,1.62145,123100000,1
1290037980000,1290038039000,1.62145,1.62163,1.62135,1.62146,75200000,1
1290038040000,1290038099000,1.62159,1.6218,1.62144,1.62148,94600000,1
1290038100000,1290038159000,1.6215,1.62167,1.62125,1.6215,86000000,1
1290038160000,1290038219000,1.62153,1.62153,1.62125,1.62125,80600000,1
1290038220000,1290038279000,1.62125,1.62136,1.62119,1.6212,72500000,1
1290038280000,1290038339000,1.6212,1.62155,1.6212,1.62145,77800000,1
1290038340000,1290038399000,1.62125,1.62141,1.62111,1.62141,81400000,1
1290038400000,1290038459000,1.62139,1.62204,1.62135,1.62204,110000000,1
1290038460000,1290038519000,1.62193,1.62217,1.62184,1.62197,65200000,1
1290038520000,1290038579000,1.62213,1.62213,1.62153,1.62178,68800000,1
1290038580000,1290038639000,1.62178,1.62178,1.62127,1.62134,45500000,1
1290038640000,1290038699000,1.62134,1.62138,1.62112,1.62124,57400000,1
1290038700000,1290038759000,1.62138,1.62145,1.6213,1.62139,36500000,1
1290038760000,1290038819000,1.62139,1.62162,1.62137,1.62141,59000000,1
1290038820000,1290038879000,1.62142,1.62148,1.62126,1.62138,57400000,1
1290038880000,1290038939000,1.62138,1.62163,1.62126,1.62126,65900000,1
1290038940000,1290038999000,1.62126,1.62148,1.62126,1.62148,31200000,1
1290039000000,1290039059000,1.62148,1.62163,1.62135,1.62135,28200000,1
1290039060000,1290039119000,1.62148,1.62158,1.62116,1.62141,73100000,1
1290039120000,1290039179000,1.62127,1.62134,1.62127,1.62128,33400000,1
1290039180000,1290039239000,1.62117,1.62139,1.62081,1.62093,101500000,1
1290039240000,1290039299000,1.62097,1.62109,1.62085,1.62099,93700000,1
1290039300000,1290039359000,1.62101,1.62101,1.62036,1.62052,137900000,1
1290039360000,1290039419000,1.62048,1.62055,1.62011,1.62042,114700000,1
1290039420000,1290039479000,1.62042,1.62059,1.62008,1.6205,107200000,1
1290039480000,1290039539000,1.62044,1.62059,1.62043,1.6205,52200000,1
1290039540000,1290039599000,1.62044,1.62054,1.61999,1.62046,79900000,1
1290039600000,1290039659000,1.62038,1.62065,1.62024,1.62065,83100000,1
1290039660000,1290039719000,1.62057,1.62057,1.62023,1.62033,89100000,1
1290039720000,1290039779000,1.62031,1.62067,1.62026,1.6206,66000000,1
1290039780000,1290039839000,1.62067,1.62085,1.62053,1.6208,81500000,1
1290039840000,1290039899000,1.62073,1.62076,1.62049,1.62056,109900000,1
1290039900000,1290039959000,1.62056,1.62111,1.62056,1.62083,86100000,1
1290039960000,1290040019000,1.62085,1.62099,1.6206,1.62081,73100000,1
1290040020000,1290040079000,1.62081,1.62098,1.6206,1.62081,111500000,1
1290040080000,1290040139000,1.62072,1.62091,1.62053,1.6206,96800000,1
1290040140000,1290040199000,1.62059,1.62092,1.62059,1.62064,49700000,1
1290040200000,1290040259000,1.62066,1.62088,1.6205,1.62061,87100000,1
1290040260000,1290040319000,1.62056,1.62074,1.62042,1.62058,71100000,1
1290040320000,1290040379000,1.62058,1.62058,1.62001,1.62001,106600000,1
1290040380000,1290040439000,1.62011,1.62028,1.61999,1.62028,104000000,1
1290040440000,1290040499000,1.62019,1.62048,1.61986,1.61998,116700000,1
1290040500000,1290040559000,1.61998,1.62011,1.61998,1.62007,52900000,1
1290040560000,1290040619000,1.62007,1.62007,1.61984,1.61987,84600000,1
1290040620000,1290040679000,1.61996,1.62005,1.6199,1.62005,42800000,1
1290040680000,1290040739000,1.62005,1.62026,1.62005,1.62026,37000000,1
1290040740000,1290040799000,1.62026,1.62026,1.61993,1.62009,109800000,1
1290040800000,1290040859000,1.62009,1.62047,1.62001,1.62039,97500000,1
1290040860000,1290040919000,1.62041,1.62102,1.62038,1.62096,93800000,1
1290040920000,1290040979000,1.62095,1.62095,1.62059,1.62094,99800000,1
1290040980000,1290041039000,1.62077,1.62099,1.62076,1.62076,69100000,1
1290041040000,1290041099000,1.62076,1.62077,1.62029,1.62053,137700000,1
1290041100000,1290041159000,1.62067,1.62095,1.62032,1.62089,168100000,1
1290041160000,1290041219000,1.62092,1.62097,1.62062,1.62062,186700000,1
1290041220000,1290041279000,1.62063,1.62078,1.62034,1.62034,122100000,1
1290041280000,1290041339000,1.62034,1.62075,1.62025,1.62057,153700000,1
1290041340000,1290041399000,1.62055,1.62098,1.62055,1.62077,126700000,1
1290041400000,1290041459000,1.62083,1.62094,1.62068,1.62089,100500000,1
1290041460000,1290041519000,1.62089,1.62089,1.62024,1.62044,127000000,1
1290041520000,1290041579000,1.62035,1.62046,1.6202,1.62023,103200000,1
1290041580000,1290041639000,1.62006,1.62051,1.62001,1.62051,165900000,1
1290041640000,1290041699000,1.62036,1.62066,1.62036,1.62066,108800000,1
1290041700000,1290041759000,1.62063,1.62063,1.62003,1.62009,130700000,1
1290041760000,1290041819000,1.62017,1.62033,1.62011,1.62028,47800000,1
1290041820000,1290041879000,1.62021,1.62042,1.62012,1.62012,47900000,1
1290041880000,1290041939000,1.62019,1.62033,1.62005,1.62015,102000000,1
1290041940000,1290041999000,1.62012,1.62018,1.61984,1.61994,85000000,1
1290042000000,1290042059000,1.62001,1.62023,1.61968,1.61993,121000000,1
1290042060000,1290042119000,1.61989,1.61998,1.61964,1.61968,78100000,1
1290042120000,1290042179000,1.61963,1.61974,1.61939,1.61954,206100000,1
1290042180000,1290042239000,1.61947,1.61979,1.61938,1.61979,116500000,1
1290042240000,1290042299000,1.61979,1.61993,1.61965,1.61979,113500000,1
1290042300000,1290042359000,1.61978,1.61983,1.61955,1.61963,100800000,1
1290042360000,1290042419000,1.61973,1.61985,1.61918,1.61932,92700000,1
1290042420000,1290042479000,1.61932,1.61934,1.61908,1.61929,143000000,1
1290042480000,1290042539000,1.61923,1.62008,1.61917,1.61999,126800000,1
1290042540000,1290042599000,1.61999,1.62027,1.61991,1.62022,71100000,1
1290042600000,1290042659000,1.62017,1.62078,1.62009,1.62068,157400000,1
1290042660000,1290042719000,1.62068,1.62086,1.62045,1.62082,100100000,1
1290042720000,1290042779000,1.62069,1.62089,1.62063,1.62089,75100000,1
1290042780000,1290042839000,1.62089,1.62119,1.62085,1.62115,88000000,1
1290042840000,1290042899000,1.62108,1.62108,1.62067,1.62079,88900000,1
1290042900000,1290042959000,1.62095,1.62095,1.62047,1.6207,102500000,1
1290042960000,1290043019000,1.62076,1.62087,1.62042,1.62042,69900000,1
1290043020000,1290043079000,1.62042,1.62059,1.62032,1.62038,86800000,1
1290043080000,1290043139000,1.62032,1.62055,1.62026,1.62052,91600000,1
1290043140000,1290043199000,1.62044,1.62082,1.62039,1.62052,132500000,1
1290043200000,1290043259000,1.62052,1.62073,1.62042,1.62053,137800000,1
1290043260000,1290043319000,1.62052,1.62098,1.62007,1.62007,110500000,1
1290043320000,1290043379000,1.62006,1.62056,1.61997,1.62039,121800000,1
1290043380000,1290043439000,1.62031,1.62047,1.62021,1.62038,144100000,1
1290043440000,1290043499000,1.62038,1.62038,1.61994,1.61998,100700000,1
1290043500000,1290043559000,1.61989,1.62018,1.6198,1.6199,77900000,1
1290043560000,1290043619000,1.61989,1.62006,1.61962,1.6199,142900000,1
1290043620000,1290043679000,1.6199,1.6199,1.61928,1.61944,166000000,1
1290043680000,1290043739000,1.61944,1.61969,1.61939,1.61969,88900000,1
1290043740000,1290043799000,1.61969,1.61984,1.61943,1.61948,97600000,1
1290043800000,1290043859000,1.61953,1.6196,1.61919,1.61919,86500000,1
1290043860000,1290043919000,1.61924,1.61959,1.61899,1.61901,157200000,1
1290043920000,1290043979000,1.61901,1.61927,1.6189,1.61897,118400000,1
1290043980000,1290044039000,1.61897,1.61911,1.61889,1.61902,141700000,1
1290044040000,1290044099000,1.61902,1.61935,1.61902,1.6193,128700000,1
1290044100000,1290044159000,1.6193,1.61987,1.6193,1.61946,123100000,1
1290044160000,1290044219000,1.61942,1.61977,1.61942,1.61974,101200000,1
1290044220000,1290044279000,1.61974,1.62014,1.61969,1.62014,75500000,1
1290044280000,1290044339000,1.62004,1.62026,1.61981,1.61981,91000000,1
1290044340000,1290044399000,1.61981,1.61986,1.61969,1.61979,63800000,1
1290044400000,1290044459000,1.61979,1.61995,1.61978,1.61988,66800000,1
1290044460000,1290044519000,1.61986,1.61995,1.61983,1.61991,28600000,1
1290044520000,1290044579000,1.61984,1.62032,1.61984,1.6202,45000000,1
1290044580000,1290044639000,1.6202,1.62049,1.62013,1.62048,104000000,1
1290044640000,1290044699000,1.62048,1.62048,1.62012,1.62045,109700000,1
1290044700000,1290044759000,1.62044,1.6206,1.62014,1.62022,67500000,1
1290044760000,1290044819000,1.62017,1.62019,1.62002,1.62013,72900000,1
1290044820000,1290044879000,1.62013,1.62043,1.62011,1.62033,139300000,1
1290044880000,1290044939000,1.62033,1.62049,1.61924,1.61962,133900000,1
1290044940000,1290044999000,1.61962,1.62023,1.61962,1.62003,135200000,1
1290045000000,1290045059000,1.62003,1.62037,1.61998,1.61998,86400000,1
1290045060000,1290045119000,1.62005,1.62028,1.61992,1.62026,99100000,1
1290045120000,1290045179000,1.62029,1.62029,1.61973,1.61975,79500000,1
1290045180000,1290045239000,1.61977,1.62004,1.61977,1.6199,77500000,1
1290045240000,1290045299000,1.61983,1.61992,1.61955,1.61962,86700000,1
1290045300000,1290045359000,1.61967,1.61972,1.61953,1.61967,26800000,1
1290045360000,1290045419000,1.61967,1.61968,1.61947,1.61961,99800000,1
1290045420000,1290045479000,1.61962,1.62014,1.61954,1.62003,119700000,1
1290045480000,1290045539000,1.62003,1.62009,1.61965,1.61996,114700000,1
1290045540000,1290045599000,1.61997,1.62042,1.61997,1.62034,71900000,1
1290045600000,1290045659000,1.62033,1.62034,1.6198,1.6198,112700000,1
1290045660000,1290045719000,1.61971,1.61996,1.61963,1.61974,53700000,1
1290045720000,1290045779000,1.6198,1.61988,1.61969,1.61973,62900000,1
1290045780000,1290045839000,1.61973,1.61991,1.61953,1.61968,61800000,1
1290045840000,1290045899000,1.61965,1.61987,1.61965,1.61984,38900000,1
1290045900000,1290045959000,1.61984,1.61984,1.61948,1.61961,64600000,1
1290045960000,1290046019000,1.61961,1.61961,1.61885,1.61903,89600000,1
1290046020000,1290046079000,1.61906,1.61947,1.61895,1.61943,78600000,1
1290046080000,1290046139000,1.61944,1.62011,1.61944,1.61987,105300000,1
1290046140000,1290046199000,1.61978,1.61989,1.61948,1.61963,61600000,1
1290046200000,1290046259000,1.61969,1.61974,1.61924,1.61953,110500000,1
1290046260000,1290046319000,1.61947,1.61973,1.61939,1.61973,80400000,1
1290046320000,1290046379000,1.61968,1.61979,1.61943,1.61953,106800000,1
1290046380000,1290046439000,1.61955,1.61965,1.6193,1.61939,66000000,1
1290046440000,1290046499000,1.61934,1.61944,1.61923,1.61935,52000000,1
1290046500000,1290046559000,1.61935,1.61955,1.61928,1.61934,67700000,1
1290046560000,1290046619000,1.61934,1.61955,1.6193,1.6193,49000000,1
1290046620000,1290046679000,1.61941,1.61948,1.61914,1.61914,57300000,1
1290046680000,1290046739000,1.61913,1.61915,1.61913,1.61915,47600000,1
1290046740000,1290046799000,1.61919,1.61922,1.61913,1.61913,65600000,1
1290046800000,1290046859000,1.61914,1.61914,1.61913,1.61913,33200000,1
1290046860000,1290046919000,1.61913,1.61923,1.61913,1.61922,53300000,1
1290046920000,1290046979000,1.61918,1.61957,1.61917,1.61954,53500000,1
1290046980000,1290047039000,1.61953,1.61977,1.6195,1.61968,54300000,1
1290047040000,1290047099000,1.61968,1.61969,1.61922,1.61927,43900000,1
1290047100000,1290047159000,1.61923,1.61929,1.61922,1.61928,31000000,1
1290047160000,1290047219000,1.61929,1.61934,1.61903,1.61928,59500000,1
1290047220000,1290047279000,1.61924,1.61924,1.6191,1.61924,16700000,1
1290047280000,1290047339000,1.61934,1.61963,1.61928,1.61963,25500000,1
1290047340000,1290047399000,1.61958,1.6199,1.61933,1.6199,81600000,1
1290047400000,1290047459000,1.6199,1.6201,1.61985,1.6201,65200000,1
1290047460000,1290047519000,1.62024,1.6203,1.61984,1.61996,96200000,1
1290047520000,1290047579000,1.61987,1.62021,1.61987,1.62019,68300000,1
1290047580000,1290047639000,1.62019,1.62019,1.6198,1.6198,49400000,1
1290047640000,1290047699000,1.61983,1.61991,1.61975,1.61982,49800000,1
1290047700000,1290047759000,1.61979,1.61979,1.61948,1.61948,30400000,1
1290047760000,1290047819000,1.61948,1.61963,1.61937,1.61963,55600000,1
1290047820000,1290047879000,1.61956,1.61999,1.61956,1.61982,82600000,1
1290047880000,1290047939000,1.61978,1.61987,1.61953,1.61972,79700000,1
1290047940000,1290047999000,1.61977,1.61998,1.61965,1.61973,107700000,1
1290048000000,1290048059000,1.61973,1.62003,1.61968,1.61984,89900000,1
1290048060000,1290048119000,1.61984,1.62001,1.61983,1.61983,83200000,1
1290048120000,1290048179000,1.61983,1.61998,1.61958,1.6198,93500000,1
1290048180000,1290048239000,1.6198,1.61988,1.61963,1.61967,94300000,1
1290048240000,1290048299000,1.61967,1.61985,1.61964,1.61983,63800000,1
1290048300000,1290048359000,1.61985,1.6199,1.6196,1.61984,81300000,1
1290048360000,1290048419000,1.6198,1.61981,1.61909,1.61928,81400000,1
1290048420000,1290048479000,1.61928,1.61934,1.61898,1.61934,67700000,1
1290048480000,1290048539000,1.61939,1.61948,1.61939,1.61943,13000000,1
1290048540000,1290048599000,1.61949,1.61953,1.61889,1.61907,81900000,1
1290048600000,1290048659000,1.61903,1.61913,1.6185,1.6185,134700000,1
1290048660000,1290048719000,1.6185,1.61883,1.6185,1.61882,69000000,1
1290048720000,1290048779000,1.61882,1.61892,1.61859,1.61864,42800000,1
1290048780000,1290048839000,1.6186,1.61896,1.61859,1.61884,79800000,1
1290048840000,1290048899000,1.61879,1.61926,1.61869,1.61908,82800000,1
1290048900000,1290048959000,1.61908,1.61944,1.61908,1.61934,59300000,1
1290048960000,1290049019000,1.61943,1.61974,1.61943,1.61957,90200000,1
1290049020000,1290049079000,1.61961,1.61976,1.61927,1.61965,145900000,1
1290049080000,1290049139000,1.61963,1.61993,1.61949,1.61972,87800000,1
1290049140000,1290049199000,1.61966,1.61987,1.61909,1.6193,82500000,1
1290049200000,1290049259000,1.61922,1.61947,1.61906,1.61928,129900000,1
1290049260000,1290049319000,1.61928,1.61938,1.61914,1.61938,72600000,1
1290049320000,1290049379000,1.6193,1.61946,1.61928,1.61937,62500000,1
1290049380000,1290049439000,1.61937,1.61955,1.61922,1.61929,95900000,1
1290049440000,1290049499000,1.61937,1.61949,1.61871,1.619,134400000,1
1290049500000,1290049559000,1.61897,1.61913,1.61846,1.61846,105600000,1
1290049560000,1290049619000,1.61842,1.61895,1.61839,1.61872,106600000,1
1290049620000,1290049679000,1.6187,1.6187,1.61835,1.61835,92700000,1
1290049680000,1290049739000,1.61852,1.61884,1.61837,1.61878,158300000,1
1290049740000,1290049799000,1.61878,1.61903,1.61862,1.6189,156300000,1
1290049800000,1290049859000,1.61883,1.61902,1.61878,1.61895,130000000,1
1290049860000,1290049919000,1.61885,1.61903,1.61872,1.61872,83200000,1
1290049920000,1290049979000,1.61877,1.61913,1.61867,1.61895,104500000,1
1290049980000,1290050039000,1.61898,1.61927,1.61895,1.61914,45700000,1
1290050040000,1290050099000,1.61906,1.61921,1.6187,1.61904,67600000,1
1290050100000,1290050159000,1.61904,1.61913,1.61889,1.61909,47200000,1
1290050160000,1290050219000,1.61916,1.61932,1.61893,1.61909,86700000,1
1290050220000,1290050279000,1.61933,1.61933,1.61907,1.61921,81900000,1
1290050280000,1290050339000,1.61921,1.61921,1.61885,1.6189,114500000,1
1290050340000,1290050399000,1.6189,1.6189,1.6186,1.61864,108900000,1
1290050400000,1290050459000,1.61863,1.6188,1.61833,1.61845,170100000,1
1290050460000,1290050519000,1.61853,1.61867,1.61807,1.61807,146200000,1
1290050520000,1290050579000,1.61803,1.61827,1.61703,1.61747,182200000,1
1290050580000,1290050639000,1.61742,1.61775,1.61667,1.61683,189200000,1
1290050640000,1290050699000,1.61673,1.61693,1.61654,1.61684,111200000,1
1290050700000,1290050759000,1.61687,1.6174,1.61671,1.6174,138500000,1
1290050760000,1290050819000,1.6174,1.61793,1.61739,1.61749,115500000,1
1290050820000,1290050879000,1.61746,1.61769,1.61729,1.61754,74500000,1
1290050880000,1290050939000,1.61754,1.61779,1.61753,1.61769,118300000,1
1290050940000,1290050999000,1.61768,1.61783,1.6176,1.6176,96100000,1
1290051000000,1290051059000,1.61751,1.61776,1.61698,1.61709,129000000,1
1290051060000,1290051119000,1.61717,1.61768,1.6171,1.61752,77300000,1
1290051120000,1290051179000,1.61754,1.61783,1.61709,1.61712,119900000,1
1290051180000,1290051239000,1.61709,1.61734,1.61695,1.61727,113100000,1
1290051240000,1290051299000,1.61735,1.61739,1.61722,1.61732,68300000,1
1290051300000,1290051359000,1.61725,1.61733,1.61716,1.61717,78700000,1
1290051360000,1290051419000,1.61723,1.6173,1.61696,1.61729,92900000,1
1290051420000,1290051479000,1.61722,1.6174,1.61712,1.61725,127000000,1
1290051480000,1290051539000,1.61734,1.61782,1.61727,1.61755,88200000,1
1290051540000,1290051599000,1.61763,1.61763,1.61716,1.61742,92100000,1
1290051600000,1290051659000,1.61742,1.61753,1.61718,1.61734,66000000,1
1290051660000,1290051719000,1.61729,1.61753,1.61729,1.61748,45900000,1
1290051720000,1290051779000,1.61745,1.61745,1.61688,1.61695,128300000,1
1290051780000,1290051839000,1.61684,1.61712,1.61679,1.61708,78600000,1
1290051840000,1290051899000,1.61699,1.61711,1.61699,1.61711,38000000,1
1290051900000,1290051959000,1.61708,1.61708,1.61675,1.61678,30500000,1
1290051960000,1290052019000,1.61686,1.61716,1.61686,1.61704,92000000,1
1290052020000,1290052079000,1.61702,1.61723,1.61698,1.6172,66900000,1
1290052080000,1290052139000,1.61712,1.61732,1.61687,1.61701,81300000,1
1290052140000,1290052199000,1.61701,1.61736,1.61693,1.61736,80900000,1
1290052200000,1290052259000,1.61724,1.61763,1.61723,1.61737,115900000,1
1290052260000,1290052319000,1.61741,1.61748,1.61707,1.61707,87100000,1
1290052320000,1290052379000,1.61707,1.61713,1.61699,1.61713,55200000,1
1290052380000,1290052439000,1.61707,1.61729,1.61702,1.61708,87900000,1
1290052440000,1290052499000,1.61718,1.61718,1.61693,1.61708,116800000,1
1290052500000,1290052559000,1.61708,1.61731,1.61691,1.61698,98900000,1
1290052560000,1290052619000,1.61698,1.61698,1.61676,1.61683,105400000,1
1290052620000,1290052679000,1.61687,1.61703,1.6167,1.6167,89800000,1
1290052680000,1290052739000,1.6167,1.61679,1.61668,1.61679,87700000,1
1290052740000,1290052799000,1.61674,1.61697,1.61674,1.61697,82900000,1
1290052800000,1290052859000,1.61703,1.61712,1.61686,1.61694,75100000,1
1290052860000,1290052919000,1.61702,1.61702,1.6167,1.61684,36200000,1
1290052920000,1290052979000,1.61684,1.61697,1.61658,1.61681,83000000,1
1290052980000,1290053039000,1.61681,1.61681,1.61667,1.61667,64600000,1
1290053040000,1290053099000,1.61667,1.61667,1.61644,1.61653,98600000,1
1290053100000,1290053159000,1.61661,1.6167,1.6165,1.61657,81900000,1
1290053160000,1290053219000,1.61657,1.61686,1.61657,1.61659,80600000,1
1290053220000,1290053279000,1.61666,1.61675,1.61644,1.61659,115400000,1
1290053280000,1290053339000,1.61675,1.61679,1.61654,1.61661,83200000,1
1290053340000,1290053399000,1.61671,1.61671,1.61637,1.61637,107100000,1
1290053400000,1290053459000,1.6164,1.61643,1.61603,1.61603,94200000,1
1290053460000,1290053519000,1.61598,1.61639,1.61587,1.61607,170000000,1
1290053520000,1290053579000,1.61596,1.61644,1.61586,1.61634,145100000,1
1290053580000,1290053639000,1.61641,1.61648,1.61628,1.61648,101000000,1
1290053640000,1290053699000,1.61643,1.61682,1.61628,1.61663,40800000,1
1290053700000,1290053759000,1.61675,1.61697,1.61644,1.61697,87100000,1
1290053760000,1290053819000,1.61681,1.61703,1.61675,1.61688,72400000,1
1290053820000,1290053879000,1.61688,1.61696,1.6168,1.61687,29800000,1
1290053880000,1290053939000,1.61691,1.61697,1.61646,1.61646,64800000,1
1290053940000,1290053999000,1.61637,1.6167,1.61622,1.61658,92000000,1
1290054000000,1290054059000,1.61654,1.6167,1.61648,1.61653,106900000,1
1290054060000,1290054119000,1.61653,1.61653,1.61635,1.61645,86900000,1
1290054120000,1290054179000,1.61639,1.61663,1.61634,1.61645,94000000,1
1290054180000,1290054239000,1.61642,1.61679,1.61639,1.61668,66400000,1
1290054240000,1290054299000,1.61667,1.61698,1.61652,1.61698,57600000,1
1290054300000,1290054359000,1.61692,1.61694,1.61672,1.61672,38400000,1
1290054360000,1290054419000,1.61661,1.61662,1.61656,1.61656,32800000,1
1290054420000,1290054479000,1.61656,1.61662,1.61648,1.61652,41800000,1
1290054480000,1290054539000,1.61663,1.61692,1.61663,1.61677,39700000,1
1290054540000,1290054599000,1.61681,1.61689,1.61646,1.61656,80100000,1
1290054600000,1290054659000,1.61656,1.61656,1.61613,1.61613,135800000,1
1290054660000,1290054719000,1.61611,1.61646,1.61611,1.61627,64400000,1
1290054720000,1290054779000,1.61626,1.61638,1.61614,1.61615,72900000,1
1290054780000,1290054839000,1.6162,1.61649,1.61611,1.61628,92700000,1
1290054840000,1290054899000,1.61637,1.61637,1.616,1.61612,94700000,1
1290054900000,1290054959000,1.61617,1.61628,1.61617,1.61618,18700000,1
1290054960000,1290055019000,1.61626,1.61632,1.616,1.61616,41000000,1
1290055020000,1290055079000,1.61617,1.61617,1.61574,1.61586,41700000,1
1290055080000,1290055139000,1.61582,1.6159,1.61557,1.61567,85200000,1
1290055140000,1290055199000,1.61567,1.61578,1.61538,1.61549,75400000,1
1290055200000,1290055259000,1.61566,1.61573,1.61542,1.61573,53000000,1
1290055260000,1290055319000,1.61573,1.61574,1.61521,1.61553,71500000,1
1290055320000,1290055379000,1.61548,1.61559,1.61539,1.61539,40600000,1
1290055380000,1290055439000,1.61524,1.61542,1.61523,1.61536,102800000,1
1290055440000,1290055499000,1.61536,1.61554,1.61534,1.6155,100800000,1
1290055500000,1290055559000,1.6155,1.61558,1.61529,1.61547,77100000,1
1290055560000,1290055619000,1.61562,1.61572,1.6154,1.61564,75500000,1
1290055620000,1290055679000,1.61564,1.61583,1.61559,1.6158,37900000,1
1290055680000,1290055739000,1.61568,1.61588,1.61562,1.61585,78700000,1
1290055740000,1290055799000,1.6159,1.61647,1.61589,1.61621,87700000,1
1290055800000,1290055859000,1.61621,1.61638,1.61621,1.61623,57700000,1
1290055860000,1290055919000,1.61629,1.61645,1.61582,1.61594,120100000,1
1290055920000,1290055979000,1.61594,1.61634,1.61594,1.61622,123900000,1
1290055980000,1290056039000,1.61624,1.61626,1.61596,1.61603,78400000,1
1290056040000,1290056099000,1.61604,1.61624,1.61599,1.61619,58700000,1
1290056100000,1290056159000,1.61619,1.61642,1.61612,1.61633,63600000,1
1290056160000,1290056219000,1.61628,1.61638,1.61614,1.61622,73000000,1
1290056220000,1290056279000,1.61613,1.61628,1.61613,1.61618,69900000,1
1290056280000,1290056339000,1.61619,1.61627,1.61602,1.61602,47800000,1
1290056340000,1290056399000,1.61588,1.61597,1.61561,1.61583,87700000,1
1290056400000,1290056459000,1.61574,1.61574,1.6154,1.61564,103200000,1
1290056460000,1290056519000,1.61564,1.61586,1.61555,1.61586,79900000,1
1290056520000,1290056579000,1.61581,1.61587,1.61543,1.61576,100100000,1
1290056580000,1290056639000,1.61576,1.61578,1.61538,1.61547,79500000,1
1290056640000,1290056699000,1.61554,1.61554,1.61492,1.61495,117100000,1
1290056700000,1290056759000,1.61483,1.6158,1.61463,1.61544,104500000,1
1290056760000,1290056819000,1.61527,1.61539,1.61499,1.61508,138200000,1
1290056820000,1290056879000,1.61505,1.61509,1.61478,1.61496,121500000,1
1290056880000,1290056939000,1.61495,1.61511,1.6149,1.61507,67400000,1
1290056940000,1290056999000,1.61507,1.61525,1.61488,1.61509,146200000,1
1290057000000,1290057059000,1.61494,1.61544,1.61494,1.61534,106300000,1
1290057060000,1290057119000,1.61525,1.61535,1.6151,1.6151,129400000,1
1290057120000,1290057179000,1.6151,1.61539,1.6151,1.6153,109600000,1
1290057180000,1290057239000,1.61521,1.61529,1.61497,1.61507,99800000,1
1290057240000,1290057299000,1.61507,1.61559,1.61495,1.61543,70400000,1
1290057300000,1290057359000,1.61543,1.61545,1.61517,1.61543,87300000,1
1290057360000,1290057419000,1.61543,1.61617,1.61536,1.61593,110500000,1
1290057420000,1290057479000,1.61593,1.61653,1.61593,1.61632,157800000,1
1290057480000,1290057539000,1.61632,1.61668,1.61632,1.61654,113100000,1
1290057540000,1290057599000,1.61657,1.61679,1.61646,1.61646,107500000,1
1290057600000,1290057659000,1.61654,1.6169,1.61643,1.61674,108200000,1
1290057660000,1290057719000,1.61674,1.61691,1.6164,1.6167,131500000,1
1290057720000,1290057779000,1.61669,1.6173,1.61661,1.61721,159600000,1
1290057780000,1290057839000,1.61721,1.61721,1.61638,1.61645,143600000,1
1290057840000,1290057899000,1.61641,1.61641,1.61587,1.61587,119600000,1
1290057900000,1290057959000,1.61587,1.61651,1.61582,1.61651,89700000,1
1290057960000,1290058019000,1.61651,1.61651,1.61608,1.61618,74900000,1
1290058020000,1290058079000,1.61618,1.61621,1.61601,1.61615,52900000,1
1290058080000,1290058139000,1.61613,1.61643,1.61613,1.61615,45400000,1
1290058140000,1290058199000,1.61616,1.61619,1.61608,1.61618,29200000,1
1290058200000,1290058259000,1.61607,1.61628,1.61591,1.61613,45800000,1
1290058260000,1290058319000,1.61613,1.61613,1.61592,1.61604,80800000,1
1290058320000,1290058379000,1.61599,1.61611,1.61592,1.61611,93300000,1
1290058380000,1290058439000,1.61611,1.61614,1.61576,1.61578,99900000,1
1290058440000,1290058499000,1.61578,1.6161,1.61578,1.61602,69400000,1
1290058500000,1290058559000,1.61608,1.61614,1.61584,1.616,72600000,1
1290058560000,1290058619000,1.61602,1.61613,1.61571,1.6159,119600000,1
1290058620000,1290058679000,1.61589,1.61603,1.61583,1.61596,34800000,1
1290058680000,1290058739000,1.61611,1.61616,1.61585,1.61611,93600000,1
1290058740000,1290058799000,1.61599,1.61599,1.61553,1.61588,143000000,1
1290058800000,1290058859000,1.61593,1.61608,1.61573,1.61608,83800000,1
1290058860000,1290058919000,1.61605,1.61637,1.61591,1.61633,154000000,1
1290058920000,1290058979000,1.61631,1.61643,1.61608,1.61617,120600000,1
1290058980000,1290059039000,1.61617,1.6165,1.61617,1.61644,89000000,1
1290059040000,1290059099000,1.61643,1.61655,1.61617,1.61655,85400000,1
1290059100000,1290059159000,1.61655,1.61659,1.61619,1.61619,63500000,1
1290059160000,1290059219000,1.61619,1.61639,1.61608,1.61614,85500000,1
1290059220000,1290059279000,1.61608,1.61613,1.61582,1.61598,68200000,1
1290059280000,1290059339000,1.61599,1.61636,1.61558,1.61568,101300000,1
1290059340000,1290059399000,1.61544,1.61573,1.61543,1.61568,61800000,1
1290059400000,1290059459000,1.6156,1.61568,1.61534,1.61549,110900000,1
1290059460000,1290059519000,1.61551,1.61629,1.61534,1.61628,114800000,1
1290059520000,1290059579000,1.61633,1.61644,1.61573,1.61628,155300000,1
1290059580000,1290059639000,1.61633,1.61648,1.61608,1.61609,125600000,1
1290059640000,1290059699000,1.61608,1.61648,1.61594,1.61639,116500000,1
1290059700000,1290059759000,1.61651,1.61658,1.61628,1.61646,105200000,1
1290059760000,1290059819000,1.61646,1.61683,1.61629,1.61669,106300000,1
1290059820000,1290059879000,1.61669,1.61674,1.61572,1.61589,130400000,1
1290059880000,1290059939000,1.61592,1.61622,1.61586,1.61597,77800000,1
1290059940000,1290059999000,1.61597,1.61597,1.61554,1.61573,118000000,1
1290060000000,1290060059000,1.61568,1.61568,1.61508,1.61513,132500000,1
1290060060000,1290060119000,1.61508,1.61535,1.61493,1.61501,148200000,1
1290060120000,1290060179000,1.61499,1.61539,1.61496,1.61502,79500000,1
1290060180000,1290060239000,1.61502,1.61502,1.61459,1.61473,129100000,1
1290060240000,1290060299000,1.6148,1.61509,1.61452,1.61482,209000000,1
1290060300000,1290060359000,1.61496,1.61503,1.61477,1.61489,233600000,1
1290060360000,1290060419000,1.61483,1.61508,1.61469,1.61493,121000000,1
1290060420000,1290060479000,1.61493,1.61518,1.61489,1.61513,90700000,1
1290060480000,1290060539000,1.61511,1.61536,1.61459,1.6149,225900000,1
1290060540000,1290060599000,1.61464,1.61494,1.61424,1.6148,166300000,1
1290060600000,1290060659000,1.61486,1.61526,1.61486,1.61506,165300000,1
1290060660000,1290060719000,1.61515,1.61515,1.61457,1.6147,108800000,1
1290060720000,1290060779000,1.61464,1.61516,1.61458,1.61478,112000000,1
1290060780000,1290060839000,1.61484,1.61498,1.61479,1.61486,75500000,1
1290060840000,1290060899000,1.61486,1.61495,1.61461,1.61463,109500000,1
1290060900000,1290060959000,1.61463,1.61487,1.61461,1.61476,74700000,1
1290060960000,1290061019000,1.61476,1.61539,1.61476,1.61523,91400000,1
1290061020000,1290061079000,1.61527,1.6153,1.61506,1.6152,88700000,1
1290061080000,1290061139000,1.6151,1.61565,1.61508,1.61551,112300000,1
1290061140000,1290061199000,1.61551,1.61554,1.61504,1.61536,112500000,1
1290061200000,1290061259000,1.61537,1.61557,1.61529,1.61545,71400000,1
1290061260000,1290061319000,1.61567,1.61567,1.61529,1.61544,70500000,1
1290061320000,1290061379000,1.61549,1.61549,1.61523,1.61528,65900000,1
1290061380000,1290061439000,1.61534,1.61552,1.61515,1.61523,70500000,1
1290061440000,1290061499000,1.61526,1.61539,1.61508,1.61534,76800000,1
1290061500000,1290061559000,1.61544,1.6155,1.61529,1.61531,117000000,1
1290061560000,1290061619000,1.61543,1.61622,1.61543,1.61553,121800000,1
1290061620000,1290061679000,1.61551,1.61583,1.61546,1.61567,92600000,1
1290061680000,1290061739000,1.61575,1.61575,1.61534,1.61549,94800000,1
1290061740000,1290061799000,1.61549,1.61549,1.61477,1.61494,183800000,1
1290061800000,1290061859000,1.61495,1.61523,1.61483,1.61489,123000000,1
1290061860000,1290061919000,1.61497,1.61555,1.61488,1.6153,103900000,1
1290061920000,1290061979000,1.61538,1.61538,1.61504,1.61527,62600000,1
1290061980000,1290062039000,1.61527,1.61535,1.61507,1.61507,43500000,1
1290062040000,1290062099000,1.61517,1.61541,1.61517,1.61538,66200000,1
1290062100000,1290062159000,1.61539,1.61544,1.61516,1.61529,66400000,1
1290062160000,1290062219000,1.61523,1.61529,1.61494,1.61494,53600000,1
1290062220000,1290062279000,1.61493,1.61539,1.61479,1.61518,64700000,1
1290062280000,1290062339000,1.61513,1.61513,1.61483,1.61484,81400000,1
1290062340000,1290062399000,1.61488,1.61516,1.61484,1.61486,92600000,1
1290062400000,1290062459000,1.61486,1.61536,1.61486,1.61523,77100000,1
1290062460000,1290062519000,1.61525,1.61529,1.61499,1.61499,33700000,1
1290062520000,1290062579000,1.61493,1.61544,1.61493,1.61541,82300000,1
1290062580000,1290062639000,1.61543,1.61545,1.61516,1.61523,53000000,1
1290062640000,1290062699000,1.6153,1.61572,1.6153,1.61566,63600000,1
1290062700000,1290062759000,1.61553,1.61584,1.61526,1.61557,94200000,1
1290062760000,1290062819000,1.61563,1.61593,1.61553,1.61577,100000000,1
1290062820000,1290062879000,1.61596,1.61612,1.61553,1.61575,101000000,1
1290062880000,1290062939000,1.6158,1.61588,1.61564,1.61567,90400000,1
1290062940000,1290062999000,1.61567,1.61599,1.61564,1.61588,97200000,1
1290063000000,1290063059000,1.61582,1.61621,1.61566,1.61596,104900000,1
1290063060000,1290063119000,1.61596,1.61612,1.61553,1.61572,101400000,1
1290063120000,1290063179000,1.61572,1.61583,1.61471,1.61526,103500000,1
1290063180000,1290063239000,1.61519,1.61527,1.61493,1.61523,75100000,1
1290063240000,1290063299000,1.61525,1.61525,1.61511,1.61513,27500000,1
1290063300000,1290063359000,1.61518,1.61518,1.61485,1.61501,29800000,1
1290063360000,1290063419000,1.61501,1.61521,1.61485,1.61513,104300000,1
1290063420000,1290063479000,1.61512,1.61522,1.61485,1.61499,132200000,1
1290063480000,1290063539000,1.61495,1.61534,1.6149,1.61498,94700000,1
1290063540000,1290063599000,1.61498,1.61514,1.61481,1.61499,60000000,1
1290063600000,1290063659000,1.61499,1.61552,1.61491,1.61507,89000000,1
1290063660000,1290063719000,1.61507,1.61508,1.6148,1.61499,92800000,1
1290063720000,1290063779000,1.61503,1.61504,1.61478,1.61494,67400000,1
1290063780000,1290063839000,1.61503,1.61503,1.61475,1.61498,59000000,1
1290063840000,1290063899000,1.61497,1.61512,1.61483,1.61486,68400000,1
1290063900000,1290063959000,1.61489,1.61516,1.61487,1.615,73300000,1
1290063960000,1290064019000,1.61501,1.61544,1.61501,1.61519,67400000,1
1290064020000,1290064079000,1.61511,1.61555,1.61511,1.61528,109800000,1
1290064080000,1290064139000,1.61527,1.61575,1.61512,1.6156,96600000,1
1290064140000,1290064199000,1.61559,1.6158,1.61543,1.61563,88900000,1
1290064200000,1290064259000,1.61563,1.61592,1.61556,1.61592,61500000,1
1290064260000,1290064319000,1.61592,1.61592,1.61551,1.6158,83100000,1
1290064320000,1290064379000,1.6158,1.61582,1.6156,1.61574,121200000,1
1290064380000,1290064439000,1.61574,1.616,1.61569,1.61584,131500000,1
1290064440000,1290064499000,1.61586,1.61598,1.61569,1.61587,136100000,1
1290064500000,1290064559000,1.61585,1.61598,1.61582,1.61597,48600000,1
1290064560000,1290064619000,1.61597,1.61597,1.61565,1.61574,98300000,1
1290064620000,1290064679000,1.61574,1.61599,1.61558,1.6159,79100000,1
1290064680000,1290064739000,1.6159,1.61611,1.6159,1.61597,110500000,1
1290064740000,1290064799000,1.61597,1.61597,1.61522,1.61532,130300000,1
1290064800000,1290064859000,1.6155,1.61574,1.61539,1.61558,124100000,1
1290064860000,1290064919000,1.61558,1.61608,1.6155,1.61593,200400000,1
1290064920000,1290064979000,1.61593,1.61593,1.6151,1.61544,219400000,1
1290064980000,1290065039000,1.61544,1.61561,1.61527,1.61553,130600000,1
1290065040000,1290065099000,1.61553,1.61553,1.61483,1.61486,110200000,1
1290065100000,1290065159000,1.61474,1.61508,1.61451,1.61471,142700000,1
1290065160000,1290065219000,1.61476,1.61507,1.61458,1.61458,156200000,1
1290065220000,1290065279000,1.61463,1.61513,1.61463,1.61482,124400000,1
1290065280000,1290065339000,1.61483,1.61499,1.61472,1.61499,90500000,1
1290065340000,1290065399000,1.61499,1.61532,1.61489,1.61503,152900000,1
1290065400000,1290065459000,1.61503,1.61546,1.61503,1.61523,125100000,1
1290065460000,1290065519000,1.61515,1.61535,1.61503,1.61534,124700000,1
1290065520000,1290065579000,1.61535,1.61535,1.61498,1.6152,74800000,1
1290065580000,1290065639000,1.61523,1.61527,1.61496,1.6152,98000000,1
1290065640000,1290065699000,1.61523,1.61543,1.61504,1.61533,125000000,1
1290065700000,1290065759000,1.61543,1.61555,1.61474,1.6153,158200000,1
1290065760000,1290065819000,1.6153,1.6153,1.61477,1.61484,95200000,1
1290065820000,1290065879000,1.61484,1.61499,1.61441,1.6145,108300000,1
1290065880000,1290065939000,1.61448,1.61472,1.61438,1.61465,69900000,1
1290065940000,1290065999000,1.61468,1.61508,1.61449,1.61482,89500000,1
1290066000000,1290066059000,1.61483,1.615,1.61474,1.61489,87000000,1
1290066060000,1290066119000,1.61489,1.6149,1.61466,1.61487,108100000,1
1290066120000,1290066179000,1.61488,1.6153,1.61476,1.61514,126300000,1
1290066180000,1290066239000,1.61515,1.61533,1.61498,1.61507,95100000,1
1290066240000,1290066299000,1.61514,1.61525,1.61488,1.61493,52000000,1
1290066300000,1290066359000,1.61493,1.61495,1.61439,1.6147,118300000,1
1290066360000,1290066419000,1.61461,1.61488,1.61459,1.61488,64300000,1
1290066420000,1290066479000,1.6148,1.61481,1.6148,1.61481,34100000,1
1290066480000,1290066539000,1.61483,1.61513,1.61483,1.61503,80800000,1
1290066540000,1290066599000,1.61502,1.61509,1.61477,1.61496,120600000,1
1290066600000,1290066659000,1.61493,1.61514,1.61488,1.6149,96000000,1
1290066660000,1290066719000,1.61488,1.61505,1.61481,1.61494,62000000,1
1290066720000,1290066779000,1.61494,1.61535,1.61494,1.61513,115600000,1
1290066780000,1290066839000,1.61507,1.61508,1.61444,1.61449,113900000,1
1290066840000,1290066899000,1.6146,1.61477,1.61457,1.61471,92200000,1
1290066900000,1290066959000,1.61479,1.61525,1.61452,1.61507,178400000,1
1290066960000,1290067019000,1.61525,1.6158,1.61514,1.61548,87300000,1
1290067020000,1290067079000,1.61548,1.61563,1.61527,1.61537,86700000,1
1290067080000,1290067139000,1.61541,1.61589,1.61541,1.6156,78800000,1
1290067140000,1290067199000,1.6156,1.61585,1.6154,1.61574,104700000,1
1290067200000,1290067259000,1.6157,1.61595,1.61569,1.61586,134000000,1
1290067260000,1290067319000,1.61603,1.61603,1.61519,1.61538,144200000,1
1290067320000,1290067379000,1.61529,1.6154,1.61503,1.61536,114600000,1
1290067380000,1290067439000,1.61545,1.61556,1.61523,1.61528,121300000,1
1290067440000,1290067499000,1.61536,1.61548,1.61524,1.61548,82200000,1
1290067500000,1290067559000,1.61562,1.61588,1.61548,1.61588,97100000,1
1290067560000,1290067619000,1.61578,1.61603,1.61574,1.61583,80600000,1
1290067620000,1290067679000,1.61583,1.6159,1.61571,1.61586,82900000,1
1290067680000,1290067739000,1.61584,1.61631,1.61572,1.61577,110500000,1
1290067740000,1290067799000,1.61577,1.61581,1.6148,1.61499,89900000,1
1290067800000,1290067859000,1.61499,1.61509,1.61402,1.61402,95100000,1
1290067860000,1290067919000,1.61389,1.61398,1.61363,1.6138,83200000,1
1290067920000,1290067979000,1.61381,1.61427,1.61374,1.61402,73200000,1
1290067980000,1290068039000,1.61402,1.61418,1.61384,1.61402,66300000,1
1290068040000,1290068099000,1.61397,1.6141,1.61377,1.61391,63100000,1
1290068100000,1290068159000,1.61391,1.61442,1.61391,1.61394,97100000,1
1290068160000,1290068219000,1.61401,1.61404,1.61341,1.61377,74700000,1
1290068220000,1290068279000,1.61379,1.61415,1.61379,1.61405,105000000,1
1290068280000,1290068339000,1.61406,1.61412,1.61355,1.61388,117300000,1
1290068340000,1290068399000,1.61388,1.61403,1.61357,1.61373,139800000,1
1290068400000,1290068459000,1.61368,1.61389,1.61365,1.61378,117400000,1
1290068460000,1290068519000,1.61378,1.614,1.6136,1.61372,87300000,1
1290068520000,1290068579000,1.61365,1.61395,1.61365,1.61381,64500000,1
1290068580000,1290068639000,1.61384,1.61408,1.61373,1.61395,51700000,1
1290068640000,1290068699000,1.61395,1.61395,1.61327,1.61345,98700000,1
1290068700000,1290068759000,1.6135,1.6136,1.6132,1.61351,89500000,1
1290068760000,1290068819000,1.61349,1.61371,1.61325,1.6133,108700000,1
1290068820000,1290068879000,1.6133,1.6134,1.61309,1.6132,101500000,1
1290068880000,1290068939000,1.61319,1.61337,1.61284,1.61302,107600000,1
1290068940000,1290068999000,1.61303,1.61322,1.61273,1.61273,99000000,1
1290069000000,1290069059000,1.61283,1.61308,1.61263,1.61302,77000000,1
1290069060000,1290069119000,1.61302,1.61318,1.61263,1.61263,76700000,1
1290069120000,1290069179000,1.61259,1.61285,1.6123,1.61253,60700000,1
1290069180000,1290069239000,1.61246,1.61253,1.61226,1.61226,42100000,1
1290069240000,1290069299000,1.61228,1.61243,1.61196,1.6122,103400000,1
1290069300000,1290069359000,1.61218,1.61227,1.61195,1.61195,72400000,1
1290069360000,1290069419000,1.61198,1.61233,1.61158,1.61166,71800000,1
1290069420000,1290069479000,1.61179,1.61202,1.61168,1.61168,59000000,1
1290069480000,1290069539000,1.61158,1.61215,1.61157,1.61212,79600000,1
1290069540000,1290069599000,1.61212,1.61223,1.61185,1.6122,69500000,1
1290069600000,1290069659000,1.6122,1.61236,1.61196,1.6123,56800000,1
1290069660000,1290069719000,1.61219,1.6124,1.61214,1.6123,48800000,1
1290069720000,1290069779000,1.61228,1.61241,1.61206,1.61206,50400000,1
1290069780000,1290069839000,1.612,1.61213,1.61184,1.61206,70400000,1
1290069840000,1290069899000,1.61206,1.61208,1.6117,1.61207,57600000,1
1290069900000,1290069959000,1.61217,1.61261,1.61179,1.61223,128700000,1
1290069960000,1290070019000,1.61222,1.61222,1.61165,1.61194,90500000,1
1290070020000,1290070079000,1.61193,1.6126,1.61182,1.61201,97200000,1
1290070080000,1290070139000,1.61189,1.61197,1.6116,1.61195,89700000,1
1290070140000,1290070199000,1.61195,1.61291,1.61181,1.61181,119700000,1
1290070200000,1290070259000,1.61168,1.61207,1.61165,1.61194,115700000,1
1290070260000,1290070319000,1.61196,1.61225,1.61119,1.61137,143900000,1
1290070320000,1290070379000,1.61143,1.61171,1.61119,1.61145,121600000,1
1290070380000,1290070439000,1.61128,1.61157,1.61103,1.61118,133200000,1
1290070440000,1290070499000,1.61115,1.61163,1.6111,1.6115,134800000,1
1290070500000,1290070559000,1.61149,1.61164,1.61069,1.61084,118500000,1
1290070560000,1290070619000,1.61079,1.61177,1.61079,1.61164,137600000,1
1290070620000,1290070679000,1.61177,1.61189,1.61123,1.61125,133000000,1
1290070680000,1290070739000,1.61134,1.61168,1.61125,1.61147,126600000,1
1290070740000,1290070799000,1.61147,1.61221,1.61147,1.61214,131400000,1
1290070800000,1290070859000,1.61212,1.61378,1.61144,1.61364,186300000,1
1290070860000,1290070919000,1.6138,1.6138,1.61251,1.61333,175900000,1
1290070920000,1290070979000,1.61336,1.61344,1.61169,1.61213,182000000,1
1290070980000,1290071039000,1.61216,1.6126,1.61204,1.61256,115900000,1
1290071040000,1290071099000,1.61258,1.61369,1.61258,1.61349,121000000,1
1290071100000,1290071159000,1.61345,1.61405,1.61345,1.61383,149100000,1
1290071160000,1290071219000,1.61377,1.61377,1.61305,1.61333,92400000,1
1290071220000,1290071279000,1.61328,1.61328,1.61284,1.61289,98400000,1
1290071280000,1290071339000,1.61303,1.61303,1.61241,1.61285,124500000,1
1290071340000,1290071399000,1.6129,1.61346,1.61283,1.61319,114500000,1
1290071400000,1290071459000,1.61321,1.61324,1.61264,1.61264,89500000,1
1290071460000,1290071519000,1.61279,1.61309,1.6127,1.61289,53600000,1
1290071520000,1290071579000,1.61302,1.61302,1.61275,1.61296,86500000,1
1290071580000,1290071639000,1.61296,1.613,1.61263,1.61276,108600000,1
1290071640000,1290071699000,1.61277,1.61303,1.61264,1.61283,88300000,1
1290071700000,1290071759000,1.61272,1.61306,1.61261,1.61284,149900000,1
1290071760000,1290071819000,1.61284,1.61358,1.61272,1.61344,113700000,1
1290071820000,1290071879000,1.61351,1.61372,1.61328,1.61353,116100000,1
1290071880000,1290071939000,1.61355,1.61379,1.61326,1.61349,130500000,1
1290071940000,1290071999000,1.61352,1.61374,1.61278,1.61299,114400000,1
1290072000000,1290072059000,1.61299,1.61322,1.61258,1.61305,161300000,1
1290072060000,1290072119000,1.61304,1.61317,1.61254,1.61263,120300000,1
1290072120000,1290072179000,1.61263,1.61358,1.61263,1.61321,147300000,1
1290072180000,1290072239000,1.61321,1.61349,1.61318,1.61336,121900000,1
1290072240000,1290072299000,1.61339,1.61345,1.61324,1.61334,69400000,1
1290072300000,1290072359000,1.61334,1.61354,1.613,1.61321,108300000,1
1290072360000,1290072419000,1.61316,1.61316,1.61265,1.61267,138100000,1
1290072420000,1290072479000,1.61262,1.61294,1.61262,1.6129,151300000,1
1290072480000,1290072539000,1.6129,1.61316,1.6126,1.61285,145400000,1
1290072540000,1290072599000,1.61285,1.61285,1.61174,1.61207,139400000,1
1290072600000,1290072659000,1.61249,1.6131,1.61107,1.61222,172400000,1
1290072660000,1290072719000,1.61222,1.61224,1.61178,1.61195,138500000,1
1290072720000,1290072779000,1.61202,1.61305,1.61202,1.61265,119200000,1
1290072780000,1290072839000,1.61275,1.6131,1.61273,1.61295,99800000,1
1290072840000,1290072899000,1.61294,1.61326,1.61284,1.61326,97100000,1
1290072900000,1290072959000,1.61313,1.61368,1.61308,1.61353,122500000,1
1290072960000,1290073019000,1.61349,1.61349,1.61323,1.61326,82100000,1
1290073020000,1290073079000,1.61331,1.61339,1.61278,1.61286,137400000,1
1290073080000,1290073139000,1.61286,1.61294,1.61241,1.61249,125700000,1
1290073140000,1290073199000,1.61242,1.61278,1.61221,1.61272,100800000,1
1290073200000,1290073259000,1.61266,1.61308,1.61263,1.61294,141200000,1
1290073260000,1290073319000,1.61289,1.61296,1.61257,1.6127,107300000,1
1290073320000,1290073379000,1.61262,1.61289,1.61253,1.61272,144900000,1
1290073380000,1290073439000,1.61272,1.61339,1.61271,1.61324,135200000,1
1290073440000,1290073499000,1.61313,1.61346,1.61289,1.61346,90900000,1
1290073500000,1290073559000,1.6133,1.61338,1.61308,1.61318,88400000,1
1290073560000,1290073619000,1.61333,1.61367,1.61321,1.61354,106900000,1
1290073620000,1290073679000,1.61346,1.614,1.61346,1.6136,107300000,1
1290073680000,1290073739000,1.6136,1.6137,1.6135,1.61359,96100000,1
1290073740000,1290073799000,1.61365,1.61442,1.61365,1.61408,93400000,1
1290073800000,1290073859000,1.61393,1.61422,1.61389,1.6141,93700000,1
1290073860000,1290073919000,1.6142,1.6142,1.61385,1.614,88900000,1
1290073920000,1290073979000,1.61382,1.61405,1.61361,1.61396,138900000,1
1290073980000,1290074039000,1.61395,1.61412,1.61387,1.61402,65200000,1
1290074040000,1290074099000,1.61404,1.61421,1.61395,1.61421,53200000,1
1290074100000,1290074159000,1.61421,1.61429,1.61356,1.61378,137600000,1
1290074160000,1290074219000,1.61383,1.61388,1.61355,1.61355,114700000,1
1290074220000,1290074279000,1.61356,1.61365,1.61325,1.61343,125800000,1
1290074280000,1290074339000,1.61346,1.61371,1.61338,1.61362,126500000,1
1290074340000,1290074399000,1.61362,1.61378,1.61334,1.61339,101200000,1
1290074400000,1290074459000,1.61341,1.61387,1.61339,1.61384,96500000,1
1290074460000,1290074519000,1.6138,1.6138,1.61341,1.61351,68700000,1
1290074520000,1290074579000,1.61359,1.61359,1.61343,1.61354,139400000,1
1290074580000,1290074639000,1.61354,1.61378,1.61333,1.61368,113700000,1
1290074640000,1290074699000,1.61369,1.61399,1.61343,1.61355,127900000,1
1290074700000,1290074759000,1.61365,1.61373,1.61307,1.61309,126400000,1
1290074760000,1290074819000,1.61307,1.61355,1.61302,1.61355,119800000,1
1290074820000,1290074879000,1.61357,1.61436,1.61357,1.61432,98600000,1
1290074880000,1290074939000,1.61423,1.61461,1.61423,1.61437,76100000,1
1290074940000,1290074999000,1.6144,1.61456,1.61437,1.61437,41800000,1
1290075000000,1290075059000,1.61439,1.61474,1.61439,1.61474,37400000,1
1290075060000,1290075119000,1.6148,1.61503,1.61459,1.61464,76700000,1
1290075120000,1290075179000,1.6146,1.61501,1.61417,1.61432,98100000,1
1290075180000,1290075239000,1.61485,1.61513,1.61463,1.6147,102800000,1
1290075240000,1290075299000,1.6147,1.61481,1.61436,1.61458,92200000,1
1290075300000,1290075359000,1.61468,1.61501,1.61468,1.61469,91200000,1
1290075360000,1290075419000,1.61471,1.61471,1.61457,1.61457,19100000,1
1290075420000,1290075479000,1.61457,1.61465,1.61414,1.61427,70500000,1
1290075480000,1290075539000,1.61432,1.61449,1.61384,1.61437,86100000,1
1290075540000,1290075599000,1.61439,1.61444,1.61375,1.61392,75700000,1
1290075600000,1290075659000,1.61392,1.61431,1.61388,1.61411,79800000,1
1290075660000,1290075719000,1.61404,1.61404,1.61364,1.61394,43800000,1
1290075720000,1290075779000,1.61387,1.61453,1.61383,1.61424,82100000,1
1290075780000,1290075839000,1.61424,1.61464,1.61423,1.6145,98000000,1
1290075840000,1290075899000,1.6145,1.61476,1.61429,1.61429,59600000,1
1290075900000,1290075959000,1.61438,1.61486,1.61438,1.61474,82400000,1
1290075960000,1290076019000,1.61466,1.61466,1.61408,1.61408,98600000,1
1290076020000,1290076079000,1.61415,1.61448,1.61407,1.61416,85900000,1
1290076080000,1290076139000,1.61426,1.61427,1.61402,1.61424,67400000,1
1290076140000,1290076199000,1.61426,1.61431,1.61413,1.61417,52700000,1
1290076200000,1290076259000,1.6142,1.61461,1.61386,1.6145,92600000,1
1290076260000,1290076319000,1.61447,1.61468,1.6144,1.61468,74100000,1
1290076320000,1290076379000,1.6147,1.61485,1.61454,1.61474,53400000,1
1290076380000,1290076439000,1.61488,1.61498,1.61468,1.61487,48400000,1
1290076440000,1290076499000,1.61485,1.61503,1.61443,1.61479,58600000,1
1290076500000,1290076559000,1.6148,1.61481,1.61448,1.6146,64100000,1
1290076560000,1290076619000,1.61454,1.61468,1.6144,1.6144,73800000,1
1290076620000,1290076679000,1.61449,1.6148,1.61417,1.6147,105600000,1
1290076680000,1290076739000,1.61497,1.61534,1.61493,1.61522,73600000,1
1290076740000,1290076799000,1.61518,1.61565,1.61513,1.61542,49700000,1
1290076800000,1290076859000,1.61537,1.61537,1.61485,1.61487,54800000,1
1290076860000,1290076919000,1.61484,1.61484,1.61446,1.61456,64300000,1
1290076920000,1290076979000,1.61458,1.61524,1.61454,1.61504,81900000,1
1290076980000,1290077039000,1.61506,1.61528,1.61506,1.61523,31800000,1
1290077040000,1290077099000,1.61523,1.61586,1.61523,1.61575,64900000,1
1290077100000,1290077159000,1.61573,1.61577,1.6155,1.61576,50000000,1
1290077160000,1290077219000,1.6158,1.61593,1.61544,1.61544,69400000,1
1290077220000,1290077279000,1.61551,1.61566,1.61515,1.61524,65200000,1
1290077280000,1290077339000,1.61528,1.61551,1.61502,1.61548,69600000,1
1290077340000,1290077399000,1.61544,1.61544,1.615,1.6152,66400000,1
1290077400000,1290077459000,1.6153,1.61574,1.6153,1.61538,71800000,1
1290077460000,1290077519000,1.61553,1.6156,1.61534,1.61549,49500000,1
1290077520000,1290077579000,1.61542,1.61592,1.61539,1.61585,69100000,1
1290077580000,1290077639000,1.61605,1.61636,1.61586,1.61606,77800000,1
1290077640000,1290077699000,1.61606,1.61691,1.61606,1.6169,99900000,1
1290077700000,1290077759000,1.61689,1.61696,1.61639,1.6167,75300000,1
1290077760000,1290077819000,1.6167,1.61679,1.6164,1.61651,35800000,1
1290077820000,1290077879000,1.61651,1.61676,1.61629,1.61664,72200000,1
1290077880000,1290077939000,1.61664,1.61749,1.61655,1.61694,133700000,1
1290077940000,1290077999000,1.61695,1.61756,1.61691,1.61724,67100000,1
1290078000000,1290078059000,1.61736,1.6175,1.61666,1.61684,107300000,1
1290078060000,1290078119000,1.61689,1.61701,1.61613,1.61648,76500000,1
1290078120000,1290078179000,1.6165,1.61654,1.61599,1.61599,69900000,1
1290078180000,1290078239000,1.61601,1.61629,1.61594,1.61616,70200000,1
1290078240000,1290078299000,1.6161,1.61615,1.61564,1.61574,138800000,1
1290078300000,1290078359000,1.61574,1.61591,1.61529,1.61529,96700000,1
1290078360000,1290078419000,1.61537,1.61558,1.61522,1.61542,53300000,1
1290078420000,1290078479000,1.61542,1.61593,1.61542,1.61588,71900000,1
1290078480000,1290078539000,1.61592,1.61633,1.61576,1.61621,97200000,1
1290078540000,1290078599000,1.61622,1.61682,1.61607,1.61682,76700000,1
1290078600000,1290078659000,1.61682,1.61713,1.61667,1.61711,126600000,1
1290078660000,1290078719000,1.61714,1.61754,1.6171,1.61723,112500000,1
1290078720000,1290078779000,1.61714,1.61726,1.61672,1.61672,116100000,1
1290078780000,1290078839000,1.61672,1.61672,1.61626,1.61626,82100000,1
1290078840000,1290078899000,1.61627,1.61649,1.61596,1.6161,199800000,1
1290078900000,1290078959000,1.61609,1.61643,1.61605,1.61626,115900000,1
1290078960000,1290079019000,1.6162,1.61647,1.61604,1.61622,66500000,1
1290079020000,1290079079000,1.61607,1.61627,1.61604,1.6162,83500000,1
1290079080000,1290079139000,1.61622,1.6168,1.6162,1.61662,101700000,1
1290079140000,1290079199000,1.6167,1.61683,1.61645,1.61655,98900000,1
1290079200000,1290079259000,1.61664,1.61672,1.61629,1.61643,84300000,1
1290079260000,1290079319000,1.61637,1.61712,1.61637,1.61688,110900000,1
1290079320000,1290079379000,1.61687,1.61725,1.61662,1.61695,91500000,1
1290079380000,1290079439000,1.61703,1.61711,1.61667,1.61695,78900000,1
1290079440000,1290079499000,1.61695,1.6174,1.61685,1.6174,60800000,1
1290079500000,1290079559000,1.6174,1.61744,1.61672,1.61672,54800000,1
1290079560000,1290079619000,1.61671,1.61765,1.61671,1.61754,93200000,1
1290079620000,1290079679000,1.61757,1.61757,1.61701,1.61714,95900000,1
1290079680000,1290079739000,1.61714,1.6173,1.61688,1.61727,63200000,1
1290079740000,1290079799000,1.61727,1.61747,1.61713,1.61732,58600000,1
1290079800000,1290079859000,1.61732,1.61766,1.61703,1.61703,88900000,1
1290079860000,1290079919000,1.61706,1.61722,1.61638,1.6164,86700000,1
1290079920000,1290079979000,1.61645,1.61658,1.61606,1.61624,112500000,1
1290079980000,1290080039000,1.61624,1.61645,1.61617,1.61645,112300000,1
1290080040000,1290080099000,1.61652,1.61673,1.61618,1.61633,104400000,1
1290080100000,1290080159000,1.61634,1.61634,1.61613,1.61613,71400000,1
1290080160000,1290080219000,1.61613,1.61633,1.61612,1.61614,86400000,1
1290080220000,1290080279000,1.61617,1.61628,1.61605,1.61618,83600000,1
1290080280000,1290080339000,1.61616,1.61621,1.61518,1.61518,142800000,1
1290080340000,1290080399000,1.61528,1.61603,1.61528,1.61603,87700000,1
1290080400000,1290080459000,1.61602,1.61639,1.61599,1.61615,77100000,1
1290080460000,1290080519000,1.61615,1.61653,1.61615,1.61625,110600000,1
1290080520000,1290080579000,1.6162,1.61638,1.61611,1.61627,94000000,1
1290080580000,1290080639000,1.6162,1.61636,1.6161,1.61636,65200000,1
1290080640000,1290080699000,1.61633,1.61708,1.6163,1.61679,73000000,1
1290080700000,1290080759000,1.61684,1.61691,1.61663,1.61691,79400000,1
1290080760000,1290080819000,1.61689,1.61737,1.61686,1.61737,105500000,1
1290080820000,1290080879000,1.61736,1.61744,1.61719,1.61737,100300000,1
1290080880000,1290080939000,1.61738,1.61774,1.61729,1.61731,81200000,1
1290080940000,1290080999000,1.61729,1.61796,1.61729,1.6178,63300000,1
1290081000000,1290081059000,1.6178,1.61836,1.61762,1.61834,90100000,1
1290081060000,1290081119000,1.61829,1.6185,1.61813,1.61819,96600000,1
1290081120000,1290081179000,1.61827,1.61865,1.61805,1.61865,102000000,1
1290081180000,1290081239000,1.6187,1.61935,1.6187,1.61914,105700000,1
1290081240000,1290081299000,1.61914,1.61914,1.61844,1.6186,112100000,1
1290081300000,1290081359000,1.6186,1.61908,1.6186,1.6189,78500000,1
1290081360000,1290081419000,1.61893,1.61957,1.61887,1.6194,108700000,1
1290081420000,1290081479000,1.61935,1.6194,1.61898,1.61906,102600000,1
1290081480000,1290081539000,1.6191,1.61914,1.61833,1.61898,85100000,1
1290081540000,1290081599000,1.6189,1.61915,1.61831,1.61833,144800000,1
1290081600000,1290081659000,1.61831,1.61886,1.61831,1.61886,118100000,1
1290081660000,1290081719000,1.61886,1.61886,1.61865,1.6188,67600000,1
1290081720000,1290081779000,1.61874,1.61889,1.61835,1.61862,103400000,1
1290081780000,1290081839000,1.61878,1.61887,1.61858,1.61865,84400000,1
1290081840000,1290081899000,1.61871,1.61876,1.61823,1.61839,47100000,1
1290081900000,1290081959000,1.61835,1.61846,1.61818,1.61841,106700000,1
1290081960000,1290082019000,1.61831,1.61846,1.61826,1.61843,65400000,1
1290082020000,1290082079000,1.61841,1.61884,1.61822,1.61884,98500000,1
1290082080000,1290082139000,1.61886,1.61943,1.61862,1.61928,123100000,1
1290082140000,1290082199000,1.61929,1.61935,1.61897,1.61897,59400000,1
1290082200000,1290082259000,1.61897,1.61913,1.61894,1.61905,52500000,1
1290082260000,1290082319000,1.6191,1.61957,1.61908,1.61957,70900000,1
1290082320000,1290082379000,1.61953,1.61981,1.61934,1.61936,107400000,1
1290082380000,1290082439000,1.61936,1.61946,1.61918,1.61945,88700000,1
1290082440000,1290082499000,1.61947,1.61984,1.61947,1.61967,87000000,1
1290082500000,1290082559000,1.61976,1.62079,1.61964,1.62029,118100000,1
1290082560000,1290082619000,1.62022,1.62034,1.62,1.62008,87600000,1
1290082620000,1290082679000,1.62,1.62051,1.61996,1.62001,99100000,1
1290082680000,1290082739000,1.62012,1.62045,1.62012,1.62031,62000000,1
1290082740000,1290082799000,1.62033,1.62044,1.62025,1.62025,30300000,1
1290082800000,1290082859000,1.62026,1.62028,1.61971,1.61971,41000000,1
1290082860000,1290082919000,1.61971,1.62007,1.61971,1.62007,51500000,1
1290082920000,1290082979000,1.62005,1.62013,1.61988,1.62008,42600000,1
1290082980000,1290083039000,1.62008,1.62013,1.61983,1.61983,34700000,1
1290083040000,1290083099000,1.61999,1.62012,1.61978,1.62012,71700000,1
1290083100000,1290083159000,1.62012,1.62058,1.62,1.62013,111100000,1
1290083160000,1290083219000,1.62013,1.62016,1.61971,1.61977,67400000,1
1290083220000,1290083279000,1.61987,1.62055,1.6194,1.61976,95300000,1
1290083280000,1290083339000,1.61989,1.6199,1.61949,1.61949,105200000,1
1290083340000,1290083399000,1.61957,1.61991,1.61912,1.61914,120500000,1
1290083400000,1290083459000,1.61919,1.61987,1.61903,1.61977,96100000,1
1290083460000,1290083519000,1.61976,1.62003,1.61958,1.62003,71300000,1
1290083520000,1290083579000,1.62004,1.62016,1.61972,1.62012,100400000,1
1290083580000,1290083639000,1.6201,1.62125,1.62003,1.62102,155700000,1
1290083640000,1290083699000,1.62111,1.62138,1.62075,1.62111,141900000,1
1290083700000,1290083759000,1.62111,1.6215,1.62085,1.621,73000000,1
1290083760000,1290083819000,1.621,1.62122,1.62092,1.62106,80500000,1
1290083820000,1290083879000,1.62111,1.62161,1.62111,1.62118,99300000,1
1290083880000,1290083939000,1.62126,1.62127,1.62108,1.62115,93000000,1
1290083940000,1290083999000,1.62113,1.62113,1.62075,1.62077,93600000,1
1290084000000,1290084059000,1.62051,1.62078,1.6203,1.62043,85800000,1
1290084060000,1290084119000,1.62053,1.62083,1.62022,1.62035,87800000,1
1290084120000,1290084179000,1.62037,1.62062,1.61995,1.61995,113400000,1
1290084180000,1290084239000,1.62013,1.62047,1.62,1.62047,90200000,1
1290084240000,1290084299000,1.62053,1.62091,1.62053,1.62084,63500000,1
1290084300000,1290084359000,1.62085,1.62085,1.62057,1.6207,66400000,1
1290084360000,1290084419000,1.62069,1.62076,1.62033,1.62042,60200000,1
1290084420000,1290084479000,1.62047,1.62048,1.62014,1.62033,73100000,1
1290084480000,1290084539000,1.62033,1.62041,1.62016,1.62036,48400000,1
1290084540000,1290084599000,1.62026,1.62029,1.62005,1.62006,77800000,1
1290084600000,1290084659000,1.62008,1.62008,1.61977,1.61981,62000000,1
1290084660000,1290084719000,1.61967,1.61992,1.61943,1.61979,95000000,1
1290084720000,1290084779000,1.61987,1.61995,1.61966,1.61966,62500000,1
1290084780000,1290084839000,1.61972,1.61987,1.61965,1.61984,63600000,1
1290084840000,1290084899000,1.61986,1.62022,1.61984,1.62005,43300000,1
1290084900000,1290084959000,1.62009,1.62026,1.61998,1.61998,38800000,1
1290084960000,1290085019000,1.62011,1.62026,1.61996,1.62005,39700000,1
1290085020000,1290085079000,1.6202,1.6202,1.61972,1.61989,45500000,1
1290085080000,1290085139000,1.61994,1.62008,1.61962,1.61969,60900000,1
1290085140000,1290085199000,1.61969,1.6198,1.61965,1.61971,35300000,1
1290085200000,1290085259000,1.61967,1.61992,1.61967,1.61986,45900000,1
1290085260000,1290085319000,1.61994,1.6201,1.61966,1.6197,85400000,1
1290085320000,1290085379000,1.61969,1.61976,1.6195,1.61963,74800000,1
1290085380000,1290085439000,1.61967,1.61977,1.61948,1.61976,92000000,1
1290085440000,1290085499000,1.61971,1.61985,1.61945,1.61945,57600000,1
1290085500000,1290085559000,1.61939,1.61952,1.61913,1.61913,70400000,1
1290085560000,1290085619000,1.61918,1.61941,1.61897,1.61907,64400000,1
1290085620000,1290085679000,1.61907,1.61907,1.61875,1.61881,108900000,1
1290085680000,1290085739000,1.61886,1.61918,1.61877,1.61918,89300000,1
1290085740000,1290085799000,1.61916,1.61924,1.61892,1.61906,105900000,1
1290085800000,1290085859000,1.61913,1.61935,1.61908,1.61934,126900000,1
1290085860000,1290085919000,1.61934,1.61938,1.61926,1.61927,90400000,1
1290085920000,1290085979000,1.61936,1.61939,1.61906,1.61925,77300000,1
1290085980000,1290086039000,1.61929,1.61964,1.61929,1.61953,74100000,1
1290086040000,1290086099000,1.61953,1.62035,1.61947,1.62034,75200000,1
1290086100000,1290086159000,1.62041,1.62041,1.61993,1.62015,91000000,1
1290086160000,1290086219000,1.62015,1.62042,1.62003,1.62024,89700000,1
1290086220000,1290086279000,1.62022,1.62048,1.62016,1.62016,113800000,1
1290086280000,1290086339000,1.6203,1.62082,1.62028,1.62068,74400000,1
1290086340000,1290086399000,1.62068,1.62068,1.62049,1.62052,109200000,1
1290086400000,1290086459000,1.62058,1.62063,1.62012,1.6203,90400000,1
1290086460000,1290086519000,1.62026,1.62038,1.62015,1.62026,44100000,1
1290086520000,1290086579000,1.62031,1.62039,1.61943,1.61947,105400000,1
1290086580000,1290086639000,1.61945,1.61982,1.61931,1.61971,131700000,1
1290086640000,1290086699000,1.61967,1.61969,1.61919,1.61926,104000000,1
1290086700000,1290086759000,1.61926,1.61948,1.61904,1.61948,59600000,1
1290086760000,1290086819000,1.61948,1.61993,1.61931,1.61986,84100000,1
1290086820000,1290086879000,1.61983,1.62028,1.61954,1.62001,102300000,1
1290086880000,1290086939000,1.62001,1.62038,1.61972,1.62038,89800000,1
1290086940000,1290086999000,1.62032,1.62068,1.61937,1.61997,115900000,1
1290087000000,1290087059000,1.61938,1.62049,1.61921,1.62038,128300000,1
1290087060000,1290087119000,1.62045,1.62051,1.62005,1.62005,43400000,1
1290087120000,1290087179000,1.62007,1.6206,1.61981,1.62037,119800000,1
1290087180000,1290087239000,1.62037,1.62047,1.61968,1.62021,150000000,1
1290087240000,1290087299000,1.62024,1.62042,1.61972,1.61983,120700000,1
1290087300000,1290087359000,1.61975,1.61975,1.61928,1.61928,110300000,1
1290087360000,1290087419000,1.61928,1.6196,1.61886,1.61889,131500000,1
1290087420000,1290087479000,1.61899,1.6194,1.61848,1.61848,129000000,1
1290087480000,1290087539000,1.61848,1.61866,1.61843,1.61866,64700000,1
1290087540000,1290087599000,1.61863,1.61873,1.61833,1.61833,49400000,1
1290087600000,1290087659000,1.61836,1.61881,1.61833,1.61881,57100000,1
1290087660000,1290087719000,1.6188,1.61896,1.61866,1.61891,109800000,1
1290087720000,1290087779000,1.61882,1.61897,1.61879,1.6189,57500000,1
1290087780000,1290087839000,1.61887,1.61915,1.61887,1.61899,39000000,1
1290087840000,1290087899000,1.61899,1.61946,1.61899,1.61946,67100000,1
1290087900000,1290087959000,1.61949,1.61956,1.61915,1.61924,100600000,1
1290087960000,1290088019000,1.61918,1.61943,1.61894,1.61894,80700000,1
1290088020000,1290088079000,1.61895,1.61896,1.6178,1.61785,176200000,1
1290088080000,1290088139000,1.6178,1.61799,1.61757,1.61784,113800000,1
1290088140000,1290088199000,1.61789,1.61805,1.61766,1.61769,129700000,1
1290088200000,1290088259000,1.61778,1.61821,1.61761,1.61788,151100000,1
1290088260000,1290088319000,1.61788,1.61839,1.61784,1.61839,131000000,1
1290088320000,1290088379000,1.61839,1.61862,1.61824,1.61841,105600000,1
1290088380000,1290088439000,1.61839,1.61852,1.61827,1.61833,74700000,1
1290088440000,1290088499000,1.6183,1.61882,1.61825,1.61836,86000000,1
1290088500000,1290088559000,1.6184,1.61866,1.6183,1.61855,97000000,1
1290088560000,1290088619000,1.61856,1.61856,1.61843,1.61845,89800000,1
1290088620000,1290088679000,1.61845,1.61861,1.61841,1.61855,126900000,1
1290088680000,1290088739000,1.61855,1.61903,1.61855,1.61882,149200000,1
1290088740000,1290088799000,1.61885,1.61896,1.61861,1.61891,127600000,1
1290088800000,1290088859000,1.61891,1.61922,1.61878,1.61883,88300000,1
1290088860000,1290088919000,1.61875,1.6191,1.61875,1.61903,81600000,1
1290088920000,1290088979000,1.61906,1.61913,1.61877,1.61892,71000000,1
1290088980000,1290089039000,1.61886,1.61909,1.61866,1.61897,120800000,1
1290089040000,1290089099000,1.61902,1.61931,1.61869,1.61924,84300000,1
1290089100000,1290089159000,1.61914,1.61954,1.61912,1.61937,87000000,1
1290089160000,1290089219000,1.61937,1.61949,1.61927,1.61942,68900000,1
1290089220000,1290089279000,1.61938,1.6197,1.61932,1.61965,46900000,1
1290089280000,1290089339000,1.61971,1.62005,1.61968,1.61994,86000000,1
1290089340000,1290089399000,1.61995,1.61998,1.61928,1.61989,102000000,1
1290089400000,1290089459000,1.61988,1.61999,1.61983,1.61987,53300000,1
1290089460000,1290089519000,1.61991,1.62006,1.61973,1.61999,72300000,1
1290089520000,1290089579000,1.61994,1.62073,1.61989,1.62032,87600000,1
1290089580000,1290089639000,1.62039,1.6207,1.62022,1.62029,128100000,1
1290089640000,1290089699000,1.6203,1.62033,1.61984,1.61993,83900000,1
1290089700000,1290089759000,1.6199,1.62018,1.61957,1.6196,115700000,1
1290089760000,1290089819000,1.61956,1.61983,1.61887,1.6189,96900000,1
1290089820000,1290089879000,1.61897,1.61954,1.61889,1.61947,115000000,1
1290089880000,1290089939000,1.61953,1.61972,1.61942,1.61963,66700000,1
1290089940000,1290089999000,1.61957,1.61963,1.61912,1.61912,82800000,1
1290090000000,1290090059000,1.61912,1.6195,1.61905,1.61939,93200000,1
1290090060000,1290090119000,1.61939,1.61939,1.61913,1.6192,62200000,1
1290090120000,1290090179000,1.61925,1.62005,1.61925,1.61993,94400000,1
1290090180000,1290090239000,1.61995,1.62009,1.61951,1.62005,66500000,1
1290090240000,1290090299000,1.62005,1.62025,1.61992,1.61992,98300000,1
1290090300000,1290090359000,1.62001,1.62011,1.61955,1.61965,76400000,1
1290090360000,1290090419000,1.61964,1.62009,1.61949,1.62003,107200000,1
1290090420000,1290090479000,1.61995,1.62037,1.61989,1.62016,106200000,1
1290090480000,1290090539000,1.6201,1.62062,1.6201,1.62041,97500000,1
1290090540000,1290090599000,1.62048,1.62072,1.62037,1.62044,69500000,1
1290090600000,1290090659000,1.62044,1.62044,1.62002,1.62023,68100000,1
1290090660000,1290090719000,1.6202,1.6202,1.6195,1.61962,95900000,1
1290090720000,1290090779000,1.61965,1.61993,1.6193,1.61956,98500000,1
1290090780000,1290090839000,1.61956,1.61956,1.61904,1.61904,92400000,1
1290090840000,1290090899000,1.61906,1.61966,1.61903,1.6194,105900000,1
1290090900000,1290090959000,1.61941,1.61973,1.61931,1.61945,91900000,1
1290090960000,1290091019000,1.61945,1.61967,1.61931,1.61931,88500000,1
1290091020000,1290091079000,1.61932,1.62035,1.61932,1.62035,106400000,1
1290091080000,1290091139000,1.62039,1.62039,1.61983,1.61987,78100000,1
1290091140000,1290091199000,1.61996,1.62021,1.61966,1.62005,115600000,1
1290091200000,1290091259000,1.62005,1.62036,1.61973,1.6201,112000000,1
1290091260000,1290091319000,1.6201,1.6204,1.62001,1.6204,101000000,1
1290091320000,1290091379000,1.6204,1.62044,1.62027,1.62029,61800000,1
1290091380000,1290091439000,1.62025,1.62059,1.62023,1.62059,53600000,1
1290091440000,1290091499000,1.62072,1.62089,1.62041,1.62054,116700000,1
1290091500000,1290091559000,1.62053,1.62086,1.6204,1.62067,86700000,1
1290091560000,1290091619000,1.6208,1.621,1.6206,1.62076,69300000,1
1290091620000,1290091679000,1.62074,1.6209,1.62055,1.62063,96400000,1
1290091680000,1290091739000,1.62056,1.62086,1.62034,1.62062,160000000,1
1290091740000,1290091799000,1.62054,1.62095,1.62054,1.62064,98200000,1
1290091800000,1290091859000,1.62071,1.62075,1.61992,1.61992,121900000,1
1290091860000,1290091919000,1.61988,1.62007,1.6197,1.61986,108100000,1
1290091920000,1290091979000,1.61977,1.62012,1.61977,1.62011,53600000,1
1290091980000,1290092039000,1.62013,1.6206,1.62012,1.6206,96100000,1
1290092040000,1290092099000,1.62061,1.62139,1.62054,1.62125,96000000,1
1290092100000,1290092159000,1.62126,1.6218,1.62126,1.62145,117700000,1
1290092160000,1290092219000,1.62131,1.62158,1.62123,1.6215,106000000,1
1290092220000,1290092279000,1.62149,1.62157,1.62109,1.62119,86600000,1
1290092280000,1290092339000,1.62134,1.62134,1.62061,1.621,88500000,1
1290092340000,1290092399000,1.62102,1.62124,1.62057,1.62057,92600000,1
1290092400000,1290092459000,1.62052,1.62053,1.61918,1.61961,172000000,1
1290092460000,1290092519000,1.6198,1.62014,1.6194,1.61974,185100000,1
1290092520000,1290092579000,1.61974,1.62067,1.61974,1.62037,172700000,1
1290092580000,1290092639000,1.62037,1.62048,1.61987,1.62002,134600000,1
1290092640000,1290092699000,1.62001,1.62045,1.61979,1.62016,131900000,1
1290092700000,1290092759000,1.62016,1.62036,1.61884,1.61886,142100000,1
1290092760000,1290092819000,1.61881,1.61896,1.61822,1.61836,146400000,1
1290092820000,1290092879000,1.61834,1.61908,1.61832,1.61897,126100000,1
1290092880000,1290092939000,1.61896,1.61929,1.61843,1.61897,139700000,1
1290092940000,1290092999000,1.61897,1.61907,1.61831,1.61843,138600000,1
1290093000000,1290093059000,1.61841,1.61914,1.61824,1.61895,152000000,1
1290093060000,1290093119000,1.61887,1.61911,1.61868,1.61885,167400000,1
1290093120000,1290093179000,1.61892,1.61907,1.61859,1.61859,115500000,1
1290093180000,1290093239000,1.61874,1.6189,1.61834,1.61853,107200000,1
1290093240000,1290093299000,1.61847,1.61909,1.61843,1.61874,133200000,1
1290093300000,1290093359000,1.61868,1.61911,1.61852,1.61884,105600000,1
1290093360000,1290093419000,1.6188,1.61913,1.61866,1.61888,109600000,1
1290093420000,1290093479000,1.61876,1.61944,1.61853,1.61928,156900000,1
1290093480000,1290093539000,1.61916,1.61979,1.61911,1.61949,152900000,1
1290093540000,1290093599000,1.61946,1.61998,1.61942,1.61984,170100000,1
1290093600000,1290093659000,1.61983,1.6205,1.61981,1.62023,180400000,1
1290093660000,1290093719000,1.62024,1.62043,1.61986,1.62028,89400000,1
1290093720000,1290093779000,1.62031,1.62031,1.61946,1.61946,104600000,1
1290093780000,1290093839000,1.61942,1.6198,1.6191,1.61952,112800000,1
1290093840000,1290093899000,1.61959,1.62005,1.61959,1.61979,133900000,1
1290093900000,1290093959000,1.61978,1.62024,1.61978,1.62019,130100000,1
1290093960000,1290094019000,1.62031,1.62086,1.62015,1.62056,93500000,1
1290094020000,1290094079000,1.62053,1.62079,1.62008,1.62008,134000000,1
1290094080000,1290094139000,1.62007,1.6203,1.61998,1.61998,117000000,1
1290094140000,1290094199000,1.61988,1.62,1.61936,1.61967,117800000,1
1290094200000,1290094259000,1.61959,1.6198,1.61953,1.61978,152300000,1
1290094260000,1290094319000,1.61979,1.62035,1.61979,1.62035,144300000,1
1290094320000,1290094379000,1.62017,1.62036,1.61963,1.6201,163700000,1
1290094380000,1290094439000,1.61994,1.62063,1.61983,1.62029,154700000,1
1290094440000,1290094499000,1.62029,1.62067,1.62028,1.62044,123300000,1
1290094500000,1290094559000,1.62037,1.62037,1.61979,1.62002,156300000,1
1290094560000,1290094619000,1.61991,1.62018,1.61971,1.62,139600000,1
1290094620000,1290094679000,1.62005,1.62008,1.61939,1.61947,102200000,1
1290094680000,1290094739000,1.61934,1.61958,1.61872,1.61935,169300000,1
1290094740000,1290094799000,1.61922,1.6195,1.61906,1.61935,83200000,1
1290094800000,1290094859000,1.61935,1.61935,1.6188,1.61906,112900000,1
1290094860000,1290094919000,1.61905,1.61957,1.61902,1.61944,94500000,1
1290094920000,1290094979000,1.61945,1.61982,1.61931,1.61953,86400000,1
1290094980000,1290095039000,1.61952,1.61983,1.61943,1.61976,126600000,1
1290095040000,1290095099000,1.61976,1.62001,1.61957,1.61967,76800000,1
1290095100000,1290095159000,1.61964,1.6202,1.61945,1.61988,103100000,1
1290095160000,1290095219000,1.61988,1.62019,1.61988,1.62011,67600000,1
1290095220000,1290095279000,1.62009,1.62018,1.61966,1.61981,91600000,1
1290095280000,1290095339000,1.61977,1.62003,1.61943,1.61964,92600000,1
1290095340000,1290095399000,1.61956,1.6198,1.61908,1.61912,116600000,1
1290095400000,1290095459000,1.61917,1.61966,1.61889,1.61889,118700000,1
1290095460000,1290095519000,1.61889,1.61915,1.61857,1.61879,90900000,1
1290095520000,1290095579000,1.61882,1.61882,1.61826,1.61862,123300000,1
1290095580000,1290095639000,1.61859,1.61874,1.61832,1.61858,153000000,1
1290095640000,1290095699000,1.61866,1.61892,1.61841,1.61841,99400000,1
1290095700000,1290095759000,1.6185,1.61915,1.61845,1.61896,115300000,1
1290095760000,1290095819000,1.61886,1.61899,1.61867,1.61893,161100000,1
1290095820000,1290095879000,1.61893,1.61908,1.61849,1.61849,64900000,1
1290095880000,1290095939000,1.61849,1.61865,1.61808,1.61843,149400000,1
1290095940000,1290095999000,1.61838,1.61894,1.61827,1.61845,152900000,1
1290096000000,1290096059000,1.61851,1.61921,1.61832,1.61905,127700000,1
1290096060000,1290096119000,1.61898,1.61925,1.61898,1.61904,91200000,1
1290096120000,1290096179000,1.61899,1.61921,1.61854,1.61884,189300000,1
1290096180000,1290096239000,1.61887,1.61902,1.61869,1.61877,151400000,1
1290096240000,1290096299000,1.61885,1.61916,1.6186,1.61916,224600000,1
1290096300000,1290096359000,1.61925,1.62028,1.6192,1.62006,172000000,1
1290096360000,1290096419000,1.62008,1.62049,1.62,1.62,137900000,1
1290096420000,1290096479000,1.62005,1.62048,1.62005,1.62012,101600000,1
1290096480000,1290096539000,1.62023,1.62047,1.61994,1.62037,156100000,1
1290096540000,1290096599000,1.62025,1.62058,1.62005,1.62041,144300000,1
1290096600000,1290096659000,1.6205,1.6205,1.62,1.62009,95600000,1
1290096660000,1290096719000,1.6201,1.6212,1.61991,1.62118,131800000,1
1290096720000,1290096779000,1.62133,1.62133,1.62041,1.62048,118700000,1
1290096780000,1290096839000,1.62047,1.62064,1.62003,1.62036,106800000,1
1290096840000,1290096899000,1.62025,1.62035,1.61947,1.6195,134400000,1
1290096900000,1290096959000,1.61948,1.61973,1.61926,1.61927,107000000,1
1290096960000,1290097019000,1.61927,1.61998,1.61905,1.61987,113900000,1
1290097020000,1290097079000,1.61979,1.61997,1.61942,1.61942,114500000,1
1290097080000,1290097139000,1.61945,1.61972,1.6192,1.61941,126300000,1
1290097140000,1290097199000,1.6194,1.61943,1.61848,1.61861,129300000,1
1290097200000,1290097259000,1.61861,1.61862,1.61833,1.61845,92400000,1
1290097260000,1290097319000,1.61852,1.61878,1.6184,1.61877,64600000,1
1290097320000,1290097379000,1.61877,1.61893,1.61848,1.61893,93500000,1
1290097380000,1290097439000,1.61893,1.61985,1.61893,1.61957,110100000,1
1290097440000,1290097499000,1.61958,1.62021,1.61958,1.6199,128800000,1
1290097500000,1290097559000,1.61999,1.61999,1.61934,1.6195,119900000,1
1290097560000,1290097619000,1.61953,1.61962,1.61888,1.61897,125600000,1
1290097620000,1290097679000,1.61901,1.61901,1.6187,1.61871,65800000,1
1290097680000,1290097739000,1.61871,1.61928,1.61864,1.61918,105300000,1
1290097740000,1290097799000,1.61936,1.61936,1.61881,1.61883,102500000,1
1290097800000,1290097859000,1.61887,1.619,1.61863,1.61873,138000000,1
1290097860000,1290097919000,1.61874,1.61894,1.61843,1.61843,101900000,1
1290097920000,1290097979000,1.61837,1.61895,1.61836,1.61889,110700000,1
1290097980000,1290098039000,1.61889,1.6191,1.61877,1.6189,83600000,1
1290098040000,1290098099000,1.61888,1.61896,1.61859,1.61881,87000000,1
1290098100000,1290098159000,1.61877,1.61897,1.61867,1.61868,89500000,1
1290098160000,1290098219000,1.61863,1.6188,1.61834,1.61844,131400000,1
1290098220000,1290098279000,1.6184,1.61862,1.61816,1.61831,120700000,1
1290098280000,1290098339000,1.61838,1.61856,1.61758,1.6179,136600000,1
1290098340000,1290098399000,1.61784,1.61801,1.61753,1.61761,126900000,1
1290098400000,1290098459000,1.61761,1.61784,1.61744,1.61778,77900000,1
1290098460000,1290098519000,1.61786,1.61836,1.61781,1.61817,124800000,1
1290098520000,1290098579000,1.61817,1.61823,1.61792,1.61799,109100000,1
1290098580000,1290098639000,1.61801,1.61813,1.61737,1.6177,106900000,1
1290098640000,1290098699000,1.61764,1.61792,1.61764,1.61792,73000000,1
1290098700000,1290098759000,1.6178,1.61822,1.6178,1.61811,88000000,1
1290098760000,1290098819000,1.61804,1.61824,1.61793,1.61824,62900000,1
1290098820000,1290098879000,1.61827,1.61864,1.61809,1.61855,77200000,1
1290098880000,1290098939000,1.6186,1.61869,1.61836,1.61836,65200000,1
1290098940000,1290098999000,1.61835,1.61851,1.61827,1.6184,49100000,1
1290099000000,1290099059000,1.61836,1.61885,1.61836,1.61875,73000000,1
1290099060000,1290099119000,1.61875,1.61881,1.61843,1.61855,73800000,1
1290099120000,1290099179000,1.61855,1.61875,1.61852,1.61856,85200000,1
1290099180000,1290099239000,1.61853,1.61892,1.61853,1.61882,78700000,1
1290099240000,1290099299000,1.61879,1.6188,1.61845,1.61864,119400000,1
1290099300000,1290099359000,1.61862,1.61886,1.6186,1.61882,108000000,1
1290099360000,1290099419000,1.61882,1.61904,1.61868,1.61896,70100000,1
1290099420000,1290099479000,1.61894,1.61896,1.61864,1.61892,63400000,1
1290099480000,1290099539000,1.6188,1.61905,1.6187,1.61899,80700000,1
1290099540000,1290099599000,1.61894,1.61894,1.61858,1.6188,115400000,1
1290099600000,1290099659000,1.61882,1.61916,1.61868,1.61875,99300000,1
1290099660000,1290099719000,1.61868,1.61904,1.6184,1.6184,113600000,1
1290099720000,1290099779000,1.61834,1.61937,1.61821,1.61936,154100000,1
1290099780000,1290099839000,1.61933,1.61962,1.61895,1.61949,181000000,1
1290099840000,1290099899000,1.61944,1.61959,1.61923,1.6194,113800000,1
1290099900000,1290099959000,1.6194,1.61968,1.61928,1.61931,76100000,1
1290099960000,1290100019000,1.61925,1.61977,1.61925,1.61954,114900000,1
1290100020000,1290100079000,1.61954,1.62113,1.61929,1.62094,187000000,1
1290100080000,1290100139000,1.621,1.62125,1.62091,1.62091,169500000,1
1290100140000,1290100199000,1.62085,1.62115,1.62063,1.62068,143700000,1
1290100200000,1290100259000,1.62066,1.62165,1.62064,1.62165,139000000,1
1290100260000,1290100319000,1.62165,1.62165,1.62056,1.62084,130000000,1
1290100320000,1290100379000,1.62108,1.62147,1.62094,1.62112,150300000,1
1290100380000,1290100439000,1.62109,1.6217,1.62108,1.62122,81400000,1
1290100440000,1290100499000,1.62118,1.62132,1.6208,1.6208,85700000,1
1290100500000,1290100559000,1.62086,1.62125,1.62086,1.62125,86400000,1
1290100560000,1290100619000,1.62125,1.62125,1.62046,1.62061,121200000,1
1290100620000,1290100679000,1.62066,1.62087,1.62049,1.62069,127400000,1
1290100680000,1290100739000,1.62076,1.62082,1.62039,1.62045,100300000,1
1290100740000,1290100799000,1.6205,1.62099,1.62034,1.62099,115100000,1
1290100800000,1290100859000,1.62088,1.62131,1.62069,1.62124,91300000,1
1290100860000,1290100919000,1.62135,1.62138,1.62093,1.62115,87600000,1
1290100920000,1290100979000,1.62108,1.62118,1.62087,1.62113,111500000,1
1290100980000,1290101039000,1.62114,1.62144,1.62083,1.62134,119900000,1
1290101040000,1290101099000,1.62134,1.62165,1.62118,1.62134,155100000,1
1290101100000,1290101159000,1.62148,1.62163,1.62128,1.62151,67500000,1
1290101160000,1290101219000,1.62146,1.62158,1.62135,1.62158,57900000,1
1290101220000,1290101279000,1.62158,1.62187,1.62143,1.62186,71300000,1
1290101280000,1290101339000,1.62186,1.62186,1.62156,1.62163,53400000,1
1290101340000,1290101399000,1.62163,1.62186,1.62159,1.62172,62200000,1
1290101400000,1290101459000,1.62166,1.62218,1.62166,1.62208,102900000,1
1290101460000,1290101519000,1.62208,1.62208,1.62152,1.62172,74900000,1
1290101520000,1290101579000,1.62168,1.622,1.6216,1.62194,63900000,1
1290101580000,1290101639000,1.62201,1.62201,1.62174,1.62174,76100000,1
1290101640000,1290101699000,1.62174,1.62247,1.62169,1.62247,97200000,1
1290101700000,1290101759000,1.62244,1.62272,1.62213,1.62224,114200000,1
1290101760000,1290101819000,1.62218,1.62254,1.62218,1.62247,100200000,1
1290101820000,1290101879000,1.62245,1.62257,1.62232,1.62251,56200000,1
1290101880000,1290101939000,1.62249,1.62254,1.62237,1.62254,33400000,1
1290101940000,1290101999000,1.62257,1.62257,1.62211,1.62211,77900000,1
1290102000000,1290102059000,1.62211,1.62221,1.62193,1.62211,83400000,1
1290102060000,1290102119000,1.62204,1.62247,1.62204,1.62239,54200000,1
1290102120000,1290102179000,1.62239,1.62253,1.62228,1.62243,58900000,1
1290102180000,1290102239000,1.62243,1.6226,1.62229,1.62235,37300000,1
1290102240000,1290102299000,1.62237,1.62257,1.62227,1.6223,61700000,1
1290102300000,1290102359000,1.6223,1.62233,1.6221,1.62233,85600000,1
1290102360000,1290102419000,1.62232,1.62234,1.62209,1.62221,68600000,1
1290102420000,1290102479000,1.62221,1.62228,1.62211,1.62228,29800000,1
1290102480000,1290102539000,1.62232,1.62249,1.62221,1.6223,86300000,1
1290102540000,1290102599000,1.62237,1.6225,1.62221,1.62221,98700000,1
1290102600000,1290102659000,1.62217,1.62231,1.62204,1.6223,46100000,1
1290102660000,1290102719000,1.62227,1.6223,1.62192,1.62216,49900000,1
1290102720000,1290102779000,1.62204,1.62213,1.62197,1.62209,81900000,1
1290102780000,1290102839000,1.62217,1.62244,1.62207,1.62211,77100000,1
1290102840000,1290102899000,1.62226,1.62232,1.62204,1.62207,86300000,1
1290102900000,1290102959000,1.62209,1.62231,1.62185,1.6219,114600000,1
1290102960000,1290103019000,1.6219,1.62237,1.62187,1.62219,121200000,1
1290103020000,1290103079000,1.62219,1.62243,1.62216,1.62233,87600000,1
1290103080000,1290103139000,1.62233,1.62233,1.622,1.622,78800000,1
1290103140000,1290103199000,1.62207,1.6224,1.62204,1.62204,100200000,1
1290103200000,1290103259000,1.62196,1.62221,1.62189,1.62211,96000000,1
1290103260000,1290103319000,1.62211,1.62217,1.62184,1.62187,59000000,1
1290103320000,1290103379000,1.62181,1.62207,1.62181,1.62189,46200000,1
1290103380000,1290103439000,1.62196,1.62223,1.62178,1.62221,120500000,1
1290103440000,1290103499000,1.62221,1.62243,1.62217,1.62243,58900000,1
1290103500000,1290103559000,1.62243,1.62251,1.62221,1.62224,41400000,1
1290103560000,1290103619000,1.62226,1.62258,1.62219,1.62248,62100000,1
1290103620000,1290103679000,1.62238,1.62259,1.62238,1.6224,51100000,1
1290103680000,1290103739000,1.6224,1.62254,1.62231,1.62253,52700000,1
1290103740000,1290103799000,1.62247,1.62287,1.62247,1.62287,66900000,1
1290103800000,1290103859000,1.62284,1.62284,1.62209,1.62209,104400000,1
1290103860000,1290103919000,1.62209,1.62242,1.62209,1.62232,70500000,1
1290103920000,1290103979000,1.62235,1.62235,1.62193,1.62203,107800000,1
1290103980000,1290104039000,1.62214,1.6222,1.62199,1.62201,107400000,1
1290104040000,1290104099000,1.62201,1.62236,1.62201,1.62217,86000000,1
1290104100000,1290104159000,1.62217,1.62237,1.62214,1.62231,93100000,1
1290104160000,1290104219000,1.62231,1.62263,1.62222,1.6226,80800000,1
1290104220000,1290104279000,1.6226,1.62271,1.62237,1.62251,77500000,1
1290104280000,1290104339000,1.62248,1.62252,1.62242,1.62251,34900000,1
1290104340000,1290104399000,1.62257,1.62258,1.62229,1.62231,34200000,1
1290104400000,1290104459000,1.62231,1.62231,1.6219,1.62211,87600000,1
1290104460000,1290104519000,1.62203,1.62234,1.62197,1.62211,66700000,1
1290104520000,1290104579000,1.62211,1.62211,1.62195,1.6221,41700000,1
1290104580000,1290104639000,1.62208,1.62211,1.6216,1.62188,58700000,1
1290104640000,1290104699000,1.62188,1.62189,1.62179,1.62185,31400000,1
1290104700000,1290104759000,1.62186,1.62218,1.62178,1.62201,81100000,1
1290104760000,1290104819000,1.62192,1.62216,1.62184,1.62206,133300000,1
1290104820000,1290104879000,1.62206,1.62206,1.62183,1.62204,81600000,1
1290104880000,1290104939000,1.62204,1.62204,1.62168,1.62183,40700000,1
1290104940000,1290104999000,1.62195,1.62203,1.62159,1.62186,95900000,1
1290105000000,1290105059000,1.622,1.62214,1.62178,1.62206,76000000,1
1290105060000,1290105119000,1.62209,1.62241,1.62204,1.62237,59700000,1
1290105120000,1290105179000,1.62233,1.62233,1.62205,1.62205,75000000,1
1290105180000,1290105239000,1.62205,1.62212,1.6219,1.62199,39000000,1
1290105240000,1290105299000,1.62189,1.6219,1.62175,1.62175,26000000,1
1290105300000,1290105359000,1.62175,1.6219,1.62164,1.62179,60800000,1
1290105360000,1290105419000,1.62173,1.62206,1.62158,1.62201,86600000,1
1290105420000,1290105479000,1.62201,1.62206,1.62177,1.62191,62900000,1
1290105480000,1290105539000,1.62185,1.62195,1.6216,1.62175,103600000,1
1290105540000,1290105599000,1.62175,1.62189,1.62162,1.62164,57700000,1
1290105600000,1290105659000,1.62164,1.62193,1.62164,1.62178,88600000,1
1290105660000,1290105719000,1.62177,1.62193,1.62171,1.62179,69100000,1
1290105720000,1290105779000,1.62182,1.62202,1.62179,1.62179,63500000,1
1290105780000,1290105839000,1.62179,1.62196,1.62175,1.62175,37100000,1
1290105840000,1290105899000,1.62185,1.62199,1.62175,1.6219,80800000,1
1290105900000,1290105959000,1.62185,1.62185,1.62166,1.62166,34700000,1
1290105960000,1290106019000,1.62165,1.62213,1.6216,1.62213,86200000,1
1290106020000,1290106079000,1.62218,1.62222,1.62193,1.6221,112100000,1
1290106080000,1290106139000,1.62208,1.62221,1.62197,1.62198,76000000,1
1290106140000,1290106199000,1.62198,1.6223,1.62198,1.62219,42300000,1
1290106200000,1290106259000,1.62219,1.62221,1.62196,1.62206,57500000,1
1290106260000,1290106319000,1.62206,1.62211,1.62202,1.62211,22300000,1
1290106320000,1290106379000,1.62211,1.62227,1.62205,1.62212,36000000,1
1290106380000,1290106439000,1.62218,1.62218,1.62169,1.62171,49000000,1
1290106440000,1290106499000,1.62171,1.62196,1.62159,1.62196,52700000,1
1290106500000,1290106559000,1.62196,1.622,1.62169,1.6218,60600000,1
1290106560000,1290106619000,1.6218,1.62187,1.62112,1.62146,65800000,1
1290106620000,1290106679000,1.62145,1.62186,1.62145,1.62161,65700000,1
1290106680000,1290106739000,1.62163,1.62189,1.62163,1.62164,38700000,1
1290106740000,1290106799000,1.6217,1.62174,1.62134,1.62134,42900000,1
1290106800000,1290106859000,1.62139,1.62139,1.62079,1.62107,68800000,1
1290106860000,1290106919000,1.62113,1.62135,1.62113,1.62135,65700000,1
1290106920000,1290106979000,1.6213,1.62156,1.62105,1.62105,106300000,1
1290106980000,1290107039000,1.62108,1.62129,1.62082,1.6209,67200000,1
1290107040000,1290107099000,1.6209,1.62111,1.62072,1.62096,77300000,1
1290107100000,1290107159000,1.62096,1.62122,1.6209,1.62117,41200000,1
1290107160000,1290107219000,1.62121,1.62139,1.62112,1.62113,45000000,1
1290107220000,1290107279000,1.62113,1.62144,1.62111,1.62122,58600000,1
1290107280000,1290107339000,1.62122,1.62133,1.62114,1.6213,58000000,1
1290107340000,1290107399000,1.6213,1.62158,1.62123,1.62157,85200000,1
1290107400000,1290107459000,1.62145,1.62158,1.62138,1.62141,79400000,1
1290107460000,1290107519000,1.62154,1.62176,1.62139,1.62139,71400000,1
1290107520000,1290107579000,1.62149,1.6219,1.62149,1.6219,84000000,1
1290107580000,1290107639000,1.62199,1.622,1.62175,1.622,32900000,1
1290107640000,1290107699000,1.6218,1.62219,1.6218,1.62189,91500000,1
1290107700000,1290107759000,1.62194,1.62201,1.62167,1.62183,57600000,1
1290107760000,1290107819000,1.62189,1.62228,1.62189,1.62205,97400000,1
1290107820000,1290107879000,1.62208,1.62263,1.62207,1.62251,31400000,1
1290107880000,1290107939000,1.62263,1.62266,1.62244,1.62254,59900000,1
1290107940000,1290107999000,1.6226,1.62273,1.62253,1.6226,76600000,1
1290108000000,1290108059000,1.6226,1.6229,1.62258,1.62261,122900000,1
1290108060000,1290108119000,1.62259,1.62275,1.62259,1.62274,111700000,1
1290108120000,1290108179000,1.62294,1.62304,1.62275,1.62296,83200000,1
1290108180000,1290108239000,1.62291,1.62312,1.62287,1.62302,61200000,1
1290108240000,1290108299000,1.62302,1.62302,1.62261,1.62276,66400000,1
1290108300000,1290108359000,1.62272,1.62297,1.62268,1.62293,56200000,1
1290108360000,1290108419000,1.62282,1.62309,1.62282,1.62296,73600000,1
1290108420000,1290108479000,1.62296,1.62314,1.62281,1.62282,65500000,1
1290108480000,1290108539000,1.62283,1.62328,1.62281,1.62304,48300000,1
1290108540000,1290108599000,1.62299,1.62323,1.62292,1.62295,64400000,1
1290108600000,1290108659000,1.62292,1.62302,1.62264,1.6228,58200000,1
1290108660000,1290108719000,1.62269,1.62295,1.62243,1.62243,67100000,1
1290108720000,1290108779000,1.62245,1.62245,1.62205,1.62224,36900000,1
1290108780000,1290108839000,1.62224,1.62224,1.62196,1.62214,57500000,1
1290108840000,1290108899000,1.62214,1.62214,1.62184,1.62184,60400000,1
1290108900000,1290108959000,1.62193,1.62206,1.62181,1.62181,68600000,1
1290108960000,1290109019000,1.62199,1.62218,1.62185,1.62201,77400000,1
1290109020000,1290109079000,1.62204,1.62204,1.62184,1.62193,64200000,1
1290109080000,1290109139000,1.62187,1.62201,1.62187,1.62201,59900000,1
1290109140000,1290109199000,1.62201,1.62201,1.62139,1.62164,47200000,1
1290109200000,1290109259000,1.62158,1.62196,1.62158,1.62189,40200000,1
1290109260000,1290109319000,1.62192,1.62208,1.62185,1.62208,41900000,1
1290109320000,1290109379000,1.62208,1.62225,1.62193,1.62215,50800000,1
1290109380000,1290109439000,1.62214,1.62214,1.62188,1.62188,41100000,1
1290109440000,1290109499000,1.62188,1.62222,1.62188,1.62222,45500000,1
1290109500000,1290109559000,1.62212,1.62226,1.62197,1.62197,77700000,1
1290109560000,1290109619000,1.62201,1.62202,1.62164,1.62169,41700000,1
1290109620000,1290109679000,1.62164,1.62174,1.62111,1.62113,97200000,1
1290109680000,1290109739000,1.62104,1.62141,1.62083,1.62127,113700000,1
1290109740000,1290109799000,1.62125,1.62201,1.62123,1.62201,82800000,1
1290109800000,1290109859000,1.62201,1.6221,1.6218,1.62188,82200000,1
1290109860000,1290109919000,1.62187,1.62197,1.62164,1.62181,85800000,1
1290109920000,1290109979000,1.62191,1.62191,1.62164,1.62172,99000000,1
1290109980000,1290110039000,1.62182,1.62207,1.6217,1.62195,102400000,1
1290110040000,1290110099000,1.62201,1.62243,1.62188,1.62201,76100000,1
1290110100000,1290110159000,1.62201,1.6224,1.62187,1.62187,84300000,1
1290110160000,1290110219000,1.62187,1.62201,1.62144,1.62166,93200000,1
1290110220000,1290110279000,1.62174,1.62197,1.62147,1.62147,83600000,1
1290110280000,1290110339000,1.62156,1.62191,1.62131,1.62136,99700000,1
1290110340000,1290110399000,1.6214,1.62165,1.62091,1.62119,98300000,1
1290110400000,1290110459000,1.6212,1.62173,1.62109,1.62164,68500000,1
1290110460000,1290110519000,1.62158,1.62165,1.62157,1.62157,14700000,1
1290110520000,1290110579000,1.62157,1.62173,1.62123,1.62123,38900000,1
1290110580000,1290110639000,1.62131,1.62157,1.62131,1.62157,25700000,1
1290110640000,1290110699000,1.62158,1.62188,1.62132,1.62188,65600000,1
1290110700000,1290110759000,1.62188,1.62193,1.6217,1.6217,33800000,1
1290110760000,1290110819000,1.62168,1.62168,1.62148,1.62155,56500000,1
1290110820000,1290110879000,1.62151,1.62165,1.62131,1.62151,50000000,1
1290110880000,1290110939000,1.62147,1.62176,1.62127,1.62139,58800000,1
1290110940000,1290110999000,1.62148,1.62168,1.62121,1.62138,69600000,1
1290111000000,1290111059000,1.62138,1.62139,1.62114,1.6212,60900000,1
1290111060000,1290111119000,1.62113,1.62134,1.62104,1.62106,44800000,1
1290111120000,1290111179000,1.62117,1.62143,1.62104,1.62125,38600000,1
1290111180000,1290111239000,1.62128,1.62178,1.62128,1.62163,64000000,1
1290111240000,1290111299000,1.62165,1.62165,1.62117,1.62117,27700000,1
1290111300000,1290111359000,1.62128,1.62147,1.62122,1.6213,31400000,1
1290111360000,1290111419000,1.6213,1.62141,1.6212,1.62131,66300000,1
1290111420000,1290111479000,1.62131,1.62147,1.6213,1.62135,59200000,1
1290111480000,1290111539000,1.62135,1.6214,1.62117,1.62128,61200000,1
1290111540000,1290111599000,1.62128,1.62132,1.62128,1.62132,77000000,1
1290111600000,1290111659000,1.62132,1.62163,1.62131,1.62136,79000000,1
1290111660000,1290111719000,1.62136,1.62164,1.62131,1.62156,64300000,1
1290111720000,1290111779000,1.62163,1.62186,1.62163,1.62172,45800000,1
1290111780000,1290111839000,1.62183,1.62183,1.62152,1.62153,36700000,1
1290111840000,1290111899000,1.62159,1.62167,1.62138,1.62138,38600000,1
1290111900000,1290111959000,1.62139,1.6214,1.62117,1.62127,36300000,1
1290111960000,1290112019000,1.62128,1.62151,1.62128,1.6214,15800000,1
1290112020000,1290112079000,1.62144,1.62144,1.6211,1.6211,25900000,1
1290112080000,1290112139000,1.62105,1.62128,1.62105,1.62115,50000000,1
1290112140000,1290112199000,1.6212,1.62135,1.62117,1.62134,91300000,1
1290112200000,1290112259000,1.62134,1.6216,1.62134,1.6215,53700000,1
1290112260000,1290112319000,1.62161,1.62167,1.62127,1.62167,81800000,1
1290112320000,1290112379000,1.62164,1.62171,1.62156,1.6217,85500000,1
1290112380000,1290112439000,1.6217,1.62184,1.6215,1.6215,40900000,1
1290112440000,1290112499000,1.62155,1.62181,1.62155,1.62181,41300000,1
1290112500000,1290112559000,1.62181,1.62283,1.62163,1.62283,93800000,1
1290112560000,1290112619000,1.62282,1.62288,1.62223,1.62266,93900000,1
1290112620000,1290112679000,1.62266,1.62309,1.62258,1.62306,82000000,1
1290112680000,1290112739000,1.62308,1.62309,1.62278,1.62279,57000000,1
1290112740000,1290112799000,1.62279,1.62306,1.62246,1.62278,81100000,1
1290112800000,1290112859000,1.62283,1.62295,1.62257,1.62261,63900000,1
1290112860000,1290112919000,1.6227,1.6232,1.62263,1.62293,71100000,1
1290112920000,1290112979000,1.62303,1.62305,1.62247,1.62276,75700000,1
1290112980000,1290113039000,1.62276,1.6228,1.62242,1.62242,33000000,1
1290113040000,1290113099000,1.62239,1.62281,1.62236,1.62277,75800000,1
1290113100000,1290113159000,1.62272,1.62275,1.62198,1.62198,97400000,1
1290113160000,1290113219000,1.62199,1.62222,1.62192,1.6221,39600000,1
1290113220000,1290113279000,1.62214,1.62227,1.62198,1.62227,85100000,1
1290113280000,1290113339000,1.62228,1.62302,1.62227,1.6229,99000000,1
1290113340000,1290113399000,1.62297,1.62297,1.62241,1.62254,56500000,1
1290113400000,1290113459000,1.62253,1.62303,1.62253,1.62272,103100000,1
1290113460000,1290113519000,1.62276,1.6236,1.62273,1.62353,62300000,1
1290113520000,1290113579000,1.62352,1.62366,1.62284,1.62284,67300000,1
1290113580000,1290113639000,1.62286,1.62294,1.62244,1.62248,59600000,1
1290113640000,1290113699000,1.62248,1.62262,1.62241,1.62253,30300000,1
1290113700000,1290113759000,1.62257,1.62275,1.62231,1.62256,68100000,1
1290113760000,1290113819000,1.62256,1.62265,1.62247,1.62251,49000000,1
1290113820000,1290113879000,1.62251,1.62277,1.62229,1.62229,51000000,1
1290113880000,1290113939000,1.62228,1.62243,1.62228,1.62243,28100000,1
1290113940000,1290113999000,1.62237,1.62311,1.62236,1.6229,93600000,1
1290114000000,1290114059000,1.62288,1.62288,1.62226,1.62228,80100000,1
1290114060000,1290114119000,1.62211,1.62211,1.62133,1.62138,119000000,1
1290114120000,1290114179000,1.62138,1.62191,1.62138,1.62163,88100000,1
1290114180000,1290114239000,1.62161,1.62164,1.62142,1.62142,73800000,1
1290114240000,1290114299000,1.62132,1.62148,1.62108,1.62128,100700000,1
1290114300000,1290114359000,1.62128,1.62176,1.62128,1.62176,58000000,1
1290114360000,1290114419000,1.62177,1.62187,1.62163,1.62174,77500000,1
1290114420000,1290114479000,1.62174,1.62218,1.62167,1.62212,66600000,1
1290114480000,1290114539000,1.62194,1.62201,1.62167,1.62167,37100000,1
1290114540000,1290114599000,1.62167,1.62177,1.62133,1.62134,76700000,1
1290114600000,1290114659000,1.62133,1.6221,1.62133,1.62194,73900000,1
1290114660000,1290114719000,1.62194,1.62194,1.62136,1.62152,74000000,1
1290114720000,1290114779000,1.62171,1.62171,1.62113,1.62124,86800000,1
1290114780000,1290114839000,1.62128,1.62141,1.62078,1.62115,72600000,1
1290114840000,1290114899000,1.62115,1.62135,1.62092,1.62116,101100000,1
1290114900000,1290114959000,1.62109,1.62129,1.62106,1.62113,72100000,1
1290114960000,1290115019000,1.62125,1.62172,1.62125,1.62139,122900000,1
1290115020000,1290115079000,1.62139,1.62172,1.62127,1.62172,31700000,1
1290115080000,1290115139000,1.62162,1.62162,1.62119,1.62124,56700000,1
1290115140000,1290115199000,1.62124,1.62162,1.62124,1.62145,37000000,1
1290115200000,1290115259000,1.62145,1.6217,1.62132,1.62132,71300000,1
1290115260000,1290115319000,1.62129,1.62168,1.62096,1.62158,92100000,1
1290115320000,1290115379000,1.6216,1.62165,1.62133,1.62135,51900000,1
1290115380000,1290115439000,1.62135,1.62141,1.62107,1.62132,107800000,1
1290115440000,1290115499000,1.62132,1.62158,1.62127,1.62131,49000000,1
1290115500000,1290115559000,1.62139,1.62165,1.62106,1.62109,84700000,1
1290115560000,1290115619000,1.62114,1.62118,1.6209,1.62112,72600000,1
1290115620000,1290115679000,1.62113,1.62141,1.62111,1.62133,105200000,1
1290115680000,1290115739000,1.62133,1.62135,1.6211,1.62118,50400000,1
1290115740000,1290115799000,1.62118,1.62122,1.62086,1.62089,89400000,1
1290115800000,1290115859000,1.62086,1.62116,1.62059,1.62071,85800000,1
1290115860000,1290115919000,1.62069,1.6207,1.62038,1.62048,131000000,1
1290115920000,1290115979000,1.62048,1.6206,1.62032,1.62051,71200000,1
1290115980000,1290116039000,1.62046,1.62069,1.62035,1.62048,57500000,1
1290116040000,1290116099000,1.62038,1.62078,1.62029,1.62042,74200000,1
1290116100000,1290116159000,1.62048,1.62048,1.61999,1.61999,74400000,1
1290116160000,1290116219000,1.61999,1.62014,1.61982,1.61999,81400000,1
1290116220000,1290116279000,1.61999,1.62016,1.61956,1.61956,70000000,1
1290116280000,1290116339000,1.61973,1.62022,1.61969,1.61969,69300000,1
1290116340000,1290116399000,1.6197,1.61989,1.61959,1.61969,104600000,1
1290116400000,1290116459000,1.61969,1.61979,1.61962,1.61962,81100000,1
1290116460000,1290116519000,1.61963,1.62001,1.61953,1.61959,132700000,1
1290116520000,1290116579000,1.61954,1.62016,1.61954,1.62016,57400000,1
1290116580000,1290116639000,1.62016,1.62037,1.6199,1.62022,96000000,1
1290116640000,1290116699000,1.62032,1.62038,1.61994,1.61994,61300000,1
1290116700000,1290116759000,1.61994,1.62038,1.61993,1.62016,95300000,1
1290116760000,1290116819000,1.62016,1.6202,1.62016,1.6202,50300000,1
1290116820000,1290116879000,1.6202,1.6202,1.62002,1.62002,18300000,1
1290116880000,1290116939000,1.62001,1.62018,1.61992,1.62008,46900000,1
1290116940000,1290116999000,1.62001,1.6202,1.61989,1.62018,40200000,1
1290117000000,1290117059000,1.62012,1.62018,1.61999,1.62003,16600000,1
1290117060000,1290117119000,1.62005,1.62008,1.6198,1.6198,21300000,1
1290117120000,1290117179000,1.6198,1.61989,1.6197,1.61972,24500000,1
1290117180000,1290117239000,1.61978,1.62012,1.61962,1.62012,55800000,1
1290117240000,1290117299000,1.62011,1.62011,1.61968,1.61968,46700000,1
1290117300000,1290117359000,1.61982,1.61997,1.61968,1.61985,41100000,1
1290117360000,1290117419000,1.61992,1.61998,1.61975,1.61993,30800000,1
1290117420000,1290117479000,1.61993,1.61993,1.61976,1.61976,33100000,1
1290117480000,1290117539000,1.61992,1.6203,1.61985,1.61987,93200000,1
1290117540000,1290117599000,1.61986,1.62017,1.61964,1.62006,94500000,1
1290117600000,1290117659000,1.61965,1.62044,1.61965,1.62044,66200000,1
1290117660000,1290117719000,1.62052,1.62071,1.62024,1.62054,105900000,1
1290117720000,1290117779000,1.62053,1.62094,1.62038,1.62073,88000000,1
1290117780000,1290117839000,1.62059,1.62118,1.62025,1.62088,109700000,1
1290117840000,1290117899000,1.62096,1.62133,1.62085,1.62099,89500000,1
1290117900000,1290117959000,1.62103,1.62103,1.6204,1.62049,59600000,1
1290117960000,1290118019000,1.62066,1.62077,1.62045,1.62069,52900000,1
1290118020000,1290118079000,1.62086,1.62106,1.6207,1.62084,85600000,1
1290118080000,1290118139000,1.62084,1.62084,1.62084,1.62084,1500000,1
1290118140000,1290118199000,1.62084,1.62096,1.62084,1.62096,14900000,1
1290118200000,1290118259000,1.62093,1.62102,1.62093,1.621,8800000,1
1290118260000,1290118319000,1.621,1.621,1.62084,1.62084,29900000,1
1290118320000,1290118379000,1.62084,1.62094,1.62031,1.62077,88200000,1
1290118380000,1290118439000,1.62077,1.62094,1.62051,1.62084,41900000,1
1290118440000,1290118499000,1.62077,1.62084,1.62058,1.62075,31900000,1
1290118500000,1290118559000,1.62082,1.62086,1.62063,1.62083,43000000,1
1290118560000,1290118619000,1.6208,1.62113,1.6208,1.62113,17100000,1
1290118620000,1290118679000,1.62117,1.62134,1.621,1.621,28100000,1
1290118680000,1290118739000,1.621,1.62112,1.621,1.62112,26800000,1
1290118740000,1290118799000,1.62123,1.62123,1.621,1.62113,28400000,1
1290118800000,1290118859000,1.62104,1.62108,1.62097,1.62097,16000000,1
1290118860000,1290118919000,1.621,1.62108,1.62092,1.62107,16000000,1
1290118920000,1290118979000,1.62097,1.62108,1.62097,1.62108,32100000,1
1290118980000,1290119039000,1.62108,1.62128,1.62107,1.62118,33200000,1
1290119040000,1290119099000,1.62111,1.62118,1.62108,1.62113,20000000,1
1290119100000,1290119159000,1.62117,1.62117,1.62117,1.62117,2200000,1
1290119160000,1290119219000,1.62117,1.62117,1.62077,1.62079,29500000,1
1290119220000,1290119279000,1.62083,1.62087,1.62072,1.62073,23000000,1
1290119280000,1290119339000,1.62072,1.62083,1.62037,1.62083,55500000,1
1290119340000,1290119399000,1.62091,1.62108,1.62077,1.62081,64500000,1
1290119400000,1290119459000,1.62081,1.62084,1.62081,1.62084,29700000,1
1290119460000,1290119519000,1.62081,1.62083,1.62072,1.62076,36000000,1
1290119520000,1290119579000,1.62073,1.62082,1.62037,1.62052,36900000,1
1290119580000,1290119639000,1.62061,1.62067,1.62028,1.6206,74300000,1
1290119640000,1290119699000,1.62061,1.62062,1.62037,1.62062,51300000,1
1290119700000,1290119759000,1.62062,1.62077,1.62062,1.62077,12100000,1
1290119760000,1290119819000,1.62082,1.62093,1.62063,1.62088,55800000,1
1290119820000,1290119879000,1.62077,1.62078,1.62072,1.62078,12700000,1
1290119880000,1290119939000,1.62093,1.62123,1.62071,1.62088,49700000,1
1290119940000,1290119999000,1.62084,1.62107,1.62073,1.62073,49700000,1
1290120000000,1290120059000,1.62097,1.62097,1.62046,1.62072,84000000,1
1290120060000,1290120119000,1.62063,1.62063,1.62004,1.62025,60800000,1
1290120120000,1290120179000,1.62025,1.62036,1.62018,1.62028,37800000,1
1290120180000,1290120239000,1.62026,1.62027,1.62026,1.62027,4300000,1
1290120240000,1290120299000,1.62019,1.62033,1.62011,1.62011,15300000,1
1290120300000,1290120359000,1.62008,1.62018,1.62008,1.6201,23500000,1
1290120360000,1290120419000,1.6202,1.62062,1.6202,1.6206,53400000,1
1290120420000,1290120479000,1.62062,1.62078,1.61884,1.6199,84600000,1
1290120480000,1290120539000,1.6199,1.62059,1.6199,1.62007,60800000,1
1290120540000,1290120599000,1.62016,1.62016,1.62002,1.62003,25600000,1
1290120600000,1290120659000,1.62002,1.62003,1.62002,1.62003,9100000,1
1290120660000,1290120719000,1.62009,1.62028,1.62002,1.62027,59600000,1
1290120720000,1290120779000,1.62027,1.62036,1.6202,1.62027,42700000,1
1290120780000,1290120839000,1.62022,1.62025,1.62008,1.62016,32600000,1
1290120840000,1290120899000,1.62018,1.62034,1.62018,1.62026,42900000,1
1290120900000,1290120959000,1.62024,1.62037,1.62024,1.62033,13100000,1
1290120960000,1290121019000,1.62028,1.62041,1.62006,1.62026,62600000,1
1290121020000,1290121079000,1.62021,1.62063,1.62021,1.62063,25000000,1
1290121080000,1290121139000,1.62063,1.62063,1.62041,1.6205,86700000,1
1290121140000,1290121199000,1.62041,1.62089,1.62038,1.62087,76700000,1
1290121200000,1290121259000,1.62075,1.62079,1.62036,1.62078,66300000,1
1290121260000,1290121319000,1.62078,1.62083,1.62053,1.62071,55600000,1
1290121320000,1290121379000,1.62052,1.62071,1.62042,1.62057,62700000,1
1290121380000,1290121439000,1.62052,1.62069,1.6202,1.62051,137200000,1
1290121440000,1290121499000,1.6205,1.62068,1.62045,1.62058,116400000,1
1290121500000,1290121559000,1.62068,1.62083,1.62032,1.62052,121800000,1
1290121560000,1290121619000,1.62038,1.62083,1.62038,1.62083,99000000,1
1290121620000,1290121679000,1.62083,1.62083,1.62038,1.62072,41800000,1
1290121680000,1290121739000,1.62072,1.62088,1.62068,1.62077,30100000,1
1290121740000,1290121799000,1.62078,1.62083,1.62078,1.6208,25000000,1
1290121800000,1290121859000,1.62087,1.62127,1.62087,1.62122,39400000,1
1290121860000,1290121919000,1.62122,1.62123,1.62099,1.62117,73300000,1
1290121920000,1290121979000,1.62117,1.62128,1.62112,1.62128,41100000,1
1290121980000,1290122039000,1.62122,1.62138,1.62112,1.62113,43400000,1
1290122040000,1290122099000,1.62122,1.62131,1.62058,1.62086,73800000,1
1290122100000,1290122159000,1.62074,1.62098,1.62052,1.62076,68600000,1
1290122160000,1290122219000,1.62073,1.62085,1.62046,1.62072,69100000,1
1290122220000,1290122279000,1.62082,1.62113,1.62082,1.62092,43400000,1
1290122280000,1290122339000,1.62093,1.62112,1.62092,1.62112,12400000,1
1290122340000,1290122399000,1.62115,1.62115,1.62115,1.62115,1300000,1
1290122400000,1290122459000,1.62107,1.62116,1.62097,1.62116,37600000,1
1290122460000,1290122519000,1.62116,1.62125,1.62107,1.62113,43600000,1
1290122520000,1290122579000,1.62113,1.62129,1.62111,1.62127,37300000,1
1290122580000,1290122639000,1.62122,1.62124,1.62113,1.62123,66900000,1
1290122640000,1290122699000,1.62124,1.62161,1.62113,1.62148,49900000,1
1290122700000,1290122759000,1.62148,1.62189,1.62148,1.62188,82600000,1
1290122760000,1290122819000,1.62184,1.62199,1.62183,1.62199,54000000,1
1290122820000,1290122879000,1.62199,1.62209,1.62187,1.62198,69500000,1
1290122880000,1290122939000,1.62193,1.62209,1.62186,1.62209,64400000,1
1290122940000,1290122999000,1.62198,1.62222,1.62189,1.62206,51400000,1
1290123000000,1290123059000,1.62205,1.62205,1.62162,1.6218,88700000,1
1290123060000,1290123119000,1.62171,1.62191,1.62164,1.62164,73500000,1
1290123120000,1290123179000,1.62153,1.62173,1.62148,1.62157,73300000,1
1290123180000,1290123239000,1.62156,1.6219,1.62149,1.6219,59300000,1
1290123240000,1290123299000,1.62183,1.62194,1.62174,1.62177,29900000,1
1290123300000,1290123359000,1.62178,1.62183,1.62169,1.62172,26000000,1
1290123360000,1290123419000,1.62173,1.62173,1.62163,1.62163,25800000,1
1290123420000,1290123479000,1.6217,1.6218,1.62159,1.6218,24200000,1
1290123480000,1290123539000,1.6218,1.62184,1.62179,1.62179,7300000,1
1290123540000,1290123599000,1.62179,1.62179,1.62179,1.62179,7200000,1
1290123600000,1290123659000,1.62179,1.62185,1.62168,1.6218,39000000,1
1290123660000,1290123719000,1.6218,1.62182,1.6216,1.62174,50500000,1
1290123720000,1290123779000,1.62174,1.62188,1.62156,1.62177,134400000,1
1290123780000,1290123839000,1.62182,1.62182,1.62118,1.6215,80200000,1
1290123840000,1290123899000,1.6215,1.62168,1.6215,1.62163,53800000,1
1290123900000,1290123959000,1.62163,1.62163,1.62158,1.62163,14700000,1
1290123960000,1290124019000,1.62163,1.62164,1.62159,1.62163,24800000,1
1290124020000,1290124079000,1.62163,1.62166,1.62152,1.62166,18500000,1
1290124080000,1290124139000,1.62183,1.62183,1.62139,1.62142,63500000,1
1290124140000,1290124199000,1.62142,1.62143,1.62118,1.62128,32200000,1
1290124200000,1290124259000,1.62128,1.62151,1.62113,1.62133,71900000,1
1290124260000,1290124319000,1.62142,1.62147,1.6212,1.62129,36600000,1
1290124320000,1290124379000,1.62129,1.6213,1.62123,1.62129,15600000,1
1290124380000,1290124439000,1.62122,1.62129,1.62122,1.62127,27900000,1
1290124440000,1290124499000,1.62128,1.62129,1.62102,1.62102,43700000,1
1290124500000,1290124559000,1.62095,1.62105,1.6207,1.62083,135900000,1
1290124560000,1290124619000,1.62074,1.62074,1.6205,1.62068,80100000,1
1290124620000,1290124679000,1.62061,1.62061,1.62045,1.62045,16700000,1
1290124680000,1290124739000,1.62045,1.62053,1.6202,1.62036,61500000,1
1290124740000,1290124799000,1.62041,1.62044,1.61995,1.61995,59300000,1
1290124800000,1290124859000,1.62,1.62006,1.61985,1.61985,91600000,1
1290124860000,1290124919000,1.61988,1.61996,1.61945,1.61972,91600000,1
1290124920000,1290124979000,1.61972,1.62002,1.61949,1.61985,103000000,1
1290124980000,1290125039000,1.61985,1.62001,1.61977,1.61977,70500000,1
1290125040000,1290125099000,1.61979,1.61995,1.61973,1.61981,51700000,1
1290125100000,1290125159000,1.6198,1.61989,1.61964,1.6198,74400000,1
1290125160000,1290125219000,1.61981,1.61998,1.61979,1.61988,57300000,1
1290125220000,1290125279000,1.61988,1.62025,1.61988,1.62018,88100000,1
1290125280000,1290125339000,1.62025,1.62049,1.62018,1.62038,84400000,1
1290125340000,1290125399000,1.62046,1.62051,1.62042,1.62051,28300000,1
1290125400000,1290125459000,1.62044,1.62046,1.62023,1.62026,44700000,1
1290125460000,1290125519000,1.62032,1.62032,1.61984,1.61989,109300000,1
1290125520000,1290125579000,1.61989,1.61989,1.61963,1.61988,102700000,1
1290125580000,1290125639000,1.61984,1.6201,1.61963,1.61982,100800000,1
1290125640000,1290125699000,1.61982,1.61982,1.61933,1.61934,141500000,1
1290125700000,1290125759000,1.61934,1.61955,1.61926,1.61955,108700000,1
1290125760000,1290125819000,1.61951,1.61982,1.6195,1.6197,98400000,1
1290125820000,1290125879000,1.6197,1.6197,1.61955,1.61955,18900000,1
1290125880000,1290125939000,1.61955,1.61966,1.61947,1.61956,60100000,1
1290125940000,1290125999000,1.61956,1.61978,1.61956,1.61972,39400000,1
1290126000000,1290126059000,1.61972,1.61994,1.61963,1.61978,56200000,1
1290126060000,1290126119000,1.61982,1.61986,1.61976,1.61978,36500000,1
1290126120000,1290126179000,1.61978,1.61999,1.61972,1.61998,58500000,1
1290126180000,1290126239000,1.61999,1.61999,1.61973,1.61992,39900000,1
1290126240000,1290126299000,1.61984,1.61984,1.61962,1.61978,79700000,1
1290126300000,1290126359000,1.61986,1.61986,1.61975,1.61979,41400000,1
1290126360000,1290126419000,1.61985,1.62017,1.61981,1.62015,72200000,1
1290126420000,1290126479000,1.62024,1.6204,1.62005,1.62012,71300000,1
1290126480000,1290126539000,1.62013,1.62014,1.61997,1.62013,64800000,1
1290126540000,1290126599000,1.62013,1.62035,1.62005,1.62024,84300000,1
1290126600000,1290126659000,1.62024,1.62027,1.62007,1.62012,77200000,1
1290126660000,1290126719000,1.62011,1.62018,1.61996,1.62006,96500000,1
1290126720000,1290126779000,1.62003,1.6203,1.61998,1.6203,70800000,1
1290126780000,1290126839000,1.6203,1.62031,1.62003,1.62003,71400000,1
1290126840000,1290126899000,1.62,1.62021,1.62,1.6202,62900000,1
1290126900000,1290126959000,1.6202,1.62021,1.62004,1.62004,62600000,1
1290126960000,1290127019000,1.62004,1.62031,1.62003,1.6201,63000000,1
1290127020000,1290127079000,1.62011,1.62034,1.62011,1.62034,49000000,1
1290127080000,1290127139000,1.62034,1.62034,1.62025,1.62025,46900000,1
1290127140000,1290127199000,1.62034,1.62056,1.62023,1.62036,64000000,1
1290127200000,1290127259000,1.6204,1.62069,1.62034,1.62034,90500000,1
1290127260000,1290127319000,1.62037,1.62067,1.62011,1.62031,122400000,1
1290127320000,1290127379000,1.6203,1.62063,1.6203,1.62063,72500000,1
1290127380000,1290127439000,1.62063,1.62072,1.62058,1.6207,30100000,1
1290127440000,1290127499000,1.62072,1.62115,1.62058,1.62058,74900000,1
1290127500000,1290127559000,1.62067,1.62102,1.62067,1.62083,76700000,1
1290127560000,1290127619000,1.62087,1.62105,1.62076,1.62097,33500000,1
1290127620000,1290127679000,1.62089,1.62089,1.62064,1.62074,68400000,1
1290127680000,1290127739000,1.62074,1.6209,1.62052,1.62068,71500000,1
1290127740000,1290127799000,1.62078,1.62093,1.62052,1.62093,115800000,1
1290127800000,1290127859000,1.62099,1.62099,1.62064,1.62064,115900000,1
1290127860000,1290127919000,1.62064,1.62076,1.62063,1.62063,77300000,1
1290127920000,1290127979000,1.62063,1.62083,1.62056,1.62058,108000000,1
1290127980000,1290128039000,1.62058,1.62087,1.62057,1.62075,87300000,1
1290128040000,1290128099000,1.62074,1.62091,1.62059,1.62079,143200000,1
1290128100000,1290128159000,1.62074,1.62083,1.62042,1.62048,124400000,1
1290128160000,1290128219000,1.62048,1.62092,1.62048,1.62082,55200000,1
1290128220000,1290128279000,1.62074,1.62077,1.62062,1.62064,57700000,1
1290128280000,1290128339000,1.62066,1.6208,1.62059,1.62059,55200000,1
1290128340000,1290128399000,1.62059,1.6207,1.62037,1.62037,66200000,1
1290128400000,1290128459000,1.62037,1.62066,1.6203,1.62042,64700000,1
1290128460000,1290128519000,1.62042,1.62076,1.62026,1.62061,81300000,1
1290128520000,1290128579000,1.62082,1.62082,1.62075,1.62082,19700000,1
1290128580000,1290128639000,1.62074,1.62079,1.62053,1.62074,25300000,1
1290128640000,1290128699000,1.62074,1.62105,1.62073,1.62092,51500000,1
1290128700000,1290128759000,1.62092,1.62092,1.62055,1.62064,34300000,1
1290128760000,1290128819000,1.62056,1.62091,1.62056,1.62059,52400000,1
1290128820000,1290128879000,1.62059,1.62059,1.62026,1.62052,65000000,1
1290128880000,1290128939000,1.62043,1.6208,1.62032,1.62071,30800000,1
1290128940000,1290128999000,1.62079,1.62103,1.62064,1.62096,75200000,1
1290129000000,1290129059000,1.62078,1.62102,1.62078,1.62095,52700000,1
1290129060000,1290129119000,1.62095,1.62103,1.62071,1.62071,62100000,1
1290129120000,1290129179000,1.62079,1.6211,1.62061,1.62102,51900000,1
1290129180000,1290129239000,1.62093,1.62142,1.62093,1.62115,86800000,1
1290129240000,1290129299000,1.62115,1.62136,1.62079,1.6212,96500000,1
1290129300000,1290129359000,1.62124,1.62165,1.6212,1.62147,78000000,1
1290129360000,1290129419000,1.62147,1.62147,1.62106,1.62117,35200000,1
1290129420000,1290129479000,1.62117,1.62127,1.62086,1.62087,52400000,1
1290129480000,1290129539000,1.62082,1.62083,1.62014,1.62014,38300000,1
1290129540000,1290129599000,1.62016,1.62031,1.62005,1.6201,61700000,1
1290129600000,1290129659000,1.6201,1.62057,1.62005,1.62057,62500000,1
1290129660000,1290129719000,1.62051,1.62054,1.62051,1.62051,18900000,1
1290129720000,1290129779000,1.62051,1.62087,1.62051,1.62057,41300000,1
1290129780000,1290129839000,1.62057,1.62098,1.62057,1.6206,78100000,1
1290129840000,1290129899000,1.62087,1.62087,1.62057,1.62057,52500000,1
1290129900000,1290129959000,1.62049,1.62053,1.62048,1.62053,15800000,1
1290129960000,1290130019000,1.62048,1.62103,1.62048,1.62082,51200000,1
1290130020000,1290130079000,1.62088,1.62106,1.62077,1.62087,72800000,1
1290130080000,1290130139000,1.62094,1.62097,1.62058,1.62075,63100000,1
1290130140000,1290130199000,1.62073,1.62092,1.62023,1.62026,91200000,1
1290130200000,1290130259000,1.62035,1.62071,1.62017,1.6205,121100000,1
1290130260000,1290130319000,1.6205,1.62059,1.62033,1.62049,85100000,1
1290130320000,1290130379000,1.62048,1.62064,1.62038,1.62064,26700000,1
1290130380000,1290130439000,1.62063,1.62102,1.62034,1.62067,77700000,1
1290130440000,1290130499000,1.62067,1.62073,1.62043,1.62073,39400000,1
1290130500000,1290130559000,1.62077,1.62093,1.62077,1.62084,35600000,1
1290130560000,1290130619000,1.62084,1.62084,1.62069,1.62072,54300000,1
1290130620000,1290130679000,1.62083,1.6209,1.62053,1.62062,69600000,1
1290130680000,1290130739000,1.62062,1.62078,1.62062,1.62069,29200000,1
1290130740000,1290130799000,1.62067,1.62082,1.62047,1.62082,97100000,1
1290130800000,1290130859000,1.62082,1.62096,1.6206,1.62079,67400000,1
1290130860000,1290130919000,1.62084,1.62123,1.62083,1.62104,76900000,1
1290130920000,1290130979000,1.62109,1.62127,1.62109,1.62115,39600000,1
1290130980000,1290131039000,1.62111,1.62123,1.62106,1.62106,47600000,1
1290131040000,1290131099000,1.62106,1.62144,1.62106,1.62132,136300000,1
1290131100000,1290131159000,1.62139,1.62139,1.6209,1.6209,106400000,1
1290131160000,1290131219000,1.62095,1.62122,1.62075,1.62122,125600000,1
1290131220000,1290131279000,1.62112,1.62125,1.62075,1.62095,80000000,1
1290131280000,1290131339000,1.62099,1.62136,1.62094,1.62125,60600000,1
1290131340000,1290131399000,1.62125,1.6217,1.62125,1.6217,80600000,1
1290131400000,1290131459000,1.62158,1.62158,1.62132,1.62139,69700000,1
1290131460000,1290131519000,1.62138,1.62138,1.62127,1.62128,26300000,1
1290131520000,1290131579000,1.62124,1.62124,1.62084,1.62093,64700000,1
1290131580000,1290131639000,1.62102,1.62107,1.62092,1.62092,29800000,1
1290131640000,1290131699000,1.62092,1.62108,1.62092,1.62105,34300000,1
1290131700000,1290131759000,1.62114,1.62117,1.62097,1.62112,39000000,1
1290131760000,1290131819000,1.62117,1.62126,1.62097,1.62099,64000000,1
1290131820000,1290131879000,1.62104,1.62138,1.62104,1.62132,28100000,1
1290131880000,1290131939000,1.6213,1.62146,1.62119,1.62135,42200000,1
1290131940000,1290131999000,1.62135,1.62156,1.62135,1.6214,69200000,1
1290132000000,1290132059000,1.62155,1.62161,1.62113,1.6212,79300000,1
1290132060000,1290132119000,1.62135,1.62135,1.62126,1.62126,22700000,1
1290132120000,1290132179000,1.62128,1.62133,1.62112,1.62112,59700000,1
1290132180000,1290132239000,1.62112,1.62136,1.62112,1.62121,50600000,1
1290132240000,1290132299000,1.62121,1.62156,1.6209,1.62104,165800000,1
1290132300000,1290132359000,1.62109,1.62118,1.62075,1.62104,146600000,1
1290132360000,1290132419000,1.62103,1.62103,1.62052,1.62054,117300000,1
1290132420000,1290132479000,1.62052,1.62069,1.62044,1.62064,48100000,1
1290132480000,1290132539000,1.62072,1.62094,1.6206,1.62083,76000000,1
1290132540000,1290132599000,1.62077,1.62077,1.62077,1.62077,1200000,1
1290132600000,1290132659000,1.62077,1.62078,1.62057,1.62061,49900000,1
1290132660000,1290132719000,1.62068,1.62101,1.62068,1.62087,60900000,1
1290132720000,1290132779000,1.62087,1.62091,1.62073,1.62073,23300000,1
1290132780000,1290132839000,1.62077,1.62086,1.62029,1.62038,99800000,1
1290132840000,1290132899000,1.62038,1.62052,1.62023,1.62052,64100000,1
1290132900000,1290132959000,1.62066,1.62143,1.62065,1.62102,136000000,1
1290132960000,1290133019000,1.62108,1.62118,1.62093,1.62093,31500000,1
1290133020000,1290133079000,1.62087,1.62106,1.62087,1.62098,25600000,1
1290133080000,1290133139000,1.62097,1.62102,1.62068,1.62087,67800000,1
1290133140000,1290133199000,1.62088,1.62129,1.62088,1.62127,50900000,1
1290133200000,1290133259000,1.62122,1.62144,1.62099,1.62107,95600000,1
1290133260000,1290133319000,1.6211,1.62116,1.62089,1.62107,53300000,1
1290133320000,1290133379000,1.62108,1.62108,1.62082,1.62087,46600000,1
1290133380000,1290133439000,1.62087,1.62097,1.62079,1.62079,48100000,1
1290133440000,1290133499000,1.62086,1.62105,1.62049,1.62077,93100000,1
1290133500000,1290133559000,1.62077,1.62091,1.62062,1.62078,45100000,1
1290133560000,1290133619000,1.62078,1.62092,1.62063,1.62087,51700000,1
1290133620000,1290133679000,1.62074,1.62117,1.6207,1.62105,73200000,1
1290133680000,1290133739000,1.62108,1.62118,1.62093,1.62118,37500000,1
1290133740000,1290133799000,1.62118,1.62127,1.6211,1.62127,41700000,1
1290133800000,1290133859000,1.62124,1.62124,1.621,1.62119,44400000,1
1290133860000,1290133919000,1.62113,1.62113,1.62079,1.62095,93000000,1
1290133920000,1290133979000,1.62097,1.62104,1.62089,1.62094,60100000,1
1290133980000,1290134039000,1.62103,1.62139,1.62099,1.62139,43800000,1
1290134040000,1290134099000,1.62139,1.62149,1.62133,1.62139,39700000,1
1290134100000,1290134159000,1.62139,1.62139,1.62115,1.62124,61800000,1
1290134160000,1290134219000,1.62126,1.62151,1.62109,1.6214,64000000,1
1290134220000,1290134279000,1.62148,1.62195,1.62148,1.62183,71400000,1
1290134280000,1290134339000,1.62172,1.62203,1.62166,1.62203,59200000,1
1290134340000,1290134399000,1.62203,1.62243,1.62199,1.62216,82400000,1
1290134400000,1290134459000,1.62231,1.62263,1.62223,1.62247,67700000,1
1290134460000,1290134519000,1.62247,1.62268,1.62241,1.62268,54400000,1
1290134520000,1290134579000,1.62268,1.62268,1.62243,1.62257,29700000,1
1290134580000,1290134639000,1.62254,1.62257,1.62205,1.62205,95500000,1
1290134640000,1290134699000,1.62207,1.62223,1.62203,1.62218,48100000,1
1290134700000,1290134759000,1.62218,1.62226,1.62158,1.62177,128300000,1
1290134760000,1290134819000,1.62182,1.62193,1.62127,1.62129,84300000,1
1290134820000,1290134879000,1.62129,1.62173,1.62124,1.62153,155800000,1
1290134880000,1290134939000,1.62153,1.62168,1.62143,1.62166,109300000,1
1290134940000,1290134999000,1.62165,1.62165,1.62126,1.62126,107200000,1
1290135000000,1290135059000,1.62126,1.62164,1.62126,1.62151,91800000,1
1290135060000,1290135119000,1.62136,1.6218,1.62135,1.62147,77400000,1
1290135120000,1290135179000,1.6214,1.62151,1.62138,1.62151,24000000,1
1290135180000,1290135239000,1.62147,1.62147,1.62141,1.62141,25400000,1
1290135240000,1290135299000,1.62129,1.62151,1.62118,1.62141,73100000,1
1290135300000,1290135359000,1.62148,1.62156,1.62132,1.62142,63900000,1
1290135360000,1290135419000,1.62142,1.62173,1.62137,1.62137,34600000,1
1290135420000,1290135479000,1.62142,1.62181,1.62142,1.62167,50300000,1
1290135480000,1290135539000,1.62172,1.62174,1.62115,1.62115,56200000,1
1290135540000,1290135599000,1.62115,1.62138,1.62109,1.62138,61200000,1
1290135600000,1290135659000,1.62133,1.62161,1.62122,1.62158,89400000,1
1290135660000,1290135719000,1.62164,1.62218,1.62164,1.62176,73500000,1
1290135720000,1290135779000,1.62176,1.62188,1.62167,1.62187,63700000,1
1290135780000,1290135839000,1.62193,1.62203,1.62173,1.62178,33400000,1
1290135840000,1290135899000,1.62181,1.62187,1.62157,1.62157,45300000,1
1290135900000,1290135959000,1.62157,1.62195,1.62157,1.62183,52100000,1
1290135960000,1290136019000,1.62194,1.62204,1.62184,1.62204,34500000,1
1290136020000,1290136079000,1.62204,1.62266,1.62189,1.62263,113100000,1
1290136080000,1290136139000,1.62249,1.62262,1.62248,1.62262,67400000,1
1290136140000,1290136199000,1.62254,1.62279,1.62249,1.62257,66100000,1
1290136200000,1290136259000,1.62259,1.62273,1.62245,1.62259,63700000,1
1290136260000,1290136319000,1.6226,1.62276,1.62231,1.62237,69800000,1
1290136320000,1290136379000,1.62237,1.62237,1.62221,1.62222,46700000,1
1290136380000,1290136439000,1.62222,1.6224,1.622,1.62229,71100000,1
1290136440000,1290136499000,1.62229,1.62233,1.62222,1.62232,25800000,1
1290136500000,1290136559000,1.62232,1.6226,1.62213,1.62213,57100000,1
1290136560000,1290136619000,1.6222,1.62249,1.6222,1.62247,58600000,1
1290136620000,1290136679000,1.62243,1.6229,1.62243,1.6227,76000000,1
1290136680000,1290136739000,1.6227,1.62287,1.62246,1.62252,71900000,1
1290136740000,1290136799000,1.62268,1.62279,1.62255,1.62276,36000000,1
1290136800000,1290136859000,1.62279,1.62294,1.62247,1.62262,59900000,1
1290136860000,1290136919000,1.62281,1.6229,1.62261,1.62284,42500000,1
1290136920000,1290136979000,1.62285,1.6229,1.62273,1.62287,30500000,1
1290136980000,1290137039000,1.62287,1.62347,1.6227,1.6227,59400000,1
1290137040000,1290137099000,1.6227,1.62285,1.6227,1.6228,28600000,1
1290137100000,1290137159000,1.62298,1.62298,1.62269,1.62284,46200000,1
1290137160000,1290137219000,1.62286,1.62293,1.62261,1.62262,52600000,1
1290137220000,1290137279000,1.62262,1.62269,1.62245,1.62246,27300000,1
1290137280000,1290137339000,1.62249,1.6227,1.62245,1.6227,34100000,1
1290137340000,1290137399000,1.62266,1.623,1.62248,1.62285,85700000,1
1290137400000,1290137459000,1.62283,1.62314,1.62272,1.62314,52000000,1
1290137460000,1290137519000,1.62307,1.62319,1.62298,1.62298,36500000,1
1290137520000,1290137579000,1.62287,1.62301,1.6228,1.62293,70900000,1
1290137580000,1290137639000,1.62293,1.62299,1.62281,1.62299,60500000,1
1290137640000,1290137699000,1.62288,1.623,1.62281,1.623,40400000,1
1290137700000,1290137759000,1.62304,1.62316,1.62304,1.62313,35200000,1
1290137760000,1290137819000,1.62308,1.62324,1.62299,1.62324,53200000,1
1290137820000,1290137879000,1.62324,1.62334,1.62318,1.62323,38600000,1
1290137880000,1290137939000,1.62319,1.62352,1.62313,1.62352,46500000,1
1290137940000,1290137999000,1.62352,1.6236,1.62347,1.62349,47900000,1
1290138000000,1290138059000,1.62353,1.62382,1.62349,1.62382,51100000,1
1290138060000,1290138119000,1.62376,1.62391,1.62376,1.62384,50700000,1
1290138120000,1290138179000,1.62385,1.62392,1.62369,1.62385,44400000,1
1290138180000,1290138239000,1.62385,1.62392,1.62379,1.62388,53400000,1
1290138240000,1290138299000,1.62382,1.62383,1.62365,1.62368,39500000,1
1290138300000,1290138359000,1.62372,1.62379,1.62354,1.62354,82200000,1
1290138360000,1290138419000,1.62353,1.62388,1.62353,1.62382,95500000,1
1290138420000,1290138479000,1.62382,1.62385,1.62365,1.62384,68400000,1
1290138480000,1290138539000,1.62387,1.62424,1.62371,1.62415,46200000,1
1290138540000,1290138599000,1.62415,1.62415,1.62382,1.62404,46500000,1
1290138600000,1290138659000,1.62404,1.62418,1.62398,1.62418,18800000,1
1290138660000,1290138719000,1.62427,1.62427,1.62395,1.62416,34700000,1
1290138720000,1290138779000,1.62416,1.62416,1.62387,1.62387,18400000,1
1290138780000,1290138839000,1.62387,1.62398,1.62368,1.62368,22400000,1
1290138840000,1290138899000,1.62369,1.62396,1.62368,1.62396,62900000,1
1290138900000,1290138959000,1.62407,1.62408,1.62391,1.62408,33200000,1
1290138960000,1290139019000,1.62407,1.62412,1.62392,1.62397,28100000,1
1290139020000,1290139079000,1.62397,1.62397,1.62369,1.62373,44100000,1
1290139080000,1290139139000,1.62374,1.62465,1.62355,1.62459,113300000,1
1290139140000,1290139199000,1.62454,1.62584,1.62437,1.6252,209100000,1
1290139200000,1290139259000,1.6252,1.62679,1.6252,1.62679,148800000,1
1290139260000,1290139319000,1.62665,1.62665,1.6256,1.62606,114000000,1
1290139320000,1290139379000,1.62598,1.62615,1.62558,1.62572,102200000,1
1290139380000,1290139439000,1.62577,1.62596,1.62577,1.62577,123800000,1
1290139440000,1290139499000,1.62572,1.62622,1.62543,1.62596,83300000,1
1290139500000,1290139559000,1.62593,1.62618,1.6258,1.62618,70500000,1
1290139560000,1290139619000,1.62613,1.62629,1.62588,1.62605,85300000,1
1290139620000,1290139679000,1.62596,1.62618,1.62584,1.62618,70300000,1
1290139680000,1290139739000,1.62618,1.62618,1.62591,1.62602,64000000,1
1290139740000,1290139799000,1.62602,1.62602,1.62596,1.62596,12600000,1
1290139800000,1290139859000,1.62586,1.62615,1.62585,1.62613,74000000,1
1290139860000,1290139919000,1.62613,1.62616,1.62587,1.62608,76800000,1
1290139920000,1290139979000,1.62609,1.62619,1.62603,1.62609,49000000,1
1290139980000,1290140039000,1.62613,1.62613,1.62577,1.62593,81500000,1
1290140040000,1290140099000,1.62593,1.62603,1.62578,1.62598,78900000,1
1290140100000,1290140159000,1.62599,1.62599,1.62573,1.62576,57700000,1
1290140160000,1290140219000,1.62578,1.62602,1.62577,1.62592,34900000,1
1290140220000,1290140279000,1.62598,1.6261,1.62587,1.62604,43400000,1
1290140280000,1290140339000,1.62604,1.62639,1.62604,1.62633,44100000,1
1290140340000,1290140399000,1.62616,1.62659,1.62616,1.62649,69500000,1
1290140400000,1290140459000,1.62647,1.62664,1.62635,1.62654,81200000,1
1290140460000,1290140519000,1.62654,1.62669,1.62645,1.6265,61500000,1
1290140520000,1290140579000,1.62639,1.6268,1.62623,1.6265,78800000,1
1290140580000,1290140639000,1.6265,1.62695,1.6265,1.62687,64100000,1
1290140640000,1290140699000,1.62693,1.62726,1.62685,1.62718,57900000,1
1290140700000,1290140759000,1.62718,1.62743,1.62699,1.62708,62200000,1
1290140760000,1290140819000,1.62708,1.62708,1.62671,1.6268,57100000,1
1290140820000,1290140879000,1.6268,1.62707,1.6268,1.62707,66900000,1
1290140880000,1290140939000,1.62698,1.62712,1.62687,1.62699,67600000,1
1290140940000,1290140999000,1.62699,1.62706,1.62671,1.62678,31500000,1
1290141000000,1290141059000,1.62678,1.62682,1.62669,1.62674,23600000,1
1290141060000,1290141119000,1.62674,1.62684,1.6263,1.62631,58700000,1
1290141120000,1290141179000,1.62631,1.62658,1.62604,1.62639,52000000,1
1290141180000,1290141239000,1.62639,1.62684,1.62639,1.62684,47400000,1
1290141240000,1290141299000,1.62692,1.62702,1.62657,1.6267,69300000,1
1290141300000,1290141359000,1.62677,1.62692,1.62657,1.62677,51000000,1
1290141360000,1290141419000,1.62692,1.62737,1.62682,1.62682,82000000,1
1290141420000,1290141479000,1.6267,1.62681,1.62638,1.62648,123400000,1
1290141480000,1290141539000,1.62648,1.62648,1.62626,1.62626,34300000,1
1290141540000,1290141599000,1.62626,1.62648,1.6262,1.6264,60800000,1
1290141600000,1290141659000,1.6263,1.62656,1.6261,1.6264,64600000,1
1290141660000,1290141719000,1.6264,1.62641,1.62624,1.62624,61300000,1
1290141720000,1290141779000,1.62624,1.62632,1.62613,1.62613,57100000,1
1290141780000,1290141839000,1.62613,1.62613,1.62599,1.62612,57400000,1
1290141840000,1290141899000,1.62612,1.62629,1.62612,1.62615,32700000,1
1290141900000,1290141959000,1.62615,1.62615,1.62572,1.62572,77400000,1
1290141960000,1290142019000,1.62581,1.62599,1.6257,1.62587,102200000,1
1290142020000,1290142079000,1.62587,1.62598,1.62573,1.62576,57700000,1
1290142080000,1290142139000,1.62583,1.62605,1.62566,1.62605,76400000,1
1290142140000,1290142199000,1.626,1.62615,1.62592,1.62606,47000000,1
1290142200000,1290142259000,1.62615,1.62649,1.62605,1.62633,55100000,1
1290142260000,1290142319000,1.62626,1.62632,1.62599,1.62599,53200000,1
1290142320000,1290142379000,1.62599,1.62601,1.62578,1.626,46500000,1
1290142380000,1290142439000,1.626,1.6262,1.62589,1.62616,75500000,1
1290142440000,1290142499000,1.62616,1.62627,1.62577,1.62595,63400000,1
1290142500000,1290142559000,1.62595,1.62639,1.62568,1.6263,73700000,1
1290142560000,1290142619000,1.6263,1.62644,1.62621,1.62629,40400000,1
1290142620000,1290142679000,1.62644,1.62664,1.62614,1.62627,95600000,1
1290142680000,1290142739000,1.62633,1.62649,1.6262,1.62624,47000000,1
1290142740000,1290142799000,1.62622,1.62625,1.62577,1.62588,78800000,1
1290142800000,1290142859000,1.62589,1.6261,1.62589,1.626,36700000,1
1290142860000,1290142919000,1.62593,1.6266,1.62593,1.62648,51000000,1
1290142920000,1290142979000,1.62651,1.62701,1.62626,1.62693,86100000,1
1290142980000,1290143039000,1.62681,1.62705,1.62663,1.62685,74000000,1
1290143040000,1290143099000,1.62695,1.62721,1.62695,1.62721,32900000,1
1290143100000,1290143159000,1.62721,1.62751,1.62718,1.6274,73800000,1
1290143160000,1290143219000,1.62765,1.62791,1.62744,1.62776,87000000,1
1290143220000,1290143279000,1.62766,1.62815,1.62762,1.62815,118500000,1
1290143280000,1290143339000,1.62805,1.62817,1.62773,1.62777,75100000,1
1290143340000,1290143399000,1.62774,1.62777,1.62715,1.62764,98300000,1
1290143400000,1290143459000,1.6276,1.62771,1.62749,1.62752,51600000,1
1290143460000,1290143519000,1.62752,1.62752,1.62748,1.62748,15500000,1
1290143520000,1290143579000,1.62748,1.62761,1.62738,1.62761,21200000,1
1290143580000,1290143639000,1.62761,1.62768,1.62739,1.62743,33000000,1
1290143640000,1290143699000,1.62743,1.62749,1.62725,1.62731,45700000,1
1290143700000,1290143759000,1.62725,1.62742,1.62711,1.62726,45900000,1
1290143760000,1290143819000,1.62728,1.62746,1.62728,1.62733,23300000,1
1290143820000,1290143879000,1.62733,1.6275,1.62721,1.6273,33000000,1
1290143880000,1290143939000,1.6273,1.62751,1.62698,1.62705,54700000,1
1290143940000,1290143999000,1.62706,1.62723,1.62697,1.62714,45300000,1
1290144000000,1290144059000,1.62714,1.62758,1.62714,1.62758,46300000,1
1290144060000,1290144119000,1.62758,1.62766,1.62749,1.62758,41500000,1
1290144120000,1290144179000,1.62757,1.62757,1.62711,1.62736,75600000,1
1290144180000,1290144239000,1.62743,1.62763,1.62712,1.62721,53300000,1
1290144240000,1290144299000,1.62715,1.6273,1.62695,1.62729,65400000,1
1290144300000,1290144359000,1.62729,1.62742,1.62715,1.62729,56600000,1
1290144360000,1290144419000,1.62729,1.62758,1.62729,1.62758,53000000,1
1290144420000,1290144479000,1.62758,1.62758,1.62712,1.62741,62800000,1
1290144480000,1290144539000,1.62741,1.62741,1.62677,1.62677,32200000,1
1290144540000,1290144599000,1.62677,1.62737,1.62677,1.62732,65800000,1
1290144600000,1290144659000,1.62724,1.62745,1.62721,1.62745,41300000,1
1290144660000,1290144719000,1.62745,1.62761,1.62739,1.62746,52200000,1
1290144720000,1290144779000,1.62746,1.62746,1.62729,1.62729,8900000,1
1290144780000,1290144839000,1.62724,1.62726,1.6271,1.62726,28200000,1
1290144840000,1290144899000,1.62726,1.6276,1.62715,1.62726,49200000,1
1290144900000,1290144959000,1.62715,1.62727,1.62695,1.62707,70700000,1
1290144960000,1290145019000,1.62712,1.62732,1.6267,1.62694,122300000,1
1290145020000,1290145079000,1.62696,1.62706,1.62684,1.62689,78700000,1
1290145080000,1290145139000,1.62689,1.6271,1.62667,1.6271,65200000,1
1290145140000,1290145199000,1.6271,1.62728,1.62694,1.62728,90600000,1
1290145200000,1290145259000,1.62728,1.62759,1.6272,1.62737,78300000,1
1290145260000,1290145319000,1.62737,1.62743,1.62713,1.62743,55700000,1
1290145320000,1290145379000,1.62743,1.62783,1.62728,1.62776,118200000,1
1290145380000,1290145439000,1.62776,1.62815,1.62763,1.62773,92400000,1
1290145440000,1290145499000,1.62766,1.62831,1.62766,1.6281,116000000,1
1290145500000,1290145559000,1.62794,1.62818,1.62794,1.62813,45000000,1
1290145560000,1290145619000,1.62817,1.62817,1.6279,1.6279,32100000,1
1290145620000,1290145679000,1.6279,1.62798,1.6279,1.62798,19600000,1
1290145680000,1290145739000,1.62788,1.62813,1.62788,1.62802,60500000,1
1290145740000,1290145799000,1.62804,1.62812,1.62804,1.62806,23600000,1
1290145800000,1290145859000,1.62806,1.62829,1.62805,1.62805,40600000,1
1290145860000,1290145919000,1.62803,1.62812,1.62799,1.62807,21200000,1
1290145920000,1290145979000,1.62807,1.6282,1.62797,1.6282,19300000,1
1290145980000,1290146039000,1.62813,1.62821,1.62805,1.62821,13900000,1
1290146040000,1290146099000,1.62839,1.6286,1.62835,1.62838,13900000,1
1290146100000,1290146159000,1.62842,1.62871,1.62842,1.62861,48300000,1
1290146160000,1290146219000,1.62855,1.62855,1.62828,1.62842,34300000,1
1290146220000,1290146279000,1.62842,1.62842,1.62822,1.6283,25700000,1
1290146280000,1290146339000,1.62841,1.62871,1.62841,1.62871,35100000,1
1290146340000,1290146399000,1.62871,1.62897,1.62857,1.62857,41700000,1
1290146400000,1290146459000,1.62857,1.62899,1.62857,1.6287,88900000,1
1290146460000,1290146519000,1.6287,1.62899,1.62862,1.62899,44500000,1
1290146520000,1290146579000,1.629,1.62915,1.62873,1.62886,65000000,1
1290146580000,1290146639000,1.62882,1.62882,1.62815,1.62839,112700000,1
1290146640000,1290146699000,1.62839,1.62847,1.62786,1.62786,75000000,1
1290146700000,1290146759000,1.62787,1.62806,1.62768,1.62795,59400000,1
1290146760000,1290146819000,1.62795,1.62795,1.62779,1.62795,28300000,1
1290146820000,1290146879000,1.62795,1.62795,1.62748,1.62764,40200000,1
1290146880000,1290146939000,1.62773,1.62775,1.62737,1.62761,70000000,1
1290146940000,1290146999000,1.62763,1.62788,1.6276,1.62787,84700000,1
1290147000000,1290147059000,1.62779,1.62787,1.62779,1.62787,18700000,1
1290147060000,1290147119000,1.62787,1.62796,1.62741,1.62765,75100000,1
1290147120000,1290147179000,1.62771,1.62771,1.62723,1.62736,89100000,1
1290147180000,1290147239000,1.62739,1.62744,1.62678,1.6268,106400000,1
1290147240000,1290147299000,1.62674,1.6269,1.62624,1.62624,115900000,1
1290147300000,1290147359000,1.62623,1.62627,1.62539,1.62599,108600000,1
1290147360000,1290147419000,1.62603,1.62633,1.62583,1.62583,78900000,1
1290147420000,1290147479000,1.62594,1.62654,1.62588,1.6264,96700000,1
1290147480000,1290147539000,1.62633,1.6264,1.62613,1.62616,100600000,1
1290147540000,1290147599000,1.62615,1.62634,1.626,1.62623,117600000,1
1290147600000,1290147659000,1.62622,1.62645,1.62622,1.62639,58100000,1
1290147660000,1290147719000,1.62647,1.62647,1.62622,1.62632,39200000,1
1290147720000,1290147779000,1.6261,1.62646,1.62601,1.62629,90200000,1
1290147780000,1290147839000,1.62629,1.62629,1.62549,1.62572,152000000,1
1290147840000,1290147899000,1.62572,1.62578,1.62546,1.6257,141200000,1
1290147900000,1290147959000,1.6257,1.6257,1.62517,1.62532,112100000,1
1290147960000,1290148019000,1.62536,1.6255,1.62487,1.62512,146100000,1
1290148020000,1290148079000,1.62512,1.62529,1.62463,1.62464,135700000,1
1290148080000,1290148139000,1.62478,1.62495,1.62454,1.62476,89800000,1
1290148140000,1290148199000,1.62476,1.62479,1.62455,1.62468,51100000,1
1290148200000,1290148259000,1.62476,1.62538,1.62476,1.62521,65000000,1
1290148260000,1290148319000,1.62518,1.62534,1.62508,1.62528,115800000,1
1290148320000,1290148379000,1.62528,1.62605,1.62519,1.62587,131400000,1
1290148380000,1290148439000,1.62587,1.62587,1.62528,1.62556,131300000,1
1290148440000,1290148499000,1.62548,1.62571,1.62532,1.62532,86800000,1
1290148500000,1290148559000,1.62529,1.62544,1.62499,1.62499,131300000,1
1290148560000,1290148619000,1.62499,1.62549,1.62499,1.62524,137500000,1
1290148620000,1290148679000,1.62523,1.62525,1.62502,1.62524,102500000,1
1290148680000,1290148739000,1.62524,1.62527,1.62493,1.62516,84800000,1
1290148740000,1290148799000,1.62517,1.62521,1.62499,1.62504,129500000,1
1290148800000,1290148859000,1.62504,1.62549,1.62499,1.62539,92400000,1
1290148860000,1290148919000,1.62523,1.62533,1.62483,1.6249,103000000,1
1290148920000,1290148979000,1.62499,1.62499,1.62465,1.62485,107200000,1
1290148980000,1290149039000,1.62475,1.62488,1.62427,1.62464,91900000,1
1290149040000,1290149099000,1.62464,1.62506,1.62464,1.62496,76200000,1
1290149100000,1290149159000,1.625,1.62551,1.62493,1.62523,49300000,1
1290149160000,1290149219000,1.62515,1.62573,1.62512,1.62551,86200000,1
1290149220000,1290149279000,1.62543,1.62562,1.62529,1.62539,65700000,1
1290149280000,1290149339000,1.62539,1.62575,1.62539,1.62554,88300000,1
1290149340000,1290149399000,1.62554,1.62569,1.62535,1.6255,58500000,1
1290149400000,1290149459000,1.62542,1.6256,1.62542,1.62552,59700000,1
1290149460000,1290149519000,1.62551,1.62585,1.62551,1.62576,51200000,1
1290149520000,1290149579000,1.62576,1.62592,1.62569,1.62591,39300000,1
1290149580000,1290149639000,1.6258,1.6258,1.62569,1.62569,14500000,1
1290149640000,1290149699000,1.6257,1.62586,1.62556,1.62573,77000000,1
1290149700000,1290149759000,1.62573,1.62589,1.62552,1.62583,63400000,1
1290149760000,1290149819000,1.62583,1.62583,1.62538,1.62555,84500000,1
1290149820000,1290149879000,1.62553,1.62561,1.62535,1.62548,49900000,1
1290149880000,1290149939000,1.62545,1.6255,1.62492,1.62492,105200000,1
1290149940000,1290149999000,1.62513,1.6252,1.62458,1.6249,151200000,1
1290150000000,1290150059000,1.62498,1.62516,1.62458,1.62485,115400000,1
1290150060000,1290150119000,1.62485,1.625,1.62449,1.62449,107400000,1
1290150120000,1290150179000,1.62449,1.62494,1.62432,1.62494,81200000,1
1290150180000,1290150239000,1.62494,1.62499,1.62467,1.62476,84600000,1
1290150240000,1290150299000,1.62481,1.6249,1.62469,1.6248,61400000,1
1290150300000,1290150359000,1.62488,1.62545,1.62488,1.62544,71400000,1
1290150360000,1290150419000,1.62545,1.6257,1.62518,1.6257,70600000,1
1290150420000,1290150479000,1.62571,1.62585,1.62522,1.62532,85500000,1
1290150480000,1290150539000,1.62534,1.62553,1.62521,1.62534,75400000,1
1290150540000,1290150599000,1.62529,1.62576,1.62529,1.62547,103900000,1
1290150600000,1290150659000,1.62546,1.62593,1.62546,1.62559,60500000,1
1290150660000,1290150719000,1.62576,1.62603,1.62548,1.62574,154100000,1
1290150720000,1290150779000,1.62574,1.62602,1.62528,1.62528,127000000,1
1290150780000,1290150839000,1.62537,1.62545,1.62508,1.62536,61300000,1
1290150840000,1290150899000,1.62538,1.62548,1.62526,1.62532,68700000,1
1290150900000,1290150959000,1.62516,1.62548,1.62494,1.62536,65000000,1
1290150960000,1290151019000,1.62529,1.62542,1.62498,1.62507,79900000,1
1290151020000,1290151079000,1.62506,1.62541,1.6249,1.62506,85300000,1
1290151080000,1290151139000,1.62506,1.62526,1.62476,1.62508,129100000,1
1290151140000,1290151199000,1.62485,1.62505,1.62461,1.6247,138100000,1
1290151200000,1290151259000,1.62466,1.62477,1.62443,1.62476,108500000,1
1290151260000,1290151319000,1.62471,1.62524,1.62471,1.62523,98400000,1
1290151320000,1290151379000,1.62523,1.62523,1.62482,1.62487,49000000,1
1290151380000,1290151439000,1.62497,1.62497,1.62455,1.62468,91300000,1
1290151440000,1290151499000,1.62464,1.62474,1.62451,1.62459,64300000,1
1290151500000,1290151559000,1.62462,1.62462,1.62423,1.62437,81200000,1
1290151560000,1290151619000,1.62439,1.62461,1.62431,1.62456,47900000,1
1290151620000,1290151679000,1.62458,1.62479,1.62456,1.62465,38100000,1
1290151680000,1290151739000,1.62465,1.62466,1.62416,1.62425,88400000,1
1290151740000,1290151799000,1.62416,1.62436,1.6239,1.62425,96600000,1
1290151800000,1290151859000,1.6242,1.62439,1.62402,1.62423,76700000,1
1290151860000,1290151919000,1.62427,1.62436,1.62413,1.62436,80100000,1
1290151920000,1290151979000,1.62426,1.62433,1.62417,1.62425,25900000,1
1290151980000,1290152039000,1.62425,1.6245,1.62425,1.62437,63500000,1
1290152040000,1290152099000,1.62432,1.62483,1.62417,1.62482,85700000,1
1290152100000,1290152159000,1.62477,1.62509,1.62475,1.62499,38100000,1
1290152160000,1290152219000,1.6251,1.62549,1.625,1.62549,85400000,1
1290152220000,1290152279000,1.62549,1.62577,1.62536,1.62577,66700000,1
1290152280000,1290152339000,1.62577,1.62579,1.62555,1.62555,42300000,1
1290152340000,1290152399000,1.62555,1.62558,1.62516,1.62536,69700000,1
1290152400000,1290152459000,1.62531,1.6255,1.6253,1.62545,38200000,1
1290152460000,1290152519000,1.62525,1.62548,1.62489,1.62519,70800000,1
1290152520000,1290152579000,1.62521,1.62527,1.62491,1.62504,69900000,1
1290152580000,1290152639000,1.62504,1.62528,1.62498,1.62499,71500000,1
1290152640000,1290152699000,1.62501,1.62501,1.62454,1.62454,73000000,1
1290152700000,1290152759000,1.62454,1.62463,1.62436,1.62459,94500000,1
1290152760000,1290152819000,1.6246,1.6246,1.62438,1.62443,24600000,1
1290152820000,1290152879000,1.62441,1.62443,1.62417,1.62427,48500000,1
1290152880000,1290152939000,1.62422,1.62427,1.62398,1.62414,38700000,1
1290152940000,1290152999000,1.62413,1.62413,1.62337,1.62337,77500000,1
1290153000000,1290153059000,1.62326,1.62352,1.62267,1.62297,114200000,1
1290153060000,1290153119000,1.62295,1.6232,1.62285,1.62287,110700000,1
1290153120000,1290153179000,1.62287,1.62288,1.6226,1.62283,123000000,1
1290153180000,1290153239000,1.62281,1.62309,1.62277,1.62309,76700000,1
1290153240000,1290153299000,1.62311,1.62338,1.6231,1.62338,110700000,1
1290153300000,1290153359000,1.62347,1.62347,1.62311,1.62328,42500000,1
1290153360000,1290153419000,1.62317,1.62338,1.62314,1.62337,108700000,1
1290153420000,1290153479000,1.62334,1.62334,1.62313,1.62319,128300000,1
1290153480000,1290153539000,1.62322,1.62367,1.62317,1.62342,108500000,1
1290153540000,1290153599000,1.62347,1.62347,1.62277,1.62277,105800000,1
1290153600000,1290153659000,1.62278,1.62288,1.62233,1.62237,123700000,1
1290153660000,1290153719000,1.62241,1.62252,1.62203,1.62203,144900000,1
1290153720000,1290153779000,1.62204,1.62214,1.62185,1.622,98400000,1
1290153780000,1290153839000,1.62194,1.62214,1.62176,1.6219,116200000,1
1290153840000,1290153899000,1.6219,1.62192,1.62122,1.62138,91500000,1
1290153900000,1290153959000,1.62144,1.62164,1.62132,1.62149,80800000,1
1290153960000,1290154019000,1.62134,1.62207,1.62127,1.62188,162500000,1
1290154020000,1290154079000,1.62204,1.62239,1.62183,1.62215,108100000,1
1290154080000,1290154139000,1.62208,1.62255,1.62188,1.62216,143700000,1
1290154140000,1290154199000,1.62236,1.62249,1.62218,1.62222,94000000,1
1290154200000,1290154259000,1.62226,1.62273,1.62226,1.62242,59300000,1
1290154260000,1290154319000,1.62242,1.62259,1.62214,1.62215,102800000,1
1290154320000,1290154379000,1.62213,1.62247,1.62208,1.62231,90200000,1
1290154380000,1290154439000,1.62223,1.62246,1.62206,1.62244,100200000,1
1290154440000,1290154499000,1.62244,1.6227,1.62225,1.6227,78200000,1
1290154500000,1290154559000,1.62278,1.62315,1.6226,1.62277,98500000,1
1290154560000,1290154619000,1.62279,1.62315,1.62279,1.62291,58300000,1
1290154620000,1290154679000,1.62302,1.62325,1.62287,1.62325,107800000,1
1290154680000,1290154739000,1.62326,1.62357,1.62322,1.62353,57500000,1
1290154740000,1290154799000,1.62351,1.62379,1.62351,1.62363,56000000,1
1290154800000,1290154859000,1.62368,1.62368,1.62341,1.62342,95800000,1
1290154860000,1290154919000,1.62341,1.62354,1.62325,1.62335,65200000,1
1290154920000,1290154979000,1.62325,1.62325,1.62284,1.62284,49700000,1
1290154980000,1290155039000,1.62284,1.62303,1.6226,1.62268,70900000,1
1290155040000,1290155099000,1.62268,1.62292,1.62267,1.62272,38800000,1
1290155100000,1290155159000,1.62278,1.62278,1.62257,1.62261,52100000,1
1290155160000,1290155219000,1.62266,1.62273,1.62239,1.62273,65100000,1
1290155220000,1290155279000,1.62273,1.6228,1.62254,1.62279,83300000,1
1290155280000,1290155339000,1.62288,1.62355,1.62288,1.62355,130600000,1
1290155340000,1290155399000,1.62355,1.62398,1.62355,1.62374,100700000,1
1290155400000,1290155459000,1.62389,1.62415,1.62379,1.624,85200000,1
1290155460000,1290155519000,1.62393,1.62432,1.62383,1.62397,106200000,1
1290155520000,1290155579000,1.62404,1.62474,1.62399,1.62442,116700000,1
1290155580000,1290155639000,1.62441,1.62484,1.6243,1.6245,95800000,1
1290155640000,1290155699000,1.62449,1.62472,1.62446,1.62466,108500000,1
1290155700000,1290155759000,1.62465,1.62468,1.62421,1.62421,130000000,1
1290155760000,1290155819000,1.62421,1.6247,1.62405,1.62462,97600000,1
1290155820000,1290155879000,1.62454,1.62454,1.62347,1.62347,140400000,1
1290155880000,1290155939000,1.6235,1.62386,1.62338,1.62383,96600000,1
1290155940000,1290155999000,1.62379,1.62397,1.62369,1.62376,100000000,1
1290156000000,1290156059000,1.62376,1.62394,1.6235,1.62374,92200000,1
1290156060000,1290156119000,1.62375,1.62393,1.62358,1.62359,37600000,1
1290156120000,1290156179000,1.62359,1.62406,1.62349,1.62404,76400000,1
1290156180000,1290156239000,1.62389,1.62417,1.62389,1.62412,59500000,1
1290156240000,1290156299000,1.62414,1.62434,1.62414,1.62431,50200000,1
1290156300000,1290156359000,1.62435,1.62447,1.6237,1.62401,86400000,1
1290156360000,1290156419000,1.62403,1.62426,1.62388,1.62396,78000000,1
1290156420000,1290156479000,1.62401,1.6245,1.62396,1.62447,113600000,1
1290156480000,1290156539000,1.62449,1.62449,1.62392,1.62404,72100000,1
1290156540000,1290156599000,1.62408,1.62423,1.62325,1.62343,175600000,1
1290156600000,1290156659000,1.62345,1.62352,1.62317,1.62332,172200000,1
1290156660000,1290156719000,1.62332,1.62368,1.62316,1.62351,101400000,1
1290156720000,1290156779000,1.62353,1.62401,1.62337,1.62374,86500000,1
1290156780000,1290156839000,1.62384,1.6243,1.62381,1.62387,111900000,1
1290156840000,1290156899000,1.62386,1.62403,1.62369,1.62383,83000000,1
1290156900000,1290156959000,1.62389,1.62394,1.62343,1.62354,98100000,1
1290156960000,1290157019000,1.62355,1.62392,1.62355,1.62378,86400000,1
1290157020000,1290157079000,1.62378,1.62441,1.62372,1.62431,99500000,1
1290157080000,1290157139000,1.62432,1.62458,1.62427,1.62443,99300000,1
1290157140000,1290157199000,1.62443,1.62475,1.62433,1.62456,105000000,1
1290157200000,1290157259000,1.62455,1.62477,1.62441,1.62455,122400000,1
1290157260000,1290157319000,1.62447,1.62477,1.62447,1.62477,153100000,1
1290157320000,1290157379000,1.62472,1.62473,1.62448,1.62457,96100000,1
1290157380000,1290157439000,1.62456,1.62498,1.62454,1.62487,129400000,1
1290157440000,1290157499000,1.62489,1.62506,1.62475,1.62503,91000000,1
1290157500000,1290157559000,1.62503,1.62559,1.62489,1.62535,152600000,1
1290157560000,1290157619000,1.62535,1.62547,1.62498,1.62498,107500000,1
1290157620000,1290157679000,1.62498,1.62515,1.62465,1.62503,166900000,1
1290157680000,1290157739000,1.62504,1.62522,1.62474,1.62494,145100000,1
1290157740000,1290157799000,1.62496,1.62529,1.62489,1.62525,110200000,1
1290157800000,1290157859000,1.62525,1.62542,1.62496,1.62506,137300000,1
1290157860000,1290157919000,1.62506,1.62525,1.62496,1.62525,94600000,1
1290157920000,1290157979000,1.62531,1.62562,1.62527,1.62558,71600000,1
1290157980000,1290158039000,1.62552,1.6258,1.62542,1.62569,85700000,1
1290158040000,1290158099000,1.62569,1.62576,1.62523,1.62547,71500000,1
1290158100000,1290158159000,1.62547,1.62585,1.62531,1.62567,105900000,1
1290158160000,1290158219000,1.62574,1.62608,1.62558,1.62566,82000000,1
1290158220000,1290158279000,1.62562,1.62603,1.62557,1.62559,78900000,1
1290158280000,1290158339000,1.62567,1.62575,1.62554,1.62562,57500000,1
1290158340000,1290158399000,1.62581,1.62583,1.62556,1.62575,69800000,1
1290158400000,1290158459000,1.62575,1.62599,1.62568,1.62598,75900000,1
1290158460000,1290158519000,1.62591,1.6263,1.62579,1.62614,76100000,1
1290158520000,1290158579000,1.62614,1.62638,1.62608,1.62633,74200000,1
1290158580000,1290158639000,1.62635,1.62638,1.62599,1.62638,63200000,1
1290158640000,1290158699000,1.62633,1.62654,1.62603,1.62621,58900000,1
1290158700000,1290158759000,1.62621,1.62647,1.6259,1.62597,62800000,1
1290158760000,1290158819000,1.62597,1.62597,1.62527,1.62527,112000000,1
1290158820000,1290158879000,1.62536,1.62558,1.62526,1.62539,52300000,1
1290158880000,1290158939000,1.62539,1.62564,1.62476,1.62482,75600000,1
1290158940000,1290158999000,1.62482,1.62531,1.62482,1.62517,93800000,1
1290159000000,1290159059000,1.62526,1.62526,1.62496,1.62496,80300000,1
1290159060000,1290159119000,1.62507,1.62523,1.62482,1.62499,59500000,1
1290159120000,1290159179000,1.62502,1.62521,1.62502,1.6251,44400000,1
1290159180000,1290159239000,1.62515,1.62527,1.62491,1.62508,54800000,1
1290159240000,1290159299000,1.62511,1.62607,1.6249,1.62592,114600000,1
1290159300000,1290159359000,1.62597,1.62598,1.62529,1.62529,102800000,1
1290159360000,1290159419000,1.62516,1.62541,1.62516,1.62539,93500000,1
1290159420000,1290159479000,1.62552,1.62573,1.62532,1.62553,154000000,1
1290159480000,1290159539000,1.62556,1.62575,1.62534,1.62536,109300000,1
1290159540000,1290159599000,1.62539,1.62614,1.62513,1.62603,95500000,1
1290159600000,1290159659000,1.62596,1.62681,1.62589,1.62681,98900000,1
1290159660000,1290159719000,1.62673,1.62684,1.62649,1.62661,108300000,1
1290159720000,1290159779000,1.62676,1.62704,1.62668,1.62693,91800000,1
1290159780000,1290159839000,1.62688,1.62781,1.62688,1.62774,69300000,1
1290159840000,1290159899000,1.62774,1.62855,1.62774,1.62827,94900000,1
1290159900000,1290159959000,1.62829,1.62834,1.62794,1.62794,63300000,1
1290159960000,1290160019000,1.62794,1.628,1.62756,1.62756,76300000,1
1290160020000,1290160079000,1.62754,1.62792,1.62748,1.62792,64400000,1
1290160080000,1290160139000,1.62792,1.62793,1.62763,1.62763,56600000,1
1290160140000,1290160199000,1.62763,1.62766,1.62733,1.62752,83600000,1
1290160200000,1290160259000,1.62747,1.62752,1.62721,1.62736,69600000,1
1290160260000,1290160319000,1.62737,1.62771,1.6273,1.62757,56200000,1
1290160320000,1290160379000,1.62758,1.62777,1.62745,1.62777,37000000,1
1290160380000,1290160439000,1.62777,1.6279,1.62752,1.62777,54500000,1
1290160440000,1290160499000,1.62782,1.62806,1.62773,1.62801,23400000,1
1290160500000,1290160559000,1.62806,1.6286,1.62803,1.62843,93600000,1
1290160560000,1290160619000,1.62829,1.62836,1.62793,1.62836,55200000,1
1290160620000,1290160679000,1.62836,1.62836,1.62779,1.628,49400000,1
1290160680000,1290160739000,1.62779,1.62811,1.62745,1.62754,70200000,1
1290160740000,1290160799000,1.62752,1.62782,1.62721,1.62721,60300000,1
1290160800000,1290160859000,1.62721,1.6278,1.62721,1.62761,146500000,1
1290160860000,1290160919000,1.62761,1.62808,1.62748,1.62792,65000000,1
1290160920000,1290160979000,1.62798,1.62821,1.62769,1.62784,71800000,1
1290160980000,1290161039000,1.62784,1.62784,1.62716,1.62722,52700000,1
1290161040000,1290161099000,1.62717,1.62752,1.62708,1.62752,71700000,1
1290161100000,1290161159000,1.62745,1.62841,1.62745,1.62834,83200000,1
1290161160000,1290161219000,1.62825,1.6283,1.62801,1.62801,90300000,1
1290161220000,1290161279000,1.6281,1.62834,1.62794,1.62808,71700000,1
1290161280000,1290161339000,1.62809,1.62839,1.62796,1.62831,98500000,1
1290161340000,1290161399000,1.62831,1.6286,1.62831,1.62848,63700000,1
1290161400000,1290161459000,1.62845,1.6288,1.62824,1.62839,83700000,1
1290161460000,1290161519000,1.62839,1.62844,1.62812,1.62837,95500000,1
1290161520000,1290161579000,1.6285,1.6285,1.62815,1.62838,67400000,1
1290161580000,1290161639000,1.62834,1.62835,1.62807,1.62835,47400000,1
1290161640000,1290161699000,1.62833,1.62863,1.62817,1.62853,95900000,1
1290161700000,1290161759000,1.62853,1.62875,1.62802,1.62803,73500000,1
1290161760000,1290161819000,1.62804,1.62864,1.62804,1.62857,57000000,1
1290161820000,1290161879000,1.62853,1.62908,1.62853,1.629,75100000,1
1290161880000,1290161939000,1.62892,1.62919,1.62878,1.62883,68500000,1
1290161940000,1290161999000,1.62887,1.62958,1.62881,1.6295,95000000,1
1290162000000,1290162059000,1.62952,1.62959,1.62925,1.62953,85900000,1
1290162060000,1290162119000,1.62953,1.63017,1.6288,1.6288,146300000,1
1290162120000,1290162179000,1.6289,1.62909,1.62861,1.62883,104000000,1
1290162180000,1290162239000,1.62884,1.62886,1.62858,1.62862,73900000,1
1290162240000,1290162299000,1.62863,1.62879,1.62815,1.6283,139500000,1
1290162300000,1290162359000,1.62822,1.62823,1.6276,1.6276,115000000,1
1290162360000,1290162419000,1.6276,1.62782,1.62743,1.62775,85800000,1
1290162420000,1290162479000,1.62777,1.62887,1.62777,1.62887,111800000,1
1290162480000,1290162539000,1.62902,1.62904,1.62868,1.62872,98400000,1
1290162540000,1290162599000,1.62871,1.62873,1.62822,1.6285,92300000,1
1290162600000,1290162659000,1.62854,1.62871,1.62829,1.62867,75200000,1
1290162660000,1290162719000,1.62867,1.63437,1.62857,1.63388,254700000,1
1290162720000,1290162779000,1.63387,1.63387,1.63188,1.63216,322700000,1
1290162780000,1290162839000,1.63273,1.63273,1.62927,1.62986,232500000,1
1290162840000,1290162899000,1.62966,1.63028,1.62877,1.62911,235100000,1
1290162900000,1290162959000,1.62922,1.63101,1.62899,1.62899,208100000,1
1290162960000,1290163019000,1.62878,1.63055,1.6286,1.62964,228300000,1
1290163020000,1290163079000,1.62978,1.63081,1.62943,1.62992,157700000,1
1290163080000,1290163139000,1.63,1.63054,1.62943,1.62984,196500000,1
1290163140000,1290163199000,1.62989,1.63084,1.62908,1.62938,260300000,1
1290163200000,1290163259000,1.62931,1.62948,1.62769,1.62886,251900000,1
1290163260000,1290163319000,1.62881,1.62881,1.62781,1.62839,216500000,1
1290163320000,1290163379000,1.62843,1.62969,1.62843,1.62925,169800000,1
1290163380000,1290163439000,1.62925,1.62968,1.62925,1.6296,156600000,1
1290163440000,1290163499000,1.62972,1.62972,1.62895,1.62957,109000000,1
1290163500000,1290163559000,1.62942,1.62996,1.62793,1.62826,115600000,1
1290163560000,1290163619000,1.62824,1.62887,1.62796,1.62887,144800000,1
1290163620000,1290163679000,1.62887,1.629,1.62847,1.6285,125700000,1
1290163680000,1290163739000,1.62846,1.62877,1.62839,1.62846,75100000,1
1290163740000,1290163799000,1.62855,1.62953,1.62853,1.62925,107100000,1
1290163800000,1290163859000,1.62935,1.6302,1.62927,1.62934,133100000,1
1290163860000,1290163919000,1.62945,1.62955,1.62909,1.62932,93400000,1
1290163920000,1290163979000,1.62931,1.62932,1.62899,1.62926,60600000,1
1290163980000,1290164039000,1.6293,1.62943,1.62902,1.62933,79900000,1
1290164040000,1290164099000,1.62933,1.6295,1.62848,1.62855,88600000,1
1290164100000,1290164159000,1.6286,1.62885,1.62846,1.62864,51000000,1
1290164160000,1290164219000,1.62864,1.62906,1.62842,1.62861,77300000,1
1290164220000,1290164279000,1.62862,1.62883,1.62839,1.62878,63900000,1
1290164280000,1290164339000,1.62881,1.62956,1.62881,1.62953,80800000,1
1290164340000,1290164399000,1.62956,1.63062,1.6293,1.63055,124500000,1
1290164400000,1290164459000,1.63067,1.63094,1.62986,1.63019,147600000,1
1290164460000,1290164519000,1.63013,1.6303,1.6291,1.6291,110500000,1
1290164520000,1290164579000,1.6291,1.62924,1.62842,1.62849,86200000,1
1290164580000,1290164639000,1.62851,1.62891,1.62849,1.62865,91100000,1
1290164640000,1290164699000,1.62865,1.62888,1.62822,1.62842,108900000,1
1290164700000,1290164759000,1.62845,1.62849,1.62784,1.62784,101900000,1
1290164760000,1290164819000,1.62789,1.62802,1.62769,1.62791,69400000,1
1290164820000,1290164879000,1.62784,1.62816,1.62776,1.62815,70100000,1
1290164880000,1290164939000,1.62814,1.62823,1.62773,1.62773,74900000,1
1290164940000,1290164999000,1.62778,1.62834,1.62771,1.62812,84800000,1
1290165000000,1290165059000,1.62807,1.62818,1.62789,1.6281,75000000,1
1290165060000,1290165119000,1.62808,1.6285,1.62791,1.62836,67500000,1
1290165120000,1290165179000,1.62839,1.6284,1.62803,1.6282,72300000,1
1290165180000,1290165239000,1.6282,1.62833,1.62795,1.62795,74900000,1
1290165240000,1290165299000,1.62786,1.62817,1.62778,1.62812,59600000,1
1290165300000,1290165359000,1.62812,1.62852,1.62789,1.62822,67500000,1
1290165360000,1290165419000,1.62822,1.62859,1.6281,1.62832,59000000,1
1290165420000,1290165479000,1.62823,1.62848,1.62801,1.62838,85900000,1
1290165480000,1290165539000,1.62835,1.62857,1.62823,1.62839,56600000,1
1290165540000,1290165599000,1.62839,1.62847,1.62821,1.62847,57100000,1
1290165600000,1290165659000,1.62845,1.6286,1.62826,1.62838,100200000,1
1290165660000,1290165719000,1.62838,1.62859,1.62801,1.62803,82600000,1
1290165720000,1290165779000,1.62803,1.62905,1.62798,1.62873,149900000,1
1290165780000,1290165839000,1.6287,1.62976,1.6287,1.62937,120700000,1
1290165840000,1290165899000,1.62936,1.62954,1.62917,1.62936,63200000,1
1290165900000,1290165959000,1.62923,1.62957,1.62914,1.62929,81400000,1
1290165960000,1290166019000,1.62929,1.62929,1.62808,1.62808,111000000,1
1290166020000,1290166079000,1.62807,1.62848,1.62782,1.62822,75300000,1
1290166080000,1290166139000,1.62819,1.62876,1.62808,1.62863,69900000,1
1290166140000,1290166199000,1.62863,1.62906,1.62856,1.62889,65000000,1
1290166200000,1290166259000,1.62883,1.62904,1.62875,1.62883,40600000,1
1290166260000,1290166319000,1.62883,1.62899,1.62858,1.62875,82400000,1
1290166320000,1290166379000,1.62882,1.62907,1.62868,1.62877,61600000,1
1290166380000,1290166439000,1.62877,1.62928,1.62877,1.62924,66300000,1
1290166440000,1290166499000,1.62942,1.6297,1.62898,1.62915,49100000,1
1290166500000,1290166559000,1.62919,1.62923,1.62874,1.62893,67000000,1
1290166560000,1290166619000,1.62892,1.62894,1.62866,1.6289,72500000,1
1290166620000,1290166679000,1.62884,1.62912,1.62876,1.62901,49800000,1
1290166680000,1290166739000,1.62913,1.62934,1.62854,1.6288,68800000,1
1290166740000,1290166799000,1.62875,1.62914,1.62864,1.6291,63300000,1
1290166800000,1290166859000,1.62912,1.62972,1.62895,1.62929,113800000,1
1290166860000,1290166919000,1.62929,1.62941,1.62893,1.62906,69500000,1
1290166920000,1290166979000,1.62903,1.62903,1.62873,1.62876,41100000,1
1290166980000,1290167039000,1.6288,1.62901,1.62796,1.62796,83600000,1
1290167040000,1290167099000,1.62794,1.62814,1.62773,1.62799,71000000,1
1290167100000,1290167159000,1.62803,1.62826,1.62771,1.62776,60200000,1
1290167160000,1290167219000,1.62774,1.62774,1.62734,1.62748,74000000,1
1290167220000,1290167279000,1.62752,1.6276,1.62725,1.62726,60500000,1
1290167280000,1290167339000,1.62734,1.62745,1.62708,1.62737,77300000,1
1290167340000,1290167399000,1.62738,1.62767,1.62733,1.62757,69700000,1
1290167400000,1290167459000,1.62757,1.62766,1.62744,1.62751,79000000,1
1290167460000,1290167519000,1.62749,1.62784,1.62749,1.6278,64400000,1
1290167520000,1290167579000,1.6278,1.62812,1.62777,1.62802,47900000,1
1290167580000,1290167639000,1.62804,1.62805,1.62786,1.62796,56900000,1
1290167640000,1290167699000,1.62796,1.62819,1.6278,1.62809,49700000,1
1290167700000,1290167759000,1.62809,1.62878,1.62785,1.62876,101300000,1
1290167760000,1290167819000,1.62877,1.62913,1.62873,1.62908,73700000,1
1290167820000,1290167879000,1.62911,1.62911,1.62829,1.62837,82700000,1
1290167880000,1290167939000,1.62843,1.62879,1.62822,1.62848,74600000,1
1290167940000,1290167999000,1.62848,1.62848,1.62748,1.6277,98300000,1
1290168000000,1290168059000,1.62763,1.62763,1.62714,1.62741,89600000,1
1290168060000,1290168119000,1.62728,1.62792,1.62713,1.62763,114700000,1
1290168120000,1290168179000,1.62767,1.62791,1.62716,1.62716,67500000,1
1290168180000,1290168239000,1.62724,1.62726,1.62698,1.62725,104400000,1
1290168240000,1290168299000,1.62712,1.62731,1.62711,1.62721,81300000,1
1290168300000,1290168359000,1.62733,1.62762,1.62681,1.62695,53700000,1
1290168360000,1290168419000,1.6269,1.62709,1.62688,1.62704,45800000,1
1290168420000,1290168479000,1.62712,1.62727,1.62692,1.62705,61400000,1
1290168480000,1290168539000,1.62705,1.62719,1.62654,1.62663,78500000,1
1290168540000,1290168599000,1.62653,1.62682,1.62651,1.62673,79700000,1
1290168600000,1290168659000,1.6267,1.62688,1.6266,1.62671,38600000,1
1290168660000,1290168719000,1.62671,1.62716,1.62657,1.62657,52200000,1
1290168720000,1290168779000,1.62651,1.62675,1.62648,1.62656,84300000,1
1290168780000,1290168839000,1.62656,1.62656,1.62591,1.62591,61500000,1
1290168840000,1290168899000,1.62589,1.62638,1.62576,1.62633,86900000,1
1290168900000,1290168959000,1.62637,1.62645,1.62614,1.6264,50100000,1
1290168960000,1290169019000,1.6264,1.62647,1.62629,1.62634,45300000,1
1290169020000,1290169079000,1.62634,1.62658,1.62579,1.62595,58600000,1
1290169080000,1290169139000,1.62597,1.62617,1.62561,1.62608,80000000,1
1290169140000,1290169199000,1.62607,1.62607,1.62555,1.62591,90400000,1
1290169200000,1290169259000,1.62591,1.62606,1.62571,1.62587,64500000,1
1290169260000,1290169319000,1.62587,1.62599,1.62575,1.62598,56000000,1
1290169320000,1290169379000,1.62598,1.62608,1.62595,1.62605,37100000,1
1290169380000,1290169439000,1.62609,1.62635,1.62597,1.62627,71300000,1
1290169440000,1290169499000,1.62617,1.6264,1.62605,1.6264,87500000,1
1290169500000,1290169559000,1.6264,1.62699,1.6264,1.62683,73800000,1
1290169560000,1290169619000,1.62684,1.62714,1.62668,1.62703,70900000,1
1290169620000,1290169679000,1.62713,1.62713,1.62662,1.62672,53100000,1
1290169680000,1290169739000,1.62663,1.627,1.62648,1.62672,66800000,1
1290169740000,1290169799000,1.62672,1.62816,1.62672,1.62816,113200000,1
1290169800000,1290169859000,1.62805,1.62869,1.62774,1.62839,98200000,1
1290169860000,1290169919000,1.62844,1.62914,1.6282,1.62895,128900000,1
1290169920000,1290169979000,1.62895,1.62898,1.62812,1.62818,161100000,1
1290169980000,1290170039000,1.6282,1.62855,1.62809,1.62843,104300000,1
1290170040000,1290170099000,1.62844,1.62888,1.62817,1.62873,159100000,1
1290170100000,1290170159000,1.62877,1.62894,1.6286,1.62894,101600000,1
1290170160000,1290170219000,1.62894,1.62931,1.62894,1.62921,178300000,1
1290170220000,1290170279000,1.62912,1.62928,1.62899,1.62922,132300000,1
1290170280000,1290170339000,1.62926,1.62931,1.62898,1.6292,123900000,1
1290170340000,1290170399000,1.62912,1.62951,1.62911,1.62932,105000000,1
1290170400000,1290170459000,1.62937,1.62963,1.62922,1.62957,97800000,1
1290170460000,1290170519000,1.62964,1.62964,1.62883,1.62894,97000000,1
1290170520000,1290170579000,1.62894,1.62932,1.62845,1.6289,132300000,1
1290170580000,1290170639000,1.6289,1.6293,1.62879,1.6293,68700000,1
1290170640000,1290170699000,1.6293,1.6293,1.6291,1.6291,56900000,1
1290170700000,1290170759000,1.6291,1.62924,1.62899,1.62909,56800000,1
1290170760000,1290170819000,1.6292,1.62927,1.6291,1.6292,49100000,1
1290170820000,1290170879000,1.62931,1.62931,1.62872,1.62876,72900000,1
1290170880000,1290170939000,1.6288,1.62911,1.62878,1.62911,110900000,1
1290170940000,1290170999000,1.62898,1.62945,1.62898,1.62937,88000000,1
1290171000000,1290171059000,1.62937,1.62939,1.62886,1.62886,118100000,1
1290171060000,1290171119000,1.62871,1.62893,1.62833,1.62838,136700000,1
1290171120000,1290171179000,1.62849,1.62849,1.62773,1.62825,73500000,1
1290171180000,1290171239000,1.62825,1.62825,1.6277,1.62777,72000000,1
1290171240000,1290171299000,1.62777,1.62788,1.62751,1.62788,95900000,1
1290171300000,1290171359000,1.62788,1.62803,1.62748,1.6277,65700000,1
1290171360000,1290171419000,1.62766,1.62809,1.62757,1.6278,109800000,1
1290171420000,1290171479000,1.62784,1.62809,1.62736,1.62752,123400000,1
1290171480000,1290171539000,1.62766,1.62798,1.62751,1.62783,75800000,1
1290171540000,1290171599000,1.62785,1.62801,1.6275,1.62754,75200000,1
1290171600000,1290171659000,1.62754,1.62777,1.62723,1.6273,101400000,1
1290171660000,1290171719000,1.6273,1.62752,1.62709,1.62728,58600000,1
1290171720000,1290171779000,1.6273,1.62749,1.62713,1.62746,86000000,1
1290171780000,1290171839000,1.62746,1.62816,1.62739,1.6278,88200000,1
1290171840000,1290171899000,1.62785,1.62807,1.62768,1.62782,81600000,1
1290171900000,1290171959000,1.62797,1.62805,1.62732,1.62735,107000000,1
1290171960000,1290172019000,1.62735,1.62757,1.62714,1.62747,58400000,1
1290172020000,1290172079000,1.62747,1.62747,1.62718,1.62718,44000000,1
1290172080000,1290172139000,1.62718,1.62727,1.62678,1.62688,77200000,1
1290172140000,1290172199000,1.62691,1.62733,1.62689,1.62702,53600000,1
1290172200000,1290172259000,1.62706,1.62731,1.62631,1.62631,81100000,1
1290172260000,1290172319000,1.6263,1.62659,1.62619,1.6265,87900000,1
1290172320000,1290172379000,1.62645,1.62675,1.62627,1.62655,89000000,1
1290172380000,1290172439000,1.62652,1.62652,1.62595,1.62609,91300000,1
1290172440000,1290172499000,1.62613,1.62613,1.62556,1.62556,89800000,1
1290172500000,1290172559000,1.62553,1.62591,1.62548,1.62548,144700000,1
1290172560000,1290172619000,1.62539,1.62556,1.62521,1.62543,87200000,1
1290172620000,1290172679000,1.62524,1.6253,1.62481,1.62495,128300000,1
1290172680000,1290172739000,1.62495,1.62507,1.62372,1.62377,139100000,1
1290172740000,1290172799000,1.62384,1.62406,1.62366,1.62366,67800000,1
1290172800000,1290172859000,1.62366,1.6238,1.62323,1.62334,115200000,1
1290172860000,1290172919000,1.62336,1.62366,1.623,1.62308,91900000,1
1290172920000,1290172979000,1.62302,1.62337,1.62279,1.62326,81900000,1
1290172980000,1290173039000,1.62323,1.6236,1.62286,1.62321,92500000,1
1290173040000,1290173099000,1.62307,1.6234,1.62307,1.62328,58000000,1
1290173100000,1290173159000,1.62328,1.6236,1.62314,1.62357,53100000,1
1290173160000,1290173219000,1.62353,1.62384,1.62347,1.62384,44300000,1
1290173220000,1290173279000,1.62373,1.62432,1.62373,1.62414,91300000,1
1290173280000,1290173339000,1.6241,1.62437,1.62363,1.62384,67700000,1
1290173340000,1290173399000,1.62384,1.6243,1.62362,1.62413,86900000,1
1290173400000,1290173459000,1.62419,1.62429,1.62387,1.62415,100100000,1
1290173460000,1290173519000,1.62421,1.62442,1.62372,1.62425,103300000,1
1290173520000,1290173579000,1.62434,1.62444,1.62419,1.62443,74800000,1
1290173580000,1290173639000,1.62434,1.62439,1.62365,1.62371,79100000,1
1290173640000,1290173699000,1.62379,1.62424,1.62371,1.62411,76600000,1
1290173700000,1290173759000,1.62409,1.62429,1.62401,1.62402,63500000,1
1290173760000,1290173819000,1.62402,1.62444,1.62386,1.6241,80900000,1
1290173820000,1290173879000,1.6242,1.62462,1.6242,1.62433,54500000,1
1290173880000,1290173939000,1.62437,1.62481,1.62429,1.62475,85100000,1
1290173940000,1290173999000,1.62473,1.6252,1.62464,1.62514,92400000,1
1290174000000,1290174059000,1.62514,1.62563,1.62508,1.62535,83800000,1
1290174060000,1290174119000,1.62538,1.62539,1.62508,1.62517,89400000,1
1290174120000,1290174179000,1.62511,1.62522,1.62477,1.62501,102800000,1
1290174180000,1290174239000,1.62507,1.62507,1.62468,1.62487,57200000,1
1290174240000,1290174299000,1.62491,1.62496,1.62468,1.62482,89500000,1
1290174300000,1290174359000,1.62486,1.62503,1.62473,1.62497,100800000,1
1290174360000,1290174419000,1.62498,1.62509,1.62484,1.62497,113600000,1
1290174420000,1290174479000,1.62497,1.62507,1.62472,1.62479,66100000,1
1290174480000,1290174539000,1.62479,1.62489,1.62447,1.62447,59000000,1
1290174540000,1290174599000,1.62447,1.62459,1.62421,1.62433,74300000,1
1290174600000,1290174659000,1.62439,1.6245,1.62413,1.62443,53100000,1
1290174660000,1290174719000,1.62445,1.62475,1.62439,1.62471,94500000,1
1290174720000,1290174779000,1.62465,1.62477,1.62439,1.62458,98900000,1
1290174780000,1290174839000,1.62459,1.62533,1.6245,1.625,121200000,1
1290174840000,1290174899000,1.62492,1.62503,1.62452,1.62473,131400000,1
1290174900000,1290174959000,1.62473,1.6248,1.62443,1.62452,90600000,1
1290174960000,1290175019000,1.62445,1.62465,1.62403,1.6242,122200000,1
1290175020000,1290175079000,1.62416,1.62443,1.62343,1.62355,110000000,1
1290175080000,1290175139000,1.62361,1.6241,1.62331,1.62409,150300000,1
1290175140000,1290175199000,1.62404,1.62447,1.62371,1.62398,117000000,1
1290175200000,1290175259000,1.62393,1.62414,1.62339,1.62406,134400000,1
1290175260000,1290175319000,1.62407,1.62407,1.62353,1.62359,137200000,1
1290175320000,1290175379000,1.62353,1.62373,1.62353,1.62367,84500000,1
1290175380000,1290175439000,1.62363,1.6239,1.62353,1.62378,82800000,1
1290175440000,1290175499000,1.62382,1.62417,1.62366,1.62373,120500000,1
1290175500000,1290175559000,1.62377,1.62411,1.62373,1.62407,90900000,1
1290175560000,1290175619000,1.62403,1.6243,1.62389,1.6242,89900000,1
1290175620000,1290175679000,1.62421,1.62424,1.62399,1.62413,63700000,1
1290175680000,1290175739000,1.62419,1.62446,1.62397,1.62425,100500000,1
1290175740000,1290175799000,1.6242,1.62443,1.62355,1.62355,127500000,1
1290175800000,1290175859000,1.62355,1.62377,1.62341,1.62373,155600000,1
1290175860000,1290175919000,1.62376,1.6239,1.62342,1.62356,105900000,1
1290175920000,1290175979000,1.6235,1.62421,1.6235,1.62396,158700000,1
1290175980000,1290176039000,1.62396,1.62441,1.62396,1.62413,137700000,1
1290176040000,1290176099000,1.62417,1.62442,1.62412,1.6243,110800000,1
1290176100000,1290176159000,1.6243,1.62432,1.62413,1.62423,132700000,1
1290176160000,1290176219000,1.62423,1.62451,1.62401,1.62446,149800000,1
1290176220000,1290176279000,1.62452,1.62473,1.62425,1.62428,102800000,1
1290176280000,1290176339000,1.62436,1.6247,1.62433,1.62451,123900000,1
1290176340000,1290176399000,1.62447,1.62493,1.62447,1.62476,105700000,1
1290176400000,1290176459000,1.62485,1.62536,1.62474,1.62525,83300000,1
1290176460000,1290176519000,1.62522,1.62551,1.62512,1.6252,124900000,1
1290176520000,1290176579000,1.62524,1.62558,1.62492,1.62537,120600000,1
1290176580000,1290176639000,1.62537,1.626,1.62528,1.6259,112000000,1
1290176640000,1290176699000,1.62592,1.62616,1.62556,1.62556,109800000,1
1290176700000,1290176759000,1.62565,1.62603,1.62557,1.62574,87000000,1
1290176760000,1290176819000,1.62565,1.62592,1.62532,1.62532,81700000,1
1290176820000,1290176879000,1.62531,1.6254,1.62489,1.62515,117300000,1
1290176880000,1290176939000,1.62512,1.62516,1.62479,1.6251,79200000,1
1290176940000,1290176999000,1.6251,1.62512,1.62452,1.62462,66900000,1
1290177000000,1290177059000,1.62476,1.62476,1.62385,1.62401,135600000,1
1290177060000,1290177119000,1.624,1.62439,1.62395,1.62412,107300000,1
1290177120000,1290177179000,1.6241,1.62425,1.62382,1.62383,130600000,1
1290177180000,1290177239000,1.62385,1.6239,1.62341,1.62346,122600000,1
1290177240000,1290177299000,1.62351,1.62395,1.62334,1.62377,163600000,1
1290177300000,1290177359000,1.62376,1.62428,1.62372,1.62421,132800000,1
1290177360000,1290177419000,1.62406,1.62455,1.62376,1.62455,120500000,1
1290177420000,1290177479000,1.62442,1.62459,1.62427,1.62444,124300000,1
1290177480000,1290177539000,1.62446,1.62493,1.62445,1.62482,134000000,1
1290177540000,1290177599000,1.62482,1.62507,1.62467,1.625,114300000,1
1290177600000,1290177659000,1.62507,1.62536,1.62462,1.62536,86300000,1
1290177660000,1290177719000,1.62523,1.62551,1.62513,1.62513,114700000,1
1290177720000,1290177779000,1.62513,1.6254,1.62477,1.62477,96500000,1
1290177780000,1290177839000,1.62499,1.62528,1.62462,1.6249,110900000,1
1290177840000,1290177899000,1.625,1.6252,1.62463,1.62484,132100000,1
1290177900000,1290177959000,1.62492,1.62539,1.62487,1.62516,120300000,1
1290177960000,1290178019000,1.62516,1.62555,1.62486,1.62518,112200000,1
1290178020000,1290178079000,1.62522,1.62548,1.625,1.62506,118400000,1
1290178080000,1290178139000,1.62508,1.62543,1.62504,1.62538,74400000,1
1290178140000,1290178199000,1.62538,1.62584,1.62536,1.62551,156000000,1
1290178200000,1290178259000,1.62567,1.6258,1.62505,1.62516,156700000,1
1290178260000,1290178319000,1.62498,1.62524,1.6247,1.62505,127600000,1
1290178320000,1290178379000,1.62505,1.62519,1.62481,1.62491,110000000,1
1290178380000,1290178439000,1.62491,1.62516,1.6247,1.62492,114300000,1
1290178440000,1290178499000,1.62485,1.62536,1.62485,1.62509,145800000,1
1290178500000,1290178559000,1.62502,1.62537,1.62486,1.62495,206700000,1
1290178560000,1290178619000,1.62493,1.625,1.62438,1.62438,150300000,1
1290178620000,1290178679000,1.62436,1.62458,1.62379,1.6238,148600000,1
1290178680000,1290178739000,1.62401,1.62428,1.62346,1.62346,123400000,1
1290178740000,1290178799000,1.62346,1.62445,1.62338,1.62383,164500000,1
1290178800000,1290178859000,1.62377,1.62407,1.62337,1.62398,128600000,1
1290178860000,1290178919000,1.62402,1.62433,1.62383,1.62386,158500000,1
1290178920000,1290178979000,1.62393,1.62448,1.62341,1.62446,149400000,1
1290178980000,1290179039000,1.62441,1.62469,1.6243,1.62442,133500000,1
1290179040000,1290179099000,1.62442,1.62442,1.62368,1.62373,159700000,1
1290179100000,1290179159000,1.62371,1.62397,1.62354,1.62368,118200000,1
1290179160000,1290179219000,1.62379,1.62424,1.62356,1.62376,142500000,1
1290179220000,1290179279000,1.62377,1.62408,1.62354,1.62388,153500000,1
1290179280000,1290179339000,1.62386,1.62428,1.6237,1.62412,179300000,1
1290179340000,1290179399000,1.62417,1.62417,1.62356,1.6236,119200000,1
1290179400000,1290179459000,1.62351,1.62378,1.62341,1.62345,101000000,1
1290179460000,1290179519000,1.62347,1.62404,1.62347,1.62375,111700000,1
1290179520000,1290179579000,1.62377,1.62413,1.62357,1.6236,115200000,1
1290179580000,1290179639000,1.62369,1.62405,1.62362,1.6238,63100000,1
1290179640000,1290179699000,1.62391,1.62393,1.62342,1.62372,71000000,1
1290179700000,1290179759000,1.62372,1.62389,1.62351,1.62351,79400000,1
1290179760000,1290179819000,1.62347,1.62364,1.62307,1.62313,79500000,1
1290179820000,1290179879000,1.62313,1.6233,1.62285,1.62306,100400000,1
1290179880000,1290179939000,1.62306,1.62336,1.6229,1.62323,97000000,1
1290179940000,1290179999000,1.62319,1.62332,1.62292,1.62316,128800000,1
1290180000000,1290180059000,1.62315,1.62326,1.62268,1.6228,100300000,1
1290180060000,1290180119000,1.62282,1.62304,1.62207,1.62219,105200000,1
1290180120000,1290180179000,1.62206,1.62249,1.62199,1.62249,102700000,1
1290180180000,1290180239000,1.62249,1.62258,1.6223,1.62247,70100000,1
1290180240000,1290180299000,1.62253,1.62293,1.62245,1.62262,105500000,1
1290180300000,1290180359000,1.62282,1.62322,1.62251,1.62322,88000000,1
1290180360000,1290180419000,1.62311,1.62312,1.62255,1.62273,66700000,1
1290180420000,1290180479000,1.62275,1.623,1.62226,1.62246,117600000,1
1290180480000,1290180539000,1.62246,1.62265,1.62224,1.62232,79600000,1
1290180540000,1290180599000,1.62232,1.62286,1.62223,1.62276,100500000,1
1290180600000,1290180659000,1.62277,1.6229,1.62249,1.62272,113100000,1
1290180660000,1290180719000,1.62272,1.62302,1.62236,1.62301,101400000,1
1290180720000,1290180779000,1.62309,1.62321,1.62241,1.62305,105300000,1
1290180780000,1290180839000,1.62314,1.62314,1.62224,1.62245,76700000,1
1290180840000,1290180899000,1.6223,1.6228,1.6223,1.62235,96400000,1
1290180900000,1290180959000,1.62231,1.62271,1.62193,1.6221,136600000,1
1290180960000,1290181019000,1.62207,1.62207,1.6216,1.62179,172200000,1
1290181020000,1290181079000,1.62179,1.62188,1.62128,1.6213,87900000,1
1290181080000,1290181139000,1.62143,1.6218,1.62109,1.62148,145000000,1
1290181140000,1290181199000,1.6216,1.62166,1.6211,1.6211,149200000,1
1290181200000,1290181259000,1.6211,1.6211,1.62059,1.62087,105600000,1
1290181260000,1290181319000,1.62077,1.62095,1.62037,1.62089,105200000,1
1290181320000,1290181379000,1.62105,1.62155,1.621,1.62133,111700000,1
1290181380000,1290181439000,1.62133,1.62162,1.62099,1.62109,134000000,1
1290181440000,1290181499000,1.62116,1.62142,1.62101,1.62129,111000000,1
1290181500000,1290181559000,1.6213,1.62132,1.62109,1.62109,65100000,1
1290181560000,1290181619000,1.62109,1.62109,1.62067,1.6207,112300000,1
1290181620000,1290181679000,1.62078,1.62192,1.62073,1.6219,98900000,1
1290181680000,1290181739000,1.62193,1.62231,1.62186,1.62211,91600000,1
1290181740000,1290181799000,1.62206,1.62224,1.62144,1.62144,173900000,1
1290181800000,1290181859000,1.62143,1.62182,1.62129,1.62154,130200000,1
1290181860000,1290181919000,1.62163,1.62213,1.6213,1.62173,116500000,1
1290181920000,1290181979000,1.62173,1.62204,1.62163,1.62197,105000000,1
1290181980000,1290182039000,1.62195,1.62217,1.62178,1.62217,96800000,1
1290182040000,1290182099000,1.62212,1.62218,1.62183,1.6219,76100000,1
1290182100000,1290182159000,1.62196,1.62212,1.62156,1.62156,88600000,1
1290182160000,1290182219000,1.62152,1.62193,1.62152,1.62167,83500000,1
1290182220000,1290182279000,1.62179,1.622,1.62139,1.62148,103300000,1
1290182280000,1290182339000,1.62142,1.62154,1.62095,1.62116,117300000,1
1290182340000,1290182399000,1.62108,1.62141,1.62036,1.621,164100000,1
1290182400000,1290182459000,1.62084,1.62084,1.62006,1.62035,188100000,1
1290182460000,1290182519000,1.62035,1.62037,1.62008,1.62028,77200000,1
1290182520000,1290182579000,1.62028,1.62036,1.61989,1.62012,108500000,1
1290182580000,1290182639000,1.62012,1.62114,1.62002,1.62074,138300000,1
1290182640000,1290182699000,1.62086,1.62109,1.62039,1.62058,115300000,1
1290182700000,1290182759000,1.62036,1.62077,1.62036,1.62061,105100000,1
1290182760000,1290182819000,1.62065,1.62075,1.62038,1.6205,79500000,1
1290182820000,1290182879000,1.6205,1.62059,1.62018,1.62039,94300000,1
1290182880000,1290182939000,1.62039,1.62064,1.62027,1.62037,63700000,1
1290182940000,1290182999000,1.62047,1.62067,1.61988,1.62005,111000000,1
1290183000000,1290183059000,1.62014,1.62077,1.62006,1.62046,95800000,1
1290183060000,1290183119000,1.62057,1.62104,1.62057,1.62074,95700000,1
1290183120000,1290183179000,1.62074,1.62107,1.62037,1.62097,98100000,1
1290183180000,1290183239000,1.62106,1.62132,1.62067,1.62116,163100000,1
1290183240000,1290183299000,1.62115,1.62153,1.62093,1.62093,131100000,1
1290183300000,1290183359000,1.62102,1.62138,1.62088,1.62126,141500000,1
1290183360000,1290183419000,1.6212,1.62153,1.62115,1.62141,97500000,1
1290183420000,1290183479000,1.62128,1.62171,1.6212,1.62154,103000000,1
1290183480000,1290183539000,1.6216,1.6216,1.62104,1.62123,106800000,1
1290183540000,1290183599000,1.62123,1.62165,1.6209,1.6216,92400000,1
1290183600000,1290183659000,1.62153,1.62184,1.62145,1.62173,100300000,1
1290183660000,1290183719000,1.62173,1.62188,1.62157,1.62169,91000000,1
1290183720000,1290183779000,1.62172,1.62172,1.62122,1.62158,122300000,1
1290183780000,1290183839000,1.62157,1.62157,1.62111,1.62121,103600000,1
1290183840000,1290183899000,1.62121,1.62152,1.62102,1.62137,113000000,1
1290183900000,1290183959000,1.62145,1.62145,1.62069,1.62069,80800000,1
1290183960000,1290184019000,1.62056,1.62075,1.62046,1.62053,91000000,1
1290184020000,1290184079000,1.62051,1.62091,1.62043,1.62089,91400000,1
1290184080000,1290184139000,1.62089,1.62089,1.62054,1.62079,78500000,1
1290184140000,1290184199000,1.62078,1.62097,1.62059,1.62081,87700000,1
1290184200000,1290184259000,1.62081,1.62104,1.62074,1.62078,97400000,1
1290184260000,1290184319000,1.6208,1.62133,1.6208,1.62119,125500000,1
1290184320000,1290184379000,1.62119,1.62151,1.62111,1.62115,150500000,1
1290184380000,1290184439000,1.62111,1.62131,1.62097,1.62105,84800000,1
1290184440000,1290184499000,1.62105,1.62123,1.62087,1.62108,106600000,1
1290184500000,1290184559000,1.62105,1.62132,1.62095,1.62104,144700000,1
1290184560000,1290184619000,1.62104,1.62128,1.62089,1.62089,78300000,1
1290184620000,1290184679000,1.62115,1.6216,1.62111,1.6216,76400000,1
1290184680000,1290184739000,1.62157,1.62157,1.62123,1.62127,94700000,1
1290184740000,1290184799000,1.62129,1.62148,1.62121,1.62145,94100000,1
1290184800000,1290184859000,1.6214,1.62189,1.62137,1.6215,106100000,1
1290184860000,1290184919000,1.62149,1.62162,1.62127,1.62134,77300000,1
1290184920000,1290184979000,1.62134,1.6214,1.62092,1.62092,107500000,1
1290184980000,1290185039000,1.6208,1.62106,1.62072,1.62094,114200000,1
1290185040000,1290185099000,1.62091,1.62126,1.62077,1.62114,139500000,1
1290185100000,1290185159000,1.62119,1.62138,1.621,1.62122,104700000,1
1290185160000,1290185219000,1.6212,1.62152,1.62102,1.62148,118100000,1
1290185220000,1290185279000,1.62148,1.6215,1.62132,1.62146,85700000,1
1290185280000,1290185339000,1.62146,1.62146,1.62097,1.6213,124800000,1
1290185340000,1290185399000,1.62132,1.62166,1.62117,1.62132,148000000,1
1290185400000,1290185459000,1.62138,1.62143,1.62118,1.62138,140700000,1
1290185460000,1290185519000,1.6213,1.62151,1.62123,1.62132,165600000,1
1290185520000,1290185579000,1.62138,1.62145,1.62079,1.62112,84200000,1
1290185580000,1290185639000,1.62104,1.62109,1.62087,1.62087,81600000,1
1290185640000,1290185699000,1.62089,1.621,1.62081,1.62093,69400000,1
1290185700000,1290185759000,1.62083,1.62096,1.62072,1.6209,74200000,1
1290185760000,1290185819000,1.6208,1.62095,1.62076,1.62095,113600000,1
1290185820000,1290185879000,1.62085,1.62095,1.62057,1.62084,104600000,1
1290185880000,1290185939000,1.62086,1.62097,1.62066,1.62082,123600000,1
1290185940000,1290185999000,1.62076,1.62101,1.62067,1.62079,105100000,1
1290186000000,1290186059000,1.62076,1.62084,1.62064,1.62078,57100000,1
1290186060000,1290186119000,1.62074,1.6209,1.62059,1.62069,65800000,1
1290186120000,1290186179000,1.62073,1.62073,1.62037,1.6204,85600000,1
1290186180000,1290186239000,1.6204,1.62093,1.6204,1.62081,79400000,1
1290186240000,1290186299000,1.62081,1.62084,1.62057,1.62064,83200000,1
1290186300000,1290186359000,1.62058,1.62067,1.62027,1.62042,98800000,1
1290186360000,1290186419000,1.62035,1.62053,1.61985,1.62002,84000000,1
1290186420000,1290186479000,1.62005,1.62012,1.61969,1.61999,76200000,1
1290186480000,1290186539000,1.61994,1.62016,1.6197,1.61985,119200000,1
1290186540000,1290186599000,1.61985,1.62018,1.61966,1.61971,83100000,1
1290186600000,1290186659000,1.61969,1.61975,1.61949,1.6195,82500000,1
1290186660000,1290186719000,1.61951,1.61956,1.6192,1.6192,33200000,1
1290186720000,1290186779000,1.6193,1.61975,1.61922,1.61952,70900000,1
1290186780000,1290186839000,1.61948,1.61955,1.61911,1.61952,125200000,1
1290186840000,1290186899000,1.61948,1.61979,1.61917,1.61943,74800000,1
1290186900000,1290186959000,1.61943,1.61969,1.61932,1.61932,64800000,1
1290186960000,1290187019000,1.61933,1.61944,1.61914,1.61937,60600000,1
1290187020000,1290187079000,1.61937,1.61951,1.61922,1.61936,33300000,1
1290187080000,1290187139000,1.61936,1.61967,1.61929,1.6194,58400000,1
1290187140000,1290187199000,1.61938,1.61989,1.61936,1.61981,61800000,1
1290187200000,1290187259000,1.61988,1.62005,1.61979,1.62005,64600000,1
1290187260000,1290187319000,1.62005,1.62028,1.61999,1.6202,42600000,1
1290187320000,1290187379000,1.62001,1.62027,1.62001,1.62027,47600000,1
1290187380000,1290187439000,1.62022,1.6206,1.62022,1.62044,95000000,1
1290187440000,1290187499000,1.62043,1.62078,1.6203,1.62057,62800000,1
1290187500000,1290187559000,1.62057,1.62104,1.62043,1.62076,101100000,1
1290187560000,1290187619000,1.62074,1.62086,1.62059,1.62085,103800000,1
1290187620000,1290187679000,1.62092,1.62099,1.62074,1.62075,72500000,1
1290187680000,1290187739000,1.62086,1.62118,1.62084,1.62094,45500000,1
1290187740000,1290187799000,1.62085,1.62122,1.62078,1.6211,51100000,1
1290187800000,1290187859000,1.62106,1.6213,1.62084,1.6213,71100000,1
1290187860000,1290187919000,1.62133,1.62163,1.62106,1.62136,68900000,1
1290187920000,1290187979000,1.6213,1.62142,1.62079,1.62118,137600000,1
1290187980000,1290188039000,1.62128,1.62141,1.62096,1.62096,92000000,1
1290188040000,1290188099000,1.62093,1.6215,1.62089,1.62118,116700000,1
1290188100000,1290188159000,1.62121,1.62134,1.62044,1.62066,132100000,1
1290188160000,1290188219000,1.62073,1.62073,1.62038,1.6205,80000000,1
1290188220000,1290188279000,1.6204,1.62076,1.62033,1.62057,83000000,1
1290188280000,1290188339000,1.62061,1.62078,1.62055,1.62055,31000000,1
1290188340000,1290188399000,1.62107,1.62108,1.6206,1.62063,86300000,1
1290188400000,1290188459000,1.62065,1.62077,1.62057,1.62063,62000000,1
1290188460000,1290188519000,1.62058,1.62065,1.6205,1.62059,35600000,1
1290188520000,1290188579000,1.62059,1.62091,1.62059,1.62076,81500000,1
1290188580000,1290188639000,1.62076,1.62076,1.6206,1.62066,42800000,1
1290188640000,1290188699000,1.62062,1.62067,1.62038,1.6205,31400000,1
1290188700000,1290188759000,1.6205,1.62058,1.62028,1.62028,32900000,1
1290188760000,1290188819000,1.62028,1.62041,1.62,1.62,55300000,1
1290188820000,1290188879000,1.62,1.62061,1.62,1.62041,99200000,1
1290188880000,1290188939000,1.62041,1.62046,1.61974,1.62009,135500000,1
1290188940000,1290188999000,1.62009,1.62024,1.61986,1.62009,71400000,1
1290189000000,1290189059000,1.62009,1.62025,1.61997,1.62011,97700000,1
1290189060000,1290189119000,1.62011,1.62021,1.62006,1.6201,109300000,1
1290189120000,1290189179000,1.62017,1.62017,1.61992,1.61999,77400000,1
1290189180000,1290189239000,1.61997,1.62015,1.61997,1.6201,100500000,1
1290189240000,1290189299000,1.62006,1.62006,1.61989,1.61989,53600000,1
1290189300000,1290189359000,1.61989,1.62023,1.61975,1.62006,162400000,1
1290189360000,1290189419000,1.62013,1.62033,1.62007,1.62023,89200000,1
1290189420000,1290189479000,1.62017,1.62031,1.62012,1.62018,136400000,1
1290189480000,1290189539000,1.62026,1.62028,1.61965,1.61965,96200000,1
1290189540000,1290189599000,1.61971,1.61999,1.61967,1.61986,112900000,1
1290189600000,1290189659000,1.61984,1.61984,1.61956,1.61956,84800000,1
1290189660000,1290189719000,1.61956,1.61976,1.61927,1.61933,133100000,1
1290189720000,1290189779000,1.61933,1.61939,1.61914,1.61928,53700000,1
1290189780000,1290189839000,1.61941,1.61945,1.61928,1.61935,92300000,1
1290189840000,1290189899000,1.61935,1.61943,1.61925,1.61935,104200000,1
1290189900000,1290189959000,1.61935,1.61935,1.61919,1.61919,71200000,1
1290189960000,1290190019000,1.61919,1.61941,1.6191,1.61923,104500000,1
1290190020000,1290190079000,1.61921,1.61954,1.6192,1.61942,92300000,1
1290190080000,1290190139000,1.61942,1.61946,1.61907,1.61924,69300000,1
1290190140000,1290190199000,1.61922,1.61937,1.61918,1.61928,55800000,1
1290190200000,1290190259000,1.61928,1.61937,1.61924,1.61927,34200000,1
1290190260000,1290190319000,1.61927,1.61947,1.61912,1.61913,86900000,1
1290190320000,1290190379000,1.61912,1.61913,1.6191,1.61912,66000000,1
1290190380000,1290190439000,1.61912,1.61948,1.61912,1.61946,73500000,1
1290190440000,1290190499000,1.61946,1.61971,1.6194,1.61971,64800000,1
1290190500000,1290190559000,1.61976,1.6198,1.61958,1.61958,79600000,1
1290190560000,1290190619000,1.61959,1.61959,1.61931,1.61937,70200000,1
1290190620000,1290190679000,1.61935,1.61953,1.61922,1.61946,73300000,1
1290190680000,1290190739000,1.61946,1.6195,1.61926,1.61937,58300000,1
1290190740000,1290190799000,1.61937,1.61947,1.61937,1.61947,58800000,1
1290190800000,1290190859000,1.61942,1.61946,1.61926,1.61929,58700000,1
1290190860000,1290190919000,1.61929,1.61957,1.61929,1.61957,73400000,1
1290190920000,1290190979000,1.6196,1.61984,1.61937,1.61983,62400000,1
1290190980000,1290191039000,1.61983,1.61984,1.61982,1.61983,58000000,1
1290191040000,1290191099000,1.61984,1.61993,1.61982,1.61993,30200000,1
1290191100000,1290191159000,1.61999,1.62001,1.6197,1.6197,46700000,1
1290191160000,1290191219000,1.6197,1.61983,1.61952,1.61967,76000000,1
1290191220000,1290191279000,1.61968,1.61976,1.61954,1.61962,55400000,1
1290191280000,1290191339000,1.61966,1.62008,1.61966,1.61993,37900000,1
1290191340000,1290191399000,1.61993,1.61993,1.6196,1.61976,98200000,1
1290191400000,1290191459000,1.61969,1.61987,1.61968,1.61987,82700000,1
1290191460000,1290191519000,1.61987,1.61997,1.61969,1.61982,132400000,1
1290191520000,1290191579000,1.61982,1.61989,1.61952,1.61959,138900000,1
1290191580000,1290191639000,1.61963,1.61983,1.61963,1.61982,133500000,1
1290191640000,1290191699000,1.61984,1.61994,1.61977,1.61994,73300000,1
1290191700000,1290191759000,1.61994,1.62002,1.61993,1.61999,37700000,1
1290191760000,1290191819000,1.62007,1.62027,1.62003,1.62011,53200000,1
1290191820000,1290191879000,1.62016,1.62052,1.62006,1.62028,92100000,1
1290191880000,1290191939000,1.6204,1.62045,1.62036,1.6204,32900000,1
1290191940000,1290191999000,1.62045,1.62045,1.62015,1.62015,42000000,1
1290192000000,1290192059000,1.62015,1.62024,1.62009,1.62024,28200000,1
1290192060000,1290192119000,1.62024,1.62041,1.62023,1.62032,47600000,1
1290192120000,1290192179000,1.6204,1.6204,1.62021,1.62023,67700000,1
1290192180000,1290192239000,1.6203,1.62051,1.62028,1.62045,72300000,1
1290192240000,1290192299000,1.62045,1.62045,1.62036,1.62045,13600000,1
1290192300000,1290192359000,1.62035,1.62056,1.62035,1.62046,41900000,1
1290192360000,1290192419000,1.62045,1.62056,1.62045,1.62046,59200000,1
1290192420000,1290192479000,1.62047,1.6205,1.62036,1.62045,46200000,1
1290192480000,1290192539000,1.62045,1.6205,1.62043,1.6205,22100000,1
1290192540000,1290192599000,1.62042,1.62056,1.6204,1.62056,63400000,1
1290192600000,1290192659000,1.62053,1.62056,1.62034,1.62034,46500000,1
1290192660000,1290192719000,1.62034,1.62063,1.62021,1.62053,37100000,1
1290192720000,1290192779000,1.62053,1.62067,1.62048,1.62048,36700000,1
1290192780000,1290192839000,1.62045,1.62062,1.62045,1.62054,49400000,1
1290192840000,1290192899000,1.62056,1.62062,1.62053,1.62062,22300000,1
1290192900000,1290192959000,1.62061,1.62073,1.62061,1.62073,29000000,1
1290192960000,1290193019000,1.62069,1.62088,1.6205,1.62086,76000000,1
1290193020000,1290193079000,1.62086,1.62093,1.62072,1.62088,106900000,1
1290193080000,1290193139000,1.6209,1.6209,1.62076,1.62078,63000000,1
1290193140000,1290193199000,1.62076,1.62093,1.62069,1.62091,49200000,1
1290193200000,1290193259000,1.62078,1.62103,1.62053,1.62072,104900000,1
1290193260000,1290193319000,1.62085,1.62106,1.62066,1.62091,63000000,1
1290193320000,1290193379000,1.62082,1.62113,1.6204,1.62102,114900000,1
1290193380000,1290193439000,1.62103,1.62111,1.6208,1.62085,52400000,1
1290193440000,1290193499000,1.62085,1.62104,1.62068,1.62088,83700000,1
1290193500000,1290193559000,1.62093,1.62093,1.62046,1.62046,89400000,1
1290193560000,1290193619000,1.62048,1.62078,1.62043,1.62061,115300000,1
1290193620000,1290193679000,1.6206,1.62065,1.62043,1.62045,85300000,1
1290193680000,1290193739000,1.62045,1.62064,1.6204,1.62055,62800000,1
1290193740000,1290193799000,1.6205,1.6205,1.62013,1.62032,118900000,1
1290193800000,1290193859000,1.62031,1.6204,1.62022,1.62024,88000000,1
1290193860000,1290193919000,1.6202,1.62024,1.62002,1.62018,73700000,1
1290193920000,1290193979000,1.6201,1.62033,1.61989,1.61998,53100000,1
1290193980000,1290194039000,1.62007,1.62014,1.61964,1.61976,48500000,1
1290194040000,1290194099000,1.61974,1.61983,1.61951,1.61951,62500000,1
1290194100000,1290194159000,1.61949,1.61993,1.61949,1.61973,118500000,1
1290194160000,1290194219000,1.61973,1.61983,1.6195,1.6195,138600000,1
1290194220000,1290194279000,1.61957,1.61987,1.61956,1.61987,49800000,1
1290194280000,1290194339000,1.61977,1.61987,1.61967,1.61977,85200000,1
1290194340000,1290194399000,1.61977,1.6199,1.61969,1.61973,94800000,1
1290194400000,1290194459000,1.61978,1.62005,1.61974,1.62001,76100000,1
1290194460000,1290194519000,1.62001,1.62009,1.61977,1.61992,208400000,1
1290194520000,1290194579000,1.61995,1.6204,1.61995,1.62028,64300000,1
1290194580000,1290194639000,1.62032,1.62101,1.6203,1.62082,80600000,1
1290194640000,1290194699000,1.62085,1.62113,1.62077,1.62097,61500000,1
1290194700000,1290194759000,1.6212,1.62169,1.62103,1.62144,66500000,1
1290194760000,1290194819000,1.62144,1.62169,1.62117,1.62122,52400000,1
1290194820000,1290194879000,1.62117,1.62138,1.62085,1.62126,109000000,1
1290194880000,1290194939000,1.62129,1.62141,1.62113,1.62121,84700000,1
1290194940000,1290194999000,1.62121,1.62121,1.62084,1.62087,31900000,1
1290195000000,1290195059000,1.62087,1.62095,1.62074,1.62095,54200000,1
1290195060000,1290195119000,1.62095,1.62123,1.62095,1.62113,52800000,1
1290195120000,1290195179000,1.62113,1.62123,1.62105,1.62105,26700000,1
1290195180000,1290195239000,1.62108,1.62121,1.62098,1.62101,40000000,1
1290195240000,1290195299000,1.62101,1.62117,1.62058,1.6206,54100000,1
1290195300000,1290195359000,1.62058,1.62058,1.62016,1.6204,46100000,1
1290195360000,1290195419000,1.6204,1.62103,1.6204,1.62092,62500000,1
1290195420000,1290195479000,1.62092,1.62105,1.62089,1.62089,16400000,1
1290195480000,1290195539000,1.621,1.621,1.62088,1.62093,18600000,1
1290195540000,1290195599000,1.62088,1.62095,1.62074,1.62083,28500000,1
1290195600000,1290195659000,1.62075,1.62075,1.6204,1.62049,53700000,1
1290195660000,1290195719000,1.6206,1.62129,1.62051,1.62124,47800000,1
1290195720000,1290195779000,1.62124,1.62132,1.6211,1.62117,42400000,1
1290195780000,1290195839000,1.6212,1.62134,1.6212,1.62134,9300000,1
1290195840000,1290195899000,1.62128,1.62134,1.621,1.62107,33700000,1
1290195900000,1290195959000,1.62104,1.62128,1.62104,1.6212,17300000,1
1290195960000,1290196019000,1.62128,1.6213,1.62112,1.62116,41900000,1
1290196020000,1290196079000,1.62117,1.62126,1.62104,1.62114,47600000,1
1290196080000,1290196139000,1.62117,1.62124,1.62093,1.62093,51600000,1
1290196140000,1290196199000,1.62093,1.62093,1.62068,1.62081,16600000,1
1290196200000,1290196259000,1.62081,1.62081,1.62048,1.62077,29900000,1
1290196260000,1290196319000,1.62077,1.62077,1.6207,1.6207,9600000,1
1290196320000,1290196379000,1.6207,1.62095,1.62063,1.62083,43500000,1
1290196380000,1290196439000,1.62086,1.62096,1.62072,1.62095,39100000,1
1290196440000,1290196499000,1.62097,1.62099,1.62088,1.62088,33300000,1
1290196500000,1290196559000,1.62094,1.62095,1.62057,1.62061,48800000,1
1290196560000,1290196619000,1.62068,1.62082,1.6206,1.62072,51900000,1
1290196620000,1290196679000,1.62072,1.62084,1.62052,1.62068,75900000,1
1290196680000,1290196739000,1.6207,1.62076,1.62043,1.62076,47600000,1
1290196740000,1290196799000,1.62068,1.62068,1.62043,1.62046,40600000,1
1290196800000,1290196859000,1.62044,1.62056,1.6203,1.62047,56500000,1
1290196860000,1290196919000,1.62047,1.62059,1.62026,1.62026,78100000,1
1290196920000,1290196979000,1.62038,1.62044,1.61993,1.61993,58200000,1
1290196980000,1290197039000,1.62003,1.62003,1.61978,1.61985,44200000,1
1290197040000,1290197099000,1.61982,1.61987,1.61982,1.61986,21600000,1
1290197100000,1290197159000,1.61987,1.61995,1.61979,1.61987,47200000,1
1290197160000,1290197219000,1.61987,1.61987,1.61977,1.61987,40700000,1
1290197220000,1290197279000,1.61987,1.61987,1.61987,1.61987,10400000,1
1290197280000,1290197339000,1.61987,1.61987,1.61977,1.61977,12400000,1
1290197340000,1290197399000,1.61977,1.61977,1.61973,1.61975,19300000,1
1290197400000,1290197459000,1.6198,1.61987,1.6196,1.61968,43400000,1
1290197460000,1290197519000,1.61968,1.61977,1.61963,1.61967,73700000,1
1290197520000,1290197579000,1.61967,1.62026,1.61967,1.62018,71900000,1
1290197580000,1290197639000,1.62026,1.62049,1.62018,1.62034,61400000,1
1290197640000,1290197699000,1.62034,1.62087,1.62034,1.62085,42800000,1
1290197700000,1290197759000,1.62085,1.62094,1.62075,1.62085,28900000,1
1290197760000,1290197819000,1.62085,1.62097,1.62065,1.62094,52800000,1
1290197820000,1290197879000,1.62103,1.6212,1.62083,1.62083,61300000,1
1290197880000,1290197939000,1.62087,1.62087,1.62065,1.62065,44800000,1
1290197940000,1290197999000,1.62059,1.62085,1.62059,1.62061,60800000,1
1290198000000,1290198059000,1.62061,1.62075,1.62042,1.62042,72900000,1
1290198060000,1290198119000,1.62042,1.62042,1.62035,1.62042,64300000,1
1290198120000,1290198179000,1.62042,1.62053,1.62029,1.62029,44500000,1
1290198180000,1290198239000,1.62052,1.62077,1.62042,1.62052,70200000,1
1290198240000,1290198299000,1.62027,1.62045,1.62026,1.62035,72700000,1
1290198300000,1290198359000,1.62035,1.62053,1.62035,1.62037,65500000,1
1290198360000,1290198419000,1.62036,1.62038,1.62028,1.62038,42000000,1
1290198420000,1290198479000,1.6203,1.62057,1.62027,1.62057,37000000,1
1290198480000,1290198539000,1.62052,1.62068,1.62046,1.62068,54600000,1
1290198540000,1290198599000,1.6206,1.62096,1.62058,1.62082,98500000,1
1290198600000,1290198659000,1.62074,1.62096,1.62066,1.62086,32100000,1
1290198660000,1290198719000,1.62091,1.62124,1.62075,1.62108,75700000,1
1290198720000,1290198779000,1.62119,1.62154,1.62119,1.62146,59500000,1
1290198780000,1290198839000,1.62164,1.62164,1.62115,1.62125,64100000,1
1290198840000,1290198899000,1.62127,1.62162,1.62125,1.62143,77700000,1
1290198900000,1290198959000,1.62143,1.6219,1.62143,1.62156,64500000,1
1290198960000,1290199019000,1.62156,1.62169,1.62143,1.62169,79300000,1
1290199020000,1290199079000,1.62158,1.62206,1.62156,1.62201,80800000,1
1290199080000,1290199139000,1.62201,1.6224,1.62201,1.62222,46300000,1
1290199140000,1290199199000,1.62222,1.62259,1.62222,1.62259,60200000,1
1290199200000,1290199259000,1.62266,1.62266,1.62196,1.62226,116500000,1
1290199260000,1290199319000,1.62226,1.62253,1.62226,1.62253,45600000,1
1290199320000,1290199379000,1.62248,1.62259,1.62219,1.62237,41200000,1
1290199380000,1290199439000,1.62237,1.62268,1.62229,1.62245,53600000,1
1290199440000,1290199499000,1.62249,1.62273,1.62233,1.62234,38300000,1
1290199500000,1290199559000,1.62233,1.62233,1.62187,1.62209,74400000,1
1290199560000,1290199619000,1.62188,1.62221,1.62188,1.6219,57900000,1
1290199620000,1290199679000,1.6219,1.62198,1.62144,1.62149,72400000,1
1290199680000,1290199739000,1.62149,1.62182,1.62144,1.62162,96100000,1
1290199740000,1290199799000,1.62166,1.6219,1.62149,1.62184,72300000,1
1290199800000,1290199859000,1.62179,1.62193,1.62155,1.62157,60800000,1
1290199860000,1290199919000,1.62155,1.62166,1.6214,1.62155,83400000,1
1290199920000,1290199979000,1.62155,1.62165,1.62142,1.62142,91600000,1
1290199980000,1290200039000,1.62142,1.62159,1.62139,1.62148,41900000,1
1290200040000,1290200099000,1.62138,1.62139,1.62068,1.62069,52200000,1
1290200100000,1290200159000,1.62069,1.62109,1.62069,1.62109,60400000,1
1290200160000,1290200219000,1.62105,1.62119,1.62093,1.62095,85100000,1
1290200220000,1290200279000,1.62096,1.62131,1.62096,1.62102,83500000,1
1290200280000,1290200339000,1.62115,1.62116,1.62093,1.62093,89000000,1
1290200340000,1290200399000,1.62097,1.62173,1.62092,1.62162,126000000,1
1290200400000,1290200459000,1.62167,1.62177,1.62069,1.62069,61500000,1
1290200460000,1290200519000,1.62069,1.62074,1.62043,1.62063,50600000,1
1290200520000,1290200579000,1.62061,1.62066,1.62022,1.62043,51100000,1
1290200580000,1290200639000,1.62038,1.6206,1.62013,1.6206,55100000,1
1290200640000,1290200699000,1.62057,1.62058,1.62037,1.62038,22900000,1
1290200700000,1290200759000,1.62043,1.62043,1.62008,1.62008,26500000,1
1290200760000,1290200819000,1.62018,1.62102,1.62018,1.62102,43200000,1
1290200820000,1290200879000,1.62098,1.62125,1.62058,1.62079,46300000,1
1290200880000,1290200939000,1.62079,1.62079,1.62072,1.62072,6400000,1
1290200940000,1290200999000,1.62101,1.62101,1.62038,1.62043,75500000,1
1290201000000,1290201059000,1.62043,1.62043,1.62037,1.62037,12200000,1
1290201060000,1290201119000,1.62053,1.62053,1.62013,1.62014,29600000,1
1290201120000,1290201179000,1.62018,1.62054,1.62018,1.62054,42200000,1
1290201180000,1290201239000,1.6205,1.6205,1.6205,1.6205,19300000,1
1290201240000,1290201299000,1.6205,1.6205,1.62033,1.62033,48900000,1
1290201300000,1290201359000,1.62024,1.62024,1.62007,1.62007,28800000,1
1290201360000,1290201419000,1.62002,1.62017,1.62,1.62009,33800000,1
1290201420000,1290201479000,1.62009,1.62017,1.62009,1.62014,54400000,1
1290201480000,1290201539000,1.62014,1.62015,1.62002,1.62015,41100000,1
1290201540000,1290201599000,1.62015,1.62037,1.62003,1.62003,34400000,1
1290201600000,1290201659000,1.62013,1.62028,1.62012,1.62013,13600000,1
1290201660000,1290201719000,1.62021,1.62021,1.62012,1.62013,8900000,1
1290201720000,1290201779000,1.62016,1.62033,1.62016,1.62033,20400000,1
1290201780000,1290201839000,1.62028,1.62037,1.62028,1.62028,19600000,1
1290201840000,1290201899000,1.62028,1.6203,1.6201,1.62025,34700000,1
1290201900000,1290201959000,1.62025,1.62025,1.62013,1.62018,16700000,1
1290201960000,1290202019000,1.62026,1.62026,1.6202,1.62026,10300000,1
1290202020000,1290202079000,1.62026,1.62026,1.62006,1.62016,38200000,1
1290202080000,1290202139000,1.62016,1.62028,1.61996,1.62006,62900000,1
1290202140000,1290202199000,1.62006,1.62055,1.62006,1.62053,34800000,1
1290202200000,1290202259000,1.62049,1.62064,1.62033,1.62057,44300000,1
1290202260000,1290202319000,1.62057,1.62057,1.61987,1.61991,25000000,1
1290202320000,1290202379000,1.61991,1.62108,1.61956,1.62108,65300000,1
1290202380000,1290202439000,1.62067,1.62078,1.61998,1.62003,83100000,1
1290202440000,1290202499000,1.62003,1.62004,1.61997,1.61997,22800000,1
1290202500000,1290202559000,1.62002,1.62002,1.61996,1.61998,36400000,1
1290202560000,1290202619000,1.61998,1.62076,1.61998,1.62076,54500000,1
1290202620000,1290202679000,1.62076,1.62076,1.62057,1.62062,20400000,1
1290202680000,1290202739000,1.62062,1.62062,1.62052,1.62062,31600000,1
1290202740000,1290202799000,1.62062,1.62063,1.6201,1.62062,61200000,1
1290202800000,1290202859000,1.62057,1.62063,1.62002,1.62046,61600000,1
1290202860000,1290202919000,1.62047,1.62061,1.62046,1.62061,19900000,1
1290202920000,1290202979000,1.62054,1.62054,1.62041,1.62041,6000000,1
1290202980000,1290203039000,1.62041,1.62051,1.62041,1.62051,15800000,1
1290203040000,1290203099000,1.62051,1.62058,1.62047,1.62058,14100000,1
1290203100000,1290203159000,1.62067,1.62088,1.62067,1.62088,18500000,1
1290203160000,1290203219000,1.62093,1.62093,1.62072,1.62078,23500000,1
1290203220000,1290203279000,1.62078,1.62078,1.62045,1.62045,12900000,1
1290203280000,1290203339000,1.62065,1.6207,1.62045,1.62057,19900000,1
1290203340000,1290203399000,1.62033,1.62068,1.62033,1.62039,25800000,1
1290203400000,1290203459000,1.62068,1.62068,1.62068,1.62068,5800000,1
1290203460000,1290203519000,1.62044,1.62044,1.62044,1.62044,4400000,1
1290203520000,1290203579000,1.62069,1.62069,1.62033,1.62038,15600000,1
1290203580000,1290203639000,1.62039,1.62039,1.61957,1.61957,17400000,1
1290203640000,1290203699000,1.61929,1.62002,1.61929,1.6198,34200000,1
1290203700000,1290203759000,1.61987,1.61987,1.61966,1.61966,16800000,1
1290203760000,1290203819000,1.61997,1.62008,1.61991,1.61991,7600000,1
1290203820000,1290203879000,1.61991,1.61997,1.61938,1.61938,34900000,1
1290203880000,1290203939000,1.61973,1.61993,1.6192,1.61993,22400000,1
1290203940000,1290203999000,1.61988,1.61988,1.61891,1.61937,71900000,1
1290204000000,1290204059000,1.61937,1.61937,1.61937,1.61937,0,1
1290204060000,1290204119000,1.61937,1.61937,1.61937,1.61937,0,1
1290204120000,1290204179000,1.61937,1.61937,1.61937,1.61937,0,1
1290204180000,1290204239000,1.61937,1.61937,1.61937,1.61937,0,1
1290204240000,1290204299000,1.61937,1.61937,1.61937,1.61937,0,1
1290204300000,1290204359000,1.61937,1.61937,1.61937,1.61937,0,1
1290204360000,1290204419000,1.61937,1.61937,1.61937,1.61937,0,1
1290204420000,1290204479000,1.61937,1.61937,1.61937,1.61937,0,1
1290204480000,1290204539000,1.61937,1.61937,1.61937,1.61937,0,1
1290204540000,1290204599000,1.61937,1.61937,1.61937,1.61937,0,1
1290204600000,1290204659000,1.61937,1.61937,1.61937,1.61937,0,1
1290204660000,1290204719000,1.61937,1.61937,1.61937,1.61937,0,1
1290204720000,1290204779000,1.61937,1.61937,1.61937,1.61937,0,1
1290204780000,1290204839000,1.61937,1.61937,1.61937,1.61937,0,1
1290204840000,1290204899000,1.61937,1.61937,1.61937,1.61937,0,1
1290204900000,1290204959000,1.61937,1.61937,1.61937,1.61937,0,1
1290204960000,1290205019000,1.61937,1.61937,1.61937,1.61937,0,1
1290205020000,1290205079000,1.61937,1.61937,1.61937,1.61937,0,1
1290205080000,1290205139000,1.61937,1.61937,1.61937,1.61937,0,1
1290205140000,1290205199000,1.61937,1.61937,1.61937,1.61937,0,1
1290205200000,1290205259000,1.61937,1.61937,1.61937,1.61937,0,1
1290205260000,1290205319000,1.61937,1.61937,1.61937,1.61937,0,1
1290205320000,1290205379000,1.61937,1.61937,1.61937,1.61937,0,1
1290205380000,1290205439000,1.61937,1.61937,1.61937,1.61937,0,1
1290205440000,1290205499000,1.61937,1.61937,1.61937,1.61937,0,1
1290205500000,1290205559000,1.61937,1.61937,1.61937,1.61937,0,1
1290205560000,1290205619000,1.61937,1.61937,1.61937,1.61937,0,1
1290205620000,1290205679000,1.61937,1.61937,1.61937,1.61937,0,1
1290205680000,1290205739000,1.61937,1.61937,1.61937,1.61937,0,1
1290205740000,1290205799000,1.61937,1.61937,1.61937,1.61937,0,1
1290205800000,1290205859000,1.61937,1.61937,1.61937,1.61937,0,1
1290205860000,1290205919000,1.61937,1.61937,1.61937,1.61937,0,1
1290205920000,1290205979000,1.61937,1.61937,1.61937,1.61937,0,1
1290205980000,1290206039000,1.61937,1.61937,1.61937,1.61937,0,1
1290206040000,1290206099000,1.61937,1.61937,1.61937,1.61937,0,1
1290206100000,1290206159000,1.61937,1.61937,1.61937,1.61937,0,1
1290206160000,1290206219000,1.61937,1.61937,1.61937,1.61937,0,1
1290206220000,1290206279000,1.61937,1.61937,1.61937,1.61937,0,1
1290206280000,1290206339000,1.61937,1.61937,1.61937,1.61937,0,1
1290206340000,1290206399000,1.61937,1.61937,1.61937,1.61937,0,1
1290206400000,1290206459000,1.61937,1.61937,1.61937,1.61937,0,1
1290206460000,1290206519000,1.61937,1.61937,1.61937,1.61937,0,1
1290206520000,1290206579000,1.61937,1.61937,1.61937,1.61937,0,1
1290206580000,1290206639000,1.61937,1.61937,1.61937,1.61937,0,1
1290206640000,1290206699000,1.61937,1.61937,1.61937,1.61937,0,1
1290206700000,1290206759000,1.61937,1.61937,1.61937,1.61937,0,1
1290206760000,1290206819000,1.61937,1.61937,1.61937,1.61937,0,1
1290206820000,1290206879000,1.61937,1.61937,1.61937,1.61937,0,1
1290206880000,1290206939000,1.61937,1.61937,1.61937,1.61937,0,1
1290206940000,1290206999000,1.61937,1.61937,1.61937,1.61937,0,1
1290207000000,1290207059000,1.61937,1.61937,1.61937,1.61937,0,1
1290207060000,1290207119000,1.61937,1.61937,1.61937,1.61937,0,1
1290207120000,1290207179000,1.61937,1.61937,1.61937,1.61937,0,1
1290207180000,1290207239000,1.61937,1.61937,1.61937,1.61937,0,1
1290207240000,1290207299000,1.61937,1.61937,1.61937,1.61937,0,1
1290207300000,1290207359000,1.61937,1.61937,1.61937,1.61937,0,1
1290207360000,1290207419000,1.61937,1.61937,1.61937,1.61937,0,1
1290207420000,1290207479000,1.61937,1.61937,1.61937,1.61937,0,1
1290207480000,1290207539000,1.61937,1.61937,1.61937,1.61937,0,1
1290207540000,1290207599000,1.61937,1.61937,1.61937,1.61937,0,1
1290207600000,1290207659000,1.61937,1.61937,1.61937,1.61937,0,1
1290207660000,1290207719000,1.61937,1.61937,1.61937,1.61937,0,1
1290207720000,1290207779000,1.61937,1.61937,1.61937,1.61937,0,1
1290207780000,1290207839000,1.61937,1.61937,1.61937,1.61937,0,1
1290207840000,1290207899000,1.61937,1.61937,1.61937,1.61937,0,1
1290207900000,1290207959000,1.61937,1.61937,1.61937,1.61937,0,1
1290207960000,1290208019000,1.61937,1.61937,1.61937,1.61937,0,1
1290208020000,1290208079000,1.61937,1.61937,1.61937,1.61937,0,1
1290208080000,1290208139000,1.61937,1.61937,1.61937,1.61937,0,1
1290208140000,1290208199000,1.61937,1.61937,1.61937,1.61937,0,1
1290208200000,1290208259000,1.61937,1.61937,1.61937,1.61937,0,1
1290208260000,1290208319000,1.61937,1.61937,1.61937,1.61937,0,1
1290208320000,1290208379000,1.61937,1.61937,1.61937,1.61937,0,1
1290208380000,1290208439000,1.61937,1.61937,1.61937,1.61937,0,1
1290208440000,1290208499000,1.61937,1.61937,1.61937,1.61937,0,1
1290208500000,1290208559000,1.61937,1.61937,1.61937,1.61937,0,1
1290208560000,1290208619000,1.61937,1.61937,1.61937,1.61937,0,1
1290208620000,1290208679000,1.61937,1.61937,1.61937,1.61937,0,1
1290208680000,1290208739000,1.61937,1.61937,1.61937,1.61937,0,1
1290208740000,1290208799000,1.61937,1.61937,1.61937,1.61937,0,1
1290208800000,1290208859000,1.61937,1.61937,1.61937,1.61937,0,1
1290208860000,1290208919000,1.61937,1.61937,1.61937,1.61937,0,1
1290208920000,1290208979000,1.61937,1.61937,1.61937,1.61937,0,1
1290208980000,1290209039000,1.61937,1.61937,1.61937,1.61937,0,1
1290209040000,1290209099000,1.61937,1.61937,1.61937,1.61937,0,1
1290209100000,1290209159000,1.61937,1.61937,1.61937,1.61937,0,1
1290209160000,1290209219000,1.61937,1.61937,1.61937,1.61937,0,1
1290209220000,1290209279000,1.61937,1.61937,1.61937,1.61937,0,1
1290209280000,1290209339000,1.61937,1.61937,1.61937,1.61937,0,1
1290209340000,1290209399000,1.61937,1.61937,1.61937,1.61937,0,1
1290209400000,1290209459000,1.61937,1.61937,1.61937,1.61937,0,1
1290209460000,1290209519000,1.61937,1.61937,1.61937,1.61937,0,1
1290209520000,1290209579000,1.61937,1.61937,1.61937,1.61937,0,1
1290209580000,1290209639000,1.61937,1.61937,1.61937,1.61937,0,1
1290209640000,1290209699000,1.61937,1.61937,1.61937,1.61937,0,1
1290209700000,1290209759000,1.61937,1.61937,1.61937,1.61937,0,1
1290209760000,1290209819000,1.61937,1.61937,1.61937,1.61937,0,1
1290209820000,1290209879000,1.61937,1.61937,1.61937,1.61937,0,1
1290209880000,1290209939000,1.61937,1.61937,1.61937,1.61937,0,1
1290209940000,1290209999000,1.61937,1.61937,1.61937,1.61937,0,1
1290210000000,1290210059000,1.61937,1.61937,1.61937,1.61937,0,1
1290210060000,1290210119000,1.61937,1.61937,1.61937,1.61937,0,1
1290210120000,1290210179000,1.61937,1.61937,1.61937,1.61937,0,1
1290210180000,1290210239000,1.61937,1.61937,1.61937,1.61937,0,1
1290210240000,1290210299000,1.61937,1.61937,1.61937,1.61937,0,1
1290210300000,1290210359000,1.61937,1.61937,1.61937,1.61937,0,1
1290210360000,1290210419000,1.61937,1.61937,1.61937,1.61937,0,1
1290210420000,1290210479000,1.61937,1.61937,1.61937,1.61937,0,1
1290210480000,1290210539000,1.61937,1.61937,1.61937,1.61937,0,1
1290210540000,1290210599000,1.61937,1.61937,1.61937,1.61937,0,1
1290210600000,1290210659000,1.61937,1.61937,1.61937,1.61937,0,1
1290210660000,1290210719000,1.61937,1.61937,1.61937,1.61937,0,1
1290210720000,1290210779000,1.61937,1.61937,1.61937,1.61937,0,1
1290210780000,1290210839000,1.61937,1.61937,1.61937,1.61937,0,1
1290210840000,1290210899000,1.61937,1.61937,1.61937,1.61937,0,1
1290210900000,1290210959000,1.61937,1.61937,1.61937,1.61937,0,1
1290210960000,1290211019000,1.61937,1.61937,1.61937,1.61937,0,1
1290211020000,1290211079000,1.61937,1.61937,1.61937,1.61937,0,1
1290211080000,1290211139000,1.61937,1.61937,1.61937,1.61937,0,1
1290211140000,1290211199000,1.61937,1.61937,1.61937,1.61937,0,1
1290376800000,1290376859000,1.61768,1.61798,1.61738,1.61772,12800000,1
1290376860000,1290376919000,1.61743,1.61743,1.61737,1.61737,3200000,1
1290376920000,1290376979000,1.61728,1.61728,1.61701,1.61713,36500000,1
1290376980000,1290377039000,1.61668,1.61688,1.61667,1.61688,9600000,1
1290377040000,1290377099000,1.61682,1.61682,1.61614,1.61642,67000000,1
1290377100000,1290377159000,1.61647,1.61663,1.61643,1.61662,16100000,1
1290377160000,1290377219000,1.61657,1.61663,1.61623,1.61628,13400000,1
1290377220000,1290377279000,1.61614,1.61641,1.61614,1.61641,11300000,1
1290377280000,1290377339000,1.61642,1.61702,1.61635,1.61702,41400000,1
1290377340000,1290377399000,1.61696,1.61722,1.61637,1.61648,35200000,1
1290377400000,1290377459000,1.61648,1.61653,1.61645,1.61652,18200000,1
1290377460000,1290377519000,1.61647,1.61663,1.61645,1.61663,26800000,1
1290377520000,1290377579000,1.61653,1.61668,1.61653,1.61653,18900000,1
1290377580000,1290377639000,1.6167,1.61672,1.61649,1.61668,38600000,1
1290377640000,1290377699000,1.61662,1.61696,1.61647,1.61677,48200000,1
1290377700000,1290377759000,1.6166,1.61688,1.616,1.616,76300000,1
1290377760000,1290377819000,1.61608,1.61723,1.61608,1.61723,69500000,1
1290377820000,1290377879000,1.61712,1.61713,1.61633,1.61673,65500000,1
1290377880000,1290377939000,1.61667,1.61683,1.61615,1.61653,52000000,1
1290377940000,1290377999000,1.61653,1.61685,1.61653,1.61665,34800000,1
1290378000000,1290378059000,1.61688,1.61708,1.61629,1.61653,20300000,1
1290378060000,1290378119000,1.61668,1.61687,1.61642,1.61672,68600000,1
1290378120000,1290378179000,1.61672,1.61682,1.61662,1.61682,35300000,1
1290378180000,1290378239000,1.61678,1.61678,1.61661,1.61661,26300000,1
1290378240000,1290378299000,1.61661,1.61683,1.61661,1.61683,36300000,1
1290378300000,1290378359000,1.61666,1.61772,1.61666,1.61717,92000000,1
1290378360000,1290378419000,1.61748,1.61767,1.61747,1.61748,56900000,1
1290378420000,1290378479000,1.61748,1.61798,1.61748,1.61798,45800000,1
1290378480000,1290378539000,1.61797,1.61838,1.6177,1.61823,54800000,1
1290378540000,1290378599000,1.61816,1.61852,1.61816,1.61832,54000000,1
1290378600000,1290378659000,1.61832,1.61838,1.61785,1.61817,41400000,1
1290378660000,1290378719000,1.61817,1.61817,1.61773,1.61802,53300000,1
1290378720000,1290378779000,1.61802,1.61802,1.61742,1.61783,53200000,1
1290378780000,1290378839000,1.61793,1.61794,1.61777,1.61794,17500000,1
1290378840000,1290378899000,1.61794,1.61804,1.61794,1.61804,5100000,1
1290378900000,1290378959000,1.61802,1.61802,1.61788,1.61793,10300000,1
1290378960000,1290379019000,1.61765,1.61794,1.61765,1.61787,8200000,1
1290379020000,1290379079000,1.61787,1.61793,1.61787,1.61793,3800000,1
1290379080000,1290379139000,1.61764,1.61764,1.61764,1.61764,4400000,1
1290379140000,1290379199000,1.61794,1.61794,1.61793,1.61793,4500000,1
1290379200000,1290379259000,1.61782,1.61791,1.61761,1.6179,23900000,1
1290379260000,1290379319000,1.61791,1.61791,1.6179,1.6179,5100000,1
1290379320000,1290379379000,1.61794,1.61826,1.61794,1.61812,17100000,1
1290379380000,1290379439000,1.61823,1.61873,1.6181,1.61873,41900000,1
1290379440000,1290379499000,1.61862,1.61862,1.6181,1.6184,23800000,1
1290379500000,1290379559000,1.61841,1.61878,1.61817,1.61825,56000000,1
1290379560000,1290379619000,1.61832,1.61841,1.61799,1.61809,144400000,1
1290379620000,1290379679000,1.61825,1.61852,1.61818,1.6184,26600000,1
1290379680000,1290379739000,1.6184,1.61842,1.61791,1.61797,21400000,1
1290379740000,1290379799000,1.61803,1.61817,1.61802,1.61817,4800000,1
1290379800000,1290379859000,1.61787,1.61826,1.61764,1.61812,52300000,1
1290379860000,1290379919000,1.61807,1.61822,1.61797,1.61802,9700000,1
1290379920000,1290379979000,1.61798,1.61818,1.61791,1.61791,37000000,1
1290379980000,1290380039000,1.61797,1.61797,1.61761,1.61777,45500000,1
1290380040000,1290380099000,1.61777,1.61777,1.61753,1.61763,10300000,1
1290380100000,1290380159000,1.61757,1.61757,1.61713,1.61733,15200000,1
1290380160000,1290380219000,1.61712,1.61732,1.61712,1.61723,8600000,1
1290380220000,1290380279000,1.61727,1.61807,1.61723,1.61743,44500000,1
1290380280000,1290380339000,1.61753,1.61812,1.61729,1.61754,62700000,1
1290380340000,1290380399000,1.61745,1.61808,1.61745,1.61766,45200000,1
1290380400000,1290380459000,1.61766,1.61793,1.6175,1.6175,37600000,1
1290380460000,1290380519000,1.6175,1.61773,1.61743,1.61757,56400000,1
1290380520000,1290380579000,1.61754,1.61768,1.61754,1.61754,36800000,1
1290380580000,1290380639000,1.61757,1.61787,1.61741,1.61742,32500000,1
1290380640000,1290380699000,1.61743,1.61747,1.61738,1.61747,12900000,1
1290380700000,1290380759000,1.61742,1.6179,1.61728,1.61733,69900000,1
1290380760000,1290380819000,1.61728,1.61767,1.61728,1.61763,37800000,1
1290380820000,1290380879000,1.61756,1.61773,1.61753,1.61757,40300000,1
1290380880000,1290380939000,1.61757,1.61763,1.61738,1.61738,30600000,1
1290380940000,1290380999000,1.61739,1.61751,1.61711,1.61732,54100000,1
1290381000000,1290381059000,1.61717,1.61747,1.61712,1.61744,42200000,1
1290381060000,1290381119000,1.61748,1.61753,1.61643,1.61654,178700000,1
1290381120000,1290381179000,1.61657,1.61684,1.61645,1.61658,141200000,1
1290381180000,1290381239000,1.61651,1.61664,1.61619,1.61629,64600000,1
1290381240000,1290381299000,1.61637,1.61643,1.61551,1.61561,117400000,1
1290381300000,1290381359000,1.61541,1.6159,1.61535,1.61555,111100000,1
1290381360000,1290381419000,1.61555,1.61573,1.61536,1.61554,72700000,1
1290381420000,1290381479000,1.61553,1.6163,1.61553,1.6163,54900000,1
1290381480000,1290381539000,1.6163,1.61659,1.61626,1.61652,74300000,1
1290381540000,1290381599000,1.61652,1.6167,1.61624,1.61632,66800000,1
1290381600000,1290381659000,1.6163,1.61663,1.6161,1.61635,149700000,1
1290381660000,1290381719000,1.61637,1.61639,1.61581,1.61581,93300000,1
1290381720000,1290381779000,1.61583,1.61602,1.61571,1.61571,60900000,1
1290381780000,1290381839000,1.61571,1.61591,1.61557,1.61588,45500000,1
1290381840000,1290381899000,1.61586,1.61644,1.61574,1.6164,90100000,1
1290381900000,1290381959000,1.6164,1.61668,1.61634,1.61655,36800000,1
1290381960000,1290382019000,1.61655,1.61676,1.61654,1.61672,37400000,1
1290382020000,1290382079000,1.61671,1.61687,1.61671,1.61687,17200000,1
1290382080000,1290382139000,1.61693,1.61708,1.61677,1.61686,71700000,1
1290382140000,1290382199000,1.61678,1.61692,1.61654,1.61656,91200000,1
1290382200000,1290382259000,1.61663,1.61675,1.61663,1.61668,40100000,1
1290382260000,1290382319000,1.61675,1.61675,1.61658,1.61674,73500000,1
1290382320000,1290382379000,1.61674,1.61678,1.61647,1.6167,56500000,1
1290382380000,1290382439000,1.61662,1.61677,1.61652,1.61659,40800000,1
1290382440000,1290382499000,1.61659,1.61674,1.61641,1.61641,59700000,1
1290382500000,1290382559000,1.61641,1.61641,1.616,1.61614,69300000,1
1290382560000,1290382619000,1.61614,1.61614,1.61603,1.61613,53700000,1
1290382620000,1290382679000,1.6161,1.61613,1.61607,1.61607,33900000,1
1290382680000,1290382739000,1.61608,1.6162,1.61593,1.6161,67300000,1
1290382740000,1290382799000,1.61611,1.61623,1.61564,1.61564,156300000,1
1290382800000,1290382859000,1.61556,1.61609,1.61556,1.616,109500000,1
1290382860000,1290382919000,1.61598,1.61629,1.61568,1.61568,90100000,1
1290382920000,1290382979000,1.6158,1.61599,1.6158,1.6159,59100000,1
1290382980000,1290383039000,1.6159,1.61606,1.61563,1.61593,153300000,1
1290383040000,1290383099000,1.61585,1.61605,1.6156,1.61578,113300000,1
1290383100000,1290383159000,1.61562,1.61647,1.61562,1.61612,105600000,1
1290383160000,1290383219000,1.61613,1.61646,1.61575,1.61577,78800000,1
1290383220000,1290383279000,1.6158,1.61583,1.61551,1.61559,116200000,1
1290383280000,1290383339000,1.61562,1.61615,1.6156,1.61615,93500000,1
1290383340000,1290383399000,1.61608,1.61636,1.61599,1.61613,128300000,1
1290383400000,1290383459000,1.61613,1.61618,1.61587,1.61617,124000000,1
1290383460000,1290383519000,1.61614,1.61631,1.61608,1.61626,72400000,1
1290383520000,1290383579000,1.6162,1.61626,1.61564,1.61572,82900000,1
1290383580000,1290383639000,1.61573,1.61593,1.61547,1.61547,90600000,1
1290383640000,1290383699000,1.61557,1.61616,1.61557,1.61581,201200000,1
1290383700000,1290383759000,1.61591,1.61623,1.61574,1.61583,157500000,1
1290383760000,1290383819000,1.61582,1.61593,1.61546,1.61568,164400000,1
1290383820000,1290383879000,1.61571,1.61588,1.61565,1.61565,88500000,1
1290383880000,1290383939000,1.61565,1.61592,1.6151,1.61538,157200000,1
1290383940000,1290383999000,1.61538,1.61578,1.61538,1.61556,112800000,1
1290384000000,1290384059000,1.61556,1.61597,1.61547,1.61576,143300000,1
1290384060000,1290384119000,1.61569,1.61585,1.61537,1.61541,81200000,1
1290384120000,1290384179000,1.61541,1.61548,1.61521,1.61535,93700000,1
1290384180000,1290384239000,1.61535,1.61559,1.61469,1.61477,128000000,1
1290384240000,1290384299000,1.61472,1.61472,1.61292,1.6137,208400000,1
1290384300000,1290384359000,1.61369,1.61437,1.61369,1.61429,100800000,1
1290384360000,1290384419000,1.61414,1.61426,1.61364,1.61425,134300000,1
1290384420000,1290384479000,1.61425,1.61476,1.61416,1.61447,137900000,1
1290384480000,1290384539000,1.61436,1.61464,1.61388,1.61452,181700000,1
1290384540000,1290384599000,1.61437,1.61446,1.6137,1.61382,138700000,1
1290384600000,1290384659000,1.61388,1.61464,1.61384,1.61464,85500000,1
1290384660000,1290384719000,1.61455,1.61464,1.61429,1.6146,130400000,1
1290384720000,1290384779000,1.6146,1.61477,1.61405,1.61449,164300000,1
1290384780000,1290384839000,1.61454,1.61466,1.61398,1.6142,197100000,1
1290384840000,1290384899000,1.6142,1.6142,1.61375,1.61399,127700000,1
1290384900000,1290384959000,1.61399,1.61449,1.6139,1.61443,131500000,1
1290384960000,1290385019000,1.61438,1.61449,1.61396,1.61416,98500000,1
1290385020000,1290385079000,1.61416,1.61418,1.61392,1.61413,130700000,1
1290385080000,1290385139000,1.61406,1.61451,1.61402,1.61446,107400000,1
1290385140000,1290385199000,1.61438,1.61462,1.6142,1.61445,104700000,1
1290385200000,1290385259000,1.61437,1.61451,1.61418,1.61443,82600000,1
1290385260000,1290385319000,1.6144,1.61466,1.6142,1.6145,56000000,1
1290385320000,1290385379000,1.6145,1.6147,1.61385,1.61387,132100000,1
1290385380000,1290385439000,1.61387,1.6148,1.61375,1.61477,136000000,1
1290385440000,1290385499000,1.61477,1.61477,1.61437,1.61437,101300000,1
1290385500000,1290385559000,1.61435,1.61459,1.61433,1.61459,70200000,1
1290385560000,1290385619000,1.61448,1.61479,1.61436,1.6146,77600000,1
1290385620000,1290385679000,1.6146,1.61481,1.61417,1.61478,80900000,1
1290385680000,1290385739000,1.61473,1.61473,1.61432,1.61466,110600000,1
1290385740000,1290385799000,1.6148,1.61481,1.61448,1.61466,58400000,1
1290385800000,1290385859000,1.61457,1.61473,1.61432,1.61441,118500000,1
1290385860000,1290385919000,1.6144,1.61458,1.61439,1.61453,58200000,1
1290385920000,1290385979000,1.61441,1.61496,1.61441,1.61488,76600000,1
1290385980000,1290386039000,1.61488,1.61555,1.61488,1.61505,118300000,1
1290386040000,1290386099000,1.61503,1.61528,1.61489,1.61503,82500000,1
1290386100000,1290386159000,1.615,1.61521,1.61459,1.61463,58600000,1
1290386160000,1290386219000,1.61461,1.61505,1.61457,1.61465,69300000,1
1290386220000,1290386279000,1.61461,1.61481,1.61442,1.61456,158600000,1
1290386280000,1290386339000,1.61457,1.6148,1.61439,1.6148,102400000,1
1290386340000,1290386399000,1.6148,1.6148,1.61422,1.61422,69600000,1
1290386400000,1290386459000,1.61422,1.61446,1.61421,1.61436,68900000,1
1290386460000,1290386519000,1.61439,1.61446,1.61422,1.61439,42200000,1
1290386520000,1290386579000,1.61439,1.61439,1.6143,1.6143,23600000,1
1290386580000,1290386639000,1.61432,1.61458,1.61431,1.61442,129900000,1
1290386640000,1290386699000,1.61442,1.61442,1.61432,1.61436,29600000,1
1290386700000,1290386759000,1.61432,1.61447,1.61419,1.61434,64600000,1
1290386760000,1290386819000,1.61431,1.61461,1.61403,1.61427,62600000,1
1290386820000,1290386879000,1.61427,1.61448,1.61404,1.61406,92200000,1
1290386880000,1290386939000,1.61394,1.61424,1.61393,1.61414,102400000,1
1290386940000,1290386999000,1.61414,1.61414,1.6139,1.6139,22300000,1
1290387000000,1290387059000,1.6139,1.61391,1.61384,1.61385,34800000,1
1290387060000,1290387119000,1.61384,1.61399,1.61359,1.61383,100800000,1
1290387120000,1290387179000,1.61385,1.61433,1.61382,1.61388,88700000,1
1290387180000,1290387239000,1.61394,1.61416,1.61384,1.61416,106100000,1
1290387240000,1290387299000,1.61415,1.61457,1.61412,1.61445,90500000,1
1290387300000,1290387359000,1.61424,1.61452,1.614,1.614,153500000,1
1290387360000,1290387419000,1.61405,1.61426,1.61372,1.61381,99600000,1
1290387420000,1290387479000,1.6137,1.61412,1.61362,1.61397,106400000,1
1290387480000,1290387539000,1.61396,1.61414,1.61384,1.61392,77900000,1
1290387540000,1290387599000,1.61401,1.61412,1.61381,1.61381,135600000,1
1290387600000,1290387659000,1.61385,1.61395,1.61323,1.61324,119800000,1
1290387660000,1290387719000,1.61322,1.61331,1.61292,1.61322,113700000,1
1290387720000,1290387779000,1.61322,1.61346,1.61312,1.61335,129600000,1
1290387780000,1290387839000,1.61335,1.61359,1.61332,1.61332,94100000,1
1290387840000,1290387899000,1.61332,1.61338,1.61305,1.61307,115700000,1
1290387900000,1290387959000,1.61307,1.61323,1.61047,1.6106,196400000,1
1290387960000,1290388019000,1.61048,1.61075,1.61036,1.61043,152600000,1
1290388020000,1290388079000,1.61039,1.61063,1.61013,1.61015,145600000,1
1290388080000,1290388139000,1.61015,1.61068,1.61,1.61068,170300000,1
1290388140000,1290388199000,1.61052,1.61078,1.61032,1.61071,233600000,1
1290388200000,1290388259000,1.61087,1.61095,1.61027,1.61039,136100000,1
1290388260000,1290388319000,1.61031,1.6108,1.61031,1.6108,104900000,1
1290388320000,1290388379000,1.61069,1.61089,1.61059,1.61089,155900000,1
1290388380000,1290388439000,1.61077,1.61099,1.61066,1.61086,144400000,1
1290388440000,1290388499000,1.61088,1.61102,1.61077,1.61102,118400000,1
1290388500000,1290388559000,1.61102,1.6111,1.61054,1.61057,136900000,1
1290388560000,1290388619000,1.61055,1.61073,1.61046,1.61066,114700000,1
1290388620000,1290388679000,1.61066,1.61072,1.61054,1.61068,73400000,1
1290388680000,1290388739000,1.61067,1.61068,1.61049,1.61049,66300000,1
1290388740000,1290388799000,1.61049,1.61058,1.61037,1.61044,104700000,1
1290388800000,1290388859000,1.61047,1.61055,1.60976,1.61014,149500000,1
1290388860000,1290388919000,1.61007,1.61007,1.60961,1.60978,83700000,1
1290388920000,1290388979000,1.60978,1.61027,1.60963,1.61,115600000,1
1290388980000,1290389039000,1.61001,1.61025,1.6096,1.60977,146300000,1
1290389040000,1290389099000,1.60969,1.60993,1.60962,1.60965,79700000,1
1290389100000,1290389159000,1.60967,1.6102,1.60965,1.6102,95700000,1
1290389160000,1290389219000,1.6102,1.61074,1.61007,1.6106,136700000,1
1290389220000,1290389279000,1.61064,1.61129,1.61064,1.61109,199000000,1
1290389280000,1290389339000,1.61109,1.61121,1.61095,1.61103,100200000,1
1290389340000,1290389399000,1.61103,1.61118,1.61088,1.61105,58900000,1
1290389400000,1290389459000,1.611,1.61168,1.61088,1.61137,207900000,1
1290389460000,1290389519000,1.61143,1.61148,1.61106,1.61145,172500000,1
1290389520000,1290389579000,1.61136,1.61137,1.61092,1.61092,137600000,1
1290389580000,1290389639000,1.61096,1.61108,1.61079,1.61103,118800000,1
1290389640000,1290389699000,1.61094,1.61098,1.61044,1.61058,125200000,1
1290389700000,1290389759000,1.61047,1.61076,1.61034,1.61071,131600000,1
1290389760000,1290389819000,1.61052,1.61059,1.61017,1.61057,80200000,1
1290389820000,1290389879000,1.61063,1.61083,1.61038,1.61083,69200000,1
1290389880000,1290389939000,1.61082,1.61093,1.61045,1.61059,140800000,1
1290389940000,1290389999000,1.61065,1.61077,1.61048,1.61074,61500000,1
1290390000000,1290390059000,1.61079,1.61087,1.61062,1.61063,33500000,1
1290390060000,1290390119000,1.61062,1.61078,1.61042,1.61074,96600000,1
1290390120000,1290390179000,1.61074,1.6109,1.61063,1.61063,52000000,1
1290390180000,1290390239000,1.61066,1.61093,1.61065,1.61065,130400000,1
1290390240000,1290390299000,1.61057,1.61075,1.61027,1.61057,163600000,1
1290390300000,1290390359000,1.61052,1.61083,1.61028,1.61032,220300000,1
1290390360000,1290390419000,1.61039,1.61054,1.61011,1.61023,149000000,1
1290390420000,1290390479000,1.61022,1.61054,1.61004,1.61005,145600000,1
1290390480000,1290390539000,1.61005,1.61052,1.61005,1.61048,91400000,1
1290390540000,1290390599000,1.61048,1.61076,1.61033,1.61068,109800000,1
1290390600000,1290390659000,1.61066,1.61077,1.61051,1.61064,96600000,1
1290390660000,1290390719000,1.61054,1.61069,1.61031,1.61052,131500000,1
1290390720000,1290390779000,1.61046,1.61065,1.61035,1.61036,104800000,1
1290390780000,1290390839000,1.61043,1.61052,1.61012,1.61021,76600000,1
1290390840000,1290390899000,1.61021,1.61034,1.61021,1.61034,34400000,1
1290390900000,1290390959000,1.61034,1.61035,1.61017,1.61023,78100000,1
1290390960000,1290391019000,1.61017,1.61022,1.60998,1.61014,86300000,1
1290391020000,1290391079000,1.61022,1.61038,1.61013,1.61015,76600000,1
1290391080000,1290391139000,1.61014,1.61038,1.6099,1.61011,100700000,1
1290391140000,1290391199000,1.61011,1.61048,1.61002,1.61048,98000000,1
1290391200000,1290391259000,1.61053,1.61053,1.61015,1.61037,76200000,1
1290391260000,1290391319000,1.61037,1.61045,1.61024,1.61043,60600000,1
1290391320000,1290391379000,1.61042,1.61042,1.61013,1.61027,47700000,1
1290391380000,1290391439000,1.61035,1.61042,1.61035,1.61037,24600000,1
1290391440000,1290391499000,1.61035,1.61058,1.61029,1.6105,43900000,1
1290391500000,1290391559000,1.6105,1.61058,1.61026,1.61032,36300000,1
1290391560000,1290391619000,1.61035,1.61035,1.60985,1.61022,110000000,1
1290391620000,1290391679000,1.61017,1.61018,1.61003,1.61013,43100000,1
1290391680000,1290391739000,1.61012,1.61024,1.61005,1.61021,40900000,1
1290391740000,1290391799000,1.61017,1.61055,1.61005,1.61021,125300000,1
1290391800000,1290391859000,1.61021,1.61037,1.61021,1.61034,30100000,1
1290391860000,1290391919000,1.61034,1.61046,1.61029,1.61045,31100000,1
1290391920000,1290391979000,1.61045,1.61069,1.61045,1.61057,53100000,1
1290391980000,1290392039000,1.61066,1.61066,1.61022,1.61026,59900000,1
1290392040000,1290392099000,1.61018,1.6111,1.61018,1.61091,85800000,1
1290392100000,1290392159000,1.6109,1.61107,1.61073,1.61102,79800000,1
1290392160000,1290392219000,1.61108,1.61108,1.61093,1.61104,23700000,1
1290392220000,1290392279000,1.611,1.61104,1.61094,1.61095,37200000,1
1290392280000,1290392339000,1.61093,1.61125,1.61093,1.61109,65300000,1
1290392340000,1290392399000,1.61108,1.6112,1.61101,1.61109,46700000,1
1290392400000,1290392459000,1.61108,1.61133,1.61108,1.61125,46000000,1
1290392460000,1290392519000,1.61125,1.61149,1.61124,1.61149,42800000,1
1290392520000,1290392579000,1.61149,1.61149,1.61087,1.61111,87100000,1
1290392580000,1290392639000,1.61111,1.6112,1.61079,1.61086,78700000,1
1290392640000,1290392699000,1.61086,1.61094,1.61067,1.61084,63800000,1
1290392700000,1290392759000,1.61092,1.61113,1.61055,1.61055,62300000,1
1290392760000,1290392819000,1.61058,1.61073,1.61045,1.61057,63800000,1
1290392820000,1290392879000,1.61061,1.61093,1.61061,1.61069,35400000,1
1290392880000,1290392939000,1.61067,1.61077,1.61053,1.61055,50600000,1
1290392940000,1290392999000,1.61061,1.61079,1.61037,1.61051,57300000,1
1290393000000,1290393059000,1.61051,1.61082,1.61046,1.6105,161300000,1
1290393060000,1290393119000,1.6105,1.61086,1.61043,1.61085,108300000,1
1290393120000,1290393179000,1.61086,1.61086,1.61056,1.61076,88300000,1
1290393180000,1290393239000,1.61056,1.61082,1.61047,1.61062,52100000,1
1290393240000,1290393299000,1.6107,1.61082,1.61065,1.61065,32500000,1
1290393300000,1290393359000,1.61057,1.61065,1.61039,1.61058,107500000,1
1290393360000,1290393419000,1.61052,1.61066,1.61048,1.61066,57100000,1
1290393420000,1290393479000,1.61066,1.61079,1.61054,1.61079,82900000,1
1290393480000,1290393539000,1.61086,1.61095,1.61045,1.61052,89700000,1
1290393540000,1290393599000,1.61054,1.61073,1.61051,1.61061,61100000,1
1290393600000,1290393659000,1.61064,1.61076,1.61056,1.61071,61200000,1
1290393660000,1290393719000,1.6107,1.61078,1.61058,1.61059,40300000,1
1290393720000,1290393779000,1.61063,1.61063,1.61022,1.61025,51300000,1
1290393780000,1290393839000,1.61024,1.61043,1.61022,1.61035,51100000,1
1290393840000,1290393899000,1.61037,1.61051,1.61031,1.61039,49800000,1
1290393900000,1290393959000,1.61037,1.61058,1.61037,1.61048,112200000,1
1290393960000,1290394019000,1.61048,1.61067,1.61033,1.61041,85400000,1
1290394020000,1290394079000,1.61049,1.6105,1.61025,1.61041,81000000,1
1290394080000,1290394139000,1.61041,1.61053,1.61013,1.61021,112700000,1
1290394140000,1290394199000,1.61028,1.61041,1.60989,1.61027,120500000,1
1290394200000,1290394259000,1.6103,1.61063,1.61019,1.6104,116300000,1
1290394260000,1290394319000,1.6104,1.61083,1.61039,1.61063,151900000,1
1290394320000,1290394379000,1.61067,1.61078,1.61059,1.61059,60300000,1
1290394380000,1290394439000,1.61059,1.61059,1.61044,1.61044,55100000,1
1290394440000,1290394499000,1.61043,1.61045,1.61032,1.61042,44300000,1
1290394500000,1290394559000,1.61047,1.61077,1.61034,1.61048,101000000,1
1290394560000,1290394619000,1.6105,1.61076,1.61046,1.61047,65000000,1
1290394620000,1290394679000,1.61047,1.61053,1.61011,1.61035,111400000,1
1290394680000,1290394739000,1.61035,1.61074,1.6102,1.61068,89500000,1
1290394740000,1290394799000,1.61074,1.61083,1.61042,1.61083,75300000,1
1290394800000,1290394859000,1.61082,1.6113,1.61071,1.61119,175700000,1
1290394860000,1290394919000,1.61119,1.61171,1.61106,1.61119,115600000,1
1290394920000,1290394979000,1.61117,1.61136,1.61069,1.61069,110900000,1
1290394980000,1290395039000,1.61069,1.611,1.61038,1.61057,137700000,1
1290395040000,1290395099000,1.61057,1.61076,1.61033,1.61061,71700000,1
1290395100000,1290395159000,1.61061,1.61069,1.61036,1.61047,65400000,1
1290395160000,1290395219000,1.61052,1.61127,1.61019,1.61127,135600000,1
1290395220000,1290395279000,1.61108,1.61114,1.61093,1.61097,80100000,1
1290395280000,1290395339000,1.61097,1.61141,1.61091,1.61133,62200000,1
1290395340000,1290395399000,1.61129,1.6126,1.6111,1.61249,120200000,1
1290395400000,1290395459000,1.61249,1.61302,1.61222,1.61299,132100000,1
1290395460000,1290395519000,1.61299,1.61336,1.61268,1.61315,145800000,1
1290395520000,1290395579000,1.6132,1.61331,1.61273,1.61297,93500000,1
1290395580000,1290395639000,1.61287,1.61333,1.61271,1.61328,94100000,1
1290395640000,1290395699000,1.61327,1.61374,1.61326,1.61361,85100000,1
1290395700000,1290395759000,1.61361,1.61372,1.61302,1.6132,117100000,1
1290395760000,1290395819000,1.61311,1.61318,1.61295,1.61306,62400000,1
1290395820000,1290395879000,1.61313,1.61338,1.61312,1.61328,84600000,1
1290395880000,1290395939000,1.61328,1.61342,1.61304,1.61322,80900000,1
1290395940000,1290395999000,1.61325,1.61332,1.61272,1.61327,114900000,1
1290396000000,1290396059000,1.61321,1.61352,1.61294,1.61294,128900000,1
1290396060000,1290396119000,1.61296,1.61354,1.61292,1.61351,92400000,1
1290396120000,1290396179000,1.61354,1.61429,1.61346,1.61399,134200000,1
1290396180000,1290396239000,1.61395,1.61418,1.61373,1.61389,89900000,1
1290396240000,1290396299000,1.61387,1.61407,1.61332,1.61353,86200000,1
1290396300000,1290396359000,1.61358,1.61366,1.613,1.61316,107300000,1
1290396360000,1290396419000,1.61327,1.6136,1.61301,1.6136,80500000,1
1290396420000,1290396479000,1.6135,1.6135,1.61314,1.61314,162500000,1
1290396480000,1290396539000,1.61314,1.61314,1.61147,1.6119,144900000,1
1290396540000,1290396599000,1.612,1.6121,1.61168,1.61206,99800000,1
1290396600000,1290396659000,1.61197,1.61215,1.61176,1.61184,99300000,1
1290396660000,1290396719000,1.61177,1.61181,1.61159,1.6118,99100000,1
1290396720000,1290396779000,1.6118,1.6119,1.61125,1.61156,162100000,1
1290396780000,1290396839000,1.61147,1.61171,1.61135,1.61171,86500000,1
1290396840000,1290396899000,1.61171,1.61178,1.61138,1.61144,78400000,1
1290396900000,1290396959000,1.61144,1.61181,1.61144,1.61166,85300000,1
1290396960000,1290397019000,1.61166,1.61188,1.61163,1.61171,63500000,1
1290397020000,1290397079000,1.61167,1.61221,1.61162,1.61201,81400000,1
1290397080000,1290397139000,1.61194,1.61225,1.61183,1.61221,57600000,1
1290397140000,1290397199000,1.61216,1.61216,1.61178,1.61189,74500000,1
1290397200000,1290397259000,1.61189,1.61199,1.61161,1.61177,80700000,1
1290397260000,1290397319000,1.61185,1.61195,1.61118,1.61134,105500000,1
1290397320000,1290397379000,1.61147,1.6116,1.61135,1.61144,79700000,1
1290397380000,1290397439000,1.61147,1.61226,1.61147,1.61212,80900000,1
1290397440000,1290397499000,1.61197,1.61244,1.61193,1.61223,67300000,1
1290397500000,1290397559000,1.61223,1.61238,1.61196,1.61217,105900000,1
1290397560000,1290397619000,1.61229,1.61268,1.6122,1.6126,87300000,1
1290397620000,1290397679000,1.6126,1.6127,1.61238,1.61257,143100000,1
1290397680000,1290397739000,1.61258,1.61261,1.61237,1.61259,106200000,1
1290397740000,1290397799000,1.61257,1.61262,1.61231,1.61252,63500000,1
1290397800000,1290397859000,1.61255,1.61255,1.61209,1.61229,93800000,1
1290397860000,1290397919000,1.6122,1.6123,1.61191,1.61191,100000000,1
1290397920000,1290397979000,1.61191,1.61191,1.61176,1.61189,73300000,1
1290397980000,1290398039000,1.61202,1.61205,1.61183,1.6119,68300000,1
1290398040000,1290398099000,1.61187,1.61191,1.61156,1.61169,78900000,1
1290398100000,1290398159000,1.61179,1.61194,1.61165,1.61165,95300000,1
1290398160000,1290398219000,1.6117,1.61184,1.61159,1.61168,110100000,1
1290398220000,1290398279000,1.61168,1.61177,1.61163,1.61171,66200000,1
1290398280000,1290398339000,1.6117,1.61207,1.6117,1.61197,78600000,1
1290398340000,1290398399000,1.61197,1.61213,1.61177,1.61185,67900000,1
1290398400000,1290398459000,1.61178,1.61188,1.61129,1.61129,114300000,1
1290398460000,1290398519000,1.61127,1.61147,1.61123,1.61147,72800000,1
1290398520000,1290398579000,1.61148,1.61167,1.61123,1.61133,74900000,1
1290398580000,1290398639000,1.61128,1.61135,1.61106,1.61117,79400000,1
1290398640000,1290398699000,1.61108,1.61111,1.6106,1.6108,65100000,1
1290398700000,1290398759000,1.611,1.61117,1.61058,1.6107,102100000,1
1290398760000,1290398819000,1.61058,1.61081,1.61027,1.61074,140500000,1
1290398820000,1290398879000,1.61074,1.61074,1.6107,1.6107,7500000,1
1290398880000,1290398939000,1.6107,1.61071,1.61046,1.61059,43200000,1
1290398940000,1290398999000,1.61061,1.6108,1.61046,1.61066,69200000,1
1290399000000,1290399059000,1.61061,1.61077,1.61052,1.61069,81100000,1
1290399060000,1290399119000,1.61069,1.61089,1.6106,1.61086,62200000,1
1290399120000,1290399179000,1.61086,1.61113,1.61086,1.61105,54800000,1
1290399180000,1290399239000,1.61105,1.61112,1.61087,1.61098,38600000,1
1290399240000,1290399299000,1.61098,1.61099,1.61082,1.61082,32700000,1
1290399300000,1290399359000,1.61075,1.6108,1.61062,1.61074,78900000,1
1290399360000,1290399419000,1.61078,1.61097,1.61054,1.61073,78700000,1
1290399420000,1290399479000,1.6108,1.61105,1.61077,1.61096,66900000,1
1290399480000,1290399539000,1.61096,1.61116,1.61096,1.61107,57300000,1
1290399540000,1290399599000,1.61119,1.61125,1.61108,1.61124,79200000,1
1290399600000,1290399659000,1.61124,1.61142,1.61113,1.61129,53200000,1
1290399660000,1290399719000,1.61135,1.61192,1.61135,1.61191,97400000,1
1290399720000,1290399779000,1.61187,1.61229,1.61185,1.61229,89600000,1
1290399780000,1290399839000,1.6122,1.61254,1.61213,1.61229,72000000,1
1290399840000,1290399899000,1.61229,1.61256,1.61223,1.61243,51700000,1
1290399900000,1290399959000,1.61248,1.61296,1.6122,1.61296,43700000,1
1290399960000,1290400019000,1.61294,1.61353,1.61282,1.61312,124800000,1
1290400020000,1290400079000,1.61312,1.61341,1.61293,1.61302,108600000,1
1290400080000,1290400139000,1.61296,1.61314,1.61273,1.61291,133500000,1
1290400140000,1290400199000,1.61291,1.61292,1.61264,1.61264,85200000,1
1290400200000,1290400259000,1.61264,1.61274,1.61257,1.61266,116500000,1
1290400260000,1290400319000,1.61266,1.61279,1.61263,1.61271,22200000,1
1290400320000,1290400379000,1.61271,1.61311,1.61271,1.61293,64400000,1
1290400380000,1290400439000,1.61293,1.61324,1.6128,1.61324,79900000,1
1290400440000,1290400499000,1.61316,1.61366,1.61316,1.61366,73000000,1
1290400500000,1290400559000,1.61362,1.61362,1.61323,1.61344,46600000,1
1290400560000,1290400619000,1.61344,1.61346,1.61335,1.61335,42700000,1
1290400620000,1290400679000,1.61335,1.61366,1.61322,1.61345,86200000,1
1290400680000,1290400739000,1.61349,1.61452,1.61346,1.61433,143500000,1
1290400740000,1290400799000,1.61426,1.61508,1.61403,1.61441,79500000,1
1290400800000,1290400859000,1.61452,1.61458,1.61408,1.61413,93100000,1
1290400860000,1290400919000,1.61413,1.61417,1.61392,1.61393,41000000,1
1290400920000,1290400979000,1.61392,1.61401,1.61372,1.61378,36700000,1
1290400980000,1290401039000,1.61371,1.61394,1.61362,1.61394,40400000,1
1290401040000,1290401099000,1.61387,1.61387,1.61352,1.61368,61300000,1
1290401100000,1290401159000,1.61349,1.6136,1.61349,1.61352,40100000,1
1290401160000,1290401219000,1.61347,1.61352,1.61316,1.61325,48500000,1
1290401220000,1290401279000,1.61325,1.61327,1.61298,1.61319,32600000,1
1290401280000,1290401339000,1.61312,1.6133,1.61305,1.61319,60100000,1
1290401340000,1290401399000,1.6132,1.61324,1.61303,1.61312,25500000,1
1290401400000,1290401459000,1.61312,1.61315,1.61308,1.61309,48400000,1
1290401460000,1290401519000,1.613,1.61311,1.61293,1.61293,23600000,1
1290401520000,1290401579000,1.61294,1.61299,1.61289,1.6129,28000000,1
1290401580000,1290401639000,1.61299,1.61299,1.61281,1.61286,45600000,1
1290401640000,1290401699000,1.61286,1.61312,1.61257,1.61257,58200000,1
1290401700000,1290401759000,1.61264,1.61287,1.61263,1.61272,47900000,1
1290401760000,1290401819000,1.61264,1.61275,1.61264,1.61267,30300000,1
1290401820000,1290401879000,1.61264,1.61274,1.61249,1.61264,61600000,1
1290401880000,1290401939000,1.61272,1.61288,1.61264,1.61288,50500000,1
1290401940000,1290401999000,1.61288,1.613,1.61288,1.61296,21600000,1
1290402000000,1290402059000,1.61292,1.61304,1.61273,1.61282,39900000,1
1290402060000,1290402119000,1.61287,1.61313,1.61283,1.61307,84400000,1
1290402120000,1290402179000,1.613,1.61316,1.61286,1.61312,94400000,1
1290402180000,1290402239000,1.61308,1.6135,1.61296,1.6135,102700000,1
1290402240000,1290402299000,1.61345,1.61398,1.61332,1.61393,112400000,1
1290402300000,1290402359000,1.61393,1.61393,1.61369,1.61369,31400000,1
1290402360000,1290402419000,1.61373,1.61383,1.61372,1.61372,38700000,1
1290402420000,1290402479000,1.61369,1.61381,1.61336,1.6134,93800000,1
1290402480000,1290402539000,1.61344,1.6136,1.61321,1.61353,135600000,1
1290402540000,1290402599000,1.61367,1.61367,1.61287,1.613,137500000,1
1290402600000,1290402659000,1.61303,1.61304,1.61286,1.61288,80100000,1
1290402660000,1290402719000,1.61286,1.61286,1.61243,1.61253,29500000,1
1290402720000,1290402779000,1.61253,1.61262,1.61233,1.61233,31900000,1
1290402780000,1290402839000,1.61231,1.61232,1.61183,1.61207,58700000,1
1290402840000,1290402899000,1.6121,1.61236,1.61194,1.61221,125800000,1
1290402900000,1290402959000,1.61221,1.61296,1.61199,1.61279,134300000,1
1290402960000,1290403019000,1.61273,1.61294,1.61263,1.61276,96800000,1
1290403020000,1290403079000,1.61276,1.61297,1.61259,1.61269,65000000,1
1290403080000,1290403139000,1.61261,1.61271,1.61251,1.61266,73700000,1
1290403140000,1290403199000,1.61276,1.61285,1.61276,1.61284,37100000,1
1290403200000,1290403259000,1.61283,1.613,1.61273,1.61293,30100000,1
1290403260000,1290403319000,1.61292,1.613,1.61245,1.61253,69800000,1
1290403320000,1290403379000,1.61245,1.6125,1.61217,1.61227,101500000,1
1290403380000,1290403439000,1.61223,1.61246,1.61223,1.61233,50100000,1
1290403440000,1290403499000,1.61237,1.61246,1.61195,1.61206,87400000,1
1290403500000,1290403559000,1.61206,1.61206,1.6119,1.61191,54200000,1
1290403560000,1290403619000,1.61191,1.61195,1.61174,1.61195,52600000,1
1290403620000,1290403679000,1.61198,1.61199,1.61198,1.61199,30300000,1
1290403680000,1290403739000,1.61204,1.61216,1.61203,1.61205,40600000,1
1290403740000,1290403799000,1.61208,1.61246,1.61208,1.61234,88400000,1
1290403800000,1290403859000,1.61234,1.61247,1.61218,1.61247,50400000,1
1290403860000,1290403919000,1.61249,1.61253,1.61229,1.61229,66200000,1
1290403920000,1290403979000,1.61229,1.61252,1.61223,1.61236,28600000,1
1290403980000,1290404039000,1.61233,1.61269,1.61233,1.61262,36300000,1
1290404040000,1290404099000,1.61262,1.61268,1.61251,1.61257,58600000,1
1290404100000,1290404159000,1.61258,1.6129,1.6124,1.61272,82500000,1
1290404160000,1290404219000,1.61264,1.61271,1.61246,1.61263,55600000,1
1290404220000,1290404279000,1.61258,1.61276,1.61242,1.61271,91400000,1
1290404280000,1290404339000,1.61277,1.61294,1.61263,1.6129,87300000,1
1290404340000,1290404399000,1.6129,1.61326,1.61273,1.61326,81200000,1
1290404400000,1290404459000,1.61326,1.61326,1.61281,1.61281,62400000,1
1290404460000,1290404519000,1.61291,1.61307,1.61269,1.61299,63100000,1
1290404520000,1290404579000,1.61299,1.61312,1.61277,1.613,54500000,1
1290404580000,1290404639000,1.61291,1.61305,1.61262,1.61262,74900000,1
1290404640000,1290404699000,1.61262,1.61272,1.61237,1.61244,70100000,1
1290404700000,1290404759000,1.61244,1.6128,1.61237,1.61277,39900000,1
1290404760000,1290404819000,1.61268,1.6128,1.61239,1.61246,53800000,1
1290404820000,1290404879000,1.61246,1.61269,1.61246,1.61269,36700000,1
1290404880000,1290404939000,1.61269,1.61279,1.61269,1.61279,27000000,1
1290404940000,1290404999000,1.61279,1.61279,1.61235,1.61246,48500000,1
1290405000000,1290405059000,1.61248,1.61263,1.61228,1.61246,93300000,1
1290405060000,1290405119000,1.61246,1.61283,1.61237,1.61278,56200000,1
1290405120000,1290405179000,1.61278,1.61282,1.61246,1.61261,85800000,1
1290405180000,1290405239000,1.61261,1.61267,1.61257,1.61267,33100000,1
1290405240000,1290405299000,1.61267,1.61267,1.61267,1.61267,20100000,1
1290405300000,1290405359000,1.61266,1.61267,1.61249,1.61258,46100000,1
1290405360000,1290405419000,1.61252,1.61283,1.61244,1.61283,36500000,1
1290405420000,1290405479000,1.61278,1.61289,1.61253,1.61289,73000000,1
1290405480000,1290405539000,1.61289,1.61347,1.61289,1.61347,66300000,1
1290405540000,1290405599000,1.61347,1.61378,1.61347,1.61369,62600000,1
1290405600000,1290405659000,1.61357,1.61364,1.61334,1.61342,128600000,1
1290405660000,1290405719000,1.61342,1.61352,1.61339,1.61339,47200000,1
1290405720000,1290405779000,1.61339,1.61341,1.61324,1.61341,69400000,1
1290405780000,1290405839000,1.61349,1.61414,1.61333,1.61362,93300000,1
1290405840000,1290405899000,1.6136,1.61374,1.61353,1.61374,74000000,1
1290405900000,1290405959000,1.61374,1.61381,1.6135,1.6136,76800000,1
1290405960000,1290406019000,1.6136,1.61401,1.6136,1.6137,92600000,1
1290406020000,1290406079000,1.61369,1.61377,1.61361,1.61371,55100000,1
1290406080000,1290406139000,1.61371,1.61371,1.61349,1.61355,50900000,1
1290406140000,1290406199000,1.61359,1.61366,1.61338,1.61343,87000000,1
1290406200000,1290406259000,1.61343,1.61344,1.61328,1.61334,64600000,1
1290406260000,1290406319000,1.61334,1.61366,1.61333,1.6135,45600000,1
1290406320000,1290406379000,1.61342,1.61365,1.61342,1.61365,57400000,1
1290406380000,1290406439000,1.61367,1.61373,1.61365,1.61373,12600000,1
1290406440000,1290406499000,1.61373,1.61373,1.61349,1.61363,70600000,1
1290406500000,1290406559000,1.61363,1.61369,1.61355,1.61364,67100000,1
1290406560000,1290406619000,1.61364,1.61394,1.61354,1.61363,68300000,1
1290406620000,1290406679000,1.61361,1.61361,1.6132,1.6132,44700000,1
1290406680000,1290406739000,1.61319,1.61346,1.61288,1.61342,68400000,1
1290406740000,1290406799000,1.61333,1.61383,1.61317,1.61383,134600000,1
1290406800000,1290406859000,1.61397,1.61467,1.61386,1.61455,124600000,1
1290406860000,1290406919000,1.61441,1.61451,1.61423,1.61423,102000000,1
1290406920000,1290406979000,1.61422,1.61426,1.61387,1.61405,59000000,1
1290406980000,1290407039000,1.61403,1.61411,1.61382,1.61385,66300000,1
1290407040000,1290407099000,1.61385,1.61412,1.61385,1.61407,27900000,1
1290407100000,1290407159000,1.61407,1.61431,1.61365,1.61368,85900000,1
1290407160000,1290407219000,1.61371,1.61444,1.6137,1.61436,89200000,1
1290407220000,1290407279000,1.61436,1.61457,1.61416,1.61451,47400000,1
1290407280000,1290407339000,1.61444,1.61454,1.61427,1.61432,52900000,1
1290407340000,1290407399000,1.61433,1.61433,1.61395,1.61395,33400000,1
1290407400000,1290407459000,1.61405,1.61411,1.61378,1.61405,57400000,1
1290407460000,1290407519000,1.61395,1.61419,1.61395,1.61419,58000000,1
1290407520000,1290407579000,1.61419,1.61423,1.61364,1.61364,63900000,1
1290407580000,1290407639000,1.61363,1.61363,1.61344,1.61363,78400000,1
1290407640000,1290407699000,1.61363,1.61363,1.61301,1.61301,39500000,1
1290407700000,1290407759000,1.61298,1.61313,1.61278,1.61313,46400000,1
1290407760000,1290407819000,1.61313,1.6135,1.61313,1.61326,64000000,1
1290407820000,1290407879000,1.61326,1.61371,1.61318,1.61371,36800000,1
1290407880000,1290407939000,1.61362,1.61396,1.61362,1.6137,24600000,1
1290407940000,1290407999000,1.6137,1.61389,1.6137,1.61386,31500000,1
1290408000000,1290408059000,1.61386,1.61436,1.61378,1.61405,81900000,1
1290408060000,1290408119000,1.61403,1.61429,1.61395,1.61412,69100000,1
1290408120000,1290408179000,1.61412,1.61423,1.61396,1.61416,41700000,1
1290408180000,1290408239000,1.61416,1.61416,1.61363,1.61369,45500000,1
1290408240000,1290408299000,1.61372,1.61373,1.61361,1.61361,8000000,1
1290408300000,1290408359000,1.61368,1.61388,1.61354,1.61354,50000000,1
1290408360000,1290408419000,1.61352,1.61386,1.61331,1.61373,62700000,1
1290408420000,1290408479000,1.61377,1.61377,1.61331,1.61346,108400000,1
1290408480000,1290408539000,1.61348,1.61348,1.61298,1.61314,107100000,1
1290408540000,1290408599000,1.61306,1.61322,1.6129,1.61322,105700000,1
1290408600000,1290408659000,1.61313,1.6135,1.61312,1.61341,93700000,1
1290408660000,1290408719000,1.61332,1.61349,1.61332,1.61341,24200000,1
1290408720000,1290408779000,1.61338,1.61363,1.61327,1.61327,90500000,1
1290408780000,1290408839000,1.61327,1.61327,1.61311,1.61323,45100000,1
1290408840000,1290408899000,1.61327,1.6135,1.61326,1.61334,16400000,1
1290408900000,1290408959000,1.61334,1.61334,1.61308,1.61314,22600000,1
1290408960000,1290409019000,1.61319,1.6134,1.61311,1.61316,49500000,1
1290409020000,1290409079000,1.61316,1.6132,1.61304,1.61304,25400000,1
1290409080000,1290409139000,1.61304,1.61344,1.61303,1.61312,85600000,1
1290409140000,1290409199000,1.61315,1.61323,1.61272,1.61305,99900000,1
1290409200000,1290409259000,1.61308,1.61334,1.613,1.61327,80300000,1
1290409260000,1290409319000,1.61327,1.6134,1.61283,1.61295,86200000,1
1290409320000,1290409379000,1.6131,1.61326,1.61292,1.61323,60700000,1
1290409380000,1290409439000,1.61314,1.61339,1.6128,1.61288,104300000,1
1290409440000,1290409499000,1.61288,1.61309,1.61261,1.61293,150900000,1
1290409500000,1290409559000,1.61309,1.61329,1.61305,1.61322,114700000,1
1290409560000,1290409619000,1.61322,1.61355,1.6132,1.61323,83200000,1
1290409620000,1290409679000,1.61328,1.61372,1.61302,1.61351,121600000,1
1290409680000,1290409739000,1.61349,1.61413,1.61349,1.614,108000000,1
1290409740000,1290409799000,1.61399,1.61399,1.61364,1.61385,70500000,1
1290409800000,1290409859000,1.61385,1.61418,1.6137,1.61406,123200000,1
1290409860000,1290409919000,1.61406,1.61406,1.61374,1.61383,84700000,1
1290409920000,1290409979000,1.61393,1.61436,1.61373,1.61415,148000000,1
1290409980000,1290410039000,1.61416,1.61471,1.61369,1.61396,158200000,1
1290410040000,1290410099000,1.61396,1.61399,1.61364,1.61391,179500000,1
1290410100000,1290410159000,1.61391,1.6144,1.61363,1.6144,160200000,1
1290410160000,1290410219000,1.6144,1.6144,1.61392,1.61407,123400000,1
1290410220000,1290410279000,1.61401,1.61432,1.61401,1.61426,75400000,1
1290410280000,1290410339000,1.61426,1.61469,1.61415,1.6143,104100000,1
1290410340000,1290410399000,1.61441,1.61441,1.61404,1.61434,68700000,1
1290410400000,1290410459000,1.61444,1.61471,1.61409,1.61467,140100000,1
1290410460000,1290410519000,1.61474,1.61496,1.61453,1.61483,73400000,1
1290410520000,1290410579000,1.61484,1.61486,1.61451,1.61469,83700000,1
1290410580000,1290410639000,1.61469,1.61485,1.61436,1.61436,54000000,1
1290410640000,1290410699000,1.61428,1.61439,1.61389,1.61401,91300000,1
1290410700000,1290410759000,1.61401,1.61401,1.61341,1.61373,202000000,1
1290410760000,1290410819000,1.61373,1.61406,1.61359,1.61377,130900000,1
1290410820000,1290410879000,1.61375,1.61418,1.61375,1.61387,106400000,1
1290410880000,1290410939000,1.61396,1.61475,1.61384,1.6146,191600000,1
1290410940000,1290410999000,1.61467,1.61467,1.61406,1.6143,158600000,1
1290411000000,1290411059000,1.61428,1.61445,1.61373,1.61379,219700000,1
1290411060000,1290411119000,1.6138,1.6138,1.61317,1.61349,180700000,1
1290411120000,1290411179000,1.61349,1.6139,1.61306,1.61325,143300000,1
1290411180000,1290411239000,1.61323,1.61335,1.61275,1.61285,159900000,1
1290411240000,1290411299000,1.61285,1.61333,1.61257,1.61333,137500000,1
1290411300000,1290411359000,1.6135,1.61354,1.61267,1.61291,152700000,1
1290411360000,1290411419000,1.61301,1.61307,1.61279,1.61304,130800000,1
1290411420000,1290411479000,1.61309,1.61328,1.61268,1.61278,110300000,1
1290411480000,1290411539000,1.61279,1.61316,1.61254,1.61316,151900000,1
1290411540000,1290411599000,1.61324,1.61358,1.61293,1.6134,138700000,1
1290411600000,1290411659000,1.6134,1.61366,1.61334,1.61347,146800000,1
1290411660000,1290411719000,1.61342,1.6136,1.61326,1.61326,138000000,1
1290411720000,1290411779000,1.61326,1.61344,1.61314,1.61333,58400000,1
1290411780000,1290411839000,1.61333,1.6134,1.61285,1.61285,97500000,1
1290411840000,1290411899000,1.61293,1.61328,1.61286,1.61302,91600000,1
1290411900000,1290411959000,1.61302,1.61336,1.61302,1.61327,80400000,1
1290411960000,1290412019000,1.61331,1.61345,1.61275,1.61313,157400000,1
1290412020000,1290412079000,1.61318,1.61349,1.61304,1.61334,139700000,1
1290412080000,1290412139000,1.61328,1.61358,1.61318,1.61356,156900000,1
1290412140000,1290412199000,1.61348,1.61418,1.61337,1.61398,167600000,1
1290412200000,1290412259000,1.61399,1.61412,1.61379,1.61389,127700000,1
1290412260000,1290412319000,1.61389,1.6139,1.61322,1.61355,176600000,1
1290412320000,1290412379000,1.61355,1.61387,1.61333,1.61333,116300000,1
1290412380000,1290412439000,1.61325,1.61333,1.61236,1.61258,193500000,1
1290412440000,1290412499000,1.61248,1.61286,1.61228,1.61244,159400000,1
1290412500000,1290412559000,1.61245,1.61303,1.61237,1.61293,120900000,1
1290412560000,1290412619000,1.61293,1.61338,1.61293,1.61307,178100000,1
1290412620000,1290412679000,1.61307,1.61321,1.61254,1.61255,150000000,1
1290412680000,1290412739000,1.61255,1.61324,1.61241,1.61317,132500000,1
1290412740000,1290412799000,1.61319,1.61425,1.61312,1.61416,176300000,1
1290412800000,1290412859000,1.61416,1.61457,1.61362,1.61368,207100000,1
1290412860000,1290412919000,1.61367,1.61404,1.61367,1.61368,105700000,1
1290412920000,1290412979000,1.61373,1.61396,1.61347,1.61382,107100000,1
1290412980000,1290413039000,1.61388,1.61411,1.61347,1.61364,92500000,1
1290413040000,1290413099000,1.61366,1.61366,1.61282,1.61296,96000000,1
1290413100000,1290413159000,1.61295,1.61343,1.61295,1.61335,91500000,1
1290413160000,1290413219000,1.61334,1.61348,1.61317,1.61326,87000000,1
1290413220000,1290413279000,1.61327,1.61338,1.61289,1.61303,127600000,1
1290413280000,1290413339000,1.61313,1.61333,1.61292,1.61309,126700000,1
1290413340000,1290413399000,1.6131,1.61319,1.61293,1.61302,154700000,1
1290413400000,1290413459000,1.61309,1.61318,1.61258,1.61258,146600000,1
1290413460000,1290413519000,1.61259,1.61364,1.61259,1.61329,142700000,1
1290413520000,1290413579000,1.61329,1.6136,1.6129,1.61349,142700000,1
1290413580000,1290413639000,1.6134,1.61367,1.6134,1.61359,44100000,1
1290413640000,1290413699000,1.6136,1.61362,1.61306,1.6133,82700000,1
1290413700000,1290413759000,1.61327,1.61353,1.61323,1.61343,64000000,1
1290413760000,1290413819000,1.61336,1.61336,1.61272,1.61295,103600000,1
1290413820000,1290413879000,1.61299,1.61326,1.61283,1.61314,61500000,1
1290413880000,1290413939000,1.61301,1.61332,1.61299,1.61306,92200000,1
1290413940000,1290413999000,1.61317,1.61317,1.61269,1.61269,80700000,1
1290414000000,1290414059000,1.61253,1.61291,1.61252,1.61286,67000000,1
1290414060000,1290414119000,1.61288,1.613,1.61282,1.6129,85600000,1
1290414120000,1290414179000,1.61291,1.61309,1.61278,1.61291,95100000,1
1290414180000,1290414239000,1.61291,1.61364,1.61278,1.61364,123400000,1
1290414240000,1290414299000,1.61367,1.61376,1.61338,1.61349,96000000,1
1290414300000,1290414359000,1.61352,1.61373,1.61339,1.61347,131600000,1
1290414360000,1290414419000,1.61346,1.61357,1.61332,1.61337,99800000,1
1290414420000,1290414479000,1.61336,1.61373,1.61334,1.61372,86000000,1
1290414480000,1290414539000,1.61372,1.61391,1.61363,1.61383,78800000,1
1290414540000,1290414599000,1.61378,1.61407,1.61378,1.61407,76300000,1
1290414600000,1290414659000,1.61405,1.61446,1.61372,1.61427,118400000,1
1290414660000,1290414719000,1.61419,1.61477,1.61409,1.61439,151300000,1
1290414720000,1290414779000,1.61441,1.61489,1.61441,1.61471,95700000,1
1290414780000,1290414839000,1.61473,1.61498,1.61467,1.61467,117800000,1
1290414840000,1290414899000,1.61467,1.61476,1.61446,1.61462,60300000,1
1290414900000,1290414959000,1.61472,1.61473,1.61413,1.61425,96500000,1
1290414960000,1290415019000,1.61428,1.61428,1.61368,1.61368,123900000,1
1290415020000,1290415079000,1.61373,1.61377,1.61338,1.61343,149900000,1
1290415080000,1290415139000,1.6135,1.61359,1.61301,1.6133,115100000,1
1290415140000,1290415199000,1.61321,1.61393,1.61321,1.61393,82000000,1
1290415200000,1290415259000,1.61393,1.61415,1.61373,1.61407,74100000,1
1290415260000,1290415319000,1.61408,1.61469,1.61391,1.61454,114000000,1
1290415320000,1290415379000,1.61438,1.61442,1.61382,1.61382,104400000,1
1290415380000,1290415439000,1.61382,1.61407,1.61369,1.61383,80000000,1
1290415440000,1290415499000,1.61388,1.61418,1.61382,1.61418,78200000,1
1290415500000,1290415559000,1.61416,1.61425,1.61383,1.61418,57100000,1
1290415560000,1290415619000,1.61414,1.61421,1.61376,1.61421,93300000,1
1290415620000,1290415679000,1.61411,1.61446,1.61411,1.61439,98100000,1
1290415680000,1290415739000,1.61439,1.61471,1.61439,1.61463,79500000,1
1290415740000,1290415799000,1.61463,1.61494,1.61458,1.61486,109800000,1
1290415800000,1290415859000,1.61476,1.61579,1.61472,1.61548,121200000,1
1290415860000,1290415919000,1.61555,1.61565,1.61513,1.61515,137000000,1
1290415920000,1290415979000,1.61515,1.61533,1.61498,1.61533,92500000,1
1290415980000,1290416039000,1.61533,1.61533,1.61493,1.61504,95600000,1
1290416040000,1290416099000,1.61496,1.61503,1.61459,1.61466,84200000,1
1290416100000,1290416159000,1.61466,1.61469,1.61448,1.61461,70500000,1
1290416160000,1290416219000,1.61461,1.61486,1.61451,1.6147,118400000,1
1290416220000,1290416279000,1.61455,1.61481,1.61452,1.61466,101200000,1
1290416280000,1290416339000,1.61473,1.61473,1.61418,1.61418,83900000,1
1290416340000,1290416399000,1.61418,1.61423,1.61386,1.61416,104200000,1
1290416400000,1290416459000,1.61423,1.61431,1.61356,1.61362,125500000,1
1290416460000,1290416519000,1.61371,1.61382,1.61333,1.6134,114000000,1
1290416520000,1290416579000,1.61348,1.61358,1.6132,1.61335,102600000,1
1290416580000,1290416639000,1.61331,1.61344,1.61331,1.61341,54100000,1
1290416640000,1290416699000,1.61346,1.6137,1.6134,1.61361,72300000,1
1290416700000,1290416759000,1.6136,1.61383,1.61344,1.6138,128800000,1
1290416760000,1290416819000,1.61385,1.61394,1.61368,1.6138,83000000,1
1290416820000,1290416879000,1.61374,1.61392,1.61364,1.61377,75200000,1
1290416880000,1290416939000,1.61435,1.61466,1.61435,1.61465,21000000,1
1290416940000,1290416999000,1.61465,1.61484,1.61422,1.61438,93100000,1
1290417000000,1290417059000,1.61438,1.61438,1.61401,1.61423,102900000,1
1290417060000,1290417119000,1.61423,1.61432,1.61404,1.61415,91600000,1
1290417120000,1290417179000,1.61415,1.61436,1.61415,1.6143,64200000,1
1290417180000,1290417239000,1.6143,1.61465,1.61413,1.61457,104900000,1
1290417240000,1290417299000,1.61456,1.61466,1.61431,1.61458,91200000,1
1290417300000,1290417359000,1.61459,1.61483,1.61432,1.61432,86500000,1
1290417360000,1290417419000,1.6143,1.61477,1.61425,1.6146,56700000,1
1290417420000,1290417479000,1.61462,1.61489,1.6146,1.61489,47400000,1
1290417480000,1290417539000,1.61492,1.61522,1.6148,1.61522,47400000,1
1290417540000,1290417599000,1.61522,1.61542,1.61518,1.61522,68900000,1
1290417600000,1290417659000,1.61522,1.61556,1.61521,1.61541,80300000,1
1290417660000,1290417719000,1.61532,1.61637,1.61501,1.61501,100700000,1
1290417720000,1290417779000,1.61502,1.61615,1.61502,1.61607,75000000,1
1290417780000,1290417839000,1.61607,1.61623,1.61574,1.61594,89600000,1
1290417840000,1290417899000,1.61597,1.61643,1.61597,1.61643,73900000,1
1290417900000,1290417959000,1.61648,1.61679,1.61642,1.61645,112500000,1
1290417960000,1290418019000,1.61645,1.61695,1.61632,1.61677,116800000,1
1290418020000,1290418079000,1.61671,1.61671,1.61612,1.61628,106200000,1
1290418080000,1290418139000,1.61628,1.61681,1.61628,1.61665,102300000,1
1290418140000,1290418199000,1.61668,1.61683,1.61628,1.61647,69600000,1
1290418200000,1290418259000,1.61656,1.61663,1.61644,1.61656,55300000,1
1290418260000,1290418319000,1.61663,1.61667,1.6163,1.6164,64500000,1
1290418320000,1290418379000,1.6164,1.61659,1.61631,1.61636,85100000,1
1290418380000,1290418439000,1.61637,1.61655,1.61624,1.6165,83500000,1
1290418440000,1290418499000,1.6164,1.61683,1.6164,1.61653,85700000,1
1290418500000,1290418559000,1.61653,1.61669,1.61641,1.61655,73300000,1
1290418560000,1290418619000,1.61655,1.61657,1.61628,1.61634,102500000,1
1290418620000,1290418679000,1.61634,1.61652,1.6163,1.61648,74400000,1
1290418680000,1290418739000,1.61654,1.61667,1.61621,1.61632,87100000,1
1290418740000,1290418799000,1.61645,1.61653,1.61607,1.61626,78100000,1
1290418800000,1290418859000,1.61621,1.61645,1.61583,1.61595,117100000,1
1290418860000,1290418919000,1.61593,1.61618,1.61579,1.61586,55000000,1
1290418920000,1290418979000,1.61586,1.61587,1.61552,1.61566,77000000,1
1290418980000,1290419039000,1.61556,1.6162,1.61556,1.61613,92600000,1
1290419040000,1290419099000,1.61613,1.61663,1.61603,1.61654,101300000,1
1290419100000,1290419159000,1.61663,1.61749,1.61647,1.61749,118000000,1
1290419160000,1290419219000,1.61749,1.61797,1.61739,1.61791,85800000,1
1290419220000,1290419279000,1.61807,1.6181,1.6178,1.61801,98100000,1
1290419280000,1290419339000,1.61801,1.6186,1.61778,1.61853,102500000,1
1290419340000,1290419399000,1.61865,1.61918,1.61849,1.61861,150700000,1
1290419400000,1290419459000,1.61854,1.61891,1.61833,1.61872,94900000,1
1290419460000,1290419519000,1.6188,1.61895,1.61862,1.61875,78600000,1
1290419520000,1290419579000,1.61875,1.61893,1.61863,1.61871,94500000,1
1290419580000,1290419639000,1.61871,1.61887,1.61851,1.61868,160200000,1
1290419640000,1290419699000,1.61873,1.61887,1.61815,1.61847,168500000,1
1290419700000,1290419759000,1.61847,1.61855,1.61809,1.6181,119200000,1
1290419760000,1290419819000,1.6181,1.61825,1.61784,1.61816,115400000,1
1290419820000,1290419879000,1.61816,1.61816,1.61761,1.61761,95300000,1
1290419880000,1290419939000,1.61768,1.61785,1.61766,1.61785,121800000,1
1290419940000,1290419999000,1.61783,1.61817,1.61779,1.61817,94900000,1
1290420000000,1290420059000,1.61817,1.61817,1.61754,1.61778,131900000,1
1290420060000,1290420119000,1.61778,1.61793,1.61725,1.61727,128000000,1
1290420120000,1290420179000,1.61729,1.61748,1.61717,1.61748,109000000,1
1290420180000,1290420239000,1.61741,1.61767,1.61733,1.61766,105600000,1
1290420240000,1290420299000,1.61766,1.61777,1.61748,1.61755,132300000,1
1290420300000,1290420359000,1.61756,1.61774,1.61744,1.61757,142800000,1
1290420360000,1290420419000,1.61758,1.61773,1.61741,1.61751,118800000,1
1290420420000,1290420479000,1.61751,1.61769,1.61694,1.61722,107200000,1
1290420480000,1290420539000,1.61721,1.61755,1.61709,1.61747,127200000,1
1290420540000,1290420599000,1.61742,1.61773,1.61723,1.61736,108000000,1
1290420600000,1290420659000,1.61736,1.61758,1.61712,1.61734,96300000,1
1290420660000,1290420719000,1.61723,1.61741,1.61701,1.61701,65000000,1
1290420720000,1290420779000,1.617,1.6173,1.6169,1.61696,73800000,1
1290420780000,1290420839000,1.61702,1.6171,1.61684,1.61702,53900000,1
1290420840000,1290420899000,1.61702,1.6174,1.61691,1.61729,70800000,1
1290420900000,1290420959000,1.61729,1.6176,1.61721,1.6173,78000000,1
1290420960000,1290421019000,1.6173,1.61757,1.61712,1.61744,73700000,1
1290421020000,1290421079000,1.61752,1.61801,1.61752,1.61801,74800000,1
1290421080000,1290421139000,1.61801,1.61801,1.6174,1.6174,84300000,1
1290421140000,1290421199000,1.61737,1.61739,1.61677,1.6168,132500000,1
1290421200000,1290421259000,1.6168,1.617,1.61576,1.61592,137900000,1
1290421260000,1290421319000,1.61604,1.61632,1.6158,1.61618,98400000,1
1290421320000,1290421379000,1.61605,1.6161,1.61578,1.61578,110200000,1
1290421380000,1290421439000,1.61581,1.61615,1.61581,1.61603,74400000,1
1290421440000,1290421499000,1.61601,1.61622,1.61582,1.61594,78300000,1
1290421500000,1290421559000,1.61598,1.61628,1.61593,1.61625,77400000,1
1290421560000,1290421619000,1.61622,1.61647,1.61613,1.61634,86700000,1
1290421620000,1290421679000,1.61639,1.61648,1.61615,1.61628,64700000,1
1290421680000,1290421739000,1.61632,1.61648,1.61614,1.61614,65600000,1
1290421740000,1290421799000,1.61614,1.61641,1.6161,1.61627,62200000,1
1290421800000,1290421859000,1.61633,1.6165,1.61586,1.61592,58200000,1
1290421860000,1290421919000,1.61607,1.61647,1.61607,1.61642,78500000,1
1290421920000,1290421979000,1.61637,1.6165,1.61624,1.61647,102600000,1
1290421980000,1290422039000,1.61636,1.61641,1.61609,1.61609,78900000,1
1290422040000,1290422099000,1.61609,1.61624,1.61566,1.61566,98200000,1
1290422100000,1290422159000,1.61575,1.61583,1.61543,1.61561,98700000,1
1290422160000,1290422219000,1.61559,1.61584,1.61553,1.61576,83900000,1
1290422220000,1290422279000,1.61576,1.61603,1.61568,1.61592,106300000,1
1290422280000,1290422339000,1.61599,1.61605,1.61555,1.61561,57600000,1
1290422340000,1290422399000,1.61559,1.61584,1.61558,1.61571,76300000,1
1290422400000,1290422459000,1.6157,1.6157,1.6154,1.61552,90800000,1
1290422460000,1290422519000,1.61546,1.61547,1.61489,1.61489,95700000,1
1290422520000,1290422579000,1.61488,1.61489,1.61469,1.61472,55400000,1
1290422580000,1290422639000,1.61472,1.61473,1.61441,1.61449,94800000,1
1290422640000,1290422699000,1.61449,1.61463,1.61433,1.61446,79100000,1
1290422700000,1290422759000,1.61447,1.61464,1.61422,1.61458,74400000,1
1290422760000,1290422819000,1.61458,1.61476,1.61449,1.61451,61700000,1
1290422820000,1290422879000,1.61451,1.61492,1.61451,1.61476,74000000,1
1290422880000,1290422939000,1.61477,1.61486,1.6146,1.61486,51600000,1
1290422940000,1290422999000,1.61483,1.61487,1.61452,1.61474,78800000,1
1290423000000,1290423059000,1.61474,1.61504,1.61458,1.61488,70400000,1
1290423060000,1290423119000,1.61492,1.61509,1.61485,1.61509,43600000,1
1290423120000,1290423179000,1.61505,1.6151,1.61475,1.61496,49800000,1
1290423180000,1290423239000,1.61491,1.61505,1.61481,1.61481,59900000,1
1290423240000,1290423299000,1.61473,1.61517,1.61433,1.61433,119400000,1
1290423300000,1290423359000,1.61432,1.61465,1.61423,1.61441,110400000,1
1290423360000,1290423419000,1.61443,1.61473,1.61382,1.61443,105900000,1
1290423420000,1290423479000,1.61436,1.61448,1.61416,1.6142,59800000,1
1290423480000,1290423539000,1.6142,1.61424,1.61396,1.61396,80200000,1
1290423540000,1290423599000,1.61397,1.61406,1.61372,1.61378,99400000,1
1290423600000,1290423659000,1.61366,1.6138,1.61307,1.61326,124200000,1
1290423660000,1290423719000,1.61326,1.61338,1.61318,1.61331,109900000,1
1290423720000,1290423779000,1.61331,1.61332,1.61261,1.61303,143800000,1
1290423780000,1290423839000,1.61309,1.61332,1.61259,1.61308,116700000,1
1290423840000,1290423899000,1.61317,1.61424,1.61309,1.61353,118000000,1
1290423900000,1290423959000,1.61357,1.61357,1.61302,1.61327,179000000,1
1290423960000,1290424019000,1.61327,1.61343,1.61317,1.61319,59500000,1
1290424020000,1290424079000,1.61322,1.61335,1.61297,1.61304,48200000,1
1290424080000,1290424139000,1.61304,1.61342,1.61268,1.61303,125700000,1
1290424140000,1290424199000,1.61302,1.61357,1.61293,1.6133,93200000,1
1290424200000,1290424259000,1.61318,1.61349,1.61313,1.61333,65900000,1
1290424260000,1290424319000,1.61324,1.61374,1.61324,1.61348,86100000,1
1290424320000,1290424379000,1.61349,1.61349,1.61308,1.61322,78800000,1
1290424380000,1290424439000,1.61328,1.61332,1.61313,1.61322,37200000,1
1290424440000,1290424499000,1.61322,1.61332,1.61314,1.61318,53300000,1
1290424500000,1290424559000,1.61308,1.61343,1.61296,1.61296,77300000,1
1290424560000,1290424619000,1.61296,1.6131,1.61272,1.61303,114500000,1
1290424620000,1290424679000,1.6131,1.61316,1.61299,1.613,101600000,1
1290424680000,1290424739000,1.613,1.61324,1.61282,1.61324,90300000,1
1290424740000,1290424799000,1.6131,1.61325,1.61279,1.61279,79700000,1
1290424800000,1290424859000,1.61283,1.61304,1.61264,1.61298,128800000,1
1290424860000,1290424919000,1.61298,1.61324,1.61279,1.61302,100100000,1
1290424920000,1290424979000,1.61293,1.61311,1.61266,1.61274,86200000,1
1290424980000,1290425039000,1.61271,1.61306,1.61251,1.61293,115600000,1
1290425040000,1290425099000,1.61306,1.61354,1.61284,1.61334,93200000,1
1290425100000,1290425159000,1.61334,1.61349,1.61333,1.61333,59300000,1
1290425160000,1290425219000,1.61333,1.61366,1.61314,1.61338,83000000,1
1290425220000,1290425279000,1.61335,1.61345,1.61317,1.61337,79300000,1
1290425280000,1290425339000,1.61343,1.6135,1.61311,1.61311,91300000,1
1290425340000,1290425399000,1.61311,1.61392,1.61311,1.61367,146100000,1
1290425400000,1290425459000,1.61385,1.61427,1.61369,1.6141,113600000,1
1290425460000,1290425519000,1.61422,1.61473,1.61422,1.61459,102100000,1
1290425520000,1290425579000,1.61459,1.6147,1.61414,1.61419,92700000,1
1290425580000,1290425639000,1.61425,1.61425,1.61374,1.61396,88800000,1
1290425640000,1290425699000,1.61396,1.61479,1.61379,1.61452,77100000,1
1290425700000,1290425759000,1.61451,1.61472,1.6145,1.61462,40500000,1
1290425760000,1290425819000,1.61462,1.615,1.61451,1.6148,61800000,1
1290425820000,1290425879000,1.61479,1.61552,1.61479,1.6152,130400000,1
1290425880000,1290425939000,1.61521,1.61528,1.61474,1.61482,105800000,1
1290425940000,1290425999000,1.61486,1.61498,1.6143,1.61482,95300000,1
1290426000000,1290426059000,1.61492,1.61527,1.61485,1.61527,64900000,1
1290426060000,1290426119000,1.61534,1.61549,1.61517,1.61526,99500000,1
1290426120000,1290426179000,1.61515,1.61521,1.61489,1.61502,80900000,1
1290426180000,1290426239000,1.61496,1.61508,1.61472,1.61487,124600000,1
1290426240000,1290426299000,1.6149,1.61515,1.61483,1.61483,100000000,1
1290426300000,1290426359000,1.61483,1.6152,1.61477,1.61511,90400000,1
1290426360000,1290426419000,1.61518,1.61543,1.61503,1.61543,89400000,1
1290426420000,1290426479000,1.61551,1.61603,1.61549,1.61578,94000000,1
1290426480000,1290426539000,1.61584,1.61585,1.61536,1.61569,108600000,1
1290426540000,1290426599000,1.61561,1.6162,1.61559,1.61607,134500000,1
1290426600000,1290426659000,1.61607,1.61621,1.6157,1.61611,93900000,1
1290426660000,1290426719000,1.61602,1.61647,1.61602,1.61614,129100000,1
1290426720000,1290426779000,1.61614,1.61636,1.61578,1.61578,93100000,1
1290426780000,1290426839000,1.61578,1.61603,1.61559,1.61583,85900000,1
1290426840000,1290426899000,1.61585,1.61597,1.61568,1.61592,168600000,1
1290426900000,1290426959000,1.61592,1.61592,1.61506,1.61515,200300000,1
1290426960000,1290427019000,1.61523,1.61537,1.61498,1.61502,122900000,1
1290427020000,1290427079000,1.61502,1.61539,1.61499,1.61509,79900000,1
1290427080000,1290427139000,1.61509,1.61538,1.61497,1.61522,91300000,1
1290427140000,1290427199000,1.61516,1.61548,1.61493,1.61497,155800000,1
1290427200000,1290427259000,1.61501,1.61542,1.61488,1.61504,128000000,1
1290427260000,1290427319000,1.61512,1.6157,1.61503,1.6153,148300000,1
1290427320000,1290427379000,1.6153,1.61583,1.61508,1.61566,148500000,1
1290427380000,1290427439000,1.61557,1.61648,1.61524,1.61593,145300000,1
1290427440000,1290427499000,1.61593,1.61618,1.6153,1.61543,117900000,1
1290427500000,1290427559000,1.61533,1.61568,1.61532,1.61544,116700000,1
1290427560000,1290427619000,1.61543,1.61556,1.61529,1.61529,92600000,1
1290427620000,1290427679000,1.6153,1.6157,1.61529,1.61536,139400000,1
1290427680000,1290427739000,1.6153,1.61555,1.61509,1.61514,73300000,1
1290427740000,1290427799000,1.61518,1.6155,1.615,1.61517,107700000,1
1290427800000,1290427859000,1.61517,1.61551,1.61517,1.61539,115800000,1
1290427860000,1290427919000,1.61532,1.61545,1.61495,1.61521,104500000,1
1290427920000,1290427979000,1.61521,1.61533,1.61505,1.61514,101900000,1
1290427980000,1290428039000,1.61513,1.61547,1.61506,1.61524,105100000,1
1290428040000,1290428099000,1.61524,1.61597,1.61524,1.61597,123500000,1
1290428100000,1290428159000,1.61601,1.61601,1.61544,1.61549,113400000,1
1290428160000,1290428219000,1.61545,1.61572,1.61523,1.61572,129500000,1
1290428220000,1290428279000,1.61572,1.61723,1.61558,1.61672,198600000,1
1290428280000,1290428339000,1.61673,1.61716,1.61673,1.61701,110300000,1
1290428340000,1290428399000,1.61681,1.61735,1.61673,1.61682,175600000,1
1290428400000,1290428459000,1.61674,1.61686,1.6163,1.61634,109400000,1
1290428460000,1290428519000,1.61634,1.61642,1.61594,1.61601,94800000,1
1290428520000,1290428579000,1.61602,1.61645,1.61602,1.61635,115100000,1
1290428580000,1290428639000,1.61638,1.61653,1.61619,1.61619,111500000,1
1290428640000,1290428699000,1.61636,1.61675,1.61621,1.61639,88300000,1
1290428700000,1290428759000,1.61638,1.61648,1.61617,1.61628,67900000,1
1290428760000,1290428819000,1.61628,1.61692,1.61573,1.61678,129000000,1
1290428820000,1290428879000,1.61687,1.61703,1.61667,1.61683,86400000,1
1290428880000,1290428939000,1.61683,1.61703,1.61661,1.61661,154400000,1
1290428940000,1290428999000,1.61665,1.61714,1.61653,1.61654,137900000,1
1290429000000,1290429059000,1.61668,1.61713,1.61648,1.61653,134500000,1
1290429060000,1290429119000,1.61647,1.61664,1.61608,1.61621,84700000,1
1290429120000,1290429179000,1.61621,1.6166,1.61614,1.61634,105700000,1
1290429180000,1290429239000,1.61634,1.61653,1.61593,1.61615,103700000,1
1290429240000,1290429299000,1.616,1.61637,1.61592,1.61637,86200000,1
1290429300000,1290429359000,1.61622,1.61625,1.61583,1.61609,121000000,1
1290429360000,1290429419000,1.61609,1.6165,1.61609,1.6165,65600000,1
1290429420000,1290429479000,1.61648,1.61653,1.61613,1.61653,113500000,1
1290429480000,1290429539000,1.61662,1.61681,1.61572,1.61579,99000000,1
1290429540000,1290429599000,1.61579,1.61588,1.61541,1.61544,95500000,1
1290429600000,1290429659000,1.61542,1.61559,1.61521,1.61542,108600000,1
1290429660000,1290429719000,1.61532,1.6154,1.6149,1.61506,90400000,1
1290429720000,1290429779000,1.61507,1.61525,1.61477,1.61507,97600000,1
1290429780000,1290429839000,1.61515,1.61515,1.6147,1.6147,83800000,1
1290429840000,1290429899000,1.61469,1.61502,1.61469,1.61482,90200000,1
1290429900000,1290429959000,1.61482,1.615,1.61449,1.61487,84600000,1
1290429960000,1290430019000,1.61483,1.6149,1.61469,1.6149,67900000,1
1290430020000,1290430079000,1.61481,1.61484,1.61465,1.61474,40800000,1
1290430080000,1290430139000,1.61479,1.61505,1.61478,1.61487,47100000,1
1290430140000,1290430199000,1.61487,1.61511,1.61461,1.6149,75500000,1
1290430200000,1290430259000,1.61493,1.61528,1.61462,1.61528,110700000,1
1290430260000,1290430319000,1.61528,1.61595,1.61513,1.61578,112900000,1
1290430320000,1290430379000,1.61583,1.61599,1.61519,1.61551,71000000,1
1290430380000,1290430439000,1.61552,1.61573,1.61542,1.61553,62600000,1
1290430440000,1290430499000,1.61552,1.61577,1.61514,1.6156,110600000,1
1290430500000,1290430559000,1.61538,1.61558,1.61528,1.61555,48000000,1
1290430560000,1290430619000,1.61555,1.61578,1.61555,1.61566,72200000,1
1290430620000,1290430679000,1.61565,1.61569,1.61537,1.61559,73900000,1
1290430680000,1290430739000,1.61567,1.61571,1.61516,1.61516,60000000,1
1290430740000,1290430799000,1.61524,1.61547,1.61503,1.61533,65100000,1
1290430800000,1290430859000,1.61528,1.61542,1.61479,1.6148,74100000,1
1290430860000,1290430919000,1.6149,1.61542,1.61473,1.61526,111700000,1
1290430920000,1290430979000,1.61526,1.61633,1.61499,1.61627,112000000,1
1290430980000,1290431039000,1.61635,1.61638,1.61586,1.61619,172900000,1
1290431040000,1290431099000,1.61623,1.61648,1.61599,1.61638,121100000,1
1290431100000,1290431159000,1.61641,1.61707,1.61604,1.61683,199100000,1
1290431160000,1290431219000,1.61669,1.61727,1.6165,1.61727,134600000,1
1290431220000,1290431279000,1.61717,1.61717,1.61649,1.61698,103000000,1
1290431280000,1290431339000,1.61702,1.61709,1.61644,1.6165,106600000,1
1290431340000,1290431399000,1.61644,1.6167,1.61615,1.61641,152600000,1
1290431400000,1290431459000,1.61634,1.61642,1.61606,1.61608,90200000,1
1290431460000,1290431519000,1.61611,1.61643,1.61592,1.6163,86400000,1
1290431520000,1290431579000,1.61636,1.61647,1.61613,1.6162,112300000,1
1290431580000,1290431639000,1.6162,1.61638,1.6161,1.61637,83400000,1
1290431640000,1290431699000,1.61637,1.61645,1.61572,1.61572,102800000,1
1290431700000,1290431759000,1.61582,1.61609,1.61557,1.61563,84700000,1
1290431760000,1290431819000,1.61568,1.61606,1.61548,1.61574,99500000,1
1290431820000,1290431879000,1.61573,1.61613,1.61573,1.61587,92200000,1
1290431880000,1290431939000,1.61588,1.61613,1.61585,1.61604,91100000,1
1290431940000,1290431999000,1.61604,1.6161,1.61553,1.61582,138500000,1
1290432000000,1290432059000,1.61571,1.61631,1.61546,1.61623,153300000,1
1290432060000,1290432119000,1.61636,1.61641,1.61609,1.6163,54400000,1
1290432120000,1290432179000,1.61631,1.61666,1.61619,1.61648,100600000,1
1290432180000,1290432239000,1.61648,1.61657,1.61592,1.61632,121800000,1
1290432240000,1290432299000,1.61621,1.61621,1.61527,1.61562,124500000,1
1290432300000,1290432359000,1.61559,1.61595,1.61547,1.61574,127800000,1
1290432360000,1290432419000,1.61578,1.61578,1.61528,1.61574,138400000,1
1290432420000,1290432479000,1.61574,1.61597,1.6155,1.61597,73100000,1
1290432480000,1290432539000,1.61597,1.61647,1.61565,1.61565,98300000,1
1290432540000,1290432599000,1.61561,1.61589,1.61543,1.61564,111200000,1
1290432600000,1290432659000,1.61572,1.61636,1.61547,1.61584,144100000,1
1290432660000,1290432719000,1.61593,1.61659,1.61583,1.61609,156000000,1
1290432720000,1290432779000,1.61608,1.61662,1.61581,1.61647,156200000,1
1290432780000,1290432839000,1.61647,1.61666,1.61624,1.61643,107900000,1
1290432840000,1290432899000,1.61647,1.61647,1.61593,1.61617,120400000,1
1290432900000,1290432959000,1.61618,1.61626,1.61562,1.6158,128200000,1
1290432960000,1290433019000,1.61582,1.61596,1.61557,1.61563,150400000,1
1290433020000,1290433079000,1.61563,1.61596,1.61481,1.61496,134400000,1
1290433080000,1290433139000,1.61485,1.61514,1.61473,1.61504,203300000,1
1290433140000,1290433199000,1.61504,1.61567,1.61495,1.61515,141900000,1
1290433200000,1290433259000,1.61517,1.61523,1.61457,1.61463,146100000,1
1290433260000,1290433319000,1.61463,1.61497,1.61463,1.6148,106000000,1
1290433320000,1290433379000,1.61481,1.61488,1.61398,1.61418,131300000,1
1290433380000,1290433439000,1.61416,1.61423,1.61363,1.61385,137200000,1
1290433440000,1290433499000,1.61384,1.61399,1.61335,1.61378,78700000,1
1290433500000,1290433559000,1.61387,1.614,1.61351,1.61351,103600000,1
1290433560000,1290433619000,1.61345,1.61351,1.61248,1.61256,115400000,1
1290433620000,1290433679000,1.61256,1.61289,1.61223,1.61276,108000000,1
1290433680000,1290433739000,1.6129,1.61333,1.61267,1.61273,119200000,1
1290433740000,1290433799000,1.61273,1.61326,1.61273,1.61309,70100000,1
1290433800000,1290433859000,1.61301,1.61316,1.61273,1.61278,52900000,1
1290433860000,1290433919000,1.61278,1.61287,1.61252,1.61275,76300000,1
1290433920000,1290433979000,1.61265,1.613,1.61265,1.61288,71500000,1
1290433980000,1290434039000,1.61286,1.61312,1.61284,1.61293,55200000,1
1290434040000,1290434099000,1.61293,1.61337,1.61291,1.61302,132500000,1
1290434100000,1290434159000,1.61307,1.61307,1.61249,1.61255,49900000,1
1290434160000,1290434219000,1.6126,1.61319,1.61255,1.61287,111600000,1
1290434220000,1290434279000,1.61287,1.61336,1.61272,1.61326,100100000,1
1290434280000,1290434339000,1.6131,1.61349,1.61304,1.61332,112500000,1
1290434340000,1290434399000,1.61328,1.61358,1.61298,1.61339,101100000,1
1290434400000,1290434459000,1.61343,1.61366,1.61322,1.61352,113900000,1
1290434460000,1290434519000,1.61351,1.61382,1.61328,1.61339,109400000,1
1290434520000,1290434579000,1.61341,1.61368,1.61337,1.61358,111600000,1
1290434580000,1290434639000,1.61361,1.61373,1.61324,1.61343,139300000,1
1290434640000,1290434699000,1.61347,1.61389,1.61326,1.61386,92100000,1
1290434700000,1290434759000,1.61386,1.61392,1.61347,1.61348,113100000,1
1290434760000,1290434819000,1.61351,1.6138,1.61346,1.6138,62400000,1
1290434820000,1290434879000,1.6138,1.61413,1.61369,1.61413,96500000,1
1290434880000,1290434939000,1.61413,1.61449,1.61402,1.61442,77500000,1
1290434940000,1290434999000,1.61442,1.61466,1.61424,1.61453,76200000,1
1290435000000,1290435059000,1.61453,1.61456,1.61414,1.61427,59700000,1
1290435060000,1290435119000,1.61433,1.61465,1.61414,1.61434,79900000,1
1290435120000,1290435179000,1.61434,1.61443,1.61409,1.61417,83900000,1
1290435180000,1290435239000,1.61417,1.61433,1.61407,1.61425,31500000,1
1290435240000,1290435299000,1.61427,1.61443,1.61394,1.61428,76500000,1
1290435300000,1290435359000,1.61424,1.61449,1.61424,1.61447,54300000,1
1290435360000,1290435419000,1.61441,1.61493,1.61441,1.61493,75900000,1
1290435420000,1290435479000,1.61493,1.61539,1.61477,1.61523,78800000,1
1290435480000,1290435539000,1.61523,1.61545,1.61515,1.61531,50100000,1
1290435540000,1290435599000,1.61548,1.61588,1.61531,1.61548,143500000,1
1290435600000,1290435659000,1.61545,1.6156,1.61528,1.61548,124900000,1
1290435660000,1290435719000,1.61542,1.61572,1.61532,1.61544,159300000,1
1290435720000,1290435779000,1.61544,1.61601,1.61527,1.61593,85100000,1
1290435780000,1290435839000,1.61593,1.61613,1.61581,1.61604,64100000,1
1290435840000,1290435899000,1.61593,1.61599,1.61517,1.61527,137200000,1
1290435900000,1290435959000,1.61522,1.61557,1.61522,1.61555,91400000,1
1290435960000,1290436019000,1.61555,1.61567,1.61535,1.61546,66700000,1
1290436020000,1290436079000,1.61552,1.61612,1.61546,1.6161,188800000,1
1290436080000,1290436139000,1.6161,1.61653,1.6161,1.61653,121200000,1
1290436140000,1290436199000,1.61653,1.61683,1.61652,1.6167,90300000,1
1290436200000,1290436259000,1.6167,1.61677,1.61585,1.61585,120400000,1
1290436260000,1290436319000,1.61585,1.6165,1.61585,1.6163,124300000,1
1290436320000,1290436379000,1.6163,1.61685,1.61622,1.61655,130800000,1
1290436380000,1290436439000,1.61666,1.61673,1.61618,1.61618,136600000,1
1290436440000,1290436499000,1.61617,1.61691,1.61611,1.61629,143200000,1
1290436500000,1290436559000,1.61624,1.61647,1.61586,1.61625,160400000,1
1290436560000,1290436619000,1.61625,1.61659,1.61601,1.61641,113600000,1
1290436620000,1290436679000,1.61624,1.61641,1.6159,1.61608,123900000,1
1290436680000,1290436739000,1.61608,1.61608,1.61565,1.61575,145400000,1
1290436740000,1290436799000,1.61584,1.61616,1.61566,1.61575,134900000,1
1290436800000,1290436859000,1.61575,1.61588,1.61533,1.61533,120000000,1
1290436860000,1290436919000,1.61541,1.61559,1.61524,1.61548,119300000,1
1290436920000,1290436979000,1.61556,1.61575,1.61539,1.61565,142300000,1
1290436980000,1290437039000,1.61563,1.61602,1.61549,1.61591,110600000,1
1290437040000,1290437099000,1.61584,1.61605,1.61573,1.61595,118400000,1
1290437100000,1290437159000,1.61595,1.61625,1.61563,1.61563,107500000,1
1290437160000,1290437219000,1.61569,1.61574,1.61508,1.61548,110100000,1
1290437220000,1290437279000,1.61549,1.61556,1.61521,1.61552,89900000,1
1290437280000,1290437339000,1.61552,1.61552,1.61492,1.61495,83500000,1
1290437340000,1290437399000,1.61495,1.6151,1.61476,1.6149,105900000,1
1290437400000,1290437459000,1.61487,1.61512,1.61478,1.61481,73200000,1
1290437460000,1290437519000,1.61475,1.61475,1.61413,1.61429,155800000,1
1290437520000,1290437579000,1.6143,1.6145,1.61404,1.61407,133700000,1
1290437580000,1290437639000,1.61407,1.61418,1.61397,1.61401,92000000,1
1290437640000,1290437699000,1.61401,1.61411,1.61348,1.61351,178100000,1
1290437700000,1290437759000,1.61347,1.61347,1.613,1.61319,127400000,1
1290437760000,1290437819000,1.61319,1.61359,1.61307,1.61325,124300000,1
1290437820000,1290437879000,1.61328,1.61376,1.61323,1.61376,86200000,1
1290437880000,1290437939000,1.61381,1.61381,1.61338,1.61367,83800000,1
1290437940000,1290437999000,1.61358,1.61405,1.61342,1.61402,113300000,1
1290438000000,1290438059000,1.61407,1.61423,1.61379,1.61382,135700000,1
1290438060000,1290438119000,1.6139,1.61441,1.61365,1.61391,152700000,1
1290438120000,1290438179000,1.61402,1.61421,1.61376,1.61415,107300000,1
1290438180000,1290438239000,1.61412,1.61417,1.61377,1.61399,134500000,1
1290438240000,1290438299000,1.61392,1.61412,1.61381,1.61398,175000000,1
1290438300000,1290438359000,1.61398,1.61417,1.61367,1.61367,85600000,1
1290438360000,1290438419000,1.61365,1.61393,1.61365,1.61378,73900000,1
1290438420000,1290438479000,1.61377,1.61402,1.61373,1.61391,93000000,1
1290438480000,1290438539000,1.61402,1.6142,1.61376,1.61397,90400000,1
1290438540000,1290438599000,1.61415,1.61429,1.61394,1.61422,121100000,1
1290438600000,1290438659000,1.61416,1.61449,1.61407,1.61407,97200000,1
1290438660000,1290438719000,1.61405,1.61439,1.61405,1.61432,90200000,1
1290438720000,1290438779000,1.61427,1.61481,1.61427,1.61467,74100000,1
1290438780000,1290438839000,1.61464,1.61501,1.61452,1.61471,104500000,1
1290438840000,1290438899000,1.61471,1.61501,1.61448,1.61448,92800000,1
1290438900000,1290438959000,1.61456,1.61472,1.61429,1.61429,79900000,1
1290438960000,1290439019000,1.61423,1.61451,1.61403,1.61424,134400000,1
1290439020000,1290439079000,1.61418,1.61454,1.61407,1.61434,115800000,1
1290439080000,1290439139000,1.61434,1.61439,1.61423,1.61423,67600000,1
1290439140000,1290439199000,1.61424,1.61424,1.61371,1.61389,146400000,1
1290439200000,1290439259000,1.61375,1.61398,1.61349,1.6138,105100000,1
1290439260000,1290439319000,1.6138,1.61444,1.61362,1.61411,85500000,1
1290439320000,1290439379000,1.61432,1.61465,1.61411,1.61457,110500000,1
1290439380000,1290439439000,1.61463,1.6149,1.61447,1.61467,135500000,1
1290439440000,1290439499000,1.61469,1.61514,1.61453,1.6147,108600000,1
1290439500000,1290439559000,1.6147,1.61484,1.6144,1.61466,106100000,1
1290439560000,1290439619000,1.61471,1.61527,1.61457,1.61499,139900000,1
1290439620000,1290439679000,1.61501,1.61554,1.615,1.61531,177900000,1
1290439680000,1290439739000,1.61528,1.61579,1.61521,1.61579,110200000,1
1290439740000,1290439799000,1.61576,1.616,1.61556,1.61581,129200000,1
1290439800000,1290439859000,1.61577,1.61607,1.61545,1.61594,194200000,1
1290439860000,1290439919000,1.61589,1.6165,1.61581,1.61614,155000000,1
1290439920000,1290439979000,1.6163,1.61663,1.61593,1.61609,150400000,1
1290439980000,1290440039000,1.61609,1.6165,1.61569,1.6165,146900000,1
1290440040000,1290440099000,1.61647,1.61706,1.61627,1.6163,172700000,1
1290440100000,1290440159000,1.61637,1.6168,1.61635,1.6168,162700000,1
1290440160000,1290440219000,1.61678,1.61683,1.6158,1.6158,185900000,1
1290440220000,1290440279000,1.61587,1.61627,1.61563,1.61582,195600000,1
1290440280000,1290440339000,1.61593,1.61605,1.61525,1.61534,169700000,1
1290440340000,1290440399000,1.61532,1.61604,1.61529,1.61604,119900000,1
1290440400000,1290440459000,1.61602,1.61652,1.61602,1.6163,128600000,1
1290440460000,1290440519000,1.6163,1.61657,1.61616,1.61621,122000000,1
1290440520000,1290440579000,1.6163,1.61651,1.61593,1.61605,76900000,1
1290440580000,1290440639000,1.61605,1.61605,1.61567,1.61583,96900000,1
1290440640000,1290440699000,1.61594,1.61624,1.61564,1.61582,125500000,1
1290440700000,1290440759000,1.61593,1.61656,1.61583,1.61656,120700000,1
1290440760000,1290440819000,1.61646,1.61698,1.61638,1.61652,114600000,1
1290440820000,1290440879000,1.61643,1.61698,1.61637,1.61683,138200000,1
1290440880000,1290440939000,1.61682,1.61691,1.61649,1.61658,149000000,1
1290440940000,1290440999000,1.61672,1.61704,1.61642,1.61675,100700000,1
1290441000000,1290441059000,1.61685,1.61685,1.61594,1.61606,172100000,1
1290441060000,1290441119000,1.6161,1.61616,1.6157,1.61574,106200000,1
1290441120000,1290441179000,1.61564,1.61581,1.61516,1.61535,135700000,1
1290441180000,1290441239000,1.61527,1.61541,1.61506,1.61541,125000000,1
1290441240000,1290441299000,1.61533,1.61566,1.61529,1.61551,82900000,1
1290441300000,1290441359000,1.61553,1.61626,1.61553,1.61608,123200000,1
1290441360000,1290441419000,1.61617,1.61617,1.6157,1.61578,73400000,1
1290441420000,1290441479000,1.61578,1.61615,1.61562,1.61562,56000000,1
1290441480000,1290441539000,1.61575,1.61617,1.61549,1.61607,145000000,1
1290441540000,1290441599000,1.61609,1.61643,1.61554,1.61569,210500000,1
1290441600000,1290441659000,1.61571,1.61718,1.61566,1.61654,178400000,1
1290441660000,1290441719000,1.6165,1.61667,1.61604,1.61635,203200000,1
1290441720000,1290441779000,1.61636,1.61715,1.61633,1.61707,110900000,1
1290441780000,1290441839000,1.61711,1.61793,1.61711,1.61765,208200000,1
1290441840000,1290441899000,1.61766,1.61805,1.61745,1.61755,182900000,1
1290441900000,1290441959000,1.61756,1.61782,1.61739,1.61764,129400000,1
1290441960000,1290442019000,1.61762,1.61772,1.61729,1.61753,172400000,1
1290442020000,1290442079000,1.61737,1.61813,1.61726,1.61791,141300000,1
1290442080000,1290442139000,1.61784,1.61819,1.61784,1.61819,98500000,1
1290442140000,1290442199000,1.61815,1.61846,1.61793,1.61814,104200000,1
1290442200000,1290442259000,1.61806,1.61833,1.61789,1.61789,119600000,1
1290442260000,1290442319000,1.61789,1.61838,1.61768,1.61768,97500000,1
1290442320000,1290442379000,1.61773,1.61831,1.61758,1.61771,155800000,1
1290442380000,1290442439000,1.61771,1.61771,1.61715,1.61752,150700000,1
1290442440000,1290442499000,1.6174,1.6174,1.6169,1.617,98100000,1
1290442500000,1290442559000,1.61708,1.61739,1.61694,1.61696,103900000,1
1290442560000,1290442619000,1.61696,1.61727,1.61658,1.61659,106800000,1
1290442620000,1290442679000,1.61662,1.61682,1.61636,1.61638,154800000,1
1290442680000,1290442739000,1.61638,1.61667,1.61628,1.6164,93500000,1
1290442740000,1290442799000,1.6164,1.61683,1.61631,1.61675,84200000,1
1290442800000,1290442859000,1.61675,1.61694,1.61653,1.61681,120100000,1
1290442860000,1290442919000,1.61679,1.61685,1.61645,1.61667,125100000,1
1290442920000,1290442979000,1.61674,1.61703,1.61669,1.6169,69000000,1
1290442980000,1290443039000,1.6169,1.61744,1.6169,1.6172,112300000,1
1290443040000,1290443099000,1.61722,1.61752,1.61714,1.6172,84100000,1
1290443100000,1290443159000,1.61716,1.61775,1.61713,1.61742,109800000,1
1290443160000,1290443219000,1.61743,1.6175,1.61719,1.61719,123700000,1
1290443220000,1290443279000,1.61728,1.61829,1.61728,1.61804,126900000,1
1290443280000,1290443339000,1.61814,1.61818,1.61751,1.61763,133500000,1
1290443340000,1290443399000,1.61763,1.6178,1.61741,1.61741,83800000,1
1290443400000,1290443459000,1.61747,1.61802,1.61737,1.61773,153300000,1
1290443460000,1290443519000,1.61773,1.61776,1.61741,1.61756,114800000,1
1290443520000,1290443579000,1.61767,1.61767,1.61663,1.61679,167400000,1
1290443580000,1290443639000,1.61686,1.61716,1.61671,1.61671,165800000,1
1290443640000,1290443699000,1.61671,1.6172,1.61671,1.61704,101100000,1
1290443700000,1290443759000,1.61704,1.61719,1.61669,1.61699,110900000,1
1290443760000,1290443819000,1.61697,1.61731,1.61685,1.61711,80200000,1
1290443820000,1290443879000,1.61711,1.6172,1.61679,1.61694,68100000,1
1290443880000,1290443939000,1.61703,1.61707,1.61674,1.61686,88300000,1
1290443940000,1290443999000,1.61659,1.61679,1.6157,1.6157,133900000,1
1290444000000,1290444059000,1.61566,1.61613,1.61557,1.61597,115400000,1
1290444060000,1290444119000,1.61597,1.61636,1.61581,1.6163,145100000,1
1290444120000,1290444179000,1.61618,1.61643,1.61607,1.61629,85600000,1
1290444180000,1290444239000,1.61622,1.61666,1.61618,1.61665,93900000,1
1290444240000,1290444299000,1.61665,1.61666,1.61638,1.61641,105300000,1
1290444300000,1290444359000,1.6165,1.61658,1.61623,1.61639,80000000,1
1290444360000,1290444419000,1.61639,1.61644,1.61595,1.61595,123400000,1
1290444420000,1290444479000,1.61595,1.61618,1.6159,1.61599,96200000,1
1290444480000,1290444539000,1.6161,1.61611,1.61592,1.61599,51100000,1
1290444540000,1290444599000,1.61599,1.616,1.61553,1.61583,91900000,1
1290444600000,1290444659000,1.6159,1.6161,1.61571,1.61604,127700000,1
1290444660000,1290444719000,1.61588,1.61608,1.61581,1.61586,117600000,1
1290444720000,1290444779000,1.61586,1.61627,1.61564,1.6161,124300000,1
1290444780000,1290444839000,1.6161,1.61643,1.61583,1.61587,160600000,1
1290444840000,1290444899000,1.61587,1.61605,1.61559,1.61573,131200000,1
1290444900000,1290444959000,1.61577,1.61577,1.61513,1.61541,114500000,1
1290444960000,1290445019000,1.61531,1.61531,1.61451,1.61464,157400000,1
1290445020000,1290445079000,1.61464,1.61493,1.61464,1.61486,92300000,1
1290445080000,1290445139000,1.61475,1.61495,1.6145,1.61452,93400000,1
1290445140000,1290445199000,1.61452,1.61468,1.61425,1.61448,114400000,1
1290445200000,1290445259000,1.61447,1.61469,1.61419,1.61469,173400000,1
1290445260000,1290445319000,1.6148,1.61507,1.61458,1.61479,87800000,1
1290445320000,1290445379000,1.61469,1.61488,1.61383,1.6141,133300000,1
1290445380000,1290445439000,1.61411,1.61441,1.61359,1.61359,128600000,1
1290445440000,1290445499000,1.61367,1.61442,1.61367,1.61421,163200000,1
1290445500000,1290445559000,1.6142,1.61447,1.61392,1.61422,136300000,1
1290445560000,1290445619000,1.61425,1.61459,1.61413,1.61449,159100000,1
1290445620000,1290445679000,1.61438,1.61478,1.61436,1.61448,105300000,1
1290445680000,1290445739000,1.61445,1.61456,1.61422,1.61455,114100000,1
1290445740000,1290445799000,1.61455,1.61458,1.61435,1.61435,57700000,1
1290445800000,1290445859000,1.61435,1.61454,1.6141,1.6141,86100000,1
1290445860000,1290445919000,1.61404,1.61444,1.61404,1.61444,141900000,1
1290445920000,1290445979000,1.61444,1.61488,1.61444,1.61465,141700000,1
1290445980000,1290446039000,1.61452,1.61456,1.61405,1.61453,156100000,1
1290446040000,1290446099000,1.61453,1.61458,1.61423,1.61449,100100000,1
1290446100000,1290446159000,1.61449,1.61473,1.61436,1.61469,90500000,1
1290446160000,1290446219000,1.61469,1.61469,1.61415,1.61424,109800000,1
1290446220000,1290446279000,1.61424,1.61466,1.61424,1.61443,72300000,1
1290446280000,1290446339000,1.61453,1.61463,1.61428,1.61428,83000000,1
1290446340000,1290446399000,1.61437,1.61441,1.61376,1.6138,116800000,1
1290446400000,1290446459000,1.61402,1.61465,1.61402,1.61438,105400000,1
1290446460000,1290446519000,1.61437,1.61446,1.61433,1.61442,48600000,1
1290446520000,1290446579000,1.61437,1.61471,1.61435,1.61471,60100000,1
1290446580000,1290446639000,1.61466,1.61493,1.61455,1.61461,64200000,1
1290446640000,1290446699000,1.61461,1.61505,1.61445,1.61476,91500000,1
1290446700000,1290446759000,1.61473,1.61537,1.61471,1.61527,100800000,1
1290446760000,1290446819000,1.61531,1.61636,1.61526,1.61627,133300000,1
1290446820000,1290446879000,1.61624,1.61657,1.6161,1.61627,112300000,1
1290446880000,1290446939000,1.61631,1.61763,1.61618,1.61744,190200000,1
1290446940000,1290446999000,1.61733,1.61764,1.6169,1.6175,148300000,1
1290447000000,1290447059000,1.61748,1.61887,1.61737,1.61807,201100000,1
1290447060000,1290447119000,1.61811,1.61824,1.61767,1.61773,143100000,1
1290447120000,1290447179000,1.61773,1.6179,1.61747,1.61776,125700000,1
1290447180000,1290447239000,1.61781,1.61851,1.61762,1.61787,189500000,1
1290447240000,1290447299000,1.61787,1.61832,1.61784,1.61787,148600000,1
1290447300000,1290447359000,1.61793,1.61797,1.61677,1.61684,165800000,1
1290447360000,1290447419000,1.61684,1.61718,1.61664,1.6169,148800000,1
1290447420000,1290447479000,1.61682,1.61796,1.61682,1.61726,200200000,1
1290447480000,1290447539000,1.61726,1.61759,1.61699,1.61718,151700000,1
1290447540000,1290447599000,1.61711,1.61732,1.61684,1.61699,177300000,1
1290447600000,1290447659000,1.61697,1.61707,1.61659,1.61707,161300000,1
1290447660000,1290447719000,1.61724,1.61741,1.61671,1.61671,174100000,1
1290447720000,1290447779000,1.61665,1.61678,1.6163,1.61656,164800000,1
1290447780000,1290447839000,1.61656,1.6172,1.61645,1.617,102700000,1
1290447840000,1290447899000,1.61706,1.61738,1.61695,1.61721,145100000,1
1290447900000,1290447959000,1.61729,1.61766,1.61709,1.61752,132300000,1
1290447960000,1290448019000,1.61755,1.61774,1.61745,1.61764,137400000,1
1290448020000,1290448079000,1.61773,1.61832,1.61768,1.61809,180700000,1
1290448080000,1290448139000,1.61809,1.61816,1.61751,1.61787,117000000,1
1290448140000,1290448199000,1.61783,1.61817,1.61712,1.61717,143400000,1
1290448200000,1290448259000,1.61724,1.61746,1.61723,1.61724,105600000,1
1290448260000,1290448319000,1.61727,1.61771,1.61719,1.61739,133300000,1
1290448320000,1290448379000,1.6174,1.6174,1.61658,1.61667,133200000,1
1290448380000,1290448439000,1.61664,1.61692,1.61635,1.61654,146300000,1
1290448440000,1290448499000,1.61653,1.61664,1.61607,1.61623,145400000,1
1290448500000,1290448559000,1.61625,1.61654,1.61603,1.61638,95700000,1
1290448560000,1290448619000,1.61638,1.61638,1.6158,1.61608,97300000,1
1290448620000,1290448679000,1.61616,1.61636,1.61591,1.61633,114200000,1
1290448680000,1290448739000,1.61638,1.61645,1.61622,1.61631,107300000,1
1290448740000,1290448799000,1.61628,1.6171,1.61628,1.61708,106100000,1
1290448800000,1290448859000,1.61688,1.61766,1.61684,1.61754,164200000,1
1290448860000,1290448919000,1.61743,1.61756,1.61715,1.61742,117800000,1
1290448920000,1290448979000,1.61734,1.61746,1.61707,1.6173,116900000,1
1290448980000,1290449039000,1.61732,1.61781,1.61721,1.61769,112900000,1
1290449040000,1290449099000,1.61769,1.61782,1.61738,1.61738,138100000,1
1290449100000,1290449159000,1.61737,1.6175,1.61713,1.61748,121600000,1
1290449160000,1290449219000,1.61746,1.6175,1.61706,1.61714,150000000,1
1290449220000,1290449279000,1.61716,1.61727,1.61683,1.61692,159800000,1
1290449280000,1290449339000,1.61696,1.61703,1.61664,1.61681,113800000,1
1290449340000,1290449399000,1.61672,1.61685,1.61664,1.61674,65100000,1
1290449400000,1290449459000,1.61666,1.61684,1.61596,1.61609,123100000,1
1290449460000,1290449519000,1.61621,1.61624,1.6158,1.61623,117300000,1
1290449520000,1290449579000,1.61607,1.61607,1.61573,1.61573,87500000,1
1290449580000,1290449639000,1.61591,1.61677,1.61584,1.61677,148300000,1
1290449640000,1290449699000,1.61681,1.61681,1.61648,1.61664,60800000,1
1290449700000,1290449759000,1.61664,1.6169,1.61652,1.61679,79700000,1
1290449760000,1290449819000,1.61685,1.61687,1.61648,1.61648,88100000,1
1290449820000,1290449879000,1.61657,1.61699,1.61649,1.61691,109500000,1
1290449880000,1290449939000,1.61691,1.61691,1.61643,1.61648,110800000,1
1290449940000,1290449999000,1.61654,1.61665,1.61644,1.61651,91600000,1
1290450000000,1290450059000,1.61662,1.617,1.61648,1.61688,110200000,1
1290450060000,1290450119000,1.61687,1.61714,1.61664,1.61686,96800000,1
1290450120000,1290450179000,1.61688,1.61714,1.61684,1.61707,72600000,1
1290450180000,1290450239000,1.61734,1.61769,1.61686,1.61752,125800000,1
1290450240000,1290450299000,1.61752,1.61769,1.61714,1.61759,115100000,1
1290450300000,1290450359000,1.61759,1.61772,1.61734,1.61741,100900000,1
1290450360000,1290450419000,1.61741,1.61741,1.61697,1.61729,77300000,1
1290450420000,1290450479000,1.61715,1.61731,1.61698,1.61726,122300000,1
1290450480000,1290450539000,1.61726,1.61738,1.61715,1.61727,104500000,1
1290450540000,1290450599000,1.61731,1.61731,1.61688,1.61703,95900000,1
1290450600000,1290450659000,1.61706,1.61706,1.61666,1.61667,54200000,1
1290450660000,1290450719000,1.61674,1.61679,1.6165,1.61652,75200000,1
1290450720000,1290450779000,1.61647,1.61667,1.61627,1.61667,59400000,1
1290450780000,1290450839000,1.61667,1.61677,1.61651,1.61653,55700000,1
1290450840000,1290450899000,1.61655,1.61667,1.61639,1.61643,77400000,1
1290450900000,1290450959000,1.61646,1.61654,1.6162,1.61644,73200000,1
1290450960000,1290451019000,1.61642,1.61664,1.61626,1.61644,71300000,1
1290451020000,1290451079000,1.6164,1.61696,1.6164,1.61696,77100000,1
1290451080000,1290451139000,1.61696,1.61696,1.61679,1.61686,43200000,1
1290451140000,1290451199000,1.61686,1.61694,1.61654,1.61657,60300000,1
1290451200000,1290451259000,1.61657,1.61688,1.61643,1.61679,100200000,1
1290451260000,1290451319000,1.61662,1.61704,1.61641,1.61704,102200000,1
1290451320000,1290451379000,1.61694,1.61719,1.61694,1.61708,81800000,1
1290451380000,1290451439000,1.61705,1.61728,1.61692,1.6172,48300000,1
1290451440000,1290451499000,1.6173,1.61762,1.6172,1.61747,102800000,1
1290451500000,1290451559000,1.61747,1.61767,1.61738,1.61755,84800000,1
1290451560000,1290451619000,1.6175,1.6176,1.61734,1.61741,75800000,1
1290451620000,1290451679000,1.61751,1.6181,1.61742,1.61792,72200000,1
1290451680000,1290451739000,1.6178,1.61801,1.61762,1.6178,99000000,1
1290451740000,1290451799000,1.61777,1.61788,1.61758,1.61759,58800000,1
1290451800000,1290451859000,1.61755,1.61765,1.61719,1.6174,119100000,1
1290451860000,1290451919000,1.6173,1.61748,1.61712,1.61738,116900000,1
1290451920000,1290451979000,1.61733,1.61783,1.61684,1.61768,128600000,1
1290451980000,1290452039000,1.61762,1.6177,1.61725,1.61754,103200000,1
1290452040000,1290452099000,1.61736,1.61803,1.61722,1.61797,95200000,1
1290452100000,1290452159000,1.61795,1.61841,1.61784,1.6183,112400000,1
1290452160000,1290452219000,1.61817,1.61834,1.61803,1.61821,85900000,1
1290452220000,1290452279000,1.61814,1.61847,1.61805,1.61847,86500000,1
1290452280000,1290452339000,1.61847,1.61847,1.61811,1.61815,68400000,1
1290452340000,1290452399000,1.61811,1.61831,1.61795,1.61797,58900000,1
1290452400000,1290452459000,1.61803,1.61811,1.61778,1.61794,112900000,1
1290452460000,1290452519000,1.61787,1.61804,1.6178,1.61786,73600000,1
1290452520000,1290452579000,1.61786,1.61819,1.61779,1.61788,69400000,1
1290452580000,1290452639000,1.61775,1.61799,1.61775,1.6178,68000000,1
1290452640000,1290452699000,1.6178,1.61811,1.61774,1.61801,127100000,1
1290452700000,1290452759000,1.61792,1.618,1.61765,1.61787,89400000,1
1290452760000,1290452819000,1.61788,1.61834,1.61788,1.61832,85800000,1
1290452820000,1290452879000,1.61841,1.61877,1.61806,1.61809,77500000,1
1290452880000,1290452939000,1.61809,1.61858,1.61799,1.61849,74700000,1
1290452940000,1290452999000,1.61851,1.61868,1.61824,1.61824,83800000,1
1290453000000,1290453059000,1.61824,1.61846,1.61819,1.61828,87300000,1
1290453060000,1290453119000,1.61828,1.6184,1.61713,1.61714,128000000,1
1290453120000,1290453179000,1.61725,1.6174,1.61704,1.61714,64000000,1
1290453180000,1290453239000,1.61715,1.61733,1.61707,1.61721,52000000,1
1290453240000,1290453299000,1.61718,1.61724,1.61699,1.61708,112400000,1
1290453300000,1290453359000,1.61705,1.61734,1.61701,1.61712,97700000,1
1290453360000,1290453419000,1.61712,1.61732,1.61676,1.61676,96200000,1
1290453420000,1290453479000,1.61679,1.61726,1.61653,1.61726,93800000,1
1290453480000,1290453539000,1.61726,1.61726,1.61704,1.61709,88200000,1
1290453540000,1290453599000,1.61704,1.61712,1.61676,1.61686,98100000,1
1290453600000,1290453659000,1.61689,1.61738,1.61672,1.61683,113300000,1
1290453660000,1290453719000,1.61672,1.61723,1.61672,1.61701,103500000,1
1290453720000,1290453779000,1.61701,1.61721,1.61699,1.61717,59100000,1
1290453780000,1290453839000,1.61722,1.61722,1.61686,1.61696,72000000,1
1290453840000,1290453899000,1.61696,1.61752,1.6169,1.6169,123200000,1
1290453900000,1290453959000,1.6169,1.61732,1.6169,1.61732,60300000,1
1290453960000,1290454019000,1.61722,1.61756,1.61715,1.61756,64200000,1
1290454020000,1290454079000,1.61753,1.618,1.61749,1.61787,119700000,1
1290454080000,1290454139000,1.61787,1.61787,1.61755,1.61766,88900000,1
1290454140000,1290454199000,1.61767,1.61801,1.61755,1.61801,81100000,1
1290454200000,1290454259000,1.61799,1.61815,1.61737,1.61737,92900000,1
1290454260000,1290454319000,1.61737,1.61795,1.61732,1.61795,98600000,1
1290454320000,1290454379000,1.61787,1.61815,1.61762,1.61762,56600000,1
1290454380000,1290454439000,1.61756,1.61756,1.61746,1.61746,15600000,1
1290454440000,1290454499000,1.61758,1.61788,1.6175,1.61776,61400000,1
1290454500000,1290454559000,1.61776,1.61776,1.61742,1.61748,38100000,1
1290454560000,1290454619000,1.61743,1.61752,1.61726,1.61749,81300000,1
1290454620000,1290454679000,1.61742,1.61742,1.617,1.617,84700000,1
1290454680000,1290454739000,1.61693,1.61693,1.6167,1.6167,115900000,1
1290454740000,1290454799000,1.6167,1.6168,1.61654,1.61656,88200000,1
1290454800000,1290454859000,1.61662,1.61679,1.61661,1.61674,80700000,1
1290454860000,1290454919000,1.61674,1.61695,1.6167,1.61683,44400000,1
1290454920000,1290454979000,1.61681,1.61684,1.61657,1.6167,55800000,1
1290454980000,1290455039000,1.6169,1.61729,1.61677,1.61693,76700000,1
1290455040000,1290455099000,1.61693,1.617,1.61661,1.61661,77900000,1
1290455100000,1290455159000,1.61664,1.61668,1.61594,1.61639,105500000,1
1290455160000,1290455219000,1.61642,1.61664,1.61622,1.61644,90000000,1
1290455220000,1290455279000,1.61644,1.6167,1.61612,1.61617,87000000,1
1290455280000,1290455339000,1.61623,1.61637,1.61588,1.61601,98500000,1
1290455340000,1290455399000,1.61604,1.61604,1.61583,1.61594,90600000,1
1290455400000,1290455459000,1.61585,1.61592,1.61544,1.61551,102400000,1
1290455460000,1290455519000,1.61548,1.61583,1.61545,1.61563,115400000,1
1290455520000,1290455579000,1.61563,1.61591,1.61556,1.61573,64900000,1
1290455580000,1290455639000,1.61573,1.61575,1.61532,1.61557,93100000,1
1290455640000,1290455699000,1.61553,1.6158,1.61538,1.61563,80400000,1
1290455700000,1290455759000,1.61559,1.61565,1.61539,1.61549,106800000,1
1290455760000,1290455819000,1.61548,1.61557,1.61529,1.61539,105600000,1
1290455820000,1290455879000,1.61539,1.61603,1.61536,1.61592,70800000,1
1290455880000,1290455939000,1.61595,1.61617,1.61589,1.61605,85100000,1
1290455940000,1290455999000,1.61596,1.61599,1.61577,1.61581,120300000,1
1290456000000,1290456059000,1.61592,1.61592,1.61526,1.61558,102300000,1
1290456060000,1290456119000,1.61558,1.61558,1.6152,1.61543,64200000,1
1290456120000,1290456179000,1.61539,1.61545,1.61525,1.61536,52700000,1
1290456180000,1290456239000,1.61536,1.61577,1.6153,1.61554,92900000,1
1290456240000,1290456299000,1.61535,1.61553,1.6153,1.6153,67000000,1
1290456300000,1290456359000,1.61531,1.61534,1.61504,1.61534,100800000,1
1290456360000,1290456419000,1.61531,1.61531,1.61504,1.61519,81100000,1
1290456420000,1290456479000,1.6152,1.61541,1.61477,1.61485,94300000,1
1290456480000,1290456539000,1.61485,1.61532,1.6148,1.61529,82400000,1
1290456540000,1290456599000,1.61533,1.61551,1.61508,1.61518,82700000,1
1290456600000,1290456659000,1.61518,1.61558,1.61509,1.61558,104600000,1
1290456660000,1290456719000,1.61558,1.61567,1.61542,1.61547,109300000,1
1290456720000,1290456779000,1.6155,1.61556,1.6155,1.61553,47900000,1
1290456780000,1290456839000,1.61553,1.61562,1.61542,1.61542,50200000,1
1290456840000,1290456899000,1.61546,1.61583,1.61546,1.61583,60400000,1
1290456900000,1290456959000,1.61575,1.61579,1.61542,1.61547,47700000,1
1290456960000,1290457019000,1.61539,1.61567,1.61539,1.61557,100600000,1
1290457020000,1290457079000,1.61549,1.61558,1.61537,1.61537,56200000,1
1290457080000,1290457139000,1.61541,1.61548,1.61508,1.61532,81300000,1
1290457140000,1290457199000,1.61538,1.61561,1.6153,1.61555,58600000,1
1290457200000,1290457259000,1.61555,1.61584,1.61532,1.6156,71500000,1
1290457260000,1290457319000,1.61556,1.61565,1.61544,1.61556,71200000,1
1290457320000,1290457379000,1.61556,1.61583,1.61533,1.61542,86100000,1
1290457380000,1290457439000,1.61537,1.61543,1.61512,1.61535,60300000,1
1290457440000,1290457499000,1.61538,1.6156,1.61536,1.6155,37800000,1
1290457500000,1290457559000,1.61556,1.61558,1.61539,1.61548,54800000,1
1290457560000,1290457619000,1.61546,1.61556,1.61529,1.61546,51200000,1
1290457620000,1290457679000,1.61546,1.61622,1.61546,1.61604,113400000,1
1290457680000,1290457739000,1.61599,1.61607,1.61587,1.61607,80400000,1
1290457740000,1290457799000,1.61604,1.61604,1.61547,1.61554,74400000,1
1290457800000,1290457859000,1.61547,1.61552,1.61527,1.61549,68300000,1
1290457860000,1290457919000,1.61552,1.61566,1.61535,1.61547,66000000,1
1290457920000,1290457979000,1.61547,1.61563,1.61509,1.61509,42100000,1
1290457980000,1290458039000,1.61501,1.61501,1.61449,1.61449,77100000,1
1290458040000,1290458099000,1.61465,1.61482,1.61452,1.61474,104600000,1
1290458100000,1290458159000,1.61474,1.61482,1.61432,1.61446,116800000,1
1290458160000,1290458219000,1.61437,1.61477,1.61428,1.61446,94600000,1
1290458220000,1290458279000,1.61442,1.61442,1.61364,1.61376,111400000,1
1290458280000,1290458339000,1.61376,1.61412,1.61375,1.61412,64800000,1
1290458340000,1290458399000,1.61406,1.61415,1.6135,1.61361,84600000,1
1290458400000,1290458459000,1.61366,1.61391,1.61357,1.61367,74700000,1
1290458460000,1290458519000,1.61367,1.61367,1.61344,1.61345,95600000,1
1290458520000,1290458579000,1.61346,1.61393,1.61329,1.6139,164600000,1
1290458580000,1290458639000,1.6139,1.6139,1.61333,1.61342,89600000,1
1290458640000,1290458699000,1.61342,1.6135,1.61305,1.61306,72700000,1
1290458700000,1290458759000,1.61319,1.61335,1.61293,1.61323,129400000,1
1290458760000,1290458819000,1.61321,1.61337,1.61313,1.61313,85300000,1
1290458820000,1290458879000,1.61323,1.61361,1.61323,1.61361,64700000,1
1290458880000,1290458939000,1.61359,1.61359,1.61328,1.61352,100600000,1
1290458940000,1290458999000,1.61356,1.61356,1.61327,1.61329,67400000,1
1290459000000,1290459059000,1.61329,1.61388,1.61329,1.61372,68200000,1
1290459060000,1290459119000,1.61377,1.61381,1.61372,1.61381,59400000,1
1290459120000,1290459179000,1.61375,1.6141,1.61375,1.61392,68600000,1
1290459180000,1290459239000,1.61392,1.61412,1.61365,1.61377,56700000,1
1290459240000,1290459299000,1.61375,1.61401,1.6136,1.61401,83100000,1
1290459300000,1290459359000,1.61401,1.61401,1.61363,1.61372,70700000,1
1290459360000,1290459419000,1.61395,1.61398,1.61364,1.61377,108000000,1
1290459420000,1290459479000,1.61375,1.61375,1.61358,1.61361,69500000,1
1290459480000,1290459539000,1.61362,1.61403,1.61353,1.61393,96900000,1
1290459540000,1290459599000,1.61381,1.61381,1.61357,1.61357,71500000,1
1290459600000,1290459659000,1.61356,1.61391,1.61356,1.61374,111600000,1
1290459660000,1290459719000,1.61385,1.61386,1.61336,1.61338,89600000,1
1290459720000,1290459779000,1.61333,1.61355,1.61279,1.61287,82100000,1
1290459780000,1290459839000,1.61287,1.61306,1.61286,1.61306,53900000,1
1290459840000,1290459899000,1.61302,1.61325,1.61302,1.61312,52700000,1
1290459900000,1290459959000,1.61312,1.61331,1.61312,1.61327,61000000,1
1290459960000,1290460019000,1.61327,1.61364,1.61327,1.61364,50800000,1
1290460020000,1290460079000,1.6136,1.61365,1.61355,1.61365,15600000,1
1290460080000,1290460139000,1.61365,1.61395,1.61365,1.61377,67400000,1
1290460140000,1290460199000,1.61377,1.61393,1.6137,1.61378,53700000,1
1290460200000,1290460259000,1.6138,1.61394,1.61377,1.61394,35600000,1
1290460260000,1290460319000,1.61394,1.61407,1.6138,1.6138,52700000,1
1290460320000,1290460379000,1.61377,1.6138,1.61343,1.61343,42300000,1
1290460380000,1290460439000,1.61343,1.61346,1.61317,1.61325,86000000,1
1290460440000,1290460499000,1.61323,1.61358,1.61323,1.61355,64600000,1
1290460500000,1290460559000,1.61355,1.61355,1.61322,1.61329,88900000,1
1290460560000,1290460619000,1.61329,1.61354,1.61329,1.61338,44800000,1
1290460620000,1290460679000,1.61338,1.61344,1.61329,1.61337,59200000,1
1290460680000,1290460739000,1.61337,1.61337,1.61324,1.61331,62300000,1
1290460740000,1290460799000,1.61331,1.6135,1.61331,1.61333,40600000,1
1290460800000,1290460859000,1.61333,1.61337,1.61333,1.61337,5400000,1
1290460860000,1290460919000,1.61338,1.6135,1.61317,1.6135,60300000,1
1290460920000,1290460979000,1.61355,1.6137,1.61323,1.61365,63500000,1
1290460980000,1290461039000,1.61365,1.61375,1.61326,1.61328,45200000,1
1290461040000,1290461099000,1.6133,1.61377,1.61324,1.61377,35700000,1
1290461100000,1290461159000,1.61365,1.61388,1.61365,1.61388,17200000,1
1290461160000,1290461219000,1.61384,1.61419,1.61347,1.61387,31000000,1
1290461220000,1290461279000,1.61393,1.61456,1.61342,1.61381,96200000,1
1290461280000,1290461339000,1.61393,1.61414,1.61376,1.61383,62300000,1
1290461340000,1290461399000,1.61393,1.61399,1.61393,1.61399,21500000,1
1290461400000,1290461459000,1.61399,1.61425,1.61393,1.61403,64500000,1
1290461460000,1290461519000,1.61403,1.61404,1.61393,1.61398,58600000,1
1290461520000,1290461579000,1.61398,1.61445,1.61395,1.61442,43700000,1
1290461580000,1290461639000,1.61444,1.61458,1.61442,1.61452,28100000,1
1290461640000,1290461699000,1.61452,1.61452,1.61386,1.61432,90800000,1
1290461700000,1290461759000,1.61432,1.61432,1.61415,1.61432,30700000,1
1290461760000,1290461819000,1.61427,1.61448,1.61415,1.61425,22800000,1
1290461820000,1290461879000,1.61425,1.61425,1.61409,1.61418,37200000,1
1290461880000,1290461939000,1.61422,1.61422,1.61404,1.61409,19600000,1
1290461940000,1290461999000,1.61401,1.61401,1.61352,1.61376,40200000,1
1290462000000,1290462059000,1.61372,1.61372,1.6134,1.61343,28900000,1
1290462060000,1290462119000,1.61346,1.61346,1.613,1.6131,18400000,1
1290462120000,1290462179000,1.6131,1.6131,1.6131,1.6131,14900000,1
1290462180000,1290462239000,1.6131,1.6131,1.61299,1.61299,45100000,1
1290462240000,1290462299000,1.61306,1.61318,1.61306,1.61316,31300000,1
1290462300000,1290462359000,1.61316,1.61336,1.61296,1.61318,49800000,1
1290462360000,1290462419000,1.6131,1.6131,1.61296,1.61299,44900000,1
1290462420000,1290462479000,1.61299,1.61373,1.61279,1.61373,55200000,1
1290462480000,1290462539000,1.61368,1.6137,1.61322,1.61352,65100000,1
1290462540000,1290462599000,1.61364,1.61383,1.61364,1.61377,58400000,1
1290462600000,1290462659000,1.6138,1.61399,1.6138,1.61384,54900000,1
1290462660000,1290462719000,1.61394,1.61402,1.61373,1.6138,70900000,1
1290462720000,1290462779000,1.6138,1.61389,1.61334,1.61353,70400000,1
1290462780000,1290462839000,1.61353,1.6138,1.61344,1.61347,49500000,1
1290462840000,1290462899000,1.61344,1.61365,1.61341,1.61363,75400000,1
1290462900000,1290462959000,1.61363,1.61371,1.61342,1.61347,57300000,1
1290462960000,1290463019000,1.61352,1.61373,1.61328,1.61348,53600000,1
1290463020000,1290463079000,1.61353,1.61399,1.61347,1.6139,51800000,1
1290463080000,1290463139000,1.6139,1.61408,1.61363,1.61399,94000000,1
1290463140000,1290463199000,1.61399,1.61399,1.61348,1.61348,88400000,1
1290463200000,1290463259000,1.61342,1.61398,1.61342,1.61356,30400000,1
1290463260000,1290463319000,1.61338,1.61417,1.61338,1.61417,27600000,1
1290463320000,1290463379000,1.61417,1.61418,1.61406,1.61408,27300000,1
1290463380000,1290463439000,1.61416,1.61416,1.61381,1.61412,39500000,1
1290463440000,1290463499000,1.61418,1.61418,1.61359,1.61368,26000000,1
1290463500000,1290463559000,1.61372,1.61372,1.61287,1.61342,29100000,1
1290463560000,1290463619000,1.61348,1.61353,1.61331,1.61332,21200000,1
1290463620000,1290463679000,1.61329,1.61355,1.61329,1.61355,22000000,1
1290463680000,1290463739000,1.61357,1.61372,1.6134,1.61346,60000000,1
1290463740000,1290463799000,1.61347,1.61353,1.61323,1.61353,40900000,1
1290463800000,1290463859000,1.61339,1.61354,1.61322,1.61337,56800000,1
1290463860000,1290463919000,1.61361,1.61367,1.61357,1.61358,14200000,1
1290463920000,1290463979000,1.61343,1.61359,1.61343,1.61359,38500000,1
1290463980000,1290464039000,1.61359,1.61359,1.61358,1.61359,8900000,1
1290464040000,1290464099000,1.61359,1.61363,1.61359,1.61363,14000000,1
1290464100000,1290464159000,1.61359,1.61367,1.61359,1.61359,31500000,1
1290464160000,1290464219000,1.61363,1.61378,1.61359,1.61378,17400000,1
1290464220000,1290464279000,1.61375,1.61378,1.61375,1.61378,12900000,1
1290464280000,1290464339000,1.61375,1.61398,1.61375,1.61398,27000000,1
1290464340000,1290464399000,1.61411,1.61419,1.61399,1.61399,58000000,1
1290464400000,1290464459000,1.61399,1.61418,1.61399,1.61418,40200000,1
1290464460000,1290464519000,1.61416,1.61463,1.61409,1.61455,113500000,1
1290464520000,1290464579000,1.61455,1.6148,1.61418,1.61444,118400000,1
1290464580000,1290464639000,1.61453,1.61463,1.61452,1.61462,25600000,1
1290464640000,1290464699000,1.61462,1.61517,1.61462,1.61494,80200000,1
1290464700000,1290464759000,1.61494,1.61512,1.61485,1.61499,98000000,1
1290464760000,1290464819000,1.61499,1.61506,1.61452,1.61453,57500000,1
1290464820000,1290464879000,1.61457,1.61469,1.61457,1.61468,29000000,1
1290464880000,1290464939000,1.61461,1.61461,1.61461,1.61461,9100000,1
1290464940000,1290464999000,1.61469,1.61469,1.61453,1.61462,32300000,1
1290465000000,1290465059000,1.61453,1.61463,1.61453,1.61459,17700000,1
1290465060000,1290465119000,1.61459,1.61487,1.61457,1.61478,44600000,1
1290465120000,1290465179000,1.61475,1.61486,1.61474,1.61486,27000000,1
1290465180000,1290465239000,1.61486,1.61487,1.61464,1.61464,59900000,1
1290465240000,1290465299000,1.61464,1.6148,1.61404,1.61457,103800000,1
1290465300000,1290465359000,1.61448,1.61463,1.61448,1.61457,27500000,1
1290465360000,1290465419000,1.61451,1.61467,1.61451,1.61451,14100000,1
1290465420000,1290465479000,1.61457,1.61499,1.61451,1.61489,107500000,1
1290465480000,1290465539000,1.61489,1.61496,1.61477,1.61483,26400000,1
1290465540000,1290465599000,1.61483,1.61488,1.61483,1.61483,15900000,1
1290465600000,1290465659000,1.61488,1.61488,1.61469,1.61483,5600000,1
1290465660000,1290465719000,1.61483,1.61498,1.61469,1.61471,38400000,1
1290465720000,1290465779000,1.61468,1.61473,1.61456,1.61463,90200000,1
1290465780000,1290465839000,1.61463,1.61468,1.61458,1.61467,23600000,1
1290465840000,1290465899000,1.61455,1.61455,1.61453,1.61453,2300000,1
1290465900000,1290465959000,1.61462,1.61527,1.61462,1.61503,76400000,1
1290465960000,1290466019000,1.61503,1.61508,1.61472,1.61472,73600000,1
1290466020000,1290466079000,1.61472,1.61483,1.61457,1.61457,32200000,1
1290466080000,1290466139000,1.61463,1.61464,1.61419,1.61419,33900000,1
1290466140000,1290466199000,1.61423,1.61427,1.61407,1.61409,26700000,1
1290466200000,1290466259000,1.61412,1.61428,1.61401,1.61403,30200000,1
1290466260000,1290466319000,1.61403,1.61419,1.61399,1.61399,42300000,1
1290466320000,1290466379000,1.61404,1.61414,1.61388,1.61394,51400000,1
1290466380000,1290466439000,1.61404,1.61437,1.61391,1.61423,75000000,1
1290466440000,1290466499000,1.61422,1.61504,1.61417,1.61501,73700000,1
1290466500000,1290466559000,1.61503,1.61503,1.61443,1.61487,114700000,1
1290466560000,1290466619000,1.61488,1.61488,1.61432,1.61437,76900000,1
1290466620000,1290466679000,1.61437,1.61466,1.6143,1.61461,55200000,1
1290466680000,1290466739000,1.61461,1.61485,1.61461,1.61467,45700000,1
1290466740000,1290466799000,1.61469,1.61477,1.61469,1.61472,12300000,1
1290466800000,1290466859000,1.61482,1.61482,1.6147,1.61473,9100000,1
1290466860000,1290466919000,1.61473,1.61527,1.61455,1.61526,64300000,1
1290466920000,1290466979000,1.61526,1.61527,1.61515,1.61517,30700000,1
1290466980000,1290467039000,1.61522,1.61533,1.6151,1.61517,58700000,1
1290467040000,1290467099000,1.61515,1.61518,1.61515,1.61517,13100000,1
1290467100000,1290467159000,1.61517,1.6152,1.61504,1.61504,24800000,1
1290467160000,1290467219000,1.61498,1.61527,1.61498,1.6151,38500000,1
1290467220000,1290467279000,1.61512,1.61523,1.61512,1.61523,27300000,1
1290467280000,1290467339000,1.61527,1.61527,1.61496,1.61496,37000000,1
1290467340000,1290467399000,1.61482,1.61503,1.61482,1.61503,25600000,1
1290467400000,1290467459000,1.61498,1.6151,1.61498,1.6151,25300000,1
1290467460000,1290467519000,1.61503,1.61518,1.61502,1.61507,35400000,1
1290467520000,1290467579000,1.61511,1.61512,1.61453,1.61453,41100000,1
1290467580000,1290467639000,1.61448,1.61448,1.61448,1.61448,10600000,1
1290467640000,1290467699000,1.61448,1.61448,1.61448,1.61448,1800000,1
1290467700000,1290467759000,1.61448,1.61465,1.61448,1.61465,27200000,1
1290467760000,1290467819000,1.61465,1.61488,1.61465,1.61488,25100000,1
1290467820000,1290467879000,1.61492,1.61492,1.61489,1.61489,7200000,1
1290467880000,1290467939000,1.61489,1.61493,1.61489,1.61489,8100000,1
1290467940000,1290467999000,1.61493,1.61498,1.61492,1.61494,20100000,1
1290468000000,1290468059000,1.61501,1.61501,1.61482,1.61488,73800000,1
1290468060000,1290468119000,1.61488,1.61516,1.61488,1.61516,53500000,1
1290468120000,1290468179000,1.61516,1.61553,1.61505,1.61552,119500000,1
1290468180000,1290468239000,1.61552,1.61558,1.61544,1.61547,147500000,1
1290468240000,1290468299000,1.61548,1.61553,1.61526,1.61526,54700000,1
1290468300000,1290468359000,1.61526,1.61567,1.61508,1.6153,101300000,1
1290468360000,1290468419000,1.61529,1.6155,1.61517,1.61542,32900000,1
1290468420000,1290468479000,1.61529,1.61544,1.61525,1.61533,16300000,1
1290468480000,1290468539000,1.61523,1.61537,1.61522,1.61532,19900000,1
1290468540000,1290468599000,1.61527,1.6155,1.61527,1.61547,18800000,1
1290468600000,1290468659000,1.61551,1.61551,1.61534,1.61534,10100000,1
1290468660000,1290468719000,1.61535,1.61535,1.61525,1.61525,13600000,1
1290468720000,1290468779000,1.61525,1.61525,1.61525,1.61525,14700000,1
1290468780000,1290468839000,1.61525,1.61535,1.61525,1.61535,19900000,1
1290468840000,1290468899000,1.61535,1.61536,1.61525,1.61525,26200000,1
1290468900000,1290468959000,1.61525,1.61539,1.61513,1.6152,50700000,1
1290468960000,1290469019000,1.6152,1.61529,1.61467,1.61491,107500000,1
1290469020000,1290469079000,1.61491,1.61527,1.61491,1.61517,101100000,1
1290469080000,1290469139000,1.61517,1.61524,1.61492,1.61524,58000000,1
1290469140000,1290469199000,1.61524,1.61535,1.61515,1.61517,55200000,1
1290469200000,1290469259000,1.61517,1.61542,1.61517,1.61529,50600000,1
1290469260000,1290469319000,1.61529,1.61532,1.61503,1.61517,47700000,1
1290469320000,1290469379000,1.61517,1.61532,1.61517,1.61532,16900000,1
1290469380000,1290469439000,1.6154,1.61557,1.6154,1.61556,27400000,1
1290469440000,1290469499000,1.61557,1.61557,1.61548,1.61548,7200000,1
1290469500000,1290469559000,1.61548,1.61548,1.61547,1.61548,8300000,1
1290469560000,1290469619000,1.61552,1.61596,1.61552,1.61582,94600000,1
1290469620000,1290469679000,1.61582,1.61622,1.61581,1.61583,84000000,1
1290469680000,1290469739000,1.61583,1.61589,1.61563,1.61563,90600000,1
1290469740000,1290469799000,1.61587,1.61603,1.61573,1.61596,58500000,1
1290469800000,1290469859000,1.61587,1.61611,1.61587,1.61594,37800000,1
1290469860000,1290469919000,1.61592,1.61598,1.61579,1.61592,40900000,1
1290469920000,1290469979000,1.61588,1.61619,1.61584,1.61619,96000000,1
1290469980000,1290470039000,1.61612,1.61637,1.61595,1.61595,122000000,1
1290470040000,1290470099000,1.61602,1.61602,1.61594,1.61594,24100000,1
1290470100000,1290470159000,1.61598,1.61631,1.61598,1.61614,72500000,1
1290470160000,1290470219000,1.61621,1.61624,1.61587,1.61603,129500000,1
1290470220000,1290470279000,1.61597,1.61626,1.61597,1.61602,102500000,1
1290470280000,1290470339000,1.61602,1.6162,1.61566,1.61571,103200000,1
1290470340000,1290470399000,1.61569,1.61588,1.61546,1.61561,70800000,1
1290470400000,1290470459000,1.61576,1.61607,1.6157,1.61606,132900000,1
1290470460000,1290470519000,1.61606,1.61624,1.61555,1.61555,137800000,1
1290470520000,1290470579000,1.61567,1.61625,1.61567,1.6162,117200000,1
1290470580000,1290470639000,1.61623,1.61623,1.61588,1.61619,102300000,1
1290470640000,1290470699000,1.61619,1.61646,1.61588,1.61646,128900000,1
1290470700000,1290470759000,1.61644,1.61665,1.61599,1.61629,116500000,1
1290470760000,1290470819000,1.61629,1.61638,1.6159,1.61603,92900000,1
1290470820000,1290470879000,1.61608,1.61609,1.61583,1.61597,122000000,1
1290470880000,1290470939000,1.61588,1.61642,1.61588,1.61642,94200000,1
1290470940000,1290470999000,1.61658,1.61658,1.61615,1.6164,120800000,1
1290471000000,1290471059000,1.61647,1.61647,1.61563,1.6162,120500000,1
1290471060000,1290471119000,1.6162,1.61639,1.61583,1.61583,128900000,1
1290471120000,1290471179000,1.61592,1.61625,1.61581,1.61607,129200000,1
1290471180000,1290471239000,1.61607,1.61607,1.6155,1.6155,87000000,1
1290471240000,1290471299000,1.61549,1.61549,1.61502,1.61502,75400000,1
1290471300000,1290471359000,1.61507,1.6152,1.61472,1.61491,89800000,1
1290471360000,1290471419000,1.61489,1.61513,1.61489,1.61499,57300000,1
1290471420000,1290471479000,1.61505,1.61505,1.61414,1.61423,107100000,1
1290471480000,1290471539000,1.61423,1.61507,1.61423,1.61507,166700000,1
1290471540000,1290471599000,1.61508,1.61508,1.61488,1.61492,85000000,1
1290471600000,1290471659000,1.61499,1.61514,1.61454,1.6148,104200000,1
1290471660000,1290471719000,1.61477,1.61477,1.61467,1.61476,16400000,1
1290471720000,1290471779000,1.61476,1.61476,1.61453,1.61458,51500000,1
1290471780000,1290471839000,1.61458,1.61473,1.61435,1.61473,54200000,1
1290471840000,1290471899000,1.61475,1.61486,1.61466,1.61472,31400000,1
1290471900000,1290471959000,1.61467,1.61526,1.61467,1.61508,76100000,1
1290471960000,1290472019000,1.61508,1.6151,1.61487,1.61496,53300000,1
1290472020000,1290472079000,1.61496,1.61507,1.61462,1.61484,113000000,1
1290472080000,1290472139000,1.61482,1.61491,1.61469,1.61469,58600000,1
1290472140000,1290472199000,1.61469,1.61494,1.61453,1.61482,66700000,1
1290472200000,1290472259000,1.61492,1.61497,1.61468,1.61468,52200000,1
1290472260000,1290472319000,1.61468,1.61468,1.61433,1.61433,75500000,1
1290472320000,1290472379000,1.61433,1.61452,1.61428,1.61429,69800000,1
1290472380000,1290472439000,1.61437,1.61462,1.61413,1.61441,125400000,1
1290472440000,1290472499000,1.61441,1.61463,1.61436,1.61447,59600000,1
1290472500000,1290472559000,1.61439,1.61452,1.61416,1.61434,52500000,1
1290472560000,1290472619000,1.61437,1.61458,1.61435,1.61446,28400000,1
1290472620000,1290472679000,1.61443,1.61447,1.61443,1.61447,5400000,1
1290472680000,1290472739000,1.61442,1.61447,1.61436,1.61441,16200000,1
1290472740000,1290472799000,1.61441,1.61457,1.61436,1.61457,33000000,1
1290472800000,1290472859000,1.61458,1.6147,1.61454,1.61461,36400000,1
1290472860000,1290472919000,1.61463,1.61477,1.61447,1.61456,60700000,1
1290472920000,1290472979000,1.61447,1.61469,1.61447,1.61461,51400000,1
1290472980000,1290473039000,1.61454,1.61454,1.61432,1.61439,70100000,1
1290473040000,1290473099000,1.61443,1.61507,1.61443,1.61498,58300000,1
1290473100000,1290473159000,1.61498,1.61498,1.61477,1.6148,32400000,1
1290473160000,1290473219000,1.6148,1.61488,1.61476,1.61479,36300000,1
1290473220000,1290473279000,1.61475,1.61508,1.61467,1.61498,77700000,1
1290473280000,1290473339000,1.6151,1.61516,1.61495,1.61507,39500000,1
1290473340000,1290473399000,1.61504,1.61514,1.61477,1.61499,81400000,1
1290473400000,1290473459000,1.61492,1.61534,1.61485,1.61503,167000000,1
1290473460000,1290473519000,1.61502,1.61542,1.61502,1.61533,136800000,1
1290473520000,1290473579000,1.61534,1.61534,1.61514,1.61529,63800000,1
1290473580000,1290473639000,1.61529,1.6153,1.61473,1.61494,59300000,1
1290473640000,1290473699000,1.61503,1.6151,1.61492,1.61493,82100000,1
1290473700000,1290473759000,1.61493,1.61536,1.61493,1.61536,90100000,1
1290473760000,1290473819000,1.61541,1.61544,1.61493,1.61493,83100000,1
1290473820000,1290473879000,1.615,1.61542,1.61465,1.6153,117400000,1
1290473880000,1290473939000,1.61532,1.61549,1.61502,1.61518,102300000,1
1290473940000,1290473999000,1.61518,1.61546,1.61495,1.6153,136300000,1
1290474000000,1290474059000,1.61527,1.61549,1.61488,1.61541,126900000,1
1290474060000,1290474119000,1.61542,1.61555,1.61474,1.61501,205000000,1
1290474120000,1290474179000,1.61499,1.61562,1.61499,1.61543,185200000,1
1290474180000,1290474239000,1.61538,1.61593,1.61538,1.61593,124400000,1
1290474240000,1290474299000,1.61593,1.61635,1.61568,1.61604,112600000,1
1290474300000,1290474359000,1.61608,1.61647,1.61602,1.61634,170100000,1
1290474360000,1290474419000,1.6164,1.61683,1.61613,1.61631,242300000,1
1290474420000,1290474479000,1.61631,1.61646,1.61616,1.61616,143800000,1
1290474480000,1290474539000,1.61616,1.61664,1.61616,1.6166,120600000,1
1290474540000,1290474599000,1.6166,1.61676,1.61592,1.61607,157800000,1
1290474600000,1290474659000,1.61601,1.61603,1.6154,1.61576,219000000,1
1290474660000,1290474719000,1.61578,1.61645,1.61578,1.61622,168500000,1
1290474720000,1290474779000,1.61622,1.61649,1.6159,1.61601,181900000,1
1290474780000,1290474839000,1.61601,1.61668,1.61595,1.6165,200100000,1
1290474840000,1290474899000,1.61639,1.61661,1.61603,1.61651,182400000,1
1290474900000,1290474959000,1.61648,1.61648,1.61595,1.61595,150700000,1
1290474960000,1290475019000,1.61604,1.61604,1.61568,1.61583,109900000,1
1290475020000,1290475079000,1.61583,1.61598,1.61546,1.61556,128000000,1
1290475080000,1290475139000,1.61556,1.61577,1.61526,1.6157,97400000,1
1290475140000,1290475199000,1.61568,1.61597,1.6156,1.61571,91100000,1
1290475200000,1290475259000,1.61568,1.61597,1.61558,1.61576,93700000,1
1290475260000,1290475319000,1.6157,1.61598,1.61556,1.61573,114300000,1
1290475320000,1290475379000,1.61577,1.61588,1.61553,1.61563,104400000,1
1290475380000,1290475439000,1.6156,1.6156,1.61547,1.61547,28000000,1
1290475440000,1290475499000,1.61547,1.61556,1.6153,1.61549,72400000,1
1290475500000,1290475559000,1.61549,1.61572,1.61533,1.61547,89200000,1
1290475560000,1290475619000,1.61548,1.61558,1.61523,1.61546,106700000,1
1290475620000,1290475679000,1.61541,1.61568,1.61488,1.61513,171700000,1
1290475680000,1290475739000,1.61508,1.61509,1.61492,1.61498,80400000,1
1290475740000,1290475799000,1.6149,1.61498,1.61459,1.61468,42100000,1
1290475800000,1290475859000,1.61478,1.61498,1.61461,1.61475,167500000,1
1290475860000,1290475919000,1.61469,1.61514,1.61462,1.61497,106300000,1
1290475920000,1290475979000,1.61497,1.61523,1.61497,1.61506,60200000,1
1290475980000,1290476039000,1.61514,1.61514,1.61476,1.61492,71500000,1
1290476040000,1290476099000,1.61491,1.61518,1.61491,1.61518,28500000,1
1290476100000,1290476159000,1.61522,1.61544,1.61498,1.61518,89200000,1
1290476160000,1290476219000,1.61518,1.61538,1.61511,1.61532,58900000,1
1290476220000,1290476279000,1.61533,1.61534,1.615,1.61528,79400000,1
1290476280000,1290476339000,1.61528,1.61577,1.61515,1.61559,134200000,1
1290476340000,1290476399000,1.61559,1.61592,1.61558,1.6158,93800000,1
1290476400000,1290476459000,1.61571,1.61593,1.61553,1.61565,151000000,1
1290476460000,1290476519000,1.61565,1.61573,1.61515,1.61523,79700000,1
1290476520000,1290476579000,1.61523,1.61535,1.61506,1.61533,47700000,1
1290476580000,1290476639000,1.61523,1.61534,1.61523,1.61524,28400000,1
1290476640000,1290476699000,1.61524,1.61526,1.61495,1.61514,65800000,1
1290476700000,1290476759000,1.61506,1.61528,1.61442,1.6145,104100000,1
1290476760000,1290476819000,1.61443,1.61465,1.61416,1.61465,114500000,1
1290476820000,1290476879000,1.61468,1.61504,1.61441,1.61459,179400000,1
1290476880000,1290476939000,1.61459,1.61483,1.6145,1.61483,94300000,1
1290476940000,1290476999000,1.61483,1.61489,1.61473,1.61478,35000000,1
1290477000000,1290477059000,1.61474,1.615,1.61453,1.61499,40700000,1
1290477060000,1290477119000,1.61494,1.61498,1.61427,1.6144,132100000,1
1290477120000,1290477179000,1.6144,1.61457,1.61419,1.61435,87400000,1
1290477180000,1290477239000,1.61435,1.61451,1.61395,1.61395,97700000,1
1290477240000,1290477299000,1.61395,1.61414,1.6139,1.61398,66100000,1
1290477300000,1290477359000,1.61412,1.61448,1.61388,1.61397,124200000,1
1290477360000,1290477419000,1.61399,1.61407,1.61383,1.61383,46300000,1
1290477420000,1290477479000,1.61388,1.61418,1.61388,1.61418,63500000,1
1290477480000,1290477539000,1.61399,1.61433,1.61391,1.61411,116100000,1
1290477540000,1290477599000,1.6142,1.6142,1.61309,1.61337,197900000,1
1290477600000,1290477659000,1.61342,1.61408,1.61337,1.61403,135700000,1
1290477660000,1290477719000,1.61405,1.61436,1.61395,1.61414,108200000,1
1290477720000,1290477779000,1.61414,1.61419,1.61356,1.6136,129900000,1
1290477780000,1290477839000,1.61358,1.61395,1.61357,1.61383,77400000,1
1290477840000,1290477899000,1.6139,1.61411,1.61375,1.61407,82400000,1
1290477900000,1290477959000,1.61415,1.61439,1.61388,1.61388,107300000,1
1290477960000,1290478019000,1.61398,1.61433,1.6139,1.61416,39300000,1
1290478020000,1290478079000,1.61413,1.6143,1.6139,1.61409,68100000,1
1290478080000,1290478139000,1.61409,1.61437,1.61409,1.61426,42000000,1
1290478140000,1290478199000,1.61428,1.61443,1.61426,1.61434,30900000,1
1290478200000,1290478259000,1.61429,1.61447,1.61425,1.61438,100900000,1
1290478260000,1290478319000,1.61442,1.61446,1.61402,1.61412,99800000,1
1290478320000,1290478379000,1.61412,1.61422,1.61377,1.61388,101700000,1
1290478380000,1290478439000,1.61392,1.61424,1.61392,1.61424,40000000,1
1290478440000,1290478499000,1.61424,1.61443,1.61393,1.614,73000000,1
1290478500000,1290478559000,1.61403,1.61404,1.61373,1.61404,65400000,1
1290478560000,1290478619000,1.61404,1.61404,1.61319,1.61374,146900000,1
1290478620000,1290478679000,1.61374,1.61392,1.61374,1.61384,53600000,1
1290478680000,1290478739000,1.61378,1.61378,1.61352,1.61378,43000000,1
1290478740000,1290478799000,1.61377,1.61377,1.61326,1.61326,56000000,1
1290478800000,1290478859000,1.61326,1.61353,1.61305,1.6131,61300000,1
1290478860000,1290478919000,1.6131,1.61329,1.61292,1.61302,90700000,1
1290478920000,1290478979000,1.61302,1.61311,1.61297,1.6131,38300000,1
1290478980000,1290479039000,1.61305,1.61316,1.61291,1.61316,57900000,1
1290479040000,1290479099000,1.61304,1.61333,1.61291,1.6132,80900000,1
1290479100000,1290479159000,1.61318,1.61328,1.61311,1.61313,53900000,1
1290479160000,1290479219000,1.61305,1.61314,1.61294,1.61308,51300000,1
1290479220000,1290479279000,1.61313,1.61374,1.61313,1.61363,73600000,1
1290479280000,1290479339000,1.61365,1.61449,1.61365,1.61405,140900000,1
1290479340000,1290479399000,1.61421,1.61426,1.61392,1.61426,83700000,1
1290479400000,1290479459000,1.61426,1.61426,1.61358,1.61407,132200000,1
1290479460000,1290479519000,1.61407,1.61407,1.61384,1.61392,92400000,1
1290479520000,1290479579000,1.61397,1.61412,1.61375,1.61394,65900000,1
1290479580000,1290479639000,1.61397,1.61414,1.61397,1.61411,43400000,1
1290479640000,1290479699000,1.61405,1.61405,1.61363,1.61373,94000000,1
1290479700000,1290479759000,1.61366,1.61385,1.61357,1.61385,73100000,1
1290479760000,1290479819000,1.61387,1.61392,1.61377,1.61388,31500000,1
1290479820000,1290479879000,1.61388,1.61397,1.61374,1.61383,47500000,1
1290479880000,1290479939000,1.61382,1.61392,1.61367,1.61378,22400000,1
1290479940000,1290479999000,1.61387,1.61389,1.61353,1.61353,59700000,1
1290480000000,1290480059000,1.61358,1.61382,1.61358,1.61374,56900000,1
1290480060000,1290480119000,1.61366,1.61398,1.61356,1.61398,72400000,1
1290480120000,1290480179000,1.61393,1.61439,1.61393,1.61432,85700000,1
1290480180000,1290480239000,1.61432,1.61481,1.61432,1.61469,124100000,1
1290480240000,1290480299000,1.61476,1.6153,1.61467,1.6153,113500000,1
1290480300000,1290480359000,1.61522,1.61529,1.61497,1.61517,75100000,1
1290480360000,1290480419000,1.61524,1.61532,1.61489,1.61525,95000000,1
1290480420000,1290480479000,1.61525,1.61581,1.61518,1.61574,57600000,1
1290480480000,1290480539000,1.61588,1.61606,1.61547,1.61585,104600000,1
1290480540000,1290480599000,1.61581,1.61589,1.6156,1.61589,79200000,1
1290480600000,1290480659000,1.61589,1.61589,1.61552,1.61552,92000000,1
1290480660000,1290480719000,1.61542,1.61571,1.61542,1.61569,50900000,1
1290480720000,1290480779000,1.61572,1.61593,1.61535,1.61572,81600000,1
1290480780000,1290480839000,1.61572,1.61599,1.61569,1.61582,108400000,1
1290480840000,1290480899000,1.61582,1.61623,1.61574,1.61605,89600000,1
1290480900000,1290480959000,1.61605,1.61644,1.61574,1.61629,112600000,1
1290480960000,1290481019000,1.6163,1.61656,1.61627,1.61628,84600000,1
1290481020000,1290481079000,1.61632,1.61648,1.6162,1.6162,109700000,1
1290481080000,1290481139000,1.6162,1.61626,1.61561,1.61626,124400000,1
1290481140000,1290481199000,1.61628,1.61652,1.61608,1.61618,102000000,1
1290481200000,1290481259000,1.61618,1.61652,1.61615,1.61652,72300000,1
1290481260000,1290481319000,1.6166,1.6167,1.61621,1.61626,101900000,1
1290481320000,1290481379000,1.61625,1.61632,1.61603,1.61632,54500000,1
1290481380000,1290481439000,1.61623,1.61623,1.61573,1.61578,84700000,1
1290481440000,1290481499000,1.61588,1.61617,1.61567,1.61603,119800000,1
1290481500000,1290481559000,1.61605,1.61619,1.61593,1.61619,84800000,1
1290481560000,1290481619000,1.61623,1.6164,1.61603,1.61606,60000000,1
1290481620000,1290481679000,1.61606,1.61608,1.61599,1.61601,56500000,1
1290481680000,1290481739000,1.61601,1.61622,1.61578,1.61595,65900000,1
1290481740000,1290481799000,1.61567,1.61575,1.61517,1.61575,158000000,1
1290481800000,1290481859000,1.61575,1.61575,1.61538,1.6156,72800000,1
1290481860000,1290481919000,1.61555,1.61603,1.61555,1.61586,60300000,1
1290481920000,1290481979000,1.61586,1.6161,1.61586,1.61606,19600000,1
1290481980000,1290482039000,1.61594,1.6161,1.61583,1.61591,36600000,1
1290482040000,1290482099000,1.61595,1.61629,1.61594,1.61594,53300000,1
1290482100000,1290482159000,1.61594,1.61624,1.61578,1.61584,105400000,1
1290482160000,1290482219000,1.61581,1.61605,1.61579,1.61605,67400000,1
1290482220000,1290482279000,1.61605,1.61608,1.61573,1.6158,59800000,1
1290482280000,1290482339000,1.6158,1.61589,1.61542,1.61542,61300000,1
1290482340000,1290482399000,1.61538,1.61561,1.61515,1.61515,136000000,1
1290482400000,1290482459000,1.61515,1.61527,1.61515,1.61526,48500000,1
1290482460000,1290482519000,1.61526,1.61526,1.61472,1.61477,54300000,1
1290482520000,1290482579000,1.61474,1.61478,1.6146,1.61462,52000000,1
1290482580000,1290482639000,1.6146,1.61463,1.61443,1.61449,42600000,1
1290482640000,1290482699000,1.61448,1.61479,1.61448,1.61479,64300000,1
1290482700000,1290482759000,1.61478,1.61481,1.61478,1.61479,37600000,1
1290482760000,1290482819000,1.6148,1.61499,1.6148,1.61499,28200000,1
1290482820000,1290482879000,1.61499,1.61527,1.61499,1.61527,46800000,1
1290482880000,1290482939000,1.61527,1.61568,1.61527,1.61562,90200000,1
1290482940000,1290482999000,1.61562,1.61608,1.61553,1.61608,69900000,1
1290483000000,1290483059000,1.61598,1.61651,1.61588,1.61609,126400000,1
1290483060000,1290483119000,1.61618,1.61635,1.61611,1.61615,94000000,1
1290483120000,1290483179000,1.61618,1.61618,1.61568,1.61569,81500000,1
1290483180000,1290483239000,1.61569,1.61588,1.61564,1.6158,119800000,1
1290483240000,1290483299000,1.61585,1.6162,1.61585,1.61617,89600000,1
1290483300000,1290483359000,1.61612,1.61617,1.61559,1.61564,138400000,1
1290483360000,1290483419000,1.61558,1.61564,1.61523,1.61554,117600000,1
1290483420000,1290483479000,1.61554,1.61562,1.61521,1.61537,103400000,1
1290483480000,1290483539000,1.61542,1.61547,1.61521,1.61521,112700000,1
1290483540000,1290483599000,1.61517,1.61528,1.61491,1.61491,71500000,1
1290483600000,1290483659000,1.61492,1.61505,1.61487,1.61505,23600000,1
1290483660000,1290483719000,1.61522,1.61522,1.61511,1.61512,50800000,1
1290483720000,1290483779000,1.61512,1.61535,1.61512,1.6153,42200000,1
1290483780000,1290483839000,1.61534,1.6155,1.61532,1.61542,25300000,1
1290483840000,1290483899000,1.61543,1.61543,1.61539,1.61539,20600000,1
1290483900000,1290483959000,1.61543,1.61548,1.6154,1.6154,45700000,1
1290483960000,1290484019000,1.6154,1.6154,1.61505,1.61517,47900000,1
1290484020000,1290484079000,1.61517,1.61517,1.61488,1.61507,107100000,1
1290484080000,1290484139000,1.61508,1.61539,1.61508,1.61539,90000000,1
1290484140000,1290484199000,1.61542,1.61599,1.61542,1.61558,200700000,1
1290484200000,1290484259000,1.61562,1.61593,1.61556,1.61582,58400000,1
1290484260000,1290484319000,1.61582,1.61582,1.61554,1.61577,61100000,1
1290484320000,1290484379000,1.61577,1.6158,1.61563,1.61563,38300000,1
1290484380000,1290484439000,1.61563,1.61563,1.61546,1.61555,36200000,1
1290484440000,1290484499000,1.61556,1.61556,1.61478,1.61478,94600000,1
1290484500000,1290484559000,1.61478,1.61508,1.61478,1.615,95900000,1
1290484560000,1290484619000,1.61499,1.61512,1.61478,1.61482,87400000,1
1290484620000,1290484679000,1.61477,1.61487,1.61472,1.61485,57300000,1
1290484680000,1290484739000,1.61488,1.61488,1.61474,1.61479,47700000,1
1290484740000,1290484799000,1.61473,1.61478,1.61468,1.61468,63900000,1
1290484800000,1290484859000,1.61474,1.61506,1.61459,1.61473,124100000,1
1290484860000,1290484919000,1.61473,1.61489,1.61459,1.61471,61400000,1
1290484920000,1290484979000,1.61471,1.61486,1.61451,1.61466,127600000,1
1290484980000,1290485039000,1.61462,1.61488,1.61454,1.61487,126900000,1
1290485040000,1290485099000,1.61488,1.61508,1.61465,1.615,195700000,1
1290485100000,1290485159000,1.615,1.61514,1.61498,1.61498,39100000,1
1290485160000,1290485219000,1.61498,1.61528,1.61486,1.61528,106300000,1
1290485220000,1290485279000,1.61528,1.61559,1.61521,1.61551,85900000,1
1290485280000,1290485339000,1.61551,1.61551,1.61528,1.61547,58300000,1
1290485340000,1290485399000,1.61536,1.61563,1.61527,1.61527,65000000,1
1290485400000,1290485459000,1.61525,1.6157,1.61525,1.61548,59100000,1
1290485460000,1290485519000,1.61542,1.61581,1.61531,1.61559,129700000,1
1290485520000,1290485579000,1.6156,1.61561,1.61542,1.61552,90800000,1
1290485580000,1290485639000,1.61552,1.61553,1.61533,1.61536,53600000,1
1290485640000,1290485699000,1.61542,1.61567,1.61542,1.6156,117200000,1
1290485700000,1290485759000,1.61559,1.61572,1.61525,1.6153,101900000,1
1290485760000,1290485819000,1.6153,1.61543,1.61502,1.61503,125000000,1
1290485820000,1290485879000,1.61513,1.6152,1.61496,1.61503,88200000,1
1290485880000,1290485939000,1.61503,1.6153,1.61498,1.61509,100000000,1
1290485940000,1290485999000,1.61504,1.61504,1.61459,1.61462,46300000,1
1290486000000,1290486059000,1.61461,1.61487,1.61452,1.61467,82400000,1
1290486060000,1290486119000,1.61467,1.61513,1.61462,1.6149,82300000,1
1290486120000,1290486179000,1.61487,1.61503,1.61487,1.61492,88700000,1
1290486180000,1290486239000,1.61506,1.61535,1.615,1.61518,114900000,1
1290486240000,1290486299000,1.61519,1.61563,1.61518,1.61528,58700000,1
1290486300000,1290486359000,1.61528,1.6153,1.61506,1.61513,34800000,1
1290486360000,1290486419000,1.61512,1.61524,1.61488,1.61501,95000000,1
1290486420000,1290486479000,1.615,1.6151,1.61491,1.61491,58900000,1
1290486480000,1290486539000,1.61499,1.61548,1.61499,1.61535,69200000,1
1290486540000,1290486599000,1.61543,1.61547,1.61535,1.61542,84000000,1
1290486600000,1290486659000,1.61547,1.61547,1.61526,1.61534,52900000,1
1290486660000,1290486719000,1.61522,1.61574,1.61521,1.61545,133200000,1
1290486720000,1290486779000,1.61556,1.61568,1.61544,1.61567,83900000,1
1290486780000,1290486839000,1.61563,1.61583,1.61562,1.61576,138700000,1
1290486840000,1290486899000,1.61572,1.6161,1.61549,1.61595,101100000,1
1290486900000,1290486959000,1.6159,1.61632,1.61589,1.61631,106000000,1
1290486960000,1290487019000,1.61624,1.61639,1.61612,1.61624,106200000,1
1290487020000,1290487079000,1.61624,1.61639,1.61606,1.61627,83700000,1
1290487080000,1290487139000,1.61631,1.61643,1.61599,1.6164,82800000,1
1290487140000,1290487199000,1.61638,1.61663,1.61628,1.61654,97500000,1
1290487200000,1290487259000,1.61654,1.61654,1.61615,1.61615,117700000,1
1290487260000,1290487319000,1.61615,1.61621,1.61605,1.61619,63800000,1
1290487320000,1290487379000,1.61614,1.61628,1.61609,1.61625,72000000,1
1290487380000,1290487439000,1.61633,1.61659,1.61633,1.61645,79800000,1
1290487440000,1290487499000,1.61645,1.61662,1.61638,1.61645,93500000,1
1290487500000,1290487559000,1.61645,1.61645,1.61628,1.61638,65100000,1
1290487560000,1290487619000,1.61638,1.61655,1.61629,1.61646,78900000,1
1290487620000,1290487679000,1.61655,1.61662,1.61618,1.61629,73200000,1
1290487680000,1290487739000,1.61628,1.61644,1.61613,1.61636,51400000,1
1290487740000,1290487799000,1.61636,1.61657,1.61636,1.61649,93600000,1
1290487800000,1290487859000,1.61649,1.61652,1.61594,1.61605,118100000,1
1290487860000,1290487919000,1.616,1.61633,1.61588,1.61617,127600000,1
1290487920000,1290487979000,1.61626,1.6165,1.61618,1.61649,85300000,1
1290487980000,1290488039000,1.61649,1.61689,1.61636,1.61685,88700000,1
1290488040000,1290488099000,1.61685,1.61691,1.6167,1.61685,65300000,1
1290488100000,1290488159000,1.61676,1.61679,1.61652,1.61674,61900000,1
1290488160000,1290488219000,1.61669,1.61681,1.61644,1.61644,36800000,1
1290488220000,1290488279000,1.61656,1.61673,1.61644,1.61645,47800000,1
1290488280000,1290488339000,1.61656,1.6166,1.61641,1.61641,43600000,1
1290488340000,1290488399000,1.61648,1.61698,1.61641,1.61667,110700000,1
1290488400000,1290488459000,1.61667,1.61675,1.61659,1.61667,51000000,1
1290488460000,1290488519000,1.61667,1.61707,1.61657,1.61674,69200000,1
1290488520000,1290488579000,1.61673,1.61691,1.61661,1.61679,86000000,1
1290488580000,1290488639000,1.61679,1.61708,1.61677,1.6169,113800000,1
1290488640000,1290488699000,1.61691,1.61709,1.61672,1.61673,80400000,1
1290488700000,1290488759000,1.61673,1.61729,1.61673,1.61718,131000000,1
1290488760000,1290488819000,1.61719,1.61759,1.61718,1.61728,106900000,1
1290488820000,1290488879000,1.61723,1.6177,1.61723,1.61768,121700000,1
1290488880000,1290488939000,1.61759,1.61792,1.61746,1.61781,110300000,1
1290488940000,1290488999000,1.6179,1.61802,1.61773,1.61792,126900000,1
1290489000000,1290489059000,1.61787,1.61808,1.61769,1.61773,110000000,1
1290489060000,1290489119000,1.61773,1.61799,1.61753,1.61783,110200000,1
1290489120000,1290489179000,1.61783,1.61811,1.61771,1.61783,127300000,1
1290489180000,1290489239000,1.61787,1.61858,1.61773,1.61839,196000000,1
1290489240000,1290489299000,1.61846,1.61846,1.61813,1.61829,62200000,1
1290489300000,1290489359000,1.61825,1.61852,1.61821,1.61836,100400000,1
1290489360000,1290489419000,1.61836,1.61838,1.61766,1.61769,182100000,1
1290489420000,1290489479000,1.61754,1.61784,1.61754,1.61776,128700000,1
1290489480000,1290489539000,1.61776,1.6178,1.61751,1.61775,98300000,1
1290489540000,1290489599000,1.61777,1.61788,1.61768,1.61777,81400000,1
1290489600000,1290489659000,1.61772,1.61775,1.61757,1.6177,92300000,1
1290489660000,1290489719000,1.6177,1.61774,1.61758,1.61768,103200000,1
1290489720000,1290489779000,1.61774,1.61789,1.61773,1.61783,66400000,1
1290489780000,1290489839000,1.61783,1.61787,1.61744,1.61754,97800000,1
1290489840000,1290489899000,1.61754,1.61781,1.61743,1.61781,127300000,1
1290489900000,1290489959000,1.61768,1.61817,1.61768,1.61775,155800000,1
1290489960000,1290490019000,1.61775,1.61814,1.61753,1.61762,98400000,1
1290490020000,1290490079000,1.61765,1.61765,1.61733,1.61733,143900000,1
1290490080000,1290490139000,1.61733,1.61759,1.61712,1.6173,117700000,1
1290490140000,1290490199000,1.61728,1.61736,1.61702,1.61713,98400000,1
1290490200000,1290490259000,1.61711,1.61763,1.61711,1.61763,85500000,1
1290490260000,1290490319000,1.61769,1.61798,1.61769,1.61786,91400000,1
1290490320000,1290490379000,1.61786,1.61798,1.61769,1.61798,135100000,1
1290490380000,1290490439000,1.61804,1.61809,1.61784,1.61809,105100000,1
1290490440000,1290490499000,1.6181,1.61812,1.61787,1.61806,84600000,1
1290490500000,1290490559000,1.61806,1.61836,1.61713,1.61718,131900000,1
1290490560000,1290490619000,1.6173,1.61754,1.61723,1.61731,69200000,1
1290490620000,1290490679000,1.6172,1.61738,1.61705,1.61705,91900000,1
1290490680000,1290490739000,1.61705,1.6171,1.61662,1.61663,83400000,1
1290490740000,1290490799000,1.61663,1.617,1.61634,1.617,102600000,1
1290490800000,1290490859000,1.617,1.61708,1.61696,1.61698,58200000,1
1290490860000,1290490919000,1.61692,1.61707,1.61666,1.61673,76000000,1
1290490920000,1290490979000,1.61671,1.61687,1.61657,1.61671,49500000,1
1290490980000,1290491039000,1.6166,1.6166,1.61631,1.61648,50200000,1
1290491040000,1290491099000,1.61638,1.61651,1.61636,1.61646,27100000,1
1290491100000,1290491159000,1.61646,1.61661,1.61642,1.61651,30300000,1
1290491160000,1290491219000,1.61644,1.61644,1.61609,1.61642,156600000,1
1290491220000,1290491279000,1.61643,1.61665,1.6164,1.61655,108000000,1
1290491280000,1290491339000,1.61658,1.617,1.61651,1.61692,113900000,1
1290491340000,1290491399000,1.61694,1.6171,1.61673,1.61686,73200000,1
1290491400000,1290491459000,1.61684,1.61707,1.61679,1.61686,89400000,1
1290491460000,1290491519000,1.61697,1.61763,1.61693,1.61738,137400000,1
1290491520000,1290491579000,1.61751,1.61758,1.61711,1.61727,109000000,1
1290491580000,1290491639000,1.61727,1.61744,1.61706,1.61734,58200000,1
1290491640000,1290491699000,1.61734,1.61762,1.61707,1.61753,122500000,1
1290491700000,1290491759000,1.61752,1.61763,1.61735,1.61752,71200000,1
1290491760000,1290491819000,1.61739,1.61752,1.61719,1.61725,69500000,1
1290491820000,1290491879000,1.61738,1.61747,1.61724,1.61737,63000000,1
1290491880000,1290491939000,1.61737,1.61752,1.6171,1.61722,131900000,1
1290491940000,1290491999000,1.61722,1.61728,1.61685,1.61704,117700000,1
1290492000000,1290492059000,1.61716,1.61782,1.61702,1.61767,151000000,1
1290492060000,1290492119000,1.61771,1.61802,1.61762,1.61772,112900000,1
1290492120000,1290492179000,1.61772,1.61808,1.61772,1.61784,102100000,1
1290492180000,1290492239000,1.61784,1.61787,1.61757,1.61758,33700000,1
1290492240000,1290492299000,1.61758,1.61758,1.61738,1.61748,40600000,1
1290492300000,1290492359000,1.61748,1.61835,1.61742,1.61817,93600000,1
1290492360000,1290492419000,1.61823,1.61858,1.61812,1.61823,150700000,1
1290492420000,1290492479000,1.61816,1.61895,1.61806,1.61866,150100000,1
1290492480000,1290492539000,1.61866,1.61941,1.61866,1.61927,179600000,1
1290492540000,1290492599000,1.61923,1.61935,1.61883,1.61902,215100000,1
1290492600000,1290492659000,1.61899,1.61921,1.61874,1.61921,159400000,1
1290492660000,1290492719000,1.61897,1.61956,1.61887,1.61931,169200000,1
1290492720000,1290492779000,1.61926,1.6202,1.61917,1.61987,203300000,1
1290492780000,1290492839000,1.62002,1.62018,1.61906,1.61906,198300000,1
1290492840000,1290492899000,1.61912,1.62043,1.61896,1.62001,299500000,1
1290492900000,1290492959000,1.61996,1.62069,1.61983,1.62018,220500000,1
1290492960000,1290493019000,1.62019,1.6207,1.61979,1.62009,194000000,1
1290493020000,1290493079000,1.62013,1.62068,1.6197,1.62039,232500000,1
1290493080000,1290493139000,1.62042,1.62072,1.61969,1.62053,190700000,1
1290493140000,1290493199000,1.62037,1.62093,1.61968,1.61978,211900000,1
1290493200000,1290493259000,1.61973,1.62045,1.61967,1.62029,251200000,1
1290493260000,1290493319000,1.62046,1.62095,1.62007,1.62055,219300000,1
1290493320000,1290493379000,1.62044,1.62076,1.62034,1.62076,209100000,1
1290493380000,1290493439000,1.62084,1.62133,1.62062,1.62122,185400000,1
1290493440000,1290493499000,1.62122,1.62265,1.62119,1.62238,210400000,1
1290493500000,1290493559000,1.62249,1.62339,1.62242,1.62336,195600000,1
1290493560000,1290493619000,1.62338,1.6242,1.62324,1.62359,249600000,1
1290493620000,1290493679000,1.62367,1.62488,1.62367,1.62369,224500000,1
1290493680000,1290493739000,1.62384,1.62416,1.62267,1.62267,220000000,1
1290493740000,1290493799000,1.62258,1.6226,1.62185,1.6226,207900000,1
1290493800000,1290493859000,1.62253,1.62263,1.62188,1.62219,153100000,1
1290493860000,1290493919000,1.62224,1.62258,1.62198,1.62212,184900000,1
1290493920000,1290493979000,1.62217,1.62264,1.62205,1.62233,172500000,1
1290493980000,1290494039000,1.6224,1.62251,1.62214,1.62243,117500000,1
1290494040000,1290494099000,1.62243,1.62301,1.62243,1.62301,149700000,1
1290494100000,1290494159000,1.62281,1.62312,1.62223,1.62224,199400000,1
1290494160000,1290494219000,1.62225,1.6226,1.62169,1.62235,132000000,1
1290494220000,1290494279000,1.62252,1.62308,1.6223,1.62298,185600000,1
1290494280000,1290494339000,1.62298,1.6247,1.62243,1.62451,231400000,1
1290494340000,1290494399000,1.62448,1.62469,1.6228,1.6231,219900000,1
1290494400000,1290494459000,1.62301,1.62395,1.62301,1.62382,119400000,1
1290494460000,1290494519000,1.62386,1.62495,1.62352,1.62495,189300000,1
1290494520000,1290494579000,1.62493,1.62493,1.62365,1.62377,256300000,1
1290494580000,1290494639000,1.62383,1.62409,1.62349,1.62385,126100000,1
1290494640000,1290494699000,1.62389,1.62434,1.62385,1.62434,115000000,1
1290494700000,1290494759000,1.62434,1.62578,1.62409,1.62543,195600000,1
1290494760000,1290494819000,1.62545,1.62579,1.62434,1.62484,145400000,1
1290494820000,1290494879000,1.62492,1.62537,1.62452,1.62477,183900000,1
1290494880000,1290494939000,1.62471,1.62512,1.62449,1.62466,188700000,1
1290494940000,1290494999000,1.62462,1.62481,1.624,1.62473,177000000,1
1290495000000,1290495059000,1.62473,1.62502,1.62391,1.62391,194500000,1
1290495060000,1290495119000,1.62387,1.62411,1.62378,1.62387,189300000,1
1290495120000,1290495179000,1.62388,1.62391,1.62332,1.62376,136700000,1
1290495180000,1290495239000,1.62389,1.62467,1.62367,1.62398,204300000,1
1290495240000,1290495299000,1.62392,1.62414,1.62264,1.62314,172400000,1
1290495300000,1290495359000,1.62338,1.62369,1.62279,1.62298,149300000,1
1290495360000,1290495419000,1.6231,1.6233,1.62259,1.62268,200500000,1
1290495420000,1290495479000,1.62267,1.62278,1.62194,1.6223,114100000,1
1290495480000,1290495539000,1.62268,1.62268,1.62198,1.62203,131300000,1
1290495540000,1290495599000,1.62193,1.62216,1.62109,1.62153,160800000,1
1290495600000,1290495659000,1.6215,1.62153,1.62004,1.62041,206900000,1
1290495660000,1290495719000,1.62044,1.62093,1.62037,1.62037,149800000,1
1290495720000,1290495779000,1.62037,1.6207,1.62017,1.6207,149500000,1
1290495780000,1290495839000,1.62095,1.62155,1.62094,1.62111,196800000,1
1290495840000,1290495899000,1.62112,1.62188,1.62103,1.62178,121700000,1
1290495900000,1290495959000,1.62178,1.6218,1.6206,1.62081,153200000,1
1290495960000,1290496019000,1.62081,1.62087,1.62013,1.62021,159700000,1
1290496020000,1290496079000,1.62026,1.62081,1.62021,1.6204,130100000,1
1290496080000,1290496139000,1.62045,1.62061,1.62036,1.62051,84300000,1
1290496140000,1290496199000,1.62051,1.62051,1.61993,1.62,94600000,1
1290496200000,1290496259000,1.61998,1.62075,1.61998,1.62065,219400000,1
1290496260000,1290496319000,1.62061,1.6214,1.62028,1.62138,138100000,1
1290496320000,1290496379000,1.62143,1.62252,1.62135,1.6219,198600000,1
1290496380000,1290496439000,1.62194,1.62196,1.621,1.6212,244200000,1
1290496440000,1290496499000,1.62119,1.62231,1.62099,1.62144,159900000,1
1290496500000,1290496559000,1.62145,1.62157,1.62055,1.62118,160000000,1
1290496560000,1290496619000,1.62114,1.62114,1.62057,1.62069,91100000,1
1290496620000,1290496679000,1.62071,1.62091,1.62042,1.62049,137200000,1
1290496680000,1290496739000,1.62051,1.62065,1.62012,1.62059,154600000,1
1290496740000,1290496799000,1.62045,1.62068,1.61975,1.62059,160600000,1
1290496800000,1290496859000,1.62059,1.62059,1.61993,1.62027,137300000,1
1290496860000,1290496919000,1.6202,1.62066,1.62017,1.62052,117200000,1
1290496920000,1290496979000,1.62052,1.62075,1.62035,1.62065,215200000,1
1290496980000,1290497039000,1.62079,1.62189,1.62052,1.62108,175100000,1
1290497040000,1290497099000,1.62108,1.62135,1.62096,1.62107,95000000,1
1290497100000,1290497159000,1.62106,1.62218,1.62098,1.62218,153900000,1
1290497160000,1290497219000,1.62223,1.62287,1.62223,1.62249,124600000,1
1290497220000,1290497279000,1.62249,1.62263,1.62194,1.62194,74800000,1
1290497280000,1290497339000,1.62193,1.62239,1.62172,1.62239,69900000,1
1290497340000,1290497399000,1.62229,1.62311,1.6222,1.62291,161200000,1
1290497400000,1290497459000,1.62286,1.62304,1.62226,1.62261,108700000,1
1290497460000,1290497519000,1.62261,1.623,1.62261,1.623,67800000,1
1290497520000,1290497579000,1.62295,1.62423,1.62287,1.62395,125200000,1
1290497580000,1290497639000,1.62397,1.62504,1.62372,1.62439,137500000,1
1290497640000,1290497699000,1.62439,1.62575,1.62439,1.6252,174600000,1
1290497700000,1290497759000,1.62509,1.62517,1.62405,1.62405,148700000,1
1290497760000,1290497819000,1.62409,1.62462,1.62398,1.62435,228000000,1
1290497820000,1290497879000,1.62438,1.62438,1.62384,1.62411,136800000,1
1290497880000,1290497939000,1.62402,1.62443,1.62372,1.62414,178900000,1
1290497940000,1290497999000,1.62422,1.62506,1.62404,1.62456,257400000,1
1290498000000,1290498059000,1.62449,1.62449,1.62373,1.6241,119700000,1
1290498060000,1290498119000,1.62423,1.62457,1.62402,1.62452,116800000,1
1290498120000,1290498179000,1.62455,1.62509,1.62425,1.62429,140000000,1
1290498180000,1290498239000,1.62419,1.62448,1.62383,1.62434,155600000,1
1290498240000,1290498299000,1.62442,1.62444,1.62397,1.62397,91700000,1
1290498300000,1290498359000,1.62404,1.6243,1.62363,1.6239,130200000,1
1290498360000,1290498419000,1.62402,1.62444,1.62387,1.62411,173800000,1
1290498420000,1290498479000,1.62411,1.62445,1.62408,1.62428,175000000,1
1290498480000,1290498539000,1.62438,1.62472,1.62428,1.62447,127100000,1
1290498540000,1290498599000,1.62447,1.62467,1.6243,1.62467,89500000,1
1290498600000,1290498659000,1.62466,1.6247,1.62379,1.62396,174800000,1
1290498660000,1290498719000,1.62403,1.62411,1.62364,1.62364,98600000,1
1290498720000,1290498779000,1.62358,1.62384,1.62293,1.62328,176400000,1
1290498780000,1290498839000,1.62322,1.62356,1.62309,1.62342,156800000,1
1290498840000,1290498899000,1.62327,1.62359,1.62318,1.62322,100200000,1
1290498900000,1290498959000,1.62323,1.62344,1.62302,1.62321,128000000,1
1290498960000,1290499019000,1.6236,1.62404,1.62328,1.62371,101600000,1
1290499020000,1290499079000,1.62386,1.62403,1.62286,1.62291,124400000,1
1290499080000,1290499139000,1.62306,1.62405,1.62306,1.62395,190000000,1
1290499140000,1290499199000,1.62386,1.62493,1.62365,1.62493,170500000,1
1290499200000,1290499259000,1.62494,1.62494,1.62421,1.6246,153800000,1
1290499260000,1290499319000,1.62457,1.62512,1.62436,1.62436,101600000,1
1290499320000,1290499379000,1.62443,1.62506,1.62363,1.62499,155800000,1
1290499380000,1290499439000,1.62487,1.6262,1.62468,1.62485,124300000,1
1290499440000,1290499499000,1.62478,1.62478,1.6244,1.62457,86200000,1
1290499500000,1290499559000,1.62454,1.62514,1.6243,1.62462,101800000,1
1290499560000,1290499619000,1.62471,1.62512,1.6246,1.62504,165900000,1
1290499620000,1290499679000,1.62518,1.62534,1.62459,1.62469,151900000,1
1290499680000,1290499739000,1.62494,1.62634,1.62494,1.62589,151500000,1
1290499740000,1290499799000,1.6258,1.62722,1.62572,1.62641,157800000,1
1290499800000,1290499859000,1.62642,1.62642,1.6258,1.62589,175500000,1
1290499860000,1290499919000,1.62581,1.62615,1.62567,1.62604,88500000,1
1290499920000,1290499979000,1.62611,1.62671,1.62595,1.62654,147600000,1
1290499980000,1290500039000,1.62646,1.6269,1.62637,1.62668,154400000,1
1290500040000,1290500099000,1.62676,1.6274,1.62676,1.62693,149900000,1
1290500100000,1290500159000,1.62698,1.62831,1.62698,1.62786,137000000,1
1290500160000,1290500219000,1.62786,1.62837,1.62755,1.62807,126900000,1
1290500220000,1290500279000,1.62798,1.62832,1.62768,1.62786,171100000,1
1290500280000,1290500339000,1.62789,1.62847,1.62773,1.62817,123100000,1
1290500340000,1290500399000,1.62823,1.62883,1.62791,1.62815,175700000,1
1290500400000,1290500459000,1.62825,1.6283,1.62751,1.62759,130000000,1
1290500460000,1290500519000,1.62761,1.62799,1.62746,1.62797,95100000,1
1290500520000,1290500579000,1.62794,1.62794,1.62697,1.62718,111200000,1
1290500580000,1290500639000,1.6272,1.62752,1.62677,1.62693,141900000,1
1290500640000,1290500699000,1.62693,1.62706,1.62625,1.6264,137000000,1
1290500700000,1290500759000,1.62649,1.62649,1.62588,1.62592,143600000,1
1290500760000,1290500819000,1.62602,1.62643,1.62587,1.62634,127400000,1
1290500820000,1290500879000,1.62642,1.62667,1.62624,1.62626,120500000,1
1290500880000,1290500939000,1.62629,1.62676,1.62583,1.62601,168200000,1
1290500940000,1290500999000,1.62601,1.62657,1.62571,1.62601,102300000,1
1290501000000,1290501059000,1.62599,1.62599,1.62536,1.62557,136800000,1
1290501060000,1290501119000,1.62557,1.62648,1.62532,1.62627,178100000,1
1290501120000,1290501179000,1.62629,1.62642,1.62523,1.62523,174700000,1
1290501180000,1290501239000,1.62528,1.62577,1.62518,1.62519,138900000,1
1290501240000,1290501299000,1.62519,1.62533,1.62476,1.62527,146600000,1
1290501300000,1290501359000,1.62524,1.62559,1.62492,1.62542,156900000,1
1290501360000,1290501419000,1.62542,1.62569,1.62531,1.62555,83900000,1
1290501420000,1290501479000,1.6256,1.62575,1.62537,1.62551,134100000,1
1290501480000,1290501539000,1.62551,1.62612,1.62551,1.62592,105200000,1
1290501540000,1290501599000,1.6259,1.62613,1.62555,1.62578,112400000,1
1290501600000,1290501659000,1.62569,1.62675,1.62569,1.62665,109500000,1
1290501660000,1290501719000,1.62661,1.6268,1.62576,1.62624,122900000,1
1290501720000,1290501779000,1.62619,1.6264,1.62586,1.6264,104800000,1
1290501780000,1290501839000,1.62625,1.62627,1.62583,1.62588,109800000,1
1290501840000,1290501899000,1.62585,1.62607,1.62561,1.62588,132900000,1
1290501900000,1290501959000,1.62588,1.62698,1.62578,1.62663,168100000,1
1290501960000,1290502019000,1.62663,1.62667,1.62632,1.62657,114100000,1
1290502020000,1290502079000,1.62656,1.62712,1.62656,1.62704,132800000,1
1290502080000,1290502139000,1.62704,1.62715,1.62659,1.62706,172900000,1
1290502140000,1290502199000,1.62706,1.62745,1.6267,1.62726,134700000,1
1290502200000,1290502259000,1.62722,1.62742,1.62665,1.62695,151900000,1
1290502260000,1290502319000,1.62697,1.62697,1.62609,1.62622,172600000,1
1290502320000,1290502379000,1.62622,1.62638,1.62621,1.62628,54600000,1
1290502380000,1290502439000,1.62626,1.62626,1.6255,1.62569,123500000,1
1290502440000,1290502499000,1.62571,1.62582,1.62531,1.62543,102900000,1
1290502500000,1290502559000,1.62558,1.62564,1.62501,1.62537,153500000,1
1290502560000,1290502619000,1.62537,1.62537,1.62474,1.62494,99100000,1
1290502620000,1290502679000,1.62489,1.6251,1.62442,1.62457,177100000,1
1290502680000,1290502739000,1.62449,1.6247,1.62431,1.62461,74500000,1
1290502740000,1290502799000,1.62455,1.62462,1.62408,1.6242,120100000,1
1290502800000,1290502859000,1.6243,1.62451,1.62386,1.62386,111700000,1
1290502860000,1290502919000,1.62389,1.62407,1.62368,1.62382,131200000,1
1290502920000,1290502979000,1.62379,1.62424,1.62341,1.62347,134200000,1
1290502980000,1290503039000,1.62343,1.62369,1.62316,1.62316,131700000,1
1290503040000,1290503099000,1.62316,1.62319,1.62248,1.62255,157100000,1
1290503100000,1290503159000,1.62276,1.62285,1.62241,1.62285,126800000,1
1290503160000,1290503219000,1.62303,1.62345,1.62292,1.62318,141300000,1
1290503220000,1290503279000,1.62315,1.62336,1.623,1.62304,133500000,1
1290503280000,1290503339000,1.62293,1.62307,1.62263,1.6228,151300000,1
1290503340000,1290503399000,1.62275,1.62277,1.62206,1.62206,192900000,1
1290503400000,1290503459000,1.62203,1.62208,1.62147,1.62147,176000000,1
1290503460000,1290503519000,1.6215,1.62158,1.62106,1.62107,229600000,1
1290503520000,1290503579000,1.62102,1.62135,1.62078,1.62109,194100000,1
1290503580000,1290503639000,1.62107,1.62222,1.62107,1.62222,120600000,1
1290503640000,1290503699000,1.62221,1.62268,1.62221,1.62265,98900000,1
1290503700000,1290503759000,1.62274,1.62274,1.62212,1.62227,133300000,1
1290503760000,1290503819000,1.62227,1.62262,1.62206,1.62223,89800000,1
1290503820000,1290503879000,1.62233,1.62233,1.62204,1.62227,94800000,1
1290503880000,1290503939000,1.62235,1.62263,1.62223,1.62258,76100000,1
1290503940000,1290503999000,1.62254,1.62281,1.62242,1.62242,101200000,1
1290504000000,1290504059000,1.62247,1.62288,1.62234,1.62242,112300000,1
1290504060000,1290504119000,1.62242,1.62299,1.62242,1.62288,92500000,1
1290504120000,1290504179000,1.62287,1.62308,1.6226,1.62267,122300000,1
1290504180000,1290504239000,1.62267,1.62289,1.62259,1.62289,87500000,1
1290504240000,1290504299000,1.62297,1.62324,1.62278,1.62299,118900000,1
1290504300000,1290504359000,1.62309,1.62359,1.62309,1.62351,102500000,1
1290504360000,1290504419000,1.6235,1.62379,1.62314,1.62347,110200000,1
1290504420000,1290504479000,1.62345,1.62378,1.62314,1.62361,97600000,1
1290504480000,1290504539000,1.62346,1.62375,1.62323,1.62358,89800000,1
1290504540000,1290504599000,1.62358,1.62362,1.62293,1.62308,123200000,1
1290504600000,1290504659000,1.6231,1.6232,1.62223,1.62223,90700000,1
1290504660000,1290504719000,1.62222,1.62281,1.62209,1.62219,86300000,1
1290504720000,1290504779000,1.62227,1.6226,1.62207,1.62257,141300000,1
1290504780000,1290504839000,1.62268,1.62293,1.62227,1.62238,125200000,1
1290504840000,1290504899000,1.62233,1.62257,1.62177,1.62187,119800000,1
1290504900000,1290504959000,1.62196,1.62209,1.62162,1.62176,89500000,1
1290504960000,1290505019000,1.62175,1.62211,1.62162,1.62198,100100000,1
1290505020000,1290505079000,1.62198,1.62212,1.6216,1.62184,75400000,1
1290505080000,1290505139000,1.62189,1.62223,1.62176,1.62199,115800000,1
1290505140000,1290505199000,1.622,1.62209,1.62164,1.62177,80100000,1
1290505200000,1290505259000,1.62182,1.6221,1.62142,1.62142,128400000,1
1290505260000,1290505319000,1.62145,1.62217,1.62138,1.62217,114900000,1
1290505320000,1290505379000,1.62211,1.62221,1.62141,1.62166,128000000,1
1290505380000,1290505439000,1.62159,1.62196,1.62143,1.62191,85000000,1
1290505440000,1290505499000,1.62191,1.62215,1.62181,1.62209,94100000,1
1290505500000,1290505559000,1.62207,1.6223,1.62169,1.6223,92200000,1
1290505560000,1290505619000,1.62232,1.62248,1.62186,1.62195,119000000,1
1290505620000,1290505679000,1.62201,1.62202,1.62178,1.62195,52000000,1
1290505680000,1290505739000,1.62193,1.62202,1.62173,1.6218,67900000,1
1290505740000,1290505799000,1.6218,1.6218,1.62125,1.62132,74300000,1
1290505800000,1290505859000,1.62128,1.62135,1.62087,1.62091,88000000,1
1290505860000,1290505919000,1.6209,1.62097,1.62017,1.62074,155900000,1
1290505920000,1290505979000,1.62073,1.62114,1.62072,1.62114,103400000,1
1290505980000,1290506039000,1.62114,1.62146,1.62076,1.62084,127600000,1
1290506040000,1290506099000,1.62092,1.62146,1.62069,1.62123,94200000,1
1290506100000,1290506159000,1.6212,1.6212,1.6208,1.62083,102900000,1
1290506160000,1290506219000,1.62082,1.6214,1.62027,1.62116,140700000,1
1290506220000,1290506279000,1.62111,1.6217,1.62102,1.62157,138100000,1
1290506280000,1290506339000,1.62152,1.62171,1.62119,1.62149,96900000,1
1290506340000,1290506399000,1.6215,1.62201,1.62138,1.62174,138400000,1
1290506400000,1290506459000,1.62171,1.62206,1.62141,1.62142,105800000,1
1290506460000,1290506519000,1.62145,1.62267,1.62145,1.62211,234200000,1
1290506520000,1290506579000,1.62219,1.62268,1.62199,1.62199,174300000,1
1290506580000,1290506639000,1.62199,1.62214,1.62192,1.62196,123200000,1
1290506640000,1290506699000,1.62191,1.62234,1.62153,1.62167,156000000,1
1290506700000,1290506759000,1.62167,1.62233,1.6215,1.62213,102500000,1
1290506760000,1290506819000,1.62212,1.62287,1.62212,1.62219,188400000,1
1290506820000,1290506879000,1.62218,1.62233,1.62189,1.62205,160300000,1
1290506880000,1290506939000,1.62205,1.62214,1.62099,1.62129,159700000,1
1290506940000,1290506999000,1.62121,1.62149,1.62121,1.62138,80700000,1
1290507000000,1290507059000,1.62138,1.6221,1.62138,1.62167,111400000,1
1290507060000,1290507119000,1.62173,1.62212,1.62159,1.62202,100300000,1
1290507120000,1290507179000,1.622,1.622,1.62162,1.62167,107100000,1
1290507180000,1290507239000,1.6217,1.62188,1.62151,1.62175,94200000,1
1290507240000,1290507299000,1.62175,1.62192,1.62152,1.62153,75400000,1
1290507300000,1290507359000,1.62163,1.62163,1.62079,1.62079,136900000,1
1290507360000,1290507419000,1.6208,1.62139,1.62076,1.62134,163900000,1
1290507420000,1290507479000,1.62137,1.62168,1.62112,1.62159,118400000,1
1290507480000,1290507539000,1.62159,1.62208,1.62159,1.62168,127700000,1
1290507540000,1290507599000,1.62168,1.62198,1.62148,1.62177,160200000,1
1290507600000,1290507659000,1.62174,1.62214,1.62173,1.62193,103500000,1
1290507660000,1290507719000,1.62195,1.622,1.62166,1.62184,96700000,1
1290507720000,1290507779000,1.62184,1.62189,1.62174,1.62182,58100000,1
1290507780000,1290507839000,1.62169,1.62169,1.62141,1.62143,42200000,1
1290507840000,1290507899000,1.62152,1.62176,1.62146,1.62172,70700000,1
1290507900000,1290507959000,1.62171,1.62196,1.62168,1.62196,71400000,1
1290507960000,1290508019000,1.62204,1.62213,1.62172,1.6219,90100000,1
1290508020000,1290508079000,1.6219,1.62214,1.6219,1.62195,84100000,1
1290508080000,1290508139000,1.62192,1.62199,1.62138,1.6218,138000000,1
1290508140000,1290508199000,1.62193,1.62198,1.62171,1.62189,92500000,1
1290508200000,1290508259000,1.62181,1.62247,1.62181,1.62242,126900000,1
1290508260000,1290508319000,1.62246,1.62253,1.62217,1.62217,69000000,1
1290508320000,1290508379000,1.62228,1.62253,1.62215,1.62224,89100000,1
1290508380000,1290508439000,1.62236,1.62254,1.6222,1.6222,120500000,1
1290508440000,1290508499000,1.62222,1.62237,1.6218,1.62203,216500000,1
1290508500000,1290508559000,1.62202,1.62231,1.62189,1.62207,157900000,1
1290508560000,1290508619000,1.62198,1.6224,1.62196,1.62217,120500000,1
1290508620000,1290508679000,1.62213,1.62248,1.62206,1.62248,116400000,1
1290508680000,1290508739000,1.62232,1.62244,1.6219,1.62212,154600000,1
1290508740000,1290508799000,1.62213,1.62218,1.6217,1.62179,125200000,1
1290508800000,1290508859000,1.62167,1.62188,1.62152,1.62153,123500000,1
1290508860000,1290508919000,1.62167,1.62189,1.62138,1.62152,122200000,1
1290508920000,1290508979000,1.62162,1.62167,1.62147,1.62156,78400000,1
1290508980000,1290509039000,1.62156,1.62173,1.62143,1.62169,75300000,1
1290509040000,1290509099000,1.6217,1.62192,1.62167,1.62189,94600000,1
1290509100000,1290509159000,1.62182,1.62182,1.62137,1.62146,91100000,1
1290509160000,1290509219000,1.62146,1.6215,1.62091,1.62115,107500000,1
1290509220000,1290509279000,1.62118,1.62136,1.62085,1.62131,137100000,1
1290509280000,1290509339000,1.62129,1.62133,1.62104,1.62111,73500000,1
1290509340000,1290509399000,1.62112,1.62163,1.62111,1.62147,65400000,1
1290509400000,1290509459000,1.62146,1.62191,1.6212,1.6212,100300000,1
1290509460000,1290509519000,1.62122,1.62189,1.62122,1.6215,102800000,1
1290509520000,1290509579000,1.62162,1.62178,1.62128,1.62129,90400000,1
1290509580000,1290509639000,1.62119,1.62163,1.62109,1.62151,101400000,1
1290509640000,1290509699000,1.6215,1.62161,1.62103,1.6214,131100000,1
1290509700000,1290509759000,1.62141,1.62167,1.62129,1.62167,86100000,1
1290509760000,1290509819000,1.62178,1.62184,1.62093,1.62108,130100000,1
1290509820000,1290509879000,1.62094,1.62099,1.62048,1.62056,99500000,1
1290509880000,1290509939000,1.62058,1.62136,1.62014,1.62105,135100000,1
1290509940000,1290509999000,1.62088,1.62101,1.62055,1.62079,121000000,1
1290510000000,1290510059000,1.62091,1.62104,1.62058,1.62062,96700000,1
1290510060000,1290510119000,1.62063,1.62093,1.62049,1.62067,88500000,1
1290510120000,1290510179000,1.62068,1.62085,1.62027,1.6204,99300000,1
1290510180000,1290510239000,1.62033,1.62043,1.61998,1.62035,97700000,1
1290510240000,1290510299000,1.62035,1.62083,1.62018,1.62079,94800000,1
1290510300000,1290510359000,1.62079,1.62079,1.62022,1.62022,77400000,1
1290510360000,1290510419000,1.62022,1.62045,1.62001,1.62013,98700000,1
1290510420000,1290510479000,1.62013,1.62027,1.61986,1.61997,119700000,1
1290510480000,1290510539000,1.61995,1.62047,1.61993,1.62028,115200000,1
1290510540000,1290510599000,1.62028,1.62042,1.61991,1.61992,113900000,1
1290510600000,1290510659000,1.61987,1.62003,1.61961,1.61965,100800000,1
1290510660000,1290510719000,1.61961,1.62063,1.61961,1.62059,164300000,1
1290510720000,1290510779000,1.62053,1.62054,1.62018,1.62019,122300000,1
1290510780000,1290510839000,1.62027,1.62059,1.6202,1.62048,126400000,1
1290510840000,1290510899000,1.62052,1.62069,1.61998,1.62021,82300000,1
1290510900000,1290510959000,1.62021,1.62044,1.62013,1.62034,75400000,1
1290510960000,1290511019000,1.62032,1.62037,1.61991,1.61991,70300000,1
1290511020000,1290511079000,1.61995,1.61998,1.61914,1.61938,161100000,1
1290511080000,1290511139000,1.61929,1.61985,1.61929,1.61985,72100000,1
1290511140000,1290511199000,1.61983,1.62027,1.61983,1.62019,90600000,1
1290511200000,1290511259000,1.62016,1.62019,1.61983,1.62004,111700000,1
1290511260000,1290511319000,1.62006,1.62049,1.62006,1.62045,87600000,1
1290511320000,1290511379000,1.62045,1.62096,1.62045,1.62091,106500000,1
1290511380000,1290511439000,1.6208,1.62091,1.62053,1.62075,78100000,1
1290511440000,1290511499000,1.62069,1.62079,1.62043,1.62079,116800000,1
1290511500000,1290511559000,1.6209,1.6209,1.62035,1.62062,81700000,1
1290511560000,1290511619000,1.6207,1.62089,1.62047,1.62083,96000000,1
1290511620000,1290511679000,1.62084,1.62088,1.62068,1.62082,49200000,1
1290511680000,1290511739000,1.6208,1.62119,1.62078,1.62105,79000000,1
1290511740000,1290511799000,1.62098,1.62168,1.62084,1.62124,136600000,1
1290511800000,1290511859000,1.62116,1.62164,1.62088,1.62095,120000000,1
1290511860000,1290511919000,1.62095,1.62128,1.6209,1.62109,129300000,1
1290511920000,1290511979000,1.62108,1.62109,1.62073,1.62078,100600000,1
1290511980000,1290512039000,1.62085,1.62143,1.62069,1.62143,90200000,1
1290512040000,1290512099000,1.62143,1.62226,1.62135,1.6219,130100000,1
1290512100000,1290512159000,1.62188,1.62201,1.62138,1.62172,117700000,1
1290512160000,1290512219000,1.62168,1.62169,1.62119,1.62134,124800000,1
1290512220000,1290512279000,1.62126,1.62159,1.62126,1.62158,122600000,1
1290512280000,1290512339000,1.62144,1.62159,1.62116,1.62128,109900000,1
1290512340000,1290512399000,1.62138,1.62182,1.62126,1.62171,98200000,1
1290512400000,1290512459000,1.62175,1.62245,1.62166,1.62219,131800000,1
1290512460000,1290512519000,1.62214,1.6223,1.62141,1.62149,110400000,1
1290512520000,1290512579000,1.62156,1.62189,1.62132,1.62149,108800000,1
1290512580000,1290512639000,1.62158,1.62158,1.62128,1.62143,58900000,1
1290512640000,1290512699000,1.62135,1.62163,1.62132,1.62163,111600000,1
1290512700000,1290512759000,1.62161,1.62246,1.62161,1.6223,82300000,1
1290512760000,1290512819000,1.62229,1.62245,1.62209,1.62237,78700000,1
1290512820000,1290512879000,1.62226,1.62246,1.62206,1.6222,100100000,1
1290512880000,1290512939000,1.62227,1.62244,1.62206,1.62227,92300000,1
1290512940000,1290512999000,1.62223,1.62237,1.62214,1.62231,68400000,1
1290513000000,1290513059000,1.62231,1.62248,1.622,1.62232,118100000,1
1290513060000,1290513119000,1.62225,1.62282,1.62225,1.62265,105500000,1
1290513120000,1290513179000,1.62265,1.62284,1.62251,1.6226,84800000,1
1290513180000,1290513239000,1.62255,1.62271,1.62228,1.62263,97600000,1
1290513240000,1290513299000,1.62252,1.62262,1.62171,1.62171,82900000,1
1290513300000,1290513359000,1.62172,1.62232,1.6215,1.62217,127000000,1
1290513360000,1290513419000,1.62217,1.62268,1.62214,1.62258,119600000,1
1290513420000,1290513479000,1.62256,1.62267,1.62213,1.62213,109700000,1
1290513480000,1290513539000,1.62218,1.62227,1.62163,1.62206,132900000,1
1290513540000,1290513599000,1.62197,1.62239,1.6218,1.62213,110900000,1
1290513600000,1290513659000,1.62213,1.62221,1.62158,1.62202,123700000,1
1290513660000,1290513719000,1.62202,1.62203,1.62175,1.62185,123700000,1
1290513720000,1290513779000,1.62193,1.62207,1.6217,1.62207,127900000,1
1290513780000,1290513839000,1.62207,1.62237,1.62201,1.62221,129400000,1
1290513840000,1290513899000,1.62221,1.62278,1.62217,1.62265,77000000,1
1290513900000,1290513959000,1.62265,1.62286,1.62258,1.62262,91300000,1
1290513960000,1290514019000,1.62261,1.62326,1.6224,1.62326,79400000,1
1290514020000,1290514079000,1.62326,1.62364,1.62273,1.62344,128400000,1
1290514080000,1290514139000,1.62342,1.624,1.62333,1.62399,80900000,1
1290514140000,1290514199000,1.62399,1.62428,1.62374,1.62394,126100000,1
1290514200000,1290514259000,1.62396,1.62414,1.62371,1.62408,146100000,1
1290514260000,1290514319000,1.62416,1.62432,1.62398,1.62427,75500000,1
1290514320000,1290514379000,1.62426,1.62446,1.62355,1.62376,213200000,1
1290514380000,1290514439000,1.62383,1.62424,1.62374,1.62404,166900000,1
1290514440000,1290514499000,1.62398,1.62465,1.62384,1.62432,191100000,1
1290514500000,1290514559000,1.62433,1.62511,1.62433,1.62509,147600000,1
1290514560000,1290514619000,1.62503,1.62536,1.62494,1.62497,96200000,1
1290514620000,1290514679000,1.62497,1.62508,1.62489,1.62489,103100000,1
1290514680000,1290514739000,1.62492,1.62505,1.62479,1.62505,46400000,1
1290514740000,1290514799000,1.62505,1.62527,1.6249,1.62498,54300000,1
1290514800000,1290514859000,1.62497,1.625,1.62429,1.62494,100000000,1
1290514860000,1290514919000,1.62486,1.62525,1.62461,1.62514,118500000,1
1290514920000,1290514979000,1.62506,1.62525,1.62491,1.6251,71900000,1
1290514980000,1290515039000,1.6252,1.62538,1.62494,1.62529,69200000,1
1290515040000,1290515099000,1.62529,1.6258,1.62527,1.62571,61800000,1
1290515100000,1290515159000,1.62569,1.62593,1.6253,1.62554,99900000,1
1290515160000,1290515219000,1.62552,1.62571,1.62494,1.62513,133100000,1
1290515220000,1290515279000,1.62517,1.62568,1.62511,1.62529,101000000,1
1290515280000,1290515339000,1.62529,1.62551,1.62497,1.62517,94400000,1
1290515340000,1290515399000,1.6252,1.62575,1.62516,1.62541,70300000,1
1290515400000,1290515459000,1.62549,1.62599,1.62545,1.62552,79100000,1
1290515460000,1290515519000,1.62544,1.62577,1.62523,1.62568,148900000,1
1290515520000,1290515579000,1.62572,1.62643,1.62572,1.62583,152200000,1
1290515580000,1290515639000,1.62582,1.62636,1.62561,1.62608,134000000,1
1290515640000,1290515699000,1.62598,1.62615,1.62555,1.62557,113900000,1
1290515700000,1290515759000,1.62566,1.62641,1.62524,1.62569,145200000,1
1290515760000,1290515819000,1.62569,1.62569,1.62412,1.62438,189100000,1
1290515820000,1290515879000,1.62438,1.62482,1.62411,1.62429,132000000,1
1290515880000,1290515939000,1.62429,1.62463,1.62416,1.62438,109600000,1
1290515940000,1290515999000,1.62427,1.62514,1.62427,1.62494,99800000,1
1290516000000,1290516059000,1.6251,1.62514,1.62449,1.6245,103900000,1
1290516060000,1290516119000,1.62457,1.6246,1.62409,1.6242,90200000,1
1290516120000,1290516179000,1.62433,1.62455,1.624,1.62427,80200000,1
1290516180000,1290516239000,1.62427,1.62464,1.62427,1.62456,86600000,1
1290516240000,1290516299000,1.6246,1.62514,1.62437,1.62464,108600000,1
1290516300000,1290516359000,1.62464,1.62518,1.62436,1.62484,130200000,1
1290516360000,1290516419000,1.62476,1.62557,1.62476,1.62545,106100000,1
1290516420000,1290516479000,1.62545,1.62584,1.62507,1.6255,133000000,1
1290516480000,1290516539000,1.6255,1.6257,1.62493,1.62562,99900000,1
1290516540000,1290516599000,1.62546,1.6259,1.6253,1.6259,93400000,1
1290516600000,1290516659000,1.62578,1.62582,1.62516,1.62516,115600000,1
1290516660000,1290516719000,1.62516,1.62528,1.62505,1.6251,96800000,1
1290516720000,1290516779000,1.6251,1.62529,1.62481,1.62487,96300000,1
1290516780000,1290516839000,1.62487,1.62521,1.62482,1.62483,98600000,1
1290516840000,1290516899000,1.62483,1.62498,1.6247,1.6249,113800000,1
1290516900000,1290516959000,1.62493,1.62521,1.62493,1.62502,47800000,1
1290516960000,1290517019000,1.62504,1.62576,1.6249,1.62555,117000000,1
1290517020000,1290517079000,1.62558,1.62592,1.62538,1.6258,108700000,1
1290517080000,1290517139000,1.62585,1.62686,1.62578,1.6268,124200000,1
1290517140000,1290517199000,1.62686,1.62712,1.62635,1.62657,151100000,1
1290517200000,1290517259000,1.6266,1.62704,1.62624,1.62704,114400000,1
1290517260000,1290517319000,1.62698,1.62706,1.6258,1.6258,104400000,1
1290517320000,1290517379000,1.62575,1.62597,1.62538,1.62568,95600000,1
1290517380000,1290517439000,1.62593,1.62611,1.62539,1.62552,96900000,1
1290517440000,1290517499000,1.62547,1.6267,1.62538,1.62641,101400000,1
1290517500000,1290517559000,1.62646,1.62737,1.62637,1.6268,119600000,1
1290517560000,1290517619000,1.62695,1.62695,1.626,1.62628,131600000,1
1290517620000,1290517679000,1.62624,1.62643,1.62585,1.62599,102100000,1
1290517680000,1290517739000,1.62599,1.62687,1.62584,1.62648,133100000,1
1290517740000,1290517799000,1.62652,1.62751,1.6264,1.62694,122600000,1
1290517800000,1290517859000,1.62688,1.62723,1.62648,1.62692,161900000,1
1290517860000,1290517919000,1.62699,1.62743,1.62694,1.62724,111200000,1
1290517920000,1290517979000,1.62724,1.62866,1.62713,1.62831,132000000,1
1290517980000,1290518039000,1.62817,1.62838,1.62697,1.62697,146100000,1
1290518040000,1290518099000,1.62697,1.62697,1.62569,1.62578,142900000,1
1290518100000,1290518159000,1.62582,1.6262,1.62566,1.62569,140400000,1
1290518160000,1290518219000,1.62569,1.62573,1.62525,1.62564,123400000,1
1290518220000,1290518279000,1.62561,1.6262,1.62553,1.62578,134300000,1
1290518280000,1290518339000,1.62584,1.62608,1.62562,1.6259,168300000,1
1290518340000,1290518399000,1.62582,1.62612,1.62556,1.62612,158400000,1
1290518400000,1290518459000,1.62599,1.62599,1.62554,1.62562,128500000,1
1290518460000,1290518519000,1.6257,1.62598,1.62556,1.62562,143300000,1
1290518520000,1290518579000,1.62568,1.62577,1.62517,1.62538,107200000,1
1290518580000,1290518639000,1.6253,1.62624,1.6253,1.62623,110200000,1
1290518640000,1290518699000,1.62627,1.62627,1.62549,1.62553,140900000,1
1290518700000,1290518759000,1.62555,1.62593,1.62518,1.62533,133600000,1
1290518760000,1290518819000,1.6254,1.62575,1.62521,1.62534,130600000,1
1290518820000,1290518879000,1.62538,1.62578,1.62538,1.62577,68300000,1
1290518880000,1290518939000,1.62577,1.62602,1.62546,1.62593,71300000,1
1290518940000,1290518999000,1.62586,1.62596,1.62458,1.62459,81300000,1
1290519000000,1290519059000,1.62443,1.62581,1.62355,1.62533,238200000,1
1290519060000,1290519119000,1.62537,1.62549,1.62464,1.62464,195300000,1
1290519120000,1290519179000,1.62484,1.62495,1.62423,1.62423,98800000,1
1290519180000,1290519239000,1.62416,1.62492,1.62414,1.62436,167600000,1
1290519240000,1290519299000,1.62433,1.62465,1.62383,1.6242,182200000,1
1290519300000,1290519359000,1.6242,1.62427,1.62367,1.62408,122700000,1
1290519360000,1290519419000,1.62408,1.62443,1.62384,1.62412,131000000,1
1290519420000,1290519479000,1.62411,1.62525,1.62383,1.62522,149400000,1
1290519480000,1290519539000,1.62507,1.6262,1.62507,1.62571,216900000,1
1290519540000,1290519599000,1.62576,1.62603,1.62529,1.62568,173600000,1
1290519600000,1290519659000,1.62575,1.62628,1.62548,1.62618,131100000,1
1290519660000,1290519719000,1.62627,1.62646,1.62561,1.62623,209200000,1
1290519720000,1290519779000,1.62624,1.6264,1.62569,1.62623,253900000,1
1290519780000,1290519839000,1.62628,1.6268,1.6261,1.62624,154200000,1
1290519840000,1290519899000,1.62618,1.62622,1.62563,1.62604,192300000,1
1290519900000,1290519959000,1.62601,1.6269,1.62593,1.62614,225900000,1
1290519960000,1290520019000,1.62632,1.6266,1.62599,1.6261,192100000,1
1290520020000,1290520079000,1.62607,1.62651,1.62584,1.626,199200000,1
1290520080000,1290520139000,1.62593,1.6267,1.62589,1.62635,188800000,1
1290520140000,1290520199000,1.62642,1.6268,1.62627,1.62664,198600000,1
1290520200000,1290520259000,1.62664,1.62684,1.62643,1.62659,177500000,1
1290520260000,1290520319000,1.62666,1.62691,1.62546,1.62563,187200000,1
1290520320000,1290520379000,1.62563,1.62583,1.62525,1.6254,184500000,1
1290520380000,1290520439000,1.62531,1.62571,1.62499,1.62514,172100000,1
1290520440000,1290520499000,1.62528,1.62539,1.62508,1.62534,112300000,1
1290520500000,1290520559000,1.62528,1.62702,1.62528,1.62687,193100000,1
1290520560000,1290520619000,1.62683,1.62776,1.62683,1.62768,149100000,1
1290520620000,1290520679000,1.62768,1.62768,1.62719,1.62739,162600000,1
1290520680000,1290520739000,1.62723,1.62731,1.62667,1.62667,155500000,1
1290520740000,1290520799000,1.62663,1.62683,1.62624,1.62632,176200000,1
1290520800000,1290520859000,1.62645,1.62708,1.62634,1.62688,161800000,1
1290520860000,1290520919000,1.62693,1.62693,1.62632,1.62658,138300000,1
1290520920000,1290520979000,1.62663,1.62685,1.62619,1.62653,130900000,1
1290520980000,1290521039000,1.62659,1.62694,1.62627,1.62636,176900000,1
1290521040000,1290521099000,1.62626,1.62656,1.62593,1.6261,170900000,1
1290521100000,1290521159000,1.6261,1.6261,1.62524,1.62532,162800000,1
1290521160000,1290521219000,1.62532,1.62576,1.62492,1.62545,183600000,1
1290521220000,1290521279000,1.62545,1.62547,1.62517,1.62537,114100000,1
1290521280000,1290521339000,1.62533,1.62543,1.62489,1.62493,174400000,1
1290521340000,1290521399000,1.62502,1.62521,1.62462,1.62508,173300000,1
1290521400000,1290521459000,1.62518,1.62542,1.62504,1.62542,106700000,1
1290521460000,1290521519000,1.62538,1.62607,1.62458,1.62467,176900000,1
1290521520000,1290521579000,1.62467,1.62469,1.62406,1.62413,92200000,1
1290521580000,1290521639000,1.62411,1.62417,1.6231,1.62327,144000000,1
1290521640000,1290521699000,1.62331,1.62393,1.62324,1.62382,117100000,1
1290521700000,1290521759000,1.62378,1.62385,1.62309,1.62318,116100000,1
1290521760000,1290521819000,1.62314,1.62332,1.6228,1.62313,128200000,1
1290521820000,1290521879000,1.62316,1.62355,1.62301,1.62319,116900000,1
1290521880000,1290521939000,1.62324,1.62406,1.62315,1.62363,127900000,1
1290521940000,1290521999000,1.62369,1.62431,1.62369,1.62399,136200000,1
1290522000000,1290522059000,1.62406,1.62429,1.62341,1.62349,173000000,1
1290522060000,1290522119000,1.62351,1.62381,1.62306,1.62306,131700000,1
1290522120000,1290522179000,1.62308,1.62362,1.62306,1.62348,111100000,1
1290522180000,1290522239000,1.62339,1.62381,1.62322,1.6236,113700000,1
1290522240000,1290522299000,1.62358,1.62415,1.62349,1.62384,133100000,1
1290522300000,1290522359000,1.62392,1.62397,1.62343,1.62391,110900000,1
1290522360000,1290522419000,1.62393,1.6241,1.62331,1.62348,122600000,1
1290522420000,1290522479000,1.6235,1.62401,1.6234,1.62369,73500000,1
1290522480000,1290522539000,1.62366,1.62389,1.62356,1.62379,64300000,1
1290522540000,1290522599000,1.62383,1.62397,1.62359,1.62385,69800000,1
1290522600000,1290522659000,1.62386,1.62458,1.62386,1.62403,109300000,1
1290522660000,1290522719000,1.62413,1.62451,1.62384,1.62405,131000000,1
1290522720000,1290522779000,1.62405,1.62433,1.62364,1.62378,151100000,1
1290522780000,1290522839000,1.62374,1.62482,1.62374,1.62459,133300000,1
1290522840000,1290522899000,1.62459,1.62503,1.62408,1.62416,112800000,1
1290522900000,1290522959000,1.6241,1.62436,1.62338,1.62338,121600000,1
1290522960000,1290523019000,1.62339,1.62349,1.6229,1.62295,137500000,1
1290523020000,1290523079000,1.6229,1.62362,1.6228,1.62282,153900000,1
1290523080000,1290523139000,1.62272,1.62312,1.62231,1.62231,131000000,1
1290523140000,1290523199000,1.62206,1.62206,1.62156,1.62161,148400000,1
1290523200000,1290523259000,1.6216,1.62168,1.62123,1.62132,132800000,1
1290523260000,1290523319000,1.6213,1.62172,1.62074,1.6211,165600000,1
1290523320000,1290523379000,1.6211,1.6211,1.62023,1.62023,114000000,1
1290523380000,1290523439000,1.62023,1.62041,1.61982,1.62014,184000000,1
1290523440000,1290523499000,1.62009,1.62057,1.61998,1.6204,143300000,1
1290523500000,1290523559000,1.62029,1.62054,1.61989,1.62002,141500000,1
1290523560000,1290523619000,1.62003,1.62032,1.6199,1.61991,90000000,1
1290523620000,1290523679000,1.61997,1.62009,1.61938,1.61994,182100000,1
1290523680000,1290523739000,1.61991,1.61999,1.61944,1.61968,168500000,1
1290523740000,1290523799000,1.61968,1.61989,1.61933,1.61955,129400000,1
1290523800000,1290523859000,1.61965,1.62076,1.61965,1.6207,167100000,1
1290523860000,1290523919000,1.62056,1.62142,1.62056,1.62121,187900000,1
1290523920000,1290523979000,1.62106,1.62137,1.62089,1.62117,161000000,1
1290523980000,1290524039000,1.62123,1.62153,1.62045,1.62049,168000000,1
1290524040000,1290524099000,1.62046,1.62085,1.61989,1.62085,113900000,1
1290524100000,1290524159000,1.62078,1.6217,1.62068,1.62113,142300000,1
1290524160000,1290524219000,1.62128,1.62138,1.62066,1.62103,157400000,1
1290524220000,1290524279000,1.62091,1.62127,1.62068,1.62095,202400000,1
1290524280000,1290524339000,1.62107,1.62175,1.62072,1.62143,159700000,1
1290524340000,1290524399000,1.62167,1.62188,1.61977,1.62098,178900000,1
1290524400000,1290524459000,1.62031,1.62195,1.62031,1.62167,196200000,1
1290524460000,1290524519000,1.62175,1.62223,1.62092,1.62098,180700000,1
1290524520000,1290524579000,1.62098,1.62138,1.6208,1.62091,120000000,1
1290524580000,1290524639000,1.62103,1.62103,1.62023,1.62037,128200000,1
1290524640000,1290524699000,1.62037,1.62087,1.62029,1.62062,151800000,1
1290524700000,1290524759000,1.62061,1.62096,1.62043,1.62091,120200000,1
1290524760000,1290524819000,1.621,1.62166,1.62065,1.62145,161300000,1
1290524820000,1290524879000,1.62141,1.62164,1.62097,1.62102,107300000,1
1290524880000,1290524939000,1.62097,1.62106,1.62037,1.62037,133100000,1
1290524940000,1290524999000,1.62045,1.62075,1.6203,1.62042,94900000,1
1290525000000,1290525059000,1.62042,1.6222,1.62015,1.62209,132900000,1
1290525060000,1290525119000,1.62205,1.62309,1.622,1.62288,196800000,1
1290525120000,1290525179000,1.62292,1.62346,1.62282,1.62311,139500000,1
1290525180000,1290525239000,1.62319,1.62463,1.62288,1.62418,175400000,1
1290525240000,1290525299000,1.6242,1.62435,1.62357,1.6237,176000000,1
1290525300000,1290525359000,1.62358,1.62464,1.62348,1.62423,146600000,1
1290525360000,1290525419000,1.62422,1.62423,1.62336,1.62337,207800000,1
1290525420000,1290525479000,1.62344,1.62368,1.62274,1.62276,212700000,1
1290525480000,1290525539000,1.62272,1.62294,1.62217,1.62231,186900000,1
1290525540000,1290525599000,1.62237,1.6229,1.62221,1.62257,139200000,1
1290525600000,1290525659000,1.62277,1.62362,1.62267,1.62356,148100000,1
1290525660000,1290525719000,1.62361,1.62421,1.62346,1.62399,107000000,1
1290525720000,1290525779000,1.62406,1.62412,1.62345,1.62372,182400000,1
1290525780000,1290525839000,1.62395,1.62458,1.62342,1.62454,190000000,1
1290525840000,1290525899000,1.62459,1.62468,1.62336,1.62336,159200000,1
1290525900000,1290525959000,1.62335,1.62398,1.62281,1.62382,188900000,1
1290525960000,1290526019000,1.62382,1.62438,1.62375,1.62416,131400000,1
1290526020000,1290526079000,1.62431,1.62458,1.62406,1.62431,123400000,1
1290526080000,1290526139000,1.62428,1.62542,1.62419,1.62527,147000000,1
1290526140000,1290526199000,1.62527,1.62624,1.62514,1.62572,181600000,1
1290526200000,1290526259000,1.62558,1.62595,1.62525,1.62564,147700000,1
1290526260000,1290526319000,1.62558,1.6257,1.62461,1.62464,159700000,1
1290526320000,1290526379000,1.62467,1.62534,1.62457,1.62522,165900000,1
1290526380000,1290526439000,1.62529,1.62581,1.62501,1.62543,168300000,1
1290526440000,1290526499000,1.62552,1.62677,1.62552,1.62676,143600000,1
1290526500000,1290526559000,1.62672,1.62698,1.62611,1.62613,120300000,1
1290526560000,1290526619000,1.62623,1.62623,1.62547,1.62547,104600000,1
1290526620000,1290526679000,1.62549,1.62562,1.62518,1.62531,103700000,1
1290526680000,1290526739000,1.62531,1.62588,1.62524,1.62538,115700000,1
1290526740000,1290526799000,1.62542,1.62552,1.62496,1.62501,124700000,1
1290526800000,1290526859000,1.62507,1.62543,1.62481,1.62505,102400000,1
1290526860000,1290526919000,1.62521,1.62521,1.6244,1.62451,122200000,1
1290526920000,1290526979000,1.62444,1.62467,1.62418,1.62444,157800000,1
1290526980000,1290527039000,1.62455,1.62486,1.62447,1.62474,122500000,1
1290527040000,1290527099000,1.62474,1.6248,1.6243,1.62468,101200000,1
1290527100000,1290527159000,1.62459,1.62459,1.62395,1.62405,157500000,1
1290527160000,1290527219000,1.62421,1.62471,1.62417,1.62457,136000000,1
1290527220000,1290527279000,1.62462,1.62581,1.62456,1.62581,133600000,1
1290527280000,1290527339000,1.62572,1.6261,1.62558,1.62564,132900000,1
1290527340000,1290527399000,1.62567,1.62598,1.62529,1.62575,131400000,1
1290527400000,1290527459000,1.62577,1.62597,1.62511,1.62532,128500000,1
1290527460000,1290527519000,1.62543,1.62559,1.62498,1.62503,96400000,1
1290527520000,1290527579000,1.62497,1.62531,1.62441,1.62475,105000000,1
1290527580000,1290527639000,1.62468,1.62498,1.6245,1.62485,86200000,1
1290527640000,1290527699000,1.6249,1.62564,1.62482,1.62564,73400000,1
1290527700000,1290527759000,1.62564,1.62564,1.62534,1.62545,57600000,1
1290527760000,1290527819000,1.62545,1.62545,1.62478,1.62507,90500000,1
1290527820000,1290527879000,1.62504,1.62507,1.62403,1.62432,109400000,1
1290527880000,1290527939000,1.62427,1.62438,1.62348,1.62354,143300000,1
1290527940000,1290527999000,1.62362,1.62474,1.62351,1.62442,182000000,1
1290528000000,1290528059000,1.62442,1.6249,1.62425,1.62483,168700000,1
1290528060000,1290528119000,1.62483,1.62596,1.62474,1.62589,91800000,1
1290528120000,1290528179000,1.62572,1.62578,1.6251,1.62564,90200000,1
1290528180000,1290528239000,1.62568,1.62572,1.62535,1.62535,60400000,1
1290528240000,1290528299000,1.62535,1.62573,1.62494,1.62542,98200000,1
1290528300000,1290528359000,1.62559,1.62582,1.62529,1.62559,85500000,1
1290528360000,1290528419000,1.62559,1.62559,1.62492,1.62509,105400000,1
1290528420000,1290528479000,1.62518,1.62542,1.62451,1.62458,106400000,1
1290528480000,1290528539000,1.62458,1.6253,1.62447,1.62517,106200000,1
1290528540000,1290528599000,1.62523,1.62549,1.62487,1.62487,74800000,1
1290528600000,1290528659000,1.62484,1.62515,1.62478,1.62482,101200000,1
1290528660000,1290528719000,1.62482,1.62539,1.62473,1.62495,126700000,1
1290528720000,1290528779000,1.62485,1.626,1.62483,1.62598,165600000,1
1290528780000,1290528839000,1.626,1.62647,1.62582,1.62603,131800000,1
1290528840000,1290528899000,1.62604,1.6261,1.62568,1.62585,92500000,1
1290528900000,1290528959000,1.6259,1.62595,1.62495,1.62512,167600000,1
1290528960000,1290529019000,1.62512,1.626,1.62512,1.62592,98800000,1
1290529020000,1290529079000,1.62594,1.62619,1.62559,1.62595,136900000,1
1290529080000,1290529139000,1.62592,1.62625,1.62488,1.62522,145300000,1
1290529140000,1290529199000,1.62522,1.62552,1.62471,1.62486,108200000,1
1290529200000,1290529259000,1.62489,1.62509,1.62441,1.62463,139400000,1
1290529260000,1290529319000,1.62456,1.62469,1.62387,1.6241,133900000,1
1290529320000,1290529379000,1.62402,1.62501,1.62402,1.62469,158500000,1
1290529380000,1290529439000,1.62471,1.62529,1.62449,1.62481,169700000,1
1290529440000,1290529499000,1.62479,1.6248,1.62403,1.62415,154800000,1
1290529500000,1290529559000,1.62426,1.62446,1.62384,1.62408,144800000,1
1290529560000,1290529619000,1.62414,1.62431,1.62367,1.62403,151800000,1
1290529620000,1290529679000,1.6241,1.62462,1.624,1.6245,119900000,1
1290529680000,1290529739000,1.62438,1.62456,1.62421,1.62443,111300000,1
1290529740000,1290529799000,1.62454,1.62517,1.62436,1.62516,103800000,1
1290529800000,1290529859000,1.62505,1.6259,1.62498,1.62563,117400000,1
1290529860000,1290529919000,1.62563,1.62636,1.62559,1.62607,99200000,1
1290529920000,1290529979000,1.62608,1.6263,1.62563,1.62568,76100000,1
1290529980000,1290530039000,1.62561,1.62609,1.62525,1.62555,110200000,1
1290530040000,1290530099000,1.62562,1.62598,1.62538,1.62553,114200000,1
1290530100000,1290530159000,1.62534,1.62604,1.62508,1.62586,121300000,1
1290530160000,1290530219000,1.62578,1.62619,1.62559,1.62586,105300000,1
1290530220000,1290530279000,1.62587,1.6263,1.62577,1.62624,114100000,1
1290530280000,1290530339000,1.62629,1.62649,1.62598,1.62598,71800000,1
1290530340000,1290530399000,1.62588,1.62751,1.62588,1.62703,196000000,1
1290530400000,1290530459000,1.6272,1.62741,1.62679,1.62721,155000000,1
1290530460000,1290530519000,1.62721,1.62744,1.62712,1.62724,124300000,1
1290530520000,1290530579000,1.62724,1.62754,1.62694,1.62739,113500000,1
1290530580000,1290530639000,1.62735,1.62824,1.62713,1.62823,121400000,1
1290530640000,1290530699000,1.62822,1.62831,1.62787,1.62813,57400000,1
1290530700000,1290530759000,1.62799,1.62802,1.62736,1.62765,112100000,1
1290530760000,1290530819000,1.62774,1.62796,1.62762,1.62783,83900000,1
1290530820000,1290530879000,1.62789,1.62801,1.6275,1.62763,74000000,1
1290530880000,1290530939000,1.62763,1.62772,1.62705,1.62725,131600000,1
1290530940000,1290530999000,1.62735,1.62736,1.62642,1.62665,134800000,1
1290531000000,1290531059000,1.62686,1.62729,1.62672,1.62694,113700000,1
1290531060000,1290531119000,1.62703,1.62713,1.62667,1.62677,113100000,1
1290531120000,1290531179000,1.62676,1.62721,1.62667,1.62698,79100000,1
1290531180000,1290531239000,1.62697,1.62715,1.62684,1.62702,58200000,1
1290531240000,1290531299000,1.62707,1.6271,1.62665,1.62665,88300000,1
1290531300000,1290531359000,1.62665,1.62681,1.62611,1.62636,105600000,1
1290531360000,1290531419000,1.62631,1.6268,1.62628,1.62643,141700000,1
1290531420000,1290531479000,1.62651,1.62657,1.62591,1.62608,109900000,1
1290531480000,1290531539000,1.62599,1.62652,1.62593,1.62644,127600000,1
1290531540000,1290531599000,1.62642,1.62661,1.62615,1.62616,108200000,1
1290531600000,1290531659000,1.62621,1.62667,1.62617,1.62667,145000000,1
1290531660000,1290531719000,1.62673,1.62711,1.62663,1.62684,79700000,1
1290531720000,1290531779000,1.62696,1.62697,1.62612,1.62612,82400000,1
1290531780000,1290531839000,1.62631,1.62641,1.62599,1.62601,89100000,1
1290531840000,1290531899000,1.62608,1.62656,1.6259,1.62643,87200000,1
1290531900000,1290531959000,1.62629,1.62719,1.62629,1.62693,146000000,1
1290531960000,1290532019000,1.62682,1.62691,1.62649,1.62682,160800000,1
1290532020000,1290532079000,1.62674,1.62722,1.62663,1.62711,126100000,1
1290532080000,1290532139000,1.62711,1.62711,1.62589,1.62592,106100000,1
1290532140000,1290532199000,1.62585,1.62595,1.62502,1.62503,125700000,1
1290532200000,1290532259000,1.62498,1.62512,1.62482,1.62494,93900000,1
1290532260000,1290532319000,1.62496,1.6253,1.62437,1.62472,172300000,1
1290532320000,1290532379000,1.62466,1.6249,1.62452,1.62467,112200000,1
1290532380000,1290532439000,1.62463,1.62463,1.62411,1.62431,96200000,1
1290532440000,1290532499000,1.62428,1.6247,1.62428,1.62453,152700000,1
1290532500000,1290532559000,1.62447,1.62472,1.62427,1.62472,134000000,1
1290532560000,1290532619000,1.6248,1.62495,1.62448,1.62488,113100000,1
1290532620000,1290532679000,1.6248,1.62504,1.62464,1.62489,78600000,1
1290532680000,1290532739000,1.6249,1.62512,1.62485,1.62494,52200000,1
1290532740000,1290532799000,1.62494,1.62506,1.62477,1.62477,59000000,1
1290532800000,1290532859000,1.62483,1.62485,1.62415,1.62415,84400000,1
1290532860000,1290532919000,1.62417,1.62435,1.62403,1.62423,76400000,1
1290532920000,1290532979000,1.62419,1.62451,1.62408,1.62414,69100000,1
1290532980000,1290533039000,1.62412,1.62417,1.62367,1.62379,85100000,1
1290533040000,1290533099000,1.62363,1.62388,1.62325,1.62328,129600000,1
1290533100000,1290533159000,1.62342,1.62396,1.62342,1.62371,62200000,1
1290533160000,1290533219000,1.6238,1.6238,1.62336,1.62336,55600000,1
1290533220000,1290533279000,1.62327,1.62351,1.62306,1.62344,123200000,1
1290533280000,1290533339000,1.62337,1.62345,1.62297,1.62311,67500000,1
1290533340000,1290533399000,1.6231,1.62358,1.62286,1.62332,104900000,1
1290533400000,1290533459000,1.62331,1.62345,1.62308,1.62318,82800000,1
1290533460000,1290533519000,1.62309,1.6232,1.62254,1.62254,45800000,1
1290533520000,1290533579000,1.62254,1.62309,1.62249,1.62309,74500000,1
1290533580000,1290533639000,1.62309,1.6238,1.62309,1.6238,92200000,1
1290533640000,1290533699000,1.6238,1.6238,1.623,1.62303,162000000,1
1290533700000,1290533759000,1.62308,1.62371,1.62308,1.62369,99400000,1
1290533760000,1290533819000,1.62381,1.62392,1.62355,1.62356,90700000,1
1290533820000,1290533879000,1.62353,1.62399,1.62353,1.62371,94100000,1
1290533880000,1290533939000,1.62371,1.62374,1.62338,1.6235,53900000,1
1290533940000,1290533999000,1.62354,1.62379,1.6234,1.6236,73900000,1
1290534000000,1290534059000,1.62361,1.62361,1.62299,1.62299,104500000,1
1290534060000,1290534119000,1.62297,1.62375,1.62297,1.62368,72800000,1
1290534120000,1290534179000,1.62375,1.6239,1.62349,1.62372,65500000,1
1290534180000,1290534239000,1.62381,1.62404,1.62348,1.62348,121300000,1
1290534240000,1290534299000,1.62362,1.62365,1.62327,1.62341,84200000,1
1290534300000,1290534359000,1.6234,1.62364,1.62312,1.62312,99900000,1
1290534360000,1290534419000,1.62308,1.62308,1.62278,1.62278,100800000,1
1290534420000,1290534479000,1.62276,1.62298,1.62276,1.62288,63100000,1
1290534480000,1290534539000,1.62288,1.62319,1.62288,1.62292,46300000,1
1290534540000,1290534599000,1.62293,1.62299,1.6228,1.62298,53100000,1
1290534600000,1290534659000,1.62298,1.62315,1.62223,1.62232,100500000,1
1290534660000,1290534719000,1.62224,1.62234,1.62204,1.62206,86900000,1
1290534720000,1290534779000,1.62207,1.62217,1.62183,1.62184,59500000,1
1290534780000,1290534839000,1.62183,1.62186,1.62148,1.6215,67600000,1
1290534840000,1290534899000,1.62153,1.62176,1.62123,1.62145,132700000,1
1290534900000,1290534959000,1.62145,1.6218,1.62127,1.62142,121200000,1
1290534960000,1290535019000,1.62146,1.62208,1.62136,1.62189,127200000,1
1290535020000,1290535079000,1.62189,1.62232,1.62189,1.62214,142700000,1
1290535080000,1290535139000,1.62222,1.62237,1.62222,1.62233,50500000,1
1290535140000,1290535199000,1.62235,1.62238,1.62196,1.62213,159300000,1
1290535200000,1290535259000,1.62202,1.62209,1.62179,1.62195,164200000,1
1290535260000,1290535319000,1.62183,1.62228,1.62169,1.62208,136400000,1
1290535320000,1290535379000,1.62215,1.62234,1.62212,1.62227,84700000,1
1290535380000,1290535439000,1.62225,1.62234,1.62194,1.62194,71900000,1
1290535440000,1290535499000,1.62194,1.62229,1.62194,1.62229,63300000,1
1290535500000,1290535559000,1.62226,1.62226,1.62193,1.62213,153800000,1
1290535560000,1290535619000,1.62216,1.6222,1.62157,1.62181,106700000,1
1290535620000,1290535679000,1.62178,1.62267,1.62178,1.62256,85300000,1
1290535680000,1290535739000,1.62256,1.62256,1.62226,1.62227,117900000,1
1290535740000,1290535799000,1.62232,1.62274,1.62218,1.62274,81600000,1
1290535800000,1290535859000,1.62281,1.62284,1.6221,1.6221,89900000,1
1290535860000,1290535919000,1.62205,1.62303,1.62202,1.62282,75700000,1
1290535920000,1290535979000,1.62272,1.62309,1.62272,1.62291,70400000,1
1290535980000,1290536039000,1.62294,1.6235,1.62294,1.62323,83900000,1
1290536040000,1290536099000,1.62323,1.62355,1.62317,1.62352,66300000,1
1290536100000,1290536159000,1.62348,1.62359,1.62343,1.6235,63300000,1
1290536160000,1290536219000,1.6235,1.62372,1.62292,1.62292,85100000,1
1290536220000,1290536279000,1.62292,1.62315,1.62262,1.62299,105300000,1
1290536280000,1290536339000,1.62299,1.62356,1.62293,1.62303,86400000,1
1290536340000,1290536399000,1.62303,1.62313,1.62289,1.62303,60200000,1
1290536400000,1290536459000,1.62309,1.62344,1.62301,1.62305,72400000,1
1290536460000,1290536519000,1.62305,1.6231,1.62288,1.62293,59800000,1
1290536520000,1290536579000,1.6229,1.62366,1.62267,1.62362,112100000,1
1290536580000,1290536639000,1.62376,1.6239,1.62342,1.6239,89500000,1
1290536640000,1290536699000,1.62368,1.62368,1.62323,1.62345,55300000,1
1290536700000,1290536759000,1.62355,1.62355,1.62308,1.62317,57200000,1
1290536760000,1290536819000,1.62317,1.62318,1.62277,1.62277,56600000,1
1290536820000,1290536879000,1.62259,1.62292,1.62242,1.62275,97100000,1
1290536880000,1290536939000,1.62273,1.62285,1.62261,1.62261,74300000,1
1290536940000,1290536999000,1.62256,1.62277,1.6225,1.62273,44100000,1
1290537000000,1290537059000,1.62273,1.62283,1.62231,1.62261,96000000,1
1290537060000,1290537119000,1.62271,1.62315,1.62269,1.62269,79700000,1
1290537120000,1290537179000,1.62271,1.62271,1.62202,1.62202,83000000,1
1290537180000,1290537239000,1.62201,1.62212,1.62188,1.62201,43000000,1
1290537240000,1290537299000,1.62201,1.62227,1.62193,1.62225,25900000,1
1290537300000,1290537359000,1.62217,1.62233,1.62203,1.62229,82200000,1
1290537360000,1290537419000,1.62221,1.62268,1.62221,1.6224,94200000,1
1290537420000,1290537479000,1.6224,1.6226,1.62226,1.62226,27300000,1
1290537480000,1290537539000,1.62226,1.62256,1.62226,1.62247,56900000,1
1290537540000,1290537599000,1.62247,1.62248,1.62232,1.62248,43700000,1
1290537600000,1290537659000,1.6224,1.62252,1.62227,1.62227,38700000,1
1290537660000,1290537719000,1.62227,1.62249,1.62226,1.62239,39100000,1
1290537720000,1290537779000,1.62235,1.62242,1.62204,1.62225,62100000,1
1290537780000,1290537839000,1.62234,1.62257,1.6222,1.62257,46200000,1
1290537840000,1290537899000,1.62262,1.62262,1.62249,1.62249,37200000,1
1290537900000,1290537959000,1.62253,1.62259,1.62232,1.62259,43800000,1
1290537960000,1290538019000,1.62259,1.62279,1.62217,1.62231,74500000,1
1290538020000,1290538079000,1.6223,1.62233,1.62207,1.62228,44500000,1
1290538080000,1290538139000,1.62231,1.62268,1.62214,1.62262,109100000,1
1290538140000,1290538199000,1.6226,1.6226,1.62161,1.62175,107100000,1
1290538200000,1290538259000,1.6218,1.62204,1.62174,1.62184,90900000,1
1290538260000,1290538319000,1.62184,1.62184,1.62101,1.62128,64400000,1
1290538320000,1290538379000,1.62121,1.62146,1.62105,1.62113,91100000,1
1290538380000,1290538439000,1.62118,1.62121,1.62091,1.62117,76000000,1
1290538440000,1290538499000,1.62124,1.62125,1.62107,1.62108,76900000,1
1290538500000,1290538559000,1.62112,1.62146,1.62091,1.62141,78500000,1
1290538560000,1290538619000,1.62144,1.62173,1.62117,1.62123,106800000,1
1290538620000,1290538679000,1.62127,1.6219,1.62127,1.62171,94100000,1
1290538680000,1290538739000,1.62179,1.62217,1.62178,1.62179,76100000,1
1290538740000,1290538799000,1.62173,1.62315,1.62173,1.62257,109800000,1
1290538800000,1290538859000,1.62278,1.62278,1.62199,1.62246,172500000,1
1290538860000,1290538919000,1.62247,1.62277,1.62125,1.62169,154800000,1
1290538920000,1290538979000,1.62169,1.62214,1.62163,1.62201,126100000,1
1290538980000,1290539039000,1.62193,1.62319,1.62193,1.62291,115500000,1
1290539040000,1290539099000,1.62289,1.62291,1.62236,1.62266,108200000,1
1290539100000,1290539159000,1.62266,1.62332,1.62263,1.62328,152400000,1
1290539160000,1290539219000,1.62328,1.62376,1.62285,1.62355,136700000,1
1290539220000,1290539279000,1.62352,1.62352,1.62324,1.62324,72800000,1
1290539280000,1290539339000,1.62324,1.62395,1.62305,1.62394,110200000,1
1290539340000,1290539399000,1.62395,1.62411,1.62366,1.62394,109000000,1
1290539400000,1290539459000,1.62392,1.62415,1.62372,1.62415,112700000,1
1290539460000,1290539519000,1.62415,1.62436,1.62382,1.62382,104100000,1
1290539520000,1290539579000,1.62392,1.62392,1.62251,1.6228,98800000,1
1290539580000,1290539639000,1.6228,1.62309,1.62274,1.62274,97500000,1
1290539640000,1290539699000,1.62266,1.62266,1.62238,1.62245,62000000,1
1290539700000,1290539759000,1.62243,1.62326,1.62242,1.62301,109300000,1
1290539760000,1290539819000,1.62301,1.62325,1.62284,1.62314,85600000,1
1290539820000,1290539879000,1.62319,1.62372,1.62304,1.62346,110300000,1
1290539880000,1290539939000,1.62346,1.62364,1.62327,1.6233,64300000,1
1290539940000,1290539999000,1.62331,1.62424,1.6233,1.62415,87100000,1
1290540000000,1290540059000,1.62424,1.62443,1.6239,1.62392,86300000,1
1290540060000,1290540119000,1.62399,1.62415,1.62338,1.62338,101500000,1
1290540120000,1290540179000,1.62345,1.62346,1.62151,1.622,150000000,1
1290540180000,1290540239000,1.622,1.62244,1.6219,1.62229,81400000,1
1290540240000,1290540299000,1.62228,1.62258,1.62176,1.62176,111200000,1
1290540300000,1290540359000,1.6219,1.622,1.62063,1.62063,83600000,1
1290540360000,1290540419000,1.62067,1.62117,1.62065,1.6209,117100000,1
1290540420000,1290540479000,1.62094,1.62113,1.6205,1.62074,92900000,1
1290540480000,1290540539000,1.62074,1.62074,1.62027,1.62039,109000000,1
1290540540000,1290540599000,1.62042,1.62069,1.62013,1.62047,91800000,1
1290540600000,1290540659000,1.62047,1.62058,1.62039,1.62048,74900000,1
1290540660000,1290540719000,1.62049,1.62083,1.62038,1.62082,70000000,1
1290540720000,1290540779000,1.62075,1.62149,1.62059,1.62149,119500000,1
1290540780000,1290540839000,1.62148,1.6224,1.62134,1.62228,124700000,1
1290540840000,1290540899000,1.62239,1.62239,1.62171,1.6218,69700000,1
1290540900000,1290540959000,1.6219,1.62256,1.6218,1.62247,67400000,1
1290540960000,1290541019000,1.62257,1.62258,1.62231,1.62257,36600000,1
1290541020000,1290541079000,1.62257,1.62273,1.62233,1.62239,63200000,1
1290541080000,1290541139000,1.62239,1.62289,1.62239,1.62289,93000000,1
1290541140000,1290541199000,1.62289,1.62326,1.62273,1.62326,69700000,1
1290541200000,1290541259000,1.62327,1.62375,1.62322,1.62326,69600000,1
1290541260000,1290541319000,1.62326,1.62336,1.62305,1.62316,54700000,1
1290541320000,1290541379000,1.62325,1.62354,1.62315,1.6232,57900000,1
1290541380000,1290541439000,1.62323,1.62337,1.62289,1.62319,90800000,1
1290541440000,1290541499000,1.62314,1.62331,1.62276,1.62326,95500000,1
1290541500000,1290541559000,1.6233,1.62349,1.62323,1.62333,50600000,1
1290541560000,1290541619000,1.62323,1.62334,1.62308,1.62317,47800000,1
1290541620000,1290541679000,1.62307,1.62363,1.62307,1.62345,49500000,1
1290541680000,1290541739000,1.62349,1.6236,1.62328,1.62328,35200000,1
1290541740000,1290541799000,1.62328,1.62351,1.6232,1.62345,75200000,1
1290541800000,1290541859000,1.62333,1.62352,1.62291,1.62293,94700000,1
1290541860000,1290541919000,1.62292,1.62364,1.62277,1.62364,91300000,1
1290541920000,1290541979000,1.62364,1.6245,1.62317,1.62392,106800000,1
1290541980000,1290542039000,1.62392,1.62401,1.62367,1.62393,53800000,1
1290542040000,1290542099000,1.62386,1.62399,1.62358,1.62361,73000000,1
1290542100000,1290542159000,1.6235,1.62372,1.62315,1.62364,108300000,1
1290542160000,1290542219000,1.62366,1.62381,1.62347,1.62358,56100000,1
1290542220000,1290542279000,1.62358,1.62386,1.62354,1.62373,48700000,1
1290542280000,1290542339000,1.62373,1.62389,1.62351,1.6238,91100000,1
1290542340000,1290542399000,1.62379,1.62422,1.62376,1.62413,89500000,1
1290542400000,1290542459000,1.62412,1.62412,1.6234,1.6234,106300000,1
1290542460000,1290542519000,1.6234,1.62394,1.6234,1.62367,54500000,1
1290542520000,1290542579000,1.62366,1.62413,1.62358,1.62368,83000000,1
1290542580000,1290542639000,1.6238,1.62399,1.62364,1.62387,72300000,1
1290542640000,1290542699000,1.62381,1.62386,1.62362,1.62369,55300000,1
1290542700000,1290542759000,1.62369,1.62397,1.62339,1.62358,81500000,1
1290542760000,1290542819000,1.62375,1.62391,1.62362,1.62369,88700000,1
1290542820000,1290542879000,1.62369,1.62412,1.62369,1.624,46900000,1
1290542880000,1290542939000,1.624,1.62405,1.62324,1.62342,76400000,1
1290542940000,1290542999000,1.62352,1.62352,1.6233,1.62342,74900000,1
1290543000000,1290543059000,1.62342,1.62372,1.6233,1.62369,77900000,1
1290543060000,1290543119000,1.62369,1.62405,1.62369,1.62372,84900000,1
1290543120000,1290543179000,1.62372,1.62416,1.62359,1.62404,74400000,1
1290543180000,1290543239000,1.62399,1.62412,1.62385,1.62412,80000000,1
1290543240000,1290543299000,1.62406,1.62406,1.62333,1.62333,72800000,1
1290543300000,1290543359000,1.62332,1.62354,1.62318,1.62345,93900000,1
1290543360000,1290543419000,1.62345,1.62381,1.6234,1.62359,46900000,1
1290543420000,1290543479000,1.62359,1.62421,1.62346,1.62412,78500000,1
1290543480000,1290543539000,1.62412,1.6243,1.62399,1.62399,55500000,1
1290543540000,1290543599000,1.62399,1.6241,1.62375,1.62393,57800000,1
1290543600000,1290543659000,1.62393,1.62424,1.62377,1.62411,52500000,1
1290543660000,1290543719000,1.62398,1.62437,1.62367,1.62397,66600000,1
1290543720000,1290543779000,1.62397,1.62414,1.62377,1.62393,33300000,1
1290543780000,1290543839000,1.62393,1.62432,1.62372,1.62432,37400000,1
1290543840000,1290543899000,1.62423,1.62469,1.62383,1.62383,72100000,1
1290543900000,1290543959000,1.62382,1.624,1.62377,1.62381,21300000,1
1290543960000,1290544019000,1.62381,1.62421,1.62336,1.62371,37100000,1
1290544020000,1290544079000,1.62371,1.62394,1.62347,1.62364,59900000,1
1290544080000,1290544139000,1.62358,1.62374,1.62348,1.62374,41000000,1
1290544140000,1290544199000,1.62359,1.62401,1.62284,1.62284,78000000,1
1290544200000,1290544259000,1.62284,1.62315,1.62273,1.62313,67100000,1
1290544260000,1290544319000,1.62298,1.62328,1.62271,1.62301,71000000,1
1290544320000,1290544379000,1.62295,1.62307,1.62273,1.62307,78100000,1
1290544380000,1290544439000,1.62297,1.62309,1.62265,1.62302,88200000,1
1290544440000,1290544499000,1.6232,1.62362,1.62267,1.62362,95600000,1
1290544500000,1290544559000,1.62348,1.62377,1.62342,1.62346,48700000,1
1290544560000,1290544619000,1.62346,1.62363,1.62336,1.62346,32200000,1
1290544620000,1290544679000,1.62345,1.62351,1.62278,1.62278,76700000,1
1290544680000,1290544739000,1.62283,1.62288,1.6224,1.62264,88100000,1
1290544740000,1290544799000,1.62264,1.6227,1.6222,1.62222,54300000,1
1290544800000,1290544859000,1.62212,1.62271,1.62212,1.62236,44000000,1
1290544860000,1290544919000,1.62236,1.62246,1.6222,1.62221,49500000,1
1290544920000,1290544979000,1.62229,1.62242,1.62203,1.62223,58400000,1
1290544980000,1290545039000,1.62225,1.62228,1.62173,1.62199,63500000,1
1290545040000,1290545099000,1.62199,1.62219,1.62144,1.62147,86900000,1
1290545100000,1290545159000,1.62147,1.62188,1.62137,1.62142,73600000,1
1290545160000,1290545219000,1.6215,1.62189,1.62137,1.62159,50400000,1
1290545220000,1290545279000,1.62159,1.62176,1.62138,1.62146,62000000,1
1290545280000,1290545339000,1.62164,1.62192,1.62142,1.62163,82500000,1
1290545340000,1290545399000,1.62163,1.6218,1.62152,1.62171,86100000,1
1290545400000,1290545459000,1.6217,1.6223,1.6217,1.6223,104300000,1
1290545460000,1290545519000,1.62234,1.62238,1.62193,1.62215,90800000,1
1290545520000,1290545579000,1.62215,1.62227,1.62215,1.6222,50100000,1
1290545580000,1290545639000,1.6222,1.6227,1.62193,1.6226,150000000,1
1290545640000,1290545699000,1.62275,1.62275,1.62252,1.62252,67000000,1
1290545700000,1290545759000,1.62247,1.62265,1.6219,1.62201,74800000,1
1290545760000,1290545819000,1.62201,1.62234,1.62177,1.62192,86800000,1
1290545820000,1290545879000,1.62195,1.62195,1.62152,1.62182,89500000,1
1290545880000,1290545939000,1.62182,1.62261,1.62176,1.62256,93200000,1
1290545940000,1290545999000,1.62252,1.62279,1.62233,1.62253,120700000,1
1290546000000,1290546059000,1.62259,1.62288,1.62243,1.62267,82400000,1
1290546060000,1290546119000,1.62267,1.62267,1.62157,1.62175,66800000,1
1290546120000,1290546179000,1.6218,1.62203,1.6218,1.62203,67700000,1
1290546180000,1290546239000,1.62194,1.62198,1.62156,1.6216,29500000,1
1290546240000,1290546299000,1.6216,1.62188,1.62142,1.62154,73100000,1
1290546300000,1290546359000,1.62154,1.62156,1.62131,1.62131,73300000,1
1290546360000,1290546419000,1.62131,1.62133,1.62102,1.62102,44900000,1
1290546420000,1290546479000,1.62102,1.62113,1.62099,1.62099,73200000,1
1290546480000,1290546539000,1.62099,1.62153,1.62099,1.62143,48400000,1
1290546540000,1290546599000,1.62143,1.62181,1.62132,1.62177,54200000,1
1290546600000,1290546659000,1.62172,1.62172,1.62143,1.6216,114900000,1
1290546660000,1290546719000,1.6216,1.62173,1.6216,1.62173,25600000,1
1290546720000,1290546779000,1.62177,1.62222,1.62177,1.622,30500000,1
1290546780000,1290546839000,1.622,1.62266,1.622,1.62245,64500000,1
1290546840000,1290546899000,1.62232,1.62232,1.62144,1.62198,102800000,1
1290546900000,1290546959000,1.62192,1.62218,1.62181,1.62191,83800000,1
1290546960000,1290547019000,1.62191,1.62201,1.62157,1.62157,74700000,1
1290547020000,1290547079000,1.62143,1.62171,1.62142,1.62157,63700000,1
1290547080000,1290547139000,1.62161,1.62192,1.62152,1.62192,70800000,1
1290547140000,1290547199000,1.62189,1.62198,1.62151,1.62153,106200000,1
1290547200000,1290547259000,1.62167,1.62204,1.62156,1.62201,76700000,1
1290547260000,1290547319000,1.62216,1.62226,1.62179,1.62198,49500000,1
1290547320000,1290547379000,1.62199,1.6222,1.62199,1.6221,21100000,1
1290547380000,1290547439000,1.6221,1.62217,1.6216,1.6221,55300000,1
1290547440000,1290547499000,1.62188,1.62205,1.62145,1.62163,39900000,1
1290547500000,1290547559000,1.62163,1.62177,1.62122,1.62162,39200000,1
1290547560000,1290547619000,1.62162,1.62162,1.62126,1.62134,29900000,1
1290547620000,1290547679000,1.62134,1.62179,1.62134,1.62153,54900000,1
1290547680000,1290547739000,1.62153,1.62186,1.6215,1.62162,54600000,1
1290547740000,1290547799000,1.62162,1.62223,1.62162,1.62179,51500000,1
1290547800000,1290547859000,1.62171,1.62177,1.62145,1.62176,35700000,1
1290547860000,1290547919000,1.62176,1.62193,1.62145,1.62177,24700000,1
1290547920000,1290547979000,1.62166,1.62168,1.62151,1.62153,15700000,1
1290547980000,1290548039000,1.62153,1.62172,1.62114,1.62158,53100000,1
1290548040000,1290548099000,1.62165,1.62175,1.62121,1.62158,43000000,1
1290548100000,1290548159000,1.62158,1.62186,1.62158,1.62186,24600000,1
1290548160000,1290548219000,1.6217,1.62171,1.62162,1.62171,14100000,1
1290548220000,1290548279000,1.62171,1.62179,1.62143,1.62143,22100000,1
1290548280000,1290548339000,1.62151,1.62179,1.62151,1.62161,30200000,1
1290548340000,1290548399000,1.62161,1.62161,1.62139,1.62142,50200000,1
1290548400000,1290548459000,1.62141,1.62176,1.6213,1.6216,62400000,1
1290548460000,1290548519000,1.6216,1.6219,1.6216,1.6216,53500000,1
1290548520000,1290548579000,1.62144,1.62243,1.62144,1.62193,90600000,1
1290548580000,1290548639000,1.62199,1.62262,1.62196,1.62209,71800000,1
1290548640000,1290548699000,1.62218,1.62245,1.62201,1.62216,68100000,1
1290548700000,1290548759000,1.62217,1.62238,1.62199,1.62199,42000000,1
1290548760000,1290548819000,1.62199,1.62207,1.62186,1.6219,50300000,1
1290548820000,1290548879000,1.62205,1.62222,1.6218,1.62214,50800000,1
1290548880000,1290548939000,1.62213,1.62214,1.6219,1.62198,43400000,1
1290548940000,1290548999000,1.62198,1.62199,1.62153,1.62169,48200000,1
1290549000000,1290549059000,1.62169,1.62186,1.62169,1.62183,26000000,1
1290549060000,1290549119000,1.62189,1.62211,1.62189,1.62211,19000000,1
1290549120000,1290549179000,1.62207,1.62217,1.62127,1.62127,73100000,1
1290549180000,1290549239000,1.62127,1.6219,1.62127,1.62178,81300000,1
1290549240000,1290549299000,1.62162,1.62185,1.62081,1.62081,62700000,1
1290549300000,1290549359000,1.62075,1.62167,1.62075,1.62153,78700000,1
1290549360000,1290549419000,1.62153,1.62173,1.62148,1.62164,70500000,1
1290549420000,1290549479000,1.62164,1.62188,1.62128,1.62142,94000000,1
1290549480000,1290549539000,1.62166,1.62232,1.62155,1.62223,86300000,1
1290549540000,1290549599000,1.62217,1.62268,1.62172,1.62172,97900000,1
1290549600000,1290549659000,1.62172,1.62253,1.62172,1.62218,98400000,1
1290549660000,1290549719000,1.62218,1.62257,1.6219,1.62206,51600000,1
1290549720000,1290549779000,1.62223,1.62273,1.62129,1.62129,59400000,1
1290549780000,1290549839000,1.62137,1.62148,1.62096,1.62118,55300000,1
1290549840000,1290549899000,1.62098,1.62143,1.62086,1.62143,29000000,1
1290549900000,1290549959000,1.62117,1.62168,1.62105,1.62168,57300000,1
1290549960000,1290550019000,1.62167,1.62188,1.62166,1.62168,31500000,1
1290550020000,1290550079000,1.62161,1.62188,1.62152,1.62154,25800000,1
1290550080000,1290550139000,1.62153,1.62153,1.621,1.62138,36400000,1
1290550140000,1290550199000,1.62132,1.62137,1.621,1.6211,27500000,1
1290550200000,1290550259000,1.621,1.62158,1.621,1.62158,47900000,1
1290550260000,1290550319000,1.62163,1.62163,1.62143,1.62147,24600000,1
1290550320000,1290550379000,1.62153,1.62153,1.62117,1.62118,18400000,1
1290550380000,1290550439000,1.62118,1.62128,1.62113,1.62127,16100000,1
1290550440000,1290550499000,1.6212,1.62228,1.6212,1.6221,34500000,1
1290550500000,1290550559000,1.62199,1.62258,1.62181,1.62224,70200000,1
1290550560000,1290550619000,1.62226,1.62226,1.62123,1.62131,91600000,1
1290550620000,1290550679000,1.62129,1.62142,1.62105,1.62121,76300000,1
1290550680000,1290550739000,1.62123,1.62123,1.62111,1.62111,20400000,1
1290550740000,1290550799000,1.62127,1.62138,1.62111,1.62123,48200000,1
1290550800000,1290550859000,1.62136,1.62173,1.62118,1.62132,79700000,1
1290550860000,1290550919000,1.62142,1.62173,1.62115,1.62115,61500000,1
1290550920000,1290550979000,1.62118,1.62142,1.62115,1.62136,69900000,1
1290550980000,1290551039000,1.62138,1.62148,1.62114,1.62138,46100000,1
1290551040000,1290551099000,1.62124,1.62143,1.62114,1.62143,34700000,1
1290551100000,1290551159000,1.62138,1.62212,1.62126,1.62202,89300000,1
1290551160000,1290551219000,1.62202,1.62219,1.62182,1.62182,69600000,1
1290551220000,1290551279000,1.62193,1.62193,1.62152,1.62169,37300000,1
1290551280000,1290551339000,1.62175,1.62179,1.62175,1.62179,18600000,1
1290551340000,1290551399000,1.62169,1.62169,1.62136,1.62152,11500000,1
1290551400000,1290551459000,1.62152,1.62167,1.62152,1.62152,25300000,1
1290551460000,1290551519000,1.62152,1.62157,1.6214,1.62148,28800000,1
1290551520000,1290551579000,1.62142,1.62157,1.62142,1.62157,12300000,1
1290551580000,1290551639000,1.62151,1.62164,1.62142,1.62142,42900000,1
1290551640000,1290551699000,1.62138,1.62147,1.62119,1.62143,59700000,1
1290551700000,1290551759000,1.62143,1.62148,1.62112,1.62128,89400000,1
1290551760000,1290551819000,1.62123,1.62128,1.62122,1.62128,15600000,1
1290551820000,1290551879000,1.62133,1.62158,1.62122,1.62152,61900000,1
1290551880000,1290551939000,1.62148,1.62178,1.62137,1.62139,66500000,1
1290551940000,1290551999000,1.62142,1.62148,1.62134,1.62147,14100000,1
1290552000000,1290552059000,1.62153,1.62158,1.62128,1.62153,43500000,1
1290552060000,1290552119000,1.6215,1.62183,1.62128,1.62181,71100000,1
1290552120000,1290552179000,1.62181,1.62226,1.62157,1.6216,78700000,1
1290552180000,1290552239000,1.62158,1.62158,1.62086,1.6211,62100000,1
1290552240000,1290552299000,1.62117,1.62132,1.62087,1.62113,47200000,1
1290552300000,1290552359000,1.62113,1.62118,1.62113,1.62118,5500000,1
1290552360000,1290552419000,1.62113,1.62124,1.62096,1.62124,20400000,1
1290552420000,1290552479000,1.62122,1.62157,1.62114,1.62131,37000000,1
1290552480000,1290552539000,1.62141,1.62143,1.62127,1.62137,33100000,1
1290552540000,1290552599000,1.62138,1.62138,1.62118,1.62133,34900000,1
1290552600000,1290552659000,1.62135,1.62139,1.62135,1.62139,9900000,1
1290552660000,1290552719000,1.62139,1.62139,1.62139,1.62139,13300000,1
1290552720000,1290552779000,1.62151,1.62151,1.62151,1.62151,1100000,1
1290552780000,1290552839000,1.62148,1.62151,1.62115,1.62115,24300000,1
1290552840000,1290552899000,1.62107,1.62117,1.62107,1.62117,19800000,1
1290552900000,1290552959000,1.62113,1.62159,1.62107,1.62127,56800000,1
1290552960000,1290553019000,1.62127,1.62158,1.62127,1.62143,18500000,1
1290553020000,1290553079000,1.62143,1.62157,1.62138,1.62152,18400000,1
1290553080000,1290553139000,1.62158,1.62158,1.6213,1.62158,51000000,1
1290553140000,1290553199000,1.62158,1.62178,1.62158,1.62172,18300000,1
1290553200000,1290553259000,1.62177,1.62188,1.62161,1.62161,37000000,1
1290553260000,1290553319000,1.62159,1.62167,1.6215,1.62167,25800000,1
1290553320000,1290553379000,1.62161,1.62168,1.62157,1.62168,28200000,1
1290553380000,1290553439000,1.62168,1.62183,1.62163,1.62173,36500000,1
1290553440000,1290553499000,1.62173,1.62193,1.62173,1.62187,101900000,1
1290553500000,1290553559000,1.62187,1.62194,1.62169,1.62175,41100000,1
1290553560000,1290553619000,1.6217,1.62176,1.62167,1.62176,14000000,1
1290553620000,1290553679000,1.62176,1.62183,1.62134,1.62134,26500000,1
1290553680000,1290553739000,1.62132,1.62148,1.62132,1.62143,9100000,1
1290553740000,1290553799000,1.62141,1.62153,1.62141,1.62153,24400000,1
1290553800000,1290553859000,1.62158,1.62161,1.62147,1.62152,17800000,1
1290553860000,1290553919000,1.62153,1.62153,1.62136,1.62142,24000000,1
1290553920000,1290553979000,1.62136,1.62136,1.62119,1.62127,31100000,1
1290553980000,1290554039000,1.62137,1.62137,1.62093,1.62123,57800000,1
1290554040000,1290554099000,1.62121,1.62123,1.62058,1.62067,108200000,1
1290554100000,1290554159000,1.62058,1.62083,1.62042,1.62075,61600000,1
1290554160000,1290554219000,1.62097,1.62097,1.62073,1.62089,46500000,1
1290554220000,1290554279000,1.62081,1.62106,1.6208,1.62106,49300000,1
1290554280000,1290554339000,1.62109,1.62109,1.62088,1.62105,64200000,1
1290554340000,1290554399000,1.62102,1.62102,1.62034,1.62034,79500000,1
1290554400000,1290554459000,1.62029,1.62057,1.62022,1.62037,127300000,1
1290554460000,1290554519000,1.62037,1.62041,1.62018,1.62018,40000000,1
1290554520000,1290554579000,1.62018,1.62072,1.62017,1.62049,115100000,1
1290554580000,1290554639000,1.62043,1.62058,1.62016,1.62023,67700000,1
1290554640000,1290554699000,1.62033,1.62042,1.62033,1.62042,21900000,1
1290554700000,1290554759000,1.62042,1.62043,1.62024,1.62032,41900000,1
1290554760000,1290554819000,1.62028,1.62053,1.62021,1.62021,23800000,1
1290554820000,1290554879000,1.62012,1.62013,1.61993,1.61997,20200000,1
1290554880000,1290554939000,1.61992,1.61998,1.61991,1.61997,35400000,1
1290554940000,1290554999000,1.62002,1.62003,1.61986,1.62003,33000000,1
1290555000000,1290555059000,1.62002,1.62005,1.61983,1.61985,62300000,1
1290555060000,1290555119000,1.61985,1.61997,1.61942,1.61997,81700000,1
1290555120000,1290555179000,1.62002,1.62015,1.61997,1.62013,44500000,1
1290555180000,1290555239000,1.6201,1.62056,1.62006,1.62036,81400000,1
1290555240000,1290555299000,1.62032,1.62041,1.62016,1.62041,54500000,1
1290555300000,1290555359000,1.62037,1.62041,1.62021,1.62023,44000000,1
1290555360000,1290555419000,1.62028,1.62034,1.62019,1.62034,32800000,1
1290555420000,1290555479000,1.62037,1.62045,1.62029,1.62033,31600000,1
1290555480000,1290555539000,1.62035,1.62098,1.62004,1.62082,202800000,1
1290555540000,1290555599000,1.62076,1.62082,1.62013,1.62013,127900000,1
1290555600000,1290555659000,1.62016,1.62086,1.61992,1.62077,102200000,1
1290555660000,1290555719000,1.62078,1.62087,1.62057,1.62084,43900000,1
1290555720000,1290555779000,1.62085,1.62085,1.62042,1.62081,51900000,1
1290555780000,1290555839000,1.62068,1.6208,1.62039,1.62055,83100000,1
1290555840000,1290555899000,1.62055,1.62097,1.62049,1.62081,101000000,1
1290555900000,1290555959000,1.62081,1.62087,1.62047,1.62056,53900000,1
1290555960000,1290556019000,1.62056,1.62093,1.62032,1.62063,111300000,1
1290556020000,1290556079000,1.62069,1.62101,1.62042,1.62063,96500000,1
1290556080000,1290556139000,1.62068,1.6208,1.6203,1.62063,70400000,1
1290556140000,1290556199000,1.62062,1.62063,1.61981,1.61987,87400000,1
1290556200000,1290556259000,1.61986,1.62004,1.61951,1.61951,96200000,1
1290556260000,1290556319000,1.61951,1.61987,1.61941,1.61969,87900000,1
1290556320000,1290556379000,1.61974,1.62001,1.61947,1.61977,85800000,1
1290556380000,1290556439000,1.61978,1.62032,1.61978,1.61999,78400000,1
1290556440000,1290556499000,1.61986,1.62011,1.61961,1.62008,100000000,1
1290556500000,1290556559000,1.62003,1.62051,1.61995,1.62022,93600000,1
1290556560000,1290556619000,1.62008,1.62043,1.62008,1.62028,47400000,1
1290556620000,1290556679000,1.62036,1.62143,1.62036,1.62109,85600000,1
1290556680000,1290556739000,1.62109,1.62117,1.62076,1.62101,114300000,1
1290556740000,1290556799000,1.62104,1.6213,1.62091,1.62099,114900000,1
1290556800000,1290556859000,1.6209,1.62119,1.62066,1.62072,88900000,1
1290556860000,1290556919000,1.62082,1.62082,1.61992,1.62054,101200000,1
1290556920000,1290556979000,1.62047,1.62047,1.61977,1.62023,163200000,1
1290556980000,1290557039000,1.62022,1.62022,1.61972,1.61997,96000000,1
1290557040000,1290557099000,1.62005,1.62005,1.61965,1.61999,116700000,1
1290557100000,1290557159000,1.62004,1.62021,1.61971,1.61973,126600000,1
1290557160000,1290557219000,1.61974,1.62021,1.61905,1.61949,150000000,1
1290557220000,1290557279000,1.61951,1.61958,1.61923,1.61952,84700000,1
1290557280000,1290557339000,1.61952,1.61988,1.61932,1.61971,63200000,1
1290557340000,1290557399000,1.61968,1.61993,1.61955,1.6197,117800000,1
1290557400000,1290557459000,1.61978,1.61995,1.61932,1.61953,119500000,1
1290557460000,1290557519000,1.61953,1.61968,1.61932,1.61941,62500000,1
1290557520000,1290557579000,1.61941,1.61948,1.61941,1.61946,14300000,1
1290557580000,1290557639000,1.61948,1.61952,1.61941,1.61941,30800000,1
1290557640000,1290557699000,1.61932,1.61933,1.61895,1.61918,109300000,1
1290557700000,1290557759000,1.61918,1.61922,1.61893,1.61894,59600000,1
1290557760000,1290557819000,1.61897,1.61916,1.61872,1.61892,98300000,1
1290557820000,1290557879000,1.61885,1.61898,1.61859,1.6186,58000000,1
1290557880000,1290557939000,1.61863,1.61873,1.6186,1.61866,27300000,1
1290557940000,1290557999000,1.61867,1.61868,1.61842,1.6185,43100000,1
1290558000000,1290558059000,1.61842,1.61842,1.61772,1.61773,169200000,1
1290558060000,1290558119000,1.61772,1.61828,1.61763,1.61799,81900000,1
1290558120000,1290558179000,1.61799,1.61815,1.61737,1.61773,148400000,1
1290558180000,1290558239000,1.61765,1.61801,1.61738,1.61765,96000000,1
1290558240000,1290558299000,1.61767,1.61803,1.61726,1.61791,108300000,1
1290558300000,1290558359000,1.61796,1.61796,1.61747,1.61773,175300000,1
1290558360000,1290558419000,1.61777,1.61827,1.61775,1.6182,136800000,1
1290558420000,1290558479000,1.61813,1.61841,1.6174,1.61788,173100000,1
1290558480000,1290558539000,1.61781,1.61839,1.61772,1.61808,161300000,1
1290558540000,1290558599000,1.61808,1.61808,1.61727,1.61747,140100000,1
1290558600000,1290558659000,1.61748,1.61787,1.61731,1.61761,190700000,1
1290558660000,1290558719000,1.61779,1.61819,1.61769,1.61793,85000000,1
1290558720000,1290558779000,1.61792,1.61797,1.61729,1.61767,102600000,1
1290558780000,1290558839000,1.61767,1.6179,1.61751,1.61762,94100000,1
1290558840000,1290558899000,1.61759,1.6178,1.61753,1.61772,72300000,1
1290558900000,1290558959000,1.61767,1.61767,1.6172,1.61745,88700000,1
1290558960000,1290559019000,1.61747,1.61776,1.61735,1.61755,117600000,1
1290559020000,1290559079000,1.61755,1.61789,1.6174,1.61752,121300000,1
1290559080000,1290559139000,1.61754,1.61765,1.61713,1.61726,135000000,1
1290559140000,1290559199000,1.61726,1.61734,1.61679,1.61679,118300000,1
1290559200000,1290559259000,1.61692,1.61703,1.61625,1.61634,131800000,1
1290559260000,1290559319000,1.61637,1.6168,1.61633,1.61668,81600000,1
1290559320000,1290559379000,1.61668,1.61689,1.61658,1.61658,93600000,1
1290559380000,1290559439000,1.61658,1.61668,1.6159,1.61607,98900000,1
1290559440000,1290559499000,1.61612,1.61628,1.61592,1.61601,79500000,1
1290559500000,1290559559000,1.61609,1.61611,1.6156,1.61593,104900000,1
1290559560000,1290559619000,1.61599,1.61642,1.61574,1.61641,122300000,1
1290559620000,1290559679000,1.61652,1.6167,1.61635,1.61668,133400000,1
1290559680000,1290559739000,1.61668,1.61694,1.61664,1.61692,93900000,1
1290559740000,1290559799000,1.61691,1.61705,1.61683,1.61696,65200000,1
1290559800000,1290559859000,1.61693,1.61722,1.61693,1.61704,49200000,1
1290559860000,1290559919000,1.61708,1.61737,1.61705,1.61737,62300000,1
1290559920000,1290559979000,1.6174,1.61749,1.61699,1.61699,60000000,1
1290559980000,1290560039000,1.61709,1.61721,1.61682,1.61711,203200000,1
1290560040000,1290560099000,1.61706,1.61707,1.61663,1.61675,146500000,1
1290560100000,1290560159000,1.6169,1.61706,1.61668,1.6169,118200000,1
1290560160000,1290560219000,1.6169,1.61708,1.61681,1.61689,73600000,1
1290560220000,1290560279000,1.61689,1.61743,1.61687,1.61732,51700000,1
1290560280000,1290560339000,1.61727,1.61808,1.61727,1.61783,166400000,1
1290560340000,1290560399000,1.61782,1.61794,1.6175,1.61771,175000000,1
1290560400000,1290560459000,1.61771,1.61794,1.61738,1.61766,172200000,1
1290560460000,1290560519000,1.61757,1.61799,1.61748,1.61794,72400000,1
1290560520000,1290560579000,1.61794,1.61809,1.61774,1.61792,67400000,1
1290560580000,1290560639000,1.61794,1.618,1.61729,1.6173,100200000,1
1290560640000,1290560699000,1.6173,1.61746,1.61704,1.61729,116700000,1
1290560700000,1290560759000,1.61723,1.61729,1.61703,1.61721,105300000,1
1290560760000,1290560819000,1.61721,1.61745,1.61712,1.61744,83500000,1
1290560820000,1290560879000,1.61736,1.6177,1.61702,1.61715,117300000,1
1290560880000,1290560939000,1.61728,1.61743,1.61688,1.61738,99500000,1
1290560940000,1290560999000,1.61743,1.61789,1.61743,1.61767,66000000,1
1290561000000,1290561059000,1.61757,1.61782,1.61733,1.61735,102200000,1
1290561060000,1290561119000,1.61733,1.61744,1.61707,1.61728,147100000,1
1290561120000,1290561179000,1.61733,1.61771,1.61725,1.61771,59200000,1
1290561180000,1290561239000,1.61779,1.61802,1.61764,1.61764,81400000,1
1290561240000,1290561299000,1.61764,1.61764,1.61733,1.61734,55300000,1
1290561300000,1290561359000,1.6174,1.61782,1.61724,1.61782,106900000,1
1290561360000,1290561419000,1.61794,1.61796,1.61767,1.61787,87600000,1
1290561420000,1290561479000,1.61787,1.61803,1.61782,1.61782,52900000,1
1290561480000,1290561539000,1.61783,1.61817,1.61759,1.6177,143500000,1
1290561540000,1290561599000,1.61773,1.61778,1.61757,1.61776,77600000,1
1290561600000,1290561659000,1.61777,1.61777,1.61734,1.61748,113500000,1
1290561660000,1290561719000,1.61748,1.61779,1.61739,1.61747,100200000,1
1290561720000,1290561779000,1.61752,1.61788,1.61747,1.61778,88700000,1
1290561780000,1290561839000,1.61776,1.61787,1.61753,1.61759,96500000,1
1290561840000,1290561899000,1.61753,1.6176,1.61736,1.61736,79300000,1
1290561900000,1290561959000,1.61736,1.61762,1.61705,1.61712,74200000,1
1290561960000,1290562019000,1.61713,1.61723,1.61685,1.61711,122600000,1
1290562020000,1290562079000,1.61694,1.61721,1.61693,1.61712,112200000,1
1290562080000,1290562139000,1.61712,1.61738,1.61704,1.61714,80900000,1
1290562140000,1290562199000,1.61695,1.61723,1.61678,1.61688,120400000,1
1290562200000,1290562259000,1.61684,1.61698,1.61646,1.61685,136500000,1
1290562260000,1290562319000,1.61685,1.61685,1.61616,1.61633,133600000,1
1290562320000,1290562379000,1.61638,1.6167,1.61634,1.61662,101100000,1
1290562380000,1290562439000,1.61664,1.61669,1.61607,1.61622,87100000,1
1290562440000,1290562499000,1.6162,1.6162,1.61587,1.6159,75100000,1
1290562500000,1290562559000,1.61582,1.6159,1.61482,1.61491,138900000,1
1290562560000,1290562619000,1.61508,1.61532,1.61466,1.61532,94500000,1
1290562620000,1290562679000,1.61529,1.6154,1.61508,1.61509,88200000,1
1290562680000,1290562739000,1.61509,1.61534,1.61498,1.61523,100600000,1
1290562740000,1290562799000,1.61517,1.61527,1.61507,1.6151,77700000,1
1290562800000,1290562859000,1.61511,1.61513,1.61493,1.61494,53900000,1
1290562860000,1290562919000,1.61493,1.615,1.61472,1.6148,84900000,1
1290562920000,1290562979000,1.61484,1.61496,1.61468,1.61471,63700000,1
1290562980000,1290563039000,1.61473,1.61491,1.6144,1.61472,117200000,1
1290563040000,1290563099000,1.6148,1.61502,1.61471,1.61471,73400000,1
1290563100000,1290563159000,1.61471,1.61472,1.61422,1.61467,89600000,1
1290563160000,1290563219000,1.61457,1.61479,1.61443,1.61459,84400000,1
1290563220000,1290563279000,1.61462,1.61487,1.61462,1.61487,30800000,1
1290563280000,1290563339000,1.61488,1.61488,1.61447,1.6147,103600000,1
1290563340000,1290563399000,1.6148,1.6148,1.61418,1.61418,64700000,1
1290563400000,1290563459000,1.61417,1.61446,1.61417,1.61437,69800000,1
1290563460000,1290563519000,1.61437,1.61467,1.61429,1.6144,84200000,1
1290563520000,1290563579000,1.61433,1.61441,1.61414,1.61436,68100000,1
1290563580000,1290563639000,1.61436,1.61471,1.61427,1.61433,79300000,1
1290563640000,1290563699000,1.61441,1.61489,1.61441,1.61481,82800000,1
1290563700000,1290563759000,1.61474,1.61487,1.61406,1.61417,109100000,1
1290563760000,1290563819000,1.61417,1.61428,1.61407,1.61423,66900000,1
1290563820000,1290563879000,1.61431,1.61431,1.61391,1.61404,67600000,1
1290563880000,1290563939000,1.61398,1.614,1.6137,1.6137,68300000,1
1290563940000,1290563999000,1.61372,1.61402,1.61369,1.61369,75700000,1
1290564000000,1290564059000,1.6137,1.61423,1.6137,1.61399,58500000,1
1290564060000,1290564119000,1.61398,1.61449,1.61388,1.61428,76800000,1
1290564120000,1290564179000,1.61432,1.61482,1.61432,1.61468,83900000,1
1290564180000,1290564239000,1.61462,1.61528,1.61458,1.61467,108300000,1
1290564240000,1290564299000,1.61467,1.61486,1.61448,1.61457,98700000,1
1290564300000,1290564359000,1.61465,1.61483,1.61457,1.61469,76600000,1
1290564360000,1290564419000,1.61478,1.6154,1.61468,1.61514,74700000,1
1290564420000,1290564479000,1.61514,1.61522,1.61502,1.61512,93800000,1
1290564480000,1290564539000,1.61512,1.61519,1.61436,1.61441,86200000,1
1290564540000,1290564599000,1.61443,1.61458,1.61419,1.61419,40300000,1
1290564600000,1290564659000,1.61416,1.61423,1.61382,1.61403,79100000,1
1290564660000,1290564719000,1.61399,1.61399,1.61358,1.61381,80200000,1
1290564720000,1290564779000,1.61378,1.61388,1.61368,1.61388,26300000,1
1290564780000,1290564839000,1.61403,1.61469,1.61381,1.61402,184800000,1
1290564840000,1290564899000,1.61393,1.61406,1.61378,1.61378,67500000,1
1290564900000,1290564959000,1.61369,1.61397,1.61369,1.61378,66600000,1
1290564960000,1290565019000,1.61374,1.61416,1.61373,1.61416,59500000,1
1290565020000,1290565079000,1.61419,1.61434,1.61406,1.61424,72200000,1
1290565080000,1290565139000,1.61424,1.6146,1.61419,1.61425,55200000,1
1290565140000,1290565199000,1.61425,1.61431,1.61399,1.61405,81500000,1
1290565200000,1290565259000,1.61405,1.61441,1.61405,1.61441,34700000,1
1290565260000,1290565319000,1.61448,1.61539,1.61446,1.61539,76300000,1
1290565320000,1290565379000,1.61538,1.61539,1.61512,1.61514,61000000,1
1290565380000,1290565439000,1.61509,1.61514,1.61503,1.61508,37400000,1
1290565440000,1290565499000,1.61508,1.61514,1.61448,1.61463,66500000,1
1290565500000,1290565559000,1.61458,1.61473,1.61398,1.61408,94700000,1
1290565560000,1290565619000,1.61412,1.61447,1.61394,1.61419,106500000,1
1290565620000,1290565679000,1.61423,1.61437,1.61412,1.61433,88500000,1
1290565680000,1290565739000,1.61435,1.61499,1.61418,1.61467,91400000,1
1290565740000,1290565799000,1.61469,1.61485,1.61419,1.61444,103700000,1
1290565800000,1290565859000,1.61433,1.61434,1.61351,1.61371,89400000,1
1290565860000,1290565919000,1.61363,1.61424,1.61349,1.61408,97200000,1
1290565920000,1290565979000,1.61403,1.61495,1.61403,1.61479,88500000,1
1290565980000,1290566039000,1.61479,1.61487,1.61462,1.61482,45800000,1
1290566040000,1290566099000,1.61474,1.61479,1.61427,1.61427,121000000,1
1290566100000,1290566159000,1.61419,1.61439,1.61396,1.61396,65200000,1
1290566160000,1290566219000,1.61397,1.61404,1.61394,1.61395,59000000,1
1290566220000,1290566279000,1.61402,1.61435,1.61402,1.61433,104500000,1
1290566280000,1290566339000,1.6144,1.6145,1.61423,1.61433,66000000,1
1290566340000,1290566399000,1.61428,1.61459,1.61427,1.61452,103200000,1
1290566400000,1290566459000,1.61452,1.61486,1.61442,1.61467,95300000,1
1290566460000,1290566519000,1.61467,1.61495,1.61461,1.6149,111600000,1
1290566520000,1290566579000,1.61503,1.61513,1.61471,1.61508,145000000,1
1290566580000,1290566639000,1.61502,1.61552,1.61478,1.61552,126400000,1
1290566640000,1290566699000,1.61543,1.61543,1.61478,1.61483,112500000,1
1290566700000,1290566759000,1.61488,1.61492,1.61439,1.61449,89800000,1
1290566760000,1290566819000,1.6145,1.61493,1.6145,1.61492,111600000,1
1290566820000,1290566879000,1.61494,1.61539,1.61478,1.61538,74800000,1
1290566880000,1290566939000,1.61538,1.61569,1.61513,1.61521,90500000,1
1290566940000,1290566999000,1.61521,1.61547,1.61517,1.61533,112100000,1
1290567000000,1290567059000,1.61536,1.61557,1.61528,1.61534,115400000,1
1290567060000,1290567119000,1.61533,1.61577,1.61529,1.61562,129000000,1
1290567120000,1290567179000,1.61555,1.61575,1.61533,1.61575,75500000,1
1290567180000,1290567239000,1.61574,1.61581,1.61562,1.61576,40700000,1
1290567240000,1290567299000,1.61575,1.616,1.61572,1.61577,42200000,1
1290567300000,1290567359000,1.61579,1.61617,1.61573,1.61596,114600000,1
1290567360000,1290567419000,1.61597,1.61608,1.61568,1.61586,59700000,1
1290567420000,1290567479000,1.61589,1.61633,1.61578,1.61621,63000000,1
1290567480000,1290567539000,1.61613,1.61621,1.61602,1.61612,67700000,1
1290567540000,1290567599000,1.61614,1.61614,1.61558,1.61585,76700000,1
1290567600000,1290567659000,1.61585,1.61594,1.6157,1.6157,44000000,1
1290567660000,1290567719000,1.61568,1.61568,1.61539,1.61562,96700000,1
1290567720000,1290567779000,1.61558,1.61558,1.61476,1.61512,149700000,1
1290567780000,1290567839000,1.6151,1.61517,1.61458,1.61484,151500000,1
1290567840000,1290567899000,1.61488,1.61507,1.61468,1.61503,165700000,1
1290567900000,1290567959000,1.61499,1.61499,1.6146,1.61479,110700000,1
1290567960000,1290568019000,1.61473,1.61483,1.6145,1.6145,96100000,1
1290568020000,1290568079000,1.61458,1.61499,1.61427,1.61473,118300000,1
1290568080000,1290568139000,1.61476,1.61518,1.61472,1.61479,112700000,1
1290568140000,1290568199000,1.61486,1.61509,1.61486,1.61495,60700000,1
1290568200000,1290568259000,1.61499,1.61524,1.61469,1.61524,68300000,1
1290568260000,1290568319000,1.61529,1.61552,1.61498,1.61536,105800000,1
1290568320000,1290568379000,1.61536,1.61552,1.6153,1.61543,101100000,1
1290568380000,1290568439000,1.61541,1.61563,1.61538,1.61553,55200000,1
1290568440000,1290568499000,1.61563,1.61568,1.61533,1.61565,104400000,1
1290568500000,1290568559000,1.61565,1.61599,1.61565,1.6159,74000000,1
1290568560000,1290568619000,1.6159,1.6159,1.6156,1.6158,37200000,1
1290568620000,1290568679000,1.61569,1.61588,1.61561,1.6158,79000000,1
1290568680000,1290568739000,1.61576,1.6162,1.61564,1.61614,99900000,1
1290568740000,1290568799000,1.61601,1.61638,1.61588,1.61625,123500000,1
1290568800000,1290568859000,1.61625,1.61654,1.61598,1.61649,108200000,1
1290568860000,1290568919000,1.61649,1.61662,1.61608,1.61662,136300000,1
1290568920000,1290568979000,1.61667,1.61667,1.61638,1.61658,106200000,1
1290568980000,1290569039000,1.61658,1.61671,1.61629,1.61633,50200000,1
1290569040000,1290569099000,1.61629,1.61636,1.61621,1.61628,44200000,1
1290569100000,1290569159000,1.61627,1.61638,1.61623,1.61627,23400000,1
1290569160000,1290569219000,1.61622,1.61645,1.61618,1.61628,55400000,1
1290569220000,1290569279000,1.61646,1.61684,1.61646,1.61663,119300000,1
1290569280000,1290569339000,1.61667,1.61673,1.61624,1.61673,138100000,1
1290569340000,1290569399000,1.61674,1.61725,1.61668,1.61688,108400000,1
1290569400000,1290569459000,1.61705,1.61721,1.61693,1.61696,50400000,1
1290569460000,1290569519000,1.617,1.61743,1.6169,1.61704,77600000,1
1290569520000,1290569579000,1.61704,1.61736,1.61698,1.61698,93000000,1
1290569580000,1290569639000,1.61693,1.61733,1.61693,1.61712,63700000,1
1290569640000,1290569699000,1.61712,1.61727,1.61692,1.61693,49100000,1
1290569700000,1290569759000,1.61687,1.61726,1.61675,1.61696,100600000,1
1290569760000,1290569819000,1.61696,1.61708,1.61678,1.61688,97400000,1
1290569820000,1290569879000,1.61695,1.61704,1.61666,1.61702,81100000,1
1290569880000,1290569939000,1.61695,1.61706,1.61651,1.61667,129600000,1
1290569940000,1290569999000,1.61667,1.61685,1.61655,1.61664,100200000,1
1290570000000,1290570059000,1.61664,1.61664,1.61618,1.61639,74300000,1
1290570060000,1290570119000,1.6163,1.61658,1.61617,1.61639,96800000,1
1290570120000,1290570179000,1.61639,1.61646,1.61613,1.61637,46600000,1
1290570180000,1290570239000,1.61629,1.61662,1.61629,1.61659,31800000,1
1290570240000,1290570299000,1.61659,1.61667,1.61625,1.6166,48300000,1
1290570300000,1290570359000,1.6166,1.6166,1.6163,1.6163,47300000,1
1290570360000,1290570419000,1.6163,1.6164,1.61621,1.61636,46800000,1
1290570420000,1290570479000,1.61636,1.6167,1.61636,1.61652,31800000,1
1290570480000,1290570539000,1.61652,1.61652,1.61627,1.61644,41200000,1
1290570540000,1290570599000,1.61637,1.61637,1.61583,1.61612,76500000,1
1290570600000,1290570659000,1.61621,1.61653,1.61603,1.61603,48000000,1
1290570660000,1290570719000,1.61588,1.61621,1.61588,1.61619,91100000,1
1290570720000,1290570779000,1.61618,1.61639,1.61618,1.61631,42200000,1
1290570780000,1290570839000,1.61629,1.61641,1.61623,1.61633,22100000,1
1290570840000,1290570899000,1.61627,1.61637,1.61614,1.61629,52600000,1
1290570900000,1290570959000,1.61623,1.61673,1.61612,1.61673,65400000,1
1290570960000,1290571019000,1.61673,1.61679,1.61617,1.6163,103100000,1
1290571020000,1290571079000,1.61624,1.61636,1.61604,1.6163,87300000,1
1290571080000,1290571139000,1.61622,1.61622,1.61573,1.6158,88300000,1
1290571140000,1290571199000,1.61578,1.61579,1.61529,1.61555,128000000,1
1290571200000,1290571259000,1.61556,1.6159,1.6154,1.61571,73800000,1
1290571260000,1290571319000,1.61567,1.61593,1.61563,1.61574,36000000,1
1290571320000,1290571379000,1.61579,1.61604,1.61579,1.61596,43900000,1
1290571380000,1290571439000,1.61609,1.61654,1.61608,1.61648,81500000,1
1290571440000,1290571499000,1.61648,1.61648,1.61588,1.61588,86000000,1
1290571500000,1290571559000,1.61588,1.61622,1.61588,1.61589,60900000,1
1290571560000,1290571619000,1.61597,1.61597,1.61513,1.61521,119400000,1
1290571620000,1290571679000,1.61528,1.61588,1.61511,1.61584,87300000,1
1290571680000,1290571739000,1.61589,1.61645,1.61574,1.61627,97800000,1
1290571740000,1290571799000,1.61627,1.61627,1.61607,1.61608,33200000,1
1290571800000,1290571859000,1.61607,1.61621,1.61601,1.61621,47000000,1
1290571860000,1290571919000,1.61631,1.61632,1.61594,1.61605,49900000,1
1290571920000,1290571979000,1.61605,1.61659,1.61595,1.61633,51800000,1
1290571980000,1290572039000,1.6163,1.61691,1.6163,1.61674,60700000,1
1290572040000,1290572099000,1.61682,1.61688,1.61651,1.61651,86900000,1
1290572100000,1290572159000,1.61653,1.61677,1.61627,1.61637,62100000,1
1290572160000,1290572219000,1.61629,1.61674,1.61629,1.61641,106600000,1
1290572220000,1290572279000,1.61641,1.61664,1.61641,1.61641,104000000,1
1290572280000,1290572339000,1.61646,1.61647,1.61626,1.61637,76800000,1
1290572340000,1290572399000,1.61638,1.61641,1.61628,1.61634,42900000,1
1290572400000,1290572459000,1.61624,1.61643,1.61607,1.61633,43700000,1
1290572460000,1290572519000,1.61623,1.61623,1.61602,1.61608,20400000,1
1290572520000,1290572579000,1.61608,1.61609,1.61583,1.61597,46300000,1
1290572580000,1290572639000,1.61593,1.61593,1.61571,1.61581,30300000,1
1290572640000,1290572699000,1.6158,1.61587,1.61572,1.6158,77100000,1
1290572700000,1290572759000,1.61586,1.61586,1.61552,1.61552,60500000,1
1290572760000,1290572819000,1.6156,1.61586,1.6156,1.61586,39600000,1
1290572820000,1290572879000,1.61586,1.61628,1.61586,1.61628,36100000,1
1290572880000,1290572939000,1.61628,1.61628,1.61619,1.61619,19200000,1
1290572940000,1290572999000,1.61618,1.61618,1.61594,1.61594,11700000,1
1290573000000,1290573059000,1.61602,1.6165,1.61594,1.61601,95300000,1
1290573060000,1290573119000,1.6161,1.61618,1.6161,1.61618,7000000,1
1290573120000,1290573179000,1.61626,1.61647,1.61626,1.61645,33900000,1
1290573180000,1290573239000,1.61637,1.61649,1.61617,1.61633,51900000,1
1290573240000,1290573299000,1.61624,1.61648,1.61616,1.61648,45800000,1
1290573300000,1290573359000,1.61651,1.61651,1.61619,1.6162,36700000,1
1290573360000,1290573419000,1.6162,1.61636,1.6162,1.61627,20400000,1
1290573420000,1290573479000,1.61628,1.61659,1.61601,1.61619,140900000,1
1290573480000,1290573539000,1.61625,1.61632,1.61607,1.61617,71400000,1
1290573540000,1290573599000,1.61624,1.61625,1.61588,1.616,48800000,1
1290573600000,1290573659000,1.61597,1.616,1.61581,1.61591,51900000,1
1290573660000,1290573719000,1.61602,1.61623,1.61602,1.61607,50000000,1
1290573720000,1290573779000,1.61611,1.61618,1.61611,1.61618,77600000,1
1290573780000,1290573839000,1.61618,1.61632,1.61605,1.61614,83100000,1
1290573840000,1290573899000,1.61614,1.61614,1.61592,1.61599,52700000,1
1290573900000,1290573959000,1.61599,1.61599,1.61592,1.61594,48300000,1
1290573960000,1290574019000,1.61594,1.61642,1.61594,1.61599,75500000,1
1290574020000,1290574079000,1.61589,1.61593,1.61581,1.61593,41600000,1
1290574080000,1290574139000,1.6159,1.61621,1.61577,1.61606,101300000,1
1290574140000,1290574199000,1.61612,1.61631,1.61592,1.61606,71800000,1
1290574200000,1290574259000,1.61597,1.61636,1.61593,1.61636,81400000,1
1290574260000,1290574319000,1.61626,1.61633,1.61604,1.61626,34000000,1
1290574320000,1290574379000,1.61626,1.61636,1.61626,1.61627,24900000,1
1290574380000,1290574439000,1.61627,1.61653,1.61617,1.6165,30400000,1
1290574440000,1290574499000,1.6165,1.61651,1.61642,1.61642,41200000,1
1290574500000,1290574559000,1.61642,1.61651,1.61638,1.61649,26600000,1
1290574560000,1290574619000,1.61649,1.61655,1.6164,1.61642,32200000,1
1290574620000,1290574679000,1.61639,1.61656,1.61625,1.61633,45200000,1
1290574680000,1290574739000,1.61633,1.61656,1.6163,1.61635,54500000,1
1290574740000,1290574799000,1.61633,1.61656,1.61633,1.61655,37100000,1
1290574800000,1290574859000,1.61655,1.61666,1.61641,1.61655,65400000,1
1290574860000,1290574919000,1.61647,1.61648,1.61608,1.61622,37400000,1
1290574920000,1290574979000,1.61629,1.61663,1.61629,1.61655,69900000,1
1290574980000,1290575039000,1.61649,1.61672,1.61644,1.61672,86200000,1
1290575040000,1290575099000,1.61672,1.61672,1.61655,1.61666,48800000,1
1290575100000,1290575159000,1.61666,1.61698,1.61652,1.61671,76100000,1
1290575160000,1290575219000,1.61671,1.61698,1.61671,1.61681,41800000,1
1290575220000,1290575279000,1.61681,1.61681,1.61665,1.61665,15900000,1
1290575280000,1290575339000,1.61665,1.61675,1.61661,1.61665,22700000,1
1290575340000,1290575399000,1.61665,1.61676,1.61664,1.61671,30400000,1
1290575400000,1290575459000,1.61669,1.61721,1.61669,1.61687,56600000,1
1290575460000,1290575519000,1.61683,1.61726,1.61678,1.61725,49000000,1
1290575520000,1290575579000,1.61733,1.61733,1.61681,1.61718,59300000,1
1290575580000,1290575639000,1.61716,1.61739,1.61714,1.61737,25200000,1
1290575640000,1290575699000,1.61734,1.61738,1.61716,1.61716,30900000,1
1290575700000,1290575759000,1.61716,1.61716,1.61688,1.61698,28900000,1
1290575760000,1290575819000,1.61706,1.61737,1.61694,1.61723,76100000,1
1290575820000,1290575879000,1.61717,1.61743,1.61665,1.61668,91600000,1
1290575880000,1290575939000,1.6166,1.61677,1.61651,1.61672,49000000,1
1290575940000,1290575999000,1.61672,1.61698,1.61666,1.61673,40900000,1
1290576000000,1290576059000,1.61673,1.61694,1.61643,1.61644,58800000,1
1290576060000,1290576119000,1.61648,1.61659,1.6163,1.61633,38700000,1
1290576120000,1290576179000,1.6164,1.61688,1.61603,1.61666,53700000,1
1290576180000,1290576239000,1.61658,1.61689,1.6165,1.61689,66000000,1
1290576240000,1290576299000,1.6168,1.6168,1.61631,1.61643,92900000,1
1290576300000,1290576359000,1.61649,1.61649,1.61613,1.6163,60400000,1
1290576360000,1290576419000,1.6163,1.6163,1.61618,1.61623,27400000,1
1290576420000,1290576479000,1.61623,1.61642,1.61623,1.61642,44800000,1
1290576480000,1290576539000,1.61642,1.61643,1.61619,1.61623,47900000,1
1290576540000,1290576599000,1.61624,1.61653,1.61583,1.61598,87700000,1
1290576600000,1290576659000,1.61613,1.61613,1.61558,1.61585,99300000,1
1290576660000,1290576719000,1.6159,1.61627,1.61584,1.61615,94700000,1
1290576720000,1290576779000,1.61615,1.61615,1.61498,1.61544,154700000,1
1290576780000,1290576839000,1.61539,1.61549,1.61506,1.61529,84700000,1
1290576840000,1290576899000,1.61529,1.61529,1.61476,1.61491,104400000,1
1290576900000,1290576959000,1.61485,1.61485,1.61428,1.61443,108600000,1
1290576960000,1290577019000,1.61458,1.61475,1.61442,1.61449,42700000,1
1290577020000,1290577079000,1.61459,1.61504,1.6145,1.61504,59400000,1
1290577080000,1290577139000,1.61498,1.61507,1.61477,1.61489,70700000,1
1290577140000,1290577199000,1.61491,1.61531,1.61474,1.61512,121500000,1
1290577200000,1290577259000,1.61512,1.61522,1.6149,1.6149,55300000,1
1290577260000,1290577319000,1.6149,1.61543,1.61485,1.61537,44400000,1
1290577320000,1290577379000,1.61537,1.61552,1.61505,1.61508,128200000,1
1290577380000,1290577439000,1.61508,1.61519,1.6148,1.6148,52300000,1
1290577440000,1290577499000,1.61487,1.6151,1.61474,1.61495,79000000,1
1290577500000,1290577559000,1.61509,1.6153,1.61494,1.61512,69400000,1
1290577560000,1290577619000,1.61512,1.6153,1.61504,1.61504,74400000,1
1290577620000,1290577679000,1.61505,1.61521,1.61487,1.61492,60300000,1
1290577680000,1290577739000,1.61492,1.61501,1.61431,1.61453,61700000,1
1290577740000,1290577799000,1.61449,1.61481,1.61426,1.61426,164000000,1
1290577800000,1290577859000,1.61428,1.61444,1.61348,1.61396,82000000,1
1290577860000,1290577919000,1.614,1.61426,1.614,1.61426,75900000,1
1290577920000,1290577979000,1.61426,1.61459,1.61426,1.61426,64100000,1
1290577980000,1290578039000,1.61426,1.6145,1.61423,1.61439,76000000,1
1290578040000,1290578099000,1.61439,1.61474,1.61427,1.61453,58200000,1
1290578100000,1290578159000,1.6145,1.61456,1.61417,1.61456,56700000,1
1290578160000,1290578219000,1.61456,1.61475,1.61441,1.61468,62400000,1
1290578220000,1290578279000,1.61468,1.61503,1.61468,1.61503,74700000,1
1290578280000,1290578339000,1.615,1.61514,1.6149,1.6151,46900000,1
1290578340000,1290578399000,1.6151,1.61558,1.6151,1.6153,92500000,1
1290578400000,1290578459000,1.6153,1.61545,1.61488,1.61507,119800000,1
1290578460000,1290578519000,1.61504,1.61507,1.61471,1.61495,124200000,1
1290578520000,1290578579000,1.61488,1.61509,1.61433,1.61478,124900000,1
1290578580000,1290578639000,1.61481,1.61491,1.61465,1.61491,61500000,1
1290578640000,1290578699000,1.61491,1.61504,1.6142,1.61433,59400000,1
1290578700000,1290578759000,1.61438,1.61457,1.61408,1.6144,140000000,1
1290578760000,1290578819000,1.6144,1.61452,1.61434,1.61434,48400000,1
1290578820000,1290578879000,1.61434,1.61436,1.61411,1.61411,60200000,1
1290578880000,1290578939000,1.61411,1.61427,1.61401,1.61416,41700000,1
1290578940000,1290578999000,1.61416,1.61425,1.6136,1.61381,117900000,1
1290579000000,1290579059000,1.6138,1.61431,1.6138,1.61431,41300000,1
1290579060000,1290579119000,1.61429,1.61439,1.61405,1.61422,56200000,1
1290579120000,1290579179000,1.61422,1.61459,1.61422,1.61444,50300000,1
1290579180000,1290579239000,1.61444,1.61469,1.61444,1.61452,29400000,1
1290579240000,1290579299000,1.61452,1.6147,1.61413,1.61448,53200000,1
1290579300000,1290579359000,1.61439,1.6147,1.6143,1.61439,71400000,1
1290579360000,1290579419000,1.61439,1.6146,1.61422,1.61451,24300000,1
1290579420000,1290579479000,1.61451,1.61456,1.61435,1.61439,43900000,1
1290579480000,1290579539000,1.61439,1.61463,1.61436,1.61436,39200000,1
1290579540000,1290579599000,1.61452,1.61452,1.61436,1.61452,38900000,1
1290579600000,1290579659000,1.61452,1.61452,1.61444,1.61451,10200000,1
1290579660000,1290579719000,1.61451,1.61478,1.61435,1.61457,64300000,1
1290579720000,1290579779000,1.61457,1.61457,1.61422,1.6144,54400000,1
1290579780000,1290579839000,1.6144,1.6147,1.61424,1.61434,138700000,1
1290579840000,1290579899000,1.61439,1.61453,1.61426,1.61453,70600000,1
1290579900000,1290579959000,1.61453,1.61461,1.61401,1.6143,99400000,1
1290579960000,1290580019000,1.61427,1.61458,1.61398,1.61427,123600000,1
1290580020000,1290580079000,1.61426,1.61448,1.61411,1.61411,112300000,1
1290580080000,1290580139000,1.61424,1.6147,1.61418,1.61431,104600000,1
1290580140000,1290580199000,1.61431,1.61441,1.61407,1.61411,109100000,1
1290580200000,1290580259000,1.61423,1.61423,1.61391,1.61405,94800000,1
1290580260000,1290580319000,1.61405,1.61464,1.61403,1.61446,95300000,1
1290580320000,1290580379000,1.61439,1.61441,1.61358,1.61358,166400000,1
1290580380000,1290580439000,1.61358,1.61421,1.61358,1.61388,111400000,1
1290580440000,1290580499000,1.61393,1.61397,1.61387,1.61387,53300000,1
1290580500000,1290580559000,1.61388,1.61393,1.6132,1.6135,76500000,1
1290580560000,1290580619000,1.61355,1.61375,1.61346,1.61365,47700000,1
1290580620000,1290580679000,1.61371,1.61371,1.61326,1.61332,85200000,1
1290580680000,1290580739000,1.61332,1.61365,1.61329,1.61339,95100000,1
1290580740000,1290580799000,1.61339,1.61363,1.61339,1.61344,77400000,1
1290580800000,1290580859000,1.61344,1.61364,1.61323,1.61344,91200000,1
1290580860000,1290580919000,1.61349,1.61403,1.61349,1.61374,81800000,1
1290580920000,1290580979000,1.61368,1.61388,1.61368,1.61384,54400000,1
1290580980000,1290581039000,1.61391,1.61414,1.61388,1.61394,77600000,1
1290581040000,1290581099000,1.61393,1.61399,1.61347,1.61393,93100000,1
1290581100000,1290581159000,1.61389,1.61414,1.61363,1.61392,93900000,1
1290581160000,1290581219000,1.61394,1.61408,1.61382,1.61408,71600000,1
1290581220000,1290581279000,1.61404,1.61439,1.61403,1.61424,93200000,1
1290581280000,1290581339000,1.61413,1.61434,1.61364,1.61374,115100000,1
1290581340000,1290581399000,1.61388,1.61388,1.61357,1.61365,97100000,1
1290581400000,1290581459000,1.61354,1.61364,1.61331,1.61346,100300000,1
1290581460000,1290581519000,1.61369,1.61405,1.61356,1.6138,97600000,1
1290581520000,1290581579000,1.61382,1.61406,1.61362,1.61378,56400000,1
1290581580000,1290581639000,1.61378,1.61394,1.6136,1.61375,85600000,1
1290581640000,1290581699000,1.61375,1.61397,1.61361,1.61389,57800000,1
1290581700000,1290581759000,1.61389,1.61488,1.61389,1.61422,105700000,1
1290581760000,1290581819000,1.61422,1.61422,1.61293,1.6131,100000000,1
1290581820000,1290581879000,1.61319,1.6135,1.61292,1.61308,150200000,1
1290581880000,1290581939000,1.61318,1.61331,1.61288,1.61309,87400000,1
1290581940000,1290581999000,1.61314,1.61395,1.61314,1.61387,150300000,1
1290582000000,1290582059000,1.61395,1.61433,1.61387,1.61394,112000000,1
1290582060000,1290582119000,1.61402,1.61418,1.61376,1.61393,87800000,1
1290582120000,1290582179000,1.61393,1.61429,1.61393,1.61416,69700000,1
1290582180000,1290582239000,1.61417,1.61422,1.61376,1.61393,106500000,1
1290582240000,1290582299000,1.61387,1.61387,1.61338,1.61341,58700000,1
1290582300000,1290582359000,1.61341,1.61368,1.61314,1.61368,75100000,1
1290582360000,1290582419000,1.61368,1.61406,1.61358,1.6139,127400000,1
1290582420000,1290582479000,1.6139,1.6139,1.61307,1.6131,169000000,1
1290582480000,1290582539000,1.6131,1.61313,1.61278,1.61304,113800000,1
1290582540000,1290582599000,1.61304,1.61339,1.61304,1.61322,107400000,1
1290582600000,1290582659000,1.61328,1.61437,1.61328,1.61408,120400000,1
1290582660000,1290582719000,1.61403,1.61437,1.61384,1.61409,90500000,1
1290582720000,1290582779000,1.61409,1.61467,1.61373,1.61467,110500000,1
1290582780000,1290582839000,1.61458,1.61559,1.61439,1.61499,171100000,1
1290582840000,1290582899000,1.615,1.61536,1.61493,1.61499,82800000,1
1290582900000,1290582959000,1.61489,1.61546,1.61479,1.61512,138800000,1
1290582960000,1290583019000,1.61514,1.61586,1.61494,1.61547,166300000,1
1290583020000,1290583079000,1.6155,1.61597,1.61535,1.61589,150000000,1
1290583080000,1290583139000,1.61591,1.61614,1.61554,1.61559,147200000,1
1290583140000,1290583199000,1.61559,1.61564,1.61458,1.61458,145000000,1
1290583200000,1290583259000,1.6145,1.61508,1.6145,1.61501,117600000,1
1290583260000,1290583319000,1.61505,1.61546,1.61488,1.61517,123600000,1
1290583320000,1290583379000,1.61517,1.61535,1.61487,1.61526,79200000,1
1290583380000,1290583439000,1.61528,1.61564,1.61518,1.61549,70200000,1
1290583440000,1290583499000,1.61549,1.61616,1.61549,1.61616,62900000,1
1290583500000,1290583559000,1.61595,1.61631,1.61588,1.61592,121800000,1
1290583560000,1290583619000,1.616,1.61608,1.61558,1.61582,87800000,1
1290583620000,1290583679000,1.61584,1.61606,1.61584,1.6159,91200000,1
1290583680000,1290583739000,1.61585,1.61593,1.61579,1.61587,45800000,1
1290583740000,1290583799000,1.61579,1.61583,1.61513,1.61519,113700000,1
1290583800000,1290583859000,1.61524,1.61532,1.61477,1.61486,121000000,1
1290583860000,1290583919000,1.61486,1.61515,1.61472,1.61501,116300000,1
1290583920000,1290583979000,1.61501,1.61518,1.6148,1.61492,110500000,1
1290583980000,1290584039000,1.61489,1.61527,1.61489,1.61505,60000000,1
1290584040000,1290584099000,1.61505,1.6151,1.61458,1.61483,57800000,1
1290584100000,1290584159000,1.61483,1.61483,1.61443,1.61449,67800000,1
1290584160000,1290584219000,1.6145,1.61461,1.61429,1.61456,81500000,1
1290584220000,1290584279000,1.61452,1.61453,1.61433,1.6145,65800000,1
1290584280000,1290584339000,1.6145,1.61466,1.61437,1.61437,81100000,1
1290584340000,1290584399000,1.61438,1.61447,1.61405,1.61418,139400000,1
1290584400000,1290584459000,1.61424,1.61479,1.61414,1.61429,106300000,1
1290584460000,1290584519000,1.61429,1.61443,1.61402,1.61433,93100000,1
1290584520000,1290584579000,1.61422,1.61443,1.6141,1.6144,124000000,1
1290584580000,1290584639000,1.61451,1.61469,1.61442,1.61459,96600000,1
1290584640000,1290584699000,1.61452,1.6146,1.61387,1.61387,72100000,1
1290584700000,1290584759000,1.61387,1.61433,1.61372,1.61433,75800000,1
1290584760000,1290584819000,1.61433,1.61473,1.61408,1.6143,126100000,1
1290584820000,1290584879000,1.6143,1.6143,1.61362,1.61362,107400000,1
1290584880000,1290584939000,1.61366,1.61384,1.61266,1.61285,115200000,1
1290584940000,1290584999000,1.61294,1.61294,1.61265,1.61294,114700000,1
1290585000000,1290585059000,1.61294,1.61351,1.6129,1.61308,115700000,1
1290585060000,1290585119000,1.61311,1.61393,1.61299,1.61345,172700000,1
1290585120000,1290585179000,1.61344,1.61377,1.61319,1.61329,173400000,1
1290585180000,1290585239000,1.61329,1.6135,1.61322,1.61337,72400000,1
1290585240000,1290585299000,1.61342,1.61342,1.61313,1.61328,68900000,1
1290585300000,1290585359000,1.61336,1.61344,1.61297,1.61316,68400000,1
1290585360000,1290585419000,1.61316,1.61351,1.61309,1.6134,82000000,1
1290585420000,1290585479000,1.61346,1.61351,1.61316,1.61316,96500000,1
1290585480000,1290585539000,1.61316,1.61318,1.61265,1.61265,92100000,1
1290585540000,1290585599000,1.61278,1.61292,1.61258,1.61289,105900000,1
1290585600000,1290585659000,1.61296,1.61318,1.61217,1.61234,116700000,1
1290585660000,1290585719000,1.61234,1.61257,1.61233,1.61233,96700000,1
1290585720000,1290585779000,1.61233,1.61239,1.61233,1.61233,52500000,1
1290585780000,1290585839000,1.61233,1.61252,1.61233,1.61233,96900000,1
1290585840000,1290585899000,1.61233,1.61259,1.61233,1.61253,115300000,1
1290585900000,1290585959000,1.61253,1.61258,1.6123,1.61254,146800000,1
1290585960000,1290586019000,1.61254,1.61273,1.61211,1.61238,128900000,1
1290586020000,1290586079000,1.61233,1.61379,1.61233,1.61328,185100000,1
1290586080000,1290586139000,1.61317,1.61363,1.61317,1.61336,160400000,1
1290586140000,1290586199000,1.61327,1.6134,1.61293,1.613,139400000,1
1290586200000,1290586259000,1.61292,1.613,1.61233,1.61234,157200000,1
1290586260000,1290586319000,1.61234,1.61242,1.61152,1.61174,134800000,1
1290586320000,1290586379000,1.61174,1.61182,1.61126,1.61138,144400000,1
1290586380000,1290586439000,1.61122,1.61138,1.6108,1.61096,107400000,1
1290586440000,1290586499000,1.61102,1.6113,1.61089,1.61096,148600000,1
1290586500000,1290586559000,1.61097,1.61154,1.61097,1.61122,143500000,1
1290586560000,1290586619000,1.61123,1.61217,1.61114,1.61163,120400000,1
1290586620000,1290586679000,1.61163,1.61214,1.61143,1.61189,113600000,1
1290586680000,1290586739000,1.61173,1.61211,1.6115,1.61162,90700000,1
1290586740000,1290586799000,1.61146,1.6115,1.61107,1.61133,114000000,1
1290586800000,1290586859000,1.61148,1.61172,1.61123,1.61172,87100000,1
1290586860000,1290586919000,1.61172,1.61228,1.61172,1.61197,133700000,1
1290586920000,1290586979000,1.6121,1.61339,1.61199,1.61302,136800000,1
1290586980000,1290587039000,1.61307,1.61322,1.61197,1.61207,127500000,1
1290587040000,1290587099000,1.61207,1.61265,1.6118,1.61249,158600000,1
1290587100000,1290587159000,1.61236,1.61283,1.61183,1.61269,179800000,1
1290587160000,1290587219000,1.61253,1.61255,1.61203,1.61228,98700000,1
1290587220000,1290587279000,1.61228,1.61297,1.61193,1.61285,143000000,1
1290587280000,1290587339000,1.61285,1.6131,1.61264,1.61292,182400000,1
1290587340000,1290587399000,1.61292,1.61307,1.61214,1.61219,129000000,1
1290587400000,1290587459000,1.61223,1.61238,1.61179,1.61227,106400000,1
1290587460000,1290587519000,1.61229,1.61229,1.61191,1.61213,106900000,1
1290587520000,1290587579000,1.61208,1.6129,1.61199,1.61274,132100000,1
1290587580000,1290587639000,1.61275,1.61284,1.61221,1.61242,129300000,1
1290587640000,1290587699000,1.61242,1.61285,1.61241,1.61258,149300000,1
1290587700000,1290587759000,1.61266,1.61292,1.61263,1.61289,109800000,1
1290587760000,1290587819000,1.61279,1.61279,1.61248,1.61269,103700000,1
1290587820000,1290587879000,1.61279,1.61283,1.61242,1.61269,98800000,1
1290587880000,1290587939000,1.61269,1.61324,1.61258,1.61324,111800000,1
1290587940000,1290587999000,1.61329,1.6135,1.61268,1.61293,125900000,1
1290588000000,1290588059000,1.61284,1.61343,1.61238,1.61329,133800000,1
1290588060000,1290588119000,1.61336,1.61372,1.61305,1.61372,93600000,1
1290588120000,1290588179000,1.61366,1.61387,1.61343,1.61382,113000000,1
1290588180000,1290588239000,1.61393,1.61415,1.6137,1.61404,119400000,1
1290588240000,1290588299000,1.61387,1.61425,1.61387,1.61414,84700000,1
1290588300000,1290588359000,1.6141,1.61452,1.61342,1.61342,107600000,1
1290588360000,1290588419000,1.61341,1.61408,1.61337,1.61398,90400000,1
1290588420000,1290588479000,1.61401,1.61512,1.61393,1.61494,167600000,1
1290588480000,1290588539000,1.61498,1.61512,1.61459,1.61487,108000000,1
1290588540000,1290588599000,1.61492,1.61537,1.61478,1.61507,99700000,1
1290588600000,1290588659000,1.615,1.61524,1.61461,1.61487,108500000,1
1290588660000,1290588719000,1.61494,1.61527,1.61459,1.61522,161400000,1
1290588720000,1290588779000,1.61506,1.61551,1.61497,1.61517,125400000,1
1290588780000,1290588839000,1.61523,1.61586,1.61488,1.61547,142200000,1
1290588840000,1290588899000,1.61562,1.61566,1.61513,1.61543,96500000,1
1290588900000,1290588959000,1.61543,1.61554,1.61522,1.61522,88400000,1
1290588960000,1290589019000,1.61522,1.61555,1.61493,1.61548,124500000,1
1290589020000,1290589079000,1.61553,1.61616,1.61543,1.6159,85700000,1
1290589080000,1290589139000,1.61587,1.61658,1.61564,1.61649,156600000,1
1290589140000,1290589199000,1.61641,1.61742,1.61624,1.61624,204400000,1
1290589200000,1290589259000,1.61658,1.61658,1.61482,1.61541,271500000,1
1290589260000,1290589319000,1.61534,1.61671,1.61534,1.61632,186300000,1
1290589320000,1290589379000,1.61633,1.61646,1.61569,1.61569,150400000,1
1290589380000,1290589439000,1.61578,1.61589,1.61459,1.61459,132600000,1
1290589440000,1290589499000,1.61472,1.61505,1.61442,1.61456,145100000,1
1290589500000,1290589559000,1.61456,1.61578,1.61456,1.61541,124600000,1
1290589560000,1290589619000,1.61539,1.61608,1.61502,1.61502,115400000,1
1290589620000,1290589679000,1.61501,1.61574,1.61481,1.61528,194800000,1
1290589680000,1290589739000,1.61558,1.61602,1.6152,1.61561,146600000,1
1290589740000,1290589799000,1.61548,1.61577,1.61522,1.6153,147600000,1
1290589800000,1290589859000,1.61528,1.61586,1.61524,1.61525,147600000,1
1290589860000,1290589919000,1.61525,1.61574,1.61517,1.61555,158800000,1
1290589920000,1290589979000,1.61552,1.61578,1.61471,1.61557,164600000,1
1290589980000,1290590039000,1.61544,1.61564,1.61501,1.61505,148000000,1
1290590040000,1290590099000,1.61514,1.61567,1.61474,1.61559,140500000,1
1290590100000,1290590159000,1.61562,1.61562,1.61468,1.61482,214200000,1
1290590160000,1290590219000,1.61488,1.61495,1.61343,1.61371,162900000,1
1290590220000,1290590279000,1.61375,1.61413,1.61355,1.61387,130000000,1
1290590280000,1290590339000,1.61397,1.6141,1.61342,1.6137,131200000,1
1290590340000,1290590399000,1.61369,1.61464,1.61362,1.61412,141400000,1
1290590400000,1290590459000,1.61405,1.61469,1.61376,1.61407,150700000,1
1290590460000,1290590519000,1.61408,1.61502,1.61408,1.61502,116700000,1
1290590520000,1290590579000,1.61492,1.6152,1.61463,1.61502,146900000,1
1290590580000,1290590639000,1.61506,1.61566,1.6149,1.61536,115700000,1
1290590640000,1290590699000,1.61536,1.61557,1.61467,1.61545,153500000,1
1290590700000,1290590759000,1.61541,1.61541,1.61476,1.61513,106100000,1
1290590760000,1290590819000,1.61513,1.61527,1.61468,1.61507,143600000,1
1290590820000,1290590879000,1.61515,1.61569,1.61469,1.61566,128100000,1
1290590880000,1290590939000,1.61562,1.61665,1.61562,1.61632,114500000,1
1290590940000,1290590999000,1.61629,1.61657,1.61479,1.61487,97600000,1
1290591000000,1290591059000,1.61488,1.61684,1.61413,1.61641,190400000,1
1290591060000,1290591119000,1.61646,1.61651,1.61526,1.61592,144800000,1
1290591120000,1290591179000,1.61601,1.61624,1.61584,1.61608,95100000,1
1290591180000,1290591239000,1.61608,1.61629,1.6156,1.61629,102700000,1
1290591240000,1290591299000,1.61614,1.61654,1.6159,1.61603,135900000,1
1290591300000,1290591359000,1.61612,1.61691,1.61591,1.6169,125500000,1
1290591360000,1290591419000,1.61693,1.61733,1.61678,1.61717,107700000,1
1290591420000,1290591479000,1.61715,1.61723,1.61694,1.61715,101900000,1
1290591480000,1290591539000,1.61715,1.61735,1.61649,1.61669,92200000,1
1290591540000,1290591599000,1.6166,1.61681,1.61604,1.61615,112100000,1
1290591600000,1290591659000,1.61608,1.61627,1.61582,1.61585,122700000,1
1290591660000,1290591719000,1.6158,1.61596,1.61543,1.61566,101300000,1
1290591720000,1290591779000,1.61566,1.61566,1.61521,1.61536,106100000,1
1290591780000,1290591839000,1.61532,1.6158,1.61532,1.61558,87900000,1
1290591840000,1290591899000,1.61566,1.61574,1.61528,1.61534,78000000,1
1290591900000,1290591959000,1.61538,1.61563,1.61528,1.61555,93200000,1
1290591960000,1290592019000,1.61555,1.61648,1.61548,1.61648,184600000,1
1290592020000,1290592079000,1.61643,1.61659,1.61593,1.61617,165500000,1
1290592080000,1290592139000,1.61612,1.61636,1.61603,1.61603,134200000,1
1290592140000,1290592199000,1.61612,1.61637,1.6158,1.6158,131300000,1
1290592200000,1290592259000,1.61587,1.6161,1.61543,1.61546,120700000,1
1290592260000,1290592319000,1.61553,1.61563,1.61511,1.61532,116300000,1
1290592320000,1290592379000,1.61528,1.61553,1.61515,1.61532,104200000,1
1290592380000,1290592439000,1.61534,1.61605,1.61517,1.61572,128900000,1
1290592440000,1290592499000,1.61577,1.61608,1.61563,1.61585,118200000,1
1290592500000,1290592559000,1.6159,1.61616,1.61575,1.61607,98500000,1
1290592560000,1290592619000,1.61607,1.61638,1.61607,1.61624,91700000,1
1290592620000,1290592679000,1.61624,1.61655,1.61578,1.61649,132000000,1
1290592680000,1290592739000,1.61653,1.61676,1.61616,1.61622,144800000,1
1290592740000,1290592799000,1.61608,1.61678,1.61597,1.61672,154600000,1
1290592800000,1290592859000,1.61664,1.61689,1.61639,1.61659,112500000,1
1290592860000,1290592919000,1.61667,1.61746,1.61625,1.61715,113600000,1
1290592920000,1290592979000,1.61715,1.61775,1.61688,1.61745,156500000,1
1290592980000,1290593039000,1.6174,1.61784,1.61733,1.61746,111100000,1
1290593040000,1290593099000,1.61749,1.6181,1.61749,1.61776,115700000,1
1290593100000,1290593159000,1.61758,1.61797,1.6171,1.61744,167000000,1
1290593160000,1290593219000,1.61744,1.61812,1.61712,1.61795,133100000,1
1290593220000,1290593279000,1.61795,1.61826,1.61775,1.61787,127400000,1
1290593280000,1290593339000,1.61792,1.61812,1.61768,1.61802,121100000,1
1290593340000,1290593399000,1.618,1.61837,1.61772,1.61787,91500000,1
1290593400000,1290593459000,1.61787,1.61819,1.61787,1.61803,75200000,1
1290593460000,1290593519000,1.61801,1.61808,1.61746,1.61746,95900000,1
1290593520000,1290593579000,1.6176,1.61761,1.61736,1.61749,63900000,1
1290593580000,1290593639000,1.61749,1.61749,1.61686,1.61689,132100000,1
1290593640000,1290593699000,1.61689,1.61736,1.61664,1.61733,99900000,1
1290593700000,1290593759000,1.61726,1.61729,1.61685,1.61685,108100000,1
1290593760000,1290593819000,1.6167,1.61709,1.61658,1.61684,103700000,1
1290593820000,1290593879000,1.61684,1.6175,1.61677,1.61677,126700000,1
1290593880000,1290593939000,1.61677,1.61697,1.61581,1.61581,107700000,1
1290593940000,1290593999000,1.61583,1.61678,1.61582,1.61651,141000000,1
1290594000000,1290594059000,1.61656,1.61732,1.61639,1.61732,109900000,1
1290594060000,1290594119000,1.6173,1.61802,1.61707,1.61772,108000000,1
1290594120000,1290594179000,1.61772,1.61772,1.61692,1.6172,102300000,1
1290594180000,1290594239000,1.61725,1.61739,1.61696,1.61711,80800000,1
1290594240000,1290594299000,1.61721,1.61732,1.6165,1.61653,102100000,1
1290594300000,1290594359000,1.61645,1.61653,1.61574,1.6158,132100000,1
1290594360000,1290594419000,1.61582,1.61604,1.61528,1.61528,114500000,1
1290594420000,1290594479000,1.61531,1.61531,1.6145,1.6145,129700000,1
1290594480000,1290594539000,1.61444,1.61454,1.61358,1.6137,134300000,1
1290594540000,1290594599000,1.61378,1.61378,1.61318,1.61353,89200000,1
1290594600000,1290594659000,1.61352,1.61398,1.61352,1.61366,87800000,1
1290594660000,1290594719000,1.61359,1.61387,1.61314,1.61337,117700000,1
1290594720000,1290594779000,1.61354,1.61404,1.61336,1.61336,139100000,1
1290594780000,1290594839000,1.6133,1.61343,1.61323,1.61328,85300000,1
1290594840000,1290594899000,1.61323,1.6133,1.61239,1.6124,112500000,1
1290594900000,1290594959000,1.61255,1.61287,1.61237,1.6128,109400000,1
1290594960000,1290595019000,1.61278,1.61296,1.61254,1.61263,88000000,1
1290595020000,1290595079000,1.61258,1.613,1.61258,1.61278,100700000,1
1290595080000,1290595139000,1.61279,1.61341,1.61279,1.61307,87900000,1
1290595140000,1290595199000,1.61308,1.61322,1.61246,1.61246,57300000,1
1290595200000,1290595259000,1.61248,1.61296,1.61233,1.61285,119100000,1
1290595260000,1290595319000,1.61276,1.61284,1.61235,1.61276,117000000,1
1290595320000,1290595379000,1.61278,1.61312,1.61255,1.61298,77600000,1
1290595380000,1290595439000,1.61293,1.61383,1.61291,1.6135,106800000,1
1290595440000,1290595499000,1.6135,1.61366,1.6132,1.6132,78900000,1
1290595500000,1290595559000,1.61321,1.61381,1.61321,1.61381,96100000,1
1290595560000,1290595619000,1.61386,1.61386,1.61325,1.61343,97100000,1
1290595620000,1290595679000,1.61335,1.61414,1.61301,1.61387,95600000,1
1290595680000,1290595739000,1.6138,1.61425,1.61368,1.61399,88700000,1
1290595740000,1290595799000,1.61391,1.61407,1.61344,1.6135,91500000,1
1290595800000,1290595859000,1.6135,1.61414,1.6129,1.61399,139800000,1
1290595860000,1290595919000,1.61397,1.61455,1.61338,1.61413,171700000,1
1290595920000,1290595979000,1.61421,1.61452,1.61353,1.61378,113800000,1
1290595980000,1290596039000,1.61374,1.61413,1.61362,1.61392,95600000,1
1290596040000,1290596099000,1.61381,1.61452,1.61377,1.61426,118600000,1
1290596100000,1290596159000,1.61435,1.61452,1.61388,1.61388,136100000,1
1290596160000,1290596219000,1.61385,1.61419,1.61352,1.61416,101900000,1
1290596220000,1290596279000,1.61416,1.61439,1.61394,1.61439,82500000,1
1290596280000,1290596339000,1.61442,1.61446,1.61396,1.61403,86500000,1
1290596340000,1290596399000,1.61403,1.61403,1.61176,1.61179,121500000,1
1290596400000,1290596459000,1.61183,1.6135,1.61183,1.6135,164900000,1
1290596460000,1290596519000,1.6134,1.61404,1.61327,1.61361,181600000,1
1290596520000,1290596579000,1.61362,1.61362,1.61314,1.61333,150700000,1
1290596580000,1290596639000,1.61333,1.61388,1.61328,1.61376,97700000,1
1290596640000,1290596699000,1.61376,1.61376,1.61351,1.6136,112100000,1
1290596700000,1290596759000,1.61364,1.61395,1.61359,1.61391,116300000,1
1290596760000,1290596819000,1.6139,1.61432,1.61378,1.61379,100800000,1
1290596820000,1290596879000,1.61377,1.61407,1.61368,1.61399,134800000,1
1290596880000,1290596939000,1.61393,1.61436,1.61393,1.61395,124900000,1
1290596940000,1290596999000,1.61397,1.61399,1.61338,1.61379,106400000,1
1290597000000,1290597059000,1.6138,1.61419,1.6137,1.6138,138900000,1
1290597060000,1290597119000,1.61375,1.61424,1.61356,1.61411,126300000,1
1290597120000,1290597179000,1.61415,1.6147,1.61409,1.61457,125400000,1
1290597180000,1290597239000,1.61446,1.61515,1.6144,1.61503,145900000,1
1290597240000,1290597299000,1.61503,1.61503,1.61397,1.61417,170800000,1
1290597300000,1290597359000,1.61422,1.61446,1.61375,1.61414,126600000,1
1290597360000,1290597419000,1.6141,1.61476,1.61408,1.61431,110500000,1
1290597420000,1290597479000,1.61431,1.61431,1.61373,1.61373,102500000,1
1290597480000,1290597539000,1.61373,1.61425,1.61365,1.61393,122200000,1
1290597540000,1290597599000,1.61401,1.61459,1.61399,1.61415,102200000,1
1290597600000,1290597659000,1.61411,1.61434,1.61365,1.61415,97500000,1
1290597660000,1290597719000,1.61394,1.61451,1.61394,1.61434,87600000,1
1290597720000,1290597779000,1.61434,1.61439,1.61403,1.61411,66200000,1
1290597780000,1290597839000,1.61409,1.61431,1.61359,1.61359,118500000,1
1290597840000,1290597899000,1.61358,1.61359,1.6133,1.61347,62000000,1
1290597900000,1290597959000,1.61353,1.61406,1.61338,1.6139,107400000,1
1290597960000,1290598019000,1.61387,1.61387,1.61327,1.61357,87000000,1
1290598020000,1290598079000,1.61363,1.61399,1.61338,1.61357,95300000,1
1290598080000,1290598139000,1.61357,1.61391,1.61347,1.61347,90900000,1
1290598140000,1290598199000,1.61346,1.61346,1.61209,1.61217,168100000,1
1290598200000,1290598259000,1.61193,1.61242,1.61193,1.61215,101400000,1
1290598260000,1290598319000,1.61207,1.61266,1.6119,1.61253,107100000,1
1290598320000,1290598379000,1.61261,1.61325,1.61261,1.61313,63900000,1
1290598380000,1290598439000,1.61313,1.61391,1.61298,1.61374,70900000,1
1290598440000,1290598499000,1.61362,1.61385,1.61335,1.61353,95600000,1
1290598500000,1290598559000,1.6135,1.61387,1.61341,1.61355,62200000,1
1290598560000,1290598619000,1.61359,1.61373,1.61336,1.61362,90500000,1
1290598620000,1290598679000,1.6136,1.6136,1.61323,1.61342,107800000,1
1290598680000,1290598739000,1.61326,1.6133,1.61271,1.61271,105000000,1
1290598740000,1290598799000,1.61273,1.61323,1.61251,1.6132,105300000,1
1290598800000,1290598859000,1.61343,1.61391,1.61336,1.61391,95800000,1
1290598860000,1290598919000,1.61388,1.61419,1.61355,1.61355,131200000,1
1290598920000,1290598979000,1.61355,1.61399,1.61348,1.61355,104400000,1
1290598980000,1290599039000,1.61368,1.61426,1.61362,1.61426,104400000,1
1290599040000,1290599099000,1.61415,1.61445,1.61379,1.61385,81900000,1
1290599100000,1290599159000,1.61378,1.61379,1.61328,1.61339,104600000,1
1290599160000,1290599219000,1.61349,1.61363,1.61316,1.61354,98100000,1
1290599220000,1290599279000,1.61347,1.61397,1.61347,1.61377,101600000,1
1290599280000,1290599339000,1.61382,1.61392,1.61362,1.61366,87900000,1
1290599340000,1290599399000,1.61366,1.61389,1.61345,1.61358,125400000,1
1290599400000,1290599459000,1.61354,1.61381,1.61315,1.61368,85100000,1
1290599460000,1290599519000,1.61394,1.614,1.61377,1.61381,97300000,1
1290599520000,1290599579000,1.6138,1.61472,1.61362,1.61466,77300000,1
1290599580000,1290599639000,1.61454,1.61454,1.61409,1.61409,136400000,1
1290599640000,1290599699000,1.61416,1.61422,1.61384,1.61401,105000000,1
1290599700000,1290599759000,1.6141,1.61431,1.61389,1.61417,105900000,1
1290599760000,1290599819000,1.61417,1.6146,1.61405,1.61421,89100000,1
1290599820000,1290599879000,1.61407,1.61425,1.61369,1.61373,99000000,1
1290599880000,1290599939000,1.6138,1.61402,1.61351,1.61378,149600000,1
1290599940000,1290599999000,1.6137,1.61489,1.6137,1.61478,167300000,1
1290600000000,1290600059000,1.61465,1.61514,1.61455,1.61487,121300000,1
1290600060000,1290600119000,1.61485,1.61491,1.61402,1.61402,111300000,1
1290600120000,1290600179000,1.6139,1.61425,1.61338,1.61356,158000000,1
1290600180000,1290600239000,1.61366,1.61402,1.61358,1.61374,103900000,1
1290600240000,1290600299000,1.61364,1.61389,1.61345,1.61374,135100000,1
1290600300000,1290600359000,1.61377,1.61417,1.61366,1.61394,138500000,1
1290600360000,1290600419000,1.61393,1.61426,1.61369,1.61413,127300000,1
1290600420000,1290600479000,1.61414,1.61455,1.61386,1.6142,116200000,1
1290600480000,1290600539000,1.61421,1.61457,1.61401,1.61453,118300000,1
1290600540000,1290600599000,1.61458,1.61526,1.61445,1.61507,157200000,1
1290600600000,1290600659000,1.61509,1.61526,1.61479,1.61518,152700000,1
1290600660000,1290600719000,1.61519,1.61536,1.61486,1.61522,87000000,1
1290600720000,1290600779000,1.61525,1.61591,1.61525,1.61579,84500000,1
1290600780000,1290600839000,1.61569,1.61585,1.6155,1.61556,88000000,1
1290600840000,1290600899000,1.61562,1.61562,1.61516,1.61534,108000000,1
1290600900000,1290600959000,1.61535,1.61557,1.61511,1.61511,105500000,1
1290600960000,1290601019000,1.6151,1.61562,1.6148,1.61557,112100000,1
1290601020000,1290601079000,1.61557,1.61568,1.6152,1.61551,72100000,1
1290601080000,1290601139000,1.61556,1.61622,1.61556,1.6162,80000000,1
1290601140000,1290601199000,1.61622,1.61677,1.61612,1.61677,75700000,1
1290601200000,1290601259000,1.61664,1.61673,1.61619,1.61619,141900000,1
1290601260000,1290601319000,1.61627,1.61684,1.61604,1.61673,99100000,1
1290601320000,1290601379000,1.61668,1.6174,1.61659,1.6174,111700000,1
1290601380000,1290601439000,1.61732,1.61732,1.61597,1.61597,178700000,1
1290601440000,1290601499000,1.61597,1.61648,1.61553,1.61579,106600000,1
1290601500000,1290601559000,1.61569,1.61603,1.61545,1.61545,95300000,1
1290601560000,1290601619000,1.61553,1.61632,1.61548,1.61629,104700000,1
1290601620000,1290601679000,1.61633,1.61751,1.61633,1.61735,112300000,1
1290601680000,1290601739000,1.61731,1.61751,1.61712,1.61713,105800000,1
1290601740000,1290601799000,1.61713,1.61808,1.6171,1.61787,161100000,1
1290601800000,1290601859000,1.61788,1.61827,1.61711,1.61726,140200000,1
1290601860000,1290601919000,1.6173,1.61753,1.61699,1.61745,102600000,1
1290601920000,1290601979000,1.61728,1.61743,1.61661,1.6167,104000000,1
1290601980000,1290602039000,1.61666,1.61715,1.61636,1.61654,89200000,1
1290602040000,1290602099000,1.61654,1.6169,1.61623,1.61651,144600000,1
1290602100000,1290602159000,1.61656,1.61656,1.61591,1.61605,99400000,1
1290602160000,1290602219000,1.61612,1.61633,1.61612,1.61631,61400000,1
1290602220000,1290602279000,1.61635,1.61662,1.61619,1.61653,107400000,1
1290602280000,1290602339000,1.61657,1.61727,1.61647,1.61706,79500000,1
1290602340000,1290602399000,1.61706,1.61706,1.61631,1.61631,94600000,1
1290602400000,1290602459000,1.61631,1.61667,1.61628,1.61643,78600000,1
1290602460000,1290602519000,1.61648,1.61674,1.61627,1.61628,100200000,1
1290602520000,1290602579000,1.61628,1.6164,1.61611,1.61629,65700000,1
1290602580000,1290602639000,1.61629,1.61641,1.61608,1.61617,96300000,1
1290602640000,1290602699000,1.6162,1.6162,1.61557,1.61557,129400000,1
1290602700000,1290602759000,1.61559,1.61601,1.61559,1.61581,77200000,1
1290602760000,1290602819000,1.61586,1.61676,1.61583,1.61676,80100000,1
1290602820000,1290602879000,1.61676,1.61684,1.61625,1.61626,100500000,1
1290602880000,1290602939000,1.61625,1.61657,1.61593,1.61598,105700000,1
1290602940000,1290602999000,1.61607,1.6165,1.61602,1.6161,80500000,1
1290603000000,1290603059000,1.61607,1.6164,1.61585,1.6163,112200000,1
1290603060000,1290603119000,1.6163,1.61707,1.6163,1.61707,116500000,1
1290603120000,1290603179000,1.61707,1.61725,1.61686,1.61696,62900000,1
1290603180000,1290603239000,1.61693,1.61705,1.61669,1.61669,68200000,1
1290603240000,1290603299000,1.61671,1.61716,1.61611,1.61622,156100000,1
1290603300000,1290603359000,1.61613,1.61646,1.61598,1.61628,130100000,1
1290603360000,1290603419000,1.61625,1.6163,1.61592,1.61621,82500000,1
1290603420000,1290603479000,1.61619,1.61659,1.61594,1.61622,126100000,1
1290603480000,1290603539000,1.61622,1.61651,1.61602,1.61632,125400000,1
1290603540000,1290603599000,1.61624,1.61673,1.61619,1.61673,108000000,1
1290603600000,1290603659000,1.61668,1.61677,1.61631,1.61647,96000000,1
1290603660000,1290603719000,1.61647,1.61689,1.61643,1.61643,101600000,1
1290603720000,1290603779000,1.61654,1.61688,1.61629,1.61675,102900000,1
1290603780000,1290603839000,1.61672,1.61729,1.61672,1.61694,94900000,1
1290603840000,1290603899000,1.61686,1.61739,1.61686,1.61732,111700000,1
1290603900000,1290603959000,1.6173,1.6173,1.61692,1.61719,90200000,1
1290603960000,1290604019000,1.61718,1.61773,1.61716,1.61765,89500000,1
1290604020000,1290604079000,1.61765,1.61779,1.6173,1.6173,99500000,1
1290604080000,1290604139000,1.6173,1.61789,1.6173,1.61787,97800000,1
1290604140000,1290604199000,1.61789,1.61838,1.61789,1.61822,89700000,1
1290604200000,1290604259000,1.61823,1.61842,1.6181,1.61815,88000000,1
1290604260000,1290604319000,1.61813,1.61827,1.61765,1.61765,102800000,1
1290604320000,1290604379000,1.61758,1.61773,1.61643,1.61648,119600000,1
1290604380000,1290604439000,1.61636,1.61647,1.61582,1.61587,130700000,1
1290604440000,1290604499000,1.6159,1.61609,1.6154,1.61548,119000000,1
1290604500000,1290604559000,1.61567,1.61567,1.61474,1.61514,109100000,1
1290604560000,1290604619000,1.61514,1.61536,1.61492,1.61502,112700000,1
1290604620000,1290604679000,1.615,1.61535,1.61488,1.61519,122100000,1
1290604680000,1290604739000,1.61504,1.61562,1.61504,1.61561,78800000,1
1290604740000,1290604799000,1.61548,1.61558,1.61489,1.6151,170300000,1
1290604800000,1290604859000,1.61505,1.61568,1.61501,1.61557,142100000,1
1290604860000,1290604919000,1.61553,1.6157,1.61534,1.61541,106500000,1
1290604920000,1290604979000,1.61538,1.61557,1.61437,1.61439,129000000,1
1290604980000,1290605039000,1.61448,1.61453,1.61384,1.61384,120500000,1
1290605040000,1290605099000,1.61395,1.61395,1.61263,1.61337,148600000,1
1290605100000,1290605159000,1.61337,1.61345,1.61227,1.61254,177400000,1
1290605160000,1290605219000,1.61259,1.61269,1.61198,1.61198,144200000,1
1290605220000,1290605279000,1.61207,1.61231,1.61177,1.61182,135000000,1
1290605280000,1290605339000,1.61182,1.61204,1.61159,1.61177,146300000,1
1290605340000,1290605399000,1.61168,1.61209,1.61034,1.61122,189600000,1
1290605400000,1290605459000,1.61122,1.61269,1.60998,1.61212,194800000,1
1290605460000,1290605519000,1.61218,1.61264,1.61118,1.61156,199600000,1
1290605520000,1290605579000,1.61151,1.61179,1.61106,1.61125,164300000,1
1290605580000,1290605639000,1.61126,1.61172,1.61119,1.61138,170000000,1
1290605640000,1290605699000,1.6114,1.61202,1.61087,1.61178,279100000,1
1290605700000,1290605759000,1.61199,1.61202,1.6113,1.61157,194000000,1
1290605760000,1290605819000,1.61152,1.61177,1.6107,1.61076,255900000,1
1290605820000,1290605879000,1.61076,1.61122,1.61068,1.61073,181900000,1
1290605880000,1290605939000,1.61061,1.61062,1.60957,1.60964,288800000,1
1290605940000,1290605999000,1.60962,1.61039,1.60957,1.60998,239000000,1
1290606000000,1290606059000,1.61008,1.61015,1.60911,1.60939,204400000,1
1290606060000,1290606119000,1.60947,1.61009,1.60947,1.60989,151800000,1
1290606120000,1290606179000,1.61012,1.61058,1.60974,1.61026,152200000,1
1290606180000,1290606239000,1.61027,1.61074,1.61016,1.61034,102400000,1
1290606240000,1290606299000,1.61034,1.61061,1.60985,1.6103,115200000,1
1290606300000,1290606359000,1.61029,1.61093,1.61028,1.61043,131500000,1
1290606360000,1290606419000,1.61043,1.61066,1.61023,1.6105,121900000,1
1290606420000,1290606479000,1.6106,1.61081,1.61045,1.61062,133200000,1
1290606480000,1290606539000,1.61085,1.61094,1.61045,1.61076,218500000,1
1290606540000,1290606599000,1.61072,1.61148,1.61068,1.61137,139000000,1
1290606600000,1290606659000,1.61123,1.61144,1.61044,1.6106,175100000,1
1290606660000,1290606719000,1.6106,1.61063,1.6099,1.61021,133100000,1
1290606720000,1290606779000,1.61021,1.61021,1.60957,1.61002,171600000,1
1290606780000,1290606839000,1.60997,1.61027,1.60972,1.60995,174100000,1
1290606840000,1290606899000,1.61002,1.61028,1.60978,1.6101,121900000,1
1290606900000,1290606959000,1.61015,1.61018,1.60935,1.61006,132700000,1
1290606960000,1290607019000,1.60998,1.61006,1.6093,1.6093,98800000,1
1290607020000,1290607079000,1.60923,1.60925,1.60884,1.60903,100800000,1
1290607080000,1290607139000,1.60905,1.60934,1.60871,1.60873,92900000,1
1290607140000,1290607199000,1.60888,1.60908,1.60867,1.60908,114300000,1
1290607200000,1290607259000,1.60907,1.60922,1.60889,1.60897,137100000,1
1290607260000,1290607319000,1.60892,1.60906,1.60865,1.60885,156100000,1
1290607320000,1290607379000,1.60885,1.60927,1.6087,1.60919,143600000,1
1290607380000,1290607439000,1.60911,1.60956,1.60884,1.60948,217300000,1
1290607440000,1290607499000,1.60951,1.60967,1.60904,1.6093,148400000,1
1290607500000,1290607559000,1.60928,1.60993,1.60925,1.60944,214100000,1
1290607560000,1290607619000,1.60944,1.60972,1.60918,1.60925,167400000,1
1290607620000,1290607679000,1.60928,1.60977,1.60907,1.60945,204400000,1
1290607680000,1290607739000,1.60936,1.6095,1.60908,1.60922,242400000,1
1290607740000,1290607799000,1.6092,1.60963,1.60902,1.60958,147100000,1
1290607800000,1290607859000,1.60953,1.61027,1.60938,1.61027,116400000,1
1290607860000,1290607919000,1.6102,1.61043,1.60976,1.60976,179300000,1
1290607920000,1290607979000,1.60976,1.61007,1.60971,1.60982,112000000,1
1290607980000,1290608039000,1.60984,1.61064,1.60984,1.6104,107700000,1
1290608040000,1290608099000,1.61033,1.61039,1.60998,1.60998,125700000,1
1290608100000,1290608159000,1.60998,1.61016,1.60944,1.60944,187200000,1
1290608160000,1290608219000,1.60945,1.60967,1.60896,1.60896,148200000,1
1290608220000,1290608279000,1.60899,1.60908,1.60845,1.60849,184900000,1
1290608280000,1290608339000,1.60855,1.60877,1.60828,1.60847,161100000,1
1290608340000,1290608399000,1.60844,1.60859,1.60803,1.60803,157600000,1
1290608400000,1290608459000,1.60814,1.60849,1.60784,1.60828,136200000,1
1290608460000,1290608519000,1.60828,1.60855,1.60772,1.60784,148600000,1
1290608520000,1290608579000,1.60786,1.60843,1.6078,1.60843,186300000,1
1290608580000,1290608639000,1.60839,1.60907,1.60835,1.60894,132100000,1
1290608640000,1290608699000,1.60894,1.60916,1.60875,1.60897,164900000,1
1290608700000,1290608759000,1.60904,1.60904,1.60817,1.6084,242800000,1
1290608760000,1290608819000,1.60839,1.60873,1.60839,1.60873,94400000,1
1290608820000,1290608879000,1.60874,1.6088,1.60846,1.60858,158000000,1
1290608880000,1290608939000,1.60859,1.60874,1.60794,1.60805,165100000,1
1290608940000,1290608999000,1.60805,1.60816,1.60779,1.60807,134500000,1
1290609000000,1290609059000,1.60805,1.60814,1.60637,1.60667,237200000,1
1290609060000,1290609119000,1.6068,1.60711,1.6065,1.60675,211900000,1
1290609120000,1290609179000,1.60672,1.60675,1.60631,1.60637,266500000,1
1290609180000,1290609239000,1.60634,1.60682,1.60533,1.6055,296800000,1
1290609240000,1290609299000,1.6056,1.60649,1.60557,1.60637,223400000,1
1290609300000,1290609359000,1.60625,1.60662,1.6059,1.60647,268200000,1
1290609360000,1290609419000,1.60647,1.60762,1.60636,1.60754,189100000,1
1290609420000,1290609479000,1.60751,1.60783,1.60739,1.60767,148800000,1
1290609480000,1290609539000,1.60767,1.6083,1.60765,1.60765,146300000,1
1290609540000,1290609599000,1.60763,1.60829,1.60763,1.60774,139300000,1
1290609600000,1290609659000,1.60773,1.60804,1.60768,1.608,145600000,1
1290609660000,1290609719000,1.60802,1.60817,1.60742,1.60778,87900000,1
1290609720000,1290609779000,1.60776,1.60815,1.60776,1.60792,108900000,1
1290609780000,1290609839000,1.60792,1.60796,1.60742,1.60746,120600000,1
1290609840000,1290609899000,1.60753,1.60775,1.60734,1.60753,123000000,1
1290609900000,1290609959000,1.60745,1.60772,1.60727,1.60757,173200000,1
1290609960000,1290610019000,1.60754,1.60762,1.60694,1.60697,158900000,1
1290610020000,1290610079000,1.60707,1.60741,1.60658,1.60724,180000000,1
1290610080000,1290610139000,1.60718,1.60752,1.60697,1.60718,259800000,1
1290610140000,1290610199000,1.60716,1.60748,1.60708,1.60726,194900000,1
1290610200000,1290610259000,1.60719,1.60783,1.60719,1.60754,188900000,1
1290610260000,1290610319000,1.60748,1.60763,1.60667,1.60687,210400000,1
1290610320000,1290610379000,1.60702,1.60719,1.60666,1.6069,240800000,1
1290610380000,1290610439000,1.60705,1.6072,1.60667,1.60689,207600000,1
1290610440000,1290610499000,1.60691,1.60701,1.60641,1.60648,73100000,1
1290610500000,1290610559000,1.60633,1.60636,1.60556,1.60564,110600000,1
1290610560000,1290610619000,1.60563,1.60613,1.60554,1.60603,188400000,1
1290610620000,1290610679000,1.60598,1.60648,1.60595,1.6062,205000000,1
1290610680000,1290610739000,1.6062,1.6062,1.60556,1.60556,178900000,1
1290610740000,1290610799000,1.60555,1.60651,1.60477,1.60516,228500000,1
1290610800000,1290610859000,1.60508,1.60675,1.60448,1.60612,209700000,1
1290610860000,1290610919000,1.60612,1.60644,1.6055,1.60573,180700000,1
1290610920000,1290610979000,1.60567,1.60611,1.60542,1.60556,144000000,1
1290610980000,1290611039000,1.60533,1.60559,1.60504,1.60519,107800000,1
1290611040000,1290611099000,1.60513,1.60557,1.60493,1.60503,145900000,1
1290611100000,1290611159000,1.60484,1.60506,1.604,1.60446,144700000,1
1290611160000,1290611219000,1.60429,1.60474,1.60426,1.60471,104700000,1
1290611220000,1290611279000,1.60459,1.60477,1.60441,1.60442,118600000,1
1290611280000,1290611339000,1.60436,1.60516,1.60436,1.60515,119700000,1
1290611340000,1290611399000,1.60513,1.60539,1.6047,1.60487,111300000,1
1290611400000,1290611459000,1.60483,1.60488,1.60449,1.60459,124500000,1
1290611460000,1290611519000,1.60459,1.60543,1.6045,1.6053,135500000,1
1290611520000,1290611579000,1.6053,1.60583,1.60506,1.60579,176800000,1
1290611580000,1290611639000,1.60576,1.60594,1.60555,1.60563,110700000,1
1290611640000,1290611699000,1.60556,1.60617,1.6055,1.60612,112600000,1
1290611700000,1290611759000,1.60605,1.60643,1.60603,1.60643,84500000,1
1290611760000,1290611819000,1.6065,1.60651,1.60613,1.60642,105000000,1
1290611820000,1290611879000,1.60643,1.60672,1.60619,1.60649,96700000,1
1290611880000,1290611939000,1.60641,1.60671,1.60614,1.60628,116600000,1
1290611940000,1290611999000,1.60633,1.60645,1.60599,1.60599,77400000,1
1290612000000,1290612059000,1.60598,1.60634,1.60495,1.60519,169800000,1
1290612060000,1290612119000,1.60526,1.60578,1.60522,1.60563,118600000,1
1290612120000,1290612179000,1.60563,1.60605,1.6056,1.60571,82600000,1
1290612180000,1290612239000,1.60561,1.60567,1.60521,1.60558,126800000,1
1290612240000,1290612299000,1.60549,1.60571,1.60537,1.6056,74400000,1
1290612300000,1290612359000,1.60562,1.60571,1.60487,1.60487,84900000,1
1290612360000,1290612419000,1.6048,1.6049,1.60448,1.60448,84800000,1
1290612420000,1290612479000,1.6045,1.60486,1.60448,1.60486,86400000,1
1290612480000,1290612539000,1.60483,1.60531,1.60477,1.60487,129100000,1
1290612540000,1290612599000,1.6049,1.60514,1.60481,1.60485,82200000,1
1290612600000,1290612659000,1.60505,1.60522,1.60408,1.60439,140000000,1
1290612660000,1290612719000,1.60439,1.60471,1.60338,1.60338,134300000,1
1290612720000,1290612779000,1.60338,1.60378,1.60316,1.60334,161800000,1
1290612780000,1290612839000,1.60349,1.60358,1.603,1.6034,156300000,1
1290612840000,1290612899000,1.60342,1.60342,1.60291,1.60329,130600000,1
1290612900000,1290612959000,1.6034,1.60355,1.60316,1.60318,111400000,1
1290612960000,1290613019000,1.60324,1.60364,1.603,1.60364,152500000,1
1290613020000,1290613079000,1.6035,1.60352,1.60249,1.60336,140100000,1
1290613080000,1290613139000,1.60336,1.60353,1.60316,1.60353,63500000,1
1290613140000,1290613199000,1.60351,1.60392,1.60341,1.60392,75300000,1
1290613200000,1290613259000,1.60399,1.60437,1.60379,1.60382,123600000,1
1290613260000,1290613319000,1.60378,1.60394,1.60334,1.60394,117600000,1
1290613320000,1290613379000,1.60393,1.60477,1.60382,1.6046,115500000,1
1290613380000,1290613439000,1.60448,1.60462,1.60406,1.60428,134700000,1
1290613440000,1290613499000,1.60418,1.60463,1.60395,1.60449,104900000,1
1290613500000,1290613559000,1.60452,1.60467,1.6043,1.60449,99600000,1
1290613560000,1290613619000,1.6045,1.60484,1.60437,1.60452,127800000,1
1290613620000,1290613679000,1.60442,1.60495,1.60442,1.60486,90300000,1
1290613680000,1290613739000,1.60486,1.60505,1.60454,1.60497,102900000,1
1290613740000,1290613799000,1.60497,1.60572,1.6047,1.60566,136100000,1
1290613800000,1290613859000,1.60566,1.60581,1.60547,1.60547,103100000,1
1290613860000,1290613919000,1.60544,1.60558,1.60515,1.60515,122800000,1
1290613920000,1290613979000,1.60515,1.60548,1.60496,1.60509,97100000,1
1290613980000,1290614039000,1.60504,1.60528,1.60473,1.60473,95100000,1
1290614040000,1290614099000,1.60487,1.6055,1.60487,1.60502,136000000,1
1290614100000,1290614159000,1.60496,1.60502,1.604,1.60408,124700000,1
1290614160000,1290614219000,1.60408,1.60453,1.604,1.60438,147600000,1
1290614220000,1290614279000,1.60429,1.60429,1.60344,1.60364,169900000,1
1290614280000,1290614339000,1.60364,1.60393,1.60324,1.60381,116000000,1
1290614340000,1290614399000,1.60378,1.60475,1.60364,1.60451,166400000,1
1290614400000,1290614459000,1.60457,1.60488,1.60423,1.60468,245500000,1
1290614460000,1290614519000,1.60483,1.60518,1.60469,1.60503,124100000,1
1290614520000,1290614579000,1.60503,1.60534,1.60498,1.60501,144600000,1
1290614580000,1290614639000,1.60505,1.60554,1.60505,1.60513,143800000,1
1290614640000,1290614699000,1.60513,1.60515,1.60491,1.60497,254100000,1
1290614700000,1290614759000,1.60498,1.60498,1.60453,1.60453,146300000,1
1290614760000,1290614819000,1.60452,1.60452,1.60383,1.60397,99400000,1
1290614820000,1290614879000,1.60397,1.60462,1.60397,1.60462,128700000,1
1290614880000,1290614939000,1.60463,1.60474,1.60444,1.60448,80700000,1
1290614940000,1290614999000,1.6044,1.60463,1.60434,1.60463,84100000,1
1290615000000,1290615059000,1.60464,1.60492,1.60451,1.60469,81800000,1
1290615060000,1290615119000,1.60468,1.60484,1.60404,1.60411,99000000,1
1290615120000,1290615179000,1.60414,1.60467,1.60414,1.60418,126400000,1
1290615180000,1290615239000,1.60414,1.60442,1.60403,1.60442,82500000,1
1290615240000,1290615299000,1.60428,1.60453,1.60407,1.60423,96700000,1
1290615300000,1290615359000,1.6043,1.60442,1.60387,1.60407,128800000,1
1290615360000,1290615419000,1.60407,1.60484,1.60407,1.60473,108300000,1
1290615420000,1290615479000,1.60479,1.60486,1.60432,1.60452,89300000,1
1290615480000,1290615539000,1.60448,1.60512,1.60448,1.60489,67600000,1
1290615540000,1290615599000,1.60485,1.60514,1.60461,1.60479,120600000,1
1290615600000,1290615659000,1.60472,1.60509,1.60443,1.60493,116900000,1
1290615660000,1290615719000,1.60487,1.60508,1.60454,1.6047,139100000,1
1290615720000,1290615779000,1.60468,1.60491,1.60451,1.60465,125400000,1
1290615780000,1290615839000,1.60472,1.60497,1.6046,1.60496,116200000,1
1290615840000,1290615899000,1.605,1.60521,1.60481,1.60483,98200000,1
1290615900000,1290615959000,1.60483,1.60494,1.60448,1.60467,86900000,1
1290615960000,1290616019000,1.60469,1.60495,1.60433,1.60453,124100000,1
1290616020000,1290616079000,1.60446,1.605,1.60435,1.60484,107400000,1
1290616080000,1290616139000,1.60481,1.60497,1.60464,1.60469,74600000,1
1290616140000,1290616199000,1.60469,1.60494,1.60447,1.6049,98900000,1
1290616200000,1290616259000,1.60489,1.60521,1.60463,1.60463,77300000,1
1290616260000,1290616319000,1.60468,1.60473,1.6043,1.60455,90400000,1
1290616320000,1290616379000,1.60445,1.60475,1.60433,1.60473,62100000,1
1290616380000,1290616439000,1.60484,1.60535,1.60479,1.60513,113600000,1
1290616440000,1290616499000,1.60514,1.6054,1.6051,1.60524,116600000,1
1290616500000,1290616559000,1.6053,1.60552,1.605,1.6051,125500000,1
1290616560000,1290616619000,1.60509,1.60514,1.60481,1.60503,78000000,1
1290616620000,1290616679000,1.60509,1.60555,1.60491,1.60534,93900000,1
1290616680000,1290616739000,1.60539,1.60546,1.60523,1.6054,55600000,1
1290616740000,1290616799000,1.6054,1.60565,1.6054,1.60549,61300000,1
1290616800000,1290616859000,1.60555,1.60558,1.60533,1.60543,74700000,1
1290616860000,1290616919000,1.60558,1.60562,1.60522,1.60531,65100000,1
1290616920000,1290616979000,1.60542,1.60543,1.60498,1.60506,108600000,1
1290616980000,1290617039000,1.60506,1.60516,1.60479,1.60482,94500000,1
1290617040000,1290617099000,1.60487,1.60498,1.6046,1.60465,116100000,1
1290617100000,1290617159000,1.60473,1.60495,1.60465,1.60491,64900000,1
1290617160000,1290617219000,1.60492,1.60493,1.60455,1.60481,68800000,1
1290617220000,1290617279000,1.60493,1.60527,1.60461,1.60514,87000000,1
1290617280000,1290617339000,1.60514,1.60558,1.60491,1.60544,109900000,1
1290617340000,1290617399000,1.60549,1.60587,1.60529,1.60587,115200000,1
1290617400000,1290617459000,1.6059,1.60609,1.6054,1.60571,143900000,1
1290617460000,1290617519000,1.60571,1.60575,1.60537,1.60555,136200000,1
1290617520000,1290617579000,1.60559,1.60601,1.60552,1.60566,105800000,1
1290617580000,1290617639000,1.60566,1.60584,1.60537,1.60553,110900000,1
1290617640000,1290617699000,1.60553,1.60559,1.6052,1.60556,77100000,1
1290617700000,1290617759000,1.60563,1.606,1.60548,1.60572,70600000,1
1290617760000,1290617819000,1.60579,1.6058,1.6054,1.60552,72700000,1
1290617820000,1290617879000,1.60536,1.60594,1.60534,1.60569,97000000,1
1290617880000,1290617939000,1.60585,1.60588,1.60504,1.60504,94900000,1
1290617940000,1290617999000,1.60506,1.60584,1.60471,1.60569,140300000,1
1290618000000,1290618059000,1.60569,1.60577,1.60547,1.60567,96500000,1
1290618060000,1290618119000,1.60579,1.60594,1.60568,1.60569,92300000,1
1290618120000,1290618179000,1.60567,1.60581,1.60505,1.60531,110900000,1
1290618180000,1290618239000,1.60532,1.60576,1.60505,1.60576,98300000,1
1290618240000,1290618299000,1.6058,1.60629,1.60552,1.60565,126400000,1
1290618300000,1290618359000,1.60587,1.60598,1.60559,1.60567,76900000,1
1290618360000,1290618419000,1.60569,1.60582,1.60556,1.60557,86200000,1
1290618420000,1290618479000,1.60561,1.60562,1.60543,1.60553,68900000,1
1290618480000,1290618539000,1.60558,1.60622,1.60541,1.60595,86500000,1
1290618540000,1290618599000,1.60593,1.60615,1.60566,1.60567,59800000,1
1290618600000,1290618659000,1.60557,1.60569,1.60546,1.60552,65100000,1
1290618660000,1290618719000,1.60552,1.60599,1.60546,1.6057,66800000,1
1290618720000,1290618779000,1.60581,1.60599,1.60542,1.60554,64200000,1
1290618780000,1290618839000,1.60554,1.60568,1.60541,1.60548,67200000,1
1290618840000,1290618899000,1.60551,1.60554,1.6052,1.6052,69100000,1
1290618900000,1290618959000,1.60523,1.60537,1.60472,1.60472,99600000,1
1290618960000,1290619019000,1.60484,1.60564,1.60484,1.60544,73500000,1
1290619020000,1290619079000,1.60551,1.60564,1.60485,1.60491,84800000,1
1290619080000,1290619139000,1.60488,1.60514,1.60477,1.60502,55400000,1
1290619140000,1290619199000,1.605,1.60528,1.60485,1.60503,76900000,1
1290619200000,1290619259000,1.60509,1.60529,1.60499,1.60529,63800000,1
1290619260000,1290619319000,1.60527,1.60552,1.60524,1.60527,66800000,1
1290619320000,1290619379000,1.60521,1.60546,1.60483,1.60483,53500000,1
1290619380000,1290619439000,1.60485,1.60503,1.60474,1.60485,60800000,1
1290619440000,1290619499000,1.60479,1.6048,1.60447,1.60479,63000000,1
1290619500000,1290619559000,1.60486,1.60486,1.6045,1.6046,59900000,1
1290619560000,1290619619000,1.6046,1.60481,1.60448,1.60471,75100000,1
1290619620000,1290619679000,1.60481,1.60496,1.60461,1.60478,56000000,1
1290619680000,1290619739000,1.60476,1.60493,1.60446,1.6045,116800000,1
1290619740000,1290619799000,1.60444,1.6051,1.6044,1.60484,92100000,1
1290619800000,1290619859000,1.60483,1.60491,1.60461,1.6047,95200000,1
1290619860000,1290619919000,1.60475,1.60475,1.60438,1.60462,88800000,1
1290619920000,1290619979000,1.60454,1.60473,1.60394,1.60422,84900000,1
1290619980000,1290620039000,1.60422,1.60443,1.60373,1.60391,108200000,1
1290620040000,1290620099000,1.60391,1.60391,1.60372,1.60378,74300000,1
1290620100000,1290620159000,1.60375,1.60424,1.60375,1.60399,93400000,1
1290620160000,1290620219000,1.60388,1.6039,1.60354,1.60354,91500000,1
1290620220000,1290620279000,1.60389,1.60389,1.6034,1.6036,91000000,1
1290620280000,1290620339000,1.6036,1.60402,1.6036,1.6038,95800000,1
1290620340000,1290620399000,1.60376,1.60391,1.60361,1.60389,67400000,1
1290620400000,1290620459000,1.60389,1.60421,1.60377,1.60421,68800000,1
1290620460000,1290620519000,1.6043,1.60432,1.60395,1.60407,78400000,1
1290620520000,1290620579000,1.60403,1.60467,1.60403,1.60456,103100000,1
1290620580000,1290620639000,1.60452,1.60469,1.60427,1.60438,75500000,1
1290620640000,1290620699000,1.60438,1.60438,1.60411,1.60431,82600000,1
1290620700000,1290620759000,1.60422,1.60454,1.6042,1.60423,69400000,1
1290620760000,1290620819000,1.60423,1.6047,1.60411,1.60439,92300000,1
1290620820000,1290620879000,1.60442,1.60449,1.60422,1.60427,65400000,1
1290620880000,1290620939000,1.60426,1.60426,1.60401,1.60401,43700000,1
1290620940000,1290620999000,1.60401,1.60421,1.60381,1.60421,62900000,1
1290621000000,1290621059000,1.6042,1.6042,1.6037,1.6037,84800000,1
1290621060000,1290621119000,1.6037,1.60377,1.60307,1.60307,71000000,1
1290621120000,1290621179000,1.60307,1.60334,1.60307,1.60334,49100000,1
1290621180000,1290621239000,1.60334,1.60343,1.6032,1.6033,58000000,1
1290621240000,1290621299000,1.60331,1.60348,1.60317,1.60328,40200000,1
1290621300000,1290621359000,1.6033,1.6034,1.60291,1.6033,72800000,1
1290621360000,1290621419000,1.60336,1.6036,1.6033,1.60355,59600000,1
1290621420000,1290621479000,1.60355,1.60421,1.60346,1.60386,82700000,1
1290621480000,1290621539000,1.60382,1.60414,1.60382,1.60397,55300000,1
1290621540000,1290621599000,1.60397,1.60399,1.60368,1.6038,84400000,1
1290621600000,1290621659000,1.60387,1.60419,1.6038,1.60411,72000000,1
1290621660000,1290621719000,1.604,1.60415,1.60367,1.60389,72900000,1
1290621720000,1290621779000,1.60386,1.60389,1.60371,1.60378,54600000,1
1290621780000,1290621839000,1.60378,1.60395,1.60353,1.60383,77100000,1
1290621840000,1290621899000,1.60379,1.60405,1.60373,1.60373,108400000,1
1290621900000,1290621959000,1.60373,1.60388,1.60363,1.60363,98900000,1
1290621960000,1290622019000,1.60366,1.60386,1.60359,1.60359,56200000,1
1290622020000,1290622079000,1.60369,1.60369,1.60342,1.60363,75500000,1
1290622080000,1290622139000,1.60363,1.60372,1.60321,1.60339,68700000,1
1290622140000,1290622199000,1.60339,1.60351,1.60321,1.6033,73300000,1
1290622200000,1290622259000,1.6033,1.60365,1.6033,1.60351,79400000,1
1290622260000,1290622319000,1.60349,1.60364,1.6032,1.60364,52100000,1
1290622320000,1290622379000,1.6036,1.6036,1.60317,1.60328,90700000,1
1290622380000,1290622439000,1.60337,1.60362,1.6033,1.60355,81600000,1
1290622440000,1290622499000,1.6036,1.60363,1.6034,1.60348,85400000,1
1290622500000,1290622559000,1.60343,1.60363,1.60325,1.60328,91900000,1
1290622560000,1290622619000,1.60327,1.60342,1.60315,1.60336,88000000,1
1290622620000,1290622679000,1.60336,1.6034,1.60312,1.60322,60900000,1
1290622680000,1290622739000,1.60317,1.60339,1.60311,1.60311,72500000,1
1290622740000,1290622799000,1.60316,1.60328,1.60309,1.60317,44500000,1
1290622800000,1290622859000,1.60315,1.60326,1.6027,1.60277,83700000,1
1290622860000,1290622919000,1.60277,1.60298,1.60246,1.60273,74800000,1
1290622920000,1290622979000,1.60271,1.60332,1.60271,1.60332,65800000,1
1290622980000,1290623039000,1.60332,1.60332,1.60293,1.60314,101400000,1
1290623040000,1290623099000,1.60314,1.60348,1.60305,1.60312,99700000,1
1290623100000,1290623159000,1.60313,1.60348,1.60313,1.60321,108100000,1
1290623160000,1290623219000,1.6031,1.60311,1.60293,1.60293,91500000,1
1290623220000,1290623279000,1.60298,1.60306,1.60288,1.60304,58700000,1
1290623280000,1290623339000,1.60299,1.60314,1.60256,1.60257,89500000,1
1290623340000,1290623399000,1.60252,1.60298,1.60243,1.60273,169900000,1
1290623400000,1290623459000,1.60265,1.6032,1.60265,1.60307,107500000,1
1290623460000,1290623519000,1.60302,1.60318,1.60275,1.60291,62200000,1
1290623520000,1290623579000,1.60291,1.60294,1.6028,1.60294,56500000,1
1290623580000,1290623639000,1.60294,1.60328,1.60275,1.60328,88000000,1
1290623640000,1290623699000,1.60332,1.60353,1.60316,1.60349,60400000,1
1290623700000,1290623759000,1.60341,1.60364,1.60303,1.60349,68400000,1
1290623760000,1290623819000,1.60349,1.60349,1.60302,1.60304,68700000,1
1290623820000,1290623879000,1.60301,1.60322,1.60295,1.60322,52300000,1
1290623880000,1290623939000,1.60327,1.60327,1.60293,1.60293,79200000,1
1290623940000,1290623999000,1.60293,1.60355,1.60293,1.60349,46200000,1
1290624000000,1290624059000,1.60347,1.60396,1.60347,1.60385,66000000,1
1290624060000,1290624119000,1.60376,1.6039,1.60373,1.60373,48800000,1
1290624120000,1290624179000,1.60375,1.60397,1.60373,1.60377,72200000,1
1290624180000,1290624239000,1.60382,1.60405,1.60382,1.60402,47400000,1
1290624240000,1290624299000,1.60402,1.6041,1.60362,1.60362,52400000,1
1290624300000,1290624359000,1.6037,1.60379,1.60345,1.60345,37600000,1
1290624360000,1290624419000,1.60343,1.60359,1.60329,1.60357,58200000,1
1290624420000,1290624479000,1.60351,1.60353,1.60316,1.60341,68100000,1
1290624480000,1290624539000,1.60341,1.60381,1.60341,1.60363,85400000,1
1290624540000,1290624599000,1.60358,1.60365,1.60336,1.60352,44000000,1
1290624600000,1290624659000,1.60344,1.60355,1.6033,1.60355,51300000,1
1290624660000,1290624719000,1.60355,1.60358,1.60342,1.60342,82600000,1
1290624720000,1290624779000,1.60342,1.60346,1.60332,1.60339,16400000,1
1290624780000,1290624839000,1.60339,1.60359,1.60339,1.60347,47800000,1
1290624840000,1290624899000,1.60352,1.60368,1.60327,1.60343,67500000,1
1290624900000,1290624959000,1.60332,1.60341,1.60308,1.60323,58000000,1
1290624960000,1290625019000,1.60323,1.60365,1.60323,1.60354,49700000,1
1290625020000,1290625079000,1.6036,1.60375,1.60357,1.60375,78300000,1
1290625080000,1290625139000,1.6038,1.60384,1.60362,1.60373,61300000,1
1290625140000,1290625199000,1.60369,1.6038,1.60365,1.60375,48800000,1
1290625200000,1290625259000,1.60369,1.60406,1.60347,1.60406,80400000,1
1290625260000,1290625319000,1.60399,1.60424,1.60389,1.60413,68000000,1
1290625320000,1290625379000,1.60412,1.60498,1.60403,1.6049,67500000,1
1290625380000,1290625439000,1.60497,1.60504,1.60477,1.60485,88800000,1
1290625440000,1290625499000,1.60485,1.60485,1.60356,1.60356,110800000,1
1290625500000,1290625559000,1.60351,1.60443,1.60345,1.6044,68900000,1
1290625560000,1290625619000,1.6044,1.60461,1.6043,1.60461,32900000,1
1290625620000,1290625679000,1.60458,1.60522,1.6045,1.60504,93000000,1
1290625680000,1290625739000,1.60504,1.60533,1.60483,1.60484,51400000,1
1290625740000,1290625799000,1.60481,1.60501,1.60481,1.605,47000000,1
1290625800000,1290625859000,1.605,1.60528,1.60494,1.605,71900000,1
1290625860000,1290625919000,1.60498,1.60523,1.60498,1.60509,57700000,1
1290625920000,1290625979000,1.60507,1.60567,1.60491,1.60534,90500000,1
1290625980000,1290626039000,1.60539,1.6055,1.60533,1.60533,50800000,1
1290626040000,1290626099000,1.60533,1.60534,1.60498,1.60498,55300000,1
1290626100000,1290626159000,1.60498,1.60518,1.60498,1.60516,36800000,1
1290626160000,1290626219000,1.60525,1.60525,1.60509,1.60523,79900000,1
1290626220000,1290626279000,1.60523,1.60523,1.60495,1.60519,38200000,1
1290626280000,1290626339000,1.60527,1.60533,1.60515,1.60533,43500000,1
1290626340000,1290626399000,1.60523,1.60533,1.60505,1.60509,42600000,1
1290626400000,1290626459000,1.60514,1.60531,1.60501,1.60531,60800000,1
1290626460000,1290626519000,1.60524,1.60557,1.6052,1.60557,71700000,1
1290626520000,1290626579000,1.6056,1.6056,1.6055,1.6055,36000000,1
1290626580000,1290626639000,1.60554,1.60562,1.60533,1.60533,36600000,1
1290626640000,1290626699000,1.60529,1.60533,1.60502,1.60528,43500000,1
1290626700000,1290626759000,1.60528,1.60561,1.6052,1.60557,97400000,1
1290626760000,1290626819000,1.6056,1.60569,1.60543,1.60549,63000000,1
1290626820000,1290626879000,1.60551,1.60637,1.6055,1.60635,55300000,1
1290626880000,1290626939000,1.60647,1.60656,1.60617,1.60617,72600000,1
1290626940000,1290626999000,1.60623,1.60623,1.60612,1.60622,44800000,1
1290627000000,1290627059000,1.60617,1.60626,1.60591,1.60622,69400000,1
1290627060000,1290627119000,1.60617,1.60626,1.60614,1.60626,28000000,1
1290627120000,1290627179000,1.60628,1.60637,1.6061,1.60634,48500000,1
1290627180000,1290627239000,1.60644,1.60658,1.60643,1.60658,50300000,1
1290627240000,1290627299000,1.60653,1.60667,1.6065,1.60652,32600000,1
1290627300000,1290627359000,1.60647,1.60648,1.60628,1.60648,29700000,1
1290627360000,1290627419000,1.60658,1.60658,1.60623,1.60623,49800000,1
1290627420000,1290627479000,1.60633,1.60637,1.60615,1.6063,72300000,1
1290627480000,1290627539000,1.60632,1.60707,1.60632,1.60707,77100000,1
1290627540000,1290627599000,1.60692,1.60699,1.60675,1.60678,79000000,1
1290627600000,1290627659000,1.60675,1.60675,1.60656,1.60674,66000000,1
1290627660000,1290627719000,1.60682,1.60682,1.60668,1.60669,33000000,1
1290627720000,1290627779000,1.60669,1.60682,1.60637,1.60637,75700000,1
1290627780000,1290627839000,1.60633,1.60664,1.60628,1.60639,48700000,1
1290627840000,1290627899000,1.60638,1.60658,1.60618,1.60619,78500000,1
1290627900000,1290627959000,1.60619,1.60644,1.6058,1.6058,66800000,1
1290627960000,1290628019000,1.60579,1.6058,1.60532,1.60532,79800000,1
1290628020000,1290628079000,1.60532,1.60559,1.60528,1.60551,93000000,1
1290628080000,1290628139000,1.60549,1.60582,1.60547,1.60566,87900000,1
1290628140000,1290628199000,1.60565,1.6058,1.60524,1.60574,62700000,1
1290628200000,1290628259000,1.60565,1.60629,1.60562,1.60605,104500000,1
1290628260000,1290628319000,1.60602,1.60645,1.60599,1.60605,118000000,1
1290628320000,1290628379000,1.60603,1.60659,1.60599,1.60641,106800000,1
1290628380000,1290628439000,1.60641,1.60661,1.60633,1.60647,80700000,1
1290628440000,1290628499000,1.60641,1.60643,1.60624,1.60624,57600000,1
1290628500000,1290628559000,1.60617,1.60647,1.6059,1.60632,84500000,1
1290628560000,1290628619000,1.60633,1.60637,1.60557,1.60557,88000000,1
1290628620000,1290628679000,1.60558,1.60586,1.60552,1.60553,61200000,1
1290628680000,1290628739000,1.6056,1.60582,1.60553,1.60553,66400000,1
1290628740000,1290628799000,1.60553,1.60597,1.60552,1.60583,106600000,1
1290628800000,1290628859000,1.6059,1.60606,1.60573,1.60573,54800000,1
1290628860000,1290628919000,1.60571,1.60575,1.60563,1.60563,39000000,1
1290628920000,1290628979000,1.60556,1.60556,1.60546,1.60546,44300000,1
1290628980000,1290629039000,1.60547,1.60547,1.60478,1.60486,92700000,1
1290629040000,1290629099000,1.60488,1.60527,1.60488,1.60498,75300000,1
1290629100000,1290629159000,1.60498,1.60523,1.60498,1.60508,46100000,1
1290629160000,1290629219000,1.60511,1.60531,1.60507,1.60527,43700000,1
1290629220000,1290629279000,1.60521,1.60533,1.60508,1.60523,53900000,1
1290629280000,1290629339000,1.60523,1.60539,1.60511,1.60539,41400000,1
1290629340000,1290629399000,1.60529,1.60539,1.60529,1.60536,22700000,1
1290629400000,1290629459000,1.60539,1.60539,1.60532,1.60539,33200000,1
1290629460000,1290629519000,1.60532,1.60539,1.60524,1.60539,33300000,1
1290629520000,1290629579000,1.60539,1.60563,1.60536,1.6055,40800000,1
1290629580000,1290629639000,1.60548,1.6055,1.60543,1.60543,17400000,1
1290629640000,1290629699000,1.60543,1.60576,1.60529,1.60576,32800000,1
1290629700000,1290629759000,1.60571,1.60578,1.60569,1.60569,19400000,1
1290629760000,1290629819000,1.60561,1.60561,1.60538,1.60561,29100000,1
1290629820000,1290629879000,1.60561,1.60571,1.60545,1.60571,28900000,1
1290629880000,1290629939000,1.60573,1.6058,1.60554,1.60563,43400000,1
1290629940000,1290629999000,1.60563,1.60588,1.60549,1.60588,34200000,1
1290630000000,1290630059000,1.6058,1.60581,1.60543,1.60543,41400000,1
1290630060000,1290630119000,1.60537,1.60557,1.6052,1.60523,47200000,1
1290630120000,1290630179000,1.60523,1.60541,1.60518,1.6052,27200000,1
1290630180000,1290630239000,1.6052,1.60531,1.60493,1.60503,73600000,1
1290630240000,1290630299000,1.60503,1.60524,1.6049,1.605,41800000,1
1290630300000,1290630359000,1.60493,1.60508,1.60487,1.60501,23800000,1
1290630360000,1290630419000,1.60504,1.60505,1.60463,1.60465,45600000,1
1290630420000,1290630479000,1.60463,1.60525,1.60463,1.60525,44700000,1
1290630480000,1290630539000,1.60526,1.60557,1.60508,1.6053,102600000,1
1290630540000,1290630599000,1.6053,1.60544,1.6051,1.60513,70000000,1
1290630600000,1290630659000,1.60508,1.60514,1.60498,1.60509,45500000,1
1290630660000,1290630719000,1.60509,1.60543,1.60502,1.60531,68300000,1
1290630720000,1290630779000,1.60536,1.60577,1.60536,1.60548,41400000,1
1290630780000,1290630839000,1.60545,1.60602,1.60545,1.60602,53900000,1
1290630840000,1290630899000,1.60602,1.60628,1.60602,1.60618,60600000,1
1290630900000,1290630959000,1.60618,1.60618,1.60618,1.60618,16000000,1
1290630960000,1290631019000,1.60618,1.60635,1.60618,1.60635,34000000,1
1290631020000,1290631079000,1.60635,1.60651,1.60635,1.60651,22400000,1
1290631080000,1290631139000,1.60646,1.60646,1.60614,1.60628,31000000,1
1290631140000,1290631199000,1.60631,1.60635,1.60613,1.60623,57700000,1
1290631200000,1290631259000,1.60626,1.6063,1.60614,1.60617,62800000,1
1290631260000,1290631319000,1.60618,1.60644,1.60618,1.60631,66800000,1
1290631320000,1290631379000,1.60635,1.60651,1.60625,1.60633,67000000,1
1290631380000,1290631439000,1.60629,1.60647,1.60622,1.6063,67500000,1
1290631440000,1290631499000,1.60632,1.60676,1.6063,1.60651,59300000,1
1290631500000,1290631559000,1.60665,1.60723,1.60661,1.60723,60800000,1
1290631560000,1290631619000,1.60733,1.60741,1.60726,1.60731,30000000,1
1290631620000,1290631679000,1.60733,1.60744,1.60722,1.60733,56500000,1
1290631680000,1290631739000,1.60733,1.60734,1.60686,1.60686,58300000,1
1290631740000,1290631799000,1.60686,1.60688,1.60674,1.60685,62200000,1
1290631800000,1290631859000,1.60685,1.60705,1.60682,1.60705,44300000,1
1290631860000,1290631919000,1.60716,1.60716,1.60698,1.60698,36900000,1
1290631920000,1290631979000,1.60708,1.60708,1.60698,1.60698,54500000,1
1290631980000,1290632039000,1.60705,1.60712,1.60705,1.60706,65500000,1
1290632040000,1290632099000,1.60712,1.60712,1.60686,1.60686,63500000,1
1290632100000,1290632159000,1.60686,1.60729,1.60672,1.60729,47900000,1
1290632160000,1290632219000,1.60729,1.60749,1.60703,1.60727,50900000,1
1290632220000,1290632279000,1.60712,1.60722,1.60683,1.60683,94900000,1
1290632280000,1290632339000,1.60683,1.60694,1.6066,1.6066,72800000,1
1290632340000,1290632399000,1.6066,1.60714,1.6066,1.60692,167500000,1
1290632400000,1290632459000,1.60692,1.60719,1.60692,1.60717,90500000,1
1290632460000,1290632519000,1.60717,1.60753,1.60717,1.6075,60800000,1
1290632520000,1290632579000,1.6075,1.6075,1.60722,1.60722,57600000,1
1290632580000,1290632639000,1.60722,1.60722,1.60632,1.60645,142500000,1
1290632640000,1290632699000,1.60648,1.60649,1.6063,1.6063,80500000,1
1290632700000,1290632759000,1.6063,1.60661,1.6063,1.60648,62500000,1
1290632760000,1290632819000,1.60648,1.60653,1.60591,1.60593,75600000,1
1290632820000,1290632879000,1.60597,1.60644,1.60597,1.60629,131200000,1
1290632880000,1290632939000,1.60623,1.60668,1.60623,1.60661,52900000,1
1290632940000,1290632999000,1.60659,1.60659,1.6062,1.6062,55300000,1
1290633000000,1290633059000,1.60618,1.60628,1.60606,1.60617,33200000,1
1290633060000,1290633119000,1.60617,1.60617,1.60609,1.60612,30500000,1
1290633120000,1290633179000,1.6061,1.60618,1.60608,1.60617,16800000,1
1290633180000,1290633239000,1.60607,1.60618,1.60607,1.60613,12500000,1
1290633240000,1290633299000,1.60604,1.60608,1.60589,1.60601,58400000,1
1290633300000,1290633359000,1.60601,1.60602,1.60555,1.60598,68800000,1
1290633360000,1290633419000,1.60606,1.60606,1.60561,1.60561,76700000,1
1290633420000,1290633479000,1.60547,1.60567,1.60506,1.60506,78000000,1
1290633480000,1290633539000,1.60472,1.60549,1.60472,1.60523,68400000,1
1290633540000,1290633599000,1.60519,1.60522,1.60505,1.60517,34300000,1
1290633600000,1290633659000,1.60521,1.60526,1.60521,1.60526,8800000,1
1290633660000,1290633719000,1.60526,1.60529,1.60523,1.60523,20000000,1
1290633720000,1290633779000,1.60518,1.60518,1.60513,1.60513,14600000,1
1290633780000,1290633839000,1.60518,1.60567,1.60518,1.60551,50200000,1
1290633840000,1290633899000,1.60548,1.60553,1.60531,1.60531,39000000,1
1290633900000,1290633959000,1.60529,1.60529,1.60523,1.60523,18100000,1
1290633960000,1290634019000,1.60528,1.60608,1.60528,1.60607,38400000,1
1290634020000,1290634079000,1.60608,1.60655,1.60608,1.60648,34500000,1
1290634080000,1290634139000,1.60648,1.6067,1.60627,1.60636,53100000,1
1290634140000,1290634199000,1.60636,1.60665,1.60608,1.60665,50600000,1
1290634200000,1290634259000,1.60655,1.60683,1.60634,1.60683,84900000,1
1290634260000,1290634319000,1.60683,1.60756,1.60672,1.60746,69100000,1
1290634320000,1290634379000,1.60756,1.60763,1.60752,1.60752,16500000,1
1290634380000,1290634439000,1.60752,1.60783,1.60733,1.60783,45200000,1
1290634440000,1290634499000,1.60777,1.60807,1.60773,1.608,44900000,1
1290634500000,1290634559000,1.60792,1.60801,1.60775,1.6079,25100000,1
1290634560000,1290634619000,1.6079,1.60804,1.60782,1.60782,21900000,1
1290634620000,1290634679000,1.60782,1.60788,1.60723,1.60737,84200000,1
1290634680000,1290634739000,1.60737,1.60777,1.60737,1.60777,64000000,1
1290634740000,1290634799000,1.60769,1.60788,1.60735,1.60735,45100000,1
1290634800000,1290634859000,1.60739,1.60767,1.60734,1.60767,31900000,1
1290634860000,1290634919000,1.60762,1.60767,1.60737,1.60737,28300000,1
1290634920000,1290634979000,1.60737,1.60746,1.60707,1.60713,42400000,1
1290634980000,1290635039000,1.60713,1.60718,1.60653,1.60653,36700000,1
1290635040000,1290635099000,1.60653,1.60717,1.60615,1.60673,74700000,1
1290635100000,1290635159000,1.60675,1.60684,1.60667,1.60672,28200000,1
1290635160000,1290635219000,1.60676,1.60711,1.60648,1.60699,74600000,1
1290635220000,1290635279000,1.60698,1.60712,1.60697,1.60702,30100000,1
1290635280000,1290635339000,1.60699,1.60718,1.60665,1.60712,58300000,1
1290635340000,1290635399000,1.60699,1.60723,1.60669,1.60712,47300000,1
1290635400000,1290635459000,1.60713,1.60713,1.60673,1.60696,47900000,1
1290635460000,1290635519000,1.60698,1.60698,1.60681,1.60688,38500000,1
1290635520000,1290635579000,1.60692,1.60692,1.60639,1.60677,34100000,1
1290635580000,1290635639000,1.60677,1.60682,1.60651,1.60662,49400000,1
1290635640000,1290635699000,1.60674,1.60688,1.60668,1.60688,35400000,1
1290635700000,1290635759000,1.60683,1.60693,1.60676,1.60685,50200000,1
1290635760000,1290635819000,1.60685,1.60697,1.60668,1.60669,79200000,1
1290635820000,1290635879000,1.60669,1.6071,1.60669,1.6071,52100000,1
1290635880000,1290635939000,1.60717,1.60718,1.60656,1.60658,46900000,1
1290635940000,1290635999000,1.60667,1.60688,1.60597,1.60613,79300000,1
1290636000000,1290636059000,1.60613,1.60686,1.60613,1.60686,96300000,1
1290636060000,1290636119000,1.60678,1.60732,1.60554,1.60698,40400000,1
1290636120000,1290636179000,1.60702,1.60718,1.60671,1.60685,55000000,1
1290636180000,1290636239000,1.60713,1.60738,1.60691,1.60732,26000000,1
1290636240000,1290636299000,1.60716,1.60727,1.60707,1.60727,26800000,1
1290636300000,1290636359000,1.60713,1.60728,1.60707,1.60707,16400000,1
1290636360000,1290636419000,1.60707,1.60748,1.60707,1.60748,31300000,1
1290636420000,1290636479000,1.60753,1.60753,1.60709,1.60709,25100000,1
1290636480000,1290636539000,1.60709,1.60742,1.60692,1.60703,27700000,1
1290636540000,1290636599000,1.60708,1.60735,1.60703,1.60719,24900000,1
1290636600000,1290636659000,1.60719,1.60762,1.60702,1.60702,60000000,1
1290636660000,1290636719000,1.60697,1.60732,1.60688,1.60697,52400000,1
1290636720000,1290636779000,1.60708,1.60716,1.60683,1.60688,40500000,1
1290636780000,1290636839000,1.60675,1.60681,1.60672,1.60672,5800000,1
1290636840000,1290636899000,1.60676,1.60733,1.60676,1.60693,20300000,1
1290636900000,1290636959000,1.60693,1.60701,1.60688,1.60701,42600000,1
1290636960000,1290637019000,1.60707,1.60757,1.60704,1.60719,76300000,1
1290637020000,1290637079000,1.60719,1.60746,1.60719,1.60746,13500000,1
1290637080000,1290637139000,1.60746,1.60762,1.60746,1.60762,3300000,1
1290637140000,1290637199000,1.60766,1.60766,1.60766,1.60766,4600000,1
1290637200000,1290637259000,1.60766,1.60766,1.60756,1.60766,5500000,1
1290637260000,1290637319000,1.60751,1.60762,1.60751,1.60762,3400000,1
1290637320000,1290637379000,1.60762,1.60766,1.60737,1.6075,16700000,1
1290637380000,1290637439000,1.6075,1.6075,1.60733,1.60733,27100000,1
1290637440000,1290637499000,1.60733,1.60766,1.60733,1.60733,14700000,1
1290637500000,1290637559000,1.60733,1.60747,1.60733,1.60747,18900000,1
1290637560000,1290637619000,1.60744,1.6077,1.60744,1.6077,15000000,1
1290637620000,1290637679000,1.60767,1.60789,1.60762,1.60763,21700000,1
1290637680000,1290637739000,1.60758,1.60768,1.60747,1.60747,26700000,1
1290637740000,1290637799000,1.60747,1.60752,1.60558,1.60568,28600000,1
1290637800000,1290637859000,1.60573,1.60707,1.60572,1.60649,71300000,1
1290637860000,1290637919000,1.60648,1.60663,1.60644,1.60663,23300000,1
1290637920000,1290637979000,1.60663,1.60664,1.60649,1.60663,25600000,1
1290637980000,1290638039000,1.6067,1.607,1.6067,1.60697,27500000,1
1290638040000,1290638099000,1.60697,1.60698,1.60693,1.60696,23400000,1
1290638100000,1290638159000,1.60693,1.60693,1.60693,1.60693,8500000,1
1290638160000,1290638219000,1.60693,1.60696,1.60672,1.60696,17500000,1
1290638220000,1290638279000,1.60687,1.60687,1.60599,1.6066,112000000,1
1290638280000,1290638339000,1.60676,1.60693,1.60676,1.60682,15200000,1
1290638340000,1290638399000,1.60681,1.60681,1.60681,1.60681,1500000,1
1290638400000,1290638459000,1.60681,1.60681,1.60681,1.60681,2200000,1
1290638460000,1290638519000,1.60697,1.60703,1.60696,1.60696,17700000,1
1290638520000,1290638579000,1.60693,1.60696,1.60686,1.60686,32800000,1
1290638580000,1290638639000,1.60686,1.60686,1.60647,1.60659,36900000,1
1290638640000,1290638699000,1.60659,1.60659,1.60594,1.6063,158700000,1
1290638700000,1290638759000,1.60643,1.60672,1.60628,1.60632,31800000,1
1290638760000,1290638819000,1.60637,1.60653,1.60613,1.60613,43800000,1
1290638820000,1290638879000,1.60613,1.60667,1.60567,1.60567,71200000,1
1290638880000,1290638939000,1.60562,1.60635,1.60518,1.60622,73400000,1
1290638940000,1290638999000,1.60632,1.60632,1.60523,1.60581,45100000,1
1290639000000,1290639059000,1.60581,1.60581,1.60513,1.60545,53800000,1
1290639060000,1290639119000,1.60547,1.60563,1.60545,1.60563,9800000,1
1290639120000,1290639179000,1.60563,1.60563,1.60538,1.60538,12200000,1
1290639180000,1290639239000,1.60541,1.60599,1.60537,1.60598,30000000,1
1290639240000,1290639299000,1.60591,1.60598,1.60588,1.60593,13100000,1
1290639300000,1290639359000,1.60599,1.60612,1.60547,1.60563,54100000,1
1290639360000,1290639419000,1.60583,1.60603,1.60571,1.60589,29100000,1
1290639420000,1290639479000,1.60603,1.60603,1.60584,1.60598,35600000,1
1290639480000,1290639539000,1.60597,1.606,1.60567,1.60575,27500000,1
1290639540000,1290639599000,1.60575,1.60578,1.60572,1.60578,32100000,1
1290639600000,1290639659000,1.60578,1.60613,1.60531,1.60538,52800000,1
1290639660000,1290639719000,1.60545,1.60582,1.60544,1.60582,31800000,1
1290639720000,1290639779000,1.60596,1.60598,1.60568,1.60577,55800000,1
1290639780000,1290639839000,1.60579,1.60599,1.6057,1.60572,38000000,1
1290639840000,1290639899000,1.60582,1.60582,1.60519,1.60542,43400000,1
1290639900000,1290639959000,1.60537,1.60576,1.60491,1.60509,131500000,1
1290639960000,1290640019000,1.60507,1.60532,1.60497,1.60512,113700000,1
1290640020000,1290640079000,1.6052,1.6057,1.60517,1.60557,72200000,1
1290640080000,1290640139000,1.60564,1.60564,1.60483,1.60515,72400000,1
1290640140000,1290640199000,1.60511,1.60511,1.6047,1.60488,53800000,1
1290640200000,1290640259000,1.60488,1.60493,1.60372,1.60463,69000000,1
1290640260000,1290640319000,1.60453,1.60463,1.60452,1.60458,25200000,1
1290640320000,1290640379000,1.60458,1.60482,1.60447,1.60472,22200000,1
1290640380000,1290640439000,1.60473,1.60481,1.60468,1.60472,19600000,1
1290640440000,1290640499000,1.60472,1.60483,1.60446,1.60465,55300000,1
1290640500000,1290640559000,1.6046,1.6046,1.60422,1.60441,96700000,1
1290640560000,1290640619000,1.60441,1.60441,1.60402,1.6043,45600000,1
1290640620000,1290640679000,1.60432,1.60432,1.60431,1.60431,6900000,1
1290640680000,1290640739000,1.60425,1.60425,1.6041,1.60423,54300000,1
1290640740000,1290640799000,1.60422,1.60447,1.60421,1.60446,49300000,1
1290640800000,1290640859000,1.60438,1.60448,1.60421,1.60432,55600000,1
1290640860000,1290640919000,1.60438,1.60438,1.60424,1.60436,55900000,1
1290640920000,1290640979000,1.60436,1.6045,1.60428,1.60448,49100000,1
1290640980000,1290641039000,1.60448,1.60481,1.60448,1.60473,41400000,1
1290641040000,1290641099000,1.60476,1.60484,1.60453,1.60472,38200000,1
1290641100000,1290641159000,1.60478,1.60478,1.60435,1.60463,25700000,1
1290641160000,1290641219000,1.60463,1.60469,1.60432,1.60462,50000000,1
1290641220000,1290641279000,1.60462,1.60482,1.60462,1.60474,22100000,1
1290641280000,1290641339000,1.60478,1.60512,1.60478,1.60505,27100000,1
1290641340000,1290641399000,1.60505,1.60517,1.60466,1.60507,66300000,1
1290641400000,1290641459000,1.60518,1.60528,1.6049,1.60497,71100000,1
1290641460000,1290641519000,1.60497,1.6053,1.60493,1.60514,66300000,1
1290641520000,1290641579000,1.60522,1.60548,1.60517,1.60529,86900000,1
1290641580000,1290641639000,1.60529,1.60539,1.60493,1.60513,82800000,1
1290641640000,1290641699000,1.60518,1.60525,1.60511,1.60511,73200000,1
1290641700000,1290641759000,1.60512,1.60517,1.60504,1.60504,22900000,1
1290641760000,1290641819000,1.60514,1.60535,1.60505,1.60505,64900000,1
1290641820000,1290641879000,1.60514,1.60514,1.6048,1.60497,136400000,1
1290641880000,1290641939000,1.60498,1.60518,1.60497,1.60518,70100000,1
1290641940000,1290641999000,1.60518,1.60518,1.60492,1.60493,14100000,1
1290642000000,1290642059000,1.60493,1.60493,1.60484,1.60485,16400000,1
1290642060000,1290642119000,1.60491,1.60491,1.60448,1.60464,39400000,1
1290642120000,1290642179000,1.60464,1.60464,1.60402,1.60407,104300000,1
1290642180000,1290642239000,1.60412,1.60434,1.60407,1.60419,49000000,1
1290642240000,1290642299000,1.60419,1.60429,1.60409,1.60409,33500000,1
1290642300000,1290642359000,1.60409,1.60421,1.60399,1.60403,68900000,1
1290642360000,1290642419000,1.60405,1.60436,1.60401,1.60427,48000000,1
1290642420000,1290642479000,1.60431,1.60444,1.60422,1.60433,32100000,1
1290642480000,1290642539000,1.60427,1.60428,1.60387,1.60397,62700000,1
1290642540000,1290642599000,1.60397,1.60435,1.60397,1.60433,22800000,1
1290642600000,1290642659000,1.60436,1.60466,1.60425,1.60427,44500000,1
1290642660000,1290642719000,1.60436,1.60443,1.60422,1.60422,54700000,1
1290642720000,1290642779000,1.6043,1.60437,1.60425,1.60425,33000000,1
1290642780000,1290642839000,1.60425,1.60458,1.60413,1.60454,75400000,1
1290642840000,1290642899000,1.60447,1.60457,1.60435,1.60435,30400000,1
1290642900000,1290642959000,1.60433,1.6044,1.60412,1.60412,44300000,1
1290642960000,1290643019000,1.60408,1.60431,1.60408,1.6041,50600000,1
1290643020000,1290643079000,1.6041,1.60422,1.6038,1.60381,46600000,1
1290643080000,1290643139000,1.60376,1.60387,1.60263,1.60292,174500000,1
1290643140000,1290643199000,1.60292,1.60343,1.6029,1.60315,92900000,1
1290643200000,1290643259000,1.60327,1.6037,1.60306,1.60333,132600000,1
1290643260000,1290643319000,1.60344,1.60369,1.60309,1.60351,150100000,1
1290643320000,1290643379000,1.6035,1.60365,1.60313,1.60321,184400000,1
1290643380000,1290643439000,1.60304,1.6034,1.6029,1.60334,73600000,1
1290643440000,1290643499000,1.60334,1.60369,1.60329,1.60352,67200000,1
1290643500000,1290643559000,1.60363,1.60407,1.60359,1.60406,91800000,1
1290643560000,1290643619000,1.60406,1.60454,1.60406,1.60406,80400000,1
1290643620000,1290643679000,1.60405,1.60445,1.60405,1.60432,65500000,1
1290643680000,1290643739000,1.60432,1.60464,1.60421,1.60432,75100000,1
1290643740000,1290643799000,1.60428,1.60493,1.60427,1.60452,115100000,1
1290643800000,1290643859000,1.60461,1.60465,1.60427,1.60454,80100000,1
1290643860000,1290643919000,1.60463,1.60487,1.6046,1.60478,50200000,1
1290643920000,1290643979000,1.60472,1.60493,1.60472,1.60476,56200000,1
1290643980000,1290644039000,1.60476,1.60536,1.60452,1.60486,156500000,1
1290644040000,1290644099000,1.60486,1.60491,1.6048,1.60484,38200000,1
1290644100000,1290644159000,1.60484,1.60536,1.6048,1.60533,68900000,1
1290644160000,1290644219000,1.60528,1.60539,1.6049,1.60512,54600000,1
1290644220000,1290644279000,1.6051,1.6055,1.60492,1.60502,168300000,1
1290644280000,1290644339000,1.60503,1.60522,1.60497,1.60512,59600000,1
1290644340000,1290644399000,1.60508,1.60518,1.60498,1.60518,41800000,1
1290644400000,1290644459000,1.60517,1.60529,1.60469,1.60485,90900000,1
1290644460000,1290644519000,1.60478,1.605,1.60472,1.60498,52400000,1
1290644520000,1290644579000,1.605,1.60507,1.60468,1.60477,64800000,1
1290644580000,1290644639000,1.60483,1.60495,1.60483,1.60495,36800000,1
1290644640000,1290644699000,1.60495,1.60517,1.60495,1.60495,38700000,1
1290644700000,1290644759000,1.60495,1.60495,1.60492,1.60493,19600000,1
1290644760000,1290644819000,1.60492,1.60497,1.60412,1.60437,73600000,1
1290644820000,1290644879000,1.60437,1.6044,1.60399,1.60428,85300000,1
1290644880000,1290644939000,1.60441,1.60481,1.60441,1.60449,85600000,1
1290644940000,1290644999000,1.60446,1.60452,1.60392,1.60427,86200000,1
1290645000000,1290645059000,1.60427,1.60428,1.60295,1.60338,146800000,1
1290645060000,1290645119000,1.60342,1.60353,1.60282,1.60307,116400000,1
1290645120000,1290645179000,1.60317,1.60341,1.60306,1.60341,75800000,1
1290645180000,1290645239000,1.60348,1.60377,1.60341,1.60369,62200000,1
1290645240000,1290645299000,1.60369,1.60408,1.60369,1.60408,44200000,1
1290645300000,1290645359000,1.60413,1.60429,1.60386,1.60402,55000000,1
1290645360000,1290645419000,1.60411,1.60432,1.60398,1.60423,45700000,1
1290645420000,1290645479000,1.60428,1.60477,1.60428,1.60475,172700000,1
1290645480000,1290645539000,1.60467,1.60575,1.60454,1.6057,119600000,1
1290645540000,1290645599000,1.60571,1.60571,1.60505,1.60521,80700000,1
1290645600000,1290645659000,1.60521,1.60553,1.60508,1.60517,110400000,1
1290645660000,1290645719000,1.60513,1.60513,1.6047,1.60486,71500000,1
1290645720000,1290645779000,1.60482,1.6049,1.6046,1.60487,69700000,1
1290645780000,1290645839000,1.60488,1.60527,1.60478,1.60512,125800000,1
1290645840000,1290645899000,1.60512,1.60519,1.60494,1.60494,69200000,1
1290645900000,1290645959000,1.60503,1.60529,1.60477,1.60527,101800000,1
1290645960000,1290646019000,1.60519,1.60525,1.60488,1.60498,73500000,1
1290646020000,1290646079000,1.60497,1.60545,1.60485,1.60485,102000000,1
1290646080000,1290646139000,1.60501,1.60639,1.60501,1.6057,146000000,1
1290646140000,1290646199000,1.6057,1.60602,1.60564,1.60587,82700000,1
1290646200000,1290646259000,1.60582,1.60612,1.60565,1.60609,81400000,1
1290646260000,1290646319000,1.60609,1.60631,1.60576,1.60609,91600000,1
1290646320000,1290646379000,1.60604,1.60643,1.60593,1.60626,120800000,1
1290646380000,1290646439000,1.60632,1.60653,1.60601,1.60644,101500000,1
1290646440000,1290646499000,1.60644,1.60672,1.60613,1.60613,75000000,1
1290646500000,1290646559000,1.60613,1.60637,1.60602,1.60604,89300000,1
1290646560000,1290646619000,1.60595,1.60604,1.60519,1.60519,116000000,1
1290646620000,1290646679000,1.60537,1.60552,1.60478,1.60552,172500000,1
1290646680000,1290646739000,1.60552,1.60552,1.60509,1.60526,104000000,1
1290646740000,1290646799000,1.60523,1.60542,1.60496,1.60518,94500000,1
1290646800000,1290646859000,1.60517,1.60569,1.60517,1.60559,68300000,1
1290646860000,1290646919000,1.60559,1.60559,1.6052,1.60536,67100000,1
1290646920000,1290646979000,1.60539,1.60544,1.60517,1.60533,51700000,1
1290646980000,1290647039000,1.60534,1.60588,1.60532,1.60585,65400000,1
1290647040000,1290647099000,1.60588,1.60605,1.60588,1.60598,44800000,1
1290647100000,1290647159000,1.60593,1.60605,1.60553,1.6057,94100000,1
1290647160000,1290647219000,1.60562,1.60579,1.60548,1.60561,34900000,1
1290647220000,1290647279000,1.60561,1.60591,1.60552,1.60585,64100000,1
1290647280000,1290647339000,1.60585,1.60585,1.60553,1.60567,76300000,1
1290647340000,1290647399000,1.60567,1.60579,1.60558,1.60569,54100000,1
1290647400000,1290647459000,1.60569,1.6057,1.60547,1.6057,49800000,1
1290647460000,1290647519000,1.6057,1.60586,1.60547,1.60559,80000000,1
1290647520000,1290647579000,1.60559,1.60562,1.60543,1.60552,58200000,1
1290647580000,1290647639000,1.60555,1.60555,1.6053,1.60544,63300000,1
1290647640000,1290647699000,1.60538,1.60545,1.60523,1.60533,48100000,1
1290647700000,1290647759000,1.60537,1.60546,1.60526,1.60546,56700000,1
1290647760000,1290647819000,1.60545,1.60545,1.60517,1.60538,27500000,1
1290647820000,1290647879000,1.60539,1.6054,1.60519,1.60529,32800000,1
1290647880000,1290647939000,1.60527,1.60557,1.60523,1.60556,112100000,1
1290647940000,1290647999000,1.60556,1.60592,1.6055,1.60592,125500000,1
1290648000000,1290648059000,1.60578,1.60578,1.6054,1.60543,99900000,1
1290648060000,1290648119000,1.60543,1.60599,1.60536,1.60592,69700000,1
1290648120000,1290648179000,1.60591,1.60611,1.60567,1.60597,84700000,1
1290648180000,1290648239000,1.60597,1.60704,1.60597,1.60656,129600000,1
1290648240000,1290648299000,1.60649,1.60715,1.60609,1.60642,116600000,1
1290648300000,1290648359000,1.60644,1.60651,1.6063,1.60647,71700000,1
1290648360000,1290648419000,1.60647,1.60677,1.60647,1.60649,55300000,1
1290648420000,1290648479000,1.60638,1.60721,1.60638,1.60703,93700000,1
1290648480000,1290648539000,1.60703,1.60734,1.60691,1.60717,52300000,1
1290648540000,1290648599000,1.60712,1.60765,1.60677,1.60737,138600000,1
1290648600000,1290648659000,1.6074,1.60784,1.60721,1.60779,186400000,1
1290648660000,1290648719000,1.60787,1.60937,1.60784,1.60853,172500000,1
1290648720000,1290648779000,1.60856,1.60947,1.60847,1.60914,190400000,1
1290648780000,1290648839000,1.6091,1.60929,1.60874,1.60875,127500000,1
1290648840000,1290648899000,1.60867,1.60875,1.60856,1.60863,53400000,1
1290648900000,1290648959000,1.60863,1.60878,1.60813,1.60854,90100000,1
1290648960000,1290649019000,1.60866,1.60866,1.60819,1.60833,79800000,1
1290649020000,1290649079000,1.60841,1.60893,1.60828,1.60893,84600000,1
1290649080000,1290649139000,1.60897,1.60964,1.6088,1.60958,123400000,1
1290649140000,1290649199000,1.60958,1.60988,1.60933,1.60953,91900000,1
1290649200000,1290649259000,1.60949,1.60962,1.6092,1.60962,78000000,1
1290649260000,1290649319000,1.60955,1.60977,1.60943,1.60976,53600000,1
1290649320000,1290649379000,1.60976,1.61,1.60957,1.60964,105500000,1
1290649380000,1290649439000,1.60964,1.61079,1.60956,1.61022,150800000,1
1290649440000,1290649499000,1.61017,1.61017,1.60959,1.60995,110200000,1
1290649500000,1290649559000,1.61003,1.61007,1.60952,1.60973,118400000,1
1290649560000,1290649619000,1.60974,1.60997,1.60953,1.60972,105900000,1
1290649620000,1290649679000,1.60992,1.61007,1.60954,1.60988,132000000,1
1290649680000,1290649739000,1.60994,1.61024,1.60989,1.61017,98700000,1
1290649740000,1290649799000,1.61015,1.61042,1.60978,1.61042,91000000,1
1290649800000,1290649859000,1.61034,1.61034,1.60971,1.61001,101200000,1
1290649860000,1290649919000,1.61002,1.61029,1.60995,1.61003,58700000,1
1290649920000,1290649979000,1.6101,1.61029,1.60979,1.61029,89000000,1
1290649980000,1290650039000,1.61031,1.61072,1.60981,1.60988,102000000,1
1290650040000,1290650099000,1.60988,1.61027,1.60963,1.61001,82000000,1
1290650100000,1290650159000,1.61001,1.61017,1.60984,1.61017,43400000,1
1290650160000,1290650219000,1.61005,1.61025,1.60996,1.61025,55900000,1
1290650220000,1290650279000,1.61025,1.61063,1.61009,1.61046,90200000,1
1290650280000,1290650339000,1.61049,1.61149,1.61049,1.61105,140800000,1
1290650340000,1290650399000,1.61119,1.61143,1.61102,1.61114,129900000,1
1290650400000,1290650459000,1.61114,1.61204,1.61098,1.61167,184700000,1
1290650460000,1290650519000,1.61168,1.61198,1.61144,1.61144,150900000,1
1290650520000,1290650579000,1.61136,1.6121,1.61136,1.61168,123200000,1
1290650580000,1290650639000,1.61159,1.612,1.61123,1.61123,128100000,1
1290650640000,1290650699000,1.61133,1.61152,1.61023,1.61062,122200000,1
1290650700000,1290650759000,1.61053,1.61067,1.61008,1.61014,113600000,1
1290650760000,1290650819000,1.61009,1.61082,1.61009,1.61058,71200000,1
1290650820000,1290650879000,1.61059,1.61091,1.61049,1.61067,85500000,1
1290650880000,1290650939000,1.61067,1.61067,1.61047,1.61053,46800000,1
1290650940000,1290650999000,1.61054,1.61138,1.61054,1.61117,96000000,1
1290651000000,1290651059000,1.61117,1.61157,1.61108,1.61117,109700000,1
1290651060000,1290651119000,1.61127,1.6113,1.6107,1.61096,116400000,1
1290651120000,1290651179000,1.61089,1.61101,1.61068,1.61074,70300000,1
1290651180000,1290651239000,1.61063,1.61072,1.6105,1.61058,51000000,1
1290651240000,1290651299000,1.61058,1.61058,1.61019,1.61025,98600000,1
1290651300000,1290651359000,1.61017,1.61023,1.60983,1.60983,112700000,1
1290651360000,1290651419000,1.60991,1.61015,1.60939,1.60989,104700000,1
1290651420000,1290651479000,1.60985,1.60985,1.60944,1.60944,60100000,1
1290651480000,1290651539000,1.6095,1.60972,1.60936,1.60966,72000000,1
1290651540000,1290651599000,1.60968,1.61049,1.60968,1.61031,101700000,1
1290651600000,1290651659000,1.61031,1.61087,1.61031,1.61083,64400000,1
1290651660000,1290651719000,1.61087,1.61109,1.61079,1.61084,78200000,1
1290651720000,1290651779000,1.61087,1.61118,1.61057,1.61062,88300000,1
1290651780000,1290651839000,1.61062,1.61062,1.61001,1.61001,49500000,1
1290651840000,1290651899000,1.61007,1.61033,1.61007,1.61028,38000000,1
1290651900000,1290651959000,1.61029,1.61061,1.61029,1.61056,44400000,1
1290651960000,1290652019000,1.61059,1.61088,1.61057,1.61088,33900000,1
1290652020000,1290652079000,1.61087,1.61087,1.61056,1.61062,29600000,1
1290652080000,1290652139000,1.61062,1.61062,1.61034,1.6105,47800000,1
1290652140000,1290652199000,1.61053,1.61053,1.61051,1.61051,11500000,1
1290652200000,1290652259000,1.6105,1.61072,1.60985,1.60994,68000000,1
1290652260000,1290652319000,1.60994,1.61006,1.60977,1.60979,75900000,1
1290652320000,1290652379000,1.60977,1.61003,1.60977,1.61003,13200000,1
1290652380000,1290652439000,1.61003,1.6102,1.61003,1.61012,21800000,1
1290652440000,1290652499000,1.61012,1.6102,1.60986,1.61015,79900000,1
1290652500000,1290652559000,1.61023,1.61037,1.60994,1.60994,66900000,1
1290652560000,1290652619000,1.60993,1.61042,1.60985,1.6103,95700000,1
1290652620000,1290652679000,1.6103,1.61057,1.61025,1.61054,66900000,1
1290652680000,1290652739000,1.61064,1.61092,1.61046,1.61075,77600000,1
1290652740000,1290652799000,1.61083,1.61237,1.6107,1.61237,170800000,1
1290652800000,1290652859000,1.6122,1.61253,1.61148,1.61148,119300000,1
1290652860000,1290652919000,1.61152,1.61211,1.61138,1.61211,99300000,1
1290652920000,1290652979000,1.61213,1.61311,1.61213,1.6127,131500000,1
1290652980000,1290653039000,1.6127,1.6127,1.61165,1.61165,144600000,1
1290653040000,1290653099000,1.61168,1.61261,1.61168,1.61225,79100000,1
1290653100000,1290653159000,1.61233,1.61297,1.61232,1.61273,89200000,1
1290653160000,1290653219000,1.61269,1.61297,1.61269,1.6129,50300000,1
1290653220000,1290653279000,1.61286,1.61336,1.61286,1.61327,65200000,1
1290653280000,1290653339000,1.61327,1.6134,1.61282,1.61282,75100000,1
1290653340000,1290653399000,1.61288,1.61317,1.61272,1.61317,80100000,1
1290653400000,1290653459000,1.61313,1.61313,1.61246,1.61246,84900000,1
1290653460000,1290653519000,1.61251,1.61267,1.61247,1.6125,66100000,1
1290653520000,1290653579000,1.6125,1.6125,1.61187,1.61205,64800000,1
1290653580000,1290653639000,1.61213,1.61252,1.61194,1.61205,69300000,1
1290653640000,1290653699000,1.61205,1.61205,1.61191,1.61205,50000000,1
1290653700000,1290653759000,1.61205,1.61205,1.61189,1.61197,37000000,1
1290653760000,1290653819000,1.61197,1.61202,1.61143,1.61143,63100000,1
1290653820000,1290653879000,1.61142,1.61176,1.61139,1.61155,83100000,1
1290653880000,1290653939000,1.61155,1.61172,1.61147,1.61156,59400000,1
1290653940000,1290653999000,1.61156,1.61173,1.61149,1.61149,57000000,1
1290654000000,1290654059000,1.61149,1.61163,1.61117,1.61159,95400000,1
1290654060000,1290654119000,1.61162,1.61209,1.61159,1.61209,122100000,1
1290654120000,1290654179000,1.61205,1.61214,1.61166,1.61173,59900000,1
1290654180000,1290654239000,1.61178,1.61203,1.61167,1.61184,71200000,1
1290654240000,1290654299000,1.6119,1.61207,1.61185,1.61193,98600000,1
1290654300000,1290654359000,1.61206,1.61218,1.61201,1.61218,41700000,1
1290654360000,1290654419000,1.61223,1.61228,1.61213,1.6122,24700000,1
1290654420000,1290654479000,1.6122,1.61221,1.61202,1.61212,96600000,1
1290654480000,1290654539000,1.61213,1.61229,1.61211,1.61221,41800000,1
1290654540000,1290654599000,1.61221,1.61302,1.6122,1.61288,73100000,1
1290654600000,1290654659000,1.61287,1.61301,1.61246,1.61267,84100000,1
1290654660000,1290654719000,1.61271,1.61359,1.61271,1.61349,108000000,1
1290654720000,1290654779000,1.61342,1.61365,1.61324,1.61347,111500000,1
1290654780000,1290654839000,1.61338,1.61358,1.61325,1.61325,73500000,1
1290654840000,1290654899000,1.61319,1.6136,1.61314,1.61328,114000000,1
1290654900000,1290654959000,1.61327,1.6137,1.61323,1.61332,92900000,1
1290654960000,1290655019000,1.61347,1.61347,1.6129,1.61311,111700000,1
1290655020000,1290655079000,1.61307,1.61327,1.61297,1.61323,75200000,1
1290655080000,1290655139000,1.61323,1.61323,1.61257,1.61264,42600000,1
1290655140000,1290655199000,1.61263,1.61271,1.61232,1.61237,64900000,1
1290655200000,1290655259000,1.61238,1.61265,1.61238,1.61265,16900000,1
1290655260000,1290655319000,1.61265,1.61265,1.61228,1.61237,36300000,1
1290655320000,1290655379000,1.61234,1.61256,1.61234,1.61245,30800000,1
1290655380000,1290655439000,1.6124,1.61257,1.61235,1.61253,32000000,1
1290655440000,1290655499000,1.61238,1.61238,1.61228,1.61237,12300000,1
1290655500000,1290655559000,1.61241,1.61262,1.61241,1.61258,55400000,1
1290655560000,1290655619000,1.61256,1.61267,1.61253,1.6126,32300000,1
1290655620000,1290655679000,1.61262,1.61267,1.6126,1.6126,29800000,1
1290655680000,1290655739000,1.61257,1.61265,1.61243,1.61244,46300000,1
1290655740000,1290655799000,1.61228,1.61228,1.61202,1.61202,47100000,1
1290655800000,1290655859000,1.61201,1.61232,1.61194,1.61227,39700000,1
1290655860000,1290655919000,1.61215,1.61224,1.61174,1.61175,68700000,1
1290655920000,1290655979000,1.61175,1.61189,1.61153,1.61153,64000000,1
1290655980000,1290656039000,1.61153,1.61206,1.61143,1.61206,103800000,1
1290656040000,1290656099000,1.61197,1.61272,1.61184,1.6126,82400000,1
1290656100000,1290656159000,1.6126,1.6126,1.61219,1.61244,74000000,1
1290656160000,1290656219000,1.61234,1.61238,1.61201,1.61222,86600000,1
1290656220000,1290656279000,1.61231,1.61278,1.61231,1.61249,90200000,1
1290656280000,1290656339000,1.61252,1.61278,1.61239,1.61239,77700000,1
1290656340000,1290656399000,1.61239,1.61284,1.61239,1.61257,52600000,1
1290656400000,1290656459000,1.61255,1.61256,1.61213,1.61213,95500000,1
1290656460000,1290656519000,1.61217,1.61259,1.61203,1.61259,89400000,1
1290656520000,1290656579000,1.61258,1.61258,1.61199,1.61232,107100000,1
1290656580000,1290656639000,1.61237,1.61242,1.61214,1.61223,58700000,1
1290656640000,1290656699000,1.61219,1.61224,1.61189,1.61189,46300000,1
1290656700000,1290656759000,1.61189,1.61218,1.61179,1.61218,43700000,1
1290656760000,1290656819000,1.61217,1.61217,1.61192,1.61213,41700000,1
1290656820000,1290656879000,1.61213,1.61239,1.61209,1.61239,47000000,1
1290656880000,1290656939000,1.61237,1.61243,1.61204,1.61204,58600000,1
1290656940000,1290656999000,1.61197,1.61205,1.6118,1.612,65100000,1
1290657000000,1290657059000,1.61206,1.61245,1.61203,1.61213,71700000,1
1290657060000,1290657119000,1.61213,1.61227,1.61204,1.61225,18800000,1
1290657120000,1290657179000,1.61223,1.61223,1.61223,1.61223,3900000,1
1290657180000,1290657239000,1.61223,1.61223,1.61209,1.61211,25000000,1
1290657240000,1290657299000,1.61223,1.61223,1.61208,1.61208,24800000,1
1290657300000,1290657359000,1.61209,1.61222,1.612,1.6121,43700000,1
1290657360000,1290657419000,1.61207,1.61226,1.61193,1.61208,57700000,1
1290657420000,1290657479000,1.61199,1.6121,1.61166,1.61188,59600000,1
1290657480000,1290657539000,1.61188,1.61201,1.6117,1.61188,96100000,1
1290657540000,1290657599000,1.61199,1.61199,1.61172,1.61189,51900000,1
1290657600000,1290657659000,1.61189,1.61196,1.61131,1.61141,55200000,1
1290657660000,1290657719000,1.61132,1.61147,1.61118,1.6112,57500000,1
1290657720000,1290657779000,1.6112,1.6112,1.6109,1.61096,99500000,1
1290657780000,1290657839000,1.61084,1.61096,1.61036,1.61095,91200000,1
1290657840000,1290657899000,1.61092,1.61109,1.61086,1.61101,45800000,1
1290657900000,1290657959000,1.61102,1.61127,1.61092,1.6111,58500000,1
1290657960000,1290658019000,1.61112,1.61139,1.61107,1.61127,67800000,1
1290658020000,1290658079000,1.61127,1.61138,1.61113,1.6113,42300000,1
1290658080000,1290658139000,1.61128,1.61167,1.61126,1.61134,79200000,1
1290658140000,1290658199000,1.61133,1.61168,1.6113,1.61138,60200000,1
1290658200000,1290658259000,1.61141,1.61143,1.61138,1.61141,15300000,1
1290658260000,1290658319000,1.61138,1.61138,1.611,1.61107,29500000,1
1290658320000,1290658379000,1.611,1.61133,1.61079,1.61108,61600000,1
1290658380000,1290658439000,1.611,1.61118,1.61047,1.61062,89300000,1
1290658440000,1290658499000,1.61067,1.6109,1.61063,1.61063,61200000,1
1290658500000,1290658559000,1.61066,1.61083,1.61038,1.61043,68900000,1
1290658560000,1290658619000,1.61038,1.6105,1.61038,1.61046,21900000,1
1290658620000,1290658679000,1.61043,1.6109,1.61042,1.61076,58200000,1
1290658680000,1290658739000,1.61077,1.61111,1.61072,1.61093,62700000,1
1290658740000,1290658799000,1.6109,1.61093,1.61036,1.61047,58100000,1
1290658800000,1290658859000,1.61047,1.61058,1.61026,1.61033,65200000,1
1290658860000,1290658919000,1.61039,1.61084,1.61018,1.61069,63800000,1
1290658920000,1290658979000,1.61068,1.61068,1.60987,1.61028,84800000,1
1290658980000,1290659039000,1.61012,1.61049,1.61004,1.61026,50500000,1
1290659040000,1290659099000,1.61026,1.61066,1.61017,1.61017,51700000,1
1290659100000,1290659159000,1.61017,1.61035,1.61008,1.61027,55400000,1
1290659160000,1290659219000,1.61033,1.61047,1.61005,1.61005,66000000,1
1290659220000,1290659279000,1.61005,1.6102,1.60981,1.60987,79100000,1
1290659280000,1290659339000,1.60987,1.60991,1.60943,1.6098,80500000,1
1290659340000,1290659399000,1.6098,1.61011,1.6098,1.61004,43900000,1
1290659400000,1290659459000,1.60996,1.61004,1.60992,1.60992,38600000,1
1290659460000,1290659519000,1.60992,1.61018,1.60978,1.60989,53600000,1
1290659520000,1290659579000,1.60997,1.61016,1.60976,1.6099,123200000,1
1290659580000,1290659639000,1.6099,1.61024,1.60983,1.61023,79200000,1
1290659640000,1290659699000,1.61023,1.61036,1.61015,1.61032,52600000,1
1290659700000,1290659759000,1.61032,1.61032,1.60994,1.60999,46400000,1
1290659760000,1290659819000,1.60999,1.60999,1.60978,1.60982,50400000,1
1290659820000,1290659879000,1.60982,1.60982,1.60944,1.60959,40100000,1
1290659880000,1290659939000,1.60959,1.60982,1.60959,1.60981,39300000,1
1290659940000,1290659999000,1.60982,1.60982,1.60973,1.60973,13600000,1
1290660000000,1290660059000,1.60975,1.60975,1.6094,1.6095,51000000,1
1290660060000,1290660119000,1.60949,1.60957,1.60933,1.60939,69200000,1
1290660120000,1290660179000,1.60934,1.60945,1.60934,1.60945,11300000,1
1290660180000,1290660239000,1.60945,1.60961,1.60933,1.60955,44000000,1
1290660240000,1290660299000,1.60955,1.60972,1.60955,1.60955,51400000,1
1290660300000,1290660359000,1.60955,1.60955,1.60944,1.60949,13100000,1
1290660360000,1290660419000,1.60949,1.60961,1.60928,1.60928,23800000,1
1290660420000,1290660479000,1.60931,1.60941,1.60927,1.60941,20000000,1
1290660480000,1290660539000,1.60941,1.6095,1.60935,1.60936,36900000,1
1290660540000,1290660599000,1.60935,1.60936,1.60929,1.60935,21900000,1
1290660600000,1290660659000,1.60935,1.60948,1.60915,1.60924,31400000,1
1290660660000,1290660719000,1.60912,1.60914,1.60903,1.60914,51600000,1
1290660720000,1290660779000,1.60915,1.60921,1.60905,1.60913,24500000,1
1290660780000,1290660839000,1.60909,1.60909,1.609,1.609,25900000,1
1290660840000,1290660899000,1.609,1.60925,1.60894,1.60922,67300000,1
1290660900000,1290660959000,1.60922,1.60948,1.60913,1.60929,71100000,1
1290660960000,1290661019000,1.60919,1.60987,1.60918,1.60964,76900000,1
1290661020000,1290661079000,1.60965,1.61036,1.60965,1.61008,70700000,1
1290661080000,1290661139000,1.60993,1.61035,1.60993,1.61004,37000000,1
1290661140000,1290661199000,1.61008,1.61019,1.61001,1.61013,43000000,1
1290661200000,1290661259000,1.61009,1.61027,1.60973,1.60976,69500000,1
1290661260000,1290661319000,1.60981,1.61004,1.60958,1.60987,66000000,1
1290661320000,1290661379000,1.60987,1.61036,1.60978,1.61005,103300000,1
1290661380000,1290661439000,1.61005,1.61011,1.60984,1.61011,71500000,1
1290661440000,1290661499000,1.61013,1.61034,1.61007,1.61034,83700000,1
1290661500000,1290661559000,1.61029,1.61059,1.60986,1.60987,98700000,1
1290661560000,1290661619000,1.60987,1.61062,1.60987,1.61062,47000000,1
1290661620000,1290661679000,1.61062,1.61069,1.61029,1.61034,40000000,1
1290661680000,1290661739000,1.61027,1.61047,1.61014,1.61016,42300000,1
1290661740000,1290661799000,1.61014,1.61033,1.61003,1.61028,115400000,1
1290661800000,1290661859000,1.61024,1.61064,1.61012,1.61055,113300000,1
1290661860000,1290661919000,1.61039,1.61121,1.61039,1.61096,75500000,1
1290661920000,1290661979000,1.61105,1.61148,1.61105,1.61141,103800000,1
1290661980000,1290662039000,1.61141,1.61141,1.61109,1.61109,84900000,1
1290662040000,1290662099000,1.61103,1.61105,1.61089,1.61096,36500000,1
1290662100000,1290662159000,1.61096,1.61105,1.61079,1.61079,26700000,1
1290662160000,1290662219000,1.61079,1.61091,1.61063,1.6108,36100000,1
1290662220000,1290662279000,1.61087,1.61097,1.61057,1.61057,49700000,1
1290662280000,1290662339000,1.61057,1.611,1.61039,1.61084,71500000,1
1290662340000,1290662399000,1.61084,1.61105,1.61063,1.61063,47300000,1
1290662400000,1290662459000,1.61068,1.61112,1.61068,1.61111,64300000,1
1290662460000,1290662519000,1.61123,1.61132,1.61111,1.61118,17800000,1
1290662520000,1290662579000,1.61117,1.61145,1.61112,1.61121,82500000,1
1290662580000,1290662639000,1.61129,1.61148,1.61107,1.61119,73000000,1
1290662640000,1290662699000,1.61112,1.6112,1.6111,1.61119,29200000,1
1290662700000,1290662759000,1.6111,1.61124,1.6106,1.6106,55000000,1
1290662760000,1290662819000,1.61067,1.61098,1.61056,1.61098,32000000,1
1290662820000,1290662879000,1.61097,1.61107,1.61078,1.61106,28500000,1
1290662880000,1290662939000,1.61102,1.61114,1.6109,1.611,50600000,1
1290662940000,1290662999000,1.61096,1.61098,1.61085,1.61085,32700000,1
1290663000000,1290663059000,1.61082,1.61084,1.61038,1.61064,78700000,1
1290663060000,1290663119000,1.61064,1.6107,1.61033,1.61038,71100000,1
1290663120000,1290663179000,1.61033,1.6104,1.6102,1.61035,35400000,1
1290663180000,1290663239000,1.61027,1.61034,1.61017,1.61017,19600000,1
1290663240000,1290663299000,1.61017,1.6102,1.60987,1.61003,78500000,1
1290663300000,1290663359000,1.61001,1.61012,1.61001,1.61003,17100000,1
1290663360000,1290663419000,1.60999,1.60999,1.60999,1.60999,1200000,1
1290663420000,1290663479000,1.61,1.61002,1.60978,1.60978,69600000,1
1290663480000,1290663539000,1.60978,1.6099,1.60944,1.6099,62500000,1
1290663540000,1290663599000,1.60992,1.61021,1.60992,1.61021,52000000,1
1290663600000,1290663659000,1.61021,1.61029,1.61004,1.61026,53800000,1
1290663660000,1290663719000,1.61026,1.61029,1.61018,1.61018,17800000,1
1290663720000,1290663779000,1.61008,1.61026,1.60975,1.60975,70000000,1
1290663780000,1290663839000,1.6098,1.60991,1.609,1.609,105300000,1
1290663840000,1290663899000,1.60912,1.60946,1.60896,1.6091,136100000,1
1290663900000,1290663959000,1.60901,1.60911,1.60865,1.60883,93400000,1
1290663960000,1290664019000,1.60881,1.60904,1.60852,1.6088,70700000,1
1290664020000,1290664079000,1.6088,1.60897,1.6088,1.60895,45700000,1
1290664080000,1290664139000,1.60892,1.60908,1.60888,1.60889,40800000,1
1290664140000,1290664199000,1.60897,1.60905,1.60888,1.60897,33200000,1
1290664200000,1290664259000,1.60897,1.60908,1.60897,1.60905,13900000,1
1290664260000,1290664319000,1.60908,1.60929,1.60904,1.60921,35000000,1
1290664320000,1290664379000,1.60929,1.60942,1.60927,1.60935,43300000,1
1290664380000,1290664439000,1.60943,1.61018,1.60943,1.61015,65400000,1
1290664440000,1290664499000,1.61015,1.6102,1.60989,1.60998,43500000,1
1290664500000,1290664559000,1.6099,1.61009,1.60976,1.60979,54400000,1
1290664560000,1290664619000,1.60977,1.61061,1.60977,1.61061,89200000,1
1290664620000,1290664679000,1.61053,1.61053,1.60977,1.61019,80300000,1
1290664680000,1290664739000,1.61014,1.61019,1.60998,1.61001,37500000,1
1290664740000,1290664799000,1.60993,1.61002,1.60968,1.61002,61300000,1
1290664800000,1290664859000,1.61006,1.61006,1.60972,1.60972,73600000,1
1290664860000,1290664919000,1.60969,1.60972,1.60937,1.60953,56400000,1
1290664920000,1290664979000,1.60943,1.60992,1.60938,1.60989,65600000,1
1290664980000,1290665039000,1.60988,1.61007,1.60978,1.61002,23400000,1
1290665040000,1290665099000,1.61002,1.61007,1.60989,1.60989,27500000,1
1290665100000,1290665159000,1.60989,1.61012,1.60987,1.61008,26700000,1
1290665160000,1290665219000,1.61016,1.61048,1.61009,1.61043,97300000,1
1290665220000,1290665279000,1.61047,1.61064,1.61018,1.61043,127400000,1
1290665280000,1290665339000,1.61043,1.61061,1.61019,1.61023,108300000,1
1290665340000,1290665399000,1.61019,1.6103,1.60953,1.60965,88900000,1
1290665400000,1290665459000,1.60972,1.61048,1.60972,1.61044,66100000,1
1290665460000,1290665519000,1.61038,1.61083,1.61027,1.61048,138300000,1
1290665520000,1290665579000,1.61039,1.61063,1.6103,1.6103,102800000,1
1290665580000,1290665639000,1.61042,1.61047,1.61012,1.61013,90000000,1
1290665640000,1290665699000,1.6102,1.61028,1.61012,1.61012,30600000,1
1290665700000,1290665759000,1.61003,1.61005,1.60988,1.61005,47300000,1
1290665760000,1290665819000,1.61006,1.61027,1.60984,1.61021,125800000,1
1290665820000,1290665879000,1.6102,1.6102,1.60988,1.61001,43800000,1
1290665880000,1290665939000,1.60995,1.61024,1.60989,1.61009,39400000,1
1290665940000,1290665999000,1.61017,1.61017,1.60993,1.60993,18700000,1
1290666000000,1290666059000,1.60993,1.60996,1.60988,1.60995,32400000,1
1290666060000,1290666119000,1.60995,1.61005,1.6098,1.60988,40600000,1
1290666120000,1290666179000,1.60992,1.61001,1.60992,1.60993,20200000,1
1290666180000,1290666239000,1.60993,1.60993,1.60972,1.60973,45500000,1
1290666240000,1290666299000,1.60977,1.60977,1.60977,1.60977,1200000,1
1290666300000,1290666359000,1.60982,1.60987,1.60952,1.60955,85200000,1
1290666360000,1290666419000,1.60949,1.6097,1.60905,1.60926,112000000,1
1290666420000,1290666479000,1.6093,1.60947,1.60923,1.60935,62600000,1
1290666480000,1290666539000,1.60935,1.60946,1.6092,1.60946,33300000,1
1290666540000,1290666599000,1.60943,1.60954,1.60921,1.60921,47000000,1
1290666600000,1290666659000,1.60939,1.60939,1.60886,1.60893,76700000,1
1290666660000,1290666719000,1.60913,1.6092,1.60888,1.60912,106100000,1
1290666720000,1290666779000,1.60909,1.60909,1.60886,1.60897,66300000,1
1290666780000,1290666839000,1.6089,1.6089,1.60866,1.60866,64000000,1
1290666840000,1290666899000,1.60866,1.60871,1.60848,1.60862,73100000,1
1290666900000,1290666959000,1.60858,1.6088,1.60848,1.60879,70200000,1
1290666960000,1290667019000,1.60879,1.60892,1.60859,1.60886,87700000,1
1290667020000,1290667079000,1.60894,1.60917,1.60874,1.60896,99100000,1
1290667080000,1290667139000,1.60896,1.60908,1.60888,1.60903,45100000,1
1290667140000,1290667199000,1.60903,1.60907,1.60874,1.60874,35600000,1
1290667200000,1290667259000,1.6088,1.60889,1.60863,1.60882,63000000,1
1290667260000,1290667319000,1.60873,1.60895,1.60856,1.60883,67100000,1
1290667320000,1290667379000,1.60886,1.60902,1.60866,1.60866,80900000,1
1290667380000,1290667439000,1.60868,1.60893,1.60868,1.60868,42300000,1
1290667440000,1290667499000,1.60872,1.6088,1.60851,1.60861,65600000,1
1290667500000,1290667559000,1.60864,1.60864,1.6086,1.60862,14300000,1
1290667560000,1290667619000,1.60863,1.60863,1.6086,1.6086,45100000,1
1290667620000,1290667679000,1.6086,1.60868,1.60853,1.60861,70100000,1
1290667680000,1290667739000,1.60861,1.60886,1.60861,1.60885,99400000,1
1290667740000,1290667799000,1.60881,1.60899,1.60858,1.60858,101700000,1
1290667800000,1290667859000,1.60857,1.60892,1.60851,1.60892,61300000,1
1290667860000,1290667919000,1.60884,1.60904,1.6088,1.60899,26500000,1
1290667920000,1290667979000,1.60896,1.60927,1.60893,1.6091,49100000,1
1290667980000,1290668039000,1.6091,1.60986,1.6091,1.60986,111100000,1
1290668040000,1290668099000,1.6099,1.60995,1.60951,1.60951,118700000,1
1290668100000,1290668159000,1.60951,1.60982,1.6095,1.60978,98600000,1
1290668160000,1290668219000,1.60978,1.61028,1.60969,1.61028,98400000,1
1290668220000,1290668279000,1.61028,1.61048,1.61007,1.61031,62600000,1
1290668280000,1290668339000,1.61027,1.61052,1.61007,1.61009,83100000,1
1290668340000,1290668399000,1.61009,1.61016,1.60985,1.61,100900000,1
1290668400000,1290668459000,1.61007,1.61078,1.60992,1.61036,104400000,1
1290668460000,1290668519000,1.61036,1.61036,1.60973,1.60982,86500000,1
1290668520000,1290668579000,1.60982,1.61014,1.60969,1.61005,101100000,1
1290668580000,1290668639000,1.61006,1.61013,1.60934,1.60942,139200000,1
1290668640000,1290668699000,1.60943,1.60948,1.60934,1.60941,51200000,1
1290668700000,1290668759000,1.60942,1.60973,1.60935,1.60971,114100000,1
1290668760000,1290668819000,1.60972,1.60975,1.60948,1.60956,52300000,1
1290668820000,1290668879000,1.60959,1.6097,1.6093,1.60956,79100000,1
1290668880000,1290668939000,1.60961,1.60991,1.60942,1.60958,70000000,1
1290668940000,1290668999000,1.60955,1.60972,1.60922,1.60927,70300000,1
1290669000000,1290669059000,1.60925,1.6093,1.60891,1.60902,86500000,1
1290669060000,1290669119000,1.60908,1.60908,1.60888,1.60896,25600000,1
1290669120000,1290669179000,1.609,1.60914,1.60895,1.60913,41800000,1
1290669180000,1290669239000,1.60914,1.60914,1.60855,1.60862,89700000,1
1290669240000,1290669299000,1.60869,1.60869,1.6079,1.60799,125700000,1
1290669300000,1290669359000,1.60782,1.6082,1.60766,1.60806,85800000,1
1290669360000,1290669419000,1.60806,1.60832,1.60789,1.60811,52100000,1
1290669420000,1290669479000,1.60803,1.60837,1.60778,1.60804,121100000,1
1290669480000,1290669539000,1.60796,1.60812,1.60727,1.60759,156600000,1
1290669540000,1290669599000,1.60745,1.60748,1.60688,1.60688,65500000,1
1290669600000,1290669659000,1.60688,1.60692,1.60662,1.60682,75000000,1
1290669660000,1290669719000,1.60682,1.60693,1.60658,1.60687,102700000,1
1290669720000,1290669779000,1.60692,1.60722,1.60683,1.60701,96000000,1
1290669780000,1290669839000,1.607,1.6071,1.60683,1.60702,60800000,1
1290669840000,1290669899000,1.60704,1.60736,1.60704,1.60728,60600000,1
1290669900000,1290669959000,1.6072,1.60749,1.60673,1.60682,125200000,1
1290669960000,1290670019000,1.60678,1.60716,1.60663,1.60698,137500000,1
1290670020000,1290670079000,1.60688,1.60718,1.60675,1.60675,135800000,1
1290670080000,1290670139000,1.60675,1.60677,1.60646,1.60672,90800000,1
1290670140000,1290670199000,1.60664,1.60676,1.60646,1.60676,122500000,1
1290670200000,1290670259000,1.60661,1.60712,1.6065,1.60689,103500000,1
1290670260000,1290670319000,1.60688,1.60703,1.60679,1.60679,107700000,1
1290670320000,1290670379000,1.60679,1.60693,1.60658,1.60668,116700000,1
1290670380000,1290670439000,1.60683,1.60723,1.60683,1.60723,127800000,1
1290670440000,1290670499000,1.60718,1.60775,1.60697,1.60749,112500000,1
1290670500000,1290670559000,1.60749,1.60786,1.60726,1.60738,123800000,1
1290670560000,1290670619000,1.60738,1.60764,1.60704,1.60736,130400000,1
1290670620000,1290670679000,1.60742,1.60765,1.60679,1.607,108700000,1
1290670680000,1290670739000,1.60711,1.6074,1.60683,1.60688,114900000,1
1290670740000,1290670799000,1.60685,1.60735,1.60679,1.60735,73300000,1
1290670800000,1290670859000,1.60733,1.60768,1.60731,1.60767,46600000,1
1290670860000,1290670919000,1.60761,1.6077,1.60709,1.60727,104000000,1
1290670920000,1290670979000,1.60725,1.60743,1.60713,1.60721,56100000,1
1290670980000,1290671039000,1.60721,1.6075,1.60716,1.60744,73000000,1
1290671040000,1290671099000,1.60749,1.60751,1.60723,1.60737,60500000,1
1290671100000,1290671159000,1.60737,1.60748,1.60711,1.60721,52700000,1
1290671160000,1290671219000,1.60721,1.6081,1.60717,1.60786,106900000,1
1290671220000,1290671279000,1.60786,1.60817,1.60782,1.60817,55900000,1
1290671280000,1290671339000,1.60817,1.60842,1.60811,1.60842,62400000,1
1290671340000,1290671399000,1.60846,1.6088,1.60825,1.6088,64000000,1
1290671400000,1290671459000,1.6088,1.60935,1.60875,1.60924,72200000,1
1290671460000,1290671519000,1.60929,1.60931,1.60875,1.60875,77800000,1
1290671520000,1290671579000,1.60882,1.60932,1.6088,1.60914,77500000,1
1290671580000,1290671639000,1.60913,1.60951,1.60911,1.60927,93000000,1
1290671640000,1290671699000,1.60932,1.60937,1.60904,1.60917,94700000,1
1290671700000,1290671759000,1.60936,1.61001,1.60933,1.60954,132800000,1
1290671760000,1290671819000,1.60953,1.60961,1.60892,1.60892,116900000,1
1290671820000,1290671879000,1.60898,1.60898,1.60864,1.60885,126400000,1
1290671880000,1290671939000,1.60883,1.60887,1.60848,1.60877,90100000,1
1290671940000,1290671999000,1.60869,1.60954,1.60863,1.60901,143400000,1
1290672000000,1290672059000,1.60901,1.60937,1.60875,1.60886,106200000,1
1290672060000,1290672119000,1.60897,1.6092,1.60888,1.60897,104800000,1
1290672120000,1290672179000,1.60892,1.60904,1.60871,1.60887,109600000,1
1290672180000,1290672239000,1.60896,1.60919,1.60894,1.6091,81600000,1
1290672240000,1290672299000,1.60911,1.60925,1.60873,1.60904,70200000,1
1290672300000,1290672359000,1.60898,1.60921,1.60886,1.60907,123900000,1
1290672360000,1290672419000,1.60918,1.60948,1.60809,1.60821,170000000,1
1290672420000,1290672479000,1.60829,1.60834,1.60782,1.60793,130600000,1
1290672480000,1290672539000,1.6081,1.60811,1.6076,1.60791,100800000,1
1290672540000,1290672599000,1.60801,1.60801,1.60739,1.60745,105100000,1
1290672600000,1290672659000,1.60743,1.60773,1.60729,1.60731,114700000,1
1290672660000,1290672719000,1.60731,1.60751,1.60694,1.60694,154500000,1
1290672720000,1290672779000,1.60706,1.6071,1.60669,1.60684,89800000,1
1290672780000,1290672839000,1.60689,1.60699,1.60673,1.60689,69200000,1
1290672840000,1290672899000,1.60693,1.60713,1.60683,1.60713,82600000,1
1290672900000,1290672959000,1.60707,1.60732,1.60692,1.60724,127800000,1
1290672960000,1290673019000,1.60723,1.60723,1.60676,1.60676,51000000,1
1290673020000,1290673079000,1.60677,1.60705,1.60668,1.60668,79800000,1
1290673080000,1290673139000,1.60671,1.60691,1.60658,1.60682,117100000,1
1290673140000,1290673199000,1.60685,1.60689,1.60619,1.60645,123000000,1
1290673200000,1290673259000,1.60654,1.6067,1.60628,1.60647,78400000,1
1290673260000,1290673319000,1.60642,1.60669,1.60631,1.60631,127300000,1
1290673320000,1290673379000,1.60637,1.60651,1.60609,1.60613,124700000,1
1290673380000,1290673439000,1.60617,1.60644,1.60617,1.60644,40300000,1
1290673440000,1290673499000,1.6065,1.60681,1.60639,1.60681,54900000,1
1290673500000,1290673559000,1.6069,1.60713,1.6069,1.60712,43700000,1
1290673560000,1290673619000,1.60712,1.60714,1.60647,1.60676,107200000,1
1290673620000,1290673679000,1.60667,1.60685,1.60616,1.60616,94200000,1
1290673680000,1290673739000,1.60627,1.60669,1.60621,1.60646,100000000,1
1290673740000,1290673799000,1.60644,1.60703,1.60644,1.60681,67100000,1
1290673800000,1290673859000,1.60693,1.60693,1.60599,1.606,111400000,1
1290673860000,1290673919000,1.60601,1.60624,1.60593,1.60608,69500000,1
1290673920000,1290673979000,1.60608,1.60643,1.60608,1.60625,75000000,1
1290673980000,1290674039000,1.60624,1.60633,1.60562,1.60587,106100000,1
1290674040000,1290674099000,1.60585,1.60618,1.60572,1.60618,92400000,1
1290674100000,1290674159000,1.60618,1.6067,1.60599,1.60631,117300000,1
1290674160000,1290674219000,1.60622,1.60648,1.60605,1.60607,112500000,1
1290674220000,1290674279000,1.60625,1.60636,1.60591,1.60622,80800000,1
1290674280000,1290674339000,1.60616,1.60652,1.60577,1.60652,95700000,1
1290674340000,1290674399000,1.60644,1.60678,1.60644,1.60661,74500000,1
1290674400000,1290674459000,1.60661,1.60689,1.6065,1.60655,66300000,1
1290674460000,1290674519000,1.60639,1.60688,1.60624,1.60679,118900000,1
1290674520000,1290674579000,1.60674,1.60688,1.60662,1.6068,106500000,1
1290674580000,1290674639000,1.60688,1.60698,1.60674,1.6069,106600000,1
1290674640000,1290674699000,1.60679,1.60705,1.6066,1.60705,74500000,1
1290674700000,1290674759000,1.6071,1.60753,1.60681,1.60681,103200000,1
1290674760000,1290674819000,1.60681,1.60733,1.60681,1.60701,100600000,1
1290674820000,1290674879000,1.6071,1.60718,1.60668,1.60672,90200000,1
1290674880000,1290674939000,1.60667,1.60667,1.60642,1.60655,109700000,1
1290674940000,1290674999000,1.60658,1.60683,1.60646,1.60676,80900000,1
1290675000000,1290675059000,1.60661,1.60672,1.60636,1.60667,55800000,1
1290675060000,1290675119000,1.60667,1.60719,1.60653,1.60715,113600000,1
1290675120000,1290675179000,1.60715,1.60721,1.60654,1.60682,126200000,1
1290675180000,1290675239000,1.60678,1.60692,1.60647,1.60673,116000000,1
1290675240000,1290675299000,1.60673,1.60701,1.60655,1.60674,99100000,1
1290675300000,1290675359000,1.60675,1.607,1.60638,1.60647,133500000,1
1290675360000,1290675419000,1.60648,1.60684,1.60619,1.60654,121500000,1
1290675420000,1290675479000,1.60654,1.60693,1.60615,1.60631,140300000,1
1290675480000,1290675539000,1.60623,1.6065,1.60619,1.60639,58800000,1
1290675540000,1290675599000,1.60638,1.60733,1.60638,1.60733,103400000,1
1290675600000,1290675659000,1.60725,1.60735,1.60687,1.60714,122000000,1
1290675660000,1290675719000,1.60728,1.60744,1.60687,1.60704,111400000,1
1290675720000,1290675779000,1.60713,1.60754,1.60659,1.60678,113600000,1
1290675780000,1290675839000,1.60684,1.60737,1.60653,1.60718,112000000,1
1290675840000,1290675899000,1.60719,1.60742,1.60691,1.60704,103200000,1
1290675900000,1290675959000,1.60715,1.60718,1.60686,1.60691,49000000,1
1290675960000,1290676019000,1.60691,1.60707,1.60681,1.60704,100000000,1
1290676020000,1290676079000,1.607,1.60729,1.60677,1.60715,78200000,1
1290676080000,1290676139000,1.60714,1.60727,1.6068,1.60718,94000000,1
1290676140000,1290676199000,1.60718,1.60732,1.60712,1.60732,60900000,1
1290676200000,1290676259000,1.60732,1.60765,1.60723,1.60765,56500000,1
1290676260000,1290676319000,1.60765,1.60773,1.60749,1.60771,50000000,1
1290676320000,1290676379000,1.60771,1.60771,1.60745,1.60758,57800000,1
1290676380000,1290676439000,1.6076,1.60785,1.60734,1.60746,88300000,1
1290676440000,1290676499000,1.60746,1.60841,1.60746,1.608,121900000,1
1290676500000,1290676559000,1.608,1.60806,1.6076,1.60764,82000000,1
1290676560000,1290676619000,1.60752,1.60815,1.60752,1.60807,69100000,1
1290676620000,1290676679000,1.60808,1.60835,1.60789,1.60793,127700000,1
1290676680000,1290676739000,1.60801,1.60818,1.60784,1.60792,64300000,1
1290676740000,1290676799000,1.60807,1.60832,1.60767,1.60786,55500000,1
1290676800000,1290676859000,1.60786,1.60807,1.60763,1.60763,100500000,1
1290676860000,1290676919000,1.60756,1.60767,1.60707,1.60707,85200000,1
1290676920000,1290676979000,1.60701,1.60707,1.60688,1.60688,48500000,1
1290676980000,1290677039000,1.60683,1.60734,1.60677,1.60719,93000000,1
1290677040000,1290677099000,1.60708,1.60772,1.60698,1.60768,112900000,1
1290677100000,1290677159000,1.6075,1.6078,1.6075,1.6078,93700000,1
1290677160000,1290677219000,1.6078,1.60782,1.60738,1.60774,88600000,1
1290677220000,1290677279000,1.60783,1.6084,1.60777,1.60829,97100000,1
1290677280000,1290677339000,1.60817,1.60857,1.60771,1.60802,109600000,1
1290677340000,1290677399000,1.60801,1.60848,1.60782,1.60848,81400000,1
1290677400000,1290677459000,1.60842,1.60888,1.60841,1.60886,80000000,1
1290677460000,1290677519000,1.60875,1.60886,1.60822,1.60842,116100000,1
1290677520000,1290677579000,1.60845,1.60853,1.60795,1.60797,113100000,1
1290677580000,1290677639000,1.60791,1.60822,1.60765,1.60807,127600000,1
1290677640000,1290677699000,1.60807,1.60848,1.60792,1.60844,125600000,1
1290677700000,1290677759000,1.60842,1.60861,1.60805,1.60861,94600000,1
1290677760000,1290677819000,1.60858,1.60895,1.6085,1.60857,104000000,1
1290677820000,1290677879000,1.60857,1.60924,1.60851,1.60906,102600000,1
1290677880000,1290677939000,1.60914,1.60931,1.60881,1.6093,83000000,1
1290677940000,1290677999000,1.60929,1.60941,1.60896,1.60896,70000000,1
1290678000000,1290678059000,1.60893,1.60934,1.60858,1.60878,87700000,1
1290678060000,1290678119000,1.60866,1.60905,1.60865,1.60866,89000000,1
1290678120000,1290678179000,1.60866,1.60889,1.60834,1.60855,62500000,1
1290678180000,1290678239000,1.60855,1.60855,1.60817,1.60825,72000000,1
1290678240000,1290678299000,1.60828,1.60842,1.6082,1.60834,69400000,1
1290678300000,1290678359000,1.60835,1.60893,1.60835,1.60887,74300000,1
1290678360000,1290678419000,1.60888,1.60899,1.60859,1.60876,57900000,1
1290678420000,1290678479000,1.60876,1.60904,1.6087,1.60874,72900000,1
1290678480000,1290678539000,1.60874,1.60898,1.60865,1.60882,87900000,1
1290678540000,1290678599000,1.60888,1.60906,1.60851,1.60851,89900000,1
1290678600000,1290678659000,1.60833,1.60902,1.60831,1.60896,76200000,1
1290678660000,1290678719000,1.60901,1.60901,1.60848,1.60895,79300000,1
1290678720000,1290678779000,1.60911,1.60955,1.6089,1.60949,94600000,1
1290678780000,1290678839000,1.60942,1.60956,1.60871,1.60873,101500000,1
1290678840000,1290678899000,1.60892,1.60892,1.60836,1.60847,97900000,1
1290678900000,1290678959000,1.60843,1.60904,1.6084,1.60898,67800000,1
1290678960000,1290679019000,1.60898,1.60938,1.60892,1.60928,94900000,1
1290679020000,1290679079000,1.60928,1.60937,1.60859,1.60859,101000000,1
1290679080000,1290679139000,1.60864,1.60893,1.6085,1.60885,72500000,1
1290679140000,1290679199000,1.60886,1.60886,1.60814,1.60858,78800000,1
1290679200000,1290679259000,1.60865,1.6091,1.60808,1.6083,99400000,1
1290679260000,1290679319000,1.60821,1.60839,1.6071,1.60713,111300000,1
1290679320000,1290679379000,1.60711,1.60761,1.60696,1.60746,113900000,1
1290679380000,1290679439000,1.60739,1.60769,1.60717,1.60717,99700000,1
1290679440000,1290679499000,1.60716,1.6072,1.60663,1.60663,90200000,1
1290679500000,1290679559000,1.6066,1.60675,1.60573,1.60675,147200000,1
1290679560000,1290679619000,1.60689,1.60701,1.60671,1.60679,87700000,1
1290679620000,1290679679000,1.60679,1.60762,1.60669,1.60755,85200000,1
1290679680000,1290679739000,1.60755,1.60778,1.60734,1.60748,106500000,1
1290679740000,1290679799000,1.60734,1.60746,1.60707,1.60741,64200000,1
1290679800000,1290679859000,1.60743,1.60761,1.60717,1.60761,78100000,1
1290679860000,1290679919000,1.60757,1.60785,1.60729,1.60736,98100000,1
1290679920000,1290679979000,1.60734,1.6075,1.60722,1.60728,57300000,1
1290679980000,1290680039000,1.60728,1.60743,1.60699,1.60715,98600000,1
1290680040000,1290680099000,1.60728,1.60732,1.60693,1.60718,79900000,1
1290680100000,1290680159000,1.60719,1.60725,1.60689,1.60725,79200000,1
1290680160000,1290680219000,1.60739,1.60782,1.6073,1.60762,96800000,1
1290680220000,1290680279000,1.6077,1.60821,1.60759,1.60804,105600000,1
1290680280000,1290680339000,1.608,1.60857,1.60778,1.60848,92300000,1
1290680340000,1290680399000,1.60848,1.60873,1.60826,1.60831,50400000,1
1290680400000,1290680459000,1.6082,1.60937,1.6082,1.60923,77200000,1
1290680460000,1290680519000,1.60915,1.60915,1.60798,1.6085,109600000,1
1290680520000,1290680579000,1.6085,1.60877,1.60778,1.60862,128400000,1
1290680580000,1290680639000,1.60862,1.60955,1.60862,1.60904,107900000,1
1290680640000,1290680699000,1.60904,1.61017,1.60871,1.61014,115500000,1
1290680700000,1290680759000,1.61012,1.61034,1.61,1.61026,74800000,1
1290680760000,1290680819000,1.61027,1.61029,1.60961,1.60963,95300000,1
1290680820000,1290680879000,1.60969,1.60989,1.60939,1.60946,71700000,1
1290680880000,1290680939000,1.6094,1.6096,1.60894,1.60894,98300000,1
1290680940000,1290680999000,1.60899,1.60931,1.60878,1.60915,82900000,1
1290681000000,1290681059000,1.6092,1.60941,1.60908,1.60941,78900000,1
1290681060000,1290681119000,1.60934,1.60949,1.60917,1.60933,88500000,1
1290681120000,1290681179000,1.6093,1.6093,1.60831,1.60885,76700000,1
1290681180000,1290681239000,1.60883,1.60908,1.60862,1.60893,83400000,1
1290681240000,1290681299000,1.60885,1.60904,1.6086,1.60874,87900000,1
1290681300000,1290681359000,1.60874,1.60884,1.60854,1.60855,68700000,1
1290681360000,1290681419000,1.60853,1.60853,1.60828,1.60849,47400000,1
1290681420000,1290681479000,1.60849,1.60906,1.60849,1.60859,81600000,1
1290681480000,1290681539000,1.60856,1.60897,1.60853,1.60854,61200000,1
1290681540000,1290681599000,1.6086,1.60864,1.60813,1.60848,93400000,1
1290681600000,1290681659000,1.60848,1.60875,1.60828,1.60855,62600000,1
1290681660000,1290681719000,1.6086,1.6087,1.60831,1.6084,64400000,1
1290681720000,1290681779000,1.6084,1.6084,1.60739,1.60755,72400000,1
1290681780000,1290681839000,1.60756,1.60787,1.6075,1.60787,58000000,1
1290681840000,1290681899000,1.60789,1.60799,1.60742,1.60751,93700000,1
1290681900000,1290681959000,1.6075,1.6075,1.60701,1.60704,72400000,1
1290681960000,1290682019000,1.607,1.60733,1.60688,1.60698,75800000,1
1290682020000,1290682079000,1.60703,1.60703,1.60648,1.60651,73000000,1
1290682080000,1290682139000,1.60659,1.60683,1.60634,1.60642,69900000,1
1290682140000,1290682199000,1.60642,1.60682,1.60634,1.6066,80300000,1
1290682200000,1290682259000,1.60669,1.60713,1.60652,1.60704,59500000,1
1290682260000,1290682319000,1.60704,1.6073,1.60698,1.60719,43000000,1
1290682320000,1290682379000,1.60725,1.60753,1.60725,1.60741,56100000,1
1290682380000,1290682439000,1.60741,1.60753,1.60711,1.60745,63900000,1
1290682440000,1290682499000,1.60744,1.60744,1.60676,1.60676,109100000,1
1290682500000,1290682559000,1.60676,1.60676,1.60608,1.60627,129600000,1
1290682560000,1290682619000,1.60623,1.60635,1.60584,1.60623,93300000,1
1290682620000,1290682679000,1.60633,1.60696,1.60611,1.60683,125700000,1
1290682680000,1290682739000,1.60688,1.60728,1.60682,1.60685,72000000,1
1290682740000,1290682799000,1.60676,1.6074,1.60673,1.60683,81000000,1
1290682800000,1290682859000,1.60692,1.60773,1.60674,1.6077,106600000,1
1290682860000,1290682919000,1.60762,1.60762,1.607,1.60757,85700000,1
1290682920000,1290682979000,1.60766,1.6077,1.60702,1.60744,71900000,1
1290682980000,1290683039000,1.6074,1.6074,1.60682,1.60682,127600000,1
1290683040000,1290683099000,1.60692,1.60711,1.60672,1.60672,83800000,1
1290683100000,1290683159000,1.60681,1.60703,1.60675,1.60696,58400000,1
1290683160000,1290683219000,1.60696,1.60724,1.60685,1.6071,99200000,1
1290683220000,1290683279000,1.60703,1.60703,1.60585,1.60585,100700000,1
1290683280000,1290683339000,1.60583,1.60606,1.60583,1.60584,60400000,1
1290683340000,1290683399000,1.60584,1.60615,1.60584,1.60584,86900000,1
1290683400000,1290683459000,1.60584,1.6061,1.60507,1.60595,126500000,1
1290683460000,1290683519000,1.60595,1.60619,1.60561,1.60598,98100000,1
1290683520000,1290683579000,1.60598,1.60632,1.60586,1.60621,113600000,1
1290683580000,1290683639000,1.60619,1.60638,1.60606,1.60618,77900000,1
1290683640000,1290683699000,1.60618,1.60631,1.60541,1.60578,85400000,1
1290683700000,1290683759000,1.60578,1.60629,1.60578,1.60628,47000000,1
1290683760000,1290683819000,1.60629,1.60676,1.60629,1.60671,59400000,1
1290683820000,1290683879000,1.6067,1.60677,1.60644,1.60673,74600000,1
1290683880000,1290683939000,1.60676,1.60676,1.60653,1.60666,47400000,1
1290683940000,1290683999000,1.60669,1.60753,1.60657,1.60722,85900000,1
1290684000000,1290684059000,1.60723,1.60745,1.60685,1.60695,83900000,1
1290684060000,1290684119000,1.60701,1.60702,1.60659,1.60701,68100000,1
1290684120000,1290684179000,1.60705,1.60729,1.60682,1.60713,58500000,1
1290684180000,1290684239000,1.607,1.60725,1.60672,1.60683,73900000,1
1290684240000,1290684299000,1.60692,1.60692,1.60634,1.60634,62900000,1
1290684300000,1290684359000,1.60643,1.60675,1.60634,1.60642,66200000,1
1290684360000,1290684419000,1.6065,1.60659,1.60522,1.60553,85700000,1
1290684420000,1290684479000,1.60568,1.60574,1.60534,1.60535,44500000,1
1290684480000,1290684539000,1.60535,1.6058,1.60535,1.60552,47100000,1
1290684540000,1290684599000,1.60563,1.60575,1.60511,1.60512,107900000,1
1290684600000,1290684659000,1.60512,1.60564,1.60512,1.60564,67400000,1
1290684660000,1290684719000,1.60564,1.60643,1.60564,1.60643,77300000,1
1290684720000,1290684779000,1.6064,1.60648,1.6062,1.60641,61000000,1
1290684780000,1290684839000,1.6063,1.6065,1.60604,1.60623,77600000,1
1290684840000,1290684899000,1.60623,1.60648,1.60613,1.60622,102800000,1
1290684900000,1290684959000,1.60622,1.60638,1.60608,1.60608,65200000,1
1290684960000,1290685019000,1.60623,1.60648,1.60603,1.60636,73700000,1
1290685020000,1290685079000,1.60641,1.60641,1.60554,1.60554,45200000,1
1290685080000,1290685139000,1.60554,1.60576,1.60554,1.60554,40700000,1
1290685140000,1290685199000,1.60555,1.60586,1.60533,1.60547,61900000,1
1290685200000,1290685259000,1.60551,1.60573,1.60522,1.6053,85000000,1
1290685260000,1290685319000,1.60537,1.6057,1.60521,1.60521,46400000,1
1290685320000,1290685379000,1.60521,1.60536,1.6049,1.6049,96900000,1
1290685380000,1290685439000,1.60496,1.60532,1.60496,1.60521,37600000,1
1290685440000,1290685499000,1.60521,1.60525,1.60507,1.60523,47400000,1
1290685500000,1290685559000,1.60526,1.60544,1.60496,1.60515,98100000,1
1290685560000,1290685619000,1.60503,1.60536,1.60502,1.60531,47400000,1
1290685620000,1290685679000,1.60521,1.60549,1.60518,1.60541,51400000,1
1290685680000,1290685739000,1.60537,1.60548,1.6053,1.60542,45100000,1
1290685740000,1290685799000,1.60542,1.60551,1.60525,1.60534,39200000,1
1290685800000,1290685859000,1.60534,1.60553,1.60528,1.60547,42500000,1
1290685860000,1290685919000,1.60556,1.60599,1.60552,1.60579,58800000,1
1290685920000,1290685979000,1.60579,1.60579,1.60534,1.60556,49100000,1
1290685980000,1290686039000,1.60556,1.60556,1.6051,1.6051,38300000,1
1290686040000,1290686099000,1.60513,1.60579,1.60513,1.60523,74600000,1
1290686100000,1290686159000,1.60525,1.60544,1.60497,1.6051,73400000,1
1290686160000,1290686219000,1.6051,1.6051,1.60479,1.60482,22400000,1
1290686220000,1290686279000,1.60482,1.60485,1.60465,1.60473,54500000,1
1290686280000,1290686339000,1.60473,1.60484,1.60471,1.60479,53500000,1
1290686340000,1290686399000,1.60482,1.60527,1.60482,1.60527,58700000,1
1290686400000,1290686459000,1.60529,1.60539,1.60488,1.60509,65600000,1
1290686460000,1290686519000,1.60509,1.60509,1.60458,1.60499,67600000,1
1290686520000,1290686579000,1.60498,1.60504,1.60474,1.60474,106500000,1
1290686580000,1290686639000,1.60474,1.605,1.60474,1.60496,37300000,1
1290686640000,1290686699000,1.60496,1.60496,1.60457,1.6048,82300000,1
1290686700000,1290686759000,1.60478,1.60499,1.6047,1.60483,59500000,1
1290686760000,1290686819000,1.60496,1.60505,1.60475,1.60504,85800000,1
1290686820000,1290686879000,1.60523,1.60543,1.60505,1.60534,86500000,1
1290686880000,1290686939000,1.60534,1.60561,1.60534,1.6055,64700000,1
1290686940000,1290686999000,1.60558,1.60574,1.60545,1.60559,102200000,1
1290687000000,1290687059000,1.6056,1.60571,1.60515,1.60528,86600000,1
1290687060000,1290687119000,1.60528,1.60546,1.60517,1.60519,66300000,1
1290687120000,1290687179000,1.60517,1.60526,1.60469,1.60479,94700000,1
1290687180000,1290687239000,1.60476,1.60504,1.60476,1.60504,93800000,1
1290687240000,1290687299000,1.60504,1.60596,1.60504,1.60554,141700000,1
1290687300000,1290687359000,1.60553,1.6056,1.60518,1.60541,86500000,1
1290687360000,1290687419000,1.60534,1.60578,1.60519,1.60574,93600000,1
1290687420000,1290687479000,1.60572,1.60613,1.60554,1.60609,68000000,1
1290687480000,1290687539000,1.60609,1.60617,1.60588,1.60591,53000000,1
1290687540000,1290687599000,1.606,1.60602,1.60566,1.60586,55800000,1
1290687600000,1290687659000,1.60579,1.60587,1.60551,1.60551,63000000,1
1290687660000,1290687719000,1.60559,1.60568,1.60518,1.60539,76400000,1
1290687720000,1290687779000,1.60539,1.60566,1.60527,1.60547,58300000,1
1290687780000,1290687839000,1.60531,1.60544,1.60517,1.60539,53000000,1
1290687840000,1290687899000,1.60539,1.60579,1.60531,1.60531,72700000,1
1290687900000,1290687959000,1.60525,1.60543,1.60504,1.60504,73700000,1
1290687960000,1290688019000,1.60505,1.60574,1.60504,1.60559,82100000,1
1290688020000,1290688079000,1.60558,1.60558,1.60508,1.60517,46000000,1
1290688080000,1290688139000,1.6052,1.60544,1.6052,1.60529,58400000,1
1290688140000,1290688199000,1.60529,1.60532,1.60517,1.6052,38100000,1
1290688200000,1290688259000,1.60527,1.60529,1.60479,1.60504,46800000,1
1290688260000,1290688319000,1.60504,1.60504,1.6049,1.60498,28100000,1
1290688320000,1290688379000,1.60493,1.60533,1.60486,1.60523,84100000,1
1290688380000,1290688439000,1.60514,1.60569,1.6051,1.60562,96300000,1
1290688440000,1290688499000,1.60554,1.60594,1.60553,1.60578,51900000,1
1290688500000,1290688559000,1.60578,1.60596,1.60569,1.60596,29700000,1
1290688560000,1290688619000,1.60611,1.60611,1.60563,1.60599,45100000,1
1290688620000,1290688679000,1.60619,1.60619,1.60565,1.60569,65400000,1
1290688680000,1290688739000,1.60569,1.6058,1.60523,1.60552,79300000,1
1290688740000,1290688799000,1.60559,1.60634,1.60559,1.60629,68000000,1
1290688800000,1290688859000,1.60635,1.60644,1.60623,1.60631,56700000,1
1290688860000,1290688919000,1.60641,1.60649,1.60633,1.60633,41400000,1
1290688920000,1290688979000,1.60634,1.60683,1.60634,1.60683,49300000,1
1290688980000,1290689039000,1.60684,1.60689,1.60661,1.60667,60100000,1
1290689040000,1290689099000,1.6066,1.60713,1.6066,1.60713,76300000,1
1290689100000,1290689159000,1.60708,1.60725,1.60708,1.60721,51100000,1
1290689160000,1290689219000,1.60722,1.60744,1.60714,1.60731,51200000,1
1290689220000,1290689279000,1.60735,1.60751,1.60716,1.60751,54900000,1
1290689280000,1290689339000,1.60746,1.60766,1.60734,1.60747,34600000,1
1290689340000,1290689399000,1.60748,1.60748,1.607,1.607,29400000,1
1290689400000,1290689459000,1.607,1.60713,1.6069,1.60705,55900000,1
1290689460000,1290689519000,1.60704,1.60719,1.60682,1.60682,57600000,1
1290689520000,1290689579000,1.60681,1.60681,1.60655,1.60669,28900000,1
1290689580000,1290689639000,1.60669,1.60687,1.60595,1.60595,59700000,1
1290689640000,1290689699000,1.60603,1.60652,1.60602,1.60644,90700000,1
1290689700000,1290689759000,1.60644,1.60654,1.60617,1.60617,77500000,1
1290689760000,1290689819000,1.60625,1.60638,1.60578,1.60625,57200000,1
1290689820000,1290689879000,1.60622,1.60628,1.6062,1.60628,43200000,1
1290689880000,1290689939000,1.606,1.6067,1.60588,1.60646,65300000,1
1290689940000,1290689999000,1.6068,1.6068,1.60633,1.60662,66300000,1
1290690000000,1290690059000,1.60639,1.60665,1.60616,1.60648,121300000,1
1290690060000,1290690119000,1.60638,1.60665,1.60607,1.60654,141800000,1
1290690120000,1290690179000,1.60645,1.60685,1.60627,1.60675,146100000,1
1290690180000,1290690239000,1.60663,1.60716,1.60645,1.60681,90600000,1
1290690240000,1290690299000,1.60712,1.6072,1.60655,1.60687,147700000,1
1290690300000,1290690359000,1.607,1.60731,1.60674,1.60717,94300000,1
1290690360000,1290690419000,1.60707,1.60767,1.60697,1.60746,98300000,1
1290690420000,1290690479000,1.6074,1.60774,1.60707,1.60769,121300000,1
1290690480000,1290690539000,1.60771,1.60772,1.60712,1.60735,100500000,1
1290690540000,1290690599000,1.60733,1.60754,1.60691,1.60736,80000000,1
1290690600000,1290690659000,1.60723,1.60757,1.60707,1.60738,87900000,1
1290690660000,1290690719000,1.60724,1.60736,1.60685,1.60685,103500000,1
1290690720000,1290690779000,1.60742,1.60742,1.60742,1.60742,11700000,1
1290690780000,1290690839000,1.60743,1.60744,1.60706,1.60706,56300000,1
1290690840000,1290690899000,1.6071,1.60715,1.60552,1.60558,119100000,1
1290690900000,1290690959000,1.6056,1.60642,1.6056,1.60602,141000000,1
1290690960000,1290691019000,1.606,1.60601,1.60583,1.60596,45600000,1
1290691020000,1290691079000,1.60597,1.6061,1.60594,1.60604,61200000,1
1290691080000,1290691139000,1.60602,1.60611,1.60579,1.60582,55000000,1
1290691140000,1290691199000,1.60577,1.60585,1.60568,1.60572,81300000,1
1290691200000,1290691259000,1.60576,1.60577,1.60518,1.60518,63500000,1
1290691260000,1290691319000,1.60526,1.60526,1.60489,1.60513,78300000,1
1290691320000,1290691379000,1.60513,1.60517,1.60488,1.60489,77300000,1
1290691380000,1290691439000,1.6049,1.60496,1.60478,1.60493,54500000,1
1290691440000,1290691499000,1.60493,1.60504,1.60483,1.60496,53800000,1
1290691500000,1290691559000,1.60498,1.60498,1.60488,1.60493,11100000,1
1290691560000,1290691619000,1.60486,1.60486,1.60484,1.60485,13400000,1
1290691620000,1290691679000,1.60481,1.60502,1.60478,1.60502,60900000,1
1290691680000,1290691739000,1.60512,1.60541,1.60512,1.60541,48900000,1
1290691740000,1290691799000,1.60539,1.60539,1.60509,1.60519,44400000,1
1290691800000,1290691859000,1.60527,1.6056,1.60521,1.60548,83700000,1
1290691860000,1290691919000,1.6055,1.6058,1.60544,1.60576,63400000,1
1290691920000,1290691979000,1.60576,1.60628,1.60568,1.60627,112800000,1
1290691980000,1290692039000,1.60626,1.60666,1.60626,1.60649,103500000,1
1290692040000,1290692099000,1.60646,1.60668,1.60637,1.60663,73700000,1
1290692100000,1290692159000,1.60665,1.60673,1.60658,1.60671,57200000,1
1290692160000,1290692219000,1.60675,1.60675,1.60642,1.60647,32000000,1
1290692220000,1290692279000,1.60605,1.60615,1.6055,1.60584,177900000,1
1290692280000,1290692339000,1.60591,1.6062,1.60553,1.60553,115500000,1
1290692340000,1290692399000,1.60573,1.60593,1.60555,1.60591,173000000,1
1290692400000,1290692459000,1.60582,1.60638,1.60562,1.60638,177200000,1
1290692460000,1290692519000,1.60672,1.60672,1.60643,1.60672,29900000,1
1290692520000,1290692579000,1.60667,1.60676,1.60641,1.60664,73500000,1
1290692580000,1290692639000,1.60664,1.60741,1.60664,1.60717,58200000,1
1290692640000,1290692699000,1.60717,1.60748,1.60704,1.60731,60300000,1
1290692700000,1290692759000,1.60731,1.60756,1.6072,1.6072,57000000,1
1290692760000,1290692819000,1.60728,1.60756,1.60714,1.60741,75900000,1
1290692820000,1290692879000,1.60737,1.60756,1.60724,1.60724,58500000,1
1290692880000,1290692939000,1.60722,1.60767,1.60709,1.60731,68700000,1
1290692940000,1290692999000,1.60733,1.60758,1.60717,1.60737,66300000,1
1290693000000,1290693059000,1.60743,1.60747,1.60708,1.60725,55100000,1
1290693060000,1290693119000,1.60725,1.60802,1.60725,1.60796,51500000,1
1290693120000,1290693179000,1.60797,1.60828,1.6075,1.6077,107800000,1
1290693180000,1290693239000,1.6077,1.60777,1.60762,1.60771,43500000,1
1290693240000,1290693299000,1.60762,1.60777,1.60735,1.60741,75200000,1
1290693300000,1290693359000,1.60734,1.60734,1.60695,1.60695,88100000,1
1290693360000,1290693419000,1.60695,1.60742,1.60695,1.60734,89300000,1
1290693420000,1290693479000,1.60727,1.60728,1.60669,1.60701,81600000,1
1290693480000,1290693539000,1.60701,1.60748,1.60699,1.6071,82600000,1
1290693540000,1290693599000,1.6071,1.60716,1.60681,1.60716,67900000,1
1290693600000,1290693659000,1.60723,1.60755,1.60716,1.60755,64300000,1
1290693660000,1290693719000,1.60758,1.60769,1.60731,1.60769,56400000,1
1290693720000,1290693779000,1.60778,1.60792,1.60755,1.60789,114500000,1
1290693780000,1290693839000,1.60792,1.608,1.60788,1.60788,45000000,1
1290693840000,1290693899000,1.60797,1.60802,1.60773,1.60802,69900000,1
1290693900000,1290693959000,1.60802,1.60809,1.60801,1.60808,40200000,1
1290693960000,1290694019000,1.60808,1.6084,1.60808,1.6082,82800000,1
1290694020000,1290694079000,1.60822,1.60837,1.60809,1.60826,74200000,1
1290694080000,1290694139000,1.60826,1.60833,1.60807,1.60813,73800000,1
1290694140000,1290694199000,1.60817,1.60822,1.60788,1.60788,88100000,1
1290694200000,1290694259000,1.60788,1.60819,1.60772,1.60772,81500000,1
1290694260000,1290694319000,1.60778,1.60823,1.60778,1.60801,50800000,1
1290694320000,1290694379000,1.60799,1.60837,1.60784,1.60784,109200000,1
1290694380000,1290694439000,1.60784,1.60814,1.60761,1.60761,74100000,1
1290694440000,1290694499000,1.60761,1.60769,1.6073,1.60751,82700000,1
1290694500000,1290694559000,1.60758,1.60806,1.60756,1.60769,87900000,1
1290694560000,1290694619000,1.60753,1.60769,1.60753,1.60754,62800000,1
1290694620000,1290694679000,1.60749,1.60819,1.60739,1.60812,97700000,1
1290694680000,1290694739000,1.60813,1.6083,1.60813,1.60825,81500000,1
1290694740000,1290694799000,1.60825,1.60849,1.60825,1.60849,138700000,1
1290694800000,1290694859000,1.60851,1.60854,1.60824,1.60834,96400000,1
1290694860000,1290694919000,1.60831,1.60915,1.60831,1.60868,107200000,1
1290694920000,1290694979000,1.60888,1.60906,1.60875,1.60887,84300000,1
1290694980000,1290695039000,1.60887,1.60918,1.60878,1.60885,86600000,1
1290695040000,1290695099000,1.6088,1.60914,1.60866,1.60879,91000000,1
1290695100000,1290695159000,1.60887,1.60892,1.60823,1.60823,85300000,1
1290695160000,1290695219000,1.60831,1.60831,1.6081,1.60818,74400000,1
1290695220000,1290695279000,1.60818,1.60827,1.6081,1.60819,50800000,1
1290695280000,1290695339000,1.60824,1.60855,1.60821,1.60839,66500000,1
1290695340000,1290695399000,1.60839,1.60876,1.60839,1.60867,68700000,1
1290695400000,1290695459000,1.60868,1.60888,1.60853,1.60871,58300000,1
1290695460000,1290695519000,1.60869,1.60879,1.60833,1.60848,84400000,1
1290695520000,1290695579000,1.60848,1.60883,1.60848,1.60853,105300000,1
1290695580000,1290695639000,1.60853,1.60868,1.60826,1.60834,90100000,1
1290695640000,1290695699000,1.60834,1.60841,1.60827,1.60838,44700000,1
1290695700000,1290695759000,1.60835,1.60839,1.60823,1.60823,52300000,1
1290695760000,1290695819000,1.60823,1.60823,1.608,1.60817,36400000,1
1290695820000,1290695879000,1.60817,1.60817,1.60788,1.60788,65500000,1
1290695880000,1290695939000,1.60795,1.60807,1.60745,1.60779,59600000,1
1290695940000,1290695999000,1.6078,1.60795,1.60773,1.60774,64000000,1
1290696000000,1290696059000,1.60774,1.60793,1.60774,1.60787,55200000,1
1290696060000,1290696119000,1.6079,1.6084,1.6079,1.6084,33300000,1
1290696120000,1290696179000,1.6084,1.60841,1.60818,1.60818,33300000,1
1290696180000,1290696239000,1.60823,1.60825,1.60815,1.60823,53700000,1
1290696240000,1290696299000,1.60825,1.60855,1.60825,1.60836,51200000,1
1290696300000,1290696359000,1.6084,1.60847,1.60749,1.60749,97100000,1
1290696360000,1290696419000,1.60753,1.60773,1.60747,1.60757,67200000,1
1290696420000,1290696479000,1.60749,1.60852,1.60749,1.6085,84900000,1
1290696480000,1290696539000,1.60854,1.60864,1.60802,1.60845,76400000,1
1290696540000,1290696599000,1.6084,1.60864,1.60839,1.60859,29900000,1
1290696600000,1290696659000,1.60859,1.60893,1.60859,1.60865,54300000,1
1290696660000,1290696719000,1.60875,1.60885,1.60843,1.60857,83700000,1
1290696720000,1290696779000,1.6086,1.60862,1.60854,1.60862,20600000,1
1290696780000,1290696839000,1.60858,1.60873,1.60853,1.60873,87400000,1
1290696840000,1290696899000,1.60873,1.60878,1.60825,1.60838,77900000,1
1290696900000,1290696959000,1.60841,1.60845,1.60816,1.60819,65900000,1
1290696960000,1290697019000,1.60819,1.60842,1.60811,1.60839,69600000,1
1290697020000,1290697079000,1.60842,1.6091,1.60842,1.60903,80100000,1
1290697080000,1290697139000,1.60903,1.60935,1.60902,1.60935,76400000,1
1290697140000,1290697199000,1.60936,1.60965,1.60918,1.60953,102800000,1
1290697200000,1290697259000,1.60934,1.60949,1.60894,1.60913,131600000,1
1290697260000,1290697319000,1.60915,1.60915,1.60842,1.60842,94700000,1
1290697320000,1290697379000,1.60842,1.60853,1.6082,1.60843,71200000,1
1290697380000,1290697439000,1.60843,1.60851,1.60839,1.60839,29800000,1
1290697440000,1290697499000,1.60839,1.60842,1.60815,1.60815,32800000,1
1290697500000,1290697559000,1.60813,1.60818,1.60777,1.60785,88400000,1
1290697560000,1290697619000,1.60793,1.60812,1.60785,1.60793,47900000,1
1290697620000,1290697679000,1.60793,1.60806,1.60765,1.60779,58700000,1
1290697680000,1290697739000,1.60778,1.6079,1.60766,1.60781,73900000,1
1290697740000,1290697799000,1.60781,1.60822,1.60774,1.6082,66600000,1
1290697800000,1290697859000,1.6082,1.60827,1.60797,1.60818,87000000,1
1290697860000,1290697919000,1.60818,1.60833,1.60803,1.60813,86900000,1
1290697920000,1290697979000,1.60812,1.60858,1.60793,1.60795,83100000,1
1290697980000,1290698039000,1.60805,1.60814,1.6078,1.60791,67800000,1
1290698040000,1290698099000,1.6078,1.60788,1.60723,1.60723,100600000,1
1290698100000,1290698159000,1.60728,1.60773,1.60728,1.60756,76200000,1
1290698160000,1290698219000,1.60756,1.60756,1.60725,1.60749,127200000,1
1290698220000,1290698279000,1.60752,1.60802,1.60701,1.60708,127100000,1
1290698280000,1290698339000,1.60706,1.60722,1.60641,1.60668,132000000,1
1290698340000,1290698399000,1.60669,1.60689,1.6063,1.60683,76400000,1
1290698400000,1290698459000,1.60683,1.60683,1.60642,1.60678,61500000,1
1290698460000,1290698519000,1.60661,1.60715,1.60653,1.6066,94100000,1
1290698520000,1290698579000,1.6066,1.60663,1.60598,1.60616,121100000,1
1290698580000,1290698639000,1.60616,1.60624,1.60599,1.60608,80700000,1
1290698640000,1290698699000,1.60608,1.60608,1.60519,1.60519,118700000,1
1290698700000,1290698759000,1.60533,1.60565,1.60527,1.60527,126800000,1
1290698760000,1290698819000,1.60531,1.60531,1.60507,1.60517,87900000,1
1290698820000,1290698879000,1.60516,1.60529,1.60501,1.60507,29200000,1
1290698880000,1290698939000,1.60507,1.60547,1.60499,1.6052,136100000,1
1290698940000,1290698999000,1.6052,1.60543,1.60486,1.60519,151700000,1
1290699000000,1290699059000,1.60519,1.60533,1.60478,1.60521,99700000,1
1290699060000,1290699119000,1.60527,1.60534,1.60484,1.60515,102900000,1
1290699120000,1290699179000,1.60504,1.60545,1.60488,1.60493,105000000,1
1290699180000,1290699239000,1.60495,1.60514,1.60459,1.60459,118900000,1
1290699240000,1290699299000,1.60459,1.60471,1.60426,1.60457,86800000,1
1290699300000,1290699359000,1.60457,1.60465,1.60453,1.60455,39700000,1
1290699360000,1290699419000,1.6046,1.60482,1.60455,1.60482,58600000,1
1290699420000,1290699479000,1.60481,1.60517,1.6048,1.60512,117700000,1
1290699480000,1290699539000,1.60516,1.60542,1.60507,1.60536,99200000,1
1290699540000,1290699599000,1.60534,1.60534,1.60513,1.6052,64200000,1
1290699600000,1290699659000,1.6052,1.60554,1.6052,1.60553,98000000,1
1290699660000,1290699719000,1.60552,1.60567,1.60533,1.60541,152500000,1
1290699720000,1290699779000,1.60523,1.60587,1.60515,1.60586,124100000,1
1290699780000,1290699839000,1.60583,1.60598,1.60577,1.60594,158800000,1
1290699840000,1290699899000,1.60596,1.606,1.60584,1.6059,125000000,1
1290699900000,1290699959000,1.60583,1.60607,1.60582,1.606,123800000,1
1290699960000,1290700019000,1.60604,1.60661,1.60604,1.60661,157200000,1
1290700020000,1290700079000,1.60664,1.60735,1.60664,1.60727,180800000,1
1290700080000,1290700139000,1.60722,1.60722,1.60691,1.60704,206600000,1
1290700140000,1290700199000,1.60704,1.60824,1.60704,1.60787,208900000,1
1290700200000,1290700259000,1.60792,1.60793,1.60743,1.60748,121600000,1
1290700260000,1290700319000,1.60748,1.60802,1.60735,1.60789,143600000,1
1290700320000,1290700379000,1.60789,1.60799,1.60738,1.60756,112700000,1
1290700380000,1290700439000,1.60755,1.60803,1.60755,1.60779,186600000,1
1290700440000,1290700499000,1.60779,1.60781,1.60755,1.60755,92000000,1
1290700500000,1290700559000,1.60758,1.60762,1.60714,1.60734,140500000,1
1290700560000,1290700619000,1.60732,1.60741,1.60666,1.60671,184200000,1
1290700620000,1290700679000,1.60671,1.60683,1.60624,1.60648,142900000,1
1290700680000,1290700739000,1.60648,1.60694,1.60648,1.60664,118300000,1
1290700740000,1290700799000,1.60672,1.60697,1.60519,1.60519,239400000,1
1290700800000,1290700859000,1.60517,1.60555,1.60448,1.60551,279900000,1
1290700860000,1290700919000,1.60557,1.60602,1.60553,1.60589,175800000,1
1290700920000,1290700979000,1.6059,1.60616,1.6055,1.60604,121300000,1
1290700980000,1290701039000,1.60599,1.60655,1.60598,1.60649,147300000,1
1290701040000,1290701099000,1.6065,1.60662,1.60625,1.60655,114100000,1
1290701100000,1290701159000,1.60652,1.60668,1.60623,1.60656,95600000,1
1290701160000,1290701219000,1.60653,1.60688,1.60653,1.60682,70000000,1
1290701220000,1290701279000,1.60675,1.60715,1.60664,1.60687,96900000,1
1290701280000,1290701339000,1.60691,1.60694,1.60686,1.60687,52500000,1
1290701340000,1290701399000,1.60687,1.60694,1.60644,1.60656,109900000,1
1290701400000,1290701459000,1.60651,1.6067,1.60635,1.60644,128600000,1
1290701460000,1290701519000,1.60644,1.60646,1.60624,1.60643,142800000,1
1290701520000,1290701579000,1.60652,1.60655,1.60627,1.60649,78600000,1
1290701580000,1290701639000,1.6065,1.60652,1.6063,1.6065,82300000,1
1290701640000,1290701699000,1.6065,1.60663,1.6065,1.60651,39600000,1
1290701700000,1290701759000,1.60653,1.60656,1.6064,1.6064,59300000,1
1290701760000,1290701819000,1.60639,1.60657,1.60588,1.60637,74200000,1
1290701820000,1290701879000,1.60637,1.60637,1.60557,1.60569,94800000,1
1290701880000,1290701939000,1.60569,1.60578,1.60552,1.60552,44100000,1
1290701940000,1290701999000,1.60552,1.60562,1.60536,1.60536,56400000,1
1290702000000,1290702059000,1.60536,1.60578,1.60501,1.60569,68200000,1
1290702060000,1290702119000,1.60569,1.60572,1.60505,1.60505,47500000,1
1290702120000,1290702179000,1.60505,1.60537,1.60505,1.60519,41000000,1
1290702180000,1290702239000,1.60525,1.60525,1.60511,1.60518,31400000,1
1290702240000,1290702299000,1.60512,1.60524,1.60498,1.60509,42400000,1
1290702300000,1290702359000,1.60499,1.60519,1.60494,1.60498,59700000,1
1290702360000,1290702419000,1.60496,1.60508,1.60488,1.605,57700000,1
1290702420000,1290702479000,1.60484,1.60536,1.60484,1.60536,65300000,1
1290702480000,1290702539000,1.60538,1.60571,1.60537,1.60566,47400000,1
1290702540000,1290702599000,1.60563,1.606,1.60563,1.606,38100000,1
1290702600000,1290702659000,1.60602,1.60649,1.60534,1.60534,106500000,1
1290702660000,1290702719000,1.60546,1.60554,1.60543,1.60546,69300000,1
1290702720000,1290702779000,1.60546,1.60577,1.60546,1.60577,53500000,1
1290702780000,1290702839000,1.60577,1.60585,1.60566,1.60566,49500000,1
1290702840000,1290702899000,1.60567,1.60593,1.60567,1.60587,38100000,1
1290702900000,1290702959000,1.60593,1.60593,1.60566,1.6059,52900000,1
1290702960000,1290703019000,1.60587,1.60639,1.60582,1.60632,86200000,1
1290703020000,1290703079000,1.60632,1.60638,1.60614,1.60632,116200000,1
1290703080000,1290703139000,1.60632,1.60691,1.60632,1.60673,105700000,1
1290703140000,1290703199000,1.60687,1.60695,1.60651,1.60651,96800000,1
1290703200000,1290703259000,1.6066,1.6066,1.60602,1.60607,88500000,1
1290703260000,1290703319000,1.60607,1.60665,1.60607,1.60636,95500000,1
1290703320000,1290703379000,1.60624,1.60676,1.60624,1.60676,117300000,1
1290703380000,1290703439000,1.60674,1.60674,1.60646,1.60662,90600000,1
1290703440000,1290703499000,1.60665,1.60691,1.60665,1.60681,73500000,1
1290703500000,1290703559000,1.60681,1.60686,1.60669,1.60681,40200000,1
1290703560000,1290703619000,1.60681,1.60722,1.6066,1.60688,47100000,1
1290703620000,1290703679000,1.60688,1.607,1.60673,1.60677,46300000,1
1290703680000,1290703739000,1.60677,1.60701,1.60669,1.60701,106300000,1
1290703740000,1290703799000,1.60701,1.60703,1.60686,1.60686,90700000,1
1290703800000,1290703859000,1.60686,1.60747,1.60686,1.60739,93400000,1
1290703860000,1290703919000,1.60738,1.60769,1.60731,1.60769,63200000,1
1290703920000,1290703979000,1.6076,1.60769,1.60695,1.60695,110100000,1
1290703980000,1290704039000,1.60695,1.60701,1.60671,1.60671,57700000,1
1290704040000,1290704099000,1.60677,1.60699,1.60667,1.60699,78100000,1
1290704100000,1290704159000,1.60687,1.60707,1.60686,1.60707,53400000,1
1290704160000,1290704219000,1.60706,1.60714,1.60688,1.60703,52600000,1
1290704220000,1290704279000,1.60699,1.60716,1.60691,1.60705,50800000,1
1290704280000,1290704339000,1.60705,1.60711,1.607,1.60711,52400000,1
1290704340000,1290704399000,1.60711,1.60781,1.60702,1.60734,95700000,1
1290704400000,1290704459000,1.60734,1.60794,1.60734,1.60781,135900000,1
1290704460000,1290704519000,1.60774,1.608,1.6074,1.60782,135900000,1
1290704520000,1290704579000,1.60809,1.60819,1.60751,1.6077,157800000,1
1290704580000,1290704639000,1.60771,1.60775,1.60737,1.60751,112800000,1
1290704640000,1290704699000,1.60743,1.60805,1.60743,1.60805,66900000,1
1290704700000,1290704759000,1.60805,1.60814,1.60788,1.60791,94900000,1
1290704760000,1290704819000,1.6079,1.60802,1.60779,1.60802,49900000,1
1290704820000,1290704879000,1.60802,1.60803,1.60751,1.60767,65700000,1
1290704880000,1290704939000,1.60767,1.60767,1.60754,1.60754,37900000,1
1290704940000,1290704999000,1.60751,1.60759,1.60727,1.60735,96100000,1
1290705000000,1290705059000,1.60735,1.60736,1.60731,1.60736,31600000,1
1290705060000,1290705119000,1.60735,1.60735,1.60727,1.60731,55500000,1
1290705120000,1290705179000,1.60731,1.60731,1.60726,1.60727,28500000,1
1290705180000,1290705239000,1.60727,1.60731,1.60721,1.60726,26800000,1
1290705240000,1290705299000,1.60715,1.60727,1.60694,1.6071,44500000,1
1290705300000,1290705359000,1.6071,1.60719,1.6071,1.60711,40400000,1
1290705360000,1290705419000,1.60711,1.60712,1.60704,1.60708,30500000,1
1290705420000,1290705479000,1.60707,1.60712,1.607,1.60702,33200000,1
1290705480000,1290705539000,1.60716,1.60732,1.60716,1.60732,19400000,1
1290705540000,1290705599000,1.60727,1.60728,1.60706,1.60714,35800000,1
1290705600000,1290705659000,1.60714,1.60721,1.6071,1.60717,40600000,1
1290705660000,1290705719000,1.60722,1.60723,1.60717,1.60718,10000000,1
1290705720000,1290705779000,1.60721,1.60727,1.60721,1.60727,23600000,1
1290705780000,1290705839000,1.60723,1.60726,1.60722,1.60722,49100000,1
1290705840000,1290705899000,1.60722,1.60728,1.60722,1.60722,13100000,1
1290705900000,1290705959000,1.60736,1.60736,1.60697,1.60714,36900000,1
1290705960000,1290706019000,1.60722,1.60728,1.60698,1.60713,19400000,1
1290706020000,1290706079000,1.60713,1.60713,1.6067,1.6067,23400000,1
1290706080000,1290706139000,1.60665,1.60665,1.60665,1.60665,8300000,1
1290706140000,1290706199000,1.60664,1.60665,1.60644,1.60665,36600000,1
1290706200000,1290706259000,1.60665,1.60696,1.60622,1.60696,62000000,1
1290706260000,1290706319000,1.60706,1.60717,1.60664,1.60666,49400000,1
1290706320000,1290706379000,1.60672,1.60675,1.60662,1.60662,8800000,1
1290706380000,1290706439000,1.60662,1.60671,1.60625,1.60647,25300000,1
1290706440000,1290706499000,1.60647,1.60647,1.60599,1.60624,44900000,1
1290706500000,1290706559000,1.60628,1.60692,1.60628,1.60692,62700000,1
1290706560000,1290706619000,1.60692,1.60693,1.60687,1.60687,9300000,1
1290706620000,1290706679000,1.60678,1.607,1.6067,1.60693,15400000,1
1290706680000,1290706739000,1.60698,1.60698,1.60693,1.60693,5200000,1
1290706740000,1290706799000,1.60699,1.60699,1.60688,1.60697,4100000,1
1290706800000,1290706859000,1.60682,1.607,1.60677,1.607,20200000,1
1290706860000,1290706919000,1.60702,1.60711,1.60701,1.60707,26700000,1
1290706920000,1290706979000,1.60705,1.60705,1.60662,1.60687,62400000,1
1290706980000,1290707039000,1.60678,1.60683,1.60651,1.60664,42900000,1
1290707040000,1290707099000,1.60672,1.60691,1.60672,1.60691,41100000,1
1290707100000,1290707159000,1.60691,1.60698,1.60664,1.60668,28300000,1
1290707160000,1290707219000,1.60652,1.60682,1.60652,1.60673,46300000,1
1290707220000,1290707279000,1.60677,1.60677,1.60673,1.60673,5400000,1
1290707280000,1290707339000,1.60673,1.60673,1.60673,1.60673,1500000,1
1290707340000,1290707399000,1.60673,1.60712,1.60673,1.60702,60300000,1
1290707400000,1290707459000,1.607,1.60707,1.60699,1.60702,18700000,1
1290707460000,1290707519000,1.60701,1.60702,1.60686,1.60701,10800000,1
1290707520000,1290707579000,1.60701,1.60701,1.607,1.607,12300000,1
1290707580000,1290707639000,1.60714,1.60738,1.60714,1.60735,15100000,1
1290707640000,1290707699000,1.60725,1.60725,1.60714,1.6072,10500000,1
1290707700000,1290707759000,1.60718,1.60743,1.60712,1.60719,57500000,1
1290707760000,1290707819000,1.60719,1.60726,1.60719,1.60726,15200000,1
1290707820000,1290707879000,1.60726,1.60726,1.60726,1.60726,3000000,1
1290707880000,1290707939000,1.60726,1.60732,1.60721,1.60726,21300000,1
1290707940000,1290707999000,1.60721,1.60739,1.60712,1.60739,43400000,1
1290708000000,1290708059000,1.60733,1.60733,1.60712,1.6072,33600000,1
1290708060000,1290708119000,1.60721,1.60721,1.60721,1.60721,5700000,1
1290708120000,1290708179000,1.60721,1.60721,1.60713,1.60713,3200000,1
1290708180000,1290708239000,1.6071,1.6071,1.60694,1.60701,25300000,1
1290708240000,1290708299000,1.60701,1.60701,1.60663,1.60663,25900000,1
1290708300000,1290708359000,1.60663,1.60672,1.60663,1.60664,28500000,1
1290708360000,1290708419000,1.60673,1.60673,1.60671,1.60671,11300000,1
1290708420000,1290708479000,1.60671,1.60678,1.60671,1.60678,9200000,1
1290708480000,1290708539000,1.60671,1.60671,1.60637,1.60637,12300000,1
1290708540000,1290708599000,1.6063,1.60632,1.60607,1.60607,15500000,1
1290708600000,1290708659000,1.60609,1.60618,1.60609,1.60618,18300000,1
1290708660000,1290708719000,1.60618,1.60618,1.60618,1.60618,9200000,1
1290708720000,1290708779000,1.60618,1.60618,1.60607,1.60608,18000000,1
1290708780000,1290708839000,1.60663,1.60663,1.60557,1.60568,35400000,1
1290708840000,1290708899000,1.60568,1.60568,1.60568,1.60568,7500000,1
1290708900000,1290708959000,1.60565,1.60565,1.60534,1.60534,11100000,1
1290708960000,1290709019000,1.60534,1.60534,1.60534,1.60534,22200000,1
1290709020000,1290709079000,1.60534,1.60599,1.60531,1.60584,102800000,1
1290709080000,1290709139000,1.60584,1.60584,1.60584,1.60584,7200000,1
1290709140000,1290709199000,1.60584,1.60637,1.60584,1.60636,11300000,1
1290709200000,1290709259000,1.60636,1.60646,1.60636,1.60646,7800000,1
1290709260000,1290709319000,1.60637,1.60637,1.60637,1.60637,1700000,1
1290709320000,1290709379000,1.60622,1.60622,1.60583,1.60583,14400000,1
1290709380000,1290709439000,1.60591,1.60592,1.60587,1.60592,17000000,1
1290709440000,1290709499000,1.60598,1.60598,1.60598,1.60598,1100000,1
1290709500000,1290709559000,1.60599,1.60599,1.60597,1.60597,11000000,1
1290709560000,1290709619000,1.60588,1.60588,1.60573,1.60579,53900000,1
1290709620000,1290709679000,1.60573,1.60585,1.60573,1.60585,27600000,1
1290709680000,1290709739000,1.60585,1.60585,1.6056,1.6056,19600000,1
1290709740000,1290709799000,1.6056,1.6056,1.60545,1.60557,50500000,1
1290709800000,1290709859000,1.60557,1.60573,1.60557,1.60573,20000000,1
1290709860000,1290709919000,1.60573,1.60573,1.6057,1.6057,3600000,1
1290709920000,1290709979000,1.60567,1.60572,1.6056,1.60572,8200000,1
1290709980000,1290710039000,1.60571,1.60617,1.60571,1.60598,63400000,1
1290710040000,1290710099000,1.60598,1.60617,1.60598,1.60612,19800000,1
1290710100000,1290710159000,1.60621,1.60621,1.60621,1.60621,6800000,1
1290710160000,1290710219000,1.60631,1.6064,1.60613,1.60622,23900000,1
1290710220000,1290710279000,1.60609,1.60614,1.60609,1.60614,31100000,1
1290710280000,1290710339000,1.60602,1.60602,1.60553,1.60596,77400000,1
1290710340000,1290710399000,1.60596,1.606,1.60576,1.60592,101200000,1
1290710400000,1290710459000,1.60593,1.60602,1.60578,1.60581,52700000,1
1290710460000,1290710519000,1.60581,1.60593,1.60558,1.60568,41900000,1
1290710520000,1290710579000,1.60612,1.60612,1.60612,1.60612,1500000,1
1290710580000,1290710639000,1.60611,1.60627,1.60611,1.60627,15700000,1
1290710640000,1290710699000,1.60627,1.60651,1.60627,1.60628,11300000,1
1290710700000,1290710759000,1.60632,1.60632,1.60632,1.60632,1300000,1
1290710760000,1290710819000,1.60629,1.60633,1.60617,1.60617,21100000,1
1290710820000,1290710879000,1.60623,1.60623,1.60623,1.60623,1300000,1
1290710880000,1290710939000,1.60633,1.60658,1.60628,1.60647,25200000,1
1290710940000,1290710999000,1.60643,1.60653,1.60643,1.60652,3800000,1
1290711000000,1290711059000,1.60633,1.60633,1.60633,1.60633,2700000,1
1290711060000,1290711119000,1.60657,1.60657,1.60644,1.60653,16600000,1
1290711120000,1290711179000,1.60647,1.60647,1.60644,1.60644,14900000,1
1290711180000,1290711239000,1.60647,1.60662,1.60647,1.60653,22600000,1
1290711240000,1290711299000,1.60652,1.60657,1.60652,1.60657,9900000,1
1290711300000,1290711359000,1.60657,1.60673,1.60657,1.60668,20100000,1
1290711360000,1290711419000,1.60662,1.60668,1.60662,1.60668,2900000,1
1290711420000,1290711479000,1.60662,1.60667,1.60651,1.60655,17100000,1
1290711480000,1290711539000,1.60655,1.60655,1.60655,1.60655,1500000,1
1290711540000,1290711599000,1.60635,1.6064,1.60617,1.6064,97000000,1
1290711600000,1290711659000,1.60655,1.60655,1.60655,1.60655,3000000,1
1290711660000,1290711719000,1.60651,1.60651,1.60651,1.60651,3300000,1
1290711720000,1290711779000,1.60653,1.60666,1.6065,1.6065,4600000,1
1290711780000,1290711839000,1.60646,1.6065,1.60646,1.6065,6900000,1
1290711840000,1290711899000,1.6065,1.6065,1.60599,1.60613,23400000,1
1290711900000,1290711959000,1.60621,1.60621,1.60615,1.60615,5100000,1
1290711960000,1290712019000,1.60615,1.60615,1.60615,1.60615,1900000,1
1290712020000,1290712079000,1.60615,1.60615,1.60615,1.60615,4200000,1
1290712080000,1290712139000,1.60616,1.60616,1.60616,1.60616,4200000,1
1290712140000,1290712199000,1.60616,1.60616,1.60609,1.60615,12800000,1
1290712200000,1290712259000,1.60558,1.60581,1.60533,1.60566,41100000,1
1290712260000,1290712319000,1.60615,1.60615,1.60609,1.60609,3000000,1
1290712320000,1290712379000,1.60578,1.60607,1.60578,1.60607,17400000,1
1290712380000,1290712439000,1.60609,1.60609,1.60608,1.60609,9000000,1
1290712440000,1290712499000,1.60608,1.60608,1.60571,1.606,23800000,1
1290712500000,1290712559000,1.606,1.606,1.606,1.606,1500000,1
1290712560000,1290712619000,1.606,1.606,1.606,1.606,5600000,1
1290712620000,1290712679000,1.606,1.606,1.606,1.606,7900000,1
1290712680000,1290712739000,1.606,1.60626,1.606,1.60626,56800000,1
1290712740000,1290712799000,1.60618,1.60655,1.60618,1.60655,19900000,1
1290712800000,1290712859000,1.60654,1.60655,1.60612,1.60621,35300000,1
1290712860000,1290712919000,1.60621,1.60621,1.60621,1.60621,12600000,1
1290712920000,1290712979000,1.60621,1.60621,1.60621,1.60621,3000000,1
1290712980000,1290713039000,1.60621,1.60642,1.60621,1.60642,38700000,1
1290713040000,1290713099000,1.60647,1.60648,1.60641,1.60641,8900000,1
1290713100000,1290713159000,1.60641,1.60641,1.60633,1.60633,2700000,1
1290713160000,1290713219000,1.60623,1.60638,1.60623,1.60623,16700000,1
1290713220000,1290713279000,1.60623,1.60623,1.60546,1.60582,34500000,1
1290713280000,1290713339000,1.60582,1.60582,1.60552,1.60558,17700000,1
1290713340000,1290713399000,1.60558,1.60558,1.60522,1.60522,19700000,1
1290713400000,1290713459000,1.6048,1.6048,1.6048,1.6048,1500000,1
1290713460000,1290713519000,1.60479,1.60518,1.60479,1.60518,6400000,1
1290713520000,1290713579000,1.60513,1.60565,1.60429,1.60472,55800000,1
1290713580000,1290713639000,1.6046,1.60462,1.60444,1.60457,32400000,1
1290713640000,1290713699000,1.60425,1.60425,1.60425,1.60425,1500000,1
1290713700000,1290713759000,1.60463,1.6051,1.60463,1.60468,26200000,1
1290713760000,1290713819000,1.60472,1.60507,1.60444,1.60507,46400000,1
1290713820000,1290713879000,1.60507,1.60508,1.60478,1.60508,12400000,1
1290713880000,1290713939000,1.60497,1.60497,1.60467,1.60467,21800000,1
1290713940000,1290713999000,1.60461,1.60518,1.60461,1.60518,22300000,1
1290714000000,1290714059000,1.60518,1.60522,1.60517,1.60517,6100000,1
1290714060000,1290714119000,1.60518,1.60518,1.60478,1.60483,18300000,1
1290714120000,1290714179000,1.60484,1.60484,1.60484,1.60484,6600000,1
1290714180000,1290714239000,1.60547,1.60547,1.60534,1.60534,4500000,1
1290714240000,1290714299000,1.60488,1.60488,1.60488,1.60488,1300000,1
1290714300000,1290714359000,1.60497,1.60532,1.60497,1.60532,8400000,1
1290714360000,1290714419000,1.60532,1.60533,1.60526,1.60526,8300000,1
1290714420000,1290714479000,1.60526,1.60528,1.60522,1.60528,7900000,1
1290714480000,1290714539000,1.60515,1.60515,1.60515,1.60515,4200000,1
1290714540000,1290714599000,1.60515,1.60524,1.60515,1.60524,10700000,1
1290714600000,1290714659000,1.60524,1.60533,1.60522,1.60533,33500000,1
1290714660000,1290714719000,1.60533,1.60561,1.60529,1.60538,50800000,1
1290714720000,1290714779000,1.60545,1.60554,1.60537,1.60539,33400000,1
1290714780000,1290714839000,1.60535,1.60561,1.60535,1.60537,23700000,1
1290714840000,1290714899000,1.60543,1.60543,1.60525,1.60536,71900000,1
1290714900000,1290714959000,1.60534,1.60561,1.60534,1.60537,199900000,1
1290714960000,1290715019000,1.60537,1.60542,1.60528,1.60528,23800000,1
1290715020000,1290715079000,1.60538,1.60538,1.60527,1.60532,12500000,1
1290715080000,1290715139000,1.60537,1.60543,1.60534,1.60543,40500000,1
1290715140000,1290715199000,1.60543,1.60557,1.60531,1.60537,44100000,1
1290715200000,1290715259000,1.60534,1.60542,1.60531,1.60542,12700000,1
1290715260000,1290715319000,1.60532,1.60532,1.60532,1.60532,1100000,1
1290715320000,1290715379000,1.60526,1.60528,1.60521,1.60528,10100000,1
1290715380000,1290715439000,1.60529,1.60529,1.60521,1.60521,24000000,1
1290715440000,1290715499000,1.60522,1.60526,1.60522,1.60523,9700000,1
1290715500000,1290715559000,1.60521,1.60528,1.60521,1.60528,7100000,1
1290715560000,1290715619000,1.60521,1.60533,1.60519,1.60527,25100000,1
1290715620000,1290715679000,1.60527,1.60533,1.60527,1.60533,3700000,1
1290715680000,1290715739000,1.60533,1.60533,1.60527,1.60527,8200000,1
1290715740000,1290715799000,1.60528,1.60533,1.60527,1.60533,9200000,1
1290715800000,1290715859000,1.60522,1.60528,1.60515,1.60517,9700000,1
1290715860000,1290715919000,1.60518,1.60518,1.60518,1.60518,6400000,1
1290715920000,1290715979000,1.60518,1.60518,1.60508,1.60508,15200000,1
1290715980000,1290716039000,1.60507,1.60507,1.60507,1.60507,1600000,1
1290716040000,1290716099000,1.60507,1.60507,1.60507,1.60507,1600000,1
1290716100000,1290716159000,1.60493,1.60493,1.60453,1.60489,17700000,1
1290716160000,1290716219000,1.60514,1.60514,1.60499,1.60505,63000000,1
1290716220000,1290716279000,1.60485,1.60508,1.60485,1.60503,9500000,1
1290716280000,1290716339000,1.60502,1.60517,1.60502,1.60514,13700000,1
1290716340000,1290716399000,1.60518,1.60538,1.60517,1.60527,41200000,1
1290716400000,1290716459000,1.60531,1.60539,1.60531,1.60539,15800000,1
1290716460000,1290716519000,1.60539,1.60539,1.60539,1.60539,7200000,1
1290716520000,1290716579000,1.60527,1.60527,1.60502,1.60511,12100000,1
1290716580000,1290716639000,1.60518,1.60518,1.60518,1.60518,3200000,1
1290716640000,1290716699000,1.6051,1.6051,1.6051,1.6051,4400000,1
1290716700000,1290716759000,1.60498,1.60498,1.60456,1.60489,77100000,1
1290716760000,1290716819000,1.6051,1.60534,1.6051,1.60534,16100000,1
1290716820000,1290716879000,1.60525,1.60584,1.60525,1.60575,28400000,1
1290716880000,1290716939000,1.60557,1.60557,1.60526,1.60526,59400000,1
1290716940000,1290716999000,1.60526,1.60534,1.6051,1.6051,34400000,1
1290717000000,1290717059000,1.6051,1.60534,1.6051,1.60534,4100000,1
1290717060000,1290717119000,1.60525,1.60525,1.60525,1.60525,1500000,1
1290717120000,1290717179000,1.60525,1.60525,1.60498,1.60503,39100000,1
1290717180000,1290717239000,1.60503,1.60547,1.60503,1.60547,34200000,1
1290717240000,1290717299000,1.60547,1.60548,1.60472,1.6049,40800000,1
1290717300000,1290717359000,1.6049,1.60526,1.6049,1.60514,32900000,1
1290717360000,1290717419000,1.60501,1.60501,1.605,1.605,5100000,1
1290717420000,1290717479000,1.605,1.605,1.605,1.605,7000000,1
1290717480000,1290717539000,1.60498,1.60498,1.60498,1.60498,4500000,1
1290717540000,1290717599000,1.60479,1.60493,1.60456,1.60493,60700000,1
1290717600000,1290717659000,1.60498,1.60498,1.60498,1.60498,1500000,1
1290717660000,1290717719000,1.60498,1.60498,1.60498,1.60498,3000000,1
1290717720000,1290717779000,1.60498,1.605,1.60498,1.60498,6100000,1
1290717780000,1290717839000,1.60496,1.60499,1.60495,1.60499,8800000,1
1290717840000,1290717899000,1.60499,1.60499,1.60496,1.60496,5300000,1
1290717900000,1290717959000,1.60497,1.60497,1.60486,1.60486,12600000,1
1290717960000,1290718019000,1.6048,1.60488,1.60447,1.60488,91700000,1
1290718020000,1290718079000,1.60497,1.60607,1.60493,1.60539,79600000,1
1290718080000,1290718139000,1.60539,1.60561,1.60524,1.60547,35400000,1
1290718140000,1290718199000,1.60547,1.60588,1.60547,1.60579,39500000,1
1290718200000,1290718259000,1.60579,1.60605,1.6057,1.60605,13600000,1
1290718260000,1290718319000,1.60591,1.60597,1.60578,1.60589,63100000,1
1290718320000,1290718379000,1.60589,1.60589,1.60582,1.60582,15000000,1
1290718380000,1290718439000,1.60582,1.60593,1.60557,1.60557,43700000,1
1290718440000,1290718499000,1.60557,1.60559,1.60557,1.60559,25800000,1
1290718500000,1290718559000,1.60559,1.60559,1.6055,1.60558,6100000,1
1290718560000,1290718619000,1.60558,1.60558,1.60558,1.60558,1500000,1
1290718620000,1290718679000,1.60558,1.60589,1.60558,1.60589,31000000,1
1290718680000,1290718739000,1.60579,1.60606,1.60551,1.6056,35800000,1
1290718740000,1290718799000,1.60533,1.60544,1.60525,1.60534,168100000,1
1290718800000,1290718859000,1.6056,1.6056,1.6056,1.6056,3000000,1
1290718860000,1290718919000,1.60557,1.60561,1.60557,1.60561,10700000,1
1290718920000,1290718979000,1.60561,1.60598,1.60559,1.60583,31400000,1
1290718980000,1290719039000,1.60592,1.6061,1.60559,1.60559,39900000,1
1290719040000,1290719099000,1.60584,1.60585,1.60576,1.60585,20900000,1
1290719100000,1290719159000,1.60585,1.60585,1.60585,1.60585,1500000,1
1290719160000,1290719219000,1.60585,1.60585,1.60575,1.60575,15300000,1
1290719220000,1290719279000,1.60575,1.60575,1.60567,1.60567,19000000,1
1290719280000,1290719339000,1.60582,1.60591,1.60575,1.60582,24200000,1
1290719340000,1290719399000,1.60582,1.60593,1.60582,1.60582,4500000,1
1290719400000,1290719459000,1.60582,1.60626,1.60581,1.60626,35600000,1
1290719460000,1290719519000,1.60626,1.60698,1.60598,1.60687,51800000,1
1290719520000,1290719579000,1.60695,1.60696,1.60664,1.60671,23600000,1
1290719580000,1290719639000,1.60671,1.60684,1.60665,1.60674,14600000,1
1290719640000,1290719699000,1.60674,1.60745,1.60669,1.60669,23300000,1
1290719700000,1290719759000,1.60693,1.60708,1.60664,1.60673,56800000,1
1290719760000,1290719819000,1.60673,1.60698,1.60673,1.60687,36200000,1
1290719820000,1290719879000,1.60681,1.60681,1.60672,1.60681,36500000,1
1290719880000,1290719939000,1.60692,1.60701,1.60671,1.60672,74300000,1
1290719940000,1290719999000,1.60672,1.60713,1.60672,1.60713,49900000,1
1290720000000,1290720059000,1.6073,1.60768,1.60715,1.60726,59500000,1
1290720060000,1290720119000,1.60726,1.60726,1.60672,1.60696,47900000,1
1290720120000,1290720179000,1.60696,1.60696,1.60646,1.60647,42700000,1
1290720180000,1290720239000,1.60647,1.60647,1.60633,1.60633,32000000,1
1290720240000,1290720299000,1.60626,1.60632,1.60622,1.60632,16900000,1
1290720300000,1290720359000,1.60632,1.60648,1.60632,1.60643,10100000,1
1290720360000,1290720419000,1.60633,1.60647,1.60614,1.60647,34000000,1
1290720420000,1290720479000,1.60652,1.60663,1.60652,1.60657,12000000,1
1290720480000,1290720539000,1.60648,1.60665,1.60648,1.60665,10000000,1
1290720540000,1290720599000,1.60665,1.60683,1.60665,1.60683,21000000,1
1290720600000,1290720659000,1.60683,1.60807,1.60677,1.60713,22800000,1
1290720660000,1290720719000,1.60713,1.60736,1.60701,1.6072,39300000,1
1290720720000,1290720779000,1.6072,1.60733,1.60675,1.60675,46400000,1
1290720780000,1290720839000,1.60675,1.60678,1.60675,1.60677,19000000,1
1290720840000,1290720899000,1.60675,1.60675,1.60633,1.6064,41400000,1
1290720900000,1290720959000,1.60664,1.60664,1.60608,1.60608,79000000,1
1290720960000,1290721019000,1.60608,1.60632,1.60608,1.60632,14800000,1
1290721020000,1290721079000,1.60632,1.6064,1.60624,1.6064,14400000,1
1290721080000,1290721139000,1.6064,1.60737,1.6064,1.60655,41200000,1
1290721140000,1290721199000,1.6064,1.60694,1.6064,1.60687,7700000,1
1290721200000,1290721259000,1.60697,1.60697,1.60654,1.60687,13400000,1
1290721260000,1290721319000,1.60718,1.60718,1.60718,1.60718,5300000,1
1290721320000,1290721379000,1.60718,1.60718,1.60676,1.60678,11700000,1
1290721380000,1290721439000,1.60668,1.60678,1.60668,1.60673,15100000,1
1290721440000,1290721499000,1.60677,1.6073,1.60677,1.6073,22800000,1
1290721500000,1290721559000,1.6073,1.6073,1.60723,1.60723,7300000,1
1290721560000,1290721619000,1.60707,1.60714,1.60699,1.60706,34100000,1
1290721620000,1290721679000,1.60706,1.60707,1.60706,1.60707,23700000,1
1290721680000,1290721739000,1.60707,1.60707,1.60689,1.60697,27700000,1
1290721740000,1290721799000,1.60697,1.60697,1.60697,1.60697,3100000,1
1290721800000,1290721859000,1.60697,1.60698,1.60697,1.60698,14600000,1
1290721860000,1290721919000,1.60698,1.60698,1.60656,1.60687,13600000,1
1290721920000,1290721979000,1.60699,1.60699,1.60699,1.60699,3100000,1
1290721980000,1290722039000,1.60699,1.60715,1.60682,1.60715,45900000,1
1290722040000,1290722099000,1.60705,1.60718,1.60673,1.60673,45600000,1
1290722100000,1290722159000,1.60673,1.60679,1.60673,1.60673,16600000,1
1290722160000,1290722219000,1.60673,1.60699,1.60673,1.60699,12700000,1
1290722220000,1290722279000,1.60688,1.60688,1.60688,1.60688,4500000,1
1290722280000,1290722339000,1.60688,1.60688,1.60646,1.60646,13600000,1
1290722340000,1290722399000,1.60625,1.60656,1.60604,1.60613,48000000,1
1290722400000,1290722459000,1.60607,1.60612,1.60607,1.60612,10200000,1
1290722460000,1290722519000,1.60463,1.60463,1.60463,1.60463,1200000,1
1290722520000,1290722579000,1.60598,1.60637,1.60598,1.60637,7700000,1
1290722580000,1290722639000,1.60648,1.60648,1.60642,1.60642,2400000,1
1290722640000,1290722699000,1.60638,1.60647,1.60638,1.60647,4000000,1
1290722700000,1290722759000,1.60662,1.60703,1.60662,1.60702,10300000,1
1290722760000,1290722819000,1.60696,1.60696,1.60628,1.60628,28600000,1
1290722820000,1290722879000,1.60628,1.60702,1.60628,1.60687,35800000,1
1290722880000,1290722939000,1.60665,1.60716,1.60665,1.60716,28200000,1
1290722940000,1290722999000,1.60716,1.60744,1.60715,1.6072,40600000,1
1290723000000,1290723059000,1.60727,1.6075,1.60692,1.60692,61800000,1
1290723060000,1290723119000,1.60703,1.60704,1.60671,1.60671,55000000,1
1290723120000,1290723179000,1.60671,1.60675,1.60608,1.60636,56400000,1
1290723180000,1290723239000,1.60636,1.60642,1.60636,1.60641,9400000,1
1290723240000,1290723299000,1.60626,1.60636,1.60626,1.60636,5600000,1
1290723300000,1290723359000,1.60636,1.60663,1.60612,1.60636,85400000,1
1290723360000,1290723419000,1.60632,1.60647,1.60619,1.60636,57300000,1
1290723420000,1290723479000,1.60625,1.60653,1.60622,1.6063,39600000,1
1290723480000,1290723539000,1.60617,1.60646,1.60608,1.60646,46200000,1
1290723540000,1290723599000,1.60646,1.60646,1.60628,1.60644,22500000,1
1290723600000,1290723659000,1.60653,1.60653,1.60636,1.60636,20100000,1
1290723660000,1290723719000,1.60636,1.60636,1.60619,1.60619,17100000,1
1290723720000,1290723779000,1.60625,1.60633,1.60625,1.60633,7100000,1
1290723780000,1290723839000,1.60612,1.60629,1.60585,1.60603,18900000,1
1290723840000,1290723899000,1.60599,1.60599,1.60599,1.60599,2700000,1
1290723900000,1290723959000,1.60599,1.60599,1.60599,1.60599,8300000,1
1290723960000,1290724019000,1.60599,1.60599,1.60599,1.60599,11100000,1
1290724020000,1290724079000,1.6058,1.60615,1.6058,1.60615,10400000,1
1290724080000,1290724139000,1.60615,1.60615,1.60613,1.60615,7300000,1
1290724140000,1290724199000,1.60613,1.60613,1.60597,1.60597,4100000,1
1290724200000,1290724259000,1.60603,1.60603,1.60537,1.60537,8000000,1
1290724260000,1290724319000,1.60538,1.60567,1.60502,1.60547,70900000,1
1290724320000,1290724379000,1.60547,1.60569,1.60547,1.60558,30200000,1
1290724380000,1290724439000,1.60569,1.60624,1.60552,1.60624,24700000,1
1290724440000,1290724499000,1.60676,1.60794,1.60592,1.60653,168700000,1
1290724500000,1290724559000,1.60652,1.60698,1.6064,1.60657,106600000,1
1290724560000,1290724619000,1.60661,1.60717,1.6065,1.60713,21500000,1
1290724620000,1290724679000,1.60718,1.60738,1.607,1.6073,57500000,1
1290724680000,1290724739000,1.6072,1.60818,1.6072,1.60732,58400000,1
1290724740000,1290724799000,1.60722,1.60722,1.60685,1.60685,32400000,1
1290724800000,1290724859000,1.60688,1.60688,1.60676,1.60685,18400000,1
1290724860000,1290724919000,1.60685,1.60688,1.60667,1.60671,27600000,1
1290724920000,1290724979000,1.60671,1.60687,1.60662,1.60687,29600000,1
1290724980000,1290725039000,1.60678,1.60678,1.60663,1.60671,9200000,1
1290725040000,1290725099000,1.60671,1.60672,1.60668,1.60668,16000000,1
1290725100000,1290725159000,1.60655,1.60655,1.60597,1.60635,31700000,1
1290725160000,1290725219000,1.60623,1.60648,1.60605,1.60636,37000000,1
1290725220000,1290725279000,1.60643,1.6069,1.60637,1.6069,21400000,1
1290725280000,1290725339000,1.60693,1.60693,1.60623,1.60681,40200000,1
1290725340000,1290725399000,1.60681,1.60681,1.60667,1.60681,19600000,1
1290725400000,1290725459000,1.60684,1.60686,1.60671,1.60671,43700000,1
1290725460000,1290725519000,1.60671,1.60671,1.60628,1.60628,26900000,1
1290725520000,1290725579000,1.60621,1.60694,1.60585,1.60685,54600000,1
1290725580000,1290725639000,1.60698,1.60733,1.60693,1.60723,46500000,1
1290725640000,1290725699000,1.60732,1.60734,1.60723,1.60732,30300000,1
1290725700000,1290725759000,1.60723,1.6078,1.60723,1.60732,27900000,1
1290725760000,1290725819000,1.60732,1.60732,1.60732,1.60732,17900000,1
1290725820000,1290725879000,1.60732,1.60981,1.60732,1.60947,122100000,1
1290725880000,1290725939000,1.60956,1.61027,1.60891,1.60907,151700000,1
1290725940000,1290725999000,1.60907,1.61011,1.60905,1.60979,153400000,1
1290726000000,1290726059000,1.6097,1.61124,1.6097,1.61124,177600000,1
1290726060000,1290726119000,1.61115,1.61142,1.61019,1.61048,134100000,1
1290726120000,1290726179000,1.61042,1.61052,1.60996,1.61023,46700000,1
1290726180000,1290726239000,1.61023,1.61101,1.61023,1.61088,63200000,1
1290726240000,1290726299000,1.61069,1.61097,1.61037,1.61048,72100000,1
1290726300000,1290726359000,1.61052,1.61057,1.61037,1.61057,29600000,1
1290726360000,1290726419000,1.61057,1.61129,1.61057,1.61128,93300000,1
1290726420000,1290726479000,1.61128,1.61217,1.61128,1.61201,72900000,1
1290726480000,1290726539000,1.61201,1.61233,1.61191,1.61191,78000000,1
1290726540000,1290726599000,1.61191,1.61223,1.61184,1.61194,65700000,1
1290726600000,1290726659000,1.61194,1.61263,1.6119,1.61242,56000000,1
1290726660000,1290726719000,1.61238,1.61241,1.61179,1.61205,84100000,1
1290726720000,1290726779000,1.61205,1.61213,1.61165,1.61194,89000000,1
1290726780000,1290726839000,1.61195,1.61221,1.61133,1.61198,102600000,1
1290726840000,1290726899000,1.61198,1.61234,1.61185,1.61217,48100000,1
1290726900000,1290726959000,1.61215,1.61216,1.61198,1.61216,34600000,1
1290726960000,1290727019000,1.61207,1.61223,1.61158,1.61193,78400000,1
1290727020000,1290727079000,1.61193,1.61197,1.61182,1.61182,21900000,1
1290727080000,1290727139000,1.61182,1.61203,1.61182,1.61203,36600000,1
1290727140000,1290727199000,1.61205,1.61268,1.61203,1.61268,134300000,1
1290727200000,1290727259000,1.61261,1.61283,1.61232,1.61283,72700000,1
1290727260000,1290727319000,1.61277,1.61287,1.61268,1.61277,53200000,1
1290727320000,1290727379000,1.61271,1.61287,1.61233,1.61233,73100000,1
1290727380000,1290727439000,1.61233,1.6124,1.61188,1.61192,48200000,1
1290727440000,1290727499000,1.61198,1.61203,1.61154,1.61166,77000000,1
1290727500000,1290727559000,1.61168,1.61183,1.61152,1.61171,45900000,1
1290727560000,1290727619000,1.61172,1.61222,1.6117,1.61202,87300000,1
1290727620000,1290727679000,1.61199,1.61255,1.61198,1.61216,61700000,1
1290727680000,1290727739000,1.61222,1.6124,1.61188,1.6123,76000000,1
1290727740000,1290727799000,1.61235,1.61279,1.61228,1.6127,77900000,1
1290727800000,1290727859000,1.6127,1.6127,1.61222,1.61237,131800000,1
1290727860000,1290727919000,1.61237,1.61238,1.61217,1.61217,69500000,1
1290727920000,1290727979000,1.61216,1.61232,1.61213,1.61215,44200000,1
1290727980000,1290728039000,1.6123,1.6123,1.61222,1.6123,13100000,1
1290728040000,1290728099000,1.61232,1.61232,1.61197,1.61205,52000000,1
1290728100000,1290728159000,1.61211,1.61211,1.61194,1.61198,17600000,1
1290728160000,1290728219000,1.61202,1.61254,1.61199,1.61242,37800000,1
1290728220000,1290728279000,1.61242,1.6128,1.61242,1.61253,55200000,1
1290728280000,1290728339000,1.61258,1.61262,1.61256,1.61262,6200000,1
1290728340000,1290728399000,1.61262,1.61262,1.61232,1.61241,38500000,1
1290728400000,1290728459000,1.61247,1.61261,1.61232,1.61244,57700000,1
1290728460000,1290728519000,1.61244,1.61263,1.61236,1.61263,35500000,1
1290728520000,1290728579000,1.61263,1.61263,1.61236,1.61236,53100000,1
1290728580000,1290728639000,1.61233,1.6124,1.6117,1.61178,80400000,1
1290728640000,1290728699000,1.61178,1.61188,1.61097,1.61112,91800000,1
1290728700000,1290728759000,1.61117,1.61124,1.61099,1.61108,42200000,1
1290728760000,1290728819000,1.61112,1.61129,1.61074,1.61129,75700000,1
1290728820000,1290728879000,1.61132,1.61175,1.61132,1.61175,76300000,1
1290728880000,1290728939000,1.61175,1.61184,1.61145,1.61162,41000000,1
1290728940000,1290728999000,1.61157,1.61162,1.61145,1.61145,24800000,1
1290729000000,1290729059000,1.61145,1.61158,1.61125,1.61143,72600000,1
1290729060000,1290729119000,1.61141,1.61152,1.61141,1.61142,12400000,1
1290729120000,1290729179000,1.61142,1.61168,1.61142,1.61151,45100000,1
1290729180000,1290729239000,1.61163,1.61251,1.61163,1.61204,95500000,1
1290729240000,1290729299000,1.61231,1.61264,1.61219,1.61237,97900000,1
1290729300000,1290729359000,1.61219,1.61257,1.61219,1.61257,38000000,1
1290729360000,1290729419000,1.61249,1.61262,1.61169,1.61172,88300000,1
1290729420000,1290729479000,1.61187,1.61254,1.61187,1.61237,72900000,1
1290729480000,1290729539000,1.61243,1.6125,1.61212,1.61212,36300000,1
1290729540000,1290729599000,1.61207,1.61244,1.61207,1.6122,52100000,1
1290729600000,1290729659000,1.6122,1.61234,1.61218,1.61224,46700000,1
1290729660000,1290729719000,1.61223,1.6123,1.6118,1.61214,131800000,1
1290729720000,1290729779000,1.61214,1.61231,1.61187,1.61196,83300000,1
1290729780000,1290729839000,1.61196,1.61214,1.61169,1.61181,74500000,1
1290729840000,1290729899000,1.61177,1.61177,1.61116,1.61143,65100000,1
1290729900000,1290729959000,1.61142,1.61142,1.61121,1.61134,55800000,1
1290729960000,1290730019000,1.61134,1.61181,1.61102,1.6118,123500000,1
1290730020000,1290730079000,1.6118,1.61183,1.61153,1.61157,48700000,1
1290730080000,1290730139000,1.61149,1.61149,1.6113,1.61145,41000000,1
1290730140000,1290730199000,1.6115,1.61151,1.61097,1.61097,63000000,1
1290730200000,1290730259000,1.61107,1.61123,1.61097,1.61123,42400000,1
1290730260000,1290730319000,1.61122,1.61168,1.61113,1.61166,67500000,1
1290730320000,1290730379000,1.61149,1.61218,1.61149,1.61218,82000000,1
1290730380000,1290730439000,1.61218,1.61244,1.61211,1.61211,39800000,1
1290730440000,1290730499000,1.61208,1.61314,1.61197,1.6131,122600000,1
1290730500000,1290730559000,1.6131,1.61378,1.61307,1.61327,120600000,1
1290730560000,1290730619000,1.61335,1.61377,1.61306,1.61377,123400000,1
1290730620000,1290730679000,1.6138,1.61485,1.61379,1.61461,120100000,1
1290730680000,1290730739000,1.61438,1.61438,1.61397,1.61405,99400000,1
1290730740000,1290730799000,1.61415,1.6145,1.61415,1.61434,63200000,1
1290730800000,1290730859000,1.61435,1.61436,1.61419,1.61426,56300000,1
1290730860000,1290730919000,1.61423,1.61448,1.61399,1.6141,83200000,1
1290730920000,1290730979000,1.6141,1.61424,1.61371,1.61405,111100000,1
1290730980000,1290731039000,1.61405,1.61416,1.61355,1.61355,108500000,1
1290731040000,1290731099000,1.61363,1.61419,1.61363,1.61384,100100000,1
1290731100000,1290731159000,1.61384,1.61433,1.61369,1.61433,114800000,1
1290731160000,1290731219000,1.61434,1.61434,1.61308,1.61328,125600000,1
1290731220000,1290731279000,1.61328,1.61342,1.61295,1.61312,110500000,1
1290731280000,1290731339000,1.61317,1.61352,1.61311,1.61331,63700000,1
1290731340000,1290731399000,1.61329,1.61348,1.61321,1.61345,50200000,1
1290731400000,1290731459000,1.61345,1.61358,1.61333,1.61336,45600000,1
1290731460000,1290731519000,1.61336,1.61384,1.61336,1.61362,97000000,1
1290731520000,1290731579000,1.61362,1.61395,1.61362,1.61386,62100000,1
1290731580000,1290731639000,1.61387,1.61404,1.61387,1.61401,49400000,1
1290731640000,1290731699000,1.61401,1.61411,1.61388,1.61404,36000000,1
1290731700000,1290731759000,1.61404,1.6143,1.6139,1.61405,71800000,1
1290731760000,1290731819000,1.61405,1.61405,1.61387,1.61392,30400000,1
1290731820000,1290731879000,1.61387,1.61391,1.61373,1.61387,64800000,1
1290731880000,1290731939000,1.61387,1.61413,1.61387,1.61396,42000000,1
1290731940000,1290731999000,1.61401,1.61407,1.61336,1.6136,71000000,1
1290732000000,1290732059000,1.61364,1.61395,1.61364,1.61395,22100000,1
1290732060000,1290732119000,1.61396,1.61431,1.61396,1.61419,68800000,1
1290732120000,1290732179000,1.61414,1.61414,1.61376,1.61377,36900000,1
1290732180000,1290732239000,1.61373,1.61373,1.61332,1.6135,67000000,1
1290732240000,1290732299000,1.6135,1.61369,1.61332,1.61332,81200000,1
1290732300000,1290732359000,1.61324,1.61324,1.61297,1.61307,33200000,1
1290732360000,1290732419000,1.61304,1.61315,1.61282,1.61311,65000000,1
1290732420000,1290732479000,1.61311,1.61353,1.613,1.61338,90200000,1
1290732480000,1290732539000,1.61332,1.61344,1.61314,1.61337,45700000,1
1290732540000,1290732599000,1.61336,1.61338,1.61314,1.61314,29900000,1
1290732600000,1290732659000,1.61312,1.61327,1.61312,1.61323,32400000,1
1290732660000,1290732719000,1.61318,1.61323,1.61287,1.61299,84300000,1
1290732720000,1290732779000,1.61297,1.61297,1.61273,1.6128,34000000,1
1290732780000,1290732839000,1.61279,1.61302,1.61239,1.61288,139200000,1
1290732840000,1290732899000,1.61293,1.61362,1.61282,1.61282,123000000,1
1290732900000,1290732959000,1.61309,1.61335,1.61289,1.61315,77500000,1
1290732960000,1290733019000,1.61315,1.61353,1.61253,1.61279,93100000,1
1290733020000,1290733079000,1.61308,1.61322,1.61283,1.61308,79500000,1
1290733080000,1290733139000,1.6131,1.61328,1.61299,1.61328,54500000,1
1290733140000,1290733199000,1.61328,1.61328,1.61289,1.61308,58700000,1
1290733200000,1290733259000,1.61308,1.6137,1.61308,1.6137,75100000,1
1290733260000,1290733319000,1.61381,1.61381,1.61325,1.61332,85800000,1
1290733320000,1290733379000,1.61332,1.61332,1.61277,1.6131,84500000,1
1290733380000,1290733439000,1.61306,1.61316,1.61275,1.61275,66400000,1
1290733440000,1290733499000,1.61274,1.61296,1.61245,1.6129,140200000,1
1290733500000,1290733559000,1.61282,1.61286,1.61264,1.61274,68700000,1
1290733560000,1290733619000,1.61272,1.61275,1.61244,1.6127,84200000,1
1290733620000,1290733679000,1.6127,1.61297,1.61254,1.61289,88200000,1
1290733680000,1290733739000,1.61289,1.61319,1.61262,1.61288,73600000,1
1290733740000,1290733799000,1.61288,1.61306,1.61288,1.61298,36300000,1
1290733800000,1290733859000,1.61308,1.6133,1.61285,1.61294,59900000,1
1290733860000,1290733919000,1.61294,1.6131,1.61285,1.61302,60700000,1
1290733920000,1290733979000,1.61301,1.61312,1.61285,1.61285,43200000,1
1290733980000,1290734039000,1.61285,1.61303,1.61285,1.61287,38500000,1
1290734040000,1290734099000,1.61287,1.61287,1.61162,1.61167,113100000,1
1290734100000,1290734159000,1.6116,1.61193,1.61144,1.61155,135300000,1
1290734160000,1290734219000,1.61163,1.61179,1.61131,1.61168,73800000,1
1290734220000,1290734279000,1.61174,1.61274,1.61174,1.61249,125100000,1
1290734280000,1290734339000,1.61248,1.61268,1.61227,1.61268,44900000,1
1290734340000,1290734399000,1.61263,1.61272,1.61251,1.61259,39800000,1
1290734400000,1290734459000,1.61258,1.61273,1.61212,1.61273,102900000,1
1290734460000,1290734519000,1.61274,1.61274,1.61234,1.61248,39600000,1
1290734520000,1290734579000,1.61243,1.61245,1.61235,1.61235,27700000,1
1290734580000,1290734639000,1.61233,1.61309,1.61233,1.61309,103100000,1
1290734640000,1290734699000,1.61315,1.61324,1.61288,1.61296,76600000,1
1290734700000,1290734759000,1.61291,1.61333,1.61288,1.6133,66300000,1
1290734760000,1290734819000,1.61336,1.6138,1.61336,1.61353,65000000,1
1290734820000,1290734879000,1.61353,1.61445,1.61353,1.6142,101300000,1
1290734880000,1290734939000,1.61423,1.61429,1.61366,1.61376,81700000,1
1290734940000,1290734999000,1.61363,1.61388,1.61354,1.61379,104100000,1
1290735000000,1290735059000,1.61403,1.61447,1.61403,1.61441,69400000,1
1290735060000,1290735119000,1.61467,1.61477,1.61441,1.61442,73300000,1
1290735120000,1290735179000,1.61447,1.61467,1.61437,1.61455,115500000,1
1290735180000,1290735239000,1.61462,1.6148,1.61452,1.61467,77700000,1
1290735240000,1290735299000,1.61467,1.61509,1.61467,1.61484,63300000,1
1290735300000,1290735359000,1.61483,1.61505,1.61478,1.61482,97400000,1
1290735360000,1290735419000,1.6149,1.6149,1.61472,1.61481,30400000,1
1290735420000,1290735479000,1.61477,1.61477,1.61432,1.61457,33700000,1
1290735480000,1290735539000,1.61468,1.61472,1.61438,1.61455,37600000,1
1290735540000,1290735599000,1.61455,1.61458,1.61439,1.61456,44100000,1
1290735600000,1290735659000,1.61458,1.61499,1.61458,1.61494,32400000,1
1290735660000,1290735719000,1.61488,1.61494,1.61439,1.61466,53700000,1
1290735720000,1290735779000,1.61464,1.61467,1.61431,1.61448,59100000,1
1290735780000,1290735839000,1.61448,1.61466,1.61448,1.61456,41900000,1
1290735840000,1290735899000,1.6146,1.6146,1.61452,1.61454,9500000,1
1290735900000,1290735959000,1.61449,1.61473,1.61449,1.61467,73400000,1
1290735960000,1290736019000,1.61468,1.61504,1.61464,1.61493,54100000,1
1290736020000,1290736079000,1.61481,1.61569,1.61481,1.61557,73300000,1
1290736080000,1290736139000,1.61554,1.61592,1.61534,1.61538,105200000,1
1290736140000,1290736199000,1.61532,1.6157,1.61528,1.61546,61000000,1
1290736200000,1290736259000,1.61544,1.61559,1.61515,1.61515,38100000,1
1290736260000,1290736319000,1.61514,1.61532,1.61503,1.61531,39800000,1
1290736320000,1290736379000,1.61531,1.61534,1.61493,1.6152,50900000,1
1290736380000,1290736439000,1.61519,1.61571,1.61519,1.61571,69700000,1
1290736440000,1290736499000,1.61564,1.6163,1.61533,1.61623,98400000,1
1290736500000,1290736559000,1.61623,1.61636,1.61597,1.61607,96000000,1
1290736560000,1290736619000,1.61607,1.61623,1.61597,1.61602,48300000,1
1290736620000,1290736679000,1.61601,1.61622,1.61601,1.61607,60500000,1
1290736680000,1290736739000,1.61594,1.61634,1.61594,1.61614,122400000,1
1290736740000,1290736799000,1.61614,1.61636,1.61614,1.61614,94000000,1
1290736800000,1290736859000,1.61617,1.61617,1.61592,1.61596,48200000,1
1290736860000,1290736919000,1.61596,1.61596,1.61541,1.61557,80700000,1
1290736920000,1290736979000,1.61558,1.61563,1.61533,1.61545,41500000,1
1290736980000,1290737039000,1.61545,1.61548,1.61497,1.61529,81600000,1
1290737040000,1290737099000,1.61529,1.61546,1.61519,1.61537,75800000,1
1290737100000,1290737159000,1.6153,1.6156,1.61518,1.61534,74100000,1
1290737160000,1290737219000,1.61532,1.61532,1.6149,1.61492,53000000,1
1290737220000,1290737279000,1.6149,1.61529,1.61485,1.61525,78100000,1
1290737280000,1290737339000,1.61531,1.61531,1.61502,1.61503,62000000,1
1290737340000,1290737399000,1.61493,1.61518,1.61485,1.61518,59900000,1
1290737400000,1290737459000,1.61522,1.61533,1.61508,1.6152,50800000,1
1290737460000,1290737519000,1.61515,1.61548,1.61512,1.61536,39800000,1
1290737520000,1290737579000,1.6154,1.61549,1.61503,1.61503,56400000,1
1290737580000,1290737639000,1.61507,1.61512,1.61465,1.61492,77600000,1
1290737640000,1290737699000,1.61493,1.61498,1.6147,1.6147,74800000,1
1290737700000,1290737759000,1.6147,1.6147,1.61457,1.61465,42100000,1
1290737760000,1290737819000,1.61464,1.61483,1.61448,1.61459,53300000,1
1290737820000,1290737879000,1.61458,1.61494,1.61427,1.61456,84600000,1
1290737880000,1290737939000,1.61456,1.61466,1.61397,1.61457,98700000,1
1290737940000,1290737999000,1.6147,1.61485,1.61459,1.61485,47000000,1
1290738000000,1290738059000,1.61487,1.61501,1.61477,1.61494,42400000,1
1290738060000,1290738119000,1.61499,1.61506,1.61489,1.61498,30800000,1
1290738120000,1290738179000,1.6149,1.61508,1.61481,1.61487,52000000,1
1290738180000,1290738239000,1.61482,1.61482,1.61471,1.61475,17000000,1
1290738240000,1290738299000,1.61474,1.61477,1.6144,1.6144,85700000,1
1290738300000,1290738359000,1.61457,1.61473,1.61445,1.61473,47800000,1
1290738360000,1290738419000,1.61473,1.61473,1.61415,1.61416,70300000,1
1290738420000,1290738479000,1.61416,1.6142,1.61409,1.61409,46700000,1
1290738480000,1290738539000,1.61409,1.61429,1.61409,1.61428,40600000,1
1290738540000,1290738599000,1.61424,1.61484,1.61424,1.61474,53400000,1
1290738600000,1290738659000,1.61475,1.61486,1.61443,1.6146,67900000,1
1290738660000,1290738719000,1.61454,1.61471,1.61438,1.61448,69000000,1
1290738720000,1290738779000,1.61454,1.6148,1.61437,1.61472,45000000,1
1290738780000,1290738839000,1.61472,1.61472,1.61472,1.61472,6100000,1
1290738840000,1290738899000,1.61472,1.61482,1.61458,1.61482,26000000,1
1290738900000,1290738959000,1.61481,1.61495,1.61469,1.61491,37700000,1
1290738960000,1290739019000,1.61491,1.61507,1.6149,1.61506,39100000,1
1290739020000,1290739079000,1.61508,1.61515,1.61493,1.61502,24700000,1
1290739080000,1290739139000,1.615,1.6152,1.615,1.61512,43400000,1
1290739140000,1290739199000,1.61512,1.61512,1.61473,1.61474,52800000,1
1290739200000,1290739259000,1.61474,1.61516,1.6147,1.61482,108700000,1
1290739260000,1290739319000,1.61494,1.61553,1.61494,1.61545,142500000,1
1290739320000,1290739379000,1.61545,1.61561,1.6148,1.6148,78600000,1
1290739380000,1290739439000,1.6148,1.61505,1.6148,1.61485,29900000,1
1290739440000,1290739499000,1.61485,1.61508,1.61485,1.61508,21100000,1
1290739500000,1290739559000,1.61507,1.61525,1.61502,1.61515,34700000,1
1290739560000,1290739619000,1.61515,1.61515,1.61451,1.61453,40000000,1
1290739620000,1290739679000,1.6146,1.61482,1.6146,1.61476,38200000,1
1290739680000,1290739739000,1.61474,1.61492,1.61469,1.61476,37300000,1
1290739740000,1290739799000,1.61468,1.61483,1.61453,1.61483,53000000,1
1290739800000,1290739859000,1.61483,1.61506,1.61483,1.61487,22600000,1
1290739860000,1290739919000,1.61495,1.61496,1.61488,1.61488,25800000,1
1290739920000,1290739979000,1.61493,1.61522,1.61493,1.61502,31800000,1
1290739980000,1290740039000,1.61501,1.61507,1.61473,1.61482,97000000,1
1290740040000,1290740099000,1.61498,1.61506,1.61427,1.61454,89800000,1
1290740100000,1290740159000,1.61445,1.61479,1.61442,1.61469,46800000,1
1290740160000,1290740219000,1.61464,1.61497,1.61445,1.61496,73200000,1
1290740220000,1290740279000,1.6149,1.61578,1.6149,1.61564,130100000,1
1290740280000,1290740339000,1.6157,1.61594,1.61556,1.61566,65000000,1
1290740340000,1290740399000,1.61568,1.61704,1.61554,1.61658,132500000,1
1290740400000,1290740459000,1.61648,1.61721,1.61648,1.61705,165400000,1
1290740460000,1290740519000,1.61697,1.61725,1.61668,1.61717,124000000,1
1290740520000,1290740579000,1.61717,1.61781,1.61701,1.61748,105200000,1
1290740580000,1290740639000,1.61748,1.61785,1.61727,1.61763,91600000,1
1290740640000,1290740699000,1.61768,1.61769,1.61702,1.61706,107000000,1
1290740700000,1290740759000,1.61708,1.61747,1.61707,1.61709,81500000,1
1290740760000,1290740819000,1.61709,1.61746,1.61709,1.61737,49400000,1
1290740820000,1290740879000,1.61741,1.61767,1.61712,1.61728,137300000,1
1290740880000,1290740939000,1.61734,1.61745,1.617,1.61737,118100000,1
1290740940000,1290740999000,1.61734,1.61742,1.617,1.61728,65200000,1
1290741000000,1290741059000,1.61713,1.61719,1.61676,1.6169,86900000,1
1290741060000,1290741119000,1.61691,1.61703,1.61668,1.61685,71800000,1
1290741120000,1290741179000,1.61685,1.61685,1.61657,1.61681,57100000,1
1290741180000,1290741239000,1.61681,1.61698,1.61664,1.61681,49200000,1
1290741240000,1290741299000,1.61681,1.61723,1.61681,1.61723,33000000,1
1290741300000,1290741359000,1.61731,1.61745,1.61711,1.61713,46000000,1
1290741360000,1290741419000,1.6172,1.61729,1.61711,1.61717,53500000,1
1290741420000,1290741479000,1.6172,1.61722,1.61709,1.61709,21800000,1
1290741480000,1290741539000,1.61709,1.61716,1.61688,1.61688,27500000,1
1290741540000,1290741599000,1.61673,1.61673,1.61641,1.61641,40400000,1
1290741600000,1290741659000,1.61639,1.61641,1.61609,1.6161,57000000,1
1290741660000,1290741719000,1.61604,1.61626,1.61604,1.61617,19300000,1
1290741720000,1290741779000,1.61618,1.61626,1.61609,1.61609,23600000,1
1290741780000,1290741839000,1.61609,1.6161,1.61496,1.61523,79200000,1
1290741840000,1290741899000,1.61518,1.61558,1.61518,1.61553,48100000,1
1290741900000,1290741959000,1.61557,1.61558,1.61533,1.61533,39300000,1
1290741960000,1290742019000,1.61533,1.61561,1.61525,1.61548,78300000,1
1290742020000,1290742079000,1.61547,1.61556,1.61512,1.61556,79400000,1
1290742080000,1290742139000,1.61556,1.61571,1.61546,1.61546,46700000,1
1290742140000,1290742199000,1.61548,1.61563,1.61526,1.61552,111600000,1
1290742200000,1290742259000,1.61548,1.61561,1.61524,1.61524,53600000,1
1290742260000,1290742319000,1.61529,1.61553,1.61529,1.61539,61600000,1
1290742320000,1290742379000,1.61544,1.61544,1.61534,1.61534,5300000,1
1290742380000,1290742439000,1.61543,1.61545,1.6154,1.61545,12100000,1
1290742440000,1290742499000,1.61555,1.61582,1.61539,1.61558,70800000,1
1290742500000,1290742559000,1.61556,1.61581,1.61556,1.61581,54500000,1
1290742560000,1290742619000,1.61574,1.61614,1.61574,1.61605,82500000,1
1290742620000,1290742679000,1.61599,1.61615,1.6159,1.6159,30200000,1
1290742680000,1290742739000,1.6159,1.61629,1.6159,1.61629,79000000,1
1290742740000,1290742799000,1.61629,1.61672,1.61621,1.61639,119000000,1
1290742800000,1290742859000,1.61639,1.61656,1.61623,1.61623,83500000,1
1290742860000,1290742919000,1.61611,1.61627,1.61582,1.6159,74000000,1
1290742920000,1290742979000,1.61586,1.61594,1.61533,1.61552,81200000,1
1290742980000,1290743039000,1.61552,1.61585,1.61549,1.61562,67900000,1
1290743040000,1290743099000,1.61555,1.6156,1.61538,1.61541,20300000,1
1290743100000,1290743159000,1.61534,1.61539,1.61514,1.61518,67900000,1
1290743160000,1290743219000,1.61523,1.61543,1.61518,1.61538,68200000,1
1290743220000,1290743279000,1.61543,1.61555,1.61527,1.61542,69000000,1
1290743280000,1290743339000,1.61547,1.61557,1.61543,1.61548,42500000,1
1290743340000,1290743399000,1.61548,1.61548,1.61521,1.61524,31100000,1
1290743400000,1290743459000,1.61529,1.61545,1.61529,1.61538,34900000,1
1290743460000,1290743519000,1.61541,1.61541,1.61541,1.61541,1500000,1
1290743520000,1290743579000,1.61541,1.61586,1.61541,1.6156,45300000,1
1290743580000,1290743639000,1.6156,1.6156,1.61506,1.61506,79400000,1
1290743640000,1290743699000,1.61506,1.61532,1.61506,1.61529,50800000,1
1290743700000,1290743759000,1.61529,1.61559,1.6151,1.61549,61600000,1
1290743760000,1290743819000,1.61549,1.6155,1.61537,1.61541,42900000,1
1290743820000,1290743879000,1.61541,1.61541,1.61527,1.61527,23700000,1
1290743880000,1290743939000,1.61525,1.61567,1.61516,1.61544,92800000,1
1290743940000,1290743999000,1.61545,1.61573,1.61544,1.6156,63700000,1
1290744000000,1290744059000,1.61563,1.61573,1.6155,1.61552,41100000,1
1290744060000,1290744119000,1.6155,1.61554,1.61534,1.61554,41400000,1
1290744120000,1290744179000,1.61555,1.61574,1.6155,1.61573,32200000,1
1290744180000,1290744239000,1.61574,1.6158,1.61557,1.61558,36700000,1
1290744240000,1290744299000,1.61557,1.61577,1.61556,1.61562,49300000,1
1290744300000,1290744359000,1.61561,1.61584,1.6154,1.61557,58900000,1
1290744360000,1290744419000,1.61557,1.61561,1.61533,1.61544,42800000,1
1290744420000,1290744479000,1.61544,1.61544,1.61516,1.61516,54200000,1
1290744480000,1290744539000,1.61516,1.61516,1.61473,1.61473,66600000,1
1290744540000,1290744599000,1.61473,1.61493,1.61473,1.61493,36700000,1
1290744600000,1290744659000,1.61496,1.6154,1.61496,1.61516,50100000,1
1290744660000,1290744719000,1.61513,1.61523,1.61512,1.61512,14900000,1
1290744720000,1290744779000,1.61512,1.61513,1.615,1.61501,19900000,1
1290744780000,1290744839000,1.61501,1.61505,1.61497,1.61501,38900000,1
1290744840000,1290744899000,1.61495,1.61506,1.61486,1.61502,33000000,1
1290744900000,1290744959000,1.61507,1.61537,1.61495,1.61527,44100000,1
1290744960000,1290745019000,1.6151,1.61574,1.6151,1.61548,82000000,1
1290745020000,1290745079000,1.6155,1.6156,1.61512,1.61515,51800000,1
1290745080000,1290745139000,1.61515,1.61517,1.61486,1.6149,38600000,1
1290745140000,1290745199000,1.61483,1.61494,1.6148,1.61486,33100000,1
1290745200000,1290745259000,1.61484,1.61523,1.6148,1.61513,31000000,1
1290745260000,1290745319000,1.61513,1.61532,1.61513,1.61529,40300000,1
1290745320000,1290745379000,1.61521,1.61523,1.61511,1.61512,21500000,1
1290745380000,1290745439000,1.61513,1.61527,1.61505,1.61527,37000000,1
1290745440000,1290745499000,1.61521,1.61546,1.6151,1.61537,74600000,1
1290745500000,1290745559000,1.61535,1.61547,1.61526,1.61545,52300000,1
1290745560000,1290745619000,1.61545,1.6155,1.61537,1.6155,23500000,1
1290745620000,1290745679000,1.61549,1.61558,1.61541,1.61549,41200000,1
1290745680000,1290745739000,1.61557,1.61557,1.61539,1.61539,25300000,1
1290745740000,1290745799000,1.61541,1.61556,1.61541,1.61556,26800000,1
1290745800000,1290745859000,1.61557,1.61626,1.61557,1.61626,61400000,1
1290745860000,1290745919000,1.61612,1.61649,1.61596,1.61626,117800000,1
1290745920000,1290745979000,1.61618,1.61628,1.61607,1.61625,59000000,1
1290745980000,1290746039000,1.61627,1.61634,1.61608,1.61608,64600000,1
1290746040000,1290746099000,1.61617,1.61653,1.61617,1.61647,54700000,1
1290746100000,1290746159000,1.61642,1.61693,1.61642,1.61686,94500000,1
1290746160000,1290746219000,1.61675,1.61675,1.61636,1.61636,46500000,1
1290746220000,1290746279000,1.61636,1.61648,1.61636,1.61642,41100000,1
1290746280000,1290746339000,1.61647,1.61647,1.61606,1.61606,64300000,1
1290746340000,1290746399000,1.61606,1.61606,1.61564,1.61579,35200000,1
1290746400000,1290746459000,1.61579,1.61586,1.6154,1.6157,90900000,1
1290746460000,1290746519000,1.6157,1.61589,1.6157,1.6157,77000000,1
1290746520000,1290746579000,1.61572,1.61584,1.6157,1.61576,49100000,1
1290746580000,1290746639000,1.61572,1.61583,1.61567,1.61571,37800000,1
1290746640000,1290746699000,1.61574,1.61582,1.61557,1.61579,46400000,1
1290746700000,1290746759000,1.61581,1.61609,1.61581,1.61596,41100000,1
1290746760000,1290746819000,1.61601,1.61632,1.61601,1.61627,58500000,1
1290746820000,1290746879000,1.61626,1.61627,1.61579,1.6159,88800000,1
1290746880000,1290746939000,1.61594,1.61612,1.6159,1.61598,42500000,1
1290746940000,1290746999000,1.616,1.61622,1.61595,1.61597,41600000,1
1290747000000,1290747059000,1.61597,1.61597,1.61597,1.61597,11800000,1
1290747060000,1290747119000,1.61598,1.61602,1.61597,1.61602,19500000,1
1290747120000,1290747179000,1.616,1.61661,1.616,1.61661,113400000,1
1290747180000,1290747239000,1.61661,1.61677,1.61645,1.61668,93800000,1
1290747240000,1290747299000,1.61661,1.61707,1.61661,1.61688,38000000,1
1290747300000,1290747359000,1.61684,1.61693,1.61672,1.61685,30900000,1
1290747360000,1290747419000,1.61682,1.61719,1.61658,1.61715,46800000,1
1290747420000,1290747479000,1.61715,1.61737,1.61715,1.61729,54500000,1
1290747480000,1290747539000,1.61732,1.61733,1.61712,1.61712,30400000,1
1290747540000,1290747599000,1.61717,1.61755,1.61717,1.61747,52400000,1
1290747600000,1290747659000,1.61753,1.61787,1.61748,1.61777,94700000,1
1290747660000,1290747719000,1.61768,1.61788,1.61753,1.61782,110500000,1
1290747720000,1290747779000,1.61777,1.61793,1.61742,1.61758,68600000,1
1290747780000,1290747839000,1.61758,1.61803,1.61747,1.61795,93700000,1
1290747840000,1290747899000,1.61795,1.61817,1.61786,1.61799,64300000,1
1290747900000,1290747959000,1.61792,1.61862,1.61792,1.6183,93600000,1
1290747960000,1290748019000,1.61819,1.61845,1.61799,1.61799,81700000,1
1290748020000,1290748079000,1.61795,1.61843,1.61795,1.61823,94900000,1
1290748080000,1290748139000,1.61836,1.61838,1.61795,1.61818,84000000,1
1290748140000,1290748199000,1.61818,1.6191,1.61818,1.61906,147900000,1
1290748200000,1290748259000,1.61894,1.62014,1.61894,1.61983,92500000,1
1290748260000,1290748319000,1.61981,1.61987,1.61921,1.61943,89400000,1
1290748320000,1290748379000,1.61948,1.61991,1.61947,1.61991,73100000,1
1290748380000,1290748439000,1.61991,1.62007,1.61872,1.61875,143400000,1
1290748440000,1290748499000,1.61863,1.61896,1.61759,1.6183,140600000,1
1290748500000,1290748559000,1.6183,1.6183,1.6173,1.6173,102400000,1
1290748560000,1290748619000,1.6173,1.61757,1.6173,1.61757,72700000,1
1290748620000,1290748679000,1.61758,1.61803,1.61753,1.61775,74600000,1
1290748680000,1290748739000,1.61775,1.61809,1.61769,1.61793,52000000,1
1290748740000,1290748799000,1.61793,1.61814,1.61771,1.61781,71200000,1
1290748800000,1290748859000,1.61791,1.61824,1.6178,1.61788,112000000,1
1290748860000,1290748919000,1.61782,1.61816,1.61782,1.61789,59900000,1
1290748920000,1290748979000,1.61789,1.61851,1.61769,1.61832,77000000,1
1290748980000,1290749039000,1.61834,1.61919,1.61818,1.61919,161300000,1
1290749040000,1290749099000,1.61919,1.61941,1.61882,1.61886,102700000,1
1290749100000,1290749159000,1.61886,1.61886,1.61835,1.61846,104100000,1
1290749160000,1290749219000,1.61846,1.61871,1.61846,1.61848,81100000,1
1290749220000,1290749279000,1.61847,1.61856,1.61807,1.61831,143800000,1
1290749280000,1290749339000,1.61827,1.61843,1.61771,1.61771,71500000,1
1290749340000,1290749399000,1.61768,1.61813,1.61736,1.61793,104700000,1
1290749400000,1290749459000,1.61793,1.61808,1.61764,1.61764,59400000,1
1290749460000,1290749519000,1.61765,1.61773,1.61745,1.61756,37100000,1
1290749520000,1290749579000,1.61756,1.61765,1.61756,1.61765,15600000,1
1290749580000,1290749639000,1.61765,1.61772,1.61765,1.61772,22800000,1
1290749640000,1290749699000,1.61772,1.61823,1.61756,1.61823,49600000,1
1290749700000,1290749759000,1.6183,1.61854,1.61815,1.61854,85500000,1
1290749760000,1290749819000,1.61854,1.61905,1.61815,1.61905,124900000,1
1290749820000,1290749879000,1.61899,1.61907,1.6186,1.61873,101400000,1
1290749880000,1290749939000,1.61874,1.61918,1.61837,1.61918,127200000,1
1290749940000,1290749999000,1.61918,1.61948,1.61908,1.61945,100200000,1
1290750000000,1290750059000,1.61953,1.61975,1.61928,1.61936,57800000,1
1290750060000,1290750119000,1.61942,1.61951,1.61916,1.6194,61800000,1
1290750120000,1290750179000,1.61943,1.61966,1.61933,1.61966,71300000,1
1290750180000,1290750239000,1.61967,1.61977,1.61942,1.61957,49200000,1
1290750240000,1290750299000,1.61962,1.61972,1.61944,1.61953,59500000,1
1290750300000,1290750359000,1.61957,1.61957,1.61913,1.61938,82100000,1
1290750360000,1290750419000,1.61942,1.6195,1.61887,1.61903,108900000,1
1290750420000,1290750479000,1.61908,1.61915,1.61841,1.61851,80200000,1
1290750480000,1290750539000,1.61851,1.61889,1.61826,1.61826,99200000,1
1290750540000,1290750599000,1.61826,1.61855,1.61823,1.61828,103500000,1
1290750600000,1290750659000,1.61828,1.61919,1.61828,1.61919,131900000,1
1290750660000,1290750719000,1.61919,1.61932,1.61887,1.61932,133200000,1
1290750720000,1290750779000,1.61934,1.62033,1.61932,1.61991,129600000,1
1290750780000,1290750839000,1.61991,1.62001,1.6196,1.61972,113400000,1
1290750840000,1290750899000,1.61972,1.61993,1.61906,1.61908,152100000,1
1290750900000,1290750959000,1.61911,1.61943,1.61909,1.61937,107600000,1
1290750960000,1290751019000,1.61929,1.61943,1.61908,1.61915,169000000,1
1290751020000,1290751079000,1.6191,1.61921,1.61885,1.61896,107800000,1
1290751080000,1290751139000,1.61888,1.61893,1.61842,1.61842,98100000,1
1290751140000,1290751199000,1.61851,1.61862,1.61816,1.61862,108800000,1
1290751200000,1290751259000,1.61865,1.61895,1.61847,1.61857,118300000,1
1290751260000,1290751319000,1.61857,1.61903,1.61852,1.61897,76800000,1
1290751320000,1290751379000,1.61903,1.61903,1.61852,1.61856,53500000,1
1290751380000,1290751439000,1.61849,1.61858,1.61783,1.61783,106700000,1
1290751440000,1290751499000,1.61774,1.61799,1.61774,1.61778,83000000,1
1290751500000,1290751559000,1.61773,1.61796,1.61768,1.61796,27000000,1
1290751560000,1290751619000,1.61793,1.61859,1.61789,1.61822,101200000,1
1290751620000,1290751679000,1.6183,1.61864,1.6183,1.61849,38100000,1
1290751680000,1290751739000,1.61855,1.61869,1.61843,1.61857,39900000,1
1290751740000,1290751799000,1.61848,1.61887,1.61848,1.61882,47400000,1
1290751800000,1290751859000,1.61884,1.61887,1.61857,1.61871,55500000,1
1290751860000,1290751919000,1.61878,1.61929,1.61876,1.61905,89700000,1
1290751920000,1290751979000,1.61905,1.61907,1.61881,1.61897,88100000,1
1290751980000,1290752039000,1.61897,1.6195,1.61894,1.61906,88500000,1
1290752040000,1290752099000,1.61902,1.61954,1.61899,1.61921,143800000,1
1290752100000,1290752159000,1.61921,1.61949,1.61921,1.61949,39400000,1
1290752160000,1290752219000,1.61949,1.61969,1.61915,1.61954,125200000,1
1290752220000,1290752279000,1.61954,1.6201,1.61939,1.62001,134700000,1
1290752280000,1290752339000,1.6201,1.6215,1.62003,1.62038,206700000,1
1290752340000,1290752399000,1.62038,1.62085,1.62004,1.62085,178500000,1
1290752400000,1290752459000,1.62077,1.62235,1.62077,1.62161,179200000,1
1290752460000,1290752519000,1.6216,1.62183,1.62138,1.62149,119300000,1
1290752520000,1290752579000,1.62151,1.62157,1.62096,1.62114,109400000,1
1290752580000,1290752639000,1.62114,1.62128,1.62029,1.62063,105800000,1
1290752640000,1290752699000,1.62067,1.62071,1.62017,1.62045,94300000,1
1290752700000,1290752759000,1.62034,1.62061,1.62,1.62048,129100000,1
1290752760000,1290752819000,1.62053,1.62053,1.61989,1.61997,46100000,1
1290752820000,1290752879000,1.62002,1.6224,1.61989,1.62198,185900000,1
1290752880000,1290752939000,1.62186,1.62254,1.62098,1.62116,258500000,1
1290752940000,1290752999000,1.62119,1.62122,1.61964,1.61973,136600000,1
1290753000000,1290753059000,1.61978,1.62032,1.61965,1.62018,139800000,1
1290753060000,1290753119000,1.62028,1.62063,1.62002,1.62008,100200000,1
1290753120000,1290753179000,1.61998,1.62001,1.61943,1.61943,114000000,1
1290753180000,1290753239000,1.61969,1.62007,1.61954,1.61988,95600000,1
1290753240000,1290753299000,1.61986,1.61995,1.61936,1.6196,96700000,1
1290753300000,1290753359000,1.61961,1.6206,1.61961,1.62053,148100000,1
1290753360000,1290753419000,1.62061,1.62133,1.62058,1.62132,122800000,1
1290753420000,1290753479000,1.62132,1.62156,1.62099,1.62145,122400000,1
1290753480000,1290753539000,1.62145,1.62209,1.62141,1.6217,126000000,1
1290753540000,1290753599000,1.62181,1.62182,1.62052,1.62119,146900000,1
1290753600000,1290753659000,1.6212,1.62136,1.62085,1.62108,66300000,1
1290753660000,1290753719000,1.62107,1.62198,1.62094,1.62149,117200000,1
1290753720000,1290753779000,1.62149,1.62189,1.62133,1.62165,81100000,1
1290753780000,1290753839000,1.62164,1.62164,1.62074,1.62082,138700000,1
1290753840000,1290753899000,1.62087,1.6213,1.62076,1.6213,143800000,1
1290753900000,1290753959000,1.62129,1.62188,1.62129,1.62165,102500000,1
1290753960000,1290754019000,1.62165,1.6219,1.62157,1.62164,94100000,1
1290754020000,1290754079000,1.62166,1.62203,1.62152,1.62189,72200000,1
1290754080000,1290754139000,1.62189,1.62203,1.62162,1.62167,102000000,1
1290754140000,1290754199000,1.62164,1.62219,1.62163,1.62219,96400000,1
1290754200000,1290754259000,1.62214,1.62231,1.62163,1.62186,153200000,1
1290754260000,1290754319000,1.62179,1.62222,1.62112,1.62112,165300000,1
1290754320000,1290754379000,1.6212,1.62166,1.62111,1.62118,184900000,1
1290754380000,1290754439000,1.62115,1.6212,1.6196,1.61983,184000000,1
1290754440000,1290754499000,1.61979,1.62047,1.61966,1.62047,97300000,1
1290754500000,1290754559000,1.62041,1.62079,1.61971,1.62032,168600000,1
1290754560000,1290754619000,1.62044,1.62066,1.62032,1.62056,131200000,1
1290754620000,1290754679000,1.62056,1.62088,1.62029,1.62068,139900000,1
1290754680000,1290754739000,1.62069,1.62114,1.62064,1.62085,129300000,1
1290754740000,1290754799000,1.6208,1.62092,1.62046,1.62046,106600000,1
1290754800000,1290754859000,1.62046,1.62083,1.62041,1.62067,131400000,1
1290754860000,1290754919000,1.62068,1.62082,1.62051,1.62067,111800000,1
1290754920000,1290754979000,1.62069,1.6212,1.62066,1.62082,118700000,1
1290754980000,1290755039000,1.62077,1.62088,1.62042,1.62045,98000000,1
1290755040000,1290755099000,1.62049,1.62076,1.62045,1.62067,101100000,1
1290755100000,1290755159000,1.6206,1.62088,1.62051,1.62076,100800000,1
1290755160000,1290755219000,1.62076,1.62076,1.61989,1.61989,146300000,1
1290755220000,1290755279000,1.61989,1.61998,1.61964,1.61972,111400000,1
1290755280000,1290755339000,1.61982,1.62049,1.61972,1.61997,92600000,1
1290755340000,1290755399000,1.61997,1.62029,1.61972,1.62019,117000000,1
1290755400000,1290755459000,1.62019,1.62029,1.61962,1.61986,111300000,1
1290755460000,1290755519000,1.61982,1.62031,1.61981,1.62019,109500000,1
1290755520000,1290755579000,1.62019,1.6207,1.62013,1.62068,75100000,1
1290755580000,1290755639000,1.62059,1.6209,1.62031,1.62044,71000000,1
1290755640000,1290755699000,1.6203,1.62043,1.6199,1.62007,87300000,1
1290755700000,1290755759000,1.62007,1.62031,1.62003,1.62003,83600000,1
1290755760000,1290755819000,1.62015,1.62045,1.62008,1.62032,34100000,1
1290755820000,1290755879000,1.6203,1.62044,1.61972,1.61976,109900000,1
1290755880000,1290755939000,1.61978,1.6202,1.61965,1.61995,95400000,1
1290755940000,1290755999000,1.61995,1.62006,1.61986,1.62005,41500000,1
1290756000000,1290756059000,1.6199,1.62048,1.61973,1.62048,131300000,1
1290756060000,1290756119000,1.62073,1.62073,1.62034,1.62057,103600000,1
1290756120000,1290756179000,1.62057,1.62102,1.62048,1.62058,110800000,1
1290756180000,1290756239000,1.62043,1.62098,1.6204,1.62083,109000000,1
1290756240000,1290756299000,1.62088,1.62175,1.62088,1.62096,134000000,1
1290756300000,1290756359000,1.62096,1.6218,1.62088,1.62123,139600000,1
1290756360000,1290756419000,1.62117,1.62182,1.62117,1.62125,125700000,1
1290756420000,1290756479000,1.62136,1.62182,1.62102,1.62154,129600000,1
1290756480000,1290756539000,1.62154,1.62219,1.62078,1.62121,134900000,1
1290756540000,1290756599000,1.62121,1.62142,1.62076,1.62076,106500000,1
1290756600000,1290756659000,1.62071,1.62104,1.62069,1.62104,78100000,1
1290756660000,1290756719000,1.62102,1.62112,1.62027,1.6209,155700000,1
1290756720000,1290756779000,1.62078,1.62108,1.62055,1.62092,87400000,1
1290756780000,1290756839000,1.62091,1.62153,1.62071,1.62108,104300000,1
1290756840000,1290756899000,1.62107,1.62212,1.62107,1.62195,126700000,1
1290756900000,1290756959000,1.62196,1.62196,1.62084,1.62093,102200000,1
1290756960000,1290757019000,1.62101,1.62108,1.62054,1.62079,120100000,1
1290757020000,1290757079000,1.62086,1.62142,1.62067,1.62136,105800000,1
1290757080000,1290757139000,1.62157,1.62172,1.62115,1.62123,138600000,1
1290757140000,1290757199000,1.62115,1.62137,1.62062,1.62081,126900000,1
1290757200000,1290757259000,1.62073,1.6211,1.62065,1.62081,113700000,1
1290757260000,1290757319000,1.62081,1.62105,1.62063,1.621,141900000,1
1290757320000,1290757379000,1.621,1.62249,1.62086,1.6213,183300000,1
1290757380000,1290757439000,1.62123,1.62145,1.62099,1.62109,107600000,1
1290757440000,1290757499000,1.6211,1.62124,1.62067,1.62107,90500000,1
1290757500000,1290757559000,1.62102,1.62116,1.62067,1.62084,133900000,1
1290757560000,1290757619000,1.62083,1.62104,1.62042,1.62048,100800000,1
1290757620000,1290757679000,1.6205,1.62094,1.6203,1.62078,93000000,1
1290757680000,1290757739000,1.62081,1.62081,1.6203,1.62051,112600000,1
1290757740000,1290757799000,1.62066,1.62074,1.62035,1.62035,92800000,1
1290757800000,1290757859000,1.62035,1.62136,1.62012,1.62128,100000000,1
1290757860000,1290757919000,1.62112,1.62142,1.62018,1.62052,157100000,1
1290757920000,1290757979000,1.62054,1.62086,1.62037,1.62052,120700000,1
1290757980000,1290758039000,1.62061,1.62076,1.62018,1.62047,155500000,1
1290758040000,1290758099000,1.6203,1.6206,1.6202,1.62037,98400000,1
1290758100000,1290758159000,1.62037,1.62149,1.62029,1.6214,114800000,1
1290758160000,1290758219000,1.6214,1.62226,1.6214,1.62186,126400000,1
1290758220000,1290758279000,1.62184,1.62238,1.62179,1.62193,117100000,1
1290758280000,1290758339000,1.622,1.622,1.62137,1.62162,125400000,1
1290758340000,1290758399000,1.6217,1.62179,1.62125,1.62144,111000000,1
1290758400000,1290758459000,1.62144,1.62225,1.62144,1.62178,186200000,1
1290758460000,1290758519000,1.6218,1.62203,1.62173,1.62195,94800000,1
1290758520000,1290758579000,1.62192,1.6222,1.62192,1.62196,100000000,1
1290758580000,1290758639000,1.62196,1.62245,1.62153,1.62198,107500000,1
1290758640000,1290758699000,1.62197,1.62204,1.6215,1.62167,89600000,1
1290758700000,1290758759000,1.62165,1.62213,1.62116,1.62122,124100000,1
1290758760000,1290758819000,1.62105,1.62131,1.62098,1.6211,102000000,1
1290758820000,1290758879000,1.6211,1.62119,1.62077,1.62083,99300000,1
1290758880000,1290758939000,1.62085,1.62101,1.62038,1.62044,104900000,1
1290758940000,1290758999000,1.62039,1.62117,1.62039,1.62102,97800000,1
1290759000000,1290759059000,1.62103,1.62153,1.62069,1.62138,136500000,1
1290759060000,1290759119000,1.62148,1.62151,1.62062,1.62106,130600000,1
1290759120000,1290759179000,1.62108,1.62129,1.62054,1.62127,152900000,1
1290759180000,1290759239000,1.62124,1.6213,1.62097,1.62104,149700000,1
1290759240000,1290759299000,1.62104,1.62127,1.62081,1.621,126800000,1
1290759300000,1290759359000,1.62099,1.62124,1.62084,1.62086,129200000,1
1290759360000,1290759419000,1.62081,1.62099,1.62002,1.62004,153200000,1
1290759420000,1290759479000,1.62004,1.62111,1.6198,1.62049,247900000,1
1290759480000,1290759539000,1.62033,1.6211,1.62032,1.6208,202600000,1
1290759540000,1290759599000,1.6208,1.62122,1.62031,1.62046,218700000,1
1290759600000,1290759659000,1.62038,1.62076,1.62,1.62076,174200000,1
1290759660000,1290759719000,1.62076,1.62105,1.62023,1.62041,125900000,1
1290759720000,1290759779000,1.62031,1.62076,1.62002,1.62028,119100000,1
1290759780000,1290759839000,1.62024,1.62031,1.61931,1.61964,213300000,1
1290759840000,1290759899000,1.61959,1.62052,1.61946,1.62037,210800000,1
1290759900000,1290759959000,1.62036,1.62041,1.61962,1.61974,183500000,1
1290759960000,1290760019000,1.61974,1.62022,1.61934,1.61975,217600000,1
1290760020000,1290760079000,1.61975,1.61975,1.61922,1.61934,144400000,1
1290760080000,1290760139000,1.61938,1.61939,1.61827,1.61844,130400000,1
1290760140000,1290760199000,1.61855,1.61961,1.61835,1.6195,155100000,1
1290760200000,1290760259000,1.61949,1.62048,1.61947,1.62008,172200000,1
1290760260000,1290760319000,1.6201,1.62023,1.61995,1.62,92300000,1
1290760320000,1290760379000,1.61997,1.62008,1.61942,1.61974,101200000,1
1290760380000,1290760439000,1.61974,1.61984,1.61948,1.6198,78500000,1
1290760440000,1290760499000,1.61985,1.62026,1.61971,1.61973,85400000,1
1290760500000,1290760559000,1.6197,1.61978,1.61939,1.61978,86000000,1
1290760560000,1290760619000,1.61969,1.61971,1.61947,1.61971,57800000,1
1290760620000,1290760679000,1.61971,1.62042,1.61971,1.62027,70300000,1
1290760680000,1290760739000,1.62027,1.62045,1.61997,1.62011,109100000,1
1290760740000,1290760799000,1.62019,1.62057,1.61951,1.61989,128500000,1
1290760800000,1290760859000,1.61989,1.62022,1.61968,1.61981,162600000,1
1290760860000,1290760919000,1.61981,1.62006,1.61961,1.61982,114500000,1
1290760920000,1290760979000,1.61982,1.61994,1.61947,1.61952,104700000,1
1290760980000,1290761039000,1.61952,1.61983,1.61952,1.61957,67100000,1
1290761040000,1290761099000,1.61951,1.62022,1.61951,1.62018,132300000,1
1290761100000,1290761159000,1.62015,1.62037,1.62005,1.62027,78900000,1
1290761160000,1290761219000,1.62027,1.62042,1.62008,1.62018,114400000,1
1290761220000,1290761279000,1.62018,1.62018,1.61948,1.61979,105000000,1
1290761280000,1290761339000,1.61989,1.62024,1.6198,1.62017,89400000,1
1290761340000,1290761399000,1.62014,1.62016,1.62001,1.62004,98600000,1
1290761400000,1290761459000,1.62,1.62025,1.62,1.62018,92400000,1
1290761460000,1290761519000,1.62018,1.62018,1.61955,1.61959,113300000,1
1290761520000,1290761579000,1.61967,1.62008,1.61967,1.61967,80600000,1
1290761580000,1290761639000,1.61967,1.61995,1.6196,1.6197,59300000,1
1290761640000,1290761699000,1.6197,1.6197,1.61953,1.61955,80500000,1
1290761700000,1290761759000,1.61956,1.6201,1.61951,1.62003,88900000,1
1290761760000,1290761819000,1.62012,1.62012,1.6196,1.61973,132100000,1
1290761820000,1290761879000,1.61973,1.62,1.61964,1.6198,97700000,1
1290761880000,1290761939000,1.61981,1.62055,1.61976,1.6203,127700000,1
1290761940000,1290761999000,1.6202,1.62082,1.62003,1.62025,122200000,1
1290762000000,1290762059000,1.62034,1.62064,1.62018,1.6204,78200000,1
1290762060000,1290762119000,1.62035,1.62085,1.62025,1.62039,141800000,1
1290762120000,1290762179000,1.62039,1.62057,1.62024,1.62037,89800000,1
1290762180000,1290762239000,1.62043,1.62086,1.62022,1.6206,171500000,1
1290762240000,1290762299000,1.62062,1.62101,1.62052,1.62089,113600000,1
1290762300000,1290762359000,1.62094,1.62113,1.62072,1.6209,115500000,1
1290762360000,1290762419000,1.62083,1.62181,1.6208,1.62181,123600000,1
1290762420000,1290762479000,1.62176,1.62176,1.62092,1.62105,148400000,1
1290762480000,1290762539000,1.62093,1.62168,1.6209,1.62168,167400000,1
1290762540000,1290762599000,1.62164,1.62343,1.6215,1.6234,171100000,1
1290762600000,1290762659000,1.62334,1.62334,1.62238,1.62266,197300000,1
1290762660000,1290762719000,1.62262,1.62311,1.62175,1.622,133200000,1
1290762720000,1290762779000,1.62183,1.62206,1.62156,1.62156,118000000,1
1290762780000,1290762839000,1.62159,1.62177,1.62098,1.62132,182300000,1
1290762840000,1290762899000,1.62122,1.62135,1.62073,1.62082,133800000,1
1290762900000,1290762959000,1.62095,1.62113,1.62048,1.62101,136800000,1
1290762960000,1290763019000,1.62101,1.62153,1.6203,1.62038,210800000,1
1290763020000,1290763079000,1.62048,1.62104,1.62032,1.62048,126400000,1
1290763080000,1290763139000,1.62049,1.62103,1.62027,1.62102,168200000,1
1290763140000,1290763199000,1.62099,1.62104,1.6205,1.62076,142400000,1
1290763200000,1290763259000,1.62077,1.62145,1.62048,1.62123,209700000,1
1290763260000,1290763319000,1.62124,1.62156,1.62102,1.62116,141900000,1
1290763320000,1290763379000,1.62121,1.62163,1.62091,1.62093,198000000,1
1290763380000,1290763439000,1.62088,1.62161,1.62088,1.62152,198400000,1
1290763440000,1290763499000,1.62156,1.62168,1.62077,1.62086,233600000,1
1290763500000,1290763559000,1.62093,1.62099,1.62034,1.62034,141400000,1
1290763560000,1290763619000,1.62032,1.62046,1.61992,1.62044,207800000,1
1290763620000,1290763679000,1.62036,1.62143,1.62009,1.62099,164700000,1
1290763680000,1290763739000,1.62101,1.62122,1.62083,1.62092,138200000,1
1290763740000,1290763799000,1.62084,1.62114,1.62084,1.621,105500000,1
1290763800000,1290763859000,1.62096,1.62104,1.62039,1.62041,157000000,1
1290763860000,1290763919000,1.62033,1.62058,1.62004,1.62031,169300000,1
1290763920000,1290763979000,1.62031,1.62079,1.62019,1.62077,143300000,1
1290763980000,1290764039000,1.62076,1.62095,1.62053,1.62076,157100000,1
1290764040000,1290764099000,1.62085,1.62196,1.62085,1.62196,201900000,1
1290764100000,1290764159000,1.62198,1.62366,1.62183,1.62318,227500000,1
1290764160000,1290764219000,1.62303,1.62309,1.62244,1.62309,194700000,1
1290764220000,1290764279000,1.62303,1.62428,1.62291,1.62338,189700000,1
1290764280000,1290764339000,1.62338,1.6235,1.62184,1.62201,198100000,1
1290764340000,1290764399000,1.622,1.62272,1.62185,1.62233,153000000,1
1290764400000,1290764459000,1.62233,1.62501,1.62189,1.62491,262100000,1
1290764460000,1290764519000,1.6249,1.62539,1.62414,1.62438,274600000,1
1290764520000,1290764579000,1.6243,1.6257,1.62395,1.62541,231900000,1
1290764580000,1290764639000,1.62551,1.62574,1.62479,1.6255,219700000,1
1290764640000,1290764699000,1.6255,1.62648,1.62524,1.62611,128400000,1
1290764700000,1290764759000,1.62619,1.62653,1.62595,1.62648,146500000,1
1290764760000,1290764819000,1.62636,1.62697,1.62617,1.62665,132200000,1
1290764820000,1290764879000,1.62672,1.62739,1.62663,1.62725,111500000,1
1290764880000,1290764939000,1.62721,1.62742,1.6267,1.62689,159600000,1
1290764940000,1290764999000,1.62693,1.62708,1.62654,1.62654,185500000,1
1290765000000,1290765059000,1.62656,1.62656,1.62595,1.62603,122700000,1
1290765060000,1290765119000,1.62603,1.62658,1.62587,1.62641,171200000,1
1290765120000,1290765179000,1.62641,1.62652,1.62582,1.62602,130800000,1
1290765180000,1290765239000,1.62602,1.6268,1.62602,1.62667,115200000,1
1290765240000,1290765299000,1.62675,1.62684,1.6264,1.6265,113600000,1
1290765300000,1290765359000,1.62642,1.62659,1.62538,1.62538,158300000,1
1290765360000,1290765419000,1.62538,1.6258,1.62453,1.62473,205500000,1
1290765420000,1290765479000,1.62479,1.62489,1.62402,1.62444,90600000,1
1290765480000,1290765539000,1.62444,1.62483,1.62411,1.62451,165900000,1
1290765540000,1290765599000,1.62454,1.62475,1.6234,1.62358,196600000,1
1290765600000,1290765659000,1.62334,1.62502,1.623,1.62478,187100000,1
1290765660000,1290765719000,1.62474,1.62538,1.6245,1.6252,157400000,1
1290765720000,1290765779000,1.62506,1.62589,1.62478,1.62579,190500000,1
1290765780000,1290765839000,1.62554,1.62713,1.62554,1.62688,173500000,1
1290765840000,1290765899000,1.62692,1.62755,1.62675,1.62699,174900000,1
1290765900000,1290765959000,1.62699,1.62699,1.62603,1.62654,126600000,1
1290765960000,1290766019000,1.6265,1.62748,1.6265,1.62745,120500000,1
1290766020000,1290766079000,1.6275,1.6276,1.62633,1.62654,137400000,1
1290766080000,1290766139000,1.62643,1.62737,1.62604,1.62725,142700000,1
1290766140000,1290766199000,1.62728,1.62728,1.62592,1.62609,158000000,1
1290766200000,1290766259000,1.62608,1.62661,1.62586,1.62652,152500000,1
1290766260000,1290766319000,1.6265,1.62666,1.62567,1.62572,123600000,1
1290766320000,1290766379000,1.62577,1.62577,1.62525,1.62531,152000000,1
1290766380000,1290766439000,1.62527,1.62548,1.62509,1.62518,90500000,1
1290766440000,1290766499000,1.62518,1.62539,1.62469,1.62539,124200000,1
1290766500000,1290766559000,1.62548,1.62548,1.62433,1.62461,140400000,1
1290766560000,1290766619000,1.62472,1.62474,1.62389,1.62394,138800000,1
1290766620000,1290766679000,1.62394,1.6253,1.62394,1.6253,154700000,1
1290766680000,1290766739000,1.6253,1.62568,1.62516,1.62523,150200000,1
1290766740000,1290766799000,1.62515,1.62529,1.62468,1.62527,155600000,1
1290766800000,1290766859000,1.62532,1.62575,1.62462,1.62467,173000000,1
1290766860000,1290766919000,1.62471,1.62488,1.6244,1.62468,123300000,1
1290766920000,1290766979000,1.62482,1.62513,1.62459,1.62474,169200000,1
1290766980000,1290767039000,1.62464,1.6253,1.62463,1.62484,152600000,1
1290767040000,1290767099000,1.62494,1.62563,1.62464,1.62563,99100000,1
1290767100000,1290767159000,1.62558,1.62567,1.62523,1.62537,88100000,1
1290767160000,1290767219000,1.62539,1.62606,1.62521,1.62606,140300000,1
1290767220000,1290767279000,1.62604,1.62643,1.62578,1.62632,82800000,1
1290767280000,1290767339000,1.62631,1.62707,1.62605,1.62701,88700000,1
1290767340000,1290767399000,1.62694,1.62749,1.62678,1.62736,85300000,1
1290767400000,1290767459000,1.62712,1.62762,1.6271,1.62721,90000000,1
1290767460000,1290767519000,1.62721,1.62737,1.62698,1.62725,82900000,1
1290767520000,1290767579000,1.62732,1.62745,1.62677,1.62716,97400000,1
1290767580000,1290767639000,1.62722,1.62739,1.62679,1.62689,110800000,1
1290767640000,1290767699000,1.6268,1.62682,1.62648,1.62663,114200000,1
1290767700000,1290767759000,1.62658,1.62661,1.62568,1.6257,103600000,1
1290767760000,1290767819000,1.62568,1.62659,1.62563,1.62659,72600000,1
1290767820000,1290767879000,1.62649,1.62695,1.62625,1.62659,105600000,1
1290767880000,1290767939000,1.62641,1.62706,1.6263,1.62706,158000000,1
1290767940000,1290767999000,1.62702,1.62739,1.62691,1.6272,90400000,1
1290768000000,1290768059000,1.6272,1.6272,1.62662,1.62671,92000000,1
1290768060000,1290768119000,1.62678,1.62697,1.62669,1.62679,72700000,1
1290768120000,1290768179000,1.62684,1.62702,1.62658,1.6269,70000000,1
1290768180000,1290768239000,1.6268,1.62721,1.62676,1.62718,76100000,1
1290768240000,1290768299000,1.62718,1.62731,1.62662,1.62663,98900000,1
1290768300000,1290768359000,1.62667,1.62691,1.62602,1.62626,80500000,1
1290768360000,1290768419000,1.62626,1.6265,1.62614,1.62614,109200000,1
1290768420000,1290768479000,1.62621,1.62622,1.62573,1.62578,72000000,1
1290768480000,1290768539000,1.62578,1.62578,1.6249,1.6249,104300000,1
1290768540000,1290768599000,1.6249,1.62504,1.62472,1.62503,96800000,1
1290768600000,1290768659000,1.62512,1.62554,1.62512,1.62534,77900000,1
1290768660000,1290768719000,1.62538,1.62588,1.62534,1.62586,74400000,1
1290768720000,1290768779000,1.62589,1.62656,1.6257,1.62622,124000000,1
1290768780000,1290768839000,1.62622,1.62631,1.62592,1.62598,84700000,1
1290768840000,1290768899000,1.62607,1.62623,1.62584,1.62596,71000000,1
1290768900000,1290768959000,1.62591,1.62608,1.6254,1.62563,110000000,1
1290768960000,1290769019000,1.62555,1.62564,1.62474,1.62488,93700000,1
1290769020000,1290769079000,1.62494,1.62612,1.62488,1.62579,131500000,1
1290769080000,1290769139000,1.62585,1.62609,1.62532,1.62552,166200000,1
1290769140000,1290769199000,1.62559,1.62592,1.62534,1.62543,166600000,1
1290769200000,1290769259000,1.62552,1.62627,1.62552,1.62616,94000000,1
1290769260000,1290769319000,1.62624,1.62633,1.626,1.62602,106200000,1
1290769320000,1290769379000,1.62602,1.62683,1.62602,1.62679,103000000,1
1290769380000,1290769439000,1.62679,1.62772,1.62679,1.62762,114300000,1
1290769440000,1290769499000,1.62782,1.62788,1.62755,1.62777,47700000,1
1290769500000,1290769559000,1.62777,1.62777,1.62747,1.62759,52900000,1
1290769560000,1290769619000,1.62773,1.62826,1.62733,1.62759,187800000,1
1290769620000,1290769679000,1.62758,1.62843,1.62716,1.62812,151400000,1
1290769680000,1290769739000,1.62812,1.62812,1.62748,1.62749,167700000,1
1290769740000,1290769799000,1.62735,1.62789,1.62679,1.62686,159900000,1
1290769800000,1290769859000,1.62686,1.62792,1.62674,1.6276,112800000,1
1290769860000,1290769919000,1.6275,1.62908,1.62748,1.62765,201800000,1
1290769920000,1290769979000,1.62782,1.62894,1.62782,1.62847,168000000,1
1290769980000,1290770039000,1.62857,1.62871,1.62807,1.62832,145800000,1
1290770040000,1290770099000,1.62833,1.62854,1.62793,1.62833,116200000,1
1290770100000,1290770159000,1.62838,1.62898,1.62825,1.62888,96300000,1
1290770160000,1290770219000,1.62888,1.62908,1.6281,1.62826,130000000,1
1290770220000,1290770279000,1.62824,1.62864,1.62802,1.62851,128500000,1
1290770280000,1290770339000,1.62856,1.62906,1.62835,1.62835,108500000,1
1290770340000,1290770399000,1.6284,1.62879,1.6281,1.6287,133700000,1
1290770400000,1290770459000,1.62869,1.62885,1.62813,1.62832,150300000,1
1290770460000,1290770519000,1.62837,1.62867,1.62808,1.62843,150900000,1
1290770520000,1290770579000,1.62849,1.62895,1.62814,1.6289,123800000,1
1290770580000,1290770639000,1.62891,1.629,1.62869,1.62891,51800000,1
1290770640000,1290770699000,1.62891,1.62891,1.62836,1.62846,70700000,1
1290770700000,1290770759000,1.62853,1.6287,1.62831,1.62866,88600000,1
1290770760000,1290770819000,1.62866,1.62928,1.62844,1.62928,114800000,1
1290770820000,1290770879000,1.62918,1.62989,1.62892,1.62985,78500000,1
1290770880000,1290770939000,1.62981,1.62981,1.62921,1.62935,102100000,1
1290770940000,1290770999000,1.62945,1.62956,1.62926,1.62936,84800000,1
1290771000000,1290771059000,1.62947,1.62977,1.62915,1.62954,131300000,1
1290771060000,1290771119000,1.62957,1.62957,1.6288,1.62891,143800000,1
1290771120000,1290771179000,1.62893,1.62939,1.62853,1.62939,109700000,1
1290771180000,1290771239000,1.62931,1.62932,1.62892,1.62911,70200000,1
1290771240000,1290771299000,1.62939,1.62959,1.62888,1.62931,89200000,1
1290771300000,1290771359000,1.62916,1.62966,1.62899,1.62952,127600000,1
1290771360000,1290771419000,1.62943,1.63032,1.62916,1.63009,171300000,1
1290771420000,1290771479000,1.63008,1.63018,1.62938,1.62959,97100000,1
1290771480000,1290771539000,1.62959,1.62998,1.62943,1.62953,123800000,1
1290771540000,1290771599000,1.62953,1.63023,1.62953,1.63023,110400000,1
1290771600000,1290771659000,1.63026,1.63053,1.63009,1.63037,83500000,1
1290771660000,1290771719000,1.63033,1.63052,1.63024,1.63035,120500000,1
1290771720000,1290771779000,1.63029,1.63033,1.63011,1.63018,73700000,1
1290771780000,1290771839000,1.63018,1.63062,1.6301,1.63052,113500000,1
1290771840000,1290771899000,1.63061,1.63109,1.6305,1.63095,142100000,1
1290771900000,1290771959000,1.63105,1.63136,1.63086,1.63129,61400000,1
1290771960000,1290772019000,1.63137,1.63156,1.63066,1.63078,139600000,1
1290772020000,1290772079000,1.63072,1.63108,1.63072,1.63108,74300000,1
1290772080000,1290772139000,1.63111,1.63189,1.63095,1.63186,148300000,1
1290772140000,1290772199000,1.63186,1.63186,1.63067,1.63105,142800000,1
1290772200000,1290772259000,1.63113,1.63143,1.63086,1.63092,88500000,1
1290772260000,1290772319000,1.63101,1.63138,1.6305,1.63058,80800000,1
1290772320000,1290772379000,1.63066,1.63117,1.63052,1.63067,121900000,1
1290772380000,1290772439000,1.63067,1.63077,1.63005,1.63021,127800000,1
1290772440000,1290772499000,1.63027,1.63037,1.62985,1.62995,91700000,1
1290772500000,1290772559000,1.62991,1.62992,1.62958,1.62992,65800000,1
1290772560000,1290772619000,1.62992,1.63003,1.62898,1.62919,113600000,1
1290772620000,1290772679000,1.62916,1.62937,1.62901,1.62911,112800000,1
1290772680000,1290772739000,1.62911,1.62956,1.62906,1.62956,88600000,1
1290772740000,1290772799000,1.62945,1.62959,1.62931,1.62937,107600000,1
1290772800000,1290772859000,1.62953,1.62967,1.62926,1.62952,123700000,1
1290772860000,1290772919000,1.62949,1.62962,1.62937,1.62947,39200000,1
1290772920000,1290772979000,1.62944,1.62954,1.62923,1.62947,125000000,1
1290772980000,1290773039000,1.62945,1.62974,1.62931,1.62962,86200000,1
1290773040000,1290773099000,1.62972,1.62989,1.62931,1.62931,81500000,1
1290773100000,1290773159000,1.62918,1.6293,1.62898,1.62926,119000000,1
1290773160000,1290773219000,1.62923,1.62923,1.62888,1.6291,110000000,1
1290773220000,1290773279000,1.6291,1.62925,1.62861,1.62861,96700000,1
1290773280000,1290773339000,1.62866,1.62873,1.62849,1.62858,142800000,1
1290773340000,1290773399000,1.62855,1.62895,1.62811,1.62863,163600000,1
1290773400000,1290773459000,1.62871,1.62909,1.62828,1.62898,110700000,1
1290773460000,1290773519000,1.62888,1.62901,1.62817,1.62832,103600000,1
1290773520000,1290773579000,1.62833,1.62866,1.62772,1.62796,114200000,1
1290773580000,1290773639000,1.62792,1.62792,1.62728,1.62785,155900000,1
1290773640000,1290773699000,1.62785,1.6282,1.62784,1.628,137800000,1
1290773700000,1290773759000,1.6279,1.628,1.62744,1.62755,100600000,1
1290773760000,1290773819000,1.62755,1.62779,1.62726,1.62776,84000000,1
1290773820000,1290773879000,1.62776,1.62836,1.62752,1.62824,151700000,1
1290773880000,1290773939000,1.62825,1.62825,1.62787,1.62809,90600000,1
1290773940000,1290773999000,1.62809,1.62813,1.62809,1.62809,37600000,1
1290774000000,1290774059000,1.6281,1.62841,1.62802,1.62828,92300000,1
1290774060000,1290774119000,1.62828,1.62858,1.62809,1.62812,123400000,1
1290774120000,1290774179000,1.62814,1.62838,1.62789,1.62789,107000000,1
1290774180000,1290774239000,1.62789,1.62819,1.62756,1.62756,85900000,1
1290774240000,1290774299000,1.62753,1.6276,1.62726,1.62735,81300000,1
1290774300000,1290774359000,1.62746,1.62755,1.62719,1.62719,111900000,1
1290774360000,1290774419000,1.62727,1.6275,1.62722,1.62742,104600000,1
1290774420000,1290774479000,1.62742,1.62765,1.62732,1.62757,71600000,1
1290774480000,1290774539000,1.62751,1.62795,1.62747,1.62795,89500000,1
1290774540000,1290774599000,1.62788,1.6287,1.62786,1.62844,109300000,1
1290774600000,1290774659000,1.62852,1.62877,1.62783,1.62794,94100000,1
1290774660000,1290774719000,1.62804,1.62806,1.62771,1.62778,123300000,1
1290774720000,1290774779000,1.6278,1.6281,1.62713,1.62741,111200000,1
1290774780000,1290774839000,1.62736,1.62774,1.62715,1.6275,108600000,1
1290774840000,1290774899000,1.6275,1.62782,1.62735,1.62735,67900000,1
1290774900000,1290774959000,1.62742,1.6276,1.62642,1.62642,176600000,1
1290774960000,1290775019000,1.6265,1.62659,1.62532,1.62537,137900000,1
1290775020000,1290775079000,1.62542,1.62632,1.62539,1.62609,123800000,1
1290775080000,1290775139000,1.62594,1.62633,1.62584,1.62623,153300000,1
1290775140000,1290775199000,1.62622,1.62622,1.62517,1.62537,137400000,1
1290775200000,1290775259000,1.6254,1.6258,1.62539,1.6257,139800000,1
1290775260000,1290775319000,1.62573,1.62592,1.62525,1.62538,102100000,1
1290775320000,1290775379000,1.62538,1.62538,1.62504,1.62504,88000000,1
1290775380000,1290775439000,1.62512,1.62525,1.62484,1.62493,131400000,1
1290775440000,1290775499000,1.62495,1.62533,1.62486,1.62501,104500000,1
1290775500000,1290775559000,1.62501,1.62509,1.62471,1.62471,81600000,1
1290775560000,1290775619000,1.62471,1.62509,1.62468,1.62493,80900000,1
1290775620000,1290775679000,1.62494,1.62504,1.62493,1.62504,55200000,1
1290775680000,1290775739000,1.62504,1.62549,1.62504,1.62543,85800000,1
1290775740000,1290775799000,1.62543,1.62544,1.62468,1.62474,73400000,1
1290775800000,1290775859000,1.62474,1.62475,1.62413,1.62473,88300000,1
1290775860000,1290775919000,1.62473,1.62507,1.62473,1.62494,82300000,1
1290775920000,1290775979000,1.62493,1.6251,1.62483,1.62488,79700000,1
1290775980000,1290776039000,1.62496,1.62514,1.62471,1.62508,96200000,1
1290776040000,1290776099000,1.62512,1.62549,1.62506,1.62518,97900000,1
1290776100000,1290776159000,1.62518,1.6258,1.62518,1.62553,96100000,1
1290776160000,1290776219000,1.62554,1.62575,1.62548,1.62548,146700000,1
1290776220000,1290776279000,1.62547,1.62547,1.62483,1.62483,108100000,1
1290776280000,1290776339000,1.62489,1.62504,1.62459,1.62482,104900000,1
1290776340000,1290776399000,1.62485,1.62505,1.62472,1.62484,63000000,1
1290776400000,1290776459000,1.62484,1.62507,1.62448,1.62448,92900000,1
1290776460000,1290776519000,1.62447,1.62544,1.62442,1.62514,97400000,1
1290776520000,1290776579000,1.62517,1.62587,1.62517,1.62547,112100000,1
1290776580000,1290776639000,1.62546,1.62553,1.62465,1.62465,95900000,1
1290776640000,1290776699000,1.62465,1.62514,1.62445,1.62448,100100000,1
1290776700000,1290776759000,1.6244,1.62483,1.6244,1.6247,95900000,1
1290776760000,1290776819000,1.6247,1.62489,1.62437,1.6245,94700000,1
1290776820000,1290776879000,1.62451,1.62468,1.62424,1.62435,108800000,1
1290776880000,1290776939000,1.62431,1.62509,1.62431,1.62492,98400000,1
1290776940000,1290776999000,1.62487,1.62497,1.62457,1.62496,89000000,1
1290777000000,1290777059000,1.62496,1.6251,1.62483,1.62492,50000000,1
1290777060000,1290777119000,1.62487,1.62497,1.62454,1.62459,51100000,1
1290777120000,1290777179000,1.62449,1.62468,1.6239,1.6239,95100000,1
1290777180000,1290777239000,1.6239,1.6239,1.62328,1.62331,178300000,1
1290777240000,1290777299000,1.6233,1.62364,1.62321,1.62333,106700000,1
1290777300000,1290777359000,1.62314,1.62403,1.62314,1.62382,141300000,1
1290777360000,1290777419000,1.62385,1.62438,1.62379,1.62399,143200000,1
1290777420000,1290777479000,1.62392,1.62432,1.6239,1.62416,99700000,1
1290777480000,1290777539000,1.62416,1.62428,1.62374,1.62403,94100000,1
1290777540000,1290777599000,1.62387,1.62471,1.62384,1.62444,115400000,1
1290777600000,1290777659000,1.62444,1.62468,1.62424,1.62446,113200000,1
1290777660000,1290777719000,1.6245,1.62456,1.62425,1.62439,101700000,1
1290777720000,1290777779000,1.62434,1.62456,1.62379,1.62429,161500000,1
1290777780000,1290777839000,1.62436,1.62484,1.62424,1.62469,117300000,1
1290777840000,1290777899000,1.62459,1.62491,1.62427,1.62447,106700000,1
1290777900000,1290777959000,1.62447,1.6248,1.6235,1.6235,135800000,1
1290777960000,1290778019000,1.6234,1.62379,1.62322,1.62372,116000000,1
1290778020000,1290778079000,1.62374,1.6238,1.62254,1.62254,137200000,1
1290778080000,1290778139000,1.62258,1.62268,1.62225,1.62266,94800000,1
1290778140000,1290778199000,1.62266,1.62278,1.6224,1.6227,51800000,1
1290778200000,1290778259000,1.62267,1.62267,1.62218,1.6223,143900000,1
1290778260000,1290778319000,1.62213,1.62295,1.62206,1.62257,146600000,1
1290778320000,1290778379000,1.62251,1.62273,1.62218,1.62255,71200000,1
1290778380000,1290778439000,1.62254,1.62283,1.62221,1.6228,104500000,1
1290778440000,1290778499000,1.62273,1.62274,1.62243,1.62258,69400000,1
1290778500000,1290778559000,1.62259,1.62284,1.62234,1.62262,130000000,1
1290778560000,1290778619000,1.62265,1.62335,1.62264,1.62299,141500000,1
1290778620000,1290778679000,1.6232,1.6234,1.62293,1.62317,136900000,1
1290778680000,1290778739000,1.62324,1.62324,1.62247,1.62255,138800000,1
1290778740000,1290778799000,1.62241,1.62306,1.62204,1.62268,147700000,1
1290778800000,1290778859000,1.62277,1.62277,1.62196,1.62212,160100000,1
1290778860000,1290778919000,1.62199,1.62216,1.62183,1.62189,101100000,1
1290778920000,1290778979000,1.62196,1.62199,1.62153,1.62178,121200000,1
1290778980000,1290779039000,1.62179,1.62202,1.62155,1.62199,114900000,1
1290779040000,1290779099000,1.62203,1.62207,1.62178,1.62184,83500000,1
1290779100000,1290779159000,1.62191,1.62202,1.62063,1.62121,199200000,1
1290779160000,1290779219000,1.62117,1.6213,1.62074,1.62074,146100000,1
1290779220000,1290779279000,1.62061,1.6211,1.62057,1.62067,128600000,1
1290779280000,1290779339000,1.62071,1.62117,1.62068,1.62068,108900000,1
1290779340000,1290779399000,1.62075,1.62113,1.62056,1.62061,147000000,1
1290779400000,1290779459000,1.62073,1.62129,1.62059,1.62103,143100000,1
1290779460000,1290779519000,1.62115,1.62157,1.62115,1.62143,105500000,1
1290779520000,1290779579000,1.62141,1.62164,1.62141,1.62164,41800000,1
1290779580000,1290779639000,1.62157,1.62173,1.62095,1.62115,72600000,1
1290779640000,1290779699000,1.62107,1.62147,1.62107,1.62142,57500000,1
1290779700000,1290779759000,1.62157,1.62157,1.62097,1.62124,101100000,1
1290779760000,1290779819000,1.62135,1.62144,1.62084,1.62084,89900000,1
1290779820000,1290779879000,1.62087,1.62087,1.6202,1.62051,64500000,1
1290779880000,1290779939000,1.62045,1.62059,1.62024,1.62034,69500000,1
1290779940000,1290779999000,1.62038,1.62056,1.6202,1.62045,65800000,1
1290780000000,1290780059000,1.62037,1.62132,1.62037,1.6211,84500000,1
1290780060000,1290780119000,1.62107,1.62116,1.62067,1.62088,95200000,1
1290780120000,1290780179000,1.62097,1.6211,1.62053,1.62081,117500000,1
1290780180000,1290780239000,1.62081,1.62115,1.62063,1.62076,116000000,1
1290780240000,1290780299000,1.62092,1.62141,1.62092,1.62109,101500000,1
1290780300000,1290780359000,1.6211,1.6212,1.62096,1.62115,43500000,1
1290780360000,1290780419000,1.62122,1.62158,1.62111,1.62147,97100000,1
1290780420000,1290780479000,1.62147,1.62165,1.62118,1.62165,57000000,1
1290780480000,1290780539000,1.62165,1.62171,1.62089,1.62098,76500000,1
1290780540000,1290780599000,1.62094,1.6211,1.62007,1.62007,149800000,1
1290780600000,1290780659000,1.62033,1.62036,1.61987,1.61998,128000000,1
1290780660000,1290780719000,1.62003,1.62021,1.61969,1.61978,103400000,1
1290780720000,1290780779000,1.61972,1.62005,1.61952,1.61956,127000000,1
1290780780000,1290780839000,1.6195,1.61989,1.61945,1.61946,105000000,1
1290780840000,1290780899000,1.61947,1.61951,1.61896,1.61951,117400000,1
1290780900000,1290780959000,1.61951,1.61962,1.6189,1.61927,135900000,1
1290780960000,1290781019000,1.61927,1.61963,1.61927,1.61951,66700000,1
1290781020000,1290781079000,1.61951,1.61974,1.61943,1.6195,53800000,1
1290781080000,1290781139000,1.61948,1.6195,1.61879,1.6189,67200000,1
1290781140000,1290781199000,1.61875,1.61942,1.61857,1.61916,124200000,1
1290781200000,1290781259000,1.61913,1.61952,1.61901,1.61949,82800000,1
1290781260000,1290781319000,1.61947,1.61951,1.61902,1.61911,77600000,1
1290781320000,1290781379000,1.61911,1.61943,1.61838,1.6188,119900000,1
1290781380000,1290781439000,1.6188,1.61888,1.61861,1.61882,111200000,1
1290781440000,1290781499000,1.61885,1.61903,1.61833,1.61846,108400000,1
1290781500000,1290781559000,1.61842,1.6186,1.61811,1.61851,104700000,1
1290781560000,1290781619000,1.61847,1.61893,1.61847,1.61881,96900000,1
1290781620000,1290781679000,1.61881,1.61911,1.61853,1.61884,105600000,1
1290781680000,1290781739000,1.61878,1.61912,1.61837,1.61891,85000000,1
1290781740000,1290781799000,1.61883,1.61912,1.61879,1.61884,95300000,1
1290781800000,1290781859000,1.61889,1.61902,1.61852,1.61871,108000000,1
1290781860000,1290781919000,1.61884,1.61932,1.61876,1.61909,134600000,1
1290781920000,1290781979000,1.61913,1.61961,1.61883,1.61961,95200000,1
1290781980000,1290782039000,1.6195,1.61957,1.61913,1.61932,107000000,1
1290782040000,1290782099000,1.61932,1.61977,1.61917,1.61977,160100000,1
1290782100000,1290782159000,1.61966,1.62017,1.61953,1.62017,109700000,1
1290782160000,1290782219000,1.62023,1.62039,1.62,1.62017,140100000,1
1290782220000,1290782279000,1.62017,1.62039,1.61961,1.61965,112900000,1
1290782280000,1290782339000,1.61969,1.62018,1.61949,1.62009,172400000,1
1290782340000,1290782399000,1.62009,1.62018,1.61985,1.62,165100000,1
1290782400000,1290782459000,1.62,1.62041,1.61996,1.62033,197700000,1
1290782460000,1290782519000,1.62043,1.62043,1.62011,1.62029,134400000,1
1290782520000,1290782579000,1.62031,1.62031,1.61923,1.61924,196800000,1
1290782580000,1290782639000,1.61927,1.61927,1.61861,1.61872,183400000,1
1290782640000,1290782699000,1.6188,1.61894,1.61855,1.61865,213400000,1
1290782700000,1290782759000,1.6187,1.61877,1.61825,1.61825,123300000,1
1290782760000,1290782819000,1.61836,1.61836,1.61743,1.61749,151400000,1
1290782820000,1290782879000,1.61756,1.618,1.61727,1.61734,87300000,1
1290782880000,1290782939000,1.61734,1.61771,1.6169,1.61739,123400000,1
1290782940000,1290782999000,1.61737,1.6179,1.617,1.617,185300000,1
1290783000000,1290783059000,1.61709,1.61722,1.61673,1.61674,114400000,1
1290783060000,1290783119000,1.61674,1.61699,1.61649,1.6168,110200000,1
1290783120000,1290783179000,1.6168,1.61724,1.61677,1.61702,99200000,1
1290783180000,1290783239000,1.61696,1.61724,1.61663,1.61695,130700000,1
1290783240000,1290783299000,1.61703,1.61703,1.61625,1.61673,199600000,1
1290783300000,1290783359000,1.61666,1.6171,1.61648,1.61692,250400000,1
1290783360000,1290783419000,1.61687,1.61706,1.61623,1.61677,111400000,1
1290783420000,1290783479000,1.61676,1.61686,1.61642,1.61667,134600000,1
1290783480000,1290783539000,1.61666,1.61758,1.61665,1.61748,129800000,1
1290783540000,1290783599000,1.61758,1.61769,1.6169,1.61726,123000000,1
1290783600000,1290783659000,1.61717,1.61772,1.6171,1.61762,125200000,1
1290783660000,1290783719000,1.61775,1.61775,1.61729,1.61757,96600000,1
1290783720000,1290783779000,1.61746,1.61781,1.61724,1.61781,127000000,1
1290783780000,1290783839000,1.61783,1.61822,1.61775,1.61802,92500000,1
1290783840000,1290783899000,1.61802,1.6183,1.61791,1.6181,102900000,1
1290783900000,1290783959000,1.618,1.61873,1.618,1.61859,150600000,1
1290783960000,1290784019000,1.61852,1.61852,1.61809,1.61817,107400000,1
1290784020000,1290784079000,1.61822,1.61862,1.61817,1.6184,129400000,1
1290784080000,1290784139000,1.61838,1.61851,1.61821,1.61821,97200000,1
1290784140000,1290784199000,1.6182,1.61839,1.61813,1.61839,67900000,1
1290784200000,1290784259000,1.61839,1.6184,1.61747,1.6176,124100000,1
1290784260000,1290784319000,1.61759,1.61794,1.61753,1.61787,128400000,1
1290784320000,1290784379000,1.61787,1.61833,1.61729,1.61826,120300000,1
1290784380000,1290784439000,1.61821,1.61896,1.61819,1.61879,113800000,1
1290784440000,1290784499000,1.61871,1.6193,1.61863,1.61908,78600000,1
1290784500000,1290784559000,1.61916,1.61916,1.61848,1.61866,121300000,1
1290784560000,1290784619000,1.61865,1.61865,1.61828,1.61858,97900000,1
1290784620000,1290784679000,1.61855,1.61902,1.61834,1.61867,106400000,1
1290784680000,1290784739000,1.61866,1.61933,1.6186,1.619,144700000,1
1290784740000,1290784799000,1.61907,1.61952,1.61869,1.61924,169400000,1
1290784800000,1290784859000,1.61921,1.61958,1.61889,1.61926,128000000,1
1290784860000,1290784919000,1.61924,1.6193,1.61884,1.61897,108000000,1
1290784920000,1290784979000,1.61908,1.61924,1.61882,1.61888,96900000,1
1290784980000,1290785039000,1.6189,1.61892,1.61847,1.61847,101800000,1
1290785040000,1290785099000,1.61847,1.61847,1.61776,1.61802,124200000,1
1290785100000,1290785159000,1.61802,1.61802,1.61748,1.61754,81200000,1
1290785160000,1290785219000,1.61748,1.61775,1.61737,1.61773,78700000,1
1290785220000,1290785279000,1.61773,1.6181,1.61769,1.61802,105000000,1
1290785280000,1290785339000,1.61797,1.61846,1.61789,1.61808,137100000,1
1290785340000,1290785399000,1.61807,1.6184,1.61795,1.61821,110800000,1
1290785400000,1290785459000,1.61827,1.61865,1.61812,1.61829,136100000,1
1290785460000,1290785519000,1.6182,1.61913,1.61814,1.61898,171400000,1
1290785520000,1290785579000,1.61907,1.6195,1.61904,1.6194,110500000,1
1290785580000,1290785639000,1.6194,1.61985,1.61927,1.61954,102800000,1
1290785640000,1290785699000,1.61954,1.61973,1.61923,1.61944,89500000,1
1290785700000,1290785759000,1.61939,1.61956,1.61907,1.61916,95300000,1
1290785760000,1290785819000,1.61921,1.61921,1.6187,1.6187,73000000,1
1290785820000,1290785879000,1.6187,1.619,1.6187,1.61897,65600000,1
1290785880000,1290785939000,1.61895,1.61924,1.6189,1.61924,76600000,1
1290785940000,1290785999000,1.61923,1.61923,1.6188,1.61904,111900000,1
1290786000000,1290786059000,1.61905,1.61942,1.61901,1.61942,99700000,1
1290786060000,1290786119000,1.61939,1.61958,1.6192,1.61921,71700000,1
1290786120000,1290786179000,1.61917,1.6196,1.61905,1.6196,90500000,1
1290786180000,1290786239000,1.61959,1.61987,1.61949,1.61953,83400000,1
1290786240000,1290786299000,1.61958,1.6199,1.61955,1.61975,73400000,1
1290786300000,1290786359000,1.61964,1.61982,1.61954,1.61977,107100000,1
1290786360000,1290786419000,1.61977,1.61986,1.61959,1.61986,74400000,1
1290786420000,1290786479000,1.61986,1.62001,1.61965,1.61969,49700000,1
1290786480000,1290786539000,1.61969,1.61977,1.61952,1.61973,63800000,1
1290786540000,1290786599000,1.61965,1.62004,1.61956,1.61978,85100000,1
1290786600000,1290786659000,1.61968,1.62007,1.61968,1.62007,80700000,1
1290786660000,1290786719000,1.62017,1.6203,1.61995,1.62006,73000000,1
1290786720000,1290786779000,1.62004,1.62034,1.61998,1.62023,65900000,1
1290786780000,1290786839000,1.62023,1.62034,1.61996,1.61996,74300000,1
1290786840000,1290786899000,1.61996,1.62007,1.6197,1.61983,83800000,1
1290786900000,1290786959000,1.61983,1.62011,1.61967,1.61996,101900000,1
1290786960000,1290787019000,1.61991,1.62018,1.61983,1.62006,76900000,1
1290787020000,1290787079000,1.62006,1.62019,1.61977,1.62005,75400000,1
1290787080000,1290787139000,1.62012,1.62053,1.62007,1.62051,86900000,1
1290787140000,1290787199000,1.62042,1.62089,1.61962,1.6197,165500000,1
1290787200000,1290787259000,1.61971,1.61989,1.61936,1.61972,121200000,1
1290787260000,1290787319000,1.61977,1.62024,1.61972,1.6199,107500000,1
1290787320000,1290787379000,1.61991,1.61996,1.61905,1.61905,118400000,1
1290787380000,1290787439000,1.61912,1.61923,1.61865,1.61868,117300000,1
1290787440000,1290787499000,1.61862,1.61948,1.61862,1.61904,114700000,1
1290787500000,1290787559000,1.61886,1.619,1.61808,1.61813,166600000,1
1290787560000,1290787619000,1.61792,1.61835,1.61786,1.61835,140400000,1
1290787620000,1290787679000,1.61838,1.61867,1.61825,1.61858,66300000,1
1290787680000,1290787739000,1.6186,1.61871,1.61822,1.61852,90400000,1
1290787740000,1290787799000,1.61852,1.61865,1.61831,1.6184,70500000,1
1290787800000,1290787859000,1.61843,1.61843,1.61787,1.61813,107200000,1
1290787860000,1290787919000,1.61807,1.61819,1.61751,1.61773,161700000,1
1290787920000,1290787979000,1.61784,1.61815,1.61771,1.61815,83900000,1
1290787980000,1290788039000,1.61821,1.61844,1.61772,1.61772,83600000,1
1290788040000,1290788099000,1.61775,1.61788,1.61742,1.61742,155000000,1
1290788100000,1290788159000,1.61739,1.61834,1.61739,1.61807,127300000,1
1290788160000,1290788219000,1.61805,1.61899,1.61798,1.61859,135100000,1
1290788220000,1290788279000,1.61855,1.6188,1.6184,1.61855,109400000,1
1290788280000,1290788339000,1.61856,1.61933,1.61852,1.61919,104600000,1
1290788340000,1290788399000,1.61919,1.61929,1.61868,1.61915,115800000,1
1290788400000,1290788459000,1.61905,1.61933,1.6186,1.61872,114800000,1
1290788460000,1290788519000,1.61871,1.61899,1.61831,1.6185,120100000,1
1290788520000,1290788579000,1.6185,1.61893,1.61812,1.61812,96500000,1
1290788580000,1290788639000,1.61812,1.61812,1.61768,1.61785,146000000,1
1290788640000,1290788699000,1.61794,1.61794,1.61722,1.61747,76900000,1
1290788700000,1290788759000,1.6175,1.61773,1.6173,1.61769,65000000,1
1290788760000,1290788819000,1.61762,1.61783,1.61737,1.61737,61100000,1
1290788820000,1290788879000,1.61727,1.61792,1.61725,1.61772,98800000,1
1290788880000,1290788939000,1.61772,1.61787,1.61754,1.6177,78000000,1
1290788940000,1290788999000,1.6177,1.61775,1.61728,1.61736,96300000,1
1290789000000,1290789059000,1.61728,1.61751,1.61693,1.6171,122300000,1
1290789060000,1290789119000,1.6171,1.61754,1.61708,1.61733,121200000,1
1290789120000,1290789179000,1.61734,1.61734,1.61704,1.61725,93200000,1
1290789180000,1290789239000,1.61716,1.61775,1.61706,1.61762,57000000,1
1290789240000,1290789299000,1.61766,1.61772,1.61743,1.61766,99500000,1
1290789300000,1290789359000,1.6178,1.61781,1.61722,1.61723,98100000,1
1290789360000,1290789419000,1.61726,1.61766,1.61722,1.61766,102300000,1
1290789420000,1290789479000,1.61766,1.61783,1.61759,1.61759,37400000,1
1290789480000,1290789539000,1.6176,1.61778,1.61735,1.61773,99400000,1
1290789540000,1290789599000,1.61766,1.61777,1.61761,1.61763,52500000,1
1290789600000,1290789659000,1.61762,1.61806,1.61762,1.61802,55800000,1
1290789660000,1290789719000,1.61802,1.61827,1.61794,1.61802,100000000,1
1290789720000,1290789779000,1.61802,1.61802,1.61777,1.61783,49700000,1
1290789780000,1290789839000,1.61783,1.6181,1.61775,1.61799,108400000,1
1290789840000,1290789899000,1.61802,1.61835,1.61788,1.61823,81400000,1
1290789900000,1290789959000,1.61819,1.61819,1.61781,1.61788,126100000,1
1290789960000,1290790019000,1.61773,1.61778,1.61757,1.61778,52400000,1
1290790020000,1290790079000,1.61788,1.61788,1.61757,1.61757,68200000,1
1290790080000,1290790139000,1.61757,1.61763,1.61722,1.61731,78300000,1
1290790140000,1290790199000,1.61729,1.61748,1.61726,1.61742,82600000,1
1290790200000,1290790259000,1.61743,1.6177,1.61743,1.61761,76200000,1
1290790260000,1290790319000,1.61761,1.61761,1.61733,1.61737,44800000,1
1290790320000,1290790379000,1.61737,1.61764,1.61724,1.61764,37900000,1
1290790380000,1290790439000,1.61762,1.61803,1.61747,1.61796,75900000,1
1290790440000,1290790499000,1.61799,1.61846,1.61799,1.61834,71700000,1
1290790500000,1290790559000,1.61828,1.61887,1.61828,1.61887,92700000,1
1290790560000,1290790619000,1.61887,1.61957,1.61878,1.61957,117200000,1
1290790620000,1290790679000,1.6196,1.61967,1.61925,1.61964,84000000,1
1290790680000,1290790739000,1.61964,1.6197,1.61931,1.61945,76000000,1
1290790740000,1290790799000,1.61949,1.61977,1.61898,1.61962,121200000,1
1290790800000,1290790859000,1.61961,1.61961,1.61917,1.61923,103400000,1
1290790860000,1290790919000,1.61937,1.61964,1.61907,1.61911,87900000,1
1290790920000,1290790979000,1.61903,1.6195,1.61892,1.61929,68200000,1
1290790980000,1290791039000,1.61929,1.61971,1.61915,1.61921,88900000,1
1290791040000,1290791099000,1.61923,1.61946,1.61884,1.61898,88800000,1
1290791100000,1290791159000,1.61908,1.61948,1.61892,1.61948,84700000,1
1290791160000,1290791219000,1.61946,1.61989,1.61936,1.61988,63300000,1
1290791220000,1290791279000,1.61988,1.6202,1.61982,1.61982,62200000,1
1290791280000,1290791339000,1.6199,1.6199,1.61951,1.61961,64100000,1
1290791340000,1290791399000,1.61961,1.61969,1.61913,1.61944,82200000,1
1290791400000,1290791459000,1.61942,1.61947,1.61935,1.61935,39300000,1
1290791460000,1290791519000,1.61934,1.61939,1.61903,1.61912,73100000,1
1290791520000,1290791579000,1.61912,1.61914,1.61871,1.61885,51900000,1
1290791580000,1290791639000,1.61885,1.61939,1.61851,1.61936,71400000,1
1290791640000,1290791699000,1.61936,1.61956,1.61907,1.61907,63200000,1
1290791700000,1290791759000,1.61897,1.61914,1.61876,1.61897,33600000,1
1290791760000,1290791819000,1.61897,1.61908,1.61895,1.61895,39000000,1
1290791820000,1290791879000,1.61895,1.61898,1.61895,1.61895,29500000,1
1290791880000,1290791939000,1.61867,1.61867,1.61819,1.61819,58500000,1
1290791940000,1290791999000,1.61822,1.61849,1.61812,1.61822,71700000,1
1290792000000,1290792059000,1.61822,1.6185,1.61769,1.61769,61600000,1
1290792060000,1290792119000,1.61769,1.61783,1.61742,1.61758,102500000,1
1290792120000,1290792179000,1.61758,1.6179,1.61743,1.6179,65400000,1
1290792180000,1290792239000,1.61785,1.61794,1.61782,1.61785,82500000,1
1290792240000,1290792299000,1.61785,1.61826,1.61785,1.61824,45500000,1
1290792300000,1290792359000,1.61824,1.61894,1.61824,1.61868,76200000,1
1290792360000,1290792419000,1.61867,1.61872,1.61813,1.61813,54800000,1
1290792420000,1290792479000,1.61812,1.61838,1.61792,1.61824,41700000,1
1290792480000,1290792539000,1.61821,1.61831,1.6181,1.61822,67100000,1
1290792540000,1290792599000,1.6183,1.61871,1.6183,1.6186,88500000,1
1290792600000,1290792659000,1.61869,1.61887,1.61826,1.61881,87900000,1
1290792660000,1290792719000,1.61881,1.61919,1.61876,1.61892,60300000,1
1290792720000,1290792779000,1.61892,1.61919,1.61892,1.61899,41600000,1
1290792780000,1290792839000,1.61899,1.61899,1.6188,1.61894,35600000,1
1290792840000,1290792899000,1.61878,1.61878,1.61835,1.61838,40000000,1
1290792900000,1290792959000,1.61838,1.61844,1.61806,1.61833,65100000,1
1290792960000,1290793019000,1.61828,1.61871,1.61823,1.61856,55700000,1
1290793020000,1290793079000,1.61856,1.61864,1.61848,1.61854,36300000,1
1290793080000,1290793139000,1.61862,1.61862,1.61836,1.61854,42900000,1
1290793140000,1290793199000,1.61854,1.61866,1.6184,1.6184,38700000,1
1290793200000,1290793259000,1.61843,1.6186,1.61836,1.61842,46700000,1
1290793260000,1290793319000,1.6185,1.61858,1.61842,1.61842,34900000,1
1290793320000,1290793379000,1.61842,1.61976,1.61842,1.61965,59700000,1
1290793380000,1290793439000,1.61974,1.61991,1.61965,1.61982,31400000,1
1290793440000,1290793499000,1.61983,1.6199,1.61958,1.61974,40700000,1
1290793500000,1290793559000,1.6197,1.62007,1.61952,1.61997,74200000,1
1290793560000,1290793619000,1.61999,1.6202,1.61962,1.61965,66100000,1
1290793620000,1290793679000,1.61971,1.61986,1.6195,1.61972,58700000,1
1290793680000,1290793739000,1.61972,1.6198,1.6192,1.61933,75300000,1
1290793740000,1290793799000,1.61925,1.62048,1.61925,1.62039,92100000,1
1290793800000,1290793859000,1.6206,1.62073,1.62014,1.62014,61500000,1
1290793860000,1290793919000,1.62014,1.62028,1.62002,1.62013,51500000,1
1290793920000,1290793979000,1.6202,1.62024,1.61991,1.61991,59700000,1
1290793980000,1290794039000,1.61991,1.62024,1.61991,1.62011,42000000,1
1290794040000,1290794099000,1.62009,1.62049,1.62009,1.62044,44500000,1
1290794100000,1290794159000,1.62044,1.62049,1.61981,1.61987,71100000,1
1290794160000,1290794219000,1.61987,1.61994,1.61934,1.61975,94900000,1
1290794220000,1290794279000,1.61978,1.62003,1.61938,1.61971,121100000,1
1290794280000,1290794339000,1.61957,1.61965,1.61933,1.61948,64600000,1
1290794340000,1290794399000,1.61948,1.61959,1.61805,1.61872,140900000,1
1290794400000,1290794459000,1.61882,1.61926,1.61848,1.61921,89100000,1
1290794460000,1290794519000,1.61936,1.62018,1.61927,1.61941,101400000,1
1290794520000,1290794579000,1.61944,1.61997,1.61937,1.61962,119700000,1
1290794580000,1290794639000,1.61962,1.6202,1.61961,1.62019,79600000,1
1290794640000,1290794699000,1.62013,1.6208,1.62013,1.62035,117700000,1
1290794700000,1290794759000,1.62035,1.62054,1.62014,1.6203,35600000,1
1290794760000,1290794819000,1.6203,1.62066,1.62027,1.62049,55900000,1
1290794820000,1290794879000,1.62049,1.62049,1.62043,1.62043,7700000,1
1290794880000,1290794939000,1.62043,1.62043,1.62043,1.62043,4900000,1
1290794940000,1290794999000,1.62043,1.62049,1.6201,1.62049,35800000,1
1290795000000,1290795059000,1.62049,1.62065,1.61966,1.62008,84500000,1
1290795060000,1290795119000,1.62014,1.62025,1.62006,1.62006,13100000,1
1290795120000,1290795179000,1.62014,1.62014,1.61963,1.61963,33900000,1
1290795180000,1290795239000,1.61963,1.6199,1.61962,1.61964,43700000,1
1290795240000,1290795299000,1.61964,1.61981,1.61949,1.61955,48000000,1
1290795300000,1290795359000,1.61955,1.62119,1.61955,1.62119,56200000,1
1290795360000,1290795419000,1.62107,1.62119,1.62072,1.62106,21500000,1
1290795420000,1290795479000,1.62105,1.62116,1.62105,1.62116,9100000,1
1290795480000,1290795539000,1.62116,1.62116,1.62106,1.62106,11000000,1
1290795540000,1290795599000,1.62138,1.62146,1.62102,1.62132,28400000,1
1290795600000,1290795659000,1.62132,1.62132,1.62104,1.62108,22600000,1
1290795660000,1290795719000,1.62104,1.62123,1.62104,1.62117,17600000,1
1290795720000,1290795779000,1.6212,1.62148,1.6212,1.62146,36800000,1
1290795780000,1290795839000,1.62146,1.62153,1.62142,1.62153,10600000,1
1290795840000,1290795899000,1.62153,1.62153,1.6212,1.6212,25800000,1
1290795900000,1290795959000,1.62116,1.62121,1.62108,1.62116,15900000,1
1290795960000,1290796019000,1.62121,1.62122,1.62116,1.62121,24400000,1
1290796020000,1290796079000,1.62121,1.62121,1.62116,1.6212,6500000,1
1290796080000,1290796139000,1.6212,1.62121,1.62104,1.6212,33800000,1
1290796140000,1290796199000,1.6212,1.62121,1.6212,1.62121,19600000,1
1290796200000,1290796259000,1.6213,1.6213,1.62107,1.62113,56000000,1
1290796260000,1290796319000,1.62113,1.62113,1.62063,1.6208,43100000,1
1290796320000,1290796379000,1.6208,1.62101,1.62059,1.62101,49500000,1
1290796380000,1290796439000,1.62101,1.62108,1.62098,1.62098,17400000,1
1290796440000,1290796499000,1.62092,1.62092,1.62063,1.62063,30200000,1
1290796500000,1290796559000,1.62064,1.62073,1.62053,1.62073,14500000,1
1290796560000,1290796619000,1.62084,1.62084,1.62044,1.62045,17000000,1
1290796620000,1290796679000,1.62043,1.62064,1.62043,1.62064,15200000,1
1290796680000,1290796739000,1.62064,1.62073,1.62052,1.62057,23900000,1
1290796740000,1290796799000,1.62042,1.62042,1.62042,1.62042,13400000,1
1290796800000,1290796859000,1.62042,1.62042,1.61955,1.61979,30500000,1
1290796860000,1290796919000,1.61979,1.61983,1.61964,1.6198,20400000,1
1290796920000,1290796979000,1.61977,1.62001,1.61977,1.62001,43400000,1
1290796980000,1290797039000,1.62001,1.6201,1.61999,1.62006,58600000,1
1290797040000,1290797099000,1.62006,1.62048,1.62001,1.62048,31700000,1
1290797100000,1290797159000,1.62036,1.62036,1.62036,1.62036,21300000,1
1290797160000,1290797219000,1.62036,1.62055,1.62036,1.62055,19300000,1
1290797220000,1290797279000,1.62055,1.62112,1.62055,1.62112,50300000,1
1290797280000,1290797339000,1.62114,1.62153,1.62107,1.62134,42200000,1
1290797340000,1290797399000,1.62134,1.62134,1.62095,1.62097,46500000,1
1290797400000,1290797459000,1.62109,1.62143,1.62109,1.62143,20400000,1
1290797460000,1290797519000,1.62135,1.62144,1.62124,1.62144,19500000,1
1290797520000,1290797579000,1.62144,1.62144,1.62139,1.62142,7800000,1
1290797580000,1290797639000,1.62142,1.62142,1.62124,1.62136,28700000,1
1290797640000,1290797699000,1.62125,1.62125,1.62026,1.62063,73000000,1
1290797700000,1290797759000,1.62063,1.62071,1.62053,1.62067,27100000,1
1290797760000,1290797819000,1.62067,1.62101,1.62067,1.62101,32800000,1
1290797820000,1290797879000,1.62101,1.62107,1.62094,1.62094,14400000,1
1290797880000,1290797939000,1.62098,1.6211,1.62085,1.621,40300000,1
1290797940000,1290797999000,1.621,1.621,1.62081,1.62081,23100000,1
1290798000000,1290798059000,1.62081,1.62081,1.62056,1.62056,24600000,1
1290798060000,1290798119000,1.62056,1.62056,1.62056,1.62056,6900000,1
1290798120000,1290798179000,1.62056,1.62094,1.62056,1.62074,21500000,1
1290798180000,1290798239000,1.62074,1.6211,1.62052,1.62084,49400000,1
1290798240000,1290798299000,1.62067,1.62067,1.6206,1.6206,22000000,1
1290798300000,1290798359000,1.62051,1.62085,1.62023,1.62023,24500000,1
1290798360000,1290798419000,1.62012,1.62049,1.62012,1.62029,41300000,1
1290798420000,1290798479000,1.62029,1.62067,1.62029,1.62036,14600000,1
1290798480000,1290798539000,1.62034,1.62046,1.62034,1.62046,10900000,1
1290798540000,1290798599000,1.62044,1.62046,1.62036,1.62046,21600000,1
1290798600000,1290798659000,1.62044,1.62065,1.62008,1.62065,49800000,1
1290798660000,1290798719000,1.6207,1.6207,1.62038,1.62038,7500000,1
1290798720000,1290798779000,1.62038,1.62092,1.62036,1.62062,15600000,1
1290798780000,1290798839000,1.62062,1.62062,1.62012,1.6202,19200000,1
1290798840000,1290798899000,1.6202,1.6202,1.61936,1.61985,33000000,1
1290798900000,1290798959000,1.61984,1.62051,1.61983,1.62009,46800000,1
1290798960000,1290799019000,1.6202,1.6202,1.6201,1.6201,16600000,1
1290799020000,1290799079000,1.6201,1.6201,1.61966,1.6197,21800000,1
1290799080000,1290799139000,1.61971,1.61997,1.61956,1.61997,66500000,1
1290799140000,1290799199000,1.61997,1.61997,1.61968,1.61968,6500000,1
1290799200000,1290799259000,1.61968,1.61989,1.61934,1.61934,31400000,1
1290799260000,1290799319000,1.61934,1.61934,1.61907,1.61915,26400000,1
1290799320000,1290799379000,1.61915,1.6203,1.61915,1.62018,84300000,1
1290799380000,1290799439000,1.62018,1.6203,1.62018,1.6203,19900000,1
1290799440000,1290799499000,1.6203,1.6203,1.61999,1.61999,14700000,1
1290799500000,1290799559000,1.62,1.62002,1.62,1.62002,8200000,1
1290799560000,1290799619000,1.62012,1.62052,1.62012,1.62048,11400000,1
1290799620000,1290799679000,1.62051,1.62051,1.62051,1.62051,11500000,1
1290799680000,1290799739000,1.62051,1.62057,1.62047,1.62049,15400000,1
1290799740000,1290799799000,1.62045,1.62064,1.62038,1.62041,21000000,1
1290799800000,1290799859000,1.62041,1.62041,1.62041,1.62041,3000000,1
1290799860000,1290799919000,1.62041,1.62047,1.62041,1.62047,13700000,1
1290799920000,1290799979000,1.62048,1.62048,1.62043,1.62043,9200000,1
1290799980000,1290800039000,1.62041,1.62041,1.62041,1.62041,7800000,1
1290800040000,1290800099000,1.62043,1.62043,1.61999,1.61999,11800000,1
1290800100000,1290800159000,1.61997,1.61997,1.61991,1.61991,10200000,1
1290800160000,1290800219000,1.61983,1.61983,1.61941,1.61941,20200000,1
1290800220000,1290800279000,1.61957,1.61957,1.61949,1.61949,5900000,1
1290800280000,1290800339000,1.61949,1.61999,1.61937,1.61999,44800000,1
1290800340000,1290800399000,1.61999,1.62009,1.61999,1.61999,9000000,1
1290800400000,1290800459000,1.61995,1.62014,1.61972,1.61975,32100000,1
1290800460000,1290800519000,1.61976,1.61985,1.61967,1.61971,22700000,1
1290800520000,1290800579000,1.61971,1.61971,1.61945,1.61955,21900000,1
1290800580000,1290800639000,1.61954,1.61954,1.61954,1.61954,3100000,1
1290800640000,1290800699000,1.61954,1.61954,1.61888,1.61888,60700000,1
1290800700000,1290800759000,1.61887,1.61887,1.61879,1.61879,39500000,1
1290800760000,1290800819000,1.61879,1.61908,1.61879,1.61902,38200000,1
1290800820000,1290800879000,1.61894,1.61903,1.61892,1.61894,31500000,1
1290800880000,1290800939000,1.61892,1.61894,1.61887,1.61887,21900000,1
1290800940000,1290800999000,1.61885,1.61888,1.6188,1.61884,18400000,1
1290801000000,1290801059000,1.61884,1.61887,1.61884,1.61887,11000000,1
1290801060000,1290801119000,1.61911,1.61928,1.61882,1.61882,26700000,1
1290801120000,1290801179000,1.61869,1.61869,1.61864,1.61864,9100000,1
1290801180000,1290801239000,1.61864,1.61864,1.61838,1.61838,12400000,1
1290801240000,1290801299000,1.61847,1.61847,1.61847,1.61847,15800000,1
1290801300000,1290801359000,1.61852,1.61852,1.61852,1.61852,3500000,1
1290801360000,1290801419000,1.61852,1.61855,1.61852,1.61855,5200000,1
1290801420000,1290801479000,1.61855,1.61864,1.61854,1.6186,37200000,1
1290801480000,1290801539000,1.6186,1.61861,1.61846,1.61861,30200000,1
1290801540000,1290801599000,1.61862,1.61873,1.61862,1.61873,22600000,1
1290801600000,1290801659000,1.61873,1.61882,1.61865,1.61865,60700000,1
1290801660000,1290801719000,1.61865,1.61907,1.61865,1.61887,46100000,1
1290801720000,1290801779000,1.61887,1.61887,1.61882,1.61882,20800000,1
1290801780000,1290801839000,1.61882,1.61882,1.61882,1.61882,1800000,1
1290801840000,1290801899000,1.61881,1.61912,1.61863,1.61886,80100000,1
1290801900000,1290801959000,1.61878,1.61893,1.61878,1.61893,24400000,1
1290801960000,1290802019000,1.61893,1.61893,1.61893,1.61893,6400000,1
1290802020000,1290802079000,1.61893,1.61893,1.61893,1.61893,6100000,1
1290802080000,1290802139000,1.61893,1.61903,1.61893,1.61903,10900000,1
1290802140000,1290802199000,1.61902,1.61912,1.61886,1.61912,6500000,1
1290802200000,1290802259000,1.61912,1.61912,1.61912,1.61912,5300000,1
1290802260000,1290802319000,1.61912,1.61912,1.61886,1.61886,17600000,1
1290802320000,1290802379000,1.61886,1.61886,1.61875,1.61875,9000000,1
1290802380000,1290802439000,1.61875,1.61883,1.61871,1.61873,18300000,1
1290802440000,1290802499000,1.61873,1.61873,1.6187,1.61873,6900000,1
1290802500000,1290802559000,1.61877,1.61877,1.61877,1.61877,8800000,1
1290802560000,1290802619000,1.6188,1.6188,1.6188,1.6188,1500000,1
1290802620000,1290802679000,1.61844,1.61859,1.61787,1.61859,96200000,1
1290802680000,1290802739000,1.6188,1.6188,1.61849,1.61849,18500000,1
1290802740000,1290802799000,1.61849,1.61849,1.61849,1.61849,3900000,1
1290802800000,1290802859000,1.61849,1.61849,1.61839,1.61839,7000000,1
1290802860000,1290802919000,1.61829,1.61833,1.61828,1.61833,27600000,1
1290802920000,1290802979000,1.61828,1.61843,1.61828,1.61835,42800000,1
1290802980000,1290803039000,1.61835,1.61835,1.61835,1.61835,1500000,1
1290803040000,1290803099000,1.61835,1.61838,1.61829,1.61829,26400000,1
1290803100000,1290803159000,1.61829,1.61829,1.61777,1.61783,35900000,1
1290803160000,1290803219000,1.61793,1.61794,1.61752,1.61752,60100000,1
1290803220000,1290803279000,1.61752,1.61752,1.61675,1.61682,126000000,1
1290803280000,1290803339000,1.61686,1.61698,1.61675,1.6169,85500000,1
1290803340000,1290803399000,1.61735,1.61735,1.61667,1.61679,100600000,1
1290803400000,1290803459000,1.61676,1.61698,1.61665,1.61687,83200000,1
1290803460000,1290803519000,1.61681,1.61688,1.61609,1.61621,101700000,1
1290803520000,1290803579000,1.61631,1.61641,1.61631,1.61637,24000000,1
1290803580000,1290803639000,1.61636,1.61636,1.61627,1.61627,19700000,1
1290803640000,1290803699000,1.61628,1.61628,1.61618,1.61625,29000000,1
1290803700000,1290803759000,1.61625,1.6167,1.61625,1.61664,67800000,1
1290803760000,1290803819000,1.61664,1.61664,1.61642,1.61642,31200000,1
1290803820000,1290803879000,1.61647,1.61656,1.61512,1.61518,80900000,1
1290803880000,1290803939000,1.61546,1.61599,1.61426,1.61531,101300000,1
1290803940000,1290803999000,1.61542,1.61628,1.61542,1.61628,31700000,1
1290804000000,1290804059000,1.61631,1.61662,1.61585,1.61602,67200000,1
1290804060000,1290804119000,1.61608,1.61641,1.61566,1.61641,44500000,1
1290804120000,1290804179000,1.61635,1.61667,1.61635,1.61648,26300000,1
1290804180000,1290804239000,1.61647,1.61652,1.61623,1.61623,54300000,1
1290804240000,1290804299000,1.61631,1.61657,1.61631,1.61654,34500000,1
1290804300000,1290804359000,1.61671,1.61692,1.6157,1.61587,49500000,1
1290804360000,1290804419000,1.61612,1.61649,1.61587,1.61632,35600000,1
1290804420000,1290804479000,1.61633,1.61643,1.61622,1.61637,15400000,1
1290804480000,1290804539000,1.61647,1.61647,1.61621,1.61621,8000000,1
1290804540000,1290804599000,1.61612,1.6162,1.6157,1.6162,81300000,1
1290804600000,1290804659000,1.6162,1.61645,1.6162,1.61642,28500000,1
1290804660000,1290804719000,1.61637,1.61646,1.61618,1.61621,61700000,1
1290804720000,1290804779000,1.61621,1.61621,1.61583,1.61583,85200000,1
1290804780000,1290804839000,1.61583,1.61649,1.61583,1.61613,62100000,1
1290804840000,1290804899000,1.61609,1.61632,1.61609,1.61632,47900000,1
1290804900000,1290804959000,1.61633,1.61638,1.61627,1.61632,31800000,1
1290804960000,1290805019000,1.61632,1.61648,1.61632,1.61639,33300000,1
1290805020000,1290805079000,1.61633,1.61633,1.61585,1.61603,25200000,1
1290805080000,1290805139000,1.61603,1.61603,1.616,1.61603,21200000,1
1290805140000,1290805199000,1.6161,1.61644,1.6161,1.61643,70000000,1
1290805200000,1290805259000,1.61649,1.61656,1.61604,1.61622,44100000,1
1290805260000,1290805319000,1.61626,1.61626,1.61626,1.61626,1200000,1
1290805320000,1290805379000,1.61615,1.61615,1.61615,1.61615,8400000,1
1290805380000,1290805439000,1.61615,1.61615,1.61524,1.61561,88700000,1
1290805440000,1290805499000,1.61561,1.61588,1.61548,1.61582,52100000,1
1290805500000,1290805559000,1.61578,1.61582,1.61534,1.6155,34500000,1
1290805560000,1290805619000,1.61553,1.61582,1.61553,1.61582,4900000,1
1290805620000,1290805679000,1.61559,1.61593,1.61559,1.61582,15800000,1
1290805680000,1290805739000,1.61559,1.61582,1.61559,1.61582,2700000,1
1290805740000,1290805799000,1.61593,1.61593,1.61565,1.61581,15100000,1
1290805800000,1290805859000,1.61592,1.61592,1.61534,1.61546,7600000,1
1290805860000,1290805919000,1.61543,1.61567,1.61527,1.61552,33200000,1
1290805920000,1290805979000,1.61573,1.61573,1.61529,1.61533,14800000,1
1290805980000,1290806039000,1.6154,1.61588,1.6154,1.61577,15100000,1
1290806040000,1290806099000,1.61562,1.61562,1.61562,1.61562,4600000,1
1290806100000,1290806159000,1.61577,1.61587,1.61577,1.61582,12800000,1
1290806160000,1290806219000,1.61586,1.61587,1.61572,1.61585,21700000,1
1290806220000,1290806279000,1.61578,1.61582,1.61548,1.61548,64000000,1
1290806280000,1290806339000,1.61548,1.61548,1.61543,1.61548,41100000,1
1290806340000,1290806399000,1.61553,1.61582,1.61543,1.61547,32500000,1
1290806400000,1290806459000,1.61567,1.61585,1.61567,1.61585,33400000,1
1290806460000,1290806519000,1.6158,1.61588,1.6158,1.61588,11200000,1
1290806520000,1290806579000,1.61577,1.61602,1.61577,1.61593,21800000,1
1290806580000,1290806639000,1.61593,1.61598,1.61582,1.61593,39100000,1
1290806640000,1290806699000,1.61593,1.61593,1.61584,1.61592,21900000,1
1290806700000,1290806759000,1.61592,1.61607,1.61592,1.61603,30100000,1
1290806760000,1290806819000,1.61597,1.61598,1.61592,1.61598,8000000,1
1290806820000,1290806879000,1.61598,1.61618,1.61572,1.6158,38200000,1
1290806880000,1290806939000,1.61577,1.61577,1.61577,1.61577,6500000,1
1290806940000,1290806999000,1.61577,1.61603,1.61561,1.61598,25400000,1
1290807000000,1290807059000,1.61587,1.61587,1.61587,1.61587,5700000,1
1290807060000,1290807119000,1.61579,1.61596,1.61579,1.61596,5200000,1
1290807120000,1290807179000,1.61596,1.6164,1.61587,1.61623,32200000,1
1290807180000,1290807239000,1.61625,1.61634,1.61595,1.61595,14100000,1
1290807240000,1290807299000,1.61602,1.61602,1.61466,1.61485,18400000,1
1290807300000,1290807359000,1.61503,1.61523,1.61489,1.61523,14700000,1
1290807360000,1290807419000,1.61517,1.61634,1.61517,1.61634,29000000,1
1290807420000,1290807479000,1.61634,1.61646,1.61634,1.61646,4500000,1
1290807480000,1290807539000,1.61646,1.61646,1.61646,1.61646,1500000,1
1290807540000,1290807599000,1.61657,1.61657,1.61647,1.61647,9100000,1
1290807600000,1290807659000,1.61641,1.6165,1.61641,1.6165,10900000,1
1290807660000,1290807719000,1.6165,1.61681,1.61629,1.61629,56900000,1
1290807720000,1290807779000,1.61629,1.61653,1.61617,1.61632,38900000,1
1290807780000,1290807839000,1.61621,1.61647,1.61621,1.61647,3900000,1
1290807840000,1290807899000,1.6164,1.61657,1.6164,1.61657,17700000,1
1290807900000,1290807959000,1.61657,1.61657,1.61647,1.61657,13300000,1
1290807960000,1290808019000,1.61663,1.61663,1.61663,1.61663,1200000,1
1290808020000,1290808079000,1.61657,1.61659,1.61639,1.61648,26300000,1
1290808080000,1290808139000,1.61648,1.61648,1.61648,1.61648,26400000,1
1290808140000,1290808199000,1.61648,1.61653,1.61637,1.61652,34100000,1
1290808200000,1290808259000,1.61645,1.61714,1.61637,1.61637,34100000,1
1290808260000,1290808319000,1.61637,1.61662,1.61503,1.61637,20200000,1
1290808320000,1290808379000,1.61538,1.61538,1.61364,1.61445,22500000,1
1290808380000,1290808439000,1.6145,1.61507,1.6145,1.61483,11600000,1
1290808440000,1290808499000,1.61518,1.61689,1.61483,1.61639,71600000,1
1290808500000,1290808559000,1.61589,1.61589,1.61555,1.61555,50300000,1
1290808560000,1290808619000,1.61555,1.6158,1.61518,1.61518,42400000,1
1290808620000,1290808679000,1.61518,1.61537,1.61477,1.61483,25600000,1
1290808680000,1290808739000,1.61493,1.61584,1.61493,1.61584,41100000,1
1290808740000,1290808799000,1.61533,1.61533,1.6148,1.61532,45400000,1
1290808800000,1290808859000,1.61532,1.61532,1.61532,1.61532,0,1
1290808860000,1290808919000,1.61532,1.61532,1.61532,1.61532,0,1
1290808920000,1290808979000,1.61532,1.61532,1.61532,1.61532,0,1
1290808980000,1290809039000,1.61532,1.61532,1.61532,1.61532,0,1
1290809040000,1290809099000,1.61532,1.61532,1.61532,1.61532,0,1
1290809100000,1290809159000,1.61532,1.61532,1.61532,1.61532,0,1
1290809160000,1290809219000,1.61532,1.61532,1.61532,1.61532,0,1
1290809220000,1290809279000,1.61532,1.61532,1.61532,1.61532,0,1
1290809280000,1290809339000,1.61532,1.61532,1.61532,1.61532,0,1
1290809340000,1290809399000,1.61532,1.61532,1.61532,1.61532,0,1
1290809400000,1290809459000,1.61532,1.61532,1.61532,1.61532,0,1
1290809460000,1290809519000,1.61532,1.61532,1.61532,1.61532,0,1
1290809520000,1290809579000,1.61532,1.61532,1.61532,1.61532,0,1
1290809580000,1290809639000,1.61532,1.61532,1.61532,1.61532,0,1
1290809640000,1290809699000,1.61532,1.61532,1.61532,1.61532,0,1
1290809700000,1290809759000,1.61532,1.61532,1.61532,1.61532,0,1
1290809760000,1290809819000,1.61532,1.61532,1.61532,1.61532,0,1
1290809820000,1290809879000,1.61532,1.61532,1.61532,1.61532,0,1
1290809880000,1290809939000,1.61532,1.61532,1.61532,1.61532,0,1
1290809940000,1290809999000,1.61532,1.61532,1.61532,1.61532,0,1
1290810000000,1290810059000,1.61532,1.61532,1.61532,1.61532,0,1
1290810060000,1290810119000,1.61532,1.61532,1.61532,1.61532,0,1
1290810120000,1290810179000,1.61532,1.61532,1.61532,1.61532,0,1
1290810180000,1290810239000,1.61532,1.61532,1.61532,1.61532,0,1
1290810240000,1290810299000,1.61532,1.61532,1.61532,1.61532,0,1
1290810300000,1290810359000,1.61532,1.61532,1.61532,1.61532,0,1
1290810360000,1290810419000,1.61532,1.61532,1.61532,1.61532,0,1
1290810420000,1290810479000,1.61532,1.61532,1.61532,1.61532,0,1
1290810480000,1290810539000,1.61532,1.61532,1.61532,1.61532,0,1
1290810540000,1290810599000,1.61532,1.61532,1.61532,1.61532,0,1
1290810600000,1290810659000,1.61532,1.61532,1.61532,1.61532,0,1
1290810660000,1290810719000,1.61532,1.61532,1.61532,1.61532,0,1
1290810720000,1290810779000,1.61532,1.61532,1.61532,1.61532,0,1
1290810780000,1290810839000,1.61532,1.61532,1.61532,1.61532,0,1
1290810840000,1290810899000,1.61532,1.61532,1.61532,1.61532,0,1
1290810900000,1290810959000,1.61532,1.61532,1.61532,1.61532,0,1
1290810960000,1290811019000,1.61532,1.61532,1.61532,1.61532,0,1
1290811020000,1290811079000,1.61532,1.61532,1.61532,1.61532,0,1
1290811080000,1290811139000,1.61532,1.61532,1.61532,1.61532,0,1
1290811140000,1290811199000,1.61532,1.61532,1.61532,1.61532,0,1
1290811200000,1290811259000,1.61532,1.61532,1.61532,1.61532,0,1
1290811260000,1290811319000,1.61532,1.61532,1.61532,1.61532,0,1
1290811320000,1290811379000,1.61532,1.61532,1.61532,1.61532,0,1
1290811380000,1290811439000,1.61532,1.61532,1.61532,1.61532,0,1
1290811440000,1290811499000,1.61532,1.61532,1.61532,1.61532,0,1
1290811500000,1290811559000,1.61532,1.61532,1.61532,1.61532,0,1
1290811560000,1290811619000,1.61532,1.61532,1.61532,1.61532,0,1
1290811620000,1290811679000,1.61532,1.61532,1.61532,1.61532,0,1
1290811680000,1290811739000,1.61532,1.61532,1.61532,1.61532,0,1
1290811740000,1290811799000,1.61532,1.61532,1.61532,1.61532,0,1
1290811800000,1290811859000,1.61532,1.61532,1.61532,1.61532,0,1
1290811860000,1290811919000,1.61532,1.61532,1.61532,1.61532,0,1
1290811920000,1290811979000,1.61532,1.61532,1.61532,1.61532,0,1
1290811980000,1290812039000,1.61532,1.61532,1.61532,1.61532,0,1
1290812040000,1290812099000,1.61532,1.61532,1.61532,1.61532,0,1
1290812100000,1290812159000,1.61532,1.61532,1.61532,1.61532,0,1
1290812160000,1290812219000,1.61532,1.61532,1.61532,1.61532,0,1
1290812220000,1290812279000,1.61532,1.61532,1.61532,1.61532,0,1
1290812280000,1290812339000,1.61532,1.61532,1.61532,1.61532,0,1
1290812340000,1290812399000,1.61532,1.61532,1.61532,1.61532,0,1
1290812400000,1290812459000,1.61532,1.61532,1.61532,1.61532,0,1
1290812460000,1290812519000,1.61532,1.61532,1.61532,1.61532,0,1
1290812520000,1290812579000,1.61532,1.61532,1.61532,1.61532,0,1
1290812580000,1290812639000,1.61532,1.61532,1.61532,1.61532,0,1
1290812640000,1290812699000,1.61532,1.61532,1.61532,1.61532,0,1
1290812700000,1290812759000,1.61532,1.61532,1.61532,1.61532,0,1
1290812760000,1290812819000,1.61532,1.61532,1.61532,1.61532,0,1
1290812820000,1290812879000,1.61532,1.61532,1.61532,1.61532,0,1
1290812880000,1290812939000,1.61532,1.61532,1.61532,1.61532,0,1
1290812940000,1290812999000,1.61532,1.61532,1.61532,1.61532,0,1
1290813000000,1290813059000,1.61532,1.61532,1.61532,1.61532,0,1
1290813060000,1290813119000,1.61532,1.61532,1.61532,1.61532,0,1
1290813120000,1290813179000,1.61532,1.61532,1.61532,1.61532,0,1
1290813180000,1290813239000,1.61532,1.61532,1.61532,1.61532,0,1
1290813240000,1290813299000,1.61532,1.61532,1.61532,1.61532,0,1
1290813300000,1290813359000,1.61532,1.61532,1.61532,1.61532,0,1
1290813360000,1290813419000,1.61532,1.61532,1.61532,1.61532,0,1
1290813420000,1290813479000,1.61532,1.61532,1.61532,1.61532,0,1
1290813480000,1290813539000,1.61532,1.61532,1.61532,1.61532,0,1
1290813540000,1290813599000,1.61532,1.61532,1.61532,1.61532,0,1
1290813600000,1290813659000,1.61532,1.61532,1.61532,1.61532,0,1
1290813660000,1290813719000,1.61532,1.61532,1.61532,1.61532,0,1
1290813720000,1290813779000,1.61532,1.61532,1.61532,1.61532,0,1
1290813780000,1290813839000,1.61532,1.61532,1.61532,1.61532,0,1
1290813840000,1290813899000,1.61532,1.61532,1.61532,1.61532,0,1
1290813900000,1290813959000,1.61532,1.61532,1.61532,1.61532,0,1
1290813960000,1290814019000,1.61532,1.61532,1.61532,1.61532,0,1
1290814020000,1290814079000,1.61532,1.61532,1.61532,1.61532,0,1
1290814080000,1290814139000,1.61532,1.61532,1.61532,1.61532,0,1
1290814140000,1290814199000,1.61532,1.61532,1.61532,1.61532,0,1
1290814200000,1290814259000,1.61532,1.61532,1.61532,1.61532,0,1
1290814260000,1290814319000,1.61532,1.61532,1.61532,1.61532,0,1
1290814320000,1290814379000,1.61532,1.61532,1.61532,1.61532,0,1
1290814380000,1290814439000,1.61532,1.61532,1.61532,1.61532,0,1
1290814440000,1290814499000,1.61532,1.61532,1.61532,1.61532,0,1
1290814500000,1290814559000,1.61532,1.61532,1.61532,1.61532,0,1
1290814560000,1290814619000,1.61532,1.61532,1.61532,1.61532,0,1
1290814620000,1290814679000,1.61532,1.61532,1.61532,1.61532,0,1
1290814680000,1290814739000,1.61532,1.61532,1.61532,1.61532,0,1
1290814740000,1290814799000,1.61532,1.61532,1.61532,1.61532,0,1
1290814800000,1290814859000,1.61532,1.61532,1.61532,1.61532,0,1
1290814860000,1290814919000,1.61532,1.61532,1.61532,1.61532,0,1
1290814920000,1290814979000,1.61532,1.61532,1.61532,1.61532,0,1
1290814980000,1290815039000,1.61532,1.61532,1.61532,1.61532,0,1
1290815040000,1290815099000,1.61532,1.61532,1.61532,1.61532,0,1
1290815100000,1290815159000,1.61532,1.61532,1.61532,1.61532,0,1
1290815160000,1290815219000,1.61532,1.61532,1.61532,1.61532,0,1
1290815220000,1290815279000,1.61532,1.61532,1.61532,1.61532,0,1
1290815280000,1290815339000,1.61532,1.61532,1.61532,1.61532,0,1
1290815340000,1290815399000,1.61532,1.61532,1.61532,1.61532,0,1
1290815400000,1290815459000,1.61532,1.61532,1.61532,1.61532,0,1
1290815460000,1290815519000,1.61532,1.61532,1.61532,1.61532,0,1
1290815520000,1290815579000,1.61532,1.61532,1.61532,1.61532,0,1
1290815580000,1290815639000,1.61532,1.61532,1.61532,1.61532,0,1
1290815640000,1290815699000,1.61532,1.61532,1.61532,1.61532,0,1
1290815700000,1290815759000,1.61532,1.61532,1.61532,1.61532,0,1
1290815760000,1290815819000,1.61532,1.61532,1.61532,1.61532,0,1
1290815820000,1290815879000,1.61532,1.61532,1.61532,1.61532,0,1
1290815880000,1290815939000,1.61532,1.61532,1.61532,1.61532,0,1
1290815940000,1290815999000,1.61532,1.61532,1.61532,1.61532,0,1
1290981600000,1290981659000,1.60987,1.60993,1.60823,1.60983,38600000,1
1290981660000,1290981719000,1.60823,1.60988,1.60823,1.60972,35600000,1
1290981720000,1290981779000,1.60972,1.61042,1.60972,1.61009,24700000,1
1290981780000,1290981839000,1.61032,1.61053,1.60994,1.61053,39000000,1
1290981840000,1290981899000,1.61062,1.61073,1.61055,1.61055,32700000,1
1290981900000,1290981959000,1.61057,1.61102,1.61055,1.61071,49700000,1
1290981960000,1290982019000,1.61108,1.61118,1.61042,1.61068,57400000,1
1290982020000,1290982079000,1.61102,1.61157,1.61062,1.61104,73700000,1
1290982080000,1290982139000,1.61107,1.61158,1.61103,1.61133,48700000,1
1290982140000,1290982199000,1.61153,1.61173,1.61131,1.61133,65800000,1
1290982200000,1290982259000,1.61123,1.61138,1.61099,1.61138,13900000,1
1290982260000,1290982319000,1.61142,1.61162,1.61107,1.61152,47100000,1
1290982320000,1290982379000,1.61129,1.61138,1.61103,1.61137,34500000,1
1290982380000,1290982439000,1.61119,1.61152,1.61094,1.61112,60800000,1
1290982440000,1290982499000,1.6112,1.61148,1.6112,1.61148,16800000,1
1290982500000,1290982559000,1.61152,1.61163,1.61137,1.61137,44500000,1
1290982560000,1290982619000,1.61142,1.61158,1.61142,1.61158,19600000,1
1290982620000,1290982679000,1.61163,1.61197,1.61153,1.61197,23100000,1
1290982680000,1290982739000,1.61202,1.61213,1.61202,1.61203,19300000,1
1290982740000,1290982799000,1.61202,1.61208,1.61197,1.61203,6400000,1
1290982800000,1290982859000,1.61208,1.61238,1.61208,1.61238,15800000,1
1290982860000,1290982919000,1.61243,1.61243,1.61179,1.61188,50900000,1
1290982920000,1290982979000,1.61186,1.61197,1.61174,1.61192,29400000,1
1290982980000,1290983039000,1.61192,1.61223,1.61182,1.61182,28600000,1
1290983040000,1290983099000,1.6118,1.61209,1.61177,1.61192,22100000,1
1290983100000,1290983159000,1.61192,1.61213,1.61173,1.61193,33100000,1
1290983160000,1290983219000,1.61192,1.61223,1.60966,1.61088,81200000,1
1290983220000,1290983279000,1.61092,1.61147,1.61072,1.61112,45500000,1
1290983280000,1290983339000,1.61133,1.61133,1.61133,1.61133,1700000,1
1290983340000,1290983399000,1.61119,1.61147,1.61119,1.61143,13200000,1
1290983400000,1290983459000,1.61151,1.61177,1.60982,1.61068,83400000,1
1290983460000,1290983519000,1.61073,1.61142,1.61073,1.61107,44100000,1
1290983520000,1290983579000,1.61112,1.61183,1.61112,1.61122,35500000,1
1290983580000,1290983639000,1.61122,1.61169,1.61118,1.61169,23500000,1
1290983640000,1290983699000,1.61168,1.61199,1.61162,1.61162,16000000,1
1290983700000,1290983759000,1.61168,1.61195,1.61152,1.61178,30700000,1
1290983760000,1290983819000,1.61183,1.61183,1.61169,1.61179,13300000,1
1290983820000,1290983879000,1.61182,1.61215,1.61182,1.61215,17400000,1
1290983880000,1290983939000,1.6121,1.61253,1.61197,1.61213,38200000,1
1290983940000,1290983999000,1.61218,1.61263,1.61202,1.61217,32100000,1
1290984000000,1290984059000,1.61223,1.61228,1.61198,1.61203,23700000,1
1290984060000,1290984119000,1.61208,1.61283,1.61208,1.61262,45000000,1
1290984120000,1290984179000,1.61262,1.61272,1.61207,1.61242,40300000,1
1290984180000,1290984239000,1.61238,1.61238,1.61187,1.61198,44200000,1
1290984240000,1290984299000,1.61208,1.61233,1.61183,1.61194,40400000,1
1290984300000,1290984359000,1.61193,1.61199,1.61162,1.61192,60000000,1
1290984360000,1290984419000,1.61185,1.61185,1.61162,1.61162,6100000,1
1290984420000,1290984479000,1.61143,1.61149,1.61114,1.61117,22300000,1
1290984480000,1290984539000,1.61113,1.61153,1.61112,1.61153,35900000,1
1290984540000,1290984599000,1.61158,1.61183,1.61151,1.61166,30100000,1
1290984600000,1290984659000,1.61171,1.61179,1.61156,1.61157,27700000,1
1290984660000,1290984719000,1.61158,1.61193,1.61138,1.61162,37500000,1
1290984720000,1290984779000,1.61158,1.61163,1.61152,1.61158,10100000,1
1290984780000,1290984839000,1.61158,1.61174,1.61152,1.61173,18400000,1
1290984840000,1290984899000,1.61168,1.61168,1.61157,1.61157,8400000,1
1290984900000,1290984959000,1.61153,1.61166,1.61127,1.61162,22000000,1
1290984960000,1290985019000,1.61166,1.61178,1.61157,1.61172,16200000,1
1290985020000,1290985079000,1.61171,1.61177,1.61143,1.61167,30800000,1
1290985080000,1290985139000,1.61183,1.61198,1.61168,1.61198,14400000,1
1290985140000,1290985199000,1.61202,1.61232,1.61202,1.61232,8800000,1
1290985200000,1290985259000,1.61232,1.61249,1.61178,1.61178,91300000,1
1290985260000,1290985319000,1.61168,1.61195,1.61132,1.61138,88500000,1
1290985320000,1290985379000,1.61138,1.6117,1.61057,1.61073,55500000,1
1290985380000,1290985439000,1.61073,1.61134,1.61048,1.61098,102400000,1
1290985440000,1290985499000,1.61095,1.61095,1.61063,1.61068,52600000,1
1290985500000,1290985559000,1.61073,1.61082,1.60947,1.60979,113700000,1
1290985560000,1290985619000,1.6099,1.61022,1.60953,1.61018,57300000,1
1290985620000,1290985679000,1.61033,1.61042,1.61002,1.61003,54900000,1
1290985680000,1290985739000,1.61008,1.61046,1.60999,1.61037,89300000,1
1290985740000,1290985799000,1.61032,1.61147,1.61032,1.61138,92200000,1
1290985800000,1290985859000,1.61142,1.61148,1.61091,1.61122,59600000,1
1290985860000,1290985919000,1.61132,1.61132,1.61057,1.61071,54900000,1
1290985920000,1290985979000,1.61082,1.61124,1.61082,1.61112,78700000,1
1290985980000,1290986039000,1.61108,1.61143,1.611,1.61134,57400000,1
1290986040000,1290986099000,1.61134,1.61166,1.61092,1.61103,49900000,1
1290986100000,1290986159000,1.61109,1.61133,1.61103,1.61129,44500000,1
1290986160000,1290986219000,1.61129,1.61165,1.61072,1.61165,61500000,1
1290986220000,1290986279000,1.61188,1.61191,1.6117,1.61178,63600000,1
1290986280000,1290986339000,1.61183,1.6122,1.61147,1.61176,118900000,1
1290986340000,1290986399000,1.61184,1.61212,1.6118,1.61212,55500000,1
1290986400000,1290986459000,1.6121,1.61243,1.6121,1.61243,27600000,1
1290986460000,1290986519000,1.61243,1.61332,1.61209,1.61233,178600000,1
1290986520000,1290986579000,1.61228,1.61281,1.61154,1.61253,164200000,1
1290986580000,1290986639000,1.61261,1.6128,1.61197,1.6121,160200000,1
1290986640000,1290986699000,1.61218,1.61262,1.61218,1.61258,50800000,1
1290986700000,1290986759000,1.61276,1.61282,1.61185,1.61185,125700000,1
1290986760000,1290986819000,1.61185,1.61314,1.61179,1.61303,87200000,1
1290986820000,1290986879000,1.61303,1.61312,1.61279,1.61279,18700000,1
1290986880000,1290986939000,1.61276,1.61276,1.61252,1.61268,48700000,1
1290986940000,1290986999000,1.61267,1.61278,1.61267,1.61278,4100000,1
1290987000000,1290987059000,1.61278,1.61293,1.61253,1.61268,77800000,1
1290987060000,1290987119000,1.61267,1.61273,1.61223,1.61223,70400000,1
1290987120000,1290987179000,1.61236,1.61269,1.61234,1.61269,47700000,1
1290987180000,1290987239000,1.61276,1.6128,1.61248,1.61248,47400000,1
1290987240000,1290987299000,1.61253,1.61322,1.6124,1.61296,165000000,1
1290987300000,1290987359000,1.61292,1.61311,1.61248,1.61265,146900000,1
1290987360000,1290987419000,1.61265,1.61277,1.61259,1.61268,49700000,1
1290987420000,1290987479000,1.61268,1.61307,1.61241,1.61241,89100000,1
1290987480000,1290987539000,1.61241,1.61267,1.61235,1.6125,124600000,1
1290987540000,1290987599000,1.6125,1.61284,1.61242,1.61284,103600000,1
1290987600000,1290987659000,1.61284,1.61293,1.61189,1.61189,128400000,1
1290987660000,1290987719000,1.61198,1.61231,1.61176,1.61231,103000000,1
1290987720000,1290987779000,1.61231,1.61269,1.61194,1.61218,160200000,1
1290987780000,1290987839000,1.61218,1.61243,1.61187,1.61231,107200000,1
1290987840000,1290987899000,1.61228,1.61228,1.61193,1.61201,38900000,1
1290987900000,1290987959000,1.61207,1.61218,1.61183,1.61203,51300000,1
1290987960000,1290988019000,1.61203,1.61211,1.61189,1.61189,38400000,1
1290988020000,1290988079000,1.61198,1.61202,1.61132,1.61158,53600000,1
1290988080000,1290988139000,1.61156,1.61176,1.61134,1.61176,44000000,1
1290988140000,1290988199000,1.61174,1.61177,1.61137,1.61143,30100000,1
1290988200000,1290988259000,1.61148,1.61199,1.61137,1.61155,51300000,1
1290988260000,1290988319000,1.61155,1.61206,1.61155,1.61206,167200000,1
1290988320000,1290988379000,1.61205,1.61205,1.6115,1.61188,97900000,1
1290988380000,1290988439000,1.61188,1.61193,1.61143,1.61159,63100000,1
1290988440000,1290988499000,1.61143,1.61187,1.61141,1.61176,66900000,1
1290988500000,1290988559000,1.61176,1.61197,1.61155,1.61197,127900000,1
1290988560000,1290988619000,1.61203,1.61253,1.6118,1.6125,87300000,1
1290988620000,1290988679000,1.61249,1.61278,1.61227,1.61271,111500000,1
1290988680000,1290988739000,1.61274,1.61314,1.61265,1.61293,137700000,1
1290988740000,1290988799000,1.61293,1.61379,1.61293,1.61337,180100000,1
1290988800000,1290988859000,1.61346,1.61367,1.61293,1.61308,155500000,1
1290988860000,1290988919000,1.61313,1.61328,1.61184,1.6119,197100000,1
1290988920000,1290988979000,1.61188,1.61273,1.61188,1.61272,134700000,1
1290988980000,1290989039000,1.61266,1.61289,1.61237,1.6127,126000000,1
1290989040000,1290989099000,1.61278,1.61298,1.61228,1.61294,139500000,1
1290989100000,1290989159000,1.6129,1.6129,1.6123,1.61252,68400000,1
1290989160000,1290989219000,1.61254,1.61279,1.61249,1.61268,67800000,1
1290989220000,1290989279000,1.61268,1.61269,1.6123,1.61247,154700000,1
1290989280000,1290989339000,1.61247,1.61247,1.61214,1.61225,132100000,1
1290989340000,1290989399000,1.61225,1.61276,1.612,1.61259,180000000,1
1290989400000,1290989459000,1.61259,1.61286,1.61247,1.61256,113100000,1
1290989460000,1290989519000,1.61251,1.61318,1.61242,1.61313,91000000,1
1290989520000,1290989579000,1.61311,1.61318,1.61258,1.61312,61600000,1
1290989580000,1290989639000,1.6131,1.61338,1.61296,1.61327,116800000,1
1290989640000,1290989699000,1.61337,1.61342,1.61222,1.61238,101300000,1
1290989700000,1290989759000,1.61234,1.61263,1.61191,1.61261,92500000,1
1290989760000,1290989819000,1.61261,1.61268,1.61197,1.61228,71000000,1
1290989820000,1290989879000,1.61234,1.61237,1.61172,1.61208,114800000,1
1290989880000,1290989939000,1.61218,1.61233,1.61198,1.61233,117200000,1
1290989940000,1290989999000,1.61238,1.61253,1.61209,1.61228,129600000,1
1290990000000,1290990059000,1.61223,1.61237,1.61144,1.61163,127100000,1
1290990060000,1290990119000,1.61166,1.61193,1.61155,1.61173,109300000,1
1290990120000,1290990179000,1.61181,1.61187,1.61128,1.61165,215700000,1
1290990180000,1290990239000,1.61156,1.61167,1.6113,1.61155,120700000,1
1290990240000,1290990299000,1.61156,1.61182,1.61108,1.61108,109700000,1
1290990300000,1290990359000,1.61121,1.61154,1.6111,1.61111,117700000,1
1290990360000,1290990419000,1.61112,1.61153,1.61112,1.61115,92800000,1
1290990420000,1290990479000,1.61115,1.61115,1.61062,1.61078,98600000,1
1290990480000,1290990539000,1.61079,1.61128,1.61073,1.61128,103200000,1
1290990540000,1290990599000,1.61128,1.6116,1.61058,1.61063,191100000,1
1290990600000,1290990659000,1.61066,1.61169,1.61058,1.61155,176900000,1
1290990660000,1290990719000,1.61146,1.61233,1.61146,1.61233,127400000,1
1290990720000,1290990779000,1.61249,1.61345,1.61218,1.61342,216600000,1
1290990780000,1290990839000,1.6134,1.61385,1.61322,1.61381,118800000,1
1290990840000,1290990899000,1.61377,1.61416,1.61373,1.61409,96700000,1
1290990900000,1290990959000,1.61409,1.61458,1.61408,1.61436,146100000,1
1290990960000,1290991019000,1.61436,1.61458,1.61406,1.61406,125600000,1
1290991020000,1290991079000,1.61415,1.61478,1.61353,1.6147,151000000,1
1290991080000,1290991139000,1.6147,1.61497,1.61452,1.61475,227500000,1
1290991140000,1290991199000,1.61475,1.61547,1.6147,1.61507,225900000,1
1290991200000,1290991259000,1.61507,1.61562,1.61448,1.61448,197500000,1
1290991260000,1290991319000,1.61462,1.61508,1.61456,1.61473,154200000,1
1290991320000,1290991379000,1.61473,1.6149,1.61456,1.61487,109500000,1
1290991380000,1290991439000,1.61489,1.61619,1.61483,1.61578,176300000,1
1290991440000,1290991499000,1.61582,1.61683,1.61564,1.61569,183900000,1
1290991500000,1290991559000,1.61576,1.61644,1.61566,1.61566,194900000,1
1290991560000,1290991619000,1.61566,1.61633,1.61551,1.61584,209500000,1
1290991620000,1290991679000,1.61595,1.61606,1.61573,1.61578,132100000,1
1290991680000,1290991739000,1.61578,1.61588,1.61517,1.61538,115100000,1
1290991740000,1290991799000,1.61538,1.61593,1.61527,1.61564,106500000,1
1290991800000,1290991859000,1.61568,1.61638,1.61541,1.61616,114800000,1
1290991860000,1290991919000,1.61616,1.61679,1.61616,1.61624,101900000,1
1290991920000,1290991979000,1.61624,1.61703,1.61614,1.61673,181800000,1
1290991980000,1290992039000,1.6168,1.61743,1.61656,1.6172,138100000,1
1290992040000,1290992099000,1.61724,1.61771,1.61694,1.61733,199000000,1
1290992100000,1290992159000,1.61733,1.61742,1.61683,1.61683,172500000,1
1290992160000,1290992219000,1.61683,1.6177,1.61683,1.6172,184000000,1
1290992220000,1290992279000,1.6172,1.61736,1.61676,1.61684,171600000,1
1290992280000,1290992339000,1.61684,1.61743,1.61654,1.61654,147300000,1
1290992340000,1290992399000,1.61649,1.61704,1.61639,1.61672,133100000,1
1290992400000,1290992459000,1.61669,1.61669,1.61589,1.61599,97700000,1
1290992460000,1290992519000,1.61583,1.61615,1.61563,1.61583,151700000,1
1290992520000,1290992579000,1.61596,1.6162,1.61571,1.61577,125000000,1
1290992580000,1290992639000,1.61589,1.61639,1.61577,1.61619,109600000,1
1290992640000,1290992699000,1.61613,1.61759,1.61612,1.61759,103200000,1
1290992700000,1290992759000,1.61759,1.61887,1.61748,1.61887,165200000,1
1290992760000,1290992819000,1.61887,1.61906,1.61848,1.61892,126200000,1
1290992820000,1290992879000,1.61879,1.61953,1.61865,1.61943,202100000,1
1290992880000,1290992939000,1.61941,1.61973,1.61941,1.61964,51900000,1
1290992940000,1290992999000,1.61953,1.6202,1.61953,1.61979,155700000,1
1290993000000,1290993059000,1.61979,1.62037,1.61962,1.6198,104100000,1
1290993060000,1290993119000,1.61984,1.61984,1.61928,1.61928,84400000,1
1290993120000,1290993179000,1.61917,1.61921,1.61825,1.61831,81700000,1
1290993180000,1290993239000,1.61827,1.61865,1.61826,1.61854,73700000,1
1290993240000,1290993299000,1.61856,1.61912,1.61855,1.61897,77500000,1
1290993300000,1290993359000,1.61905,1.61999,1.61905,1.61982,85200000,1
1290993360000,1290993419000,1.61973,1.61993,1.61928,1.61933,126600000,1
1290993420000,1290993479000,1.61933,1.61933,1.61865,1.61893,47100000,1
1290993480000,1290993539000,1.61881,1.61933,1.61877,1.61933,60500000,1
1290993540000,1290993599000,1.61938,1.62056,1.61938,1.62036,121600000,1
1290993600000,1290993659000,1.62038,1.62127,1.62038,1.62111,131800000,1
1290993660000,1290993719000,1.62114,1.62164,1.62049,1.62164,180700000,1
1290993720000,1290993779000,1.62181,1.62221,1.62131,1.62179,292400000,1
1290993780000,1290993839000,1.62184,1.62223,1.62079,1.62079,145600000,1
1290993840000,1290993899000,1.6209,1.62119,1.62031,1.62047,125200000,1
1290993900000,1290993959000,1.62047,1.62192,1.62035,1.62104,136700000,1
1290993960000,1290994019000,1.62102,1.62333,1.62096,1.62289,136400000,1
1290994020000,1290994079000,1.62289,1.62335,1.62272,1.62303,169000000,1
1290994080000,1290994139000,1.62308,1.62322,1.6223,1.62235,97500000,1
1290994140000,1290994199000,1.62241,1.62243,1.62153,1.62189,121400000,1
1290994200000,1290994259000,1.62207,1.62222,1.62178,1.62209,135800000,1
1290994260000,1290994319000,1.62219,1.62261,1.62196,1.62212,216800000,1
1290994320000,1290994379000,1.62221,1.62283,1.62221,1.62245,152500000,1
1290994380000,1290994439000,1.62248,1.62274,1.62167,1.62196,167200000,1
1290994440000,1290994499000,1.62196,1.622,1.62042,1.62056,170100000,1
1290994500000,1290994559000,1.62048,1.6205,1.61979,1.62011,203800000,1
1290994560000,1290994619000,1.62006,1.62075,1.61991,1.62075,146800000,1
1290994620000,1290994679000,1.62068,1.62114,1.62041,1.62064,146300000,1
1290994680000,1290994739000,1.62063,1.62118,1.62063,1.62118,179000000,1
1290994740000,1290994799000,1.62133,1.62133,1.62074,1.62114,138000000,1
1290994800000,1290994859000,1.62115,1.62161,1.62112,1.62153,112000000,1
1290994860000,1290994919000,1.62149,1.62228,1.62143,1.62168,146900000,1
1290994920000,1290994979000,1.62161,1.6217,1.62121,1.62144,141400000,1
1290994980000,1290995039000,1.62144,1.6219,1.62116,1.62159,135800000,1
1290995040000,1290995099000,1.62162,1.62211,1.62151,1.62186,121600000,1
1290995100000,1290995159000,1.62191,1.62243,1.62186,1.62199,103300000,1
1290995160000,1290995219000,1.62225,1.62242,1.62186,1.62207,154800000,1
1290995220000,1290995279000,1.62216,1.62245,1.62166,1.62172,152300000,1
1290995280000,1290995339000,1.62182,1.62187,1.62128,1.62129,154300000,1
1290995340000,1290995399000,1.62138,1.62138,1.62025,1.62045,182800000,1
1290995400000,1290995459000,1.62034,1.6211,1.62034,1.6206,126300000,1
1290995460000,1290995519000,1.62072,1.62129,1.62057,1.62112,101600000,1
1290995520000,1290995579000,1.62102,1.6213,1.62023,1.62027,113900000,1
1290995580000,1290995639000,1.62017,1.62078,1.62017,1.62078,144400000,1
1290995640000,1290995699000,1.62072,1.62072,1.6205,1.6205,31600000,1
1290995700000,1290995759000,1.62044,1.62055,1.62007,1.62032,68600000,1
1290995760000,1290995819000,1.62049,1.62148,1.62039,1.62086,166100000,1
1290995820000,1290995879000,1.62089,1.62101,1.62067,1.6209,80500000,1
1290995880000,1290995939000,1.62093,1.62134,1.62089,1.62125,78800000,1
1290995940000,1290995999000,1.62119,1.6215,1.62088,1.62088,103400000,1
1290996000000,1290996059000,1.62096,1.62096,1.61996,1.6201,119700000,1
1290996060000,1290996119000,1.6201,1.6201,1.61978,1.62001,113100000,1
1290996120000,1290996179000,1.62009,1.62013,1.61984,1.62002,82800000,1
1290996180000,1290996239000,1.62005,1.62046,1.61969,1.61979,95000000,1
1290996240000,1290996299000,1.61979,1.6201,1.61963,1.6201,73100000,1
1290996300000,1290996359000,1.62018,1.62098,1.61998,1.62075,119300000,1
1290996360000,1290996419000,1.62073,1.62098,1.62053,1.6208,76900000,1
1290996420000,1290996479000,1.62075,1.62108,1.62041,1.62041,105000000,1
1290996480000,1290996539000,1.62045,1.62073,1.62018,1.62029,87800000,1
1290996540000,1290996599000,1.6203,1.62044,1.62013,1.6203,130500000,1
1290996600000,1290996659000,1.62034,1.62046,1.62006,1.62046,61100000,1
1290996660000,1290996719000,1.62048,1.62048,1.61949,1.62018,141900000,1
1290996720000,1290996779000,1.62012,1.62015,1.61999,1.62015,24500000,1
1290996780000,1290996839000,1.62017,1.62017,1.61992,1.62007,16100000,1
1290996840000,1290996899000,1.62008,1.62008,1.61972,1.61972,44900000,1
1290996900000,1290996959000,1.61977,1.61982,1.61968,1.61982,8600000,1
1290996960000,1290997019000,1.6199,1.62028,1.61948,1.61992,160800000,1
1290997020000,1290997079000,1.61995,1.62,1.61978,1.61985,56700000,1
1290997080000,1290997139000,1.61985,1.62057,1.61985,1.62007,116300000,1
1290997140000,1290997199000,1.62007,1.62047,1.62007,1.62023,124600000,1
1290997200000,1290997259000,1.62022,1.62044,1.61977,1.61987,98300000,1
1290997260000,1290997319000,1.61987,1.61987,1.61923,1.61928,146700000,1
1290997320000,1290997379000,1.61933,1.61941,1.61912,1.61923,181600000,1
1290997380000,1290997439000,1.61926,1.61936,1.61882,1.61882,143400000,1
1290997440000,1290997499000,1.61883,1.61921,1.61877,1.61901,94000000,1
1290997500000,1290997559000,1.619,1.61968,1.61891,1.61963,132000000,1
1290997560000,1290997619000,1.61963,1.62029,1.61953,1.62027,178700000,1
1290997620000,1290997679000,1.62027,1.62033,1.62013,1.62031,52800000,1
1290997680000,1290997739000,1.62038,1.62049,1.62011,1.62013,62900000,1
1290997740000,1290997799000,1.61999,1.62002,1.61917,1.61917,92600000,1
1290997800000,1290997859000,1.61918,1.61988,1.61914,1.61987,92500000,1
1290997860000,1290997919000,1.61986,1.61986,1.61916,1.61931,110000000,1
1290997920000,1290997979000,1.61933,1.61946,1.61894,1.61931,99300000,1
1290997980000,1290998039000,1.61931,1.61963,1.61917,1.61935,153900000,1
1290998040000,1290998099000,1.61932,1.61954,1.61918,1.61926,65100000,1
1290998100000,1290998159000,1.61927,1.61933,1.61886,1.61909,74200000,1
1290998160000,1290998219000,1.61905,1.61909,1.61882,1.61883,39700000,1
1290998220000,1290998279000,1.61881,1.6197,1.61878,1.61935,126400000,1
1290998280000,1290998339000,1.61935,1.61979,1.61932,1.61956,88700000,1
1290998340000,1290998399000,1.61957,1.61969,1.61924,1.61932,88500000,1
1290998400000,1290998459000,1.61932,1.6194,1.61898,1.61908,58800000,1
1290998460000,1290998519000,1.61908,1.61918,1.61882,1.61903,82600000,1
1290998520000,1290998579000,1.61898,1.6191,1.61864,1.61891,79000000,1
1290998580000,1290998639000,1.61895,1.61915,1.61886,1.61911,85700000,1
1290998640000,1290998699000,1.61919,1.61937,1.61884,1.61898,96700000,1
1290998700000,1290998759000,1.61897,1.61929,1.61897,1.61918,50700000,1
1290998760000,1290998819000,1.61918,1.61939,1.61914,1.61927,59100000,1
1290998820000,1290998879000,1.61933,1.61992,1.61928,1.61987,118300000,1
1290998880000,1290998939000,1.61988,1.61995,1.61974,1.61977,70300000,1
1290998940000,1290998999000,1.61981,1.61981,1.61942,1.61942,123000000,1
1290999000000,1290999059000,1.61943,1.61953,1.61916,1.61953,86800000,1
1290999060000,1290999119000,1.61966,1.6201,1.61948,1.61998,142300000,1
1290999120000,1290999179000,1.62008,1.62029,1.6199,1.61996,159600000,1
1290999180000,1290999239000,1.62,1.62033,1.61993,1.62033,67900000,1
1290999240000,1290999299000,1.62033,1.62033,1.61995,1.62026,135400000,1
1290999300000,1290999359000,1.62026,1.6205,1.62025,1.62047,55900000,1
1290999360000,1290999419000,1.62043,1.62057,1.61964,1.61967,80500000,1
1290999420000,1290999479000,1.61972,1.61989,1.61951,1.61951,106300000,1
1290999480000,1290999539000,1.61945,1.61985,1.61924,1.61941,162900000,1
1290999540000,1290999599000,1.6195,1.61996,1.6195,1.61981,150300000,1
1290999600000,1290999659000,1.61978,1.6198,1.61938,1.6195,128900000,1
1290999660000,1290999719000,1.61948,1.61969,1.61943,1.61968,69200000,1
1290999720000,1290999779000,1.6197,1.61989,1.61968,1.61969,37300000,1
1290999780000,1290999839000,1.61969,1.61969,1.61912,1.61912,55400000,1
1290999840000,1290999899000,1.61912,1.61932,1.61891,1.61909,92400000,1
1290999900000,1290999959000,1.61908,1.61943,1.61878,1.61943,97300000,1
1290999960000,1291000019000,1.61932,1.61945,1.61917,1.61945,51700000,1
1291000020000,1291000079000,1.61945,1.61958,1.61937,1.61953,58000000,1
1291000080000,1291000139000,1.61947,1.61982,1.61938,1.61967,141700000,1
1291000140000,1291000199000,1.61981,1.61997,1.61927,1.61967,198200000,1
1291000200000,1291000259000,1.61967,1.62005,1.61898,1.61932,81000000,1
1291000260000,1291000319000,1.61932,1.61947,1.61922,1.61926,52700000,1
1291000320000,1291000379000,1.61944,1.61944,1.61925,1.61936,33700000,1
1291000380000,1291000439000,1.61942,1.61943,1.61894,1.61927,101500000,1
1291000440000,1291000499000,1.61928,1.61932,1.61927,1.61927,24000000,1
1291000500000,1291000559000,1.61929,1.61941,1.61909,1.61919,84700000,1
1291000560000,1291000619000,1.61919,1.61949,1.61895,1.61919,86400000,1
1291000620000,1291000679000,1.61923,1.61958,1.61888,1.61952,132900000,1
1291000680000,1291000739000,1.61956,1.61972,1.61955,1.61957,35600000,1
1291000740000,1291000799000,1.61965,1.62,1.61944,1.61982,64900000,1
1291000800000,1291000859000,1.61985,1.62039,1.61984,1.62024,64200000,1
1291000860000,1291000919000,1.62024,1.62024,1.61986,1.61986,48100000,1
1291000920000,1291000979000,1.61973,1.61988,1.61953,1.61957,49000000,1
1291000980000,1291001039000,1.61959,1.61988,1.61952,1.61988,60700000,1
1291001040000,1291001099000,1.61989,1.61997,1.61971,1.61984,71500000,1
1291001100000,1291001159000,1.61982,1.61982,1.61949,1.61962,43300000,1
1291001160000,1291001219000,1.61958,1.61958,1.61938,1.61953,65400000,1
1291001220000,1291001279000,1.61971,1.61983,1.6195,1.6195,17000000,1
1291001280000,1291001339000,1.61951,1.61969,1.61909,1.61914,81000000,1
1291001340000,1291001399000,1.61913,1.61935,1.61907,1.61928,78800000,1
1291001400000,1291001459000,1.61928,1.61956,1.61926,1.61931,69000000,1
1291001460000,1291001519000,1.6194,1.61992,1.6194,1.61984,79200000,1
1291001520000,1291001579000,1.61978,1.61978,1.61923,1.61958,107000000,1
1291001580000,1291001639000,1.61948,1.61969,1.61935,1.61963,47100000,1
1291001640000,1291001699000,1.61952,1.61952,1.61904,1.61904,97100000,1
1291001700000,1291001759000,1.619,1.61929,1.61899,1.61911,117500000,1
1291001760000,1291001819000,1.61901,1.61908,1.61862,1.61875,106700000,1
1291001820000,1291001879000,1.61878,1.61882,1.61846,1.61846,46900000,1
1291001880000,1291001939000,1.61844,1.61883,1.61844,1.61867,58300000,1
1291001940000,1291001999000,1.61866,1.61868,1.61838,1.61855,66700000,1
1291002000000,1291002059000,1.61854,1.61872,1.61844,1.61852,63400000,1
1291002060000,1291002119000,1.61852,1.61935,1.61852,1.61934,136200000,1
1291002120000,1291002179000,1.61938,1.61961,1.61907,1.61914,73800000,1
1291002180000,1291002239000,1.61922,1.61928,1.61897,1.61907,56500000,1
1291002240000,1291002299000,1.61904,1.61905,1.61902,1.61902,8000000,1
1291002300000,1291002359000,1.61899,1.61907,1.61872,1.61901,96100000,1
1291002360000,1291002419000,1.61906,1.61909,1.61841,1.61876,85400000,1
1291002420000,1291002479000,1.61877,1.61877,1.61873,1.61873,5200000,1
1291002480000,1291002539000,1.61873,1.61884,1.61858,1.61868,71000000,1
1291002540000,1291002599000,1.61863,1.61869,1.61796,1.61826,183800000,1
1291002600000,1291002659000,1.61826,1.61853,1.61818,1.61834,81700000,1
1291002660000,1291002719000,1.61838,1.61847,1.61747,1.61766,70500000,1
1291002720000,1291002779000,1.61773,1.61804,1.61748,1.61802,85900000,1
1291002780000,1291002839000,1.61808,1.61817,1.61789,1.61801,122800000,1
1291002840000,1291002899000,1.61798,1.618,1.61782,1.61788,98300000,1
1291002900000,1291002959000,1.61801,1.61823,1.61783,1.61794,60700000,1
1291002960000,1291003019000,1.61792,1.61903,1.61783,1.61903,185200000,1
1291003020000,1291003079000,1.61902,1.61962,1.61896,1.6194,122200000,1
1291003080000,1291003139000,1.6193,1.6193,1.61902,1.61909,89300000,1
1291003140000,1291003199000,1.61895,1.61909,1.61877,1.61898,40000000,1
1291003200000,1291003259000,1.61894,1.61915,1.61849,1.61886,133200000,1
1291003260000,1291003319000,1.61886,1.61912,1.61886,1.61906,40500000,1
1291003320000,1291003379000,1.61906,1.61918,1.61892,1.61892,76700000,1
1291003380000,1291003439000,1.61892,1.61905,1.61871,1.61888,66100000,1
1291003440000,1291003499000,1.61901,1.61904,1.61867,1.61867,93300000,1
1291003500000,1291003559000,1.61871,1.61919,1.61871,1.61897,66800000,1
1291003560000,1291003619000,1.61896,1.61918,1.61857,1.61862,81200000,1
1291003620000,1291003679000,1.61857,1.61948,1.61857,1.61948,108100000,1
1291003680000,1291003739000,1.61943,1.61943,1.61924,1.61925,63700000,1
1291003740000,1291003799000,1.61918,1.61953,1.61918,1.6195,72700000,1
1291003800000,1291003859000,1.6195,1.62006,1.6195,1.61967,167100000,1
1291003860000,1291003919000,1.61967,1.61984,1.61922,1.61948,147400000,1
1291003920000,1291003979000,1.61949,1.61962,1.61907,1.61907,143500000,1
1291003980000,1291004039000,1.61902,1.61933,1.619,1.61918,101600000,1
1291004040000,1291004099000,1.61917,1.61917,1.61895,1.61896,26300000,1
1291004100000,1291004159000,1.61893,1.61912,1.61862,1.61897,92900000,1
1291004160000,1291004219000,1.61899,1.61939,1.61883,1.61928,151700000,1
1291004220000,1291004279000,1.61929,1.61929,1.61876,1.61894,114000000,1
1291004280000,1291004339000,1.61901,1.61901,1.61892,1.61892,61900000,1
1291004340000,1291004399000,1.61895,1.61908,1.61887,1.61887,54800000,1
1291004400000,1291004459000,1.61887,1.61888,1.61862,1.61869,77400000,1
1291004460000,1291004519000,1.61873,1.61943,1.61872,1.61918,125100000,1
1291004520000,1291004579000,1.61925,1.61931,1.61881,1.61881,140100000,1
1291004580000,1291004639000,1.61878,1.61897,1.61852,1.61882,132700000,1
1291004640000,1291004699000,1.61877,1.61947,1.61877,1.61934,196800000,1
1291004700000,1291004759000,1.61929,1.61969,1.6192,1.61955,193900000,1
1291004760000,1291004819000,1.61962,1.61989,1.6194,1.6194,124300000,1
1291004820000,1291004879000,1.6194,1.62,1.6194,1.61966,155200000,1
1291004880000,1291004939000,1.61966,1.61998,1.61966,1.61972,83600000,1
1291004940000,1291004999000,1.61972,1.6198,1.61972,1.61978,35000000,1
1291005000000,1291005059000,1.61978,1.62041,1.61975,1.6199,118800000,1
1291005060000,1291005119000,1.6199,1.62048,1.6199,1.62039,82600000,1
1291005120000,1291005179000,1.62032,1.6204,1.62014,1.62032,27300000,1
1291005180000,1291005239000,1.62028,1.62056,1.62018,1.62028,100500000,1
1291005240000,1291005299000,1.62037,1.62062,1.61993,1.62032,71700000,1
1291005300000,1291005359000,1.6203,1.62052,1.62024,1.62052,84900000,1
1291005360000,1291005419000,1.62053,1.62053,1.62014,1.62033,102900000,1
1291005420000,1291005479000,1.62032,1.62063,1.62022,1.62049,96500000,1
1291005480000,1291005539000,1.62049,1.62049,1.62004,1.62024,140500000,1
1291005540000,1291005599000,1.62024,1.62044,1.62004,1.62012,80800000,1
1291005600000,1291005659000,1.6201,1.62019,1.6194,1.61948,110100000,1
1291005660000,1291005719000,1.61954,1.61973,1.61909,1.61949,139100000,1
1291005720000,1291005779000,1.6195,1.62002,1.61946,1.61979,88100000,1
1291005780000,1291005839000,1.61979,1.61991,1.61966,1.61973,70800000,1
1291005840000,1291005899000,1.61976,1.62009,1.61959,1.61998,78400000,1
1291005900000,1291005959000,1.61998,1.62013,1.61992,1.62013,128000000,1
1291005960000,1291006019000,1.62011,1.62019,1.61964,1.61993,121500000,1
1291006020000,1291006079000,1.61988,1.62008,1.61983,1.61992,63300000,1
1291006080000,1291006139000,1.61984,1.6201,1.61974,1.62,64600000,1
1291006140000,1291006199000,1.61999,1.62012,1.61987,1.61993,50000000,1
1291006200000,1291006259000,1.61993,1.62056,1.6199,1.62056,113400000,1
1291006260000,1291006319000,1.62068,1.62072,1.62016,1.62056,160900000,1
1291006320000,1291006379000,1.62056,1.62059,1.62013,1.62029,85800000,1
1291006380000,1291006439000,1.62029,1.62032,1.62027,1.62027,41600000,1
1291006440000,1291006499000,1.62023,1.62027,1.62003,1.62012,49300000,1
1291006500000,1291006559000,1.62013,1.62048,1.61983,1.61988,176900000,1
1291006560000,1291006619000,1.61979,1.61994,1.61955,1.61979,75100000,1
1291006620000,1291006679000,1.61984,1.61986,1.61977,1.61979,77400000,1
1291006680000,1291006739000,1.61979,1.62001,1.61954,1.61954,92500000,1
1291006740000,1291006799000,1.61961,1.61966,1.61936,1.61962,85600000,1
1291006800000,1291006859000,1.61963,1.61968,1.61936,1.61937,87900000,1
1291006860000,1291006919000,1.61937,1.61968,1.61928,1.61953,44300000,1
1291006920000,1291006979000,1.61953,1.61957,1.61919,1.61933,125500000,1
1291006980000,1291007039000,1.61934,1.61949,1.61928,1.61942,134900000,1
1291007040000,1291007099000,1.61937,1.61968,1.61937,1.61937,98700000,1
1291007100000,1291007159000,1.61942,1.61961,1.61937,1.61941,65500000,1
1291007160000,1291007219000,1.61937,1.61971,1.61936,1.61971,44600000,1
1291007220000,1291007279000,1.61973,1.61988,1.61943,1.61943,71600000,1
1291007280000,1291007339000,1.6194,1.61954,1.61935,1.61949,70500000,1
1291007340000,1291007399000,1.61949,1.61952,1.61924,1.61944,108800000,1
1291007400000,1291007459000,1.61949,1.61964,1.61941,1.61954,52200000,1
1291007460000,1291007519000,1.61947,1.61954,1.61933,1.61938,70300000,1
1291007520000,1291007579000,1.61943,1.61956,1.61928,1.61935,85200000,1
1291007580000,1291007639000,1.61934,1.61964,1.61926,1.61927,115700000,1
1291007640000,1291007699000,1.61919,1.61936,1.61912,1.61924,68800000,1
1291007700000,1291007759000,1.61925,1.61948,1.61908,1.61928,72400000,1
1291007760000,1291007819000,1.61927,1.61935,1.61922,1.61923,34300000,1
1291007820000,1291007879000,1.6192,1.61929,1.6189,1.61928,69400000,1
1291007880000,1291007939000,1.61929,1.61939,1.6191,1.6191,65000000,1
1291007940000,1291007999000,1.61912,1.61934,1.61912,1.61919,71700000,1
1291008000000,1291008059000,1.61924,1.61931,1.61882,1.61888,106200000,1
1291008060000,1291008119000,1.61882,1.61927,1.61882,1.61917,74300000,1
1291008120000,1291008179000,1.61917,1.61943,1.61906,1.61936,111300000,1
1291008180000,1291008239000,1.61948,1.61948,1.61918,1.61922,70100000,1
1291008240000,1291008299000,1.61919,1.61943,1.619,1.61928,101500000,1
1291008300000,1291008359000,1.61927,1.6195,1.61908,1.6195,54400000,1
1291008360000,1291008419000,1.61949,1.61957,1.61937,1.61939,46500000,1
1291008420000,1291008479000,1.61956,1.61981,1.61936,1.61971,65900000,1
1291008480000,1291008539000,1.61976,1.62051,1.61965,1.61994,144000000,1
1291008540000,1291008599000,1.61994,1.62018,1.61944,1.62017,116200000,1
1291008600000,1291008659000,1.62012,1.62074,1.62012,1.6207,79200000,1
1291008660000,1291008719000,1.62072,1.62087,1.62049,1.6207,113000000,1
1291008720000,1291008779000,1.62063,1.62079,1.62037,1.62068,102900000,1
1291008780000,1291008839000,1.62065,1.62083,1.6203,1.6203,62200000,1
1291008840000,1291008899000,1.62018,1.62031,1.61992,1.6203,129200000,1
1291008900000,1291008959000,1.62028,1.62049,1.62015,1.62023,104200000,1
1291008960000,1291009019000,1.62023,1.6204,1.62023,1.62027,21700000,1
1291009020000,1291009079000,1.62027,1.62029,1.61999,1.61999,64100000,1
1291009080000,1291009139000,1.61995,1.61995,1.61937,1.6195,85000000,1
1291009140000,1291009199000,1.61956,1.61968,1.61905,1.61905,97000000,1
1291009200000,1291009259000,1.61905,1.61936,1.61892,1.61933,96100000,1
1291009260000,1291009319000,1.61925,1.61938,1.61918,1.61928,22000000,1
1291009320000,1291009379000,1.61926,1.61929,1.6191,1.61928,21400000,1
1291009380000,1291009439000,1.61924,1.61929,1.61897,1.61914,81700000,1
1291009440000,1291009499000,1.61915,1.61934,1.61911,1.61912,32600000,1
1291009500000,1291009559000,1.61908,1.6192,1.61908,1.6192,45900000,1
1291009560000,1291009619000,1.6192,1.6194,1.61839,1.61843,100700000,1
1291009620000,1291009679000,1.61843,1.61843,1.6172,1.6172,147500000,1
1291009680000,1291009739000,1.6173,1.61773,1.6173,1.61768,85800000,1
1291009740000,1291009799000,1.61768,1.61813,1.61763,1.61763,76400000,1
1291009800000,1291009859000,1.61767,1.61773,1.61737,1.61749,94800000,1
1291009860000,1291009919000,1.61747,1.6181,1.61747,1.61798,89500000,1
1291009920000,1291009979000,1.61806,1.61829,1.61764,1.61784,105600000,1
1291009980000,1291010039000,1.61784,1.61784,1.61739,1.61784,49200000,1
1291010040000,1291010099000,1.61783,1.61783,1.61701,1.61706,124100000,1
1291010100000,1291010159000,1.61708,1.61756,1.61704,1.61746,97600000,1
1291010160000,1291010219000,1.61741,1.6175,1.61702,1.61702,103000000,1
1291010220000,1291010279000,1.61709,1.61715,1.61694,1.61702,78700000,1
1291010280000,1291010339000,1.61707,1.61739,1.61704,1.61713,55400000,1
1291010340000,1291010399000,1.61713,1.61773,1.61713,1.61759,153000000,1
1291010400000,1291010459000,1.61755,1.61774,1.61706,1.61706,152200000,1
1291010460000,1291010519000,1.61708,1.61733,1.61697,1.61728,102700000,1
1291010520000,1291010579000,1.61724,1.61763,1.61696,1.61754,132100000,1
1291010580000,1291010639000,1.61749,1.61774,1.6173,1.61748,107700000,1
1291010640000,1291010699000,1.61746,1.61756,1.61727,1.61731,73900000,1
1291010700000,1291010759000,1.61731,1.61731,1.61696,1.61698,42300000,1
1291010760000,1291010819000,1.61698,1.61702,1.61668,1.61668,73600000,1
1291010820000,1291010879000,1.61662,1.617,1.61652,1.61698,95400000,1
1291010880000,1291010939000,1.61699,1.61724,1.61697,1.61712,66300000,1
1291010940000,1291010999000,1.61709,1.61737,1.61704,1.61732,67300000,1
1291011000000,1291011059000,1.61722,1.61756,1.61693,1.61693,88000000,1
1291011060000,1291011119000,1.61701,1.61719,1.61696,1.61719,108000000,1
1291011120000,1291011179000,1.61728,1.61734,1.61682,1.61734,154500000,1
1291011180000,1291011239000,1.61738,1.61765,1.61736,1.61752,113900000,1
1291011240000,1291011299000,1.61743,1.61754,1.61735,1.61735,78600000,1
1291011300000,1291011359000,1.61735,1.6176,1.61734,1.61759,72400000,1
1291011360000,1291011419000,1.61759,1.61779,1.61743,1.61762,82300000,1
1291011420000,1291011479000,1.61773,1.6178,1.61749,1.6175,49300000,1
1291011480000,1291011539000,1.61753,1.61793,1.61753,1.61773,108000000,1
1291011540000,1291011599000,1.61773,1.61821,1.61757,1.61815,97000000,1
1291011600000,1291011659000,1.61804,1.61815,1.61793,1.61813,75400000,1
1291011660000,1291011719000,1.61809,1.61824,1.618,1.61811,87700000,1
1291011720000,1291011779000,1.61811,1.61817,1.61808,1.61809,28200000,1
1291011780000,1291011839000,1.61814,1.61817,1.61806,1.61809,37500000,1
1291011840000,1291011899000,1.61809,1.61818,1.61807,1.61815,36300000,1
1291011900000,1291011959000,1.61815,1.61831,1.61815,1.61816,46700000,1
1291011960000,1291012019000,1.61811,1.61831,1.61811,1.61831,77700000,1
1291012020000,1291012079000,1.61828,1.61876,1.61828,1.61876,92500000,1
1291012080000,1291012139000,1.61867,1.61872,1.6183,1.61861,86900000,1
1291012140000,1291012199000,1.61855,1.61863,1.61823,1.61824,102800000,1
1291012200000,1291012259000,1.61832,1.6186,1.61823,1.6184,68600000,1
1291012260000,1291012319000,1.6184,1.61849,1.61835,1.61841,40200000,1
1291012320000,1291012379000,1.61847,1.61853,1.61833,1.61853,41200000,1
1291012380000,1291012439000,1.6186,1.61878,1.61858,1.61865,46100000,1
1291012440000,1291012499000,1.61868,1.61869,1.6186,1.61868,31200000,1
1291012500000,1291012559000,1.61863,1.61868,1.61856,1.61856,32800000,1
1291012560000,1291012619000,1.61853,1.61853,1.61792,1.61792,59100000,1
1291012620000,1291012679000,1.61792,1.61799,1.61784,1.61792,18700000,1
1291012680000,1291012739000,1.61792,1.61827,1.61792,1.61816,97800000,1
1291012740000,1291012799000,1.61816,1.61851,1.618,1.61829,132600000,1
1291012800000,1291012859000,1.61831,1.61888,1.61831,1.61867,47400000,1
1291012860000,1291012919000,1.61867,1.6187,1.61828,1.61828,34300000,1
1291012920000,1291012979000,1.61828,1.6185,1.61828,1.6183,46600000,1
1291012980000,1291013039000,1.6183,1.61867,1.6183,1.6184,47800000,1
1291013040000,1291013099000,1.6184,1.6184,1.61797,1.61826,75800000,1
1291013100000,1291013159000,1.61824,1.61837,1.61799,1.61814,66300000,1
1291013160000,1291013219000,1.61823,1.61823,1.61802,1.61802,35100000,1
1291013220000,1291013279000,1.61811,1.61811,1.61792,1.61792,104500000,1
1291013280000,1291013339000,1.61792,1.61811,1.61778,1.61778,54000000,1
1291013340000,1291013399000,1.61777,1.61781,1.61742,1.61742,75700000,1
1291013400000,1291013459000,1.6175,1.61805,1.61719,1.61792,72000000,1
1291013460000,1291013519000,1.61793,1.61819,1.61793,1.61793,64900000,1
1291013520000,1291013579000,1.61799,1.61799,1.61769,1.6179,73200000,1
1291013580000,1291013639000,1.61787,1.618,1.61787,1.61795,25100000,1
1291013640000,1291013699000,1.61791,1.61791,1.61779,1.61782,34800000,1
1291013700000,1291013759000,1.61782,1.61811,1.61777,1.61797,65600000,1
1291013760000,1291013819000,1.618,1.61815,1.61778,1.61779,126500000,1
1291013820000,1291013879000,1.61773,1.61794,1.61751,1.61751,93700000,1
1291013880000,1291013939000,1.61751,1.61847,1.61751,1.61838,72300000,1
1291013940000,1291013999000,1.6183,1.61835,1.61814,1.61819,46200000,1
1291014000000,1291014059000,1.61817,1.61852,1.61793,1.61823,168100000,1
1291014060000,1291014119000,1.61828,1.61839,1.61774,1.61777,160600000,1
1291014120000,1291014179000,1.61787,1.61803,1.61768,1.61803,98600000,1
1291014180000,1291014239000,1.61796,1.61808,1.61793,1.61808,62200000,1
1291014240000,1291014299000,1.61801,1.61849,1.61797,1.61845,87600000,1
1291014300000,1291014359000,1.61842,1.61863,1.61821,1.61844,81000000,1
1291014360000,1291014419000,1.61851,1.61869,1.61791,1.61791,64500000,1
1291014420000,1291014479000,1.61788,1.61802,1.61777,1.61794,73200000,1
1291014480000,1291014539000,1.61794,1.61795,1.61752,1.61752,41200000,1
1291014540000,1291014599000,1.61752,1.61767,1.61742,1.61755,78500000,1
1291014600000,1291014659000,1.61756,1.61756,1.61664,1.61676,141400000,1
1291014660000,1291014719000,1.61679,1.61718,1.61654,1.61718,115200000,1
1291014720000,1291014779000,1.61713,1.61717,1.61627,1.61638,137400000,1
1291014780000,1291014839000,1.61632,1.6166,1.61611,1.61622,125100000,1
1291014840000,1291014899000,1.61622,1.61634,1.61579,1.61596,163400000,1
1291014900000,1291014959000,1.61603,1.61625,1.61562,1.6157,154900000,1
1291014960000,1291015019000,1.61572,1.61607,1.61538,1.61588,147500000,1
1291015020000,1291015079000,1.61593,1.61595,1.61567,1.61591,117800000,1
1291015080000,1291015139000,1.61591,1.61643,1.6159,1.61602,103500000,1
1291015140000,1291015199000,1.61598,1.61635,1.61581,1.61618,138700000,1
1291015200000,1291015259000,1.61618,1.61649,1.61618,1.61629,77200000,1
1291015260000,1291015319000,1.61633,1.61641,1.61594,1.61603,115800000,1
1291015320000,1291015379000,1.61606,1.61627,1.6158,1.61624,142900000,1
1291015380000,1291015439000,1.61625,1.61642,1.61606,1.61624,87200000,1
1291015440000,1291015499000,1.61624,1.61632,1.61599,1.61616,84500000,1
1291015500000,1291015559000,1.61616,1.61625,1.61597,1.61606,80500000,1
1291015560000,1291015619000,1.61599,1.61661,1.61592,1.61652,125800000,1
1291015620000,1291015679000,1.61654,1.61662,1.61635,1.61662,66400000,1
1291015680000,1291015739000,1.61657,1.61657,1.61595,1.61607,87400000,1
1291015740000,1291015799000,1.61608,1.61608,1.61569,1.61569,88200000,1
1291015800000,1291015859000,1.61577,1.61613,1.61563,1.61563,123400000,1
1291015860000,1291015919000,1.61563,1.61568,1.61557,1.61559,92000000,1
1291015920000,1291015979000,1.61559,1.61689,1.61559,1.61658,102300000,1
1291015980000,1291016039000,1.61658,1.6168,1.61621,1.61664,110700000,1
1291016040000,1291016099000,1.61664,1.61664,1.61622,1.61645,65400000,1
1291016100000,1291016159000,1.61648,1.61664,1.6157,1.61592,130400000,1
1291016160000,1291016219000,1.61593,1.61606,1.61583,1.61597,89500000,1
1291016220000,1291016279000,1.61593,1.61602,1.61579,1.6159,81300000,1
1291016280000,1291016339000,1.61597,1.6162,1.61582,1.61589,74900000,1
1291016340000,1291016399000,1.61588,1.61595,1.61572,1.61573,54700000,1
1291016400000,1291016459000,1.61555,1.61575,1.61522,1.61527,115400000,1
1291016460000,1291016519000,1.61531,1.61548,1.61519,1.61532,52900000,1
1291016520000,1291016579000,1.61532,1.61542,1.61473,1.61492,110100000,1
1291016580000,1291016639000,1.61485,1.61516,1.61466,1.61506,87300000,1
1291016640000,1291016699000,1.61503,1.61517,1.61493,1.615,74800000,1
1291016700000,1291016759000,1.615,1.61519,1.6143,1.61438,91900000,1
1291016760000,1291016819000,1.61438,1.61495,1.61426,1.61459,91200000,1
1291016820000,1291016879000,1.61456,1.61511,1.61419,1.61502,94500000,1
1291016880000,1291016939000,1.61505,1.61538,1.61505,1.61523,83700000,1
1291016940000,1291016999000,1.61532,1.61556,1.61509,1.61552,69100000,1
1291017000000,1291017059000,1.61548,1.61565,1.61492,1.6151,140700000,1
1291017060000,1291017119000,1.61508,1.61562,1.61508,1.61562,97800000,1
1291017120000,1291017179000,1.61562,1.61593,1.61562,1.61564,79400000,1
1291017180000,1291017239000,1.61567,1.61567,1.61528,1.61528,77800000,1
1291017240000,1291017299000,1.61535,1.61573,1.6152,1.61539,116100000,1
1291017300000,1291017359000,1.61533,1.61586,1.61522,1.61568,111300000,1
1291017360000,1291017419000,1.61565,1.61592,1.615,1.61517,109000000,1
1291017420000,1291017479000,1.61516,1.61516,1.61415,1.61433,162700000,1
1291017480000,1291017539000,1.61423,1.61443,1.6136,1.61364,136700000,1
1291017540000,1291017599000,1.61364,1.61378,1.61255,1.61258,170800000,1
1291017600000,1291017659000,1.61263,1.61317,1.61235,1.61299,154700000,1
1291017660000,1291017719000,1.61315,1.61332,1.61292,1.61307,119900000,1
1291017720000,1291017779000,1.6131,1.61329,1.61285,1.61324,126400000,1
1291017780000,1291017839000,1.61314,1.61329,1.61245,1.61245,94500000,1
1291017840000,1291017899000,1.61248,1.61258,1.61187,1.61203,89700000,1
1291017900000,1291017959000,1.61211,1.61279,1.61201,1.61256,102100000,1
1291017960000,1291018019000,1.61279,1.61282,1.6125,1.61282,78900000,1
1291018020000,1291018079000,1.61273,1.61299,1.61223,1.61239,102200000,1
1291018080000,1291018139000,1.61239,1.61239,1.61166,1.61216,117600000,1
1291018140000,1291018199000,1.61198,1.61306,1.61179,1.61287,122600000,1
1291018200000,1291018259000,1.61288,1.61328,1.61272,1.61324,99900000,1
1291018260000,1291018319000,1.61324,1.6133,1.61246,1.61265,114000000,1
1291018320000,1291018379000,1.61264,1.61298,1.61217,1.61217,97600000,1
1291018380000,1291018439000,1.61221,1.61255,1.61207,1.61242,79600000,1
1291018440000,1291018499000,1.61237,1.61251,1.61185,1.61192,98900000,1
1291018500000,1291018559000,1.6121,1.6121,1.61117,1.61134,148500000,1
1291018560000,1291018619000,1.61132,1.61174,1.61127,1.61174,120100000,1
1291018620000,1291018679000,1.61188,1.6124,1.6117,1.6124,105400000,1
1291018680000,1291018739000,1.61246,1.61246,1.61148,1.61153,53400000,1
1291018740000,1291018799000,1.61143,1.61186,1.61143,1.61178,132800000,1
1291018800000,1291018859000,1.61173,1.61192,1.61121,1.6116,83100000,1
1291018860000,1291018919000,1.61153,1.61177,1.61143,1.61175,100600000,1
1291018920000,1291018979000,1.61175,1.61196,1.61139,1.61144,87000000,1
1291018980000,1291019039000,1.61139,1.61172,1.61139,1.61169,71700000,1
1291019040000,1291019099000,1.61169,1.61197,1.61156,1.61163,94800000,1
1291019100000,1291019159000,1.61164,1.61184,1.61148,1.61163,109700000,1
1291019160000,1291019219000,1.61162,1.61205,1.61162,1.61184,69400000,1
1291019220000,1291019279000,1.61191,1.61218,1.61175,1.61218,87500000,1
1291019280000,1291019339000,1.61218,1.61239,1.61193,1.61223,90200000,1
1291019340000,1291019399000,1.61215,1.6125,1.61208,1.61208,82300000,1
1291019400000,1291019459000,1.61208,1.61208,1.61134,1.61161,81200000,1
1291019460000,1291019519000,1.61164,1.61184,1.61114,1.61114,106900000,1
1291019520000,1291019579000,1.61124,1.61151,1.61058,1.61149,100100000,1
1291019580000,1291019639000,1.61132,1.61154,1.61052,1.61153,117400000,1
1291019640000,1291019699000,1.61153,1.6119,1.61147,1.61161,96800000,1
1291019700000,1291019759000,1.61158,1.61199,1.61137,1.61137,133900000,1
1291019760000,1291019819000,1.61134,1.61134,1.61073,1.61089,118000000,1
1291019820000,1291019879000,1.61076,1.61076,1.61009,1.61009,94800000,1
1291019880000,1291019939000,1.61017,1.61083,1.61006,1.61054,120900000,1
1291019940000,1291019999000,1.61042,1.61048,1.60993,1.61023,120500000,1
1291020000000,1291020059000,1.61028,1.61028,1.60989,1.61008,103300000,1
1291020060000,1291020119000,1.61008,1.61011,1.60972,1.60972,102500000,1
1291020120000,1291020179000,1.6097,1.61064,1.60969,1.61028,78200000,1
1291020180000,1291020239000,1.61025,1.6103,1.60992,1.61013,117700000,1
1291020240000,1291020299000,1.61015,1.6104,1.61009,1.6104,68100000,1
1291020300000,1291020359000,1.61039,1.61081,1.61025,1.61032,99100000,1
1291020360000,1291020419000,1.61034,1.61089,1.61033,1.61049,146800000,1
1291020420000,1291020479000,1.61048,1.61079,1.61023,1.61044,137800000,1
1291020480000,1291020539000,1.61047,1.61152,1.61043,1.61142,163000000,1
1291020540000,1291020599000,1.61145,1.61172,1.61103,1.61131,123400000,1
1291020600000,1291020659000,1.6112,1.6115,1.61107,1.61127,123700000,1
1291020660000,1291020719000,1.61123,1.61154,1.61122,1.61144,101300000,1
1291020720000,1291020779000,1.61144,1.61156,1.61089,1.61089,129500000,1
1291020780000,1291020839000,1.61093,1.61141,1.61093,1.61124,152200000,1
1291020840000,1291020899000,1.6112,1.61158,1.61114,1.61122,143100000,1
1291020900000,1291020959000,1.6112,1.61146,1.6111,1.61125,123200000,1
1291020960000,1291021019000,1.6113,1.61145,1.61112,1.6113,119800000,1
1291021020000,1291021079000,1.61138,1.61145,1.61094,1.61097,109900000,1
1291021080000,1291021139000,1.61101,1.61166,1.61099,1.61166,103000000,1
1291021140000,1291021199000,1.61174,1.61182,1.61117,1.61139,101100000,1
1291021200000,1291021259000,1.6114,1.61202,1.61132,1.61199,129700000,1
1291021260000,1291021319000,1.61201,1.61214,1.61165,1.61174,123400000,1
1291021320000,1291021379000,1.61173,1.61187,1.61162,1.61178,72200000,1
1291021380000,1291021439000,1.61174,1.61181,1.61143,1.61157,80100000,1
1291021440000,1291021499000,1.61158,1.61228,1.61127,1.61177,123000000,1
1291021500000,1291021559000,1.61184,1.61312,1.61184,1.61242,125500000,1
1291021560000,1291021619000,1.61242,1.61277,1.61234,1.61277,148600000,1
1291021620000,1291021679000,1.61269,1.61297,1.61262,1.61275,115800000,1
1291021680000,1291021739000,1.61265,1.61318,1.61261,1.61289,120700000,1
1291021740000,1291021799000,1.61291,1.61326,1.61291,1.61298,96800000,1
1291021800000,1291021859000,1.61308,1.61326,1.61302,1.61316,112900000,1
1291021860000,1291021919000,1.61316,1.61355,1.61304,1.61355,67400000,1
1291021920000,1291021979000,1.61346,1.61364,1.6133,1.61332,67900000,1
1291021980000,1291022039000,1.61332,1.61377,1.61327,1.61368,113800000,1
1291022040000,1291022099000,1.6137,1.61434,1.6137,1.61431,133700000,1
1291022100000,1291022159000,1.61424,1.61434,1.61394,1.61395,86900000,1
1291022160000,1291022219000,1.61378,1.61395,1.61363,1.61373,75900000,1
1291022220000,1291022279000,1.61388,1.61398,1.61365,1.61388,95700000,1
1291022280000,1291022339000,1.61382,1.61383,1.61324,1.61361,134200000,1
1291022340000,1291022399000,1.61364,1.61414,1.61363,1.61382,79000000,1
1291022400000,1291022459000,1.61378,1.61395,1.61313,1.61361,113000000,1
1291022460000,1291022519000,1.61363,1.61363,1.61332,1.61355,127100000,1
1291022520000,1291022579000,1.61355,1.61369,1.61329,1.61343,88300000,1
1291022580000,1291022639000,1.61348,1.61353,1.61274,1.61277,98000000,1
1291022640000,1291022699000,1.61262,1.61327,1.61261,1.61327,72700000,1
1291022700000,1291022759000,1.61324,1.61352,1.61319,1.61344,79100000,1
1291022760000,1291022819000,1.61337,1.61348,1.61282,1.61287,67500000,1
1291022820000,1291022879000,1.61287,1.61309,1.61208,1.61242,108900000,1
1291022880000,1291022939000,1.61242,1.61312,1.61179,1.61194,114900000,1
1291022940000,1291022999000,1.61201,1.6122,1.61181,1.61181,50300000,1
1291023000000,1291023059000,1.61182,1.61246,1.61178,1.61234,70500000,1
1291023060000,1291023119000,1.61231,1.61251,1.61192,1.61232,105200000,1
1291023120000,1291023179000,1.6123,1.61237,1.61194,1.61213,69900000,1
1291023180000,1291023239000,1.61215,1.61234,1.61172,1.61204,83800000,1
1291023240000,1291023299000,1.61203,1.61232,1.612,1.61217,88700000,1
1291023300000,1291023359000,1.61211,1.61255,1.61197,1.61238,130600000,1
1291023360000,1291023419000,1.61236,1.61253,1.61203,1.6123,99700000,1
1291023420000,1291023479000,1.61222,1.61261,1.6121,1.61254,82900000,1
1291023480000,1291023539000,1.61259,1.61271,1.6119,1.61215,80700000,1
1291023540000,1291023599000,1.61222,1.61292,1.61221,1.61289,127200000,1
1291023600000,1291023659000,1.61289,1.61392,1.61289,1.61368,180300000,1
1291023660000,1291023719000,1.6136,1.61372,1.61293,1.61326,99700000,1
1291023720000,1291023779000,1.61329,1.61418,1.61298,1.61408,181300000,1
1291023780000,1291023839000,1.61408,1.6142,1.61363,1.61389,158700000,1
1291023840000,1291023899000,1.61386,1.61391,1.61321,1.61321,89500000,1
1291023900000,1291023959000,1.61329,1.61361,1.61297,1.6134,145400000,1
1291023960000,1291024019000,1.61351,1.61404,1.61338,1.61348,141600000,1
1291024020000,1291024079000,1.6135,1.61424,1.61348,1.61412,110300000,1
1291024080000,1291024139000,1.61412,1.61463,1.61389,1.61436,177100000,1
1291024140000,1291024199000,1.61436,1.61451,1.61357,1.61357,152700000,1
1291024200000,1291024259000,1.61356,1.61373,1.61309,1.61364,132400000,1
1291024260000,1291024319000,1.61372,1.61397,1.61355,1.61385,81800000,1
1291024320000,1291024379000,1.61385,1.61469,1.61385,1.61469,119800000,1
1291024380000,1291024439000,1.61472,1.61603,1.61463,1.61596,128300000,1
1291024440000,1291024499000,1.61598,1.61614,1.61512,1.61516,90100000,1
1291024500000,1291024559000,1.61518,1.61546,1.61494,1.61505,124400000,1
1291024560000,1291024619000,1.6151,1.61541,1.61472,1.61541,138900000,1
1291024620000,1291024679000,1.61531,1.6155,1.61465,1.615,133300000,1
1291024680000,1291024739000,1.61494,1.61566,1.61457,1.61535,124400000,1
1291024740000,1291024799000,1.61545,1.61559,1.61472,1.61484,100600000,1
1291024800000,1291024859000,1.61472,1.61537,1.6147,1.61493,85100000,1
1291024860000,1291024919000,1.61506,1.61557,1.61503,1.61552,83900000,1
1291024920000,1291024979000,1.61552,1.61617,1.6153,1.61598,92500000,1
1291024980000,1291025039000,1.61621,1.61632,1.61569,1.61623,115500000,1
1291025040000,1291025099000,1.61626,1.61685,1.6159,1.6163,126500000,1
1291025100000,1291025159000,1.61638,1.61705,1.61637,1.61685,145400000,1
1291025160000,1291025219000,1.61709,1.61779,1.61709,1.61735,105700000,1
1291025220000,1291025279000,1.61743,1.61774,1.61717,1.61759,108700000,1
1291025280000,1291025339000,1.61748,1.61763,1.6168,1.61692,108300000,1
1291025340000,1291025399000,1.61691,1.61717,1.6167,1.61717,93000000,1
1291025400000,1291025459000,1.61717,1.61837,1.61702,1.61808,119700000,1
1291025460000,1291025519000,1.61799,1.61838,1.61779,1.61797,86800000,1
1291025520000,1291025579000,1.61799,1.6181,1.61743,1.61779,105600000,1
1291025580000,1291025639000,1.61779,1.61795,1.61751,1.61773,101700000,1
1291025640000,1291025699000,1.61764,1.61789,1.61718,1.61747,132700000,1
1291025700000,1291025759000,1.61746,1.61777,1.61679,1.61679,114600000,1
1291025760000,1291025819000,1.61684,1.61701,1.61646,1.61663,96700000,1
1291025820000,1291025879000,1.6166,1.6166,1.6158,1.61624,111100000,1
1291025880000,1291025939000,1.61625,1.61626,1.61575,1.61575,101500000,1
1291025940000,1291025999000,1.61573,1.6161,1.61567,1.61583,137500000,1
1291026000000,1291026059000,1.6159,1.61606,1.61579,1.61582,80000000,1
1291026060000,1291026119000,1.61585,1.61599,1.61561,1.61577,65500000,1
1291026120000,1291026179000,1.61565,1.61618,1.61565,1.61596,84800000,1
1291026180000,1291026239000,1.61604,1.61621,1.61566,1.61566,68900000,1
1291026240000,1291026299000,1.61563,1.61631,1.61563,1.61623,71700000,1
1291026300000,1291026359000,1.61613,1.61621,1.61566,1.61589,56800000,1
1291026360000,1291026419000,1.61567,1.61575,1.61562,1.61568,52700000,1
1291026420000,1291026479000,1.61574,1.6165,1.61556,1.61646,96700000,1
1291026480000,1291026539000,1.6164,1.6164,1.61595,1.61624,77400000,1
1291026540000,1291026599000,1.6163,1.6163,1.61551,1.61551,79000000,1
1291026600000,1291026659000,1.61564,1.61653,1.61562,1.61638,100400000,1
1291026660000,1291026719000,1.61621,1.6165,1.61606,1.61616,101600000,1
1291026720000,1291026779000,1.61621,1.61639,1.61582,1.61624,106000000,1
1291026780000,1291026839000,1.61621,1.61624,1.61579,1.61589,86300000,1
1291026840000,1291026899000,1.61594,1.61622,1.61565,1.61572,77700000,1
1291026900000,1291026959000,1.61588,1.61629,1.61588,1.6161,72100000,1
1291026960000,1291027019000,1.61616,1.61616,1.6155,1.6155,45900000,1
1291027020000,1291027079000,1.61547,1.61547,1.6151,1.6151,98400000,1
1291027080000,1291027139000,1.61504,1.61537,1.61494,1.61516,76500000,1
1291027140000,1291027199000,1.61512,1.61523,1.61491,1.61499,49400000,1
1291027200000,1291027259000,1.61488,1.61565,1.61488,1.61527,94300000,1
1291027260000,1291027319000,1.61538,1.61579,1.61525,1.61565,78100000,1
1291027320000,1291027379000,1.61562,1.61586,1.61553,1.6158,116900000,1
1291027380000,1291027439000,1.61579,1.61588,1.61556,1.61563,91500000,1
1291027440000,1291027499000,1.61561,1.61679,1.61558,1.61654,84800000,1
1291027500000,1291027559000,1.61653,1.61704,1.61628,1.61668,140800000,1
1291027560000,1291027619000,1.61666,1.61735,1.61648,1.61692,133600000,1
1291027620000,1291027679000,1.61685,1.61728,1.61678,1.61699,133600000,1
1291027680000,1291027739000,1.61707,1.6173,1.61694,1.61725,98800000,1
1291027740000,1291027799000,1.6172,1.61731,1.61687,1.61706,85200000,1
1291027800000,1291027859000,1.61712,1.61742,1.61712,1.61721,39700000,1
1291027860000,1291027919000,1.61722,1.61746,1.61701,1.61715,71500000,1
1291027920000,1291027979000,1.61715,1.61726,1.61707,1.61721,32800000,1
1291027980000,1291028039000,1.61715,1.61715,1.61659,1.6168,84000000,1
1291028040000,1291028099000,1.61689,1.61696,1.61653,1.61696,65500000,1
1291028100000,1291028159000,1.61696,1.61702,1.61597,1.61607,117300000,1
1291028160000,1291028219000,1.61612,1.61636,1.61602,1.61634,76100000,1
1291028220000,1291028279000,1.61633,1.61647,1.61594,1.61599,69800000,1
1291028280000,1291028339000,1.61598,1.61613,1.61582,1.61612,78100000,1
1291028340000,1291028399000,1.61603,1.61616,1.61587,1.61587,59500000,1
1291028400000,1291028459000,1.616,1.61637,1.61573,1.61577,119600000,1
1291028460000,1291028519000,1.61577,1.61603,1.61562,1.61572,103200000,1
1291028520000,1291028579000,1.61569,1.61618,1.61543,1.61604,88100000,1
1291028580000,1291028639000,1.61594,1.61598,1.61578,1.61594,75100000,1
1291028640000,1291028699000,1.61578,1.61641,1.61578,1.6164,105600000,1
1291028700000,1291028759000,1.61654,1.61664,1.61607,1.61616,82100000,1
1291028760000,1291028819000,1.61623,1.61623,1.61565,1.61574,98800000,1
1291028820000,1291028879000,1.61573,1.61638,1.61558,1.61624,136600000,1
1291028880000,1291028939000,1.61628,1.61729,1.61628,1.61718,119200000,1
1291028940000,1291028999000,1.61718,1.61744,1.61678,1.61683,111700000,1
1291029000000,1291029059000,1.61687,1.61721,1.61645,1.61721,112500000,1
1291029060000,1291029119000,1.61718,1.61854,1.61712,1.61792,99500000,1
1291029120000,1291029179000,1.61793,1.61794,1.61738,1.6176,106700000,1
1291029180000,1291029239000,1.61763,1.61806,1.61763,1.61774,93200000,1
1291029240000,1291029299000,1.61766,1.61767,1.61725,1.61729,69000000,1
1291029300000,1291029359000,1.61733,1.61796,1.61708,1.61796,82100000,1
1291029360000,1291029419000,1.61796,1.61805,1.61734,1.61741,114300000,1
1291029420000,1291029479000,1.61726,1.61727,1.61695,1.61697,81300000,1
1291029480000,1291029539000,1.61713,1.6172,1.6168,1.61694,71200000,1
1291029540000,1291029599000,1.61701,1.61701,1.61654,1.61681,71100000,1
1291029600000,1291029659000,1.61686,1.61735,1.61642,1.61646,88000000,1
1291029660000,1291029719000,1.61653,1.61701,1.61629,1.61701,70400000,1
1291029720000,1291029779000,1.61709,1.61771,1.61703,1.61757,88700000,1
1291029780000,1291029839000,1.61755,1.61782,1.6173,1.61755,85900000,1
1291029840000,1291029899000,1.61755,1.61755,1.61721,1.61747,60000000,1
1291029900000,1291029959000,1.61747,1.61764,1.61711,1.6172,57100000,1
1291029960000,1291030019000,1.6172,1.61738,1.61697,1.61716,94900000,1
1291030020000,1291030079000,1.61708,1.61792,1.61708,1.61768,73000000,1
1291030080000,1291030139000,1.61771,1.61784,1.61711,1.61711,60000000,1
1291030140000,1291030199000,1.617,1.61743,1.617,1.61743,70300000,1
1291030200000,1291030259000,1.61732,1.61778,1.61732,1.61741,134300000,1
1291030260000,1291030319000,1.61748,1.61754,1.61721,1.61741,86100000,1
1291030320000,1291030379000,1.61743,1.61756,1.61692,1.61699,81200000,1
1291030380000,1291030439000,1.61698,1.61704,1.61668,1.61702,71800000,1
1291030440000,1291030499000,1.61691,1.61724,1.61691,1.61714,56900000,1
1291030500000,1291030559000,1.61724,1.61766,1.61718,1.61746,71800000,1
1291030560000,1291030619000,1.61748,1.61782,1.61744,1.61767,70100000,1
1291030620000,1291030679000,1.61764,1.61782,1.61708,1.61725,77300000,1
1291030680000,1291030739000,1.61721,1.61757,1.61707,1.61749,74800000,1
1291030740000,1291030799000,1.6175,1.61755,1.61707,1.61707,44600000,1
1291030800000,1291030859000,1.61707,1.61757,1.61701,1.61723,64000000,1
1291030860000,1291030919000,1.61712,1.61766,1.61712,1.61743,108200000,1
1291030920000,1291030979000,1.61745,1.61763,1.61691,1.61745,122900000,1
1291030980000,1291031039000,1.61738,1.61773,1.61736,1.61763,118500000,1
1291031040000,1291031099000,1.61763,1.61767,1.61733,1.61762,124600000,1
1291031100000,1291031159000,1.61762,1.61777,1.61725,1.61759,116600000,1
1291031160000,1291031219000,1.61757,1.6177,1.61722,1.61722,118200000,1
1291031220000,1291031279000,1.6172,1.61755,1.61714,1.61755,90100000,1
1291031280000,1291031339000,1.61759,1.61778,1.61725,1.61763,95500000,1
1291031340000,1291031399000,1.61754,1.61771,1.61734,1.61739,124300000,1
1291031400000,1291031459000,1.61739,1.61766,1.61658,1.61658,140300000,1
1291031460000,1291031519000,1.61655,1.61676,1.61635,1.61637,120100000,1
1291031520000,1291031579000,1.61645,1.61665,1.6163,1.61635,85200000,1
1291031580000,1291031639000,1.61635,1.61665,1.61635,1.61664,95700000,1
1291031640000,1291031699000,1.6165,1.61663,1.61624,1.61639,115300000,1
1291031700000,1291031759000,1.61644,1.61658,1.61612,1.61647,90800000,1
1291031760000,1291031819000,1.61647,1.61661,1.61599,1.6166,92200000,1
1291031820000,1291031879000,1.61653,1.61698,1.61629,1.61693,133800000,1
1291031880000,1291031939000,1.61693,1.6176,1.61693,1.61726,113400000,1
1291031940000,1291031999000,1.61725,1.61772,1.6172,1.61721,113800000,1
1291032000000,1291032059000,1.61714,1.61808,1.61714,1.61785,127500000,1
1291032060000,1291032119000,1.61781,1.61806,1.61774,1.61784,96700000,1
1291032120000,1291032179000,1.61784,1.61804,1.61763,1.61794,115100000,1
1291032180000,1291032239000,1.61794,1.61835,1.61792,1.61814,137900000,1
1291032240000,1291032299000,1.61814,1.6183,1.618,1.61809,119500000,1
1291032300000,1291032359000,1.61813,1.6184,1.61762,1.61775,108600000,1
1291032360000,1291032419000,1.61784,1.61799,1.61768,1.61778,80600000,1
1291032420000,1291032479000,1.61781,1.61796,1.61775,1.61796,77300000,1
1291032480000,1291032539000,1.61798,1.61821,1.61775,1.61798,92800000,1
1291032540000,1291032599000,1.61798,1.61802,1.61768,1.61782,81000000,1
1291032600000,1291032659000,1.61783,1.61822,1.61772,1.61822,93700000,1
1291032660000,1291032719000,1.61813,1.61857,1.61794,1.6181,104700000,1
1291032720000,1291032779000,1.61812,1.61864,1.61812,1.6182,128900000,1
1291032780000,1291032839000,1.6182,1.61858,1.61802,1.61846,141000000,1
1291032840000,1291032899000,1.61846,1.61869,1.61811,1.61861,180800000,1
1291032900000,1291032959000,1.61857,1.61901,1.61851,1.61892,131500000,1
1291032960000,1291033019000,1.61892,1.61922,1.61878,1.6189,141400000,1
1291033020000,1291033079000,1.61899,1.61923,1.61883,1.61912,127700000,1
1291033080000,1291033139000,1.61915,1.61926,1.61865,1.61881,115900000,1
1291033140000,1291033199000,1.61881,1.61928,1.61875,1.61908,142000000,1
1291033200000,1291033259000,1.61908,1.61974,1.61902,1.61974,127000000,1
1291033260000,1291033319000,1.61974,1.6201,1.61969,1.62,130800000,1
1291033320000,1291033379000,1.62,1.62,1.61973,1.61994,100700000,1
1291033380000,1291033439000,1.61994,1.62026,1.61975,1.62024,139000000,1
1291033440000,1291033499000,1.62014,1.62026,1.61977,1.62005,169900000,1
1291033500000,1291033559000,1.62004,1.62011,1.61953,1.61974,130500000,1
1291033560000,1291033619000,1.61958,1.61958,1.61927,1.61942,136600000,1
1291033620000,1291033679000,1.6194,1.6194,1.61897,1.6191,80900000,1
1291033680000,1291033739000,1.6191,1.61929,1.61822,1.61829,160500000,1
1291033740000,1291033799000,1.61832,1.61853,1.61801,1.61849,154000000,1
1291033800000,1291033859000,1.61849,1.61888,1.61832,1.61882,111200000,1
1291033860000,1291033919000,1.61878,1.61885,1.61815,1.61864,144200000,1
1291033920000,1291033979000,1.61852,1.61911,1.61843,1.61879,109700000,1
1291033980000,1291034039000,1.61895,1.61937,1.61892,1.6193,152500000,1
1291034040000,1291034099000,1.6193,1.61964,1.6192,1.61952,124600000,1
1291034100000,1291034159000,1.61955,1.61962,1.61922,1.61931,93700000,1
1291034160000,1291034219000,1.61933,1.61969,1.6192,1.6194,95900000,1
1291034220000,1291034279000,1.61923,1.61938,1.61906,1.61915,127800000,1
1291034280000,1291034339000,1.61927,1.61943,1.61897,1.61899,105200000,1
1291034340000,1291034399000,1.61899,1.61914,1.61857,1.61871,138000000,1
1291034400000,1291034459000,1.61871,1.61882,1.61858,1.61867,82700000,1
1291034460000,1291034519000,1.61872,1.61909,1.61852,1.61892,114400000,1
1291034520000,1291034579000,1.61892,1.61897,1.61837,1.6188,129900000,1
1291034580000,1291034639000,1.61868,1.61886,1.61803,1.61803,92600000,1
1291034640000,1291034699000,1.61796,1.61838,1.61792,1.61808,122000000,1
1291034700000,1291034759000,1.61799,1.61823,1.61785,1.61809,183400000,1
1291034760000,1291034819000,1.61818,1.61859,1.61818,1.61831,146400000,1
1291034820000,1291034879000,1.61825,1.61833,1.61757,1.61803,158000000,1
1291034880000,1291034939000,1.61808,1.61844,1.6179,1.61833,145700000,1
1291034940000,1291034999000,1.61834,1.61863,1.61823,1.61841,154900000,1
1291035000000,1291035059000,1.61839,1.61893,1.6183,1.61887,130200000,1
1291035060000,1291035119000,1.61884,1.61885,1.61844,1.61858,94000000,1
1291035120000,1291035179000,1.61858,1.61899,1.61858,1.61877,110700000,1
1291035180000,1291035239000,1.61878,1.6188,1.61774,1.61778,184700000,1
1291035240000,1291035299000,1.61784,1.61854,1.61761,1.61838,97800000,1
1291035300000,1291035359000,1.61838,1.61861,1.61822,1.61841,83100000,1
1291035360000,1291035419000,1.61838,1.61859,1.61815,1.61828,94600000,1
1291035420000,1291035479000,1.61828,1.61855,1.61811,1.61828,111500000,1
1291035480000,1291035539000,1.61828,1.61867,1.61807,1.61859,148500000,1
1291035540000,1291035599000,1.61859,1.61859,1.61831,1.61836,111300000,1
1291035600000,1291035659000,1.61842,1.61908,1.61829,1.61904,166000000,1
1291035660000,1291035719000,1.61905,1.61946,1.61861,1.61876,172000000,1
1291035720000,1291035779000,1.61879,1.61919,1.61865,1.61895,145500000,1
1291035780000,1291035839000,1.61895,1.61944,1.61887,1.61914,155600000,1
1291035840000,1291035899000,1.61914,1.61945,1.61896,1.61909,138200000,1
1291035900000,1291035959000,1.61917,1.61952,1.61882,1.61947,123200000,1
1291035960000,1291036019000,1.6195,1.61955,1.619,1.61923,180100000,1
1291036020000,1291036079000,1.61924,1.61934,1.61892,1.61904,152900000,1
1291036080000,1291036139000,1.61909,1.61923,1.61888,1.61918,147400000,1
1291036140000,1291036199000,1.61919,1.61922,1.61884,1.61889,181800000,1
1291036200000,1291036259000,1.619,1.61924,1.61884,1.61903,168300000,1
1291036260000,1291036319000,1.61903,1.61908,1.61865,1.61872,154600000,1
1291036320000,1291036379000,1.61872,1.61884,1.61847,1.61867,159400000,1
1291036380000,1291036439000,1.61861,1.61869,1.61837,1.61868,159700000,1
1291036440000,1291036499000,1.61863,1.61897,1.61831,1.6188,208300000,1
1291036500000,1291036559000,1.61879,1.61888,1.61789,1.61789,201000000,1
1291036560000,1291036619000,1.61778,1.61809,1.61746,1.61763,153600000,1
1291036620000,1291036679000,1.61762,1.61789,1.61726,1.61757,166100000,1
1291036680000,1291036739000,1.61757,1.61771,1.61732,1.61754,136800000,1
1291036740000,1291036799000,1.61754,1.61754,1.61694,1.61724,214900000,1
1291036800000,1291036859000,1.61731,1.61731,1.61638,1.61712,147100000,1
1291036860000,1291036919000,1.61719,1.6174,1.61689,1.61722,131300000,1
1291036920000,1291036979000,1.6172,1.61759,1.61696,1.61702,114800000,1
1291036980000,1291037039000,1.61701,1.61727,1.61638,1.61638,136800000,1
1291037040000,1291037099000,1.61639,1.61656,1.61605,1.61632,139500000,1
1291037100000,1291037159000,1.61632,1.61686,1.61612,1.61659,102100000,1
1291037160000,1291037219000,1.61659,1.61738,1.61659,1.61703,171100000,1
1291037220000,1291037279000,1.61694,1.61711,1.61654,1.61686,143600000,1
1291037280000,1291037339000,1.61686,1.6171,1.61676,1.61699,107800000,1
1291037340000,1291037399000,1.61699,1.61719,1.61648,1.61671,109000000,1
1291037400000,1291037459000,1.61671,1.61704,1.61643,1.61675,121800000,1
1291037460000,1291037519000,1.61675,1.61691,1.61653,1.61677,129100000,1
1291037520000,1291037579000,1.61677,1.61749,1.61677,1.61728,110500000,1
1291037580000,1291037639000,1.61728,1.61763,1.61724,1.6174,129700000,1
1291037640000,1291037699000,1.6174,1.61776,1.61727,1.61763,167600000,1
1291037700000,1291037759000,1.61763,1.61778,1.61742,1.61764,163700000,1
1291037760000,1291037819000,1.61763,1.61772,1.61735,1.61735,120100000,1
1291037820000,1291037879000,1.61735,1.6179,1.61735,1.61768,191700000,1
1291037880000,1291037939000,1.61772,1.61785,1.6176,1.61776,152300000,1
1291037940000,1291037999000,1.61784,1.61813,1.61772,1.61774,169300000,1
1291038000000,1291038059000,1.61775,1.61881,1.61775,1.61858,164800000,1
1291038060000,1291038119000,1.61848,1.61866,1.61816,1.61825,246300000,1
1291038120000,1291038179000,1.61825,1.61847,1.6181,1.61823,199400000,1
1291038180000,1291038239000,1.61821,1.61844,1.61787,1.61806,196200000,1
1291038240000,1291038299000,1.61806,1.61838,1.618,1.61813,155300000,1
1291038300000,1291038359000,1.61804,1.61811,1.61723,1.61734,246000000,1
1291038360000,1291038419000,1.6174,1.61756,1.6172,1.6172,162100000,1
1291038420000,1291038479000,1.6172,1.61743,1.61711,1.61724,220800000,1
1291038480000,1291038539000,1.61724,1.61724,1.61658,1.61679,179700000,1
1291038540000,1291038599000,1.6168,1.61749,1.6168,1.61747,116900000,1
1291038600000,1291038659000,1.61747,1.61783,1.61721,1.61726,163000000,1
1291038660000,1291038719000,1.61735,1.61772,1.61721,1.61748,161000000,1
1291038720000,1291038779000,1.61746,1.61773,1.61722,1.61755,155400000,1
1291038780000,1291038839000,1.61755,1.61781,1.61747,1.61751,179800000,1
1291038840000,1291038899000,1.61751,1.61788,1.61733,1.61774,239900000,1
1291038900000,1291038959000,1.61774,1.61797,1.61753,1.61791,261900000,1
1291038960000,1291039019000,1.61796,1.61827,1.61781,1.61798,267200000,1
1291039020000,1291039079000,1.61789,1.61835,1.61783,1.61819,294900000,1
1291039080000,1291039139000,1.61819,1.61911,1.61818,1.6185,357400000,1
1291039140000,1291039199000,1.61847,1.61877,1.61843,1.61855,327000000,1
1291039200000,1291039259000,1.61849,1.6186,1.61819,1.61844,336000000,1
1291039260000,1291039319000,1.61844,1.61909,1.61832,1.61909,289200000,1
1291039320000,1291039379000,1.61909,1.61964,1.61888,1.61933,356800000,1
1291039380000,1291039439000,1.61932,1.61966,1.61919,1.61943,151800000,1
1291039440000,1291039499000,1.6194,1.61972,1.61921,1.61966,233200000,1
1291039500000,1291039559000,1.61961,1.61993,1.61921,1.61927,211200000,1
1291039560000,1291039619000,1.61937,1.61972,1.61928,1.61972,239400000,1
1291039620000,1291039679000,1.61989,1.62024,1.61963,1.62013,252900000,1
1291039680000,1291039739000,1.62013,1.62035,1.61975,1.62015,233600000,1
1291039740000,1291039799000,1.62009,1.62055,1.62009,1.62028,238200000,1
1291039800000,1291039859000,1.62028,1.62046,1.62017,1.62036,150500000,1
1291039860000,1291039919000,1.62036,1.62061,1.6202,1.6202,211300000,1
1291039920000,1291039979000,1.62018,1.62021,1.61947,1.61982,180200000,1
1291039980000,1291040039000,1.61988,1.62021,1.61988,1.62001,167300000,1
1291040040000,1291040099000,1.62,1.6201,1.6195,1.61976,179700000,1
1291040100000,1291040159000,1.61976,1.6202,1.61969,1.61993,212000000,1
1291040160000,1291040219000,1.61989,1.61998,1.61903,1.61943,203400000,1
1291040220000,1291040279000,1.61949,1.61971,1.6192,1.6193,227700000,1
1291040280000,1291040339000,1.61931,1.61978,1.61912,1.61943,206600000,1
1291040340000,1291040399000,1.61943,1.61986,1.61937,1.61977,179200000,1
1291040400000,1291040459000,1.61969,1.62017,1.61957,1.62004,250500000,1
1291040460000,1291040519000,1.62007,1.62028,1.61971,1.61982,174000000,1
1291040520000,1291040579000,1.61982,1.62015,1.61968,1.62013,150900000,1
1291040580000,1291040639000,1.62027,1.62029,1.61973,1.62,199200000,1
1291040640000,1291040699000,1.61998,1.62049,1.61993,1.62011,194200000,1
1291040700000,1291040759000,1.6201,1.62018,1.61984,1.62004,214700000,1
1291040760000,1291040819000,1.62,1.62057,1.6198,1.62048,240700000,1
1291040820000,1291040879000,1.62048,1.62079,1.62035,1.62049,253400000,1
1291040880000,1291040939000,1.62048,1.62086,1.62007,1.62036,224800000,1
1291040940000,1291040999000,1.62036,1.62091,1.62009,1.62079,225400000,1
1291041000000,1291041059000,1.62093,1.62102,1.61984,1.61994,305800000,1
1291041060000,1291041119000,1.61994,1.6204,1.61981,1.61999,279000000,1
1291041120000,1291041179000,1.61999,1.62033,1.61983,1.62022,227100000,1
1291041180000,1291041239000,1.62006,1.62012,1.6193,1.61967,241200000,1
1291041240000,1291041299000,1.61984,1.62012,1.61946,1.61977,262500000,1
1291041300000,1291041359000,1.61977,1.61996,1.61955,1.61973,238800000,1
1291041360000,1291041419000,1.61974,1.62027,1.61961,1.62017,359000000,1
1291041420000,1291041479000,1.62017,1.62021,1.6197,1.62009,267400000,1
1291041480000,1291041539000,1.62009,1.62021,1.61943,1.61974,267600000,1
1291041540000,1291041599000,1.61981,1.62032,1.61968,1.6201,262900000,1
1291041600000,1291041659000,1.6201,1.62017,1.6194,1.61953,248400000,1
1291041660000,1291041719000,1.61958,1.61959,1.61898,1.61898,209900000,1
1291041720000,1291041779000,1.61904,1.61906,1.61862,1.61874,206300000,1
1291041780000,1291041839000,1.61867,1.61936,1.61859,1.61906,209000000,1
1291041840000,1291041899000,1.61903,1.61909,1.61838,1.61879,253600000,1
1291041900000,1291041959000,1.61876,1.61896,1.61834,1.61866,198400000,1
1291041960000,1291042019000,1.6186,1.61885,1.61842,1.61861,207800000,1
1291042020000,1291042079000,1.61846,1.61847,1.61794,1.61794,257200000,1
1291042080000,1291042139000,1.61801,1.61819,1.61771,1.61813,223100000,1
1291042140000,1291042199000,1.61819,1.61914,1.61819,1.61912,186100000,1
1291042200000,1291042259000,1.6192,1.6192,1.6187,1.6187,166400000,1
1291042260000,1291042319000,1.61862,1.61872,1.61828,1.61844,181800000,1
1291042320000,1291042379000,1.61845,1.61872,1.61829,1.61849,182500000,1
1291042380000,1291042439000,1.61847,1.61904,1.61846,1.61893,189200000,1
1291042440000,1291042499000,1.61893,1.61976,1.61893,1.61967,233200000,1
1291042500000,1291042559000,1.6197,1.62054,1.61968,1.61998,283600000,1
1291042560000,1291042619000,1.62003,1.62079,1.61991,1.62042,296500000,1
1291042620000,1291042679000,1.6204,1.62088,1.62034,1.6206,265500000,1
1291042680000,1291042739000,1.6206,1.62088,1.62039,1.62075,251400000,1
1291042740000,1291042799000,1.62083,1.62113,1.62065,1.62071,268100000,1
1291042800000,1291042859000,1.62075,1.62128,1.62065,1.62108,347800000,1
1291042860000,1291042919000,1.62102,1.62212,1.62102,1.62178,284800000,1
1291042920000,1291042979000,1.62183,1.62261,1.62175,1.62221,264400000,1
1291042980000,1291043039000,1.62221,1.62291,1.62207,1.62275,307900000,1
1291043040000,1291043099000,1.62275,1.62327,1.62253,1.62292,274600000,1
1291043100000,1291043159000,1.62287,1.62316,1.62269,1.62293,293000000,1
1291043160000,1291043219000,1.6229,1.62326,1.62252,1.62282,289200000,1
1291043220000,1291043279000,1.62282,1.62302,1.62241,1.62241,262000000,1
1291043280000,1291043339000,1.62241,1.62294,1.62241,1.62293,262500000,1
1291043340000,1291043399000,1.62293,1.62324,1.62254,1.62254,294100000,1
1291043400000,1291043459000,1.62253,1.62284,1.62244,1.62284,270100000,1
1291043460000,1291043519000,1.6228,1.62285,1.62251,1.62254,227000000,1
1291043520000,1291043579000,1.62259,1.62286,1.62238,1.62249,318800000,1
1291043580000,1291043639000,1.62249,1.62262,1.62219,1.62225,212800000,1
1291043640000,1291043699000,1.62225,1.62248,1.62167,1.62173,285900000,1
1291043700000,1291043759000,1.62209,1.6223,1.62174,1.62195,298700000,1
1291043760000,1291043819000,1.62202,1.62202,1.62163,1.62175,413000000,1
1291043820000,1291043879000,1.62175,1.62192,1.6208,1.6209,348200000,1
1291043880000,1291043939000,1.62098,1.62115,1.62048,1.62058,236000000,1
1291043940000,1291043999000,1.6206,1.62087,1.62017,1.62069,234100000,1
1291044000000,1291044059000,1.62071,1.62081,1.62042,1.62042,229800000,1
1291044060000,1291044119000,1.62046,1.62073,1.62023,1.62058,265200000,1
1291044120000,1291044179000,1.62054,1.62065,1.6203,1.62055,265100000,1
1291044180000,1291044239000,1.62062,1.62074,1.62022,1.62031,266200000,1
1291044240000,1291044299000,1.62022,1.62037,1.62011,1.62035,280300000,1
1291044300000,1291044359000,1.62031,1.62059,1.61986,1.62045,409200000,1
1291044360000,1291044419000,1.62045,1.62097,1.62042,1.62078,332700000,1
1291044420000,1291044479000,1.62076,1.62122,1.62044,1.62094,327200000,1
1291044480000,1291044539000,1.62103,1.6214,1.6209,1.62124,360900000,1
1291044540000,1291044599000,1.62122,1.62131,1.62082,1.6209,341800000,1
1291044600000,1291044659000,1.621,1.62121,1.62075,1.62077,226400000,1
1291044660000,1291044719000,1.62077,1.62077,1.62016,1.6202,245200000,1
1291044720000,1291044779000,1.6202,1.62042,1.62007,1.62015,219900000,1
1291044780000,1291044839000,1.62014,1.6202,1.61962,1.61994,280500000,1
1291044840000,1291044899000,1.61994,1.61996,1.61952,1.61964,321100000,1
1291044900000,1291044959000,1.61964,1.61993,1.61921,1.61993,277000000,1
1291044960000,1291045019000,1.61993,1.62015,1.61972,1.62003,211900000,1
1291045020000,1291045079000,1.62,1.62019,1.61987,1.6201,236200000,1
1291045080000,1291045139000,1.6201,1.62014,1.61982,1.62002,195000000,1
1291045140000,1291045199000,1.62006,1.6201,1.6194,1.61947,271700000,1
1291045200000,1291045259000,1.61955,1.61988,1.61931,1.61982,308800000,1
1291045260000,1291045319000,1.61982,1.62003,1.61971,1.61993,199700000,1
1291045320000,1291045379000,1.61993,1.61997,1.61924,1.61932,279700000,1
1291045380000,1291045439000,1.61931,1.6198,1.61922,1.61957,288600000,1
1291045440000,1291045499000,1.61962,1.62003,1.61957,1.61962,197800000,1
1291045500000,1291045559000,1.61976,1.62024,1.61952,1.61976,255000000,1
1291045560000,1291045619000,1.61976,1.62029,1.61953,1.62016,253600000,1
1291045620000,1291045679000,1.62016,1.62031,1.61982,1.62022,216500000,1
1291045680000,1291045739000,1.62022,1.62039,1.61993,1.62022,226800000,1
1291045740000,1291045799000,1.62022,1.62027,1.61953,1.61965,182700000,1
1291045800000,1291045859000,1.61965,1.62015,1.61953,1.61984,191500000,1
1291045860000,1291045919000,1.61982,1.62003,1.6193,1.61946,195700000,1
1291045920000,1291045979000,1.61952,1.61976,1.61927,1.61962,187400000,1
1291045980000,1291046039000,1.61962,1.62007,1.61941,1.6199,206500000,1
1291046040000,1291046099000,1.61982,1.62051,1.6198,1.62044,242000000,1
1291046100000,1291046159000,1.62042,1.62101,1.62024,1.62101,262900000,1
1291046160000,1291046219000,1.62084,1.62107,1.62072,1.62077,275600000,1
1291046220000,1291046279000,1.6208,1.62102,1.62077,1.62078,269400000,1
1291046280000,1291046339000,1.62078,1.6211,1.62035,1.62093,255200000,1
1291046340000,1291046399000,1.62093,1.62174,1.62091,1.62127,283600000,1
1291046400000,1291046459000,1.62127,1.62137,1.62075,1.62122,279400000,1
1291046460000,1291046519000,1.62122,1.62143,1.62095,1.62122,221900000,1
1291046520000,1291046579000,1.62122,1.62132,1.62097,1.62132,213400000,1
1291046580000,1291046639000,1.62132,1.62145,1.62097,1.62112,295700000,1
1291046640000,1291046699000,1.6212,1.62164,1.62106,1.62145,347000000,1
1291046700000,1291046759000,1.62139,1.62223,1.62139,1.62185,289600000,1
1291046760000,1291046819000,1.62185,1.62196,1.62136,1.62148,192800000,1
1291046820000,1291046879000,1.62152,1.6217,1.62105,1.62117,243800000,1
1291046880000,1291046939000,1.62117,1.62197,1.62101,1.6218,241100000,1
1291046940000,1291046999000,1.62183,1.62183,1.62114,1.6212,257700000,1
1291047000000,1291047059000,1.6212,1.62143,1.6211,1.62122,217400000,1
1291047060000,1291047119000,1.62122,1.62152,1.62101,1.62136,248800000,1
1291047120000,1291047179000,1.62133,1.62133,1.62023,1.62031,291900000,1
1291047180000,1291047239000,1.62031,1.62046,1.6198,1.61992,263000000,1
1291047240000,1291047299000,1.61989,1.62065,1.61986,1.6203,265800000,1
1291047300000,1291047359000,1.6203,1.62049,1.62,1.6204,247900000,1
1291047360000,1291047419000,1.62038,1.62058,1.62007,1.62049,205200000,1
1291047420000,1291047479000,1.62046,1.62128,1.62033,1.62126,294600000,1
1291047480000,1291047539000,1.6213,1.62158,1.62083,1.62119,270000000,1
1291047540000,1291047599000,1.62119,1.62185,1.62106,1.6217,213800000,1
1291047600000,1291047659000,1.62178,1.62178,1.62117,1.62161,200700000,1
1291047660000,1291047719000,1.62161,1.62173,1.62103,1.6213,216800000,1
1291047720000,1291047779000,1.62135,1.622,1.62133,1.622,189800000,1
1291047780000,1291047839000,1.62189,1.62294,1.62189,1.62278,149500000,1
1291047840000,1291047899000,1.62277,1.62277,1.62203,1.62212,189000000,1
1291047900000,1291047959000,1.62211,1.62253,1.62169,1.62174,167500000,1
1291047960000,1291048019000,1.62173,1.62227,1.62164,1.62227,129600000,1
1291048020000,1291048079000,1.62212,1.62249,1.62172,1.62192,164500000,1
1291048080000,1291048139000,1.62192,1.62223,1.62169,1.62178,198900000,1
1291048140000,1291048199000,1.62184,1.62229,1.62178,1.62212,156200000,1
1291048200000,1291048259000,1.62213,1.62235,1.62197,1.62215,231900000,1
1291048260000,1291048319000,1.62209,1.6225,1.622,1.62247,206700000,1
1291048320000,1291048379000,1.62247,1.62249,1.62209,1.62215,198800000,1
1291048380000,1291048439000,1.62221,1.62236,1.6219,1.62199,154700000,1
1291048440000,1291048499000,1.62199,1.62253,1.62199,1.62242,194500000,1
1291048500000,1291048559000,1.62242,1.62273,1.62229,1.62253,120700000,1
1291048560000,1291048619000,1.62253,1.62284,1.62247,1.62273,189600000,1
1291048620000,1291048679000,1.62279,1.62305,1.62243,1.62246,196800000,1
1291048680000,1291048739000,1.6225,1.62273,1.62218,1.62222,206100000,1
1291048740000,1291048799000,1.62226,1.6227,1.62215,1.62252,225900000,1
1291048800000,1291048859000,1.6225,1.62295,1.62245,1.62262,184400000,1
1291048860000,1291048919000,1.62262,1.62287,1.62177,1.62181,195700000,1
1291048920000,1291048979000,1.62184,1.62206,1.62162,1.62195,205400000,1
1291048980000,1291049039000,1.62204,1.62256,1.62191,1.62236,246900000,1
1291049040000,1291049099000,1.6224,1.62255,1.62204,1.62204,203900000,1
1291049100000,1291049159000,1.62219,1.62243,1.62212,1.6224,190700000,1
1291049160000,1291049219000,1.62242,1.62245,1.62191,1.62202,217600000,1
1291049220000,1291049279000,1.622,1.62229,1.62176,1.62193,188600000,1
1291049280000,1291049339000,1.62193,1.62197,1.62144,1.62149,204800000,1
1291049340000,1291049399000,1.62143,1.62176,1.62125,1.62168,253100000,1
1291049400000,1291049459000,1.62172,1.62209,1.62161,1.62184,216800000,1
1291049460000,1291049519000,1.62192,1.62236,1.62178,1.6223,237800000,1
1291049520000,1291049579000,1.62239,1.62246,1.62197,1.62216,213000000,1
1291049580000,1291049639000,1.62208,1.62213,1.62164,1.62165,204800000,1
1291049640000,1291049699000,1.62163,1.62174,1.62134,1.62145,190900000,1
1291049700000,1291049759000,1.62147,1.62186,1.62137,1.62186,184800000,1
1291049760000,1291049819000,1.62177,1.62212,1.62164,1.62184,174600000,1
1291049820000,1291049879000,1.62187,1.62187,1.62106,1.62123,204600000,1
1291049880000,1291049939000,1.62115,1.62144,1.62114,1.62117,199600000,1
1291049940000,1291049999000,1.62112,1.62137,1.62107,1.62137,122900000,1
1291050000000,1291050059000,1.62136,1.62146,1.62112,1.62118,59000000,1
1291050060000,1291050119000,1.62113,1.62164,1.62107,1.62162,100400000,1
1291050120000,1291050179000,1.62162,1.62182,1.62125,1.6213,190500000,1
1291050180000,1291050239000,1.6213,1.62139,1.62107,1.62129,214800000,1
1291050240000,1291050299000,1.62129,1.62135,1.62079,1.621,231600000,1
1291050300000,1291050359000,1.62108,1.62125,1.62077,1.62125,146900000,1
1291050360000,1291050419000,1.62125,1.62137,1.62105,1.62128,143200000,1
1291050420000,1291050479000,1.6212,1.62133,1.62036,1.62036,239100000,1
1291050480000,1291050539000,1.62036,1.62054,1.62013,1.62018,174700000,1
1291050540000,1291050599000,1.62014,1.62043,1.62012,1.62034,108400000,1
1291050600000,1291050659000,1.62039,1.62042,1.62006,1.62031,120600000,1
1291050660000,1291050719000,1.62034,1.62058,1.62009,1.62045,184000000,1
1291050720000,1291050779000,1.6203,1.62031,1.61989,1.62004,179400000,1
1291050780000,1291050839000,1.62002,1.62002,1.61963,1.61983,146700000,1
1291050840000,1291050899000,1.61974,1.62,1.61974,1.61988,138700000,1
1291050900000,1291050959000,1.61988,1.62011,1.61985,1.61992,119500000,1
1291050960000,1291051019000,1.62,1.62021,1.61978,1.61991,206100000,1
1291051020000,1291051079000,1.61987,1.61992,1.61968,1.61987,125300000,1
1291051080000,1291051139000,1.61982,1.6199,1.61961,1.61967,186500000,1
1291051140000,1291051199000,1.61967,1.61974,1.61945,1.61945,141900000,1
1291051200000,1291051259000,1.61945,1.6195,1.61916,1.61916,166400000,1
1291051260000,1291051319000,1.61919,1.61944,1.61908,1.61915,135900000,1
1291051320000,1291051379000,1.61915,1.61936,1.61897,1.61911,213800000,1
1291051380000,1291051439000,1.6191,1.61976,1.6191,1.61959,310700000,1
1291051440000,1291051499000,1.61959,1.61966,1.61942,1.61949,173700000,1
1291051500000,1291051559000,1.61948,1.61997,1.61946,1.61993,133500000,1
1291051560000,1291051619000,1.61992,1.62014,1.61957,1.62014,157800000,1
1291051620000,1291051679000,1.62014,1.62038,1.62006,1.62009,180500000,1
1291051680000,1291051739000,1.62009,1.62009,1.61976,1.62002,109800000,1
1291051740000,1291051799000,1.62002,1.62041,1.61997,1.62033,131400000,1
1291051800000,1291051859000,1.62033,1.62037,1.6201,1.62026,170900000,1
1291051860000,1291051919000,1.62026,1.6203,1.61988,1.61998,316500000,1
1291051920000,1291051979000,1.61998,1.62058,1.61998,1.62051,247300000,1
1291051980000,1291052039000,1.62052,1.62056,1.62014,1.62016,263700000,1
1291052040000,1291052099000,1.62015,1.62075,1.6201,1.62056,230100000,1
1291052100000,1291052159000,1.62048,1.62048,1.62043,1.62044,15600000,1
1291052160000,1291052219000,1.62026,1.62063,1.62026,1.6205,61100000,1
1291052220000,1291052279000,1.6205,1.62071,1.62042,1.62065,174700000,1
1291052280000,1291052339000,1.62064,1.62064,1.62013,1.62013,185200000,1
1291052340000,1291052399000,1.62008,1.62044,1.61978,1.62005,267300000,1
1291052400000,1291052459000,1.62007,1.62036,1.61964,1.61996,224100000,1
1291052460000,1291052519000,1.61996,1.62016,1.61983,1.61987,195000000,1
1291052520000,1291052579000,1.61986,1.61993,1.61901,1.61929,174700000,1
1291052580000,1291052639000,1.61929,1.61943,1.61911,1.61943,222600000,1
1291052640000,1291052699000,1.61943,1.6195,1.61905,1.61926,142600000,1
1291052700000,1291052759000,1.61925,1.61973,1.61909,1.61969,191500000,1
1291052760000,1291052819000,1.61969,1.6197,1.61941,1.61944,72600000,1
1291052820000,1291052879000,1.61943,1.62004,1.61943,1.6199,149400000,1
1291052880000,1291052939000,1.6199,1.61995,1.61941,1.61945,218600000,1
1291052940000,1291052999000,1.61945,1.61951,1.61922,1.61922,157200000,1
1291053000000,1291053059000,1.61921,1.61939,1.61914,1.61934,81400000,1
1291053060000,1291053119000,1.61932,1.61941,1.61917,1.6193,206300000,1
1291053120000,1291053179000,1.61935,1.61946,1.61912,1.61923,73700000,1
1291053180000,1291053239000,1.61926,1.61956,1.61913,1.61913,208000000,1
1291053240000,1291053299000,1.61909,1.61962,1.61892,1.6196,200600000,1
1291053300000,1291053359000,1.61962,1.62047,1.61962,1.62034,216400000,1
1291053360000,1291053419000,1.62034,1.62046,1.62018,1.62022,133300000,1
1291053420000,1291053479000,1.62024,1.62048,1.62005,1.6203,251600000,1
1291053480000,1291053539000,1.6203,1.62036,1.61989,1.62022,143200000,1
1291053540000,1291053599000,1.62022,1.62023,1.61969,1.62,155400000,1
1291053600000,1291053659000,1.62,1.62028,1.61978,1.62006,151500000,1
1291053660000,1291053719000,1.62006,1.62026,1.61991,1.61991,110500000,1
1291053720000,1291053779000,1.61992,1.62001,1.61971,1.6198,144900000,1
1291053780000,1291053839000,1.61975,1.62008,1.61969,1.62008,148300000,1
1291053840000,1291053899000,1.62002,1.6203,1.62001,1.62009,239600000,1
1291053900000,1291053959000,1.62012,1.62022,1.62002,1.62002,160600000,1
1291053960000,1291054019000,1.62004,1.62036,1.62003,1.62029,141300000,1
1291054020000,1291054079000,1.62031,1.62068,1.62026,1.62062,189900000,1
1291054080000,1291054139000,1.62072,1.62111,1.62059,1.62093,139500000,1
1291054140000,1291054199000,1.62092,1.62112,1.62074,1.62108,190200000,1
1291054200000,1291054259000,1.62108,1.62108,1.62067,1.6207,135400000,1
1291054260000,1291054319000,1.62069,1.62086,1.62051,1.62069,142200000,1
1291054320000,1291054379000,1.62067,1.62067,1.62043,1.62061,131300000,1
1291054380000,1291054439000,1.62061,1.62065,1.6203,1.62045,93700000,1
1291054440000,1291054499000,1.62045,1.62062,1.62016,1.62048,174600000,1
1291054500000,1291054559000,1.62052,1.6206,1.62026,1.62058,90500000,1
1291054560000,1291054619000,1.62058,1.62061,1.62028,1.62044,110000000,1
1291054620000,1291054679000,1.62044,1.62044,1.62028,1.62037,69400000,1
1291054680000,1291054739000,1.62041,1.62041,1.62013,1.62013,164600000,1
1291054740000,1291054799000,1.62017,1.62027,1.62005,1.62018,166800000,1
1291054800000,1291054859000,1.62019,1.62035,1.62003,1.62014,210300000,1
1291054860000,1291054919000,1.62015,1.6202,1.62001,1.62004,93000000,1
1291054920000,1291054979000,1.62007,1.62026,1.61996,1.62025,151400000,1
1291054980000,1291055039000,1.62022,1.62058,1.62002,1.62046,163800000,1
1291055040000,1291055099000,1.62046,1.62055,1.62022,1.62043,159800000,1
1291055100000,1291055159000,1.62043,1.62074,1.62033,1.62071,181500000,1
1291055160000,1291055219000,1.62071,1.62096,1.62071,1.62091,212300000,1
1291055220000,1291055279000,1.62092,1.62098,1.62055,1.62071,138500000,1
1291055280000,1291055339000,1.62071,1.62075,1.62035,1.6204,137000000,1
1291055340000,1291055399000,1.62044,1.62053,1.62014,1.62046,160800000,1
1291055400000,1291055459000,1.62046,1.62073,1.62026,1.62046,220900000,1
1291055460000,1291055519000,1.62044,1.62082,1.62034,1.62063,177400000,1
1291055520000,1291055579000,1.62061,1.62065,1.62007,1.62034,181800000,1
1291055580000,1291055639000,1.62034,1.62069,1.62031,1.62043,93000000,1
1291055640000,1291055699000,1.62042,1.6206,1.62036,1.62045,156100000,1
1291055700000,1291055759000,1.62045,1.62051,1.62036,1.62051,66100000,1
1291055760000,1291055819000,1.6205,1.62054,1.62031,1.62045,156000000,1
1291055820000,1291055879000,1.62041,1.62052,1.62024,1.6203,172400000,1
1291055880000,1291055939000,1.6203,1.62047,1.62024,1.62047,122900000,1
1291055940000,1291055999000,1.62047,1.62055,1.62022,1.62042,71100000,1
1291056000000,1291056059000,1.62038,1.62052,1.62033,1.62034,139400000,1
1291056060000,1291056119000,1.62034,1.6206,1.62027,1.62037,120400000,1
1291056120000,1291056179000,1.62035,1.62122,1.62035,1.62113,203300000,1
1291056180000,1291056239000,1.62124,1.62124,1.62086,1.62086,143800000,1
1291056240000,1291056299000,1.62086,1.62103,1.62081,1.62083,111500000,1
1291056300000,1291056359000,1.62083,1.62111,1.62077,1.62101,115500000,1
1291056360000,1291056419000,1.62105,1.6213,1.62099,1.6213,101900000,1
1291056420000,1291056479000,1.6213,1.6213,1.62093,1.62105,110500000,1
1291056480000,1291056539000,1.62105,1.62105,1.62042,1.62043,118600000,1
1291056540000,1291056599000,1.62043,1.62043,1.6201,1.62019,122700000,1
1291056600000,1291056659000,1.62019,1.62047,1.62011,1.62037,148800000,1
1291056660000,1291056719000,1.62037,1.62037,1.62019,1.62022,48800000,1
1291056720000,1291056779000,1.6203,1.62036,1.62007,1.62024,151400000,1
1291056780000,1291056839000,1.62032,1.62053,1.62022,1.62033,160600000,1
1291056840000,1291056899000,1.62033,1.62042,1.62,1.62028,145600000,1
1291056900000,1291056959000,1.62028,1.62056,1.62011,1.6203,216900000,1
1291056960000,1291057019000,1.62034,1.6205,1.61998,1.62004,224900000,1
1291057020000,1291057079000,1.62004,1.6203,1.61998,1.62014,183700000,1
1291057080000,1291057139000,1.62018,1.62039,1.62016,1.62039,57900000,1
1291057140000,1291057199000,1.62048,1.62073,1.62031,1.62056,207300000,1
1291057200000,1291057259000,1.62058,1.62062,1.62034,1.62061,195500000,1
1291057260000,1291057319000,1.62061,1.62074,1.6205,1.6206,130400000,1
1291057320000,1291057379000,1.6206,1.62073,1.62042,1.62063,226500000,1
1291057380000,1291057439000,1.62065,1.62078,1.62034,1.62054,96000000,1
1291057440000,1291057499000,1.62054,1.62059,1.61969,1.61977,182200000,1
1291057500000,1291057559000,1.61978,1.62008,1.61972,1.6199,210200000,1
1291057560000,1291057619000,1.6199,1.61996,1.61952,1.61952,171500000,1
1291057620000,1291057679000,1.61952,1.61974,1.61952,1.61966,49500000,1
1291057680000,1291057739000,1.61966,1.61968,1.61907,1.6191,96200000,1
1291057740000,1291057799000,1.6191,1.61931,1.61898,1.61898,128500000,1
1291057800000,1291057859000,1.61898,1.61898,1.61841,1.61854,233600000,1
1291057860000,1291057919000,1.61854,1.61877,1.61845,1.61863,120200000,1
1291057920000,1291057979000,1.61866,1.61905,1.61854,1.61855,149100000,1
1291057980000,1291058039000,1.61856,1.61877,1.61841,1.61854,154600000,1
1291058040000,1291058099000,1.61857,1.61884,1.61854,1.61871,101500000,1
1291058100000,1291058159000,1.61867,1.61876,1.61849,1.6186,97600000,1
1291058160000,1291058219000,1.61859,1.61873,1.61858,1.61869,116600000,1
1291058220000,1291058279000,1.61864,1.61878,1.61844,1.6187,129800000,1
1291058280000,1291058339000,1.6187,1.61889,1.61857,1.61876,126200000,1
1291058340000,1291058399000,1.61882,1.61897,1.61881,1.61897,112700000,1
1291058400000,1291058459000,1.6189,1.61902,1.61869,1.61879,122100000,1
1291058460000,1291058519000,1.61879,1.61921,1.61868,1.61909,102500000,1
1291058520000,1291058579000,1.61909,1.61917,1.61894,1.61907,141000000,1
1291058580000,1291058639000,1.61907,1.61923,1.61883,1.61903,76200000,1
1291058640000,1291058699000,1.61903,1.61943,1.61902,1.61933,106400000,1
1291058700000,1291058759000,1.61932,1.6196,1.61924,1.61953,153000000,1
1291058760000,1291058819000,1.61952,1.61977,1.61935,1.61967,117300000,1
1291058820000,1291058879000,1.61967,1.61977,1.6191,1.61948,278500000,1
1291058880000,1291058939000,1.61948,1.61948,1.61852,1.61853,228300000,1
1291058940000,1291058999000,1.61852,1.6188,1.61826,1.61828,190700000,1
1291059000000,1291059059000,1.61831,1.61856,1.61819,1.61853,245600000,1
1291059060000,1291059119000,1.61853,1.61853,1.61815,1.61835,202600000,1
1291059120000,1291059179000,1.61835,1.61848,1.61812,1.61835,221800000,1
1291059180000,1291059239000,1.61835,1.61847,1.61825,1.61826,159800000,1
1291059240000,1291059299000,1.61826,1.61828,1.61806,1.61828,99900000,1
1291059300000,1291059359000,1.61828,1.61842,1.61787,1.61791,257800000,1
1291059360000,1291059419000,1.61791,1.61791,1.61743,1.61766,174700000,1
1291059420000,1291059479000,1.61768,1.61793,1.61731,1.61731,212800000,1
1291059480000,1291059539000,1.61732,1.61742,1.61684,1.61703,192300000,1
1291059540000,1291059599000,1.61706,1.61752,1.61704,1.61748,194500000,1
1291059600000,1291059659000,1.61748,1.61766,1.61707,1.61717,212500000,1
1291059660000,1291059719000,1.61717,1.61718,1.61668,1.61682,168900000,1
1291059720000,1291059779000,1.61693,1.61747,1.61668,1.61719,170100000,1
1291059780000,1291059839000,1.61719,1.61749,1.61713,1.61741,117800000,1
1291059840000,1291059899000,1.61744,1.61755,1.61731,1.6174,143300000,1
1291059900000,1291059959000,1.6174,1.61749,1.61711,1.61737,171100000,1
1291059960000,1291060019000,1.61742,1.61745,1.61678,1.61701,209000000,1
1291060020000,1291060079000,1.61701,1.61701,1.61673,1.61683,176100000,1
1291060080000,1291060139000,1.61683,1.61689,1.61678,1.61685,56700000,1
1291060140000,1291060199000,1.61682,1.61684,1.61661,1.61671,116300000,1
1291060200000,1291060259000,1.61671,1.61701,1.61669,1.61684,188100000,1
1291060260000,1291060319000,1.61684,1.61702,1.61684,1.61701,69800000,1
1291060320000,1291060379000,1.61701,1.61701,1.61666,1.61677,145800000,1
1291060380000,1291060439000,1.61674,1.61678,1.61664,1.61674,96500000,1
1291060440000,1291060499000,1.61674,1.61674,1.61654,1.6166,108900000,1
1291060500000,1291060559000,1.61667,1.61707,1.6166,1.61706,121700000,1
1291060560000,1291060619000,1.617,1.61713,1.61695,1.61702,207500000,1
1291060620000,1291060679000,1.61703,1.61703,1.61667,1.61669,100800000,1
1291060680000,1291060739000,1.6167,1.61675,1.61624,1.61645,176300000,1
1291060740000,1291060799000,1.61642,1.61659,1.61618,1.61659,235600000,1
1291060800000,1291060859000,1.61645,1.61648,1.61578,1.61611,140700000,1
1291060860000,1291060919000,1.61604,1.61613,1.61589,1.61603,139800000,1
1291060920000,1291060979000,1.61594,1.61665,1.61594,1.61599,102200000,1
1291060980000,1291061039000,1.61599,1.61642,1.61593,1.61627,124200000,1
1291061040000,1291061099000,1.61626,1.61638,1.61623,1.61624,104500000,1
1291061100000,1291061159000,1.61618,1.61618,1.61573,1.61589,177200000,1
1291061160000,1291061219000,1.61592,1.61592,1.61557,1.61578,169000000,1
1291061220000,1291061279000,1.61583,1.61587,1.61575,1.61578,118000000,1
1291061280000,1291061339000,1.61585,1.61607,1.61585,1.61594,167400000,1
1291061340000,1291061399000,1.61589,1.61608,1.6158,1.61588,131200000,1
1291061400000,1291061459000,1.61593,1.61613,1.6158,1.61601,116300000,1
1291061460000,1291061519000,1.61602,1.61624,1.61593,1.61607,159500000,1
1291061520000,1291061579000,1.61607,1.61638,1.61607,1.6161,104000000,1
1291061580000,1291061639000,1.61609,1.61625,1.61609,1.6162,70800000,1
1291061640000,1291061699000,1.61623,1.61643,1.61612,1.61643,108700000,1
1291061700000,1291061759000,1.61637,1.61642,1.61605,1.61605,69400000,1
1291061760000,1291061819000,1.61605,1.6162,1.61584,1.61601,210000000,1
1291061820000,1291061879000,1.61601,1.61611,1.61584,1.61601,135500000,1
1291061880000,1291061939000,1.61605,1.61619,1.61578,1.61589,205500000,1
1291061940000,1291061999000,1.61582,1.6161,1.61551,1.61566,170600000,1
1291062000000,1291062059000,1.61566,1.61581,1.61539,1.61549,179500000,1
1291062060000,1291062119000,1.61549,1.61574,1.6154,1.61566,193000000,1
1291062120000,1291062179000,1.61566,1.61586,1.61558,1.61572,99100000,1
1291062180000,1291062239000,1.61572,1.61605,1.61563,1.61601,208900000,1
1291062240000,1291062299000,1.61601,1.61604,1.61581,1.6159,144400000,1
1291062300000,1291062359000,1.61594,1.61605,1.61564,1.6157,180700000,1
1291062360000,1291062419000,1.6157,1.61599,1.61563,1.61599,155000000,1
1291062420000,1291062479000,1.61592,1.61606,1.61575,1.61605,69800000,1
1291062480000,1291062539000,1.61605,1.61615,1.6158,1.61603,95300000,1
1291062540000,1291062599000,1.61599,1.61606,1.61578,1.61606,124700000,1
1291062600000,1291062659000,1.6161,1.61631,1.61576,1.61597,110000000,1
1291062660000,1291062719000,1.616,1.61614,1.61592,1.61606,97100000,1
1291062720000,1291062779000,1.61615,1.61643,1.61614,1.61634,57000000,1
1291062780000,1291062839000,1.61634,1.6165,1.61619,1.61636,77300000,1
1291062840000,1291062899000,1.61631,1.61637,1.6162,1.6163,73800000,1
1291062900000,1291062959000,1.6163,1.6166,1.61619,1.61637,106500000,1
1291062960000,1291063019000,1.61637,1.61642,1.61609,1.6162,107200000,1
1291063020000,1291063079000,1.61622,1.61631,1.61614,1.61614,105700000,1
1291063080000,1291063139000,1.61615,1.61624,1.61605,1.6161,91100000,1
1291063140000,1291063199000,1.6161,1.6161,1.61577,1.61579,42100000,1
1291063200000,1291063259000,1.61582,1.61618,1.61581,1.61603,56600000,1
1291063260000,1291063319000,1.61611,1.61635,1.61611,1.61629,54400000,1
1291063320000,1291063379000,1.61628,1.61649,1.616,1.61645,47700000,1
1291063380000,1291063439000,1.61645,1.61651,1.61624,1.61641,86700000,1
1291063440000,1291063499000,1.61641,1.61644,1.61607,1.61607,46100000,1
1291063500000,1291063559000,1.6161,1.61653,1.61604,1.61647,145300000,1
1291063560000,1291063619000,1.61647,1.61651,1.61602,1.61636,165500000,1
1291063620000,1291063679000,1.61636,1.61695,1.61626,1.61683,130400000,1
1291063680000,1291063739000,1.61687,1.61708,1.61681,1.61694,93000000,1
1291063740000,1291063799000,1.61694,1.617,1.61654,1.61654,142100000,1
1291063800000,1291063859000,1.61643,1.61674,1.61607,1.61632,149600000,1
1291063860000,1291063919000,1.61632,1.61656,1.61624,1.61648,57800000,1
1291063920000,1291063979000,1.61648,1.61648,1.61608,1.61625,73700000,1
1291063980000,1291064039000,1.61625,1.61658,1.61619,1.61658,154700000,1
1291064040000,1291064099000,1.61658,1.61669,1.61624,1.61651,156100000,1
1291064100000,1291064159000,1.61649,1.6165,1.61604,1.61608,123200000,1
1291064160000,1291064219000,1.61608,1.61624,1.61596,1.61624,64000000,1
1291064220000,1291064279000,1.61624,1.61657,1.61608,1.6162,129200000,1
1291064280000,1291064339000,1.6162,1.61679,1.6162,1.61652,109000000,1
1291064340000,1291064399000,1.61653,1.61673,1.6164,1.61642,120100000,1
1291064400000,1291064459000,1.61645,1.61682,1.61634,1.6165,158900000,1
1291064460000,1291064519000,1.6165,1.61679,1.61649,1.61663,126600000,1
1291064520000,1291064579000,1.61664,1.61693,1.61659,1.61681,117300000,1
1291064580000,1291064639000,1.61681,1.6169,1.61657,1.61663,86100000,1
1291064640000,1291064699000,1.61663,1.61684,1.61634,1.61649,160800000,1
1291064700000,1291064759000,1.61649,1.61649,1.61641,1.61641,95100000,1
1291064760000,1291064819000,1.6165,1.6165,1.6162,1.61629,67500000,1
1291064820000,1291064879000,1.6163,1.61648,1.61627,1.61636,43800000,1
1291064880000,1291064939000,1.61638,1.61642,1.6163,1.6163,39100000,1
1291064940000,1291064999000,1.61646,1.61646,1.61626,1.61626,8300000,1
1291065000000,1291065059000,1.61632,1.61691,1.61632,1.61691,87700000,1
1291065060000,1291065119000,1.61691,1.61691,1.61652,1.61685,71400000,1
1291065120000,1291065179000,1.61685,1.61689,1.61645,1.61649,131900000,1
1291065180000,1291065239000,1.61649,1.6166,1.61627,1.61639,101400000,1
1291065240000,1291065299000,1.61637,1.6166,1.61637,1.61651,89400000,1
1291065300000,1291065359000,1.61657,1.61657,1.61638,1.61647,24800000,1
1291065360000,1291065419000,1.6165,1.61652,1.6165,1.61652,18900000,1
1291065420000,1291065479000,1.61652,1.61657,1.61644,1.61657,23800000,1
1291065480000,1291065539000,1.61657,1.61661,1.61633,1.61633,53000000,1
1291065540000,1291065599000,1.61633,1.61633,1.61591,1.6161,86800000,1
1291065600000,1291065659000,1.61567,1.61598,1.61545,1.61586,179300000,1
1291065660000,1291065719000,1.61604,1.61608,1.61557,1.61604,71200000,1
1291065720000,1291065779000,1.61603,1.61603,1.616,1.61603,16300000,1
1291065780000,1291065839000,1.61603,1.61603,1.61598,1.61602,37600000,1
1291065840000,1291065899000,1.61602,1.61631,1.61588,1.61589,122000000,1
1291065900000,1291065959000,1.61589,1.61609,1.61579,1.61609,85900000,1
1291065960000,1291066019000,1.61605,1.61609,1.61594,1.616,81300000,1
1291066020000,1291066079000,1.61604,1.61616,1.61587,1.61616,73100000,1
1291066080000,1291066139000,1.61593,1.61633,1.61593,1.61607,63300000,1
1291066140000,1291066199000,1.61612,1.61651,1.61612,1.61627,108300000,1
1291066200000,1291066259000,1.61627,1.61637,1.61582,1.61599,135900000,1
1291066260000,1291066319000,1.61598,1.6161,1.61595,1.61595,52400000,1
1291066320000,1291066379000,1.61592,1.61592,1.61587,1.61592,9300000,1
1291066380000,1291066439000,1.61592,1.61598,1.61557,1.61564,136700000,1
1291066440000,1291066499000,1.61564,1.61566,1.61552,1.61566,53900000,1
1291066500000,1291066559000,1.61572,1.61582,1.61564,1.61566,46200000,1
1291066560000,1291066619000,1.61566,1.61575,1.61565,1.61569,66100000,1
1291066620000,1291066679000,1.61569,1.61614,1.61566,1.61577,102300000,1
1291066680000,1291066739000,1.61577,1.6163,1.61575,1.61614,168400000,1
1291066740000,1291066799000,1.61614,1.61615,1.61588,1.61592,40800000,1
1291066800000,1291066859000,1.61592,1.61646,1.61592,1.61642,105600000,1
1291066860000,1291066919000,1.61644,1.61652,1.61642,1.61647,26100000,1
1291066920000,1291066979000,1.61642,1.61669,1.61639,1.61657,94300000,1
1291066980000,1291067039000,1.61658,1.617,1.61653,1.61686,135800000,1
1291067040000,1291067099000,1.61678,1.61682,1.61664,1.61682,61700000,1
1291067100000,1291067159000,1.61682,1.61712,1.6168,1.61711,92600000,1
1291067160000,1291067219000,1.61712,1.61724,1.61696,1.61706,68800000,1
1291067220000,1291067279000,1.61738,1.61753,1.6169,1.61752,100100000,1
1291067280000,1291067339000,1.61752,1.61786,1.61749,1.61786,45000000,1
1291067340000,1291067399000,1.61791,1.61804,1.61791,1.61799,42800000,1
1291067400000,1291067459000,1.61799,1.61831,1.61793,1.61812,92700000,1
1291067460000,1291067519000,1.61812,1.61812,1.61678,1.61714,147400000,1
1291067520000,1291067579000,1.61715,1.61773,1.61704,1.6175,73600000,1
1291067580000,1291067639000,1.6175,1.61755,1.61734,1.61737,44600000,1
1291067640000,1291067699000,1.61737,1.61737,1.6173,1.6173,15000000,1
1291067700000,1291067759000,1.61726,1.61739,1.61726,1.61739,16000000,1
1291067760000,1291067819000,1.61739,1.61801,1.61733,1.61777,90600000,1
1291067820000,1291067879000,1.61777,1.61777,1.61651,1.61672,255400000,1
1291067880000,1291067939000,1.61664,1.61708,1.61662,1.61663,196300000,1
1291067940000,1291067999000,1.61663,1.61663,1.61621,1.61646,141600000,1
1291068000000,1291068059000,1.61599,1.61708,1.61599,1.61667,77400000,1
1291068060000,1291068119000,1.61635,1.61732,1.61635,1.61688,119400000,1
1291068120000,1291068179000,1.61688,1.61725,1.61688,1.61725,150900000,1
1291068180000,1291068239000,1.61728,1.61778,1.61728,1.6177,71000000,1
1291068240000,1291068299000,1.6177,1.6177,1.61712,1.61722,158900000,1
1291068300000,1291068359000,1.61722,1.61758,1.61679,1.61716,122000000,1
1291068360000,1291068419000,1.61716,1.61717,1.61679,1.61686,102800000,1
1291068420000,1291068479000,1.61691,1.61697,1.61573,1.61584,49000000,1
1291068480000,1291068539000,1.61584,1.61635,1.61584,1.61607,112200000,1
1291068540000,1291068599000,1.61604,1.61696,1.61597,1.6169,111400000,1
1291068600000,1291068659000,1.6169,1.61716,1.61658,1.61674,94500000,1
1291068660000,1291068719000,1.61663,1.61669,1.61663,1.61663,8500000,1
1291068720000,1291068779000,1.61667,1.61684,1.61627,1.61658,111700000,1
1291068780000,1291068839000,1.61658,1.6166,1.61658,1.6166,11000000,1
1291068840000,1291068899000,1.61658,1.61669,1.61658,1.61669,13200000,1
1291068900000,1291068959000,1.61669,1.6168,1.61628,1.61645,134900000,1
1291068960000,1291069019000,1.61634,1.61669,1.61558,1.61591,134800000,1
1291069020000,1291069079000,1.61591,1.61637,1.61587,1.61607,131700000,1
1291069080000,1291069139000,1.61607,1.61616,1.61607,1.61616,180200000,1
1291069140000,1291069199000,1.61618,1.61652,1.61615,1.61636,75900000,1
1291069200000,1291069259000,1.61637,1.6165,1.61635,1.61638,90400000,1
1291069260000,1291069319000,1.61643,1.61648,1.61642,1.61648,10200000,1
1291069320000,1291069379000,1.61646,1.61657,1.61646,1.61657,7100000,1
1291069380000,1291069439000,1.61645,1.61652,1.61638,1.61642,28700000,1
1291069440000,1291069499000,1.61633,1.61638,1.61633,1.61633,40600000,1
1291069500000,1291069559000,1.61626,1.61626,1.61591,1.61602,87600000,1
1291069560000,1291069619000,1.61603,1.61616,1.61603,1.61608,29600000,1
1291069620000,1291069679000,1.61607,1.61607,1.61596,1.61598,13100000,1
1291069680000,1291069739000,1.61602,1.61602,1.61596,1.61598,26300000,1
1291069740000,1291069799000,1.61597,1.616,1.61568,1.61577,71300000,1
1291069800000,1291069859000,1.61577,1.61592,1.61559,1.61584,71900000,1
1291069860000,1291069919000,1.61584,1.61593,1.61563,1.61582,70300000,1
1291069920000,1291069979000,1.61582,1.61633,1.61582,1.61633,41500000,1
1291069980000,1291070039000,1.61633,1.61657,1.61626,1.61638,102700000,1
1291070040000,1291070099000,1.61638,1.61689,1.61631,1.61655,90600000,1
1291070100000,1291070159000,1.61655,1.61685,1.61655,1.61664,78100000,1
1291070160000,1291070219000,1.61684,1.61715,1.61653,1.6168,92400000,1
1291070220000,1291070279000,1.6167,1.61675,1.6167,1.6167,11600000,1
1291070280000,1291070339000,1.61678,1.61678,1.61635,1.61661,45000000,1
1291070340000,1291070399000,1.61661,1.61664,1.61629,1.61664,90400000,1
1291070400000,1291070459000,1.61664,1.61668,1.61643,1.61654,82700000,1
1291070460000,1291070519000,1.61654,1.61684,1.61648,1.61667,42500000,1
1291070520000,1291070579000,1.61667,1.61678,1.61667,1.61671,16300000,1
1291070580000,1291070639000,1.61671,1.61671,1.61671,1.61671,1500000,1
1291070640000,1291070699000,1.61681,1.61686,1.61648,1.61686,63500000,1
1291070700000,1291070759000,1.61686,1.61686,1.6167,1.6167,17900000,1
1291070760000,1291070819000,1.61666,1.61666,1.61666,1.61666,12300000,1
1291070820000,1291070879000,1.61675,1.61684,1.61668,1.61684,31400000,1
1291070880000,1291070939000,1.61684,1.61684,1.61684,1.61684,8400000,1
1291070940000,1291070999000,1.61684,1.61693,1.61681,1.61693,57400000,1
1291071000000,1291071059000,1.61702,1.61734,1.61675,1.61697,70300000,1
1291071060000,1291071119000,1.61714,1.61722,1.61687,1.61722,138700000,1
1291071120000,1291071179000,1.6173,1.6174,1.6173,1.6174,13900000,1
1291071180000,1291071239000,1.6174,1.61759,1.61704,1.61724,112200000,1
1291071240000,1291071299000,1.6173,1.61737,1.6173,1.61733,29800000,1
1291071300000,1291071359000,1.61733,1.61754,1.61733,1.61753,36900000,1
1291071360000,1291071419000,1.61753,1.61772,1.6171,1.61725,88000000,1
1291071420000,1291071479000,1.61717,1.61731,1.61707,1.61707,73400000,1
1291071480000,1291071539000,1.61707,1.61725,1.617,1.61708,95600000,1
1291071540000,1291071599000,1.61708,1.6172,1.61669,1.61711,161900000,1
1291071600000,1291071659000,1.61705,1.61728,1.61642,1.61642,178000000,1
1291071660000,1291071719000,1.61642,1.61643,1.616,1.61622,77200000,1
1291071720000,1291071779000,1.61622,1.61668,1.61609,1.61623,74500000,1
1291071780000,1291071839000,1.61623,1.61667,1.61619,1.61651,72500000,1
1291071840000,1291071899000,1.61657,1.61658,1.61641,1.61647,57600000,1
1291071900000,1291071959000,1.61651,1.61657,1.61634,1.61634,64800000,1
1291071960000,1291072019000,1.61647,1.61679,1.61647,1.61668,51500000,1
1291072020000,1291072079000,1.61668,1.61693,1.61663,1.61673,48100000,1
1291072080000,1291072139000,1.61677,1.61693,1.61677,1.61684,31500000,1
1291072140000,1291072199000,1.61684,1.61696,1.61683,1.61684,55600000,1
1291072200000,1291072259000,1.61679,1.61687,1.61652,1.61657,77300000,1
1291072260000,1291072319000,1.61657,1.61669,1.6163,1.61638,80700000,1
1291072320000,1291072379000,1.61634,1.61662,1.61632,1.61662,92400000,1
1291072380000,1291072439000,1.61657,1.61674,1.61634,1.61666,98500000,1
1291072440000,1291072499000,1.61662,1.61662,1.61637,1.61655,115900000,1
1291072500000,1291072559000,1.6165,1.61662,1.6165,1.61652,40300000,1
1291072560000,1291072619000,1.61656,1.61689,1.61642,1.61682,108000000,1
1291072620000,1291072679000,1.61682,1.61686,1.61672,1.61685,71500000,1
1291072680000,1291072739000,1.61685,1.61728,1.6166,1.61678,180700000,1
1291072740000,1291072799000,1.61678,1.61686,1.61667,1.61682,64100000,1
1291072800000,1291072859000,1.61681,1.61691,1.61678,1.61687,18000000,1
1291072860000,1291072919000,1.61683,1.61732,1.61677,1.61724,72900000,1
1291072920000,1291072979000,1.61724,1.61727,1.61711,1.61724,52800000,1
1291072980000,1291073039000,1.61724,1.61737,1.61703,1.61708,57500000,1
1291073040000,1291073099000,1.61708,1.61708,1.61667,1.61694,103300000,1
1291073100000,1291073159000,1.61697,1.61708,1.61666,1.61673,110700000,1
1291073160000,1291073219000,1.61674,1.61698,1.61674,1.61691,66900000,1
1291073220000,1291073279000,1.61688,1.61713,1.61672,1.61686,50900000,1
1291073280000,1291073339000,1.61686,1.61687,1.61668,1.61668,50900000,1
1291073340000,1291073399000,1.61667,1.61706,1.61662,1.61685,97300000,1
1291073400000,1291073459000,1.61692,1.61731,1.61688,1.61706,64900000,1
1291073460000,1291073519000,1.61714,1.61714,1.61679,1.61686,49500000,1
1291073520000,1291073579000,1.61686,1.61742,1.61686,1.61733,192600000,1
1291073580000,1291073639000,1.61733,1.61752,1.61714,1.61734,129300000,1
1291073640000,1291073699000,1.61734,1.61738,1.61702,1.61718,123900000,1
1291073700000,1291073759000,1.61718,1.61718,1.61718,1.61718,17500000,1
1291073760000,1291073819000,1.61718,1.61722,1.61718,1.61722,9400000,1
1291073820000,1291073879000,1.61722,1.61734,1.61707,1.61707,37100000,1
1291073880000,1291073939000,1.61707,1.6171,1.61706,1.61706,22600000,1
1291073940000,1291073999000,1.61708,1.61714,1.61682,1.6169,100200000,1
1291074000000,1291074059000,1.6169,1.61708,1.61652,1.61672,132500000,1
1291074060000,1291074119000,1.61672,1.61674,1.61645,1.61655,49400000,1
1291074120000,1291074179000,1.6166,1.61677,1.61655,1.61675,76300000,1
1291074180000,1291074239000,1.61675,1.61675,1.61627,1.61655,61500000,1
1291074240000,1291074299000,1.61644,1.61688,1.61636,1.61666,206000000,1
1291074300000,1291074359000,1.61665,1.6169,1.61618,1.61639,199500000,1
1291074360000,1291074419000,1.61636,1.61676,1.61635,1.61667,171400000,1
1291074420000,1291074479000,1.61667,1.61667,1.61628,1.61637,83600000,1
1291074480000,1291074539000,1.61637,1.61644,1.61622,1.61628,73900000,1
1291074540000,1291074599000,1.61632,1.61643,1.61627,1.61643,50600000,1
1291074600000,1291074659000,1.61635,1.61644,1.61611,1.61628,102900000,1
1291074660000,1291074719000,1.61638,1.61646,1.61627,1.61636,93100000,1
1291074720000,1291074779000,1.6164,1.61659,1.61632,1.61659,139800000,1
1291074780000,1291074839000,1.61659,1.61696,1.61657,1.61696,139000000,1
1291074840000,1291074899000,1.61698,1.61707,1.61659,1.61695,192400000,1
1291074900000,1291074959000,1.61695,1.61708,1.61671,1.61686,135800000,1
1291074960000,1291075019000,1.61686,1.61696,1.61676,1.61695,67300000,1
1291075020000,1291075079000,1.61695,1.61716,1.6167,1.61707,69100000,1
1291075080000,1291075139000,1.61707,1.61837,1.61707,1.618,279500000,1
1291075140000,1291075199000,1.61799,1.61868,1.6178,1.61817,346500000,1
1291075200000,1291075259000,1.61817,1.61839,1.61762,1.61783,231400000,1
1291075260000,1291075319000,1.61788,1.61793,1.61725,1.61753,313000000,1
1291075320000,1291075379000,1.61753,1.61794,1.61736,1.61763,292100000,1
1291075380000,1291075439000,1.61763,1.61798,1.61758,1.61792,318500000,1
1291075440000,1291075499000,1.61797,1.61827,1.61785,1.61815,164800000,1
1291075500000,1291075559000,1.61815,1.61815,1.61745,1.61768,159500000,1
1291075560000,1291075619000,1.61769,1.61769,1.61697,1.61717,137100000,1
1291075620000,1291075679000,1.61721,1.61762,1.61667,1.61685,215700000,1
1291075680000,1291075739000,1.61685,1.61722,1.61675,1.61702,172900000,1
1291075740000,1291075799000,1.61702,1.61722,1.61686,1.61686,169300000,1
1291075800000,1291075859000,1.61682,1.61716,1.6168,1.61693,150000000,1
1291075860000,1291075919000,1.6169,1.61705,1.61671,1.61692,212800000,1
1291075920000,1291075979000,1.61697,1.61699,1.61671,1.61699,123100000,1
1291075980000,1291076039000,1.61699,1.61721,1.61699,1.61711,112200000,1
1291076040000,1291076099000,1.61714,1.61745,1.6169,1.6172,159600000,1
1291076100000,1291076159000,1.6172,1.61755,1.61706,1.61732,190300000,1
1291076160000,1291076219000,1.61732,1.61732,1.61699,1.61709,82700000,1
1291076220000,1291076279000,1.61708,1.61738,1.61708,1.61718,127300000,1
1291076280000,1291076339000,1.61718,1.61732,1.61701,1.61703,91200000,1
1291076340000,1291076399000,1.61703,1.61718,1.61694,1.6171,110000000,1
1291076400000,1291076459000,1.61707,1.61707,1.61681,1.61683,55800000,1
1291076460000,1291076519000,1.61681,1.61691,1.61674,1.61675,153100000,1
1291076520000,1291076579000,1.61682,1.61682,1.61562,1.61607,271700000,1
1291076580000,1291076639000,1.61608,1.61641,1.61594,1.61628,180300000,1
1291076640000,1291076699000,1.61628,1.61648,1.61588,1.61602,170300000,1
1291076700000,1291076759000,1.61603,1.61625,1.61602,1.61611,122900000,1
1291076760000,1291076819000,1.61611,1.61611,1.61583,1.61601,125800000,1
1291076820000,1291076879000,1.61611,1.61612,1.61589,1.61601,110200000,1
1291076880000,1291076939000,1.61603,1.61625,1.61597,1.61621,119900000,1
1291076940000,1291076999000,1.61621,1.61683,1.61604,1.61604,332100000,1
1291077000000,1291077059000,1.61565,1.61613,1.61322,1.61499,346800000,1
1291077060000,1291077119000,1.61497,1.61522,1.61361,1.61433,323400000,1
1291077120000,1291077179000,1.61424,1.61471,1.61414,1.61464,276100000,1
1291077180000,1291077239000,1.61464,1.6148,1.614,1.61415,238000000,1
1291077240000,1291077299000,1.61415,1.61417,1.61358,1.61365,159800000,1
1291077300000,1291077359000,1.61367,1.61367,1.61298,1.61333,305500000,1
1291077360000,1291077419000,1.6133,1.61368,1.61297,1.61347,235200000,1
1291077420000,1291077479000,1.61346,1.61351,1.61285,1.61317,244100000,1
1291077480000,1291077539000,1.61317,1.6135,1.61293,1.61346,165200000,1
1291077540000,1291077599000,1.61342,1.61359,1.61327,1.61343,165400000,1
1291077600000,1291077659000,1.61339,1.61397,1.61327,1.61337,127500000,1
1291077660000,1291077719000,1.61338,1.61379,1.61338,1.61379,132900000,1
1291077720000,1291077779000,1.61379,1.61393,1.6135,1.61365,174800000,1
1291077780000,1291077839000,1.61359,1.61384,1.61358,1.61364,155500000,1
1291077840000,1291077899000,1.61363,1.61381,1.61282,1.61302,213800000,1
1291077900000,1291077959000,1.61284,1.6132,1.61273,1.61281,259000000,1
1291077960000,1291078019000,1.61281,1.6131,1.61261,1.61277,267700000,1
1291078020000,1291078079000,1.61281,1.61288,1.61191,1.61202,273000000,1
1291078080000,1291078139000,1.61208,1.61213,1.61112,1.61143,297500000,1
1291078140000,1291078199000,1.61143,1.61173,1.61143,1.61163,288200000,1
1291078200000,1291078259000,1.61166,1.61185,1.61144,1.61185,238100000,1
1291078260000,1291078319000,1.61185,1.61203,1.6118,1.61185,245200000,1
1291078320000,1291078379000,1.61188,1.61197,1.61169,1.61179,149800000,1
1291078380000,1291078439000,1.61179,1.6119,1.61151,1.61158,177700000,1
1291078440000,1291078499000,1.61158,1.61198,1.61128,1.61144,263100000,1
1291078500000,1291078559000,1.61119,1.61212,1.61119,1.61196,249300000,1
1291078560000,1291078619000,1.61187,1.61209,1.61166,1.61183,183200000,1
1291078620000,1291078679000,1.61183,1.61193,1.61135,1.61165,230500000,1
1291078680000,1291078739000,1.61165,1.61165,1.61121,1.61145,194300000,1
1291078740000,1291078799000,1.61145,1.61185,1.61131,1.61178,250000000,1
1291078800000,1291078859000,1.61178,1.61301,1.61174,1.61291,358400000,1
1291078860000,1291078919000,1.61291,1.61325,1.61242,1.61264,295700000,1
1291078920000,1291078979000,1.61263,1.61281,1.61236,1.61257,247500000,1
1291078980000,1291079039000,1.61257,1.61375,1.61256,1.61359,424500000,1
1291079040000,1291079099000,1.61359,1.61361,1.61302,1.61323,195500000,1
1291079100000,1291079159000,1.6132,1.61332,1.61289,1.61312,285900000,1
1291079160000,1291079219000,1.61317,1.61348,1.613,1.61343,171900000,1
1291079220000,1291079279000,1.61343,1.61421,1.61342,1.61395,252700000,1
1291079280000,1291079339000,1.61395,1.61404,1.61385,1.61389,72900000,1
1291079340000,1291079399000,1.61389,1.61423,1.61387,1.61393,98000000,1
1291079400000,1291079459000,1.6139,1.6139,1.61312,1.61324,215300000,1
1291079460000,1291079519000,1.61328,1.61342,1.61297,1.61307,157400000,1
1291079520000,1291079579000,1.61307,1.61337,1.6127,1.61278,200700000,1
1291079580000,1291079639000,1.61278,1.61316,1.6127,1.6127,233700000,1
1291079640000,1291079699000,1.61272,1.61312,1.61252,1.61289,354000000,1
1291079700000,1291079759000,1.61289,1.61339,1.6127,1.61294,392900000,1
1291079760000,1291079819000,1.61294,1.61328,1.61258,1.61283,320100000,1
1291079820000,1291079879000,1.61283,1.61305,1.61271,1.61293,162500000,1
1291079880000,1291079939000,1.61295,1.61295,1.6126,1.61276,163600000,1
1291079940000,1291079999000,1.61263,1.61272,1.61226,1.61238,158200000,1
1291080000000,1291080059000,1.61238,1.61243,1.61195,1.61214,381600000,1
1291080060000,1291080119000,1.61214,1.61276,1.6121,1.61248,269400000,1
1291080120000,1291080179000,1.61248,1.61256,1.61241,1.61256,118700000,1
1291080180000,1291080239000,1.61256,1.61286,1.61251,1.61258,187200000,1
1291080240000,1291080299000,1.61257,1.61272,1.61257,1.61266,151500000,1
1291080300000,1291080359000,1.61266,1.61274,1.61245,1.61246,110300000,1
1291080360000,1291080419000,1.61246,1.61289,1.612,1.61208,339600000,1
1291080420000,1291080479000,1.61208,1.61232,1.61118,1.61135,315100000,1
1291080480000,1291080539000,1.61125,1.61176,1.61107,1.61144,246100000,1
1291080540000,1291080599000,1.61144,1.61213,1.61144,1.61169,286700000,1
1291080600000,1291080659000,1.61164,1.61175,1.61137,1.61148,185300000,1
1291080660000,1291080719000,1.61169,1.61175,1.61135,1.61151,131000000,1
1291080720000,1291080779000,1.61163,1.61163,1.61124,1.61136,122400000,1
1291080780000,1291080839000,1.61136,1.61185,1.61128,1.6118,217200000,1
1291080840000,1291080899000,1.6118,1.6118,1.61127,1.61127,280200000,1
1291080900000,1291080959000,1.61122,1.61188,1.61122,1.6118,257000000,1
1291080960000,1291081019000,1.6118,1.61187,1.61148,1.61183,198700000,1
1291081020000,1291081079000,1.61177,1.61195,1.61151,1.6117,301100000,1
1291081080000,1291081139000,1.61169,1.61187,1.61138,1.61149,158300000,1
1291081140000,1291081199000,1.61149,1.61188,1.61135,1.61174,281700000,1
1291081200000,1291081259000,1.61182,1.61212,1.61162,1.61204,268000000,1
1291081260000,1291081319000,1.61204,1.61242,1.61204,1.61223,113200000,1
1291081320000,1291081379000,1.61225,1.6123,1.612,1.612,236400000,1
1291081380000,1291081439000,1.61201,1.61247,1.612,1.61231,159400000,1
1291081440000,1291081499000,1.61238,1.61242,1.61199,1.61242,184500000,1
1291081500000,1291081559000,1.61242,1.61257,1.61232,1.61232,134200000,1
1291081560000,1291081619000,1.61232,1.61239,1.61222,1.61222,119800000,1
1291081620000,1291081679000,1.61222,1.61259,1.61222,1.61243,166100000,1
1291081680000,1291081739000,1.61243,1.61268,1.61219,1.61261,194100000,1
1291081740000,1291081799000,1.61256,1.61263,1.61207,1.61233,232900000,1
1291081800000,1291081859000,1.61233,1.6131,1.61233,1.613,284800000,1
1291081860000,1291081919000,1.613,1.6136,1.61285,1.61328,156800000,1
1291081920000,1291081979000,1.61323,1.61345,1.61273,1.61275,225100000,1
1291081980000,1291082039000,1.61275,1.61275,1.61253,1.61261,180300000,1
1291082040000,1291082099000,1.61263,1.61292,1.61251,1.61273,181600000,1
1291082100000,1291082159000,1.61271,1.61291,1.61261,1.61284,170700000,1
1291082160000,1291082219000,1.61283,1.61296,1.61271,1.61271,80800000,1
1291082220000,1291082279000,1.61271,1.61313,1.61271,1.61308,121900000,1
1291082280000,1291082339000,1.6131,1.61317,1.61297,1.61298,72200000,1
1291082340000,1291082399000,1.61298,1.61298,1.61248,1.61257,71000000,1
1291082400000,1291082459000,1.61257,1.61276,1.61229,1.61261,145000000,1
1291082460000,1291082519000,1.61268,1.61292,1.61248,1.61265,182400000,1
1291082520000,1291082579000,1.61265,1.61294,1.61265,1.61284,153900000,1
1291082580000,1291082639000,1.61284,1.61296,1.61279,1.61279,157000000,1
1291082640000,1291082699000,1.61279,1.61319,1.61263,1.61269,183100000,1
1291082700000,1291082759000,1.61269,1.61286,1.61241,1.61281,189700000,1
1291082760000,1291082819000,1.61281,1.61287,1.61262,1.61272,207900000,1
1291082820000,1291082879000,1.61272,1.61279,1.6126,1.61278,137900000,1
1291082880000,1291082939000,1.61278,1.61278,1.61259,1.61262,73500000,1
1291082940000,1291082999000,1.61271,1.61309,1.61208,1.61223,222700000,1
1291083000000,1291083059000,1.61223,1.61227,1.6118,1.61214,219500000,1
1291083060000,1291083119000,1.61214,1.6123,1.6121,1.61224,85900000,1
1291083120000,1291083179000,1.61224,1.61233,1.61206,1.61223,122100000,1
1291083180000,1291083239000,1.61222,1.61222,1.61192,1.61195,104600000,1
1291083240000,1291083299000,1.61195,1.61222,1.61187,1.61222,100300000,1
1291083300000,1291083359000,1.61222,1.61342,1.61222,1.61308,220000000,1
1291083360000,1291083419000,1.61318,1.61379,1.61308,1.6135,240600000,1
1291083420000,1291083479000,1.6135,1.61362,1.61329,1.61358,137700000,1
1291083480000,1291083539000,1.61362,1.61379,1.61296,1.61303,163600000,1
1291083540000,1291083599000,1.61303,1.61303,1.61275,1.61282,114300000,1
1291083600000,1291083659000,1.61282,1.6131,1.61257,1.613,193900000,1
1291083660000,1291083719000,1.61298,1.61335,1.61279,1.61304,207400000,1
1291083720000,1291083779000,1.61297,1.61323,1.61282,1.61306,219600000,1
1291083780000,1291083839000,1.61306,1.61326,1.61306,1.61311,164400000,1
1291083840000,1291083899000,1.61311,1.61332,1.61289,1.61315,165600000,1
1291083900000,1291083959000,1.61315,1.61326,1.61315,1.61317,89500000,1
1291083960000,1291084019000,1.61317,1.6133,1.61317,1.6133,42200000,1
1291084020000,1291084079000,1.61334,1.61356,1.61329,1.61348,74200000,1
1291084080000,1291084139000,1.61348,1.6135,1.61326,1.61327,195200000,1
1291084140000,1291084199000,1.61327,1.61348,1.61304,1.61304,178600000,1
1291084200000,1291084259000,1.61312,1.61316,1.61308,1.61316,72900000,1
1291084260000,1291084319000,1.61311,1.61319,1.61267,1.61294,158500000,1
1291084320000,1291084379000,1.61301,1.6131,1.61267,1.61279,169600000,1
1291084380000,1291084439000,1.61279,1.61319,1.61269,1.61311,223600000,1
1291084440000,1291084499000,1.61311,1.61343,1.61302,1.61322,118800000,1
1291084500000,1291084559000,1.61322,1.61331,1.61316,1.61324,101700000,1
1291084560000,1291084619000,1.61324,1.61328,1.61309,1.61311,150000000,1
1291084620000,1291084679000,1.61311,1.61333,1.61222,1.61252,327900000,1
1291084680000,1291084739000,1.6126,1.61266,1.61229,1.61248,181200000,1
1291084740000,1291084799000,1.61248,1.61268,1.61238,1.61238,177000000,1
1291084800000,1291084859000,1.6124,1.61245,1.61237,1.61241,69200000,1
1291084860000,1291084919000,1.61248,1.61281,1.6124,1.61258,156800000,1
1291084920000,1291084979000,1.61258,1.61288,1.61231,1.61288,202000000,1
1291084980000,1291085039000,1.61288,1.61298,1.61269,1.61288,193200000,1
1291085040000,1291085099000,1.61285,1.61292,1.61265,1.61275,200300000,1
1291085100000,1291085159000,1.61273,1.61294,1.61271,1.61287,104600000,1
1291085160000,1291085219000,1.61288,1.61343,1.61282,1.6132,172800000,1
1291085220000,1291085279000,1.61318,1.61328,1.61282,1.613,140100000,1
1291085280000,1291085339000,1.61303,1.61333,1.61303,1.61322,69800000,1
1291085340000,1291085399000,1.61321,1.61366,1.61321,1.61363,105300000,1
1291085400000,1291085459000,1.61363,1.61469,1.61343,1.61462,165400000,1
1291085460000,1291085519000,1.61456,1.61471,1.61425,1.61471,161700000,1
1291085520000,1291085579000,1.61471,1.61545,1.61455,1.61499,164400000,1
1291085580000,1291085639000,1.61499,1.61535,1.61499,1.61515,133800000,1
1291085640000,1291085699000,1.61499,1.61554,1.61497,1.61554,148700000,1
1291085700000,1291085759000,1.61544,1.61605,1.61536,1.61589,146700000,1
1291085760000,1291085819000,1.61589,1.61589,1.61582,1.61586,96200000,1
1291085820000,1291085879000,1.61586,1.61652,1.61548,1.61552,211300000,1
1291085880000,1291085939000,1.61552,1.61562,1.61531,1.61561,136900000,1
1291085940000,1291085999000,1.61561,1.61631,1.61561,1.61626,203900000,1
1291086000000,1291086059000,1.61626,1.61649,1.61593,1.61642,140500000,1
1291086060000,1291086119000,1.61642,1.61655,1.61609,1.61645,132700000,1
1291086120000,1291086179000,1.61645,1.61655,1.61608,1.61633,113200000,1
1291086180000,1291086239000,1.61633,1.61726,1.61619,1.61716,205500000,1
1291086240000,1291086299000,1.61718,1.61818,1.61683,1.61816,367500000,1
1291086300000,1291086359000,1.61811,1.61829,1.61756,1.61768,248200000,1
1291086360000,1291086419000,1.6177,1.61832,1.61758,1.61804,260000000,1
1291086420000,1291086479000,1.61799,1.618,1.61688,1.61714,310800000,1
1291086480000,1291086539000,1.61719,1.61727,1.61607,1.61678,205900000,1
1291086540000,1291086599000,1.61678,1.61686,1.61602,1.61633,238800000,1
1291086600000,1291086659000,1.61634,1.61664,1.61574,1.61619,264800000,1
1291086660000,1291086719000,1.61614,1.61638,1.61563,1.61596,270000000,1
1291086720000,1291086779000,1.61599,1.61688,1.61599,1.61654,243400000,1
1291086780000,1291086839000,1.61664,1.61678,1.61628,1.61669,225900000,1
1291086840000,1291086899000,1.61654,1.61669,1.61593,1.61597,242700000,1
1291086900000,1291086959000,1.61596,1.61611,1.6158,1.61602,192600000,1
1291086960000,1291087019000,1.61618,1.61622,1.61593,1.61607,143300000,1
1291087020000,1291087079000,1.61607,1.6163,1.61588,1.61604,122400000,1
1291087080000,1291087139000,1.61601,1.61633,1.61584,1.61607,216300000,1
1291087140000,1291087199000,1.61606,1.61643,1.61598,1.61621,196200000,1
1291087200000,1291087259000,1.61621,1.61693,1.61621,1.61657,297000000,1
1291087260000,1291087319000,1.6165,1.61668,1.61631,1.61659,113700000,1
1291087320000,1291087379000,1.61658,1.61663,1.61593,1.61662,337900000,1
1291087380000,1291087439000,1.61659,1.61732,1.61654,1.61716,204800000,1
1291087440000,1291087499000,1.61712,1.61712,1.61678,1.61681,94700000,1
1291087500000,1291087559000,1.61686,1.61708,1.61668,1.61707,101800000,1
1291087560000,1291087619000,1.61707,1.61714,1.61674,1.61681,84500000,1
1291087620000,1291087679000,1.61681,1.61681,1.61614,1.6162,102100000,1
1291087680000,1291087739000,1.6162,1.61706,1.61589,1.61704,249500000,1
1291087740000,1291087799000,1.61709,1.61778,1.61708,1.61759,228100000,1
1291087800000,1291087859000,1.61757,1.61788,1.61742,1.61758,311700000,1
1291087860000,1291087919000,1.61758,1.61807,1.61748,1.61762,201700000,1
1291087920000,1291087979000,1.61762,1.61902,1.61759,1.61824,256400000,1
1291087980000,1291088039000,1.61826,1.61841,1.61788,1.61789,235200000,1
1291088040000,1291088099000,1.61789,1.61826,1.61739,1.61791,278800000,1
1291088100000,1291088159000,1.61795,1.619,1.61762,1.61878,297900000,1
1291088160000,1291088219000,1.61878,1.61907,1.61834,1.61834,201500000,1
1291088220000,1291088279000,1.61832,1.61832,1.6176,1.61794,200100000,1
1291088280000,1291088339000,1.61794,1.61818,1.61759,1.61771,188700000,1
1291088340000,1291088399000,1.61768,1.61788,1.61745,1.61745,232100000,1
1291088400000,1291088459000,1.61745,1.61763,1.6172,1.61738,192900000,1
1291088460000,1291088519000,1.61731,1.61739,1.61681,1.61681,141800000,1
1291088520000,1291088579000,1.61681,1.61682,1.61647,1.61663,158100000,1
1291088580000,1291088639000,1.61663,1.61673,1.61646,1.61673,91500000,1
1291088640000,1291088699000,1.61673,1.61699,1.61663,1.61695,135100000,1
1291088700000,1291088759000,1.61695,1.61717,1.61689,1.61709,98600000,1
1291088760000,1291088819000,1.6171,1.61772,1.6171,1.61771,114600000,1
1291088820000,1291088879000,1.61773,1.61778,1.61707,1.61728,105900000,1
1291088880000,1291088939000,1.61729,1.61737,1.61709,1.61719,123400000,1
1291088940000,1291088999000,1.61719,1.61738,1.61719,1.61737,122600000,1
1291089000000,1291089059000,1.61737,1.61752,1.61717,1.61719,156200000,1
1291089060000,1291089119000,1.61719,1.61721,1.61662,1.61663,152300000,1
1291089120000,1291089179000,1.6166,1.61679,1.61642,1.61657,116400000,1
1291089180000,1291089239000,1.61663,1.61703,1.61629,1.61695,169600000,1
1291089240000,1291089299000,1.61697,1.61709,1.61664,1.6168,110700000,1
1291089300000,1291089359000,1.6168,1.61725,1.61664,1.61712,141200000,1
1291089360000,1291089419000,1.61707,1.61747,1.61699,1.61722,146100000,1
1291089420000,1291089479000,1.61722,1.61736,1.61707,1.61707,72600000,1
1291089480000,1291089539000,1.6171,1.61736,1.61707,1.6173,73400000,1
1291089540000,1291089599000,1.6173,1.61799,1.61728,1.61789,107600000,1
1291089600000,1291089659000,1.61798,1.6181,1.61721,1.61783,331800000,1
1291089660000,1291089719000,1.61782,1.61792,1.61749,1.61757,131300000,1
1291089720000,1291089779000,1.61757,1.61762,1.61711,1.61733,142400000,1
1291089780000,1291089839000,1.61736,1.61738,1.61711,1.6173,100300000,1
1291089840000,1291089899000,1.61741,1.61741,1.61658,1.61672,202600000,1
1291089900000,1291089959000,1.61669,1.61758,1.61653,1.61738,176400000,1
1291089960000,1291090019000,1.6174,1.61794,1.61734,1.61793,243300000,1
1291090020000,1291090079000,1.61789,1.61859,1.61788,1.61819,300500000,1
1291090080000,1291090139000,1.61816,1.6184,1.61788,1.61798,259500000,1
1291090140000,1291090199000,1.61791,1.61847,1.61764,1.61822,276200000,1
1291090200000,1291090259000,1.61813,1.61835,1.61812,1.61826,177600000,1
1291090260000,1291090319000,1.61837,1.61848,1.61788,1.61803,228000000,1
1291090320000,1291090379000,1.61816,1.61842,1.61803,1.61842,243900000,1
1291090380000,1291090439000,1.61829,1.61859,1.61808,1.61821,256500000,1
1291090440000,1291090499000,1.61812,1.61855,1.61803,1.61841,188600000,1
1291090500000,1291090559000,1.61841,1.61901,1.61839,1.61896,158300000,1
1291090560000,1291090619000,1.61896,1.61916,1.6183,1.61868,286300000,1
1291090620000,1291090679000,1.6187,1.61903,1.61861,1.61877,246700000,1
1291090680000,1291090739000,1.61877,1.61877,1.61774,1.61785,184000000,1
1291090740000,1291090799000,1.61785,1.61819,1.6174,1.61804,280900000,1
1291090800000,1291090859000,1.618,1.6183,1.61779,1.61779,217500000,1
1291090860000,1291090919000,1.61779,1.61788,1.61752,1.6178,175100000,1
1291090920000,1291090979000,1.61776,1.61809,1.61768,1.61787,110500000,1
1291090980000,1291091039000,1.61788,1.618,1.6177,1.6178,88000000,1
1291091040000,1291091099000,1.61783,1.61793,1.6174,1.61762,151100000,1
1291091100000,1291091159000,1.61763,1.61763,1.61661,1.61667,189900000,1
1291091160000,1291091219000,1.61669,1.61734,1.61669,1.61713,228800000,1
1291091220000,1291091279000,1.61719,1.61782,1.61719,1.61766,221900000,1
1291091280000,1291091339000,1.6176,1.6176,1.61707,1.61724,145900000,1
1291091340000,1291091399000,1.61724,1.61759,1.61713,1.61717,199900000,1
1291091400000,1291091459000,1.61721,1.61737,1.61703,1.61732,159500000,1
1291091460000,1291091519000,1.6173,1.61738,1.61667,1.61694,194900000,1
1291091520000,1291091579000,1.61694,1.61696,1.61672,1.61691,132400000,1
1291091580000,1291091639000,1.61691,1.61702,1.61677,1.61699,104100000,1
1291091640000,1291091699000,1.61699,1.61723,1.61636,1.61667,420900000,1
1291091700000,1291091759000,1.61668,1.61717,1.61662,1.61717,243000000,1
1291091760000,1291091819000,1.61717,1.61763,1.61705,1.61763,164400000,1
1291091820000,1291091879000,1.61763,1.61818,1.61763,1.61796,193400000,1
1291091880000,1291091939000,1.61796,1.61803,1.61676,1.61759,286300000,1
1291091940000,1291091999000,1.61758,1.6176,1.61698,1.61724,166100000,1
1291092000000,1291092059000,1.61724,1.61731,1.6168,1.61714,93300000,1
1291092060000,1291092119000,1.61714,1.61721,1.61664,1.61686,162800000,1
1291092120000,1291092179000,1.61684,1.61701,1.61653,1.6168,182300000,1
1291092180000,1291092239000,1.61685,1.61689,1.61643,1.61673,175900000,1
1291092240000,1291092299000,1.6167,1.61691,1.61623,1.61632,183900000,1
1291092300000,1291092359000,1.61632,1.61699,1.61577,1.61641,349500000,1
1291092360000,1291092419000,1.61634,1.61645,1.61547,1.61607,248800000,1
1291092420000,1291092479000,1.61607,1.61656,1.61574,1.61636,305100000,1
1291092480000,1291092539000,1.61636,1.61649,1.61579,1.6159,189500000,1
1291092540000,1291092599000,1.61579,1.61592,1.61548,1.61569,213500000,1
1291092600000,1291092659000,1.61569,1.61583,1.61511,1.61518,172500000,1
1291092660000,1291092719000,1.61515,1.61525,1.61437,1.61437,325000000,1
1291092720000,1291092779000,1.61437,1.61465,1.61392,1.61402,231000000,1
1291092780000,1291092839000,1.61402,1.61433,1.61374,1.61403,209300000,1
1291092840000,1291092899000,1.61403,1.61448,1.61354,1.61444,254900000,1
1291092900000,1291092959000,1.61444,1.61481,1.61438,1.61445,232900000,1
1291092960000,1291093019000,1.61453,1.61521,1.61453,1.61487,232700000,1
1291093020000,1291093079000,1.61487,1.6151,1.61473,1.61508,132700000,1
1291093080000,1291093139000,1.6151,1.61514,1.61482,1.615,103400000,1
1291093140000,1291093199000,1.61493,1.61501,1.61443,1.61464,140200000,1
1291093200000,1291093259000,1.61464,1.61546,1.61458,1.61546,200200000,1
1291093260000,1291093319000,1.61538,1.61563,1.61521,1.61562,151900000,1
1291093320000,1291093379000,1.61562,1.61614,1.61562,1.61613,239400000,1
1291093380000,1291093439000,1.61612,1.61639,1.61587,1.61607,112600000,1
1291093440000,1291093499000,1.61607,1.61616,1.61574,1.61574,173000000,1
1291093500000,1291093559000,1.61574,1.61579,1.61538,1.61541,114700000,1
1291093560000,1291093619000,1.61541,1.61558,1.61511,1.61549,127000000,1
1291093620000,1291093679000,1.61549,1.61593,1.61549,1.61593,236000000,1
1291093680000,1291093739000,1.61593,1.616,1.61551,1.61568,149100000,1
1291093740000,1291093799000,1.61568,1.61586,1.61533,1.61533,143600000,1
1291093800000,1291093859000,1.61527,1.61572,1.61521,1.61551,185900000,1
1291093860000,1291093919000,1.61553,1.61686,1.61553,1.61673,248200000,1
1291093920000,1291093979000,1.61673,1.61681,1.61646,1.6167,200600000,1
1291093980000,1291094039000,1.61664,1.61679,1.61625,1.6164,174600000,1
1291094040000,1291094099000,1.6164,1.6165,1.61607,1.61628,133700000,1
1291094100000,1291094159000,1.61641,1.61643,1.61592,1.61594,130400000,1
1291094160000,1291094219000,1.61594,1.61594,1.61541,1.61558,228400000,1
1291094220000,1291094279000,1.61558,1.61578,1.61549,1.61562,140700000,1
1291094280000,1291094339000,1.61559,1.61574,1.61546,1.61554,125500000,1
1291094340000,1291094399000,1.61554,1.61568,1.61518,1.6153,118100000,1
1291094400000,1291094459000,1.6153,1.61537,1.61497,1.6152,170400000,1
1291094460000,1291094519000,1.6152,1.61547,1.61504,1.61527,191100000,1
1291094520000,1291094579000,1.61529,1.61566,1.61526,1.61537,94900000,1
1291094580000,1291094639000,1.61541,1.61558,1.61538,1.61544,81700000,1
1291094640000,1291094699000,1.61544,1.61568,1.61514,1.61565,151700000,1
1291094700000,1291094759000,1.61568,1.61593,1.61568,1.61572,95200000,1
1291094760000,1291094819000,1.61573,1.61583,1.61523,1.61532,134200000,1
1291094820000,1291094879000,1.61541,1.61566,1.61516,1.6156,86500000,1
1291094880000,1291094939000,1.61558,1.61558,1.61446,1.61465,191500000,1
1291094940000,1291094999000,1.61471,1.61528,1.61448,1.61517,217900000,1
1291095000000,1291095059000,1.61527,1.61558,1.61517,1.61528,161200000,1
1291095060000,1291095119000,1.61528,1.61582,1.61528,1.61573,82200000,1
1291095120000,1291095179000,1.61574,1.61574,1.61523,1.61557,130500000,1
1291095180000,1291095239000,1.61582,1.61582,1.61529,1.61553,83100000,1
1291095240000,1291095299000,1.61555,1.61562,1.61511,1.61551,174300000,1
1291095300000,1291095359000,1.61552,1.61604,1.61551,1.61604,190800000,1
1291095360000,1291095419000,1.61594,1.61606,1.61569,1.6159,140900000,1
1291095420000,1291095479000,1.6159,1.6159,1.61556,1.61568,194600000,1
1291095480000,1291095539000,1.61565,1.61583,1.61519,1.61545,153400000,1
1291095540000,1291095599000,1.61545,1.61597,1.61545,1.61597,154300000,1
1291095600000,1291095659000,1.61592,1.6165,1.61589,1.61631,144400000,1
1291095660000,1291095719000,1.61637,1.61658,1.61615,1.61639,223600000,1
1291095720000,1291095779000,1.6164,1.61647,1.61626,1.61639,139000000,1
1291095780000,1291095839000,1.61639,1.61639,1.61606,1.61621,111900000,1
1291095840000,1291095899000,1.6163,1.61648,1.61622,1.61638,93400000,1
1291095900000,1291095959000,1.61647,1.61665,1.61638,1.6164,203300000,1
1291095960000,1291096019000,1.61629,1.61666,1.61603,1.61626,214000000,1
1291096020000,1291096079000,1.61632,1.61632,1.61582,1.61588,150400000,1
1291096080000,1291096139000,1.61585,1.61592,1.61548,1.61587,172700000,1
1291096140000,1291096199000,1.61624,1.61636,1.61594,1.61628,216000000,1
1291096200000,1291096259000,1.61628,1.61635,1.61589,1.616,132700000,1
1291096260000,1291096319000,1.616,1.61623,1.616,1.61616,146900000,1
1291096320000,1291096379000,1.61616,1.6164,1.61612,1.61615,158300000,1
1291096380000,1291096439000,1.61615,1.61631,1.61607,1.6162,143500000,1
1291096440000,1291096499000,1.61613,1.61631,1.61606,1.61607,102300000,1
1291096500000,1291096559000,1.61601,1.61623,1.61593,1.61605,98400000,1
1291096560000,1291096619000,1.61602,1.61617,1.61587,1.61599,187500000,1
1291096620000,1291096679000,1.61603,1.61624,1.61602,1.61602,146700000,1
1291096680000,1291096739000,1.61604,1.61614,1.61464,1.61469,224300000,1
1291096740000,1291096799000,1.61468,1.61554,1.61468,1.61539,259700000,1
1291096800000,1291096859000,1.61538,1.61608,1.61535,1.6159,247900000,1
1291096860000,1291096919000,1.6159,1.61616,1.61574,1.6161,274100000,1
1291096920000,1291096979000,1.6161,1.61678,1.6161,1.61661,284700000,1
1291096980000,1291097039000,1.61668,1.61683,1.6165,1.61653,218900000,1
1291097040000,1291097099000,1.61653,1.61661,1.61624,1.61631,129000000,1
1291097100000,1291097159000,1.61631,1.6164,1.61606,1.61606,120600000,1
1291097160000,1291097219000,1.61603,1.61639,1.61591,1.61628,208200000,1
1291097220000,1291097279000,1.61628,1.61636,1.61589,1.61611,218200000,1
1291097280000,1291097339000,1.61611,1.61633,1.61599,1.6162,231400000,1
1291097340000,1291097399000,1.6162,1.61623,1.61592,1.61616,141100000,1
1291097400000,1291097459000,1.61616,1.61626,1.61583,1.61605,127600000,1
1291097460000,1291097519000,1.61605,1.61629,1.61591,1.61591,131700000,1
1291097520000,1291097579000,1.61591,1.61629,1.61575,1.61592,233400000,1
1291097580000,1291097639000,1.61591,1.61614,1.61584,1.61592,98200000,1
1291097640000,1291097699000,1.61592,1.61615,1.61584,1.61589,127900000,1
1291097700000,1291097759000,1.61587,1.61587,1.61532,1.61549,235300000,1
1291097760000,1291097819000,1.61549,1.61559,1.61498,1.61559,147000000,1
1291097820000,1291097879000,1.61557,1.61608,1.6155,1.61607,186600000,1
1291097880000,1291097939000,1.61608,1.61608,1.61573,1.61587,167200000,1
1291097940000,1291097999000,1.61594,1.61607,1.61579,1.61597,167000000,1
1291098000000,1291098059000,1.61599,1.6162,1.61592,1.61603,137600000,1
1291098060000,1291098119000,1.61606,1.61644,1.616,1.61622,123400000,1
1291098120000,1291098179000,1.61628,1.61631,1.61598,1.61618,146200000,1
1291098180000,1291098239000,1.61619,1.61628,1.61603,1.61628,77500000,1
1291098240000,1291098299000,1.61628,1.61689,1.61626,1.61679,194900000,1
1291098300000,1291098359000,1.61686,1.61689,1.6165,1.61686,168100000,1
1291098360000,1291098419000,1.61688,1.61702,1.61671,1.61701,146700000,1
1291098420000,1291098479000,1.61701,1.61702,1.61652,1.61652,164700000,1
1291098480000,1291098539000,1.61653,1.61664,1.61622,1.61628,140600000,1
1291098540000,1291098599000,1.61632,1.61677,1.61632,1.61641,197900000,1
1291098600000,1291098659000,1.61641,1.61652,1.61609,1.61634,101900000,1
1291098660000,1291098719000,1.61634,1.61701,1.61626,1.61675,183400000,1
1291098720000,1291098779000,1.61675,1.61685,1.61651,1.61668,103000000,1
1291098780000,1291098839000,1.61668,1.61669,1.61627,1.61638,102900000,1
1291098840000,1291098899000,1.61641,1.61662,1.61641,1.61651,135700000,1
1291098900000,1291098959000,1.61651,1.61651,1.61593,1.61615,147900000,1
1291098960000,1291099019000,1.61613,1.61613,1.61558,1.61572,184200000,1
1291099020000,1291099079000,1.61575,1.61594,1.61566,1.61573,214800000,1
1291099080000,1291099139000,1.61574,1.61574,1.61538,1.61543,195700000,1
1291099140000,1291099199000,1.61543,1.61563,1.61543,1.61543,105900000,1
1291099200000,1291099259000,1.61539,1.61549,1.61513,1.61516,190500000,1
1291099260000,1291099319000,1.61517,1.61529,1.61503,1.61524,152500000,1
1291099320000,1291099379000,1.61522,1.61523,1.61481,1.61503,178300000,1
1291099380000,1291099439000,1.61503,1.61571,1.61503,1.61539,142800000,1
1291099440000,1291099499000,1.61554,1.61554,1.61529,1.61537,95500000,1
1291099500000,1291099559000,1.61545,1.61554,1.61526,1.61534,195600000,1
1291099560000,1291099619000,1.61544,1.61544,1.61479,1.615,249100000,1
1291099620000,1291099679000,1.61501,1.61568,1.61501,1.61562,278200000,1
1291099680000,1291099739000,1.61562,1.6157,1.61559,1.6156,82100000,1
1291099740000,1291099799000,1.6156,1.61587,1.61558,1.61587,137100000,1
1291099800000,1291099859000,1.6158,1.61603,1.61578,1.61603,95900000,1
1291099860000,1291099919000,1.61602,1.61602,1.61581,1.61591,206300000,1
1291099920000,1291099979000,1.61591,1.616,1.61581,1.61593,139300000,1
1291099980000,1291100039000,1.61593,1.61604,1.61587,1.61594,98800000,1
1291100040000,1291100099000,1.61594,1.61604,1.61565,1.61565,149200000,1
1291100100000,1291100159000,1.61565,1.61582,1.6155,1.61582,155600000,1
1291100160000,1291100219000,1.61582,1.61582,1.61543,1.61545,235800000,1
1291100220000,1291100279000,1.61543,1.61566,1.61538,1.61544,116800000,1
1291100280000,1291100339000,1.61551,1.61561,1.61539,1.61549,111500000,1
1291100340000,1291100399000,1.61561,1.61561,1.61504,1.61519,251800000,1
1291100400000,1291100459000,1.61521,1.6154,1.61498,1.6152,281600000,1
1291100460000,1291100519000,1.6152,1.61564,1.61469,1.61559,322500000,1
1291100520000,1291100579000,1.61559,1.61594,1.6153,1.61545,222300000,1
1291100580000,1291100639000,1.61545,1.61546,1.61497,1.61524,152800000,1
1291100640000,1291100699000,1.61524,1.61527,1.6143,1.61451,194600000,1
1291100700000,1291100759000,1.61451,1.61522,1.61451,1.61517,159300000,1
1291100760000,1291100819000,1.61517,1.61535,1.6149,1.6152,178700000,1
1291100820000,1291100879000,1.61526,1.61547,1.61513,1.61546,153000000,1
1291100880000,1291100939000,1.61546,1.61574,1.61543,1.6156,153600000,1
1291100940000,1291100999000,1.61568,1.6158,1.61528,1.61556,139000000,1
1291101000000,1291101059000,1.61556,1.61569,1.61478,1.61488,179300000,1
1291101060000,1291101119000,1.61503,1.61513,1.61432,1.61441,198500000,1
1291101120000,1291101179000,1.61441,1.61469,1.61426,1.61459,220300000,1
1291101180000,1291101239000,1.61459,1.61478,1.61437,1.61463,154600000,1
1291101240000,1291101299000,1.61477,1.61491,1.6145,1.61469,167200000,1
1291101300000,1291101359000,1.61469,1.61481,1.61449,1.61481,143700000,1
1291101360000,1291101419000,1.61481,1.61481,1.61439,1.61439,147000000,1
1291101420000,1291101479000,1.61448,1.61481,1.61446,1.61451,128400000,1
1291101480000,1291101539000,1.61451,1.61479,1.61392,1.61401,201900000,1
1291101540000,1291101599000,1.61412,1.61436,1.61392,1.61423,185600000,1
1291101600000,1291101659000,1.61423,1.61436,1.61387,1.61426,123300000,1
1291101660000,1291101719000,1.61426,1.61458,1.61419,1.61447,101700000,1
1291101720000,1291101779000,1.61447,1.61483,1.61446,1.61477,78400000,1
1291101780000,1291101839000,1.61477,1.61534,1.61463,1.61517,105700000,1
1291101840000,1291101899000,1.61515,1.61562,1.61502,1.61534,177000000,1
1291101900000,1291101959000,1.61534,1.61552,1.61522,1.61533,85900000,1
1291101960000,1291102019000,1.61533,1.61533,1.61447,1.61447,159800000,1
1291102020000,1291102079000,1.61446,1.61479,1.61434,1.61469,176600000,1
1291102080000,1291102139000,1.61462,1.61504,1.61452,1.61499,163600000,1
1291102140000,1291102199000,1.61482,1.61515,1.61459,1.6148,184100000,1
1291102200000,1291102259000,1.61466,1.61507,1.61458,1.61476,239500000,1
1291102260000,1291102319000,1.61469,1.61486,1.61427,1.61452,269600000,1
1291102320000,1291102379000,1.61442,1.61442,1.61373,1.61393,239000000,1
1291102380000,1291102439000,1.61393,1.61469,1.61354,1.61458,322000000,1
1291102440000,1291102499000,1.61458,1.6151,1.61433,1.61482,262500000,1
1291102500000,1291102559000,1.61482,1.61497,1.61409,1.61429,246000000,1
1291102560000,1291102619000,1.61432,1.61487,1.61402,1.61472,219400000,1
1291102620000,1291102679000,1.61471,1.61542,1.61465,1.61523,281800000,1
1291102680000,1291102739000,1.61523,1.61571,1.61499,1.61552,345300000,1
1291102740000,1291102799000,1.61554,1.61612,1.61527,1.61569,201300000,1
1291102800000,1291102859000,1.61575,1.61591,1.61538,1.61546,255200000,1
1291102860000,1291102919000,1.61546,1.61601,1.61541,1.61589,254900000,1
1291102920000,1291102979000,1.61593,1.61607,1.61537,1.61537,281400000,1
1291102980000,1291103039000,1.61535,1.61598,1.61492,1.61495,193200000,1
1291103040000,1291103099000,1.61493,1.61541,1.61488,1.61507,213000000,1
1291103100000,1291103159000,1.61507,1.61513,1.61451,1.61453,188900000,1
1291103160000,1291103219000,1.61454,1.61483,1.61432,1.61456,215400000,1
1291103220000,1291103279000,1.61451,1.61463,1.61393,1.61394,205900000,1
1291103280000,1291103339000,1.61394,1.61432,1.6136,1.61379,243900000,1
1291103340000,1291103399000,1.61378,1.61422,1.61367,1.61391,220300000,1
1291103400000,1291103459000,1.61391,1.61421,1.61368,1.61413,151800000,1
1291103460000,1291103519000,1.61416,1.61418,1.6138,1.61383,230200000,1
1291103520000,1291103579000,1.61384,1.61399,1.61307,1.61311,232800000,1
1291103580000,1291103639000,1.61311,1.61311,1.61253,1.61274,216200000,1
1291103640000,1291103699000,1.61274,1.61318,1.61266,1.61318,241300000,1
1291103700000,1291103759000,1.61317,1.61403,1.61316,1.61369,253300000,1
1291103760000,1291103819000,1.61369,1.61382,1.61355,1.61378,126500000,1
1291103820000,1291103879000,1.61378,1.61394,1.61365,1.6139,131500000,1
1291103880000,1291103939000,1.6139,1.61412,1.6138,1.61403,179900000,1
1291103940000,1291103999000,1.61404,1.61476,1.61402,1.61455,221500000,1
1291104000000,1291104059000,1.61463,1.6152,1.61432,1.61442,254900000,1
1291104060000,1291104119000,1.61436,1.61446,1.61395,1.61398,222300000,1
1291104120000,1291104179000,1.614,1.61427,1.61385,1.61405,201400000,1
1291104180000,1291104239000,1.61405,1.61471,1.61395,1.61458,241300000,1
1291104240000,1291104299000,1.61458,1.61574,1.61448,1.61555,275300000,1
1291104300000,1291104359000,1.61555,1.61622,1.61504,1.61504,224800000,1
1291104360000,1291104419000,1.61504,1.61587,1.61503,1.61565,198100000,1
1291104420000,1291104479000,1.61565,1.61577,1.61506,1.61512,220200000,1
1291104480000,1291104539000,1.61505,1.61519,1.61489,1.61496,209200000,1
1291104540000,1291104599000,1.61507,1.61576,1.61468,1.61558,188100000,1
1291104600000,1291104659000,1.61566,1.61651,1.61566,1.61628,223000000,1
1291104660000,1291104719000,1.61628,1.61668,1.61613,1.61619,218500000,1
1291104720000,1291104779000,1.61611,1.61649,1.61602,1.61617,175000000,1
1291104780000,1291104839000,1.61613,1.61675,1.61611,1.61673,236500000,1
1291104840000,1291104899000,1.61672,1.61709,1.61657,1.61662,255400000,1
1291104900000,1291104959000,1.61666,1.61679,1.61659,1.61663,232800000,1
1291104960000,1291105019000,1.61663,1.61787,1.61663,1.61711,312600000,1
1291105020000,1291105079000,1.61709,1.61791,1.61706,1.6178,241800000,1
1291105080000,1291105139000,1.6178,1.61837,1.61766,1.61777,262000000,1
1291105140000,1291105199000,1.6178,1.61805,1.61761,1.61762,205800000,1
1291105200000,1291105259000,1.61761,1.61768,1.61734,1.61752,257200000,1
1291105260000,1291105319000,1.61757,1.61772,1.61741,1.61761,214200000,1
1291105320000,1291105379000,1.61796,1.61839,1.61793,1.61812,220900000,1
1291105380000,1291105439000,1.61818,1.6185,1.61812,1.61819,238800000,1
1291105440000,1291105499000,1.61819,1.61897,1.61813,1.61849,277200000,1
1291105500000,1291105559000,1.61848,1.61851,1.61772,1.61791,228700000,1
1291105560000,1291105619000,1.61792,1.61833,1.61762,1.61781,232300000,1
1291105620000,1291105679000,1.61781,1.6179,1.61756,1.61767,263600000,1
1291105680000,1291105739000,1.61767,1.61767,1.61688,1.61692,235000000,1
1291105740000,1291105799000,1.61692,1.61712,1.61686,1.61702,251100000,1
1291105800000,1291105859000,1.61702,1.61733,1.61682,1.617,235900000,1
1291105860000,1291105919000,1.61699,1.61701,1.6167,1.61677,180100000,1
1291105920000,1291105979000,1.61677,1.61732,1.6167,1.61732,168300000,1
1291105980000,1291106039000,1.61732,1.6177,1.6171,1.61764,182900000,1
1291106040000,1291106099000,1.61763,1.61801,1.61758,1.61801,211500000,1
1291106100000,1291106159000,1.61794,1.6182,1.61746,1.61789,218100000,1
1291106160000,1291106219000,1.61794,1.61802,1.61732,1.61751,198000000,1
1291106220000,1291106279000,1.61752,1.61772,1.61724,1.61759,204900000,1
1291106280000,1291106339000,1.61757,1.61774,1.61713,1.61762,187200000,1
1291106340000,1291106399000,1.61762,1.61783,1.61731,1.61759,206400000,1
1291106400000,1291106459000,1.61758,1.61807,1.61729,1.61729,247300000,1
1291106460000,1291106519000,1.61748,1.61783,1.61727,1.61757,218800000,1
1291106520000,1291106579000,1.61757,1.61799,1.61757,1.6177,214700000,1
1291106580000,1291106639000,1.6177,1.61777,1.61697,1.61707,183800000,1
1291106640000,1291106699000,1.61716,1.61879,1.61693,1.61833,328300000,1
1291106700000,1291106759000,1.61827,1.61873,1.61814,1.61857,200400000,1
1291106760000,1291106819000,1.61863,1.61946,1.61837,1.61936,291400000,1
1291106820000,1291106879000,1.61947,1.62015,1.61855,1.61855,240300000,1
1291106880000,1291106939000,1.61855,1.61895,1.61825,1.61854,239700000,1
1291106940000,1291106999000,1.61854,1.61881,1.61764,1.61813,302200000,1
1291107000000,1291107059000,1.61812,1.61876,1.6177,1.61862,294800000,1
1291107060000,1291107119000,1.6187,1.61938,1.6183,1.61869,343200000,1
1291107120000,1291107179000,1.61869,1.61869,1.61772,1.61804,346900000,1
1291107180000,1291107239000,1.61809,1.61863,1.61746,1.61862,313300000,1
1291107240000,1291107299000,1.61851,1.61881,1.61814,1.61839,239900000,1
1291107300000,1291107359000,1.61837,1.61957,1.61837,1.61957,326600000,1
1291107360000,1291107419000,1.61957,1.62019,1.61945,1.6197,279100000,1
1291107420000,1291107479000,1.6197,1.61978,1.61854,1.61927,284400000,1
1291107480000,1291107539000,1.61927,1.6198,1.61927,1.61968,211800000,1
1291107540000,1291107599000,1.61974,1.62066,1.61962,1.61974,306000000,1
1291107600000,1291107659000,1.61974,1.62013,1.61954,1.62,255800000,1
1291107660000,1291107719000,1.62,1.62012,1.61973,1.61998,180100000,1
1291107720000,1291107779000,1.61994,1.62025,1.61944,1.6197,301300000,1
1291107780000,1291107839000,1.61969,1.61993,1.61934,1.61953,272000000,1
1291107840000,1291107899000,1.61955,1.61974,1.61881,1.61908,276100000,1
1291107900000,1291107959000,1.61908,1.61941,1.61875,1.61908,300300000,1
1291107960000,1291108019000,1.61897,1.61902,1.61812,1.61828,275800000,1
1291108020000,1291108079000,1.61828,1.61886,1.61786,1.61867,277500000,1
1291108080000,1291108139000,1.61866,1.61916,1.61859,1.61916,229800000,1
1291108140000,1291108199000,1.61921,1.61929,1.61768,1.61773,326800000,1
1291108200000,1291108259000,1.61776,1.61836,1.61762,1.61765,298400000,1
1291108260000,1291108319000,1.61765,1.61789,1.6175,1.61769,223400000,1
1291108320000,1291108379000,1.61784,1.61949,1.61775,1.61922,285700000,1
1291108380000,1291108439000,1.61922,1.61975,1.61916,1.61958,212300000,1
1291108440000,1291108499000,1.61945,1.62003,1.61927,1.61979,222800000,1
1291108500000,1291108559000,1.61984,1.62132,1.61974,1.62105,287000000,1
1291108560000,1291108619000,1.62094,1.62105,1.62033,1.62043,299200000,1
1291108620000,1291108679000,1.62047,1.6208,1.62016,1.62056,284600000,1
1291108680000,1291108739000,1.62051,1.62128,1.62047,1.62093,250500000,1
1291108740000,1291108799000,1.62084,1.62102,1.62029,1.62035,297300000,1
1291108800000,1291108859000,1.62035,1.62076,1.62002,1.62071,274400000,1
1291108860000,1291108919000,1.62071,1.62172,1.62063,1.62128,288300000,1
1291108920000,1291108979000,1.62135,1.62157,1.62097,1.62109,255700000,1
1291108980000,1291109039000,1.62109,1.62142,1.62017,1.6204,277800000,1
1291109040000,1291109099000,1.62033,1.62093,1.62018,1.6208,273500000,1
1291109100000,1291109159000,1.6208,1.62092,1.62016,1.62025,265200000,1
1291109160000,1291109219000,1.62023,1.62052,1.61984,1.62015,232400000,1
1291109220000,1291109279000,1.62015,1.62037,1.61993,1.62016,193900000,1
1291109280000,1291109339000,1.62021,1.62065,1.61978,1.61997,217700000,1
1291109340000,1291109399000,1.6199,1.62009,1.6194,1.61957,263300000,1
1291109400000,1291109459000,1.61946,1.6202,1.61946,1.61974,240000000,1
1291109460000,1291109519000,1.61974,1.6203,1.6196,1.62017,225600000,1
1291109520000,1291109579000,1.62014,1.62057,1.61974,1.62055,250500000,1
1291109580000,1291109639000,1.62048,1.6212,1.62046,1.62108,203300000,1
1291109640000,1291109699000,1.62108,1.62177,1.62092,1.62098,254200000,1
1291109700000,1291109759000,1.62106,1.62122,1.62048,1.62106,219600000,1
1291109760000,1291109819000,1.62114,1.62148,1.62089,1.62102,182800000,1
1291109820000,1291109879000,1.62106,1.62212,1.62069,1.62198,247900000,1
1291109880000,1291109939000,1.62198,1.62281,1.62164,1.62207,264300000,1
1291109940000,1291109999000,1.62203,1.62221,1.62184,1.62198,213600000,1
1291110000000,1291110059000,1.62205,1.6226,1.62203,1.62223,187800000,1
1291110060000,1291110119000,1.62223,1.62227,1.62183,1.62208,221500000,1
1291110120000,1291110179000,1.62208,1.62224,1.6213,1.6215,233600000,1
1291110180000,1291110239000,1.62145,1.62207,1.62092,1.62178,241900000,1
1291110240000,1291110299000,1.6217,1.62251,1.62169,1.6219,181000000,1
1291110300000,1291110359000,1.6219,1.6219,1.6207,1.62088,236100000,1
1291110360000,1291110419000,1.62088,1.62146,1.62067,1.62097,260600000,1
1291110420000,1291110479000,1.62096,1.62117,1.62007,1.62022,244600000,1
1291110480000,1291110539000,1.62019,1.62056,1.61976,1.62047,212600000,1
1291110540000,1291110599000,1.6203,1.62049,1.61959,1.61965,186000000,1
1291110600000,1291110659000,1.61963,1.62042,1.61961,1.62014,213900000,1
1291110660000,1291110719000,1.62007,1.62026,1.61974,1.61982,219600000,1
1291110720000,1291110779000,1.61982,1.62058,1.61981,1.62021,233000000,1
1291110780000,1291110839000,1.62026,1.62083,1.62018,1.62031,202600000,1
1291110840000,1291110899000,1.62038,1.62055,1.61993,1.62023,192300000,1
1291110900000,1291110959000,1.62023,1.62058,1.61996,1.62028,185200000,1
1291110960000,1291111019000,1.62029,1.62059,1.62022,1.62045,206700000,1
1291111020000,1291111079000,1.62045,1.62064,1.62009,1.62048,220500000,1
1291111080000,1291111139000,1.62058,1.62102,1.61994,1.62063,245400000,1
1291111140000,1291111199000,1.62071,1.62101,1.62039,1.62039,280500000,1
1291111200000,1291111259000,1.62046,1.62103,1.62014,1.62085,197600000,1
1291111260000,1291111319000,1.62086,1.62136,1.62047,1.62057,286700000,1
1291111320000,1291111379000,1.62067,1.62095,1.61931,1.61935,289500000,1
1291111380000,1291111439000,1.61943,1.61993,1.61916,1.61993,267700000,1
1291111440000,1291111499000,1.61997,1.62012,1.61922,1.61952,272400000,1
1291111500000,1291111559000,1.61951,1.61953,1.61899,1.61899,296600000,1
1291111560000,1291111619000,1.61899,1.61919,1.61837,1.61846,285900000,1
1291111620000,1291111679000,1.61845,1.61845,1.61773,1.61833,314400000,1
1291111680000,1291111739000,1.61837,1.61837,1.61785,1.61801,281900000,1
1291111740000,1291111799000,1.61801,1.61832,1.61717,1.61748,303300000,1
1291111800000,1291111859000,1.61748,1.61779,1.61718,1.61718,268900000,1
1291111860000,1291111919000,1.61715,1.61768,1.61683,1.61764,232000000,1
1291111920000,1291111979000,1.61758,1.61779,1.61732,1.6175,237900000,1
1291111980000,1291112039000,1.6175,1.61801,1.61749,1.61801,213800000,1
1291112040000,1291112099000,1.61801,1.61808,1.61748,1.61783,232900000,1
1291112100000,1291112159000,1.61783,1.61799,1.61757,1.61791,259000000,1
1291112160000,1291112219000,1.61791,1.61808,1.61725,1.61798,188500000,1
1291112220000,1291112279000,1.61798,1.61828,1.61792,1.61814,174000000,1
1291112280000,1291112339000,1.61814,1.61819,1.6179,1.61811,264000000,1
1291112340000,1291112399000,1.61811,1.61842,1.61798,1.61833,148800000,1
1291112400000,1291112459000,1.61836,1.61866,1.61834,1.61863,139800000,1
1291112460000,1291112519000,1.61862,1.61868,1.61821,1.61821,258200000,1
1291112520000,1291112579000,1.61821,1.61843,1.61806,1.61808,287700000,1
1291112580000,1291112639000,1.61815,1.61841,1.61791,1.61832,231300000,1
1291112640000,1291112699000,1.61832,1.61916,1.61826,1.61859,308200000,1
1291112700000,1291112759000,1.61857,1.61874,1.61809,1.61823,213300000,1
1291112760000,1291112819000,1.61823,1.61835,1.61764,1.61775,200200000,1
1291112820000,1291112879000,1.61775,1.61775,1.61736,1.61753,221200000,1
1291112880000,1291112939000,1.61761,1.61771,1.61667,1.61687,211400000,1
1291112940000,1291112999000,1.61691,1.61711,1.61647,1.61677,231000000,1
1291113000000,1291113059000,1.61676,1.61693,1.61637,1.61685,209300000,1
1291113060000,1291113119000,1.61663,1.61697,1.6161,1.61611,220600000,1
1291113120000,1291113179000,1.61611,1.61614,1.61565,1.6159,250600000,1
1291113180000,1291113239000,1.61587,1.6159,1.61539,1.61554,232700000,1
1291113240000,1291113299000,1.61539,1.61551,1.61453,1.61468,262100000,1
1291113300000,1291113359000,1.6147,1.61517,1.61432,1.61453,343500000,1
1291113360000,1291113419000,1.61453,1.61456,1.61417,1.61429,307200000,1
1291113420000,1291113479000,1.61436,1.61468,1.61428,1.61461,180200000,1
1291113480000,1291113539000,1.61461,1.61522,1.6144,1.61504,229800000,1
1291113540000,1291113599000,1.61504,1.61517,1.61472,1.61489,214400000,1
1291113600000,1291113659000,1.61489,1.61587,1.61471,1.61583,248000000,1
1291113660000,1291113719000,1.6159,1.6161,1.61563,1.61563,187200000,1
1291113720000,1291113779000,1.61563,1.61563,1.61476,1.61492,198400000,1
1291113780000,1291113839000,1.61492,1.61528,1.61492,1.61515,141400000,1
1291113840000,1291113899000,1.61515,1.61528,1.61406,1.61428,188900000,1
1291113900000,1291113959000,1.61426,1.61496,1.61419,1.61487,234000000,1
1291113960000,1291114019000,1.61487,1.61541,1.6146,1.61497,284400000,1
1291114020000,1291114079000,1.61511,1.61525,1.61485,1.6149,143100000,1
1291114080000,1291114139000,1.6149,1.61499,1.61453,1.6149,215100000,1
1291114140000,1291114199000,1.61494,1.61529,1.6146,1.61463,193200000,1
1291114200000,1291114259000,1.61461,1.61524,1.61453,1.61501,227800000,1
1291114260000,1291114319000,1.61501,1.61542,1.61487,1.61542,191100000,1
1291114320000,1291114379000,1.61542,1.61584,1.61542,1.61555,210600000,1
1291114380000,1291114439000,1.61555,1.61565,1.61498,1.61535,261700000,1
1291114440000,1291114499000,1.61551,1.61551,1.6147,1.6147,242200000,1
1291114500000,1291114559000,1.6147,1.61473,1.61445,1.61464,231500000,1
1291114560000,1291114619000,1.6146,1.61481,1.61443,1.61481,231500000,1
1291114620000,1291114679000,1.61486,1.61559,1.61485,1.61552,244000000,1
1291114680000,1291114739000,1.61544,1.6159,1.6152,1.61544,249500000,1
1291114740000,1291114799000,1.61544,1.61556,1.61511,1.6152,220800000,1
1291114800000,1291114859000,1.61515,1.61535,1.61489,1.61528,285600000,1
1291114860000,1291114919000,1.61527,1.61566,1.6152,1.61566,217500000,1
1291114920000,1291114979000,1.61566,1.61637,1.61555,1.61626,223500000,1
1291114980000,1291115039000,1.61626,1.61665,1.61592,1.61607,248500000,1
1291115040000,1291115099000,1.61616,1.6167,1.61616,1.61642,182600000,1
1291115100000,1291115159000,1.61642,1.61687,1.61621,1.61635,239700000,1
1291115160000,1291115219000,1.61626,1.61647,1.61591,1.61637,230700000,1
1291115220000,1291115279000,1.61644,1.61667,1.61603,1.61632,205900000,1
1291115280000,1291115339000,1.61629,1.61703,1.6162,1.61687,189000000,1
1291115340000,1291115399000,1.61677,1.61714,1.61645,1.61678,265300000,1
1291115400000,1291115459000,1.61677,1.61726,1.61663,1.61699,197500000,1
1291115460000,1291115519000,1.617,1.6172,1.6168,1.61697,220600000,1
1291115520000,1291115579000,1.61698,1.61744,1.6168,1.61697,257900000,1
1291115580000,1291115639000,1.61679,1.61712,1.61629,1.61691,212000000,1
1291115640000,1291115699000,1.61699,1.61723,1.61634,1.61723,260800000,1
1291115700000,1291115759000,1.61723,1.61757,1.61688,1.617,173000000,1
1291115760000,1291115819000,1.61715,1.61747,1.61679,1.61701,155100000,1
1291115820000,1291115879000,1.6169,1.61699,1.61634,1.61665,212600000,1
1291115880000,1291115939000,1.61665,1.61665,1.61587,1.6163,259100000,1
1291115940000,1291115999000,1.61632,1.61708,1.61631,1.61678,241100000,1
1291116000000,1291116059000,1.61673,1.61691,1.61589,1.61632,236300000,1
1291116060000,1291116119000,1.61632,1.61663,1.61611,1.61635,174200000,1
1291116120000,1291116179000,1.61645,1.61667,1.61624,1.6165,128600000,1
1291116180000,1291116239000,1.61659,1.61665,1.61613,1.61641,195500000,1
1291116240000,1291116299000,1.61654,1.61654,1.61621,1.61631,193000000,1
1291116300000,1291116359000,1.61623,1.61736,1.61623,1.6172,222400000,1
1291116360000,1291116419000,1.6172,1.61739,1.61645,1.61679,191200000,1
1291116420000,1291116479000,1.61677,1.61682,1.61632,1.61653,239100000,1
1291116480000,1291116539000,1.61652,1.61676,1.61646,1.61659,176200000,1
1291116540000,1291116599000,1.61665,1.61673,1.61639,1.61672,164700000,1
1291116600000,1291116659000,1.61674,1.61683,1.61627,1.61666,205400000,1
1291116660000,1291116719000,1.61666,1.61693,1.61652,1.61689,177600000,1
1291116720000,1291116779000,1.61694,1.61701,1.61637,1.6167,228700000,1
1291116780000,1291116839000,1.61661,1.61693,1.61608,1.61627,196700000,1
1291116840000,1291116899000,1.61627,1.61628,1.61553,1.61594,239100000,1
1291116900000,1291116959000,1.61599,1.61623,1.61573,1.61574,199900000,1
1291116960000,1291117019000,1.61576,1.61598,1.6156,1.61592,152400000,1
1291117020000,1291117079000,1.61601,1.6165,1.61569,1.61575,146500000,1
1291117080000,1291117139000,1.61575,1.61579,1.61536,1.61556,211500000,1
1291117140000,1291117199000,1.61556,1.61559,1.61508,1.61525,248000000,1
1291117200000,1291117259000,1.61528,1.61528,1.61482,1.6149,230100000,1
1291117260000,1291117319000,1.61492,1.61498,1.61451,1.61474,189300000,1
1291117320000,1291117379000,1.6147,1.61493,1.61457,1.61461,219000000,1
1291117380000,1291117439000,1.61473,1.61473,1.61418,1.61451,164500000,1
1291117440000,1291117499000,1.61447,1.61461,1.61402,1.6145,209900000,1
1291117500000,1291117559000,1.6145,1.6151,1.61438,1.61508,263400000,1
1291117560000,1291117619000,1.61508,1.61553,1.61494,1.61551,166100000,1
1291117620000,1291117679000,1.61551,1.61568,1.61513,1.61532,198900000,1
1291117680000,1291117739000,1.61532,1.61573,1.6152,1.61573,99000000,1
1291117740000,1291117799000,1.61573,1.61581,1.61498,1.61512,126100000,1
1291117800000,1291117859000,1.61512,1.61542,1.61476,1.61505,230100000,1
1291117860000,1291117919000,1.61501,1.61574,1.61495,1.61564,224900000,1
1291117920000,1291117979000,1.61564,1.61608,1.61545,1.6159,128000000,1
1291117980000,1291118039000,1.61599,1.61655,1.61569,1.61615,240800000,1
1291118040000,1291118099000,1.61615,1.61619,1.61521,1.61523,238900000,1
1291118100000,1291118159000,1.61507,1.61609,1.61504,1.6158,175900000,1
1291118160000,1291118219000,1.6158,1.61615,1.61569,1.61605,166300000,1
1291118220000,1291118279000,1.61599,1.61624,1.6158,1.61624,151800000,1
1291118280000,1291118339000,1.61624,1.61656,1.61607,1.61638,192700000,1
1291118340000,1291118399000,1.61638,1.61645,1.61561,1.61603,205600000,1
1291118400000,1291118459000,1.61603,1.61624,1.61584,1.616,206600000,1
1291118460000,1291118519000,1.6161,1.61641,1.61569,1.61636,209200000,1
1291118520000,1291118579000,1.61636,1.61674,1.61618,1.6166,218700000,1
1291118580000,1291118639000,1.61653,1.61738,1.61643,1.61737,217100000,1
1291118640000,1291118699000,1.61744,1.61788,1.61734,1.61788,209100000,1
1291118700000,1291118759000,1.61779,1.61857,1.61779,1.61824,240000000,1
1291118760000,1291118819000,1.61818,1.61818,1.61776,1.61781,190400000,1
1291118820000,1291118879000,1.61795,1.61885,1.61746,1.61876,240700000,1
1291118880000,1291118939000,1.61876,1.61959,1.61874,1.61945,203400000,1
1291118940000,1291118999000,1.61945,1.61963,1.61914,1.61923,193100000,1
1291119000000,1291119059000,1.61922,1.61956,1.61913,1.61954,196200000,1
1291119060000,1291119119000,1.61954,1.61959,1.61918,1.61927,146800000,1
1291119120000,1291119179000,1.61925,1.61946,1.61868,1.61868,222300000,1
1291119180000,1291119239000,1.61859,1.6187,1.61824,1.61831,167400000,1
1291119240000,1291119299000,1.6183,1.61836,1.61813,1.61813,140900000,1
1291119300000,1291119359000,1.61817,1.61874,1.61808,1.61866,170800000,1
1291119360000,1291119419000,1.61864,1.61909,1.61857,1.61909,141100000,1
1291119420000,1291119479000,1.61909,1.61919,1.61838,1.61838,157100000,1
1291119480000,1291119539000,1.61834,1.61865,1.6178,1.61832,158400000,1
1291119540000,1291119599000,1.61832,1.61861,1.61827,1.61854,131200000,1
1291119600000,1291119659000,1.61856,1.61896,1.6185,1.61875,146700000,1
1291119660000,1291119719000,1.61873,1.619,1.61861,1.61882,166300000,1
1291119720000,1291119779000,1.61882,1.61897,1.61858,1.6188,208400000,1
1291119780000,1291119839000,1.61897,1.619,1.6187,1.6189,197200000,1
1291119840000,1291119899000,1.61892,1.61954,1.61879,1.61918,216300000,1
1291119900000,1291119959000,1.61929,1.61966,1.61908,1.6195,184100000,1
1291119960000,1291120019000,1.61949,1.61975,1.61905,1.61908,187500000,1
1291120020000,1291120079000,1.61915,1.61934,1.61892,1.61912,228900000,1
1291120080000,1291120139000,1.61914,1.61914,1.61872,1.61878,170200000,1
1291120140000,1291120199000,1.61878,1.6191,1.61857,1.61895,163500000,1
1291120200000,1291120259000,1.61895,1.61903,1.61838,1.61853,251700000,1
1291120260000,1291120319000,1.61853,1.61896,1.61829,1.61851,200600000,1
1291120320000,1291120379000,1.61851,1.61896,1.61835,1.61896,220200000,1
1291120380000,1291120439000,1.61896,1.61932,1.61886,1.61895,283900000,1
1291120440000,1291120499000,1.61898,1.6201,1.61894,1.61982,178700000,1
1291120500000,1291120559000,1.61982,1.61997,1.61948,1.61976,175600000,1
1291120560000,1291120619000,1.61983,1.62009,1.61959,1.62004,149500000,1
1291120620000,1291120679000,1.61995,1.62007,1.61968,1.61987,192900000,1
1291120680000,1291120739000,1.6199,1.62015,1.61987,1.62001,156400000,1
1291120740000,1291120799000,1.62001,1.62028,1.61981,1.61993,137500000,1
1291120800000,1291120859000,1.61993,1.62052,1.61978,1.62031,200200000,1
1291120860000,1291120919000,1.62029,1.6204,1.62012,1.62039,156000000,1
1291120920000,1291120979000,1.62037,1.62049,1.61974,1.61983,192200000,1
1291120980000,1291121039000,1.61985,1.62005,1.61969,1.61981,148900000,1
1291121040000,1291121099000,1.6197,1.62007,1.61965,1.61984,241100000,1
1291121100000,1291121159000,1.61973,1.62024,1.61966,1.62008,242900000,1
1291121160000,1291121219000,1.62008,1.62094,1.61992,1.6206,215200000,1
1291121220000,1291121279000,1.6206,1.62113,1.6206,1.62113,187700000,1
1291121280000,1291121339000,1.62115,1.62137,1.62095,1.62112,213300000,1
1291121340000,1291121399000,1.62112,1.62129,1.62083,1.62102,181800000,1
1291121400000,1291121459000,1.62103,1.62168,1.62098,1.62139,217800000,1
1291121460000,1291121519000,1.62139,1.62172,1.62127,1.62142,256600000,1
1291121520000,1291121579000,1.62142,1.62205,1.62141,1.62189,192300000,1
1291121580000,1291121639000,1.62189,1.62293,1.62178,1.62279,250600000,1
1291121640000,1291121699000,1.62288,1.62295,1.62218,1.62228,212400000,1
1291121700000,1291121759000,1.6223,1.6223,1.62178,1.62193,147000000,1
1291121760000,1291121819000,1.6219,1.62267,1.62175,1.62231,262200000,1
1291121820000,1291121879000,1.62231,1.62245,1.62205,1.62231,181900000,1
1291121880000,1291121939000,1.62231,1.62278,1.62208,1.62275,202500000,1
1291121940000,1291121999000,1.62276,1.62292,1.62252,1.62271,167900000,1
1291122000000,1291122059000,1.62265,1.62267,1.62225,1.62228,185400000,1
1291122060000,1291122119000,1.62228,1.62333,1.62228,1.62307,237400000,1
1291122120000,1291122179000,1.6231,1.6234,1.62291,1.623,196700000,1
1291122180000,1291122239000,1.623,1.62306,1.62236,1.62236,203100000,1
1291122240000,1291122299000,1.62233,1.62239,1.62198,1.62199,182700000,1
1291122300000,1291122359000,1.62199,1.62203,1.62123,1.62123,279600000,1
1291122360000,1291122419000,1.62123,1.62126,1.62064,1.62084,192700000,1
1291122420000,1291122479000,1.62093,1.62114,1.62063,1.62084,200400000,1
1291122480000,1291122539000,1.62088,1.62136,1.62088,1.62136,163200000,1
1291122540000,1291122599000,1.6213,1.62149,1.62111,1.62111,179600000,1
1291122600000,1291122659000,1.62115,1.62124,1.62084,1.62089,199600000,1
1291122660000,1291122719000,1.62088,1.62176,1.62083,1.62158,261900000,1
1291122720000,1291122779000,1.62158,1.62176,1.62136,1.62155,235400000,1
1291122780000,1291122839000,1.62167,1.62249,1.62138,1.62243,312100000,1
1291122840000,1291122899000,1.62241,1.62315,1.62241,1.62285,343900000,1
1291122900000,1291122959000,1.62285,1.62293,1.62222,1.6224,258500000,1
1291122960000,1291123019000,1.6224,1.62364,1.62229,1.62354,342300000,1
1291123020000,1291123079000,1.62354,1.62381,1.6227,1.6228,259000000,1
1291123080000,1291123139000,1.62283,1.62432,1.62268,1.62394,253100000,1
1291123140000,1291123199000,1.624,1.624,1.62316,1.62343,339900000,1
1291123200000,1291123259000,1.62343,1.62402,1.62293,1.6238,297400000,1
1291123260000,1291123319000,1.62381,1.62406,1.62353,1.62353,230800000,1
1291123320000,1291123379000,1.62341,1.62379,1.62281,1.62359,249700000,1
1291123380000,1291123439000,1.62353,1.62385,1.62293,1.6231,228200000,1
1291123440000,1291123499000,1.62308,1.62356,1.62296,1.62326,219800000,1
1291123500000,1291123559000,1.62324,1.62324,1.62213,1.62219,251600000,1
1291123560000,1291123619000,1.62219,1.62231,1.62177,1.62208,226900000,1
1291123620000,1291123679000,1.62206,1.62238,1.62182,1.6221,240700000,1
1291123680000,1291123739000,1.6221,1.62242,1.62204,1.62204,245700000,1
1291123740000,1291123799000,1.62204,1.62229,1.62132,1.62151,260400000,1
1291123800000,1291123859000,1.62146,1.62261,1.62141,1.62254,277000000,1
1291123860000,1291123919000,1.62254,1.62379,1.62232,1.62354,298800000,1
1291123920000,1291123979000,1.62354,1.62357,1.62258,1.62303,303300000,1
1291123980000,1291124039000,1.62297,1.62369,1.6226,1.62307,242600000,1
1291124040000,1291124099000,1.62307,1.62336,1.62166,1.62171,311500000,1
1291124100000,1291124159000,1.62173,1.62247,1.62153,1.62165,305300000,1
1291124160000,1291124219000,1.62159,1.62234,1.6212,1.62129,300200000,1
1291124220000,1291124279000,1.62131,1.62165,1.62048,1.62072,293800000,1
1291124280000,1291124339000,1.62064,1.62085,1.62029,1.62079,298500000,1
1291124340000,1291124399000,1.62073,1.62073,1.61978,1.61988,262600000,1
1291124400000,1291124459000,1.61985,1.62045,1.61985,1.62025,275900000,1
1291124460000,1291124519000,1.62025,1.62063,1.62016,1.62016,277700000,1
1291124520000,1291124579000,1.62014,1.62026,1.61951,1.61983,277100000,1
1291124580000,1291124639000,1.61986,1.62031,1.61938,1.61953,300900000,1
1291124640000,1291124699000,1.6195,1.61965,1.61912,1.61931,235300000,1
1291124700000,1291124759000,1.61924,1.61945,1.61903,1.61907,270300000,1
1291124760000,1291124819000,1.61916,1.62024,1.61911,1.61995,274200000,1
1291124820000,1291124879000,1.61995,1.62015,1.61871,1.61872,285300000,1
1291124880000,1291124939000,1.61875,1.61879,1.61788,1.61869,267400000,1
1291124940000,1291124999000,1.61863,1.6196,1.61858,1.61959,236900000,1
1291125000000,1291125059000,1.61959,1.61986,1.61924,1.61929,186900000,1
1291125060000,1291125119000,1.61931,1.61955,1.61914,1.6192,248300000,1
1291125120000,1291125179000,1.6192,1.61955,1.6188,1.6195,242100000,1
1291125180000,1291125239000,1.6195,1.62021,1.61943,1.62011,176500000,1
1291125240000,1291125299000,1.62015,1.62051,1.61993,1.62045,199100000,1
1291125300000,1291125359000,1.62045,1.62108,1.62033,1.6204,219600000,1
1291125360000,1291125419000,1.62046,1.6209,1.62029,1.62031,196000000,1
1291125420000,1291125479000,1.62032,1.62103,1.62001,1.62042,229400000,1
1291125480000,1291125539000,1.62031,1.62031,1.61951,1.61967,208400000,1
1291125540000,1291125599000,1.61967,1.6199,1.61892,1.61908,157100000,1
1291125600000,1291125659000,1.61907,1.61974,1.61907,1.61968,200700000,1
1291125660000,1291125719000,1.61971,1.62008,1.61951,1.61961,340400000,1
1291125720000,1291125779000,1.61965,1.61971,1.61906,1.61915,207200000,1
1291125780000,1291125839000,1.61913,1.61932,1.61871,1.61875,191200000,1
1291125840000,1291125899000,1.61875,1.61886,1.61768,1.61785,226700000,1
1291125900000,1291125959000,1.61803,1.6187,1.61761,1.6187,212300000,1
1291125960000,1291126019000,1.6188,1.61906,1.61851,1.61869,229300000,1
1291126020000,1291126079000,1.61868,1.61914,1.61858,1.61902,197400000,1
1291126080000,1291126139000,1.61887,1.61903,1.61851,1.61867,215400000,1
1291126140000,1291126199000,1.61867,1.61883,1.61841,1.61857,218700000,1
1291126200000,1291126259000,1.61857,1.61906,1.61838,1.61899,242500000,1
1291126260000,1291126319000,1.61899,1.61911,1.61885,1.61891,221500000,1
1291126320000,1291126379000,1.61891,1.61892,1.61859,1.6187,141500000,1
1291126380000,1291126439000,1.6187,1.61891,1.61858,1.61883,159300000,1
1291126440000,1291126499000,1.6188,1.61912,1.61873,1.61904,145800000,1
1291126500000,1291126559000,1.61898,1.6191,1.61869,1.61891,218100000,1
1291126560000,1291126619000,1.61892,1.61968,1.61892,1.61932,242500000,1
1291126620000,1291126679000,1.61932,1.61949,1.61899,1.61899,250200000,1
1291126680000,1291126739000,1.61897,1.61923,1.61887,1.61896,231700000,1
1291126740000,1291126799000,1.61892,1.61918,1.61877,1.61902,203500000,1
1291126800000,1291126859000,1.61902,1.6194,1.61897,1.61929,170500000,1
1291126860000,1291126919000,1.61924,1.61967,1.6192,1.6192,222800000,1
1291126920000,1291126979000,1.6192,1.61941,1.61907,1.61935,218100000,1
1291126980000,1291127039000,1.61944,1.61956,1.61917,1.61922,163200000,1
1291127040000,1291127099000,1.61917,1.61965,1.61909,1.61951,194300000,1
1291127100000,1291127159000,1.61947,1.61962,1.61929,1.61936,179900000,1
1291127160000,1291127219000,1.61938,1.61954,1.61916,1.6192,140300000,1
1291127220000,1291127279000,1.61921,1.61939,1.61897,1.61916,240700000,1
1291127280000,1291127339000,1.61916,1.61933,1.61889,1.61904,206100000,1
1291127340000,1291127399000,1.61904,1.61938,1.61887,1.61927,211100000,1
1291127400000,1291127459000,1.61927,1.61955,1.61905,1.61954,233700000,1
1291127460000,1291127519000,1.61954,1.61988,1.6191,1.61913,194300000,1
1291127520000,1291127579000,1.61913,1.6193,1.61889,1.61902,180200000,1
1291127580000,1291127639000,1.61902,1.6193,1.61883,1.61908,221500000,1
1291127640000,1291127699000,1.61902,1.61939,1.61884,1.61904,216600000,1
1291127700000,1291127759000,1.61902,1.61966,1.61871,1.61954,293900000,1
1291127760000,1291127819000,1.61955,1.61998,1.61925,1.61962,259500000,1
1291127820000,1291127879000,1.61965,1.62011,1.61944,1.61972,218100000,1
1291127880000,1291127939000,1.61984,1.61994,1.61943,1.61943,265300000,1
1291127940000,1291127999000,1.61943,1.61974,1.61916,1.6193,234400000,1
1291128000000,1291128059000,1.61917,1.62019,1.61917,1.62001,259300000,1
1291128060000,1291128119000,1.62001,1.62012,1.61947,1.61959,279600000,1
1291128120000,1291128179000,1.61957,1.61957,1.61885,1.61899,346500000,1
1291128180000,1291128239000,1.61899,1.61968,1.61852,1.61856,235100000,1
1291128240000,1291128299000,1.6186,1.61912,1.61839,1.61845,204000000,1
1291128300000,1291128359000,1.61845,1.61958,1.61845,1.61903,243700000,1
1291128360000,1291128419000,1.61893,1.6193,1.61812,1.61812,326400000,1
1291128420000,1291128479000,1.61812,1.61887,1.6181,1.6185,326800000,1
1291128480000,1291128539000,1.6185,1.61877,1.61819,1.61836,270400000,1
1291128540000,1291128599000,1.61844,1.61903,1.61835,1.61895,267700000,1
1291128600000,1291128659000,1.61898,1.61914,1.6187,1.61881,244700000,1
1291128660000,1291128719000,1.61878,1.61924,1.6186,1.61924,188700000,1
1291128720000,1291128779000,1.61924,1.61945,1.61888,1.61908,253100000,1
1291128780000,1291128839000,1.61909,1.61941,1.61884,1.6192,240700000,1
1291128840000,1291128899000,1.61918,1.61927,1.61876,1.61882,206500000,1
1291128900000,1291128959000,1.61882,1.61933,1.61814,1.61814,255700000,1
1291128960000,1291129019000,1.61814,1.61854,1.61806,1.61822,256500000,1
1291129020000,1291129079000,1.61824,1.61848,1.61783,1.61789,222200000,1
1291129080000,1291129139000,1.61789,1.61793,1.61724,1.61741,260500000,1
1291129140000,1291129199000,1.61749,1.61819,1.61727,1.61732,184800000,1
1291129200000,1291129259000,1.61707,1.61771,1.61682,1.61711,238700000,1
1291129260000,1291129319000,1.61711,1.6172,1.61641,1.61649,203000000,1
1291129320000,1291129379000,1.61656,1.61697,1.6162,1.61672,239000000,1
1291129380000,1291129439000,1.61663,1.61673,1.61603,1.61666,251500000,1
1291129440000,1291129499000,1.61666,1.61805,1.61658,1.61777,275900000,1
1291129500000,1291129559000,1.61777,1.61843,1.61777,1.61808,245200000,1
1291129560000,1291129619000,1.6181,1.61857,1.61782,1.6183,255400000,1
1291129620000,1291129679000,1.6183,1.61833,1.61737,1.6175,269000000,1
1291129680000,1291129739000,1.6175,1.61765,1.61684,1.61684,227700000,1
1291129740000,1291129799000,1.61683,1.61764,1.61683,1.61747,258100000,1
1291129800000,1291129859000,1.61747,1.6179,1.61708,1.61758,344700000,1
1291129860000,1291129919000,1.61758,1.61834,1.61737,1.61831,305500000,1
1291129920000,1291129979000,1.61844,1.61844,1.61758,1.61766,232100000,1
1291129980000,1291130039000,1.61772,1.61786,1.61721,1.6175,245300000,1
1291130040000,1291130099000,1.61748,1.61748,1.61701,1.61716,212500000,1
1291130100000,1291130159000,1.61723,1.61742,1.61706,1.61707,245900000,1
1291130160000,1291130219000,1.61714,1.61724,1.61652,1.61655,191700000,1
1291130220000,1291130279000,1.6165,1.6169,1.61648,1.61669,244200000,1
1291130280000,1291130339000,1.61668,1.61709,1.61643,1.61658,241500000,1
1291130340000,1291130399000,1.61654,1.61692,1.61639,1.6168,247800000,1
1291130400000,1291130459000,1.61691,1.61733,1.61639,1.61639,269600000,1
1291130460000,1291130519000,1.61648,1.61681,1.61619,1.61643,359600000,1
1291130520000,1291130579000,1.61634,1.61647,1.61553,1.61577,304600000,1
1291130580000,1291130639000,1.61576,1.61597,1.61552,1.61573,225900000,1
1291130640000,1291130699000,1.61573,1.61585,1.6152,1.6155,274700000,1
1291130700000,1291130759000,1.61545,1.61582,1.61506,1.61556,301400000,1
1291130760000,1291130819000,1.61569,1.61575,1.61459,1.61504,255600000,1
1291130820000,1291130879000,1.61508,1.61532,1.61479,1.61485,290500000,1
1291130880000,1291130939000,1.61492,1.61567,1.61473,1.61533,228800000,1
1291130940000,1291130999000,1.61529,1.61541,1.61459,1.61536,260700000,1
1291131000000,1291131059000,1.61544,1.61626,1.61513,1.61607,258600000,1
1291131060000,1291131119000,1.61617,1.61696,1.61607,1.61696,226600000,1
1291131120000,1291131179000,1.61691,1.61733,1.61678,1.61707,223200000,1
1291131180000,1291131239000,1.61707,1.61713,1.61656,1.61658,185800000,1
1291131240000,1291131299000,1.61668,1.61699,1.61644,1.61694,237000000,1
1291131300000,1291131359000,1.61694,1.61698,1.61624,1.61642,214300000,1
1291131360000,1291131419000,1.61643,1.61644,1.6159,1.6164,242400000,1
1291131420000,1291131479000,1.61637,1.61656,1.61599,1.61632,227100000,1
1291131480000,1291131539000,1.61631,1.61685,1.61619,1.61663,239700000,1
1291131540000,1291131599000,1.61663,1.61708,1.61656,1.61677,207400000,1
1291131600000,1291131659000,1.61678,1.61725,1.61662,1.61709,257700000,1
1291131660000,1291131719000,1.61707,1.61802,1.61701,1.61788,267800000,1
1291131720000,1291131779000,1.61786,1.61815,1.61768,1.61805,250800000,1
1291131780000,1291131839000,1.61802,1.61874,1.61802,1.61832,236700000,1
1291131840000,1291131899000,1.61832,1.61894,1.61799,1.61867,261500000,1
1291131900000,1291131959000,1.61867,1.61943,1.61847,1.61936,222800000,1
1291131960000,1291132019000,1.61936,1.61999,1.61925,1.61988,229900000,1
1291132020000,1291132079000,1.61988,1.62022,1.61923,1.61927,252800000,1
1291132080000,1291132139000,1.61928,1.6204,1.61927,1.62018,278200000,1
1291132140000,1291132199000,1.62021,1.62037,1.61972,1.61987,174300000,1
1291132200000,1291132259000,1.61995,1.62066,1.6199,1.62052,228800000,1
1291132260000,1291132319000,1.62051,1.62076,1.62023,1.62046,247500000,1
1291132320000,1291132379000,1.62042,1.62102,1.6204,1.62052,266100000,1
1291132380000,1291132439000,1.62057,1.62103,1.62049,1.62094,232600000,1
1291132440000,1291132499000,1.62093,1.62147,1.62066,1.62135,267200000,1
1291132500000,1291132559000,1.62135,1.62166,1.621,1.62158,256600000,1
1291132560000,1291132619000,1.62151,1.62179,1.62106,1.62135,266000000,1
1291132620000,1291132679000,1.62142,1.62221,1.62113,1.6212,339800000,1
1291132680000,1291132739000,1.62115,1.62219,1.62092,1.62183,279400000,1
1291132740000,1291132799000,1.62186,1.6241,1.62176,1.62343,299100000,1
1291132800000,1291132859000,1.62351,1.62367,1.62298,1.62298,304900000,1
1291132860000,1291132919000,1.62299,1.62319,1.62267,1.62292,291400000,1
1291132920000,1291132979000,1.62303,1.62376,1.62291,1.62376,305800000,1
1291132980000,1291133039000,1.62378,1.62414,1.62363,1.62387,264200000,1
1291133040000,1291133099000,1.62415,1.62449,1.62348,1.62368,269100000,1
1291133100000,1291133159000,1.62368,1.62368,1.62239,1.62312,367500000,1
1291133160000,1291133219000,1.62314,1.62384,1.62302,1.62315,307800000,1
1291133220000,1291133279000,1.62309,1.62319,1.62248,1.62263,323900000,1
1291133280000,1291133339000,1.62262,1.6231,1.62213,1.62301,291100000,1
1291133340000,1291133399000,1.62304,1.62343,1.62258,1.62286,279700000,1
1291133400000,1291133459000,1.62286,1.623,1.62225,1.62291,297500000,1
1291133460000,1291133519000,1.62291,1.62312,1.62284,1.62294,193500000,1
1291133520000,1291133579000,1.62301,1.62308,1.62241,1.62269,276600000,1
1291133580000,1291133639000,1.62268,1.62295,1.62257,1.62285,268600000,1
1291133640000,1291133699000,1.62287,1.62331,1.62254,1.62277,301000000,1
1291133700000,1291133759000,1.62281,1.62362,1.62274,1.62341,207300000,1
1291133760000,1291133819000,1.62341,1.62352,1.62279,1.62279,225400000,1
1291133820000,1291133879000,1.62278,1.62314,1.62261,1.62295,222300000,1
1291133880000,1291133939000,1.62289,1.62308,1.62286,1.62287,179500000,1
1291133940000,1291133999000,1.62275,1.62292,1.62216,1.62292,327000000,1
1291134000000,1291134059000,1.62293,1.62334,1.62287,1.62326,260800000,1
1291134060000,1291134119000,1.62324,1.6233,1.62239,1.6227,287600000,1
1291134120000,1291134179000,1.62271,1.62312,1.6222,1.62298,261100000,1
1291134180000,1291134239000,1.62287,1.62291,1.6222,1.62233,201800000,1
1291134240000,1291134299000,1.62233,1.62294,1.6222,1.62286,201600000,1
1291134300000,1291134359000,1.62276,1.62291,1.62252,1.62252,220000000,1
1291134360000,1291134419000,1.62254,1.62275,1.62223,1.62251,193800000,1
1291134420000,1291134479000,1.62258,1.62263,1.62218,1.62218,238700000,1
1291134480000,1291134539000,1.62218,1.62225,1.62106,1.62106,345400000,1
1291134540000,1291134599000,1.62106,1.62159,1.62077,1.62122,214400000,1
1291134600000,1291134659000,1.62126,1.62206,1.6212,1.62182,212100000,1
1291134660000,1291134719000,1.6219,1.62238,1.62183,1.62232,184300000,1
1291134720000,1291134779000,1.62232,1.6225,1.62192,1.6225,187400000,1
1291134780000,1291134839000,1.6225,1.62266,1.62177,1.62198,148300000,1
1291134840000,1291134899000,1.62187,1.62227,1.62178,1.62217,152100000,1
1291134900000,1291134959000,1.62215,1.62267,1.62213,1.62237,196900000,1
1291134960000,1291135019000,1.62236,1.62237,1.62157,1.62157,187200000,1
1291135020000,1291135079000,1.62157,1.62242,1.62153,1.62179,179400000,1
1291135080000,1291135139000,1.62194,1.6224,1.62193,1.6221,215400000,1
1291135140000,1291135199000,1.6221,1.62237,1.62196,1.62212,194800000,1
1291135200000,1291135259000,1.62213,1.62259,1.62208,1.62259,192400000,1
1291135260000,1291135319000,1.62265,1.62265,1.62136,1.62158,234700000,1
1291135320000,1291135379000,1.6215,1.62217,1.62146,1.62217,127300000,1
1291135380000,1291135439000,1.62222,1.62222,1.62166,1.62171,144900000,1
1291135440000,1291135499000,1.62168,1.62194,1.62148,1.62194,174200000,1
1291135500000,1291135559000,1.62186,1.6222,1.62173,1.62183,270500000,1
1291135560000,1291135619000,1.62182,1.62194,1.62148,1.62174,183800000,1
1291135620000,1291135679000,1.62168,1.62174,1.62131,1.62137,184200000,1
1291135680000,1291135739000,1.62152,1.6216,1.62118,1.6216,183900000,1
1291135740000,1291135799000,1.62164,1.62165,1.62128,1.62148,162800000,1
1291135800000,1291135859000,1.62138,1.62194,1.62138,1.6218,184200000,1
1291135860000,1291135919000,1.62188,1.62217,1.62179,1.62179,181800000,1
1291135920000,1291135979000,1.62179,1.62215,1.62156,1.622,229400000,1
1291135980000,1291136039000,1.62203,1.62208,1.62149,1.62171,230500000,1
1291136040000,1291136099000,1.62166,1.62201,1.62164,1.62168,182200000,1
1291136100000,1291136159000,1.62171,1.62209,1.62171,1.62189,241600000,1
1291136160000,1291136219000,1.62189,1.62204,1.62152,1.62163,217000000,1
1291136220000,1291136279000,1.62162,1.62173,1.62091,1.62098,333100000,1
1291136280000,1291136339000,1.62098,1.62127,1.62078,1.62091,307500000,1
1291136340000,1291136399000,1.62087,1.6214,1.62087,1.62136,175900000,1
1291136400000,1291136459000,1.62134,1.62156,1.6207,1.62081,235500000,1
1291136460000,1291136519000,1.62081,1.6209,1.62048,1.62058,262800000,1
1291136520000,1291136579000,1.62066,1.62069,1.62026,1.62026,170200000,1
1291136580000,1291136639000,1.62029,1.62097,1.62028,1.6206,167500000,1
1291136640000,1291136699000,1.6206,1.62078,1.62018,1.62065,181400000,1
1291136700000,1291136759000,1.62065,1.62087,1.62032,1.62041,198200000,1
1291136760000,1291136819000,1.62052,1.6208,1.62046,1.62076,163000000,1
1291136820000,1291136879000,1.62076,1.62083,1.62019,1.62025,271400000,1
1291136880000,1291136939000,1.62027,1.62094,1.61995,1.62064,249300000,1
1291136940000,1291136999000,1.62064,1.62109,1.62058,1.62061,182400000,1
1291137000000,1291137059000,1.62063,1.62085,1.62028,1.62081,304700000,1
1291137060000,1291137119000,1.62081,1.62083,1.62048,1.62068,200600000,1
1291137120000,1291137179000,1.62074,1.62074,1.62039,1.62057,255500000,1
1291137180000,1291137239000,1.62047,1.6208,1.6203,1.62053,285200000,1
1291137240000,1291137299000,1.62053,1.621,1.62053,1.62099,275400000,1
1291137300000,1291137359000,1.62109,1.62145,1.62085,1.62122,193300000,1
1291137360000,1291137419000,1.62126,1.62126,1.62076,1.62085,211700000,1
1291137420000,1291137479000,1.62086,1.62137,1.62086,1.62099,164600000,1
1291137480000,1291137539000,1.62099,1.62178,1.62086,1.62171,151200000,1
1291137540000,1291137599000,1.62171,1.62217,1.62156,1.62169,166600000,1
1291137600000,1291137659000,1.62169,1.62201,1.62147,1.62159,307000000,1
1291137660000,1291137719000,1.62151,1.62194,1.62151,1.62161,179500000,1
1291137720000,1291137779000,1.62161,1.62216,1.62156,1.62183,186500000,1
1291137780000,1291137839000,1.62183,1.62184,1.62148,1.62151,177400000,1
1291137840000,1291137899000,1.62151,1.62194,1.62146,1.6216,102300000,1
1291137900000,1291137959000,1.6216,1.62206,1.62144,1.62191,110500000,1
1291137960000,1291138019000,1.62196,1.62215,1.62179,1.62179,122800000,1
1291138020000,1291138079000,1.6218,1.62225,1.62163,1.62201,177800000,1
1291138080000,1291138139000,1.62211,1.62213,1.62183,1.62213,279400000,1
1291138140000,1291138199000,1.62213,1.62219,1.62177,1.62196,238500000,1
1291138200000,1291138259000,1.62197,1.62197,1.62174,1.6219,135600000,1
1291138260000,1291138319000,1.6219,1.62198,1.62121,1.62122,213300000,1
1291138320000,1291138379000,1.62122,1.622,1.62122,1.62191,194800000,1
1291138380000,1291138439000,1.62195,1.62195,1.62161,1.62175,141400000,1
1291138440000,1291138499000,1.62176,1.62201,1.62161,1.62185,124200000,1
1291138500000,1291138559000,1.62187,1.62192,1.62137,1.6214,206400000,1
1291138560000,1291138619000,1.6214,1.62223,1.62133,1.62214,234000000,1
1291138620000,1291138679000,1.62213,1.62227,1.62174,1.62214,249900000,1
1291138680000,1291138739000,1.6221,1.6221,1.62146,1.62146,143500000,1
1291138740000,1291138799000,1.62145,1.62183,1.6214,1.62162,124600000,1
1291138800000,1291138859000,1.62162,1.62213,1.62162,1.62186,182000000,1
1291138860000,1291138919000,1.62186,1.622,1.62172,1.62192,115200000,1
1291138920000,1291138979000,1.62197,1.62213,1.62175,1.62192,189400000,1
1291138980000,1291139039000,1.62192,1.62192,1.62152,1.62153,115200000,1
1291139040000,1291139099000,1.62153,1.62154,1.62135,1.62154,133200000,1
1291139100000,1291139159000,1.62154,1.62154,1.62132,1.62146,203100000,1
1291139160000,1291139219000,1.62142,1.62164,1.62121,1.62121,209800000,1
1291139220000,1291139279000,1.62111,1.62111,1.62083,1.62087,203400000,1
1291139280000,1291139339000,1.62087,1.62097,1.62068,1.62075,218800000,1
1291139340000,1291139399000,1.62075,1.62121,1.6206,1.62118,283900000,1
1291139400000,1291139459000,1.62116,1.62136,1.62102,1.62128,143200000,1
1291139460000,1291139519000,1.62132,1.62153,1.62123,1.62151,173800000,1
1291139520000,1291139579000,1.62153,1.62173,1.62143,1.62162,209000000,1
1291139580000,1291139639000,1.62163,1.6222,1.62163,1.62196,173600000,1
1291139640000,1291139699000,1.62197,1.62198,1.62169,1.62183,190100000,1
1291139700000,1291139759000,1.62183,1.6222,1.6218,1.62192,133400000,1
1291139760000,1291139819000,1.62185,1.62185,1.62153,1.62155,131000000,1
1291139820000,1291139879000,1.62157,1.62157,1.62102,1.62107,178400000,1
1291139880000,1291139939000,1.62107,1.62123,1.62092,1.62112,206700000,1
1291139940000,1291139999000,1.62122,1.62221,1.62118,1.62221,175600000,1
1291140000000,1291140059000,1.62216,1.62257,1.62187,1.62204,234000000,1
1291140060000,1291140119000,1.62203,1.62249,1.6219,1.62207,215400000,1
1291140120000,1291140179000,1.62197,1.62197,1.62132,1.62137,225900000,1
1291140180000,1291140239000,1.62134,1.62147,1.62046,1.62063,211100000,1
1291140240000,1291140299000,1.62063,1.62077,1.62037,1.62057,202700000,1
1291140300000,1291140359000,1.62051,1.62085,1.62051,1.62066,193700000,1
1291140360000,1291140419000,1.62066,1.62118,1.62049,1.62065,141000000,1
1291140420000,1291140479000,1.62062,1.62074,1.62036,1.62062,168500000,1
1291140480000,1291140539000,1.62072,1.62072,1.62008,1.62033,226600000,1
1291140540000,1291140599000,1.62024,1.62047,1.62005,1.62047,161700000,1
1291140600000,1291140659000,1.62047,1.62109,1.62031,1.62089,204200000,1
1291140660000,1291140719000,1.62089,1.62125,1.6208,1.62121,193300000,1
1291140720000,1291140779000,1.62121,1.62143,1.62107,1.62138,139300000,1
1291140780000,1291140839000,1.62134,1.62144,1.62108,1.62117,248200000,1
1291140840000,1291140899000,1.62117,1.6214,1.62107,1.62125,161100000,1
1291140900000,1291140959000,1.62122,1.62131,1.62096,1.62107,174800000,1
1291140960000,1291141019000,1.62108,1.62122,1.62093,1.62114,120800000,1
1291141020000,1291141079000,1.62114,1.62133,1.62102,1.62111,144600000,1
1291141080000,1291141139000,1.62111,1.6213,1.62087,1.62098,135700000,1
1291141140000,1291141199000,1.62098,1.62122,1.62092,1.62107,97900000,1
1291141200000,1291141259000,1.62107,1.62122,1.62043,1.62047,193000000,1
1291141260000,1291141319000,1.62047,1.62053,1.62023,1.62023,167800000,1
1291141320000,1291141379000,1.62024,1.62054,1.62014,1.6204,222600000,1
1291141380000,1291141439000,1.6204,1.6204,1.61979,1.61987,190900000,1
1291141440000,1291141499000,1.61995,1.6201,1.61984,1.6199,152700000,1
1291141500000,1291141559000,1.62,1.62,1.61938,1.61943,196900000,1
1291141560000,1291141619000,1.61943,1.61971,1.6194,1.61971,208500000,1
1291141620000,1291141679000,1.61971,1.6199,1.61965,1.61987,149400000,1
1291141680000,1291141739000,1.61987,1.61999,1.6197,1.61973,211000000,1
1291141740000,1291141799000,1.61978,1.62012,1.6195,1.61958,153500000,1
1291141800000,1291141859000,1.61958,1.61981,1.61956,1.61967,162700000,1
1291141860000,1291141919000,1.61969,1.61995,1.61967,1.61976,128500000,1
1291141920000,1291141979000,1.61977,1.62005,1.61974,1.61978,192000000,1
1291141980000,1291142039000,1.61978,1.61989,1.61958,1.61958,144800000,1
1291142040000,1291142099000,1.61958,1.61982,1.61937,1.61937,137900000,1
1291142100000,1291142159000,1.6193,1.6195,1.61908,1.61942,257800000,1
1291142160000,1291142219000,1.61939,1.61968,1.61933,1.61951,187100000,1
1291142220000,1291142279000,1.61951,1.61968,1.61933,1.61964,135800000,1
1291142280000,1291142339000,1.61964,1.61964,1.61932,1.6194,155300000,1
1291142340000,1291142399000,1.6194,1.61958,1.61934,1.61939,111300000,1
1291142400000,1291142459000,1.61939,1.61963,1.61928,1.61931,192200000,1
1291142460000,1291142519000,1.61936,1.6194,1.61903,1.61927,178800000,1
1291142520000,1291142579000,1.61935,1.62037,1.61928,1.62033,253700000,1
1291142580000,1291142639000,1.62034,1.62052,1.61999,1.62017,252000000,1
1291142640000,1291142699000,1.62019,1.62019,1.61987,1.61996,275000000,1
1291142700000,1291142759000,1.61996,1.62001,1.61927,1.61957,246800000,1
1291142760000,1291142819000,1.61957,1.61998,1.61937,1.61982,212200000,1
1291142820000,1291142879000,1.61982,1.6201,1.61964,1.61968,184300000,1
1291142880000,1291142939000,1.61968,1.61979,1.61936,1.61945,167900000,1
1291142940000,1291142999000,1.61945,1.61977,1.6193,1.61962,223700000,1
1291143000000,1291143059000,1.61955,1.62003,1.61954,1.61977,293100000,1
1291143060000,1291143119000,1.61977,1.61983,1.6193,1.6193,134100000,1
1291143120000,1291143179000,1.6193,1.6195,1.61908,1.61932,198400000,1
1291143180000,1291143239000,1.61932,1.61965,1.61921,1.61926,230500000,1
1291143240000,1291143299000,1.61927,1.6196,1.61895,1.61906,138800000,1
1291143300000,1291143359000,1.61915,1.61917,1.61898,1.61916,149600000,1
1291143360000,1291143419000,1.61916,1.61961,1.61916,1.61951,221900000,1
1291143420000,1291143479000,1.61954,1.61981,1.61951,1.61977,186700000,1
1291143480000,1291143539000,1.61965,1.61987,1.61947,1.61949,158200000,1
1291143540000,1291143599000,1.61947,1.61953,1.6192,1.61941,141600000,1
1291143600000,1291143659000,1.61939,1.61939,1.61879,1.61899,244600000,1
1291143660000,1291143719000,1.61898,1.61928,1.61851,1.61907,219500000,1
1291143720000,1291143779000,1.61902,1.61922,1.61875,1.61904,130500000,1
1291143780000,1291143839000,1.61905,1.61969,1.61904,1.61968,196400000,1
1291143840000,1291143899000,1.61965,1.61975,1.61934,1.6195,179400000,1
1291143900000,1291143959000,1.61949,1.61971,1.61935,1.61963,136100000,1
1291143960000,1291144019000,1.61963,1.61975,1.61947,1.61959,149100000,1
1291144020000,1291144079000,1.61962,1.61969,1.61891,1.61907,179900000,1
1291144080000,1291144139000,1.61907,1.61933,1.61888,1.61888,194900000,1
1291144140000,1291144199000,1.61888,1.61917,1.61884,1.61917,126700000,1
1291144200000,1291144259000,1.61918,1.61927,1.61907,1.61916,155800000,1
1291144260000,1291144319000,1.61916,1.61949,1.6191,1.6192,281000000,1
1291144320000,1291144379000,1.61921,1.61975,1.61912,1.6193,197300000,1
1291144380000,1291144439000,1.6193,1.6196,1.61924,1.61933,168400000,1
1291144440000,1291144499000,1.61932,1.61962,1.61928,1.61958,114400000,1
1291144500000,1291144559000,1.61958,1.61993,1.61949,1.61993,187600000,1
1291144560000,1291144619000,1.61993,1.62079,1.61993,1.62031,240200000,1
1291144620000,1291144679000,1.62031,1.62075,1.62022,1.62052,175000000,1
1291144680000,1291144739000,1.62052,1.62056,1.62017,1.62017,195600000,1
1291144740000,1291144799000,1.62017,1.62067,1.62006,1.62033,177900000,1
1291144800000,1291144859000,1.62033,1.62047,1.62015,1.62022,135500000,1
1291144860000,1291144919000,1.62029,1.62029,1.61986,1.61995,145100000,1
1291144920000,1291144979000,1.61995,1.62018,1.61991,1.62,78300000,1
1291144980000,1291145039000,1.62,1.62043,1.62,1.62021,107500000,1
1291145040000,1291145099000,1.62021,1.62081,1.62009,1.62073,213700000,1
1291145100000,1291145159000,1.62082,1.62094,1.6205,1.62056,203100000,1
1291145160000,1291145219000,1.62051,1.62132,1.62038,1.62108,175500000,1
1291145220000,1291145279000,1.62127,1.62127,1.62076,1.62115,172400000,1
1291145280000,1291145339000,1.62123,1.6217,1.62123,1.6216,223400000,1
1291145340000,1291145399000,1.62153,1.62171,1.621,1.62105,215000000,1
1291145400000,1291145459000,1.62104,1.62177,1.62099,1.62169,171500000,1
1291145460000,1291145519000,1.62169,1.62194,1.62152,1.62167,144400000,1
1291145520000,1291145579000,1.6217,1.62178,1.62123,1.62171,173400000,1
1291145580000,1291145639000,1.62168,1.6218,1.62148,1.62153,125400000,1
1291145640000,1291145699000,1.62162,1.62227,1.62162,1.6222,105700000,1
1291145700000,1291145759000,1.6222,1.62233,1.62191,1.62198,178600000,1
1291145760000,1291145819000,1.62194,1.6225,1.62194,1.62222,120100000,1
1291145820000,1291145879000,1.62222,1.62224,1.62158,1.62166,139800000,1
1291145880000,1291145939000,1.62159,1.62171,1.62153,1.62163,85200000,1
1291145940000,1291145999000,1.62163,1.62199,1.62163,1.62184,146500000,1
1291146000000,1291146059000,1.62194,1.62194,1.62177,1.62177,167400000,1
1291146060000,1291146119000,1.62177,1.62212,1.62159,1.62166,136400000,1
1291146120000,1291146179000,1.62159,1.62182,1.62155,1.62158,114700000,1
1291146180000,1291146239000,1.62157,1.62191,1.62147,1.62177,142400000,1
1291146240000,1291146299000,1.62175,1.62226,1.6217,1.62191,148200000,1
1291146300000,1291146359000,1.62191,1.62201,1.62161,1.62179,75500000,1
1291146360000,1291146419000,1.62178,1.62186,1.62145,1.62152,179400000,1
1291146420000,1291146479000,1.62151,1.62163,1.62123,1.62144,157800000,1
1291146480000,1291146539000,1.62144,1.62181,1.62137,1.62172,160700000,1
1291146540000,1291146599000,1.62172,1.62224,1.62172,1.62206,87900000,1
1291146600000,1291146659000,1.62206,1.62239,1.62206,1.62239,71800000,1
1291146660000,1291146719000,1.62239,1.62242,1.62208,1.6224,95800000,1
1291146720000,1291146779000,1.62242,1.62242,1.62193,1.62207,122000000,1
1291146780000,1291146839000,1.62202,1.62206,1.62148,1.62163,152400000,1
1291146840000,1291146899000,1.62165,1.62186,1.62129,1.6213,149000000,1
1291146900000,1291146959000,1.6213,1.62131,1.62076,1.62083,214300000,1
1291146960000,1291147019000,1.62088,1.62111,1.62067,1.62069,148000000,1
1291147020000,1291147079000,1.62072,1.62124,1.62072,1.62106,135700000,1
1291147080000,1291147139000,1.62101,1.62138,1.62087,1.62096,134400000,1
1291147140000,1291147199000,1.62097,1.62128,1.62072,1.62084,243900000,1
1291147200000,1291147259000,1.62081,1.6211,1.6208,1.62097,137500000,1
1291147260000,1291147319000,1.62097,1.62129,1.62075,1.62075,211100000,1
1291147320000,1291147379000,1.62075,1.62079,1.62039,1.62061,191900000,1
1291147380000,1291147439000,1.62061,1.62072,1.62044,1.62061,132300000,1
1291147440000,1291147499000,1.62061,1.62064,1.62024,1.62035,123100000,1
1291147500000,1291147559000,1.62035,1.62122,1.62031,1.62112,163300000,1
1291147560000,1291147619000,1.62112,1.62122,1.62081,1.62099,199000000,1
1291147620000,1291147679000,1.6211,1.62126,1.62077,1.62082,120100000,1
1291147680000,1291147739000,1.62081,1.62095,1.62034,1.6205,122900000,1
1291147740000,1291147799000,1.62058,1.6208,1.62058,1.6208,113800000,1
1291147800000,1291147859000,1.62085,1.62097,1.62065,1.62075,165200000,1
1291147860000,1291147919000,1.6208,1.62104,1.62078,1.62094,124300000,1
1291147920000,1291147979000,1.62094,1.62122,1.62087,1.62094,90400000,1
1291147980000,1291148039000,1.62094,1.62094,1.62031,1.62036,167400000,1
1291148040000,1291148099000,1.62037,1.62039,1.62017,1.62025,56600000,1
1291148100000,1291148159000,1.62025,1.62047,1.62017,1.62017,121800000,1
1291148160000,1291148219000,1.62016,1.62037,1.62012,1.62027,126500000,1
1291148220000,1291148279000,1.62036,1.62043,1.62017,1.6202,84700000,1
1291148280000,1291148339000,1.6202,1.62024,1.62005,1.62005,80500000,1
1291148340000,1291148399000,1.62005,1.62005,1.61913,1.61927,141600000,1
1291148400000,1291148459000,1.61928,1.61953,1.61924,1.61928,138200000,1
1291148460000,1291148519000,1.61928,1.6194,1.61912,1.61924,124100000,1
1291148520000,1291148579000,1.61924,1.61924,1.61858,1.61879,116700000,1
1291148580000,1291148639000,1.61872,1.61892,1.61856,1.61876,231400000,1
1291148640000,1291148699000,1.61876,1.61923,1.61876,1.61902,219700000,1
1291148700000,1291148759000,1.61899,1.61942,1.61898,1.61928,152300000,1
1291148760000,1291148819000,1.61927,1.61939,1.61906,1.61908,190100000,1
1291148820000,1291148879000,1.61908,1.61946,1.61908,1.61935,147100000,1
1291148880000,1291148939000,1.61935,1.61953,1.61923,1.61946,140300000,1
1291148940000,1291148999000,1.61946,1.61954,1.6192,1.61925,168600000,1
1291149000000,1291149059000,1.61922,1.6194,1.61915,1.61932,139800000,1
1291149060000,1291149119000,1.61924,1.61945,1.61915,1.61928,92200000,1
1291149120000,1291149179000,1.61928,1.61933,1.61922,1.61924,52600000,1
1291149180000,1291149239000,1.61924,1.61947,1.61901,1.61908,104100000,1
1291149240000,1291149299000,1.61892,1.61967,1.61892,1.61966,196300000,1
1291149300000,1291149359000,1.61966,1.6197,1.61944,1.61949,86700000,1
1291149360000,1291149419000,1.61946,1.61962,1.61932,1.61932,53400000,1
1291149420000,1291149479000,1.61932,1.61957,1.61912,1.61928,145400000,1
1291149480000,1291149539000,1.61922,1.61938,1.61899,1.6191,199000000,1
1291149540000,1291149599000,1.61916,1.61983,1.61912,1.61959,164900000,1
1291149600000,1291149659000,1.61962,1.61986,1.61956,1.61963,188900000,1
1291149660000,1291149719000,1.61965,1.62022,1.61965,1.62005,143700000,1
1291149720000,1291149779000,1.62012,1.62055,1.62011,1.62055,185200000,1
1291149780000,1291149839000,1.62055,1.62091,1.62045,1.62067,228900000,1
1291149840000,1291149899000,1.62073,1.62073,1.62024,1.62033,209400000,1
1291149900000,1291149959000,1.62033,1.62069,1.6203,1.62058,230200000,1
1291149960000,1291150019000,1.62063,1.6209,1.62052,1.62081,203200000,1
1291150020000,1291150079000,1.62081,1.62171,1.62081,1.62147,146900000,1
1291150080000,1291150139000,1.62153,1.62171,1.62135,1.62171,164100000,1
1291150140000,1291150199000,1.62153,1.62162,1.62144,1.6215,173800000,1
1291150200000,1291150259000,1.62147,1.62182,1.62147,1.62167,229400000,1
1291150260000,1291150319000,1.62167,1.62186,1.62127,1.62127,225900000,1
1291150320000,1291150379000,1.62127,1.62166,1.62122,1.62122,235400000,1
1291150380000,1291150439000,1.62118,1.62139,1.62095,1.62123,253000000,1
1291150440000,1291150499000,1.62118,1.62165,1.62113,1.62144,212800000,1
1291150500000,1291150559000,1.62158,1.62179,1.62132,1.62164,188700000,1
1291150560000,1291150619000,1.62164,1.62178,1.62125,1.62127,213000000,1
1291150620000,1291150679000,1.62132,1.62152,1.62103,1.62103,261400000,1
1291150680000,1291150739000,1.62096,1.62233,1.62093,1.62233,310900000,1
1291150740000,1291150799000,1.62231,1.62258,1.62199,1.62226,360900000,1
1291150800000,1291150859000,1.62226,1.62267,1.62196,1.62237,324400000,1
1291150860000,1291150919000,1.6224,1.62252,1.62198,1.62206,175800000,1
1291150920000,1291150979000,1.62206,1.62218,1.62149,1.62198,338800000,1
1291150980000,1291151039000,1.62201,1.62204,1.62124,1.62168,259200000,1
1291151040000,1291151099000,1.62168,1.62241,1.62149,1.62149,228400000,1
1291151100000,1291151159000,1.6215,1.62232,1.62142,1.6221,153800000,1
1291151160000,1291151219000,1.62212,1.62234,1.6219,1.62211,139100000,1
1291151220000,1291151279000,1.62211,1.62226,1.622,1.62201,122100000,1
1291151280000,1291151339000,1.62201,1.62225,1.62195,1.62196,59200000,1
1291151340000,1291151399000,1.62196,1.622,1.62172,1.622,130100000,1
1291151400000,1291151459000,1.622,1.62288,1.62194,1.62288,99900000,1
1291151460000,1291151519000,1.62288,1.62329,1.62279,1.62321,95500000,1
1291151520000,1291151579000,1.62334,1.62345,1.62321,1.62322,70400000,1
1291151580000,1291151639000,1.62332,1.6234,1.62267,1.62268,148300000,1
1291151640000,1291151699000,1.62266,1.62304,1.62218,1.62304,273600000,1
1291151700000,1291151759000,1.62296,1.62327,1.62294,1.62324,122100000,1
1291151760000,1291151819000,1.62324,1.62357,1.62312,1.62349,108600000,1
1291151820000,1291151879000,1.62356,1.62356,1.6232,1.6234,81700000,1
1291151880000,1291151939000,1.6234,1.62353,1.62292,1.623,99800000,1
1291151940000,1291151999000,1.62303,1.62303,1.6225,1.62288,98700000,1
1291152000000,1291152059000,1.62284,1.62305,1.62242,1.62253,132400000,1
1291152060000,1291152119000,1.62266,1.62273,1.62249,1.6225,100500000,1
1291152120000,1291152179000,1.62253,1.62268,1.62247,1.62247,61100000,1
1291152180000,1291152239000,1.62247,1.62259,1.62244,1.62258,53800000,1
1291152240000,1291152299000,1.62254,1.62271,1.62252,1.6226,10500000,1
1291152300000,1291152359000,1.62258,1.62258,1.62222,1.62224,84700000,1
1291152360000,1291152419000,1.62224,1.62224,1.62206,1.62209,87800000,1
1291152420000,1291152479000,1.62218,1.62237,1.62209,1.62233,43500000,1
1291152480000,1291152539000,1.62233,1.62258,1.6223,1.62247,66700000,1
1291152540000,1291152599000,1.62247,1.62247,1.6219,1.622,107500000,1
1291152600000,1291152659000,1.62201,1.62236,1.62171,1.62236,195500000,1
1291152660000,1291152719000,1.62236,1.62246,1.62235,1.62246,35700000,1
1291152720000,1291152779000,1.62246,1.62252,1.62171,1.62202,86400000,1
1291152780000,1291152839000,1.62202,1.62207,1.62183,1.62192,16300000,1
1291152840000,1291152899000,1.62191,1.62234,1.62191,1.62234,31900000,1
1291152900000,1291152959000,1.62234,1.6225,1.62234,1.62249,74600000,1
1291152960000,1291153019000,1.62248,1.6225,1.62226,1.62226,67300000,1
1291153020000,1291153079000,1.62227,1.62234,1.62227,1.62233,12200000,1
1291153080000,1291153139000,1.62235,1.62243,1.62231,1.62231,64900000,1
1291153140000,1291153199000,1.62231,1.62252,1.62226,1.6224,132400000,1
1291153200000,1291153259000,1.6224,1.6224,1.62179,1.62198,55800000,1
1291153260000,1291153319000,1.62189,1.62207,1.6218,1.62197,96700000,1
1291153320000,1291153379000,1.62196,1.62211,1.62196,1.62198,68100000,1
1291153380000,1291153439000,1.62198,1.62257,1.62198,1.62224,66900000,1
1291153440000,1291153499000,1.62228,1.62235,1.62218,1.62218,45500000,1
1291153500000,1291153559000,1.62218,1.62251,1.62218,1.62233,68100000,1
1291153560000,1291153619000,1.62233,1.62233,1.62174,1.62212,78300000,1
1291153620000,1291153679000,1.62212,1.6222,1.62212,1.62218,40300000,1
1291153680000,1291153739000,1.62217,1.62223,1.62213,1.62213,22600000,1
1291153740000,1291153799000,1.62217,1.62223,1.62206,1.62206,47100000,1
1291153800000,1291153859000,1.62206,1.62218,1.62193,1.62218,44600000,1
1291153860000,1291153919000,1.62218,1.62225,1.62217,1.62225,9200000,1
1291153920000,1291153979000,1.62225,1.6224,1.62224,1.6224,20800000,1
1291153980000,1291154039000,1.6224,1.62248,1.62233,1.62246,60200000,1
1291154040000,1291154099000,1.62246,1.62257,1.62246,1.62257,35900000,1
1291154100000,1291154159000,1.62257,1.62265,1.62241,1.62265,45200000,1
1291154160000,1291154219000,1.62265,1.62275,1.62238,1.62238,92100000,1
1291154220000,1291154279000,1.62244,1.62316,1.62237,1.62316,118900000,1
1291154280000,1291154339000,1.62316,1.62346,1.62291,1.62291,119500000,1
1291154340000,1291154399000,1.62291,1.62314,1.62267,1.62285,122600000,1
1291154400000,1291154459000,1.62227,1.62303,1.62227,1.62303,71100000,1
1291154460000,1291154519000,1.62298,1.62302,1.62294,1.62294,4100000,1
1291154520000,1291154579000,1.62297,1.62323,1.62259,1.62308,74600000,1
1291154580000,1291154639000,1.62313,1.6235,1.62221,1.62299,147800000,1
1291154640000,1291154699000,1.62299,1.62334,1.62299,1.62334,66300000,1
1291154700000,1291154759000,1.62334,1.62334,1.62327,1.62327,31700000,1
1291154760000,1291154819000,1.62327,1.62334,1.62267,1.62334,66900000,1
1291154820000,1291154879000,1.62334,1.62404,1.62266,1.62298,142800000,1
1291154880000,1291154939000,1.62331,1.62389,1.62326,1.62383,77200000,1
1291154940000,1291154999000,1.62376,1.62396,1.62308,1.62312,77400000,1
1291155000000,1291155059000,1.62308,1.62355,1.62308,1.62334,190300000,1
1291155060000,1291155119000,1.62334,1.62348,1.62273,1.62348,148200000,1
1291155120000,1291155179000,1.62365,1.62375,1.62311,1.62367,156000000,1
1291155180000,1291155239000,1.62358,1.62395,1.62339,1.62348,202100000,1
1291155240000,1291155299000,1.62348,1.6239,1.62337,1.62375,70000000,1
1291155300000,1291155359000,1.62368,1.62368,1.62356,1.62365,79800000,1
1291155360000,1291155419000,1.62347,1.62355,1.62337,1.62342,114900000,1
1291155420000,1291155479000,1.62342,1.62369,1.62342,1.62363,104100000,1
1291155480000,1291155539000,1.62363,1.62364,1.62335,1.62363,74500000,1
1291155540000,1291155599000,1.62365,1.6237,1.62348,1.62348,66700000,1
1291155600000,1291155659000,1.62348,1.62359,1.62342,1.62359,48200000,1
1291155660000,1291155719000,1.62359,1.62359,1.62335,1.62347,89300000,1
1291155720000,1291155779000,1.62347,1.62361,1.62341,1.62341,43000000,1
1291155780000,1291155839000,1.62351,1.62354,1.62318,1.62334,45700000,1
1291155840000,1291155899000,1.62334,1.62365,1.62334,1.62365,58700000,1
1291155900000,1291155959000,1.62378,1.62378,1.6234,1.62352,22300000,1
1291155960000,1291156019000,1.62353,1.62356,1.62332,1.62334,99300000,1
1291156020000,1291156079000,1.62335,1.62335,1.62335,1.62335,8100000,1
1291156080000,1291156139000,1.62335,1.6234,1.62335,1.6234,39100000,1
1291156140000,1291156199000,1.6234,1.62342,1.62323,1.62329,42600000,1
1291156200000,1291156259000,1.62329,1.62334,1.62321,1.62321,39300000,1
1291156260000,1291156319000,1.62317,1.62329,1.62314,1.62323,157500000,1
1291156320000,1291156379000,1.6232,1.62348,1.62317,1.6234,87900000,1
1291156380000,1291156439000,1.62347,1.62348,1.62343,1.62348,34300000,1
1291156440000,1291156499000,1.62348,1.62383,1.62346,1.62379,67700000,1
1291156500000,1291156559000,1.62379,1.6241,1.62372,1.62397,168400000,1
1291156560000,1291156619000,1.62397,1.62407,1.62397,1.62398,81100000,1
1291156620000,1291156679000,1.62396,1.62405,1.62383,1.62392,128100000,1
1291156680000,1291156739000,1.62392,1.6242,1.62383,1.62391,83600000,1
1291156740000,1291156799000,1.62391,1.62391,1.62349,1.62354,101900000,1
1291156800000,1291156859000,1.62354,1.62358,1.62328,1.62334,70900000,1
1291156860000,1291156919000,1.62333,1.62333,1.62273,1.62283,93000000,1
1291156920000,1291156979000,1.62286,1.62287,1.62283,1.62287,23600000,1
1291156980000,1291157039000,1.62291,1.62306,1.62282,1.62289,74600000,1
1291157040000,1291157099000,1.62289,1.62297,1.62277,1.62292,80600000,1
1291157100000,1291157159000,1.62292,1.62326,1.62292,1.62304,136800000,1
1291157160000,1291157219000,1.62312,1.62331,1.62281,1.62287,133500000,1
1291157220000,1291157279000,1.623,1.62302,1.62281,1.62282,69100000,1
1291157280000,1291157339000,1.62283,1.62283,1.62266,1.6227,49000000,1
1291157340000,1291157399000,1.6228,1.62303,1.6227,1.62303,55800000,1
1291157400000,1291157459000,1.62307,1.62324,1.62298,1.62324,66700000,1
1291157460000,1291157519000,1.62331,1.6234,1.62312,1.62312,41600000,1
1291157520000,1291157579000,1.62307,1.6233,1.62298,1.623,52000000,1
1291157580000,1291157639000,1.62293,1.62302,1.62284,1.62293,34500000,1
1291157640000,1291157699000,1.62287,1.62302,1.6227,1.62302,134000000,1
1291157700000,1291157759000,1.62302,1.62302,1.62277,1.62283,36800000,1
1291157760000,1291157819000,1.62282,1.62287,1.62277,1.62281,21100000,1
1291157820000,1291157879000,1.62282,1.62293,1.6225,1.62258,61600000,1
1291157880000,1291157939000,1.62251,1.62267,1.62213,1.6225,137600000,1
1291157940000,1291157999000,1.6225,1.62252,1.62211,1.62218,74500000,1
1291158000000,1291158059000,1.6221,1.6221,1.62167,1.62187,221000000,1
1291158060000,1291158119000,1.62192,1.62223,1.62182,1.62223,103000000,1
1291158120000,1291158179000,1.62219,1.62227,1.62172,1.62177,80800000,1
1291158180000,1291158239000,1.62183,1.62183,1.6217,1.62172,31500000,1
1291158240000,1291158299000,1.62176,1.62176,1.62142,1.62153,60900000,1
1291158300000,1291158359000,1.62157,1.62181,1.62153,1.62181,37300000,1
1291158360000,1291158419000,1.62181,1.6221,1.62177,1.62204,68800000,1
1291158420000,1291158479000,1.62207,1.62246,1.62207,1.62246,52900000,1
1291158480000,1291158539000,1.62246,1.62258,1.62246,1.62258,28200000,1
1291158540000,1291158599000,1.62255,1.6226,1.62237,1.62242,65400000,1
1291158600000,1291158659000,1.62245,1.62252,1.6222,1.62229,73100000,1
1291158660000,1291158719000,1.62236,1.62258,1.62198,1.62206,67500000,1
1291158720000,1291158779000,1.62207,1.62222,1.62207,1.62218,28300000,1
1291158780000,1291158839000,1.6222,1.62233,1.62217,1.62217,28800000,1
1291158840000,1291158899000,1.62224,1.62231,1.62206,1.62213,46500000,1
1291158900000,1291158959000,1.62221,1.62249,1.62203,1.62203,86600000,1
1291158960000,1291159019000,1.62207,1.62212,1.62205,1.62212,32900000,1
1291159020000,1291159079000,1.62207,1.62228,1.62194,1.62223,65800000,1
1291159080000,1291159139000,1.62223,1.62228,1.62204,1.6222,81900000,1
1291159140000,1291159199000,1.6222,1.62236,1.6222,1.6222,30000000,1
1291159200000,1291159259000,1.62177,1.62208,1.62177,1.62195,150800000,1
1291159260000,1291159319000,1.62224,1.62236,1.62186,1.62216,67600000,1
1291159320000,1291159379000,1.62216,1.62224,1.62199,1.62224,43000000,1
1291159380000,1291159439000,1.62228,1.62228,1.62211,1.62211,45900000,1
1291159440000,1291159499000,1.6221,1.62232,1.6221,1.62232,58500000,1
1291159500000,1291159559000,1.6223,1.6223,1.62202,1.62213,58900000,1
1291159560000,1291159619000,1.62212,1.62238,1.62189,1.62212,113800000,1
1291159620000,1291159679000,1.62217,1.62228,1.62212,1.62223,31000000,1
1291159680000,1291159739000,1.62217,1.62217,1.62202,1.62206,44500000,1
1291159740000,1291159799000,1.62194,1.62259,1.62103,1.62103,320600000,1
1291159800000,1291159859000,1.62202,1.62212,1.62168,1.62168,51800000,1
1291159860000,1291159919000,1.62143,1.62179,1.62136,1.62158,180700000,1
1291159920000,1291159979000,1.62142,1.62145,1.62137,1.62137,26800000,1
1291159980000,1291160039000,1.62137,1.62138,1.62122,1.62136,47100000,1
1291160040000,1291160099000,1.62136,1.62136,1.62125,1.62131,37000000,1
1291160100000,1291160159000,1.62126,1.62136,1.62126,1.62136,34900000,1
1291160160000,1291160219000,1.62142,1.62172,1.62126,1.62156,129500000,1
1291160220000,1291160279000,1.62163,1.62178,1.62152,1.62154,17200000,1
1291160280000,1291160339000,1.62161,1.62165,1.62152,1.62165,56600000,1
1291160340000,1291160399000,1.6216,1.6217,1.6216,1.62167,16000000,1
1291160400000,1291160459000,1.62165,1.62165,1.62155,1.62155,10900000,1
1291160460000,1291160519000,1.62155,1.62157,1.62144,1.62153,20600000,1
1291160520000,1291160579000,1.62159,1.62212,1.62159,1.62212,52500000,1
1291160580000,1291160639000,1.62212,1.62212,1.62207,1.62208,19400000,1
1291160640000,1291160699000,1.62208,1.62245,1.6219,1.62227,110700000,1
1291160700000,1291160759000,1.62227,1.62269,1.62197,1.62234,157600000,1
1291160760000,1291160819000,1.62233,1.62265,1.62225,1.62261,90000000,1
1291160820000,1291160879000,1.62262,1.62262,1.6226,1.6226,43200000,1
1291160880000,1291160939000,1.6226,1.62294,1.6226,1.62271,109400000,1
1291160940000,1291160999000,1.62271,1.6228,1.62271,1.62277,55900000,1
1291161000000,1291161059000,1.62277,1.62306,1.62262,1.62271,76600000,1
1291161060000,1291161119000,1.6228,1.62307,1.62277,1.62295,106400000,1
1291161120000,1291161179000,1.62295,1.6231,1.62277,1.62291,117400000,1
1291161180000,1291161239000,1.62297,1.62317,1.62268,1.62293,75200000,1
1291161240000,1291161299000,1.62293,1.62293,1.6222,1.6222,130800000,1
1291161300000,1291161359000,1.62206,1.62277,1.62183,1.62277,271300000,1
1291161360000,1291161419000,1.62278,1.62287,1.62233,1.62258,171900000,1
1291161420000,1291161479000,1.62258,1.62273,1.62246,1.62253,89500000,1
1291161480000,1291161539000,1.62253,1.62262,1.62219,1.62256,138700000,1
1291161540000,1291161599000,1.62256,1.62258,1.62197,1.62239,135300000,1
